NAME : synthetic_000259
TYPE : CTSP-D
DIMENSION : 100
GROUPS : 8
RELAXATION_LEVEL : 1
EDGE_WEIGHT_TYPE : EXPLICIT
EDGE_WEIGHT_FORMAT : FULL_MATRIX
EDGE_WEIGHT_SECTION
999999999 482736 660102 880832 370256 350415 698089 46223 277901 516065 642314 230320 418453 102895 335017 805423 251625 334237 404772 857489 377116 882396 671871 571116 441720 449413 324047 435848 637019 795290 366406 238698 189484 890509 636821 635997 353669 845933 266081 588575 787021 333928 989342 198203 902344 571800 597172 607621 629115 677046 175964 295387 788566 764813 468052 80132 869942 408381 383681 457118 161659 210229 409280 911638 418629 805948 335996 277660 425025 327597 385430 457061 222210 790793 307922 207746 547702 768919 579451 636531 413685 759265 525354 209529 451992 499995 386123 803159 260788 743811 718808 588345 656540 584709 725523 400047 415109 527154 580005 642017
482736 999999999 524271 893906 405752 365861 218136 443929 366942 581430 658558 697708 366102 389870 197070 546165 424705 739531 99991 885634 145895 472364 418628 784628 340660 115206 489507 275924 477627 324798 176878 407884 426480 797744 432845 231498 250111 558577 739018 175854 440811 797617 557317 643334 535429 713311 364977 541836 147990 573085 644063 352506 439921 746281 375034 538457 398829 98243 766279 318427 599369 605082 120111 846421 757336 353178 225901 252641 427821 196289 827551 246686 260970 412602 324858 389412 527628 556314 319662 155932 342640 340039 747773 273216 738990 329711 570231 832411 346988 329571 746604 128307 644222 318206 555223 793230 655865 312904 138294 167712
660102 524271 999999999 385181 844736 310594 630696 656242 382736 242871 206683 745341 245222 640435 632666 196781 414203 669274 576146 384518 432563 448603 157485 469034 824310 625239 371920 767223 48005 555418 636365 423267 755661 274927 104780 377581 356667 251641 787164 691438 301085 803762 559142 675463 387882 358552 167135 88333 541082 54527 714216 366946 305243 239911 862279 649461 597984 577832 653892 234802 646297 599096 605970 322154 595137 505078 666842 436929 237932 431658 780225 749481 541558 352122 744862 736629 149419 130027 841952 539825 256246 414319 459938 554246 526953 204206 375043 338906 734579 400993 270371 624161 172350 217135 69406 683233 446129 211801 442358 623816
880832 893906 385181 999999999 1156575 589285 1015665 895513 644472 368766 249956 866044 550234 901718 966023 502870 639924 730637 929060 32018 779688 793236 536123 396935 1159475 984046 558064 1109473 432725 934395 976994 658244 1028149 195607 489667 762673 682297 547902 897167 1066658 653760 880744 888429 806970 704578 328340 551479 352083 925186 331035 858166 639214 658031 148000 1197358 837464 969630 931421 687722 578964 797036 733097 958158 143695 611003 878764 997490 744949 502531 761656 824369 1098462 843300 711779 1058110 1020266 376441 435332 1203029 924248 571238 788647 426546 852210 530896 564216 497859 77975 1035705 777063 163946 1002836 253142 601186 389395 708359 502032 584742 825438 1006723
370256 405752 844736 1156575 999999999 567672 549992 328394 514001 792566 906644 581981 614498 288415 221913 922602 532207 704127 309364 1139234 420439 877754 784990 912352 110442 298491 620551 156849 805682 709232 231841 511478 183383 1113237 778331 635064 489053 945035 606849 385382 839456 680752 957684 565330 939475 886828 716610 826625 529478 881254 532568 517605 839084 1020020 115558 450069 777908 310085 753900 609938 531522 578790 285734 1149932 785299 750495 187447 414736 655017 413125 744786 195801 313412 816452 100065 163293 784647 914909 270977 538045 596880 745649 867157 304410 809060 642926 701629 1083090 124002 735323 993723 431865 907828 680359 894910 770105 755904 647716 543941 490456
350415 365861 310594 589285 567672 999999999 558374 345709 72517 232482 339364 467973 69003 332829 381833 460443 118034 439313 364171 572954 222949 590930 333982 418768 573129 424015 135044 527319 286699 577483 397038 119762 453187 557120 290942 380982 115925 504903 512115 537837 469787 545829 706397 398696 584847 352495 262788 267774 465163 332419 427486 56678 472262 452792 610646 348048 645172 367290 447491 125640 361903 330704 390412 587654 417973 561025 411434 156877 87546 185931 545551 521614 254261 489122 468880 439037 218216 419327 636703 469009 71108 489190 382318 263813 383904 165918 207201 516876 448161 472354 427320 493339 340448 266159 375193 477349 296301 202623 374643 522561
698089 218136 630696 1015665 549992 558374 999999999 657617 573231 749392 802755 915636 540761 601943 385054 581621 633793 955308 296529 1013340 354915 394444 488326 970774 454734 267762 689886 394945 582977 179290 356350 618583 619397 885528 526920 255583 447829 572881 956709 170583 435391 1015738 438810 861448 490299 887666 464248 673895 95342 684646 861839 556351 432584 869019 478006 756101 235757 293231 979709 478438 817484 821964 300341 941513 965947 241178 403538 466941 603639 408821 1045124 356211 477714 384616 494119 580601 678115 617839 350475 93817 518221 287421 937735 489224 940848 472598 765543 964464 528588 287928 885490 120320 780556 414768 639390 1007311 854431 441298 195710 60645
46223 443929 656242 895513 328394 345709 657617 999999999 274090 527999 653027 276340 411865 57619 290107 792960 258101 378046 362766 873291 345936 855794 657239 600229 396546 405645 337500 389701 630228 760224 321569 242290 151332 895270 625795 606931 334043 831392 311443 544351 765951 379917 960753 243748 880554 593565 582242 609087 591192 676729 222099 289302 767282 774713 423583 124931 834977 366310 426127 444126 205969 250396 365918 919304 457481 773653 290145 253723 425268 299164 431551 410848 185720 766636 262560 165148 551734 760240 533262 598790 404591 730538 554436 171964 486208 486553 406131 818298 215950 715435 732362 546283 664747 566231 719974 443529 443200 510977 546556 600805
277901 366942 382736 644472 514001 72517 573231 274090 999999999 278569 395341 405278 140977 264582 345046 531365 62747 394520 345429 626008 221247 646814 402328 431211 530317 405817 126086 490082 359195 613032 364742 54527 387763 624384 361912 423132 128540 574700 449672 530616 532307 488702 760722 337363 648042 381660 329466 336160 483610 402795 361921 21602 534517 513014 566960 277769 683535 348915 410725 188933 298234 274782 368518 652216 392717 603677 371253 124334 152484 172253 496170 489258 203769 547129 417346 376670 282057 491620 609502 488542 138973 537931 390439 210498 372264 231328 210979 569903 391800 521256 480871 495041 400919 327054 447664 439573 291201 264677 401485 531326
516065 581430 242871 368766 792566 232482 749392 527999 278569 999999999 126724 540391 215327 532952 614185 439472 271267 439986 593394 348566 446962 667723 367470 239233 804609 652321 192058 759747 258707 724798 629461 289479 659430 386379 305414 525974 340832 494088 578527 756983 523271 582910 783017 473667 622580 139931 329679 155253 654058 221895 519984 276084 527042 249541 841890 480536 781439 596317 417593 271154 453811 395880 620618 399030 354544 689297 643327 388768 154464 416603 549255 753914 481108 564819 695585 652223 97012 371985 867621 655896 238790 602967 221693 488699 284262 280103 151856 292691 670240 587103 204918 704343 146949 365559 307541 446027 206465 316954 554530 723889
642314 658558 206683 249956 906644 339364 802755 653027 395341 126724 999999999 661199 303170 655370 717591 391358 395243 549240 685236 234191 535911 655286 360474 280194 910612 741859 318536 861822 243234 750303 729678 412474 781086 264672 301182 560447 435259 446054 697753 833774 507764 696315 765417 595987 591376 169973 348114 132660 708802 161679 643671 389454 511918 122817 948397 607147 798222 687798 519292 340156 578298 518658 713835 272878 449150 704923 748597 495327 252867 514230 655213 852307 593346 558125 808156 771810 131304 317615 960265 709205 325089 614796 283199 602310 371285 333473 273982 178425 785983 600463 89347 774442 38483 393754 252527 545688 309776 361631 607648 785629
230320 697708 745341 866044 581981 467973 915636 276340 405278 540391 661199 999999999 534084 333133 564369 920568 349957 161393 628360 837735 574618 1051202 800760 492215 665025 676454 373435 664315 736000 995198 595590 351187 399356 925455 753088 818545 519903 968377 44415 816194 936952 103616 1164033 70184 1052411 537735 730680 672846 839808 745740 54770 426830 939273 780098 688105 160278 1068761 632079 219188 592492 107177 146591 635682 931565 285265 996363 566300 463122 513152 520513 163452 686848 438945 952282 533047 426767 606220 869558 808171 846605 539063 937984 451443 428701 351725 633757 388601 789448 484636 921599 718060 810832 686764 732014 814663 220507 364049 669127 777932 861963
418453 366102 245222 550234 614498 69003 540761 411865 140977 215327 303170 534084 999999999 395291 415985 391545 185134 495518 382844 536822 234166 533484 266711 430326 609705 440458 181966 559265 218694 539504 426864 188461 512124 500906 222080 339470 132183 436459 578003 541690 406935 608800 649872 464378 521030 349176 197396 212352 445715 271722 494943 123140 409634 408246 647686 416988 603849 385527 498365 70865 428745 394187 411117 535538 461171 516319 447917 199884 63031 211438 603877 549149 303483 430285 514642 495100 173797 350660 658006 448412 23466 439276 398963 314894 417437 104130 236828 481403 498560 422466 392509 489535 297465 206971 308109 528575 327543 143880 349131 511420
102895 389870 640435 901718 288415 332829 601943 57619 264582 532952 655370 333133 395291 999999999 232496 766125 262086 427510 306308 881025 300408 812873 628493 626930 346996 348207 347434 335761 611029 708983 263953 243474 126975 888893 601523 562076 302741 801988 368850 486772 729315 436749 915580 297167 842788 610546 553616 600177 537623 665132 278643 276349 730401 775315 376110 178220 783739 309802 473065 419177 257413 295451 308662 916478 498712 725046 233181 219045 416954 257607 486339 355312 136583 726570 213164 127707 546525 738030 478744 545367 385033 685663 581395 121801 520656 460552 422884 825396 169223 670968 737836 489623 663845 533532 701730 492165 469822 481441 497335 544655
335017 197070 632666 966023 221913 381833 385054 290107 345046 614185 717591 564369 415985 232496 999999999 701089 383036 642446 97193 951767 201666 666368 564023 772885 193888 119433 467436 145678 591345 518911 31504 362104 234869 905149 560245 418306 284556 723122 601086 255027 619107 667849 754178 522681 721639 726390 496981 623955 338100 672838 509639 341489 618896 824000 231953 406043 591826 99273 680994 399498 480388 505381 84976 945688 691434 550185 34876 225604 465426 205211 712799 145469 151397 598833 130534 196424 589703 695573 269543 346578 395699 533856 730280 153105 694208 428753 552910 895991 150053 522221 806599 266820 713446 459253 678987 703864 624273 429693 331400 325145
805423 546165 196781 502870 922602 460443 581621 792960 531365 439472 391358 920568 391545 766125 701089 999999999 575659 857935 623808 513184 503729 290683 139365 663719 879598 659737 550398 816841 188178 457513 695986 579991 867819 329536 169512 335772 463886 55146 963716 687135 159149 986791 387594 850398 205428 552535 213076 285054 508187 230370 884430 511948 163140 380776 915984 808490 478793 624335 846215 348882 817318 776478 652309 390730 789950 393611 735880 548403 407752 523360 969017 791178 647168 218708 826390 842233 344597 74311 860674 503917 392701 309540 656307 661709 723207 306422 565797 481028 827066 302507 434922 613093 353604 242646 138873 875920 640990 285526 426556 593974
251625 424705 414203 639924 532207 118034 633793 258101 62747 271267 395243 349957 185134 262086 383036 575659 999999999 331859 395188 618968 279981 705700 451617 390267 560254 455046 88383 525436 396524 675771 405762 21208 388912 639015 406561 485309 191140 621431 394129 584137 587368 429491 820306 280803 702633 354646 380812 356678 545055 427077 309823 83174 589771 516657 595690 235469 746192 398813 348279 242841 243913 214610 416193 661468 332803 665937 405873 175079 176407 228532 434223 528485 234106 604948 439557 384041 296082 530532 651401 550153 189108 599054 347292 237173 317987 283820 171733 563396 408298 582323 476169 552203 406708 382970 481676 376997 242062 319713 464047 590503
334237 739531 669274 730637 704127 439313 955308 378046 394520 439986 549240 161393 495518 427510 642446 857935 331859 999999999 687864 700844 601195 1028745 753066 342631 773985 742742 314868 762038 669764 1007438 671884 342584 521740 812478 698271 816702 522222 909588 177115 880996 900895 150214 1144825 141804 1013191 405238 690081 587844 870516 658923 187233 414979 903797 661141 801610 254165 1078047 691672 57920 562972 172634 137400 701452 810702 127371 997378 652274 488398 457429 546742 111098 778452 498673 925784 639905 541979 521553 798479 903565 876227 507151 928225 305898 492563 201880 599639 294428 656302 593915 911408 593250 862416 579839 702354 737969 66183 239569 638943 794303 907238
404772 99991 576146 929060 309364 364171 296529 362766 345429 593394 685236 628360 382844 306308 97193 623808 395188 687864 999999999 917623 149460 571069 490082 775779 255847 60442 471515 194050 531929 422344 77942 375794 329275 850997 494270 325748 252660 641555 667747 193270 530976 730561 657290 579555 630120 716540 428132 579598 242229 620732 573812 336023 530461 783530 292561 468091 495647 3808 720571 351171 535941 550854 29827 895598 721092 453004 126228 221403 439581 178381 767898 173366 191061 507098 225239 291525 554402 625399 275164 250615 360370 438562 735691 199969 713086 373131 556138 862774 247231 427458 774525 183589 676162 385908 615801 745722 635715 366228 236027 238472
857489 885634 384518 32018 1139234 572954 1013340 873291 626008 348566 234191 837735 536822 881025 951767 513184 618968 700844 917623 999999999 768163 802568 538247 365774 1144794 973374 535832 1095872 431395 937364 963617 637682 1007717 217173 489298 761835 669003 559944 868326 1059348 661169 850852 900129 779392 716585 300089 549254 344450 921920 330014 830873 621630 665455 144638 1182567 812465 974774 920079 657323 568965 770385 706085 946497 169576 580507 883237 982780 729304 486924 748147 793742 1085861 826335 718507 1041239 1000780 363463 443781 1192211 921277 558348 792765 396148 834841 500604 556427 473118 56145 1017719 780695 145643 996747 241893 598574 394411 677648 473947 578853 821624 1002510
377116 145895 432563 779688 420439 222949 354915 345936 221247 446962 535911 574618 234166 300408 201666 503729 279981 601195 149460 768163 999999999 512797 365199 640998 391771 206303 343700 335175 390285 421311 203803 264012 376097 706438 358672 261681 107421 529810 617604 314964 438515 670880 615341 515217 548693 574211 296177 430950 269580 474810 522889 206613 439049 634436 429721 419819 495443 151936 624794 202837 471632 469611 178472 749185 612775 428853 236384 113524 292549 54850 693985 320019 164355 429448 322965 345761 404981 494579 424353 275569 211396 385297 603263 179539 593119 228359 425006 713333 324234 370560 625166 274180 526731 261086 477404 652432 510075 228060 204253 310524
882396 472364 448603 793236 877754 590930 394444 855794 646814 667723 655286 1051202 533484 812873 666368 290683 705700 1028745 571069 802568 512797 999999999 300776 905944 804244 581086 715274 739314 415677 222896 648825 701313 882371 618131 363003 252524 534169 251237 1095608 547443 147531 1135116 116898 984028 109893 799150 345341 529550 361900 496700 1005307 625214 143397 666310 835048 910979 210661 569782 1031188 465972 944030 920301 592446 679677 989078 154579 697218 604798 578095 556662 1136223 704793 677150 104318 796165 848435 571950 358869 733818 354171 521745 132530 888925 692333 935161 429412 759220 767681 813860 144603 713128 475745 620451 326514 413456 1061458 846242 389809 335096 432638
671871 418628 157485 536123 784990 333982 488326 657239 402328 367470 360474 800760 266711 628493 564023 139365 451617 753066 490082 538247 365199 300776 999999999 605223 745750 529700 439114 683983 117320 399237 560344 453446 728658 397356 62231 232795 325802 174190 844623 571412 155939 873544 415576 730978 261455 498491 75015 230744 404257 210914 761393 381961 159646 394437 782636 680024 440500 490878 748190 215070 695418 659842 519134 453254 699427 347630 598883 410081 295674 383999 863315 660158 508003 199468 688129 702887 271285 137905 737220 401621 263695 256855 589047 522608 640431 172103 469686 494859 687962 243695 427832 499578 328261 104804 151236 778399 553105 147072 311871 489650
571116 784628 469034 396935 912352 418768 970774 600229 431211 239233 280194 492215 430326 626930 772885 663719 390267 342631 775779 365774 640998 905944 605223 999999999 949272 836219 305939 915702 492875 960301 794570 411391 749652 514206 542997 760186 534612 718864 516947 955862 760459 490570 1020609 443603 855862 111465 568781 381618 875901 434461 496832 439762 764325 360313 984013 507431 1018905 779177 294524 496052 446356 380610 799556 497763 217572 927275 796140 555474 367867 598976 429177 918185 624327 803523 824737 754608 334003 591813 1040022 878704 452612 841714 45803 626859 141214 512602 220425 327859 788968 825724 285290 911947 318413 603295 525893 312927 157253 551423 779300 939046
441720 340660 824310 1159475 110442 573129 454734 396546 530317 804609 910612 665025 609705 346996 193888 879598 560254 773985 255847 1144794 391771 804244 745750 949272 999999999 225972 647613 65128 781897 621888 188048 539047 269053 1097777 747617 571836 478439 896345 693815 285775 781436 766558 876219 639913 874616 911359 682445 817758 446594 865688 613059 529404 780572 1017831 38102 521441 687484 255265 820058 592463 602456 642359 227343 1139117 843235 668732 162017 416252 657989 399096 825369 100433 327401 752249 134084 238396 783320 880443 161119 454949 589558 674049 905222 323130 857781 620105 731984 1088909 181071 665399 999421 340770 907119 641352 868066 838974 795917 617973 477074 397052
449413 115206 625239 984046 298491 424015 267762 405645 405817 652321 741859 676454 440458 348207 119433 659737 455046 742742 60442 973374 206303 581086 529700 836219 225972 999999999 531900 161005 579943 413072 89248 435471 351975 900080 539096 345890 311502 673412 714638 139849 555862 779398 659195 630501 648814 776486 471870 633306 232002 671474 621711 396462 554917 837787 259909 516627 483808 57059 776970 405170 587261 605428 41339 946264 779425 452086 135786 281703 498190 238478 819839 131700 244146 526328 228950 313076 610727 666683 218994 240603 417692 449788 796119 251253 772784 424230 616567 918843 261022 440489 831021 148224 731595 427167 661369 801613 695908 413799 251164 207326
324047 489507 371920 558064 620551 135044 689886 337500 126086 192058 318536 373435 181966 347434 467436 550398 88383 314868 471515 535832 343700 715274 439114 305939 647613 531900 999999999 611165 363819 712330 488686 109325 474396 572178 386195 514958 242322 600147 415474 655863 586028 436522 831762 303547 698503 266279 375214 301908 597773 374641 343498 137399 588936 441245 683323 291087 779515 475000 316460 251401 275602 227394 494468 589449 283089 694327 491677 250317 143830 297229 424474 612538 320599 611813 527862 471209 236446 496693 734087 601972 196066 619947 264540 324521 250980 285879 85553 480797 496615 603104 395215 617814 334729 388802 441230 346646 166376 325844 509112 651220
435848 275924 767223 1109473 156849 527319 394945 389701 490082 759747 861822 664315 559265 335761 145678 816841 525436 762038 194050 1095872 335175 739314 683983 915702 65128 161005 611165 999999999 723955 559131 132620 504315 280771 1041508 687875 506894 427180 832636 696210 228661 716733 767310 812285 632787 809512 871670 622040 764505 382528 809984 610856 487040 715828 966284 99380 513733 625802 193132 805131 537497 593127 627367 164850 1084251 822650 604722 119566 371275 610277 347827 821251 39018 291436 687183 135766 245080 733038 819450 143871 390937 538315 608983 872509 289858 831407 563196 696406 1040243 184059 600285 950990 278766 856508 579933 809009 825819 764992 559014 412014 336208
637019 477627 48005 432725 805682 286699 582977 630228 359195 258707 243234 736000 218694 611029 591345 188178 396524 669764 531929 431395 390285 415677 117320 492875 781897 579943 363819 723955 999999999 511162 593849 403468 723210 320379 59092 330440 320111 240554 778668 643916 268706 799585 528738 665841 363990 384349 119155 113941 493141 101692 702029 341827 272702 286766 819766 631753 556026 533500 658458 197318 634402 590839 561750 369136 603646 462832 625768 402369 223202 392782 780850 705286 506503 316085 706098 702583 161768 134158 795943 491931 226181 372331 479783 519700 539286 162871 377905 384757 697783 358421 313110 576352 211703 169141 91046 688262 455039 166148 394353 575813
795290 324798 555418 934395 709232 577483 179290 760224 613032 724798 750303 995198 539504 708983 518911 457513 675771 1007438 422344 937364 421311 222896 399237 960301 621888 413072 712330 559131 511162 999999999 494712 665036 751084 781367 452070 200633 485315 435962 1038482 345224 299492 1089680 259778 934049 326943 864410 402800 617644 181480 609563 943966 592912 295794 793674 648359 841125 74765 419938 1022336 469332 890928 882549 435919 840920 995408 69691 544199 532108 597906 474830 1106809 521608 574506 241213 641098 713701 639272 508857 528810 172897 520435 148483 933801 588378 956636 447946 776127 893947 668587 158031 824229 281333 721682 360559 545562 1051664 866915 408883 217289 228144
366406 176878 636365 976994 231841 397038 356350 321569 364742 629461 729678 595590 426864 263953 31504 695986 405762 671884 77942 963617 203803 648825 560344 794570 188048 89248 488686 132620 593849 494712 999999999 385057 263050 910121 560050 403557 294713 715796 632455 223574 607759 699032 733805 553321 707834 744866 495419 631974 313357 678247 540846 359675 607342 833668 225943 437021 566975 79058 709648 405344 510854 534658 58797 952186 718490 528528 49565 242710 478748 215470 743396 124889 177468 584826 148095 224259 600588 693806 245653 321906 405779 516348 752483 180682 719243 432162 574240 908070 174324 505348 818916 237328 723977 455610 680162 732871 647633 430119 313872 296131
238698 407884 423267 658244 511478 119762 618583 242290 54527 289479 412474 351187 188461 243474 362104 579991 21208 342584 375794 637682 264012 701313 453446 411391 539047 435471 109325 504315 403468 665036 385057 999999999 370037 653309 410541 476777 179721 624665 395551 565516 585925 434188 815249 282995 701534 375481 381470 368953 530792 438441 308737 76112 588198 533329 574497 228749 736092 379444 361773 241793 244296 220488 396365 677068 349519 657156 384756 156759 186582 211601 442703 507568 212949 601478 418539 364274 309866 537073 630663 536091 189818 592234 368319 215964 337317 283682 192938 581984 387624 575582 494367 534954 422754 380850 489980 390030 262600 318118 451849 574303
189484 426480 755661 1028149 183383 453187 619397 151332 387763 659430 781086 399356 512124 126975 234869 867819 388912 521740 329275 1007717 376097 882371 728658 749652 269053 351975 474396 280771 723210 751084 263050 370037 999999999 1010305 708058 629989 405970 899566 425928 478155 814553 499324 977561 382206 924520 736931 654881 720893 571501 783687 349336 397559 815125 900303 289427 268317 824731 331920 572571 527388 349398 399623 319837 1039804 607749 777700 216920 321758 539109 345671 561747 311156 220656 804298 145105 39026 669568 845960 421859 579876 499452 751257 703927 206148 637508 566759 549129 952015 98093 737984 864220 500198 788455 628765 814256 587848 592409 582516 552523 559165
890509 797744 274927 195607 1113237 557120 885528 895270 624384 386379 264672 925455 500906 888893 905149 329536 639015 812478 850997 217173 706438 618131 397356 514206 1097777 900080 572178 1041508 320379 781367 910121 653309 1010305 999999999 366822 630115 624354 367542 962343 961712 487518 960413 705650 859596 522260 416278 434510 289505 801204 232398 906347 612995 491642 154556 1135822 863264 807531 852711 779741 505666 840150 781965 880816 61618 707046 720301 938943 700123 471941 701801 916753 1024293 804269 547026 1013173 995268 343536 272575 1116319 798788 516962 632988 530038 815800 627139 478351 537271 212221 999203 623657 228950 892255 239437 483593 247149 804907 572970 486369 706401 886182
636821 432845 104780 489667 778331 290942 526920 625795 361912 305414 301182 753088 222080 601523 560245 169512 406561 698271 494270 489298 358672 363003 62231 542997 747617 539096 386195 687875 59092 452070 560050 410541 708058 366822 999999999 273012 302089 215298 796549 594892 217857 822363 477735 683004 320504 436338 67947 169961 438450 159296 715852 342637 221631 344689 785156 638983 497325 495528 691218 182364 649026 610156 523930 418879 640538 404077 595019 386464 242406 368689 808965 666987 488384 261397 679695 684831 209087 138147 752403 436840 223451 313721 527060 502361 580045 141416 411528 443366 675151 299623 372194 525670 270450 116800 122436 721332 493392 130666 341092 522135
635997 231498 377581 762673 635064 380982 255583 606931 423132 525974 560447 818545 339470 562076 418306 335772 485309 816702 325748 761835 261681 252524 232795 760186 571836 345890 514958 506894 330440 200633 403557 476777 629989 630115 273012 999999999 299329 337654 862627 352324 211161 908527 353828 754103 304454 665853 213804 428623 173475 431959 769774 402176 209895 617205 605597 671023 264739 324980 828123 269003 712185 696932 349945 685931 797828 180676 450535 360386 397331 308439 919299 476016 425805 181443 548805 596371 443421 364438 530459 170013 321038 123647 733244 440893 756888 247598 576285 714651 563593 108954 639178 277815 534785 166695 383807 857821 667014 209138 95944 259462
353669 250111 356667 682297 489053 115925 447829 334043 128540 340832 435259 519903 132183 302741 284556 463886 191140 522222 252660 669003 107421 534169 325802 534612 478439 311502 242322 427180 320111 485315 294713 179721 405970 624354 302089 299329 999999999 499265 564135 422015 433353 609206 645175 454860 548740 466818 251021 339888 356624 392219 472227 109680 434909 539510 516491 376838 556523 255538 539262 122799 413204 398380 280266 662592 519445 478858 317099 84610 186935 79444 621949 417068 186824 438991 389006 383319 305876 440028 527415 361233 111215 418098 497691 200491 493268 160838 320761 613557 377998 401752 524575 377895 429344 232190 410828 568101 407894 178731 272945 409096
845933 558577 251641 547902 945035 504903 572881 831392 574700 494088 446054 968377 436459 801988 723122 55146 621431 909588 641555 559944 529810 251237 174190 718864 896345 673412 600147 832636 240554 435962 715796 624665 899566 367542 215298 337654 499265 999999999 1011805 689688 138333 1036659 340528 898282 156704 607671 249154 339962 505984 285349 930987 554721 141568 430998 932012 852422 449435 641768 899010 388890 864268 825182 669252 429155 843642 369160 757659 583178 456767 553950 1020607 805104 679206 194820 850531 872472 398802 128486 867625 500926 435728 291173 711358 694030 777546 345964 618446 530227 854044 286940 487485 614943 408166 270831 193751 928815 694777 320728 431969 590740
266081 739018 787164 897167 606849 512115 956709 311443 449672 578527 697753 44415 578003 368850 601086 963716 394129 177115 667747 868326 617604 1095608 844623 516947 693815 714638 415474 696210 778668 1038482 632455 395551 425928 962343 796549 862627 564135 1011805 999999999 854150 981249 74316 1208400 113649 1096672 568988 774757 713554 881894 786393 95053 471228 983582 815489 715354 200608 1112165 671439 232771 636760 151590 188093 674115 966772 304317 1040227 601458 506537 556093 563681 149047 720111 479348 996692 563319 455510 646781 912015 840031 888776 583217 982230 477854 468639 375748 677948 426697 821168 514619 965861 751938 850704 724319 776357 856538 228297 396229 713432 821195 902501
588575 175854 691438 1066658 385382 537837 170583 544351 530616 756983 833774 816194 541690 486772 255027 687135 584137 880996 193270 1059348 314964 547443 571412 955862 285775 139849 655863 228661 643916 345224 223574 565516 478155 961712 594892 352324 422015 689688 854150 999999999 558747 919204 604410 770267 633078 887796 527259 714999 188540 742086 761439 518577 556788 918742 307686 656447 405960 189468 913793 493855 726962 743870 180968 1012806 913037 400275 263063 409063 603061 358636 959457 189647 383072 516896 341663 439236 703069 708604 186375 195358 518244 426046 917684 390742 901838 502923 738773 1006631 382065 421632 921474 74922 818508 478158 715870 938992 821773 482622 261015 117197
787021 440811 301085 653760 839456 469787 435391 765951 532307 523271 507764 936952 406935 729315 619107 159149 587368 900895 530976 661169 438515 147531 155939 760459 781436 555862 586028 716733 268706 299492 607759 585925 814553 487518 217857 211161 433353 138333 981249 558747 999999999 1015270 260201 868133 115923 652814 210834 382408 372314 349615 894209 510939 4292 522374 815771 805811 320032 530650 899143 344537 830210 800270 556897 548293 852919 234588 652703 512316 444733 472737 1010159 686653 598374 59597 749084 784090 426821 218744 740113 366715 398824 153089 744911 613626 795561 304037 622771 623991 758456 148629 566714 483827 473044 205347 268485 929424 707666 267830 307106 455849
333928 797617 803762 880744 680752 545829 1015738 379917 488702 582910 696315 103616 608800 436749 667849 986791 429491 150214 730561 850852 670880 1135116 873544 490570 766558 779398 436522 767310 799585 1089680 699032 434188 499324 960413 822363 908527 609206 1036659 74316 919204 1015270 999999999 1249386 155717 1129789 555367 806165 725794 938088 797988 158233 510257 1017836 810035 788674 262784 1162649 734300 196579 671457 199266 215133 738514 960095 273120 1087788 669914 558151 580024 616301 81951 790239 540422 1034400 635321 528163 658926 931227 911181 944684 616549 1025922 455334 530652 350917 711249 433161 806513 586744 1009342 742927 912488 725642 811942 873056 183489 387774 748446 872780 962843
989342 557317 559142 888429 957684 706397 438810 960753 760722 783017 765417 1164033 649872 915580 754178 387594 820306 1144825 657290 900129 615341 116898 415576 1020609 876219 659195 831762 812285 528738 259778 733805 815249 977561 705650 477735 353828 645175 340528 1208400 604410 260201 1249386 999999999 1097443 183912 912985 462183 642189 429763 605088 1117272 739150 256301 768079 904399 1021285 212742 655551 1147839 581868 1056937 1034883 675806 767142 1105975 207584 783092 712576 694968 662030 1251916 775811 779112 221195 881899 942268 686818 459773 788571 421348 637684 230221 1004493 794105 1051886 545887 876114 868594 903657 245531 819048 537991 729685 442964 518605 1178100 963052 506059 425123 487213
198203 643334 675463 806970 565330 398696 861448 243748 337363 473667 595987 70184 464378 297167 522681 850398 280803 141804 579555 779392 515217 984028 730978 443603 639913 630501 303547 632787 665841 934049 553321 282995 382206 859596 683004 754103 454860 898282 113649 770267 868133 155717 1097443 999999999 983436 479504 661227 603664 782803 676569 53238 358960 870509 716018 665890 119063 1007116 583329 196876 523596 43965 77912 589302 867518 249874 932885 528287 402435 442970 460606 190133 652230 388591 884469 506116 404606 537178 799439 775910 789327 469804 872478 400764 379801 306248 564589 322327 729773 458931 855990 655864 760103 620435 663465 744753 207751 305866 600381 717092 809342
902344 535429 387882 704578 939475 584847 490299 880554 648042 622580 591376 1052411 521030 842788 721639 205428 702633 1013191 630120 716585 548693 109893 261455 855862 874616 648814 698503 809512 363990 326943 707834 701534 924520 522260 320504 304454 548740 156704 1096672 633078 115923 1129789 183912 983436 999999999 746056 323861 474323 444641 429775 1009962 626710 114026 586125 907463 921728 320435 629399 1009488 459920 945775 914961 654369 583826 960711 257303 754376 626830 555966 585504 1122966 777207 710494 123024 852149 892994 525571 278930 818445 437720 513780 207063 843766 725781 900442 418939 731115 686065 864478 212070 639729 559198 554523 321214 340492 1039718 813878 383425 397682 522126
571800 713311 358552 328340 886828 352495 887666 593565 381660 139931 169973 537735 349176 610546 726390 552535 354646 405238 716540 300089 574211 799150 498491 111465 911359 776486 266279 871670 384349 864410 744866 375481 736931 416278 436338 665853 466818 607671 568988 887796 652814 555367 912985 479504 746056 999999999 466922 271824 792334 323034 531271 385212 656754 261897 947618 519399 920230 719695 366782 409269 472037 407074 742384 407711 292141 827765 752911 502193 286349 538171 504427 869724 584004 697646 793815 736109 228865 480432 987661 794412 372458 740578 114797 589088 211588 419936 187845 252212 762881 724937 189962 838272 207823 504585 414520 390454 173860 456877 693374 860382
597172 364977 167135 551479 716610 262788 464248 582242 329466 329679 348114 730680 197396 553616 496981 213076 380812 690081 428132 549254 296177 345341 75015 568781 682445 471870 375214 622040 119155 402800 495419 381470 654881 434510 67947 213804 251021 249154 774757 527259 210834 806165 462183 661227 323861 466922 999999999 215638 374006 220581 690058 308774 213792 404814 719803 606766 454350 429269 688682 141046 624688 591576 457675 485889 644178 361412 531840 335435 234245 311271 799472 600383 434269 241027 618770 629773 238673 198598 684583 372862 191828 273657 547947 448740 589949 98223 414104 501222 616660 258066 425450 458505 321265 50021 190247 718973 500911 72451 275294 456719
607621 541836 88333 352083 826625 267774 673895 609087 336160 155253 132660 672846 212352 600177 623955 285054 356678 587844 579598 344450 430950 529550 230744 381618 817758 633306 301908 764505 113941 617644 631974 368953 720893 289505 169961 428623 339888 339962 713554 714999 382408 725794 642189 603664 474323 271824 215638 999999999 580836 72905 645244 323912 386437 204735 855851 588473 666023 581783 569724 228431 577414 526264 609032 323309 509019 572718 656870 412205 183890 418856 698376 750927 515754 429934 726678 705806 66922 216738 852236 580782 229897 482841 371666 526943 439513 212198 293634 292617 710861 468305 211607 652405 106686 262028 152474 598723 360250 235016 479884 659722
629115 147990 541082 925186 529478 465163 95342 591192 483610 654058 708802 839808 445715 537623 338100 508187 545055 870516 242229 921920 269580 361900 404257 875901 446594 232002 597773 382528 493141 181480 313357 530792 571501 801204 438450 173475 356624 505984 881894 188540 372314 938088 429763 782803 444641 792334 374006 580836 999999999 594545 786842 465944 370130 777966 475538 681854 253747 239630 892554 383098 738966 739151 254588 855843 875936 222194 362798 383007 508528 324343 963395 346258 406914 328630 459631 533712 583378 537700 373915 8603 423290 237709 843253 419754 848510 377680 672108 872307 487433 233094 792285 114648 687380 324108 554159 920647 761453 347172 101154 85994
677046 573085 54527 331035 881254 332419 684646 676729 402795 221895 161679 745740 271722 665132 672838 230370 427077 658923 620732 330014 474810 496700 210914 434461 865688 671474 374641 809984 101692 609563 678247 438441 783687 232398 159296 431959 392219 285349 786393 742086 349615 797988 605088 676569 429775 323034 220581 72905 594545 999999999 718058 389060 353842 185394 903756 660112 651186 622593 639073 273341 650206 599161 650496 274897 576332 558470 706577 469279 252059 469424 769140 793722 573798 402551 781196 766756 139623 157474 889216 593443 286214 467679 429797 585778 504462 247612 365249 284513 768297 454608 218041 675751 124832 270438 91652 667726 428332 260222 495342 676808
175964 644063 714216 858166 532568 427486 861839 222099 361921 519984 643671 54770 494943 278643 509639 884430 309823 187233 573812 830873 522889 1005307 761393 496832 613059 621711 343498 610856 702029 943966 540846 308737 349336 906347 715852 769774 472227 930987 95053 761439 894209 158233 1117272 53238 1009962 531271 690058 645244 786842 718058 999999999 383270 896394 764511 636992 105886 1017777 577525 244249 550495 67945 125608 580960 915909 301403 946653 511823 412318 478854 469138 212605 632865 384733 907476 480457 375240 579287 836083 754657 793729 498247 890127 453926 374294 359375 592405 369691 780776 432272 873865 705686 756446 666933 688907 783217 251601 357957 626582 726685 807860
295387 352506 366946 639214 517605 56678 556351 289302 21602 276084 389454 426830 123140 276349 341489 511948 83174 414979 336023 621630 206613 625214 381961 439762 529404 396462 137399 487040 341827 592912 359675 76112 397559 612995 342637 402176 109680 554721 471228 518577 510939 510257 739150 358960 626710 385212 308774 323912 465944 389060 383270 999999999 513127 505390 566429 298079 663118 339416 430062 167991 319762 296214 360131 642449 409992 582784 369030 117146 141602 160024 517208 484517 205109 525543 419860 384574 272331 473548 603261 470693 119251 516557 400021 213219 386624 210568 220570 565485 396529 499869 476132 480791 393050 305645 430974 459104 303689 243421 382311 515602
788566 439921 305243 658031 839084 472262 432584 767282 534517 527042 511918 939273 409634 730401 618896 163140 589771 903797 530461 665455 439049 143397 159646 764325 780572 554917 588936 715828 272702 295794 607342 588198 815125 491642 221631 209895 434909 141568 983582 556788 4292 1017836 256301 870509 114026 656754 213792 386437 370130 353842 896394 513127 999999999 526665 814819 807739 315929 530104 902242 346931 832492 802808 556266 552439 856219 230699 652427 513608 447806 473667 1012993 685600 599218 55569 748946 784532 430638 222993 738411 364466 401337 149680 748665 614477 799043 306587 626058 628282 758590 145525 570970 481875 477232 207490 272774 932526 711081 270151 305825 453480
764813 746281 239911 148000 1020020 452792 869019 774713 513014 249541 122817 780098 408246 775315 824000 380776 516657 661141 783530 144638 634436 666310 394437 360313 1017831 837787 441245 966284 286766 793674 833668 533329 900303 154556 344689 617205 539510 430998 815489 918742 522374 810035 768079 716018 586125 261897 404814 204735 777966 185394 764511 505390 526665 999999999 1055844 729895 832671 785796 626666 432648 699726 639139 812820 151510 553288 740633 856140 606013 365256 618945 764007 954013 706777 578579 920734 889570 235495 308428 1056764 777189 428312 649969 375485 716593 473114 416574 395130 101639 900949 637544 75377 854839 112377 454274 253982 651361 422288 436742 677944 859099
468052 375034 862279 1197358 115558 610646 478006 423583 566960 841890 948397 688105 647686 376110 231953 915984 595690 801610 292561 1182567 429721 835048 782636 984013 38102 259909 683323 99380 819766 648359 225943 574497 289427 1135822 785156 605597 516491 932012 715354 307686 815771 788674 904399 665890 907463 947618 719803 855851 475538 903756 636992 566429 814819 1055844 999999999 548100 712384 291836 848770 630546 629462 671459 263716 1177215 874002 697232 199868 453778 695707 437164 849582 130429 363634 785421 163297 261828 821263 917638 161880 483771 627591 705630 939758 358828 890474 658073 767404 1126658 207728 697426 1037154 367075 945074 678366 905762 866964 830044 655659 510384 421725
80132 538457 649461 837464 450069 348048 756101 124931 277769 480536 607147 160278 416988 178220 406043 808490 235469 254165 468091 812465 419819 910979 680024 507431 521441 516627 291087 513733 631753 841125 437021 228749 268317 863264 638983 671023 376838 852422 200608 656447 805811 262784 1021285 119063 921728 519399 606766 588473 681854 660112 105886 298079 807739 729895 548100 999999999 915239 471813 304254 465794 81545 134300 475729 879461 342599 846087 410191 311259 411530 366796 308225 533469 278851 815297 387485 287829 525051 765591 656922 688838 416709 792670 462058 268442 381806 508543 339615 759490 340676 776649 678274 650590 625395 600812 717122 320056 354587 540034 624022 701991
