NAME : synthetic_000025
TYPE : CTSP-D
DIMENSION : 100
GROUPS : 8
RELAXATION_LEVEL : 1
EDGE_WEIGHT_TYPE : EXPLICIT
EDGE_WEIGHT_FORMAT : FULL_MATRIX
EDGE_WEIGHT_SECTION
999999999 323651 432287 549825 277608 186597 166521 153423 154332 652602 657707 173796 387733 627276 258708 75076 725312 391622 681954 631103 793880 353114 293918 134982 656489 274122 839010 593689 302949 614442 697028 220238 869182 349037 709023 236007 269626 702276 372618 493128 508900 823246 628734 169637 729162 255429 220914 493365 78242 390367 248161 232877 569457 596807 119962 614621 677018 549295 886866 648629 682945 331139 497012 871864 229541 282615 209997 200658 372134 473287 432266 416223 508100 595244 525322 648568 586678 382210 747035 438804 584159 358104 744791 375563 315907 348121 414124 258101 383636 179822 444167 404847 833995 747074 408181 460664 485346 932522 718124 564182
323651 999999999 348111 347572 198762 422210 309812 470258 402709 432350 425877 241855 707995 368291 207530 392458 673069 580222 616859 355148 553291 590764 464183 401168 332932 586772 567373 279542 623993 346038 500612 259888 648776 170225 741357 110439 586138 798566 240795 498435 291909 581919 701779 166301 602878 298469 393345 173781 401581 303343 114737 338702 258923 395869 292756 308211 696524 553147 635742 411853 623861 164184 257566 596188 553097 600842 519695 509870 52335 327343 355130 214124 302054 443032 411150 440855 351118 60380 752934 595461 511671 374110 444437 518118 142937 147273 285454 560596 217926 220384 122281 580860 636645 669993 277599 572447 165038 655809 400003 313531
432287 348111 999999999 179637 514186 611860 540691 568564 371989 270167 759772 492224 767645 302948 188570 500666 328642 385774 274776 667394 410269 449973 305241 565101 514255 570149 489569 405035 687939 310176 842807 212071 461094 178611 400289 401264 581361 482414 107477 166797 636857 437177 380774 314092 297651 183169 291809 374161 489211 48057 418469 229025 378128 740114 498299 587177 353535 213423 505298 286434 280134 504137 599088 524730 595346 679432 628271 506566 379713 80641 691443 162490 166283 170015 93386 254350 243277 347690 406026 362377 168675 120507 468631 299914 206473 202639 628511 679287 563081 259083 366028 372597 413834 333959 75802 303565 442102 580660 510328 646472
549825 347572 179637 999999999 543774 710985 618511 698767 526379 103219 695907 557981 915620 126011 291959 623826 383134 565400 325817 587069 246539 627461 481096 672193 381292 731241 313083 270341 832780 139201 789332 344531 320463 208711 516101 438929 740208 626654 179033 321505 598581 275473 525841 396252 268914 333828 456459 284872 618361 189721 451077 388067 248544 695110 584606 491437 467766 349876 341491 108937 336731 510678 556027 348203 743121 819851 757705 662270 354954 99882 700580 142554 46205 114482 142833 99964 65782 316536 500882 540619 241904 298504 294219 479540 246413 219843 627395 807187 558985 370665 302484 552143 294413 360938 150634 477872 369488 405878 352862 587811
277608 198762 514186 543774 999999999 279721 163971 381092 415913 630947 381488 110065 607466 565643 335861 318029 842577 640325 788921 369884 751172 620482 528018 282597 472489 546666 759260 452885 530269 542208 420265 356383 847471 349338 882569 112923 539118 913475 412910 641490 233945 779578 824831 221779 790559 403566 448945 346579 338798 466331 96203 420355 438039 319212 178997 380026 841617 699388 831747 610548 794279 70296 229048 786328 483260 501351 413908 476532 212192 511205 182600 405256 497763 632812 590446 638796 549870 246294 904546 673961 682751 503295 624702 600221 313678 330700 140716 442067 107435 298097 295903 648156 834891 846732 453282 672783 293690 844789 559806 295434
186597 422210 611860 710985 279721 999999999 117879 148222 322196 811365 636856 184598 336132 771407 429042 143923 911621 552555 867547 645503 948098 493781 468794 55202 740440 340659 979893 701273 267453 754083 649200 401708 1031214 502959 892679 312671 325710 876349 540431 679719 499170 977542 808553 314740 909509 440178 401873 594346 169949 567596 313458 419433 681132 563155 130795 659512 862031 735783 1037893 801849 868837 349731 503479 1010776 251270 235841 151492 294743 458533 644424 359182 570629 666634 769133 703721 810932 738816 481882 932439 607233 768400 544238 866143 551251 466062 495697 376423 166646 377835 353250 541936 569328 1002148 932366 578880 638591 560274 1071216 818769 567329
166521 309812 540691 618511 163971 117879 999999999 224478 320852 715983 534073 68300 444160 668215 352387 174964 856267 558089 808005 532999 848717 517258 457935 120273 623073 404752 873762 587136 368592 649068 557452 341250 936397 410079 860685 199384 394070 864337 456953 632778 391196 878013 786582 228403 835622 385595 382049 479784 200481 493913 197984 379487 567997 464374 48644 542565 825395 690695 936197 703091 810858 233233 391370 903700 330134 338890 251366 342476 343073 561729 276634 476162 572982 687518 629013 718120 640128 368461 893607 604102 704812 492490 754166 538425 372191 399271 275918 278097 266542 285024 427317 570991 912483 870929 497164 621350 442810 963788 702912 456711
153423 470258 568564 698767 381092 148222 224478 999999999 219726 801909 758034 271584 237795 780028 406821 78982 837544 427341 799718 749929 944174 357756 361759 108168 802532 192443 991824 744737 154465 767634 781154 359424 1016280 501362 792744 372488 177816 758448 520140 601502 613504 973437 700438 322703 860777 385859 309622 642564 80483 530347 380619 348735 721078 688853 202397 746932 767432 653569 1037807 799651 798962 445860 610009 1024846 106580 130673 59727 151717 516057 617513 495787 568033 658243 736005 661863 796436 738182 530020 838924 487317 708476 478233 897880 441865 468933 501256 500392 110750 487465 328353 592200 446641 977764 865685 553508 530184 627263 1085473 868355 676526
154332 402709 371989 526379 415913 322196 320852 219726 999999999 628144 786367 321472 395756 627211 251431 179052 619106 237391 583241 743854 771835 204572 146870 266995 720887 206438 835280 639327 317261 621346 835105 186864 831823 357984 575640 346200 214060 554329 351099 383084 637544 800205 487456 237686 652973 193112 90676 552117 155297 341760 362915 142979 612321 731926 273942 710061 548657 434178 867226 633685 581811 458503 619095 869859 224010 311730 275819 135978 454995 434017 581838 415806 492264 541991 462849 617754 576649 452666 620027 286794 496298 267655 768553 229219 336447 367461 556120 326155 516811 190815 510008 251266 785794 649248 375761 317004 566880 929249 764692 685002
652602 432350 270167 103219 630947 811365 715983 801909 628144 999999999 740432 653743 1018538 101352 395087 726767 388455 652365 336045 624892 143756 719988 575329 773721 388897 832183 221134 287086 935837 130020 837641 447478 220421 308413 547711 530638 841627 673420 282243 387691 658871 172450 576023 496808 241600 435163 555867 335661 721522 288378 541218 488456 273407 749709 683798 522934 500830 403646 239083 39828 348570 591505 615315 256090 845946 923044 860787 764117 431086 195843 778279 240790 145038 136957 206447 27624 82452 392802 520612 621522 279004 390668 246969 566009 345432 316863 702679 910171 634754 473704 365765 637298 205041 352987 252674 553531 422483 310743 333805 638134
657707 425877 759772 695907 381488 636856 534073 758034 786367 740432 999999999 490792 972970 643205 632890 698937 1068154 994024 1010232 121787 806069 988728 877868 653894 387003 928153 760212 459739 901279 613552 100507 680031 912939 583766 1159546 441911 920442 1223993 654033 919148 149146 827594 1126346 560315 964217 721866 801730 411108 720218 719474 424213 756466 468338 80242 558597 226951 1113204 971468 854461 705050 1019293 328401 170772 773172 862422 870677 783664 857650 383667 718257 294507 603182 660141 809024 803478 760649 664252 412564 1164495 1016159 910505 799648 596851 939115 564564 559323 260437 803436 274315 631492 399475 997594 931271 1053838 684585 997612 327146 817576 486839 113481
173796 241855 492224 557981 110065 184598 68300 271584 321472 653743 490792 999999999 501126 602768 304041 208188 813968 554234 763712 478411 784499 524656 446985 176874 555864 437769 807060 518838 422298 582963 524533 303805 873952 350801 831347 131434 429678 846334 402462 597108 343874 813696 763564 178377 783534 350306 368453 411486 229644 444599 129697 353610 499765 426108 69191 480681 793706 655431 870981 639393 767400 174630 338508 836693 373209 394142 307140 369106 274827 506610 260366 415431 512085 632140 577704 657058 576619 300250 860203 594339 659016 456200 686055 524269 312811 338144 240980 338945 217350 244966 359018 564627 852378 825254 443201 603085 375758 896651 634799 405194
387733 707995 767645 915620 607466 336132 444160 237795 395756 1018538 972970 501126 999999999 1006240 627233 315763 993357 517368 964833 977109 1162149 424265 502173 324929 1040323 218792 1217564 981309 84909 996019 983083 571091 1226403 727956 909556 609618 200869 838148 737042 762367 833986 1190985 805915 557060 1045287 586777 480772 879957 309946 735790 616931 538712 957185 899117 433195 981030 894954 806076 1257039 1020392 961559 675265 835529 1251314 172809 107805 193988 263886 753804 827101 692088 792635 878066 937660 858564 1010059 960616 767655 965248 583538 886046 661394 1131393 566801 698029 730576 712533 169813 710514 551657 829829 540812 1181478 1030099 766190 647676 864675 1311636 1105427 900690
627276 368291 302948 126011 565643 771407 668215 780028 627211 101352 643205 602768 1006240 999999999 379814 702348 482476 687407 427852 526183 185797 745094 597805 738951 287637 833633 211802 186521 921992 29656 741377 440755 286372 278846 631592 474077 840802 748649 276982 447092 569079 213962 648648 462173 341826 439213 565300 246083 700863 305347 481857 495382 174881 656378 641197 423226 583720 473021 268265 62796 439914 519034 525326 245134 835622 906057 837272 761545 357287 222308 700520 213686 140500 217203 266368 126332 60285 320490 610021 665186 357599 418929 168352 602150 311458 279524 623343 884824 556598 454617 283217 675108 290536 450521 260045 603591 331697 305616 238012 543546
258708 207530 188570 291959 335861 429042 352387 406821 251431 395087 632890 304041 627233 379814 999999999 332121 511277 380951 460034 560796 537555 406558 267683 385673 483053 456984 590548 392887 543436 371719 704209 67068 610549 106639 548677 224703 462802 593892 113912 306199 494951 566759 499281 125688 483646 93204 207956 316023 326446 141528 243439 142198 365216 598534 310925 502897 506611 363806 631596 393853 464097 338722 463370 624517 455969 529073 465754 383158 254507 215860 517395 166305 251824 340098 276964 390090 333454 236573 568756 390149 355022 171365 517133 313001 90278 118328 461688 515346 400966 78926 282742 378914 575853 521228 150335 364932 351704 684670 517035 520949
75076 392458 500666 623826 318029 143923 174964 78982 179052 726767 698937 208188 315763 702348 332121 999999999 783015 408966 742186 682897 868397 353993 325917 88962 725160 230974 914085 665963 231543 689484 729394 289179 942605 424035 752916 297407 221819 732652 445945 548179 551969 897735 666380 243802 795915 320085 262288 564198 27338 460373 306891 289481 642197 633143 140840 674474 724055 602591 961584 723344 742351 379102 544936 946936 167241 209321 134931 167717 439109 545336 451580 491113 582508 665926 594019 722211 661516 451956 795023 463313 647270 418245 818934 408263 390982 423185 445980 183442 425443 253233 514120 425484 906105 807837 480623 496020 551122 1007596 789782 611984
725312 673069 328642 383134 842577 911621 856267 837544 619106 388455 1068154 813968 993357 482476 511277 783015 999999999 496179 58000 965016 452939 590078 491677 860081 762450 776095 563358 652576 924870 506653 1156973 515328 423879 502987 188066 729671 792891 337309 433503 236081 955774 464180 266441 636059 165692 472849 528477 661624 765123 376304 747032 493833 631572 1057311 810836 872792 154335 187378 518785 427326 49297 832029 915809 591807 832581 925342 894751 733823 699148 351058 1020023 467634 411327 270035 265357 360898 434388 664003 140427 436132 161413 367421 634480 429325 533923 525826 956190 945247 890022 571411 668706 473101 350895 55899 395504 359618 741765 626368 720246 956682
391622 580222 385774 565400 640325 552555 558089 427341 237391 652365 994024 554234 517368 687407 380951 408966 496179 999999999 480215 934996 786568 95470 116406 497886 857464 300148 873340 758487 462410 691854 1052578 320856 818023 472492 392390 554131 319655 332670 429644 291375 848013 811315 288739 433953 586846 288198 192934 694011 382609 384190 572765 241690 730304 947376 510807 883192 380540 316845 879224 671662 473802 672979 823503 908385 379428 472139 471959 284559 630667 465906 813533 506282 547833 531056 450011 633301 628407 616614 449570 66170 428638 268740 850014 86360 468858 491548 780887 515739 734419 363216 663495 23757 757374 541097 432242 136818 732400 962648 876551 886342
681954 616859 274776 325817 788921 867547 808005 799718 583241 336045 1010232 763712 964833 427852 460034 742186 58000 480215 999999999 907021 410992 571812 462878 816933 705870 749474 520331 595668 893795 451330 1099235 468274 393100 447024 221032 676005 765447 363594 378162 202502 898444 424751 281036 585422 130987 427472 492678 603640 725467 322745 693096 452781 574350 999791 763314 814940 179166 163611 482938 374287 12983 776685 858319 550183 800795 892547 857744 702923 642081 293533 965330 410197 353409 213454 207827 308421 378344 606706 185209 424028 106189 324194 582881 407235 478684 469589 900654 908597 834182 523006 610804 457955 321295 66015 339553 346032 683786 588220 665853 898839
631103 355148 667394 587069 369884 645503 532999 749929 743854 624892 121787 478411 977109 526183 560796 682897 965016 934996 907021 999999999 685470 940524 818748 652406 265224 905214 638425 340960 900124 496557 222282 615027 792291 496985 1067386 399430 900062 1141743 564830 831005 154624 706581 1042114 508436 853491 652996 746143 303477 700923 630440 384588 693725 351595 167621 547561 105526 1020147 880732 732736 588544 916690 304180 142026 651516 849886 871222 783753 831167 306299 618630 343136 506674 554150 701236 702552 646166 550914 327786 1067820 950316 810256 720295 475070 872990 483482 472861 284386 810501 267681 572906 301475 935975 812391 947402 591596 924075 225652 696430 365438 81908
793880 553291 410269 246539 751172 948098 848717 944174 771835 143756 806069 784499 1162149 185797 537555 868397 452939 786568 410992 685470 999999999 858162 715157 912429 426141 975579 110762 348409 1079308 211207 906057 591059 106875 446697 631885 657479 985198 770002 425425 509801 746169 29464 678381 634763 287769 578801 698718 427135 863907 431445 666098 631779 345714 827899 819085 580037 588437 515119 95484 146267 423952 704746 702524 139201 989611 1066184 1002795 907813 543038 338749 885000 378798 285945 256575 336564 155955 209282 506285 592892 751062 384950 530223 229955 700410 482606 452428 807429 1051833 741233 615821 467594 770164 141217 405349 396430 679515 510183 181505 342360 713790
353114 590764 449973 627461 620482 493781 517258 357756 204572 719988 988728 524656 424265 745094 406558 353993 590078 95470 571812 940524 858162 999999999 147429 440928 889591 209621 939410 796732 373534 746362 1039413 340859 896688 507375 486890 547064 229759 417259 475647 377642 840346 884038 382022 432198 673874 319425 199654 722368 326699 439832 564531 264937 768694 935887 472579 898532 475956 408207 952237 735724 565969 661809 820138 974582 295713 386001 395935 207665 642758 527684 784721 550696 604595 605775 523440 702974 687809 634208 544768 160808 513781 329541 902628 166559 496820 523388 760664 436155 720849 370480 686457 119214 838727 633781 485490 231688 750507 1030618 918635 885246
293918 464183 305241 481096 528018 468794 457935 361759 146870 575329 877868 446985 502173 597805 267683 325917 491677 116406 462878 818748 715157 147429 999999999 413615 748424 286923 793687 652689 433414 598933 937481 205535 759145 364004 430986 438758 302591 408775 328722 260650 732213 741660 340701 318146 550416 176519 79148 582964 301981 292699 457551 126392 624552 832072 409616 768292 406670 304300 809868 589687 459415 558073 707277 828857 341764 435274 414463 242578 514891 381560 704041 404262 457322 466290 383711 559395 540781 501850 478234 147355 389334 184940 755297 82466 356973 381528 668129 462995 619899 246824 550343 120591 704522 527980 338081 170161 617963 885482 773393 769973
134982 401168 565101 672193 282597 55202 120273 108168 266995 773721 653894 176874 324929 738951 385673 88962 860081 497886 816933 652406 912429 440928 413615 999999999 727278 297724 949123 680515 248344 723114 673990 353621 992643 465837 838116 294851 284487 821162 498555 627179 511468 941892 753489 277717 862554 390242 347166 574854 115403 521898 298964 366879 658958 583173 111104 657549 807892 682840 1003560 766244 817891 350415 511090 980763 214711 218875 131361 245690 441759 601532 387702 533755 628689 725261 657654 771903 703425 461506 878459 552170 718948 493020 841708 496068 429888 460626 394750 162567 386640 308205 522899 514444 961030 882051 536001 583457 548347 1041394 800821 576734
656489 332932 514255 381292 472489 740440 623073 802532 720887 388897 387003 555864 1040323 287637 483053 725160 762450 857464 705870 265224 426141 889591 748424 727278 999999999 915004 373246 111596 956603 259903 487472 549259 532212 385021 894715 432772 915804 994515 433619 679579 362242 445278 892629 493990 629014 571936 690776 168817 734494 491763 428492 624841 136716 422451 616440 161110 846297 719031 468005 349648 717173 405081 322932 386590 885775 932883 850347 838018 286693 445194 538574 358686 362910 492472 518070 413836 328496 274558 882070 854402 622242 602623 209849 780728 392778 366904 462479 889057 410425 530249 213282 851765 559164 734873 444185 809066 180304 433221 103094 310600
274122 586772 570149 731241 546666 340659 404752 192443 206438 832183 928153 437769 218792 833633 456984 230974 776095 300148 749474 905214 975579 209621 286923 297724 915004 999999999 1041326 839629 164113 827702 960362 393218 1031214 563154 691527 508852 20543 626785 557296 547509 780212 1003619 588854 421570 835681 397424 278342 747375 208134 544217 521870 343808 813231 863663 371618 886401 676230 589138 1071060 839124 745655 604168 770355 1075983 97631 179003 209013 77014 637742 636907 680989 622092 698181 738861 657596 820557 782727 641805 746640 366215 675069 456890 973865 348289 539521 571222 676879 239140 653961 390976 701940 323311 981539 814264 580683 428945 751486 1135208 965339 837565
839010 567373 489569 313083 759260 979893 873762 991824 835280 221134 760212 807060 1217564 211802 590548 914085 563358 873340 520331 638425 110762 939410 793687 949123 373246 1041326 999999999 320995 1133453 226022 860699 649873 186011 490625 740841 676426 1049299 876903 484200 606042 719709 106640 783521 673224 398425 644539 768813 417453 912656 502780 682109 699769 327386 791818 849240 533707 696717 616502 97234 204168 533311 705385 677041 35174 1046514 1117770 1048998 970459 547125 412157 875013 424973 343164 351765 426797 242084 258632 513593 703089 842468 487441 609879 163469 786997 523125 491051 796638 1096395 733597 666116 464916 858413 242295 516095 461808 773645 492095 94137 276567 678023
593689 279542 405035 270341 452885 701273 587136 744737 639327 287086 459739 518838 981309 186521 392887 665963 652576 758487 595668 340960 348409 796732 652689 680515 111596 839629 320995 999999999 896607 157205 559052 459943 455078 289371 783119 388622 842370 883814 330210 569395 400631 371752 781951 425321 523625 477338 600237 107524 671784 385271 389220 532145 28185 479534 572262 237056 734701 607902 407491 249296 606800 392791 357435 342944 819835 875283 796529 763222 244776 334284 554877 253873 251358 382569 406475 310328 220291 219462 770813 751531 510792 498381 172490 679370 303816 274580 476517 838891 414999 449285 159908 751361 471608 626660 336962 703054 171568 398233 125721 365389
302949 623993 687939 832780 530269 267453 368592 154465 317261 935837 901279 422298 84909 921992 543436 231543 924870 462410 893795 900124 1079308 373534 433414 248344 956603 164113 1133453 896607 999999999 911500 916597 488409 1145156 643515 851550 526946 143808 790787 653953 691439 759753 1108241 750477 472185 969621 505973 404739 795570 225070 654726 534903 459616 872401 829159 353598 900513 833784 737557 1174020 936976 891162 596907 759144 1167107 93530 32287 117615 191069 670303 745461 626582 708481 794687 857836 779625 927911 876889 683485 904810 528109 811599 584585 1046493 503114 613330 645873 641282 110202 634955 467376 745641 485166 1101567 959466 683866 587166 781706 1227488 1020857 824988
614442 346038 310176 139201 542208 754083 649068 767634 621346 130020 613552 582963 996019 29656 371719 689484 506653 691854 451330 496557 211207 746362 598933 723114 259903 827702 226022 157205 911500 999999999 711752 434493 313632 268132 651691 453281 834198 765523 273737 460181 540233 238644 664902 447614 369113 436119 562788 217753 689059 307992 460266 492625 145225 627008 623524 393709 603591 488962 289757 92166 463184 493934 496474 257879 826324 894721 824276 754674 332434 230025 673907 205671 144368 238981 281855 154097 75245 296268 632168 672322 377142 423129 158552 607308 298761 266382 596474 871217 530083 444617 256456 680435 319800 476247 261019 612935 302901 318574 215975 514065
697028 500612 842807 789332 420265 649200 557452 781154 835105 837641 100507 524533 983083 741377 704209 729394 1156973 1052578 1099235 222282 906057 1039413 937481 673990 487472 960362 860699 559052 916597 711752 999999999 746015 1012932 664901 1240679 498758 950757 1297967 735899 998495 209277 927791 1202080 619729 1058163 789895 859650 505473 752745 800675 479930 819917 566697 105951 588856 327424 1195097 1052308 954965 802855 1107873 379620 243950 873498 887357 885041 799780 893459 463346 806064 291032 689899 752045 901472 891683 857217 760354 495420 1248722 1079459 997870 873906 697320 1003167 642514 640576 283723 813528 318852 693941 489347 1057993 1030258 1144861 768531 1066484 419861 917484 587009 201540
220238 259888 212071 344531 356383 401708 341250 359424 186864 447478 680031 303805 571091 440755 67068 289179 515328 320856 468274 615027 591059 340859 205535 353621 549259 393218 649873 459943 488409 434493 746015 999999999 658119 172985 529135 252183 400054 558331 166306 293352 537753 619915 468465 134626 509050 47355 141537 381580 279254 171262 271553 79211 432282 640067 295508 562757 490381 351652 685980 449968 470535 371481 509368 684245 398626 476358 419086 320815 309885 258488 538828 228947 307771 376945 305221 439677 391452 296358 556433 336471 367185 152433 582409 259242 156828 185395 490379 469733 434390 59370 346126 320981 618347 532234 195615 321049 412565 743969 584085 569890
869182 648776 461094 320463 847471 1031214 936397 1016280 831823 220421 912939 873952 1226403 286372 610549 942605 423879 818023 393100 792291 106875 896688 759145 992643 532212 1031214 186011 455078 1145156 313632 1012932 658119 999999999 528350 610741 749766 1042426 756504 496668 530244 851776 87713 672479 716494 262170 639638 752874 531106 935802 490613 759655 689297 451649 934448 904069 686835 571690 523673 104342 236925 405432 804042 808073 199831 1053634 1134290 1075614 967137 642329 399841 986838 460979 364599 293207 375599 220810 298352 604851 563255 775480 395512 576560 331701 733433 565607 537272 909714 1125596 842897 689475 569588 799542 73090 370545 462870 700167 615177 214039 445711 820400
349037 170225 178611 208711 349338 502959 410079 501362 357984 308413 583766 350801 727956 278846 106639 424035 502987 472492 447024 496985 446697 507375 364004 465837 385021 563154 490625 289371 643515 268132 664901 172985 528350 999999999 576118 238687 568505 644784 71174 335523 458344 476154 545195 188447 441260 188050 311390 223015 422037 135870 253476 242828 261369 561751 375936 425649 530248 387848 538589 300662 453823 330212 420997 523923 558246 627241 558945 488775 201555 161881 520160 67920 163766 284507 242882 308595 238142 171319 584479 472156 341575 226507 410725 397087 37997 24443 453796 607029 387158 176496 200327 467275 502404 501367 107496 433991 275286 584454 412184 470288
709023 741357 400289 516101 882569 892679 860685 792744 575640 547711 1159546 831347 909556 631592 548677 752916 188066 392390 221032 1067386 631885 486890 430986 838116 894715 691527 740841 783119 851550 651691 1240679 529135 610741 576118 999999999 773042 710560 150858 505537 243453 1032978 645758 107808 662522 349588 481929 491001 770374 730543 440252 791952 481214 758872 1136805 812515 984482 48420 188371 703254 583867 208123 886870 996735 771038 764370 858316 844923 665823 777494 453637 1064988 560963 531982 414833 376649 520413 576562 747021 65469 326309 274614 379282 793733 352130 598588 600532 1010301 892685 948578 588502 765911 368826 537993 243496 475983 265099 841843 809149 867587 1046123
236007 110439 401264 438929 112923 312671 199384 372488 346200 530638 441911 131434 609618 474077 224703 297407 729671 554131 676005 399430 657479 547064 438758 294851 432772 508852 676426 388622 526946 453281 498758 252183 749766 238687 773042 999999999 505341 810384 300501 530892 294332 686466 719209 121178 679686 298432 361237 281701 310801 353410 19372 322438 368860 393318 184652 378660 731284 588492 742282 513632 681357 120044 273158 705732 463078 501853 418056 433532 146939 400142 292817 297874 392724 523106 478235 536206 451462 169359 793285 581151 569840 394294 554799 505341 202149 221589 238664 456298 182755 196719 229329 559241 732461 733970 341061 572667 255163 765563 506739 338813
269626 586138 581361 740208 539118 325710 394070 177816 214060 841627 920442 429678 200869 840802 462802 221819 792891 319655 765447 900062 985198 229759 302591 284487 915804 20543 1049299 842370 143808 834198 950757 400054 1042426 568505 710560 505341 999999999 646993 565100 563225 772966 1013398 608261 421865 849926 406492 289866 748723 200373 554175 517785 353822 816222 854957 362650 883594 694711 605744 1080650 847704 761838 597956 764184 1083844 78952 158467 190755 79746 636681 646779 669658 628528 706320 750563 669672 830549 790670 641973 765272 385639 689608 469494 978982 365942 543815 575761 667613 219396 646534 394836 702563 342705 993654 830433 589574 447461 750455 1143287 968085 831380
702276 798566 482414 626654 913475 876349 864337 758448 554329 673420 1223993 846334 838148 748649 593892 732652 337309 332670 363594 1141743 770002 417259 408775 821162 994515 626785 876903 883814 790787 765523 1297967 558331 756504 644784 150858 810384 646993 999999999 578217 315676 1088690 785971 101888 692161 494351 511978 482378 855840 707553 513299 829743 494323 857819 1192382 815733 1067333 184903 277092 845916 706963 351129 929057 1056043 908408 711070 802762 804466 617204 840761 549541 1095058 644148 634227 536945 483822 646977 690602 814752 212113 271146 394431 424457 915069 326726 660014 668882 1048707 848391 991913 615584 843239 312143 684298 393121 556479 243387 919105 949663 979023 1110955
372618 240795 107477 179033 412910 540431 456953 520140 351099 282243 654033 402462 737042 276982 113912 445945 433503 429644 378162 564830 425425 475647 328722 498555 433619 557296 484200 330210 653953 273737 735899 166306 496668 71174 505537 300501 565100 578217 999999999 266242 529513 454450 477794 228914 381563 162462 289053 280380 439678 65676 316717 218904 302124 632887 418496 489383 459428 317453 520068 283663 384500 398571 492043 518760 564776 640823 579269 486314 272594 104816 587334 76684 141506 230583 177803 276351 225577 241485 513309 421425 272233 169013 427611 349291 100525 95352 522687 629047 456662 192830 265038 421585 462485 434224 40918 376134 340988 578207 446907 540594
493128 498435 166797 321505 641490 679719 632778 601502 383084 387691 919148 597108 762367 447092 306199 548179 236081 291375 202502 831005 509801 377642 260650 627179 679579 547509 606042 569395 691439 460181 998495 293352 530244 335523 243453 530892 563225 315676 266242 999999999 790281 532162 213980 423668 296264 247479 292429 540735 529640 200584 549633 260330 543015 894199 585793 753200 200435 58351 598834 415095 199754 643681 754676 640208 598569 690677 658673 500493 535953 235968 823461 328953 322423 254460 182572 364440 387160 506840 263690 245263 137302 140919 615442 211088 355989 359951 767359 709195 705239 352198 530483 271325 467312 268036 241460 170477 606593 690215 669265 805670
508900 291909 636857 598581 233945 499170 391196 613504 637544 658871 149146 343874 833986 569079 494951 551969 955774 848013 898444 154624 746169 840346 732213 511468 362242 780212 719709 400631 759753 540233 209277 537753 851776 458344 1032978 294332 772966 1088690 529513 790281 999999999 770862 992913 414089 866634 581137 655280 323621 572601 593669 276214 612658 400510 103972 412404 214323 987810 844658 808065 627465 906505 179289 43759 738711 716765 729812 642367 709108 257409 604973 190770 488271 558211 707472 690641 675502 578142 291773 1042821 872498 795378 664680 561618 795839 434403 434221 130021 665511 126529 486931 296275 852406 859301 946960 563567 857706 237385 790050 464832 72717
823246 581919 437177 275473 779578 977542 878013 973437 800205 172450 827594 813696 1190985 213962 566759 897735 464180 811315 424751 706581 29464 884038 741660 941892 445278 1003619 106640 371752 1108241 238644 927791 619915 87713 476154 645758 686466 1013398 785971 454450 532162 770862 999999999 695878 664227 298490 607120 726451 453325 893148 459405 694939 659815 370393 851199 848493 601060 603238 535209 68222 175725 437639 732527 727296 129408 1018395 1095257 1032096 936181 570912 366712 911905 408253 315247 280457 361441 183281 238727 534363 604543 774612 404857 556793 244027 725300 512070 481880 834183 1081175 768259 645086 494680 794562 135855 414822 425047 702300 535581 163698 358001 736988
628734 701779 380774 525841 824831 808553 786582 700438 487456 576023 1126346 763564 805915 648648 499281 666380 266441 288739 281036 1042114 678381 382022 340701 753489 892629 588854 783521 781951 750477 664902 1202080 468465 672479 545195 107808 719209 608261 101888 477794 213980 992913 695878 999999999 603052 411402 421391 407942 754511 642672 412582 738494 409954 755935 1096796 737981 966449 115066 175968 757788 608585 269497 836732 959331 815758 665209 758786 750459 567698 742741 447691 1007181 542750 532563 439131 383050 550013 590174 715795 171324 222640 297461 328345 815695 258937 561824 569425 957873 796988 899397 526909 742800 265559 601522 321554 455130 170618 818782 859214 877813 1013088
169637 166301 314092 396252 221779 314740 228403 322703 237686 496808 560315 178377 557060 462173 125688 243802 636059 433953 585422 508436 634763 432198 318146 277717 493990 421570 673224 425321 472185 447614 619729 134626 716494 188447 662522 121178 421865 692161 228914 423668 414089 664227 603052 999999999 607422 181879 241419 327652 247116 266682 140314 201496 400568 514133 189784 472474 622704 481955 725879 488549 589243 241168 390125 705480 394616 452252 377744 344563 218239 333727 404203 256298 351952 459462 400952 496206 425710 220239 687358 459977 480640 283682 575205 384198 152175 183059 357025 423845 303723 76608 280718 438464 688145 646878 268884 452736 331310 766179 550386 454090
729162 602878 297651 268914 790559 909509 835622 860777 652973 241600 964217 783534 1045287 341826 483646 795915 165692 586846 130987 853491 287769 673874 550416 862554 629014 835681 398425 523625 969621 369113 1058163 509050 262170 441260 349588 679686 849926 494351 381563 296264 866634 298490 411402 607422 999999999 475906 564966 553143 782761 342599 694732 513220 506441 963895 794554 755033 309599 274962 353861 281420 143263 766927 824380 426345 876101 964635 920178 781402 618013 279544 957912 388754 308486 160309 206684 215539 304149 580228 306083 536215 161188 385333 480546 507315 477551 460214 887657 971371 819505 556556 571028 566013 190329 118088 340662 458449 638302 460833 574686 856668
255429 298469 183169 333828 403566 440178 385595 385859 193112 435163 721866 350306 586777 439213 93204 320085 472849 288198 427472 652996 578801 319425 176519 390242 571936 397424 644539 477338 505973 436119 789895 47355 639638 188050 481929 298432 406492 511978 162462 247479 581137 607120 421391 181879 475906 999999999 126813 406595 307074 149046 317783 56616 449283 683963 339055 596099 443488 305642 674223 441777 429061 417202 551531 679353 414042 496611 445508 329073 346781 240967 586066 233918 301501 352322 276213 424657 386276 329754 509966 297383 328731 106896 588720 220112 180825 205031 536928 496608 480096 106631 375308 285743 595791 492189 183262 276592 444868 738230 599364 610818
220914 393345 291809 456459 448945 401873 382049 309622 90676 555867 801730 368453 480772 565300 207956 262288 528477 192934 492678 746143 698718 199654 79148 347166 690776 278342 768813 600237 404739 562788 859650 141537 752874 311390 491001 361237 289866 482378 289053 292429 655280 726451 407942 241419 564966 126813 999999999 523086 240999 267501 379838 70205 572391 754446 333491 700142 461786 343947 794174 565166 491165 480063 631445 803780 311209 400997 366316 217156 444925 360069 624962 360564 426567 460711 379869 543195 511341 434970 532827 226154 407025 180681 715483 156581 298157 325824 589154 416771 541608 173320 486803 199296 703828 558676 307066 239914 551337 862128 723571 694934
493365 173781 374161 284872 346579 594346 479784 642564 552117 335661 411108 411486 879957 246083 316023 564198 661624 694011 603640 303477 427135 722368 582964 574854 168817 747375 417453 107524 795570 217753 505473 381580 531106 223015 770374 281701 748723 855840 280380 540735 323621 453325 754511 327652 553143 406595 523086 999999999 571606 343441 281816 458193 91602 414471 465872 214153 722516 586538 497376 303846 613417 288755 279944 442459 721559 773238 693009 670469 137257 317746 459603 211783 250690 398445 400275 353357 255981 113400 767085 695171 508017 447457 278180 619967 226054 202611 381502 734326 316845 361438 52469 689662 535801 644213 299384 655341 86857 499800 226282 304347
78242 401581 489211 618361 338798 169949 200481 80483 155297 721522 720218 229644 309946 700863 326446 27338 765123 382609 725467 700923 863907 326699 301981 115403 734494 208134 912656 671784 225070 689059 752745 279254 935802 422037 730543 310801 200373 707553 439678 529640 572601 893148 642672 247116 782761 307074 240999 571606 999999999 450361 321539 272881 647420 655559 163924 689154 702561 583284 957669 719581 725252 397953 564125 945862 152410 205905 139928 142077 449587 537133 476825 488357 578010 656067 582579 715960 658289 460344 773720 437698 632144 402295 821749 384108 390316 422765 469089 190479 446192 248128 522342 399454 897511 791288 473049 472136 562463 1006438 796316 631290
390367 303343 48057 189721 466331 567596 493913 530347 341760 288378 719474 444599 735790 305347 141528 460373 376304 384190 322745 630440 431445 439832 292699 521898 491763 544217 502780 385271 654726 307992 800675 171262 490613 135870 440252 353410 554175 513299 65676 200584 593669 459405 412582 266682 342599 149046 267501 343441 450361 999999999 370729 200429 357581 697265 452120 554037 394424 252015 526927 298657 327950 457406 556738 537883 563026 644644 590056 477545 337349 92701 644053 133486 164874 205712 136180 276385 248091 306913 449604 368885 216692 116016 465883 300496 160743 160281 581844 640822 516859 214348 330270 373620 447930 381996 48878 317786 406315 595561 496963 606012
248161 114737 418469 451077 96203 313458 197984 380619 362915 541218 424213 129697 616931 481857 243439 306891 747032 572765 693096 384588 666098 564531 457551 298964 428492 521870 682109 389220 534903 460266 479930 271553 759655 253476 791952 19372 517785 829743 316717 549633 276214 694939 738494 140314 694732 317783 379838 281816 321539 370729 999999999 341681 370508 374612 187982 367714 750050 607147 749774 523088 698602 100855 256181 710883 473411 509127 424400 447059 145185 415265 274444 310957 404904 537468 494245 547585 461319 171277 811807 600236 586909 413351 557174 524512 217546 235443 219391 461173 163475 216026 229353 578076 743893 750635 357079 592023 249408 770436 505345 322273
232877 338702 229025 388067 420355 419433 379487 348735 142979 488456 756466 353610 538712 495382 142198 289481 493833 241690 452781 693725 631779 264937 126392 366879 624841 343808 699769 532145 459616 492625 819917 79211 689297 242828 481214 322438 353822 494323 218904 260330 612658 659815 409954 201496 513220 56616 70205 458193 272881 200429 341681 999999999 504179 714075 331306 641926 446652 316445 727262 496489 452870 442480 585695 734667 366671 452474 407713 277840 388983 293105 601090 290473 357068 399016 320042 476806 441872 375460 515791 259863 359747 129547 645327 183256 232233 258451 557913 458880 505152 125998 424346 242329 642816 518518 237994 252479 491578 793281 654827 647163
569457 258923 378128 248544 438039 681132 567997 721078 612321 273407 468338 499765 957185 174881 365216 642197 631572 730304 574350 351595 345714 768694 624552 658958 136716 813231 327386 28185 872401 145225 566697 432282 451649 261369 758872 368860 816222 857819 302124 543015 400510 370393 755935 400568 506441 449283 572391 91602 647420 357581 370508 504179 999999999 483585 551514 249726 710473 582346 410239 236995 585270 380214 356913 351488 794774 851490 773478 736953 227505 308483 547810 225865 226895 361921 382308 295326 202298 199544 747861 723490 487489 470418 187127 651238 276427 246888 469464 816423 406225 422585 142530 723201 463880 607213 309399 675362 166069 408416 152372 370016
596807 395869 740114 695110 319212 563155 464374 688853 731926 749709 80242 426108 899117 656378 598534 633143 1057311 947376 999791 167621 827899 935887 832072 583173 422451 863663 791818 479534 829159 627008 105951 640067 934448 561751 1136805 393318 854957 1192382 632887 894199 103972 851199 1096796 514133 963895 683963 754446 414471 655559 697265 374612 714075 483585 999999999 492307 262406 1091533 948462 883520 716535 1008092 274742 141537 807770 794243 798160 711654 795038 360416 706270 215184 589688 656134 805694 791982 767824 670450 393806 1146137 973693 897375 768521 630013 897330 538273 537545 188489 729339 215119 588120 392966 952528 946789 1047112 666433 960547 327684 855640 525088 114253
119962 292756 498299 584606 178997 130795 48644 202397 273942 683798 558597 69191 433195 641197 310925 140840 810836 510807 763314 547561 819085 472579 409616 111104 616440 371618 849240 572262 353598 623524 588856 295508 904069 375936 812515 184652 362650 815733 418496 585793 412404 848493 737981 189784 794554 339055 333491 465872 163924 452120 187982 331306 551514 492307 999999999 547881 777540 643562 908187 672952 765862 243617 407682 880033 304377 325863 239314 305332 331541 523253 315208 443090 539639 648870 587880 684524 609886 352829 845990 556011 660843 445879 735893 489924 338480 367185 305270 273603 285973 240597 413652 523317 877502 826701 458138 572717 437300 940454 691330 474320
614621 308211 587177 491437 380026 659512 542565 746932 710061 522934 226951 480681 981030 423226 502897 674474 872792 883192 814940 105526 580037 898532 768292 657549 161110 886401 533707 237056 900513 393709 327424 562757 686835 425649 984482 378660 883594 1067333 489383 753200 214323 601060 966449 472474 755033 596099 700142 214153 689154 554037 367714 641926 249726 262406 547881 999999999 936654 800135 627591 485867 825113 309825 181658 547674 841125 873526 787195 810340 255964 531806 401878 424727 461619 605919 613689 545050 451184 266581 980916 892110 721313 652073 370589 815331 418624 402577 331377 819446 293565 528074 225322 881785 707759 852365 511809 859037 151560 594016 263002 153444
