NAME : synthetic_000906
TYPE : CTSP-D
DIMENSION : 100
GROUPS : 8
RELAXATION_LEVEL : 1
EDGE_WEIGHT_TYPE : EXPLICIT
EDGE_WEIGHT_FORMAT : FULL_MATRIX
EDGE_WEIGHT_SECTION
999999999 167264 890473 204028 159756 488710 66667 693005 631244 532673 217276 739050 650518 161906 724476 559537 75550 503453 390427 485608 774699 483179 856496 566006 431695 667619 719707 261320 703491 245265 752417 308048 579594 622804 476054 645903 602566 597046 215997 423225 233146 370782 299470 344981 650491 184419 466853 144874 440222 633383 699036 256369 666243 290382 798902 301794 733495 457673 257861 608316 549289 696379 517520 350397 645564 530011 520949 972718 584188 283527 185919 283385 615171 571193 573765 333079 532205 649543 655271 163923 868634 163207 283915 342766 316029 465982 656663 643839 530769 649592 187165 635931 541896 93267 230996 459401 196913 676682 456020 654191
167264 999999999 1053858 314953 66229 644564 165601 855189 792170 675636 272585 899529 776982 263963 869121 615194 240942 655931 505064 646844 941896 597132 967895 673022 484640 824734 884089 425910 853516 405790 896163 228719 744488 787879 538127 800419 722773 752268 377114 508542 289313 471490 183639 483014 797097 266252 508861 183728 479563 731484 829238 327530 828324 239122 946117 311754 899477 573082 269414 729537 623933 857779 639829 478506 812721 608526 674543 1138483 746091 241248 116753 348937 776121 694266 740538 370451 675286 737789 791703 177013 1033877 252356 442593 486100 350846 618880 821591 743390 665935 811294 354216 771601 676303 236425 243429 619444 227644 843645 610659 820648
890473 1053858 999999999 870414 1048268 421655 892366 442833 479832 675271 966869 466743 786583 821360 658987 827635 814970 611391 831611 538557 248937 834212 948772 875968 834111 253120 172313 629160 285243 648221 671494 1160286 312471 270532 803656 289592 535215 559757 722072 932112 862285 879082 1176860 608359 344394 839746 866359 914126 1061385 934479 770699 945186 451185 1123303 645756 1058032 337819 827062 932361 527757 755382 199838 796704 634460 285891 980867 596402 117417 308624 1110337 1016423 959082 280908 530617 390963 880044 445086 984105 719390 1001487 61308 840161 612517 725915 886855 453890 236641 931027 487134 244442 706547 428967 484542 819546 932094 564927 910754 250361 456585 352887
204028 314953 870414 999999999 264498 525985 269455 578518 512727 366879 97029 615683 462101 341615 559527 732480 204492 360125 191796 375358 704235 284850 658312 364953 611761 686782 699414 294474 744065 306289 585707 302124 563372 602230 648487 675696 709464 458708 156334 220331 425415 166927 339977 446316 703274 371527 650975 348195 263550 430201 514314 84215 552041 259182 638128 189557 643584 260044 459794 713343 709147 695179 325219 467988 594816 327467 380175 932307 587144 245077 379852 107997 620928 675646 501367 525283 601809 445515 478046 162727 835881 350209 342311 184802 510008 515509 635342 440972 617192 649384 219987 714233 628915 259183 433661 345265 398524 629874 500964 572828
159756 66229 1048268 264498 999999999 648430 183752 823348 759086 630237 211149 865459 723980 291331 823422 663706 234825 616350 450722 615043 921959 541541 909710 615042 532675 827362 876878 419537 862560 404956 849867 173779 736484 779406 584260 805582 749316 714033 349097 447433 332336 413980 144689 499142 808693 300561 559915 224700 413699 671233 777305 266965 796467 177030 901526 245540 874210 518140 322843 755627 667091 855351 586371 499830 796834 545619 635609 1127840 743076 177662 177832 286905 774357 719331 718524 420645 689106 675746 742458 114441 1024661 283540 443671 443142 401240 625359 813372 683374 684562 808491 342068 790237 695395 245656 295619 586559 274508 829080 615625 797093
488710 644564 421655 525985 648430 999999999 479712 450491 426044 514166 613834 504254 667461 400979 622545 479038 414312 439248 568509 352872 400802 615245 884602 687911 443590 180255 266068 238349 219680 244348 648338 782641 155723 190946 428463 157304 258889 463355 370196 664447 441263 599487 786144 188082 177984 418265 482630 494230 767896 762776 683514 609505 433744 752913 660831 712661 414666 596970 511846 257504 413301 221853 603208 218277 267918 747593 438282 521968 121822 741887 597174 630465 142245 229921 283483 467703 106872 804885 622299 623241 415644 419399 204999 447390 472120 35009 216600 765472 152194 179064 320401 209691 160371 408144 510667 358521 489122 279785 35003 343774
66667 165601 892366 269455 183752 479712 999999999 727383 667771 584359 282499 775555 708186 109000 774019 499626 98615 549402 452957 522904 794272 545128 917458 628851 370289 659964 724099 269491 687924 244844 802326 349585 585717 629251 416949 635104 565565 639943 258972 489276 169212 435688 328441 318448 631717 124647 403863 78741 506051 697396 755200 322916 700925 338989 846587 363120 759743 519488 191236 571889 493931 694944 577209 316694 661136 596196 565849 980370 583887 334094 140425 349864 613155 535657 597672 268252 510273 714702 709213 220131 874910 104777 279861 396524 250738 453501 662600 707608 502752 648770 208253 608524 513379 72894 164519 498541 130247 690384 445586 679101
693005 855189 442833 578518 823348 450491 727383 999999999 66006 264258 670229 54637 347147 709309 218541 922258 629555 227186 462964 208492 196136 432846 509850 453736 863462 445344 337696 481053 533013 518181 234904 878628 314010 306021 861533 470550 701212 138731 478182 552775 785433 516733 918201 584205 546800 739905 906338 783371 689833 502585 327944 629737 26891 833282 224752 740015 106194 434024 853173 698087 860186 390981 384938 624024 215275 573692 206902 442059 369687 818592 867804 633445 384834 675965 168014 850457 550201 552587 278431 738340 384786 728908 504806 396005 847315 478898 311259 497386 599926 376409 520678 623393 606428 663299 839631 236810 806695 233661 466480 117537
631244 792170 479832 512727 759086 426044 667771 66006 999999999 205522 604247 107881 307571 654851 205235 887944 569497 162123 398826 145639 241758 373494 490968 401278 822021 447365 355472 428577 535119 466533 227805 812649 304553 305854 823657 468061 682453 81571 415680 490409 733321 452366 852518 543650 541169 686166 865437 726042 627177 455585 297970 563776 40473 767278 234804 674218 155824 372947 799845 680072 828422 400811 327999 583752 223036 516751 142076 491593 360771 752587 808132 567662 380988 655190 145853 802391 529842 505446 242269 672879 424681 674197 456533 330009 798204 451449 318073 451632 577876 378892 462630 612115 585368 605318 785173 172795 751547 249281 437669 130453
532673 675636 675271 366879 630237 514166 584359 264258 205522 999999999 445282 281528 155080 605197 193492 916852 488723 75754 209734 164273 445837 168597 378135 200944 826076 594319 532523 410648 677689 448105 220644 649399 442258 460078 841652 604959 768748 125615 328740 291017 692361 263500 699307 567178 667220 638809 870073 655383 428092 264793 183784 396358 243583 601778 271326 498369 361321 170754 749531 768540 868352 563956 122849 605219 397906 311292 82895 695813 493073 586889 718463 393627 521505 737073 295378 778410 620283 312899 128434 528637 623314 622000 455989 190462 769442 528305 482195 263893 660408 531216 406479 721359 670249 536980 729200 155709 693023 430617 511881 322937
217276 272585 966869 97029 211149 613834 282499 670229 604247 445282 999999999 705178 520778 375608 634329 774021 249016 447840 248276 469820 800624 335310 699385 405257 647740 778915 795586 377662 833104 383384 659128 208405 658789 698139 690068 766159 781659 546045 248444 236324 450420 205889 254026 516805 789713 400818 683753 357390 223933 460100 575659 56170 644028 163592 714086 99601 738553 313311 470888 786181 758712 789798 383552 533505 691841 336225 468218 1029336 680775 149155 361805 76433 714431 748358 598130 550306 683596 465214 546456 96754 932777 379368 421635 274270 533095 600793 731409 472280 694754 743707 298095 794847 706432 296874 443179 439593 411199 726885 586992 668865
739050 899529 466743 615683 865459 504254 775555 54637 107881 281528 705178 999999999 339915 760704 194114 976801 677331 257681 487663 253455 217903 447944 482083 458715 917970 491557 377174 533134 578697 570588 204818 913360 365148 354301 916169 518424 753514 161171 523369 572545 837813 541762 955637 638723 595507 791631 960885 833228 709601 500474 312400 662260 77352 867244 183421 770525 131663 452137 905106 750213 914555 434055 396948 678568 262076 583705 237205 452505 420293 852449 915937 664093 433717 728752 222433 904022 603076 550128 270145 777021 406791 780192 558167 431405 900629 533016 356681 493952 653065 422953 569981 673774 659362 712696 891067 280116 857790 276424 520755 166304
650518 776982 786583 462101 723980 667461 708186 347147 307571 155080 520778 339915 999999999 742373 163336 1069096 617283 228387 273514 314998 542942 186641 224184 143498 974685 736151 659870 560731 821605 597237 174543 708605 585079 597686 992654 750035 923204 231269 463321 309956 830716 316071 768120 720651 815546 776036 1018485 783107 432169 163084 56655 465854 335726 660239 234042 548178 453211 207498 883606 922847 1022013 699038 137663 758205 525070 274456 229763 788596 638202 645804 835250 454404 664663 891727 429864 920715 773955 211704 69770 613800 730168 757897 607863 314512 910465 682637 615969 155170 814850 670489 547672 873182 824561 669055 861463 309927 824986 554379 666304 437518
161906 263963 821360 341615 291331 400979 109000 709309 654851 605197 375608 760704 742373 999999999 786444 398528 137692 558270 507314 515233 749767 595450 959970 681180 272578 579530 658205 229183 598344 194313 815233 458585 524674 567761 314724 551318 459471 640192 279064 559818 88653 500217 435723 224233 539412 33687 310171 93430 595082 753849 784528 408324 683891 447196 853835 463429 726700 569840 146180 466073 387570 621739 619519 215318 612531 666638 572049 916339 514006 441757 196679 435697 540458 430494 563895 185151 416280 776847 733284 324874 809879 20035 219015 428348 171588 371159 599784 762860 403254 577033 199834 508621 413355 82439 130363 495257 98029 638392 366013 645196
724476 869121 658987 559527 823422 622545 774019 218541 205235 193492 634329 194114 163336 786444 999999999 1067177 676992 228191 389979 287192 410223 321138 291309 301860 988404 652370 554227 576396 740195 615103 28832 834552 509350 510881 997245 673280 881099 161295 515830 451433 871656 440822 887838 716729 746016 819682 1032454 842837 582373 325733 122895 583101 217337 786389 80175 678690 321291 334781 932239 879259 1012113 603746 266009 756471 425703 433362 215401 646080 565444 771576 909869 577212 586198 852451 349665 952335 728342 373330 100525 720414 599694 804208 615181 383538 945097 644845 521712 316948 774665 583726 586628 815231 782893 722813 913404 298262 877673 448669 629923 329104
559537 615194 827635 732480 663706 479038 499626 922258 887944 916852 774021 976801 1069096 398528 1067177 999999999 529648 851844 875678 780319 875485 954615 1293242 1039614 131033 584688 715474 509299 543394 474496 1095105 837451 633238 663460 84134 545889 295218 906487 631154 943407 333045 879723 798833 351139 483269 375555 110499 439783 991637 1115775 1100104 804548 902691 834526 1118204 861303 893666 930242 347434 303305 72263 653228 966057 312090 746415 1047912 858709 943365 589380 831174 504404 831842 595340 297022 754428 244887 399950 1145981 1041666 719757 845646 396466 461234 774117 264503 446945 682585 1122814 350278 626390 540499 400489 349590 477886 372117 772816 389282 755194 457539 821245
75550 240942 814970 204492 234825 414312 98615 629555 569497 488723 249016 677331 617283 137692 676992 529648 999999999 451464 372095 424451 702866 461950 830736 547189 407428 592707 644320 185852 630354 170262 705424 374604 504303 547573 445522 571606 541549 541423 161222 422126 223889 362819 372152 279199 578562 168900 446484 166755 462108 618659 662567 275075 603014 351592 748854 343684 664747 436237 267834 546795 510536 620860 489618 289766 572229 528961 467658 897791 508655 342907 238689 302307 539698 509220 503626 322545 462041 640254 614785 220803 793486 148136 209318 303357 308223 392536 581394 628055 463871 574061 114091 568116 475230 55599 244561 399943 208082 602850 382053 584656
503453 655931 611391 360125 616350 439248 549402 227186 162123 75754 447840 257681 228387 558270 228191 851844 451464 999999999 237141 88548 391675 222973 448794 270407 765983 519614 462881 351196 602467 389590 256996 655832 367573 386944 778532 529582 694876 98584 290431 331155 643524 290428 699473 500936 591479 591493 810078 616258 467053 338010 249965 404608 202574 609592 297486 513559 312654 217662 704125 694476 801089 491288 187204 539755 329555 369548 20502 640027 417778 594789 687216 407003 446590 663519 225034 725226 545627 385115 190218 522521 561799 576092 393230 175333 717556 454289 410337 337910 586526 457315 358475 645906 596197 495678 685521 81853 649919 363437 437993 262815
390427 505064 831611 191796 450722 568509 452957 462964 398826 209734 248276 487663 273514 507314 389979 875678 372095 237141 999999999 294024 625661 93181 466947 175920 764932 696774 671055 380938 769511 408744 413542 444602 552140 582408 793663 696341 795648 326994 244807 101270 595230 54104 499411 550404 742551 539876 806879 530887 231729 246621 327726 194621 439138 396413 470141 289745 549321 68254 638687 797698 841113 685441 135862 581394 545720 181282 256838 871142 591406 381606 570830 187245 624301 761745 440997 692079 663943 271181 298899 340324 786638 519677 433755 121127 678900 569862 611490 255969 692225 644466 335271 775331 703525 427250 614061 266751 577925 581300 553338 494007
485608 646844 538557 375358 615043 352872 522904 208492 145639 164273 469820 253455 314998 515233 287192 780319 424451 88548 294024 999999999 336200 300034 532187 355703 701957 432121 382795 294175 514323 332910 315432 677335 280285 301963 710056 441289 610067 128564 270093 393849 596532 343541 713247 429598 502947 547357 745946 582939 525322 425273 331459 434287 181602 633403 344475 547292 268845 290167 661137 609341 726411 406634 270967 469296 253051 445955 85417 578044 329611 618967 663140 441942 358883 579293 147611 671301 459609 471629 270421 532482 492659 534175 329387 199967 665513 369686 327216 425651 501858 370984 319553 558248 511212 461835 645091 30268 610730 288281 353691 203238
774699 941896 248937 704235 921959 400802 794272 196136 241758 445837 800624 217903 542942 749767 410223 875485 702866 391675 625661 336200 999999999 611910 699846 643035 843806 319667 185160 526483 399594 557017 422575 1005428 245271 212040 828992 354309 614196 323329 574688 722360 812038 677207 1034670 574994 432440 775719 883332 835572 857201 696122 523643 768672 208092 963399 398524 882203 89976 608866 883162 609070 806843 251291 568679 611087 138620 756850 373809 250010 286140 949310 930958 777555 283753 596146 204369 857281 477513 746097 474496 853672 189502 769775 531027 535818 858638 435193 195192 691556 528559 258828 588776 519359 531626 723473 875434 365997 846926 121021 428578 132981
483179 597132 834212 284850 541541 615245 545128 432846 373494 168597 335310 447944 186641 595450 321138 954615 461950 222973 93181 300034 611910 999999999 373780 85941 847792 725838 682611 450976 803851 482252 341599 522403 576035 601030 873772 730181 854626 294205 324827 130411 683826 129719 581480 620196 783431 628420 890375 622718 264388 161187 242638 279891 412032 474006 400516 362669 529001 25723 729406 855941 916411 705647 55148 653588 551029 146667 239068 861404 620982 459496 664007 267786 652389 821181 445661 779401 715890 194342 223541 429665 784745 608619 502986 181880 766865 621246 627119 168743 748604 668105 415252 824680 759526 516606 705199 278433 668925 585468 604480 485255
856496 967895 948772 658312 909710 884602 917458 509850 490968 378135 699385 482083 224184 959970 291309 1293242 830736 448794 466947 532187 699846 373780 999999999 294875 1197782 936598 844504 784627 1023837 820863 277281 863266 789011 795450 1216568 954543 1142254 428570 681904 465963 1048598 496406 929852 944762 1024035 993484 1241468 994294 553197 244149 201182 643236 507727 816407 310005 702768 611788 399057 1098470 1141492 1246102 891777 341120 982380 713879 385162 447098 928260 844083 803124 1037775 625747 867746 1111408 629504 1140669 991459 258706 262408 795880 888866 974633 832017 532040 1129689 901832 809007 230982 1034037 868762 768471 1086904 1043395 884103 1075214 530624 1038763 738542 885760 618743
566006 673022 875968 364953 615042 687911 628851 453736 401278 200944 405257 458715 143498 681180 301860 1039614 547189 270407 175920 355703 643035 85941 294875 999999999 933540 787392 732669 534292 868175 566417 316407 579090 635846 657044 959061 794689 932295 319706 410549 176663 769485 201538 642441 702893 851802 714080 976188 706806 289993 76901 198519 349094 436543 531165 376289 417534 556089 111390 814317 933256 1000452 761535 85478 736992 598451 131629 282194 892806 683829 517209 744804 332886 713984 899154 494964 865266 790624 117218 201691 501472 823394 694184 585856 265765 852650 696216 680743 83201 825374 726671 500843 897588 836073 602031 789853 338756 753665 631440 679438 523277
431695 484640 834111 611761 532675 443590 370289 863462 822021 826076 647740 917970 974685 272578 988404 131033 407428 765983 764932 701957 843806 847792 1197782 933540 999999999 582157 701334 415549 559745 377990 1016912 706418 598573 634454 56928 544732 332550 830280 522990 826721 202476 764598 668257 279260 496068 247277 44097 308829 867627 1008695 1009812 680762 841633 703747 1045433 732981 849065 822808 218461 341085 148827 645143 863886 239550 708332 932546 775171 945654 563223 700573 375149 708130 576401 320546 698578 115322 389605 1036109 953338 590271 842762 268564 373329 670303 134805 408862 658663 1016534 347441 610984 432876 426214 351110 353862 242159 690412 258283 722935 415293 771948
667619 824734 253120 686782 827362 180255 659964 445344 447365 594319 778915 491557 736151 579530 652370 584688 592707 519614 696774 432121 319667 725838 936598 787392 582157 999999999 137987 411867 87915 422450 673688 956666 152066 141511 554084 38825 302621 509290 530885 797027 613547 735563 963494 360146 113312 595011 615619 672948 912587 857361 738807 768192 438390 924709 670008 875998 371167 711815 682709 296459 513007 71103 702209 383526 230090 867705 511791 363529 105420 913037 776122 786766 73494 290533 307647 627258 192566 903684 679197 796679 261932 597502 383752 578311 634466 208378 134984 857511 237081 68987 493602 201844 235976 588310 684063 449015 664849 216916 214616 327884
719707 884089 172313 699414 876878 266068 724099 337696 355472 532523 795586 377174 659870 658205 554227 715474 644320 462881 671055 382795 185160 682611 844504 732669 701334 137987 999999999 458494 214535 479316 572267 988041 140451 98219 678518 175220 439504 428603 550025 772228 705588 716374 1004671 453832 251199 678746 737553 749982 898208 796730 653431 775344 336945 951279 560054 887698 248732 672889 776605 433615 644610 67297 650085 484165 135204 828739 450486 258154 145422 938389 851286 790087 125437 425358 237849 733372 316417 845308 596929 829179 151678 677474 444903 560902 738121 300489 64376 794876 365233 90383 534904 339820 366065 651205 773994 406610 750396 106210 299786 225873
261320 425910 629160 294474 419537 238349 269491 481053 428577 410648 377662 533134 560731 229183 576396 509299 185852 351196 380938 294175 526483 450976 784627 534292 415549 411867 458494 999999999 457960 38796 605139 545146 318616 361977 431944 394177 421056 422202 145553 464556 304788 397983 552344 169687 412326 259023 459592 309986 549330 611078 594428 378688 456000 514640 638101 477082 498384 427803 372122 424117 466538 435979 457896 202703 391976 561045 361494 712660 323677 503548 404528 401735 355353 386965 335386 377178 307365 644919 537791 385373 607969 249042 52856 269099 371389 223220 395722 617203 324098 389074 82126 419770 335798 197540 359117 278538 327132 420906 209785 416925
703491 853516 285243 744065 862560 219680 687924 533013 535119 677689 833104 578697 821605 598344 740195 543394 630354 602467 769511 514323 399594 803851 1023837 868175 559745 87915 214535 457960 999999999 461861 761589 1001370 236527 229316 524518 73670 249986 596027 587807 868637 620223 805637 1002455 374167 63982 609336 588736 691107 979478 939323 825535 827046 526286 972331 757730 931662 456517 788663 686363 242514 471146 148687 782761 389406 317741 943634 595607 402126 184713 961416 794102 847170 156950 246896 394469 619741 184703 984949 765654 842341 310621 614858 422106 649482 629420 237870 222053 939941 214847 156861 539936 143730 209499 618614 691284 529430 676215 303029 249230 415625
245265 405790 648221 306289 404956 244348 244844 518181 466533 448105 383384 570588 597237 194313 615103 474496 170262 389590 408744 332910 557017 482252 820863 566417 377990 422450 479316 38796 461861 999999999 643855 539677 340946 384484 396022 401637 403465 460985 166977 488369 267260 422071 541800 143606 412421 222990 421971 278617 566066 642992 631825 389957 493352 511998 676893 482942 532397 458537 335388 407185 434160 452129 491619 172665 420921 587340 400108 735583 340310 501695 375923 414279 370597 369554 369651 338408 301003 675496 575576 381274 630067 214317 39803 300664 332748 224197 417772 649526 311756 405555 86367 411557 323464 171973 323382 317317 292307 448458 212760 450895
752417 896163 671494 585707 849867 648338 802326 234904 227805 220644 659128 204818 174543 815233 28832 1095105 705424 256996 413542 315432 422575 341599 277281 316407 1016912 673688 572267 605139 761589 643855 999999999 858079 532358 532358 1025467 695507 906623 188769 544302 471425 900479 463598 912270 744836 768964 848481 1060952 871368 600564 334157 127300 607353 236396 809828 59945 701294 334811 356486 961007 904657 1039697 623442 286688 784624 445701 447999 244224 653809 588569 795050 937920 600738 608503 878254 373215 981146 753825 380398 118322 746089 611609 832977 643740 410997 973924 671149 541964 324538 800519 604863 615412 839346 808610 751428 942122 326915 906369 467325 656367 348356
308048 228719 1160286 302124 173779 782641 349585 878628 812649 649399 208405 913360 708605 458585 834552 837451 374604 655832 444602 677335 1005428 522403 863266 579090 706418 956666 988041 545146 1001370 539677 858079 999999999 848716 889862 757739 939211 910412 753787 438698 402450 505617 395070 72965 652359 951725 471246 733589 398081 318865 619120 764912 253121 852408 48404 914697 161563 945706 503784 495769 916245 839689 975664 574940 658399 891854 479576 676256 1228901 864231 63059 345468 257359 897119 879194 801761 594353 836527 610927 742462 160055 1129830 453028 579477 482673 574917 763870 923673 632323 837861 928866 463154 942520 849110 401022 468841 647180 448286 926255 752142 874575
579594 744488 312471 563372 736484 155723 585717 314010 304553 442258 658789 365148 585079 524674 509350 633238 504303 367573 552140 280285 245271 576035 789011 635846 598573 152066 140451 318616 236527 340946 532358 848716 999999999 43538 584177 165619 389242 360533 411703 653162 578172 593809 864393 332954 236669 547223 638072 615110 773706 705411 589782 641276 302135 812674 534997 752529 262929 562993 649564 385614 566075 134249 550825 367609 113429 719327 359773 394653 56282 799987 715260 657414 79595 366019 160045 615823 241603 751914 529595 689505 289436 544295 308062 436471 618422 189945 77106 705481 292675 92468 394473 309575 297701 512888 644699 298126 619071 124368 183513 199301
622804 787879 270532 602230 779406 190946 629251 306021 305854 460078 698139 354301 597686 567761 510881 663460 547573 386944 582408 301963 212040 601030 795450 657044 634454 141511 98219 361977 229316 384484 532358 889862 43538 999999999 617696 164532 408417 369040 452024 683659 620150 625806 906557 372986 241207 589984 673144 658408 806778 724638 598358 679025 297666 853255 530103 790934 241881 589349 691510 404041 594999 104683 572744 406600 92872 745789 377183 351119 74312 840420 758695 694414 79654 387780 167864 655575 266446 772044 539193 730962 246000 587334 351508 469078 658697 225844 34009 723971 317683 73334 437342 321219 321431 556425 687092 322667 661827 92202 221213 188609
476054 538127 803656 648487 584260 428463 416949 861533 823657 841652 690068 916169 992654 314724 997245 84134 445522 778532 793663 710056 828992 873772 1216568 959061 56928 554084 678518 431944 524518 396022 1025467 757739 584177 617696 999999999 515883 288148 837454 549566 860066 252196 796668 721547 281034 461642 292517 65665 359658 907503 1034957 1025313 720414 840802 753328 1051068 777847 840186 849197 274080 296692 91978 619611 886715 241025 695987 964873 786382 917069 544821 749587 430230 747708 554968 280205 694727 171094 362914 1064355 967611 636985 815913 313216 385765 694026 190333 394614 639793 1042247 317101 588266 458879 386687 319145 393791 296932 700789 310788 707998 403098 765103
645903 800419 289592 675696 805582 157304 635104 470550 468061 604959 766159 518424 750035 551318 673280 545889 571606 529582 696341 441289 354309 730181 954543 794689 544732 38825 175220 394177 73670 401637 695507 939211 165619 164532 515883 999999999 264454 526131 519374 795712 581840 733028 943437 329632 78621 565429 577724 644712 907794 866052 755400 758112 461882 908641 694555 864143 401414 715022 650343 258454 474189 109146 709255 350897 256369 870071 523136 401318 111972 897338 747985 777643 87095 251802 325181 592297 155501 911524 695174 779539 300430 568863 362300 576555 600019 181627 164398 866791 198786 97254 476287 165274 197393 564197 652626 455979 634531 247011 190081 353101
602566 722773 535215 709464 749316 258889 565565 701212 682453 768748 781659 753514 923204 459471 881099 295218 541549 694876 795648 610067 614196 854626 1142254 932295 332550 302621 439504 421056 249986 403465 906623 910412 389242 408417 288148 264454 999999999 722232 566544 884122 448465 817563 894005 264855 193228 457566 353809 542237 969248 1008536 941401 792697 686820 891842 917023 880253 649846 833976 502915 8553 223375 373551 849353 252351 499620 976927 695254 651935 336134 883857 638336 817443 331276 34095 537654 416548 152803 1047894 880251 761927 557763 470426 369541 677234 430703 240594 419396 1012412 108354 355799 489540 106258 98878 509415 515649 613289 511439 499415 256901 588373
597046 752268 559757 458708 714033 463355 639943 138731 81571 125615 546045 161171 231269 640192 161295 906487 541423 98584 326994 128564 323329 294205 428570 319706 830280 509290 428603 422202 596027 460985 188769 753787 360533 369040 837454 526131 722232 999999999 381861 414564 722956 381047 798005 556579 595573 672779 874235 703843 551713 374825 229527 501892 118181 707299 215983 609501 236916 295381 786354 720693 850934 468809 247218 596471 293847 436103 78649 573145 415514 692466 779064 503144 439509 692984 201644 799373 569747 424573 170181 621068 505396 658760 457938 273911 793254 484555 385630 371272 615154 442286 442034 660432 623675 582644 769318 144998 734389 323218 469404 207693
215997 377114 722072 156334 349097 370196 258972 478182 415680 328740 248444 523369 463321 279064 515830 631154 161222 290431 244807 270093 574688 324827 681904 410549 522990 530885 550025 145553 587807 166977 544302 438698 411703 452024 549566 519374 566544 381861 999999999 321398 367408 255154 461227 310508 547861 312737 565684 327167 404172 485852 505850 239361 451338 401255 587701 345127 525118 299947 421550 569656 596496 541673 342932 338905 454690 421182 306975 790826 432337 388398 397304 260414 465987 532460 370518 458840 449831 514852 455897 281589 691164 294847 197240 149873 447806 361186 485661 493561 469183 495435 90691 562739 480856 208247 400644 243468 364385 488546 346198 448228
423225 508542 932112 220331 447433 664447 489276 552775 490409 291017 236324 572545 309956 559818 451433 943407 422126 331155 101270 393849 722360 130411 465963 176663 826721 797027 772228 464556 868637 488369 471425 402450 653162 683659 860066 795712 884122 414564 321398 999999999 644986 66595 466036 631829 839937 590602 867116 567946 137170 224210 366610 181018 530198 354502 530600 240912 643602 120822 680011 886651 914127 786599 185545 660043 646261 107153 349917 969344 691748 340556 590984 160819 724798 850063 541242 744439 757110 229911 353146 332994 886423 569468 517198 219162 729580 663799 712756 236656 782829 745422 408491 869310 794298 477540 653711 367206 618750 681752 647488 591732
233146 289313 862285 425415 332336 441263 169212 785433 733321 692361 450420 837813 830716 88653 871656 333045 223889 643524 595230 596532 812038 683826 1048598 769485 202476 613547 705588 304788 620223 267260 900479 505617 578172 620150 252196 581840 448465 722956 367408 644986 999999999 586591 471498 253960 558239 55406 234715 107641 672958 841839 872423 487614 760601 501501 937670 532291 795747 658189 71401 455987 335220 662810 708172 231397 673601 752045 656654 962888 560168 498152 191254 514892 583414 423652 634149 100346 435519 864106 820625 388386 856394 75754 284088 516880 84604 408425 650595 850977 412424 620258 286033 514037 421028 168327 71065 577997 63883 696858 406653 714501
370782 471490 879082 166927 413980 599487 435688 516733 452366 263500 205889 541762 316071 500217 440822 879723 362819 290428 54104 343541 677207 129719 496406 201538 764598 735563 716374 397983 805637 422071 463598 395070 593809 625806 796668 733028 817563 381047 255154 66595 586591 999999999 452421 565449 775595 531717 805509 514375 182309 263603 371672 150237 492733 346703 520976 237873 602008 109078 624981 820117 849185 727772 180232 593983 593387 168206 310300 921495 630553 332015 545369 138622 663870 783501 489433 685302 691185 279062 347424 301057 835367 510858 450645 157476 671022 598125 655754 274657 716455 685700 342928 803544 727942 418417 599309 315360 563764 629109 581889 545057
299470 183639 1176860 339977 144689 786144 328441 918201 852518 699307 254026 955637 768120 435723 887838 798833 372152 699473 499411 713247 1034670 581480 929852 642441 668257 963494 1004671 552344 1002455 541800 912270 72965 864393 906557 721547 943437 894005 798005 461227 466036 471498 452421 999999999 642686 949934 443526 692290 364460 389970 685843 823992 304963 891630 114628 967736 227214 979546 561489 452656 900311 806654 987543 632594 644299 915759 547863 719671 1250926 875362 127055 297364 313819 907478 863988 830310 554067 831494 679709 798307 181274 1149718 427255 581213 524418 534458 764676 940550 698919 828362 940596 471859 933923 839285 388890 426967 683468 410816 949319 754154 905786
344981 483014 608359 446316 499142 188082 318448 584205 543650 567178 516805 638723 720651 224233 716729 351139 279199 500936 550404 429598 574994 620196 944762 702893 279260 360146 453832 169687 374167 143606 744836 652359 332954 372986 281034 329632 264855 556579 310508 631829 253960 565449 642686 999999999 315311 236030 322212 316959 708131 779768 749829 528897 562477 630769 770043 615435 572745 597260 324083 269463 301373 409031 624921 40124 437058 730001 507578 710033 308727 622082 420038 554083 330297 231655 419648 282880 192532 814331 690968 499978 603726 240723 117232 438419 285715 154635 401597 785548 185823 367085 227492 291243 196917 253798 324105 421678 304925 455801 154048 494321
650491 797097 344394 703274 808693 177984 631717 546800 541169 667220 789713 595507 815546 539412 746016 483269 578562 591479 742551 502947 432440 783431 1024035 851802 496068 113312 251199 412326 63982 412421 768964 951725 236669 241207 461642 78621 193228 595573 547861 839937 558239 775595 949934 315311 999999999 549103 525559 631659 945598 924802 823854 787012 537072 924377 770060 888913 479824 766693 623734 186408 411030 184035 766384 328201 333747 919775 586711 460213 180625 913931 734350 808240 161967 186249 396534 555962 123443 968998 763138 793691 364607 555432 372666 621583 565814 189177 242912 926316 150904 175841 493475 89219 145536 563641 629259 514760 615076 325503 202725 429643
184419 266252 839746 371527 300561 418265 124647 739905 686166 638809 400818 791631 776036 33687 819682 375555 168900 591493 539876 547357 775719 628420 993484 714080 247277 595011 678746 259023 609336 222990 848481 471246 547223 589984 292517 565429 457566 672779 312737 590602 55406 531717 443526 236030 549103 999999999 283008 84938 622029 786476 818214 435849 714663 463002 886741 485903 754967 602783 113802 464547 369602 639913 652933 221560 637935 697579 605114 936842 533840 458478 185593 463198 559167 430034 592452 153843 425660 808943 766923 344486 830280 21555 244790 461958 139339 387165 621486 795592 408737 595918 233174 513146 418323 113301 100442 527796 71848 662901 383275 673496
466853 508861 866359 650975 559915 482630 403863 906338 865437 870073 683753 960885 1018485 310171 1032454 110499 446484 810078 806879 745946 883332 890375 1241468 976188 44097 615619 737553 459592 588736 421971 1060952 733589 638072 673144 65665 577724 353809 874235 565684 867116 234715 805509 692290 322212 525559 283008 999999999 338360 904881 1051149 1053794 718369 884689 733192 1089307 766979 890401 865311 239696 362353 149495 680003 907081 282316 748590 973246 819264 979037 601210 730682 396279 745740 613135 345421 741020 139297 423526 1078048 997382 622960 877058 304519 417410 713432 158676 448139 696555 1059111 379254 647174 475807 451860 381963 392203 265465 734488 285913 762349 455259 813762
144874 183728 914126 348195 224700 494230 78741 783371 726042 655383 357390 833228 783107 93430 842837 439783 166755 616258 530887 582939 835572 622718 994294 706806 308829 672948 749982 309986 691107 278617 871368 398081 615110 658408 359658 644712 542237 703843 327167 567946 107641 514375 364460 316959 631659 84938 338360 999999999 581322 775802 829033 400054 757345 395105 913719 432643 807887 597036 113636 549280 442675 714653 653562 305329 699470 674818 631786 1007985 606310 392350 103275 426765 633229 514912 644899 199623 508321 793410 781538 286719 901643 76254 307521 469811 180873 464572 690811 785923 493007 669712 263496 597713 502739 121245 86291 560336 54241 726510 459288 726535
440222 479563 1061385 263550 413699 767896 506051 689833 627177 428092 223933 709601 432169 595082 582373 991637 462108 467053 231729 525322 857201 264388 553197 289993 867627 912587 898208 549330 979478 566066 600564 318865 773706 806778 907503 907794 969248 551713 404172 137170 672958 182309 389970 708131 945598 622029 904881 581322 999999999 311770 488077 187089 667085 275696 660320 170530 779706 257538 694810 972704 971357 907908 318756 731115 775695 169180 486153 1102845 808247 264600 580076 159805 841852 935242 671639 773144 853250 295993 482541 306489 1017552 600482 599899 337704 756240 762717 837161 325207 873315 865067 480689 966218 884996 514059 667076 497457 635104 811412 747085 725722
633383 731484 934479 430201 671233 762776 697396 502585 455585 264793 460100 500474 163084 753849 325733 1115775 618659 338010 246621 425273 696122 161187 244149 76901 1008695 857361 796730 611078 939323 642992 334157 619120 705411 724638 1034957 866052 1008536 374825 485852 224210 841839 263603 685843 779768 924802 786476 1051149 775802 311770 999999999 207381 404325 488084 572276 392114 458691 607439 185908 884729 1009407 1077099 828682 159628 813781 661758 142607 347607 944465 754675 559035 808901 384997 784156 975479 560083 938452 866084 50008 231712 556852 880165 766298 662709 342336 925434 771817 746987 13437 901416 795315 576364 972351 912050 673862 859764 410381 823789 693712 755050 581837
699036 829238 770699 514314 777305 683514 755200 327944 297970 183784 575659 312400 56655 784528 122895 1100104 662567 249965 327726 331459 523643 242638 201182 198519 1009812 738807 653431 594428 825535 631825 127300 764912 589782 598358 1025313 755400 941401 229527 505850 366610 872423 371672 823992 749829 823854 818214 1053794 829033 488077 207381 999999999 521057 320610 716530 184733 604649 433726 262758 927298 940552 1050579 697025 192108 788211 520259 328237 246767 764706 644388 702061 884428 510188 668927 910742 431167 960379 790381 253130 61230 667960 712698 800649 639577 359232 950856 701131 613885 197432 833260 671657 587498 885829 842526 713208 905860 331390 869451 547249 685150 428136
256369 327530 945186 84215 266965 609505 322916 629737 563776 396358 56170 662260 465854 408324 583101 804548 275075 404608 194621 434287 768672 279891 643236 349094 680762 768192 775344 378688 827046 389957 607353 253121 641276 679025 720414 758112 792697 501892 239361 181018 487614 150237 304963 528897 787012 435849 718369 400054 187089 404325 521057 999999999 603957 205824 663101 113778 702830 258377 513618 796702 784884 774119 329021 549237 665782 282876 425102 1002463 667413 190942 412670 27373 701272 758959 568585 587949 686024 410563 493476 152732 908364 414295 426329 235072 571479 599525 711676 416422 701195 728781 303592 798443 712918 327040 486325 404054 453011 701262 584883 636031
666243 828324 451185 552041 796467 433744 700925 26891 40473 243583 644028 77352 335726 683891 217337 902691 603014 202574 439138 181602 208092 412032 507727 436543 841633 438390 336945 456000 526286 493352 236396 852408 302135 297666 840802 461882 686820 118181 451338 530198 760601 492733 891630 562477 537072 714663 884689 757345 667085 488084 320610 603957 999999999 807189 233025 714569 119645 412213 828057 683959 841424 387046 365390 602415 209417 554278 182482 456763 358261 792519 841350 608025 375393 660831 150267 826707 535056 538072 268205 711666 394443 703437 480826 369887 823280 461195 305743 483464 584257 369425 494456 611647 591114 637124 814242 209941 781141 231340 448301 111975
290382 239122 1123303 259182 177030 752913 338989 833282 767278 601778 163592 867244 660239 447196 786389 834526 351592 609592 396413 633403 963399 474006 816407 531165 703747 924709 951279 514640 972331 511998 809828 48404 812674 853255 753328 908641 891842 707299 401255 354502 501501 346703 114628 630769 924377 463002 733192 395105 275696 572276 716530 205824 807189 999999999 866545 113858 902104 455388 498532 897359 832603 941155 526541 639496 852085 433547 630051 1189489 830333 14891 354434 209180 863522 859974 760285 594028 811353 565265 694112 131190 1091424 443686 551721 437301 574879 735677 886914 585426 815300 894526 432531 919093 826704 383520 470949 603181 447332 886780 723333 831981
798902 946117 645756 638128 901526 660831 846587 224752 234804 271326 714086 183421 234042 853835 80175 1118204 748854 297486 470141 344475 398524 400516 310005 376289 1045433 670008 560054 638101 757730 676893 59945 914697 534997 530103 1051068 694555 917023 215983 587701 530600 937670 520976 967736 770043 770060 886741 1089307 913719 660320 392114 184733 663101 233025 866545 999999999 758837 314803 414687 999973 914521 1060470 615329 345465 810096 439993 507856 282206 618875 591190 851728 983671 657366 608287 889956 379529 1015233 764522 437479 177837 799502 584965 872056 673703 460035 1008917 685879 536009 382084 812676 601042 654547 844324 820131 793024 982072 360079 946703 457690 671838 342123
301794 311754 1058032 189557 245540 712661 363120 740015 674218 498369 99601 770525 548178 463429 678690 861303 343684 513559 289745 547292 882203 362669 702768 417534 732981 875998 887698 477082 931662 482942 701294 161563 752529 790934 777847 864143 880253 609501 345127 240912 532291 237873 227214 615435 888913 485903 766979 432643 170530 458691 604649 113778 714569 113858 758837 999999999 815447 345242 544054 884894 849862 884648 416093 631042 779390 320954 534043 1116195 776688 100359 417375 106578 810462 847080 682360 630564 783194 452984 584542 146625 1021797 464861 521235 347535 612478 700114 823825 471799 794181 838915 397695 894435 805850 388047 515997 517109 486861 814825 686192 749466
