NAME : synthetic_000755
TYPE : CTSP-D
DIMENSION : 100
GROUPS : 8
RELAXATION_LEVEL : 1
EDGE_WEIGHT_TYPE : EXPLICIT
EDGE_WEIGHT_FORMAT : FULL_MATRIX
EDGE_WEIGHT_SECTION
999999999 753652 525047 162292 655408 767531 486218 743993 379675 445999 535706 503638 871047 697665 219108 321248 462607 557992 129144 62949 618365 940121 55954 547358 720573 731349 740222 546493 456826 511559 340139 783858 692489 836031 262327 132940 449739 1021363 472121 871926 311328 308454 630197 236287 626695 568520 86446 572086 443775 404677 215116 668608 167116 601596 779769 474336 814561 260248 784329 363819 542882 35979 348710 800940 474589 625270 745204 694280 201289 841526 390501 682141 667280 383789 253588 1019224 172129 555937 436379 275563 564136 391207 355003 743604 354932 532660 433607 444389 333123 536424 544829 680236 243119 644333 253342 292228 525069 157202 474196 482948
753652 999999999 610494 802460 372473 969966 416364 960233 1000982 1033700 887619 1050864 676876 567550 636512 736222 460973 453443 624662 774180 174185 889395 774306 1033919 677926 553973 310065 538292 370583 970790 646015 443547 663202 768025 739595 651446 325095 992476 781801 128319 987095 542761 641387 782611 755643 1083149 785470 476621 755340 471398 561200 783567 742683 808735 973513 482883 861084 946456 524586 669478 211815 748808 844826 656585 288186 261456 65935 728125 769383 780456 1059482 86571 918493 978407 666524 1000931 716500 358327 743904 779498 189933 769320 498707 597173 411282 225403 376619 315666 604794 836776 210012 979468 970810 254902 769696 487217 967679 861935 867235 1079407
525047 610494 999999999 434128 275359 372569 204447 358677 513513 513097 290361 502051 350794 190532 306508 253064 168246 160723 454853 490037 600182 428612 496119 459154 195963 231415 383883 77160 275958 396283 188871 341643 167719 314437 723085 541350 526589 521376 196370 668526 550790 613772 105504 725333 158360 512589 480830 144012 183508 644924 357849 196969 651189 198982 378866 139922 325160 535531 300856 759043 465057 493389 336617 278932 397985 353208 558812 183493 373777 321323 595087 595697 309116 478657 275142 522538 638565 252195 176584 323874 481950 230295 619029 229668 492150 508738 578114 487900 192518 233875 465022 368978 600870 364639 732133 327947 386973 509976 290017 553883
162292 802460 434128 999999999 624861 620674 460129 596554 231900 292224 382846 345080 784461 621284 173075 191768 424706 510838 222908 99747 693094 821398 107166 385273 621336 659664 723429 475605 457207 349659 247569 739224 594532 728524 424588 275918 534629 894597 334496 909327 188041 444236 533787 397151 504641 408173 77163 517535 311131 532036 243716 543997 329377 467072 633426 426616 688379 144164 722159 521922 592545 129290 190175 712214 514274 625437 780954 582710 60803 732215 265736 742429 519576 228620 169370 890954 333753 537332 306481 128880 615028 252394 484125 663171 443997 597404 536946 517992 261205 391882 594131 525828 179778 644096 415141 315244 363660 76492 320169 332777
655408 372473 275359 624861 999999999 605556 169447 598318 762054 773493 565650 770780 329355 195424 457065 484285 200223 123203 543603 644355 424924 524450 648116 733176 305462 186762 109365 198403 212149 669812 394468 137146 291424 399799 772000 613523 432300 628397 469759 404264 780255 606547 276306 793608 397277 786245 644452 132039 452161 593484 442677 419552 728380 460068 607831 200459 488618 753440 181342 761966 307290 633528 586294 293205 284568 121180 311204 358068 572145 411986 837377 386530 566116 730734 456809 635679 707789 104134 443134 547912 313091 487502 588597 228732 451003 363234 499332 393815 367523 508616 305997 631445 804290 120545 791789 371793 661462 699349 562945 816656
767531 969966 372569 620674 605556 999999999 576640 24545 542890 494340 241366 437831 444337 426166 585371 448135 540517 518177 748409 712320 972478 304969 719865 355805 319396 457648 699998 435512 648296 330333 464556 603438 322354 309608 1012953 833692 893673 325603 298166 1009425 626090 947447 329675 999458 216298 395510 693472 493736 329699 995658 673550 186554 925562 185189 13527 512426 181773 642281 523400 1077342 837398 731568 435886 398977 770201 708522 912933 251995 568662 301501 622900 963895 101129 506740 533552 316132 920977 615665 339445 494132 853872 376754 962907 419946 847977 881234 940123 856138 497791 231134 837315 122186 722178 716105 1012762 671172 309995 677561 303777 510738
486218 416364 204447 460129 169447 576640 999999999 563098 616165 637003 471291 644933 435462 262054 289641 338747 45321 91261 377127 475173 395846 584723 478832 620804 340833 280900 263308 147286 77831 557207 245806 299269 316148 458863 617794 451112 336719 685815 365499 491432 624088 468844 269692 634608 361041 671414 475826 117040 339675 476583 274789 396652 566617 402106 582548 67216 508296 593507 314331 623270 260759 464082 446270 377836 197385 177406 371512 362879 410287 469119 686420 393479 512046 588002 295090 689839 547490 78072 328480 395506 277504 359072 460874 309533 323912 306042 395713 296660 211284 421233 260678 569140 639906 194110 634914 207889 552939 533344 452233 681868
743993 960233 358677 596554 598318 24545 563098 999999999 518835 470927 216853 415196 450854 422803 563539 425089 526000 507444 726404 688515 958855 321832 696069 333560 318494 455810 694716 423892 633703 306616 443717 601693 319290 318012 990276 811417 876936 347147 275618 1002542 601727 926984 322012 976307 204793 374389 669550 483627 307526 976502 652790 178844 902523 166925 37959 498181 193335 617760 523224 1055785 823728 708022 411462 402358 755395 698956 904019 248931 544827 310638 599134 952181 76997 482577 511407 338064 898190 604530 317513 470249 840572 353515 943177 419364 829596 866720 922413 839711 477743 207778 823698 100455 697652 707097 989785 652108 286287 653153 279312 488052
379675 1000982 513513 231900 762054 542890 616165 518835 999999999 71629 314167 140114 834723 700062 368149 278541 573301 639292 454633 318847 908908 807481 324866 211703 662150 742162 869258 578414 636313 213833 370810 852686 640375 744418 634946 504609 757670 857986 337305 1097288 94240 675610 589336 597926 512391 209530 295606 636448 335635 763920 461126 540258 539544 448564 556409 564602 666073 134012 813682 743231 797403 352665 177503 763791 716423 792700 970787 603544 239358 744201 85547 949505 449479 38164 334477 850802 549430 693327 339694 222735 819865 283237 716014 732102 670176 810322 765480 737065 405629 356248 798725 425156 204280 809984 619238 522302 234013 225694 263490 103324
445999 1033700 513097 292224 773493 494340 637003 470927 71629 999999999 279538 69974 817030 693682 410456 299337 592745 650306 512503 384135 951077 771513 390517 147995 644971 736066 882160 582901 664943 165085 391976 854715 625289 718021 703726 567718 805214 815196 324583 1124643 164617 736084 578726 667851 489967 138879 360618 644415 330104 821773 508658 513289 608076 420992 507744 580811 630204 205607 809168 809803 834612 417331 190829 747697 753188 814408 999786 581918 289149 716664 131477 986707 406078 63753 370343 807159 617004 712521 336515 256245 856872 286313 774659 721964 720531 851480 817450 782212 430669 329140 835796 373674 274926 830951 688848 564101 185221 294665 239162 45760
535706 887619 290361 382846 565650 241366 471291 216853 314167 279538 999999999 241376 544942 442782 377458 227995 427015 449346 534837 477718 848986 493780 485330 178159 375808 484364 673801 367494 526115 122516 276818 617844 359833 439421 789468 615922 738053 544919 107290 955309 390241 749086 323603 770909 217226 231632 457616 434310 138066 811275 476724 235395 698522 143943 254613 404813 352287 402545 558754 865680 717182 499837 195138 478358 639862 637885 840744 308126 334549 437624 398348 860950 141314 276358 323193 538287 696747 534021 150282 260148 737152 157625 772573 462669 674920 750466 772693 704925 318497 59148 717695 144761 482206 650923 786029 495237 106752 436770 62905 308412
503638 1050864 502051 345080 770780 437831 644933 415196 140114 69974 241376 999999999 786036 674390 443254 315531 599858 648388 559786 440971 978553 724188 447729 83214 615864 716652 880101 575481 680340 119170 404876 842215 598389 679647 763962 620651 839184 761825 306921 1135913 234044 785043 556711 730126 457940 69434 417363 639582 319380 867277 545057 476513 668131 385319 451026 584906 583862 272995 790687 866479 857444 473145 208802 718688 776101 821565 1013257 549305 332259 677254 198655 1008759 355326 121852 397942 753105 675601 718016 327832 286356 879363 286367 821279 698811 758041 878363 856228 813730 446249 296654 858477 315843 344293 837248 750514 593954 137120 356839 214659 72927
871047 676876 350794 784461 329355 444337 435462 450854 834723 817030 544942 786036 999999999 177354 652074 598904 434252 344374 786909 839584 753045 225474 845439 720320 172595 154915 366867 326608 506932 667455 539517 234280 195150 137223 1045288 869568 754178 322767 497433 667913 886833 904293 252085 1055659 328160 772140 831186 320424 502293 907484 684171 312704 983698 401296 439208 412590 268019 877923 153156 1058474 636267 840863 666107 72509 605415 448861 611258 236822 723881 147600 919763 707339 463716 797265 625161 333246 967794 411240 500700 669532 642446 560653 895225 129353 757260 691945 819084 714486 538581 489734 635036 529499 947212 444442 1059101 632911 651207 859929 577868 850729
697665 567550 190532 621284 195424 426166 262054 422803 700062 693682 442782 674390 177354 999999999 479534 443529 257419 171009 610132 669360 612316 334560 674885 620397 111902 42390 276341 151206 336612 560874 373807 181261 103817 207896 867963 692363 590952 438293 369430 589439 740906 729678 119217 878439 238110 674117 662530 145261 365052 737951 507132 247248 806683 311602 426451 235266 294278 726051 116353 883108 485966 668536 524610 115783 443765 313925 505364 174188 561592 219620 782934 580454 405250 664196 456917 444524 790567 250989 360400 514270 495791 417594 722918 48223 585846 539682 653538 550787 367542 383722 485067 473473 790759 315518 881764 455747 547954 697599 459801 732093
219108 636512 306508 173075 457065 585371 289641 563539 368149 410456 377458 443254 652074 479534 999999999 151024 257441 348788 163271 191650 541319 727106 196590 453830 502381 514278 552592 328653 284282 399929 127430 577679 474189 619244 431648 249708 396039 812564 288925 739413 351324 371711 411913 425899 419369 492439 188535 359572 256214 438437 104063 462299 350985 406734 596388 263776 607170 313516 570291 492481 430014 189022 237904 581842 349580 452396 611336 479906 132898 625258 422986 581866 489845 350207 54288 811509 341920 365900 246027 156898 452533 219844 397204 525016 315927 442322 414783 371838 114130 359640 431407 518276 351985 471085 435658 154259 406248 244136 325004 455754
321248 736222 253064 191768 484285 448135 338747 425089 278541 299337 227995 315531 598904 443529 151024 999999999 295233 362108 306947 270111 665058 630018 277387 311485 432331 484006 590937 307744 366277 253680 92968 581320 406213 537169 565681 389083 533704 705278 150983 825326 300638 522376 346879 551344 313276 355041 254264 361324 122885 588877 253428 353295 477441 280874 460035 286073 498515 282583 551450 637924 542111 285519 108837 526400 460868 515959 700763 391154 131831 540653 353251 693255 349148 249311 97038 702213 473348 415330 116465 70903 563953 72097 548159 482134 460612 564748 559651 504982 131635 217503 543113 370968 348570 532854 564699 286049 257970 264041 174002 344691
462607 460973 168246 424706 200223 540517 45321 526000 573301 592745 427015 599858 434252 257419 257441 295233 999999999 96343 360737 446688 433624 567956 450848 575498 323460 282338 300593 123261 107779 511915 202512 321795 297177 443947 611706 439250 361207 667194 320852 536713 584047 474105 245323 624684 326496 626093 445573 115143 294617 491004 257035 364034 554551 362879 547020 28851 482827 555061 325308 626446 298657 438219 402169 372070 229757 221961 416750 337242 372721 453478 644800 435683 472332 544534 257246 670361 536946 120098 283351 353819 316597 313862 471031 305636 337132 340754 416284 321843 170174 377821 298773 527904 604251 238232 626721 198929 507739 499130 407052 637472
557992 453443 160723 510838 123203 518177 91261 507444 639292 650306 449346 648388 344374 171009 348788 362108 96343 999999999 457020 539730 462872 497710 544201 613037 255906 190122 232037 85286 165964 549416 273732 229071 233167 371098 705384 534860 422781 599884 350030 507805 659889 559943 195004 719878 302654 665728 537307 27924 330673 567032 353349 332834 650291 356137 522503 85030 430472 634952 229068 714137 330317 532759 463218 286750 278081 193520 399550 287300 455835 381782 715359 446394 465449 607703 341541 604592 632275 97843 321242 427056 343678 364411 552057 218315 414843 380756 483925 382550 250277 393957 329792 527679 689055 204161 721309 293027 541938 586477 442477 693536
129144 624662 454853 222908 543603 748409 377127 726404 454633 512503 534837 559786 786909 610132 163271 306947 360737 457020 999999999 156973 492637 881958 155150 587086 649397 639911 621763 460547 337600 540250 288867 676326 621075 769177 270275 87442 325873 970552 451199 742804 404836 225582 559606 270695 579793 618073 174114 474807 418890 309459 103752 622918 197234 569914 759516 377434 766640 355939 686044 331029 413749 126878 372043 719661 345956 502828 616204 634667 228158 776175 484479 554003 652198 448778 215088 970152 183714 441270 408965 288531 435044 378458 262164 657682 231522 404629 318207 317386 266551 521312 415692 677793 358265 521778 277392 172506 549790 256348 478681 554450
62949 774180 490037 99747 644355 712320 475173 688515 318847 384135 477718 440971 839584 669360 191650 270111 446688 539730 156973 999999999 648436 896374 7618 484486 683697 705015 735044 519145 455662 449375 301745 768165 655971 796400 325172 187177 482651 974567 419681 888487 255368 361472 593928 297547 580776 505635 23609 551149 392945 454786 217917 621883 229757 550870 724782 454858 767639 204778 761900 425853 562371 34375 288083 768407 489345 625897 760560 652608 143712 801214 335227 706834 611586 321561 214927 971826 235045 548621 386466 218371 584300 337806 405533 713994 388462 558122 473990 472600 301832 481680 564190 621781 201343 644952 315395 296341 463218 101972 415625 421909
618365 174185 600182 693094 424924 972478 395846 958855 908908 951077 848986 978553 753045 612316 541319 665058 433624 462872 492637 648436 999999999 946465 647276 974807 714000 610600 404835 539535 326902 914136 583039 533039 693754 820158 572575 503782 169794 1050377 741796 301376 881070 376537 657631 618248 756686 1019974 663093 490122 711339 298985 450132 791283 584636 796504 978294 460912 892737 836257 601417 496499 135128 619488 769766 717468 209123 304275 210534 750171 670300 831934 957585 87747 905852 891473 581487 1056819 558138 366858 699216 695190 119311 711631 329773 651197 263927 100310 208808 176059 539708 805258 135169 960078 849371 309053 603698 387140 914589 743534 817327 996592
940121 889395 428612 821398 524450 304969 584723 321832 807481 771513 493780 724188 225474 334560 727106 630018 567956 497710 881958 896374 946465 999999999 903257 646299 244556 337803 582256 445048 662178 607765 600977 453898 270922 127005 1151228 968971 920377 103987 492316 889958 878325 1037960 327409 1151467 316771 691475 882689 469988 511289 1058872 786397 278088 1076840 363421 294588 540758 141496 882473 367913 1186122 820458 906114 663380 232878 775357 645328 824745 247436 761845 115954 892049 910824 369370 769462 686681 111563 1065475 584824 515099 694300 830328 571699 1038374 295840 905050 873884 980433 880157 616059 453355 819578 419942 959401 644684 1159304 753318 588323 890910 545468 795625
55954 774306 496119 107166 648116 719865 478832 696069 324866 390517 485330 447729 845439 674885 196590 277387 450848 544201 155150 7618 647276 903257 999999999 491699 690002 710361 738199 524520 458201 456819 308009 772461 662239 802953 317977 182076 481014 981670 427077 889143 260102 356804 600158 290049 587779 512569 30523 555901 400242 450648 219504 628950 222486 558187 732320 459399 774735 209342 766879 419338 562529 29946 295676 774346 490034 628352 761326 659303 151283 807823 339868 706403 619145 328087 221094 978968 228079 551924 393703 225949 584387 345240 401298 719653 386652 557519 471317 471577 307417 489196 564366 629398 203226 647416 307985 298026 470711 106187 423242 428012
547358 1033919 459154 385273 733176 355805 620804 333560 211703 147995 178159 83214 720320 620397 453830 311485 575498 613037 587086 484486 974807 646299 491699 999999999 552982 662159 842316 535170 664507 63803 392400 793705 537747 608317 809658 655454 844914 680627 263418 1111581 305284 812226 501351 779846 394223 53821 461220 601138 283233 888742 557798 408128 714164 319438 368890 557326 507062 338209 736547 905344 848755 514490 217072 655107 768276 794523 992143 483852 360117 605118 279324 998014 276944 184186 403569 671623 719024 690128 293592 300925 870072 265197 844713 640826 769260 874582 868294 816467 435517 236851 849593 233634 413954 809088 798948 597322 72707 410637 170591 155830
720573 677926 195963 621336 305462 319396 340833 318494 662150 644971 375808 615864 172595 111902 502381 432331 323460 255906 649397 683697 714000 244556 690002 552982 999999999 138624 387928 200830 418533 497998 382001 284131 28334 121531 915914 735241 677253 344983 324886 701273 715426 794932 90474 920088 158761 605657 673235 227985 330658 814320 550314 152437 846251 233862 318525 296461 183158 708149 204817 944598 584046 688475 494423 102893 533916 421314 616371 72957 560533 130335 747233 687273 311737 624673 469005 349120 832940 347744 329685 502227 595785 389806 794187 100880 660510 635840 736435 637090 388469 319213 583355 379990 779072 424395 926177 511679 482526 695668 405885 679375
731349 553973 231415 659664 186762 457648 280900 455810 742162 736066 484364 716652 154915 42390 514278 484006 282338 190122 639911 705015 610600 337803 710361 662159 138624 999999999 253641 185886 352031 602882 412105 145890 137327 214190 894024 720672 601050 441706 411819 567292 782160 749710 160808 906499 277215 715839 698927 167375 407321 752807 536393 283174 835583 351532 457049 262741 315011 766589 74393 904148 488350 703000 566468 106898 452579 307849 490310 207098 600332 226567 824878 573021 442388 706382 493967 449162 818665 258148 402556 554599 496391 459498 740311 43350 602354 543256 665291 561154 403615 425374 487277 510792 830464 306881 908945 481233 589793 736090 502096 774478
740222 310065 383883 723429 109365 699998 263308 694716 869258 882160 673801 880101 366867 276341 552592 590937 300593 232037 621763 735044 404835 582256 738199 842316 387928 253641 999999999 307237 284228 779019 499946 133792 379147 464258 830407 684255 454862 684506 578909 313765 884340 652055 374708 857574 497903 895454 737180 241246 561524 622814 525188 516242 796783 563899 701118 305206 568259 855619 215165 804978 312653 721241 694237 350610 318446 128499 244393 448720 672946 476816 943394 346744 667722 838498 557508 693498 774413 186851 552493 652980 310553 596433 626443 296726 494124 367509 523145 420507 470479 616324 310812 734164 903206 112715 853101 449649 770482 796544 672189 925523
546493 538292 77160 475605 198403 435512 147286 423892 578414 582901 367494 575481 326608 151206 328653 307744 123261 85286 460547 519145 539535 445048 524520 535170 200830 185886 307237 999999999 224333 471998 228772 274463 174135 321945 721927 544035 482342 543953 271842 592451 608374 594431 122898 730055 219304 588416 513097 66855 256102 614181 358324 251929 657579 270870 440426 95711 361399 588590 246655 745001 405135 517569 400924 259259 344649 278799 484821 215809 417077 331120 657854 528418 380301 544859 308574 547101 642273 180797 247925 376805 420327 297143 593389 197780 460288 452479 538960 442549 217790 310995 404852 442395 649093 289321 734327 312823 463252 552097 365319 624782
456826 370583 275958 457207 212149 648296 77831 633703 636313 664943 526115 680340 506932 336612 284282 366277 107779 165964 337600 455662 326902 662178 458201 664507 418533 352031 284228 224333 999999999 601799 275465 348914 393963 536065 560024 402932 258890 763492 418913 460978 632750 400253 347085 581597 434074 713090 460129 193008 390089 401428 241751 471085 517174 470038 654784 136082 585686 597232 377408 555642 192519 439440 475081 452116 122047 170313 334970 440137 414370 546454 700486 335262 579099 611493 303751 767596 496117 108062 378235 413598 211568 399420 388414 383343 250329 233017 318359 218832 234651 479912 192812 633281 635053 189340 579640 165436 599723 526034 500006 710516
511559 970790 396283 349659 669812 330333 557207 306616 213833 165085 122516 119170 667455 560874 399929 253680 511915 549416 540250 449375 914136 607765 456819 63803 497998 602882 779019 471998 601799 999999999 331156 732479 481353 560530 773297 612553 787223 650115 200156 1047849 301690 764028 442229 746780 339612 116436 426741 537791 219438 837368 503949 357371 678617 266386 343807 493577 466817 326206 677195 863757 787108 477368 168318 600673 706924 730742 928619 430641 316904 558232 292570 935831 241032 179298 348151 642121 681511 626341 229792 251785 808277 203044 794445 583110 713785 814028 812872 757860 374447 179158 787904 211386 405197 745289 764748 539605 20339 385294 106944 188325
340139 646015 188871 247569 394468 464556 245806 443717 370810 391976 276818 404876 539517 373807 127430 92968 202512 273732 288867 301745 583039 600977 308009 392400 382001 412105 499946 228772 275465 331156 999999999 497788 354232 496018 558526 376045 462292 685345 175856 732991 386169 483457 292189 553303 291943 439287 292002 275846 142238 537864 209074 334894 478381 282517 474952 194741 479763 362140 475397 613785 456389 307129 201177 467784 375891 422991 609016 354374 188415 501403 443454 606183 372653 342199 87058 684172 469256 322584 130506 153467 477790 128744 501725 416274 398330 483014 495893 430413 43369 246963 457247 408952 420450 439903 563045 218460 331699 323985 236246 437173
783858 443547 341643 739224 137146 603438 299269 601693 852686 854715 617844 842215 234280 181261 577679 581320 321795 229071 676326 768165 533039 453898 772461 793705 284131 145890 133792 274463 348914 732479 497788 999999999 282851 341174 908928 748569 562802 554764 535306 436125 881787 743191 297470 929819 418988 847523 766213 222182 525033 726886 574017 428106 863762 491552 602651 314068 455141 859883 87027 898480 429064 759988 675186 226552 417367 236190 377728 352901 683264 353700 932313 479327 586502 818770 569857 564369 843614 240875 518220 649292 430802 570478 724024 184513 587011 485215 630655 525455 478102 558746 427476 654734 916607 226675 928402 505809 720999 815117 628257 895469
692489 663202 167719 594532 291424 322354 316148 319290 640375 625289 359833 598389 195150 103817 474189 406213 297177 233167 621075 655971 693754 270922 662239 537747 28334 137327 379147 174135 393963 481353 354232 282851 999999999 149348 887687 706946 652843 370242 303173 691232 691700 767644 62295 891763 144812 590840 645709 205291 307153 788179 522073 146054 817919 220383 322668 269846 199731 683368 208263 916960 562737 660489 470960 123473 510589 404603 602597 70424 533739 157736 725198 669580 305671 603122 441188 373858 804627 326950 305592 476385 575101 365597 767463 105658 634309 613837 711336 612744 360236 302198 562115 374124 753618 408736 897882 483990 466533 669124 386653 660638
836031 768025 314437 728524 399799 309608 458863 318012 744418 718021 439421 679647 137223 207896 619244 537169 443947 371098 769177 796400 820158 127005 802953 608317 121531 214190 464258 321945 536065 560530 496018 341174 149348 999999999 1036582 855422 793873 230450 412962 775813 806380 916301 209689 1039742 233149 658159 784599 343470 425697 934198 670957 204810 965626 297124 303682 417362 130930 804312 254152 1066126 693586 803140 586261 114647 648492 520176 704080 146272 667952 12571 829954 786305 339980 706320 582952 236664 952862 457837 427141 605085 703656 486533 914954 171288 780562 746913 854421 753643 506023 389422 692723 402732 878309 520311 1046312 633209 542723 801101 481551 747808
262327 739595 723085 424588 772000 1012953 617794 990276 634946 703726 789468 763962 1045288 867963 431648 565681 611706 705384 270275 325172 572575 1151228 317977 809658 915914 894024 830407 721927 560024 773297 558526 908928 887687 1036582 999999999 182835 416183 1240660 714787 867586 556588 196835 826924 55519 849959 829835 348480 726691 683623 280416 365632 893057 95836 837697 1024516 632700 1036915 506610 932124 127168 554970 295946 608527 980610 516741 702783 754238 904221 459039 1044013 631524 655234 914727 642924 480688 1240362 92743 668054 674455 531166 570449 637710 243033 916097 343658 519786 364013 434600 536718 783091 557190 934138 464882 720197 33399 412791 786304 409291 729622 737928
132940 651446 541350 275918 613523 833692 451112 811417 504609 567718 615922 620651 869568 692363 249708 389083 439250 534860 87442 187177 503782 968971 182076 655454 735241 720672 684255 544035 402932 612553 376045 748569 706946 855422 182835 999999999 334044 1057912 535856 774680 442109 175562 645749 186093 667203 682373 209684 554228 503993 272018 185746 710319 115537 656391 844980 457977 854081 391237 763669 251517 446198 152827 444592 803284 388679 560780 651449 721780 295892 862596 521771 574481 736635 504308 300196 1057557 98249 509757 494383 362996 465764 461088 222304 740218 241388 426388 308371 336111 353925 605308 448309 759825 375621 579319 190936 243231 623547 287917 558075 607102
449739 325095 526589 534629 432300 893673 336719 876936 757670 805214 738053 839184 754178 590952 396039 533704 361207 422781 325873 482651 169794 920377 481014 844914 677253 601050 454862 482342 258890 787223 462292 562802 652843 793873 416183 334044 999999999 1022108 633336 452328 722323 220077 605239 457768 684330 886411 498555 450417 600692 168711 296832 723552 418402 710279 901377 390025 843582 675801 612693 360254 147294 452603 632298 705010 148818 329422 338383 697922 518422 804496 800349 243372 815481 743633 442426 1026368 392068 343029 588496 552875 158375 589465 181241 636070 94816 104061 68316 40232 419787 701733 149434 862357 683990 342842 445517 247655 790402 580032 698065 850065
1021363 992476 521376 894597 628397 325603 685815 347147 857986 815196 544919 761825 322767 438293 812564 705278 667194 599884 970552 974567 1050377 103987 981670 680627 344983 441706 684506 543953 763492 650115 685345 554764 370242 230450 1240660 1057912 1022108 999999999 560846 990210 934829 1134061 423764 1238338 394702 721113 959484 572057 583584 1158111 877567 352844 1163468 428485 312963 639525 206940 943751 469585 1280414 924024 986638 726661 336357 877853 749304 927629 337947 836362 218983 940744 1014710 409332 820575 769310 14584 1153335 688144 588922 766052 934082 642426 1136256 399821 1004213 977244 1081391 981920 704001 512694 923166 447484 1022290 748579 1247261 848555 629988 961165 601753 834530
472121 781801 196370 334496 469759 298166 365499 275618 337305 324583 107290 306921 497433 369430 288925 150983 320852 350030 451199 419681 741796 492316 427077 263418 324886 411819 578909 271842 418913 200156 175856 535306 303173 412962 714787 535856 633336 560846 999999999 852515 393607 656929 254249 701933 180078 316579 402574 337721 33649 713666 382444 214666 627785 132618 309776 299619 355701 392106 485314 781383 609893 436323 173358 426527 532676 534862 736131 268648 277783 414245 422348 753890 201008 299958 236112 556825 622852 430558 45415 205636 629872 82252 677003 397527 573422 643433 670272 599485 215489 71397 610406 233116 467725 548616 714846 393380 191922 400376 93647 362676
871926 128319 668526 909327 404264 1009425 491432 1002542 1097288 1124643 955309 1135913 667913 589439 739413 825326 536713 507805 742804 888487 301376 889958 889143 1111581 701273 567292 313765 592451 460978 1047849 732991 436125 691232 775813 867586 774680 452328 990210 852515 999999999 1090623 670778 680549 910089 801157 1162611 898264 526623 829022 599528 672337 823731 868669 861565 1011336 554283 882023 1052348 522672 797506 329630 864782 934051 661354 399142 317656 128427 759931 871860 788382 1160368 214417 969151 1072235 764061 1000122 842628 421992 818263 874576 309205 850456 626996 610238 536258 350878 504908 440523 694051 901138 327610 1033420 1081800 304424 897503 595807 1042693 972334 942012 1170014
311328 987095 550790 188041 780255 626090 624088 601727 94240 164617 390241 234044 886833 740906 351324 300638 584047 659889 404836 255368 881070 878325 260102 305284 715426 782160 884340 608374 632750 301690 386169 881787 691700 806380 556588 442109 722323 934829 393607 1090623 999999999 616834 636581 516137 573248 303349 233956 660980 384767 709662 431298 605046 462533 515485 639605 579909 737773 51098 851058 670231 778510 289697 221107 814787 699240 796692 962628 662192 218792 807306 79947 929187 529634 122973 330315 928426 475089 702156 386144 232923 801040 326313 660602 776837 630960 785028 722258 706033 413911 425014 780031 511308 110309 814803 538404 500685 321363 154302 333585 187735
308454 542761 613772 444236 606547 947447 468844 926984 675610 736084 749086 785043 904293 729678 371711 522376 474105 559943 225582 361472 376537 1037960 356804 812226 794932 749710 652055 594431 400253 764028 483457 743191 767644 916301 196835 175562 220077 1134061 656929 670778 616834 999999999 710777 241818 759040 843655 383274 584549 623465 99670 274620 801720 216374 763606 957491 499486 938382 566144 777594 155552 362268 327137 596307 845202 333778 523559 558460 796950 453738 925252 696658 458485 856000 672346 425999 1135802 190296 505218 612368 512385 376385 591465 51682 777607 157939 324054 167729 241599 449926 728289 364483 888776 550574 539813 227314 285825 772679 462942 696299 777012
630197 641387 105504 533787 276306 329675 269692 322012 589336 578726 323603 556711 252085 119217 411913 346879 245323 195004 559606 593928 657631 327409 600158 501351 90474 160808 374708 122898 347085 442229 292189 297470 62295 209689 826924 645749 605239 423764 254249 680549 636581 710777 999999999 830242 123705 555034 583896 168401 253939 735077 461317 143309 756258 194218 332526 217013 238614 626198 235197 858746 524336 598233 416883 179578 466730 380078 583508 93282 473042 217156 673441 640247 293556 552654 379076 426202 743255 292435 251029 417456 538351 310372 712512 143280 581244 573260 661544 565444 297997 264580 523910 360792 695127 386887 836653 425910 428999 608769 342529 615980
236287 782611 725333 397151 793608 999458 634608 976307 597926 667851 770909 730126 1055659 878439 425899 551344 624684 719878 270695 297547 618248 1151467 290049 779846 920088 906499 857574 730055 581597 746780 553303 929819 891763 1039742 55519 186093 457768 1238338 701933 910089 516137 241818 830242 999999999 845178 797143 320038 739783 671856 330805 371731 888024 74931 828059 1011379 643895 1033064 467104 948258 181873 592291 271701 584983 989313 548534 731119 794149 904033 437170 1046623 589118 699280 900036 608437 471744 1237388 87874 689479 663369 510944 608876 622797 290583 926307 379508 560314 409473 473028 535408 768550 594502 915620 420200 749008 24588 427129 760760 373451 709861 700194
626695 755643 158360 504641 397277 216298 361041 204793 512391 489967 217226 457940 328160 238110 419369 313276 326496 302654 579793 580776 756686 316771 587779 394223 158761 277215 497903 219304 434074 339612 291943 418988 144812 233149 849959 667203 684330 394702 180078 801157 573248 759040 123705 845178 999999999 446958 566478 279039 195409 797297 491830 43177 770249 75587 221646 297997 188162 572054 350583 898592 621702 592062 353432 261141 556120 494544 700000 91953 445092 234185 597923 747721 169911 474409 374791 392873 761148 399782 198558 377900 637881 256252 768590 249970 646008 666522 734415 645886 314612 161609 621570 237111 647066 503133 854969 475144 323870 574631 251198 522752
568520 1083149 512589 408173 786245 395510 671414 374389 209530 138879 231632 69434 772140 674117 492439 355041 626093 665728 618073 505635 1019974 691475 512569 53821 605657 715839 895454 588416 713090 116436 439287 847523 590840 658159 829835 682373 886411 721113 316579 1162611 303349 843655 555034 797143 446958 999999999 482080 654226 335392 923216 595811 459581 734017 371876 408208 608587 553585 342325 790231 930090 895443 537115 254566 707533 814596 845932 1042390 536023 389923 654562 263923 1045467 323088 190121 444019 711531 740648 741615 345454 336783 916971 313830 878144 694208 808363 919670 907152 859108 482038 290477 896344 273947 413634 860726 817191 639347 126524 424387 223329 130428
86446 785470 480830 77163 644452 693472 475826 669550 295606 360618 457616 417363 831186 662530 188535 254264 445573 537307 174114 23609 663093 882689 30523 461220 673235 698927 737180 513097 460129 426741 292002 766213 645709 784599 348480 209684 498555 959484 402574 898264 233956 383274 583896 320038 566478 482080 999999999 547618 376721 475720 226113 607151 252945 534365 706038 452284 752649 183766 757293 449442 573714 57080 266646 759655 499312 630429 770086 640106 125120 789114 313898 719630 592569 297985 206072 956475 258574 550417 370721 199362 595816 320433 426647 706543 404862 571460 492167 487060 295315 463286 575486 601321 186460 649434 338234 303854 440820 82302 395265 398581
572086 476621 144012 517535 132039 493736 117040 483627 636448 644415 434310 639582 320424 145261 359572 361324 115143 27924 474807 551149 490122 469988 555901 601138 227985 167375 241246 66855 193008 537791 275846 222182 205291 343470 726691 554228 450417 572057 337721 526623 660980 584549 168401 739783 279039 654226 547618 999999999 320522 593541 371064 307806 669426 335276 497728 97987 402896 637982 212362 738275 357915 545744 459456 261008 305977 215563 421328 260183 461164 354084 714065 472065 443856 603936 348269 576718 652019 124051 311756 428126 371016 358103 577751 193065 440950 408576 511236 410191 256334 377844 357362 507119 694485 224804 741860 313909 529438 593642 430945 686999
443775 755340 183508 311131 452161 329699 339675 307526 335635 330104 138066 319380 502293 365052 256214 122885 294617 330673 418890 392945 711339 511289 400242 283233 330658 407321 561524 256102 390089 219438 142238 525033 307153 425697 683623 503993 600692 583584 33649 829022 384767 623465 253939 671856 195409 335392 376721 320522 999999999 680022 348928 233303 597479 157993 341038 274885 377248 379079 479748 748681 580140 408157 163823 430479 502249 511622 711068 279793 252846 427898 419514 725338 233678 299329 203888 580169 591951 407192 12226 183120 600388 60939 643371 396479 540015 612592 637022 567162 182173 104993 580710 266760 452618 525975 684324 359976 213674 379623 113006 370437
404677 471398 644924 532036 593484 995658 476583 976502 763920 821773 811275 867277 907484 737951 438437 588877 491004 567032 309459 454786 298985 1058872 450648 888742 814320 752807 622814 614181 401428 837368 537864 726886 788179 934198 280416 272018 168711 1158111 713666 599528 709662 99670 735077 330805 797297 923216 475720 593541 680022 999999999 335527 838939 314023 810508 1004851 518589 969416 659414 771462 198196 315560 420737 671695 853532 309526 496266 496072 825047 535048 944028 789608 385118 908611 758089 491887 1161064 288392 498131 668362 587832 324832 654744 49721 784771 153898 267693 101578 202514 500105 784826 317662 946781 647623 510403 313074 324490 844424 556730 762220 863900
215116 561200 357849 243716 442677 673550 274789 652790 461126 508658 476724 545057 684171 507132 104063 253428 257035 353349 103752 217917 450132 786397 219504 557798 550314 536393 525188 358324 241751 503949 209074 574017 522073 670957 365632 185746 296832 877567 382444 672337 431298 274620 461317 371731 491830 595811 226113 371064 348928 335527 999999999 534952 299552 490621 683833 273783 676106 387682 582336 406990 350073 198580 341486 617582 273787 410770 544077 540047 221769 678440 507456 498973 581415 446842 156567 877906 283963 341710 337773 259295 372443 319592 295851 554852 212989 353744 311440 276298 177910 453832 351742 614772 409877 429851 376385 78555 510043 300768 426714 553357
668608 783567 196969 543997 419552 186554 396652 178844 540258 513289 235395 476513 312704 247248 462299 353295 364034 332834 622918 621883 791283 278088 628950 408128 152437 283174 516242 251929 471085 357371 334894 428106 146054 204810 893057 710319 723552 352844 214666 823731 605046 801720 143309 888024 43177 459581 607151 307806 233303 838939 534952 999999999 813094 92320 189990 335303 145957 606264 354182 941659 656617 633815 387068 250345 592996 522112 726379 79556 484913 204020 625738 779173 159809 502114 417267 350636 804141 430611 237516 416405 672156 293614 810757 250828 687205 702666 774696 684803 357786 184646 656396 228243 682345 529561 897939 517439 340236 612902 276993 543702
167116 742683 651189 329377 728380 925562 566617 902523 539544 608076 698522 668131 983698 806683 350985 477441 554551 650291 197234 229757 584636 1076840 222486 714164 846251 835583 796783 657579 517174 678617 478381 863762 817919 965626 95836 115537 418402 1163468 627785 868669 462533 216374 756258 74931 770249 734017 252945 669426 597479 314023 299552 813094 999999999 753412 937402 572842 958144 412203 879160 210127 544603 201435 514856 916777 494156 671893 748969 829404 365959 972396 538473 661770 826418 547137 396904 1162487 26530 624450 588874 439047 562647 549102 267975 854393 332794 517809 378389 428325 460806 694838 546782 843283 374273 690175 87514 358728 691960 313850 637935 642642
601596 808735 198982 467072 460068 185189 402106 166925 448564 420992 143943 385319 401296 311602 406734 280874 362879 356137 569914 550870 796504 363421 558187 319438 233862 351532 563899 270870 470038 266386 282517 491552 220383 297124 837697 656391 710279 428485 132618 861565 515485 763606 194218 828059 75587 371876 534365 335276 157993 810508 490621 92320 753412 999999999 194411 335839 224483 519117 425299 896298 661511 566049 300202 335690 591088 549656 755687 164536 409936 296165 533962 794546 110141 410402 357089 424282 746783 450494 165267 338236 679151 214698 778086 325377 662885 702767 755490 673280 313681 92464 661601 171868 596406 559851 839789 486018 249914 532704 185093 451782
779769 973513 378866 633426 607831 13527 582548 37959 556409 507744 254613 451026 439208 426451 596388 460035 547020 522503 759516 724782 978294 294588 732320 368890 318525 457049 701118 440426 654784 343807 474952 602651 322668 303682 1024516 844980 901377 312963 309776 1011336 639605 957491 332526 1011379 221646 408208 706038 497728 341038 1004851 683833 189990 937402 194411 999999999 518787 174579 655716 521817 1088109 843275 743815 448981 395603 776771 712062 916025 252532 581162 295198 636376 968590 114045 520266 544794 303332 932628 620154 350619 506680 859525 388815 972472 418705 856703 887600 948417 863660 507669 243347 843159 135259 735606 719322 1024549 680368 323469 690625 316937 523942
474336 482883 139922 426616 200459 512426 67216 498181 564602 580811 404813 584906 412590 235266 263776 286073 28851 85030 377434 454858 460912 540758 459399 557326 296461 262741 305206 95711 136082 493577 194741 314068 269846 417362 632700 457977 390025 639525 299619 554283 579909 499486 217013 643895 297997 608587 452284 97987 274885 518589 273783 335303 572842 335839 518787 999999999 454180 553086 310330 650960 325820 448442 391062 348751 258129 237371 436533 308644 372486 426685 638188 460618 445575 534634 257585 642521 556037 133234 264013 347916 343312 298546 497725 283423 364691 368825 444818 350685 167253 354195 325866 502106 605355 252516 646746 220699 488534 501996 387812 625082
