NAME : synthetic_000108
TYPE : CTSP-D
DIMENSION : 100
GROUPS : 8
RELAXATION_LEVEL : 1
EDGE_WEIGHT_TYPE : EXPLICIT
EDGE_WEIGHT_FORMAT : FULL_MATRIX
EDGE_WEIGHT_SECTION
999999999 633793 267940 219180 430668 729931 693943 122461 671019 201682 259326 960866 472121 236993 204863 524885 725742 82631 765356 684749 453293 166735 364228 926407 761451 619505 317335 570001 395402 245238 414428 807144 613177 220391 435717 719176 341349 738868 70689 387931 809521 541140 457850 417734 474141 322652 477589 677410 103615 466357 486383 101235 504117 629684 385848 866577 296607 755672 853763 616752 338275 299649 694512 642691 227002 666687 186676 145530 163346 766271 795858 486310 660891 183978 605239 658410 84190 118537 258828 248032 800025 466634 637353 576685 784693 833280 443377 217291 50343 389498 305010 668284 668857 748027 171246 510060 695209 73254 645833 676967
633793 999999999 648604 762280 298112 131117 272574 681897 999596 819014 508523 547789 439950 451926 428945 287122 707822 688053 991870 130679 407652 729677 375002 640391 448342 966769 364964 610784 568712 866162 492195 540180 312539 601013 663159 653343 312104 162530 576153 422788 693189 453320 423138 358501 553156 786756 267567 148587 611005 772735 674846 656480 130063 176944 796780 456282 430808 299183 550090 740135 770888 591891 71566 934631 604087 418554 816736 696728 794277 1035168 531899 899642 689269 813119 727334 821770 708617 750236 666963 836552 372852 546333 195127 228769 1014937 363165 266173 766503 583566 453353 395292 215552 39013 659326 511995 283936 238833 586916 74739 330767
267940 648604 999999999 161925 362495 771264 596584 168384 426476 282010 480323 808004 304936 209887 309160 428564 479791 220341 502166 647029 307337 428305 279080 731934 602630 378691 463591 332128 166584 446469 226901 622754 495853 474441 172894 485985 344375 697565 304170 253249 578551 362779 302139 314279 251426 138583 600884 743538 363760 202803 224617 174048 537285 570504 158148 725558 217804 655712 674736 353971 123633 70997 689489 386491 56123 507553 379611 156872 360303 510131 612368 268748 411656 380931 343437 390773 326508 329065 23758 485103 677894 246891 570157 499575 522504 722940 561055 476985 268109 233080 469700 592955 673917 517123 383369 641883 612112 318889 689058 808982
219180 762280 161925 999999999 497019 876173 746034 100916 467914 128004 476085 968660 463560 310811 362829 574365 629568 138579 582033 779959 461904 339507 414236 893437 763148 415321 507700 488582 328272 310461 386868 784678 648434 438022 317595 641739 450176 832502 283404 402598 734112 523674 458611 457762 412690 117780 662416 836895 321525 298518 367517 128470 640375 708852 190582 884569 344004 806528 836631 489314 145643 231177 811641 451514 174781 667560 247965 78146 234047 571633 774288 275839 560531 250966 480897 507994 235843 217628 138610 366024 833573 408470 710938 641749 598849 876678 624504 380954 249509 387107 503339 736521 791947 673314 382796 699654 758127 290759 791706 869356
430668 298112 362495 497019 999999999 427680 263442 435295 703249 579619 438594 538899 160634 199120 256211 96515 470107 457970 706912 284883 123279 573020 83726 540077 351549 669181 318594 340900 270891 675791 196558 418371 187645 502300 365798 429545 114188 336336 397284 124713 497621 203697 139674 61828 265289 500707 363849 419094 454706 474687 381079 415093 215582 211894 502911 441545 153231 325276 455429 462109 481000 299749 329745 639906 325929 266807 614922 444175 591391 745217 407128 603141 432869 612894 448581 540802 514604 547046 383224 671722 370633 257399 214926 148319 730093 402612 329848 620262 386872 155502 347038 242720 317775 446751 384582 404622 267398 413591 352616 541902
729931 131117 771264 876173 427680 999999999 377809 790671 1130209 922808 567295 620478 571038 568889 527905 417296 833208 791271 1122737 225715 538745 806427 502221 736742 554066 1096832 433475 740915 698566 951190 622760 646448 434832 663180 793325 777045 428976 228826 667094 552358 811017 582859 554251 488624 684271 908485 297070 80098 692821 902267 805787 764125 236052 294980 922220 538402 553983 388884 649056 870657 894408 717320 138462 1065542 724405 537166 907083 807186 885545 1166274 639252 1026616 817545 902979 857935 952437 799183 842741 788579 912845 460143 677437 311349 355551 1145785 437337 312931 838114 679705 583169 459587 324088 125726 780992 590555 294370 340884 675551 84796 267265
693943 272574 596584 746034 263442 377809 999999999 694078 848434 838367 667551 299743 303168 461639 510793 173041 477085 719984 804034 152097 290850 832095 337758 368218 176871 827049 528365 423687 459581 939140 380102 269253 104631 744532 538735 416308 362003 164987 657687 344172 437438 274108 298986 289272 406202 728446 498351 419169 711925 650236 529929 675567 311820 103423 712836 200785 410202 61891 277616 552551 702407 526863 239353 777434 571323 171688 878348 700788 854818 857818 261687 797341 477341 876334 541974 633897 777742 810487 619540 932927 118037 403076 85013 119341 826054 139941 480138 877895 649434 363768 560472 57266 256783 414529 632041 527469 37614 673346 346891 602433
122461 681897 168384 100916 435295 790671 694078 999999999 550072 144422 375868 937563 433094 238419 268485 521048 646373 53162 650260 711472 423486 265529 356443 880622 733109 498239 408918 495420 322662 281254 363011 765995 602270 342849 341252 648744 371909 765026 183202 359427 741011 498897 423672 405560 407080 200319 565396 747172 226070 354027 392983 28245 556436 645725 265217 848367 283982 755678 815916 522016 217506 220267 735495 524698 146784 636758 214008 23405 193484 647674 755083 363949 578800 214748 511672 554702 161142 160688 152758 316721 790223 401002 649995 583268 668837 829519 528140 312386 148742 351116 403346 677959 713601 679256 281986 601745 701908 191626 705893 771218
671019 999596 426476 467914 703249 1130209 848434 550072 999999999 573896 905246 935482 565024 620505 732828 723740 453681 599559 158373 954426 593684 807269 635346 786875 762223 52685 886080 427664 433311 760606 507449 727068 747203 889534 337898 507373 734083 994376 721458 579304 571026 575454 579059 641811 451294 351866 1012426 1120613 773895 236235 326153 569821 912864 869798 285171 888493 602817 892512 777353 309578 332773 445214 1020440 72548 482088 694244 706106 528224 696326 114532 721444 194621 408098 710134 316535 242734 702964 685018 424758 827234 879729 456889 861417 795755 163040 933554 972591 848684 684702 548086 894529 871155 1014762 532944 807928 1054622 877882 733912 1055772 1216479
201682 819014 282010 128004 579619 922808 838367 144422 573896 999999999 451477 1077627 571657 382021 395083 665326 756614 131540 699169 854199 564701 256106 500822 1012277 872488 521410 518812 613220 447685 188146 498309 900532 745784 390395 444723 766885 512291 907943 272003 501615 859414 635455 563792 549583 532874 237552 678940 874302 283634 424279 495058 165464 691436 789676 311026 989946 428371 899914 951531 617311 269506 346698 875062 566470 279593 776204 132742 138804 126314 682657 889854 379307 687671 137143 608894 634486 169144 131422 260159 253995 933454 527893 794198 727661 714617 973402 644173 287219 248818 491142 506601 822317 851958 798262 370818 711731 846328 271366 838123 878523
259326 508523 480323 476085 438594 567295 667551 375868 905246 451477 999999999 963895 554822 328076 205113 529904 859182 341935 978315 601919 522571 252906 415494 978668 788195 855866 145182 705487 549026 407954 529624 856897 619326 96175 619951 834822 324439 652013 192709 469636 915718 619099 534282 462015 606627 569705 274794 498408 168297 681692 664136 349831 387986 576666 624244 864457 380971 723608 893574 787915 578537 480583 579026 866705 426344 705396 381644 399216 365202 990137 845627 731276 803878 376323 774733 846431 287271 331966 480504 354430 784997 597647 590726 551421 999515 802990 254365 275540 227599 487889 113603 624357 547461 858417 97354 293586 654719 186176 491736 445235
960866 547789 808004 968660 538899 620478 299743 937563 935482 1077627 963895 999999999 506174 723877 794848 442431 487279 972385 842421 417135 514233 1110669 596772 183069 205527 930479 826912 530086 646152 1202643 581798 208838 351270 1036890 696061 429111 648427 394415 934562 579048 384417 445226 514025 543153 568081 921860 794493 681211 993392 792910 666532 924028 609614 400208 886012 99520 664979 252743 158300 627543 889955 737653 493167 863552 798633 301522 1138399 939199 1115193 907296 215439 944996 527413 1137220 622511 694120 1044893 1072398 831742 1206740 182221 569710 382963 412549 860492 185178 778473 1158569 920857 586685 858825 350927 520750 406405 921337 820915 321193 951300 616552 874502
472121 439950 304936 463560 160634 571038 303168 433094 565024 571657 554822 506174 999999999 244522 352375 158724 315163 471231 552606 390218 37753 633494 140423 454298 300855 536939 456109 180270 156504 705495 78985 335724 198765 600440 238536 282038 248191 432714 461887 87803 360898 69222 22039 105240 114077 429694 522112 572304 526735 351115 238958 421633 374306 305923 409921 421043 182930 358448 384007 303575 401725 233951 455766 497598 292459 204652 639559 433547 616883 595258 324541 495182 273226 638974 290277 383827 553889 575919 328638 719967 373945 108138 299078 231351 575737 420777 486641 683725 439798 83175 480519 313221 451704 304060 481757 563512 325672 479718 502381 702440
236993 451926 209887 310811 199120 568889 461639 238419 620505 382021 328076 723877 244522 999999999 124997 290079 533563 258852 668101 473250 220467 391733 127323 695488 525148 576658 268917 378390 222903 480210 204069 574738 376878 360128 302788 514053 140202 526694 217886 157011 599477 313402 227423 180742 279109 342404 393703 536123 282286 385102 342074 216767 332979 407700 367563 629728 61918 523528 619702 461646 332825 175293 500977 570035 157914 431110 417725 249631 394247 689564 563361 477513 476400 416010 448256 524439 321072 350410 223727 483603 564471 270220 412607 347396 690352 599750 353763 441407 198577 166861 282479 441454 481158 539869 243942 435415 466507 235625 485209 600714
204863 428945 309160 362829 256211 527905 510793 268485 732828 395083 205113 794848 352375 124997 999999999 352484 654082 263626 789512 484211 321999 321954 215799 789193 606317 686588 154503 500504 347866 442395 324527 667148 443751 250280 425441 630548 148803 538130 151571 265885 712834 418497 332550 266148 401857 425853 300704 480054 201206 500361 466347 240717 299389 435734 465282 696990 175862 571229 707768 586642 424564 291486 489967 686527 253076 517552 389232 287733 366397 807870 655751 576038 598986 385925 573246 648898 281787 321979 316489 425033 623457 392841 445587 391471 811477 650582 262153 367124 154711 282973 161936 478014 464032 654757 131009 339423 506623 165328 443329 508959
524885 287122 428564 574365 96515 417296 173041 521048 723740 665326 529904 442431 158724 290079 352484 999999999 428266 547592 706007 232210 133331 669350 164867 451406 258294 695362 402690 323687 306199 769556 225178 331107 91282 597030 394810 378917 207627 276973 493477 175441 434656 166589 146165 116674 272585 563485 421121 426995 551213 507323 397678 502722 246688 148733 554926 345043 237250 234651 364359 453414 539706 360419 297532 656096 400007 180362 707701 527805 684202 751439 320160 647218 403824 705893 440767 535326 609014 640169 450975 767490 275193 266851 144348 74071 728991 309771 392026 716723 482125 199063 432814 164548 295232 390559 480030 458785 183999 509898 354334 576651
725742 707822 479791 629568 470107 833208 477085 646373 453681 756614 859182 487279 315163 533563 654082 428266 999999999 696194 356080 617613 352241 892433 453232 333281 339859 456140 770012 156789 330347 926229 329824 283092 399007 892414 311979 63168 563234 641244 736247 392594 120705 267656 337189 419874 255867 540834 833944 852737 802357 365302 262603 646829 672647 539293 481553 454385 478221 501950 329428 161717 505160 428759 700385 383546 503548 305400 859279 636545 839584 420158 279754 503748 69111 860467 163251 211055 797421 806241 499206 961265 466886 264391 524308 479052 375056 520337 799717 942869 706815 371608 793195 519322 707546 80875 777479 874527 513410 753873 778936 1003723
82631 688053 220341 138579 457970 791271 719984 53162 599559 131540 341935 972385 471231 258852 263626 547592 696194 999999999 702575 726977 458507 212612 382910 922372 769136 547418 392037 543877 369859 235679 404477 806146 631836 299485 393181 696602 383447 780942 151395 393375 788575 538459 460156 434224 453321 248132 551352 743223 183177 406995 444872 50523 560118 665304 315587 881291 311025 781839 855166 574288 267954 268202 745004 576176 193558 672996 168889 72069 146874 698769 795096 410969 629056 168786 563775 607800 108008 110116 205572 265373 820062 446830 670936 606243 720948 857277 515637 259235 122199 388309 382522 700172 721375 726777 252489 585593 725359 155786 706584 753861
765356 991870 502166 582033 706912 1122737 804034 650260 158373 699169 978315 842421 552606 668101 789512 706007 356080 702575 999999999 927420 586881 914847 652287 679332 690149 198047 936813 384895 454092 887306 513417 639132 709966 976572 365579 417169 760754 960945 806297 590110 461937 543622 570787 645550 441786 464538 1046086 1124408 864719 299671 332406 665475 922332 843530 391471 809376 636661 839698 685138 253790 437526 499088 1001721 133739 553345 637792 828367 630612 815797 68159 635540 328516 330741 831802 265810 171420 809764 798388 507457 947831 814693 449533 832205 772821 23181 868818 1007160 959704 770096 559304 950219 835933 1001196 436660 882616 1088686 837222 820780 1054967 1242139
684749 130679 647029 779959 284883 225715 152097 711472 954426 854199 601919 417135 390218 473250 484211 232210 617613 726977 927420 999999999 365339 801445 368607 514794 328510 927156 456881 542548 537536 926398 456781 420927 220157 689122 627007 559050 344319 54129 635761 399715 587294 384259 378374 334980 503251 784855 387318 270797 680234 739484 628878 688768 215598 84686 782702 325942 436304 169552 425666 673644 763854 582596 87256 885836 610559 315525 871278 722784 848047 976589 413605 877974 609321 868343 661835 756004 765056 803262 668007 906893 243089 498002 95315 158870 950060 232735 378535 842696 636070 426809 488934 99704 107093 560432 587874 408906 115262 649026 201416 459913
453293 407652 307337 461904 123279 538745 290850 423486 593684 564701 522571 514233 37753 220467 321999 133331 352241 458507 586881 365339 999999999 611891 107077 475030 310655 563603 420397 217732 173116 690733 92036 354506 188665 571466 261794 317394 211732 410187 438303 65571 393879 96619 16418 67697 145744 437623 484364 537531 502231 374170 267802 409854 337795 282061 423940 425246 158607 348885 400476 339542 411694 236868 427011 527494 288047 214664 625583 425940 602588 627949 343155 514204 310976 624676 326116 419100 536202 560624 330679 701282 371685 138716 277065 207349 610045 415714 448945 661744 418290 74817 445415 294397 421202 338305 452358 525760 309778 455997 468401 665182
166735 729677 428305 339507 573020 806427 832095 265529 807269 256106 252906 1110669 633494 391733 321954 669350 892433 212612 914847 801445 611891 999999999 516051 1086795 915468 754731 372983 736735 562110 155998 579377 966367 759875 164141 599259 885655 470508 854745 176115 547399 975722 702715 617891 569770 640697 455745 523039 742699 121398 619553 650446 254500 600990 757237 525905 1014220 453368 892854 1011391 780751 478633 465508 796433 787409 391877 822367 144347 284319 136432 909251 955002 615170 827386 138506 769570 818534 105107 126395 415970 106930 943223 633111 767438 712910 932974 972009 497352 50681 193742 551887 348228 799949 767385 914325 217782 545317 828571 159456 726254 697628
364228 375002 279080 414236 83726 502221 337758 356443 635346 500822 415494 596772 140423 127323 215799 164867 453232 382910 652287 368607 107077 516051 999999999 575484 399423 598469 316780 308524 202739 607423 140432 453750 249809 465900 297920 422387 112797 419995 340390 64203 500682 203639 119230 53781 218640 417477 396887 485947 402325 402550 320798 337857 277632 294798 422205 502407 72466 399473 496628 417591 398567 217819 411320 575036 242333 306766 544536 363892 521103 685504 442335 524704 405973 542947 403802 491902 448353 477482 299604 610145 437742 209756 296729 228031 675363 474381 359194 565017 324407 93464 340436 322950 397468 444408 346629 439265 345894 357687 423674 589858
926407 640391 731934 893437 540077 736742 368218 880622 786875 1012277 978668 183069 454298 695488 789193 451406 333281 922372 679332 514794 475030 1086795 575484 999999999 199027 788716 854094 416558 565352 1157786 517983 122082 367630 1039095 593167 284280 654233 509135 913253 539423 217745 385423 468996 523365 480757 828016 855716 785375 976774 675629 554469 872116 669304 469340 781198 210522 633637 347863 91233 488270 793738 665578 600145 716809 734913 273272 1091247 877796 1068964 746078 133462 823652 386256 1090991 486146 544333 1008081 1028955 754927 1174260 277967 485047 450460 451475 695755 312353 832300 1136737 893091 537159 884156 425481 621778 255632 920047 888376 401667 930904 714262 970637
761451 448342 602630 763148 351549 554066 176871 733109 762223 872488 788195 205527 300855 525148 606317 258294 339859 769136 690149 328510 310655 915468 399423 199027 999999999 750708 659319 340388 441787 1001065 376280 92423 170532 853833 496854 276708 465108 333655 739685 376003 273952 239927 309458 345701 365888 718390 656694 595720 800738 598597 471774 720305 470382 273603 685594 129468 464845 175352 108453 453215 687133 532189 415659 689676 593281 96357 936147 734235 913097 750520 85361 751009 360608 935175 445709 528203 845067 870859 626377 1008728 127522 366826 254793 252514 710534 180528 633408 964325 723482 381998 689999 233038 433650 265441 735840 689530 213248 756869 522951 776469
619505 966769 378691 415321 669181 1096832 827049 498239 52685 521410 855866 930479 536939 576658 686588 695362 456140 547418 198047 927156 563603 754731 598469 788716 750708 999999999 840403 411855 398302 708315 475083 721641 724394 838453 303622 505861 694103 968793 670891 544604 575770 553002 549586 608290 424502 299524 969741 1084405 722572 196127 298764 518378 876033 842793 233821 878530 562151 873513 773104 303144 281253 401717 990508 78473 434624 678083 653539 476247 643674 163873 715310 142104 404545 657546 308001 246754 650507 632357 375748 774639 864873 429329 835327 768287 206674 918260 929833 796037 634148 513679 847932 846794 983438 533233 758514 1011738 855136 683080 1020931 1174983
317335 364964 463591 507700 318594 433475 528365 408918 886080 518812 145182 826912 456109 268917 154503 402690 770012 392037 936813 456881 420397 372983 316780 854094 659319 840403 999999999 623200 487100 519923 448670 733575 488898 236053 571280 737786 209427 506834 248048 378377 812292 514206 434335 354521 528459 578738 160309 370774 261814 652278 608501 380680 242835 434473 619736 727406 304781 582705 766557 722268 578656 442398 434889 838017 407536 582188 480482 430258 460281 958249 722535 730455 721469 475927 708581 789645 374720 419855 470929 479377 646328 519332 449276 415003 959139 661600 127753 405353 270452 402718 32366 482835 403745 758298 159096 193579 513322 252332 354067 362476
570001 610784 332128 488582 340900 740915 423687 495420 427664 613220 705487 530086 180270 378390 500504 323687 156789 543877 384895 542548 217732 736735 308524 416558 340388 411855 623200 999999999 174976 776496 176295 324485 326150 736187 177333 153859 421004 576962 579463 245219 246423 158944 201420 283890 99486 412990 700821 748287 645580 263340 138550 493948 553873 458644 364687 469363 325009 465281 377992 131105 378201 275676 617305 355698 350393 266722 709295 487336 688889 435205 316233 415018 98682 710150 119384 213476 643136 653971 353201 808041 453079 108237 447373 388393 407592 506601 664562 787271 550166 220757 644633 452051 617931 185062 621992 742554 455188 597095 676792 882678
395402 568712 166584 328272 270891 698566 459581 322662 433311 447685 549026 646152 156504 222903 347866 306199 330347 369859 454092 537536 173116 562110 202739 565352 441787 398302 487100 174976 999999999 603870 81081 456846 355261 569993 95425 326786 307332 583170 408369 146318 418720 202952 162007 210259 85233 277182 592132 687304 474116 204241 122118 319661 479748 454858 253434 567688 183349 514854 509200 238996 247299 102509 595257 372298 176371 348765 536623 316413 515721 483862 446606 341090 266215 537219 225737 302598 468185 479806 189670 633323 527291 80323 450174 380270 476933 575621 553109 612580 377598 115398 503543 467082 586464 356924 459932 634734 481171 425731 622832 790413
245238 866162 446469 310461 675791 951190 939140 281254 760606 188146 407954 1202643 705495 480210 442395 769556 926229 235679 887306 926398 690733 155998 607423 1157786 1001065 708315 519923 776496 603870 999999999 640051 1040977 857086 320071 617377 929951 585035 980392 291257 625208 1022252 773294 693445 660443 688061 424693 674372 890681 258474 608976 668857 286157 736204 874013 498329 1109566 537778 1000889 1089457 795190 455411 501519 930194 754598 427686 905357 67249 289693 88841 870269 1029866 566309 858114 66899 785824 818123 162018 130254 427719 82627 1044492 681801 882103 821907 902749 1078380 646554 152403 291434 622352 497689 913260 902763 960504 361108 698618 940348 279413 869232 853116
414428 492195 226901 386868 196558 622760 380102 363011 507449 498309 529624 581798 78985 204069 324527 225178 329824 404477 513417 456781 92036 579377 140432 517983 376280 475083 448670 176295 81081 640051 999999999 403078 276284 563927 171738 310813 252341 502133 413553 76902 398185 137269 81375 134779 79839 350762 537283 615545 479593 283383 184634 354159 410194 373880 332927 498663 148793 436480 453459 277456 323107 156106 516015 443416 218807 280799 573365 361435 551210 549363 392225 422170 274962 573199 263660 351533 493525 511830 250652 660225 452909 70730 369094 299245 536557 499700 499438 630014 387492 47174 469148 386168 508359 337625 447971 579684 400737 431428 549037 729202
807144 540180 622754 784678 418371 646448 269253 765995 727068 900532 856897 208838 335724 574738 667148 331107 283092 806146 639132 420927 354506 966367 453750 122082 92423 721641 733575 324485 456846 1040977 403078 999999999 250535 917016 495726 222566 532464 424967 792273 419413 195722 267708 349294 401429 374200 726995 741561 687841 855468 587815 462474 756176 556563 364604 685853 173790 513004 264750 53615 418739 693764 554547 508060 655001 621575 151667 974807 764408 952269 702673 11415 739199 318995 974344 413678 486442 889398 911575 646152 1055161 207198 377343 345904 337304 658132 255224 716487 1016141 772796 418886 763353 325184 526007 202991 797980 775688 305666 809865 614860 867337
613177 312539 495853 648434 187645 434832 104631 602270 747203 745784 619326 351270 198765 376878 443751 91282 399007 631836 709966 220157 188665 759875 249809 367630 170532 724394 488898 326150 355261 857086 276284 250535 999999999 687944 434204 342214 298552 250988 583854 245928 381527 171755 195615 197619 302093 625882 491348 460286 642169 545878 426478 585550 307657 140294 608642 254361 320890 160387 278420 456691 599160 425515 301429 676789 473757 108550 794346 607285 770912 761354 240213 692717 389211 792749 445418 538806 697367 727245 519095 857200 188232 298742 125581 89272 732383 228320 465953 807503 571468 262823 519709 125983 309112 346917 571205 526189 130773 600431 385914 627600
220391 601013 474441 438022 502300 663180 744532 342849 889534 390395 96175 1036890 600440 360128 250280 597030 892414 299485 976572 689122 571466 164141 465900 1039095 853833 838453 236053 736187 569993 320071 563927 917016 687944 999999999 629787 874177 389417 740334 170276 512949 959053 667636 581309 516393 636730 542917 370888 594581 116824 676993 677449 320558 477649 658036 604637 937932 419197 802439 956757 805493 557338 488818 670864 857876 424945 766816 302258 365900 288904 981778 905633 706561 832981 296617 792891 856934 221285 262391 469863 260918 860726 628094 670992 626372 996759 882175 350303 180845 206579 526495 206147 704524 639796 899812 119287 388557 734552 156184 586923 535324
435717 663159 172894 317595 365798 793325 538735 341252 337898 444723 619951 696061 238536 302788 425441 394810 311979 393181 365579 627007 261794 599259 297920 593167 496854 303622 571280 177333 95425 617377 171738 495726 434204 629787 999999999 326863 400375 670851 461954 241502 418507 268980 248680 304715 134326 235686 683662 782723 525433 112635 51736 346129 575144 543324 190232 625801 272430 590745 549290 181535 200874 141003 687717 277319 208982 409836 550966 328837 532290 391056 486587 259286 242971 552558 170666 227359 498748 501903 189844 657968 594922 136181 537270 468550 388008 645710 644297 648521 427914 210374 585204 551704 679998 358721 526706 726219 563297 478260 718065 883904
719176 653343 485985 641739 429545 777045 416308 648744 507373 766885 834822 429111 282038 514053 630548 378917 63168 696602 417169 559050 317394 885655 422387 284280 276708 505861 737786 153859 326786 929951 310813 222566 342214 874177 326863 999999999 528955 580939 723638 365221 92570 225963 303602 383919 245076 561448 792005 799564 789793 396108 281710 646444 625198 482315 507450 392329 455773 439503 270819 204068 526089 428615 642851 436014 503053 244884 862721 641044 842126 480191 218502 541164 101995 863487 201923 265198 794273 806586 506983 959906 403720 252550 466741 424959 436639 457173 759076 936314 696225 348131 762525 460135 651322 31906 757217 831794 452980 741463 725437 955568
341349 312104 344375 450176 114188 428976 362003 371909 734083 512291 324439 648427 248191 140202 148803 207627 563234 383447 760754 344319 211732 470508 112797 654233 465108 694103 209427 421004 307332 585035 252341 532464 298552 389417 400375 528955 999999999 398425 297601 176922 602871 304799 226224 145197 331217 480248 285683 399258 349991 498389 428368 347596 193449 289122 499145 549964 132299 422444 569533 529796 468000 296932 363595 677124 295744 380961 528022 385628 504661 791000 521201 606982 518007 525302 516000 602976 423071 459847 360552 572649 475184 322277 297968 242673 783711 501779 247345 515927 293637 205167 235992 329967 342296 549012 272920 328236 358227 312572 345666 483539
738868 162530 697565 832502 336336 228826 164987 765026 994376 907943 652013 394415 432714 526694 538130 276973 641244 780942 960945 54129 410187 854745 419995 509135 333655 968793 506834 576962 583170 980392 502133 424967 250988 740334 670851 580939 398425 999999999 689654 448237 601350 420508 422398 384205 544293 834949 428092 286832 733624 783482 670053 742491 264272 128542 830723 309715 488588 161944 422858 707652 813183 632207 99455 924909 662264 336067 925385 776100 902159 1012098 418828 924181 638156 922440 696302 789792 819109 857377 718845 960367 231653 539558 133636 202902 983340 209722 422577 895633 690160 474387 538668 125012 129531 579516 640543 446302 127966 702819 224464 480695
70689 576153 304170 283404 397284 667094 657687 183202 721458 272003 192709 934562 461887 217886 151571 493477 736247 151395 806297 635761 438303 176115 340390 913253 739685 670891 248048 579463 408369 291257 413553 792273 583854 170276 461954 723638 297601 689654 999999999 374741 811737 530971 445236 394019 480905 379225 408342 611957 66189 506733 510667 157554 446089 586321 437445 838213 279803 718805 836512 639902 390687 321484 639274 688120 255268 647038 240836 206574 218770 812038 780881 542082 674099 237074 627639 688494 132623 175647 299838 275299 767781 472710 595547 538819 826504 797620 374928 224642 36757 381968 234614 627549 612284 751050 101098 440074 655631 17900 583651 606519
387931 422788 253249 402598 124713 552358 344172 359427 579304 501615 469636 579048 87803 157011 265885 175441 392594 393375 590110 399715 65571 547399 64203 539423 376003 544604 378377 245219 146318 625208 76902 419413 245928 512949 241502 365221 176922 448237 374741 999999999 446990 156412 70539 65481 154448 388203 460908 541579 439297 349974 259998 345030 334904 319997 383007 488953 95232 404166 465859 353499 365172 185058 451981 517011 227858 280151 560149 362824 537120 625073 408093 480338 343184 559204 339715 428345 470704 495077 275851 635955 432346 145583 318252 247431 613234 474244 423339 597428 353675 31350 400758 339967 441628 388936 394493 503234 358868 392528 476566 652322
809521 693189 578551 734112 497621 811017 437438 741011 571026 859414 915718 384417 360898 599477 712834 434656 120705 788575 461937 587294 393879 975722 500682 217745 273952 575770 812292 246423 418720 1022252 398185 195722 381527 959053 418507 92570 602871 601350 811737 446990 999999999 298308 381543 458003 336044 652213 854671 841445 877774 482487 372219 738331 680417 517377 596344 368608 539862 448143 231841 281953 616720 520794 673704 502005 595080 274677 955012 733504 934320 528448 196506 623630 183783 955730 282557 329505 885458 898475 599546 1051378 399186 343179 500180 469375 478798 449469 823738 1026402 785218 432678 838404 487686 686276 61798 841167 893086 475042 829610 767095 1007220
541140 453320 362779 523674 203697 582859 274108 498897 575454 635455 619099 445226 69222 313402 418497 166589 267656 538459 543622 384259 96619 702715 203639 385423 239927 553002 514206 158944 202952 773294 137269 267708 171755 667636 268980 225963 304799 420508 530971 156412 298308 999999999 86461 159735 134680 480132 566965 593387 595683 378422 256077 488548 406017 300045 452287 364777 251641 322919 317031 289907 449889 292532 458361 505154 355872 145849 707099 498185 684569 592377 256639 528161 237670 706642 277829 372256 622658 644005 386516 788883 326702 133174 289355 229456 566391 376875 533473 752947 509020 151738 540109 296255 459312 244427 548645 607236 302487 548787 520907 737069
457850 423138 302139 458611 139674 554251 298986 423672 579059 563792 534282 514025 22039 227423 332550 146165 337189 460156 570787 378374 16418 617891 119230 468996 309458 549586 434335 201420 162007 693445 81375 349294 195615 581309 248680 303602 226224 422398 445236 70539 381543 86461 999999999 83292 130036 430340 500328 553660 509668 361245 252985 411024 354195 294656 414282 426655 165543 355992 396384 323164 403582 231288 441408 512494 285724 213128 627904 425225 605049 612216 338008 502762 295029 627148 309751 402816 540249 563538 325671 705871 375796 123236 288967 219880 593946 421046 464749 667948 424155 72669 458927 305108 436155 325211 462407 541794 319368 463010 484343 681575
417734 358501 314279 457762 61828 488624 289272 405560 641811 549583 462015 543153 105240 180742 266148 116674 419874 434224 645550 334980 67697 569770 53781 523365 345701 608290 354521 283890 210259 660443 134779 401429 197619 516393 304715 383919 145197 384205 394019 65481 458003 159735 83292 999999999 204308 450926 417179 480921 455615 414431 319254 388174 276783 256459 448060 449148 123291 350541 443538 402233 429029 248013 386527 578180 283595 253447 597167 411646 573782 683442 390018 545820 378272 595686 388616 480176 501808 530370 336188 663886 385838 196232 255896 185440 668729 423979 381469 618660 378179 95072 380403 279502 376507 403819 397149 458759 300388 411261 414278 600797
474141 553156 251426 412690 265289 684271 406202 407080 451294 532874 606627 568081 114077 279109 401857 272585 255867 453321 441786 503251 145744 640697 218640 480757 365888 424502 528459 99486 85233 688061 79839 374200 302093 636730 134326 245076 331217 544293 480905 154448 336044 134680 130036 204308 999999999 354059 615222 682838 547078 244247 125770 402911 480855 418694 320043 493962 227013 457009 427063 199294 321877 187425 569830 383549 260386 276507 620838 401403 599677 482211 364238 393484 197311 621298 185539 275944 549421 562945 274247 715367 460747 9133 410868 344491 464966 511394 577770 691340 452302 126548 548690 422615 565642 274331 522554 657482 432253 498611 614086 804278
322652 786756 138583 117780 500707 908485 728446 200319 351866 237552 569705 921860 429694 342404 425853 563485 540834 248132 464538 784855 437623 455745 417477 828016 718390 299524 578738 412990 277182 424693 350762 726995 625882 542917 235686 561448 480248 834949 379225 388203 652213 480132 430340 450926 354059 999999999 724896 878435 426248 188985 279994 222689 673650 707384 73645 844825 356015 786266 780240 390669 35683 203160 828072 333736 184670 625921 364163 177691 351260 454075 717348 163658 472038 367463 384001 399271 351187 335248 119922 483294 803297 352160 706332 635555 481160 850460 685538 498221 343001 365286 579859 728022 812398 593353 473221 764646 745962 389671 825756 933601
477589 267567 600884 662416 363849 297070 498351 565396 1012426 678940 274794 794493 522112 393703 300704 421121 833944 551352 1046086 387318 484364 523039 396887 855716 656694 969741 160309 700821 592132 674372 537283 741561 491348 370888 683662 792005 285683 428092 408342 460908 854671 566965 500328 417179 615222 724896 999999999 224527 418434 776246 713695 537191 187086 395362 758985 697457 411455 541855 764829 814403 720967 568039 338262 958642 546031 596846 638370 585964 618768 1074716 731415 869625 795337 633633 800621 888498 533819 579166 611522 627388 612945 606429 413407 404553 1068987 615116 39941 549723 430310 490193 177340 444158 305098 807350 316703 42602 473443 412266 229545 208707
677410 148587 743538 836895 419094 80098 419169 747172 1120613 874302 498408 681211 572304 536123 480054 426995 852737 743223 1124408 270797 537531 742699 485947 785375 595720 1084405 370774 748287 687304 890681 615545 687841 460286 594581 782723 799564 399258 286832 611957 541579 841445 593387 553660 480921 682838 878435 224527 999999999 632400 888488 800146 719875 208734 325507 898165 594390 529555 439878 695778 875526 867171 694679 188337 1058513 693781 566912 849715 765067 828837 1164169 679765 1005201 830819 845354 862366 956128 742631 787039 759182 848330 513014 675338 343602 374664 1147574 496281 245509 771981 627692 572898 394478 362686 163704 806548 529658 217219 384117 618972 74372 194911
103615 611005 363760 321525 454706 692821 711925 226070 773895 283634 168297 993392 526735 282286 201206 551213 802357 183177 864719 680234 502231 121398 402325 976774 800738 722572 261814 645580 474116 258474 479593 855468 642169 116824 525433 789793 349991 733624 66189 439297 877774 595683 509668 455615 547078 426248 418434 632400 999999999 565108 574716 204247 481667 635965 488783 896251 344127 772431 898946 704360 441328 385605 676866 743951 317348 709038 220146 249087 201330 867742 844062 589906 740022 215306 692240 751199 119576 164845 357263 226845 823987 538892 646322 592629 884489 851755 389040 165987 97574 447430 241100 678938 648329 817144 102748 445436 707705 48485 611188 606279
466357 772735 202803 298518 474687 902267 650236 354027 236235 424279 681692 792910 351115 385102 500361 507323 365302 406995 299671 739484 374170 619553 402550 675629 598597 196127 652278 263340 204241 608976 283383 587815 545878 676993 112635 396108 498389 783482 506733 349974 482487 378422 361245 414431 244247 188985 776246 888488 565108 999999999 126850 367348 680014 655900 120114 728058 366768 701188 641296 207374 155083 210024 799222 186247 255386 515518 545854 335828 530554 308726 579561 152442 298764 548560 202949 210448 514935 508005 207893 661623 702124 247161 649905 581125 319773 753783 736429 665974 470467 319419 662290 664204 790703 427479 585196 818478 675421 521125 825556 980306
486383 674846 224617 367517 381079 805787 529929 392983 326153 495058 664136 666532 238958 342074 466347 397678 262603 444872 332406 628878 267802 650446 320798 554469 471774 298764 608501 138550 122118 668857 184634 462474 426478 677449 51736 281710 428368 670053 510667 259998 372219 256077 252985 319254 125770 279994 713695 800146 574716 126850 999999999 397666 594648 544374 227022 601239 305415 578688 516057 130381 244516 189191 694304 259799 259406 389611 602529 380525 583943 365077 453942 279292 193494 604159 119160 182613 550269 553639 241489 709701 576640 130898 536638 470051 355345 628771 674822 699834 477142 228767 624115 548120 689003 313606 572195 756293 557046 527219 733244 910419
101235 656480 174048 128470 415093 764125 675567 28245 569821 165464 349831 924028 421633 216767 240717 502722 646829 50523 665475 688768 409854 254500 337857 872116 720305 518378 380680 493948 319661 286157 354159 756176 585550 320558 346129 646444 347596 742491 157554 345030 738331 488548 411024 388174 402911 222689 537191 719875 204247 367348 397666 999999999 530381 624462 284654 833646 265509 737319 805413 527599 237126 218352 710966 541808 143560 624062 219268 50328 197376 665271 745154 386195 579996 219258 516782 564044 152621 160147 161606 314437 773742 396375 629276 563354 684531 811972 499987 302950 122268 338899 375251 657784 688601 676533 255177 573503 682280 167129 679331 742973
504117 130063 537285 640375 215582 236052 311820 556436 912864 691436 387986 609614 374306 332979 299389 246688 672647 560118 922332 215598 337795 600990 277632 669304 470382 876033 242835 553873 479748 736204 410194 556563 307657 477649 575144 625198 193449 264272 446089 334904 680417 406017 354195 276783 480855 673650 187086 208734 481667 680014 594648 530381 999999999 209471 690541 511773 321576 357781 578270 677301 660806 486469 195477 851713 489191 415032 686695 572289 664266 959556 546663 796942 642328 683066 663837 756339 578564 620279 553880 707740 427546 472913 227120 219326 945511 433373 168899 638927 453837 366247 274503 258689 166712 637246 383703 219219 288533 456898 152258 331114
629684 176944 570504 708852 211894 294980 103423 645725 869798 789676 576666 400208 305923 407700 435734 148733 539293 665304 843530 84686 282061 757237 294798 469340 273603 842793 434473 458644 454858 874013 373880 364604 140294 658036 543324 482315 289122 128542 586321 319997 517377 300045 294656 256459 418694 707384 395362 325507 635965 655900 544374 624462 209471 999999999 702229 302329 365113 149406 378248 589744 685119 504401 161316 801155 536940 242815 816157 655434 792705 892209 355966 795776 527717 813617 577811 672116 712003 747933 592111 860761 218081 413533 18883 74776 866234 227335 378277 800999 582580 345882 466816 49378 169421 486028 549715 424074 79682 600846 251589 502882
385848 796780 158148 190582 502911 922220 712836 265217 285171 311026 624244 886012 409921 367563 465282 554926 481553 315587 391471 782702 423940 525905 422205 781198 685594 233821 619736 364687 253434 498329 332927 685853 608642 604637 190232 507450 499145 830723 437445 383007 596344 452287 414282 448060 320043 73645 758985 898165 488783 120114 227022 284654 690541 702229 999999999 813973 368986 768279 739437 326437 47712 204962 832650 261714 213173 596362 437705 243773 424517 383414 676776 110842 413670 440953 321070 328537 420925 407231 148810 556538 778802 319920 699220 628552 408480 828077 719173 569458 400741 356348 624084 718161 819643 539235 526977 799896 733559 449383 841310 967128
866577 456282 725558 884569 441545 538402 200785 848367 888493 989946 864457 99520 421043 629728 696990 345043 454385 881291 809376 325942 425246 1014220 502407 210522 129468 878530 727406 469363 567688 1109566 498663 173790 254361 937932 625801 392329 549964 309715 838213 488953 368608 364777 426655 449148 493962 844825 697457 594390 896251 728058 601239 833646 511773 302329 813973 999999999 571909 157609 141214 578949 814181 654685 406169 815978 712373 218930 1045994 851185 1022668 871591 175304 880461 483265 1044623 572124 651607 950732 979440 749304 1111387 84645 494466 284722 313067 828966 103380 680464 1061746 825555 499098 759310 253312 431758 375447 822778 724932 224160 854770 527107 785666
