NAME : synthetic_000355
TYPE : CTSP-D
DIMENSION : 100
GROUPS : 8
RELAXATION_LEVEL : 1
EDGE_WEIGHT_TYPE : EXPLICIT
EDGE_WEIGHT_FORMAT : FULL_MATRIX
EDGE_WEIGHT_SECTION
999999999 943996 707666 707651 705008 386208 691388 300729 594954 153715 722087 170246 916222 419088 629937 339451 226672 886666 475820 354137 810719 571226 774896 38425 482715 385119 245124 432989 613123 579932 572157 376260 870050 637098 108410 795814 689826 573141 826397 546178 735180 565859 925169 820804 724509 331621 461913 872090 374464 799724 615246 373696 530695 219075 434502 513114 356425 553201 535033 636783 138745 214702 326923 750064 825809 567939 414061 366951 638372 391505 296186 936665 595656 616704 550503 705928 742012 450177 344826 433987 299262 774666 246810 168880 304496 236707 174314 780911 224980 428812 429976 251233 314109 137257 697199 831963 771526 628459 858553 839062
943996 999999999 696920 641434 757694 927491 332097 847755 772427 798223 699502 1101084 161390 534064 639023 921860 751929 167602 469262 707266 468624 747637 183230 907363 745445 634013 1076674 643237 355516 468519 608237 568873 91293 736807 1010742 199563 521024 637224 120833 489510 536143 655452 369518 833355 726035 745492 757404 611884 630231 263504 396212 623587 436457 801253 963255 436034 674437 841902 574216 496600 869684 883488 1007080 486421 132192 855037 531028 616640 533593 565458 1000178 73509 359162 698384 611324 277405 266156 653968 616745 923484 1016122 288701 709750 886899 695176 1046968 825607 432075 867801 550033 815000 1163032 673026 1079194 438183 639931 177626 315538 612266 331712
707666 696920 999999999 1001481 1078884 411318 727243 857192 140747 655660 1051341 777634 557900 459360 944091 440559 686927 778809 542664 360103 252835 981209 541730 691994 228840 363771 662511 296988 636657 748446 874604 508148 608744 1019514 693589 711678 898652 899231 646377 308222 163271 908098 406640 160246 1070707 376703 908509 198856 700510 778916 705175 689438 417290 489088 410141 570042 737696 223486 231091 223247 747286 511163 525382 918296 670328 224746 546607 667645 866997 453161 540043 746581 599862 978237 187641 451861 442010 271959 625029 374377 553875 776696 513548 788204 428087 632837 533940 272577 815542 397996 301527 790369 682138 821871 836470 145473 629479 541333 185487 382099
707651 641434 1001481 999999999 117079 954302 332362 436259 982381 573226 58979 871004 743341 556192 77920 919977 491595 483191 460177 747305 902168 172883 600459 673197 885332 690281 941174 751475 385727 254621 144637 523524 636450 120889 814086 446901 123720 135595 548481 693543 901095 141806 902803 1161291 85119 768017 264128 1042954 364668 378040 312024 371741 585369 729274 1008172 431582 361190 1004131 774908 791711 572181 806879 964762 158680 523193 1022467 470240 390159 136744 574087 940677 581561 417625 107081 823024 628492 666445 778335 434789 982544 951493 353028 616282 555465 679755 923751 716883 853131 503789 618952 902981 956107 419266 797102 207918 1038619 508693 492383 1035275 817637
705008 757694 1078884 117079 999999999 990684 442805 412365 1047264 586397 63597 859387 855580 623430 138222 952878 506579 600229 536950 798509 998127 133784 709074 673927 944092 748880 946787 813564 485230 346825 204526 583133 749899 69166 813345 561901 237387 179889 662335 773771 989553 172931 1008408 1237256 40278 814631 243104 1134943 403660 494547 412648 412898 668402 761143 1045317 514754 386342 1060903 848966 876875 566338 832148 987873 275644 637731 1079322 535532 433850 237552 636703 961641 698471 514063 102959 895726 729874 769391 841047 480196 1023281 970928 469036 654449 541824 726739 932777 742279 949396 486430 686493 952472 945636 448994 777146 321554 1126854 620437 591096 1126498 921119
386208 927491 411318 954302 990684 999999999 798039 642303 272024 422250 987411 393246 836433 443712 880042 46768 492596 939442 549421 232376 609096 864613 744663 390055 205748 307290 257604 284428 698580 743770 809829 449566 837876 922154 326806 850934 890824 823598 833063 438581 512381 824064 757843 476061 998222 199174 763682 607247 590945 889820 739933 583124 503218 230345 54767 593183 604350 199589 363281 465226 486670 176667 114259 935832 845814 208198 508548 564187 844139 414094 132379 950202 665633 889769 341145 650447 668468 274297 519653 49411 144555 874126 338207 528308 281478 230646 256876 601097 575837 398653 122798 387901 541755 461175 861710 555820 791318 651679 593425 696126
691388 332097 727243 332362 442805 798039 999999999 534133 742714 537752 391180 859854 413015 354331 313847 776570 473122 209036 249667 566590 586412 416872 268327 652985 668952 493771 874703 536680 100344 139889 276676 356431 309143 411989 778408 134007 208944 306054 223516 428028 602125 324069 572165 886186 416755 598895 427102 733242 331332 108779 77678 327949 322680 609824 845901 205431 368610 786088 521504 505251 589434 697041 846082 201777 202388 803226 299786 328624 207754 384268 830160 288846 136103 371475 570209 306840 340895 558959 346601 811658 844485 83419 496902 597018 521462 849053 618551 537551 567150 404004 712429 934021 385606 817001 126624 737078 177877 186256 727280 489740
300729 847755 857192 436259 412365 642303 534133 999999999 779582 221864 438668 447545 872742 430893 362613 598381 170490 743163 415231 509553 875345 280071 714071 275013 663890 493436 545837 560501 492383 396659 322313 373524 795581 347133 408387 662983 453695 312206 727671 601676 827071 299523 948557 998910 436661 508908 173578 977737 221086 638079 458996 229636 531964 419353 696005 430415 174476 764936 637811 711616 164746 467963 611499 518760 716547 782422 367059 242609 405487 421856 582338 817875 493464 334700 672780 678659 721319 586437 264116 683876 588647 609116 348034 132346 434910 536110 386083 833713 75947 478340 641969 533859 196885 365160 489907 950894 671294 556850 965877 855031
594954 772427 140747 982381 1047264 272024 742714 779582 999999999 565820 1027467 648434 649332 426261 917991 304011 610132 829366 525258 270031 369874 938213 601575 584192 116478 300624 526299 234029 645246 737318 846534 464220 681486 983725 568432 752341 890891 868111 703385 316379 271630 874357 525319 226241 1044268 274656 854562 339252 651376 810841 706608 640889 420159 381814 269423 560559 682283 84857 221544 275849 652854 388162 386282 919922 723686 90410 513140 619018 853173 410632 402439 812758 608120 944608 173679 505545 507222 206407 573512 233753 415744 803559 431687 695121 345075 497370 425591 376514 729238 363430 170285 655414 622096 700060 838770 286209 676172 563727 325721 483676
153715 798223 655660 573226 586397 422250 537752 221864 565820 999999999 594646 323244 782042 288787 495412 379455 81632 734368 328996 297983 714145 454762 634604 115291 449365 298767 368435 360749 461000 427374 432530 238308 727884 517264 248575 644002 543516 437632 679217 439389 650555 433000 812913 789093 600598 291777 348504 796597 224136 646173 461533 222241 402061 197505 476462 363741 213186 545376 451607 541647 93948 251148 402903 601894 677001 562570 267344 213990 492220 266368 375816 787295 445246 490912 478735 573175 611875 384193 191322 462668 384674 620996 144067 132909 227602 350530 165375 678583 163667 314163 421416 401277 163437 282607 545818 763238 623570 483455 783793 722852
722087 699502 1051341 58979 63597 987411 391180 438668 1027467 594646 999999999 881516 802320 601417 109777 951489 513391 540074 508844 786415 958086 160914 659142 689135 927838 732351 960169 795106 442133 308083 181595 565492 695383 96152 829758 505615 182686 164041 607383 744080 954706 163766 961064 1210743 26560 805217 265261 1097766 396528 436007 368578 404660 636730 759896 1041699 482581 386593 1045983 823277 844122 584482 834722 991944 214714 581995 1064374 514342 424395 192281 617487 966835 638823 473172 105448 870946 685709 724066 822269 470140 1017600 976969 411389 649346 563846 716890 944327 744539 909110 510004 664479 941664 967359 447386 803287 266895 1092245 567657 548743 1089847 875444
170246 1101084 777634 871004 859387 393246 859854 447545 648434 323244 881516 999999999 1061070 568786 793802 351060 396724 1052218 636986 455181 920407 726197 927092 208411 549329 505565 154704 538330 778947 750126 738692 532564 1023524 793013 93572 960784 858693 737857 985563 673000 835548 729397 1047994 865574 881868 423041 617514 959696 544662 967831 784224 543941 675927 322659 426871 676297 525381 588064 642670 750152 298987 269664 294792 919510 986861 599020 575876 537004 807264 538671 266928 1098074 759467 776175 647076 851574 884716 548876 513383 442050 260428 943240 392271 317913 427291 170186 286008 896768 372958 566883 478426 86315 484350 98205 867415 913952 931803 786515 945783 967049
916222 161390 557900 743341 855580 836433 413015 872742 649332 782042 802320 1061070 999999999 497215 726201 838004 750747 309512 463396 633127 316692 822923 159836 882164 641132 565942 1014964 558971 396304 531496 682491 543863 110154 824020 968089 301803 619676 712605 197587 403737 394683 729669 208140 684698 828304 671389 812111 454609 651797 379888 457130 643106 385999 745472 865774 442568 699013 725127 473495 379385 863961 820924 927275 598060 225646 736326 520958 631113 620468 524970 924868 230945 384306 782684 502349 210313 176764 563726 619283 825152 941049 398198 671276 888047 637729 984038 776644 286140 878949 494461 717540 1114026 682910 1053467 535430 486291 235172 315936 456003 178855
419088 534064 459360 556192 623430 443712 354331 430893 426261 288787 601417 568786 497215 999999999 492147 423273 275076 508436 107309 212610 444492 521894 358310 384982 331687 142058 546161 196497 255004 315587 420981 57423 454796 561927 477382 417062 468934 443628 422049 172109 399933 451112 527720 615505 618700 244595 451849 551440 243776 448056 298920 232559 113333 270928 491823 150027 284901 451158 228290 283045 376861 356544 496855 504648 427416 469275 87955 211283 428586 32335 483809 537938 223002 521497 273306 287006 324161 222751 172889 458292 498930 431068 176515 407290 171045 517495 291917 403537 412176 63131 362584 628981 237395 556303 426233 529866 371420 224427 540286 436141
629937 639023 944091 77920 138222 880042 313847 362613 917991 495412 109777 793802 726201 492147 999999999 844940 413781 490009 401452 676912 859946 120521 576080 595362 818065 622575 863276 685426 348189 208854 71825 455721 622969 98229 736240 440081 125201 57862 536733 637716 851797 64453 872706 1103114 126778 696175 193472 996822 289310 380130 276437 296920 531435 653770 934146 377449 283739 936212 715186 739659 494863 730415 888157 183319 513904 954601 404856 316100 106218 507821 863788 585063 376222 60080 762570 592801 632804 712624 361478 909372 874442 352362 541835 479095 607832 845942 640319 811241 428250 555253 832281 878736 342575 721028 201901 989186 491434 453547 988440 784539
339451 921860 440559 919977 952878 46768 776570 598381 304011 379455 951489 351060 838004 423273 844940 999999999 451703 925566 527002 217180 625204 825546 738640 343660 223428 292590 222321 280100 678026 715641 775349 423771 833291 884104 281545 835893 860500 788066 823589 436036 530307 787840 770673 515186 961561 180643 723355 633473 555634 871195 715770 548263 491625 191807 97830 571159 566711 237565 368054 473626 441397 131154 91520 907383 834869 248011 482658 529986 812960 392508 99972 941092 646234 852631 351772 646165 666925 274421 486331 95408 114671 854298 304040 482803 255744 193448 214428 613707 531013 383092 141390 351529 504597 416063 834809 583385 779736 637464 619552 704687
226672 751929 686927 491595 506579 492596 473122 170490 610132 81632 513391 396724 750747 275076 413781 451703 999999999 675281 288209 340246 716747 376026 597518 189096 494953 323285 449899 390099 404431 354801 351161 218586 687323 437413 327383 586806 464204 356001 631486 440784 662552 351439 802062 828545 519794 342168 271806 812163 148134 581897 395747 148216 384196 263004 547273 316358 132057 599068 469733 548790 118268 326750 481383 523708 626356 616862 229847 144542 412788 260501 455069 734893 393675 410034 503247 546159 587073 415958 135185 530237 464511 555534 178524 137311 265088 432162 237874 677469 137388 315152 478066 477512 88595 344503 470827 783370 574954 441767 799982 709752
886666 167602 778809 483191 600229 939442 209036 743163 829366 734368 540074 1052218 309512 508436 490009 925566 675281 999999999 418749 708693 579853 604626 238506 848570 779694 633201 1051353 659587 273544 347721 469741 527730 203505 585898 966770 92099 367202 496893 134755 519849 628085 515473 510627 927924 566615 744945 629978 729500 537805 111069 285248 533537 436689 778194 981895 377079 576767 888271 613638 560685 792947 864592 1003715 325422 108679 903553 477967 531946 387935 540696 991874 99596 293801 550072 657868 327547 338682 676377 543852 944262 1007133 140268 672857 803053 679135 1023690 794277 536170 775181 542482 838278 1122239 589483 1016362 288577 748546 153365 288112 727365 452494
475820 469262 542664 460177 536950 549421 249667 415231 525258 328996 508844 636986 463396 107309 401452 527002 288209 418749 999999999 319459 482578 447986 309323 438722 436238 249315 633355 300925 152643 212112 332432 109530 400156 479716 549481 326662 365784 358007 350723 236925 457910 368185 536378 701906 528043 350306 394852 607285 199613 348048 191641 189312 135019 362919 598311 44315 246987 555612 314745 342474 403761 450098 596861 398551 350202 573545 61835 173237 328335 135369 581688 461285 125361 437597 362875 263583 306114 326121 155954 565266 596279 328890 254286 425420 271800 606261 376055 436525 415815 164850 469834 704473 220778 610188 319416 593830 295709 154759 597604 442639
354137 707266 360103 747305 798509 232376 566590 509553 270031 297983 786415 455181 633127 212610 676912 217180 340246 708693 319459 999999999 465463 681567 524165 334560 154789 75494 383699 83158 466778 521213 605218 226610 619870 732244 363068 619439 672139 623111 606846 229942 383599 626670 594659 491312 800381 38454 591536 517963 395486 657449 510972 385855 274576 136928 279314 362618 420724 264417 187502 295222 387998 192391 299868 712704 617758 282730 284376 364693 628095 184485 293570 724402 433439 695654 196741 433952 458342 96318 318335 245813 309648 641936 161728 429475 75725 352390 180560 441862 460520 166576 155728 492535 358642 478992 636112 478280 562569 420594 504417 517495
810719 468624 252835 902168 998127 609096 586412 875345 369874 714145 958086 920407 316692 444492 859946 625204 716747 579853 482578 465463 999999999 925590 345371 785001 403501 425714 834397 382495 516526 651453 798085 501903 387743 948861 828529 531208 785215 826628 445452 276216 98756 839676 155647 368146 981124 497613 877384 150431 676681 607765 590244 665679 349759 600904 623753 491141 721976 453491 278115 174105 807462 653599 716389 788026 473251 460280 514664 646404 765888 456251 723073 527939 484941 905721 276846 279852 250543 371850 614196 583945 738669 613655 574243 842671 506230 802977 642464 49098 854072 402390 486745 952725 680523 941476 709793 171401 445818 409953 147543 137995
571226 747637 981209 172883 133784 864613 416872 280071 938213 454762 160914 726197 822923 521894 120521 825546 376026 604626 447986 681567 925590 999999999 667741 540266 831070 637728 813238 704339 431633 292043 140723 475846 723839 67066 679570 548089 244715 110903 639980 682708 905895 93323 954604 1137064 156705 694722 109320 1054930 287155 493806 365943 297448 582857 634365 919366 434505 262297 945700 750118 790237 432554 702621 857240 303833 619228 964072 434692 319256 216691 530714 830517 697419 453501 66441 794978 671350 713228 732015 365092 899029 839423 465187 531519 408412 607910 799557 613215 877932 353318 583885 833256 812387 325361 645230 316329 1041640 591026 531383 1045436 863618
774896 183230 541730 600459 709074 744663 268327 714071 601575 634604 659142 927092 159836 358310 576080 738640 597518 238506 309323 524165 345371 667741 999999999 739393 565899 451240 895962 460283 237870 375698 528099 398815 97080 672918 835497 186768 477240 558275 104689 307552 389579 574835 305161 689497 684486 562439 652980 495787 492992 265188 302172 484548 255266 621229 781227 284914 539989 666719 395093 327647 712772 702207 823923 465127 129951 680759 369071 473325 471807 388659 817296 211626 224490 630804 434910 96940 100232 471672 464169 741698 833274 274988 534823 734668 514340 865948 647579 299857 722832 368791 633355 985943 526320 911534 394596 511629 102285 157582 492625 228580
38425 907363 691994 673197 673927 390055 652985 275013 584192 115291 689135 208411 882164 384982 595362 343660 189096 848570 438722 334560 785001 540266 739393 999999999 470072 359471 273183 410895 575041 541716 536466 340579 834190 605609 140901 757819 652885 538277 789419 517389 711999 531515 896069 810430 692320 315331 431124 851393 336569 761342 576823 335619 497294 203429 440528 475552 319656 547392 511268 610897 110390 214439 341198 712763 788476 562849 376908 328635 601436 358234 311076 899228 557922 583916 529446 671988 708683 429644 306443 436454 315951 736255 215621 146061 279528 261484 158897 753821 200434 397794 422813 288418 276104 172171 659229 812756 734364 591853 837995 808948
482715 745445 228840 885332 944092 205748 668952 663890 116478 449365 927838 549329 641132 331687 818065 223428 494953 779694 436238 154789 403501 831070 565899 470072 999999999 195518 440694 135369 569144 647128 746271 362349 654386 879152 464749 696526 800598 766276 661934 260607 307406 771322 552278 341557 943370 158269 744058 413384 543949 747271 624461 533802 349826 266896 226072 475263 572299 119482 171230 263757 536491 282337 313761 834706 678661 137593 415334 512148 759981 311341 322891 776505 532854 841153 139165 469204 480643 110546 466057 185353 337972 736488 316435 578711 230393 410072 311181 395720 612830 271388 83257 565962 511058 593464 754957 365530 627075 499966 399418 492961
385119 634013 363771 690281 748880 307290 493771 493436 300624 298767 732351 505565 565942 142058 622575 292590 323285 633201 249315 75494 425714 637728 451240 359471 195518 999999999 449092 68258 393623 456108 550772 166907 547501 684359 412087 544016 608716 570799 532061 167693 354080 576025 543622 509052 747858 112456 554605 498125 350769 582922 440805 340320 199613 183239 352902 291429 382247 313866 153559 251688 392493 254982 374055 646235 542565 332218 221173 318477 566599 117529 366179 649631 359620 645980 180866 362975 389802 95584 272890 317944 382111 567971 154726 431396 80733 418281 220656 396167 454012 91366 220527 550836 323140 517336 568199 464576 487274 345107 485216 461487
245124 1076674 662511 941174 946787 257604 874703 545837 526299 368435 960169 154704 1014964 546161 863276 222321 449899 1051353 633355 383699 834397 813238 895962 273183 440694 449092 999999999 463500 784137 783097 800965 523907 992954 878269 138954 959307 909492 805619 967680 613294 742864 800269 973216 733472 964316 346347 704203 853636 588911 978955 803640 585293 640729 275704 282205 676365 581603 457126 563775 672538 382701 194295 148161 965736 973576 465683 576636 573080 858536 513955 125252 1084013 758711 855345 557588 811102 838888 466947 539309 303713 114415 957290 379256 413940 381646 31547 257308 817506 470102 527172 361591 130364 529018 245541 904066 804446 917580 770573 839680 899760
432989 643237 296988 751475 813564 284428 536680 560501 234029 360749 795106 538330 558971 196497 685426 280100 390099 659587 300925 83158 382495 704339 460283 410895 135369 68258 463500 999999999 436474 511789 613767 230434 553963 749756 446119 573264 665305 634734 549327 155966 302385 640633 512024 440831 811331 117784 622482 440745 417781 619166 489839 407193 223510 218732 323124 340359 450148 254833 104411 212145 453672 274511 368419 699451 563050 272877 281239 385284 625027 177624 366194 666190 400733 710813 119121 366586 386858 27681 340069 284841 382380 606726 217332 493654 134223 432019 261242 358763 518923 136089 178990 574905 391333 560438 619892 403994 509285 374313 427453 436308
613123 355516 636657 385727 485230 698580 100344 492383 645246 461000 442133 778947 396304 255004 348189 678026 404431 273544 152643 466778 516526 431633 237870 575041 569144 393623 784137 436474 999999999 140867 293700 261561 306865 442148 694333 183067 269672 323721 235289 332796 520638 339498 525278 796519 465732 499556 415936 658745 275141 195500 73720 268976 225291 515354 746038 108516 318930 686682 424792 417346 522639 602581 749285 281904 225200 703946 207555 263822 249873 285524 734319 331181 37227 399253 473766 244666 284708 458980 271178 711558 748922 176475 404951 535936 423722 757570 526974 467465 513506 303681 612088 849996 321142 743286 200279 657515 179028 106659 651596 436402
579932 468519 748446 254621 346825 743770 139889 396659 737318 427374 308083 750126 531496 315587 208854 715641 354801 347721 212112 521213 651453 292043 375698 541716 647128 456108 783097 511789 140867 999999999 152974 295225 434992 301455 674699 273117 153704 183077 354324 440226 646747 199253 666099 908548 330236 547748 288886 789822 207154 241421 74587 206609 331442 534159 795324 178794 237608 766608 524421 537112 466500 619287 774863 192081 336810 784666 236860 213422 118656 338711 755171 428480 167388 258479 573112 384641 425274 537523 243789 765125 768233 212493 417383 469112 462357 760069 533949 602657 434655 376143 675415 828562 266307 698373 121309 784290 302343 244931 781813 576826
572157 608237 874604 144637 204526 809829 276676 322313 846534 432530 181595 738692 682491 420981 71825 775349 351161 469741 332432 605218 798085 140723 528099 536466 746271 550772 800965 613767 293700 152974 999999999 383939 583117 150788 676886 408897 132186 30176 499434 569248 786029 47471 818624 1033252 197757 624796 168735 932472 220094 358687 225947 227104 464166 584658 863781 310962 219392 864389 645071 672732 440238 662640 820600 197416 479052 882779 333477 245642 88056 436194 796815 560131 318204 107636 692170 536355 577497 641004 290577 838530 807849 329513 471726 428782 536460 782534 572752 749715 381333 484110 760655 822625 275536 670468 185405 923137 450303 396240 923727 728763
376260 568873 508148 523524 583133 449566 356431 373524 464220 238308 565492 532564 543863 57423 455721 423771 218586 527730 109530 226610 501903 475846 398815 340579 362349 166907 523907 230434 261561 295225 383939 999999999 493790 519571 443339 435636 445537 404392 453035 228776 456021 410204 583521 661956 581222 252551 400469 607425 192362 457054 292289 181296 166298 253847 500486 153109 230971 480739 278163 339462 323473 341097 489963 487166 455119 499102 58997 159500 401694 55086 473729 566365 234833 480408 320716 334885 373906 257919 118067 469907 488078 437110 145162 352307 168333 496736 266646 460916 355352 110870 381840 597500 180870 512730 412166 584504 399691 253952 596080 491404
870050 91293 608744 636450 749899 837876 309143 795581 681486 727884 695383 1023524 110154 454796 622969 833291 687323 203505 400156 619870 387743 723839 97080 834190 654386 547501 992954 553963 306865 434992 583117 493790 999999999 721130 932144 192197 513062 613008 88281 399448 449454 630553 307163 748423 721546 658230 720841 534621 575111 269800 360474 567423 352311 718301 872927 371655 621120 750634 483162 405637 803774 799117 919343 489038 115667 763815 461049 558029 516813 485390 913282 140301 302117 680524 520039 187432 174877 563961 552785 833035 929301 288645 631286 823927 611359 962891 744580 348206 809154 465787 724518 1082886 612742 1006359 428691 558925 132877 245630 533839 254186
637098 736807 1019514 120889 69166 922154 411989 347133 983725 517264 96152 793013 824020 561927 98229 884104 437413 585898 479716 732244 948861 67066 672918 605609 879152 684359 878269 749756 442148 301455 150788 519571 721130 999999999 745347 538098 218849 122547 634960 716507 935623 111586 967408 1177054 89717 747534 175637 1082711 336847 476771 371832 346389 613013 692427 976822 460762 317841 995335 788884 821556 498566 763058 918716 269972 612102 1013748 473993 367643 204445 573700 892475 681872 468191 43185 835006 686024 726725 777335 413989 955157 901770 449423 586480 475149 659875 863997 673227 900503 420225 624762 885643 879165 380669 712293 298974 1072463 589438 546095 1073818 878274
108410 1010742 693589 814086 813345 326806 778408 408387 568432 248575 829758 93572 968089 477382 736240 281545 327383 966770 549481 363068 828529 679570 835497 140901 464749 412087 138954 446119 694333 674699 676886 443339 932144 745347 999999999 874973 791501 679102 896186 579460 744948 672416 954837 789622 832549 331995 570268 871880 472710 885552 703986 470691 583382 229389 367779 589884 459078 513757 550527 657579 247152 182516 244603 850377 898394 526192 489056 461448 740112 446847 213945 1009649 673213 724455 556571 758847 791615 457600 433678 376211 212663 861801 301060 276121 333719 135805 192457 804123 332472 473726 398264 155729 412009 134537 793952 827319 843028 697031 858020 873573
795814 199563 711678 446901 561901 850934 134007 662983 752341 644002 505615 960784 301803 417062 440081 835893 586806 92099 326662 619439 531208 548089 186768 757819 696526 544016 959307 573264 183067 273117 408897 435636 192197 538098 874973 999999999 324521 437754 104219 438714 567955 456026 485117 864998 531978 655261 561080 681598 452522 79911 204351 447548 349766 686378 894393 285145 493365 807602 533564 489954 704841 772896 913059 297020 76838 823402 386034 444566 334329 449261 900772 155586 201827 499193 579335 261445 281725 591214 454174 857281 915955 96449 580759 716550 587964 931703 702200 484737 690976 452927 752243 1030375 502135 926348 240611 694997 85435 199404 677945 414365
689826 521024 898652 123720 237387 890824 208944 453695 890891 543516 182686 858693 619676 468934 125201 860500 464204 367202 365784 672139 785215 244715 477240 652885 800598 608716 909492 665305 269672 153704 132186 445537 513062 218849 791501 324521 999999999 149421 425250 590748 789666 166697 780414 1058895 208630 697134 299168 928374 320587 258876 196606 324397 481451 674485 943261 331205 333421 920077 676894 683611 562764 757225 914618 65235 400390 938169 388170 338119 51454 491189 893095 463851 303865 184856 725754 508863 545733 691146 377293 914354 905320 232402 558079 555057 610408 888802 669198 736117 510018 529793 827096 941058 380736 795210 84371 926819 384973 375571 921268 696322
573141 637224 899231 135595 179889 823598 306054 312206 868111 437632 164041 737857 712605 443628 57862 788066 356001 496893 358007 623111 826628 110903 558275 538277 766276 570799 805619 634734 323721 183077 30176 404392 613008 122547 679102 437754 149421 999999999 529081 594928 813173 18593 848493 1057436 177326 641360 150187 960163 232653 385835 256122 240650 490753 596694 877821 338235 225887 883841 669135 699340 438877 672850 830521 213819 508437 902252 355779 260363 111069 457481 806052 588221 347842 79775 715840 566043 607300 662122 306177 853567 816656 356844 485446 424595 553058 788159 582723 778364 375022 506719 778112 822507 284997 666671 210500 950095 480229 425899 951279 758470
826397 120833 646377 548481 662335 833063 223516 727671 703385 679217 607383 985563 197587 422049 536733 823589 631486 134755 350723 606846 445452 639980 104689 789419 661934 532061 967680 549327 235289 354324 499434 453035 88281 634960 896186 104219 425250 529081 999999999 401506 493871 546901 385076 793959 633594 644472 642481 595372 509577 182886 280540 502844 332457 692004 872271 316095 554036 766197 492556 431033 749385 776034 906072 400797 29448 780750 412556 495807 430515 454031 897134 117570 238374 594826 534456 198003 204827 563272 496324 833443 912860 200618 595892 766194 587732 938571 713875 401464 746990 444493 725780 1049632 552215 960889 340896 613817 56794 199156 592994 320407
546178 489510 308222 693543 773771 438581 428028 601676 316379 439389 744080 673000 403737 172109 637716 436036 440784 519849 236925 229942 276216 682708 307552 517389 260607 167693 613294 155966 332796 440226 569248 228776 399448 716507 579460 438714 590748 594928 401506 999999999 228109 604933 378995 468367 763993 267984 620192 379620 413482 494709 398731 402261 109345 350921 473793 261968 456151 368937 95222 111007 532167 420354 524248 612638 418066 384689 251688 381564 558795 180494 521177 516742 295596 674490 142805 212129 230894 164514 344841 434166 537353 487186 302782 566736 246122 582090 387428 239197 578018 126204 325804 718165 409450 680921 530809 360294 366839 247349 368686 294426
735180 536143 163271 901095 989553 512381 602125 827071 271630 650555 954706 835548 394683 399933 851797 530307 662552 628085 457910 383599 98756 905895 389579 711999 307406 354080 742864 302385 520638 646747 786029 456021 449454 935623 744948 567955 789666 813173 493871 228109 999999999 824565 253742 300257 976279 412959 847430 151523 641392 639945 593084 630182 323132 520459 525593 475068 684259 354904 200848 117201 744496 566723 621073 800548 519480 362025 479149 609599 764442 405367 629012 588714 485806 892937 188472 306775 289443 287702 572805 485977 644404 641429 507501 781883 432677 711617 563504 109537 798608 348732 390595 863641 636891 862506 719847 137543 483466 417384 140663 219178
565859 655452 908098 141806 172931 824064 324069 299523 874357 433000 163766 729397 729669 451112 64453 787840 351439 515473 368185 626670 839676 93323 574835 531515 771322 576025 800269 640633 339498 199253 47471 410204 630553 111586 672416 456026 166697 18593 546901 604933 824565 999999999 863728 1065852 174467 643932 134262 972134 233630 404412 272826 242219 501734 596189 878443 350109 223056 888396 677601 710207 430487 671063 828423 230633 526455 906814 363159 262588 129519 463846 803532 606701 362740 70391 723931 580936 622422 668121 308766 854896 813856 375408 486239 414690 555756 783405 580881 791565 364103 514083 781224 814390 283619 656665 229050 961250 497725 440789 963091 773362
925169 369518 406640 902803 1008408 757843 572165 948557 525319 812913 961064 1047994 208140 527720 872706 770673 802062 510627 536378 594659 155647 954604 305161 896069 552278 543622 973216 512024 525278 666099 818624 583521 307163 967408 954837 485117 780414 848493 385076 378995 253742 863728 999999999 506666 985917 629696 923110 260940 735986 565018 596271 725676 418316 725449 775554 532075 783341 608603 409600 300740 903542 786524 862187 770279 414524 615727 581518 708997 770998 546911 866658 438459 501134 924531 418953 283487 241377 506348 684559 735350 882534 578031 680823 934962 623747 941671 764246 156976 938324 499837 635050 1086923 751739 1059750 698772 302359 405031 423223 265489 93741
820804 833355 160246 1161291 1237256 476061 886186 998910 226241 789093 1210743 865574 684698 615505 1103114 515186 828545 927924 701906 491312 368146 1137064 689497 810430 341557 509052 733472 440831 796519 908548 1033252 661956 748423 1177054 789622 864998 1058895 1057436 793959 468367 300257 1065852 506666 999999999 1229824 499614 1060954 251069 853860 934398 865332 842922 577508 607957 456428 730026 889105 277638 388303 381043 877598 611844 587050 1078284 819256 267864 703268 821011 1027054 606883 608240 888228 759812 1136127 342199 603716 589271 413897 777266 430030 619540 933426 651345 919626 564452 706679 651820 401303 951829 553192 392695 863833 831575 922679 996484 204376 781448 700017 243506 505847
724509 726035 1070707 85119 40278 998222 416755 436661 1044268 600598 26560 881868 828304 618700 126778 961561 519794 566615 528043 800381 981124 156705 684486 692320 943370 747858 964316 811331 465732 330236 197757 581222 721546 89717 832549 531978 208630 177326 633594 763993 976279 174467 985917 1229824 999999999 818219 264379 1120046 408093 462546 392350 416664 657189 769786 1052666 503042 395290 1061098 841951 865031 586297 843179 999901 241235 608304 1079505 531234 436906 215951 633827 974332 665380 496203 109778 889347 709737 748394 838622 482978 1029335 984132 437869 660602 563955 729982 949227 753050 932202 509348 681823 955258 967935 456975 801804 292938 1113785 593520 572232 1111977 899896
331621 745492 376703 768017 814631 199174 598895 508908 274656 291777 805217 423041 671389 244595 696175 180643 342168 744945 350306 38454 497613 694722 562439 315331 158269 112456 346347 117784 499556 547748 624796 252551 658230 747534 331995 655261 697134 641360 644472 267984 412959 643932 629696 499614 818219 999999999 601287 542956 410977 691555 541129 401891 312049 112579 248435 394017 432616 256921 220823 329408 378223 156869 261811 739718 655004 274782 311254 381345 651941 214950 255138 762041 466939 712100 224655 472394 496744 125846 335246 217390 271209 675355 165765 420466 88343 314949 157425 475826 455428 202463 138604 457250 369760 451951 664309 501105 599667 456858 529241 553874
461913 757404 908509 264128 243104 763682 427102 173578 854562 348504 265261 617514 812111 451849 193472 723355 271806 629978 394852 591536 877384 109320 652980 431124 744058 554605 704203 622482 415936 288886 168735 400469 720841 175637 570268 561080 299168 150187 642481 620192 847430 134262 923110 1060954 264379 601287 999999999 998426 208276 519754 361958 219444 528346 533455 818428 391627 172358 855783 678563 730374 323234 598278 751406 363895 625638 874025 368505 241054 256768 455369 724175 715700 429696 161147 720935 640853 683865 650055 283733 799932 732654 490246 436018 299605 516469 690900 509678 831350 245036 511128 739731 703618 233029 538050 352310 980381 589203 504484 988037 830111
872090 611884 198856 1042954 1134943 607247 733242 977737 339252 796597 1097766 959696 454609 551440 996822 633473 812163 729500 607285 517963 150431 1054930 495787 851393 413384 498125 853636 440745 658745 789822 932472 607425 534621 1082711 871880 681598 928374 960163 595372 379620 151523 972134 260940 251069 1120046 542956 998426 999999999 792767 757929 732182 781564 472266 654108 608613 622037 835763 422332 345004 268658 890465 690224 720643 934282 623367 423116 630387 761044 906245 556380 733431 674165 625507 1039809 321946 428063 400565 421989 724320 572211 747823 763301 652738 928776 574205 823233 698327 197402 947527 499545 492406 979339 788287 994878 855034 54872 596192 552997 13966 280807
374464 630231 700510 364668 403660 590945 331332 221086 651376 224136 396528 544662 651797 243776 289310 555634 148134 537805 199613 395486 676681 287155 492992 336569 543949 350769 588911 417781 275141 207154 220094 192362 575111 336847 472710 452522 320587 232653 509577 413482 641392 233630 735986 853860 408093 410977 208276 792767 999999999 439538 253693 11231 327104 364628 645184 210010 47712 659072 470326 524193 259836 442863 600884 377906 500341 677468 162665 32873 269653 247377 577566 605086 273185 301159 513047 460601 503610 445459 77943 621282 588961 412202 252819 265690 323107 568460 353214 632114 238699 302881 548869 624690 60705 491226 322759 773148 452887 335864 782048 642249
799724 263504 778916 378040 494547 889820 108779 638079 810841 646173 436007 967831 379888 448056 380130 871195 581897 111069 348048 657449 607765 493806 265188 761342 747271 582922 978955 619166 195500 241421 358687 457054 269800 476771 885552 79911 258876 385835 182886 494709 639945 404412 565018 934398 462546 691555 519754 757929 439538 999999999 186270 436428 397466 710853 935728 304007 475653 861436 589907 555905 698097 798076 944088 223342 154276 877858 402413 437388 277160 479331 929557 205108 225083 440109 637168 333424 357374 639261 454899 899994 944237 29522 600024 705120 618179 952675 722018 560643 674042 491708 797505 1041256 494310 925753 178276 769377 162946 247927 753819 493473
615246 396212 705175 312024 412648 739933 77678 458996 706608 461533 368578 784224 457130 298920 276437 715770 395747 285248 191641 510972 590244 365943 302172 576823 624461 440805 803640 489839 73720 74587 225947 292289 360474 371832 703986 204351 196606 256122 280540 398731 593084 272826 596271 865332 392350 541129 361958 732182 253693 186270 999999999 250273 289659 543023 789452 149720 291558 743259 488256 487920 511829 629897 781653 214039 264109 760903 233852 251208 176405 326579 764356 359801 107281 329309 537356 317482 356743 513919 270880 756780 778278 159847 428202 519382 460036 778725 548918 541184 490046 354256 661243 859381 308043 739881 132368 730213 227939 180362 724911 508474
373696 623587 689438 371741 412898 583124 327949 229636 640889 222241 404660 543941 643106 232559 296920 548263 148216 533537 189312 385855 665679 297448 484548 335619 533802 340320 585293 407193 268976 206609 227104 181296 567423 346389 470691 447548 324397 240650 502844 402261 630182 242219 725676 842922 416664 401891 219444 781564 11231 436428 250273 999999999 316165 357630 637260 200903 57677 649194 459194 512983 261946 436728 594747 380733 494120 667597 151525 21948 273754 236335 571764 599504 265793 310236 502004 450892 493850 434874 67765 612953 583349 409385 244917 269528 313870 564406 347342 621189 244530 291749 539578 623334 59705 492306 323701 761918 446099 327229 770837 631935
530695 436457 417290 585369 668402 503218 322680 531964 420159 402061 636730 675927 385999 113333 531435 491625 384196 436689 135019 274576 349759 582857 255266 497294 349826 199613 640729 223510 225291 331442 464166 166298 352311 613013 583382 349766 481451 490753 332457 109345 323132 501734 418316 577508 657189 312049 528346 472266 327104 397466 289659 316165 999999999 366029 545208 154165 372870 464929 199515 208595 489374 447143 573620 503671 343256 481724 166107 297310 450090 139189 565034 450025 188095 570519 248526 175841 211392 242177 268054 507711 580843 386941 285277 518602 259087 610791 393487 305029 520061 113623 402498 731975 335221 667943 421896 459527 288295 150926 462615 325630
219075 801253 489088 729274 761143 230345 609824 419353 381814 197505 759896 322659 745472 270928 653770 191807 263004 778194 362919 136928 600904 634365 621229 203429 266896 183239 275704 218732 515354 534159 584658 253847 718301 692427 229389 686378 674485 596694 692004 350921 520459 596189 725449 607957 769786 112579 533455 654108 364628 710853 543023 357630 366029 999999999 285112 406849 374915 351506 322864 428842 275271 87256 240743 724263 698208 368110 310132 340053 625844 238630 221561 808461 487595 660824 333558 538638 568729 233192 297722 267264 235277 690909 116831 317983 107799 246650 44861 575191 358607 252924 226442 368738 312811 342071 654944 613157 642199 495306 640478 644540
434502 963255 410141 1008172 1045317 54767 845901 696005 269423 476462 1041699 426871 865774 491823 934146 97830 547273 981895 598311 279314 623753 919366 781227 440528 226072 352902 282205 323124 746038 795324 863781 500486 872927 976822 367779 894393 943261 877821 872271 473793 525593 878443 775554 456428 1052666 248435 818428 608613 645184 935728 789452 637260 545208 285112 999999999 641741 658999 188617 392726 489749 539198 228969 134072 987400 886172 192565 559366 618163 896949 462981 160043 988878 712430 944310 365053 685850 701352 309596 573412 40734 168211 920850 392375 580532 333071 258770 311133 619897 628841 444020 148686 411667 596354 500988 912564 555614 832293 694991 595031 718857
513114 436034 570042 431582 514754 593183 205431 430415 560559 363741 482581 676297 442568 150027 377449 571159 316358 377079 44315 362618 491141 434505 284914 475552 475263 291429 676365 340359 108516 178794 310962 153109 371655 460762 589884 285145 331205 338235 316095 261968 475068 350109 532075 730026 503042 394017 391627 622037 210010 304007 149720 200903 154165 406849 641741 999999999 257602 594324 345775 362213 433767 494069 641169 360031 313264 612088 100891 188573 297072 179106 625921 423740 83332 417962 394575 252116 295301 364782 181355 608318 640477 284611 297114 452448 316078 649530 419078 443691 438160 204583 511706 745236 241582 646090 279751 612202 260047 127363 613066 438781
