NAME : synthetic_000550
TYPE : CTSP-D
DIMENSION : 100
GROUPS : 8
RELAXATION_LEVEL : 1
EDGE_WEIGHT_TYPE : EXPLICIT
EDGE_WEIGHT_FORMAT : FULL_MATRIX
EDGE_WEIGHT_SECTION
999999999 549560 427395 882147 289571 448924 613517 883993 297852 847870 450239 349738 655045 676382 260010 202019 139763 449281 176416 474421 287461 715028 857755 306204 377929 379736 358138 628038 90388 200202 699834 878559 310121 712373 146090 56532 341315 160618 464353 641227 742587 530219 812674 425991 736403 348734 395141 175062 696745 593556 483891 416831 105371 658090 702662 665370 610937 268920 485526 841263 609700 840701 528040 411340 367524 691821 592662 395546 314097 454398 797408 481986 660697 326081 380745 300810 329428 861535 487529 544180 804378 523689 376060 384079 416368 51675 844156 605567 321258 285420 420391 657957 769483 483011 343601 199458 865853 364900 627612 404256
549560 999999999 560935 345292 445737 709855 178687 676977 371447 336520 636404 270824 108144 180851 462602 364826 688637 103700 408129 364693 364621 296565 308437 511091 679019 362154 603600 80049 470577 656050 188811 608969 274759 353697 431830 596492 258820 576642 100958 138139 486664 181113 426571 427803 197625 542038 519636 482327 310174 424332 918027 838051 654736 306410 359996 115816 205140 407070 769519 555249 208424 338431 450556 289286 311910 177053 78979 207906 459759 264181 478262 68546 189169 548391 188780 632496 274910 568550 357427 538599 260422 525163 629547 483331 576766 498079 631949 216284 729843 452657 275887 218657 366968 296042 300684 613792 692576 395463 522906 646156
427395 560935 999999999 772563 164960 861402 487921 1152105 592508 893973 76852 565535 655718 740879 180812 334034 507450 514524 488736 221933 576977 520011 800559 679846 794341 199288 104996 607795 365347 627474 597688 1111996 517290 879339 323452 417075 543317 286092 464584 556632 973760 412199 968664 138656 662547 727457 45364 551655 484357 852197 904536 841950 469815 438845 878736 646903 734685 589957 904757 1062875 736173 897991 821286 641559 616801 597053 545074 359005 136870 304299 996143 523902 537310 104214 517342 717572 544583 1080266 236530 873935 795856 128110 780084 729646 794407 407434 1107051 739021 748653 633124 640623 765274 911491 288221 272682 274561 1150092 168243 923563 111155
882147 345292 772563 999999999 713641 1041921 291772 850774 713577 313285 847805 612837 262389 335797 739619 685393 1021879 448471 751995 550811 707918 266292 103406 850716 1017559 602250 847753 266181 797267 1000888 186698 756888 620002 527295 750891 924210 602825 879652 418128 242876 680289 377931 538186 636372 148027 877635 742598 827520 305831 686731 1262100 1182112 985643 345959 543632 238993 437968 750524 1101729 706102 442403 334555 741576 616897 647523 192598 289757 496510 716975 485550 629128 412821 240024 800205 534004 975316 618993 710207 536035 832864 196186 685273 965568 812169 904053 830542 812534 453896 1074452 794101 602285 407535 491430 488208 576573 909590 883258 637390 785080 878104
289571 445737 164960 713641 999999999 704104 422131 994245 427670 781970 221589 405220 549709 618654 32931 169104 397421 379573 325047 203188 412154 491334 721338 517081 639211 117288 162173 506502 213280 487019 528330 959139 356098 735750 164325 295554 383726 189476 344875 477324 819810 335777 829175 138495 584581 564733 121952 391853 463293 692887 773443 705340 357056 419028 733264 547110 596789 425139 750119 911561 597692 782723 658273 481865 454651 524481 449948 238231 28541 229466 848199 396334 473933 105574 366260 563504 383615 929652 218718 709224 698724 236157 621023 564836 631096 258808 949603 599034 605709 468921 482090 632400 774090 238358 145724 205507 990144 87955 761057 210187
448924 709855 861402 1041921 704104 999999999 857290 612991 347039 865090 894571 442712 779534 729202 681930 549570 455069 618248 389443 840101 358194 979980 975461 208271 72732 754675 804265 781986 496222 277346 898366 658069 456308 631422 539930 483908 459570 609498 679761 844362 562577 799729 712449 822498 900618 169173 823128 312992 978060 433787 283739 223308 467815 953106 613542 803638 626498 320833 59836 646157 622680 847799 347430 425127 397956 886774 784062 680741 732214 776693 645804 651515 887657 766280 532784 148338 444903 665388 848170 281139 889236 936483 86811 229894 140661 456144 589207 612342 188865 269091 439676 671280 700025 817429 685777 646599 574702 755237 387583 851955
613517 178687 487921 291772 422131 857290 999999999 851386 510531 436911 564368 415725 211165 325016 448727 411819 751490 242509 510646 266995 500271 123721 312946 651209 817533 310633 557573 162501 524799 758274 109856 778433 402550 521660 473914 649842 397817 592630 177671 76671 661549 87473 582567 349696 175697 688154 454882 593445 131838 602761 1037628 958673 713266 130165 530295 189585 378074 540275 915915 724320 381793 447130 625045 452502 465975 109336 105851 218055 425215 193815 645587 213582 51806 508948 324879 761512 412387 736090 253762 711040 320826 416182 773154 638730 731470 563029 806828 390769 848854 590433 440640 381433 523283 199930 288333 620386 869069 345901 700880 590173
883993 676977 1152105 850774 994245 612991 851386 999999999 593606 548464 1215650 589461 656316 542410 991531 833651 968531 663788 719683 1009508 606965 956322 749833 596726 655714 967805 1148612 696076 867617 815315 813923 102764 639105 335008 874346 938840 610565 1014600 734261 790400 190334 853824 314980 1045990 768799 569745 1106741 711454 978402 302121 893199 836273 960009 981349 323330 684846 473341 616455 647921 146105 469679 525532 356018 512659 543931 802515 745580 816502 1019650 909835 221682 671577 846140 1094236 637100 687555 611549 146890 1007347 356991 654605 1161569 607012 508735 521232 855165 45734 461044 781713 600406 512174 474884 359475 950149 886103 1060136 50671 990512 258090 1199667
297852 371447 592508 713577 427670 347039 510531 593606 999999999 595844 645492 100821 454879 433853 416849 258613 407772 274197 126281 516236 15566 632990 660148 141113 308810 442007 568378 448089 274106 310362 557411 581706 109746 422840 285821 354270 113962 421032 332889 501536 444900 453410 522433 517821 567650 178277 548598 144534 631212 297091 549069 469160 388360 607269 411213 475291 346401 40169 405417 543512 343961 584079 240190 124677 79755 546260 441803 340238 455638 440270 500426 308744 542400 517463 187195 261740 98572 563746 521594 281687 585149 637447 262642 144677 229318 263280 551945 336930 363081 81319 137407 395503 484586 482675 363718 466549 580577 452250 343504 619871
847870 336520 893973 313285 781970 865090 436911 548464 595844 999999999 970187 508886 238639 171959 797789 685596 980757 413006 681907 686432 597083 496014 209882 708916 860774 696699 940088 287929 780590 906185 349016 450360 540150 254829 750930 900398 511215 901922 437141 360270 395922 489968 233670 757909 282431 720620 853942 736034 529963 449297 1123291 1045861 952010 552721 273787 251347 249976 635990 922348 402364 252771 22992 525243 473628 516684 341863 352482 544420 796279 591286 330192 388847 404229 884908 467783 839714 525348 403758 676312 610587 129485 844582 803687 644270 725071 798836 513895 260999 947862 664682 459695 201073 199062 615852 637182 941732 585668 730729 535941 982231
450239 636404 76852 847805 221589 894571 564368 1215650 645492 970187 999999999 626804 732102 815886 228652 387802 510979 586702 534783 297851 630119 592829 877138 722363 825411 274271 93142 684362 400494 647388 674060 1178864 577675 949962 366194 430483 605239 296098 539187 633414 1039939 489045 1040612 215460 739197 769612 116923 590552 556397 914446 914451 856395 476158 511209 948711 723569 806748 639225 934579 1130527 808088 973943 879023 703422 675999 673577 621794 432772 196070 381072 1065275 597571 613493 130166 584414 748127 605198 1148270 312075 927039 872667 182734 816018 778253 837520 438493 1170918 810536 768903 679463 703479 838542 983927 364854 344240 273117 1211730 241786 982067 61239
349738 270824 565535 612837 405220 442712 415725 589461 100821 508886 626804 999999999 354900 341923 402122 245323 475553 175564 175753 454990 95546 539103 560964 240472 408472 393051 559442 347269 300850 401748 457554 560239 49897 365237 293098 405304 23428 443449 239280 402348 420326 365248 465295 471575 466829 273672 520313 228436 540027 287715 649494 569536 450071 519306 357143 374771 263842 138084 501889 515847 262171 499081 259340 76807 57023 446267 342296 266272 431170 368546 460916 209287 444947 504815 91026 362499 22807 535058 457786 326172 488629 591089 360267 224104 316073 305473 545130 257120 462729 181864 79091 312146 420152 411755 310861 488438 585002 410257 359441 610357
655045 108144 655718 262389 549709 779534 211165 656316 454879 238639 732102 354900 999999999 116417 568058 472819 793502 205893 507074 448283 450445 301327 207243 589897 756033 459351 705105 50520 577646 751529 158035 576450 368412 321627 539791 703023 347436 684716 207175 139133 469918 252635 373354 519316 127238 615634 616185 576908 326866 441967 1003910 924026 760384 338118 333062 29383 193979 492965 839341 522375 198355 244505 486875 354560 386151 146385 115282 311566 562100 352653 442690 173334 193094 650713 283714 716181 363533 532489 438588 577971 152286 607215 703536 549786 641784 603789 613219 209360 817616 534461 339923 181557 314734 377767 404020 721614 679312 493821 542210 745883
676382 180851 740879 335797 618654 729202 325016 542410 433853 171959 815886 341923 116417 999999999 632363 514605 810140 243335 512348 544752 433403 417503 251724 556328 715830 541708 779002 162577 608639 742739 271996 460543 370092 207443 579533 728627 342210 731179 276893 255178 358594 355011 257645 608571 228121 574068 698979 570302 443265 350993 973700 894871 780790 453507 220319 143591 104877 473908 788224 406552 109123 167439 409465 316431 356603 260864 222988 384223 634904 444839 326765 222403 309496 723061 295951 686668 356913 416298 536840 500262 160344 705171 660266 501312 588720 627111 500038 120387 792984 507271 301802 72564 198629 475376 475992 771579 567473 574311 449336 823153
260010 462602 180812 739619 32931 681930 448727 991531 416849 797789 228652 402122 568058 632363 999999999 159526 364994 390933 308550 235896 401469 521477 744200 499111 615894 148333 157737 526214 187588 458712 553661 959702 352426 741413 142728 263667 381480 156796 361681 501446 819990 361775 836261 170783 608250 546704 141198 371092 494148 689561 743775 676566 324700 450180 738093 566870 605345 411411 726651 913063 606015 797695 651078 478926 449236 549352 471413 256873 54102 257554 851557 410078 500456 102707 370323 539632 379982 931495 251333 698439 718279 263862 599869 550854 613794 232015 947252 606750 578205 453222 480164 642633 782139 268944 166192 174665 985763 120473 754352 208305
202019 364826 334034 685393 169104 549570 411819 833651 258613 685596 387802 245323 472819 514605 159526 999999999 339718 273159 161497 296366 243115 513525 668755 353679 489264 206329 315168 439787 113038 368624 500994 805282 195428 597135 67035 239205 225984 216655 271380 442973 665359 328200 694756 273140 541876 401104 290470 237846 496452 531530 658697 584205 301846 459184 591961 478989 470314 256837 599602 760072 470279 682037 491553 321816 290291 493590 397867 193764 197210 257197 701869 301092 459604 261740 228571 416917 222769 778980 306747 540249 624884 389191 464163 396415 465948 152520 789696 469241 477516 302332 324199 512216 643545 290215 148886 258074 826858 205818 594847 366432
139763 688637 507450 1021879 397421 455069 751490 968531 407772 980757 510979 475553 793502 810140 364994 339718 999999999 587610 299938 594836 400512 850086 996997 372319 382856 501071 418795 767397 226696 177823 839280 974916 440660 830232 278991 104680 470309 221611 604115 780760 843662 667207 930063 535776 876160 404735 483984 266147 830051 692174 404911 353279 40556 790005 818925 804447 739271 372409 475996 942119 737682 972518 617624 529271 484092 831373 732423 533452 417329 586187 905611 620787 799268 403344 516046 314335 457001 962670 609087 615708 941955 619315 401623 459798 465541 191423 931714 732647 285055 372659 540044 787251 890570 611570 475507 237862 944676 480900 710538 455527
449281 103700 514524 448471 379573 618248 242509 663788 274197 413006 586702 175564 205893 243335 390933 273159 587610 999999999 304436 346468 265908 366228 410842 415160 583002 317397 541425 183739 373519 552510 283668 609110 172674 366176 339260 497914 160257 489038 74729 227347 476099 205003 454143 391955 300521 449236 470545 379081 370538 384082 816963 737063 554645 354981 367122 218179 220167 307825 677452 557463 221656 410454 391253 211110 223677 272764 167818 157821 398146 246085 486221 35710 269475 484958 87550 533049 175919 573421 343694 473518 355486 502134 535701 396655 489706 398144 618060 224773 628330 355418 200089 253026 397225 286499 242466 528740 671936 346334 476607 587663
176416 408129 488736 751995 325047 389443 510646 719683 126281 681907 534783 175753 507074 512348 308550 161497 299938 304436 999999999 451261 113854 626169 713921 192569 331988 365276 452739 488174 148862 249867 579291 707344 142371 536064 168858 232804 170738 295327 340279 520550 569775 438168 636356 434445 603986 240149 446885 84705 616532 423119 527644 449345 274511 585141 526251 521923 439339 107245 441161 668141 437772 673100 365185 234926 191303 569558 465122 306968 353587 394778 621923 339759 551291 404914 223623 263387 157106 688231 459917 397559 650697 550630 303433 243895 306063 137677 678181 432863 339647 144764 244067 487331 593831 433433 297578 340746 705754 367127 467871 503907
474421 364693 221933 550811 203188 840101 266995 1009508 516236 686432 297851 454990 448283 544752 235896 296366 594836 346468 451261 999999999 501452 303440 579941 636736 783028 94687 301549 398526 387427 660839 376437 955234 415656 707850 331147 490801 431614 392655 280606 338075 822505 196926 788577 86675 442430 682542 192825 532340 270588 721943 951283 878493 554281 224919 710701 435716 558217 528811 892421 903180 560555 692775 711637 522569 511794 376328 333992 194478 192411 101925 830320 344288 315677 260644 381025 712281 439065 918655 16283 781054 580966 160474 753593 660895 742380 433779 963777 565695 773039 579510 516975 580666 729446 70588 154585 406582 1015625 115513 807217 327898
287461 364621 576977 707918 412154 358194 500271 606965 15566 597083 630119 95546 450445 433403 401469 243115 400512 265908 113854 501452 999999999 622343 656421 150955 317785 426732 553277 442024 260663 309494 549506 593502 98135 429724 271069 343972 105946 407662 322609 493169 456126 441637 529623 502425 561463 190062 533049 140107 619870 309315 554206 474225 379897 595276 418602 470170 348340 42614 416165 554602 346070 585841 254411 129321 83957 538487 433714 326752 440107 426351 510045 300837 533079 502205 178482 267876 90041 574755 506962 297151 582991 622016 273113 159633 242996 251397 565042 339456 367195 90193 141110 397390 490503 468625 348679 453218 594550 436789 357867 604776
715028 296565 520011 266292 491334 979980 123721 956322 632990 496014 592829 539103 301327 417503 521477 513525 850086 366228 626169 303440 622343 999999999 326625 773276 938869 374190 604945 260388 624901 870825 149468 877771 524333 622439 571133 746420 520836 674029 300290 166504 768190 188465 672348 389954 213591 810941 495401 710024 39561 720036 1153806 1075421 810730 81939 633091 274023 485972 661766 1038383 823685 490001 510630 746347 575979 589668 158941 218590 323407 487858 267171 744016 336931 110702 563149 448148 881123 535185 833775 287452 833230 368602 422845 895435 762360 855009 666045 912644 499864 965636 712372 563962 481699 614680 253100 375729 696134 977232 406488 819131 629194
857755 308437 800559 103406 721338 975461 312946 749833 660148 209882 877138 560964 207243 251724 744200 668755 996997 410842 713921 579941 656421 326625 999999999 792516 956775 616984 866206 229813 777293 958764 203959 654881 575656 430995 735624 903818 554352 874057 397428 245618 582908 390773 436176 662070 138283 815339 766430 784133 365086 600315 1208489 1128770 962793 398597 448068 192757 356497 698787 1034957 604626 360786 231179 661185 553761 588732 203620 274181 490515 728680 500969 528449 376655 265512 815254 490838 920431 570400 608165 566606 751915 97761 726259 902807 745907 835742 806195 712387 372095 1023225 738706 538926 320372 391173 512341 578120 907768 783486 652562 696766 901171
306204 511091 679846 850716 517081 208271 651209 596726 141113 708916 722363 240472 589897 556328 499111 353679 372319 415160 192569 636736 150955 773276 792516 999999999 168000 554599 636808 586461 323991 224902 697986 609046 248963 504500 357044 355880 255020 459058 473540 642438 484488 591767 598737 625845 706005 47652 638671 134828 770411 334112 417459 338550 366790 744946 489411 611790 460179 112567 265514 580982 457008 694620 251847 240218 203915 686728 582565 472727 545613 569574 555519 449484 683506 592208 328300 130844 239684 601565 643965 243789 712748 742836 122352 88978 115178 293628 560904 448171 239134 60994 254995 508357 571486 610790 482159 501856 572366 558629 339185 687100
377929 679019 794341 1017559 639211 72732 817533 655714 308810 860774 825411 408472 756033 715830 615894 489264 382856 583002 331988 783028 317785 938869 956775 168000 999999999 695416 734531 754009 429037 205038 865978 691876 415011 638211 474901 411650 422770 538303 640018 810328 585967 755291 725077 761000 873477 141803 756972 251417 934514 447258 264795 191990 395112 907272 621229 778566 615986 277259 110937 674831 612463 844832 359273 403014 370040 854728 750516 631599 667054 724650 666186 617434 850862 697831 495934 77313 407275 694702 791874 308112 874333 873220 57757 216507 145718 387613 628264 602788 127793 227718 417848 662740 706802 764356 629565 574801 620697 693978 416357 781720
379736 362154 199288 602250 117288 754675 310633 967805 442007 696699 274271 393051 459351 541708 148333 206329 501071 317397 365276 94687 426732 374190 616984 554599 695416 999999999 249375 412685 292987 567171 419032 921614 349011 683434 236858 396780 369757 304089 265297 371398 785091 226715 770974 78767 478955 601286 157488 444038 346023 672428 857455 785233 460536 301880 683792 452568 537131 450099 805548 871261 538798 699988 652381 465620 448363 416294 351831 160345 115230 116924 802246 325002 362267 198653 330901 623238 374588 888016 108188 715543 603275 198055 668697 586081 663461 339440 922298 542159 680531 499407 462228 566496 713342 121117 82511 322681 969642 35579 751578 287107
358138 603600 104996 847753 162173 804265 557573 1148612 568378 940088 93142 559442 705105 779002 157737 315168 418795 541425 452739 301549 553277 604945 866206 636808 734531 249375 999999999 659886 313131 554504 666914 1117438 509643 897435 284130 337351 539032 202962 503375 620588 977723 475559 991245 214997 728064 683672 111208 503581 571409 846525 821640 763270 383461 525634 894610 700158 758962 558858 843212 1070734 759861 941749 805526 636209 605454 664734 600351 395803 144109 365356 1008765 557099 608683 56608 527042 657218 537164 1089116 317494 848615 851438 233001 726888 696607 751930 348912 1104484 761162 675979 596604 637711 794380 936257 359658 303250 181145 1141990 213844 909054 51503
628038 80049 607795 266181 506502 781986 162501 696076 448089 287929 684362 347269 50520 162577 526214 439787 767397 183739 488174 398526 442024 260388 229813 586461 754009 412685 659886 999999999 547588 735919 126756 619248 354018 362959 506781 674029 336706 648217 169341 94410 507808 202414 420208 470773 119588 615470 568891 562012 282986 467644 996085 916093 733017 291082 373030 40655 226278 484604 841793 565092 230414 294546 505109 357867 384737 114449 64878 269374 517669 303999 485780 148540 150068 606081 268039 709708 352867 576054 388583 595294 192223 557101 703307 553545 646604 576451 652290 240645 808295 528963 343738 222058 361061 327956 360876 683733 716912 447508 567824 699681
90388 470577 365347 797267 213280 496222 524799 867617 274106 780590 400494 300850 577646 608639 187588 113038 226696 373519 148862 387427 260663 624901 777293 323991 429037 292987 313131 547588 999999999 275910 613522 851875 255052 665747 56529 127009 287590 147006 381054 555274 713129 440765 765544 344883 652767 370644 328213 190459 606381 569142 565242 494618 188898 567714 657971 585950 552196 255573 539584 810793 551476 775093 513865 371016 330865 605911 508707 306756 240146 364068 760214 404406 572638 270947 313679 352427 278651 830585 399993 544931 728701 449418 415971 388310 438991 46663 825667 548665 392999 287172 377500 597330 718482 393192 253329 192575 854435 281150 616697 363169
200202 656050 627474 1000888 487019 277346 758274 815315 310362 906185 647388 401748 751529 742739 458712 368624 177823 552510 249867 660839 309494 870825 958764 224902 205038 567171 554504 735919 275910 999999999 829155 832973 383147 721591 330823 218900 405278 352246 590016 770396 709384 682372 818340 620720 852871 245638 595261 174651 858231 558790 290515 218714 191978 823767 707679 768236 656724 270249 301205 805806 654237 894404 476600 433860 389803 819420 714900 547912 512587 624774 779584 588105 800248 525560 468508 138459 389484 826378 672560 458452 890005 722547 226645 313247 298699 229328 781595 647009 121561 248176 447248 705827 786778 658820 517509 383369 787169 556955 560166 598252
699834 188811 597688 186698 528330 898366 109856 813923 557411 349016 674060 457554 158035 271996 553661 500994 839280 283668 579291 376437 549506 149468 203959 697986 865978 419032 666914 126756 613522 829155 999999999 732314 455680 478975 565810 740177 443672 692967 239570 59010 627943 192786 524124 459538 70104 730178 564718 658501 181277 594213 1099685 1019905 802330 204791 490856 129140 350215 591490 957963 678408 354490 362607 631328 477788 500527 12316 115908 310350 532902 302128 598582 248701 61690 617642 371213 816677 459471 687692 362871 721179 224405 522624 817435 672142 765573 648448 771043 365132 910759 638721 464179 339484 467088 309785 389981 722984 837334 454477 694444 699968
878559 608969 1111996 756888 959139 658069 778433 102764 581706 450360 1178864 560239 576450 460543 959702 805282 974916 609110 707344 955234 593502 877771 654881 609046 691876 921614 1117438 619248 851875 832973 732314 999999999 610034 256774 851989 934601 579341 998268 675825 713520 139926 788999 218727 998571 683063 589186 1066783 711306 902183 285005 941604 879158 962235 908550 249010 604116 403884 609836 699386 54158 400723 427580 357945 484580 521592 721325 672814 765586 983158 854009 133781 612175 768757 1061884 594735 713369 582967 46725 951654 384170 561237 1111050 639086 520121 550088 844865 85173 393578 813959 602344 481183 397358 268591 892658 841512 1043792 149154 946859 276443 1167740
310121 274759 517290 620002 356098 456308 402550 639105 109746 540150 577675 49897 368412 370092 352426 195428 440660 172674 142371 415656 98135 524333 575656 248963 415011 349011 509643 354018 255052 383147 455680 610034 999999999 410968 244225 364629 32577 395674 225009 398424 470112 343698 510586 427062 472373 287902 472172 208594 521752 337187 644318 564440 412810 497524 403736 385293 300858 137777 514292 565393 299688 531901 305087 126570 100073 445005 339796 232789 382327 334160 509486 208290 436479 455131 85998 361415 27567 584518 419599 366815 509352 546926 371212 249819 338033 263549 594861 295863 455656 188039 128852 347871 463578 377054 267583 440408 634063 364413 406521 560606
712373 353697 879339 527295 735750 631422 521660 335008 422840 254829 949962 365237 321627 207443 741413 597135 830232 366176 536064 707850 429724 622439 430995 504500 638211 683434 897435 362959 665747 721591 478975 256774 410968 999999999 653136 768576 378392 806057 427253 457346 153412 534558 100302 758036 434631 504872 834833 566822 645937 200829 902978 828964 808922 651780 19108 349970 150056 459963 685981 202668 147461 233485 284228 301590 346403 467626 416060 523948 757268 605969 124598 363649 512817 840921 371355 631169 387167 215039 702996 362944 333298 866274 580467 426521 495307 670050 292648 142228 740086 473485 291998 140903 68698 642831 606657 850372 360691 711569 281610 945919
146090 431830 323452 750891 164325 539930 473914 874346 285821 750930 366194 293098 539791 579533 142728 67035 278991 339260 168858 331147 271069 571133 735624 357044 474901 236858 284130 506781 56529 330823 565810 851989 244225 653136 999999999 176038 276381 153886 338202 508170 712293 388742 751850 291235 608098 404545 283630 228398 551676 573090 620780 549337 239925 512447 646857 546018 531199 274736 585819 808602 530911 746864 525136 367539 331314 558717 464205 256525 192305 308597 753710 367803 522667 236168 289466 399343 270305 827952 343585 564724 691804 399093 457336 412722 472006 102634 831284 529203 446310 313340 371932 574354 702189 336953 197720 197401 864351 226383 628715 335436
56532 596492 417075 924210 295554 483908 649842 938840 354270 900398 430483 405304 703023 728627 263667 239205 104680 497914 232804 490801 343972 746420 903818 355880 411650 396780 337351 674029 127009 218900 740177 934601 364629 768576 176038 999999999 396180 134390 507995 682059 798882 564779 868877 434033 779771 396514 389501 228115 725854 649601 487462 426320 64505 685561 758986 712095 665451 324795 515828 897579 664313 893739 583077 467719 423999 732690 635714 432137 316963 481832 853937 529692 698318 313243 432680 335842 384688 917871 504893 596446 853399 522774 416037 436418 463119 101621 899335 660421 339697 339148 476640 712124 825310 506901 371303 164705 919908 377461 681942 379805
341315 258820 543317 602825 383726 459570 397817 610565 113962 511215 605239 23428 347436 342210 381480 225984 470309 160257 170738 431614 105946 520836 554352 255020 422770 369757 539032 336706 287590 405278 443672 579341 32577 378392 276381 396180 999999999 428146 220578 387603 439428 344856 478015 448320 455966 290400 498050 230824 520717 309243 659407 579417 443304 499020 371205 365953 269738 148275 518408 534165 268425 502377 282626 98282 80243 432605 327958 243358 409406 345603 477435 194972 428641 484098 73349 373738 16175 553163 434483 349493 484971 567779 376075 244277 335392 295369 566038 264273 471642 195163 98685 317199 431156 388794 287521 472820 606889 387237 382419 589784
160618 576642 286092 879652 189476 609498 592630 1014600 421032 901922 296098 443449 684716 731179 156796 216655 221611 489038 295327 392655 407662 674029 874057 459058 538303 304089 202962 648217 147006 352246 692967 998268 395674 806057 153886 134390 428146 999999999 478969 637702 859226 505184 905109 323564 741926 503777 262741 324418 648340 716018 620105 560467 183726 605045 799303 688325 685050 401139 645144 956556 684782 898618 660511 515800 476797 687321 600042 384537 203910 407371 904244 515453 643682 181891 443233 461299 420828 976217 408127 688561 836983 398687 536247 530073 572109 165947 972673 683087 473520 428961 521432 727971 855895 423334 304297 45586 1001078 277269 763088 246041
464353 100958 464584 418128 344875 679761 177671 734261 332889 437141 539187 239280 207175 276893 361681 271380 604115 74729 340279 280606 322609 300290 397428 473540 640018 265297 503375 169341 381054 590016 239570 675825 225009 427253 338202 507995 220578 478969 999999999 180618 545354 130663 509567 334948 272072 510678 422264 420842 300899 458278 864096 784682 568431 282401 430193 209356 277772 362782 738298 623345 280031 438382 465693 283412 291524 230332 128391 107635 359365 178769 549835 63758 212631 447915 148262 585105 234902 638488 276111 547107 358875 439369 595493 463198 555351 412696 688593 285089 675043 412783 273140 302795 450970 216847 200172 514964 743996 297484 551284 546659
641227 138139 556632 242876 477324 844362 76671 790400 501536 360270 633414 402348 139133 255178 501446 442973 780760 227347 520550 338075 493169 166504 245618 642438 810328 371398 620588 94410 555274 770396 59010 713520 398424 457346 508170 682059 387603 637702 180618 999999999 601876 145264 512472 417976 107598 675706 521455 600118 188663 556002 1041916 962210 743984 199234 467427 115002 319468 534901 903799 659368 323501 370699 587329 426819 447182 50637 60406 253781 483620 255396 579969 193061 55840 569794 314689 759749 403239 670150 325787 676054 244977 490716 762598 619652 713105 589788 746524 333400 852916 582765 413642 316444 453745 268882 336341 668816 810808 406977 655690 655853
742587 486664 973760 680289 819810 562577 661549 190334 444900 395922 1039939 420326 469918 358594 819990 665359 843662 476099 569775 822505 456126 768190 582908 484488 585967 785091 977723 507808 713129 709384 627943 139926 470112 153412 712293 798882 439428 859226 545354 601876 999999999 663675 174847 862601 586630 470362 928479 578322 789306 151675 844891 777132 829043 791383 138535 498866 283511 474782 610516 98749 279759 373299 233535 344790 382429 616293 555830 630864 844068 722081 86073 482291 657702 922262 456452 597494 443062 119172 819746 281443 485472 976523 530306 396722 440638 707444 145342 270904 702293 471445 341262 288572 196887 761818 704329 904705 209397 809490 176882 1028110
530219 181113 412199 377931 335777 799729 87473 853824 453410 489968 489045 365248 252635 355011 361775 328200 667207 205003 438168 196926 441637 188465 390773 591767 755291 226715 475559 202414 440765 682372 192786 788999 343698 534558 388742 564779 344856 505184 130663 145264 663675 999999999 606876 273644 252545 631594 376343 522312 179371 586081 965688 887513 628558 154174 540306 238905 385264 479386 857270 735494 388326 496959 596242 413697 419434 189634 137582 135596 340145 110215 659037 186134 138887 425350 275211 695265 357902 749170 186362 677706 384597 354705 714108 589097 680036 480356 808428 395474 777793 530790 403677 399454 547172 126446 200893 532982 866592 262261 680551 510597
812674 426571 968664 538186 829175 712449 582567 314980 522433 233670 1040612 465295 373354 257645 836261 694756 930063 454143 636356 788577 529623 672348 436176 598737 725077 770974 991245 420208 765544 818340 524124 218727 510586 100302 751850 868877 478015 905109 509567 512472 174847 606876 999999999 843736 470179 595777 924654 666060 699780 278883 989064 916831 909060 711125 111337 399020 233979 559116 764665 168995 232537 210699 366381 401793 446498 513818 479449 610684 849777 686813 97987 447080 566128 934646 467481 723172 487107 172028 782480 435693 342730 948418 667597 517773 580258 770288 280372 230305 831575 570677 392293 208156 59726 721450 696436 949216 352178 800454 341002 1039041
425991 427803 138656 636372 138495 822498 349696 1045990 517821 757909 215460 471575 519316 608571 170783 273140 535776 391955 434445 86675 502425 389954 662070 625845 761000 78767 214997 470773 344883 620720 459538 998571 427062 758036 291235 434033 448320 323564 334948 417976 862601 273644 843736 999999999 523984 672979 106363 509977 356563 751114 909114 839431 495464 310806 759038 509461 610459 523907 871701 947852 612330 762708 730914 544362 526655 458664 407467 234134 119714 166775 877931 396689 399536 176163 409359 687175 452879 964355 102515 793185 657709 119969 737276 661229 736429 391399 1000441 616213 737452 572214 540995 637686 785528 149791 161277 331620 1048209 67326 830291 241764
736403 197625 662547 148027 584581 900618 175697 768799 567650 282431 739197 466829 127238 228121 608250 541876 876160 300521 603986 442430 561463 213591 138283 706005 873477 478955 728064 119588 652767 852871 70104 683063 472373 434631 608098 779771 455966 741926 272072 107598 586630 252545 470179 523984 999999999 734627 628177 679600 248128 568345 1115368 1035380 840480 274266 448203 99364 318922 604019 960448 629688 323365 297358 614063 475819 503934 66900 144072 357393 591177 362757 550032 264847 131035 677388 386403 829221 472107 637556 429399 705110 155586 591169 822514 671628 764383 684737 727144 334622 927362 648548 461480 299557 415159 374345 442617 774171 795223 514533 668448 762888
348734 542038 727457 877635 564733 169173 688154 569745 178277 720620 769612 273672 615634 574068 546704 401104 404735 449236 240149 682542 190062 810941 815339 47652 141803 601286 683672 615470 370644 245638 730178 589186 287902 504872 404545 396514 290400 503777 510678 675706 470362 631594 595777 672979 734627 999999999 686319 180619 809486 323295 402733 326048 402675 785323 488729 638749 474634 155181 228216 564686 471170 705176 237069 261704 230733 718686 615486 515461 593265 613451 545472 482722 718574 639476 363613 127952 275784 585132 689470 213145 732536 790197 87938 78356 68493 339000 536021 461648 235804 103453 276511 521723 572945 655035 528041 546012 542463 605810 314840 733813
395141 519636 45364 742598 121952 823128 454882 1106741 548598 853942 116923 520313 616185 698979 141198 290470 483984 470545 446885 192825 533049 495401 766430 638671 756972 157488 111208 568891 328213 595261 564718 1066783 472172 834833 283630 389501 498050 262741 422264 521455 928479 376343 924654 106363 628177 686319 999999999 512008 461207 806873 876021 811485 445251 415440 834045 608402 690699 546958 867670 1017752 692122 857421 776385 596277 571780 563432 506944 315939 93479 266992 951267 480796 505166 86031 472089 680574 499429 1035195 208406 829800 758264 136537 740948 686646 752882 371668 1061687 694806 715849 590869 595289 721929 867701 255103 228298 257967 1104782 124906 878543 135522
175062 482327 551655 827520 391853 312992 593445 711454 144534 736034 590552 228436 576908 570302 371092 237846 266147 379081 84705 532340 140107 710024 784133 134828 251417 444038 503581 562012 190459 174651 658501 711306 208594 566822 228398 228115 230824 324418 420842 600118 578322 522312 666060 509977 679600 180619 512008 999999999 700940 427218 444194 365445 250954 669804 554735 593844 488056 106959 361840 676958 485879 725278 356403 268899 223632 648405 543391 391638 420146 478995 639467 414768 632924 460637 294197 180096 215149 697459 541638 369123 715764 623491 229174 209033 249101 158809 672587 479439 255631 111142 281096 537034 629053 517173 379811 367575 691848 442832 454083 553482
696745 310174 484357 305831 463293 978060 131838 978402 631212 529963 556397 540027 326866 443265 494148 496452 830051 370538 616532 270588 619870 39561 365086 770411 934514 346023 571409 282986 606381 858231 181277 902183 521752 645937 551676 725854 520717 648340 300899 188663 789306 179371 699780 356563 248128 809486 461207 700940 999999999 734458 1143505 1065717 790323 45777 655779 300768 506035 658221 1035909 848031 509921 543854 756465 581562 592312 189523 234714 310551 458210 244203 768625 343676 133771 531133 449076 874601 534466 858775 254407 841884 403674 384672 892759 764059 855996 648681 934278 519361 956130 709417 570168 505040 641486 225241 354561 668685 997726 377157 832698 594152
593556 424332 852197 686731 692887 433787 602761 302121 297091 449297 914446 287715 441967 350993 689561 531530 692174 384082 423119 721943 309315 720036 600315 334112 447258 672428 846525 467644 569142 558790 594213 285005 337187 200829 573090 649601 309243 716018 458278 556002 151675 586081 278883 751114 568345 323295 806873 427218 734458 999999999 710560 639237 678122 728133 182173 471035 250168 324862 486876 249948 245698 429403 87990 211024 242038 581942 501459 527466 718649 625591 222235 399986 610543 792266 342367 451199 309620 270507 721597 162276 504457 868762 390120 247506 301886 560371 258379 234270 557999 319799 211618 280119 268473 667638 590060 761603 297980 693122 100309 897616
483891 918027 904536 1262100 773443 283739 1037628 893199 549069 1123291 914451 649494 1003910 973700 743775 658697 404911 816963 527644 951283 554206 1153806 1208489 417459 264795 857455 821640 996085 565242 290515 1099685 941604 644318 902978 620780 487462 659407 620105 864096 1041916 844891 965688 989064 909114 1115368 402733 876021 444194 1143505 710560 999999999 79992 438323 1110646 885933 1024262 876320 511593 245611 929771 872984 1107908 622749 657665 620124 1089165 983914 833082 797877 913812 927042 852514 1076589 800665 729752 288085 643262 949068 963066 563732 1130096 1007045 322553 479880 408806 518582 871429 863723 189064 469786 672429 923899 971583 948680 807533 641801 852664 846321 670947 860065
416831 838051 841950 1182112 705340 223308 958673 836273 469160 1045861 856395 569536 924026 894871 676566 584205 353279 737063 449345 878493 474225 1075421 1128770 338550 191990 785233 763270 916093 494618 218714 1019905 879158 564440 828964 549337 426320 579417 560467 784682 962210 777132 887513 916831 839431 1035380 326048 811485 365445 1065717 639237 79992 999999999 382850 1033444 812240 944307 798182 431612 197744 864525 794908 1030810 551249 578612 540628 1009350 904104 755542 730572 837938 857935 772599 997245 738792 649817 208559 563272 884167 889869 497438 1050829 940402 249250 403875 337629 448042 811961 785796 109830 390083 593343 846000 897412 873547 732753 585750 797891 775598 605493 803963
105371 654736 469815 985643 357056 467815 713266 960009 388360 952010 476158 450071 760384 780790 324700 301846 40556 554645 274511 554281 379897 810730 962793 366790 395112 460536 383461 733017 188898 191978 802330 962235 412810 808922 239925 64505 443304 183726 568431 743984 829043 628558 909060 495464 840480 402675 445251 250954 790323 678122 438323 382850 999999999 750065 798283 770528 712972 354964 493140 927734 711562 944419 606485 507354 462565 794619 696546 495342 377227 546326 888362 587273 761407 365606 485537 323037 430650 948209 568539 610489 909739 580163 408367 452268 466159 156661 922090 706979 306788 360578 517442 760484 867894 571329 435764 203585 938044 440362 701975 421985
658090 306410 438845 345959 419028 953106 130165 981349 607269 552721 511209 519306 338118 453507 450180 459184 790005 354981 585141 224919 595276 81939 398597 744946 907272 301880 525634 291082 567714 823767 204791 908550 497524 651780 512447 685561 499020 605045 282401 199234 791383 154174 711125 310806 274266 785323 415440 669804 45777 728133 1110646 1033444 750065 999999999 660459 314126 508009 632422 1010325 854428 511681 565234 744939 565633 573134 211019 235985 278173 413289 203909 775608 331253 148973 485522 428998 845429 512066 866085 208716 828431 429195 341043 867210 743237 834202 610792 936701 520501 924155 684032 554993 511422 652102 181722 314781 624521 998486 332440 825030 548497
702662 359996 878736 543632 733264 613542 530295 323330 411213 273787 948711 357143 333062 220319 738093 591961 818925 367122 526251 710701 418602 633091 448068 489411 621229 683792 894610 373030 657971 707679 490856 249010 403736 19108 646857 758986 371205 799303 430193 467427 138535 540306 111337 759038 448203 488729 834045 554735 655779 182173 885933 812240 798283 660459 999999999 361721 155043 447787 667856 195257 152022 252514 266190 291377 335778 479363 424499 524916 755251 608948 119646 366450 523079 838182 367771 615391 379341 209015 706263 344164 350317 868461 563509 410419 477912 661070 280187 145530 724196 459773 282435 151560 86555 646472 606152 843840 347155 711320 262521 943441
665370 115816 646903 238993 547110 803638 189585 684846 475291 251347 723569 374771 29383 143591 566870 478989 804447 218179 521923 435716 470170 274023 192757 611790 778566 452568 700158 40655 585950 768236 129140 604116 385293 349970 546018 712095 365953 688325 209356 115002 498866 238905 399020 509461 99364 638749 608402 593844 300768 471035 1024262 944307 770528 314126 361721 999999999 223342 512774 863470 550101 227714 259496 514897 378515 408532 117670 102043 310027 558129 342756 470335 183899 167221 646490 299730 736969 382118 559876 425249 605874 151624 593312 726687 574165 666567 613877 641909 238697 837261 555496 364010 210355 340890 365143 401505 724082 708244 487508 571305 739647
