NAME : synthetic_000458
TYPE : CTSP-D
DIMENSION : 100
GROUPS : 8
RELAXATION_LEVEL : 1
EDGE_WEIGHT_TYPE : EXPLICIT
EDGE_WEIGHT_FORMAT : FULL_MATRIX
EDGE_WEIGHT_SECTION
999999999 769380 872814 80069 673823 615888 566223 675868 901906 904655 609724 535975 616801 421315 953807 496362 808241 972626 965403 629268 743729 527448 707697 804436 1002738 105652 661585 1047676 788513 78350 1025690 817934 738281 896397 61078 362463 651599 799983 861121 477628 323949 495002 767004 956406 736203 827958 359654 1025652 858967 464930 350265 217385 147722 982605 411577 995276 1067252 594838 790164 781643 890367 143724 216148 847689 283298 504350 654119 617160 982697 843129 750164 971131 108775 678166 756142 761376 928566 1166975 914395 898613 435902 1010773 924624 829706 1094042 44212 918575 679679 770196 760427 615629 1048733 741757 1075349 816665 328449 816077 429941 597409 1040515
769380 999999999 759605 735200 760953 603871 238407 235792 712506 501605 772650 286321 200788 369563 285072 745782 647164 335228 202911 156068 461176 607806 188386 323672 347022 706826 732343 581511 458429 723811 296775 551776 101195 200517 744350 554626 640590 807291 554857 496071 537728 274378 229955 553625 286117 515492 450800 379129 766863 318763 610039 552186 674809 486702 533712 642544 513168 536306 20942 263175 254108 639164 644414 820735 498346 618951 597456 624411 268562 86711 55826 279036 689902 202757 240369 441334 552992 500074 687478 129240 497026 580497 269560 511454 409664 769757 176633 116115 218336 203600 593150 502090 781601 460565 106215 448326 269204 403565 477487 319011
872814 759605 999999999 793466 229625 263194 820190 530437 82262 325604 306186 849394 604188 627671 630657 407691 112726 1092813 798362 661181 298454 346907 900161 453949 620605 767486 227380 399122 306591 794555 740207 214932 658433 662337 903446 525658 222570 127897 232328 434207 577791 712165 535886 317553 1001146 258707 855189 613052 22807 786550 524057 760754 727201 423593 482161 264644 505907 308430 769506 507050 1013713 754775 658720 95011 685333 368777 231918 257705 1007119 744896 703807 665104 767959 564244 970861 319384 289442 693363 123078 812453 475752 351670 611587 263944 689094 908738 911575 799816 548421 560424 266549 492325 168929 584115 865727 785882 1016549 878636 343230 731706
80069 735200 793466 999999999 593775 537760 547979 621554 823854 835054 530004 523584 569973 374273 901566 416873 730676 961584 926108 588673 673065 448838 692500 743354 948010 31573 581529 978388 718659 13881 978827 743996 695063 848619 125904 288641 572703 719914 787871 405363 255116 462856 712414 885565 731853 755875 358238 969556 779404 445427 272255 190382 74254 916377 337924 921411 1003008 519267 756134 724617 876556 96258 139910 767640 237907 425362 576453 538451 962024 804518 711045 920808 45478 626971 746564 692061 856983 1110349 837221 863808 364833 940249 871975 757855 1040390 120618 892278 653707 716566 707939 537847 984342 661689 1015496 791349 312070 807802 428860 525045 992334
673823 760953 229625 593775 999999999 157272 751899 527054 292918 460636 76644 769433 571735 521534 717418 184737 233606 1092767 854755 628700 347178 187809 861271 516000 726605 571265 28614 575605 383031 597161 827838 325772 664395 722777 712213 361520 122514 127350 367422 311201 417046 631448 569697 478926 953713 367474 728857 728693 209383 692545 340903 600138 534698 568256 330566 458504 661807 225559 775875 551057 1006341 572323 469006 176874 536148 196984 167864 137029 1027002 772405 707359 750635 575284 558885 933988 377743 445570 836810 325012 845269 341510 526761 691939 372728 810230 713188 931655 767417 581736 588173 167894 644971 68987 723655 864065 654769 988124 767802 283800 825956
615888 603871 263194 537760 157272 999999999 601922 370705 286095 359921 179028 622894 414830 382209 577981 211204 193688 935502 704295 472035 215840 90050 706259 374760 594555 510237 128671 493862 259698 537583 686476 234779 507890 575004 643079 262686 45842 232990 281671 176169 314604 483870 418502 394012 800378 264985 602417 600937 253477 550226 265638 497985 468732 464025 219050 403175 559588 68548 618993 402842 849163 492938 400031 267298 423956 115673 41227 20802 870404 617525 550515 610003 509110 402139 778965 246362 360911 720590 301033 690647 215305 447720 550872 269203 682880 649924 775284 611299 430174 435369 10886 541404 189748 608585 706808 530648 832265 633419 126533 686961
566223 238407 820190 547979 751899 601922 999999999 319849 794824 638989 739527 48860 228344 245240 504808 679230 710825 416050 439736 182629 540095 570394 145326 465280 565974 523755 724610 750439 558073 535061 533587 641522 267027 424362 531589 450559 646262 831604 661073 444328 412980 122772 377386 696995 209733 618124 220326 596772 820882 102551 503370 357605 500515 658468 450967 776316 707732 535555 256097 409660 329268 453395 489880 858175 329566 571313 611767 619650 416476 324664 249036 506277 504999 293078 207196 532725 685954 727721 780499 359117 424288 736584 483008 615805 639327 558704 356673 125712 371111 354560 592794 693397 791661 672144 254829 238076 269029 166039 485262 554884
675868 235792 530437 621554 527054 370705 319849 999999999 491159 319433 543865 361029 93122 258349 280475 530531 417745 570719 348400 139811 234019 385270 372389 152228 326933 590295 498501 437712 242709 613131 366832 331897 137366 237753 669017 377498 405782 571853 345306 289399 380707 250764 91138 377717 475117 302867 449753 349993 535925 331136 428584 469604 550671 350051 343090 456545 415384 304439 249462 109570 487512 532955 501872 586784 393612 400316 362131 391432 499965 248840 180991 301919 577265 33898 441668 220003 366106 491434 471315 322139 304258 419410 250687 299955 418873 689443 404629 271533 95096 88121 359874 398560 545877 405179 341149 409151 486121 436921 245492 376782
901906 712506 82262 823854 292918 286095 794824 491159 999999999 252082 367565 827642 571904 620777 562012 459747 95757 1042046 735086 627173 257551 375404 863526 396745 547650 796265 284551 317057 254097 823627 669999 160791 612043 599937 927868 545142 253735 207107 165025 442688 594005 693527 484370 238041 966022 198917 850832 538161 104011 771076 551705 772396 754587 345422 498559 182447 425229 315504 720701 453377 965824 776626 685913 177273 693695 399882 248072 286509 951440 690264 657127 596265 794819 524309 932640 272380 211758 613327 41001 755310 485858 269882 544850 203553 612494 935496 856792 762677 496639 509986 286353 412150 240205 505193 817862 784674 975106 867836 337265 660110
904655 501605 325604 835054 460636 359921 638989 319433 252082 999999999 518183 680438 412218 533729 311738 571093 239157 816131 490187 457189 162942 436238 674041 179977 295660 804093 439311 143400 116419 830665 418339 134869 407729 358142 914497 548276 359535 427857 97018 430852 580870 563901 275094 58719 777427 95557 753320 287464 342647 645337 578530 728514 760891 107621 499580 141318 201992 336996 505305 240749 746923 764054 697071 414546 646080 462227 322385 374461 717087 462215 449637 345662 796689 346294 737105 143294 51612 378173 215238 520691 470279 107931 296923 90970 364389 929156 625236 575706 285431 301548 352466 184654 436316 265555 601926 700715 770736 750332 313113 408054
609724 772650 306186 530004 76644 179028 739527 543865 367565 518183 999999999 752425 576981 500678 756341 114080 301770 1099364 882376 632116 389918 170093 857504 553196 770810 509329 84110 640005 430353 534414 865248 384427 679802 753875 651207 321156 161228 200197 428492 295410 375804 617189 596702 541684 945667 423169 694687 775533 286025 671738 291186 553906 474972 625378 298740 528096 720173 240257 788934 581769 1011406 516750 411757 250422 496397 168650 204442 158818 1040848 792360 720930 788617 514949 573817 929882 420803 508055 889938 398102 865659 317631 591547 729510 428140 857478 650313 946709 767548 608197 612711 189682 702758 143225 777004 872946 620003 986257 739097 298745 865328
535975 286321 849394 523584 769433 622894 48860 361029 827642 680438 752425 999999999 268307 252343 553536 685769 741518 438166 486702 226772 575245 585011 172047 508878 614623 501095 742719 794769 595732 510302 582069 676838 315286 473214 497936 452813 667934 854527 698446 459088 410852 139124 422743 738744 214133 655454 181738 645343 849006 87073 503557 333960 481153 703465 458498 816433 754621 558014 303558 454444 354487 430941 476983 883187 316667 583775 635526 639800 449688 372804 297894 555136 481987 335920 223137 569671 726535 776558 815022 404990 435036 779575 531554 653386 688187 525513 396134 172070 416956 400548 614218 740050 812373 720323 295331 211515 284715 121315 510408 603493
616801 200788 604188 569973 571735 414830 228344 93122 571904 412218 576981 268307 999999999 196038 340638 545322 492496 522502 362501 57976 314905 409690 297168 244120 394455 539592 543231 530276 330138 560186 409235 415586 128457 279604 603448 358200 454997 632031 433187 295408 347873 160655 168385 470622 397065 390314 362411 420955 607379 239607 412994 403382 502897 441506 334089 548327 502576 346306 219456 195267 435068 477018 462629 652268 334060 419489 414623 434765 468308 245818 156600 355290 524697 73160 369025 305379 458265 561394 555125 314623 296852 512524 312622 387847 482132 625780 377420 198461 166732 152988 404471 486400 599702 484140 296493 328458 419234 345288 289066 423717
421315 369563 627671 374273 521534 382209 245240 258349 620777 533729 500678 252343 196038 999999999 532977 434485 527853 644636 553294 216892 391670 334940 379619 399259 583455 344166 495721 669568 426390 364285 605268 487912 320978 475477 411091 206157 428021 615138 520713 210447 174445 123964 348806 591188 454945 479821 230257 607706 623639 171370 260170 211305 308693 591297 206496 652238 666686 322442 390349 367064 555050 280980 274852 648404 138146 332130 401350 397166 618573 432695 339412 549825 328906 257447 448330 397730 569990 749138 616616 495556 183049 641261 504039 479513 673746 432208 537880 309732 350900 340204 374697 648965 568994 663060 442025 168452 508889 251874 285157 619529
953807 285072 630657 901566 717418 577981 504808 280475 562012 311738 756341 553536 340638 532977 999999999 772110 530562 536244 185856 346162 370318 622797 472674 203221 62057 870406 691155 334177 338610 892877 111222 419399 240248 84681 943313 652939 598192 717517 398698 553153 660311 490851 190905 344589 566165 373874 691548 94064 645226 559821 701187 743114 831054 247124 614225 434151 240782 524826 276703 187557 482681 811766 782017 713413 670579 643473 553145 597739 425764 208837 256911 34473 857035 275653 517147 339978 358988 224589 526528 239916 575924 349991 30040 368419 141533 965028 343381 395782 185421 193663 567630 234030 712276 176398 356064 666703 531678 659492 473040 108990
496362 745782 407691 416873 184737 211204 679230 530531 459747 571093 114080 685769 545322 434485 772110 999999999 381418 1061068 877998 596193 423655 149364 807211 571028 795164 397130 180645 703549 469174 421733 876841 443872 660359 757041 539173 236150 218368 311772 490412 250058 286761 556727 597160 603696 888535 475999 607401 804329 389305 601408 194789 454810 364294 675082 228269 604579 770628 249012 763796 588453 971732 409022 303533 361561 405641 130585 249361 197205 1013617 777521 697837 802293 403680 556613 878259 453341 570302 928466 485348 850329 257487 656646 743553 480295 885841 537383 922282 724049 607472 608889 219050 752374 253643 817316 840379 533010 937123 657811 299139 880168
808241 647164 112726 730676 233606 193688 710825 417745 95757 239157 301770 741518 492496 527853 530562 381418 999999999 980792 692353 549210 186008 283688 787913 345751 526637 702671 217924 342779 197791 730069 641338 111325 545973 556191 833121 450046 166440 189483 142193 346938 498456 605545 424739 248103 889194 157077 757469 522700 120290 681677 458427 676646 660696 344814 403143 226378 435112 219755 657311 396788 901260 681577 592107 183267 598053 308943 154229 196657 896552 634295 591349 564996 700733 451539 858430 208105 215507 616795 107495 702758 390101 293819 509530 162599 601752 841218 800786 687452 437317 448892 192883 419319 198851 504550 753328 690464 903865 776599 243160 634784
972626 335228 1092813 961584 1092767 935502 416050 570719 1042046 816131 1099364 438166 522502 644636 536244 1061068 980792 999999999 356790 467431 794879 931205 270796 646551 587178 938503 1064172 868725 788582 948366 475875 882122 435936 465151 931225 848489 973705 1142472 880630 812194 818753 523270 557901 862217 243825 843392 613683 616644 1100842 517774 903596 771551 916429 777685 837988 953256 775535 867285 323648 588705 89757 868181 904750 1155776 745049 939299 931266 955784 119126 354150 390805 511787 919526 537344 216557 773551 867575 689012 1014512 298869 804777 878864 536706 838970 604801 959228 193492 337864 545534 532730 924928 769984 1115962 699487 229603 649570 158354 544701 809004 500015
965403 202911 798362 926108 854755 704295 439736 348400 735086 490187 882376 486702 362501 553294 185856 877998 692353 356790 999999999 337438 516459 730993 358491 347351 231409 896642 826990 519600 494812 915414 122983 583638 234063 136169 943417 717184 732432 873203 570087 637355 710210 472284 285794 527820 434001 539725 653705 260133 810824 521437 770711 748108 861974 432868 687596 618236 420321 642652 183968 304081 315129 831003 824701 875234 688207 747473 686940 724976 242279 122333 215352 157408 880631 325880 382380 488750 539522 341664 701913 86640 648982 535692 194096 534552 252959 968207 169641 314640 274187 270228 693462 416024 860104 342698 218746 649091 380588 605586 585278 147990
629268 156068 661181 588673 628700 472035 182629 139811 627173 457189 632116 226772 57976 216892 346162 596193 549210 467431 337438 999999999 369703 463782 239442 282656 404112 559268 600246 568109 381982 577988 400363 469547 110793 275227 610440 398747 512581 690004 484823 346256 381997 145175 196277 514920 339989 442218 345506 432887 664714 214971 454235 412549 525091 476703 379325 595636 530122 403487 176265 227678 379292 493622 490907 710140 350769 472317 472457 491837 418825 216059 122621 355457 543196 110895 311134 358335 504908 570418 609183 279092 343449 553977 320460 439443 486706 634274 330798 140485 191141 175090 461749 514994 657470 502408 244220 323142 361320 317879 346608 417543
743729 461176 298454 673065 347178 215840 540095 234019 257551 162942 389918 575245 314905 391670 370318 423655 186008 794879 516459 369703 999999999 280999 606172 170695 381044 642269 321205 306184 47755 669013 480976 101593 359992 381422 755856 385609 229463 357257 129092 268187 419789 445345 240351 212681 708518 88523 619308 385799 305963 525361 415720 574855 599019 256663 336780 261524 351084 179115 471336 214570 715280 604395 534603 363399 492412 306065 185480 233893 712194 450230 405367 403706 635396 267466 675686 30892 185493 505137 240479 520011 308274 267201 345258 88816 467772 769499 616213 505354 252958 263744 206530 332411 344541 393669 567327 560089 719493 626615 150206 478779
527448 607806 346907 448838 187809 90050 570394 385270 375404 436238 170093 585011 409690 334940 622797 149364 283688 931205 730993 463782 280999 999999999 687430 422130 646667 421838 163683 574467 327976 449098 727521 318296 518216 608356 556592 182047 124489 295001 365092 126136 236593 448476 448584 475156 775803 343578 541695 656651 334763 506278 177476 421506 380879 536567 144844 490595 631601 102327 624883 439197 842829 408116 312237 336506 352453 26518 130589 89740 876368 633729 557633 652930 421506 413029 759792 309478 442759 783163 391074 706903 153734 529707 594201 347225 737889 562381 783316 597983 459117 461157 92229 613029 242220 673111 706174 467921 816272 580000 149782 730808
707697 188386 900161 692500 861271 706259 145326 372389 863526 674041 857504 172047 297168 379619 472674 807211 787913 270796 358491 239442 606172 687430 999999999 494075 534391 668712 833139 764965 613658 679455 470834 704144 267448 387993 669952 585541 748324 928328 715006 563439 552094 256130 399078 728932 103578 673326 353050 566593 904026 247470 639789 502156 645837 670207 580161 815225 701064 637972 196126 433463 184114 598346 634290 949390 474347 691867 709625 725431 278649 266638 229525 464241 649867 339489 72722 592108 724403 682733 843327 271911 549786 760312 457912 670009 591693 697553 235202 100857 389217 372794 696315 689578 893934 648639 142941 381219 129938 288278 582773 494785
804436 323672 453949 743354 516000 374760 465280 152228 396745 179977 553196 508878 244120 399259 203221 571028 345751 646551 347351 282656 170695 422130 494075 999999999 225001 711781 489280 286343 147964 736477 312340 239300 227977 211532 803895 473863 395722 526052 234087 364906 491288 402992 95169 235385 597450 197881 601296 237795 465142 483238 517162 607549 670022 197828 430516 321237 267436 322630 328963 60922 573116 660734 613720 528163 527851 443873 350465 394536 554774 293614 270571 235469 700893 173140 557335 141858 230628 372971 368030 359008 393975 271536 176421 193193 317468 822330 460051 396001 105841 121696 364415 249809 515216 272458 426282 557746 592200 589022 273063 312203
1002738 347022 620605 948010 726605 594555 565974 326933 547650 295660 770810 614623 394455 583455 62057 795164 526637 587178 231409 404112 381044 646667 534391 225001 999999999 916651 701421 292768 343688 939810 128615 415652 300325 146519 994515 691402 610495 715747 388801 586905 702585 547974 235813 319027 627133 369939 749573 32240 636804 618619 737556 794485 876483 214129 650482 405078 188925 546252 338313 225004 538000 859888 824984 707312 720094 668727 566401 613559 473683 269585 318645 75952 903943 326425 577770 350158 338357 167008 510090 295083 612834 315425 83777 364393 93748 1015562 396029 457797 232673 243435 584605 185296 715572 116114 415541 722267 590493 719266 497982 113982
105652 706826 767486 31573 571265 510237 523755 590295 796265 804093 509329 501095 539592 344166 870406 397130 702671 938503 896642 559268 642269 421838 668712 711781 916651 999999999 558057 947395 687722 27416 948223 714093 665110 817944 142048 258500 546053 696738 757748 374835 223811 435439 681107 854842 711098 725416 340334 938114 753851 421285 244613 167139 43264 885012 307769 891508 971516 489993 727767 693155 852826 70366 110717 743985 208745 398869 548519 511562 936427 775247 681763 889826 19388 596004 724232 661030 826419 1078870 808932 835193 333996 909469 840786 727338 1009095 142125 865422 627249 685333 676809 510008 952857 638705 983928 764832 289888 785728 410417 494600 961568
661585 732343 227380 581529 28614 128671 724610 498501 284551 439311 84110 742719 543231 495721 691155 180645 217924 1064172 826990 600246 321205 163683 833139 489280 701421 558057 999999999 557708 358211 584325 801368 304679 635833 695345 698189 340826 94559 138833 347541 285274 396281 604490 541749 460051 925891 345263 705373 704145 208681 666468 323470 580282 520465 546874 307792 444138 641004 197002 747280 523475 977778 556059 453853 186131 514491 175155 140068 108480 998438 744037 678767 724224 561229 530298 905860 351908 426517 814149 314256 816940 316886 509060 665425 350422 785832 700170 903114 739075 553747 560032 139282 623917 81607 701009 835455 631541 959842 743072 255194 799831
1047676 581511 399122 978388 575605 493862 750439 437712 317057 143400 640005 794769 530276 669568 334177 703549 342779 868725 519600 568109 306184 574467 764965 286343 292768 947395 557708 999999999 259813 973921 420656 259680 498928 404494 1056604 691662 487119 518880 213322 574234 724035 687935 373756 99879 866345 230997 883220 270515 420167 768722 721372 868604 904207 94843 642930 137945 119288 477382 580552 340854 809668 906668 840471 493974 786389 600772 454390 506429 759826 524775 535491 362587 939851 459424 821830 286393 133268 305653 276091 570181 613651 48985 332051 227586 326992 1071686 675262 671572 381242 398045 487406 113090 539785 209450 672433 834521 847323 874472 456208 403175
788513 458429 306591 718659 383031 259698 558073 242709 254097 116419 430353 595732 330138 426390 338610 469174 197791 788582 494812 381982 47755 327976 613658 147964 343688 687722 358211 259813 999999999 714328 449824 93561 358122 358709 799215 431921 269147 380160 103049 314517 464634 470298 230681 168819 716880 60246 651192 345968 317283 551286 463030 615471 644510 209042 383308 226646 303706 226429 466660 200728 711762 648325 580661 380424 532950 353252 226766 276856 700682 438572 403116 372673 680433 274565 681416 28696 144257 461071 230195 505867 353865 222481 315460 57733 427738 813463 605308 512964 243069 256044 250862 285088 373781 348893 563776 594647 722138 654371 197488 445733
78350 723811 794555 13881 597161 537583 535061 613131 823627 830665 534414 510302 560186 364285 892877 421733 730069 948366 915414 577988 669013 449098 679455 736477 939810 27416 584325 973921 714328 999999999 969240 741318 684811 839137 118432 285693 573257 722913 784891 401813 250026 451050 704098 881633 718285 752396 344456 961639 780810 432518 271948 177470 70341 910930 334944 918727 997020 517365 744737 716807 863479 84652 138131 770342 227287 426025 575909 538810 949436 793692 700241 911780 35868 617965 733224 687533 853327 1102574 836345 852542 360757 936210 863352 754283 1032005 116050 880144 641451 708064 699217 537389 978390 664799 1008411 779095 298806 794415 415102 521607 982964
1025690 296775 740207 978827 827838 686476 533587 366832 669999 418339 865248 582069 409235 605268 111222 876841 641338 475875 122983 400363 480976 727521 470834 312340 128615 948223 801368 420656 449824 969240 999999999 530077 289588 130504 1009913 744239 708026 828625 507926 650483 746304 544106 283859 446006 552569 484444 737600 150873 755224 604064 794683 810742 910613 342457 708438 533149 312096 631349 281712 288495 437980 886245 866050 823958 743278 747221 662803 706464 358630 210143 289035 77294 933659 354306 501236 450794 463508 218811 633576 204461 669708 444029 135958 478962 130111 1033153 292321 412873 275486 279045 676000 310964 823446 227866 336163 722857 502716 696556 577888 25042
817934 551776 214932 743996 325772 234779 641522 331897 160791 134869 384427 676838 415586 487912 419399 443872 111325 882122 583638 469547 101593 318296 704144 239300 415652 714093 304679 259680 93561 741318 530077 999999999 451256 447539 835074 455632 228021 300096 46928 340929 496377 546550 324224 159851 807007 45775 717123 412574 227287 626254 476903 661805 670979 242485 406413 177419 336325 227096 560180 293958 805258 682569 604141 294041 580025 344803 194851 246799 793540 531631 496357 453851 709161 364660 772712 112078 126432 512179 139637 598207 383701 213010 398771 51311 492370 846675 698359 603301 336593 349602 228881 319295 303274 399184 657246 655765 814528 726767 222124 523462
738281 101195 658433 695063 664395 507890 267027 137366 612043 407729 679802 315286 128457 320978 240248 660359 545973 435936 234063 110793 359992 518216 267448 227977 300325 665110 635833 498928 358122 684811 289588 451256 999999999 165297 720756 485064 543136 707099 455864 413198 476290 255271 132862 461854 370327 415840 452929 330544 665672 320303 539320 522208 629425 404498 458158 549047 443969 441207 112746 167063 355289 600884 590773 719841 457656 531391 499374 528585 362608 118953 45376 246512 649632 106016 329385 340423 458586 464730 587758 190455 420054 492938 216777 411954 378932 744330 267408 172718 122301 106289 497078 430670 682672 405118 207394 433732 365338 419244 382218 306816
896397 200517 662337 848619 722777 575004 424362 237753 599937 358142 753875 473214 279604 475477 84681 757041 556191 465151 136169 275227 381422 608356 387993 211532 146519 817944 695345 404494 358709 839137 130504 447539 165297 999999999 881974 615168 600917 737580 434921 524501 616088 420272 159898 399700 481861 403794 618049 178665 674681 485109 666303 682297 780185 312598 580553 490789 320579 515825 192054 172203 405571 756373 735603 739115 613592 626643 555363 595493 360406 125240 175363 82074 803508 223905 433162 353240 408525 303431 567493 166293 541740 413784 73800 398658 215226 904793 271785 312311 149942 151016 564269 311891 725702 260882 273650 598317 449696 582241 459995 144121
61078 744350 903446 125904 712213 643079 531589 669017 927868 914497 651207 497936 603448 411091 943313 539173 833121 931225 943417 610440 755856 556592 669952 803895 994515 142048 698189 1056604 799215 118432 1009913 835074 720756 881974 999999999 383356 681066 837008 876883 494321 338750 471141 759774 967925 691984 841898 317832 1018748 890703 432479 379471 200199 177730 987537 431359 1011708 1069400 616200 764893 776818 850876 152579 245226 883708 276297 534917 679862 646131 947151 821151 729149 958734 136973 668267 714751 771440 941334 1160196 937967 873373 451376 1021641 914649 843267 1084434 28205 887038 649260 761990 751166 641872 1051119 779207 1072321 784921 297135 773663 386589 613101 1025878
362463 554626 525658 288641 361520 262686 450559 377498 545142 548276 321156 452813 358200 206157 652939 236150 450046 848489 717184 398747 385609 182047 585541 473863 691402 258500 340826 691662 431921 285693 744239 455632 485064 615168 383356 999999999 303752 476062 499266 117431 55527 330115 462713 597624 660212 467376 374077 708946 514932 367193 55634 239841 215352 633967 49285 633036 723612 233066 574503 466975 758744 231531 149213 518448 175512 165912 297652 268534 814966 603614 514549 677337 253748 393520 654486 406098 568636 846622 554611 672801 80356 652481 622907 469445 785140 392701 729261 511326 469742 465208 260363 704781 421608 745115 638361 299369 714983 421993 236614 753462
651599 640590 222570 572703 122514 45842 646262 405782 253735 359535 161228 667934 454997 428021 598192 218368 166440 973705 732432 512581 229463 124489 748324 395722 610495 546053 94559 487119 269147 573257 708026 228021 543136 600917 681066 303752 999999999 187278 273838 221720 356794 528846 447221 387555 843376 264036 648039 614596 211188 595803 301920 540988 505290 466039 261846 386441 561277 110916 655056 428972 888066 532210 436680 221632 468067 147353 45555 35229 905671 650152 586523 631006 545953 438046 820973 260342 353954 728924 273297 722933 260199 439601 572072 268808 696506 686817 810123 652439 459242 465668 53741 543572 145846 616085 744489 576086 873523 679261 165976 707044
799983 807291 127897 719914 127350 232990 831604 571853 207107 427857 200197 854527 632031 615138 717517 311772 189483 1142472 873203 690004 357257 295001 928328 526052 715747 696738 138833 518880 380160 722913 828625 300096 707099 737580 837008 476062 187278 999999999 330888 407267 531150 715404 596197 430624 1025470 345818 833000 712173 105090 783054 461704 715902 659289 532022 439626 388230 619659 296521 819837 571720 1059180 694588 592660 50290 647362 310347 219969 218354 1066162 805421 751910 751827 700044 605418 1000649 384453 399705 804084 246258 876260 443539 470397 695313 351364 791185 838826 970042 830488 608755 618253 240925 604743 58452 692518 912969 760204 1051124 866035 347071 822928
861121 554857 232328 787871 367422 281671 661073 345306 165025 97018 428492 698446 433187 520713 398698 490412 142193 880630 570087 484823 129092 365092 715006 234087 388801 757748 347541 213322 103049 784891 507926 46928 455864 434921 876883 499266 273838 330888 999999999 383559 538542 571640 325035 113737 818413 42992 748320 382739 248022 652275 522104 700554 714559 202970 449986 134977 294820 272782 561619 292644 806465 724564 648150 318822 618384 391589 241623 293473 787725 527484 500258 433101 752363 376695 781950 128867 80117 474714 134013 591283 425856 166265 380520 45386 460741 889098 693576 614525 336933 351272 275809 278431 339997 362365 659035 689103 821040 754475 263967 499418
477628 496071 434207 405363 311201 176169 444328 289399 442688 430852 295410 459088 295408 210447 553153 250058 346938 812194 637355 346256 268187 126136 563439 364906 586905 374835 285274 574234 314517 401813 650483 340929 413198 524501 494321 117431 221720 407267 383559 999999999 155578 322340 366624 480345 650318 350586 426326 602243 426827 381344 153004 329709 331577 517581 68944 517986 608186 127422 514344 365604 723150 341755 266462 443350 251766 128429 202356 188990 763627 531530 449105 579946 368906 312040 635514 288857 451620 737542 447822 603649 43494 535148 523359 352508 680465 505756 672674 476396 375279 373572 170198 589327 359285 633473 590379 354497 692801 459245 119812 657365
323949 537728 577791 255116 417046 314604 412980 380707 594005 580870 375804 410852 347873 174445 660311 286761 498456 818753 710210 381997 419789 236593 552094 491288 702585 223811 396281 724035 464634 250026 746304 496377 476290 616088 338750 55527 356794 531150 538542 155578 999999999 296083 469428 632462 621570 504440 320944 722150 567740 324134 94185 184913 180892 661276 95817 673215 748344 279331 558142 477643 729257 186200 122636 573095 120604 221257 347927 321670 792115 593227 501800 682616 215821 392278 619183 437649 604764 861732 601510 660075 112710 686830 630333 506062 795969 350571 709538 484124 475179 468773 311520 729633 476955 763739 615355 246389 680431 371571 274588 757222
495002 274378 712165 462856 631448 483870 122772 250764 693527 563901 617189 139124 160655 123964 490851 556727 605545 523270 472284 145175 445345 448476 256130 402992 547974 435439 604490 687935 470298 451050 544106 546550 255271 420272 471141 330115 528846 715404 571640 322340 296083 999999999 328682 622620 331819 528850 202591 576068 711164 81449 383928 277863 406141 600807 328470 695091 663230 418892 295169 355895 434061 366600 384759 744258 229335 448805 496478 500923 504927 350052 258615 500632 417895 233810 324382 443037 607033 714689 683025 403613 301521 667388 464596 527302 631701 496076 430294 193893 326235 311600 475141 647041 673439 642726 330567 178785 385069 186726 371744 561950
767004 229955 535886 712414 569697 418502 377386 91138 484370 275094 596702 422743 168385 348806 190905 597160 424739 557901 285794 196277 240351 448584 399078 95169 235813 681107 541749 373756 230681 704098 283859 324224 132862 159898 759774 462713 447221 596197 325035 366624 469428 328682 999999999 329932 502382 286243 530778 259007 545029 406106 511920 560107 641233 281127 425278 416385 335186 357380 236697 34385 481758 624080 591257 603749 484641 466746 401840 439184 471968 209883 175981 214664 668230 95637 462178 216657 325795 400465 458088 280064 386690 363540 160909 282041 327992 780391 376090 301552 12608 26596 407669 319522 578410 316847 334080 495118 497638 511139 300750 291317
956406 553625 317553 885565 478926 394012 696995 377717 238041 58719 541684 738744 470622 591188 344589 603696 248103 862217 527820 514920 212681 475156 728932 235385 319027 854842 460051 99879 168819 881633 446006 159851 461854 399700 967925 597624 387555 430624 113737 480345 632462 622620 329932 999999999 832100 132392 811713 305308 336994 704056 625140 783929 811584 108392 548567 91136 189167 379088 556219 295559 795538 816805 746788 410692 701422 501524 354511 406558 760076 509566 502792 377295 848072 404063 790866 196976 33664 375816 197872 564719 520876 55118 333767 129432 376262 981942 669971 631327 339733 356141 387624 174908 446741 267166 652065 758535 822782 809045 361164 432991
736203 286117 1001146 731853 953713 800378 209733 475117 966022 777427 945667 214133 397065 454945 566165 888535 889194 243825 434001 339989 708518 775803 103578 597450 627133 711098 925891 866345 716880 718285 552569 807007 370327 481861 691984 660212 843376 1025470 818413 650318 621570 331819 502382 832100 999999999 776639 376698 659359 1004437 300598 712738 544417 693469 771512 660287 918654 798916 732569 290588 536759 177643 641519 691103 1048079 530793 778243 805955 819054 295529 357549 331093 554668 691803 442477 51675 695040 827872 768849 946334 348536 632638 862784 553610 773367 677871 720135 285147 203923 492373 476028 790705 788105 989215 742562 216414 421605 86762 306264 678762 577228
827958 515492 258707 755875 367474 264985 618124 302867 198917 95557 423169 655454 390314 479821 373874 475999 157077 843392 539725 442218 88523 343578 673326 197881 369939 725416 345263 230997 60246 752396 484444 45775 415840 403794 841898 467376 264036 345818 42992 350586 504440 528850 286243 132392 776639 999999999 706689 367214 271971 609571 493285 662819 682161 202225 418153 173006 297275 246708 522913 254699 768001 689947 616575 339547 580448 369835 226983 279115 752648 491348 460535 408338 719331 334536 740704 85919 101577 469374 171987 556715 392070 187446 353593 5547 447311 854857 657896 572718 298371 312186 257852 279677 347857 356233 620256 648271 780614 712001 230831 477709
359654 450800 855189 358238 728857 602417 220326 449753 850832 753320 694687 181738 362411 230257 691548 607401 757469 613683 653705 345506 619308 541695 353050 601296 749573 340334 705373 883220 651192 344456 737600 717123 452929 618049 317832 374077 648039 833000 748320 426326 320944 202591 530778 811713 376698 706689 999999999 778083 849967 133539 413006 179639 329628 798756 398509 877831 864447 547481 470089 557028 533071 273343 344698 869670 202178 532325 625827 615120 631302 534287 448604 699439 320961 435450 397132 622802 792970 915914 846849 576296 389613 859297 665959 705997 831599 345722 576553 344258 528663 514152 596055 847946 783030 845316 474968 74713 456596 70842 514369 756943
1025652 379129 613052 969556 728693 600937 596772 349993 538161 287464 775533 645343 420955 607706 94064 804329 522700 616644 260133 432887 385799 656651 566593 237795 32240 938114 704145 270515 345968 961639 150873 412574 330544 178665 1018748 708946 614596 712173 382739 602243 722150 576068 259007 305308 659359 367214 778083 999999999 630037 647702 753887 818966 897531 198004 666951 388648 161706 555357 370530 245018 568923 882460 844734 701517 743603 679366 571184 619474 502250 301810 350045 107070 925790 351622 609964 354978 327094 141458 499702 326216 629748 296770 113807 361682 81975 1039394 426284 489536 256961 268749 591236 160092 714628 84361 447570 749266 622346 748963 509138 132660
858967 766863 22807 779404 209383 253477 820882 535925 104011 342647 286025 849006 607379 623639 645226 389305 120290 1100842 810824 664714 305963 334763 904026 465142 636804 753851 208681 420167 317283 780810 755224 227287 665672 674681 890703 514932 211188 105090 248022 426827 567740 711164 545029 336994 1004437 271971 849967 630037 999999999 784505 511241 751454 713972 442227 472420 286436 525767 302504 777277 516952 1020895 742876 645667 73924 677047 355788 224658 246414 1016815 754552 711037 679697 754795 569804 975114 328388 308166 712741 144478 822831 467712 372439 625505 277323 706750 895418 921067 803984 557606 569159 257649 511893 147209 602944 873065 779930 1021730 875137 340519 747262
464930 318763 786550 445427 692545 550226 102551 331136 771076 645337 671738 87073 239607 171370 559821 601408 681677 517774 521437 214971 525361 506278 247470 483238 618619 421285 666468 768722 551286 432518 604064 626254 320303 485109 432479 367193 595803 783054 652275 381344 324134 81449 406106 704056 300598 609571 133539 647702 784505 999999999 417200 255057 398703 680921 375357 776388 741261 487592 338469 434555 431569 350920 391162 814211 230590 503326 566143 566117 518160 401293 315066 566723 402492 312393 305861 523861 688452 784390 761822 445765 354188 748663 534862 608122 699227 459156 454620 217049 402762 387507 542129 725399 738538 717142 352514 136488 367840 105786 444020 623466
350265 610039 524057 272255 340903 265638 503370 428584 551705 578530 291186 503557 412994 260170 701187 194789 458427 903596 770711 454235 415720 177476 639789 517162 737556 244613 323470 721372 463030 271948 794683 476903 539320 666303 379471 55634 301920 461704 522104 153004 94185 383928 511920 625140 712738 493285 413006 753887 511241 417200 999999999 262799 203408 668827 87092 653733 760332 250028 629856 514243 813869 233117 134762 506814 210981 155454 304201 267205 870600 658048 569489 726515 244035 446055 708242 438662 594851 890062 565081 727611 125283 680245 671208 495867 831273 384906 784825 566662 519482 515746 265593 741467 405077 786446 693989 338861 768991 465395 265550 803173
217385 552186 760754 190382 600138 497985 357605 469604 772396 728514 553906 333960 403382 211305 743114 454810 676646 771551 748108 412549 574855 421506 502156 607549 794485 167139 580282 868604 615471 177470 810742 661805 522208 682297 200199 239841 540988 715902 700554 329709 184913 277863 560107 783929 544417 662819 179639 818966 751454 255057 262799 999999999 150720 795297 279148 835252 874348 457023 573004 578003 686238 97135 168600 758008 82521 405692 529493 505987 772218 625809 532951 758664 148036 468147 557096 587053 759409 960379 776682 681393 286645 836381 714464 663540 884251 222496 704297 465301 562081 551084 494215 856310 661305 873896 602846 122869 618593 247433 441464 826320
147722 674809 727201 74254 534698 468732 500515 550671 754587 760891 474972 481153 502897 308693 831054 364294 660696 916429 861974 525091 599019 380879 645837 670022 876483 43264 520465 904207 644510 70341 910613 670979 629425 780185 177730 215352 505290 659289 714559 331577 180892 406141 641233 811584 693469 682161 329628 897531 713972 398703 203408 150720 999999999 842168 264603 848387 928983 447213 695739 652514 829710 58623 68704 705994 177029 358425 506656 470612 909758 741128 647712 851086 40875 557456 703842 617858 783155 1038062 766726 802509 290749 866218 801334 684077 969184 181546 836384 599371 645765 637637 468242 910300 601525 942327 736590 272305 765662 398092 451349 923480
982605 486702 423593 916377 568256 464025 658468 350051 345422 107621 625378 703465 441506 591297 247124 675082 344814 777685 432868 476703 256663 536567 670207 197828 214129 885012 546874 94843 209042 910930 342457 242485 404498 312598 987537 633967 466039 532022 202970 517581 661276 600807 281127 108392 771512 202225 798756 198004 442227 680921 668827 795297 842168 999999999 586450 191048 95566 435393 485917 249025 716712 839953 780888 515405 713870 562054 427652 479449 670730 431118 440708 277874 876104 369535 727004 230829 134151 272120 305700 478823 554209 102876 241547 197316 267874 1004111 584231 577204 288016 304772 456035 77556 542966 160815 578286 753335 752869 786687 404381 327852
411577 533712 482161 337924 330566 219050 450967 343090 498559 499580 298740 458498 334089 206496 614225 228269 403143 837988 687596 379325 336780 144844 580161 430516 650482 307769 307792 642930 383308 334944 708438 406413 458158 580553 431359 49285 261846 439626 449986 68944 95817 328470 425278 548567 660287 418153 398509 666951 472420 375357 87092 279148 264603 586450 999999999 583805 676797 184872 552995 427186 748317 279072 198424 480099 207745 133817 252119 226887 797964 577110 490519 639770 302824 361997 650727 357775 519458 803482 506939 647771 38832 603466 584261 420254 744205 441323 709799 500138 433048 429736 215759 657945 387031 700563 622285 324258 710091 440479 187457 716591
995276 642544 264644 921411 458504 403175 776316 456545 182447 141318 528096 816433 548327 652238 434151 604579 226378 953256 618236 595636 261524 490595 815225 321237 405078 891508 444138 137945 226646 918727 533149 177419 549047 490789 1011708 633036 386441 388230 134977 517986 673215 695091 416385 91136 918654 173006 877831 388648 286436 776388 653733 835252 848387 191048 583805 999999999 253492 403707 645778 382053 886075 859322 781549 359623 752990 517038 361999 411694 851182 600333 590870 466334 886501 484934 878422 255047 91024 442035 142158 655853 560506 95255 424330 172901 454631 1023704 761091 716627 426748 442856 398957 243431 415122 340178 742020 820660 911738 880190 398643 518886
