NAME : synthetic_000829
TYPE : CTSP-D
DIMENSION : 100
GROUPS : 8
RELAXATION_LEVEL : 1
EDGE_WEIGHT_TYPE : EXPLICIT
EDGE_WEIGHT_FORMAT : FULL_MATRIX
EDGE_WEIGHT_SECTION
999999999 424902 502281 513137 580072 269479 186199 725208 841967 847021 83860 179707 248149 82594 341752 537558 761139 197734 207880 882268 492021 474662 500388 667441 551661 224272 752069 451720 468725 511248 113899 837006 209381 162518 215602 661168 835822 500804 521197 745719 416209 257575 586864 480180 339130 368816 226137 591390 509520 777283 53107 328061 363294 669704 347965 494861 494670 57141 544774 194665 927012 611958 805042 120557 92930 171162 846983 739639 540652 245930 416921 287838 514867 179634 397864 421446 291020 11029 778035 531006 331901 776091 263824 732945 478378 612652 291653 688216 176833 482030 470358 637873 675955 289163 583387 356070 785427 756905 547668 721529
424902 999999999 862175 767680 720688 690833 594420 530487 658185 750465 445325 575097 214952 353184 191571 343125 943813 597305 576355 845033 576842 858764 84335 904237 419740 621356 1049891 159019 872681 94057 328131 1014456 281991 565353 457599 730863 791511 199396 103108 607738 70894 665074 720148 418755 101344 522406 401061 721519 125780 690060 373872 422376 675621 464996 635757 69976 677471 476961 873632 609517 1147618 946407 964828 375842 366537 255554 890071 704298 909914 586380 720315 444693 818610 594253 669315 845002 702037 431457 574165 761117 755632 552437 686607 850966 116765 940077 483097 453139 518304 247412 798306 944766 406347 673561 837870 84424 973980 761098 219544 806774
502281 862175 999999999 238887 432344 306464 324902 884194 952104 860705 554277 323207 647352 535960 834943 779351 453076 307720 298557 816386 490370 78453 915990 316203 732056 508674 284966 809772 159019 926233 612657 511178 580434 342089 407449 557319 793557 839435 935703 839871 823162 265731 444611 644565 761229 417283 468446 450356 972982 805023 549630 496435 197392 859104 245387 927350 357945 448092 88698 328129 524599 122983 513608 619522 511832 626577 695055 724261 52482 277076 173595 447735 140410 461107 239106 301945 250605 503830 928331 283353 309548 946859 401016 528049 947034 132862 407109 898784 349076 785311 95099 182674 922091 214605 250096 817322 460290 687581 885496 566098
513137 767680 238887 999999999 194014 438082 392991 672645 727012 624663 588405 370939 561251 509192 794337 601843 262211 369594 322582 577574 276979 305900 803124 154327 538821 613941 285046 676973 382848 812170 601478 334962 497887 391660 330567 318666 554932 694354 820609 616004 714084 372413 206258 457920 668372 252158 373639 211917 889934 571713 545009 351287 162355 657375 165279 824174 131838 474168 174248 410027 414090 230656 316376 631485 478882 576372 461220 488293 283954 274262 116637 323025 101943 554487 115389 501647 382367 519485 712480 44622 473938 735091 533641 298117 870318 214757 285622 700666 336611 631056 148248 192859 733734 304136 72657 744483 281352 448848 735588 329320
580072 720688 432344 194014 999999999 585841 514646 505952 543997 431537 663041 485278 541145 548127 793654 479469 224080 492049 434272 386084 147283 496118 736441 227851 401452 732594 418643 598683 570047 743822 641141 293785 490128 503113 366220 125120 361234 601919 750801 435869 656883 516702 12267 337511 630520 221567 379746 18087 846467 381228 596316 308177 307679 502871 279764 765561 94494 557241 366486 536422 432793 415106 245855 685842 517577 586842 287398 295546 477968 384574 284312 313182 295643 670726 239169 675822 536354 589014 539895 150465 633820 566666 673663 152914 833575 396933 293721 548818 421268 533289 339532 360212 591790 453138 213608 719061 254712 255399 635478 152203
269479 690833 306464 438082 585841 999999999 107144 896667 996312 956324 286694 138053 495566 337880 606556 736078 698514 117987 174108 954127 563129 249202 762562 573936 722779 202537 589795 694259 214876 773445 380410 768388 439157 136633 325897 699271 917198 738011 783432 888349 674222 69226 596479 637162 599443 441787 379956 602251 778995 889903 322519 463541 282093 852128 306265 760708 491552 214481 379964 85540 814617 429355 754216 363244 328410 435284 873238 828873 326259 213333 321476 406706 386397 160169 348361 155284 58404 265189 947913 474489 68635 954959 97984 724195 747811 437758 381521 880803 224588 704114 324786 481212 883145 134800 490129 625036 714642 820180 786318 737935
186199 594420 324902 392991 514646 107144 999999999 792329 894576 862525 229469 33360 393079 242220 527784 629201 654600 23461 81178 869038 473111 289869 663153 541030 617778 221855 592109 589301 283399 674001 300068 727937 334418 30116 221152 620463 829451 632164 683968 787945 573321 71980 524299 533123 500067 347910 273330 529806 689217 794979 238050 359851 230652 746548 239209 663874 420576 129196 379783 24489 793947 441413 706418 297369 228315 340226 800168 738506 358901 130080 280147 303731 365503 161579 287749 259882 107787 185242 843924 422818 175692 849992 165314 660512 659377 445119 281989 774498 120250 597198 311078 478579 776130 111117 455033 533296 674343 736087 680515 666222
725208 530487 884194 672645 505952 896667 792329 999999999 128810 248546 795405 759638 510356 647964 703025 201546 690308 778741 724168 374569 396925 926188 484347 732954 175597 946363 924595 374199 981723 484333 702216 735467 521107 765678 571206 421996 326671 331329 484720 106949 464489 836965 496566 259533 504575 476435 522407 493227 626516 212365 701379 433159 699865 65721 651908 526834 540814 744589 842185 816393 894517 903218 677057 764751 632280 604037 488871 279714 935911 694677 711030 490202 768861 893113 645928 1035682 871241 736138 52828 637725 962819 62725 948969 548575 635461 887351 518993 88456 672433 291055 790739 859273 151062 799593 713562 588417 719282 358562 322303 481808
841967 658185 952104 727012 543997 996312 894576 128810 999999999 175143 914905 861400 635493 766954 831830 329435 697675 879231 822339 310180 462718 1001362 609011 762646 290903 1060246 956247 502697 1062667 608323 825632 731103 641871 869350 674345 438626 273810 458803 608046 112377 592851 933666 533014 364954 633290 562151 630763 528590 750925 178078 821314 535406 778372 194430 732280 651633 597173 857326 900639 918955 890393 956049 673541 887981 749338 728425 453828 267244 1002431 788396 782028 590879 827280 1005096 718780 1129003 966233 852973 85443 687827 1060682 116228 1055040 550895 761330 938708 614934 207559 774360 419858 857175 904162 264589 890648 757430 717157 724223 341432 446552 482912
847021 750465 860705 624663 431537 956324 862525 248546 175143 999999999 926693 829314 678009 781196 904803 407367 548025 843990 784268 135152 394440 919241 716750 631282 336046 1052036 822626 591525 988087 718319 854243 572279 666816 841057 652499 310871 101609 557707 720083 147189 680633 889407 419471 376393 704137 515060 622622 414107 857719 69761 836985 520631 707749 303080 666476 758257 503956 850763 797974 886894 729671 845199 516361 914286 758250 764103 283575 136467 908019 743080 700007 568868 726593 992910 642047 1074187 917900 857940 235086 581813 1015770 272699 1027520 401840 862222 826479 582208 336537 745593 503055 766236 785275 399414 837123 641367 795530 572086 190184 558802 336224
83860 445325 554277 588405 663041 286694 229469 795405 914905 926693 999999999 234006 299432 147991 326471 602767 840273 246980 272456 964871 575729 516986 526106 742272 624006 176471 815838 498131 498696 536718 117621 915942 274482 213720 299371 745028 917968 549550 546421 821469 449601 294612 670021 556418 372160 452671 308435 674611 512301 856932 94138 409783 433615 737733 423289 513954 576613 114608 605268 229372 1001008 669371 885474 78477 168490 209335 930843 821581 587926 316159 487020 371228 581994 152977 473833 426532 322213 74223 848123 608744 339132 843970 251046 815824 479071 671961 375499 753114 252496 539284 533176 701604 736057 339892 657286 367889 863871 840196 594539 805209
179707 575097 323207 370939 485278 138053 33360 759638 861400 829314 234006 999999999 369959 225929 518297 598148 631352 22632 51124 836747 440405 295952 641680 521246 585296 248238 582204 563331 298248 652484 292092 705355 309293 21151 188444 589363 796830 605106 662419 754650 550949 91258 494692 500314 479025 314871 241945 500129 673514 761708 229121 326908 209425 714341 212908 644111 391589 124885 371266 57849 776482 435808 682026 296371 208697 323084 769934 705616 360944 101453 260870 270621 350893 186811 262545 287883 129115 180734 811140 398695 206044 817518 198316 632447 644479 438025 248629 742767 87253 568345 299691 468084 745360 109456 435238 517014 651967 704006 653472 636425
248149 214952 647352 561251 541145 495566 393079 510356 635493 678009 299432 369959 999999999 166050 254241 310985 758338 392555 365363 744317 408249 645912 272995 704047 349552 469035 840085 203673 664158 283678 193997 831948 67048 363133 243091 577367 692578 252791 293525 553904 181234 461155 542956 303762 113880 326888 188910 545430 331019 610044 208050 232972 461137 448831 422354 280364 483778 289766 659404 411066 954969 732120 786765 256411 167883 94442 753512 597281 695383 372201 506801 240628 606075 427748 458205 650823 498878 257527 562125 559228 563020 553593 508949 683874 309492 726241 275791 458992 305980 240280 583797 732961 437701 462852 632844 183528 787430 637334 299519 650289
82594 353184 535960 509192 548127 337880 242220 647964 766954 781196 147991 225929 166050 999999999 299432 457381 743810 247345 237905 824951 444379 519119 425046 662322 476069 306185 766555 369723 523904 435933 93977 819754 128329 213924 185039 617013 776742 418426 445920 673709 338218 313702 553495 408985 262232 328679 173187 557471 447664 711485 55792 270024 373889 591048 348344 422966 469667 125707 566767 256434 921685 637104 783115 140266 30974 98056 802105 680023 578895 262989 426176 240007 527140 262113 394913 492564 350005 92534 700733 520367 403510 697406 343461 700332 418559 635235 254407 608033 189039 399679 490464 653682 594240 331025 581436 291332 769982 703679 465458 681957
341752 191571 834943 794337 793654 606556 527784 703025 831830 904803 326471 518297 254241 299432 999999999 505224 1007655 537898 536432 984826 662487 814217 271215 943400 568765 489820 1061958 330810 810428 279100 227900 1082152 304513 502865 463962 831137 931965 379583 286383 768767 243344 599319 795968 543476 200966 575697 424489 798637 198851 839936 289824 485918 670509 637426 640557 240052 731102 398893 865530 536131 1199096 936267 1038609 248095 325609 218113 1005234 839069 876845 562184 721589 485665 822907 478572 683677 752056 632533 343782 750085 798572 663672 731896 577358 937871 164287 933965 515550 632047 488306 412094 789063 950213 590555 626666 866965 115863 1036096 885252 407298 904402
537558 343125 779351 601843 479469 736078 629201 201546 329435 407367 602767 598148 310985 457381 505224 999999999 696114 619101 570308 506807 337495 807475 313842 700180 88254 761408 879305 184158 851689 316857 504381 756438 329073 600569 413622 443041 453468 154105 320099 265373 273582 682754 474032 145042 305053 363258 356252 472978 452474 348074 508717 287777 583728 138183 534901 354007 477833 563631 755251 652202 907259 823517 700507 566951 445325 405278 573350 372558 831808 550238 608081 343052 685306 711654 543426 883598 719283 548243 252171 576983 804185 242654 776680 574200 455306 810736 379860 150678 513147 95785 692084 794697 147882 656496 658260 392334 726944 438659 169059 517085
761139 943813 453076 262211 224080 698514 654600 690308 697675 548025 840273 631352 758338 743810 1007655 696114 999999999 631156 581873 450952 371022 530641 960515 137253 613698 875952 291287 822561 611509 967871 837776 76009 703168 651755 558825 268432 452765 824443 974811 602208 880654 633958 226337 557766 852090 432117 585460 226106 1069552 520358 786459 526486 424272 700191 420350 989544 277018 727712 365660 672085 211145 375507 60812 875389 712838 795183 293360 430442 481097 532305 378192 522128 322822 816178 369712 746466 641770 768626 714523 233067 729740 746371 794928 147054 1055820 355429 494950 746963 588182 755460 385526 299421 796255 565558 210796 938900 30905 359400 856431 214805
197734 597305 307720 369594 492049 117987 23461 778741 879231 843990 246980 22632 392555 247345 537898 619101 631156 999999999 60208 848472 453318 276947 664174 517908 604792 245298 571605 585890 276568 674983 310965 704529 331917 35217 207922 598776 809393 627530 684922 771881 573513 68630 501797 519264 501456 328990 262854 507333 695008 776765 248240 345670 207273 734184 215954 666395 397866 141671 359679 44602 771282 422539 682959 312277 230806 344795 777910 719000 343708 107693 257016 288975 343404 185028 264349 265933 106483 197932 830056 399358 185271 836974 185341 637476 665769 425625 265153 763130 106644 590361 289887 457818 766474 93115 431892 538611 650946 715282 675894 643772
207880 576355 298557 322582 434272 174108 81178 724168 822339 784268 272456 51124 365363 237905 536432 570308 581873 60208 999999999 788309 393152 283268 638348 474295 551329 299325 544889 550428 299436 649013 315018 656225 301081 70307 156695 539290 749186 589263 658838 714242 546254 113130 443752 464694 477600 269208 215922 449211 680830 717247 252288 291234 162733 681449 162394 644156 340503 158656 336898 104477 731108 404526 631925 327994 215317 331044 719265 658881 340997 50428 215495 234017 309570 237812 212450 313681 149014 211234 775053 348937 238786 783152 245525 581326 653308 404837 207446 711914 60724 547766 262655 430602 718126 97492 388475 524220 602998 655184 637462 585560
882268 845033 816386 577574 386084 954127 869038 374569 310180 135152 964871 836747 744317 824951 984826 506807 450952 848472 788309 999999999 397656 882003 820599 553285 425388 1072819 737546 688192 956090 823360 906041 462545 721966 851156 674550 261664 53524 660713 826189 268184 774213 885336 373932 442093 787227 525079 656436 368020 958836 164643 880153 555558 687005 422043 651710 860771 472888 877311 744626 892748 615185 782770 410221 963079 798940 823143 163804 147113 859843 742640 669260 595224 677256 1011812 618612 1057460 909764 892831 367641 533042 1008311 405357 1033810 312429 959864 763117 599436 460237 758410 600042 724925 716219 522922 826788 579556 880963 471121 134158 668399 256152
492021 576842 490370 276979 147283 563129 473111 396925 462718 394440 575729 440405 408249 444379 662487 337495 371022 453318 393152 397656 999999999 538751 589739 362685 265642 675317 544218 451540 601779 596972 533158 438993 364725 454114 279179 173464 356470 454885 603839 350341 511682 495584 144787 193174 489749 127484 271231 145504 702508 330077 497307 180479 317847 380523 273949 619610 145994 481920 445263 497142 580064 506950 388132 584644 415687 465722 357766 265872 541363 349847 319334 205231 371943 614202 256237 680217 523528 502158 438928 245345 621550 459588 638368 276647 691060 491596 203016 424239 360801 386477 395869 467197 460148 442716 324998 580575 401763 267202 489286 243094
474662 858764 78453 305900 496118 249202 289869 926188 1001362 919241 516986 295952 645912 519119 814217 807475 530641 276947 283268 882003 538751 999999999 918098 394075 767311 450920 355454 820622 80875 928617 587839 589504 580075 312160 414733 621141 856612 854258 938321 889000 825428 222414 508335 678673 759162 451722 477376 514205 964070 861051 524982 520352 226714 896563 275335 925922 415399 418287 167149 287614 600973 192469 591018 587115 498147 613949 766153 783231 77918 275034 220215 467537 213028 408544 282583 224594 198615 474565 972267 350453 240785 988501 338503 600466 936347 205749 428577 934205 340461 804412 157653 258862 952964 188110 325267 807427 538427 751274 901442 635176
500388 84335 915990 803124 736441 762562 663153 484347 609011 716750 526106 641680 272995 425046 271215 313842 960515 664174 638348 820599 589739 918098 999999999 932499 398169 702503 1087687 140505 937074 10887 408525 1028552 338057 633547 508606 732242 767294 159927 20874 570808 92860 732575 734510 415068 163187 552618 448607 735210 142172 660590 450755 452312 724645 420417 682085 42638 703181 550358 920767 679657 1168016 993484 976521 458388 434990 329353 880561 685256 965146 643500 766268 483304 861936 673150 711396 917516 770046 507627 523762 792218 828550 498401 763662 857516 153768 985771 523498 401520 578800 223164 846798 986132 348612 735834 871240 168700 991145 747955 162459 808306
667441 904237 316203 154327 227851 573936 541030 732954 762646 631282 742272 521246 704047 662322 943400 700180 137253 517908 474295 553285 362685 394075 932499 999999999 626090 759500 193605 800273 474942 940915 755060 197285 642997 542230 481346 324791 544714 810968 948793 658021 846524 512223 236598 555654 807123 381854 519702 239759 1028432 591509 699112 482152 311893 730669 319510 956901 229741 627864 228477 556241 259833 241342 198031 785784 631806 726139 407852 501525 343948 427070 260892 463454 190240 701514 269702 612075 516149 673731 765109 145069 600200 793070 671499 241816 1010843 221113 429322 776521 490833 744265 253474 167484 818384 444152 86035 887519 144847 442016 848451 298801
551661 419740 732056 538821 401452 722779 617778 175597 290903 336046 624006 585296 349552 476069 568765 88254 613698 604792 551329 425388 265642 767311 398169 626090 999999999 771605 809827 263015 817996 401907 536289 672026 351241 590780 396917 356583 371865 239788 405734 204485 348994 664406 395023 88917 368116 315851 346925 393448 534206 272096 530422 260203 540824 130820 492026 437156 410395 569407 699819 641716 824647 765565 615522 598362 458863 440539 485450 287142 784429 524328 558701 317519 627989 717833 493199 864170 699378 562643 228097 510129 789472 232223 773507 488279 534503 751515 348884 166972 498246 175474 641352 730975 194975 630192 590420 459957 644393 351139 257304 429934
224272 621356 508674 613941 732594 202537 221855 946363 1060246 1052036 176471 248238 469035 306185 489820 761408 875952 245298 299325 1072819 675317 450920 702503 759500 771605 999999999 790750 670969 407410 713093 294088 948821 433653 229613 400249 832749 1029937 721453 722772 960430 625718 250594 741700 695852 548157 547833 431955 747030 682614 982823 261278 532521 451684 892321 460649 689600 639367 203157 579342 203921 1008107 631380 928191 247546 316084 383072 1015437 935862 528391 349691 499480 483235 577801 61920 509555 295389 258329 213852 999153 644600 222743 998610 117179 880599 648711 639147 473765 911985 315799 705807 518808 680552 900212 316727 673836 542707 895118 942164 767394 882959
752069 1049891 284966 285046 418643 589795 592109 924595 956247 822626 815838 582204 840085 766555 1061958 879305 291287 571605 544889 737546 544218 355454 1087687 193605 809827 790750 999999999 961993 427263 1096833 853794 312549 774900 602919 601202 518179 733296 978592 1105350 851437 998059 542520 428182 734292 949682 537155 651186 431749 1170624 784636 792869 636268 392700 919503 421790 1107861 401493 703297 212727 600288 260410 163126 344460 872551 738094 844627 583803 694437 281426 507211 340577 605703 239420 740136 382013 577058 532622 755960 957875 302930 594105 985221 685507 425579 1149528 152258 566803 964811 579974 914387 282667 114298 1003948 482102 221426 1021885 279091 632653 1019036 487474
451720 159019 809772 676973 598683 694259 589301 374199 502697 591525 498131 563331 203673 369723 330810 184158 822561 585890 550428 688192 451540 820622 140505 800273 263015 670969 961993 999999999 848862 146590 385143 889692 255103 559188 405891 591742 634686 53122 152785 448787 90472 654204 596271 274570 141022 424839 343303 596752 271411 531646 409745 326421 614051 308484 568687 176106 570532 492800 805653 608929 1031125 877766 837116 444583 369945 288797 741502 549561 860583 546586 651248 365249 742959 631224 592624 848941 692141 460955 419922 662663 762431 401087 712272 717320 271816 868502 406312 301237 489704 88614 734020 864255 261956 646321 742932 215215 853300 609857 96456 667802
468725 872681 159019 382848 570047 214876 283399 981723 1062667 988087 498696 298248 664158 523904 810428 851689 611509 276568 299436 956090 601779 80875 937074 474942 817996 407410 427263 848862 999999999 947792 582528 670197 600446 310300 446270 694592 928930 885987 957659 950564 845303 211457 582173 729080 775375 505290 508702 588094 971565 928137 521131 564077 284328 948379 330727 941314 485909 411594 247638 274405 677757 266225 671867 573207 506770 621312 843975 852759 145979 304663 288498 508760 292885 373432 346707 149977 178115 466750 1029258 427119 186392 1043494 290861 679222 942197 281406 472134 984081 359887 840510 235204 336472 998749 202595 405604 815177 619241 824271 933890 711954
511248 94057 926233 812170 743822 773445 674001 484333 608323 718319 536718 652484 283678 435933 279100 316857 967871 674983 649013 823360 596972 928617 10887 940915 401907 713093 1096833 146590 947792 999999999 419154 1035629 348613 644388 518816 738165 770123 162753 9988 572076 103242 743394 741759 420886 174059 561407 458667 742394 142645 662811 461576 461191 734655 420789 691943 45050 711486 561243 930610 690526 1175656 1003309 983379 468772 445851 340223 885151 688829 975459 653963 776074 492777 871539 683906 720964 928402 780874 518472 522978 800926 839437 497031 774496 863904 156568 995506 533057 400765 589421 227434 856742 995566 346893 746495 880099 178222 998534 752202 162053 814191
113899 328131 612657 601478 641141 380410 300068 702216 825632 854243 117621 292092 193997 93977 227900 504381 837776 310965 315018 906041 533158 587839 408525 755060 536289 294088 853794 385143 582528 419154 999999999 913724 187530 275793 279015 706444 856569 437403 428877 738714 332557 371467 646242 478268 255385 420776 263427 650103 401288 784932 63092 355298 461517 641750 439069 397120 563541 171025 650242 308264 1014657 719105 877008 62585 124950 99676 890725 759833 652535 347031 514550 330753 614767 266761 486667 529327 404667 116016 754395 613745 440083 747022 361556 792987 369077 718571 347571 652944 273825 433275 574626 740191 630932 401267 673444 252366 863899 788128 481141 772853
837006 1014456 511178 334962 293785 768388 727937 735467 731103 572279 915942 705355 831948 819754 1082152 756438 76009 704529 656225 462545 438993 589504 1028552 197285 672026 948821 312549 889692 670197 1035629 913724 999999999 777641 725892 634749 318445 472954 889234 1042317 642029 950334 704906 294531 621332 923989 506456 660716 293511 1140236 553054 862467 599517 497317 750650 495218 1058583 352285 803172 422619 744902 159684 422304 58414 951387 788781 870391 299149 465496 534413 606910 449839 596928 387359 889448 444481 809109 711097 844442 755533 307970 796904 788974 865389 187420 1127286 402850 570399 797350 663714 819988 450572 345208 849256 636514 278382 1011701 53809 389672 919475 253669
209381 281991 580434 497887 490128 439157 334418 521107 641871 666816 274482 309293 67048 128329 304513 329073 703168 331917 301081 721966 364725 580075 338057 642997 351241 433653 774900 255103 600446 348613 187530 777641 999999999 304305 176266 537115 671664 299752 358357 552102 245528 400485 492968 290738 180835 271189 124283 495902 397327 597589 180362 184663 394235 463280 355964 347022 426819 242002 592570 353836 896311 665256 734442 248449 119233 102321 717704 575155 628638 305793 440301 181477 539939 386784 392887 593881 438388 219860 573773 497940 507361 569560 461009 636711 374855 659542 213680 479712 241047 273865 516869 667052 466605 398421 569918 247080 731695 608026 347863 607803
162518 565353 342089 391660 503113 136633 30116 765678 869350 841057 213720 21151 363133 213924 502865 600569 651755 35217 70307 851156 454114 312160 633547 542230 590780 229613 602919 559188 310300 644388 275793 725892 304305 999999999 195085 605572 810562 602111 654349 763471 543525 99850 512343 506833 470529 327734 245228 517722 661429 773087 213130 334068 230364 719081 232681 634695 409760 106564 391711 51649 797605 455733 702120 277528 198958 311748 786951 718670 378715 120682 281953 278611 371995 167886 282609 289944 136709 162788 817466 418956 205263 822917 186910 651046 631911 458249 259172 746442 95804 567489 320505 488852 747266 127638 456236 505238 672554 718823 650457 653857
215602 457599 407449 330567 366220 325897 221152 571206 674345 652499 299371 188444 243091 185039 463962 413622 558825 207922 156695 674550 279179 414733 508606 481346 396917 400249 601202 405891 446270 518816 279015 634749 176266 195085 999999999 446012 630453 440440 528267 569056 415818 269418 372452 311978 356257 153701 62757 376794 573496 583615 230429 138986 218064 526282 180265 521118 284956 202913 416321 245303 739542 489029 598268 320030 154068 245882 631758 535835 457031 141737 264288 84383 364493 340522 220197 470229 305698 225188 622771 337653 392924 629127 380903 519075 550423 483291 76527 555736 101329 394441 340742 491926 561457 245678 403224 421642 585165 546038 488079 505959
661168 730863 557319 318666 125120 699271 620463 421996 438626 310871 745028 589363 577367 617013 831137 443041 268432 598776 539290 261664 173464 621141 732242 324791 356583 832749 518179 591742 694592 738165 706444 318445 537115 605572 446012 999999999 236268 583857 743851 337094 662544 630093 112868 317301 650585 292389 443856 107048 855096 266878 669269 353608 426796 432829 393931 766134 211839 646442 489668 643375 475274 534597 260783 757212 587909 638610 185821 177462 602470 491354 407612 377129 419849 770936 358155 796898 652451 670985 447836 274623 750718 478758 783180 132098 847059 515751 369608 479595 517200 514727 464651 474585 530826 569145 330558 743565 297749 130290 609698 76115
835822 791511 793557 554932 361234 917198 829451 326671 273810 101609 917968 796830 692578 776742 931965 453468 452765 809393 749186 53524 356470 856612 767294 544714 371865 1029937 733296 634686 928930 770123 856569 472954 671664 810562 630453 236268 999999999 607436 773022 219749 720694 848806 348968 389738 734060 483203 609714 343206 905382 114613 832151 508214 655117 371528 617706 807389 443345 832736 725277 853397 629406 767494 417898 914189 751251 772449 181966 96779 838675 704638 640784 549837 655995 969295 587325 1025234 874519 846478 323898 510833 973065 361450 994620 308621 906346 748208 556172 410935 716852 546562 700629 703815 473316 792010 563266 827713 475501 106238 615656 246112
500804 199396 839435 694354 601919 738011 632164 331329 458803 557707 549550 605106 252791 418426 379583 154105 824443 627530 589263 660713 454885 854258 159927 810968 239788 721453 978592 53122 885987 162753 437403 889234 299752 602111 440440 583857 607436 999999999 166106 412547 136405 695410 598453 268250 193813 442962 377712 598405 300019 500776 460188 347987 642505 266030 595895 200737 581943 540054 830404 652497 1034555 901855 835190 497207 416826 340303 724507 526309 890857 582066 676875 392045 765501 680438 616238 892046 733288 510282 374804 676923 806446 353803 759616 712351 305584 891637 432997 254168 528665 69345 760507 884206 211133 683930 758001 263722 855323 590758 48366 659405
521197 103108 935703 820609 750801 783432 683968 484720 608046 720083 546421 662419 293525 445920 286383 320099 974811 684922 658838 826189 603839 938321 20874 948793 405734 722772 1105350 152785 957659 9988 428877 1042317 358357 654349 528267 743851 773022 166106 999999999 573601 112898 753340 748621 426551 184042 569639 467996 749199 143622 665177 471484 469513 743929 421562 701090 49156 719281 571224 939736 700507 1182839 1012418 989875 478264 455827 350186 889623 692414 984987 663623 785172 501606 880459 693747 729859 938390 790827 528406 522643 809068 849424 496165 784417 869991 159573 1004538 541956 400516 599212 231896 865958 1004336 345793 756317 888370 187005 1005501 756384 162506 819833
745719 607738 839871 616004 435869 888349 787945 106949 112377 147189 821469 754650 553904 673709 768767 265373 602208 771881 714242 268184 350341 889000 570808 658021 204485 960430 851437 448787 950564 572076 738714 642029 552102 763471 569056 337094 219749 412547 573601 999999999 538745 824780 425263 265542 567851 451473 528859 421122 712259 105435 728939 430757 666242 156179 620362 612593 485617 757281 789272 812399 801680 845647 583747 800353 653966 644181 384330 178588 890303 678925 669655 484948 715837 903910 606419 1018847 856754 756747 113725 577472 951958 148784 949903 457212 717881 828564 506873 192162 667990 360997 744985 795388 254981 780260 648599 657115 630087 257421 411927 389345
416209 70894 823162 714084 656883 674222 573321 464489 592851 680633 449601 550949 181234 338218 243344 273582 880654 573513 546254 774213 511682 825428 92860 846524 348994 625718 998059 90472 845303 103242 332557 950334 245528 543525 415818 662544 720694 136405 112898 538745 999999999 642056 655803 348866 77657 465190 356068 656925 192560 619702 368609 364676 632164 398794 589981 110399 618121 463924 828667 590530 1086195 901423 899787 387326 345874 245483 819911 633410 872288 550729 674296 392686 770590 592322 620227 829442 679688 424142 509693 704851 740904 489826 680030 784155 187158 893971 432481 390034 486485 177807 754448 895366 347215 643704 783045 127559 911038 690499 165816 738575
257575 665074 265731 372413 516702 69226 71980 836965 933666 889407 294612 91258 461155 313702 599319 682754 633958 68630 113130 885336 495584 222414 732575 512223 664406 250594 542520 654204 211457 743394 371467 704906 400485 99850 269418 630093 848806 695410 753340 824780 642056 999999999 527306 577582 569740 375864 327188 533071 761018 823447 309764 404253 214152 794573 237062 734328 422377 200442 330114 65303 757884 386251 688788 365795 298564 411583 804099 761074 294726 146646 255877 346984 327725 197651 279657 200851 37937 256061 887675 407567 127227 896137 161283 655796 731282 392206 318998 824968 169941 657045 268226 430995 830466 68412 427388 604959 651100 751328 743762 668828
586864 720148 444611 206258 12267 596479 524299 496566 533014 419471 670021 494692 542956 553495 795968 474032 226337 501797 443752 373932 144787 508335 734510 236598 395023 741700 428182 596271 582173 741759 646242 294531 492968 512343 372452 112868 348968 598453 748621 425263 655803 527306 999999999 332964 630837 225907 384171 5959 845916 369518 602208 310131 318940 494601 290275 764131 104930 564942 378608 546230 436118 426857 245127 691660 523055 590395 276881 283561 490210 394221 296206 317305 307855 679806 250348 687459 547313 595917 529916 162650 644910 557042 683852 146855 833493 408606 299193 540695 429595 529631 351786 371371 584433 464051 224918 719959 257136 243141 631346 142023
480180 418755 644565 457920 337511 637162 533123 259533 364954 376393 556418 500314 303762 408985 543476 145042 557766 519264 464694 442093 193174 678673 415068 555654 88917 695852 734292 274570 729080 420886 478268 621332 290738 506833 311978 317301 389738 268250 426551 265542 348866 577582 332964 999999999 348728 227624 265867 332427 540933 307518 464490 173630 452341 219508 403483 449677 332855 492752 614958 557278 768556 681937 566997 538867 388566 387822 471410 295725 697000 436298 471534 230691 543901 640231 406154 776763 612120 491209 310828 432141 703296 318660 691295 444368 535520 668532 260622 255550 413073 198909 554694 650735 278489 541909 513336 443125 588671 344408 298665 393306
339130 101344 761229 668372 630520 599443 500067 504575 633290 704137 372160 479025 113880 262232 200966 305053 852090 501456 477600 787227 489749 759162 163187 807123 368116 548157 949682 141022 775375 174059 255385 923989 180835 470529 356257 650585 734060 193813 184042 567851 77657 569740 630837 348728 999999999 425916 299938 632620 221639 639765 291075 326956 574277 439321 534532 166763 582166 387799 772306 516471 1053486 845077 875964 311275 271832 168119 817485 642624 809234 485928 619084 345433 717597 514732 568603 754469 607117 346886 552928 663252 665609 537076 602927 766001 204227 838808 383137 437702 418841 213848 696962 843960 402164 575029 739067 94411 881910 692968 232151 725756
368816 522406 417283 252158 221567 441787 347910 476435 562151 515060 452671 314871 326888 328679 575697 363258 432117 328990 269208 525079 127484 451722 552618 381854 315851 547833 537155 424839 505290 561407 420776 506456 271189 327734 153701 292389 483203 442962 569639 451473 465190 375864 225907 227624 425916 999999999 158267 229566 646833 448186 379015 100515 225064 444844 176402 575585 156970 355454 392943 372177 628524 462557 463738 467956 298626 365757 478187 390939 469756 229226 244971 91665 324736 486738 180169 567468 406354 378601 524268 239711 502941 538244 513177 372374 630027 450980 77224 482822 233650 381205 328849 441272 504822 328813 318751 509054 460879 394529 485253 353966
226137 401061 468446 373639 379746 379956 273330 522407 630763 622622 308435 241945 188910 173187 424489 356252 585460 262854 215922 656436 271231 477376 448607 519702 346925 431955 651186 343303 508702 458667 263427 660716 124283 245228 62757 443856 609714 377712 467996 528859 356068 327188 384171 265867 299938 158267 999999999 387795 519752 553019 226294 102193 276101 474179 234783 462864 308459 229091 473138 296695 774609 545938 620182 313439 144565 209729 628925 513502 518516 204376 319337 67341 417684 375052 269303 527842 364198 236842 574648 374659 447956 578593 426582 530530 498348 539169 91099 501232 157257 332550 398487 544270 503655 307489 445752 371233 613235 532483 425399 509460
591390 721519 450356 211917 18087 602251 529806 493227 528590 414107 674611 500129 545430 557471 798637 472978 226106 507333 449211 368020 145504 514205 735210 239759 393448 747030 431749 596752 588094 742394 650103 293511 495902 517722 376794 107048 343206 598405 749199 421122 656925 533071 5959 332427 632620 229566 387795 999999999 847271 364520 606387 312733 324844 491947 296027 765072 110701 569803 384068 551782 436304 431946 243443 695803 527079 593619 271174 278298 495859 399733 302163 320827 313446 685130 256241 693408 553158 600483 526192 168209 650779 553546 689508 142886 835070 413630 303263 538121 434685 529497 357605 376003 582298 469887 229688 721999 256959 237334 630953 136444
509520 125780 972982 889934 846467 778995 689217 626516 750925 857719 512301 673514 331019 447664 198851 452474 1069552 695008 680830 958836 702508 964070 142172 1028432 534206 682614 1170624 271411 971565 142645 401288 1140236 397327 661429 573496 855096 905382 300019 143622 712259 192560 761018 845916 540933 221639 646833 519752 847271 999999999 800366 456528 547173 791152 562551 753263 99809 802456 565042 989582 701684 1273034 1062165 1090549 436000 466238 350665 1011277 820966 1019208 695946 837628 567057 937088 665166 789009 930082 796788 514173 665601 884783 840639 639613 762012 976196 34571 1056767 604525 543375 625188 358891 913611 1063962 489347 776709 960703 156702 1099695 880675 304468 931117
777283 690060 805023 571713 381228 889903 794979 212365 178078 69761 856932 761708 610044 711485 839936 348074 520358 776765 717247 164643 330077 861051 660590 591509 272096 982823 784636 531646 928137 662811 784932 553054 597589 773087 583615 266878 114613 500776 665177 105435 619702 823447 369518 307518 639765 448186 553019 364520 800366 999999999 767276 451094 646039 257430 603555 701465 447124 781323 745847 819393 712413 796334 495463 844823 688492 695341 282177 90557 853411 676902 641062 499793 673508 923874 581475 1010274 852610 788206 213571 529995 950143 250535 959752 373378 803274 778124 514010 296338 677479 443039 710106 739684 358786 772487 593995 732010 546536 163411 505774 305574
53107 373872 549630 545009 596316 322519 238050 701379 821314 836985 94138 229121 208050 55792 289824 508717 786459 248240 252288 880153 497307 524982 450755 699112 530422 261278 792869 409745 521131 461576 63092 862467 180362 213130 230429 669269 832151 460188 471484 728939 368609 309764 602208 464490 291075 379015 226294 606387 456528 767276 999999999 324833 401302 643596 381161 443739 514969 109756 588158 247440 958937 656647 827778 89602 81756 123304 854727 735464 589448 285690 454626 292230 554253 223774 429743 474023 343694 57951 754077 559495 384489 749832 312989 749013 425301 656403 303267 659136 213226 446706 512804 679028 642915 338214 616446 303547 811832 758159 506146 732938
328061 422376 496435 351287 308177 463541 359851 433159 535406 520631 409783 326908 232972 270024 485918 287777 526486 345670 291234 555558 180479 520352 452312 482152 260203 532521 636268 326421 564077 461191 355298 599517 184663 334068 138986 353608 508214 347987 469513 430757 364676 404253 310131 173630 326956 100515 102193 312733 547173 451094 324833 999999999 299202 390637 251086 475072 255319 330335 482593 384104 726535 553887 553817 409474 243422 285254 536259 411799 548595 265002 329751 57321 417630 474553 268296 603995 439183 338830 484386 340209 529706 491919 519677 452482 531180 543687 92086 422747 239659 289826 413814 537871 434678 371278 418929 412419 555954 433737 392128 423367
363294 675621 197392 162355 307679 282093 230652 699865 778372 707749 433615 209425 461137 373889 670509 583728 424272 207273 162733 687005 317847 226714 724645 311893 540824 451684 392700 614051 284328 734655 461517 497317 394235 230364 218064 426796 655117 642505 743929 666242 632164 214152 318940 452341 574277 225064 276101 324844 791152 646039 401302 299202 999999999 669875 48940 738643 215164 319055 198433 247817 568400 271040 477134 483641 345664 454438 594115 573913 249422 117691 53634 250536 153344 392131 68704 370466 229774 368320 746459 194168 326410 762066 375000 442201 767407 265929 209783 707776 188081 587924 122685 279903 727958 147446 225940 638080 443699 553148 688336 458689
669704 464996 859104 657375 502871 852128 746548 65721 194430 303080 737733 714341 448831 591048 637426 138183 700191 734184 681449 422043 380523 896563 420417 730669 130820 892321 919503 308484 948379 420789 641750 750650 463280 719081 526282 432829 371528 266030 421562 156179 398794 794573 494601 219508 439321 444844 474179 491947 562551 257430 643596 390637 669875 999999999 621244 462769 526454 691889 822875 770297 908100 886649 692538 704334 576879 542957 522113 311203 911307 655081 685514 447951 750200 840479 619999 994609 829773 680546 114204 625378 919167 106394 900104 563287 570752 871724 479698 46780 627546 225608 767210 847471 103579 760994 703748 522733 730026 387931 259078 498643
347965 635757 245387 165279 279764 306265 239209 651908 732280 666476 423289 212908 422354 348344 640557 534901 420350 215954 162394 651710 273949 275335 682085 319510 492026 460649 421790 568687 330727 691943 439069 495218 355964 232681 180265 393931 617706 595895 701090 620362 589981 237062 290275 403483 534532 176402 234783 296027 753263 603555 381161 251086 48940 621244 999999999 697510 185352 309274 238692 259454 579054 311442 469636 466754 318800 422917 567124 533950 297634 112254 84560 203930 184232 399557 50794 408225 258541 354224 698874 187300 356913 713994 394334 422002 730582 304387 162909 658959 171335 540368 165399 311718 679024 175284 235591 601904 442364 517559 641368 431955
494861 69976 927350 824174 765561 760708 663874 526834 651633 758257 513954 644111 280364 422966 240052 354007 989544 666395 644156 860771 619610 925922 42638 956901 437156 689600 1107861 176106 941314 45050 397120 1058583 347022 634695 521118 766134 807389 200737 49156 612593 110399 734328 764131 449677 166763 575585 462864 765072 99809 701465 443739 475072 738643 462769 697510 999999999 728375 546913 936000 679197 1195797 1008800 1007353 443166 435768 325458 917604 724276 975659 652563 782003 502222 879159 663587 729088 914945 771402 501373 566393 815233 825588 541012 756349 889952 111595 1001837 541664 444152 585571 261709 861218 1004465 391147 741523 893324 147977 1020029 785747 205082 842249
