NAME : synthetic_000804
TYPE : CTSP-D
DIMENSION : 100
GROUPS : 8
RELAXATION_LEVEL : 1
EDGE_WEIGHT_TYPE : EXPLICIT
EDGE_WEIGHT_FORMAT : FULL_MATRIX
EDGE_WEIGHT_SECTION
999999999 736531 648853 814763 670063 576037 107126 240612 1090083 693059 278124 282269 595136 806759 646483 204142 214235 270308 612233 648934 793369 209728 105920 624361 232682 187444 664813 738436 235971 899443 792333 711067 693849 580922 702839 554183 191453 140972 699643 153076 73340 800943 386130 456612 711553 612689 819314 312634 744871 383470 778370 119952 439479 207245 486695 304507 797135 876585 809956 731624 196988 691881 600114 579064 383570 932342 214554 598011 420286 8120 220837 331045 761583 371355 1104530 317856 1068189 67192 820511 468686 339661 550924 256799 596889 677183 532938 375691 624320 816254 379271 590107 574977 412326 516988 667308 839916 114164 680737 273588 460528
736531 999999999 614632 490738 81500 408558 709074 621859 385382 606861 467655 455781 610854 446231 588358 545526 835631 475522 143002 159090 218680 535081 790009 262751 769448 549174 178444 197039 500906 163075 373584 649230 608401 361034 197313 425308 602491 843633 269250 673536 804495 323570 757297 650803 366286 406443 605522 435227 122075 376187 437332 617254 307152 713801 264808 435844 645088 186538 304137 343525 578277 214924 457800 164744 400704 286402 874387 466165 606457 744646 599023 761485 86853 662770 389274 448458 346262 712043 205623 326561 403427 284284 682592 498927 59599 392015 614819 519702 264607 678722 146428 633244 604640 535781 129305 345011 708851 57202 465851 713465
648853 614632 999999999 1029541 620034 834990 548582 748618 751320 50481 582946 503369 991015 994167 1006957 494473 855677 475428 614562 456453 470113 594891 753109 752112 843373 549620 436588 446680 527661 711678 934674 1082908 1047118 257782 754618 832524 683450 788640 361383 721098 713837 384794 945364 928315 277745 858363 1110609 583913 718803 606288 265766 593619 574188 465966 449474 485257 1125741 602557 410380 311185 657795 408266 157997 584035 648582 577232 863026 150131 873422 653635 431107 909594 696922 877826 782512 624477 771514 583872 509017 661578 467747 706878 808690 118913 579410 245389 847559 947428 860983 295350 546772 993131 866507 889768 485592 405642 718685 575078 497319 969946
814763 490738 1029541 999999999 439228 241262 853156 588018 789962 1037576 573995 630069 300109 46334 238653 714447 783035 667032 422193 608349 709270 626611 803884 277429 699072 676842 638228 681865 648612 549229 120643 245547 217307 778128 296614 261129 623783 849606 739424 677396 854256 811225 585009 441442 832262 205323 127989 546379 370528 482903 912638 714473 477536 912983 581774 629377 184847 652991 793546 816843 618663 685563 876283 447923 458036 758689 833094 882952 439154 821472 809536 626305 412237 514308 774831 520016 727483 832024 695129 397188 621386 329780 610504 911620 489706 784168 479411 212075 251151 970937 489349 335023 444439 319410 587643 835110 724433 496758 642699 491801
670063 81500 620034 439228 999999999 331823 650482 543758 466662 618888 396413 393140 533895 397052 514726 485920 759331 416699 62792 171964 278555 464816 718069 189349 691417 483753 200333 244383 436360 236867 328286 578448 537623 362260 143476 347174 527628 771771 300872 598817 736178 374045 675973 569567 395396 332819 546691 363023 101656 300398 473962 550177 233714 664134 220197 375344 581726 266702 358332 378185 504369 246591 462114 91104 322159 363640 799243 469903 524981 678178 548343 680876 96754 581423 469749 372949 425998 650176 273444 245801 345493 203570 603489 501562 50924 383368 533435 445818 240950 647453 90907 555112 523144 456072 148892 400796 635713 58350 404120 632137
576037 408558 834990 241262 331823 999999999 611894 358123 778963 850788 334132 394881 202308 230752 186892 475451 567086 432270 284510 469186 605372 385361 573416 147514 484705 436035 500806 563575 409631 531177 225948 257563 218260 599045 235989 26250 386391 621899 598559 444506 619394 689578 404463 270264 680407 36654 281884 308160 321352 249792 765775 473441 261821 673051 389313 397195 290836 594566 678272 673157 379200 550528 690766 291924 219802 694664 615830 696199 243312 582973 572163 431287 362180 316887 774700 279595 727681 591076 604254 174604 394476 140198 391787 721292 378637 593203 272780 119131 298149 741150 337519 225545 245553 138073 458199 721079 491259 386330 407173 332648
107126 709074 548582 853156 650482 611894 999999999 313373 1042814 594254 285267 258740 661607 839656 707512 164587 321338 233988 597542 602655 737498 226657 212539 635801 335494 180541 614230 683863 220560 869686 816092 776548 755095 506756 704665 592859 250726 241335 635578 237741 165463 732469 481205 534198 635774 647990 872400 317671 734848 389267 696654 141164 431944 100806 447746 275159 856694 832185 744158 658808 244168 635095 513246 561577 401186 877922 319260 510207 491614 109764 134043 428972 745664 453396 1060219 335773 1026896 40589 767800 479634 305864 562235 344840 505582 649576 456196 449094 676635 822897 272691 564366 645418 483452 574723 624479 770735 209679 652025 247061 546802
240612 621859 748618 588018 543758 358123 313373 999999999 1002973 783291 185824 254532 354534 585891 406429 258660 219834 275528 481025 584697 741147 153943 216078 441608 147661 201403 609481 686790 221888 780435 583066 470462 453644 596096 532146 333579 69011 263778 675656 90806 267919 781718 196751 220826 719394 394006 581613 205691 593884 247616 799905 182165 318799 403691 427105 277712 557121 791486 782790 729356 91287 649591 651607 457399 221627 868826 264913 652783 180208 245810 346726 166010 621220 142580 1010034 178417 967952 279523 758650 303280 307573 374495 66647 663763 567484 561111 136359 388480 631890 538995 485087 335009 172156 279055 593088 820370 137424 573155 257002 238313
1090083 385382 751320 789962 466662 778963 1042814 1002973 999999999 718566 837664 809348 977993 744007 945569 888282 1212072 820045 528316 441503 312575 901669 1156432 631858 1149895 905014 428602 362161 856523 249284 671689 995968 956349 573057 545422 798980 977475 1209294 428442 1047549 1161577 368135 1142635 1033229 481187 769232 917154 807698 458226 755459 488909 974947 684545 1022686 603655 786098 968674 214212 344123 447408 951598 412537 631844 546812 783557 177858 1247915 640064 990567 1098032 916874 1146423 416785 1048085 36475 826348 67453 1054337 277728 711829 750594 666444 1065301 668877 436131 623702 1000086 879474 539746 934903 518130 1003947 989053 912732 422980 345859 1079000 430146 817058 1096315
693059 606861 50481 1037576 618888 850788 594254 783291 718566 999999999 613082 534356 1013162 1000772 1026271 532240 897864 508425 618537 451011 448024 629348 796604 760582 882730 586266 428498 429922 561533 693879 939038 1101851 1065234 259817 756771 849805 719321 833363 345382 759778 759135 355741 979796 956863 255250 872531 1123113 611662 715555 629053 229883 633241 592152 513758 462214 514919 1140840 579942 382045 287311 693050 395539 161464 590006 671997 547041 906707 155222 901747 698073 473835 945850 691041 909595 750693 652087 742162 628759 486281 679016 494802 719369 844610 129838 575822 257592 877656 965155 859313 344907 550555 1016838 895046 912275 479130 372977 759349 570948 529195 1000487
278124 467655 582946 573995 396413 334132 285267 185824 837664 613082 999999999 80076 428921 557340 460756 141728 375715 113227 336619 406945 561914 68896 322355 351630 321685 104859 429621 506900 76423 630419 531047 535571 506685 411563 425722 318233 142064 375991 490931 210382 340891 597022 374245 345924 533696 369067 607791 34511 467106 106157 614702 159391 163066 339038 245074 98202 602082 623798 599034 543553 114757 467315 472665 305468 116803 693820 410258 474639 291455 286130 240156 351005 485378 297317 848109 55173 808591 272099 582236 194989 123400 277851 252392 488742 409543 379061 264700 416286 541257 420742 322965 423559 284281 329908 418759 635864 241906 414058 88192 387412
282269 455781 503369 630069 393140 394881 258740 254532 809348 534356 80076 999999999 505815 609183 534520 95124 420462 37445 338963 369718 519386 106289 349484 386870 377851 95673 388195 464016 47267 618256 575213 610049 579586 343417 448653 382084 198567 401380 436965 257555 352604 542266 448378 425967 469728 427923 673964 90372 476108 147241 547951 165604 175041 290510 205848 25154 672333 595392 547060 482755 170122 420349 397445 303386 175842 655974 448493 398890 371531 290335 180450 420407 487541 375248 822927 128511 786101 257079 543743 236070 60656 315217 319585 411398 396230 306714 344220 486264 568367 348382 309560 501907 364348 405701 386389 581484 278265 399447 12886 466605
595136 610854 991015 300109 533895 202308 661607 354534 977993 1013162 428921 505815 999999999 321490 63806 562756 511255 541451 484556 664090 805264 453782 556007 349042 428944 510723 695485 761575 502359 729109 360137 115934 104644 772967 432639 187496 411253 593826 790297 443511 616449 885331 292724 154546 866595 208792 243998 416368 519797 384727 952605 522124 424757 743070 562831 517058 207043 796742 875549 862632 418369 744880 857672 487930 342695 896963 561285 862026 175802 600242 662063 341113 561776 239790 972054 377305 924635 630942 805582 342174 526784 336511 352506 883622 580031 758758 220975 103942 469865 848762 532825 34922 183499 101378 655646 918193 488050 587692 515813 194739
806759 446231 994167 46334 397052 230752 839656 585891 744007 1000772 557340 609183 321490 999999999 263143 696180 787373 645681 383323 567309 664891 613100 801910 243393 703677 661373 596805 638557 630588 502911 74438 280403 248539 741015 253794 253431 617044 849140 697779 673851 849604 767682 598234 454702 791361 194100 173308 528197 325451 462090 870953 702719 450717 895363 548383 606831 228075 606934 749612 775155 609862 643633 839779 410783 440608 712613 837082 846632 446842 813714 789448 636310 366799 522659 729179 504457 681763 820403 650099 373891 596582 301578 613157 875824 447197 749030 484866 225584 204896 945833 450987 356222 451459 326823 545825 790981 720783 454123 621955 508407
646483 588358 1006957 238653 514726 186892 707512 406429 945569 1026271 460756 534520 63806 263143 999999999 598787 572395 571169 470534 656077 790842 492865 612892 325910 489504 549247 687695 750029 536124 696296 308015 76244 47600 779666 401549 179993 459032 652388 785235 496634 671648 876405 356348 216725 865928 182048 181682 444170 489243 403536 951552 566809 434210 785012 568851 543231 150694 772206 864851 859486 463348 737414 868222 478814 363957 874567 622559 873115 231844 651961 698421 403939 532254 299974 937599 406999 889905 678634 788122 348020 549078 326939 410089 896433 562979 769642 276753 68922 424933 881383 524400 97940 239041 133397 644881 907676 542127 570697 545338 258540
204142 545526 494473 714447 485920 475451 164587 258660 888282 532240 141728 95124 562756 696180 598787 999999999 376115 70053 433128 446779 589359 111958 288434 479755 351304 57426 461478 534521 65858 706930 665785 672567 645345 382713 543592 459926 190972 336337 496121 227803 277237 598388 454259 461599 513211 510030 749316 168131 570736 235583 584538 105137 269997 199299 287084 110579 742303 675609 606610 531277 167603 487761 415504 397027 256415 728598 395304 414939 410328 211806 99634 415607 581088 396442 903876 196855 868859 167384 616962 326235 142151 407213 315338 420165 485949 337633 375337 556960 663050 288032 400242 553801 402455 466317 466552 637508 232620 488642 82952 492001
214235 835631 855677 783035 759331 567086 321338 219834 1212072 897864 375715 420462 511255 787373 572395 376115 999999999 425504 696935 782236 936152 316760 109632 660804 83979 333123 803925 880891 375480 996165 792956 621389 615896 756205 751895 541372 234623 106317 857427 165465 172171 962647 235041 356874 885691 601441 754043 404501 813234 459461 959617 270978 528979 420906 619026 445607 717520 998695 967462 901153 261020 839231 791119 670931 438764 1069369 50281 790216 345155 211815 424582 176931 839603 272659 1221206 387207 1180409 281335 957594 522369 480754 594307 175302 793408 779500 712997 303644 573351 849856 593259 694673 482261 339276 463795 794474 1001881 144187 784687 417130 332303
270308 475522 475428 667032 416699 432270 233988 275528 820045 508425 113227 37445 541451 645681 571169 70053 425504 999999999 365027 378699 523981 122141 346724 421100 389616 92593 394636 468842 54048 636877 610593 646549 616423 331492 479816 419529 214498 396981 435178 266785 342570 539171 471562 457175 460328 465209 711403 127323 503143 184129 535792 160134 206935 257166 217604 42581 709556 606903 545767 475743 186897 423190 377420 328472 213285 662382 449864 378163 403265 278192 144884 440061 512258 402505 835080 164460 799612 237271 550409 272108 72108 350191 338658 388284 415956 290915 373936 523472 600134 311121 330420 536700 395888 441731 397666 578423 281561 418611 25837 495407
612233 143002 614562 422193 62792 284510 597542 481025 528316 618537 336619 338963 484556 383323 470534 433128 696935 365027 999999999 190542 320940 405345 657334 152717 628679 427120 221807 279649 380549 299464 320536 537698 497165 358794 141409 297061 465814 711029 322612 537003 677222 407214 614564 511183 412108 290698 520316 302813 138544 238541 494698 492286 173553 617146 185998 322894 549955 325019 394606 399507 442976 271156 458312 38012 259408 418263 737185 465494 465289 620333 501367 618528 149402 520096 532105 311062 488604 595149 321543 183559 295391 148976 540702 495691 97537 371522 472241 401818 256994 613848 67987 503714 463147 402022 175405 437443 574516 104914 350487 573303
648934 159090 456453 608349 171964 469186 602655 584697 441503 451011 406945 369718 664090 567309 656077 446779 782236 378699 190542 999999999 156704 466745 718810 343258 727352 465103 31632 103666 416983 286939 499796 725428 685217 201950 314833 478336 548973 771016 132129 616773 720809 221249 749555 667402 224053 479047 710376 380615 264874 342514 304818 535070 273151 590422 164254 345859 740470 229533 212755 209272 521637 81372 299094 177263 379665 287288 814623 307383 616278 656847 480148 741285 240540 658192 457681 406684 424530 613021 175358 332275 310073 329312 650280 340049 125461 234796 612927 588013 409429 532643 131716 679646 612465 574164 30212 254927 644331 120165 376729 726221
793369 218680 470113 709270 278555 605372 737498 741147 312575 448024 561914 519386 805264 664891 790842 589359 936152 523981 320940 156704 999999999 619680 868702 467287 883088 613558 132308 55378 566361 249509 592227 856282 815515 261951 414244 617831 703950 920096 118146 770838 866173 110745 905633 819660 193002 609737 822441 536539 340302 499078 240033 683128 429304 711749 317181 494787 859633 132444 87605 160790 676310 102405 331372 319435 535640 140527 967065 340006 769613 801100 608542 897965 301558 813775 336261 563300 313873 752220 39224 483556 458859 468889 806857 371337 228596 311700 768052 721975 479240 623586 276799 823509 766136 719992 153808 126701 796583 220903 525173 879490
209728 535081 594891 626611 464816 385361 226657 153943 901669 629348 68896 106289 453782 613100 492865 111958 316760 122141 405345 466745 619680 999999999 255531 416646 271569 57002 487585 564364 68167 698038 591356 565376 539971 449349 493263 366782 92888 308953 541682 152228 272011 647343 350562 349678 576013 421379 650336 103256 535953 173750 653950 92554 231815 293044 302852 131168 639066 687512 651320 588908 64866 522472 499404 373772 177122 754027 347878 500247 298417 217685 209299 317925 554218 286481 913078 110848 874258 208671 641973 260176 165111 342903 216516 510325 476575 411279 263563 455559 607611 399838 389651 443351 290526 359595 480560 686498 177716 480856 105977 381442
105920 790009 753109 803884 718069 573416 212539 216078 1156432 796604 322355 349484 556007 801910 612892 288434 109632 346724 657334 718810 868702 255531 999999999 645259 147223 255344 737678 813356 302375 952750 797264 670663 658979 671053 731008 549227 196602 53703 781843 129773 68591 885405 310767 406898 801617 609544 791929 355149 783090 419828 871909 186610 484357 311518 554594 373934 762502 942220 892448 819576 215587 768958 697683 627403 408925 1005426 110192 696118 381108 102775 322928 252203 804755 318998 1168363 348260 1129755 173056 893193 495597 409875 574196 203577 696909 731797 625155 336140 601722 837767 485077 645018 531238 373852 491268 734259 924621 84942 736198 343553 397600
624361 262751 752112 277429 189349 147514 635801 441608 631858 760582 351630 386870 349042 243393 325910 479755 660804 421100 152717 343258 467287 416646 645259 999999999 583189 455480 374503 429797 416829 384882 193328 389140 348330 501562 95118 167175 448919 697393 475312 516479 679597 558525 531288 407411 564015 143864 368377 318340 175613 246534 647152 509191 216313 677378 305029 379741 397271 447906 544707 552123 433134 423765 599181 172689 240813 549148 706522 605753 371289 632080 565885 548573 215263 438512 628361 306616 581613 623699 462719 156687 363867 73804 489821 634239 238694 506741 390998 257114 192744 709632 216398 373051 371517 281512 327306 587463 560347 246391 399727 470766
232682 769448 843373 699072 691417 484705 335494 147661 1149895 882730 321685 377851 428944 703677 489504 351304 83979 389616 628679 727352 883088 271569 147223 583189 999999999 300677 750898 828245 336544 928071 710354 540348 533511 720307 675544 458838 180712 170502 811452 123795 215722 917420 164253 275062 847539 518684 671035 346744 740012 394471 924890 249755 465370 436094 566692 402722 635672 937834 920260 860379 209132 788997 764666 604904 369274 1013090 134164 764660 261290 233214 416930 105276 768222 189531 1157365 323834 1115461 295107 902189 450093 436184 518676 93776 771220 714809 680517 219670 489412 770497 598735 631792 400767 255344 379815 737277 956445 128605 720393 376854 255788
187444 549174 549620 676842 483753 436035 180541 201403 905014 586266 104859 95673 510723 661373 549247 57426 333123 92593 427120 465103 613558 57002 255344 455480 300677 999999999 482950 558245 48680 712034 635902 622058 596237 423249 526491 418642 134218 306551 527275 176964 257050 631567 397385 405291 552568 471561 704736 137184 561959 209004 627123 69979 256368 238314 301452 119258 694795 691065 637804 568299 110235 513619 463991 393015 221351 750872 357367 464029 354690 195549 152488 359975 576477 339090 918564 156985 881584 169915 638674 299144 155131 381830 259179 471305 489784 381157 318768 510609 643650 343733 402746 500337 346740 416101 482047 670825 189056 493303 88497 434726
664813 178444 436588 638228 200333 500806 614230 609481 428602 428498 429621 388195 695485 596805 687695 461478 803925 394636 221807 31632 132308 487585 737678 374503 750898 482950 999999999 77365 435334 291911 528606 757055 716838 186755 343708 509873 571648 789427 101352 638576 737206 189952 777092 697118 195090 510647 741242 404505 289953 369511 274469 552756 301044 596970 184907 363834 771761 220513 182294 178731 544001 49740 280605 208883 407588 267940 835179 289107 645641 672644 488909 767542 262829 686265 446905 432062 416216 626441 155810 362585 327894 360904 675399 322038 152030 224889 641373 619643 435007 529814 163314 710833 641692 605192 52066 224162 664714 146047 394456 755552
738436 197039 446680 681865 244383 563575 683863 686790 362161 429922 506900 464016 761575 638557 750029 534521 880891 468842 279649 103666 55378 564364 813356 429797 828245 558245 77365 999999999 511004 264999 567415 817265 776672 220152 385276 574622 648900 864792 85303 715612 811164 129678 853188 770188 177286 570262 791070 481869 318391 445963 241310 627851 376802 660566 262009 439431 825498 166006 115006 150084 621199 50567 299527 273796 483326 194308 911700 308272 719432 746190 555818 844446 283513 761855 383650 509232 357531 697931 84522 434447 403500 425208 752657 340705 193462 267293 716541 681395 461635 579045 229616 778557 715726 673978 106004 157831 741218 186066 469841 829376
235971 500906 527661 648612 436360 409631 220560 221888 856523 561533 76423 47267 502359 630588 536124 65858 375480 54048 380549 416983 566361 68167 302375 416829 336544 48680 435334 511004 999999999 663675 601178 610534 582324 383837 484105 394294 160467 354154 482399 214432 305725 587314 418263 409611 511795 444174 684198 102403 516380 171151 588378 118441 211763 264776 253098 71575 678287 642522 592723 526088 132856 466990 431460 345889 190577 703163 402260 432211 356601 244066 163732 386080 529734 351333 869945 131579 832909 214718 590936 262005 107506 343746 284662 442159 441459 344348 324971 492596 602501 346403 354499 495219 348990 404456 433589 626564 232425 444896 41738 445225
899443 163075 711678 549229 236867 531177 869686 780435 249284 693879 630419 618256 729109 502911 696296 706930 996165 636877 299464 286939 249509 698038 952750 384882 928071 712034 291911 264999 663675 999999999 429138 747433 707611 475997 296477 551962 764005 1006403 350301 835158 967558 356818 905543 789999 439106 520318 674741 597733 209834 536983 489090 780269 469066 869483 422677 597848 723878 130232 330955 408555 740271 306350 562874 325945 558809 225227 1035799 571608 749803 907554 755947 914165 169910 811077 243539 609495 196749 873893 214784 480188 564797 425547 839513 604360 222262 516694 762886 630220 298247 819559 309382 755534 748907 666382 258509 361049 871211 218815 628093 853339
792333 373584 934674 120643 328286 225948 816092 583066 671689 939038 531047 575213 360137 74438 308015 665785 792956 610593 320536 499796 592227 591356 797264 193328 710354 635902 528606 567415 601178 429138 999999999 338348 302644 679327 184965 251584 606360 846607 629046 667734 840323 696093 619575 478194 723623 191725 245782 499738 252156 430214 801952 682982 408609 864797 493773 570099 297482 532511 677496 706252 595897 574552 778813 350840 414950 638183 841769 785944 461916 799640 755414 652193 292965 537393 657789 480776 610204 800012 576617 339612 556150 260606 617655 815902 377670 690506 495701 257634 131944 902903 388520 393661 465399 344894 477125 718582 714062 384366 588096 536118
711067 649230 1082908 245547 578448 257563 776548 470462 995968 1101851 535571 610049 115934 280403 76244 672567 621389 646549 537698 725428 856282 565376 670663 389140 540348 622058 757055 817265 610534 747433 338348 999999999 40851 854107 457220 253555 526582 707208 855609 559395 731815 944734 395055 265460 937966 247007 150323 519755 544263 479780 1023330 636542 509702 856435 643418 619122 98875 830527 932259 930549 532795 806791 943433 548415 440123 934223 671008 948423 291516 716176 772168 447661 587784 352699 985872 482197 938058 746379 851627 423128 625274 397544 467091 972018 627748 844979 336632 138666 464295 956312 594081 139802 299287 206250 712888 975092 603784 635456 620732 294379
693849 608401 1047118 217307 537623 218260 755095 453644 956349 1065234 506685 579586 104644 248539 47600 645345 615896 616423 497165 685217 815515 539971 658979 348330 533511 596237 716838 776672 582324 707611 302644 40851 999999999 816159 416665 215723 506611 697734 815621 543694 718297 904282 395553 259159 898530 206475 140540 489216 503822 446164 983772 614363 473226 832320 605686 587608 103665 789855 891674 890753 510929 766565 906293 508335 407549 893471 665928 911415 277899 699284 744963 445279 547309 344201 946638 452593 898833 726230 810783 386221 592290 357883 455809 935440 586965 808045 322981 100256 426595 927037 553996 135436 285265 180770 672426 934503 589013 594670 590587 296012
580922 361034 257782 778128 362260 599045 506756 596096 573057 259817 411563 343417 772967 741015 779666 382713 756205 331492 358794 201950 261951 449349 671053 501562 720307 423249 186755 220152 383837 475997 679327 854107 816159 999999999 497707 600593 541957 717932 144620 598115 653938 227969 785283 737069 130708 618314 866337 399480 461375 397510 204612 486693 348263 464191 210837 319163 886880 386147 243096 152055 513535 172042 100007 330316 441093 396599 777813 107662 682139 587908 372916 762004 440995 703983 597963 437253 575452 529066 299610 432090 288582 463884 662029 139432 322388 52423 665572 715933 603206 361891 290808 780667 676377 674039 231901 265209 612022 318383 343544 787723
702839 197313 754618 296614 143476 235989 704665 532146 545422 756771 425722 448653 432639 253794 401549 543592 751895 479816 141409 314833 414244 493263 731008 95118 675544 526491 343708 385276 484105 296477 184965 457220 416665 497707 999999999 258162 534444 783790 444348 603521 761492 514724 626389 501322 538679 223848 408394 391395 87699 319656 617415 585066 273616 736668 324901 437322 448019 373591 497458 521649 516569 390018 597613 176196 322502 477992 796749 605011 466224 710736 622265 643403 130827 533618 539635 386119 492368 696321 402932 235786 415473 157800 582573 635706 193408 512582 486064 334509 121037 748952 208233 459216 466550 373070 292368 539320 646124 200333 461171 564581
554183 425308 832524 261129 347174 26250 592859 333579 798980 849805 318233 382084 187496 253431 179993 459926 541372 419529 297061 478336 617831 366782 549227 167175 458838 418642 509873 574622 394294 551962 251584 253555 215723 600593 258162 999999999 363828 597320 606321 420668 596175 699358 378564 245430 686043 60481 292021 293879 342362 239331 771738 453565 258339 656423 390001 385890 295593 611729 688912 680042 357701 559478 690615 301430 206260 710716 590232 695784 217294 561010 557555 405051 382436 290686 795478 263246 748650 571018 618169 170971 385395 149429 366072 720066 392700 592465 246531 115476 323918 729693 346697 207998 219431 114909 468824 731638 467533 400345 394131 308135
191453 602491 683450 623783 527628 386391 250726 69011 977475 719321 142064 198567 411253 617044 459032 190972 234623 214498 465814 548973 703950 92888 196602 448919 180712 134218 571648 648900 160467 764005 606360 526582 506611 541957 534444 363828 999999999 249386 630746 71192 233969 736709 263288 286030 668017 423009 628990 169892 588076 227282 746514 114665 295360 337426 386966 223092 609189 764074 739648 680151 28539 608849 591918 438126 212739 835703 271897 592615 241214 197917 277721 226561 611378 211030 986844 154754 946371 219822 724224 299242 255857 377610 125303 601979 545713 504166 199685 433531 641569 469987 460383 394696 233041 327598 560356 775736 111684 550734 198834 306969
140972 843633 788640 849606 771771 621899 241335 263778 1209294 833363 375991 401380 593826 849140 652388 336337 106317 396981 711029 771016 920096 308953 53703 697393 170502 306551 789427 864792 354154 1006403 846607 707208 697734 717932 783790 597320 249386 999999999 831563 180987 77021 934529 333527 441949 848630 657766 832740 408841 836548 473445 917307 237055 538059 335550 606896 425596 800841 995090 942164 867450 269051 819924 740535 681097 462005 1057302 82271 738580 420828 135458 361808 274366 858392 354515 1221477 401769 1183045 204774 945081 548601 461533 626721 242570 737814 785366 671051 376487 644938 889707 512587 698543 567412 413942 534287 786866 973691 137798 789735 395004 426230
699643 269250 361383 739424 300872 598559 635578 675656 428442 345382 490931 436965 790297 697779 785235 496121 857427 435178 322612 132129 118146 541682 781843 475312 811452 527275 101352 85303 482399 350301 629046 855609 815621 144620 444348 606321 630746 831563 999999999 693884 772954 106094 852721 782424 97036 609901 842479 470362 386598 446569 173215 595235 382466 602304 250626 411822 872440 246841 110611 77421 602378 54898 215493 307338 487417 252307 884446 224215 729537 707102 503783 838142 355864 764496 453486 502474 432009 653646 156682 452365 376787 458364 742263 256319 251517 195542 721366 717647 531612 506502 261711 804042 725003 697571 151985 144998 714822 245048 440661 838903
153076 673536 721098 677396 598817 444506 237741 90806 1047549 759778 210382 257555 443511 673851 496634 227803 165465 266785 537003 616773 770838 152228 129773 516479 123795 176964 638576 715612 214432 835158 667734 559395 543694 598115 603521 420668 71192 180987 693884 999999999 177325 799485 244993 303555 726214 480802 672388 239902 658681 298473 802541 128595 366385 334404 453670 282665 647277 833897 803547 740120 95951 674361 640921 509254 282942 903907 200919 640881 268023 157513 298629 196528 682393 218822 1057311 225940 1017075 200323 792131 369065 317179 446140 107110 647482 616594 557447 223142 479227 708727 485852 531015 422413 260164 369858 629107 838659 47037 621544 255457 310042
73340 804495 713837 854256 736178 619394 165463 267919 1161577 759135 340891 352604 616449 849604 671648 277237 172171 342570 677222 720809 866173 272011 68591 679597 215722 257050 737206 811164 305725 967558 840323 731815 718297 653938 761492 596175 233969 77021 772954 177325 999999999 874279 378854 469981 784515 655909 848887 375124 807653 444134 850632 187622 503764 258543 557940 375506 821960 947817 883284 804807 246633 764835 671148 645075 439537 1004911 158199 668796 440747 66079 290400 320505 826211 382312 1175508 375402 1138634 130752 892974 525926 410991 606955 265838 666577 745388 605668 395560 656381 872257 435748 658228 593051 433200 546684 738629 913246 130495 749196 344542 463918
800943 323570 384794 811225 374045 689578 732469 781718 368135 355741 597022 542266 885331 767682 876405 598388 962647 539171 407214 221249 110745 647343 885405 558525 917420 631567 189952 129678 587314 356818 696093 944734 904282 227969 514724 699358 736709 934529 106094 799485 874279 999999999 957898 884526 114336 697812 920736 576352 445615 550990 133885 698912 485468 692131 356104 517112 954828 231877 26812 81687 708316 141065 266753 397967 591200 192481 988925 274593 832219 808260 599240 943994 408699 869054 398302 608130 386883 752644 142080 551639 482309 550110 848317 301938 323121 280241 825412 808047 587012 579966 352675 900781 827918 795063 231858 39259 819685 315740 545599 941885
386130 757297 945364 585009 675973 404463 481205 196751 1142635 979796 374245 448378 292724 598234 356348 454259 235041 471562 614564 749555 905633 350562 310767 531288 164253 397385 777092 853188 418263 905543 619575 395055 395553 785283 626389 378564 263288 333527 852721 244993 378854 957898 999999999 143684 904667 432617 536015 386622 702795 407738 987219 368186 476414 579161 602115 470405 493302 938013 956171 911792 287805 820939 845724 599520 369994 1024633 282272 847260 161480 388172 537864 59177 737551 94589 1144945 351197 1100153 442371 918254 431597 497644 480288 140815 859304 709273 753215 142728 373511 702464 728346 635185 260165 160225 274684 753000 995669 272976 715925 451960 100736
456612 650803 928315 441442 569567 270264 534198 220826 1033229 956863 345924 425967 154546 454702 216725 461599 356874 457175 511183 667402 819660 349678 406898 407411 275062 405291 697118 770188 409611 789999 478194 265460 259159 737069 501322 245430 286030 441949 782424 303555 469981 884526 143684 999999999 846186 295003 398224 345234 582492 340547 931366 400666 400104 623429 536747 443089 360705 835883 879255 848318 300359 744128 810352 502858 297516 928737 406830 813310 55236 460862 557119 187416 620219 87900 1032477 304912 986447 499973 827331 336108 462157 366969 204144 830307 608449 713100 86921 229827 567490 749007 543293 125734 61830 134516 665894 920572 345107 615627 433311 63387
711553 366286 277745 832262 395396 680407 635774 719394 481187 255250 533696 469728 866595 791361 865928 513211 885691 460328 412108 224053 193002 576013 801617 564015 847539 552568 195090 177286 511795 439106 723623 937966 898530 130708 538679 686043 668017 848630 97036 726214 784515 114336 904667 846186 999999999 694413 932278 518140 483234 505992 86045 616868 447993 587986 309571 444978 959812 325281 137094 33981 639492 151654 152489 392867 548706 304079 908078 160272 792039 718508 501740 884648 452888 820154 510389 553862 496034 659081 231606 525031 412562 540710 785804 187846 346915 179631 779440 799400 628328 467707 347942 877939 786859 770914 246906 145519 741575 340703 470867 899902
612689 406443 858363 205323 332819 36654 647990 394006 769232 872531 369067 427923 208792 194100 182048 510030 601441 465209 290698 479047 609737 421379 609544 143864 518684 471561 510647 570262 444174 520318 191725 247007 206475 618314 223848 60481 423009 657766 609901 480802 655909 697812 432617 295003 694413 999999999 253726 342289 311093 281739 779185 509814 288004 708102 410324 429209 268602 590893 685254 685511 415842 560348 711802 302597 253814 692766 650426 717521 272570 619627 606138 462060 353312 347304 763326 314833 715952 627474 606261 202039 424818 154780 426175 743470 381447 615083 304502 113269 272885 772850 348194 235972 275460 160653 465954 728087 527605 389164 440351 356151
819314 605522 1110609 127989 546691 281884 872400 581613 917154 1123113 607791 673964 243998 173308 181682 749316 754043 711403 520316 710376 822441 650336 791929 368377 671035 704736 741242 791070 684198 674741 245782 150323 140540 866337 408394 292021 628990 832740 842479 672388 848887 920736 536015 398224 932278 253726 999999999 585169 488396 530950 1014974 731288 541723 942999 661414 677865 62340 774458 904636 919623 629682 789923 961848 540696 498129 880126 804222 967895 411938 825230 847896 585110 531248 481517 902486 552622 855062 846350 811091 455431 676283 403889 590180 994736 597615 866302 456321 195863 377585 1021713 584767 275851 418801 302651 692368 946842 718642 605006 685917 436551
312634 435227 583913 546379 363023 308160 317671 205691 807698 611662 34511 90372 416368 528197 444170 168131 404501 127323 302813 380615 536539 103256 355149 318340 346744 137184 404505 481869 102403 597733 499738 519755 489216 399480 391395 293879 169892 408841 470362 239902 375124 576352 386622 345234 518140 342289 585169 999999999 432697 72111 600622 193831 129364 367173 221428 100960 582307 594197 577126 526123 143979 443968 466436 272259 88474 666588 440605 469019 290090 320638 264005 368053 451327 304690 817445 40570 777426 305777 555487 161967 116933 244656 272143 485213 377527 370566 268046 396216 507304 438397 291402 413699 283437 315848 390923 614895 273645 382247 101516 391039
744871 122075 718803 370528 101656 321352 734848 593884 458226 715555 467106 476108 519797 325451 489243 570736 813234 503143 138544 264874 340302 535953 783090 175613 740012 561959 289953 318391 516380 209834 252156 544263 503822 461375 87699 342362 588076 836548 386598 658681 807653 445615 702795 582492 483234 311093 488396 432697 999999999 363943 557226 625245 305789 755678 318616 460849 531213 287865 426165 462465 567510 331720 560814 176121 375871 393004 856151 568780 544507 752923 639883 715862 43632 608942 453348 434849 406361 731067 324652 290891 433876 223961 648497 600806 139737 484402 560903 422174 145140 747161 189937 545820 544181 457006 238025 466850 698929 144713 487884 645878
383470 376187 606288 482903 300398 249792 389267 247616 755459 629053 106157 147241 384727 462090 403536 235583 459461 184129 238541 342514 499078 173750 419828 246534 394471 209004 369511 445963 171151 536983 430214 479780 446164 397510 319656 239331 227282 473445 446569 298473 444134 550990 407738 340547 505992 281739 530950 72111 363943 999999999 590943 265416 71306 434730 197299 147496 533735 543902 548581 509379 204697 413244 475845 211470 43636 622946 498856 479658 286123 391415 327358 399088 384962 318064 763017 72552 721492 377887 513968 90858 146535 173015 311088 499886 320563 377230 274896 348971 435201 491374 237472 387824 280871 283512 348058 588414 336364 326023 159948 394038
778370 437332 265766 912638 473962 765775 696654 799905 488909 229883 614702 547951 952605 870953 951552 584538 959617 535792 494698 304818 240033 653950 871909 647152 924890 627123 274469 241310 588378 489090 801952 1023330 983772 204612 617415 771738 746514 917307 173215 802541 850632 133885 987219 931366 86045 779185 1014974 600622 557226 590943 999999999 689262 533775 640125 395086 523586 1043717 365637 160635 95803 718071 227412 187817 477037 633851 319615 979766 193006 877065 785002 563157 965617 524136 903780 521407 637089 514793 722779 274563 611076 492371 625890 866046 210263 424285 246910 863658 884834 701627 503202 431786 963982 871783 856955 325128 144277 815461 417646 548156 984571
119952 617254 593619 714473 550177 473441 141164 182165 974947 633241 159391 165604 522124 702719 566809 105137 270978 160134 492286 535070 683128 92554 186610 509191 249755 69979 552756 627851 118441 780269 682982 636542 614363 486693 585066 453565 114665 237055 595235 128595 187622 698912 368186 400666 616868 509814 731288 193831 625245 265416 689262 999999999 319661 222939 371422 189213 715701 760961 705838 633905 103768 582869 520436 459152 269495 820693 291226 519729 355010 128057 170522 323512 641645 324741 988362 203199 951183 117690 708516 352677 225051 435438 227386 524103 558031 442422 314179 535496 699988 360175 470888 507310 346841 433815 551993 738143 127689 561745 158387 420346
439479 307152 574188 477536 233714 261821 431944 318799 684545 592152 163066 175041 424757 450717 434210 269997 528979 206935 173553 273151 429304 231815 484357 216313 465370 256368 301044 376802 211763 469066 408609 509702 473226 348263 273616 258339 295360 538059 382466 366385 503764 485468 476414 400104 447993 288004 541723 129364 305789 71306 533775 319661 999999999 464100 139227 164770 552519 472688 481694 448578 271223 346164 434174 143184 106557 551856 567250 438957 347071 447557 350914 469716 322464 385222 692557 141971 651447 425936 443264 87466 147603 149300 382393 462322 250522 335476 340491 373326 393441 495361 166423 432706 342583 325890 277423 522237 402220 255734 187589 456524
207245 713801 465966 912983 664134 673051 100806 403691 1022686 513758 339038 290510 743070 895363 785012 199299 420906 257166 617146 590422 711749 293044 311518 677378 436094 238314 596970 660566 264776 869483 864797 856435 832320 464191 736668 656423 337426 335550 602304 334404 258543 692131 579161 623429 587986 708102 942999 367173 755678 434730 640125 222939 464100 999999999 449028 299474 931996 817468 706840 614364 325637 610340 452799 579627 455118 851771 415740 448437 577874 209139 115861 528136 760816 545716 1043056 393473 1013182 141390 745071 525185 322459 605489 440940 438558 655460 411892 537077 748554 857179 178086 574421 729500 569710 651615 615382 728989 309461 656757 277662 640475
486695 264808 449474 581774 220197 389313 447746 427105 603655 462214 245074 205848 562831 548383 568851 287084 619026 217604 185998 164254 317181 302852 554594 305029 566692 301452 184907 262009 253098 422677 493773 643418 605686 210837 324901 390001 386966 606896 250626 453670 557940 356104 602115 536747 309571 410324 661414 221428 318616 197299 395086 371422 139227 449028 999999999 182444 678732 389915 355914 312087 359203 222592 301587 149094 239455 451342 650648 307213 482809 494683 334245 588096 316336 514394 617850 252052 582027 454421 339200 221320 147035 257532 493486 333370 206506 204923 472029 505431 442790 428748 129341 571682 477796 464738 180689 394279 480262 207730 213405 591233
304507 435844 485257 629377 375344 397195 275159 277712 786098 514919 98202 25154 517058 606831 543231 110579 445607 42581 322894 345859 494787 131168 373934 379741 402722 119258 363834 439431 71575 597848 570099 619122 587608 319163 437322 385890 223092 425596 411822 282665 375506 517112 470405 443089 444978 429209 677865 100960 460849 147496 523586 189213 164770 299474 182444 999999999 678507 572314 521938 457758 194591 395494 375395 286568 180827 631712 473467 377115 388282 312530 186264 443710 470558 395366 800101 141070 763701 276200 519496 232940 35944 309508 343184 390653 376246 283445 362762 492730 557721 343980 290089 514659 381301 416278 363130 556330 303311 379187 30964 485569
