NAME : synthetic_000099
TYPE : CTSP-D
DIMENSION : 100
GROUPS : 8
RELAXATION_LEVEL : 1
EDGE_WEIGHT_TYPE : EXPLICIT
EDGE_WEIGHT_FORMAT : FULL_MATRIX
EDGE_WEIGHT_SECTION
999999999 509772 504937 96641 141181 411543 662344 510581 826068 926652 873679 1014226 940240 747676 418447 458384 968519 476383 662966 906528 370478 595192 956190 989777 949114 410691 302961 888379 784919 538230 805199 294590 991404 468601 306645 860330 889721 925356 881708 575528 588930 76343 624999 823579 577099 448990 439426 909521 781745 568013 821870 824128 694657 315638 383685 148596 331796 188319 588694 780233 1041571 990138 287337 547015 728953 542736 855458 638142 975652 728470 380868 470907 498404 841202 460584 1068100 1005353 636697 992728 544344 428614 384509 772846 549825 171176 459823 728142 546209 642896 312062 199309 415239 754390 308952 944405 449205 614855 781305 569761 812694
509772 999999999 451043 503837 370115 290428 180861 249832 375916 445031 463158 610183 632435 277210 206747 381595 505052 500815 259348 396944 544690 122850 554315 498530 439344 356371 581318 382138 506413 375318 296355 341894 636782 429312 626729 412727 407144 573026 420601 441850 198438 507947 129005 318034 69047 82671 322156 435919 383252 286073 575810 385313 184896 453237 162265 432582 433470 497812 240206 363053 540355 487927 477427 163342 225896 374786 345695 459929 619639 448896 443321 387869 304474 456211 340488 714006 499665 243280 582058 340095 605149 138948 280628 60207 341988 373071 348915 579385 133824 328230 518943 615130 339878 289157 473341 72570 518983 292553 198821 303136
504937 451043 999999999 576081 451117 170895 453882 660391 814176 627968 910156 1054913 1081735 712081 572240 73216 927160 75316 356331 732251 211738 571659 1000812 700496 758112 117542 762839 747069 948401 104649 622976 597218 1087604 37192 785480 523026 818796 1024064 558058 85919 326792 441691 462861 615620 498732 475808 132084 599584 411780 219248 1013399 827600 557977 696513 321361 356416 176309 339448 681596 811633 774106 854767 693990 322840 538827 768848 683185 151189 1070481 275480 730488 64162 154044 439522 110853 1164468 762949 693283 1025799 744052 855310 460438 537999 510033 398459 726910 360273 906999 536680 598798 659568 852233 789454 248856 891269 391357 901195 709404 307306 656226
96641 503837 576081 999999999 147264 461809 670395 458492 786957 938439 823906 959766 870748 716768 376058 522374 929814 555699 689207 894832 460230 572486 902507 997686 939082 472759 207208 871105 715732 596263 799419 230458 928140 539035 215475 882207 859123 863216 900061 640299 613384 171595 627283 821843 567359 432987 494654 924142 813287 609662 747108 782232 686589 226956 402628 225267 409193 279705 542357 734978 1043642 968185 194998 569149 728912 472137 845449 700064 912962 779309 294766 535165 547932 877028 517963 1003289 1003489 594369 940104 478980 332002 368462 778800 535015 197106 386012 761782 453337 632744 249770 102672 318650 709623 355816 908604 452548 530605 755615 596264 801620
141181 370115 451117 147264 999999999 320617 528730 382345 687917 795636 740353 883319 823804 607467 285395 390579 829904 443517 542249 766307 377068 454126 824985 856661 809265 340279 311890 747392 669537 458241 666249 192072 867852 414017 337523 736178 749256 801120 754940 507312 466561 162257 488515 685956 436794 307816 356071 780245 666034 463747 713723 687051 554935 259717 256175 141577 299756 220847 455304 644873 905727 848959 248412 422614 591786 433643 715523 563952 851638 635917 310481 403367 405291 729849 380545 945679 867920 500737 860677 428396 409277 243341 638403 408798 53765 358700 614540 489363 502641 204758 210676 403760 618915 215021 804983 312461 528362 640319 449186 672499
411543 290428 170895 461809 320617 999999999 338382 489575 663322 565164 753522 900265 915270 562338 401706 97702 785307 211009 281736 620950 269363 413153 844658 635509 653690 66066 627637 625606 779286 139597 509422 438895 925759 142700 657143 477613 680663 861140 506043 196887 222093 366720 330620 511334 346075 306413 41146 541613 383225 161105 843401 674362 425288 544665 150537 272396 165996 296258 513431 653478 701151 735199 547666 197346 423009 598378 569110 246411 908589 318060 571659 107396 86923 435655 66793 1003470 678747 528667 871890 573213 706742 289655 440346 350565 267177 559058 327816 744827 393764 438111 530453 706463 630190 106063 751113 225228 732109 567483 199721 535563
662344 180861 453882 670395 528730 338382 999999999 407344 388995 268425 496812 630332 707446 291244 384223 400554 482032 520992 128756 283166 607029 215619 582132 327939 315353 397727 761369 293353 608884 354326 171789 522484 686643 445937 806032 233073 371455 630907 239741 411140 127097 646467 55833 173714 147787 263503 351712 256577 223748 238591 682917 408173 115739 634098 280527 560116 503829 610764 367265 410322 380392 401760 657977 141041 85704 531388 231992 402202 670377 341812 622643 401175 302353 295294 358335 757420 348899 343430 600105 493661 785085 316916 110810 188981 491170 544281 206718 749954 126095 509055 695056 795571 394893 389318 444796 217980 674009 270981 147041 202428
510581 249832 660391 458492 382345 489575 407344 999999999 336478 639630 365454 503727 448850 287424 101156 587259 477553 693886 506767 509908 694672 201986 445819 676270 556144 549285 440046 469811 299657 603539 447384 230120 486049 631480 491415 636260 422368 419150 635265 670028 448268 544592 351685 482681 259596 189951 528652 639396 626010 529525 357260 328127 346489 300256 339043 505350 588115 585438 88933 278172 695552 547677 337785 411780 413804 125445 471348 698024 469677 698045 257373 596501 530884 698940 551849 564275 644082 145794 482753 90352 414337 202232 479547 219151 389414 148394 596213 346585 298236 210368 422096 431178 253496 438652 460688 279916 269649 338068 447864 428869
826068 375916 814176 786957 687917 663322 388995 336478 999999999 478662 111181 242737 342151 102147 411039 749136 142893 870829 517379 267913 920492 254801 193139 479862 304628 729339 773574 212174 299943 725073 285511 564072 302116 797103 825182 535297 104479 254060 514226 787766 503451 845683 359140 322992 317401 395673 691390 494808 586922 615865 369166 25758 273289 634842 536473 785840 809175 858974 247956 73812 463336 239909 673351 494299 326205 393742 261781 787596 286763 729380 584920 753616 660980 647712 706530 369498 406803 193088 212887 361531 728952 452833 375991 316401 678582 464998 587033 618086 279367 544375 758128 749232 89776 662545 124371 447221 488243 122156 517654 242561
926652 445031 627968 938439 795636 565164 268425 639630 478662 999999999 585367 678895 820120 418226 638611 597161 497019 702781 284043 224967 817935 437821 648193 72529 212162 611875 1025901 277557 764801 524071 204343 785953 768435 633848 1071714 113578 402249 729515 75310 558132 346761 905095 316121 164813 396070 526309 564320 31584 225888 418884 838227 504117 293142 895032 542974 815146 727755 856651 577003 534022 148391 337336 921326 383392 227641 755228 217029 518597 755118 401191 876798 592966 501380 241313 561136 823397 154652 534645 650187 716226 1039906 583411 165221 437277 755910 785706 270044 985835 343298 771332 962814 1052384 530844 638506 461543 486334 889671 367911 368511 240603
873679 463158 910156 823906 740353 753522 496812 365454 111181 585367 999999999 148040 235354 205812 455554 842922 153199 963396 625533 367912 1002980 340369 91170 581290 399625 819509 782302 312020 226845 824781 395962 594641 191155 890877 833625 645806 189881 144271 623898 888742 607244 901580 463378 432865 411479 468060 784114 602932 697932 718403 286030 89034 381574 648217 618545 850160 891640 926571 285202 100946 557015 311743 688442 594540 436833 387185 368511 891928 175634 838215 590480 848279 758468 758891 800895 260679 501084 242089 121885 362812 719420 518318 487167 402974 738239 469274 697088 590400 381876 574987 781993 741691 125963 741976 162847 531478 451105 233223 620128 352513
1014226 610183 1054913 959766 883319 900265 630332 503727 242737 678895 148040 999999999 208833 344394 597926 988589 184206 1109574 758037 454009 1150970 487335 58441 661065 474517 966309 900896 402060 292216 967300 508440 729370 115127 1036579 951368 754149 279687 131823 727780 1030321 746176 1045170 601868 541456 556403 615997 930125 700800 818840 858584 322227 227400 514670 772058 766452 996280 1039614 1073291 428478 248974 621430 361176 812806 736547 562657 504755 469085 1030185 111893 968642 710013 993596 902345 874863 946303 146125 569017 388804 30340 486867 824167 665438 605424 549977 883443 591114 823934 681059 521925 709998 910845 847774 273943 890015 217687 679098 537815 359824 760351 463916
940240 632435 1081735 870748 823804 915270 707446 448850 342151 820120 235354 208833 999999999 421797 549990 1010555 362120 1125603 834955 603153 1140654 517765 196842 816512 633770 979305 772823 547321 155343 1007319 626926 645715 98927 1057437 820313 876153 424261 94210 856115 1073522 804706 984365 665930 664897 596579 610438 950707 836883 919823 910262 139403 317198 596299 659169 768534 952810 1032077 1033388 402863 298994 789947 537372 699333 783796 658283 398698 603099 1086052 97319 1047766 591344 1017885 936892 984096 970883 145697 734506 389155 220059 396422 675819 643538 713694 575795 836514 484991 913010 519681 584131 628217 804172 700624 312598 880878 384948 690675 380392 460408 813988 584515
747676 277210 712081 716768 607467 562338 291244 287424 102147 418226 205812 344394 421797 999999999 343177 647301 228911 769136 419999 236386 821674 159575 293040 433292 280756 628276 726358 188441 347157 623030 214845 502805 395436 695249 777439 458447 142460 340939 442175 685927 402362 761501 258144 254468 216273 305869 589778 429331 498135 514360 421135 117950 176617 586349 439040 696705 710573 767536 201211 122987 433133 260415 622551 392252 236486 373170 211022 686882 379239 632947 544542 651659 558836 562443 604632 466487 377825 144997 314736 336219 698458 366724 293277 218859 593251 430315 493525 606828 177553 483606 698590 716575 114126 565735 199582 349347 490486 55784 416078 178252
418447 206747 572240 376058 285395 401706 384223 101156 411039 638611 455554 597926 549990 343177 999999999 499078 553930 600863 463545 542362 595104 214429 539602 684388 588380 458292 396075 510204 400103 524044 462636 161313 585885 541551 445308 617285 484805 518874 622370 589457 396613 447370 329400 493295 242755 127746 441965 633389 589337 462486 455288 407151 352042 259258 252895 404697 489764 484542 170365 361930 714477 599991 290130 355190 411542 196675 497681 623331 569356 638239 238912 509098 452028 662121 466250 664362 666953 219130 575430 173080 401902 112584 473756 201334 289092 170423 552558 375038 298082 142942 356475 413806 336161 342004 532585 211691 333535 386166 391686 453484
458384 381595 73216 522374 390579 97702 400554 587259 749136 597161 842922 988589 1010555 647301 499078 999999999 865866 122369 316531 682585 221312 503266 933840 669353 711305 50304 702204 693438 876071 87705 571851 527945 1018350 47993 727481 498240 758787 954342 530981 117940 274939 401258 403504 568071 432263 403266 59847 570497 392094 178563 940680 761636 499138 629664 248215 310693 148384 309036 609615 743706 740138 802241 629109 263761 486231 695709 632191 179818 1001201 283407 661226 12822 99327 430994 43016 1095592 724326 622715 959755 670837 789904 387227 492395 441150 337082 654569 337605 836685 473923 528737 600839 787857 721068 181210 830596 319881 828483 647646 253830 602518
968519 505052 927160 929814 829904 785307 482032 477553 142893 497019 153199 184206 362120 228911 553930 865866 999999999 988228 604982 272217 1048197 388418 167038 476982 290502 850742 911407 222946 379784 832541 339295 706245 286884 913438 963032 577769 110923 268482 549356 892038 605604 986740 464499 368430 441334 533560 810072 520142 650890 718882 436015 149572 370331 773704 667249 924568 937476 996169 389675 202142 437959 178601 812784 604325 405250 523727 293057 883837 277090 809722 721126 869084 773119 702330 822872 330298 385021 335670 157568 494571 859364 592697 438528 447493 819088 600111 662113 737849 392192 686515 899632 880646 225049 794093 38050 577493 600935 218248 622616 295627
476383 500815 75316 555699 443517 211009 520992 693886 870829 702781 963396 1109574 1125603 769136 600863 122369 988228 999999999 428894 801681 145555 623208 1054443 775308 828881 146299 751355 814276 987674 178788 691555 606132 1136740 75224 769417 598270 881124 1072149 633187 157038 394419 407451 525679 685941 553623 515580 179499 674567 487095 290740 1050150 882925 621283 698120 357734 330845 146601 298141 723163 863719 848552 922705 691203 385734 606490 795890 751887 218900 1119572 347347 738240 120025 218646 513959 165378 1214389 836434 739630 1080907 773918 852527 491748 609032 560778 393623 746875 435518 917170 596239 610134 645779 847265 840691 262417 952963 436206 922929 770003 373953 723327
662966 259348 356331 689207 542249 281736 128756 506767 517379 284043 625533 758037 834955 419999 463545 316531 604982 428894 999999999 380821 535672 331442 710500 355242 403319 328121 810383 403108 731723 252006 276117 579604 815390 356556 850711 198794 494060 759407 224825 299709 76117 632721 170613 262643 254727 335894 280476 259899 128779 138554 805111 536831 244142 694166 286919 540246 443720 575788 480286 538686 424077 506843 712045 121381 199877 632208 334694 280657 799110 213202 694270 313700 218697 199973 278579 886105 408100 463525 727754 596247 852752 373405 183766 290501 496328 631968 89600 838036 251129 569507 731395 860089 522679 362113 567265 261962 776405 398246 93347 314856
906528 396944 732251 894832 766307 620950 283166 509908 267913 224967 367912 454009 603153 236386 542362 682585 272217 801681 380821 999999999 890001 328434 424839 213378 46321 680886 937724 56029 565874 629693 111531 702769 545832 727052 987455 309588 179846 510680 278869 680439 407668 903565 295827 118349 329513 461894 634830 248026 395063 513352 636537 293626 212542 799035 543039 824047 785674 882449 430047 333016 198235 128145 831970 423892 197953 607119 52600 658684 533118 565338 765417 682500 583652 438170 640784 598832 142125 377038 425451 569285 924229 526639 197411 359822 738783 657377 417168 841536 263671 685004 895124 940724 336435 662747 236576 461885 726859 180604 428822 93834
370478 544690 211738 460230 377068 269363 607029 694672 920492 817935 1002980 1150970 1140654 821674 595104 221312 1048197 145555 535672 890001 999999999 666090 1093827 889951 921919 210040 665262 894873 994253 302358 778476 561391 1164076 191315 675374 719519 946015 1097716 752268 297569 486516 295521 599643 779046 606862 537115 257331 791589 612480 399053 1050287 928986 693758 636431 384735 241311 111424 182229 740368 902037 959748 1004483 621777 466113 692057 780426 838307 361964 1146990 486987 686729 226901 316993 647181 257107 1242845 941708 767088 1123764 764812 779311 497255 706020 604104 336832 718553 558439 866165 659474 569842 558477 770353 877370 261835 1015122 473356 894051 831854 464394 804917
595192 122850 571659 572486 454126 413153 215619 201986 254801 437821 340369 487335 517765 159575 214429 503266 388418 623208 331442 328434 666090 999999999 431511 476703 374274 479144 610458 299393 402272 491130 250304 374351 516237 551135 659728 437306 297455 453561 434305 556794 289640 604709 162865 283401 79522 147902 444141 437442 439226 392596 474805 262972 144769 472863 281721 537670 554701 607994 151668 240523 501732 396135 504531 266111 211905 321243 283252 568393 499153 538907 444975 509064 422185 510910 461631 592831 453103 133150 459254 282614 607088 211009 277828 62643 436286 348100 417685 548537 96969 356690 567084 621462 217845 407764 358905 192755 461417 186302 297142 239067
956190 554315 1000812 902507 824985 844658 582132 445819 193139 648193 91170 58441 196842 293040 539602 933840 167038 1054443 710500 424839 1093827 431511 999999999 635914 449987 910654 847602 370729 249829 914604 469079 672216 121555 981807 898349 717465 245952 105682 692923 978195 695395 986796 551180 503885 502080 558269 875113 668380 776777 807192 290095 175113 466428 717304 709528 937872 982523 1014952 370059 191898 602251 344909 757971 684072 517832 450921 434299 979912 110436 922308 656222 939100 848798 835097 891737 178387 548077 330562 39127 431513 774551 607218 564041 494126 825003 536533 779159 635187 470331 652778 855041 797820 216474 832636 193969 622612 492442 313632 708885 424716
989777 498530 700496 997686 856661 635509 327939 676270 479862 72529 581290 661065 816512 433292 684388 669353 476982 775308 355242 213378 889951 476703 635914 999999999 186566 683336 1076257 269314 774663 596593 229665 836195 757347 706290 1123162 183205 392720 723886 145393 630396 415589 970802 371138 193608 444250 577938 635712 101907 296802 490951 846607 505620 333084 942879 606635 881846 798847 925404 607479 541602 78647 305983 970928 450426 274327 787033 222801 589985 745118 470607 920547 665280 573195 305510 633011 806978 101650 560915 633576 748132 1083239 637478 218962 484131 818677 824042 342251 1020162 386363 820734 1017469 1096875 541899 706156 443948 545192 916903 379492 437606 256646
949114 439344 758112 939082 809265 653690 315353 556144 304628 212162 399625 474517 633770 280756 588380 711305 290502 828881 403319 46321 921919 374274 449987 186566 999999999 712155 983882 94401 604216 654549 147114 748622 571523 754792 1033553 308770 209756 540362 274838 702600 436766 944507 333335 143259 372674 506102 665521 238974 403386 538868 673775 330078 254460 845268 582110 863704 819174 920453 475918 372394 158716 125288 878100 456351 232007 652532 93780 677059 559639 577398 811734 710548 612031 439751 670106 620413 102209 422535 447018 614838 970476 570683 220131 404159 780639 703517 430924 886827 306869 730933 940627 987014 377474 699924 257430 502758 770870 225094 458450 137475
410691 356371 117542 472759 340279 66066 397727 549285 729339 611875 819509 966309 979305 628276 458292 50304 850742 146299 328121 680886 210040 479144 910654 683336 712155 999999999 651904 687694 841729 128669 569440 479875 991128 83773 677245 518067 745595 926317 548916 167703 276484 356007 393692 569159 412037 369350 47713 586668 416568 195318 904775 740427 488889 580374 211707 263985 117305 269407 576891 719397 751607 797150 579252 257264 483090 654450 629486 227912 973956 323609 613169 63088 111866 461404 55645 1068962 732197 593638 937949 630951 740200 347659 495990 416537 286778 610219 361179 789470 458868 481283 550578 737926 696023 131934 816347 290352 785062 632752 254353 597229
302961 581318 762839 207208 311890 627637 761369 440046 773574 1025901 782302 900896 772823 726358 396075 702204 911407 751355 810383 937724 665262 610458 847602 1076257 983882 651904 999999999 903202 625109 766876 858080 240110 846374 725696 51629 989453 862379 786810 1000568 818363 735115 378678 710284 887524 632010 499595 665070 1017227 938893 757629 637458 762339 746343 140010 531249 426046 605262 486254 528657 709292 1109752 986737 105957 689595 801963 396756 893685 873366 833287 935680 191855 714964 709112 1007990 690133 915039 1062877 585758 886667 419574 134541 444790 860882 592548 365153 313062 892318 284894 691743 255690 106823 116092 686637 524095 897858 551557 398799 774732 722108 849524
888379 382138 747069 871105 747392 625606 293353 469811 212174 277557 312020 402060 547321 188441 510204 693438 222946 814276 403108 56029 894873 299393 370729 269314 94401 687694 903202 999999999 510837 646452 127061 671449 491313 739166 953529 354878 124935 455047 326559 700503 420331 889988 295433 148840 313234 440120 642846 298753 432254 530059 581100 237847 203739 763708 535630 813873 788169 875827 386950 278421 252135 109622 797921 430848 208277 561478 71929 683517 478325 597582 726803 694375 595632 480514 650942 545986 195636 332201 373031 524261 883634 505043 224503 338598 723248 615796 448928 795269 248748 653134 865658 900922 283086 658742 186039 450715 677388 133487 440370 90949
784919 506413 948401 715732 669537 779286 608884 299657 299943 764801 226845 292216 155343 347157 400103 876071 379784 987674 731723 565874 994253 402272 249829 774663 604216 841729 625109 510837 999999999 880654 561992 490378 221456 921986 673891 802921 401282 165511 788580 947429 691632 829614 561190 601592 481556 472882 816439 776481 829881 790964 74625 274924 506694 506657 630025 800200 887169 881047 267516 233177 762794 532568 547139 665242 574500 243595 552439 965948 209013 941062 439769 884249 808813 898410 837971 290909 706246 269122 286985 241459 537013 499193 636176 454178 683886 330387 815296 389396 482794 472924 651054 561239 233970 736886 388507 557799 246132 397128 697982 524223
538230 375318 104649 596263 458241 139597 354326 603539 725073 524071 824781 967300 1007319 623030 524044 87705 832541 178788 252006 629693 302358 491130 914604 596593 654549 128669 766876 646452 880654 999999999 521310 576276 1006566 111762 795530 420611 723076 944581 454987 66845 227738 484669 368520 512491 414670 414126 102170 496038 311074 116493 948548 740052 462244 683538 272533 392376 236088 395883 613264 728205 669776 753332 687175 230779 438277 719329 581304 106827 989562 196047 708333 78185 72661 345413 78311 1082214 658300 618323 937746 690974 845922 411754 434436 431609 404524 687812 258109 879050 445820 574414 668707 845919 707248 243328 796050 325059 857426 616066 209938 555901
805199 296355 622976 799419 666249 509422 171789 447384 285511 204343 395962 508440 626926 214845 462636 571851 339295 691555 276117 111531 778476 250304 469079 229665 147114 569440 858080 127061 561992 521310 999999999 619385 585116 616721 906471 249848 230671 539554 229415 574181 297170 798477 186221 39679 232340 367991 523501 214489 311833 404816 635877 309926 113309 721873 435165 716886 674228 773343 377896 333734 251844 232030 752173 312375 86422 557398 60347 556457 570469 472343 695266 572064 473170 366475 529850 647387 205650 332427 478372 518484 857191 431476 99397 267854 635750 595529 323946 790531 168031 602729 807384 871748 328456 552907 301277 357113 688415 167453 318024 44525
294590 341894 597218 230458 192072 438895 522484 230120 564072 785953 594641 729370 645715 502805 161313 527945 706245 606132 579604 702769 561391 374351 672216 836195 748622 479875 240110 671449 490378 576276 619385 999999999 699124 561892 287315 752391 643376 633722 762102 635781 505975 343572 470683 648041 391973 259765 479573 777717 708345 544439 528291 557289 507068 114658 314766 333052 471703 412892 316636 508168 870688 760895 135534 460920 561882 248361 657148 682279 683705 724870 133300 539913 510213 779158 505425 775051 824702 371079 709950 250430 276071 207738 620863 352808 224686 168081 664703 311055 452324 19764 195784 281230 483276 348470 687480 317869 336404 547136 495335 612841
991404 636782 1087604 928140 867852 925759 686643 486049 302116 768435 191155 115127 98927 395436 585885 1018350 286884 1136740 815390 545832 1164076 516237 121555 757347 571523 991128 846374 491313 221456 1006566 585116 699124 999999999 1065995 895306 834596 366381 67049 811237 1071591 793751 1029913 650903 621059 591916 627522 958807 787939 889028 903373 229459 280103 571903 725590 783904 990430 1053722 1069809 424876 279317 723586 465409 766291 778041 627985 458813 553356 1078118 17173 1028383 659723 1024627 938322 949515 977224 78902 669562 398226 132775 449169 757197 668692 677812 577572 874977 546613 888045 605428 568809 680609 868840 781635 299355 902362 315335 700791 463358 424265 805450 541134
468601 429312 37192 539035 414017 142700 445937 631480 797103 633848 890877 1036579 1057437 695249 541551 47993 913438 75224 356556 727052 191315 551135 981807 706290 754792 83773 725696 739166 921986 111762 616721 561892 1065995 999999999 748290 531859 806115 1001865 565789 113723 319551 406279 450541 611706 480256 449109 107189 606337 422817 218012 985988 809629 546126 660262 292769 320016 142113 305939 655986 791605 778428 847687 657304 310544 531492 737892 677065 179843 1048841 297906 695091 44812 143600 455872 90690 1143317 764616 669985 1007748 713970 818686 430426 535217 488959 361444 693967 369618 872108 521631 563888 622379 815432 768909 213429 878059 366837 868832 695254 298922 648217
306645 626729 785480 215475 337523 657143 806032 491415 825182 1071714 833625 951368 820313 777439 445308 727481 963032 769417 850711 987455 675374 659728 898349 1123162 1033553 677245 51629 953529 673891 795530 906471 287315 895306 748290 999999999 1032544 913777 836322 1044651 844629 775041 382968 755725 935353 679094 545614 693392 1062330 978833 792367 684028 813968 794339 191201 568592 440149 622827 494047 580093 760913 1157931 1037769 155615 729524 848842 447676 942973 901438 882429 968913 243148 740295 740319 1047097 718009 963204 1111571 637166 937435 470979 163795 489117 906943 640118 391286 364466 931207 323006 739621 303746 126854 140930 738267 552202 949472 593954 443851 825507 761239 898752
860330 412727 523026 882207 736178 477613 233073 636260 535297 113578 645806 754149 876153 458447 617285 498240 577769 598270 198794 309588 719519 437306 717465 183205 308770 518067 989453 354878 802921 420611 249848 752391 834596 531859 1032544 999999999 474468 789357 38268 449756 271410 831454 288304 213625 378697 495295 471319 82158 113937 322779 877456 559542 301384 865185 480023 739039 635219 773252 586438 580387 261122 432614 887474 313909 231145 758252 285326 407187 820106 287763 855552 492848 406257 131432 465021 895378 266776 552601 724458 719791 1017776 545031 166971 420546 692143 776267 162753 981230 340572 739814 917369 1027847 572411 560905 540586 438701 898610 415786 291020 293500
889721 407144 818796 859123 749256 680663 371455 422368 104479 402249 189881 279687 424261 142460 484805 758787 110923 881124 494060 179846 946015 297455 245952 392720 209756 745595 862379 124935 401282 723076 230671 643376 366381 806115 913777 474468 999999999 331237 448323 781963 495728 901958 355958 262160 340738 445278 703879 422612 542459 608873 468136 127529 260975 722622 569020 834643 836001 903444 333754 178076 367310 135625 759879 496091 294349 492253 189475 773026 353418 699280 676781 761574 664858 596171 715771 422117 311259 276622 250085 458236 825442 507467 329331 352328 733547 558877 552004 719946 286944 623996 839033 844923 191267 695764 73357 479632 591971 114700 513165 186438
925356 573026 1024064 863216 801120 861140 630907 419150 254060 729515 144271 131823 94210 340939 518874 954342 268482 1072149 759407 510680 1097716 453561 105682 723886 540362 926317 786810 455047 165511 944581 539554 633722 67049 1001865 836322 789357 331237 999999999 767951 1009984 734567 963236 592847 576805 530332 561529 894687 747203 838128 843039 190428 230077 517368 663471 718331 923392 987510 1002760 358083 220826 696084 443178 704258 717181 576345 395782 512743 1018298 50528 972609 598510 960847 875703 900591 913492 145837 640786 332832 134789 384350 702250 601947 629140 514266 807966 483564 834441 554496 510620 615060 805859 726364 238750 836094 290749 635985 411355 374860 745494 496393
881708 420601 558058 900061 754940 506043 239741 635265 514226 75310 623898 727780 856115 442175 622370 530981 549356 633187 224825 278869 752268 434305 692923 145393 274838 548916 1000568 326559 788580 454987 229415 762102 811237 565789 1044651 38268 448323 767951 999999999 486046 294169 855391 293220 191240 381004 503229 501786 43922 151409 354078 862891 538947 293898 873835 499349 763742 665748 800613 580931 562753 223029 399513 897545 334743 223747 755461 258884 444628 797101 325975 861227 526034 437398 167870 496654 870235 228857 544104 698352 716715 1024008 555796 157616 422994 712354 777740 198167 981448 337378 748786 931504 1034917 556287 585839 512598 452252 894128 396796 314791 271666
575528 441850 85919 640299 507312 196887 411140 670028 787766 558132 888742 1030321 1073522 685927 589457 117940 892038 157038 299709 680439 297569 556794 978195 630396 702600 167703 818363 700503 947429 66845 574181 635781 1071591 113723 844629 449756 781963 1009984 486046 999999999 286501 516391 429614 562341 479736 480785 156358 528670 336585 173166 1015387 803351 521908 740913 337128 427345 255057 418903 680068 792854 705823 805861 742498 294202 493276 785162 633554 66144 1054624 190398 768516 105175 139345 358123 130519 1146893 698822 684665 1000618 757186 902454 476980 483467 497731 453638 751953 288149 941012 508413 634881 717868 901404 772237 294844 855178 391848 922561 676815 270485 610654
588930 198438 326792 613384 466561 222093 127097 448268 503451 346761 607244 746176 804706 402362 396613 274939 605604 394419 76117 407668 486516 289640 695395 415589 436766 276484 735115 420331 691632 227738 297170 505975 793751 319551 775041 271410 495728 734567 294169 286501 999999999 561225 144313 293518 210158 269120 229304 325582 203823 113349 763586 520285 235406 620628 210910 469799 387719 509956 431772 514524 479435 528381 637530 45530 212195 573105 357514 284686 777039 251753 623209 274906 176020 273378 233387 867251 456776 422649 716242 538531 780264 301346 219507 239666 421252 566501 158825 771637 225379 496532 655380 786950 495841 292251 568854 189692 717226 390519 22373 329452
76343 507947 441691 171595 162257 366720 646467 544592 845683 905095 901580 1045170 984365 761501 447370 401258 986740 407451 632721 903565 295521 604709 986796 970802 944507 356007 378678 889988 829614 484669 798477 343572 1029913 406279 382968 831454 901958 963236 855391 516391 561225 999999999 614274 813488 576758 456809 389780 885887 746066 526964 871182 846008 691053 381159 366113 94330 265961 113430 616859 805217 1026828 994720 356207 521952 718563 590753 851596 580597 1013745 678504 443438 413379 452228 801754 408751 1107618 993920 660986 1022250 588160 502483 394777 757223 554043 168424 511531 691352 613970 641705 359083 273951 489931 779231 271134 960430 441778 673790 790613 540762 810081
624999 129005 462861 627283 488515 330620 55833 351685 359140 316121 463378 601868 665930 258144 329400 403504 464499 525679 170613 295827 599643 162865 551180 371138 333335 393692 710284 295433 561190 368520 186221 470683 650903 450541 755725 288304 355958 592847 293220 429614 144313 614274 999999999 199268 92090 210968 350075 307034 277028 256989 634712 376092 95643 581295 249391 531221 492750 587139 313968 372171 417216 405046 606206 140158 104331 475956 243243 428739 634315 382111 568124 405886 308901 349276 360534 723710 380510 293483 571947 438383 730817 267335 152363 133149 454247 488520 255125 694135 82227 456670 647065 741717 354654 366959 428431 176090 618857 247547 159133 206384
823579 318034 615620 821843 685956 511334 173714 482681 322992 164813 432865 541456 664897 254468 493295 568071 368430 685941 262643 118349 779046 283401 503885 193608 143259 569159 887524 148840 601592 512491 39679 648041 621059 611706 935353 213625 262160 576805 191240 562341 293518 813488 199268 999999999 257474 393214 522404 174913 283531 396423 675429 347715 141296 752438 448067 729689 677102 783120 415277 372870 223198 245648 781778 314179 94938 594518 76929 540419 606666 449564 727957 567396 468815 334171 526848 681910 181971 370902 511590 555548 890372 455478 79063 295294 653148 630440 300952 827036 195781 631863 833726 904410 367964 561825 330657 374382 726673 206407 315243 80432
577099 69047 498732 567359 436794 346075 147787 259596 317401 396070 411479 556403 596579 216273 242755 432263 441334 553623 254727 329513 606862 79522 502080 444250 372674 412037 632010 313234 481556 414670 232340 391973 591916 480256 679094 378697 340738 530332 381004 479736 210158 576758 92090 257474 999999999 135870 374130 390684 367960 313716 553797 329376 119244 499289 228603 501596 496208 566290 225559 313717 480672 418883 526709 187315 170015 383949 278895 489487 574927 460016 481463 437194 347174 440567 389905 667609 437469 212502 527500 346510 644553 199152 231044 41993 410327 397576 342468 602707 65851 376509 576254 656539 292579 355131 408510 139978 527067 226054 217728 235707
448990 82671 475808 432987 307816 306413 263503 189951 395673 526309 468060 615997 610438 305869 127746 403266 533560 515580 335894 461894 537115 147902 558269 577938 506102 369350 499595 440120 472882 414126 367991 259765 627522 449109 545614 495295 445278 561529 503229 480785 269120 456809 210968 393214 135870 999999999 343745 517991 462187 340965 537665 399910 254708 370612 158099 391023 426370 463306 207657 367371 616388 541152 395264 228482 303875 310217 412507 508101 610393 513432 361416 411647 341476 534824 365776 706147 573305 229973 589698 278944 522810 64949 361363 102101 288389 297385 424825 502708 200278 245739 440600 532558 342097 275292 505419 90008 452791 333940 265026 368635
439426 322156 132084 494654 356071 41146 351712 528652 691390 564320 784114 930125 950707 589778 441965 59847 810072 179499 280476 634830 257331 444141 875113 635712 665521 47713 665070 642846 816439 102170 523501 479573 958807 107189 693392 471319 703879 894687 501786 156358 229304 389780 350075 522404 374130 343745 999999999 539269 371310 148932 881316 703427 445603 584636 189842 296069 163973 310110 549849 684653 703894 752140 586831 212002 437272 638629 583668 208301 941653 289316 612461 67954 66127 418622 25856 1036149 684598 562923 901425 612998 746394 329675 448763 381877 302354 600081 315787 785904 417880 479018 566560 745712 661849 141205 775201 260034 772905 591845 207286 552169
909521 435919 599584 924142 780245 541613 256577 639396 494808 31584 602932 700800 836883 429331 633389 570497 520142 674567 259899 248026 791589 437442 668380 101907 238974 586668 1017227 298753 776481 496038 214489 777717 787939 606337 1062330 82158 422612 747203 43922 528670 325582 885887 307034 174913 390684 517991 539269 999999999 195082 392692 850342 520010 293773 888019 526036 795147 703037 834644 580127 547431 179170 364245 913240 363973 225616 757087 234730 488140 774278 369897 872146 565958 475637 209913 535216 844573 186033 539994 671775 718142 1035236 573306 160421 432383 739259 784163 240536 985973 341470 763633 951556 1047059 542874 617825 484089 473300 893434 380916 346933 253775
781745 383252 411780 813287 666034 383225 223748 626010 586922 225888 697932 818840 919823 498135 589337 392094 650890 487095 128779 395063 612480 439226 776777 296802 403386 416568 938893 432254 829881 311074 311833 708345 889028 422817 978833 113937 542459 838128 151409 336585 203823 746066 277028 283531 367960 462187 371310 195082 999999999 222995 904262 609235 324722 822880 412751 652216 533734 679109 590764 620830 374198 522502 840808 249353 261821 751145 360337 293276 873556 176805 822069 385664 305235 73060 361944 954989 375535 566670 788610 714147 981135 501867 213474 407081 618357 756210 55564 962575 348598 698117 858721 988692 608543 475305 612923 390596 894756 464767 218201 356033
568013 286073 219248 609662 463747 161105 238591 529525 615865 418884 718403 858584 910262 514360 462486 178563 718882 290740 138554 513352 399053 392596 807192 490951 538868 195318 757629 530059 790964 116493 404816 544439 903373 218012 792367 322779 608873 843039 354078 173166 113349 526964 256989 396423 313716 340965 148932 392692 222995 999999999 861299 632122 348750 657310 229822 432679 312556 456246 526094 624093 561592 636839 667763 126486 321981 651180 464821 175799 886533 180436 671141 175253 83478 274810 142595 977719 546648 523831 828744 619378 820155 355070 318766 336921 412556 631996 167436 832158 336871 538704 667611 823574 604442 259066 682057 251744 793465 503807 98308 439605
821870 575810 1013399 747108 713723 843401 682917 357260 369166 838227 286030 322227 139403 421135 455288 940680 436015 1050150 805111 636537 1050287 474805 290095 846607 673775 904775 637458 581100 74625 948548 635877 528291 229459 985988 684028 877456 468136 190428 862891 1015387 763586 871182 634712 675429 553797 537665 881316 850342 904262 861299 999999999 343703 581278 529407 693312 848225 944874 929353 335733 305134 832490 596619 568839 736083 649125 280448 624903 1035734 221632 1013703 460596 949251 876363 972931 903434 285086 775963 341819 323606 287506 537120 559208 710749 525114 732350 362203 889158 380291 556825 512160 674819 562006 307504 795878 448855 624340 241833 470344 769320 597629
824128 385313 827600 782232 687051 674362 408173 328127 25758 504117 89034 227400 317198 117950 407151 761636 149572 882925 536831 293626 928986 262972 175113 505620 330078 740427 762339 237847 274924 740052 309926 557289 280103 809629 813968 559542 127529 230077 538947 803351 520285 846008 376092 347715 329376 399910 703427 520010 609235 632122 343703 999999999 292753 624319 544385 788492 817576 862682 240668 54817 488794 262080 663295 509361 347918 378191 287326 804830 264411 749357 572597 766470 674946 670798 719231 349281 432275 188039 198203 347282 713961 455114 399191 325313 679719 451967 608055 599632 295251 537539 750220 734658 75703 669759 137039 455712 467950 144901 533818 267320
694657 184896 557977 686589 554935 425288 115739 346489 273289 293142 381574 514670 596299 176617 352042 499138 370331 621283 244142 212542 693758 144769 466428 333084 254460 488889 746343 203739 506694 462244 113309 507068 571903 546126 794339 301384 260975 517368 293898 521908 235406 691053 95643 141296 119244 254708 445603 293773 324722 348750 581278 292753 999999999 611148 332442 612279 585887 672627 287171 297680 363632 312794 640554 235627 70381 463322 160891 516625 555783 456642 587464 501443 404166 391932 456172 642031 318853 251218 484465 424389 750177 318374 136284 154753 526357 492852 317148 692796 54857 490728 694194 763813 284151 455008 333820 249511 600534 155847 252307 119085
315638 453237 696513 226956 259717 544665 634098 300256 634842 895032 648217 772058 659169 586349 259258 629664 773704 698120 694166 799035 636431 472863 717304 942879 845268 580374 140010 763708 506657 683538 721873 114658 725590 660262 191201 865185 722622 663471 873835 740913 620628 381159 581295 752438 499289 370612 584636 888019 822880 657310 529407 624319 611148 999999999 427495 397278 557433 471307 389012 571832 973717 846728 40821 575577 669151 268094 755747 790134 711555 837618 69269 641998 619520 893783 610433 797463 925897 446035 756149 286091 163114 321647 729816 458811 305379 180962 779360 233458 556943 125437 145413 166760 548682 448508 759203 432319 304580 634830 609950 711726
383685 162265 321361 402628 256175 150537 280527 339043 536473 542974 618545 766452 768534 439040 252895 248215 667249 357734 286919 543039 384735 281721 709528 606635 582110 211707 531249 535630 630025 272533 435165 314766 783904 292769 568592 480023 569020 718331 499349 337128 210910 366113 249391 448067 228603 158099 189842 526036 412751 229822 693312 544385 332442 427495 999999999 281831 273314 340220 365745 517642 660911 643712 438701 166524 353301 449342 490542 374835 766743 410191 442923 257552 201715 479276 213631 862273 627916 385680 739100 423197 590340 140323 391335 220330 213235 415296 363314 608836 288419 309659 446589 593842 493212 126892 635600 89756 585493 454333 194627 450891
148596 432582 356416 225267 141577 272396 560116 505350 785840 815146 850160 996280 952810 696705 404697 310693 924568 330845 540246 824047 241311 537670 937872 881846 863704 263985 426046 813873 800200 392376 716886 333052 990430 320016 440149 739039 834643 923392 763742 427345 469799 94330 531221 729689 501596 391023 296069 795147 652216 432679 848225 788492 612279 397278 281831 999999999 184760 81144 569047 751382 939799 920438 380865 431766 635037 569732 771683 490501 973827 585182 451234 323093 358036 707483 315685 1068995 908748 608075 971853 561041 538007 333382 670493 483008 116324 498143 597379 629193 565159 344703 319311 529275 725493 178139 896286 363196 669450 721445 448953 731257
