NAME : synthetic_000113
TYPE : CTSP-D
DIMENSION : 100
GROUPS : 8
RELAXATION_LEVEL : 1
EDGE_WEIGHT_TYPE : EXPLICIT
EDGE_WEIGHT_FORMAT : FULL_MATRIX
EDGE_WEIGHT_SECTION
999999999 877628 131990 1016116 567966 202620 689345 318155 729897 572394 801948 584049 670324 708341 977658 307504 436392 503455 576914 413835 122301 702670 820750 742486 951538 833715 637219 547565 264752 737695 913906 570228 291599 511245 511609 174125 475137 826328 273631 185534 461542 551591 363924 625673 336764 260407 801919 244159 311859 851330 619122 554672 447483 487562 912665 882873 723278 1008661 936176 901908 1014868 324597 397373 667286 361894 752903 497499 894061 741507 558402 279104 662233 340837 68188 280766 946861 908803 500435 524607 1170987 687109 652245 474997 307792 139696 846119 784263 344467 740572 989289 563714 791998 840411 824859 658357 631302 982104 766933 184755 493553
877628 999999999 801429 409858 1105513 717698 198373 787401 572982 910278 794818 764775 452149 822719 115028 589997 780157 510676 337660 529521 791783 977332 351866 836440 324130 798011 1166831 363556 947631 140782 188063 1063570 690161 535463 559248 716849 1045289 284266 848363 694975 416306 1060513 795127 968186 983415 667791 126043 710731 961887 860216 317338 1083468 504366 433365 252487 18891 175645 504699 441853 568510 722832 940516 548867 246102 538921 663848 385696 734048 218460 393360 770873 648368 538909 843049 600439 88350 41632 399609 364413 779514 831229 1046170 960443 611130 743578 251754 160869 590141 846885 230852 450947 222578 824323 94827 543044 246328 395719 560721 800331 1010784
131990 801429 999999999 901184 486264 231472 624641 191111 600687 454198 670591 453700 548908 578942 907702 212006 308179 382978 481119 401923 21448 584972 706344 613108 841491 702183 558368 451828 197380 660713 861967 478354 162486 387170 385132 181928 394068 718149 367095 124636 395008 461719 237849 511688 264912 143959 713348 116791 237446 721059 576985 469771 433452 386161 808216 808965 661088 886808 816494 774438 883998 238577 389849 613618 265167 621274 415733 762184 692309 452278 347027 530614 288895 166885 240299 877002 835858 407714 469946 1040993 558478 547496 372639 303391 84565 741081 727725 341715 611687 890097 551015 691139 709323 738980 530575 558179 867068 638413 57637 400389
1016116 409858 901184 999999999 1017193 922153 522253 797508 382043 791360 551510 638486 359383 630315 468354 711674 731026 519508 463842 800961 901304 803557 195367 627359 90368 538423 1060380 489685 974838 437434 594770 965678 745721 521260 531084 898692 988579 203968 1090396 837864 627680 970760 781031 829569 981604 758585 338358 786150 969022 599167 650521 996737 788817 535444 163137 427304 526881 114192 109411 254725 363151 940016 816535 585115 659168 445557 563860 436058 599194 461818 1017323 488814 735091 1007893 789244 463513 435005 537291 629190 377586 650273 906956 892028 842325 878224 203395 552508 838326 639641 196161 785281 268166 564181 347877 413598 505741 34118 345433 873609 939871
567966 1105513 486264 1017193 999999999 717519 980483 353490 635305 227392 529265 378735 689510 416897 1220532 600318 325638 594927 773972 861676 507707 275729 858389 437212 997656 559621 72606 752583 303221 979560 1224993 53718 467604 570427 547420 667061 93112 905091 839940 592769 784010 46739 326165 207432 231258 522092 987265 479565 256313 532226 983392 22045 888839 687245 1000208 1119213 1018488 948817 909118 791991 814449 248267 854023 994920 626757 584468 766647 670180 1074780 713137 831057 528428 722680 630444 695728 1192731 1146300 730504 867745 971905 390786 157277 146439 776224 566780 940557 1091257 812631 426692 1097021 999518 919172 547058 1018863 611786 902812 987202 673132 436910 98178
202620 717698 231472 922153 717519 999999999 521482 397052 701895 663788 826737 627180 609283 753579 808762 237085 500744 452573 459870 216187 210035 792478 731163 786848 846814 854980 789732 432885 425637 582666 729639 707759 311756 472390 482935 52069 625502 721146 180472 141879 310064 691753 442097 725795 495273 251982 661064 271990 467949 886249 433041 700706 249734 390276 796649 720093 551712 936437 858407 857050 991949 470048 198357 489240 277297 748100 363992 890748 557865 463823 128819 661188 189646 143028 132910 778355 744385 384947 353754 1136750 737716 769907 598912 112354 152138 733374 605843 145476 788111 861134 363444 672741 867598 679242 625279 475768 889253 732874 281872 629972
689345 198373 624641 522253 980483 521482 999999999 641073 545205 808098 761673 677911 408960 761453 288735 418396 657951 399330 217635 331501 612683 895783 389459 782157 432155 773078 1046792 232296 787090 85843 245826 944149 534067 430017 455776 523822 910397 336524 650141 510867 230224 937919 657548 871089 831164 500826 186614 546091 807443 830722 131301 958690 307330 293605 361677 199053 38231 590137 513628 601781 763563 789614 350748 62862 372800 633592 218600 736283 107698 284593 572639 591874 348524 650579 409209 258028 222917 250025 167793 855440 763676 945130 834080 413515 559720 322533 110795 391817 790800 387191 269103 261782 797314 187966 492050 78021 497835 547316 631424 882915
318155 787401 191111 797508 353490 397052 641073 999999999 453576 267571 487673 267711 438520 390483 900829 246828 118301 292926 449753 511851 208328 397557 610433 424588 752581 520204 424809 424229 177410 652728 886892 329323 114149 281117 267422 345030 273167 638745 552905 258215 433145 317337 46887 328770 197077 170277 679385 131525 178067 534170 632316 333095 537619 354883 734468 798828 679300 762669 700963 631575 721694 153793 505751 648879 275668 455466 423067 591004 729452 398646 522779 366886 370126 357921 348273 871405 826339 393429 516805 882716 368972 375505 214567 433979 248041 668603 751352 468262 422471 825816 646569 631201 525000 709186 394039 565105 763967 493878 134259 256314
729897 572982 600687 382043 635305 701895 545205 453576 999999999 409336 222349 256822 136756 262160 679416 464919 365042 250595 350022 669462 607688 431957 244435 269001 371184 229188 678676 354672 624855 494388 742977 583652 438530 229599 221795 662480 610350 306230 882353 579824 492557 588963 426275 449451 618955 475057 447838 485742 610510 289406 628678 614986 673872 345843 390474 590906 573649 319540 273832 178013 290349 579912 677554 593678 427855 91159 428861 202981 652319 294108 822291 106903 547714 742531 580924 658505 613563 380124 544605 441563 277526 527840 513469 661505 606745 344323 636125 674897 280409 486363 728023 351632 254465 478238 76844 480565 352686 40861 558714 560115
572394 910278 454198 791360 227392 663788 808098 267571 409336 999999999 313918 154927 475123 198570 1024766 483546 170527 409307 592504 756609 473074 130789 638756 224878 775596 346330 270120 575805 343614 793684 1046424 174764 360890 379964 354672 611905 223113 689516 819707 523328 640246 182005 221758 66182 296538 423447 787657 393377 304877 331896 834320 208102 778131 518075 782970 925399 844930 721440 682834 564737 595253 276785 753735 832749 492103 357297 607533 450854 909572 527165 790203 302787 610253 620132 601508 998527 951752 564115 721281 755663 171451 137185 136317 690946 515610 726108 917194 722439 216472 880196 877077 711108 338606 819689 392055 730326 761915 446489 396587 168169
801948 794818 670591 551510 529265 826737 761673 487673 222349 313918 999999999 220504 353990 115401 899883 597421 371420 413019 555873 841232 683782 269702 456638 92142 565586 33533 552167 554486 626143 715238 965166 475704 523844 382432 362355 780070 537021 522199 1003353 689695 676966 487918 445593 322143 595120 577465 669999 570460 596659 69386 834765 513051 851631 528146 598488 812862 791857 457752 444538 298554 285475 565781 845781 806518 575795 131193 619854 142118 869312 493143 954256 180373 704654 831872 723425 879734 835164 569602 740470 443066 142555 388038 447612 811753 703001 559868 856215 832601 103164 690655 921326 572794 41174 700189 270180 693177 528988 236138 617611 482053
584049 764775 453700 638486 378735 627180 677911 267711 256822 154927 220504 999999999 322222 126952 878416 412275 150916 281414 460279 676981 468150 217873 483895 160818 620772 253447 424961 447743 409401 654738 909663 327612 316498 249328 223624 577899 356195 535462 798678 486374 535886 332275 225101 205005 385863 375211 640497 360611 383757 267367 719964 358257 693475 398692 628403 780592 713403 573400 530626 420537 474994 352477 677790 709187 404565 217097 492368 335374 782720 393380 755972 149937 532343 617688 538522 853118 806395 444888 611823 637839 110854 284198 259630 629259 493384 572339 784427 655448 161144 725650 780790 559980 257308 672564 237417 601465 608480 295345 399306 304507
670324 452149 548908 359383 689510 609283 408960 438520 136756 475123 353990 322222 999999999 370616 563079 378335 380903 166870 215638 548794 551353 527701 174022 385395 316828 364189 742612 223624 615929 361694 613898 641724 389599 163098 171702 575900 647212 215584 787799 502141 367804 642876 424358 527092 625910 409937 326143 432392 611908 422586 492767 667926 549832 228473 310962 469213 438194 338374 267934 249570 397472 583625 558777 456924 332289 224728 301537 335369 516321 165796 722306 196220 439218 671366 480905 539708 493562 255342 412807 530507 379308 606383 553055 553907 536897 251397 502252 562396 395498 407552 596067 238846 388669 357783 90896 343820 325663 146175 517136 602973
708341 822719 578942 630315 416897 753579 761453 390483 262160 198570 115401 126952 370616 999999999 932948 534884 272214 380075 546364 794290 593958 173244 506521 34167 630725 148132 444614 538894 517065 726777 981527 363187 443361 347473 323405 704562 421683 567058 925602 613073 643494 374456 345850 211461 482402 501613 696684 487558 485351 144947 817994 399912 808728 499400 652634 839827 794778 546992 521048 386658 398114 454836 796354 799330 522558 184889 593695 253627 868510 479971 882311 174454 651646 743787 661658 910098 864080 544280 714938 557518 27155 282766 332383 752042 620297 605133 863249 776797 34787 748415 889851 606100 143176 728217 279767 687900 604240 290492 523702 366733
977658 115028 907702 468354 1220532 808762 288735 900829 679416 1024766 899883 878416 563079 932948 999999999 697514 895146 625669 451413 609479 897049 1089830 448428 945423 392052 901144 1281836 476615 1059019 249508 151131 1178581 801871 650482 674228 812496 1159990 380694 927160 797533 516817 1175541 909429 1082250 1096347 776979 238001 820663 1074445 963906 387443 1198487 581223 546184 327644 102050 257050 573822 520599 658140 806135 1053589 629147 321916 647767 769595 492956 830584 268777 508169 850189 758990 636998 939277 697873 30815 74588 510708 455976 845591 942368 1160425 1075416 699115 846363 344756 211123 674449 956124 273343 509610 327901 927717 205971 653861 349554 461470 664229 909335 1125738
307504 589997 212006 711674 600318 237085 418396 246828 464919 483546 597421 412275 378335 534884 697514 999999999 313052 216689 271358 273072 204298 603121 516695 566766 644690 624134 671551 241922 370517 449451 660652 574792 132779 235347 246151 198640 518466 519149 417551 126246 194062 563645 278674 549429 420331 84002 501817 130095 395012 659873 389884 579887 295480 180063 605200 597988 455784 712777 637262 623044 755119 381075 270518 414956 54619 512229 204611 654439 495381 251352 360206 426773 126939 296528 126869 666930 625046 196413 275788 901495 522551 608697 459806 217181 167935 538616 524986 243543 569664 683074 400635 485032 638563 527104 388410 348672 677851 496460 213043 503017
436392 780157 308179 731026 325638 500744 657951 118301 365042 170527 371420 150916 380903 272214 895146 313052 999999999 269482 448662 586123 324314 293747 554637 306304 697177 404328 389471 428001 264718 654080 901143 286434 192174 246165 224414 449491 269174 593485 664387 359014 475378 281372 74230 236382 253953 254770 663056 228758 245964 416154 672350 303609 607913 364398 689848 793700 695680 682886 628449 541163 616651 215106 583213 676637 323648 351604 448671 481306 755366 387503 628767 267616 439831 474396 431580 867208 820835 408984 557814 779045 250722 298542 180333 521458 357476 626999 768471 552376 304186 785075 708364 599613 407946 694440 317762 579984 698596 405895 252071 230790
503455 510676 382978 519508 594927 452573 399330 292926 250595 409307 413019 281414 166870 380075 625669 216689 269482 999999999 183228 429478 384780 498592 326069 406449 465388 434771 657201 167343 467583 386420 637408 553875 226327 32679 57899 415315 535978 347412 632825 337433 265249 550156 290579 471819 488673 243079 394480 267017 470885 480615 439665 572885 438742 119349 442406 524286 435845 505219 433636 406674 539728 445369 435247 427985 177264 308665 213693 446948 502531 118890 571773 233003 299301 505568 330335 597804 551385 164690 334865 684811 376802 546481 449784 411986 370548 376107 507955 427508 412831 532954 511299 338736 453527 425587 173754 321925 485415 280335 354178 500167
576914 337660 481119 463842 773972 459870 217635 449753 350022 592504 555873 460279 215638 546364 451413 271358 448662 183228 999999999 349409 475095 678150 278477 568589 386945 570823 837981 29438 612304 205729 454268 734767 355014 213003 238662 440495 709785 261436 626575 391862 168116 730026 458266 654707 645978 340240 234292 380153 624803 625258 279545 751984 344716 97464 338952 349364 253351 491003 410740 449329 606109 602995 362466 253109 216885 432665 101280 550889 323154 67028 553913 380415 271500 557266 327328 422314 376847 77010 198366 725454 547383 729685 627839 379008 437411 274205 325042 377586 576688 412376 380959 216089 593565 262182 286552 141855 431599 361730 471487 677704
413835 529521 401923 800961 861676 216187 331501 511851 669462 756609 841232 676981 548794 794290 609479 273072 586123 429478 349409 999999999 382924 875089 625384 824275 716698 863985 933973 331097 596824 405856 518110 840957 401108 459055 478964 240513 774814 597454 318964 278526 182543 828231 548365 822500 659409 341608 497593 382323 632177 907716 223914 842269 33688 323677 655856 528748 355689 838974 758503 794289 946255 625922 19687 287770 272431 736987 250356 871465 348570 383576 241541 662078 146528 358660 166627 579920 550727 293604 175747 1073105 785052 880946 726391 106043 318654 599838 400734 70765 828695 703844 150954 535220 882060 509053 595108 306563 770725 690972 435617 766472
122301 791783 21448 901304 507707 210035 612683 208328 607688 473074 683782 468150 551353 593958 897049 204298 324314 384780 475095 382924 999999999 603785 706149 628110 839958 715088 579815 445702 218093 651002 848423 499622 169300 390750 390107 160623 415515 715936 347275 107441 382606 483052 255203 531191 286092 142719 706095 121974 258646 735352 561647 491190 414740 381311 805001 798905 648795 889641 818369 780205 892626 260017 370468 599929 258342 631111 406287 772653 678142 449011 325911 540456 273508 150098 222932 866300 825656 400687 455993 1048698 573968 567998 393507 283400 64508 737969 714673 321809 626989 885550 532511 686820 722840 731181 536489 547526 867206 644882 76882 421665
702670 977332 584972 803557 275729 792478 895783 397557 431957 130789 269702 217873 527701 173244 1089830 603121 293747 498592 678150 875089 603785 999999999 674939 180522 802462 296159 286188 665398 466872 871302 1126532 225244 485919 466801 441028 740766 311073 733050 950195 651351 746837 242048 351272 83153 412653 548515 851980 521019 425010 259971 935253 263923 894758 614472 821329 993678 931232 719166 694276 558643 552655 399151 873514 926575 605784 358071 707283 411353 1000507 611239 919521 334912 728614 750906 724500 1065489 1018946 660824 825167 704921 154574 122175 246762 814757 645417 770907 1002133 844924 168421 917815 988801 766342 279441 883932 437842 819298 777369 462507 527354 259662
820750 351866 706344 195367 858389 731163 389459 610433 244435 638756 456638 483895 174022 506521 448428 516695 554637 326069 278477 625384 706149 674939 999999999 512895 142827 454950 908446 301828 787687 314877 535302 809219 552341 330573 343035 705675 819728 67927 902610 642933 446153 811653 597981 685739 799621 563441 236683 591812 785172 518109 505547 837082 617340 342052 146390 370677 406017 213720 133242 219615 379233 757182 639437 449660 464594 329647 379757 382773 485633 268187 831198 341589 546471 813113 598422 431314 389512 347988 461115 466966 521067 765013 724780 656666 682944 104051 452704 656064 524476 243129 631918 135949 481713 261727 246947 350928 161364 221137 680113 774283
742486 836440 613108 627359 437212 786848 782157 424588 269001 224878 92142 160818 385395 34167 945423 566766 306304 406449 568589 824275 628110 180522 512895 999999999 632665 122724 460449 562431 549394 744565 998548 383694 477008 374029 350568 738008 447412 575222 959296 646556 670930 396164 379856 230011 513143 534936 710452 521406 516861 111822 842457 421173 838079 525519 658237 853835 814810 539665 518618 379171 377608 486544 826726 821695 553091 185247 619603 233942 889541 502729 915530 191091 682378 777923 693612 923292 877598 569871 740998 534831 57681 296666 360292 783822 654201 613318 882417 808077 12311 753096 917300 617759 113775 741700 295209 709602 602541 293556 557858 392417
951538 324130 841491 90368 997656 846814 432155 752581 371184 775596 565586 620772 316828 630725 392052 644690 697177 465388 386945 716698 839958 802462 142827 632665 999999999 557609 1045707 414194 929658 347170 510979 947720 690806 472003 485355 826159 961357 126143 1011659 770151 546825 950932 740744 819573 942397 697734 247992 728578 927790 620332 560888 976555 703272 465621 73368 342090 436514 182275 133768 283727 418218 899910 732781 495008 591020 447466 484944 466302 509048 393338 937547 474487 658176 939115 714196 383973 352011 462444 543403 456312 647889 898392 865976 762748 812435 116860 463030 756794 644702 131404 696202 181626 584223 258054 386080 417988 71591 340234 818110 915174
833715 798011 702183 538423 559621 854980 773078 520204 229188 346330 33533 253447 364189 148132 901144 624134 404328 434771 570823 863985 715088 296159 454950 122724 557609 999999999 580513 570984 659633 723574 971250 506191 553978 404951 385942 808824 569342 521576 1032268 718802 697134 518853 478446 352233 628606 606685 674119 600867 630191 63259 850281 543797 873443 547991 594192 816271 802286 440889 433135 283914 256699 599315 869079 819628 600734 139487 638550 115969 880502 509508 982100 201908 729087 862760 749625 881886 837904 588377 758495 412284 175263 416056 480512 837336 733142 558818 865279 857316 132936 684631 940279 575483 26824 703749 284272 706236 517436 237309 649578 514350
637219 1166831 558368 1060380 72606 789732 1046792 424809 678676 270120 552167 424961 742612 444614 1281836 671551 389471 657201 837981 933973 579815 286188 908446 460449 1045707 580513 999999999 817462 372864 1043125 1290528 103326 538774 631394 607648 739398 164420 957860 909936 665374 853693 109242 395760 233860 300673 593968 1047039 551748 326482 546104 1052961 91804 960971 753219 1052028 1180962 1084661 986635 951481 827776 837161 320024 926441 1062877 696750 620787 834458 694265 1142430 775924 902485 572525 794496 700545 768141 1254463 1207874 797111 937362 990938 420026 164547 214050 848818 639195 994004 1157464 885196 449065 1149167 1071233 975681 565109 1078830 661537 968931 1031359 715015 509398 168537
547565 363556 451828 489685 752583 432885 232296 424229 354672 575805 554486 447743 223624 538894 476615 241922 428001 167343 29438 331097 445702 665398 301828 562431 414194 570984 817462 999999999 584950 228986 473240 714419 327467 198642 224435 412378 686641 288321 601314 362595 148589 709094 434404 638860 619890 311267 262858 351586 598346 623765 280791 730646 328773 69885 367555 374644 269233 512987 433048 463960 618575 577045 343163 261730 187460 434203 80747 557021 335251 61480 529414 376713 245474 528392 300102 447184 402160 48378 189951 742060 538499 712853 606236 354842 408032 302391 341730 355318 570052 441730 373396 245067 592977 290250 287484 154645 457110 369478 442780 655813
264752 947631 197380 974838 303221 425637 787090 177410 624855 343614 626143 409401 615929 517065 1059019 370517 264718 467583 612304 596824 218093 466872 787687 549394 929658 659633 372864 584950 999999999 809521 1030785 307411 257533 457781 444757 377976 210405 814666 537072 318331 564447 288176 198579 384909 72195 286828 845560 241126 47414 661154 757243 290086 627493 515119 909963 957671 824879 937935 877637 802512 881103 67791 585669 785453 414342 616322 569506 744190 865807 567105 531897 531497 473489 327706 431999 1028930 985123 548336 645076 1043635 491718 397431 223305 500375 281903 843675 894944 538551 544164 1000115 744082 803782 659291 874286 569112 714526 941331 665574 163064 232566
737695 140782 660713 437434 979560 582666 85843 652728 494388 793684 715238 654738 361694 726777 249508 449451 654080 386420 205729 405856 651002 871302 314877 744565 347170 723574 1043125 228986 809521 999999999 255377 939841 552462 414121 439131 579049 915319 257300 721922 554500 277160 935439 663340 854290 847531 527918 100773 571326 825346 783352 216888 957559 384498 297859 276151 148689 91984 508969 434073 531875 693075 804931 424498 148318 398824 584861 244995 676915 170800 267533 644580 553532 400430 704671 462066 219437 175953 261257 233220 777389 731855 930695 833508 479062 603031 239890 142473 461387 754047 303053 354475 182082 748770 104301 449875 107305 413819 491213 660399 883415
913906 188063 861967 594770 1224993 729639 245826 886892 742977 1046424 965166 909663 613898 981527 151131 660652 901143 637408 454268 518110 848423 1126532 535302 998548 510979 971250 1290528 473240 1030785 255377 999999999 1187577 779396 666474 691867 742118 1155973 468683 826651 743407 468027 1181948 903066 1107929 1076380 743997 300043 789671 1052380 1032307 296631 1203127 486552 537769 440138 169516 207596 692309 629875 753903 909844 1035045 537521 248519 617201 834080 464152 914629 172466 519267 751623 807778 576908 867713 634262 139814 159832 495242 392572 967030 987041 1183596 1078554 617373 791770 438080 135949 587435 1008257 406894 395910 401454 997041 273576 703387 322584 582458 735319 872984 1127701
570228 1063570 478354 965678 53718 707759 944149 329323 583652 174764 475704 327612 641724 363187 1178581 574792 286434 553875 734767 840957 499622 225244 809219 383694 947720 506191 103326 714419 307411 939841 1187577 999999999 442254 528115 504441 656463 103883 857229 839045 577951 753783 20711 296846 154193 238028 499549 943987 459024 260045 479734 952759 38696 866940 650544 951902 1077666 981956 896088 857348 738895 760811 245781 834381 961139 597474 531346 732729 616513 1040456 672607 825233 476878 699318 630008 676342 1151171 1104592 694691 837296 918468 337068 111635 114991 759580 555829 893066 1054757 795096 373255 1048902 975329 873496 493935 975748 562333 866233 935953 621122 425886 77972
291599 690161 162486 745721 467604 311756 534067 114149 438530 360890 523844 316498 389599 443361 801871 132779 192174 226327 355014 401108 169300 485919 552341 477008 690806 553978 538774 327467 257533 552462 779396 442254 999999999 226717 223059 261718 386710 570414 482300 170194 320410 430908 147281 425682 297105 62635 588776 47949 273702 579699 519120 447123 425674 257688 663564 700362 572178 726289 657529 611952 723502 255665 396268 538255 163613 463148 315478 605413 618955 312785 440515 372654 257381 310592 241176 771897 727837 291210 403834 879402 426545 480482 327268 330096 179173 596514 643499 362174 477642 750341 533082 552068 563936 617157 368089 459680 711645 476019 127889 370239
511245 535463 387170 521260 570427 472390 430017 281117 229599 379964 382432 249328 163098 347473 650482 235347 246165 32679 213003 459055 390750 466801 330573 374029 472003 404951 631394 198642 457781 414121 666474 528115 226717 999999999 25796 433003 514552 357845 652861 351755 297235 525177 273951 441747 474388 251548 417020 270399 457952 449608 472279 548389 469240 152003 453846 549581 466212 499775 430923 392659 519891 431295 464209 459868 200758 281679 246356 421782 533874 147207 593809 203047 326042 517519 353602 623075 576480 197359 367486 668172 344125 517126 426277 437398 381756 388528 538043 454494 380312 546402 543461 355533 423131 448514 153289 352926 487323 262048 354077 476820
511609 559248 385132 531084 547420 482935 455776 267422 221795 354672 362355 223624 171702 323405 674228 246151 224414 57899 238662 478964 390107 441028 343035 350568 485355 385942 607648 224435 444757 439131 691867 504441 223059 25796 999999999 441821 493424 374050 663262 358095 320364 501930 256738 416194 458100 253956 439856 268561 442662 428804 497474 525398 490208 176700 470389 573585 491926 504219 437714 390335 511751 415263 483438 485604 215929 266714 271025 408401 559669 172643 606100 184534 343320 521262 367582 647037 600383 222382 391903 662759 319387 491796 403977 453111 385381 405854 563701 471699 356548 564016 566739 375502 403279 471501 147398 378715 497348 256627 348850 454557
174125 716849 181928 898692 667061 52069 523822 345030 662480 611905 780070 577899 575900 704562 812496 198640 449491 415315 440495 240513 160623 740766 705675 738008 826159 808824 739398 412378 377976 579049 742118 656463 261718 433003 441821 999999999 575361 700055 223534 91545 302368 640643 390177 673790 446670 203276 651879 220784 419242 838615 446297 649993 274042 363626 779279 720595 556169 907403 830442 821627 952827 420166 224785 497248 244197 705095 349340 848081 569662 437488 179306 617175 178860 126809 117364 781827 745744 364005 356749 1100094 688189 717883 547182 134763 100634 714675 614407 172466 738987 848060 391120 655831 820774 672041 586288 471752 865368 694748 230684 578761
475137 1045289 394068 988579 93112 625502 910397 273167 610350 223113 537021 356195 647212 421683 1159990 518466 269174 535978 709785 774814 415515 311073 819728 447412 961357 569342 164420 686641 210405 915319 1155973 103883 386710 514552 493424 575361 999999999 861430 746869 502996 706298 83230 252922 230628 138750 438002 930453 394126 163328 551773 905480 80033 802782 619255 957589 1058111 948589 928961 882578 776677 817559 155612 766440 921013 548794 571564 693853 673379 1001409 651957 738163 504440 638251 537369 608357 1131444 1085452 660773 789971 978487 394560 210476 96886 686982 475376 895484 1021093 723823 438472 1053348 915072 868777 560853 961547 576508 833410 957254 649965 345940 55000
826328 284266 718149 203968 905091 721146 336524 638745 306230 689516 522199 535462 215584 567058 380694 519149 593485 347412 261436 597454 715936 733050 67927 575222 126143 521576 957860 288321 814666 257300 468683 857229 570414 357845 374050 700055 861430 999999999 887345 644354 423792 858460 630775 739350 831944 574209 172068 606541 815793 584621 458650 883497 586155 339723 96450 303109 349259 254116 177149 285248 442826 788961 612820 398363 465284 393776 360500 450697 427603 267926 813830 398245 532914 813103 588416 363393 321651 336488 427055 520091 580223 818756 767984 638856 687019 38102 391143 634390 586582 192095 589656 75227 548281 195363 298421 307731 173272 286107 696898 818078
273631 848363 367095 1090396 839940 180472 650141 552905 882353 819707 1003353 798678 787799 925602 927160 417551 664387 632825 626575 318964 347275 950195 902610 959296 1011659 1032268 909936 601314 537072 721922 826651 839045 482300 652861 663262 223534 746869 887345 999999999 313728 465600 821108 599564 878436 609263 425996 809323 438452 583662 1061271 539871 825800 345977 565162 957035 847712 674608 1110908 1032010 1036334 1172355 593655 299528 606212 456799 927919 526868 1070735 662299 637768 77504 840435 356140 209501 307289 897935 869592 554626 488834 1316451 908263 913939 737889 249189 306958 896203 716991 260847 959791 1014008 432725 833510 1043976 823550 805715 618709 1058155 913159 424152 761468
185534 694975 124636 837864 592769 141879 510867 258215 579824 523328 689695 486374 502141 613073 797533 126246 359014 337433 391862 278526 107441 651351 642933 646556 770151 718802 665374 362595 318331 554500 743407 577951 170194 351755 358095 91545 502996 644354 313728 999999999 280873 563234 302131 586133 382018 112269 616547 130381 354628 747629 454734 574578 309506 304655 728902 701018 546200 838143 763111 743665 869826 350499 267446 494941 179147 618098 312461 761225 572390 376991 270450 529287 166941 170336 115686 766722 727354 315169 350869 1019893 596644 633295 466148 184223 48860 662713 610562 221661 647477 804171 426741 607448 730275 639818 504507 449033 804061 613636 158448 501052
461542 416306 395008 627680 784010 310064 230224 433145 492557 640246 676966 535886 367804 643494 516817 194062 475378 265249 168116 182543 382606 746837 446153 670930 546825 697134 853693 148589 564447 277160 468027 753783 320410 297235 320364 302368 706298 423792 465600 280873 999999999 744640 457977 706100 613891 278037 351072 324100 588834 745143 199402 762891 182067 149197 491461 421331 266194 659060 578741 611923 764904 574001 194691 221070 157530 565191 67844 695456 301361 202052 390826 496593 123512 427565 185109 486001 447305 112782 83754 890562 638140 773307 639798 216412 329731 430864 333033 210718 676849 551703 246385 367916 717040 370046 420275 170103 596275 511663 405149 685886
551591 1060513 461719 970760 46739 691753 937919 317337 588963 182005 487918 332275 642876 374456 1175541 563645 281372 550156 730026 828231 483052 242048 811653 396164 950932 518853 109242 709094 288176 935439 1181948 20711 430908 525177 501930 640643 83230 858460 821108 563234 744640 999999999 286844 168104 218284 487238 941774 445976 240768 494207 943855 26121 854627 644415 953529 1074366 975835 903107 862793 746729 772511 227508 821296 953660 587848 539302 725247 628063 1033252 668616 808332 482066 687448 611894 663097 1147887 1101394 688124 828279 930951 348003 131182 104862 745517 540029 893980 1048633 781322 386013 1050364 963865 872965 507361 973431 565049 860111 940688 626949 409962 62187
363924 795127 237849 781031 326165 442097 657548 46887 426275 221758 445593 225101 424358 345850 909429 278674 74230 290579 458266 548365 255203 351272 597981 379856 740744 478446 395760 434404 198579 663340 903066 296846 147281 273951 256738 390177 252922 630775 599564 302131 457977 286844 999999999 284003 201661 207768 683213 173132 187995 490117 657311 304945 572887 366527 727080 807406 695727 740226 681634 603968 686866 159273 543296 669442 301011 420879 441600 553429 749588 402745 568476 334220 404445 404707 387117 880518 834841 407852 541680 848748 323734 334208 182156 474506 294146 662244 768278 507835 377335 820261 679266 628763 482174 713742 371721 580494 747900 466998 180764 227993
625673 968186 511688 829569 207432 725795 871089 328770 449451 66182 322143 205005 527092 211461 1082250 549429 236382 471819 654707 822500 531191 83153 685739 230011 819573 352233 233860 638860 384909 854290 1107929 154193 425682 441747 416194 673790 230628 739350 878436 586133 706100 168104 284003 999999999 329605 488103 844555 456730 342411 326108 899645 192266 844189 582379 831248 983678 907662 753282 720326 594083 607556 317122 819453 896968 558283 387458 672525 463562 973313 588828 851349 345138 676207 676235 666638 1056526 1009758 628551 786905 764504 186357 79407 163723 755762 576351 776504 979698 787623 219336 928452 943253 764981 339742 876625 440929 793496 801352 484305 454348 177891
336764 983415 264912 981604 231258 495273 831164 197077 618955 296538 595120 385863 625910 482402 1096347 420331 253953 488673 645978 659409 286092 412653 799621 513143 942397 628606 300673 619890 72195 847531 1076380 238028 297105 474388 458100 446670 138750 831944 609263 382018 613891 218284 201661 329605 999999999 336496 876404 290458 27501 623875 809963 218695 689232 550185 928129 994462 869262 936670 880798 794543 860857 43347 649189 833833 459521 599970 612582 720473 914501 595718 603510 519816 530740 399899 493293 1066694 1021979 586842 696114 1023702 456008 333338 165893 565671 348762 862910 940451 603496 506641 1020676 804659 827383 625578 906110 570022 756653 948671 659799 223847 165835
260407 667791 143959 758585 522092 251982 500826 170277 475057 423447 577465 375211 409937 501613 776979 84002 254770 243079 340240 341608 142719 548515 563441 534936 697734 606685 593968 311267 286828 527918 743997 499549 62635 251548 253956 203276 438002 574209 425996 112269 278037 487238 207768 488103 336496 999999999 573986 46101 311058 635416 473495 502164 367419 243925 664342 676602 538455 748297 676252 643711 763722 297637 335839 498826 129235 508364 284590 651419 579305 308523 380762 418854 200599 267474 179389 746557 703859 269372 359714 916501 485811 541832 384844 267681 131761 597190 608199 300249 536132 746880 477491 547845 618020 600699 401353 429560 724487 510560 132543 425800
801919 126043 713348 338358 987265 661064 186614 679385 447838 787657 669999 640497 326143 696684 238001 501817 663056 394480 234292 497593 706095 851980 236683 710452 247992 674119 1047039 262858 845560 100773 300043 943987 588776 417020 439856 651879 930453 172068 809323 616547 351072 941774 683213 844555 876404 573986 999999999 614401 856195 735965 317502 965238 478622 331698 176031 143416 188528 415756 344156 456240 614802 833166 515570 249004 448183 538875 304718 614603 262198 280900 732507 522353 473627 774985 534638 213671 167420 305633 322178 687754 705316 922914 843279 562616 663918 147217 220669 548610 720870 206343 454863 101517 700260 32072 417038 191233 316218 437137 705638 893805
244159 710731 116791 786150 479565 271990 546091 131525 485742 393377 570460 360611 432392 487558 820663 130095 228758 267017 380153 382323 121974 521019 591812 521406 728578 600867 551748 351586 241126 571326 789671 459024 47949 270399 268561 220784 394126 606541 438452 130381 324100 445976 173132 456730 290458 46101 614401 999999999 264964 625374 519506 460001 409279 282972 698293 719932 583820 770101 700153 658377 771284 251860 375374 544813 173632 511095 329095 653327 625323 343987 400088 420591 244195 262846 217347 790338 747265 311398 405810 926874 469841 506610 344921 302454 132957 631108 653819 336860 521581 782898 520948 583970 610350 641728 414595 474174 752037 522913 91651 384157
311859 961887 237446 969022 256313 467949 807443 178067 610510 304877 596659 383757 611908 485351 1074445 395012 245964 470885 624803 632177 258646 425010 785172 516861 927790 630191 326482 598346 47414 825346 1052380 260045 273702 457952 442662 419242 163328 815793 583662 354628 588834 240768 187995 342411 27501 311058 856195 264964 999999999 628212 784325 242830 662097 528523 911764 972668 845484 926870 869392 787079 858194 31309 621865 809118 435242 595474 588963 719091 889744 575897 576820 513359 504178 374186 466162 1044666 1000178 564328 670771 1021018 459371 351437 179337 538215 321263 846165 916432 576062 510924 1003612 777688 809267 628329 885641 559037 733368 935873 651368 196567 185602
851330 860216 721059 599167 532226 886249 830722 534170 289406 331896 69386 267367 422586 144947 963906 659873 416154 480615 625258 907716 735352 259971 518109 111822 620332 63259 546104 623765 661154 783352 1032307 479734 579699 449608 428804 838615 551773 584621 1061271 747629 745143 494207 490117 326108 623875 635416 735965 625374 628212 999999999 904114 518128 918791 596556 657430 878407 860678 499297 494845 344442 299048 598032 911813 875834 640514 198519 688632 168335 938329 562450 1014374 248772 769735 884622 786398 944421 900261 638377 809407 445943 169492 382071 468177 875429 758315 621928 924626 897267 117300 747690 989925 637791 36437 765808 339494 762479 578969 299767 666574 497036
619122 317338 576985 650521 983392 433041 131301 632316 628678 834320 834765 719964 492767 817994 387443 389884 672350 439665 279545 223914 561647 935253 505547 842457 560888 850281 1052961 280791 757243 216888 296631 952759 519120 472279 497474 446297 905480 458650 539871 454734 199402 943855 657311 899645 809963 473495 317502 519506 784325 904114 999999999 962247 194259 321277 491512 313507 142330 712638 634353 708993 870029 770957 243569 71962 356871 712204 227977 827645 125083 341797 463105 657500 288168 571366 341935 358527 333023 275175 115651 972298 816107 968962 838996 320835 502053 448630 177210 291821 849757 518202 137860 385644 872823 319089 566034 155797 624857 637565 595302 885256
554672 1083468 469771 996737 22045 700706 958690 333095 614986 208102 513051 358257 667926 399912 1198487 579887 303609 572885 751984 842269 491190 263923 837082 421173 976555 543797 91804 730646 290086 957559 1203127 38696 447123 548389 525398 649993 80033 883497 825800 574578 762891 26121 304945 192266 218695 502164 965238 460001 242830 518128 962247 999999999 869195 665398 978692 1097170 996681 929227 888817 772834 797867 232754 834844 973379 605732 565396 745064 653462 1053186 691105 815409 508085 702696 616327 676547 1170688 1124256 708733 846610 956004 373555 148901 124610 757696 549546 918898 1069457 793910 410890 1075461 979446 897287 531921 996832 590594 880994 966616 653020 419513 77052
447483 504366 433452 788817 888839 249734 307330 537619 673872 778131 851631 693475 549832 808728 581223 295480 607913 438742 344716 33688 414740 894758 617340 838079 703272 873443 960971 328773 627493 384498 486552 866940 425674 469240 490208 274042 802782 586155 345977 309506 182067 854627 572887 844189 689232 367419 478622 409279 662097 918791 194259 869195 999999999 328515 640649 502792 329464 831048 750581 792717 946726 655073 51728 260415 289589 744203 248710 876550 318113 384045 268975 671745 168647 392304 195939 551958 524091 294800 159882 1070092 800464 904174 752148 139702 350662 586525 371463 104258 842918 684933 118044 521654 892233 488411 600641 288769 759245 693650 465667 793075
487562 433365 386161 535444 687245 390276 293605 354883 345843 518075 528146 398692 228473 499400 546184 180063 364398 119349 97464 323677 381311 614472 342052 525519 465621 547991 753219 69885 515119 297859 537769 650544 257688 152003 176700 363626 619255 339723 565162 304655 149197 644415 366527 582379 550185 243925 331698 282972 528523 596556 321277 665398 328515 999999999 425149 444277 331442 546283 468134 477595 624868 507405 332258 314675 125757 416230 94358 548193 391988 73871 496923 347828 211813 473548 258339 516621 471794 46373 215550 758430 496043 654455 540807 326157 347942 358558 404245 333930 532054 504239 393485 305586 568071 359628 272128 215712 501968 367722 374453 589942
912665 252487 808216 163137 1000208 796649 361677 734468 390474 782970 598488 628403 310962 652634 327644 605200 689848 442406 338952 655856 805001 821329 146390 658237 73368 594192 1052028 367555 909963 276151 440138 951902 663564 453846 470389 779279 957589 96450 957035 728902 491461 953529 727080 831248 928129 664342 176031 698293 911764 657430 491512 978692 640649 425149 999999999 270747 364407 252221 193070 333494 478502 885098 672588 424405 550772 473977 432748 511666 436075 356022 881860 487750 607085 895863 665004 316874 282305 415834 480987 527028 667421 910597 863885 707859 772997 67192 389677 699459 669934 97250 627832 123934 621011 184788 390987 352909 144345 365158 789209 913884
882873 18891 808965 427304 1119213 720093 199053 798828 590906 925399 812862 780592 469213 839827 102050 597988 793700 524286 349364 528748 798905 993678 370677 853835 342090 816271 1180962 374644 957671 148689 169516 1077666 700362 549581 573585 720595 1058111 303109 847712 701018 421331 1074366 807406 983678 994462 676602 143416 719932 972668 878407 313507 1097170 502792 444277 270747 999999999 173330 522965 460524 587399 741687 951667 548210 243112 547512 681836 393415 752769 209622 406454 770277 665421 543268 847054 604650 73521 27517 409352 366378 797755 848082 1061495 973902 612559 749730 270644 150947 590567 864223 246004 445306 240951 842551 112677 560086 251985 413663 579008 809088 1024172
