NAME : synthetic_000500
TYPE : CTSP-D
DIMENSION : 100
GROUPS : 8
RELAXATION_LEVEL : 1
EDGE_WEIGHT_TYPE : EXPLICIT
EDGE_WEIGHT_FORMAT : FULL_MATRIX
EDGE_WEIGHT_SECTION
999999999 566199 701193 677612 111056 678052 403923 111351 438350 540969 475853 287951 228231 577028 596562 432118 452339 378894 369615 591073 164381 394617 675598 449095 328552 382260 457048 166703 118474 429852 221182 526317 236682 580444 688633 374983 302754 281241 429016 343114 114211 499673 294686 396742 740984 210382 306587 496189 280857 421519 513854 358841 371424 452934 455616 135128 399091 634025 312160 369653 294789 333297 480674 569404 399601 474494 335845 391884 503068 287349 535635 434588 351455 497701 210509 383445 439462 303255 267661 488688 369522 509839 184013 247511 244670 246301 592483 516550 493253 222788 529517 669469 250511 185312 146046 599754 307696 537216 183362 555185
566199 999999999 181913 860247 671558 190318 494084 479896 1004292 963582 668356 646480 790262 728061 521088 267133 660713 774531 816300 24875 414851 940329 947504 118617 832197 913799 401336 718886 683736 143845 664381 1083918 619843 1134744 879119 863205 697860 294173 992811 891474 680167 1065490 499968 836005 880802 767389 805777 690416 468848 979419 654792 778331 296137 308768 111508 529182 964280 746721 395499 356711 634991 649834 1044997 751980 774106 848727 307404 826484 996693 325557 1020928 246685 913064 273817 706729 456994 274494 783432 476685 475300 200358 503020 726447 555889 808860 736640 834193 414940 96792 474482 48921 196059 315696 568746 478855 34945 808449 625976 720014 346133
701193 181913 999999999 848395 798228 44614 675704 629880 1136583 1020853 685496 717236 929331 722169 475900 309202 684257 947258 984344 166064 565879 1089325 956366 283412 991462 1015454 407620 838927 819511 276932 755470 1197862 702157 1244896 867913 1025983 770959 419978 1129829 1002809 811959 1198000 676279 1005416 853115 888186 965353 872163 644088 1095466 657694 948695 362812 327484 275671 636214 1089851 725597 572637 407276 702682 708061 1167842 752893 831741 898773 389195 897630 1078402 494715 1098220 428562 1034030 273634 807826 490982 456378 872803 549688 468913 336380 490116 873910 727317 945715 833189 843949 394484 212368 643607 230442 61956 458377 732997 589290 169909 902965 616944 833392 305485
677612 860247 848395 999999999 653506 804074 1035918 743416 842071 378918 215908 391964 772160 132612 379075 594356 235195 1047655 1020801 875618 741256 926404 142027 807541 946971 596913 459089 628875 709607 748276 475166 771252 442097 782091 19546 997360 394414 670426 868483 643483 684943 883229 942278 1047758 76418 648450 934586 1167319 916832 719347 208595 1022661 580486 551561 807585 552210 772140 125672 908036 517246 383219 344553 803554 116979 323133 296292 587064 397174 527167 825690 517255 928493 713846 592085 525968 416443 952194 480624 465514 386665 726718 361302 801293 916180 765892 507890 101736 455916 766739 863992 863028 786831 711618 859954 573367 889042 514603 234964 592521 542985
111056 671558 798228 653506 999999999 772231 495901 220415 338666 459851 470638 265701 148200 569835 637405 514138 446329 397961 367300 696378 275433 324430 628908 555782 298924 274360 514323 57885 56112 532269 178371 415966 221051 469661 661789 349250 260068 381021 335249 232335 31575 400004 384751 394290 722756 99328 283512 559084 376850 311061 516948 370955 452973 527170 562030 178565 293103 630498 417138 438586 278361 315714 373443 554943 347316 413540 419378 317805 402628 398218 436593 545412 242109 576616 136313 428342 549629 220121 311761 531741 472559 548159 148649 324469 156945 167088 560032 572547 594321 320344 636668 762424 356996 257824 214996 705593 214382 550089 84465 624009
678052 190318 44614 804074 772231 999999999 678137 612044 1110894 981418 642980 680612 906240 678190 431286 273685 642264 938649 972709 179522 549014 1069006 912821 277964 975463 982951 365707 811072 795908 262109 721991 1167473 667448 1213588 823598 1011497 734428 397852 1105515 972341 787265 1172232 671373 994521 808512 860299 949570 874731 638472 1065790 614285 938530 329731 288131 270358 606670 1062490 681126 569025 370642 665683 669725 1139604 709190 792840 858773 358164 860339 1042225 486408 1061321 433306 1005679 233353 775979 451111 462271 838496 514614 425589 319442 446330 853756 718620 921899 800347 800596 350732 199205 634002 236464 17343 440222 720322 560916 186319 869469 573005 804014 261309
403923 494084 675704 1035918 495901 678137 999999999 304475 725854 944879 820866 670386 523531 916453 834442 567458 800751 331840 397016 512407 294762 600369 1060085 404160 458781 764928 674735 552898 464331 440738 620274 863684 620335 921506 1050164 466912 697190 400627 696900 712802 479609 778168 111181 406692 1088043 583408 435202 196623 124161 767028 842388 349996 532081 613991 411284 495257 718379 963379 135523 577047 671784 707115 797373 920093 795361 873123 504182 795434 898412 232612 932492 247790 694051 626194 614269 652197 222058 706694 572395 738713 406319 767874 437547 180912 547370 649893 964724 724675 489905 182066 445321 679673 344745 244260 464760 512022 708064 846053 579105 710910
111351 479896 629880 743416 220415 612044 304475 999999999 530451 644585 532168 367166 313359 631530 604284 393291 510293 362272 375666 504588 65055 461107 757893 361283 364289 493422 451429 277297 213548 353145 316578 631485 316570 686710 756358 403039 392715 219029 515491 452619 217158 590842 201094 400660 801005 319038 338790 425282 180424 527289 561672 351302 337073 424814 368416 193303 498519 683906 202017 354395 369753 406265 580893 630046 490886 568781 301041 494085 613727 179572 645918 326076 455628 460666 317371 397227 329294 410307 294347 498214 293521 523605 246577 176360 333584 353376 666224 509660 417799 123449 439184 605670 171840 134239 171815 511913 417441 575371 294659 530316
438350 1004292 1136583 842071 338666 1110894 725854 530451 999999999 509437 717543 524788 217753 802035 938247 850813 695081 465131 392695 1029166 593896 161100 762806 886680 294359 247880 835943 304455 320573 867959 440385 167104 501745 219813 843129 319414 487649 717968 42130 199226 325196 61437 624800 406059 918269 256902 309189 698900 633008 132913 772364 432061 789886 860241 893357 510764 69949 863947 695359 770127 542346 569051 87001 774803 524626 547902 757049 444940 366342 707010 397131 849006 131316 911595 373279 742713 846159 371911 632754 839332 807728 849796 296495 547889 196869 368818 740339 891437 930954 588815 966552 1101069 688649 493445 552131 1037612 333885 817864 321334 952403
540969 963582 1020853 378918 459851 981418 944879 644585 509437 999999999 367009 318754 518135 400841 636139 715307 357157 838383 789573 985332 675862 630298 266146 871673 696789 267156 620393 409609 506467 823845 331164 405485 354194 408127 372944 743177 271017 691488 543939 329233 484449 537921 835424 813572 452511 400488 693411 1018577 821498 377167 417222 807286 671101 693455 875067 473388 443083 450921 844675 616893 328943 315050 452256 362865 190195 125118 656240 150880 154324 793684 138969 931594 397445 748092 331065 530351 945671 240222 486962 577638 778206 569299 579753 781947 502561 295988 287208 652789 868110 763347 946775 966115 704483 715834 519733 997782 248829 471853 376069 740853
475853 668356 685496 215908 470638 642980 820866 532168 717543 367009 999999999 206450 604870 101186 269187 401789 24313 852835 833755 686170 526526 772433 279195 603598 769512 492351 278411 458452 525875 545961 297476 686597 249840 712442 231417 819877 231329 456726 736135 521717 502029 767834 729102 861067 268864 488740 753925 957344 702797 611587 56261 830275 377494 365895 604439 344738 649229 160056 692282 314290 192468 156511 698684 99290 210299 243512 379030 299014 476599 609900 481833 715692 586288 414610 359625 212266 738574 346555 249628 220027 518546 206192 618849 706960 603412 352874 166188 296801 572319 650998 665152 626468 496215 653589 360736 699489 385384 108857 425235 387712
287951 646480 717236 391964 265701 680612 670386 367166 524788 318754 206450 999999999 398533 304389 416165 408096 182216 655905 631681 668733 381328 567589 390902 552919 564003 324353 339722 252182 321499 505619 91212 521192 51437 557365 401979 614455 53843 373587 539146 337667 297252 579034 568142 658864 458743 284565 549186 782898 546977 432812 256198 631426 358325 394989 556336 175288 459082 365515 554108 310058 17980 50151 518309 289504 134541 214362 340050 181295 361736 489419 381004 620242 395384 450840 155659 242112 636866 170189 170572 323836 459458 329627 414335 532286 397651 156121 304551 387000 551905 490591 628320 666520 391068 472628 212702 680949 207574 296190 219725 463818
228231 790262 929331 772160 148200 906240 523531 313359 217753 518135 604870 398533 999999999 701175 784852 655877 580690 324766 271524 815102 377396 176254 727664 672062 180540 272264 662271 146434 110710 656753 307398 340238 359692 398015 778142 229320 380363 509354 202586 209347 123691 277636 417295 295460 844690 125226 175308 532420 421627 244740 654311 292313 594707 671978 678920 325943 195984 762986 480379 584523 413388 448359 277099 682209 452291 504638 560017 398810 418534 489263 454420 631536 173064 719890 247712 576483 629342 300351 459958 679620 596311 695493 86065 342713 23848 264491 674022 720636 720606 374197 751256 897528 475514 282838 358633 823101 275981 691017 180868 770496
577028 728061 722169 132612 569835 678190 916453 631530 802035 400841 101186 304389 701175 999999999 264053 461866 124962 953935 934173 743730 623119 865934 237931 675158 868382 567830 327278 554853 625385 615785 394487 756869 349755 777258 151179 918824 322764 541900 823217 603744 601330 849591 826998 961461 171711 582498 853334 1056811 799936 689598 77069 931219 448223 419566 675128 445556 732758 62341 786094 385111 291535 254251 776387 39011 280417 288424 455784 367360 530485 700697 529499 798725 670884 461423 454176 284974 823054 430332 344065 256128 595183 232370 718339 806882 698519 443914 132919 327893 634275 749139 730438 661083 585502 754242 459772 757153 468150 105258 520614 416991
596562 521088 475900 379075 637405 431286 834442 604284 938247 636139 269187 416165 784852 264053 999999999 282578 281132 963560 964548 531296 569555 960790 501458 502664 922851 736780 159781 646641 685165 443242 497870 934091 436765 965978 398553 970621 461076 433881 949254 753822 665289 993978 769037 991331 377453 687992 902146 1006438 736647 848723 220642 948548 303759 232237 500028 466762 874069 253727 699003 258681 398228 377942 934452 300577 471711 512595 330261 557872 741100 602148 748826 657346 810458 249354 565021 213127 686168 583308 329994 107896 446783 89435 772522 774215 790183 571525 395958 114048 438598 698539 536765 413944 490852 738473 451605 544344 621872 167432 621334 177319
432118 267133 309202 594356 514138 273685 567458 393291 850813 715307 401789 408096 655877 461866 282578 999999999 395204 750783 768907 284412 340476 826468 680732 222423 751701 710252 138283 547248 545458 162177 448741 897157 393763 941964 613043 793623 461785 181064 849364 702260 533178 911640 518163 793688 618836 596023 727309 750936 484183 796837 387891 742875 61215 50341 220665 340636 798389 484077 434397 98633 393729 400806 873262 484977 525328 595360 96272 588762 769213 336447 789100 375133 739551 67376 504316 192218 404290 564843 240937 213811 166253 243267 615242 540633 668908 527521 567315 168559 172419 457445 269081 260502 239164 521152 299173 297750 596110 361386 536617 144772
452339 660713 684257 235195 446329 642264 800751 510293 695081 357157 24313 182216 580690 124962 281132 395204 999999999 828976 809577 679115 506147 748536 288632 592463 745200 471937 276640 434284 501578 535560 273292 666969 225556 693939 249889 795566 208182 441281 713211 499893 477723 745842 707945 836884 290860 464880 729628 935281 682026 590455 77333 806286 367618 361574 593583 321843 626988 184313 673011 304917 168160 132346 677523 119848 192912 232504 367040 281084 461153 591950 467838 700488 563899 411890 335720 203719 722829 324708 231041 223228 505975 212465 594553 684665 579354 329551 177281 299742 564292 629751 655832 625967 479060 630758 339212 692368 363653 126799 401190 390013
378894 774531 947258 1047655 397961 938649 331840 362272 465131 838383 852835 655905 324766 953935 963560 750783 828976 999999999 75780 796767 410312 311582 1026643 663900 170879 596705 813157 435674 343095 677961 574078 626421 606664 682446 1057003 153680 657106 570801 427325 532942 367638 504320 277426 76492 1114364 437954 159559 238268 306388 549730 892467 33646 697146 785454 671644 513761 483912 1011957 381419 716638 665777 704381 549189 943816 745116 808898 661580 708120 743147 452651 779016 546760 486044 817762 533187 752814 529117 607923 641515 856347 624961 880154 259354 220068 344338 560761 956605 871688 739512 304784 726771 935659 515061 229896 515387 799892 590870 915901 472310 890962
369615 816300 984344 1020801 367300 972709 397016 375666 392695 789573 833755 631681 271524 934173 964548 768907 809577 75780 999999999 839339 431048 236852 990371 702360 101051 539609 819291 397082 311194 710656 545664 555967 584503 611301 1028962 77905 626960 592188 353995 474925 335864 429909 329315 27353 1089850 391911 96905 314015 354533 483636 876649 47823 712568 799945 710073 503923 415703 993748 430079 725627 643158 681259 477787 921165 710179 769506 676432 665899 685975 491078 721677 597818 423150 836275 498290 751812 582696 565943 637063 856698 654934 878770 220249 261901 288474 522740 926752 878551 773790 341862 769562 968509 539382 252776 512999 843446 545227 904102 434190 905285
591073 24875 166064 875618 696378 179522 512407 504588 1029166 985332 686170 668733 815102 743730 531296 284412 679115 796767 839339 999999999 439553 964888 965143 143314 856189 938024 416536 743600 708609 167822 687920 1108583 642806 1159321 894598 886865 720363 318653 1017656 916022 705036 1090362 521511 858824 894475 792134 829754 708351 490750 1004112 671139 801020 316383 324169 136272 553326 989126 760791 416922 376047 657005 671179 1069820 768424 795643 869803 329113 849033 1020021 348971 1044023 264626 937842 286290 730802 475498 291522 807008 498645 489733 224931 516919 751118 578555 833719 760532 851714 427231 117315 497636 69997 187204 340571 592430 503075 13424 832302 640951 744554 355049
164381 414851 565879 741256 275433 549014 294762 65055 593896 675862 526526 381328 377396 623119 569555 340476 506147 410312 431048 439553 999999999 526063 767860 296242 426464 544030 412614 330398 275024 288967 344731 690208 333236 744657 755420 463463 414154 161313 579800 507226 276171 654534 205649 455017 794407 374761 400629 441465 177012 585545 550136 402892 287529 375976 303365 207012 559930 671913 172780 313470 380859 414789 642106 625658 511386 590875 252506 525039 657465 124184 688379 271137 514832 407517 356666 370083 278143 448320 279471 466142 229805 493280 311632 205322 397158 392268 670507 469100 353599 130273 374349 543117 109374 180766 171020 446934 459925 557776 343349 481283
394617 940329 1089325 926404 324430 1069006 600369 461107 161100 630298 772433 567589 176254 865934 960790 826468 748536 311582 236852 964888 526063 999999999 866213 821772 145243 363636 838123 317210 282762 813449 476635 328064 532115 380707 930449 160749 543170 671240 119959 301197 298873 193115 508925 247479 1000885 283719 166117 549018 523646 274469 823700 279691 765562 845036 829024 501596 201605 928184 593251 758683 583379 616568 248068 844108 603287 643733 730231 536468 501367 624197 535118 756571 233538 891539 412817 752737 748800 445938 636155 855795 753327 871391 215416 431620 171277 422424 825915 896642 878014 488798 898247 1061328 631240 388622 532132 971709 413649 862725 347894 944881
675598 947504 956366 142027 628908 912821 1060085 757893 762806 266146 279195 390902 727664 237931 501458 680732 288632 1026643 990371 965143 767860 866213 999999999 881057 907479 515018 553520 593336 683556 824168 457296 670918 441985 674088 127790 956871 373875 725326 793724 569877 659008 797149 958954 1016448 201733 602544 898700 1171786 937218 633602 298793 998806 656052 643371 882210 565082 693949 257240 939817 593092 388386 353157 713324 204040 281593 223508 655476 330688 420290 866699 403929 983983 640878 689862 493522 491281 1004825 427340 509480 487559 793941 466706 770727 922123 717371 467633 113537 562157 851514 881235 944086 895878 758051 860905 596871 978482 454687 341297 556243 652485
449095 118617 283412 807541 555782 277964 404160 361283 886680 871673 603598 552919 672062 675158 502664 222423 592463 663900 702360 143314 296242 821772 881057 999999999 714925 804054 359681 604570 566122 60397 561000 969879 521237 1021577 825623 746973 602116 185218 874643 778788 563253 947786 393685 722895 837339 652635 688557 599997 361088 865123 599025 665824 227157 271997 7744 421342 847861 702610 291061 290565 543246 562618 928975 694285 684570 761788 225843 729712 893808 211616 919666 170232 797755 257833 598754 392386 200909 679268 387428 435073 93596 464939 607830 444053 690882 630102 769326 389391 86383 360827 81114 277559 198862 452700 370617 151042 702009 578701 607653 342679
328552 832197 991462 946971 298924 975463 458781 364289 294359 696789 769512 564003 180540 868382 922851 751701 745200 170879 101051 856189 426464 145243 907479 714925 999999999 442008 785600 318179 244334 714680 474713 455869 519967 511673 953883 50501 552821 582860 257140 377032 267671 335481 373275 120164 1018109 305066 26487 405597 391794 382616 815711 137705 692636 777423 722464 456266 314742 929274 464673 696973 577124 614131 378343 852320 630181 684794 656399 579272 587919 508610 623461 631509 322960 818671 421060 709994 620707 480437 592859 815255 656115 834944 152105 297565 194285 441758 850363 845103 779120 364612 787614 969538 535549 265354 474518 861762 456507 847553 354820 881274
382260 913799 1015454 596913 274360 982951 764928 493422 247880 267156 492351 324353 272264 567830 736780 710252 471937 596705 539609 938024 544030 363636 515018 804054 442008 999999999 661602 216609 300648 770255 262001 197351 320546 233954 597055 485404 275973 620093 279200 65063 285976 286317 654039 561576 673305 181520 442752 800500 649066 122772 548518 563940 653243 706802 809407 384786 178968 628529 691497 617236 342179 358855 208794 537548 287415 301212 626387 202031 146519 668147 182350 815147 130334 761939 208190 564035 821354 154252 471561 647984 714017 652341 348549 587553 252412 182737 495393 710884 827140 593553 884838 970436 610286 521649 434951 948662 117203 598371 200845 784778
457048 401336 407620 459089 514323 365707 674735 451429 835943 620393 278411 339722 662271 327278 159781 138283 276640 813157 819291 416536 412614 838123 553520 359681 785600 661602 999999999 533965 556571 299285 403852 856500 342613 895481 478063 831665 392189 274130 841363 666110 539277 894661 609981 845597 480919 579621 763408 847213 577368 762417 255967 800115 145789 92576 358326 336553 776499 346283 539268 99540 322631 317277 844659 353173 435207 496244 170582 510424 696256 442583 711237 504716 714238 136458 467943 97700 532637 508627 203903 75545 293320 105257 638699 617867 670888 483034 440138 59517 309065 540541 406738 349521 331104 585488 311201 429959 544429 224644 514613 124256
166703 718886 838927 628875 57885 811072 552898 277297 304455 409609 458452 252182 146434 554853 646641 547248 434284 435674 397082 743600 330398 317210 593336 604570 318179 216609 533965 999999999 96860 577815 161000 365309 214908 417511 635703 368516 235199 425939 307446 176976 75618 364796 441717 423297 700442 49259 306842 609437 434465 260598 508167 406605 486592 555789 610563 206671 251565 616602 474938 465691 267257 301944 328951 536433 313309 373492 454583 272803 345531 453925 379792 601170 195331 607322 102907 443204 606129 172893 330099 543586 518871 557250 177542 379701 146144 125740 532256 590682 638613 378128 685659 800494 406561 313019 250188 753252 161437 545827 37110 648583
118474 683736 819511 709607 56112 795908 464331 213548 320573 506467 525875 321499 110710 625385 685165 545458 501578 343095 311194 708609 275024 282762 683556 566122 244334 300648 556571 96860 999999999 548230 234482 419146 276064 475135 717844 294436 316004 399631 310542 249726 24742 381755 353575 338178 778849 119176 228051 512744 350103 315828 571461 315523 484329 562525 572786 220365 285068 685844 398541 475921 333850 371427 367388 610874 402070 466541 449490 368255 437312 392892 472267 538545 243241 609791 190106 474087 539641 268941 356667 578544 487861 596293 92977 287367 126222 218673 615952 615472 611712 296279 646107 787052 368147 221147 249398 717039 258179 603389 131500 662122
429852 143845 276932 748276 532269 262109 440738 353145 867959 823845 545961 505619 656753 615785 443242 162177 535560 677961 710656 167822 288967 813449 824168 60397 714680 770255 299285 577815 548230 999999999 520709 942189 477141 992397 766469 749839 556215 151895 858627 749013 542844 929346 416320 732623 777273 626644 688626 633986 382558 837977 539898 676925 168592 211957 59457 385520 825372 642509 318145 232016 494902 512036 905379 635564 635317 711410 171000 684606 853227 228153 877813 220908 772691 200934 562980 334109 251267 639714 337311 374680 60445 404542 598143 458313 674237 592797 711973 329682 64655 373202 123234 258010 182258 458212 335329 178789 664604 518702 577559 286776
221182 664381 755470 475166 178371 721991 620274 316578 440385 331164 297476 91212 307398 394487 497870 448741 273292 574078 545664 687920 344731 476635 457296 561000 474713 262001 403852 161000 234482 520709 999999999 453594 61922 495193 483641 525212 83632 376043 452188 262283 209860 496577 513338 572660 544501 194288 460793 716077 496141 358591 347363 548160 392687 444904 565497 144613 376892 455996 514453 355235 106748 140965 441538 377609 178575 253641 367584 180448 332870 463057 358909 603174 313546 499958 67199 307395 615918 119118 209579 399850 468139 409461 326585 468646 306473 79792 382543 456223 573834 438245 640072 709172 379647 405496 193789 699308 147511 386360 128757 525497
526317 1083918 1197862 771252 415966 1167473 863684 631485 167104 405485 686597 521192 340238 756869 934091 897157 666969 626421 555967 1108583 690208 328064 670918 969879 455869 197351 856500 365309 419146 942189 453594 999999999 514067 57892 768662 484717 473315 790337 208956 195132 414449 158019 757372 570887 847258 317534 467773 855874 760454 104927 742859 592944 838450 897330 975865 561757 146434 816120 815438 806995 539085 556191 80156 724413 478193 476972 809335 389865 251302 811034 273294 957365 175948 951785 393303 759240 958784 351409 662156 845003 883700 849661 426142 682932 316431 373884 671751 906909 1002031 710614 1050967 1155760 771736 622588 609703 1118373 313620 793714 365251 978905
236682 619843 702157 442097 221051 667448 620335 316570 501745 354194 249840 51437 359692 349755 436765 393763 225556 606664 584503 642806 333236 532115 441985 521237 519967 320546 342613 214908 276064 477141 61922 514067 999999999 554384 452527 570261 83573 338482 512616 323847 252330 558272 517364 611772 507715 252538 504112 731461 496683 420130 296070 582781 339781 386912 525169 126281 438677 409862 505868 298258 59116 97765 503382 337343 178494 258379 317331 208613 378389 444417 401316 578588 375397 442370 128524 245806 593950 171223 152896 338024 427682 348084 369029 480871 361009 140424 355813 394482 527113 440018 598592 654149 350512 421220 167548 654623 204111 331326 186000 464861
580444 1134744 1244896 782091 469661 1213588 921506 686710 219813 408127 712442 557365 398015 777258 965978 941964 693939 682446 611301 1159321 744657 380707 674088 1021577 511673 233954 895481 417511 475135 992397 495193 57892 554384 999999999 778084 539021 507478 840740 260810 243398 469553 200323 815042 625511 857356 370627 524252 912906 817850 159449 768564 649054 884011 940063 1027432 609739 204244 835045 872233 850162 575051 589245 133543 743317 502357 492220 855820 413520 255266 866139 270504 1012756 232003 994981 437720 797871 1014672 387266 704686 880183 934396 883218 483959 740726 374195 415491 684548 944302 1051488 767673 1102691 1201500 823998 680193 658485 1169331 351060 820636 414838 1018728
688633 879119 867913 19546 661789 823598 1050164 756358 843129 372944 231417 401979 778142 151179 398553 613043 249889 1057003 1028962 894598 755420 930449 127790 825623 953883 597055 478063 635703 717844 766469 483641 768662 452527 778084 999999999 1004200 402069 687031 870282 645033 693137 883243 955702 1055835 79567 653964 941951 1179664 930602 719163 226599 1031639 598508 570491 825737 564549 773256 145042 922893 535204 393905 355340 802769 133290 327395 295883 604598 398692 522879 841300 511718 945385 715656 611295 532841 434136 968879 484512 480727 405853 744320 380635 809141 928457 771319 513668 104556 475333 785449 877387 881584 806358 727567 871620 586886 908022 517723 254146 599143 562493
374983 863205 1025983 997360 349250 1011497 466912 403039 319414 743177 819877 614455 229320 918824 970621 793623 795566 153680 77905 886865 463463 160749 956871 746973 50501 485404 831665 368516 294436 749839 525212 484717 570261 539021 1004200 999999999 603268 622067 279586 420344 317933 353744 390240 86810 1068571 354328 68480 391915 412069 418447 865891 124150 735198 820817 754596 504462 348229 979676 486652 741766 627520 664577 405571 902820 680151 733947 698914 628070 630467 538043 665757 654581 362873 860809 471415 757592 641759 529629 640726 862894 692112 883018 201854 317554 241601 491758 900607 891181 813954 390966 817693 1006154 572836 294460 521015 891869 504894 897368 405080 925185
302754 697860 770959 394414 260068 734428 697190 392715 487649 271017 231329 53843 380363 322764 461076 461785 208182 657106 626960 720363 414154 543170 373875 602116 552821 275973 392189 235199 316004 556215 83632 473315 83573 507478 402069 603268 999999999 420685 505072 295121 291270 539703 591944 653794 465331 259856 540176 798618 573102 388574 285178 630783 411462 448792 605790 207504 420219 385025 586234 363843 69798 83341 475020 302006 98171 176825 392284 128694 307894 527316 327371 662149 356785 504642 132673 294802 677372 122241 223298 372706 508527 376382 407072 550139 376419 121653 299964 438074 603817 515672 678483 720355 434044 487789 250827 732453 160952 330298 199553 516413
281241 294173 419978 670426 381021 397852 400627 219029 717968 691488 456726 373587 509354 541900 433881 181064 441281 570801 592188 318653 161313 671240 725326 185218 582860 620093 274130 425939 399631 151895 376043 790337 338482 840740 687031 622067 420685 999999999 710101 597401 392820 779401 340114 616294 711919 474809 557568 575769 306601 686088 465028 564119 134040 220869 190050 236312 674049 580723 265141 176798 365634 389147 753764 553744 507300 586096 103694 547042 708728 168928 734891 259222 620903 247372 413905 261100 281887 494103 217103 339193 93948 368830 456143 359576 525852 444957 617471 325299 213301 276698 265239 390109 58853 341853 185637 328907 516873 458369 425928 324529
429016 992811 1129829 868483 335249 1105515 696900 515491 42130 543939 736135 539146 202586 823217 949254 849364 713211 427325 353995 1017656 579800 119959 793724 874643 257140 279200 841363 307446 310542 858627 452188 208956 512616 260810 870282 279586 505072 710101 999999999 225347 318268 81268 598187 366378 944416 262325 273568 662614 608183 170261 790248 394561 788212 861215 881493 511287 100857 885386 672728 771738 556373 584970 128800 797272 548420 576262 754583 471590 403807 689577 435413 829473 154644 911466 385059 749800 825281 393138 637531 848469 798218 860295 275023 520826 184395 384385 766801 897827 922224 566264 953820 1096239 677832 469033 550194 1025684 356192 834243 328551 955665
343114 891474 1002809 643483 232335 972341 712802 452619 199226 329233 521717 337667 209347 603744 753822 702260 499893 532942 474925 916022 507226 301197 569877 778788 377032 65063 666110 176976 249726 749013 262283 195132 323847 243398 645033 420344 295121 597401 225347 999999999 238392 246241 602564 496702 719554 133793 378130 740161 599828 96309 577197 500010 643388 703432 784548 366869 129403 665454 646495 612914 355618 378146 180650 575894 325470 351000 614205 246372 211057 630455 246756 777683 71082 757562 199399 569627 781903 175191 468767 659829 691117 667076 288419 533646 188678 183821 541759 718310 808133 545720 859889 960647 581885 468626 415248 926101 136348 624540 171473 787321
114211 680167 811959 684943 31575 787265 479609 217158 325196 484449 502029 297252 123691 601330 665289 533178 477723 367638 335864 705036 276171 298873 659008 563253 267671 285976 539277 75618 24742 542844 209860 414449 252330 469553 693137 317933 291270 392820 318268 238392 999999999 386618 368517 362820 754295 105165 252004 534203 363115 310138 548061 340205 471966 548423 569741 202730 284916 661931 408105 460834 309826 347247 366640 586517 377483 442417 437641 344875 419664 396628 454279 543217 238764 596720 165669 455096 545678 245989 337962 559100 482684 576209 117085 304731 135749 194825 591215 597891 605758 307968 643721 777975 364554 238124 235127 713821 236865 580674 108599 646812
499673 1065490 1198000 883229 400004 1172232 778168 590842 61437 537921 767834 579034 277636 849591 993978 911640 745842 504320 429909 1090362 654534 193115 797149 947786 335481 286317 894661 364796 381755 929346 496577 158019 558272 200323 883243 353744 539703 779401 81268 246241 386618 999999999 679222 440321 959622 316752 353180 740971 688797 164194 823172 472040 850774 920490 954490 571350 119965 911104 752597 830239 596767 622001 87168 821026 570235 587361 818085 487510 388702 766706 416442 907898 183657 972111 429780 800774 904406 421287 691915 896253 869099 905927 354054 601919 257377 422938 781704 949689 992372 646059 1027556 1162358 749887 549463 613163 1098752 382560 869878 380256 1011888
294686 499968 676279 942278 384751 671373 111181 201094 624800 835424 729102 568142 417295 826998 769037 518163 707945 277426 329315 521511 205649 508925 958954 393685 373275 654039 609981 441717 353575 416320 513338 757372 517364 815042 955702 390240 591944 340114 598187 602564 368517 679222 999999999 344934 997741 472535 347958 237512 34223 659187 754895 286240 474122 560639 401367 394314 613070 876905 104631 510524 570845 607258 693206 827778 689986 766843 442298 686570 787234 188677 821332 269594 585974 581781 504473 574742 253415 596585 484393 668140 370159 696089 331884 77572 441036 539927 866897 663891 474094 78323 451635 670059 281324 135089 368913 523989 597228 763416 468080 662875
396742 836005 1005416 1047758 394290 994521 406692 400660 406059 813572 861067 658864 295460 961461 991331 793688 836884 76492 27353 858824 455017 247479 1016448 722895 120164 561576 845597 423297 338178 732623 572660 570887 611772 625511 1055835 86810 653794 616294 366378 496702 362820 440321 344934 999999999 1116935 417001 120161 310265 371553 501757 904000 58695 737711 825268 730623 531149 432678 1021066 447141 751591 670399 708474 492000 948359 736525 795255 701630 691281 707713 511349 743319 614302 443090 861034 524789 778679 598201 591457 664100 883502 677454 905695 246872 280398 311589 548861 953506 904806 795436 362075 788936 990602 562896 275664 539848 862640 570126 931434 460406 930679
740984 880802 853115 76418 722756 808512 1088043 801005 918269 452511 268864 458743 844690 171711 377453 618836 290860 1114364 1089850 894475 794407 1000885 201733 837339 1018109 673305 480919 700442 778849 777273 544501 847258 507715 857356 79567 1068571 465331 711919 944416 719554 754295 959622 997741 1116935 999999999 721640 1005039 1226109 971062 795758 247407 1090155 612099 573072 836719 612368 848329 134814 957804 549970 448599 409982 879963 171737 397962 372701 622706 473334 602216 872093 591277 967188 789802 608379 597642 452505 992162 555494 515654 405896 761016 377785 871083 975523 839082 580961 177989 468319 789886 919714 887654 791170 756664 921205 629594 907844 589966 258692 664423 550372
210382 767389 888186 648450 99328 860299 583408 319038 256902 400488 488740 284565 125226 582498 687992 596023 464880 437954 391911 792134 374761 283719 602544 652635 305066 181520 579621 49259 119176 626644 194288 317534 252538 370627 653964 354328 259856 474809 262325 133793 105165 316752 472535 417001 721640 999999999 297598 626113 468050 212635 540323 407108 535471 603787 658710 255387 202484 644686 512983 513491 300805 333107 279706 561571 327431 379729 503646 274533 319388 497410 354687 644551 146185 655678 129203 487506 648325 175372 376081 586359 567540 598802 179420 406404 117455 140681 549650 635713 687636 413118 733681 849685 454267 340297 299395 801680 153447 580537 66681 695511
306587 805777 965353 934586 283512 949570 435202 338790 309189 693411 753925 549186 175308 853334 902146 727309 729628 159559 96905 829754 400629 166117 898700 688557 26487 442752 763408 306842 228051 688626 460793 467773 504112 524252 941951 68480 540176 557568 273568 378130 252004 353180 347958 120161 1005039 297598 999999999 389730 365945 390270 799245 125914 668492 753663 696103 436061 324468 913884 438569 673941 561822 599222 391492 838200 619940 676744 632228 572110 589159 482126 624885 605248 327674 794373 409341 689113 594637 472584 572263 794415 630175 814572 135084 271889 191663 431676 838858 822925 753031 338208 761155 943743 509808 238879 452631 835306 450387 829981 343813 857779
496189 690416 872163 1167319 559084 874731 196623 425282 698900 1018577 957344 782898 532420 1056811 1006438 750936 935281 238268 314015 708351 441465 549018 1171786 599997 405597 800500 847213 609437 512744 633986 716077 855874 731461 912906 1179664 391915 798618 575769 662614 740161 534203 740971 237512 310265 1226109 626113 389730 999999999 269847 771841 986551 269367 709718 795101 607221 615139 710621 1108799 318182 747834 788186 826042 780793 1054888 894570 967185 678742 876243 944159 415133 979813 443820 703456 812611 692555 811468 417081 779203 717349 905624 595288 933488 452006 251222 554906 725476 1086567 900582 685296 311313 641731 876143 517303 310894 597059 707554 770869 997874 642511 895596
280857 468848 644088 916832 376850 638472 124161 180424 633008 821498 702797 546977 421627 799936 736647 484183 682026 306388 354533 490750 177012 523646 937218 361088 391794 649066 577368 434465 350103 382558 496141 760454 496683 817850 930602 412069 573102 306601 608183 599828 363115 688797 34223 371553 971062 468050 365945 269847 999999999 660598 727140 313006 440641 526912 368793 372141 617570 848922 75598 478009 548832 584622 698602 801751 671272 748968 409128 671751 779243 154676 812847 243360 587246 547660 491366 544183 229699 584063 456474 636418 336000 664594 337521 94603 445116 527139 843307 630877 440782 58153 420778 636921 247894 139581 343859 493626 586836 734280 458832 628922
421519 979419 1095466 719347 311061 1065790 767028 527289 132913 377167 611587 432812 244740 689598 848723 796837 590455 549730 483636 1004112 585545 274469 633602 865123 382616 122772 762417 260598 315828 837977 358591 104927 420130 159449 719163 418447 388574 686088 170261 96309 310138 164194 659187 501757 795758 212635 390270 771841 660598 999999999 667512 516095 737537 799017 871143 459293 72935 750594 713521 708422 450789 471884 87100 659854 409306 423295 707673 324739 233681 706755 265166 853319 73354 852915 295383 665922 855258 266913 564686 755660 779291 762425 330590 586136 221011 279977 617929 814568 898174 609486 946197 1054386 666881 524104 506549 1013821 227872 716140 262101 883544
513854 654792 657694 208595 516948 614285 842388 561672 772364 417222 56261 256198 654311 77069 220642 387891 77333 892467 876649 671139 550136 823700 298793 599025 815711 548518 255967 508167 571461 539898 347363 742859 296070 768564 226599 865891 285178 465028 790248 577197 548061 823172 754895 904000 247407 540323 799245 986551 727140 667512 999999999 871070 371922 347312 599146 380114 704315 122250 711168 308654 240931 207219 754599 97313 266288 295501 378832 355075 531405 624730 535610 721663 641204 391802 411132 208049 746040 402007 270666 188798 518332 169178 664249 737737 653835 406263 186327 263974 560220 677403 655663 597411 509256 687135 389989 684549 440929 54686 475902 354792
358841 778331 948695 1022661 370955 938530 349996 351302 432061 807286 830275 631426 292313 931219 948548 742875 806286 33646 47823 801020 402892 279691 998806 665824 137705 563940 800115 406605 315523 676925 548160 592944 582781 649054 1031639 124150 630783 564119 394561 500010 340205 472040 286240 58695 1090155 407108 125914 269367 313006 516095 871070 999999999 687959 775962 673561 493970 450290 989810 388577 704682 641832 680321 515865 920124 717483 780084 652088 678501 710428 454209 746282 555634 452561 810102 505306 736810 539512 578271 624009 840992 622494 864132 229460 222466 311529 532072 930625 859007 739346 305091 731088 934929 509643 222318 498418 804686 560320 895961 443444 881497
371424 296137 362812 580486 452973 329731 532081 337073 789886 671101 377494 358325 594707 448223 303759 61215 367618 697146 712568 316383 287529 765562 656052 227157 692636 653243 145789 486592 484329 168592 392687 838450 339781 884011 598508 735198 411462 134040 788212 643388 471966 850774 474122 737711 612099 535471 668492 709718 440641 737537 371922 687959 999999999 88449 227493 280139 737914 477753 397079 63451 345072 356136 813243 467160 480960 553907 36288 539618 717351 299469 738548 360550 679430 126408 446321 165518 387880 510071 188340 217257 150032 247612 554853 490779 607694 470704 543598 192610 199393 409338 288274 317489 192799 467250 238044 329270 540195 353537 476685 193835
452934 308768 327484 551561 527170 288131 613991 424814 860241 693455 365895 394989 671978 419566 232237 50341 361574 785454 799945 324169 375976 845036 643371 271997 777423 706802 92576 555789 562525 211957 444904 897330 386912 940063 570491 820817 448792 220869 861215 703432 548423 920490 560639 825268 573072 603787 753663 795101 526912 799017 347312 775962 88449 999999999 269948 349951 805134 438580 480028 90668 379404 381790 877813 444625 504709 571314 123906 573246 756568 382002 774542 425371 744840 55851 504164 163582 454440 557767 235383 167184 215834 195873 636936 579041 683548 524572 529840 118223 216832 497192 314879 273166 279702 555567 313346 337591 590945 317219 541955 105544
455616 111508 275671 807585 562030 270358 411284 368416 893357 875067 604439 556336 678920 675128 500028 220665 593583 671644 710073 136272 303365 829024 882210 7744 722464 809407 358326 610563 572786 59457 565497 975865 525169 1027432 825737 754596 605790 190050 881493 784548 569741 954490 401367 730623 836719 658710 696103 607221 368793 871143 599146 673561 227493 269948 999999999 426320 854261 701949 298671 290942 546471 565410 935301 694638 687662 764668 227407 733550 898349 219353 924033 176131 803941 254308 603830 392919 206784 683902 390233 433796 97543 463565 614982 451797 697661 635007 770296 386992 79843 368557 75445 270060 205240 460346 375613 144263 706922 578157 613337 338769
135128 529182 636214 552210 178565 606670 495257 193303 510764 473388 344738 175288 325943 445556 466762 340636 321843 513761 503923 553326 207012 501596 565082 421342 456266 384786 336553 206671 220365 385520 144613 561757 126281 609739 564549 504462 207504 236312 511287 366869 202730 571350 394314 531149 612368 255387 436061 615139 372141 459293 380114 493970 280139 349951 426320 999999999 457787 501157 379591 260559 176704 212963 533382 440700 304401 384003 248869 323624 474313 320597 501863 458877 399484 400834 177661 254422 472316 259551 136926 359426 329943 378678 305799 363971 335509 208825 473067 395252 442617 316326 501551 595537 235322 308916 50732 564081 280703 402164 197347 445534
