NAME : synthetic_000302
TYPE : CTSP-D
DIMENSION : 100
GROUPS : 8
RELAXATION_LEVEL : 1
EDGE_WEIGHT_TYPE : EXPLICIT
EDGE_WEIGHT_FORMAT : FULL_MATRIX
EDGE_WEIGHT_SECTION
999999999 412205 526261 680422 518447 561926 420517 415784 755357 459855 212015 778704 353601 263451 644828 214274 261495 441172 367730 349602 616342 466264 479761 632432 602158 474170 269030 590476 618513 510425 196240 510376 106866 495874 373702 580489 497303 665778 273346 431180 353109 245385 447794 110190 503379 381967 615351 151262 222971 222154 144254 57461 189216 246790 601958 282354 556114 329611 549826 350531 501107 230725 589044 441247 199216 574686 576327 362965 137916 319710 269177 652916 377196 148053 426506 357310 156332 464805 346022 596006 639227 256651 109586 376306 451465 587495 417841 272945 442192 370514 417082 444039 305754 535308 236503 346499 251130 252342 136976 138476
412205 999999999 390053 787038 796548 438909 479201 565676 755473 121771 435994 790855 703934 674419 714553 282400 426868 829672 123739 687743 222092 694820 180784 283021 608037 352888 258551 595645 412258 601950 552622 643242 475175 164655 199661 973477 225226 281633 476606 674835 145484 616230 460581 512001 105810 202227 346695 381535 552978 543451 305868 387110 564352 395046 193352 660381 204187 698227 870580 135795 207397 254912 672086 727477 532383 170326 268321 520254 436250 703692 370090 249130 440250 375668 492301 702782 331103 846792 331232 186990 297761 514361 520496 494592 696644 177043 769303 627363 602386 69638 807953 176065 560533 910740 481827 527348 278449 664388 281785 534849
526261 390053 999999999 450389 599650 49069 811126 331083 372779 511055 371901 409735 879847 747306 366788 557121 701229 772817 494089 588025 374798 962289 570710 290977 242842 52732 264659 232547 108904 298947 527474 359309 505634 259011 207789 906409 615278 371136 739598 479079 508014 582536 807864 564259 467633 201365 171698 388256 499254 485997 527003 546446 556409 309413 418893 805567 279886 854149 705205 277158 209942 306623 341369 557215 493175 389935 216555 812810 436636 664124 664045 549823 217158 599095 822793 607558 370026 774229 669349 488855 280511 413995 617023 802718 494845 474860 664372 799163 358764 333577 759837 564438 427991 816073 394690 808773 577341 715588 417440 660808
680422 787038 450389 999999999 335479 418365 1083343 265605 195192 905323 470551 183437 972129 765042 85728 830290 934151 630178 856420 471206 823437 1139568 959321 740649 212643 459310 551804 220606 523420 188564 540019 170293 592146 696050 588387 714030 999501 821381 952761 299530 861199 551738 1098899 638392 883530 587003 613358 541781 498139 490323 770122 730314 570436 456792 862974 883187 727083 930884 442555 652025 651217 579296 115116 358993 513314 832235 666944 1041456 542619 585071 923859 988869 355018 816150 1091768 485809 569024 611409 969986 924664 729087 429032 710056 1049683 292005 910669 501674 906304 238411 718693 632444 941426 388642 612400 444495 1026428 863451 720683 656051 765111
518447 796548 599650 335479 999999999 593489 936965 269104 517000 894218 366834 514227 717471 494050 373495 720441 776015 302809 818784 189515 915848 920590 935086 866654 448170 577492 539018 446422 703390 322951 326565 262310 411770 772679 630344 378724 965760 936516 777664 125793 814054 300947 966113 432270 902333 633553 768386 435706 295503 296731 649800 575867 345142 401505 935379 629970 822685 671747 114218 669478 742530 543156 339565 77258 319246 902763 789255 866680 399880 292409 787592 1037874 397204 666370 941987 194466 483173 280025 860041 971857 861633 289336 496905 887480 106503 959149 181134 667601 241339 729138 309748 906541 238687 276990 321267 845451 757825 449699 564499 547209
561926 438909 49069 418365 593489 999999999 857979 328422 327655 559749 395809 365002 914934 774211 333353 602717 745364 784059 543094 597490 413911 1004302 619489 323500 206915 96632 305922 197939 111665 281299 548776 343499 534049 304577 256155 914346 664120 405019 782703 476703 556891 601015 855516 593045 515119 249921 195187 419596 517999 504787 570246 585176 578811 335280 460809 838685 320958 887695 702031 325869 254839 347919 313739 556685 514020 432776 252633 857334 464685 679751 709589 593026 228814 641235 869531 617123 405708 783360 716980 533177 311166 430264 648795 848251 490811 519245 671158 834726 352389 382642 772443 613457 438599 821508 413982 852601 623835 740761 458499 694377
420517 479201 811126 1083343 936965 857979 999999999 818692 1124365 411172 615941 1153425 409726 542861 1035405 260181 161299 801305 356088 759514 684541 263832 373835 761349 966244 761430 564834 953530 866789 901454 610826 913936 525938 640602 605418 919056 348426 747363 172635 851305 333734 647574 50715 507682 491237 612731 817803 542457 641995 642161 313558 364027 595807 627430 635715 432469 683359 436695 956823 540692 676535 526321 981532 860083 618733 626429 744778 110103 552718 700532 159553 595984 744597 273266 13295 763566 515103 831984 148350 574822 776646 673720 452302 67183 871807 576024 816635 375477 849415 501671 776043 344754 724495 904670 649661 136946 234577 566701 430453 414236
415784 565676 331083 265605 269104 328422 818692 999999999 359228 676122 205002 375651 724065 532733 232332 568356 668576 471748 614938 285263 656318 878313 725127 600064 229242 308686 311318 221762 436370 104456 295898 95407 332757 515005 380206 593160 761929 672297 687416 148439 616236 325709 835722 383726 669152 381807 499283 276459 254847 244253 506139 464852 328297 195759 681778 636668 561065 685832 374384 431223 480506 330390 176505 228330 264322 649261 522408 775940 278506 385662 659396 793896 133429 550577 826885 304447 306406 465832 709454 727668 594206 172356 454437 784143 163767 714270 350339 653404 36714 496090 464313 702521 145887 497035 181943 761178 602613 490962 394511 509101
755357 755473 372779 195192 517000 327655 1124365 359228 999999999 877241 545972 37872 1081085 891644 144859 864354 988907 796827 847228 622468 738625 1221530 935659 640883 158122 402990 562209 170856 409373 254861 655123 285449 685629 631686 559418 893922 979178 722739 1016202 452307 857194 682231 1131378 739681 839170 555338 506085 605286 614024 603478 814698 796779 687522 510402 787753 994530 647744 1043955 628573 629532 582256 598756 191166 524929 623278 760209 576043 1100710 624361 732549 966786 920497 383058 873444 1134427 639605 617619 782244 995341 860824 626057 530315 808982 1101296 451763 846885 667788 1008264 349423 692934 795359 925037 504108 792163 534856 1089907 892797 849404 696078 862775
459855 121771 511055 905323 894218 559749 411172 676122 877241 999999999 528171 912594 701864 711116 834318 280226 400108 895843 93551 769849 276654 652539 60295 366111 729384 474624 365023 716939 526726 718878 625657 757446 540833 272320 320332 1037760 105514 339405 450950 775857 113014 686900 382456 567630 80215 323352 453262 465052 632734 624751 328545 421705 632142 495598 224824 672788 296450 704304 960281 253525 319839 352394 790667 822249 610382 218296 370455 474374 514149 770883 338561 206579 554929 383507 424448 783218 414940 916283 272184 168134 383424 606691 561283 441195 797966 167013 849181 631584 712757 187105 872716 69305 655782 983617 574193 487282 260621 708507 347093 563996
212015 435994 371901 470551 366834 395809 615941 205002 545972 528171 999999999 568000 540658 379156 432812 371882 463925 422922 452019 257095 586184 677418 568254 564094 396104 325984 188287 385058 477440 298484 156824 300264 144516 445001 298531 564939 599251 619976 482479 253738 447840 216201 635402 202741 541444 304337 503998 74998 135173 122574 305922 259869 184668 63735 593638 457396 502505 507218 434632 318733 428540 181267 377038 294082 123793 561764 492871 570938 78651 303204 457331 682767 179414 345981 623706 274072 117323 432343 514074 617889 564738 78682 267147 579585 275896 606043 339836 464865 233860 371550 405643 539907 128188 488458 46088 556295 407812 344957 203086 319164
778704 790855 409735 183437 514227 365002 1153425 375651 37872 912594 568000 999999999 1099490 905994 149958 893716 1015920 800393 881040 629930 776393 1244940 970781 678756 188604 438843 593065 201463 447228 272371 670923 295757 705597 668726 594029 892619 1014112 760610 1042058 458151 890566 694964 1161476 758521 875506 590146 543951 629580 629423 619343 842595 821575 703099 535391 825340 1012288 685338 1061481 623934 663883 619410 628802 201964 527719 639887 797685 613829 1127328 645949 741464 995306 957965 410000 899811 1163299 646475 644109 784347 1026019 898099 663923 547830 828526 1128957 455775 884147 671167 1027831 362482 727740 800118 959588 518708 790787 554331 1115907 922793 863168 724109 882728
353601 703934 879847 972129 717471 914934 409726 724065 1081085 701864 540658 1099490 999999999 224710 955394 425611 311343 481291 613167 529341 924657 233038 693456 961958 935760 827769 620828 925053 971213 827196 432346 810587 396940 824122 718731 563789 688677 981209 264976 681613 590703 426265 459763 341452 768938 727178 962131 497626 474318 482898 400638 341277 401695 589791 895820 89236 881965 47005 691222 682903 838451 580857 900020 651540 460940 874250 914738 299670 462614 427785 371672 908408 718454 328282 404409 523008 509840 515484 461703 865081 971452 551725 273554 342860 695721 860505 550370 81347 740952 683986 458971 655933 585001 581621 546397 272838 441276 268130 475420 222428
263451 674419 747306 765042 494050 774211 542861 532733 891644 711116 379156 905994 224710 999999999 757957 438985 396080 267920 617582 307709 879566 443626 721802 891148 756543 698549 513602 747136 849258 637172 238044 611317 242177 756195 626012 376265 731172 928081 370718 468159 599669 213327 586457 184787 761772 633885 860955 362449 278083 289300 382642 290281 205457 438971 865184 140878 816685 178265 467307 611110 757258 480949 704130 430552 271803 838105 830839 444135 310722 203143 439612 910607 556334 338673 542490 299911 394035 301206 534543 856041 896697 365524 154090 479031 480165 848176 325755 189655 543524 633939 243708 684284 387570 371589 369807 417634 469295 44988 399656 149376
644828 714553 366788 85728 373495 333353 1035405 232332 144859 834318 432812 149958 955394 757957 999999999 778507 891149 652335 790351 480084 740930 1109480 889703 656248 127036 378745 489142 135415 437753 134929 524596 146681 565031 616147 514985 749394 930942 737267 913559 308674 796696 546101 1047761 615843 808520 512941 528110 499508 482805 473258 722023 691203 556453 408829 781983 867487 644990 916326 486084 580862 570298 520039 55958 380170 494592 751652 583188 1000802 508982 591507 876002 909395 294268 773596 1044499 496764 520679 637441 915731 845822 644384 404244 686716 1005858 307266 831791 523207 885537 215011 647221 651317 873716 371711 647697 413937 987540 810108 714760 605222 741420
214274 282400 557121 830290 720441 602717 260181 568356 864354 280226 371882 893716 425611 438985 778507 999999999 151129 652002 188706 561195 504491 422039 283578 555889 706236 506141 304984 693501 622146 645616 407649 662643 316778 422064 356276 788136 292504 563622 197891 620331 167330 459533 269256 323010 343653 364183 585762 296884 428897 425382 71313 161866 403235 373638 471546 392577 474808 425034 761098 298376 448219 266150 725461 643470 404713 451633 522300 258057 321204 532906 106925 486088 485908 103571 270612 570079 261954 677109 142199 439961 568128 439080 297324 245599 641958 435044 631679 352567 601039 276660 627393 245782 491506 748338 411058 258096 37509 442629 174246 289748
261495 426868 701229 934151 776015 745364 161299 668576 988907 400108 463925 1015920 311343 396080 891149 151129 999999999 646448 318298 598252 647680 271022 384977 705000 831490 649349 441499 819032 770943 756330 449684 763970 365687 572455 504725 769574 377698 708276 50923 692639 294552 486505 196194 346405 473134 512813 736758 392636 481432 482010 176504 206356 434519 482552 609684 305814 624049 324195 795862 449001 599333 400294 836279 699246 458380 592722 673257 112704 396571 541674 61837 604816 606022 118001 165973 602468 371927 676175 151085 567319 717751 517107 292480 115707 712818 564564 656244 253576 697698 427091 621133 348153 566993 748981 494695 107958 148430 414852 294209 258185
441172 829672 772817 630178 302809 784059 801305 471748 796827 895843 422922 800393 481291 267920 652335 652002 646448 999999999 805830 187493 1004276 708904 919931 987007 695551 734360 606674 689885 881674 563631 278622 515816 355838 865550 720208 144097 938468 1041366 628890 345486 792809 214299 841742 331008 929789 726395 921427 454162 288298 300503 584335 490183 265423 484304 1005250 405694 924088 434534 230662 731208 851298 589139 607611 272728 304088 974500 915509 707785 396144 125980 680220 1078107 556378 564782 802305 167942 502464 34240 770518 1016626 987588 361821 359755 740016 345083 1006291 129226 457269 463636 773831 25315 884741 345522 104030 386754 681992 687361 236021 551032 388280
367730 123739 494089 856420 818784 543094 356088 614938 847228 93551 452019 881040 613167 617582 790351 188706 318298 805830 999999999 685866 333556 580185 117162 405275 694035 451123 305742 681286 528936 668080 538815 701092 452178 287661 289524 947040 147924 395653 369121 703812 23925 598889 336858 476331 156092 294683 468662 384745 548552 541342 234995 328361 543518 426480 291860 580966 327487 613708 879359 218808 327950 284975 743315 745115 525612 276844 391701 403313 430316 681482 258244 297601 501786 291288 369251 698423 335887 827119 208756 251958 420576 529616 468043 374850 726028 247848 763865 541174 651111 161321 782406 88276 580205 895324 497526 412888 173021 615308 261239 470475
349602 687743 588025 471206 189515 597490 759514 285263 622468 769849 257095 629930 529341 307709 480084 561195 598252 187493 685866 999999999 842870 731237 802898 815358 511629 551664 445382 505298 696917 380501 153646 337523 244444 700960 554139 318640 828206 874869 595488 172635 677045 113552 791974 251854 791949 559484 741214 306625 137319 145160 489922 406411 163816 312978 850611 441273 757477 484112 200230 575445 681504 435727 431401 122868 160427 818805 741545 683373 255794 114021 616224 936328 370950 494413 763572 19639 357234 186213 695623 872245 814393 185331 311674 706737 179392 860787 82751 478102 279997 625854 179050 770764 160097 233460 214730 661121 598598 262857 424651 359952
616342 222092 374798 823437 915848 413911 684541 656318 738625 276654 586184 776393 924657 879566 740930 504491 647680 1004276 333556 842870 999999999 913307 326863 111019 617634 365690 398496 607306 334559 657844 726439 712155 661141 143509 289547 1147954 367357 62886 697811 790072 357350 790711 658401 706318 197425 284962 239598 550792 717284 705828 524705 599525 744248 530817 62099 877630 96983 917155 1005951 274305 176640 415765 711644 856233 700263 58384 162629 736834 609539 879935 589571 191641 522960 596511 697832 860169 504415 1016694 540234 148418 129739 658744 725928 708012 810076 137734 925587 847124 690920 246271 984755 345841 695949 1074587 628270 745811 499371 864400 479946 746621
466264 694820 962289 1139568 920590 1004302 263832 878313 1221530 652539 677418 1244940 233038 443626 1109480 422039 271022 708904 580185 731237 913307 999999999 624735 975101 1067513 909756 698383 1055633 1037719 975737 608743 971200 547426 843352 772003 796721 605247 974858 225513 865589 556284 620310 311392 504002 730104 780249 1007055 616448 648719 654162 436320 426744 582762 711788 871365 303434 894310 277515 908328 718912 870236 656383 1053548 849293 630155 856997 944276 178167 600506 640946 324798 849047 841431 363200 252850 728394 609965 742824 380959 820360 988182 710540 432859 214185 882574 819538 765013 255747 901714 698042 685590 591602 753089 810956 696482 167551 417491 482690 545959 378595
479761 180784 570710 959321 935086 619489 373835 725127 935659 60295 568254 970781 693456 721802 889703 283578 384977 919931 117162 802898 326863 624735 999999999 421497 786693 533488 413948 774171 586942 772044 655235 808626 567838 332283 377389 1060194 45242 388863 434924 819033 127218 714720 340302 589388 130256 380831 512664 501736 665598 658464 341138 436411 659054 540194 270959 671890 354324 699905 996508 309149 380040 397421 845030 861773 642581 269153 429421 447359 547435 796279 323271 224315 606968 386545 386934 815319 452628 941976 244875 201904 439214 646148 575926 410957 841227 204480 880624 627166 761601 243550 896211 38022 696413 1010762 613937 463009 257370 722897 378247 572912
632432 283021 290977 740649 866654 323500 761349 600064 640883 366111 564094 678756 961958 891148 656248 555889 705000 987007 405275 815358 111019 975101 421497 999999999 530319 294547 384853 521001 232070 586445 714225 644453 659891 137956 269397 1128796 464454 81985 753445 741552 427908 777298 740115 710629 291696 262416 135184 542288 698889 686535 562853 625525 735952 503581 172099 906497 81094 949295 963803 282262 136372 411902 632344 813192 684762 158201 77708 802248 600979 865914 650566 302324 469450 638130 774521 833707 501211 995869 613852 258153 18841 630128 740559 777501 760151 246598 897158 882091 632482 280384 969398 434830 660908 1048812 602073 808111 557610 870766 496243 768505
602158 608037 242842 212643 448170 206915 966244 229242 158122 729384 396104 188604 935760 756543 127036 706236 831490 695551 694035 511629 617634 1067513 786693 530319 999999999 261062 404559 12861 310784 132060 518500 186814 538837 497500 409305 808404 829407 611661 859647 353965 702947 553689 973410 594931 697100 406040 401247 451193 479057 467417 656872 641543 551086 355739 660948 850845 522550 900592 562231 478253 450125 440730 119330 434142 484967 631344 458260 943515 474740 614727 808736 790430 226561 716548 976317 530320 460886 686338 837624 728017 518079 391116 662348 943509 360353 713972 569884 860841 231986 543158 690042 773954 373754 708727 390665 933189 734785 716149 538236 715092
474170 352888 52732 459310 577492 96632 761430 308686 402990 474624 325984 438843 827769 698549 378745 506141 649349 734360 451123 551664 365690 909756 533488 294547 261062 999999999 211940 249428 151515 293335 482501 350165 456491 237448 162004 870273 577462 370939 687321 454182 463816 539291 759410 514810 437174 156472 192277 337979 456165 442943 474740 493780 510620 262694 403666 754092 268803 802517 679550 232549 191908 253916 346367 529890 448650 373038 217102 761137 387880 622656 613030 530733 184295 546557 772953 571020 318083 737445 620883 467555 287096 373300 566165 751702 471416 453511 629905 746987 339565 292498 720361 524763 391777 782237 351857 756767 527225 667803 364734 609258
269030 258551 264659 551804 539018 305922 564834 311318 562209 365023 188287 593065 620828 513602 489142 304984 441499 606674 305742 445382 398496 698383 413948 384853 404559 211940 999999999 391718 350461 363243 330516 395473 276368 258904 115457 749991 451495 434867 477263 416470 309485 394288 569506 329773 364015 122593 348380 157459 318962 307381 265332 282973 351243 138320 405559 551365 317858 598550 617787 131745 248566 42023 439944 471734 302661 373578 319150 554038 216136 483407 410356 499466 196789 335336 575495 462289 119572 618336 433132 433754 387956 263456 369517 548091 438207 421380 528122 539589 347885 190271 587815 392397 305788 676241 231858 547967 331351 489485 152813 407026
590476 595645 232547 220606 446422 197939 953530 221762 170856 716939 385058 201463 925053 747136 135415 693501 819032 689885 681286 505298 607306 1055633 774171 521001 12861 249428 391718 999999999 303351 127320 509130 184336 528113 486193 396792 804145 816832 602174 847366 349639 690150 545254 960613 584444 685059 393587 392771 439422 469954 458194 644312 629521 541698 343918 650105 840366 511976 890135 560295 465640 439049 427943 122751 430233 475428 620357 448441 931103 463661 607424 796084 779253 214448 704211 963621 524115 448615 681233 824794 716659 509010 381621 651573 930952 356756 702613 564800 849889 226279 530626 683966 761309 365481 704818 380472 920874 721996 706987 525675 704154
618513 412258 108904 523420 703390 111665 866789 436370 409373 526726 477440 447228 971213 849258 437753 622146 770943 881674 528936 696917 334559 1037719 586942 232070 310784 151515 350461 303351 999999999 392961 633819 455150 607085 255487 266218 1015259 632182 313653 812725 584788 546415 689983 857788 665069 469598 258147 96908 487614 606745 593498 601688 632815 662098 414206 388824 900235 251673 948034 810719 326385 206905 391051 422714 663839 599825 364947 173863 880182 538820 772352 728102 523064 326010 676433 879088 716454 463969 883124 720689 468868 216786 522344 714266 865699 599723 455506 773066 890013 462054 369279 868571 587704 536893 924605 502236 878883 637443 819051 500058 755420
510425 601950 298947 188564 322951 281299 901454 104456 254861 718878 298484 272371 827196 637172 134929 645616 756330 563631 668080 380501 657844 975737 772044 586445 132060 293335 363243 127320 392961 999999999 400290 62743 433497 523238 405174 676825 811748 664071 778643 222322 672665 429354 914799 486150 700718 404587 470391 364580 359299 348648 587927 556338 432718 274288 691765 740196 560875 789503 435965 466335 481906 391100 80095 303032 368443 660062 509618 865879 375374 485663 741953 813050 166465 638717 910392 398985 386416 554281 784028 747765 577549 275730 556225 871150 229851 733909 437827 755504 100506 532996 558467 753431 250010 577571 282145 852627 677899 595300 471794 610533
196240 552622 527474 540019 326565 548776 610826 295898 655123 625657 156824 670923 432346 238044 524596 407649 449684 278622 538815 153646 726439 608743 655235 714225 518500 482501 330516 509130 633819 400290 999999999 378845 90878 589112 445390 422704 678545 765188 451478 256854 528473 64366 641320 107059 654296 452034 660182 175737 41982 51646 336416 253342 32595 220539 726629 343693 648350 392074 353821 452838 577902 310824 469788 250235 34973 695911 645304 540847 117523 153514 464178 801604 324009 342357 615620 162698 223862 294224 542163 739314 716144 127612 176219 560934 274190 728702 226173 366937 309613 495472 258410 621994 153014 358808 135575 520313 445021 198258 278564 230150
510376 643242 359309 170293 262310 343499 913936 95407 285449 757446 300264 295757 810587 611317 146681 662643 763970 515816 701092 337523 712155 971200 808626 644453 186814 350165 395473 184336 455150 62743 378845 999999999 424238 575035 450214 623256 846871 721006 782500 170580 703819 399452 930518 472768 744387 450485 530992 371837 336933 327789 601139 560025 410455 289176 743555 722304 615384 770886 376014 507527 535624 418633 94367 248808 349690 711500 567200 871164 372712 447100 754575 861922 202993 645973 922190 355050 400772 504078 803289 796152 636193 261580 544147 879545 174564 782435 387985 742100 69909 573726 512591 787858 225832 522932 275010 856196 696508 568081 488524 599109
106866 475175 505634 592146 411770 534049 525938 332757 685629 540833 144516 705597 396940 242177 565031 316778 365687 355838 452178 244444 661141 547426 567838 659891 538837 456491 276368 528113 607085 433497 90878 424238 999999999 528977 391186 499006 589751 704260 372441 328530 440722 146915 554344 59069 574156 398640 620720 121021 116278 116323 245538 164324 91362 199380 655929 312949 589261 362775 444506 387117 524098 248390 509129 334628 92801 626266 595511 462422 69381 230271 375999 722831 323761 254606 531449 253479 158764 375464 451927 662115 663801 163115 123566 479148 348094 652171 316208 322663 354539 422519 333416 533889 207361 443149 151363 443755 354162 214025 195200 177177
495874 164655 259011 696050 772679 304577 640602 515005 631686 272320 445001 668726 824122 756195 616147 422064 572455 865550 287661 700960 143509 843352 332283 137956 497500 237448 258904 486193 255487 523238 589112 575035 528977 999999999 146842 1008743 377468 176086 619955 646939 308298 653061 624208 577637 214734 141821 182485 414421 577615 565836 425575 487679 608708 388293 168591 768649 60530 811346 862450 145356 50245 280781 582211 712728 561564 136841 104240 673127 473415 742232 520157 293287 381595 501187 653546 718518 370446 876792 492252 230548 147623 516300 604557 651055 667092 216508 783589 744175 550114 145411 846708 335742 552694 933355 486230 677296 426755 737410 359238 631217
373702 199661 207789 588387 630344 256155 605418 380206 559418 320332 298531 594029 718731 626012 514985 356276 504725 720208 289524 554139 289547 772003 377389 269397 409305 162004 115457 396792 266218 405174 445390 450214 391186 146842 999999999 863000 420261 321467 546768 505033 301831 508859 600574 443365 295592 8470 243402 272906 431960 419970 336741 377458 466620 241467 305035 654542 204021 700188 717272 70718 133126 145110 473299 568190 416711 272419 204888 614186 331584 597798 462639 413729 248947 412291 617347 571745 233008 730716 462157 347538 272664 369471 478654 600764 525765 334091 636755 637470 416406 133877 701863 365620 406524 786671 339409 612667 373198 603450 243330 512045
580489 973477 906409 714030 378724 914346 919056 593160 893922 1037760 564939 892619 563789 376265 749394 788136 769574 144097 947040 318640 1147954 796721 1060194 1128796 808404 870273 749991 804145 1015259 676825 422704 623256 499006 1008743 863000 999999999 1077231 1184374 746709 454511 933326 358393 962143 470866 1073159 869039 1059343 598166 431135 443031 722090 627033 409125 625347 1149322 501249 1066995 519459 275158 875147 993465 733080 710331 374490 447695 1118537 1056496 819841 540227 269914 808232 1221705 689254 696812 918756 299253 646555 133271 900824 1160457 1128896 500538 492013 855269 448692 1150193 243435 557112 579581 917910 165601 1024521 478701 101834 527104 793075 822590 354873 694148 513221
497303 225226 615278 999501 965760 664120 348426 761929 979178 105514 599251 1014112 688677 731172 930942 292504 377698 938468 147924 828206 367357 605247 45242 464454 829407 577462 451495 816832 632182 811748 678545 846871 589751 377468 420261 1077231 999999999 428680 426254 851546 151960 736550 311083 607461 172758 423973 557604 530724 691192 684683 355316 450704 680453 574378 309729 672897 398615 698133 1023729 351292 425280 432547 885545 891598 667795 310302 474180 429763 573843 816095 317012 248158 646077 393077 361228 839915 482590 961634 230854 235524 482359 676439 588970 391107 873765 239909 904593 625775 798236 286413 914373 59656 727382 1031343 644533 447473 262275 734981 404507 581807
665778 281633 371136 821381 936516 405019 747363 672297 722739 339405 619976 760610 981209 928081 737267 563622 708276 1041366 395653 874869 62886 974858 388863 81985 611661 370939 434867 602174 313653 664071 765188 721006 704260 176086 321467 1184374 428680 999999999 758172 810900 419370 829107 721278 751756 259933 315678 216759 590462 753257 741356 580649 652172 784725 561891 119576 931773 117478 972297 1030691 317920 194916 456478 712220 880248 737487 121238 154932 798746 649453 918260 650700 235341 540076 653593 760652 892713 546040 1052176 602818 203034 96995 689706 775187 770353 830141 194106 957296 902951 705662 298747 1022672 408533 723814 1107809 660292 807315 559857 910986 528839 798364
273346 476606 739598 952761 777664 782703 172635 687416 1016202 450950 482479 1042058 264976 370718 913559 197891 50923 628890 369121 595488 697811 225513 434924 753445 859647 687321 477263 847366 812725 778643 451478 782500 372441 619955 546768 746709 426254 758172 999999999 700970 345402 482337 215882 345429 524050 554980 781672 414094 486024 487982 212595 222648 433097 506834 660347 268163 672405 281543 790181 493470 645423 435514 858189 701676 463890 643107 719913 89996 411066 530318 112451 655422 633260 143622 173442 598063 398761 659785 197093 618229 765888 529768 284639 112273 720436 615487 648502 213332 714932 474551 603651 398336 577968 732400 509719 73990 198446 394072 326638 243015
431180 674835 479079 299530 125793 476703 851305 148439 452307 775857 253738 458151 681613 468159 308674 620331 692639 345486 703812 172635 790072 865589 819033 741552 353965 454182 416470 349639 584788 222322 256854 170580 328530 646939 505033 454511 851546 810900 700970 999999999 700729 256051 876190 362689 780444 508101 645913 326710 217563 213745 551407 487283 283644 280563 810034 592384 696912 638559 226126 545888 616790 423552 262243 81494 238023 777408 664291 790948 300614 285962 696671 914060 272264 578083 857572 188510 371020 333544 762004 847923 736863 181278 432977 807041 22221 835078 217406 621186 127089 606729 343119 792002 128825 355407 210517 772045 657149 423400 456172 486995
353109 145484 508014 861199 814054 556891 333734 616236 857194 113014 447840 890566 590703 599669 796696 167330 294552 792809 23925 677045 357350 556284 127218 427908 702947 463816 309485 690150 546415 672665 528473 703819 440722 308298 301831 933326 151960 419370 345402 700729 999999999 587627 315922 462462 179248 307436 488406 378804 539865 533121 217158 311573 531893 425510 315769 559901 349626 591955 871956 231306 347313 285852 748768 739719 516625 300726 412499 379488 422179 669066 234377 318824 506202 270503 346847 689109 330911 814763 185944 274755 442998 524719 451364 351316 722948 270990 754160 519322 652147 177409 769149 93720 575861 883564 492927 388971 149940 598617 252779 451868
245385 616230 582536 551738 300947 601015 647574 325709 682231 686900 216201 694964 426265 213327 546101 459533 486505 214299 598889 113552 790711 620310 714720 777298 553689 539291 394288 545254 689983 429354 64366 399452 146915 653061 508859 358393 736550 829107 482337 256051 587627 999999999 681217 141131 717361 515381 720123 240084 83282 96540 388943 300521 56413 279665 790970 337156 712142 382701 309412 517191 641066 375162 493020 229043 92807 760272 707663 569961 181859 89234 507269 865058 373344 385932 651306 116000 288165 230646 589795 803051 778874 171522 198180 593846 269514 792544 172752 369513 332891 559626 194070 680801 180020 296718 187846 547599 496498 169208 340105 246639
447794 460581 807864 1098899 966113 855516 50715 835722 1131378 382456 635402 1161476 459763 586457 1047761 269256 196194 841742 336858 791974 658401 311392 340302 740115 973410 759410 569506 960613 857788 914799 641320 930518 554344 624208 600574 962143 311083 721278 215882 876190 315922 681217 999999999 540408 462622 607506 803949 560954 670618 669932 329809 390507 628191 642110 607146 479956 663742 485828 990597 533583 662651 532701 994683 888963 646974 600041 728383 160437 575986 737862 179519 559229 754892 299766 59245 796974 529913 871837 138536 542197 756053 696791 488587 116905 897098 544378 851843 423289 867531 489530 816436 314217 748312 944625 671298 186941 238689 608458 443098 453599
110190 512001 564259 638392 432270 593045 507682 383726 739681 567630 202741 758521 341452 184787 615843 323010 346405 331008 476331 251854 706318 504002 589388 710629 594931 514810 329773 584444 665069 486150 107059 472768 59069 577637 443365 470866 607461 751756 345429 362689 462462 141131 540408 999999999 607304 451066 676369 177742 145151 150161 253971 161703 88147 258447 697471 255923 638134 305696 450250 433839 575600 298871 560154 356542 126180 668719 648210 434436 128434 209935 366162 756782 382153 244985 511859 256591 210469 354708 449671 697987 715328 211623 71688 455774 380622 688752 313363 269696 402860 463889 306993 553919 250018 425482 204951 413531 359297 160170 230357 126733
503379 105810 467633 883530 902333 515119 491237 669152 839170 80215 541444 875506 768938 761772 808520 343653 473134 929789 156092 791949 197425 730104 130256 291696 697100 437174 364015 685059 469598 700718 654296 744387 574156 214734 295592 1073159 172758 259933 524050 780444 179248 717361 462622 607304 999999999 296588 389371 485372 656446 647253 382769 471637 664413 500828 144610 734316 227635 768430 976075 237933 264644 360552 768414 833263 635369 139310 304988 552071 538908 803916 412267 149575 541701 444820 504520 806656 434789 947986 350873 96368 309616 619910 609170 519942 802213 91760 873135 696121 705819 173972 907563 148795 666302 1012993 587350 563946 329086 755276 379118 617667
381967 202227 201365 587003 633553 249921 612731 381807 555338 323352 304337 590146 727178 633885 512941 364183 512813 726395 294683 559484 284962 780249 380831 262416 406040 156472 122593 393587 258147 404587 452034 450485 398640 141821 8470 869039 423973 315678 554980 508101 307436 515381 607506 451066 296588 999999999 234953 280037 438106 426040 345089 385908 473536 246614 301982 662900 198201 708582 721317 76130 126055 153072 471889 571994 423108 269350 197143 622143 338615 604244 470459 412469 249946 420676 624700 577190 240646 736637 469147 346371 265367 374607 486757 608504 528708 332828 642043 645914 417872 137605 708189 369797 410988 792208 344785 620745 380796 611111 251771 520333
615351 346695 171698 613358 768386 195187 817803 499283 506085 453262 503998 543951 962131 860955 528110 585762 736758 921427 468662 741214 239598 1007055 512664 135184 401247 192277 348380 392771 96908 470391 660182 530992 620720 182485 243402 1059343 557604 216759 781672 645913 488406 720123 803949 676369 389371 234953 999999999 499712 638063 625041 576034 620860 685885 440459 296004 897140 163699 943200 871587 288245 141361 384729 508556 722110 627769 274347 84686 842223 555427 806076 688777 429898 376517 652261 830540 760378 467579 926186 669774 378460 119973 559625 717836 823521 662706 365516 820527 880863 528604 316287 906240 517889 582011 973004 535450 843793 595929 834743 486718 753822
151262 381535 388256 541781 435706 419596 542457 276459 605286 465052 74998 629580 497626 362449 499508 296884 392636 454162 384745 306625 550792 616448 501736 542288 451193 337979 157459 439422 487614 364580 175737 371837 121021 414421 272906 598166 530724 590462 414094 326710 378804 240084 560954 177742 485372 280037 499712 999999999 171525 161934 231245 192177 194301 95556 551278 419332 474111 468570 495347 277107 406024 135091 444252 360945 151665 520384 476105 501396 58993 329246 383422 630506 225934 274701 550510 321318 50610 468428 439076 567060 545373 146826 229215 508010 348732 555981 387822 418719 306999 321522 434146 471834 198929 530237 116218 488082 332848 335033 129550 275663
222971 552978 499254 498139 295503 517999 641995 254847 614024 632734 135173 629423 474318 278083 482805 428897 481432 288298 548552 137319 717284 648719 665598 698889 479057 456165 318962 469954 606745 359299 41982 336933 116278 577615 431960 431135 691192 753257 486024 217563 539865 83282 670618 145151 656446 438106 638063 171525 999999999 13257 357665 280415 73690 197883 721022 385675 635908 434031 333822 445819 563050 304242 428107 218350 24186 689712 628013 575787 118584 168181 492146 802006 290863 370867 647333 150585 221875 299411 566426 738573 699775 90146 215861 594166 235762 727453 216868 408527 267798 492820 270559 633584 111126 359158 104564 556028 466406 237100 287353 270350
222154 543451 485997 490323 296731 504787 642161 244253 603478 624751 122574 619343 482898 289300 473258 425382 482010 300503 541342 145160 705828 654162 658464 686535 467417 442943 307381 458194 593498 348648 51646 327789 116323 565836 419970 443031 684683 741356 487982 213745 533121 96540 669932 150161 647253 426040 625041 161934 13257 999999999 354300 279441 84106 185003 710188 394516 623966 443143 339381 434883 550796 293589 418333 219473 24284 678780 615442 577877 111029 181094 491061 792356 277768 370206 647748 159403 212473 310984 563813 728702 687296 77546 221507 595353 232639 717479 225893 415990 258358 482698 283069 626813 102109 369820 91308 558565 462879 248800 280378 276315
144254 305868 527003 770122 649800 570246 313558 506139 814698 328545 305922 842595 400638 382642 722023 71313 176504 584335 234995 489922 524705 436320 341138 562853 656872 474740 265332 644312 601688 587927 336416 601139 245538 425575 336741 722090 355316 580649 212595 551407 217158 388943 329809 253971 382769 345089 576034 231245 357665 354300 999999999 95479 332572 313879 499119 354591 482335 392623 689793 289066 444367 223915 668013 572739 333479 475788 520329 289203 251326 463826 154028 530057 432737 76343 322485 498925 201545 608642 210779 478543 573198 370412 234789 286641 572869 471927 560802 322443 537737 283575 559968 304310 422655 679417 343319 282641 108796 381842 118637 235709
57461 387110 546446 730314 575867 585176 364027 464852 796779 421705 259869 821575 341277 290281 691203 161866 206356 490183 328361 406411 599525 426744 436411 625525 641543 493780 282973 629521 632815 556338 253342 560025 164324 487679 377458 627033 450704 652172 222648 487283 311573 300521 390507 161703 471637 385908 620860 192177 280415 279441 95479 999999999 244799 286383 579758 280973 546917 324414 606570 343986 498635 241819 635729 498654 256623 554257 574789 311162 190276 371319 211732 620337 415106 90948 370355 413643 183563 515265 289516 566302 633877 310759 139792 321827 507792 558780 473258 260049 492814 353656 465625 399716 360861 586602 288620 296538 197734 287060 134190 147779
189216 564352 556409 570436 345142 578811 595807 328297 687522 632142 184668 703099 401695 205457 556453 403235 434519 265423 543518 163816 744248 582762 659054 735952 551086 510620 351243 541698 662098 432718 32595 410455 91362 608708 466620 409125 680453 784725 433097 283644 531893 56413 628191 88147 664413 473536 685885 194301 73690 84106 332572 244799 999999999 248006 742070 312784 668408 360814 362897 470025 599587 328662 501793 270176 66797 711815 668305 521746 135314 139504 452958 812686 355202 331301 600006 169332 239914 284239 534275 751333 738490 160131 152352 543766 299978 741106 228634 337970 341442 509540 243625 624921 184743 351807 166854 500321 440255 165927 286000 204692
246790 395046 309413 456792 401505 335280 627430 195759 510402 495598 63735 535391 589791 438971 408829 373638 482552 484304 426480 312978 530817 711788 540194 503581 355739 262694 138320 343918 414206 274288 220539 289176 199380 388293 241467 625347 574378 561891 506834 280563 425510 279665 642110 258447 500828 246614 440459 95556 197883 185003 313879 286383 248006 999999999 542040 509152 444501 558786 479691 269933 368857 143216 354377 333445 187470 509767 431267 592921 130090 366063 467882 637754 130479 365366 636234 330872 112372 492321 514115 572073 503556 128007 318047 597056 302585 559696 395461 511886 229972 327811 467696 514722 167596 546041 98573 580756 407333 406288 199419 367363
601958 193352 418893 862974 935379 460809 635715 681778 787753 224824 593638 825340 895820 865184 781983 471546 609684 1005250 291860 850611 62099 871365 270959 172099 660948 403666 405559 650105 388824 691765 726629 743555 655929 168591 305035 1149322 309729 119576 660347 810034 315769 790970 607146 697471 144610 301982 296004 551278 721022 710188 499119 579758 742070 542040 999999999 853687 140010 891181 1020990 275364 211771 416844 749699 872631 702567 32632 215024 693787 609111 879843 550053 134241 548607 567898 649003 867196 502839 1019602 494102 86353 190926 668834 711094 662942 830686 75720 933291 820010 717272 233679 984761 293045 709196 1080004 637400 704390 462519 853027 467852 727534
282354 660381 805567 883187 629970 838685 432469 636668 994530 672788 457396 1012288 89236 140878 867487 392577 305814 405694 580966 441273 877630 303434 671890 906497 850845 754092 551365 840366 900235 740196 343693 722304 312949 768649 654542 501249 672897 931773 268163 592384 559901 337156 479956 255923 734316 662900 897140 419332 385675 394516 354591 280973 312784 509152 853687 999999999 827802 49827 607922 624790 778836 512902 812267 563123 372896 829992 854792 326252 380268 342226 360478 878548 636283 289729 429751 435567 436433 439521 455435 830626 914762 464487 191108 365825 606555 824785 465749 57400 652795 633036 382216 633887 496557 508273 460541 298794 414746 182257 412462 144877
