NAME : synthetic_000035
TYPE : CTSP-D
DIMENSION : 100
GROUPS : 8
RELAXATION_LEVEL : 1
EDGE_WEIGHT_TYPE : EXPLICIT
EDGE_WEIGHT_FORMAT : FULL_MATRIX
EDGE_WEIGHT_SECTION
999999999 849295 161223 698663 128938 726743 831701 287319 574296 597863 418602 538397 161867 75875 605005 696425 444462 666967 709217 716606 457246 480711 835652 821256 355589 662625 199355 748303 217914 942393 177347 98928 397550 264850 109152 244209 1027284 751580 525937 233787 762116 366326 760164 222893 776666 120195 120550 697448 425763 415146 607554 677159 758690 665616 613516 714742 918918 144631 286778 606761 558139 101861 813258 728287 484082 952932 603687 790076 743899 690809 740884 82506 217667 666818 739493 381244 903513 924191 154029 708594 1093642 546158 226299 576003 396320 939524 776394 716993 241106 907880 10712 741553 639728 113561 128861 946088 135415 514666 224442 1051763
849295 999999999 688479 185296 870958 687910 1000296 1024753 814066 662234 534951 356787 911018 839904 251152 395624 473641 1053728 767387 1176211 458623 1013670 237856 449224 714058 646522 664914 103881 712526 764053 958465 942715 835542 1010179 913416 951942 992322 772600 544026 1015532 663068 1066854 630538 713846 1078669 949045 827659 275516 424478 1089886 243010 1318339 701082 254688 758156 954559 659416 944716 999211 435463 499533 751244 799730 1120679 510580 823531 249630 386693 235817 269616 230736 898688 667128 291575 977331 478487 762840 736067 707498 1155227 941399 307566 1018501 1151672 572471 916341 662875 983544 610063 756230 840026 1164966 1288991 962662 889059 1000644 714211 526990 891322 968226
161223 688479 999999999 538049 221752 628846 789423 387408 520929 502580 284897 381537 266452 161592 443815 552727 297282 668232 629434 743650 308426 511316 679177 682284 286973 560498 62726 587195 144335 839574 303191 254820 376581 367184 242792 323357 955203 668766 403630 354023 657046 454986 649483 171686 763424 265001 182499 542000 266135 496283 446426 760312 660922 507494 540735 679583 801941 278813 373811 466462 427366 64325 729705 736329 351201 859060 442464 645176 586855 534711 583495 221962 99469 511623 706249 227815 804178 818515 47675 731169 1003969 384953 352127 630983 272114 864234 670308 689115 86586 807014 152412 759556 724101 274254 234789 886867 31999 387872 275797 972001
698663 185296 538049 999999999 739347 523113 829802 850202 631418 483188 352493 176182 782078 679463 101167 235229 293125 870311 596558 991895 277873 828826 174987 327261 530852 474583 504975 93527 541087 632066 826816 787157 650985 836845 774772 777390 848311 606648 359768 846063 505410 888180 474688 596961 899824 789365 695754 111316 291344 909095 114183 1133900 540407 72703 578763 776486 536363 808576 823282 256022 316560 597623 640570 937955 325365 686188 107596 261059 101412 101319 94310 756958 501343 115708 800122 356345 622842 603714 549547 971079 816475 157517 850315 966698 390054 766285 507791 804559 468497 617889 690245 981618 1104934 810227 756269 843507 566732 342114 716457 831422
128938 870958 221752 739347 999999999 837233 958369 399170 698029 708783 505680 595500 44755 204681 640261 773990 518503 795794 826676 842982 529155 607883 891240 903993 472835 770831 279513 774998 327875 1051265 87750 181547 524959 376853 60033 366387 1148162 868199 621929 337038 869306 480162 864337 169270 905561 216560 43634 756398 450652 530681 637091 786885 869374 717790 732633 842044 1019715 77579 404417 688193 648132 189887 929864 856701 572128 1065956 636678 866007 798555 748290 794595 69670 309285 726551 867072 392512 1013965 1031560 240691 835630 1208708 582106 325816 697485 490003 1059247 883112 845043 272133 1017618 124879 869040 749384 169055 19050 1070000 189784 607497 352407 1170336
726743 687910 628846 523113 837233 999999999 314563 680348 231505 128887 363708 431564 879340 661622 536174 292429 393771 436014 90979 563777 395068 508620 479053 283168 373742 69934 566199 615379 510474 216026 903422 764202 394813 681098 835390 626161 350439 84756 243719 719623 50867 667560 76693 787021 416586 742491 804565 415653 585993 657579 564465 786062 32157 451983 153057 295413 219671 871345 646699 278901 250681 647438 122043 487596 310055 230274 547183 322155 452133 423712 457182 809032 531451 407491 311787 636663 176882 199980 598608 540980 375868 530683 732459 617985 362315 259771 64736 327971 629196 181156 725132 536822 769598 797911 845221 323198 657869 266559 581019 353273
831701 1000296 789423 829802 958369 314563 999999999 670852 269032 357465 592313 713470 993564 756506 828672 604912 643021 246585 233351 340892 649811 427501 793314 590896 502638 355233 730559 923110 647168 368096 1003052 831882 434382 681669 937073 645592 253561 230389 500091 731119 348972 622536 382195 960827 150067 800393 936760 725843 835688 589867 855935 606538 307910 757402 272647 119033 452966 968318 641516 576163 528262 782931 223565 254330 561905 318109 838894 635469 765023 733007 769775 910686 692186 714443 98575 871948 331865 379111 747179 321086 381727 811949 746797 470870 573287 209226 354347 128276 820900 342824 834162 298637 603963 865118 960399 142860 811325 523787 626241 304349
287319 1024753 387408 850202 399170 680348 670852 999999999 466173 564827 505414 674350 413868 234288 773975 766497 558753 454348 628555 466737 574029 251659 947552 866101 347047 633455 378822 920902 313015 887006 398902 220047 285548 22515 350137 72856 904936 671739 563556 69217 727077 81166 737791 506803 575159 183573 404592 812404 630154 132277 785707 389964 708389 797705 533792 553376 897660 366856 33665 676425 609745 329566 728480 500921 554216 877771 776557 856230 864270 809542 863487 330886 364629 782878 572300 608005 843394 876382 347553 464373 1001655 719771 84744 305436 469591 828589 742099 543502 472039 850722 296662 500744 352498 243064 390197 805613 379974 564609 133746 942480
574296 814066 520929 631418 698029 231505 269032 466173 999999999 160943 338328 485904 735468 500941 606846 440416 395935 240338 163948 366042 405501 277119 644543 485110 233957 210364 461638 723634 379815 423600 749601 588146 188600 470572 682167 421765 455447 206317 273257 514371 282156 443039 302607 692095 278370 560388 673577 542651 581135 428787 631787 561088 254066 559822 79271 167282 449909 715365 433138 379470 314873 517495 262314 306633 323150 411602 615695 504383 590588 546588 593533 655448 423270 523019 194501 611030 379460 415660 479494 344166 538306 578917 528694 390433 313715 371149 296241 186593 552346 387458 575594 351234 542155 622179 701687 371997 543596 293691 387647 485328
597863 662234 502580 483188 708783 128887 357465 564827 160943 999999999 249991 356087 750707 533079 472539 280410 291601 398987 138465 526071 296452 421383 484167 328391 245679 69080 439855 576544 381689 344676 774542 636671 282126 563578 706504 506524 460051 170978 143468 599350 167299 560508 173469 663910 416764 615897 676621 387807 486569 556907 499406 717017 160896 410595 95926 293318 334819 742461 531231 227329 171749 519114 229596 462297 207875 357395 482499 343863 433817 392828 437232 680145 404354 370814 317249 530440 305735 327464 470905 503941 501522 454488 611499 545084 241930 367986 182181 321525 508374 310018 596247 508695 695859 670236 716566 410206 531009 167473 458221 471379
418602 534951 284897 352493 505680 363708 592313 505414 338328 249991 999999999 178289 550117 373783 294593 279680 63971 557114 388090 667978 77763 482218 443507 402664 179273 293787 226415 433418 214269 564502 583475 486805 303535 494336 518858 433449 708775 420467 123034 510908 383494 537469 371386 428431 615852 478578 467346 307125 243872 556795 314608 784639 394618 294064 320129 504234 518811 555754 476496 188739 142499 321979 477271 628210 66461 591389 300850 373514 358874 304128 358078 494832 201196 277473 531126 281525 532548 541581 268247 649111 737795 253495 517733 620565 37568 616727 395523 524918 268275 534012 413475 666158 754593 516280 517472 659320 316505 104257 372858 716393
538397 356787 381537 176182 595500 431564 713470 674350 485904 356087 178289 999999999 639741 511573 121472 207260 117171 718614 486840 835398 102009 659312 297664 339727 357546 369368 340133 255163 367006 591268 681089 621897 480663 661306 623717 601585 779087 507528 215608 671930 430327 712085 406112 473237 762488 621124 552762 160952 184609 733618 145885 962683 456422 128054 446335 643077 516081 659153 647202 157924 185923 436536 553599 788395 164022 634083 129877 286801 205545 153244 202492 603475 331476 131072 668595 250674 570312 564310 385544 815512 776356 99510 676763 797630 215751 690161 437581 668149 324818 568304 530845 829426 932822 647125 610925 752669 412272 193239 540627 773756
161867 911018 266452 782078 44755 879340 993564 413868 735468 750707 550117 639741 999999999 237264 682612 818745 563258 824601 866943 866537 573902 633104 935114 948718 512820 813337 323820 815980 369207 1093792 49542 193825 559354 391995 63878 388046 1187216 908759 665883 348654 912051 495000 907546 202552 936313 230431 87018 800589 492514 546125 678782 797307 911459 761570 772259 876519 1063415 56515 422462 732909 692529 232710 970457 883901 616575 1107596 678782 910749 842435 792400 838410 86501 352964 770809 901175 433023 1056166 1074348 284327 860149 1249853 624682 336053 716360 533997 1098774 925943 878409 315843 1059965 159901 894245 759926 173996 34209 1107418 234471 651687 380086 1210337
75875 839904 161592 679463 204681 661622 756506 234288 500941 533079 373783 511573 237264 999999999 590831 653460 408443 591700 639596 644288 422372 407870 805454 773815 288170 599328 175209 737060 161935 877638 248677 113034 322172 212677 181311 180122 955122 682392 472418 193534 699019 308817 699061 275029 700881 109902 192348 666642 423326 355064 596895 619752 693321 639624 543075 639283 859342 214579 227157 562293 508426 98705 743942 653660 437001 885570 590957 747285 715261 661039 712884 154657 180385 635927 663911 389192 837861 860428 132706 635591 1024825 532868 190788 508814 347084 868115 713547 641239 248172 842666 80212 668034 582637 143115 204606 872276 148164 463586 151513 980917
605005 251152 443815 101167 640261 536174 828672 773975 606846 472539 294593 121472 682612 590831 999999999 272239 230939 840085 598850 956634 216832 776782 271379 388597 472865 478568 415622 147324 461463 674373 727895 695959 598121 759184 677298 701216 876960 615881 335055 764446 527832 817825 500244 495952 882685 700441 596631 169128 190720 842710 28514 1078264 558176 114825 564783 762367 587556 710558 748860 257314 300815 505038 657556 909839 285493 723149 11577 325339 186068 157345 179807 660293 416276 153691 787551 255210 659002 646427 459111 936835 860534 58917 767556 915117 331235 790538 532976 788055 370823 655541 596214 950892 1047551 717581 657440 859323 471430 313443 640738 866381
696425 395624 552727 235229 773990 292429 604912 766497 440416 280410 279680 207260 818745 653460 272239 999999999 255498 679395 372535 806283 245082 680786 204250 134015 419948 253182 499656 325235 493284 402800 855698 766475 515091 758590 793245 697374 613486 377044 204830 781367 270816 784476 239631 669308 690060 757629 733166 124729 391746 793241 300224 984696 307072 168441 374421 565471 315997 829899 735072 91798 157034 597469 406819 742246 217984 453774 283815 93848 160111 133982 164920 770261 478863 123171 586795 457038 389896 374701 543697 784235 588804 288822 789707 812757 308225 531057 272693 595842 512933 385654 690703 788980 960361 795907 787490 609388 584704 201888 638847 598384
444462 473641 297282 293125 518503 393771 643021 558753 395935 291601 63971 117171 563258 408443 230939 255498 999999999 619157 429690 731266 15299 545874 397966 386239 242082 325011 245761 371354 255930 582848 600382 520834 367256 546349 538540 486154 743353 458372 151121 559226 406292 595059 389481 421394 674235 516440 477823 259405 195006 616472 250655 847620 423079 239181 370473 560032 526094 575053 531044 171443 149600 343990 512097 690041 84482 615612 237003 347951 309566 254746 307921 516061 228996 228857 586617 242910 554428 558237 290609 712218 761667 189712 564881 684196 100299 651795 416833 582092 261677 554680 438096 728683 817238 548331 532010 701342 329243 127529 425210 746610
666967 1053728 668232 870311 795794 436014 246585 454348 240338 398987 557114 718614 824601 591700 840085 679395 619157 999999999 347106 128531 630639 202716 883028 712236 406838 437770 618873 961891 525774 573836 824582 644241 292657 469181 763260 446264 499926 374437 510760 520415 484869 393935 512649 836200 121645 609338 782941 782972 790502 354830 863791 368974 447445 799186 306548 157821 633774 789948 429483 619714 554201 643562 405105 71472 554592 537461 848288 738442 830879 786826 833858 738401 582637 763076 159450 808643 531365 576424 621305 105891 623707 807359 536445 224318 526181 446259 496282 129289 721872 541691 671909 111314 361919 675114 793819 389403 682545 529711 444530 549206
709217 767387 629434 596558 826676 90979 233351 628555 163948 138465 388090 486840 866943 639596 598850 372535 429690 347106 999999999 474217 434007 436270 565613 373841 354143 122004 567036 689811 499332 259653 886509 735446 345992 631895 818347 580724 326145 43707 279975 674054 137979 606980 167215 794879 326102 710434 797412 492605 624695 591825 626552 702766 100602 524246 97719 204440 293323 853216 595263 343946 300971 639059 104467 397002 345579 250902 609371 410514 532547 499683 537138 791638 530074 481126 221234 668876 215542 252232 594071 451425 385512 586204 687886 537239 377863 234823 149177 236993 642170 223513 708935 446314 688089 769527 832752 271767 656264 304071 541671 343809
716606 1176211 743650 991895 842982 563777 340892 466737 366042 526071 667978 835398 866537 644288 956634 806283 731266 128531 474217 999999999 743624 236563 1010230 840759 505472 566238 700602 1082547 606789 691433 859331 676975 381416 485590 803222 478631 590166 499523 632221 535890 612177 392907 640464 905260 191790 640476 836306 907500 893174 344773 979333 268937 574129 921528 434633 277347 757304 825662 449240 744026 677108 710087 525633 86719 671871 650248 964325 866694 956120 910919 958884 780238 666722 886677 271813 904954 650176 696214 695989 22798 722354 920784 551480 174351 634845 549345 623247 245587 806095 660769 723090 46688 272191 704654 838251 478199 753566 649993 492804 643596
457246 458623 308426 277873 529155 395068 649811 574029 405501 296452 77763 102009 573902 422372 216832 245082 15299 630639 434007 743624 999999999 559976 383560 376840 256590 326911 258197 356483 270723 580713 611618 534585 381297 561588 550290 501419 745199 461576 154285 574285 405695 610321 387790 428430 683871 530624 488135 244884 191460 631609 237117 862120 423860 223978 377570 568705 521452 586701 546340 163366 147800 356433 514335 701373 88581 614884 223165 336872 294797 240030 293064 528077 242574 214275 595151 242629 553216 555736 303264 724419 760671 177167 579864 698320 114660 653876 415829 591283 269537 553167 450717 740444 831862 561820 542933 705352 340319 130302 440472 747274
480711 1013670 511316 828826 607883 508620 427501 251659 277119 421383 482218 659312 633104 407870 776782 680786 545874 202716 436270 236563 559976 999999999 881557 749097 304873 481685 472556 913978 379863 692770 628974 447029 178711 266573 570368 247626 671784 475627 482509 317853 559225 195278 578734 669880 323574 411245 600050 761093 684970 164046 796149 306152 530695 763479 355905 314249 726671 594738 227064 602406 531394 474688 524277 253079 503897 671237 782833 757948 812792 761929 814104 546611 441077 735753 329567 687861 648396 687856 463704 227882 780995 733250 333881 138354 445617 603344 573355 299237 578594 657298 486961 261231 279868 476646 603915 566962 519314 494169 256490 714568
835652 237856 679177 174987 891240 479053 793314 947552 644543 484167 443507 297664 935114 805454 271379 204250 397966 883028 565613 1010230 383560 881557 999999999 215832 606675 451286 636766 217309 653501 529053 977526 917082 711704 937295 921105 876194 760560 562925 399954 954321 446282 973342 412933 759082 888758 914091 848115 138813 454300 986241 288392 1186634 486532 173705 577183 764464 422863 956336 917663 279803 350849 733828 581226 945004 394151 589971 279702 159210 92685 144860 96841 901083 625162 169529 784493 521605 530974 501398 682247 988108 704154 321229 960859 1015054 478303 688609 443473 795580 619282 523676 828260 992152 1161421 943302 907131 777543 709802 391375 815915 733645
821256 449224 682284 327261 903993 283168 590896 866101 485110 328391 402664 339727 948718 773815 388597 134015 386239 712236 373841 840759 376840 749097 215832 999999999 520488 275786 627170 404387 612088 314841 984356 886329 597685 860532 920747 800008 544798 362649 306237 887902 242318 874881 209531 802961 699754 874784 863788 221748 524295 877400 414931 1045014 283564 275271 409037 578063 211938 957569 833514 215849 265733 724100 372144 767947 337419 374669 399909 66314 229498 233466 236430 897104 603812 235122 594942 590227 315163 286844 670261 818069 494375 414472 897517 873279 426776 473306 236590 610429 645855 307971 816123 816748 1024224 916896 916947 563953 714279 311237 743898 519050
355589 714058 286973 530852 472835 373742 502638 347047 233957 245679 179273 357546 512820 288170 472865 419948 242082 406838 354143 505472 256590 304873 606675 520488 999999999 313120 228038 612690 147389 589754 532929 391067 127621 340354 464729 279597 675764 396174 216512 367906 412593 366694 415148 458203 487366 371160 444877 475775 387750 381158 491581 605542 405314 469621 259874 394684 576736 500005 315260 330845 262968 286941 457877 478026 213283 597681 478561 509192 528164 474555 528312 438091 189677 447775 421674 401924 549731 573101 246110 488514 738061 428399 378138 442924 141952 586466 427330 406747 322773 554636 354980 510239 575332 424577 478637 601845 310061 218285 223784 697570
662625 646522 560498 474583 770831 69934 355233 633455 210364 69080 293787 369368 813337 599328 478568 253182 325011 437770 122004 566238 326911 481685 451286 275786 313120 999999999 497958 567876 445348 280456 838659 704144 349841 632454 770813 575557 418368 138160 174362 668420 99691 627431 104455 717520 437704 683985 737412 371297 518235 622096 506509 771420 101265 402245 133273 313259 265751 807026 599832 222442 185185 580944 187510 496191 240930 299390 489268 301358 412533 378117 416874 744630 463747 359218 333896 567738 243738 261569 531356 543655 445366 468865 680578 600464 292703 326966 114282 344295 559420 246922 660595 544301 752043 737568 779301 383390 589856 197534 527258 422926
199355 664914 62726 504975 279513 566199 730559 378822 461638 439855 226415 340133 323820 175209 415622 499656 245761 618873 567036 700602 258197 472556 636766 627170 228038 497958 999999999 561928 93871 777280 357356 282459 326217 360525 293713 309647 892939 606199 342901 356180 594766 438989 587679 230721 709992 284892 242250 498350 252973 476010 421945 736455 598287 467901 479001 622325 741136 330471 360356 411498 368735 98244 667080 688119 292872 796390 415790 592904 545340 491908 542518 270617 38373 467683 649193 230202 741672 756416 45481 686944 941254 357699 357111 598196 211022 801857 608115 633139 106037 744586 192574 713812 701140 307010 291063 825676 92168 328023 255220 909396
748303 103881 587195 93527 774998 615379 923110 920902 723634 576544 433418 255163 815980 737060 147324 325235 371354 961891 689811 1082547 356483 913978 217309 404387 612690 567876 561928 999999999 608645 715381 862714 840829 735472 906300 815535 848098 935973 699228 451133 911765 596046 963431 564765 621922 993069 846419 731486 200524 325502 987001 140775 1217798 631842 166225 672022 869860 616035 847608 895445 349490 409015 649463 731838 1029958 412860 771456 146188 338420 175477 191814 168793 799943 563492 208697 893571 383050 708754 687037 604875 1061941 897986 204259 914827 1052206 470820 855495 597768 897805 510479 703255 739205 1073200 1187985 861440 792797 934570 613628 432597 787502 916882
217914 712526 144335 541087 327875 510474 647168 313015 379815 381689 214269 367006 369207 161935 461463 493284 255930 525774 499332 606789 270723 379863 653501 612088 147389 445348 93871 608645 999999999 725563 393312 274242 233292 297754 325523 240568 822606 540533 310729 305034 544643 363356 542265 315699 619210 264389 298157 515204 322817 395634 472720 651264 542550 493577 406576 536007 701111 361868 289490 401738 346557 139870 602156 594698 275885 738390 463765 586963 565491 510676 563785 299457 61449 484726 562537 312906 687355 706864 100081 593076 880845 406801 309772 507802 185646 732849 558823 544967 199411 691386 215397 619993 616768 305033 335026 749152 164198 301653 181028 843138
942393 764053 839574 632066 1051265 216026 368096 887006 423600 344676 564502 591268 1093792 877638 674373 402800 582848 573836 259653 691433 580713 692770 529053 314841 589754 280456 777280 715381 725563 999999999 1118801 979968 602600 889487 1050857 836598 236095 217903 441471 930164 182528 866619 193669 992602 511231 957761 1017594 521311 764727 850675 702585 941643 184507 570091 353254 416256 109416 1086937 853559 434069 433273 861380 170602 606314 503926 64630 685940 378666 540005 532112 546613 1024578 743695 525357 419621 822234 44386 28363 811560 669486 186181 684439 943529 783461 569010 184145 169471 446674 832760 36284 940601 654611 931194 1013733 1059752 284718 869373 461481 794019 204611
177347 958465 303191 826816 87750 903422 1003052 398902 749601 774542 583475 681089 49542 248677 727895 855698 600382 824582 886509 859331 611618 628974 977526 984356 532929 838659 357356 862714 393312 1118801 999999999 182382 568962 377823 68201 381589 1203680 928914 696491 331288 937932 479326 934928 251913 938827 218868 131357 842041 538391 530720 724837 775304 935431 804276 790634 885040 1092441 34847 411210 768556 725355 262205 990588 881466 649853 1130128 724374 948325 884854 834138 881005 94873 383680 812022 909022 480100 1080273 1100172 315490 854203 1270987 669667 317438 703952 565105 1116347 952072 885110 359014 1084483 178326 889101 738169 155880 70580 1120731 271324 683430 381491 1228821
98928 942715 254820 787157 181547 764202 831882 220047 588146 636671 486805 621897 193825 113034 695959 766475 520834 644241 735446 676975 534585 447029 917082 886329 391067 704144 282459 840829 274242 979968 182382 999999999 401709 198183 130105 199434 1043481 778837 583767 155773 803659 301190 805498 314781 760082 36803 194626 778306 520929 352299 700115 605592 795476 749884 637910 713053 966606 148770 229590 675261 620747 191477 839856 699846 549828 984338 695318 860294 826410 772439 823850 112084 292073 747582 736017 478915 939184 963926 237616 671836 1120768 637405 144271 523240 459769 958877 818384 710765 337877 944530 109504 706798 568111 34108 170974 955059 231947 575673 205690 1072709
397550 835542 376581 650985 524959 394813 434382 285548 188600 282126 303535 480663 559354 322172 598121 515091 367256 292657 345992 381416 381297 178711 711704 597685 127621 349841 326217 735472 233292 602600 568962 401709 999999999 286976 502730 234736 642453 389599 311939 328086 441832 278916 453696 546246 388078 372765 505608 586960 513745 279949 617696 482920 422898 586659 249574 317200 612602 534301 251911 431944 361017 357109 448323 362162 326962 596721 604251 597926 639071 587113 639982 476315 290085 560657 342113 523541 559338 591241 330212 365644 726501 555174 341900 317065 267063 559489 456831 320548 429528 566336 400335 389982 454398 435565 526368 553537 392679 320909 199200 673764
264850 1010179 367184 836845 376853 681098 681669 22515 470572 563578 494336 661306 391995 212677 759184 758590 546349 469181 631895 485590 561588 266573 937295 860532 340354 632454 360525 906300 297754 889487 377823 198183 286976 999999999 328209 61279 913138 675285 556659 51313 727161 103327 736898 484600 589455 161590 382082 801461 612571 154179 770350 412473 709635 785502 536286 563634 897395 345506 40242 668037 602207 308625 732764 517527 544828 881867 761517 849014 853138 798320 852194 308706 347719 771733 583232 589043 846103 878199 328128 482618 1007540 704470 67329 326159 459006 835560 742204 554880 452242 853213 274223 518746 375005 221944 368032 815093 358999 556797 121480 949668
109152 913416 242792 774772 60033 835390 937073 350137 682167 706504 518858 623717 63878 181311 677298 793245 538540 763260 818347 803222 550290 570368 921105 920747 464729 770813 293713 815535 325523 1050857 68201 130105 502730 328209 999999999 324612 1135885 860729 630279 285370 870161 431289 867484 224530 876050 166622 92949 784456 490053 482366 676136 734627 867381 748601 722546 819390 1025419 36921 358594 705178 660204 196889 922406 821756 585067 1061955 674510 886308 828584 776961 825011 26766 318176 754170 843651 435682 1012221 1032360 250625 797080 1202787 618596 273087 652491 499296 1048383 884345 820219 306494 1016479 110261 831365 697200 112289 44133 1053586 211545 617758 318885 1160764
244209 951942 323357 777390 366387 626161 645592 72856 421765 506524 433449 601585 388046 180122 701216 697374 486154 446264 580724 478631 501419 247626 876194 800008 279597 575557 309647 848098 240568 836598 381589 199434 234736 61279 324612 999999999 870334 624334 495701 93575 671351 131674 679991 455071 563824 163647 364632 740558 559438 175407 713123 440494 655288 725203 484087 526694 841029 347541 50807 606775 541071 269177 682890 500571 483566 831440 703863 787921 792310 737524 791432 301945 293434 710905 547904 539666 793592 824401 281149 472830 960024 647174 107164 331913 397948 790368 686400 520890 406164 800380 252206 507544 403608 229195 360458 775342 319291 495616 60963 904712
1027284 992322 955203 848311 1148162 350439 253561 904936 455447 460051 708775 779087 1187216 955122 876960 613486 743353 499926 326145 590166 745199 671784 760560 544798 675764 418368 892939 935973 822606 236095 1203680 1043481 642453 913138 1135885 870334 999999999 289162 592453 960387 349537 864419 376797 1121020 398572 1015190 1120602 737088 936347 835717 905473 858069 323223 781550 416031 357749 345496 1169700 873698 622808 600985 962461 231630 504671 659133 172137 888312 605671 762386 747017 768612 1109121 855764 736137 345245 985923 229686 261866 918909 571560 140945 877230 975506 724241 701934 92084 343986 376531 967695 236904 1027883 545822 856819 1077480 1153158 112009 981599 615836 841437 57877
751580 772600 668766 606648 868199 84756 230389 671739 206317 170978 420467 507528 908759 682392 615881 377044 458372 374437 43707 499523 461576 475627 562925 362649 396174 138160 606199 699228 540533 217903 928914 778837 389599 675285 860729 624334 289162 999999999 307394 717630 120539 649020 153121 832861 340348 753987 838378 499895 652967 632790 643961 735512 79389 535107 141358 224107 259994 895742 638501 358874 322966 680054 61705 419326 373895 207210 626696 405207 536847 507762 541865 834044 569603 490945 236760 699616 173578 212290 634331 476829 342457 607025 731498 572219 412783 197153 128328 256832 678669 182027 751136 468803 722212 812907 874555 245338 696074 331289 585374 303303
525937 544026 403630 359768 621929 243719 500091 563556 273257 143468 123034 215608 665883 472418 335055 204830 151121 510760 279975 632221 154285 482509 399954 306237 216512 174362 342901 451133 310729 441471 696491 583767 311939 556659 630279 495701 592453 307394 999999999 582254 260746 579675 248414 551363 547665 570283 585147 279799 345582 588756 360890 788367 273814 289384 230844 427545 398323 667152 531668 120172 49108 434385 361053 578979 66704 469251 344382 292730 330897 281659 332579 605240 313104 256297 452995 393476 409820 418595 381684 611333 615674 312565 591579 617659 131938 500788 272586 453000 391307 411115 522037 622071 762265 615295 632583 551102 434631 24100 438518 596985
233787 1015532 354023 846063 337038 719623 731119 69217 514371 599350 510908 671930 348654 193534 764446 781367 559226 520415 674054 535890 574285 317853 954321 887902 367906 668420 356180 911765 305034 930164 331288 155773 328086 51313 285370 93575 960387 717630 582254 999999999 764603 148171 772802 456449 640563 120591 346412 817106 609081 199557 773839 449868 748823 797978 577561 612772 934042 299915 91030 690038 626278 292153 775943 568786 565108 924659 766015 873058 868188 813280 866842 267793 348747 786957 632810 580201 887134 917966 319389 533320 1052362 708343 16030 374181 477026 881652 779651 604748 440432 893943 243875 569578 412377 175918 326744 863496 341661 580487 144123 995913
762116 663068 657046 505410 869306 50867 348972 727077 282156 167299 383494 430327 912051 699019 527832 270816 406292 484869 137979 612177 405695 559225 446282 242318 412593 99691 594766 596046 544643 182528 937932 803659 441832 727161 870161 671351 349537 120539 260746 764603 999999999 716290 33378 810859 459962 783169 835291 395525 594142 707249 556330 836698 41250 436148 203421 340967 170882 906440 693412 273385 258146 679463 136662 534717 324924 209322 539127 287452 427725 404520 433257 844034 561316 390907 355674 648321 149075 162310 629306 589382 355507 527949 777124 668805 386702 262848 15050 373703 651441 150664 759982 584090 820393 837131 878076 338620 686871 281795 624620 343988
366326 1066854 454986 888180 480162 667560 622536 81166 443039 560508 537469 712085 495000 308817 817825 784476 595059 393935 606980 392907 610321 195278 973342 874881 366694 627431 438989 963431 363356 866619 479326 301190 278916 103327 431289 131674 864419 649020 579675 148171 716290 999999999 730436 583382 515580 264739 484668 841405 685647 51397 831703 311325 693584 831531 516418 507983 887028 447601 81890 696842 627674 400520 702672 434088 579508 851714 821359 871119 893723 839604 893551 412015 419864 812797 524348 669176 822434 858415 412332 392442 968791 765857 162660 226806 500363 792695 731122 494264 537331 830493 375346 429400 274051 323662 471335 761140 450751 584038 184059 905316
760164 630538 649483 474688 864337 76693 382195 737791 302607 173469 371386 406112 907546 699061 500244 239631 389481 512649 167215 640464 387790 578734 412933 209531 415148 104455 587679 564765 542265 193669 934928 805498 453696 736898 867484 679991 376797 153121 248414 772802 33378 730436 999999999 799776 491411 786307 829289 364335 574003 723492 528758 860721 74293 406132 223340 371348 161803 903995 704156 248336 240061 674847 169385 564148 310273 228738 511623 254076 395455 373569 401080 841603 555354 360776 386859 629964 165855 170197 623762 617668 373395 502689 784894 691714 377701 291987 33129 404004 639636 165400 757573 613412 843472 838676 873742 370484 679838 267961 631367 367832
222893 713846 171686 596961 169270 787021 960827 506803 692095 663910 428431 473237 202552 275029 495952 669308 421394 836200 794879 905260 428430 669880 759082 802961 458203 717520 230721 621922 315699 992602 251913 314781 546246 484600 224530 455071 1121020 832861 551363 456449 810859 583382 799776 999999999 933971 341846 131710 630437 305920 630082 488543 894594 818744 586100 708846 851269 945205 246844 501986 591765 566269 195213 893020 903160 491453 1016878 490709 756807 667283 621033 662501 221344 269001 602239 877931 241003 959585 969955 216327 894120 1162859 440222 449192 780596 424840 1029489 823305 860659 160677 961522 212640 923974 857400 315817 188316 1056011 153705 532371 420035 1135201
776666 1078669 763424 899824 905561 416586 150067 575159 278370 416764 615852 762488 936313 700881 882685 690060 674235 121645 326102 191790 683871 323574 888758 699754 487366 437704 709992 993069 619210 511231 938827 760082 388078 589455 876050 563824 398572 340348 547665 640563 459962 515580 491411 933971 999999999 725844 890007 803587 857198 476144 908247 459584 419313 827296 321062 124590 587323 904047 549538 644090 585276 744919 353175 106172 600904 465205 891888 735805 847858 809074 851731 850663 672453 787481 104871 882987 472221 519237 717686 173003 530751 856753 656582 335840 589357 359267 468599 95266 809380 483087 780894 148648 459541 791646 904732 286566 780587 569353 557420 451807
120195 949045 265001 789365 216560 742491 800393 183573 560388 615897 478578 621124 230431 109902 700441 757629 516440 609338 710434 640476 530624 411245 914091 874784 371160 683985 284892 846419 264389 957761 218868 36803 372765 161590 166622 163647 1015190 753987 570283 120591 783169 264739 786307 341846 725844 999999999 226570 775307 530241 315758 706057 570342 773453 749147 612737 681427 947851 185459 192797 666013 609076 200686 814660 664218 539981 960229 700405 851252 824311 769933 822050 147600 289678 744619 703999 492039 916458 942447 241559 635517 1095221 642330 110188 486440 449637 931499 798003 678291 350349 922100 130849 670601 532838 65812 206810 925216 245475 563569 174572 1045568
120550 827659 182499 695754 43634 804565 936760 404592 673577 676621 467346 552762 87018 192348 596631 733166 477823 782941 797412 836306 488135 600050 848115 863788 444877 737412 242250 731486 298157 1017594 131357 194626 505608 382082 92949 364632 1120602 838378 585147 346412 835291 484668 829289 131710 890007 226570 999999999 713589 407034 534191 593482 794370 836721 674593 704600 821630 983379 118406 406231 648144 609835 158353 899923 845682 533685 1034016 593045 824822 755434 705385 751424 90965 274036 683832 847127 349175 980975 997350 206056 827854 1177595 538490 336720 696500 453269 1030991 848901 826150 228868 984334 113333 860379 756869 189365 61401 1045030 150853 569984 343563 1141218
697448 275516 542000 111316 756398 415653 725843 812404 542651 387807 307125 160952 800589 666642 169128 124729 259405 782972 492605 907500 244884 761093 138813 221748 475775 371297 498350 200524 515204 521311 842041 778306 586960 801461 784456 740558 737088 499895 279799 817106 395525 841405 364335 630437 803587 775307 713589 999999999 330454 856834 194251 1067227 431442 54329 483674 679317 427370 819993 783128 163481 232085 595694 531363 848587 262555 574965 180079 157018 52392 11824 53039 763955 486357 30725 701909 398484 511559 492981 543828 886031 706194 204521 823315 897077 342859 655497 397375 708575 485303 506670 690197 893847 1040332 804653 771869 734051 572936 266924 679982 720155
425763 424478 266135 291344 450652 585993 835688 630154 581135 486569 243872 184609 492514 423326 190720 391746 195006 790502 624695 893174 191460 684970 454300 524295 387750 518235 252973 325502 322817 764727 538391 520929 513745 612571 490053 559438 936347 652967 345582 609081 594142 685647 574003 305920 857198 530241 407034 330454 999999999 718385 186469 971120 614273 282784 563128 747694 696268 522352 609627 332717 336404 330014 705716 861973 279264 802477 186367 470072 363382 320211 358250 474534 266119 304344 774676 68031 739853 738715 291166 875975 947349 134301 609655 819803 267856 845172 603441 767588 185607 739045 416264 896596 937436 539314 468147 896325 290377 321683 502036 937208
415146 1089886 496283 909095 530681 657579 589867 132277 428787 556907 556795 733618 546125 355064 842710 793241 616472 354830 591825 344773 631609 164046 986241 877400 381158 622096 476010 987001 395634 850675 530720 352299 279949 154179 482366 175407 835717 632790 588756 199557 707249 51397 723492 630082 476144 315758 534191 856834 718385 999999999 857895 265116 682124 850043 504917 478043 877192 498956 128532 707660 637451 444140 684092 390311 594279 832226 846832 877516 909225 855709 909441 462812 454199 828932 492563 705550 806319 844043 452252 345516 944590 792358 213968 176223 519310 767192 721864 461869 576819 814807 423918 382708 228344 375035 522145 730301 494010 595136 221403 878599
607554 243010 446426 114183 637091 564465 855935 785707 631787 499406 314608 145885 678782 596895 28514 300224 250655 863791 626552 979333 237117 796149 288392 414931 491581 506509 421945 140775 472720 702585 724837 700115 617696 770350 676136 713123 905473 643961 360890 773839 556330 831703 528758 488543 908247 706057 593482 194251 186469 857895 999999999 1096310 586591 140011 591124 788413 615194 708710 761359 285573 327802 508717 685914 933809 309459 751557 17283 351077 206733 182427 200155 660028 425109 180602 813745 247661 687414 674610 464502 959739 888730 65960 776396 934386 350645 819022 561490 813789 370347 683913 598483 974393 1065156 720667 654614 887580 472985 338898 652982 894852
677159 1318339 760312 1133900 786885 786062 606538 389964 561088 717017 784639 962683 797307 619752 1078264 984696 847620 368974 702766 268937 862120 306152 1186634 1045014 605542 771420 736455 1217798 651264 941643 775304 605592 482920 412473 734627 440494 858069 735512 788367 449868 836698 311325 860721 894594 459584 570342 794370 1067227 971120 265116 1096310 999999999 802765 1069262 639408 526629 995244 746198 392623 908045 837133 709172 771784 353424 809553 906432 1083714 1058825 1118881 1068081 1120230 717652 711684 1041895 527664 963941 898630 942832 715470 286603 988095 1032174 461585 172205 747462 812610 849601 498102 839263 908750 686356 314832 37515 623369 776507 746064 758930 800306 484566 910625
758690 701082 660922 540407 869374 32157 307910 708389 254066 160896 394618 456422 911459 693321 558176 307072 423079 447445 100602 574129 423860 530695 486532 283564 405314 101265 598287 631842 542550 184507 935431 795476 422898 709635 867381 655288 323223 79389 273814 748823 41250 693584 74293 818744 419313 773453 836721 431442 614273 682124 586591 802765 999999999 470195 177346 301246 195978 903304 674775 301602 278143 679586 100230 495665 339810 198301 569326 327984 465399 440047 470756 841005 563586 425232 315266 665967 144842 169489 630763 551353 344119 555082 761830 636243 393952 233739 49508 334016 660676 149346 757128 545102 787473 829231 877336 303226 689985 296295 610995 323531
665616 254688 507494 72703 717790 451983 757402 797705 559822 410595 294064 128054 761570 639624 114825 168441 239181 799186 524246 921528 223978 763479 173705 275271 469621 402245 467901 166225 493577 570091 804276 749884 586659 785502 748601 725203 781550 535107 289384 797978 436148 831531 406132 586100 827296 749147 674593 54329 282784 850043 140011 1069262 470195 999999999 506243 703866 478609 783572 769595 183354 245021 563785 570425 866446 259728 622084 125750 211080 81263 42528 76878 729068 459479 45416 727451 350640 558277 541850 513248 900539 755656 153038 803251 900841 331226 698109 439258 732034 445728 553898 657870 910458 1041056 774906 733815 773421 537708 272816 664285 766807
613516 758156 540735 578763 732633 153057 272647 533792 79271 95926 320129 446335 772259 543075 564783 374421 370473 306548 97719 434633 377570 355905 577183 409037 259874 133273 479001 672022 406576 353254 790634 637910 249574 536286 722546 484087 416031 141358 230844 577561 203421 516418 223340 708846 321062 612737 704600 483674 563128 504917 591124 639408 177346 506243 999999999 198222 372368 757120 500321 323107 265078 546431 201971 367894 290198 348339 574425 432097 529349 488749 532868 695801 441312 466709 222883 600840 309820 342922 503272 412210 482873 543299 591200 469258 303146 326614 217710 225796 560270 316972 613568 414991 621031 672001 738118 347615 566348 253873 444116 438260
714742 954559 679583 776486 842044 295413 119033 553376 167282 293318 504234 643077 876519 639283 762367 565471 560032 157821 204440 277347 568705 314249 764464 578063 394684 313259 622325 869860 536007 416256 885040 713053 317200 563634 819390 526694 357749 224107 427545 612772 340967 507983 371348 851269 124590 681427 821630 679317 747694 478043 788413 526629 301246 703866 198222 999999999 480082 850264 523564 520533 463260 669499 248555 195376 483592 379910 771843 612267 723343 684943 727253 793104 584052 663613 27270 778311 374100 419606 636045 254917 472611 738839 628386 375434 480732 294063 350752 32772 716539 384534 717511 244831 518407 746225 843568 253198 700063 449908 507377 402252
