NAME : synthetic_000961
TYPE : CTSP-D
DIMENSION : 100
GROUPS : 8
RELAXATION_LEVEL : 1
EDGE_WEIGHT_TYPE : EXPLICIT
EDGE_WEIGHT_FORMAT : FULL_MATRIX
EDGE_WEIGHT_SECTION
999999999 334170 288484 563042 156438 831091 419615 640619 340690 151871 423240 312303 56073 177175 263924 656457 121762 642359 587253 531257 202702 681326 702894 469566 306089 509246 493678 257861 364057 371266 668520 594473 166848 433827 485068 654097 514615 176348 304868 506476 775189 531357 324476 635131 431376 544793 332597 381210 317577 563859 678580 449282 577046 609306 614660 338604 711941 272479 433710 681214 621435 501118 302680 422615 438954 557023 565757 401523 555793 701038 285371 279037 257435 260854 527749 636323 431163 513017 118459 309269 514544 325071 672690 566627 386804 436495 409017 413395 333638 592861 135929 694156 494353 477902 338607 269426 578976 689282 360279 478434
334170 999999999 292417 862853 404350 965179 740585 844691 232601 210916 477323 342783 341798 178597 299409 582264 248293 900583 507910 708817 536860 1015332 897371 594251 275990 681345 758824 104382 698193 72403 987933 534680 408450 526630 783679 894157 504807 509355 615633 317781 899429 301160 187129 454833 159879 805043 617925 618023 542661 896652 960484 160304 873793 931844 455234 464718 851145 473896 383331 825423 673175 826766 332109 743570 316179 857913 499328 716268 723604 468737 408024 271686 257030 400143 701172 702196 633084 838061 311818 378149 451818 635649 672729 385888 207964 575123 392507 693304 399189 443386 460228 498619 588208 804597 19155 202863 745638 1023451 682584 800122
288484 292417 999999999 836878 439126 1105102 559948 927162 467937 170482 653884 518785 337574 298616 29118 831111 318185 929208 755987 811752 438143 870591 988611 732524 29633 787983 780662 195670 581648 363929 920789 775213 448665 682561 761509 942467 719138 428155 432049 597163 1045576 590186 428132 737012 451169 832029 618077 669019 602830 784310 959167 452692 852406 858323 731437 179140 985765 223369 609567 955945 860850 748297 506964 681436 570458 830311 741223 668728 834445 760484 131761 21000 433158 514607 807206 882323 714803 760911 368549 87875 689331 448737 889198 665966 474119 702948 601836 698609 561516 715936 336749 785325 746625 723874 279825 404254 857784 885111 510855 733656
563042 862853 836878 999999999 458655 574611 468026 325381 737360 714321 576689 610303 532010 684277 808926 824508 615227 177358 795330 368926 406020 392020 373250 470120 859475 380342 155325 811212 318042 871957 166411 773929 455171 521818 79261 235058 677649 409695 509784 872372 561541 926865 755961 942778 894967 154373 245431 286773 350179 257050 135010 920609 19029 150996 905819 808333 499162 706825 704003 475448 623007 162086 612827 170319 778411 7517 769202 170096 391544 1050702 780450 832158 649430 504072 377650 605121 332406 155178 551035 826779 743487 510313 726927 899882 804821 448547 661963 177056 567931 881422 506431 1001183 522610 176365 873317 701327 397332 375986 457474 141138
156438 404350 439126 458655 999999999 674740 464001 488242 308639 282099 294476 220273 102285 225936 416469 552034 158198 507556 490606 375053 219393 663924 549486 317673 453492 352827 360918 360842 353618 415352 590145 489485 10775 291256 379580 511547 398562 183704 379036 468857 619341 510402 314199 577689 448287 409946 213576 232742 163788 526392 558502 472151 469445 537685 549529 492480 555666 417598 346426 524872 479123 439045 215186 352047 383529 453834 466103 319637 399384 664241 441024 427302 213047 129020 371393 490304 275990 449075 92813 465568 419354 396821 542107 516746 371541 283415 311770 289977 216841 525499 225679 639044 347675 419405 415292 255363 422586 665954 407644 407700
831091 965179 1105102 574611 674740 999999999 982798 253055 742249 937197 489103 622702 776000 829292 1085312 547111 790014 405765 575794 304040 805589 966309 201632 376390 1114809 323043 461603 976910 819105 929681 714691 538533 664260 439035 572153 343658 497778 783579 968333 774042 67710 837691 784717 752538 896873 431047 578488 476135 520176 829398 502023 923099 560816 721782 713979 1165405 119410 1083070 609474 149878 322431 723320 633689 682606 701813 579514 561419 650653 277092 867508 1115510 1090531 711004 592513 305683 286535 407604 720327 736563 1139608 578991 978309 392891 754671 794041 403075 584890 530267 567364 698051 870763 788381 376988 728590 983047 762704 254591 949300 949510 690077
419615 740585 559948 468026 464001 982798 999999999 734950 750324 531983 745847 683667 440662 596750 532019 1012152 537910 633844 953603 698589 244717 317896 796201 718988 589237 691377 525407 647016 163862 786923 457620 950104 471204 724097 429407 680423 855429 280508 129206 916872 948667 947599 740503 1036473 850809 565656 414801 527478 521376 277311 600598 868050 487017 397801 1010667 445242 879710 350516 810269 849546 897466 311996 677757 310149 839469 460634 928619 335194 727881 1113414 448579 566893 658348 589187 701739 897136 604930 322383 507465 505902 882971 111346 979979 971832 802793 683785 775672 452551 678630 987097 284269 1097314 764845 293210 740750 682852 745444 336245 59395 326890
640619 844691 927162 325381 488242 253055 734950 999999999 650173 768419 413065 514799 589613 683458 903899 591102 629679 171334 587316 141093 576365 717190 64470 275639 941705 168889 210189 831524 571123 826314 475704 556169 478985 349635 319111 112917 477373 559368 731125 734587 236254 797498 685031 759885 816606 178075 344735 260540 324457 577542 277086 843956 313146 475189 719922 959982 176160 869853 554219 156617 356136 470445 523122 430839 646047 329709 564730 400512 137925 876773 915691 915544 590276 445183 150645 327587 215591 467714 567588 947632 559007 739262 460214 738138 713266 280361 517493 285030 458031 698336 653545 809835 311655 475536 860361 646716 124454 701364 705194 437022
340690 232601 467937 737360 308639 742249 750324 650173 999999999 315604 253718 136556 309997 184743 462423 363887 219213 735470 288583 509614 511130 972368 696264 382561 462529 481666 607651 282655 659222 187689 884554 310302 306347 310014 661819 717131 272287 476322 643501 166723 675424 201941 45541 295540 166919 646812 498641 460556 389251 834662 811819 194232 744230 836803 278541 609724 631931 581155 151371 608394 441793 743641 130019 655965 105112 733958 275482 620495 519328 363091 548967 447683 95680 233721 500672 471865 452532 752929 243404 539689 224930 663449 441108 226108 67616 370585 160903 560330 192265 258778 473590 353749 367188 725253 251630 72938 539673 974592 691283 710121
151871 210916 170482 714321 282099 937197 531983 768419 315604 999999999 483850 350056 186562 134243 155987 672735 148031 786140 598421 647660 345363 817022 828379 563168 177654 623017 637900 115475 504877 266970 819633 614663 290568 512138 636011 793137 552845 323694 405662 463498 876815 470380 281738 602190 344855 688267 479945 514840 444700 707985 827654 355537 728022 759873 590682 294131 818050 275537 447928 788606 690702 651030 338334 573945 420631 708396 581650 553384 669201 644668 233375 154106 267050 345282 642526 711895 553746 663102 202378 227740 529247 425532 721840 530646 336842 534341 436419 560417 391299 572546 257415 655806 576253 627486 209301 246088 692515 827146 474795 629495
423240 477323 653884 576689 294476 489103 745847 413065 253718 483850 999999999 138898 369644 358901 639542 269790 339068 527342 223580 272986 506091 890550 452019 137467 657463 246109 426432 499718 611825 440718 739592 210128 284922 63677 512885 496325 111521 471740 671831 322066 422696 384567 295643 367708 413690 452755 378956 292458 247670 741233 618747 440682 578049 704754 329844 754985 378245 695710 141508 355134 207020 633785 150668 550830 233068 575451 197045 510083 276432 479562 697323 636359 229050 166578 262940 230425 248862 639746 306465 706539 166807 688919 249847 332584 309489 138677 104736 409975 92863 305743 519403 424995 113609 621859 495538 276452 294426 886028 692723 595506
312303 342783 518785 610303 220273 622702 683667 514799 136556 350056 138898 999999999 264739 221428 506022 344382 210846 599722 276848 374836 438964 873591 562570 252497 520906 346899 475018 360821 570901 313762 762943 282226 214071 183859 537025 580597 205738 403165 592071 264343 557374 316649 170405 359614 303438 512417 379095 328274 260131 730086 678334 330726 615883 718778 329934 630651 508370 580563 126911 482850 344539 632017 11896 544696 172060 607418 254276 506772 386167 453298 571481 500660 90171 109975 366205 369189 316148 640269 194564 575920 204171 610843 372277 302624 202539 236757 96969 433691 57464 305691 427734 421042 246039 615669 360459 140030 407256 873170 626648 596418
56073 341798 337574 532010 102285 776000 440662 589613 309997 186562 369644 264739 999999999 169414 314446 608928 101569 599709 541363 477237 206645 682760 651266 413499 352953 454741 451374 279461 364261 368610 647769 546571 112345 378310 453062 608078 463860 174350 334923 476708 719653 507217 300490 600336 419237 501847 293925 331869 265434 557216 642037 439610 544889 590671 577477 394675 656753 326892 389046 626131 566163 485001 255920 402446 402991 526401 519013 377007 501321 673001 341270 326425 220280 205765 473442 580615 378202 496354 71100 363710 468598 354608 619427 533629 362566 380485 361693 374147 281466 554896 165995 660390 438504 462800 349192 242304 524565 688643 381486 458949
177175 178597 298616 684277 225936 829292 596750 683458 184743 134243 358901 221428 169414 999999999 287996 538524 70425 726899 464310 553068 373585 851618 739653 452906 299589 526625 583075 149033 533043 199198 810538 480445 230393 394432 605092 724191 420592 342808 479984 341985 766354 359197 156724 477563 254239 630384 439485 445369 370506 726499 783368 272683 695309 755286 462810 426828 711502 396720 313743 683453 565600 651580 209538 567206 289654 679322 447409 538764 571302 531806 366163 279947 134541 240907 546535 589099 468536 662597 133259 361809 395005 500286 590588 406683 217055 427909 303480 515473 268320 443449 312706 533757 458739 629959 189389 113085 594212 857865 537434 623721
263924 299409 29118 808926 416469 1085312 532019 903899 462423 155987 639542 506022 314446 287996 999999999 824171 301724 903090 749295 790280 409387 841974 965703 714167 57362 766889 754660 198699 552531 369680 891870 767311 426213 666073 733831 917253 708238 399873 403840 597245 1026455 593393 424128 737219 456210 806098 591782 645044 579878 755208 931795 459441 824564 829363 730075 165901 965914 199246 601009 935881 846228 719352 494286 652847 566078 802323 733707 640516 813422 765129 112855 36576 422137 496529 785972 866850 692432 731973 349065 79748 681545 420732 877611 665864 472740 683961 591393 672174 546852 713810 307894 786948 729886 694922 288272 396542 836749 856366 482459 704906
656457 582264 831111 824508 552034 547111 1012152 591102 363887 672735 269790 344382 608928 538524 824171 999999999 548722 740912 75331 473057 769598 1157645 605652 354469 826372 453469 669583 645903 881399 519807 990492 62654 543641 309151 768298 695859 158283 734420 930704 286842 483616 339682 406226 213203 451161 684910 646240 551176 515548 1007552 842451 470695 822832 961597 179021 964125 476560 922007 226112 469662 240493 898176 353784 817325 266611 824414 91593 776309 461206 322947 903743 811059 409596 423862 462692 274766 492696 903296 538946 899880 144020 948739 154427 238777 374325 377214 247475 668784 335194 171154 770138 241791 302435 887700 601196 427662 468549 1152068 957623 859439
121762 248293 318185 615227 158198 790014 537910 629679 219213 148031 339068 210846 101569 70425 301724 548722 999999999 663607 476980 504127 307958 784202 687895 415300 325461 478714 518166 204670 465768 268583 740181 487988 163699 364489 535983 663924 416543 275918 426148 384727 729155 410412 203237 514271 317742 566436 371072 384124 310444 657252 716689 338047 626603 684861 494948 419806 671058 373461 323008 641907 545097 581257 199730 496786 319112 610154 457197 468412 524480 579374 360706 302133 140852 197594 498433 565182 414090 592239 65793 367480 405018 446277 582284 445299 265632 386956 303851 448157 246206 473684 256468 572914 428471 559721 258134 147666 547708 789846 478528 553299
642359 900583 929208 177358 507556 405765 633844 171334 735470 786140 527342 599722 599709 726899 903090 740912 663607 999999999 726716 268132 526445 563441 205131 397791 948210 289798 148681 867903 475352 895361 309289 699137 500719 465012 205444 62326 611110 519682 657578 845538 401951 905631 763335 891139 901247 97874 311403 282622 358000 433884 106280 928246 160805 317683 851934 929505 346236 831750 666787 327931 515239 337712 605495 324524 752754 183588 702225 306896 280535 1005541 893543 921021 659961 507949 278607 490139 284799 331781 597940 933740 687619 661432 620821 859913 802184 388769 626444 231636 547640 828838 619025 945214 444410 349203 913961 715964 276876 545280 615605 311577
587253 507910 755987 795330 490606 575794 953603 587316 288583 598421 223580 276848 541363 464310 749295 75331 476980 726716 999999999 459469 709639 1113538 609642 330676 751093 436918 642182 570582 828501 446539 959886 37658 482819 273589 734440 686402 117787 674111 867521 220944 509741 278479 330913 178259 380657 662684 602244 514515 470955 964549 824852 401413 795293 927065 138803 890501 492663 850438 154057 481127 255718 857364 285443 774195 191849 794593 26536 733527 452088 295350 830010 735893 336941 364538 448901 291895 463371 863310 470747 825285 72777 885963 194862 183164 300160 347423 180331 632423 275047 122326 704474 223003 282312 845321 526902 352918 462924 1109364 897987 819080
531257 708817 811752 368926 375053 304040 698589 141093 509614 647660 272986 374836 477237 553068 790280 473057 504127 268132 459469 999999999 504684 742736 188625 136201 823891 27953 217295 702016 537877 687541 533996 431183 364892 209349 331342 227543 345283 481047 670786 594998 256463 657539 545234 627309 675815 218248 284668 175365 216567 594189 369592 703159 363185 516894 587657 862622 188282 779146 414448 156860 255124 481276 383518 419371 505609 370598 435439 381433 29324 743202 813930 798560 452774 312372 10576 236200 103588 482290 445283 840523 424487 682160 360198 601419 572323 139331 377021 255643 317756 565220 566818 679697 177817 479140 725016 508841 49661 731196 659509 443312
202702 536860 438143 406020 219393 805589 244717 576365 511130 345363 506091 438964 206645 373585 409387 769598 307958 526445 709639 504684 999999999 479011 640780 496255 463085 491085 386109 457576 161363 571594 483229 707271 226847 490480 335858 555268 614043 35805 170680 676722 761140 711244 505713 793088 625684 436211 231651 329816 301022 362763 535402 645608 422937 421299 766557 404838 692725 305541 565554 661381 671532 311231 433147 244014 596649 399020 684889 235924 533433 873419 374479 436286 417296 345813 505250 675820 402685 323731 267914 421157 638653 185565 746789 729540 567276 460310 531157 300389 435004 742849 101800 854146 537444 286988 541199 446735 554131 486613 188349 295519
681326 1015332 870591 392020 663924 966309 317896 717190 972368 817022 890550 873591 682760 851618 841974 1157645 784202 563441 1113538 742736 479011 999999999 764730 816294 899310 747707 527198 931800 318576 1050285 270323 1100120 666925 849012 411599 624234 1000975 508812 440056 1131939 953082 1174258 974345 1232155 1101021 542339 511689 610089 642900 150807 482917 1122109 405495 245903 1200111 763131 889590 667704 991389 864622 986692 263307 871351 340345 1043870 387499 1087072 381405 768751 1325807 764973 875469 876690 765286 749875 974694 678777 260903 736202 821955 1050301 425246 1085363 1176028 1033854 786841 951260 496459 849583 1175412 559647 1293405 868792 270642 1018943 914801 778490 26275 360460 302229
702894 897371 988611 373250 549486 201632 796201 64470 696264 828379 452019 562570 651266 739653 965703 605652 687895 205131 609642 188625 640780 764730 999999999 315518 1002606 216299 270794 888276 632546 875819 514418 576456 540017 389817 375522 142807 504986 623833 794891 770458 198825 834073 732923 785471 861616 233964 409136 323952 385835 628870 305240 888911 359239 520166 745411 1023936 151526 934146 591357 143003 365898 524488 571539 489963 684530 378294 588600 461164 177002 902931 979239 976626 641394 499743 196652 333727 274634 520867 626785 1010559 588230 802777 465826 768966 757635 325918 556709 348182 505248 724889 717891 832600 344365 531189 913489 697419 157645 747668 767687 492572
469566 594251 732524 470120 317673 376390 718988 275639 382561 563168 137467 252497 413499 452906 714167 354469 415300 397791 330676 136201 496255 816294 315518 999999999 740744 110184 315114 600736 568737 565771 636260 305848 306902 74392 416274 362215 213809 466112 666934 459075 314106 521872 421192 493528 546719 332318 314830 206857 197865 665492 494327 573954 468378 609259 454206 808126 258906 735260 278614 231768 178732 553513 262600 478209 370526 470142 305529 437331 139140 608599 754462 717122 337649 217942 125955 179613 139632 557290 365547 773038 290092 681455 269976 465518 442557 35963 242074 320583 195325 431259 535823 547453 53034 545907 611502 391520 157952 808330 671903 514492
306089 275990 29633 859475 453492 1114809 589237 941705 462529 177654 657463 520906 352953 299589 57362 826372 325461 948210 751093 823891 463085 899310 1002606 740744 999999999 799640 799548 184258 608564 348169 946163 771549 462727 688591 783537 959960 718759 451795 461162 585861 1054462 575988 421366 725343 435682 850763 637595 684822 617255 811651 980479 435679 874750 883895 721272 204443 995626 252810 606891 966103 864455 773816 509028 705718 563579 852992 737207 692009 845964 744727 159996 27365 433684 522905 819030 886895 728270 786398 379104 112349 685683 477981 889349 654703 464570 711994 601190 718301 565665 706534 362127 772272 752857 749434 262186 401402 869297 913641 539818 758426
509246 681345 787983 380342 352827 323043 691377 168889 481666 623017 246109 346899 454741 526625 766889 453469 478714 289798 436918 27953 491085 747707 216299 110184 799640 999999999 226291 675632 532251 659689 546336 409638 342509 182432 337642 252129 321650 466146 658727 568175 271929 630536 517300 602955 647890 233053 276580 164560 197543 598210 389261 675236 375843 526289 563447 842399 205190 760431 387617 173856 242862 485091 355609 419458 478402 381510 412485 380507 46585 718437 792891 774495 425123 285766 19930 227371 88489 486826 420687 818369 399757 670730 346615 575700 544432 111473 349837 255482 289805 540761 549596 656047 154619 481552 697622 481120 69876 737049 650554 446656
493678 758824 780662 155325 360918 461603 525407 210189 607651 637900 426432 475018 451374 583075 754660 669583 518166 148681 642182 217295 386109 527198 270794 315114 799548 226291 999999999 721748 361786 758072 321728 619798 354604 369327 116095 169188 524396 375948 529513 731790 435807 788905 631535 793976 770702 51579 163483 147095 220138 380534 204558 797243 153365 300069 756275 785558 368930 689512 558486 341634 469138 268942 479185 221011 637775 155863 616247 190459 242125 904186 747687 772369 526041 375067 225300 452801 178862 268460 452374 786627 592744 535941 572403 754525 675167 294792 516708 85943 427675 732135 474712 851402 367438 270437 771465 580865 251293 514771 497832 232706
257861 104382 195670 811212 360842 976910 647016 831524 282655 115475 499718 360821 279461 149033 198699 645903 204670 867903 570582 702016 457576 931800 888276 600736 184258 675632 721748 999999999 618152 171757 925011 592953 367268 539945 732129 868546 547709 433672 520059 401886 913344 394966 239688 541589 257650 770521 570407 588782 514891 820256 918092 262075 823770 866504 537023 362457 859585 369624 431172 831827 704233 758778 349074 679046 381074 805687 558124 655610 720335 566430 304784 174672 270680 389938 695538 729874 616199 770595 270056 278321 507471 539770 718572 470727 280402 576516 430618 649266 412149 522322 372468 589661 603913 735674 97935 228510 743238 941529 590076 735217
364057 698193 581648 318042 353618 819105 163862 571123 659222 504877 611825 570901 364261 533043 552531 881399 465768 475352 828501 537877 161363 318576 632546 568737 608564 532251 361786 618152 999999999 731778 348377 820666 358180 582308 269914 519258 723174 190243 194407 821971 785837 860981 658376 930240 782983 403043 257017 370105 374058 204367 452958 803781 336967 284903 900752 513155 716985 410477 694133 687062 747344 179487 567080 151169 737099 310526 802624 172073 567061 1017756 497019 582737 563793 467130 541568 744257 447468 191916 419518 549966 760631 192941 835028 870271 718793 534520 656245 288990 555492 876398 250837 991666 617086 155953 702553 598879 583910 325401 140478 180771
371266 72403 363929 871957 415352 929681 786923 826314 187689 266970 440718 313762 368610 199198 369680 519807 268583 895361 446539 687541 571594 1050285 875819 565771 348169 659689 758072 171757 731778 999999999 1005071 475380 417660 494898 793404 883965 454701 541560 664906 248033 862975 228828 145203 383588 87526 801973 626666 613560 538591 925645 961914 90461 881578 951276 385549 534158 818485 537713 332677 794273 628076 849080 304394 763783 256656 867504 440115 733699 699789 396673 476501 343089 237096 388077 679208 658857 619739 859864 326036 448903 394997 685139 619027 315445 147834 550359 347885 698412 371225 374849 503395 426447 553803 827853 88385 180450 720998 1056851 728116 820137
668520 987933 920789 166411 590145 714691 457620 475704 884554 819633 739592 762943 647769 810538 891870 990492 740181 309289 959886 533996 483229 270323 514418 636260 946163 546336 321728 925011 348377 1005071 999999999 939274 588696 686312 227697 371611 842404 498053 537681 1026934 710308 1079067 898919 1103665 1036313 316673 385916 447536 504897 185487 217001 1060986 170814 63478 1067373 861515 651831 758852 863108 630601 788696 172616 764307 245992 933512 166119 933633 271775 555573 1209486 844302 919452 793121 654225 542978 769941 497955 159954 679311 896058 906287 531865 892944 1058113 951298 613948 821090 331904 724361 1042818 584091 1162772 688856 197095 996410 842026 559804 248113 468421 190139
594473 534680 775213 773929 489485 538533 950104 556169 310302 614663 210128 282226 546571 480445 767311 62654 487988 699137 37658 431183 707271 1100120 576456 305848 771549 409638 619798 592953 820666 475380 939274 999999999 481146 254073 715226 657153 99152 672037 868083 256108 472654 314833 354029 214618 412573 638104 588435 496437 457320 950423 798627 434151 773147 908341 175570 904808 456841 860939 166783 446103 219341 841928 291822 760030 218949 773489 35356 719127 422272 331163 844593 755398 349814 361474 420655 255423 441523 847418 476753 842219 85892 886142 157712 220639 327963 325392 185485 614371 272648 159830 707525 256669 255655 830768 553773 371001 432052 1095126 895380 803365
166848 408450 448665 455171 10775 664260 471204 478985 306347 290568 284922 214071 112345 230393 426213 543641 163699 500719 482819 364892 226847 666925 540017 306902 462727 342509 354604 367268 358180 417660 588696 481146 999999999 280842 376254 503739 389649 191292 387888 465245 608729 507814 313455 572392 448578 403260 209794 224487 154569 528320 553226 472748 465615 536925 543766 503180 545151 428366 339724 514386 468619 439393 209438 352122 379004 450481 458161 318917 389078 660183 451611 436636 211006 120097 361139 479655 266227 449232 97948 475860 411827 405515 532154 512119 369997 272641 304479 285083 208532 519637 235780 633787 337037 420126 419765 255011 412299 668546 415192 407467
433827 526630 682561 521818 291256 439035 724097 349635 310014 512138 63677 183859 378310 394432 666073 309151 364489 465012 273589 209349 490480 849012 389817 74392 688591 182432 369327 539945 582308 494898 686312 254073 280842 999999999 461335 432928 156154 457712 659648 385743 374160 448190 349838 427426 473104 392894 338508 242421 209579 698689 557991 500282 522093 654338 388833 770978 324586 704756 205185 299524 188253 589032 194710 508684 296415 521024 247398 467609 213526 540764 715118 666092 272044 173370 199341 202842 190539 594157 322103 729114 224427 675647 256469 395144 368859 76490 167862 360317 128427 365175 516178 483380 64373 578768 544315 323879 232190 843075 673424 550288
485068 783679 761509 79261 379580 572153 429407 319111 661819 636011 512885 537025 453062 605092 733831 768298 535983 205444 734440 331342 335858 411599 375522 416274 783537 337642 116095 732129 269914 793404 227697 715226 376254 461335 999999999 251354 617432 336304 454124 800405 549942 853616 679133 876028 817860 141616 166741 220441 277757 264439 199676 843301 92010 193300 839865 740388 483840 639978 635423 457106 579215 153153 538950 119358 706732 74253 708059 103737 357156 981867 709809 756185 572674 429391 338729 565012 276648 152370 471865 754565 679338 457071 680678 830551 729097 391123 593400 104241 497040 815280 434500 935251 469299 156474 794086 623892 367148 399865 410173 118068
654097 894157 942467 235058 511547 343658 680423 112917 717131 793137 496325 580597 608078 724191 917253 695859 663924 62326 686402 227543 555268 624234 142807 362215 959960 252129 169188 868546 519258 883965 371611 657153 503739 432928 251354 999999999 572806 544865 695399 817581 339925 879004 747819 854810 883897 119600 330407 279852 353845 492093 165271 911127 219664 378818 815186 954085 285416 858545 637419 268493 465082 392310 587383 370306 726145 240755 662673 347915 235018 970519 915122 933031 647053 496100 238106 438099 265004 387305 598980 952611 651806 700682 570090 827544 782780 358153 598269 255082 526262 792684 643336 907179 405336 401905 908444 703602 227742 606492 658434 363622
514615 504807 719138 677649 398562 497778 855429 477373 272287 552845 111521 205738 463860 420592 708238 158283 416543 611110 117787 345283 614043 1000975 504986 213809 718759 321650 524396 547709 723174 454701 842404 99152 389649 156154 617432 572806 999999999 579201 777534 276509 430142 340414 317824 282620 407123 545246 489293 398015 358213 851274 708117 432030 677523 810331 242749 836339 401514 785154 122069 385360 178594 742879 216822 660879 207406 676969 92011 619980 340296 399403 777042 700219 286137 269572 334713 212827 345594 748445 396159 779988 83870 795126 170952 264860 309207 229640 117615 515988 183431 220964 620585 334448 167471 731632 523870 319425 353146 995983 801552 704355
176348 509355 428155 409695 183704 783579 280508 559368 476322 323694 471740 403165 174350 342808 399873 734420 275918 519682 674111 481047 35805 508812 623833 466112 451795 466146 375948 433672 190243 541560 498053 672037 191292 457712 336304 544865 579201 999999999 202002 641634 737337 676835 471826 757431 593538 426909 216377 307512 272991 387607 535750 613947 425804 437258 730800 409924 669327 313734 529772 637906 640157 327810 397343 254449 561106 402962 649428 240670 509452 838301 374887 424652 382178 310566 481041 645433 378143 340030 233432 418343 603028 217998 713730 694064 533154 430151 495472 290044 399627 707075 99421 818517 506055 304050 514521 412663 530667 515366 223947 308438
304868 615633 432049 509784 379036 968333 129206 731125 643501 405662 671831 592071 334923 479984 403840 930704 426148 657578 867521 670786 170680 440056 794891 666934 461162 658727 529513 520059 194407 664906 537681 868083 387888 659648 454124 695399 777534 202002 999999999 810031 926704 836224 629264 935256 732397 576179 389899 495426 471362 372662 644729 748272 528492 474657 912123 330186 857886 230295 718746 826736 841927 372933 584750 339899 737911 502286 843645 350930 699849 1005403 325671 438360 555201 507965 672035 846492 570250 385124 405048 382274 795393 20317 915474 868287 691624 630988 687382 447234 595632 889321 169929 995242 707817 349901 614916 573449 719820 456058 79694 374926
506476 317781 597163 872372 468857 774042 916872 734587 166723 463498 322066 264343 476708 341985 597245 286842 384727 845538 220944 594998 676722 1131939 770458 459075 585861 568175 731790 401886 821971 248033 1026934 256108 465245 385743 800405 817581 276509 641634 810031 999999999 706475 64139 185275 139974 168906 764807 643423 587161 522737 991101 931815 185503 877004 983121 137545 754401 677110 736614 180560 659428 452807 895386 264049 807835 94081 869808 224008 770470 597177 196712 694138 576205 259457 374069 584893 488072 561771 903903 409574 676747 195520 830019 412637 68845 126668 459447 219388 696588 304720 127718 640103 192421 426126 878414 335406 237072 613851 1132907 857889 860229
775189 899429 1045576 561541 619341 67710 948667 236254 675424 876815 422696 557374 719653 766354 1026455 483616 729155 401951 509741 256463 761140 953082 198825 314106 1054462 271929 435807 913344 785837 862975 710308 472654 608729 374160 549942 339925 430142 737337 926704 706475 999999999 770171 718148 687021 829382 411665 538417 431573 469206 811854 503873 855562 549395 711433 648215 1111440 69067 1031545 541845 99976 255421 702823 568495 655164 634117 565749 494807 620921 227887 802528 1060329 1030560 646178 531582 256322 219379 359251 700964 677393 1082611 511541 937663 330098 687780 726683 342629 517588 497360 502586 631862 821507 724156 311357 705928 917415 697252 207041 937515 912454 667837
531357 301160 590186 926865 510402 837691 947599 797498 201941 470380 384567 316649 507217 359197 593393 339682 410412 905631 278479 657539 711244 1174258 834073 521872 575988 630536 788905 394966 860981 228828 1079067 314833 507814 448190 853616 879004 340414 676835 836224 64139 770171 999999999 207218 160554 142027 823316 693988 643233 576695 1035901 990220 150153 932176 1033568 173151 754909 741218 745834 243288 723565 516081 943063 314788 855356 152960 924035 284189 818939 660313 174300 695566 569209 297609 424851 647507 551504 621229 952006 443408 673121 258801 856418 472324 102972 144843 521116 280907 750338 361238 171340 666814 197930 489832 925269 317002 264938 677254 1176310 888296 908741
324476 187129 428132 755961 314199 784717 740503 685031 45541 281738 295643 170405 300490 156724 424128 406226 203237 763335 330913 545234 505713 974345 732923 421192 421366 517300 631535 239688 658376 145203 898919 354029 313455 349838 679133 747819 317824 471826 629264 185275 718148 207218 999999999 321522 139356 672629 513889 484853 411640 839903 836087 165713 763798 849129 308944 575286 673283 552322 196828 649114 486697 752843 161923 665505 142344 752190 318983 631550 556362 376972 514615 407625 106534 256564 536609 516404 482817 762628 238931 502328 269123 649426 486564 250324 62396 407033 205776 579481 227676 291052 459694 377116 408616 733511 206134 59547 577228 977787 681174 720600
635131 454833 737012 942778 577689 752538 1036473 759885 295540 602190 367708 359614 600336 477563 737219 213203 514271 891139 178259 627309 793088 1232155 785471 493528 725343 602955 793976 541589 930240 383588 1103665 214618 572392 427426 876028 854810 282620 757431 935256 139974 687021 160554 321522 999999999 299449 820094 729289 656478 601204 1087032 985411 310243 944903 1065183 40062 893987 670913 873828 242257 659049 433856 985477 363160 899179 197414 941176 197150 859928 622915 117523 833622 716042 380056 466879 616762 469989 616523 992866 530644 816713 203523 954933 364248 71603 265724 503877 283772 771977 384163 62310 765884 61433 449737 970626 471830 368324 635544 1230924 978195 948582
431376 159879 451169 894967 448287 896873 850809 816606 166919 344855 413690 303438 419237 254239 456210 451161 317742 901247 380657 675815 625684 1101021 861616 546719 435682 647890 770702 257650 782983 87526 1036313 412573 448578 473104 817860 883897 407123 593538 732397 168906 829382 142027 139356 299449 999999999 811345 652139 623884 550924 970550 975230 27352 902980 985447 304804 619923 790349 619009 288315 768375 584901 887195 296528 800330 200313 891113 378038 767484 684618 309315 561637 430285 245742 395641 666718 617799 619124 897328 366040 535655 337980 752713 563254 233585 104271 536562 312556 718663 359046 296574 566591 339949 526957 867173 175178 194322 704476 1105875 791538 855945
544793 805043 832029 154373 409946 431047 565656 178075 646812 688267 452755 512417 501847 630384 806098 684910 566436 97874 662684 218248 436211 542339 233964 332318 850763 233053 51579 770521 403043 801973 316673 638104 403260 392894 141616 119600 545246 426909 576179 764807 411665 823316 672629 820094 811345 999999999 215061 188453 263436 400228 167011 838125 146225 305180 781686 836692 347305 740269 588687 322406 473372 292377 517363 256953 671140 157330 637233 230998 238956 932241 799135 823609 568034 416215 227631 453538 204233 289800 500702 838198 617321 581812 578354 783997 714053 316719 547390 136930 462668 757916 525847 876265 382914 297731 818090 623520 243433 527794 541111 259157
332597 617925 618077 245431 213576 578488 414801 344735 498641 479945 378956 379095 293925 439485 591782 646240 371072 311403 602244 284668 231651 511689 409136 314830 637595 276580 163483 570407 257017 626666 385916 588435 209794 338508 166741 330407 489293 216377 389899 643423 538417 693988 513889 729289 652139 215061 999999999 113134 131300 362309 348189 677339 255882 339746 695105 623977 469390 529698 487032 438530 492493 256559 379673 171968 550852 240858 575738 131505 313990 830257 584776 610329 407703 269456 287311 487875 190594 263623 306257 623181 540538 399885 583982 678736 565451 282011 445665 80799 345365 670333 313604 789816 365133 243247 628786 457922 332573 507121 374848 219309
381210 618023 669019 286773 232742 476135 527478 260540 460556 514840 292458 328274 331869 445369 645044 551176 384124 282622 514515 175365 329816 610089 323952 206857 684822 164560 147095 588782 370105 613560 447536 496437 224487 242421 220441 279852 398015 307512 495426 587161 431573 643233 484853 656478 623884 188453 113134 999999999 75379 459306 351416 650513 290222 412564 619922 700362 362992 612245 417232 331696 382115 348092 332213 271358 493082 284885 488072 230476 204432 763929 655288 658269 379797 228289 176774 375817 77500 352607 319130 687195 458913 506913 476794 613153 528073 176761 375194 117973 282458 595409 397083 715326 258913 339483 631555 435121 224542 602846 486016 309140
317577 542661 602830 350179 163788 520176 521376 324457 389251 444700 247670 260131 265434 370506 579878 515548 310444 358000 470955 216567 301022 642900 385835 197865 617255 197543 220138 514891 374058 538591 504897 457320 154569 209579 277757 353845 358213 272991 471362 522737 469206 576695 411640 601204 550924 263436 131300 75379 999999999 493607 424650 577346 355880 464120 566179 646132 402731 562953 359339 371378 376102 387026 262870 303239 428993 347354 444446 262615 243093 704933 598015 591090 305931 155655 214493 377010 114131 393519 246119 626345 409788 485177 461021 553436 456866 162446 317523 173854 219480 541441 352502 661260 243783 374412 556249 360761 265664 638417 474049 349166
563859 896652 784310 257050 526392 829398 277311 577542 834662 707985 741233 730086 557216 726499 755208 1007552 657252 433884 964549 594189 362763 150807 628870 665492 811651 598210 380534 820256 204367 925645 185487 950423 528320 698689 264439 492093 851274 387607 372662 991101 811854 1035901 839903 1087032 970550 400228 362309 459306 493607 999999999 368131 992859 273081 133320 1054174 702534 746847 601410 845414 720801 836291 113124 728544 190416 901457 251375 938046 231302 620730 1183281 693127 786118 739281 620825 601029 824822 528125 112127 604522 747857 902269 363396 934640 1032677 897919 636065 804801 345842 703347 1029424 455192 1148083 717985 119968 902096 780598 631407 144817 297172 151793
678580 960484 959167 135010 558502 502023 600598 277086 811819 827654 618747 678334 642037 783368 931795 842451 716689 106280 824852 369592 535402 482917 305240 494327 980479 389261 204558 918092 452958 961914 217001 798627 553226 557991 199676 165271 708117 535750 644729 931815 503873 990220 836087 985411 975230 167011 348189 351416 424650 368131 999999999 1001791 116238 239874 946698 939590 450669 838742 755515 433455 620002 290044 682900 305001 838128 142523 799842 300884 384221 1098297 909483 953115 730577 579589 379869 595639 370900 281005 651098 954087 782185 645323 725681 950576 879259 481535 714303 268836 629355 923145 634149 1040862 543032 307450 972512 785283 381955 462400 592066 274474
449282 160304 452692 920609 472151 923099 868050 843956 194232 355537 440682 330726 439610 272683 459441 470695 338047 928246 401413 703159 645608 1122109 888911 573954 435679 675236 797243 262075 803781 90461 1060986 434151 472748 500282 843301 911127 432030 613947 748272 185503 855562 150153 165713 310243 27352 838125 677339 650513 577346 992859 1001791 999999999 928798 1009668 318720 624306 817015 627772 314080 795204 610138 910728 323745 824069 224761 916688 399955 791638 711915 309891 566859 431983 271795 422231 694057 643285 646315 920977 388452 538385 361340 768571 586249 247185 131423 563901 339166 744502 386389 312257 583800 346924 553858 890484 173518 219431 731739 1127361 808897 879841
577046 873793 852406 19029 469445 560816 487017 313146 744230 728022 578049 615883 544889 695309 824564 822832 626603 160805 795293 363185 422937 405495 359239 468378 874750 375843 153365 823770 336967 881578 170814 773147 465615 522093 92010 219664 677523 425804 528492 877004 549395 932176 763798 944903 902980 146225 255882 290222 355880 273081 116238 928798 999999999 162045 907635 825839 487891 724488 707137 464857 617962 180420 618750 188833 782961 26508 769285 187120 384887 1053687 797416 847414 657279 510628 372191 599145 331933 173155 562056 843365 744729 529143 722372 903186 811778 448015 665140 184319 572326 883334 523001 1002926 520540 195150 884540 709736 389649 388735 476466 160128
609306 931844 858323 150996 537685 721782 397801 475189 836803 759873 704754 718778 590671 755286 829363 961597 684861 317683 927065 516894 421299 245903 520166 609259 883895 526289 300069 866504 284903 951276 63478 908341 536925 654338 193300 378818 810331 437258 474657 983121 711433 1033568 849129 1065183 985447 305180 339746 412564 464120 133320 239874 1009668 162045 999999999 1029741 798048 649785 695380 823457 626362 769049 110095 719418 188281 890346 147865 900632 218052 540599 1168672 780912 857270 744064 609202 525174 752796 469706 97567 625240 832797 870684 469182 871761 1017105 902972 584421 781618 294783 683045 1005054 521768 1124992 662251 134462 939795 791486 547382 227675 406275 131738
614660 455234 731437 905819 549529 713979 1010667 719922 278541 590682 329844 329934 577477 462810 730075 179021 494948 851934 138803 587657 766557 1200111 745411 454206 721272 563447 756275 537023 900752 385549 1067373 175570 543766 388833 839865 815186 242749 730800 912123 137545 648215 173151 308944 40062 304804 781686 695105 619922 566179 1054174 946698 318720 907635 1029741 999999999 884029 631296 859508 208780 619204 394520 951560 334366 865653 175842 904342 157161 826107 583035 157557 823415 710560 357768 435378 577103 430693 578427 958722 507076 809141 164521 931611 327416 71537 257406 465205 249549 735975 350828 24774 743425 95403 409996 937151 472930 351395 595562 1198368 952773 914392
338604 464718 179140 808333 492480 1165405 445242 959982 609724 294131 754985 630651 394675 426828 165901 964125 419806 929505 890501 862622 404838 763131 1023936 808126 204443 842399 785558 362457 513155 534158 861515 904808 503180 770978 740388 954085 836339 409924 330186 754401 1111440 754909 575286 893987 619923 836692 623977 700362 646132 702534 939590 624306 825839 798048 884029 999999999 1046885 102769 738225 1015812 957455 691517 619517 640829 714762 801134 872650 638929 888581 927849 60757 197772 555018 597609 860122 973798 760044 704132 449600 92111 820165 341377 1001405 822390 628285 774837 722690 699767 662824 866323 310850 945822 832373 667370 454030 539660 911435 781259 408184 685910
