NAME : synthetic_000738
TYPE : CTSP-D
DIMENSION : 100
GROUPS : 8
RELAXATION_LEVEL : 1
EDGE_WEIGHT_TYPE : EXPLICIT
EDGE_WEIGHT_FORMAT : FULL_MATRIX
EDGE_WEIGHT_SECTION
999999999 773730 309202 548462 126705 816915 115269 277086 618038 309611 213226 128000 505416 796286 821421 704453 522571 426300 463644 816882 564034 362486 485166 879794 523345 580956 294226 375606 512942 145487 346387 734248 108148 549585 315524 551588 266499 230123 222473 751275 374781 704891 226192 426460 309020 607339 212736 339139 262728 446813 428808 267015 738506 793154 571508 748145 694193 508048 824963 456850 484473 340946 437018 399200 226225 375002 625372 835062 345695 371684 849819 123250 260959 777800 268391 541302 617814 657712 194485 669473 410937 761951 531898 852617 548362 385184 314138 875555 803225 629046 401128 47465 398249 624466 333191 480912 362565 561730 450536 659386
773730 999999999 742474 397845 896922 346389 693751 500040 404659 669297 856948 900444 270296 66388 197815 478215 260490 592230 815710 214369 521119 482768 520793 450853 266574 304535 712600 414160 1054348 629154 560931 534939 795128 232312 753473 687421 529656 657901 867333 36414 627915 493838 720693 990083 500861 292325 649644 857721 579691 616915 450443 816275 56039 212633 423818 393312 185557 316394 109781 323557 1013016 787476 795588 418419 688961 699483 671093 121903 435309 690044 90472 841725 683944 5083 525512 408017 561149 653105 594202 202717 928056 80681 386467 174607 657982 743330 839621 249523 115532 245483 410974 726374 657418 170297 454849 383888 670037 602435 388837 128379
309202 742474 999999999 387566 391341 910805 216743 317918 754783 564518 175533 383270 522828 738665 712070 485812 489097 645698 748718 700702 748893 261644 272543 997914 479048 671612 566474 464208 822118 314118 181640 905462 215961 515936 599172 793454 414987 479151 531674 710355 130586 480464 85555 735661 454481 485181 147033 115266 463367 674895 295076 569243 727912 676838 389643 561610 599560 426573 826974 500002 793498 631239 130356 327702 491378 81614 853636 839272 427946 630996 831434 430403 77015 745002 266515 376999 368847 876459 371758 720012 189242 763411 659124 756194 781630 660013 99176 751633 812906 695844 336428 295415 125360 572334 436047 363702 91219 775639 562687 614140
548462 397845 387566 999999999 671846 665574 437354 309324 590648 621213 540860 669935 294729 375068 326412 179671 214365 624052 816356 313981 650009 186357 127243 769202 196071 472942 649884 363872 989337 437206 221459 756635 518409 226325 694313 770202 421996 561573 726690 361888 258391 187360 398826 907489 428749 107707 353171 498370 495732 657379 119654 715916 403334 290424 40200 199854 225415 129683 500422 318345 951361 733224 409403 169442 590105 325300 797169 513256 348239 674293 487658 657097 352676 398837 289479 10983 183039 801116 445160 460639 557238 444624 510181 372891 746719 723437 486163 364069 494907 461362 173670 505994 278159 239658 374205 84544 300900 712175 433373 278003
126705 896922 391341 671846 999999999 918169 234637 403071 712027 366133 245566 12961 627375 921321 948117 822724 648194 495220 474946 943581 642040 486763 600935 972980 649426 688771 336833 492079 456620 267927 463238 811871 176419 674960 341897 598432 378314 303481 188467 875436 479990 822190 318242 374616 417622 733542 326345 386261 357694 509100 552368 266263 859969 919844 693148 870995 820864 634732 943960 577000 436281 354856 508913 525576 287225 466790 677867 953653 464732 417581 971089 97044 360798 901097 394923 664287 729049 714649 307602 783201 442711 881723 632073 979108 601208 414748 365468 1002231 921409 740609 527671 173554 497754 750191 449494 606409 460526 625504 558369 784508
816915 346389 910805 665574 918169 999999999 780830 600764 213981 586641 969856 926087 396242 411542 544164 793358 458352 463423 653909 560708 325516 662535 765152 106770 475225 242665 630265 458294 913180 681187 746747 236959 879729 440885 657521 480820 552324 621037 818698 373179 827974 807944 859317 871841 508548 580090 780134 1018380 560484 470781 663602 742312 302254 557716 701549 723546 506682 544346 256945 410960 873945 679397 1000765 599862 644821 895572 429078 251245 494383 572307 312657 836272 837610 349837 647756 673095 847337 395369 623521 205355 1098293 266259 286151 516629 453554 615206 994953 593527 237624 216594 589868 775626 864949 435321 496200 614365 863741 394629 368659 407266
115269 693751 216743 437354 234637 780830 999999999 195422 597129 352002 190813 232590 433181 709497 722851 589823 435599 445987 532236 716858 566240 253122 369946 854645 433518 538815 350746 323686 616504 110955 231205 731958 102674 463535 382521 587653 235987 266208 327757 668202 262342 589998 131429 529853 280352 502982 98316 278431 264528 472471 318041 355094 663972 692819 458594 636365 596887 408883 755830 391399 585255 414522 347060 297157 275846 271142 653460 766782 288774 418324 774780 235796 155027 697452 170605 429699 502737 680381 174518 613942 358603 691593 504411 757211 578782 444496 252000 774616 736207 578648 300631 83988 288643 535714 284646 374173 254589 580376 413214 573283
277086 500040 317918 309324 403071 600764 195422 999999999 436868 321689 374232 405054 237822 519652 547122 485333 245570 358241 520191 543834 438251 141128 299807 683107 246356 358609 345163 146535 680074 139213 193400 589155 297982 272786 388715 511103 125179 254205 421898 475889 271621 490363 258872 598210 151088 343044 179669 419601 196302 390835 200519 406610 468798 520541 342224 503970 419568 237633 560429 198289 642290 427379 427258 140865 281656 324129 558849 571421 110093 381242 579789 364736 241662 503893 53011 305460 437278 575572 135858 422836 500712 496173 341212 576433 493557 425849 395398 603121 540979 391025 138756 229725 310443 347395 119530 228535 294163 476065 244811 382762
618038 404659 754783 590648 712027 213981 597129 436868 999999999 372776 787937 720664 295926 467647 583824 749775 378211 250242 451866 595308 125371 531353 663160 261848 396584 121532 416295 290780 708938 490812 610463 166166 691025 373315 443898 293924 361640 411025 605129 414641 693445 762179 692159 662440 317052 532730 613901 854296 356424 260263 551878 528334 348720 583794 630398 704709 501549 460968 365605 281108 668794 466842 859850 478047 433275 754699 266995 367470 326858 359586 419076 626861 678447 409556 488613 595284 771228 248816 429381 201945 935994 334058 95661 574408 264524 404462 829317 643324 338607 163077 468156 579844 732321 405568 320161 520328 723387 205445 192152 396905
309611 669297 564518 621213 366133 586641 352002 321689 372776 999999999 518458 377074 420061 714556 787835 800502 483222 131779 198610 790869 281876 462762 621150 624420 494514 391042 45010 279190 389788 251235 503505 448937 411079 500827 84345 242029 199766 85794 232821 660328 570346 806965 481257 321023 196299 628003 422924 628736 126112 142969 520768 156979 619443 770854 657332 804281 667903 520935 679962 365013 348873 120458 693031 453113 83500 603885 316546 686576 280102 66488 721469 271534 493506 674240 362179 619167 758965 350763 201434 501707 706987 626849 314650 801581 239360 104219 602392 849445 653732 453022 447895 290981 605937 572051 253271 536950 579651 259393 280693 591450
213226 856948 175533 540860 245566 969856 190813 374232 787937 518458 999999999 234750 608772 863798 855961 656940 596551 626315 676524 846746 753682 381279 437670 1045193 590743 727346 506513 511669 699608 299207 320180 920949 107385 624692 528748 759963 426618 435190 417249 828161 297170 652579 142676 615636 471072 628338 207314 140822 449248 650109 432900 475985 833248 822526 549755 726552 735868 551395 928751 572463 676528 553563 271797 441106 436106 257134 830777 940289 475896 582380 942136 312111 188185 860172 335906 531038 543469 860601 362621 797062 201361 864213 695140 896250 754472 598200 121374 901010 911011 764308 447544 227961 299632 691076 473977 499582 263456 762042 603321 731312
128000 900444 383270 669935 12961 926087 232590 405054 720664 377074 234750 999999999 631265 923988 948991 819126 650470 505694 487716 944192 652053 485388 596935 981846 651341 695655 348393 497268 468638 271292 459688 822043 169387 677402 354116 610237 384166 313079 201427 878545 474337 818352 311560 386936 424059 733245 322577 375548 365645 520013 550620 279013 864087 920388 690594 868774 821881 635291 948797 581396 448647 367456 499592 525560 297574 459462 689477 958595 469320 429191 975289 109177 354804 904578 395218 662224 724021 726064 313031 789142 431046 886340 639941 980534 612739 426997 355091 1002691 926444 746920 527898 175332 491273 752401 454665 605593 453941 636467 565135 787113
505416 270296 522828 294729 627375 396242 433181 237822 295926 420061 608772 631265 999999999 302636 367971 457402 84400 373930 591405 371741 364177 267423 375022 492796 102298 179295 460399 147280 809849 360171 352007 461918 535791 88626 503811 503795 260690 395093 601382 252012 432279 469054 482299 739019 235901 244905 405293 634594 316399 404723 268755 557014 233113 352632 334480 424406 251510 165058 322668 55941 768914 540510 605530 203738 426631 500850 516980 333605 165215 453954 344444 571604 453580 274651 273028 299492 475875 515400 323945 197684 711994 258537 218834 382291 477182 507661 612930 429806 303223 180174 193790 458315 468896 152645 185963 227118 469098 434104 159876 172282
796286 66388 738665 375068 921321 411542 709497 519652 467647 714556 863798 923988 302636 999999999 133132 433050 274360 644958 868551 150671 581679 484078 501415 515193 276080 363000 756913 449707 1102344 653683 557474 600872 809095 246877 798901 746400 563061 696824 904001 55493 618560 448869 724474 1035519 538021 267370 657123 853684 618145 671007 443710 857567 119984 152032 396012 341929 150946 313794 165281 358128 1061070 833986 781345 422694 728242 689476 733169 175846 466799 739435 126870 871728 685051 62320 539206 385769 526230 716427 624046 266050 920695 146855 443352 108437 717122 793098 837146 183174 176825 306416 416419 748826 645263 173945 488492 375301 661335 662603 436226 136908
821421 197815 712070 326412 948117 544164 722851 547122 583824 787835 855961 948991 367971 133132 999999999 331767 311218 735254 956580 19776 690586 477278 451471 648218 304850 470927 827537 511005 1177558 686115 537443 725846 816620 289362 871310 849954 615832 757276 956471 174535 584266 347416 713450 1105501 598979 227982 655396 824235 679388 763942 423212 920396 246430 37077 334664 230990 127558 314119 297202 422829 1136703 908290 732963 425772 788835 651711 844818 307077 519612 821168 252772 910780 669724 194328 554191 337311 442965 831707 667913 386241 883532 278324 546125 51734 821302 874991 811119 62259 309906 420748 422270 774733 604452 215849 544462 356548 626996 769783 520475 200083
704453 478215 485812 179671 822724 793358 589823 485333 749775 800502 656940 819126 457402 433050 331767 999999999 373160 802396 995991 313021 820052 352601 223162 899766 355110 628955 828391 542114 1164726 606552 359489 913788 657315 376491 872624 946888 601000 739078 895799 442743 359838 15851 522988 1081801 608420 218275 496550 580829 674786 835612 286765 890671 502631 296852 143394 104376 293899 298297 587923 489395 1127356 911488 458525 347678 766967 408092 970177 600117 527688 853954 559132 819418 475565 477328 459484 181337 130704 971535 620500 595083 620724 544109 676193 383408 922688 902970 576006 338955 590182 606267 352617 665448 360939 359263 553768 264215 394869 885700 606121 386327
522571 260490 489097 214365 648194 458352 435599 245570 378211 483222 596551 650470 84400 274360 311218 373160 999999999 450583 663296 311464 448421 227455 306878 559506 18407 259066 520818 204033 871306 381472 309842 543637 536008 28193 565246 585152 304685 446919 645388 233002 384501 384970 461382 796961 289983 161073 389288 603697 369695 482332 210037 610087 239347 290039 253407 341522 186327 86749 337948 125292 830875 603093 557366 161461 478394 455492 600757 350199 208862 523262 346061 603287 426420 263820 265924 220163 397084 599720 357835 253394 677355 274321 303204 334701 559085 576332 584176 370979 323998 248386 153052 475155 418408 102033 234296 156044 424476 517444 240296 137729
426300 592230 645698 624052 495220 463423 445987 358241 250242 131779 626315 505694 373930 644958 735254 802396 450583 999999999 223633 741350 150276 493482 650302 494641 465361 294065 171245 260295 468537 336212 551385 317469 520236 461716 194299 152863 236715 196745 362483 589515 627216 811132 567357 415102 207773 608030 499043 723785 182833 33474 540976 281025 538678 723810 663015 789001 624737 507482 585519 325317 427491 216727 769113 466227 208161 672002 208190 590487 278132 109497 632223 402072 570388 597302 407978 624323 782054 234626 274802 406391 804490 538795 211461 741107 136694 157305 697397 797511 558479 357381 458769 399620 665269 524311 254100 540412 644421 135870 215350 535179
463644 815710 748718 816356 474946 653909 532236 520191 451866 198610 676524 487716 591405 868551 956580 995991 663296 223633 999999999 961899 329533 661302 819753 659919 676541 515359 183645 462551 259411 441705 701053 455692 571532 677354 150032 183720 397199 275861 291474 813121 765587 1002989 663643 229767 387844 815368 612647 800081 324114 199618 718652 208718 761895 943594 853272 994345 842896 710292 804890 539594 220884 123184 878783 649616 258359 794780 261134 809068 470213 142255 853298 380521 681510 820786 560570 814850 957454 304456 397901 626888 874187 760641 432210 963973 205661 94392 774318 1018814 777681 578297 643921 459311 800184 743518 443575 731839 772185 261161 436199 756762
816882 214369 700702 313981 943581 560708 716858 543834 595308 790869 846746 944192 371741 150671 19776 313021 311464 741350 961899 999999999 700321 469462 438012 665164 304001 481059 830046 513053 1180368 683006 527496 739302 809579 290825 874036 858359 616064 758281 955814 189404 572269 328620 704118 1107493 600562 218420 647495 812284 680735 770458 413848 921455 261474 24251 320453 211717 125591 308901 315414 425996 1139625 911274 718879 419720 789788 639081 854913 325484 520293 825579 271819 908130 659937 211080 549049 324805 425657 842625 666586 399177 870546 294555 555012 70487 829871 879335 799621 59659 327465 432332 416646 770414 591570 219111 545503 348013 614863 779034 526194 206940
564034 521119 748893 650009 642040 325516 566240 438251 125371 281876 753682 652053 364177 581679 690586 820052 448421 150276 329533 700321 999999999 556228 702960 346038 465957 219892 321310 304858 588255 455478 627175 170502 650440 450472 341159 169094 335303 339492 512485 527204 708293 831049 677106 546682 294441 609031 602670 838107 304942 148934 590104 429680 465146 686537 690199 787554 596763 522732 489698 331757 548725 358473 864664 513519 355130 762312 155264 492041 335591 253215 542205 550496 671949 526128 491189 652800 823525 151482 391810 319965 919946 454579 147989 686151 139556 291703 812121 751582 462558 275666 504406 532216 747392 496804 319567 571972 732409 81574 217683 495767
362486 482768 261644 186357 486763 662535 253122 141128 531353 462762 381279 485388 267423 484078 477278 352601 227455 493482 661302 469462 556228 999999999 158826 755946 217656 431754 485183 251398 813565 253996 84620 693117 340778 254351 528197 645858 265602 393160 543497 451765 165603 355958 240547 729934 286086 252292 178118 376360 337413 526630 67126 539381 466390 445229 212617 386210 355016 170498 565344 255536 776871 566605 338285 66180 419171 233429 687848 577631 221834 522236 570924 471003 201418 485533 107126 179782 296236 700584 271259 464840 450063 501773 438229 515800 626485 566946 357292 525798 551338 445941 75276 319658 203310 313554 241922 122212 201679 603414 344827 354909
485166 520793 272543 127243 600935 765152 369946 299807 663160 621150 437670 596935 375022 501415 451471 223162 306878 650302 819753 438012 702960 158826 999999999 865460 290398 552789 642313 400188 963648 400841 138801 828453 434174 326189 684733 802026 424427 549640 685567 485350 142241 221537 300735 878732 443771 234485 274625 378345 496098 683617 112885 690244 521352 414960 118957 289564 352462 221927 620129 382110 928118 722819 282317 189448 574463 202884 840462 632957 374562 681022 611118 603146 253222 522133 260976 116312 139289 850572 426636 560267 432793 561691 574569 499018 781683 725367 368697 485143 612417 552870 198585 448541 154607 356432 396817 150839 182160 755454 486589 396938
879794 450853 997914 769202 972980 106770 854645 683107 261848 624420 1045193 981846 492796 515193 648218 899766 559506 494641 659919 665164 346038 755946 865460 999999999 576822 326461 665714 537494 917907 750485 839372 208432 950633 543490 687168 478299 620881 670609 856833 478761 921513 914284 941773 885877 576320 685760 862659 1102653 618241 494865 761479 775372 408346 662965 805756 830306 613443 646035 356069 501234 880495 703929 1093171 695019 691125 987616 412909 348832 574112 599241 409810 886155 923250 454084 732319 776425 951539 373298 689994 308649 1183506 371400 350573 618614 454362 635922 1078501 695863 339267 312933 684950 841135 959162 541273 572250 715050 955806 399793 442266 513863
523345 266574 479048 196071 649426 475225 433518 246356 396584 494514 590743 651341 102298 276080 304850 355110 18407 465361 676541 304001 465957 217656 290398 576822 999999999 277472 531372 215585 881670 383818 298779 562037 533044 37602 575957 601288 312502 455680 651847 237465 371870 366824 454141 806515 300064 144324 383450 593957 379107 497344 196030 618722 248882 281971 235042 325235 178423 69215 348176 140551 841398 614022 544228 152316 487038 443135 617936 360583 217781 535993 353662 607042 417985 269645 263132 201978 378874 617325 363075 270038 666724 285151 321123 330842 575433 588824 574920 363648 335280 266211 144542 476040 405110 102197 243759 139629 412362 534409 256522 140854
580956 304535 671612 472942 688771 242665 538815 358609 121532 391042 727346 695655 179295 363000 470927 628955 259066 294065 515359 481059 219892 431754 552789 326461 277472 999999999 436015 215689 762119 441584 514264 285007 638545 252511 472074 383421 314521 404130 612418 308079 596867 641555 617432 704698 272253 411505 538217 777376 334355 315741 443879 546667 249180 467997 512312 583246 382016 343613 291875 176220 720942 502082 767535 373305 431873 661917 373909 297402 251719 398484 338228 613466 597307 309603 406638 478157 654858 362415 386486 112474 857847 245288 83160 466480 354122 449923 753587 531757 265010 63356 363231 537945 634989 284704 254279 406248 630156 300057 130639 278514
294226 712600 566474 649884 336833 630265 350746 345163 416295 45010 506513 348393 460399 756913 827537 828391 520818 171245 183645 830046 321310 485183 642313 665714 531372 436015 999999999 317166 350517 258071 519670 485878 399516 539436 44881 262482 228286 93304 191239 702944 582434 834218 481828 278861 231437 662066 429086 623278 155213 177064 545593 112369 663193 809654 685002 836438 706357 554336 724652 404924 310064 83689 696222 480762 75113 611183 341091 731344 314818 80842 765802 240414 498242 717521 381557 647247 781050 377941 216632 546556 699713 671185 359609 842502 264375 93787 597162 888898 698478 497920 476215 282217 616733 611692 288226 566165 588550 291627 324454 632323
375606 414160 464208 363872 492079 458294 323686 146535 290780 279190 511669 497268 147280 449707 511005 542114 204033 260295 462551 513053 304858 251398 400188 537494 215585 215689 317166 999999999 667667 231582 324564 446295 424398 222304 361419 407137 116076 247981 454365 398285 406872 550850 404406 594522 88728 352838 325414 565799 169366 293560 287907 410388 371887 492514 403030 532402 389192 248821 452170 91580 627108 399124 570035 211386 279557 465381 440547 461686 36641 321147 481885 429264 388153 418738 197851 364390 526418 450586 184549 294252 647089 390646 195158 528346 384690 373587 541345 572076 429358 255918 202924 330216 446011 295401 42603 280601 434421 355413 98649 319003
512942 1054348 822118 989337 456620 913180 616504 680074 708938 389788 699608 468638 809849 1102344 1177558 1164726 871306 468537 259411 1180368 588255 813565 963648 917907 881670 762119 350517 667667 999999999 562808 830108 711812 612082 889897 306335 439712 573972 430031 290503 1047607 876900 1169008 738837 86688 581606 1010047 712531 838730 503360 450809 878186 274190 1002580 1160102 1022044 1181262 1056859 901899 1053894 754733 41335 269351 949079 820218 400156 886248 511063 1058994 664473 364738 1099696 392883 770617 1059363 706499 985524 1102548 553854 544387 874582 898987 1005687 679911 1191154 463780 312298 816117 1239085 1026907 825474 816930 532623 904989 961734 638107 907428 871063 520380 666272 981103
145487 629154 314118 437206 267927 681187 110955 139213 490812 251235 299207 271292 360171 653683 686115 606552 381472 336212 441705 683006 455478 253996 400841 750485 383818 441584 258071 231582 562808 999999999 268783 621870 200243 407814 295632 480566 129624 166949 289694 607513 325496 609608 232557 478003 174165 480789 171818 387597 153933 363631 320507 289749 593189 659742 466154 635650 558558 376519 679514 311371 527477 331433 441928 274488 183937 353470 544179 689655 200553 317557 704476 225672 242276 633295 147821 431798 539787 570193 63669 525834 468497 616465 399975 714566 470302 349967 361222 742319 657887 486754 274201 98991 358990 483485 189629 361065 330480 469943 312589 516995
346387 560931 181640 221459 463238 746747 231205 193400 610463 503505 320180 459688 352007 557474 537443 359489 309842 551385 701053 527496 627175 84620 138801 839372 298779 514264 519670 324564 830108 268783 999999999 770101 300405 336036 560306 704204 316018 426368 548779 528718 83007 359110 177679 744520 344487 309461 137188 296902 382493 583776 115065 558227 547530 503339 234714 413847 420805 244935 646948 338288 795565 597456 254044 150010 448593 148899 751985 659362 291806 566604 650078 464575 132490 563424 143920 212020 274178 767728 303279 549459 368013 583840 516187 579509 686935 607046 279693 581080 633763 530178 159480 309985 121879 390734 308155 183586 117108 668776 421113 432571
734248 534939 905462 756635 811871 236959 731958 589155 166166 448937 920949 822043 461918 600872 725846 913788 543637 317469 455692 739302 170502 693117 828453 208432 562037 285007 485878 446295 711812 621870 770101 999999999 818905 537469 500291 272398 497587 509858 675667 551970 852781 926491 837597 684054 454584 695983 761141 999593 473839 309068 716684 590136 481288 730480 796308 864539 655969 626976 470213 446391 675179 511761 1015842 642077 524689 911538 204482 468030 480892 412053 527073 719456 828518 539417 641919 761367 937390 165254 558342 340427 1081569 456808 255065 709306 250490 441818 973944 782457 445782 313623 632292 701617 891866 563918 469849 686430 880679 200870 348992 550368
108148 795128 215961 518409 176419 879729 102674 297982 691025 411079 107385 169387 535791 809095 816620 657315 536008 520236 571532 809579 650440 340778 434174 950633 533044 638545 399516 424398 612082 200243 300405 818905 999999999 564080 422890 652653 329765 328003 323669 768946 306331 655499 142231 526380 374354 593056 165244 231620 345499 543436 401746 374589 766197 785393 534829 713998 692014 504043 858411 493967 585904 448993 338199 391637 328749 290379 723867 869395 390108 475034 876849 219323 186374 798751 270100 509763 557159 754173 262168 716023 302810 794136 600072 852883 647420 491624 207084 866391 838863 680012 396162 120917 321997 635153 384353 462981 284613 656082 511215 673440
549585 232312 515936 226325 674960 440885 463535 272786 373315 500827 624692 677402 88626 246877 289362 376491 28193 461716 677354 290825 450472 254351 326189 543490 37602 252511 539436 222304 889897 407814 336036 537469 564080 999999999 583586 592379 327007 467915 668555 204880 409461 389045 489279 816669 309774 159884 417414 630708 390073 492831 233554 631036 212057 270218 264104 337097 167077 104264 311065 137774 849266 621076 581825 188602 499478 480705 604204 323413 230448 538447 318119 628627 453964 235631 294021 233140 409300 601146 382325 235532 703873 247804 303505 310425 565676 591862 611414 350003 297822 235272 180435 502141 442699 76228 255110 175832 449897 521898 248410 110036
315524 753473 599172 694313 341897 657521 382521 388715 443898 84345 528748 354116 503811 798901 871310 872624 565246 194299 150032 874036 341159 528197 684733 687168 575957 472074 44881 361419 306335 295632 560306 500291 422890 583586 999999999 259304 272982 135114 177334 744666 621024 878311 513950 236702 276150 706942 464969 650397 200059 192759 589230 89948 703364 853778 729230 881267 750582 599217 762340 448528 265691 38928 729370 525082 111966 647087 340766 768666 359622 88422 804677 244940 532969 758425 423776 691568 823687 380170 258256 583538 725121 710081 393619 885628 266189 72917 624556 932783 735924 534620 520655 309373 654580 655467 332996 610709 625426 301510 364726 675461
551588 687421 793454 770202 598432 480820 587653 511103 293924 242029 759963 610237 503795 746400 849954 946888 585152 152863 183720 858359 169094 645858 802026 478299 601288 383421 262482 407137 439712 480566 704204 272398 652653 592379 259304 999999999 389039 324941 434906 691371 779640 956347 713097 413136 360545 745513 647670 866018 330588 120567 691843 346210 631669 843008 809700 926523 748615 649438 658793 461082 402800 258637 918657 616382 325367 823054 82475 661096 428272 181820 711177 501521 719143 692467 560686 771163 932387 124374 421733 487851 945536 622850 304182 848972 29596 189295 839590 911671 631650 442238 608558 532092 817526 647557 405240 687563 795960 88720 344856 651761
266499 529656 414987 421996 378314 552324 235987 125179 361640 199766 426618 384166 260690 563061 615832 601000 304685 236715 397199 616064 335303 265602 424427 620881 312502 314521 228286 116076 573972 129624 316018 497587 329765 327007 272982 389039 999999999 144342 341964 512674 390604 607292 341805 496076 44613 436106 268130 502968 73791 268472 321462 306629 487946 594350 457726 608540 490665 327932 567521 206156 534605 311900 534875 253425 175237 436007 441805 576798 96867 256898 597940 313203 338403 534176 172117 419682 560978 462306 72026 404976 584874 506443 270353 636994 373233 303208 477076 675627 544277 363176 248419 223612 428569 402571 74837 338031 407985 361607 184347 429863
230123 657901 479151 561573 303481 621037 266208 254205 411025 85794 435190 313079 395093 696824 757276 739078 446919 196745 275861 758281 339492 393160 549640 670609 455680 404130 93304 247981 430031 166949 426368 509858 328003 467915 135114 324941 144342 999999999 210877 644472 489726 744410 395616 351739 159253 580320 338733 543177 78710 216730 454664 163175 611896 736957 595751 751455 633239 472108 682374 339192 391015 173447 608023 392132 31602 520377 396149 690311 238078 152181 718798 215838 408852 662652 288709 558420 688574 427703 123408 508995 621736 624912 337421 776122 319494 183206 516812 817688 657312 462273 388223 207235 524431 542463 212824 478640 496962 331732 279624 566983
222473 867333 531674 726690 188467 818698 327757 421898 605129 232821 417249 201427 601382 904001 956471 895799 645388 362483 291474 955814 512485 543497 685567 856833 651847 612418 191239 454365 290503 289694 548779 675667 323669 668555 177334 434906 341964 210877 999999999 852588 589694 898451 448353 203987 366580 764179 425084 553445 287933 366677 610165 88708 822219 933544 755833 924464 830223 657184 893200 545923 262456 178141 659094 561756 181203 596142 516988 901059 438830 264174 929562 105233 480837 872023 437494 721428 822911 557036 290185 719070 618537 835759 541336 978826 443248 245668 529837 1015470 868052 671827 560416 243802 616326 744365 415842 649148 581775 478301 490157 771718
751275 36414 710355 361888 875436 373179 668202 475889 414641 660328 828161 878545 252012 55493 174535 442743 233002 589515 813121 189404 527204 451765 485350 478761 237465 308079 702944 398285 1047607 607513 528718 551970 768946 204880 744666 691371 512674 644472 852588 999999999 594354 458318 690776 981348 486141 256071 620892 825619 565892 615517 417234 804518 72074 184665 387520 359452 149517 283814 145277 306844 1006316 779509 761155 388184 675788 665841 679319 157622 417059 684378 125834 823097 653161 36962 498901 372123 524746 663437 575280 214001 895154 107575 388056 159768 662139 737996 807930 230589 148565 252518 381099 703830 623297 138247 437892 350114 636659 607942 381358 96996
374781 627915 130586 258391 479990 827974 262342 271621 693445 570346 297170 474337 432279 618560 584266 359838 384501 627216 765587 572269 708293 165603 142241 921513 371870 596867 582434 406872 876900 325496 83007 852781 306331 409461 621024 779640 390604 489726 589694 594354 999999999 355827 166008 790451 422053 359069 164623 240017 453385 659074 177751 609607 618795 548590 259084 431728 475388 312303 718591 420745 844312 656916 173521 228726 509146 71629 830133 731182 373537 634996 717976 497391 119992 630032 219828 247664 251323 847184 368919 629071 302297 656463 599085 629533 763483 672492 228127 622208 706864 611391 238578 346020 39156 457961 388787 244268 42984 747647 503835 499907
704891 493838 480464 187360 822190 807944 589998 490363 762179 806965 652579 818352 469054 448869 347416 15851 384970 811132 1002989 328620 831049 355958 221537 914284 366824 641555 834218 550850 1169008 609608 359110 926491 655499 389045 878311 956347 607292 744410 898451 458318 355827 999999999 519969 1085747 615745 231621 495855 573647 681077 844410 290829 894855 517903 312588 149719 119231 309356 308690 603526 499955 1131875 917134 449364 353867 771999 401956 980645 615737 535586 861090 574915 820756 472662 492979 463039 188191 120360 982521 625104 609158 611890 559428 687721 399034 932378 909739 569471 353897 605641 619724 359163 666522 355277 373483 561496 271746 389819 896028 616483 401084
226192 720693 85555 398826 318242 859317 131429 258872 692159 481257 142676 311560 482299 724474 713450 522988 461382 567357 663643 704118 677106 240547 300735 941773 454141 617432 481828 404406 738837 232557 177679 837597 142231 489279 513950 713097 341805 395616 448353 690776 166008 519969 999999999 652244 383437 485727 79215 162260 384528 595633 290293 483893 700103 679903 409333 587382 594042 411045 797311 452098 709524 545788 215892 302602 406799 149957 775547 809188 367765 547735 807398 348688 47516 723703 212167 389161 417314 799983 292558 676160 244165 732936 596916 754130 702403 575497 137167 758336 780998 647624 309760 210063 179771 552924 372021 357273 142386 699273 501377 593780
426460 990083 735661 907489 374616 871841 529853 598210 662440 321023 615636 386936 739019 1035519 1105501 1081801 796961 415102 229767 1107493 546682 729934 878732 885877 806515 704698 278861 594522 86688 478003 744520 684054 526380 816669 236702 413136 496076 351739 203987 981348 790451 1085747 652244 999999999 507046 931826 626014 754096 427409 402181 795064 191630 939674 1086697 939515 1100973 983122 823598 996229 683388 61877 203158 862892 738824 321005 799565 490765 1002065 588756 306849 1039884 307060 683929 995042 622808 903372 1017432 534099 462353 816912 815783 945394 624050 1121246 433569 258252 731174 1166588 969546 767795 735910 445955 818378 889763 562807 826307 784398 486115 601263 911084
309020 500861 454481 428749 417622 508548 280352 151088 317052 196299 471072 424059 235901 538021 598979 608420 289983 207773 387844 600562 294441 286086 443771 576320 300064 272253 231437 88728 581606 174165 344487 454584 374354 309774 276150 360545 44613 159253 366580 486141 422053 615745 383437 507046 999999999 431714 308271 545161 80664 240726 336381 321789 456742 579660 466129 608313 476076 324695 532643 180051 541367 314485 571849 263907 190829 471170 408080 541468 83810 245643 565513 347743 377572 505525 202230 427559 577606 426107 114980 366209 627127 472806 225836 616989 342526 295730 519428 659777 508704 323000 257488 267080 460622 383679 57000 344205 442241 325976 141645 407731
607339 292325 485181 107707 733542 580090 502982 343044 532730 628003 628338 733245 244905 267370 227982 218275 161073 608030 815368 218420 609031 252292 234485 685760 144324 411505 662066 352838 1010047 480789 309461 695983 593056 159884 706942 745513 436106 580320 764179 256071 359069 231621 485727 931826 431714 999999999 429843 598348 507233 640361 195439 741229 302636 194191 131555 181166 118040 108228 397311 284501 970533 745592 515912 208273 610833 428266 761770 410088 347905 673731 381455 706149 441769 293010 339237 118452 272612 760123 474699 378708 660594 344459 462834 271014 719741 725682 584346 273700 393871 388103 207150 561975 382263 145054 374732 130175 402029 678517 400824 178539
212736 649644 147033 353171 326345 780134 98316 179669 613901 422924 207314 322577 405293 657123 655396 496550 389288 499043 612647 647495 602670 178118 274625 862659 383450 538217 429086 325414 712531 171818 137188 761141 165244 417414 464969 647670 268130 338733 425084 620892 164623 495855 79215 626014 308271 429843 999999999 240518 317162 528587 236875 446990 626579 623253 370283 549347 532649 346126 722808 373525 680337 499356 271262 234670 354312 182167 706818 734508 288777 489127 735059 334095 71473 652860 133492 344568 405227 729430 226124 597936 322102 658307 518502 693578 635225 521560 215931 703533 705752 568761 240705 181522 193067 484021 293772 299693 161215 628611 422705 524088
339139 857721 115266 498370 386261 1018380 278431 419601 854296 628736 140822 375548 634594 853684 824235 580829 603697 723785 800081 812284 838107 376360 378345 1102653 593957 777376 623278 565799 838730 387597 296902 999593 231620 630708 650397 866018 502968 543177 553445 825619 240017 573647 162260 754096 545161 598348 240518 999999999 541412 750753 409987 606072 842749 788604 497085 663699 713614 541832 941643 608804 814529 678450 144153 442236 549681 175786 931607 953890 529178 694615 946619 448306 181340 860259 370770 487611 456441 957726 449889 830956 81977 877923 758967 869183 857167 716731 26431 861932 927223 804882 450777 341333 224287 687597 534135 478521 197517 857333 663223 729396
262728 579691 463367 495732 357694 560484 264528 196302 356424 126112 449248 365645 316399 618145 679388 674786 369695 182833 324114 680735 304942 337413 496098 618241 379107 334355 155213 169366 503360 153933 382493 473839 345499 390073 200059 330588 73791 78710 287933 565892 453385 681077 384528 427409 80664 507233 317162 541412 999999999 211529 394708 241158 534287 659646 531517 681228 555979 399333 606781 260490 463522 238901 588070 327213 110233 493216 391021 615064 161381 185131 641905 279127 388627 584417 239309 493464 633418 416314 91971 435711 622417 548384 274380 697652 318274 229903 515062 740037 582118 390121 322194 227867 490334 464251 135425 411682 466866 316011 206271 488356
446813 616915 674895 657379 509100 470781 472471 390835 260263 142969 650109 520013 404723 671007 763942 835612 482332 33474 199618 770458 148934 526630 683617 494865 497344 315741 177064 293560 450809 363631 583776 309068 543436 492831 192759 120567 268472 216730 366677 615517 659074 844410 595633 402181 240726 640361 528587 750753 211529 999999999 574406 282007 562749 753286 696385 821420 654915 540348 605688 357042 410167 209705 799188 499695 224116 702877 181124 610118 311606 104470 653730 414316 600025 621996 440174 657699 815506 211007 303296 427357 831058 561026 232593 768547 106784 144480 724333 826171 578517 378700 492242 422540 696976 554228 287543 573798 675598 116505 245368 563891
428808 450443 295076 119654 552368 663602 318041 200519 551878 520768 432900 550620 268755 443710 423212 286765 210037 540976 718652 413848 590104 67126 112885 761479 196030 443879 545593 287907 878186 320507 115065 716684 401746 233554 589230 691843 321462 454664 610165 417234 177751 290829 290293 795064 336381 195439 236875 409987 394708 574406 999999999 604048 441258 389625 145687 319427 305740 134554 541077 270841 841066 627897 348608 76671 481687 249379 728430 553704 263616 578070 540367 538107 246671 452652 172925 112750 241302 737958 334397 460639 477969 479313 462321 464645 670838 624575 393852 468492 529859 448621 85705 386457 209430 280318 286887 68682 219614 643318 373735 322280
267015 816275 569243 715916 266263 742312 355094 406610 528334 156979 475985 279013 557014 857567 920396 890671 610087 281025 208718 921455 429680 539381 690244 775372 618722 546667 112369 410388 274190 289749 558227 590136 374589 631036 89948 346210 306629 163175 88708 804518 609607 894855 483893 191630 321789 741229 446990 606072 241158 282007 604048 999999999 768427 900121 748161 909438 796400 633045 833401 501075 237887 90255 699161 547194 131703 626001 428334 840475 401233 178097 872987 172153 509954 821115 432332 711873 829360 468534 270757 656277 676386 778493 471429 938734 354891 156960 581150 980857 807521 607971 544297 273838 639990 705401 375980 634681 607816 391442 430916 729202
738506 56039 727912 403334 859969 302254 663972 468798 348720 619443 833248 864087 233113 119984 246430 502631 239347 538678 761895 261474 465146 466390 521352 408346 248882 249180 663193 371887 1002580 593189 547530 481288 766197 212057 703364 631669 487946 611896 822219 72074 618795 517903 700103 939674 456742 302636 626579 842749 534287 562749 441258 768427 999999999 256396 433178 424798 209471 306961 99822 283294 961247 736726 789470 400644 642634 690359 615070 112482 395775 637941 111333 801041 665746 61011 498620 412840 575093 597271 554608 146780 915534 41922 331519 228235 602206 690970 823453 301348 91577 189564 392375 691426 650421 164929 413550 377587 660028 546499 338769 125331
793154 212633 676838 290424 919844 557716 692819 520541 583794 770854 822526 920388 352632 152032 37077 296852 290039 723810 943594 24251 686537 445229 414960 662965 281971 467997 809654 492514 1160102 659742 503339 730480 785393 270218 853778 843008 594350 736957 933544 184665 548590 312588 679903 1086697 579660 194191 623253 788604 659646 753286 389625 900121 256396 999999999 297839 197751 103723 285116 317238 406337 1119443 891186 696217 395707 768423 615650 841454 327878 498889 806580 276775 885000 635766 209806 525204 301281 406310 830181 644058 390053 847285 291586 540408 88085 814708 860266 775798 82581 327414 421213 392720 746751 568247 200111 524298 323762 591236 764644 508486 191301
571508 423818 389643 40200 693148 701549 458594 342224 630398 657332 549755 690594 334480 396012 334664 143394 253407 663015 853272 320453 690199 212617 118957 805756 235042 512312 685002 403030 1022044 466154 234714 796308 534829 264104 729230 809700 457726 595751 755833 387520 259084 149719 409333 939515 466129 131555 370283 497085 531517 696385 145687 748161 433178 297839 999999999 179175 245085 169542 528704 358545 984461 768096 398428 204333 623769 321806 837206 541496 386448 711393 512671 683023 362268 424433 318451 38718 145801 841288 477670 497109 551435 474833 550313 383368 786381 760029 486832 366396 524646 499372 209468 530394 273564 271603 412168 122653 300235 752181 473498 308193
748145 393312 561610 199854 870995 723546 636365 503970 704709 804281 726552 868774 424406 341929 230990 104376 341522 789001 994345 211717 787554 386210 289564 830306 325235 583246 836438 532402 1181262 635650 413847 864539 713998 337097 881267 926523 608540 751455 924464 359452 431728 119231 587382 1100973 608313 181166 549347 663699 681228 821420 319427 909438 424798 197751 179175 999999999 216864 284064 502663 465621 1142463 920127 549838 363179 781106 488259 941208 514346 524822 852329 468797 856769 540069 391739 488353 206848 229716 938049 639356 533409 709986 464988 640321 282165 900589 903651 656165 234666 508004 551710 365391 705844 439897 300705 551644 275528 470637 858508 581719 319155
