NAME : synthetic_000350
TYPE : CTSP-D
DIMENSION : 100
GROUPS : 8
RELAXATION_LEVEL : 1
EDGE_WEIGHT_TYPE : EXPLICIT
EDGE_WEIGHT_FORMAT : FULL_MATRIX
EDGE_WEIGHT_SECTION
999999999 796281 336974 912297 485441 470400 740729 197718 188459 768838 676458 567800 510627 831949 518473 440011 804285 372443 165606 653795 595589 20406 756342 645929 489441 499220 274047 636702 450550 609144 695453 201001 196241 235384 220800 839991 150289 525421 184742 680682 240708 126068 366932 338038 262111 166690 186472 490159 381102 463892 330038 839601 643328 351195 458995 651612 730224 662232 752420 758073 829032 776568 198883 277003 326486 622811 848172 785555 300696 194654 220438 485797 697204 268332 161313 718395 308543 316272 190274 330208 263678 660525 740691 475669 363753 597476 301471 603002 219002 521017 111379 731486 714917 632521 642935 228239 395743 289330 190972 197280
796281 999999999 459404 210654 310940 804166 529954 816752 611321 724988 377237 818060 293305 135940 429062 828863 179549 549712 880813 600907 514817 776653 107043 767060 715984 668085 820705 271652 851409 660863 432057 889867 713839 856777 881230 43753 892006 513305 779774 118217 1036511 676370 447776 491550 830976 930223 942906 372519 428731 788900 535663 167829 365683 1100351 341548 611705 710882 203783 754458 40832 76574 525151 995150 786157 505207 630266 174568 33942 725082 926660 587319 327235 650751 533250 825130 391545 497230 879945 617853 475754 613882 761984 75929 419792 685018 643752 580604 201997 579016 580433 801956 303117 405695 223573 163711 746451 600518 523530 946333 599001
336974 459404 999999999 588629 148484 490897 524165 384241 153274 633164 416413 566607 180948 504004 285271 502945 484033 224408 433036 488554 408397 317271 425813 584821 453551 415642 420655 335781 523994 500196 445679 453793 291809 436698 452318 503087 439836 346581 352789 344605 577111 218088 81991 121779 416950 475508 493000 211204 87953 488037 165812 515646 379714 652829 129103 504547 599426 337818 636262 421098 493328 551215 535856 392902 127264 493024 520640 448729 341339 482047 136060 160413 546064 87503 387731 451134 74409 476143 164197 68518 216493 591463 404461 229948 352126 482082 206206 270047 120428 386124 350963 435193 462854 314456 307312 329317 290930 92575 496800 139783
912297 210654 588629 999999999 451036 994353 740550 968804 740199 935521 325028 794372 407681 89523 446747 840706 109101 726768 1021664 809600 480966 894248 169064 717273 710389 864694 874757 286616 861918 617407 642621 966601 790776 922063 952097 196455 1027894 508339 855142 268692 1151278 803600 601564 579332 992647 1062217 1033044 431636 531244 792323 700898 73035 335124 1241368 459643 553172 920898 408377 964551 242301 266290 735041 1107245 838822 592255 581854 363684 244332 895702 1010647 724388 492810 860484 644336 906302 602152 603783 1046632 752816 582194 688057 707507 282613 463642 717298 603942 649417 322226 707247 569281 939491 513467 328374 279845 347091 905349 784207 669105 1035840 720303
485441 310940 148484 451036 999999999 569350 478183 518271 300704 626522 344215 624179 63494 363692 263545 590626 351494 291035 575273 479753 392353 465755 283991 614666 510401 461919 540759 234068 613000 516067 383545 591546 420551 566684 586670 354611 584361 348781 485130 197048 725573 365747 151223 206029 541902 621407 637356 171914 137102 563902 254066 378900 309545 795501 54799 499047 598300 209642 639726 272654 346654 496652 684324 509103 218594 498694 382704 300611 448940 623938 278637 74548 538851 226103 525654 373804 194309 596912 308640 174463 328707 616948 257344 217757 436688 496985 303817 128836 268219 406414 494622 332579 391784 193570 161934 454419 355725 218937 640995 288193
470400 804166 490897 994353 569350 999999999 436052 284167 423679 356560 900881 991407 630106 904988 776132 883873 908048 278769 364244 310439 897082 459960 827067 1040934 890726 147493 733018 802043 898842 972035 459780 670789 619882 703702 691189 839608 395220 832016 639462 725954 571398 416053 430099 596099 226340 431043 636642 699145 578850 893331 326971 927481 864367 483101 590780 987822 321082 603660 324992 764621 792693 474050 561516 726253 594732 971330 753893 777047 178316 655959 399872 508962 319693 512937 629281 504771 539713 207506 396818 548276 621852 1051282 728837 720819 766063 955414 639456 688160 437009 861411 364022 572301 948319 762428 648230 243591 213845 401815 640985 456811
740729 529954 524165 740550 478183 436052 999999999 628240 586125 199281 797768 1086698 533895 662108 741589 1026584 691763 369079 717580 126664 869643 722204 602768 1089730 972489 298129 926972 672876 1047309 993424 102447 922573 794446 926812 931301 548594 743855 826607 844229 513152 928454 627249 444269 641561 598738 786721 927111 650029 583712 1011967 420217 692498 767907 893348 529627 976814 194459 347861 235034 501466 482714 38938 903309 904460 649427 976838 404657 496219 486323 931530 547353 406477 144515 601834 861974 138410 598553 613398 569347 590476 737558 1093111 461161 695344 876276 974374 730349 529625 572374 882084 672588 227471 842211 614510 432465 552524 350978 492242 931594 603605
197718 816752 384241 968804 518271 284167 628240 999999999 246324 614316 786487 756951 563030 881935 636669 634391 866494 293124 89801 521469 736582 192820 802257 825929 669642 348323 471180 718783 646136 776270 607760 392412 378179 432565 415247 858767 118227 666260 380041 711532 303353 199719 370307 442804 64433 159757 352667 583709 458903 654021 284544 896241 750602 288603 512264 808734 576003 646279 591028 776165 831980 666631 284947 471643 435448 784380 827341 798474 142816 373235 249527 489522 554269 355294 358862 641114 394547 121120 225666 412142 415377 839143 749914 585536 541703 762373 445392 646763 275891 676643 86339 677445 830145 698419 653623 78751 281549 299700 356982 276739
188459 611321 153274 740199 300704 423679 586125 246324 999999999 650736 540246 570079 333063 656516 390882 472868 634349 223788 283143 518572 495743 168178 578758 617467 467243 395454 345842 477396 490431 552469 527350 339337 215866 340774 345858 654879 287738 426415 258969 497515 426108 65054 179339 196964 291157 322480 359990 338459 215601 475110 166284 667164 504462 501606 280904 575702 613425 474016 643375 572433 641423 619152 386170 328261 190431 555237 659856 599123 249487 356110 38801 297339 569817 108985 276699 544711 148484 353503 26888 166930 198241 628145 553530 339274 343922 536709 217175 423217 32994 445351 200231 549203 583822 463169 455522 209782 271062 103770 364171 33867
768838 724988 633164 935521 626522 356560 199281 614316 650736 999999999 963596 1197705 687645 854693 886238 1118531 880454 429089 702343 147241 1016067 753200 791217 1216933 1085801 270109 995621 841962 1137467 1127646 292935 965537 866601 982885 979869 745789 732124 965026 905693 696875 915502 674961 551493 754940 567822 772026 951441 795438 707651 1112776 491318 884305 931207 839654 672033 1120801 38663 534045 43921 694384 680925 217508 899262 978997 759972 1115733 603909 691577 476070 963377 614345 551980 88127 696595 911862 335224 704270 561664 628303 701670 830309 1222687 653885 835353 976515 1108952 832037 700908 646655 1013775 679076 424916 1009831 786441 613588 550241 381310 575809 955956 675986
676458 377237 416413 325028 344215 900881 797768 786487 540246 963596 999999999 469739 280765 292016 158532 519848 234744 623693 816123 818568 155945 661901 271159 399235 386647 804004 575647 125945 540405 295741 696508 682861 516720 630023 663657 403733 813938 190566 575370 308583 901575 593569 470824 345710 827454 840339 759767 205532 331579 469690 574486 274334 36714 1025601 311637 237838 937674 461803 980007 370961 452994 808330 855906 540097 354929 261622 544072 399194 757752 732070 540254 416963 877106 431442 629549 672964 391957 888448 561240 374996 420233 391690 396268 202656 409610 281000 380122 268754 510850 246408 733975 603536 47761 186164 373910 741353 690843 508985 761808 511065
567800 818060 566607 794372 624179 991407 1086698 756951 570079 1197705 469739 999999999 585349 757906 391978 141394 702527 773715 732402 1054558 314118 567153 721003 116812 114394 960071 308751 547651 144241 182119 1000374 433631 379072 369116 404025 852722 712884 304842 384938 718119 696830 577323 648553 446044 818805 715231 521880 468317 503453 104064 710420 742982 465281 877424 569407 254130 1162834 822969 1197654 799245 887527 1110749 656412 294132 439394 218845 962499 831140 813871 485062 599442 687172 1111422 502144 424250 996152 493874 878068 596543 498458 373587 135281 811248 416790 226218 192364 366190 643672 563102 237661 673763 955645 469253 595256 748335 758322 832531 624226 521045 538464
510627 293305 180948 407681 63494 630106 533895 563030 333063 687645 280765 585349 999999999 323456 209696 564584 303579 351362 613983 541271 336004 491718 246154 566861 473171 525056 532970 172004 587223 465566 436687 596749 421266 565429 588753 336703 620496 298155 487094 175103 751249 397104 205234 199223 591204 655505 650120 120053 135471 533136 310278 334702 246251 833737 52168 443466 660086 237717 701809 258987 341410 550172 708521 499488 212816 445768 393180 289864 503518 633396 316795 136733 600251 243244 531867 422610 205281 648054 345138 183537 322878 567860 253107 170158 412692 446509 292150 93019 300070 359386 531857 372029 328308 137096 169283 503285 416979 264172 653483 315060
831949 135940 504004 89523 363692 904988 662108 881935 656516 854693 292016 757906 323456 999999999 389260 790873 58675 637309 936679 725672 444541 813488 80084 691245 665949 776047 810873 223168 812726 587471 562456 896450 719582 855024 883565 136952 943817 460690 784799 179188 1071912 720505 513562 503348 904569 978959 959473 360569 451232 745220 612068 32086 292626 1156709 375622 529127 838595 323439 882357 160651 204267 659110 1028393 775136 516607 553626 304933 169544 806684 938656 639194 403533 777759 563617 834618 523920 523690 958073 668096 501914 616809 683484 201043 397909 659229 572234 579285 235284 623523 525168 854910 436736 308120 203174 258392 817482 694692 582383 962448 637978
518473 429062 285271 446747 263545 776132 741589 636669 390882 886238 158532 391978 209696 389260 999999999 403383 341320 506445 661216 739006 129835 504290 338280 359564 287026 695132 429355 166565 425599 256497 645729 529461 359840 479822 511960 466030 657748 90456 420197 326161 743171 440348 353739 193936 681381 683055 603805 91646 197348 360706 450529 382375 127674 868376 214441 235592 856297 440420 896509 408022 496474 759141 697530 393408 201404 236094 570672 440133 621450 577289 395874 336759 798169 282207 473864 632298 245413 743318 413709 231743 261948 359440 419275 55326 270850 237518 221772 253015 363597 156000 579792 579114 196768 205515 360481 597248 573850 375329 606016 359937
440011 828863 502945 840706 590626 883873 1026584 634391 472868 1118531 519848 141394 564584 790873 403383 999999999 739963 689619 601974 980008 369026 441937 741539 249389 138372 868286 171145 569602 22693 275770 948007 292954 263996 229077 263243 867491 580590 332371 255272 719060 555766 468045 582333 391468 697729 579885 380748 459115 457511 55142 627216 781227 505680 737925 536985 346485 1082136 798618 1114094 804058 892089 1054142 515794 163044 381448 308486 955928 836436 705577 343900 506609 643690 1034628 425937 288650 950300 428602 754911 497939 438802 290005 267607 809117 409705 154161 277298 297126 638032 472589 273636 549226 921531 531738 606838 733581 644487 742917 543507 379834 444425
804285 179549 484033 109101 351494 908048 691763 866494 634349 880454 234744 702527 303579 58675 341320 739963 999999999 635158 916709 746956 388608 786419 89245 633736 612830 784387 767501 178366 761573 530473 590502 857835 681826 813918 843622 189568 922055 408326 746318 187586 1042836 697196 502716 470416 892964 955702 923955 322566 423513 693170 604578 41268 237688 1135922 354968 471181 862210 346412 906008 194945 253194 691629 998673 731608 483288 496290 353362 211115 799758 901656 620081 400506 800912 536730 797326 554705 495955 948392 647924 474484 579074 625698 233382 355416 612159 515545 540547 223576 601490 471680 834201 470044 249522 171903 271454 805249 695461 567147 926757 613479
372443 549712 224408 726768 291035 278769 369079 293124 223788 429089 623693 773715 351362 637309 506445 689619 635158 999999999 375376 294785 631987 353581 557883 803556 664075 191525 569601 523277 708423 722961 325698 554498 438920 562707 564578 589038 396765 570974 482203 458655 575064 258691 153748 341633 289962 439840 558509 424769 310413 685478 63296 657512 587370 580558 312574 728955 392522 362663 425046 509000 553030 404366 544958 551194 343824 717020 538109 526726 177021 562451 186235 234730 346585 271845 495319 353595 286702 332745 203671 289388 402603 811372 477477 451381 549864 705127 407726 412770 217606 609268 315261 384427 671312 484495 387290 214927 67565 149611 562975 247247
165606 880813 433036 1021664 575273 364244 717580 89801 283143 702343 816123 732402 613983 936679 661216 601974 916709 375376 999999999 611265 749872 170346 857920 811513 654979 437681 432734 760168 611027 772700 694701 336234 361396 385441 362272 923597 31042 679210 347782 771537 213838 223544 433264 470595 137964 70069 282266 618861 498332 628365 358470 948681 781284 220233 562076 812355 664185 719307 677896 840681 901262 755878 197996 439712 461199 784877 902791 864689 232614 307977 297486 555165 643665 387821 315539 726757 428913 172432 268867 448698 419342 826046 816877 613471 528897 760425 454221 701819 315674 680739 83033 759297 857544 745991 719344 165703 369418 357557 286276 307785
653795 600907 488554 809600 479753 310439 126664 521469 518572 147241 818568 1054558 541271 725672 739006 980008 746956 294785 611265 999999999 868837 636591 658112 1071020 941973 178376 864373 698134 999522 980904 180110 844755 733428 856507 856665 626280 639109 817911 776738 560808 824520 549853 406615 610171 485698 681194 839576 648252 561268 971828 354597 754096 785715 776029 524842 973573 119114 402287 161878 567301 565587 163905 802778 845553 615724 968670 500547 568499 378693 847823 480894 405211 59179 555443 787715 227726 560685 494639 498027 557045 690475 1076487 527059 688133 835323 962167 689952 558511 511054 867153 574692 313293 865129 643774 476755 449281 258139 436553 844100 541318
595589 514817 408397 480966 392353 897082 869643 736582 495743 1016067 155945 314118 336004 444541 129835 369026 388608 631987 749872 868837 999999999 584405 413025 252274 232965 821996 446335 243829 388697 146047 772663 564056 413877 505615 541424 546236 742191 70684 464002 426743 802624 537004 480693 303150 786230 762278 647213 220960 321575 317063 574190 428927 152454 946126 344170 107670 986115 558546 1026264 501310 587844 886151 756984 412333 306927 116731 671432 532008 736447 616096 506889 466062 928001 390685 518461 757184 358749 848783 520608 348854 332043 247867 519648 182364 277574 129192 295715 364596 472068 97568 671540 699527 162716 298797 474574 705342 699021 495286 648612 462802
20406 776653 317271 894248 465755 459960 722204 192820 168178 753200 661901 567153 491718 813488 504290 441937 786419 353581 170346 636591 584405 999999999 737603 642323 485638 484001 278660 619775 453377 602405 675977 213954 191706 243925 232010 820348 158382 514009 187232 661260 260001 105665 346542 321624 256764 179003 204943 473638 363006 463553 310290 821480 628436 364243 439975 643060 714627 641866 737516 738344 808995 757871 218664 279006 310358 615004 827817 765714 287949 211252 200032 465513 680687 249984 169479 698588 290486 312987 169883 312055 252402 656560 720729 460489 358949 590260 289294 583936 198905 511888 107292 711223 700952 614576 622921 216736 378454 268923 209416 177724
756342 107043 425813 169064 283991 827067 602768 802257 578758 791217 271159 721003 246154 80084 338280 741539 89245 557883 857920 658112 413025 737603 999999999 664646 622684 700151 748896 173807 763817 558834 501366 828811 651655 790142 817321 133387 865589 417751 717348 101556 996763 643075 433553 432333 824521 901222 888897 296088 376928 698723 532018 100464 261870 1078066 298236 507162 773097 257181 816898 110916 183568 603197 953657 713505 445810 527224 279590 133185 726704 869399 560474 323755 711833 488256 765877 466001 448978 877991 589645 427133 549339 658826 146869 338201 603432 542217 513063 156105 545777 484287 776421 382185 298670 137608 184021 737479 615966 502850 892009 561210
645929 767060 584821 717273 614666 1040934 1089730 825929 617467 1216933 399235 116812 566861 691245 359564 249389 633736 803556 811513 1071020 252274 642323 664646 999999999 156708 994031 405244 496032 256676 106335 997776 533619 450632 468278 504667 798000 794792 269334 469861 677260 796678 635785 665828 463478 885277 801748 622959 446808 510039 200711 740920 672702 402919 971244 561298 164125 1183838 799983 1221052 753318 840075 1110395 754570 384281 460061 137798 922562 784168 866438 586546 641876 683757 1129298 534061 515101 988008 517069 946382 644355 516717 419998 18541 770550 397578 284314 124153 401913 610462 604714 208253 746246 938223 388919 549959 719309 817570 866373 654999 622581 584152
489441 715984 453551 710389 510401 890726 972489 669642 467243 1085801 386647 114394 473171 665949 287026 138372 612830 664075 654979 941973 232965 485638 622684 156708 999999999 852191 259909 448948 156642 143324 885980 388765 293938 323866 361059 752381 638632 205527 315702 612072 649109 481418 535541 332460 729433 646641 478007 357824 389096 84546 600837 653919 375809 818761 455604 210702 1051304 710882 1086747 694848 783325 996397 605801 234372 326295 172979 854882 727027 714667 442498 494217 572853 999163 392249 363301 881901 381534 790280 494040 385193 269021 171092 704562 306314 127973 141616 256652 535258 457345 141253 589594 842331 395392 492412 637998 663375 724384 514473 478128 434591
499220 668085 415642 864694 461919 147493 298129 348323 395454 270109 804004 960071 525056 776047 695132 868286 784387 191525 437681 178376 821996 484001 700151 994031 852191 999999999 734767 695623 885871 914438 312874 697174 609283 717593 712591 701572 466546 761990 643017 598603 651516 410955 341456 533039 308485 507745 681336 610685 500696 868609 253275 800427 768329 597686 493012 920057 231445 465186 253752 629497 651451 336944 632516 721030 534921 908499 608291 639483 207271 693581 362253 393980 205984 460563 645376 357443 477807 316440 370817 480907 586790 1002188 592231 640456 734590 896634 595557 570706 397649 800787 409376 425297 851762 650157 517673 280859 127844 339037 685851 424320
274047 820705 420655 874757 540759 733018 926972 471180 345842 995621 575647 308751 532970 810873 429355 171145 767501 569601 432734 864373 446335 278660 748896 405244 259909 734767 999999999 589303 178473 400673 859285 129036 132560 63957 101178 862681 410391 388398 93571 703927 391446 324311 490514 335820 535333 408764 218462 452823 404222 206796 510735 807912 551962 568783 492997 461450 957975 748823 986377 789657 874073 958145 349462 35957 322734 425673 922407 821321 556226 182652 383541 577603 915529 334000 117791 869362 352197 590320 367383 369032 212074 422267 786074 412976 168812 395303 240891 619649 355171 351166 385027 855579 600179 611451 698516 490042 614550 434734 218416 324181
636702 271652 335781 286616 234068 802043 672876 718783 477396 841962 125945 547651 172004 223168 166565 569602 178366 523277 760168 698134 243829 619775 173807 496032 448948 695623 589303 999999999 591703 389717 571299 680110 504711 635587 665482 305106 762472 243951 568747 186624 872471 537253 375028 299094 752689 793537 747849 147592 261855 525661 480387 218610 101465 976652 213992 344266 817180 335935 859945 257599 344044 682773 827706 553439 311283 360077 428755 288180 671374 724658 469265 302726 756212 373375 620290 547125 332062 811482 494444 311675 402208 491608 277798 177084 436061 372370 363195 143291 445434 310580 677136 477807 169337 60475 248107 664957 588982 426096 750530 452759
450550 851409 523994 861918 613000 898842 1047309 646136 490431 1137467 540405 144241 587223 812726 425599 22693 761573 708423 611027 999522 388697 453377 763817 256676 156642 885871 178473 591703 999999999 290567 969298 295550 279408 233101 265774 889969 588864 353667 266183 741715 556913 483505 603041 413319 709788 586573 381986 481789 479613 72131 646230 802829 526818 741263 559430 362146 1100926 821116 1132530 826688 914735 1075100 517917 174626 403152 324170 978617 859066 720643 345136 524698 665668 1053874 446176 296226 971955 449717 766271 515204 460257 310174 275115 831802 432336 176388 293211 318474 660718 491095 294023 560551 943708 551386 629278 756240 658485 760953 562969 380810 462551
609144 660863 500196 617407 516067 972035 993424 776270 552469 1127646 295741 182119 465566 587471 256497 275770 530473 722961 772700 980904 146047 602405 558834 106335 143324 914438 400673 389717 290567 999999999 899602 528639 413766 464448 501724 692127 759431 167549 446865 571148 785780 579724 579345 381440 832428 771842 617285 345832 420351 220680 661486 570001 297420 949020 463810 73003 1095607 696339 1133972 646984 733761 1012703 741609 372624 380237 36735 816360 677839 801560 582454 572478 586952 1039652 459565 497635 887932 437114 894629 579097 433630 361405 103477 664378 298321 248815 19088 335669 505374 535505 114199 701363 835567 289795 443704 614644 758961 787739 577032 617683 518620
695453 432057 445679 642621 383545 459780 102447 607760 527350 292935 696508 1000374 436687 562456 645729 948007 590502 325698 694701 180110 772663 675977 501366 997776 885980 312874 859285 571299 969298 899602 999999999 866670 727061 864792 872669 453410 718438 732232 780934 410831 899600 575517 369548 558489 588217 761687 879974 554542 497152 929966 366265 592448 667154 885962 436481 880153 280372 245640 323513 401904 389835 113488 870458 834443 567439 881648 320638 398646 471242 880735 488820 314447 222007 527954 803765 47839 519695 612954 514024 509328 661865 1000380 361440 601302 795646 880518 650881 428008 509260 789608 640096 134465 740616 512623 330020 529444 326489 427567 884372 540419
201001 889867 453793 966601 591546 670789 922573 392412 339337 965537 682861 433631 596749 896450 529461 292954 857835 554498 336234 844755 564056 213954 828811 533619 388765 697174 129036 680110 295550 528639 866670 999999999 177156 65361 29779 933047 309630 501619 111652 771669 263469 295844 509603 398599 456313 298986 89455 536070 461768 333909 502900 897063 655970 445737 550656 587535 927065 791493 950881 855614 935878 956644 222846 156326 384942 552460 972768 886103 501532 53817 377858 614103 891081 367713 66102 883532 397267 504591 353644 417590 279699 550824 846537 503573 288864 522508 317390 688120 359503 471798 307835 882794 711629 693651 753327 429231 587384 440885 89387 329141
196241 713839 291809 790776 420551 619882 794446 378179 215866 866601 516720 379072 421266 719582 359840 263996 681826 438920 361396 733428 413877 191706 651655 450632 293938 609283 132560 504711 279408 413766 727061 177156 999999999 146242 167487 756842 346316 346108 65967 595747 389093 204130 358903 222292 439742 358194 244344 359524 287307 276959 379152 720739 487461 537581 376742 459475 829278 625406 858915 680242 761798 825586 343368 112397 208640 429080 803214 711081 441582 219948 252697 450971 785395 204383 115580 737917 227353 499278 238955 246213 102825 464863 672713 329273 167533 402760 141553 511891 223063 331384 296273 726871 549466 516644 581306 381422 486537 302203 246740 192300
235384 856777 436698 922063 566684 703702 926812 432565 340774 982885 630023 369116 565429 855024 479822 229077 813918 562707 385441 856507 505615 243925 790142 468278 323866 717593 63957 635587 233101 464448 864792 65361 146242 999999999 37276 899429 360952 445361 84387 739016 328613 307942 500088 366236 496994 355079 154797 494788 432630 268749 507013 853812 604718 508849 522127 524545 944748 771543 970938 824074 906612 959495 287406 93885 352685 489033 949380 855226 529802 118761 379499 596525 905405 349218 74448 878263 373573 548982 359079 392427 242906 485467 817755 458507 228503 458814 277259 654838 355714 411706 346381 870920 656645 653495 727134 460193 601968 437271 154620 324474
220800 881230 452318 952097 586670 691189 931301 415247 345858 979869 663657 404025 588753 883565 511960 263243 843622 564578 362272 856665 541424 232010 817321 504667 361059 712591 101178 665482 265774 501724 872669 29779 167487 37276 999999999 924168 336348 480311 101784 763178 292900 306817 511738 389730 479448 327209 118333 523004 454615 304671 511102 883219 637657 475504 543957 561694 941516 789159 966324 847728 929156 964786 252553 130685 376085 526250 968913 878562 519907 81908 384628 612698 904108 365322 69334 888026 392544 529140 361990 412232 268215 521965 840001 488500 264825 496062 304436 679250 363784 448053 329850 884286 691177 681313 747982 448556 600239 445519 117918 332891
839991 43753 503087 196455 354611 839608 548594 858767 654879 745789 403733 852722 336703 136952 466030 867491 189568 589038 923597 626280 546236 820348 133387 798000 752381 701572 862681 305106 889969 692127 453410 933047 756842 899429 924168 999999999 935060 548493 822795 161616 1080182 719923 490401 534591 871964 973434 986500 413007 472165 826559 576859 168525 395257 1142959 385196 640387 733578 236422 776872 82926 69967 540907 1038864 827984 548251 660608 169386 62713 765023 970099 630624 369326 674228 576978 868415 410731 540870 920201 661206 519369 656583 792213 111741 459364 725060 675419 622933 244961 622617 615413 845000 321179 428650 260818 205169 787894 638262 566514 989916 642712
150289 892006 439836 1027894 584361 395220 743855 118227 287738 732124 813938 712884 620496 943817 657748 580590 922055 396765 31042 639109 742191 158382 865589 794792 638632 466546 410391 762472 588864 759431 718438 309630 346316 360952 336348 935060 999999999 671666 327958 781208 185411 225407 445588 469406 168900 43249 252627 619385 501124 608829 375984 954860 779576 214250 568389 801285 693890 734928 708091 852147 914786 781987 167509 419221 459370 772871 919319 876868 260490 279319 305731 567932 672479 389152 292700 749469 430450 202658 276033 450839 410437 809691 829480 611419 513691 747707 446619 709640 320660 670241 90062 779511 854450 750709 731608 191331 394415 368568 256563 309834
525421 513305 346581 508339 348781 832016 826607 666260 426415 965026 190566 304842 298155 460690 90456 332371 408326 570974 679210 817911 70684 514009 417751 269334 205527 761990 388398 243951 353667 167549 732232 501619 346108 445361 480311 548493 671666 999999999 398649 414343 735198 466609 422050 236239 716420 692105 582853 178301 261805 284844 511727 449537 173436 876212 297094 158102 933901 530726 973161 494568 582768 845421 689476 353400 238975 150918 659526 526386 669029 552777 438872 420308 876909 322624 453256 720393 292437 779010 451583 284193 261762 269751 507739 131281 220491 148468 225104 343085 403554 67193 600866 668956 211796 290432 450906 636169 637434 430798 584457 393254
184742 779774 352789 855142 485130 639462 844229 380041 258969 905693 575370 384938 487094 784799 420197 255272 746318 482203 347782 776738 464002 187232 717348 469861 315702 643017 93571 568747 266183 446865 780934 111652 65967 84387 101784 822795 327958 398649 999999999 661665 341265 232083 415714 288224 443858 332098 184673 424429 352836 280877 425167 785473 547363 503340 442174 499124 867820 688564 895370 746081 827377 876521 296244 92271 274568 466295 867568 776857 462677 157105 297460 512874 826760 265395 54614 794011 291206 500089 278714 310668 168089 485558 738217 392495 198532 438023 205795 577840 272273 376009 294369 786643 606078 582026 646300 396591 524383 353594 186554 240993
680682 118217 344605 268692 197048 725954 513152 711532 497515 696875 308583 718119 175103 179188 326161 719060 187586 458655 771537 560808 426743 661260 101556 677260 612072 598603 703927 186624 741715 571148 410831 771669 595747 739016 763178 161616 781208 414343 661665 999999999 921260 562511 341249 373456 730449 818438 824946 260124 310554 681528 436043 201946 287860 991670 223839 529850 677127 165361 720862 85977 173108 517130 879397 669648 387107 543474 245497 118115 629660 808489 475556 226188 615674 416005 706913 379339 379437 782390 505661 357876 496115 674147 93470 309495 572283 553107 463389 84304 464872 481282 691360 301315 346498 128175 84151 644206 515521 414181 828347 483550
240708 1036511 577111 1151278 725573 571398 928454 303353 426108 915502 901575 696830 751249 1071912 743171 555766 1042836 575064 213838 824520 802624 260001 996763 796678 649109 651516 391446 872471 556913 785780 899600 263469 389093 328613 292900 1080182 185411 735198 341265 921260 999999999 361424 600776 573532 348236 143788 175036 725018 620703 597347 546527 1078809 870347 193562 699681 840157 877481 895855 890052 998033 1067439 966409 45777 414738 561196 806804 1081807 1025094 445885 211900 454173 721942 857499 508521 288562 928650 548222 367335 423232 570003 481365 813709 979638 705360 539119 777960 521453 843697 457868 716919 259803 952985 936629 871449 881619 376210 578107 522234 176105 437715
126068 676370 218088 803600 365747 416053 627249 199719 65054 674961 593569 577323 397104 720505 440348 468045 697196 258691 223544 549853 537004 105665 643075 635785 481418 410955 324311 537253 483505 579724 575517 295844 204130 307942 306817 719923 225407 466609 232083 562511 361424 999999999 241130 247872 252880 258618 305063 395317 275730 477817 209358 730577 558417 439655 344942 609691 636863 536620 663614 637454 706015 661817 322033 312996 239160 586222 722641 664053 237755 305401 94390 360993 597755 164315 237899 596153 205487 315304 64298 225579 218412 647900 618308 391115 354264 565183 246278 487779 97668 477762 140735 606210 635782 525614 520244 181957 294083 163287 309403 84495
366932 447776 81991 601564 151223 430099 444269 370307 179339 551493 470824 648553 205234 513562 353739 582333 502716 153748 433264 406615 480693 346542 433553 665828 535541 341456 490514 375028 603041 579345 369548 509603 358903 500088 511738 490401 445588 422050 415714 341249 600776 241130 999999999 203571 391084 485014 538082 271028 160257 569073 105360 529750 434357 652583 161502 580086 518041 295536 555347 407508 469484 472460 562624 465006 209251 570559 481582 431478 298525 531822 146956 122419 464244 158520 444433 379014 155337 445698 177761 150436 293525 672087 383905 299000 432836 560998 286711 279753 152335 465146 355616 373244 518322 341871 286143 303925 221300 78555 542174 181163
338038 491550 121779 579332 206029 596099 641561 442804 196964 754940 345710 446044 199223 503348 193936 391468 470416 341633 470595 610171 303150 321624 432333 463478 332460 533039 335820 299094 413319 381440 558489 398599 222292 366236 389730 534591 469406 236239 288224 373456 573532 247872 203571 999999999 487755 497798 456595 152127 68927 371479 280058 507539 310697 682439 157180 391833 721179 415460 757850 458080 540405 666901 528938 303482 13661 376934 586610 489078 433298 437379 204133 252531 667796 88643 334470 559061 56439 549867 220147 53322 124173 470524 451673 143285 237818 363756 98008 289629 170386 268104 388291 531481 388077 300514 362727 404421 406327 196257 459686 166151
262111 830976 416950 992647 541902 226340 598738 64433 291157 567822 827454 818805 591204 904569 681381 697729 892964 289962 137964 485698 786230 256764 824521 885277 729433 308485 535333 752689 709788 832428 588217 456313 439742 496994 479448 871964 168900 716420 443858 730449 348236 252880 391084 487755 999999999 205791 413699 622781 496764 716265 295380 920753 791151 297748 541967 862165 530034 651431 541822 790164 840428 637561 335681 535202 481570 839075 828039 810538 117674 435670 287200 505152 513420 399216 423291 624847 436619 62627 267675 452582 471023 898099 761471 628818 601475 818017 498952 670686 317834 730409 150743 668942 872187 727982 667265 87946 263767 327459 417933 323558
166690 930223 475508 1062217 621407 431043 786721 159757 322480 772026 840339 715231 655505 978959 683055 579885 955702 439840 70069 681194 762278 179003 901222 801748 646641 507745 408764 793537 586573 771842 761687 298986 358194 355079 327209 973434 43249 692105 332098 818438 143788 258618 485014 497798 205791 999999999 232395 649001 533231 611489 418030 989195 806551 185322 603338 816750 733931 775864 747122 890573 954481 824908 130709 421174 487149 787083 960626 915747 302504 262647 343031 607432 713729 420407 291388 792669 461682 232064 312779 482540 430351 817210 868657 638400 524061 760954 467920 745555 355471 686824 129925 822241 879783 783999 770639 234259 437551 407396 235935 342280
186472 942906 493000 1033044 637356 636642 927111 352667 359990 951441 759767 521880 650120 959473 603805 380748 923955 558509 282266 839576 647213 204943 888897 622959 478007 681336 218462 747849 381986 617285 879974 89455 244344 154797 118333 986500 252627 582853 184673 824946 175036 305063 538082 456595 413699 232395 999999999 601424 514789 422995 513759 962240 731273 361695 601405 675066 912778 828984 933017 906970 983962 962814 136641 244661 443171 640420 1013285 936461 477649 36867 396332 650696 881860 411285 130245 901215 445755 454630 368283 467160 345841 640211 894575 573348 374926 610729 385434 742829 385782 556826 274983 909167 790751 756328 798916 403297 581762 463754 4527 358059
490159 372519 211204 431636 171914 699145 650029 583709 338459 795438 205532 468317 120053 360569 91646 459115 322566 424769 618861 648252 220960 473638 296088 446808 357824 610685 452823 147592 481789 345832 554542 536070 359524 494788 523004 413007 619385 178301 424429 260124 725018 395317 271028 152127 622781 649001 601424 999999999 126185 423006 372175 361231 168918 833108 123412 327220 765910 355579 806450 345554 433230 667888 680186 417487 163980 327114 498456 377902 552451 579192 335754 245180 707430 231105 474910 542100 190274 683442 358044 171646 256704 447887 350138 51558 312618 326756 218750 179169 307876 239476 535986 491812 251684 158825 280221 536274 492327 303704 604208 311253
381102 428731 87953 531244 137102 578850 583712 458903 215601 707651 331579 503453 135471 451232 197348 457511 423513 310413 498332 561268 321575 363006 376928 510039 389096 500696 404222 261855 479613 420351 497152 461768 287307 432630 454615 472165 501124 261805 352836 310554 620703 275730 160257 68927 496764 533231 514789 126185 999999999 434595 253321 458505 295031 715373 89498 419869 675315 346563 713632 393905 474541 607302 577173 372199 81587 410527 518252 424336 427343 497935 210035 186555 619785 113232 396646 495123 72559 557295 233494 50972 192202 515238 385410 142022 303383 401809 166818 228040 183904 306273 415304 464167 377329 251620 294811 410117 377503 179151 518121 191299
463892 788900 488037 792323 563902 893331 1011967 654021 475110 1112776 469690 104064 533136 745220 360706 55142 693170 685478 628365 971828 317063 463553 698723 200711 84546 868609 206796 525661 72131 220680 929966 333909 276959 268749 304671 826559 608829 284844 280877 681528 597347 477817 569073 371479 716265 611489 422995 423006 434595 999999999 622407 734377 457253 775393 509487 291356 1077079 769519 1110499 765705 854062 1038078 555978 190316 362824 253356 921403 798044 715269 386413 506485 621059 1027606 416445 320883 929630 413834 775098 501118 421564 282876 218444 772826 372381 136531 222187 282477 602111 470993 223361 570375 896297 479667 565777 700994 657742 741817 537065 422474 444668
330038 535663 165812 700898 254066 326971 420217 284544 166284 491318 574486 710420 310278 612068 450529 627216 604578 63296 358470 354597 574190 310290 532018 740920 600837 253275 510735 480387 646230 661486 366265 502900 379152 507013 511102 576859 375984 511727 425167 436043 546527 209358 105360 280058 295380 418030 513759 372175 253321 622407 999999999 629929 537883 572557 266742 669390 455065 361931 488097 494867 547701 453812 513061 491086 281668 656425 544409 515743 195185 514741 127708 210085 407832 208590 441783 388374 224570 346355 149284 228500 339556 748948 466835 395231 486675 643810 344441 381009 156459 548093 289117 406478 621775 446471 371961 211221 126280 86369 518148 186870
839601 167829 515646 73035 378900 927481 692498 896241 667164 884305 274334 742982 334702 32086 382375 781227 41268 657512 948681 754096 428927 821480 100464 672702 653919 800427 807912 218610 802829 570001 592448 897063 720739 853812 883219 168525 954860 449537 785473 201946 1078809 730577 529750 507539 920753 989195 962240 361231 458505 734377 629929 999999999 278534 1168353 386635 509626 867680 351846 911467 191168 236254 690041 1034886 772045 520568 535516 336895 201307 824965 940410 651452 422984 806702 571527 836140 554459 531060 975185 679824 509433 617927 664303 231348 395426 653180 555327 579681 250075 634212 512734 866479 467681 286458 207418 283470 833318 716146 596551 965100 647322
643328 365683 379714 335124 309545 864367 767907 750602 504462 931207 36714 465281 246251 292626 127674 505680 237688 587370 781284 785715 152454 628436 261870 402919 375809 768329 551962 101465 526818 297420 667154 655970 487461 604718 637657 395257 779576 173436 547363 287860 870347 558417 434357 310697 791151 806551 731273 168918 295031 457253 537883 278534 999999999 991716 275614 246075 904774 435822 946908 355685 440217 779514 824759 516182 320261 265373 528116 385218 721052 704376 503959 382825 844415 395791 601222 645050 356060 852056 525212 338836 389417 396956 378142 168202 388092 281260 349205 240864 474842 234558 698965 577965 83966 161616 348348 704933 654583 472287 733439 475585
351195 1100351 652829 1241368 795501 483101 893348 288603 501606 839654 1025601 877424 833737 1156709 868376 737925 1135922 580558 220233 776029 946126 364243 1078066 971244 818761 597686 568783 976652 741263 949020 885962 445737 537581 508849 475504 1142959 214250 876212 503340 991670 193562 439655 652583 682439 297748 185322 361695 833108 715373 775393 572557 1168353 991716 999999999 781726 997043 803908 934487 807444 1060083 1118890 932278 225253 587040 672008 966204 1115942 1083593 415067 397957 517592 773965 796999 603288 456150 922392 644597 281634 488647 665060 614657 987503 1035480 823532 700227 939122 652664 921975 534435 868421 301880 963860 1065104 964753 938307 365743 560989 577555 363605 524081
458995 341548 129103 459643 54799 590780 529627 512264 280904 672033 311637 569407 52168 375622 214441 536985 354968 312574 562076 524842 344170 439975 298236 561298 455604 493012 492997 213992 559430 463810 436481 550656 376742 522127 543957 385196 568389 297094 442174 223839 699681 344942 161502 157180 541967 603338 601405 123412 89498 509487 266742 386635 275614 781726 999999999 449801 642535 261908 683176 305725 385290 549233 657155 460495 170358 447679 429484 335709 457510 585753 265120 123216 584019 192396 485278 428025 155682 599599 293209 134258 281234 563993 296054 165819 383297 444755 253736 144025 247913 353135 479848 387260 359366 186294 205565 454024 379453 214514 604857 263052
651612 611705 504547 553172 499047 987822 976814 808734 575702 1120801 237838 254130 443466 529127 235592 346485 471181 728955 812355 973573 107670 643060 507162 164125 210702 920057 461450 344266 362146 73003 880153 587535 459475 524545 561694 640387 801285 158102 499124 529850 840157 609691 580086 391833 862165 816750 675066 327220 419869 291356 669390 509626 246075 997043 449801 999999999 1090250 665549 1129917 601259 686269 993637 795324 431274 393176 38002 773006 631126 822026 641166 591514 572346 1032682 475889 551659 864854 448269 924740 601689 441296 394367 154729 621937 285464 301109 69258 363433 470890 555319 132153 737756 806805 224863 401695 580939 784923 795275 587608 675773 541985
