NAME : synthetic_000811
TYPE : CTSP-D
DIMENSION : 100
GROUPS : 8
RELAXATION_LEVEL : 1
EDGE_WEIGHT_TYPE : EXPLICIT
EDGE_WEIGHT_FORMAT : FULL_MATRIX
EDGE_WEIGHT_SECTION
999999999 443181 626272 303073 419594 34248 320839 859868 461409 726345 426367 640282 466100 704165 550570 528487 435788 390689 286054 678429 414810 397869 602805 700353 375896 409071 555331 794274 287457 531018 536681 532338 327579 188082 709350 611349 328140 710664 549911 164044 504771 370284 515128 412198 581683 371713 510988 709101 444236 749434 681934 494238 512993 203520 461629 422797 743162 288071 523066 153265 361236 216248 140275 591654 402317 692024 311965 689804 490612 580994 426051 282994 354826 653496 158315 270729 254641 399207 709510 552948 288305 496110 276182 72139 249787 689500 728805 296958 187168 423741 156718 280263 820814 444517 92972 369454 122543 320018 159238 693330
443181 999999999 1038345 614119 855297 439915 763580 1266196 554338 1071556 869440 1059568 762242 1122963 993598 969735 476215 833242 245566 758489 722562 827245 978846 747147 811596 844671 736689 897396 724640 951145 979300 637611 708777 262814 848465 809062 757989 1077401 983054 554456 834387 807739 853468 177399 895702 89066 669380 948661 846099 871068 966052 57350 920882 646524 896549 673116 965879 693645 956720 359615 107632 583088 363413 713108 816326 1081859 726126 727351 482408 890170 704178 171967 667091 1093278 533748 696528 356512 733673 865920 834271 682083 939156 547175 493942 680505 892040 902459 560003 588834 164705 288505 716658 894553 793799 530474 759088 359157 751666 474051 1050323
626272 1038345 999999999 736345 237147 615144 393224 233785 684384 261650 333491 42215 386330 89573 314734 363124 739307 364068 811973 746277 387668 237101 148040 799038 439346 244849 571310 762646 460714 525253 332196 675516 626944 778585 671867 551484 483852 194035 142159 485071 768841 428398 279891 939164 321774 982925 602832 498068 193017 714440 398521 1094464 573363 463870 202727 479216 541819 345700 443678 679065 976074 654627 674932 664132 538236 113406 316009 806520 794922 333069 433295 899679 747090 212197 504829 517125 709441 349538 644699 395576 356301 284109 522569 613622 506855 560785 623409 786477 451771 955904 774875 356932 818905 292264 571292 609530 746381 312425 712674 216557
303073 614119 736345 999999999 499211 336687 343482 957933 763820 914303 424838 732820 717632 790473 522976 477306 738160 386008 553727 977255 666884 506427 771290 1001683 320741 491776 841653 1087107 275933 385506 501618 832238 132490 432962 997987 889901 263243 878139 614235 419858 222750 326777 732169 657151 808773 525497 804566 966246 602035 1040206 918581 647547 338534 294347 535078 699670 1005281 479781 425931 448526 507729 99775 435530 887714 261053 832101 481554 991808 791519 811410 691522 446461 55792 670282 428196 219567 551529 636836 994235 802648 496225 498165 564906 237833 230082 961994 1008192 68162 421650 663456 368710 401159 1117474 663009 251414 178480 282625 444176 159610 872903
419594 855297 237147 499211 999999999 416556 156505 463194 620081 443146 124572 236541 383600 297653 194035 212628 651932 140578 652016 750808 353975 46182 295736 796461 214472 10626 573347 808332 223800 342940 195591 641403 392473 592634 711084 583595 250810 393566 130771 311180 547054 201929 325954 784843 401433 789575 578006 590311 151962 757094 509357 908937 377432 234610 42145 439499 635555 189792 272865 507311 780062 418491 499923 657080 317119 336243 152941 797582 713367 409258 401584 701952 511124 240048 335076 280158 564574 306299 692168 439960 214760 129570 409736 392879 269782 624946 685487 549789 276191 800085 575296 139465 857349 282871 350093 379773 532799 104800 483245 397561
34248 439915 615144 336687 416556 999999999 329452 848094 427419 704305 433330 631209 437291 695137 557367 538334 403108 399298 266130 644181 386322 391506 584286 666206 390676 405947 521894 760215 302340 550306 544590 498099 356021 179133 675599 578619 346171 691340 545769 140955 535880 384075 490814 395509 555461 373184 476975 678569 429539 715513 653963 492746 535207 212487 458227 390720 711991 272499 537823 126388 364236 248203 113855 557475 424220 676353 299278 655745 458657 554332 395520 286510 387968 653488 131548 291178 225230 373106 676080 523882 269754 500694 243083 102383 268726 657291 695848 331198 168105 408002 160284 277311 786592 420774 113931 396192 144066 314369 193306 672579
320839 763580 393224 343482 156505 329452 999999999 615269 639713 590101 106424 389522 467036 448088 230161 209010 652370 69923 590436 807237 425072 171499 443093 846521 89253 149879 639049 885832 67557 259047 215841 680020 237139 507578 789134 665099 99755 545608 272925 273884 402678 76510 440645 722466 519639 689116 627227 700316 280900 834957 631296 813567 271628 117413 191610 493627 744082 219099 220224 443718 677047 267470 433425 711640 182558 492212 197409 843672 714397 525370 465981 599302 354691 348767 297378 123971 523167 381560 775523 539532 246318 179996 414769 274154 116367 720169 776675 396418 246266 735777 475477 112092 929098 381718 234299 229779 417096 134109 345158 545870
859868 1266196 233785 957933 463194 848094 615269 999999999 868721 304185 538975 226654 564344 167512 479543 533413 933218 574973 1034477 883101 580990 469225 303911 937937 647254 472031 723673 865156 682518 695624 501278 842995 841121 1008587 787066 684355 698340 245373 344024 715743 963590 638101 452228 1158165 458651 1213630 769690 585904 421044 823213 486720 1322778 750891 695113 424371 665139 621531 577033 614153 906610 1207372 881226 903310 814867 738794 194567 548822 949630 983805 469686 620074 1131529 963332 328865 734467 738613 928525 552005 755422 542339 585259 474098 736443 847022 731163 666119 723458 1011577 683214 1175282 1007397 589751 923935 490254 804568 817145 980154 545615 944388 285183
461409 554338 684384 763820 620081 427419 639713 868721 999999999 602014 710492 720713 304609 772899 812447 820088 81892 694509 327843 226566 296772 574821 566322 240209 726378 612001 190630 358624 652762 898197 810428 85466 765051 411629 296262 262512 706166 634556 705666 376913 953291 714830 416910 385331 419951 556456 122514 409083 515364 324040 451897 606809 902896 557026 646647 205712 418819 436449 855718 332848 563549 672004 344021 160484 797351 674775 470723 228567 116319 410467 251697 522830 814020 833737 358083 669835 244743 337672 311841 339331 408978 747072 225339 526679 643746 342227 348189 756555 396978 401883 468891 532789 371958 392173 522146 795965 527083 534433 617491 598120
726345 1071556 261650 914303 443146 704305 590101 304185 602014 999999999 562236 299163 313760 303876 570306 614802 675375 583559 827666 584154 349201 418748 147527 639064 657530 446326 435929 560984 652668 771454 585597 561644 825473 833042 483878 387682 689225 71926 394098 563416 989587 644829 219191 937515 183506 1035181 490580 281738 312851 519217 183065 1128876 813977 620994 424320 412673 318235 446924 692338 723933 1033048 820795 724574 523274 760243 159347 436066 652146 718224 192124 373462 963713 936990 472210 574316 706010 716619 340786 451849 262768 440150 529786 524430 738963 688894 362501 419290 952331 539478 955129 850358 513168 619753 285190 701423 819447 847829 470835 850704 46737
426367 869440 333491 424838 124572 433330 106424 538975 710492 562236 999999999 320027 499571 372152 124217 111655 731971 40370 690730 859285 465051 164102 415827 902461 108295 125490 684556 924727 160643 218644 111689 741447 302751 612149 827346 700422 161702 508147 196841 362529 435478 99390 449433 823475 525617 795456 682437 713910 276136 873452 633899 919732 253482 222916 138079 544739 759022 274815 152565 543550 783451 361157 533887 764324 204747 442241 242996 901858 794148 533240 510670 705671 425347 248661 386875 211441 617360 418165 810016 561065 302754 75963 489651 380529 212501 745786 805502 483882 331035 837260 581589 181535 971970 402384 340699 278704 523379 176691 447237 515979
640282 1059568 42215 732820 236541 631209 389522 226654 720713 299163 320027 999999999 425105 63932 287065 337621 773691 353500 836973 787310 424006 244599 190240 839868 427720 245403 611722 804788 456978 501298 305928 714191 619010 798402 713842 593070 475712 229682 123424 505168 753162 417578 320254 965570 363822 1001644 641810 540144 219325 756514 440396 1115253 551621 469076 198084 516204 583803 365938 419109 701273 994113 654733 696493 704413 523922 144705 333971 847068 830129 375090 470441 917095 740445 173060 525929 513269 736391 384248 686787 436985 379094 263617 552439 623059 505015 602983 665617 785436 471083 982110 791433 365329 860984 328709 580389 598417 758778 322069 718372 255063
466100 762242 386330 717632 383600 437291 467036 564344 304609 313760 499571 425105 999999999 472942 573745 596227 369964 498688 517033 373202 51656 338500 261759 422638 554707 378875 193891 425267 508558 713777 578091 289190 665998 535780 327899 200859 559074 334867 433702 307046 853020 541313 112301 623913 133517 732106 216721 248688 244173 373988 217619 819368 736321 436646 396518 101684 287990 252575 652089 426585 731824 617923 429641 283774 648425 370201 269632 427229 419462 128044 59720 667059 754538 558293 308107 548051 405846 85851 310734 87009 229037 511660 219461 500455 524110 253808 309654 737989 297412 641536 563754 357474 473750 104678 472425 678852 579133 334683 614031 300989
704165 1122963 89573 790473 297653 695137 448088 167512 772899 303876 372152 63932 472942 999999999 322625 375536 828636 407675 899147 827142 476397 307990 222425 880556 480438 306889 654445 835571 515217 539547 343287 761809 673840 862028 747342 630230 530931 231962 176536 568673 800502 471040 364205 1027123 398138 1065437 688772 564261 280407 788624 462734 1178743 592584 531366 257876 567433 606350 429331 457258 764367 1057969 714591 759751 747440 573586 144808 397700 888913 883968 409632 521449 980989 795945 185515 589237 571235 797617 438913 718847 475849 441851 309618 611764 686323 564171 632716 694598 844494 534705 1043764 855356 428623 892793 381075 643606 650713 822493 385644 780537 264406
550570 993598 314734 522976 194035 557367 230161 479543 812447 570306 124217 287065 573745 322625 999999999 53973 840570 161090 813152 943702 546934 240184 433081 989968 204925 201194 765507 996069 278139 217013 22563 835411 393080 736281 899267 771724 265174 506759 176209 480448 487147 202191 503696 946137 573323 919213 771912 763475 332385 945026 674088 1043726 271359 347086 177495 633434 808987 377498 134900 665971 907003 471618 656612 850440 273065 428040 342078 991383 902462 582559 594956 829361 513790 156048 504932 322950 736540 499221 878619 622874 404216 65394 597427 503618 328857 806823 868642 586353 447512 960152 705620 297356 1046644 470564 464348 357667 646051 281726 564462 523739
528487 969735 363124 477306 212628 538334 209010 533413 820088 614802 111655 337621 596227 375536 53973 999999999 843169 139574 799030 962071 565661 257993 474438 1006727 165651 217638 785358 1020862 246769 164160 32272 848264 346002 715973 923651 796127 225652 553093 222078 473913 433446 165738 533926 931303 606301 892963 787278 796501 360145 969640 710022 1018475 217584 325927 206052 648929 841988 383677 81798 652065 880004 431983 642005 867776 222777 476510 350261 1007014 905321 615016 612662 803012 465218 209562 498204 286032 728133 518123 904433 650815 411322 88301 600528 476626 295259 835635 896738 541990 442641 944711 681230 293161 1069976 495088 439266 308153 617391 285666 529053 568088
435788 476215 739307 738160 651932 403108 652370 933218 81892 675375 731971 773691 369964 828636 840570 843169 999999999 711954 259197 289091 353874 608135 629441 290358 735917 643085 272416 426272 657033 907584 836457 161621 753352 355967 372259 344397 709390 703928 747636 380472 937798 725233 481293 304846 492155 483706 204131 490792 561519 396203 530913 527660 906909 559150 682076 268422 500670 463337 871741 293167 492094 651258 305596 236974 798543 738676 499477 274359 62195 483258 313151 457419 790553 875383 358650 667334 194223 389774 390164 413853 437325 775350 243157 505183 641652 423935 427910 723986 406117 321135 417937 550997 432131 448257 507282 788355 484549 559156 585524 668626
390689 833242 364068 386008 140578 399298 69923 574973 694509 583559 40370 353500 498688 407675 161090 139574 711954 999999999 659459 851618 461071 172701 436240 893222 75547 138470 679227 922516 120321 215135 146060 729619 266166 577500 825250 699193 123594 532460 231344 337287 407980 64338 457219 791742 534867 758251 673118 721020 287035 871322 644809 882980 241239 187328 163394 536691 765741 262745 161304 512518 745952 320890 502433 756231 177178 470321 234232 891663 774133 541832 505066 668369 388399 288966 361314 171278 589766 415192 809358 564686 290814 116326 471288 342528 172157 748436 807045 444293 307449 805187 544993 161785 968225 405385 303404 245504 485033 166809 407092 537806
286054 245566 811973 553727 652016 266130 590436 1034477 327843 827666 690730 836973 517033 899147 813152 799030 259197 659459 999999999 548096 478465 617778 740773 548275 656256 641569 499361 684391 568141 816167 802387 413294 607618 122318 623677 570827 612244 836376 773459 340983 772035 649186 610614 133221 650545 230168 433958 706778 619024 651721 720812 302486 799038 475607 691091 427661 726431 474462 803149 147199 236079 486697 157029 488152 688365 846149 509768 531159 287254 644846 458733 198694 609366 891948 317457 556333 111208 492385 637321 588754 458334 752895 304392 355434 534523 654653 670834 521923 376118 148086 189520 519628 691293 553504 378231 652388 272841 547340 394175 807973
678429 758489 746277 977255 750808 644181 807237 883101 226566 584154 859285 787310 373202 827142 943702 962071 289091 851618 548096 999999999 396862 704780 605042 54920 896409 744882 179312 138935 833160 1064511 946396 146591 964321 637894 120466 199131 886691 637728 806698 569819 1154828 883743 467640 582342 430739 772058 180569 318259 617159 120579 403428 806848 1078124 743506 767587 314938 302479 589631 1010859 558060 780908 882036 568795 95597 978890 701812 617556 69775 276506 419235 349414 745747 1025087 930245 555519 859334 471187 444569 152309 351305 561786 880226 415934 739517 833335 231624 196278 975321 581579 597013 695436 695417 145401 477869 729219 989744 751987 684947 836818 597925
414810 722562 387668 666884 353975 386322 425072 580990 296772 349201 465051 424006 51656 476397 546934 565661 353874 461071 478465 396862 999999999 308001 277232 443244 513623 348191 219784 461674 463358 676030 549551 296169 617877 490126 364580 240062 514728 361859 417815 255391 805856 500371 134034 590448 176084 688904 227606 299846 225567 410572 267785 779853 695911 388287 371471 92952 338403 207529 617463 380635 687877 567133 382966 303605 605051 386573 228363 445452 407796 172560 48963 621486 704442 544790 256679 500962 367451 47715 350465 138631 182450 483364 175987 448810 476615 300185 353434 686566 246106 608002 515575 314041 507279 95410 420981 632294 528646 295020 562375 330988
397869 827245 237101 506427 46182 391506 171499 469225 574821 418748 164102 244599 338500 307990 240184 257993 608135 172701 617778 704780 308001 999999999 271610 750317 242409 40386 527516 763574 235701 382417 241673 595314 408039 564477 666260 538883 270483 374633 156262 277106 571818 229192 285714 750028 362663 764400 531823 550113 114361 712311 472192 881701 413424 226810 75156 393317 595135 148490 315297 474854 755734 420248 468220 610966 344810 325866 111407 751404 669346 369931 355490 677988 523116 275703 300342 290733 527057 260359 647838 397164 171958 175740 366753 378466 276610 582025 642102 552833 241917 765607 551533 120748 812167 238984 335817 400714 514838 77942 475611 374379
602805 978846 148040 771290 295736 584286 443093 303911 566322 147527 415827 190240 261759 222425 433081 474438 629441 436240 740773 605042 277232 271610 999999999 658689 510045 298809 434121 615349 506372 627635 446589 546357 679113 728607 525661 407810 541983 109016 258526 444386 842063 497321 149506 860438 175824 933713 472857 350348 169669 567604 251754 1036029 668461 479933 278403 361713 394419 316068 549881 622046 929544 679635 620622 527045 612778 109372 299423 667536 680744 187295 316384 856660 792051 355903 458976 560327 632237 250745 497805 253965 314713 387686 438158 607476 544042 413086 475595 811961 416360 877781 737527 370643 671993 188706 568069 672168 725326 327118 716690 102783
700353 747147 799038 1001683 796461 666206 846521 937937 240209 639064 902461 839868 422638 880556 989968 1006727 290358 893222 548275 54920 443244 750317 658689 999999999 935438 790187 229354 162237 869454 1104799 991964 171095 995116 645355 169764 253781 923118 692564 856316 601318 1185032 922986 519802 569872 484870 766957 220140 371863 665799 159492 458190 793267 1116364 777812 814682 357889 354153 630568 1053311 572532 776981 908136 583917 139683 1015287 756182 659848 21896 266180 473383 395015 746941 1050843 980682 585499 893150 480401 490905 202797 404762 602549 926021 446469 763947 867047 285149 245980 996303 615516 583588 705549 735225 147596 527070 756367 1022511 766715 727029 857306 652770
375896 811596 439346 320741 214472 390676 89253 647254 726378 657530 108295 427720 554707 480438 204925 165651 735917 75547 656256 896409 513623 242409 510045 935438 999999999 211294 728234 974751 88488 171965 184846 768465 195265 563809 877950 753517 60370 607478 304844 355616 332807 13540 522558 786164 601077 732521 716316 784576 356263 923821 712043 858728 182484 182852 238925 582880 828782 308257 147246 511689 718881 267073 500470 800815 102772 545868 285438 932373 797685 607433 555008 642739 317935 349553 378171 120480 597525 469554 863950 625319 335550 178067 501083 317794 131734 807188 864321 382470 330544 798471 523742 201336 1018262 466579 283730 170698 455617 220225 363520 612026
409071 844671 244849 491776 10626 405947 149879 472031 612001 446326 125490 245403 378875 306889 201194 217638 643085 138470 641569 744882 348191 40386 298809 790187 211294 999999999 567789 803912 216842 344134 201812 634301 386528 582008 706607 579208 245555 397992 141131 300783 543369 198516 324012 774425 400147 778980 571409 588484 150719 752653 508738 898315 377180 224901 52578 432893 633636 180474 275572 496785 769486 410146 489367 650926 314061 342354 143776 791075 704603 407750 395518 691383 504554 250565 324717 273085 554418 300586 688079 436818 205785 136263 400664 382750 262040 621760 682029 541711 265825 789643 564726 128899 852551 279037 339953 375015 522476 94286 473764 401002
555331 736689 571310 841653 573347 521894 639049 723673 190630 435929 684556 611722 193891 654445 765507 785358 272416 679227 499361 179312 219784 527516 434121 229354 728234 567789 999999999 249521 670736 893597 768788 128448 813079 560486 156562 72624 723615 480215 627467 423085 1003621 715237 291479 572719 265122 729296 68461 218480 437894 200202 269648 790827 910676 586336 588926 147216 229768 419979 836805 462747 734039 743291 470823 93001 815348 535863 445183 235422 298801 254007 174172 683697 885573 751409 413457 702074 399267 267237 154187 181802 392787 702473 279436 607735 676549 155489 177326 848891 428085 589660 607257 526989 290075 298557 590265 833807 647865 512508 713975 441240
794274 897396 762646 1087107 808332 760215 885832 865156 358624 560984 924727 804788 425267 835571 996069 1020862 426272 922516 684391 138935 461674 763574 615349 162237 974751 803912 249521 999999999 919622 1137589 1001687 274177 1062369 769519 97381 224738 972264 624076 844307 670826 1252988 961591 497178 721271 441194 909891 283362 279253 663770 51280 379474 945764 1157197 835856 818619 396672 246115 666919 1077279 684056 918360 989634 694025 204580 1063732 699168 689929 184133 415417 430073 419936 881026 1132418 961282 659729 951573 602551 507347 118724 375622 640248 935328 522250 851019 926065 202923 142181 1090553 677233 735908 824630 774062 58845 525966 836262 1083322 876343 756694 953505 584867
287457 724640 460714 275933 223800 302340 67557 682518 652762 652668 160643 456978 508558 515217 278139 246769 657033 120321 568141 833160 463358 235701 506372 869454 88488 216842 670736 919622 999999999 252979 260630 700255 172805 475433 823934 702562 53688 610327 339571 277176 347768 83200 493308 697774 572367 646658 652596 748318 341047 869287 684307 772509 250370 98320 259146 523720 791187 256096 235732 424147 633461 202242 412752 737898 145836 558872 242068 864995 718311 577302 500661 556741 287975 408782 298402 56421 511916 422738 812549 585430 281021 236596 427941 230730 51891 762336 816777 329557 255989 710023 436389 152665 960241 430606 195525 172704 370646 186566 287024 609097
531018 951145 525253 385506 342940 550306 259047 695624 898197 771454 218644 501298 713777 539547 217013 164160 907584 215135 816167 1064511 676030 382417 627635 1104799 171965 344134 893597 1137589 252979 999999999 196330 938944 257197 715793 1040346 914326 204476 712381 383240 527136 284152 183369 668014 943136 744245 867617 885072 932478 494744 1086410 852214 994231 59552 351094 350343 749916 977541 474892 82363 674679 852289 373696 662863 968961 135218 638355 448431 1102333 969253 751883 719540 779493 357261 368175 549373 260380 764591 630301 1024474 778471 502727 242401 672953 465706 281646 962755 1021771 453651 502496 954362 668473 369589 1182977 619326 438197 207626 592053 381207 482130 724758
536681 979300 332196 501618 195591 544590 215841 501278 810428 585597 111689 305928 578091 343287 22563 32272 836457 146060 802387 946396 549551 241673 446589 991964 184846 201812 768788 1001687 260630 196330 999999999 835637 371343 723170 904667 777081 245208 523072 191946 472331 464748 182870 511622 935158 582642 904044 773203 772911 338872 950546 684925 1028945 249817 333211 183751 634691 818427 374370 113989 655199 891567 451876 645568 852639 250683 445601 339709 992883 898485 591629 597161 814126 491770 178574 496774 303844 727937 501863 884672 629799 401542 66432 593351 487956 310773 814253 875757 565347 440000 948948 691021 289715 1051606 475748 449303 335433 629929 277343 546066 538932
532338 637611 675516 832238 641403 498099 680020 842995 85466 561644 741447 714191 289190 761809 835411 848264 161621 729619 413294 146591 296169 595314 546357 171095 768465 634301 128448 274177 700255 938944 835637 999999999 824025 495348 211337 194233 753944 602170 713896 430382 1013948 756265 398307 466279 385516 641665 73523 341876 521627 238607 398091 689274 948376 607611 663515 204213 345803 467201 890586 412124 648916 737898 422658 75568 845997 651882 498544 164853 174677 374936 247386 608108 880787 840957 414407 722658 328374 342142 228546 301875 439125 770553 275494 594405 696534 267894 266766 829100 445366 482402 551042 569704 291154 388229 585715 851660 605770 564909 690462 563934
327579 708777 626944 132490 392473 356021 237139 841121 765051 825473 302751 619010 665998 673840 393080 346002 753352 266166 607618 964321 617877 408039 679113 995116 195265 386528 813079 1062369 172805 257197 371343 824025 999999999 494494 969015 852594 143324 782580 497450 394502 190757 203361 661541 724803 740261 622457 785690 910887 513643 1013267 852015 748058 215926 229604 424226 666538 952561 415500 293513 480815 606023 126221 467847 870930 128755 728714 407874 987925 811350 744512 650065 537094 122676 543250 409618 121195 581240 581214 960926 746795 437207 373139 548867 255480 142752 917974 969341 199476 385168 733700 437955 319950 1098544 596276 246220 51076 354798 357705 234727 781859
188082 262814 778585 432962 592634 179133 507578 1008587 411629 833042 612149 798402 535780 862028 736281 715973 355967 577500 122318 637894 490126 564477 728607 645355 563809 582008 560486 769519 475433 715793 723170 495348 494494 999999999 699232 628217 514744 831191 720241 293542 652860 558344 613961 230397 666210 205469 500748 752552 587571 732096 750425 317375 693735 390209 633798 461035 778180 432983 710877 109525 200982 370837 108561 566927 584331 828201 464492 630072 394920 662451 482300 131363 488719 831101 274125 455709 166988 492279 708233 616317 423328 679826 316612 250101 436200 711928 737153 399671 327325 239957 67434 454313 783113 549219 280193 541199 150926 488867 273842 807256
709350 848465 671867 997987 711084 675599 789134 787066 296262 483878 827346 713842 327899 747342 899267 923651 372259 825250 623677 120466 364580 666260 525661 169764 877950 706607 156562 97381 823934 1040346 904667 211337 969015 699232 999999999 127586 876361 543078 749146 579646 1159397 864754 402260 675699 350165 852705 200927 206886 567116 46107 300821 899531 1060348 741508 721781 302489 184989 570407 979898 607768 859629 899762 616909 135831 967620 614199 592916 188415 374709 338821 323565 816472 1042111 867515 569832 856956 533463 410061 33549 280684 543943 838283 434508 763418 831606 121683 76246 1004177 584296 691427 750792 677510 148437 428920 746649 988799 797247 659568 868404 503370
611349 809062 551484 889901 583595 578619 665099 684355 262512 387682 700422 593070 200859 630230 771724 796127 344397 699193 570827 199131 240062 538883 407810 253781 753517 579208 72624 224738 702562 914326 777081 194233 852594 628217 127586 999999999 754363 439025 622984 470064 1042115 740224 277047 645334 232464 800490 140949 147823 439670 173515 211478 863321 935659 623571 594232 190467 157146 447345 852926 527964 804865 790639 535346 138739 844982 502851 468098 265336 367914 220941 202700 753017 931593 742816 463263 738051 469141 284288 110433 156400 421616 710698 335725 659624 713128 84072 118335 901204 470580 662263 672656 554074 275222 301334 638935 869830 709123 534225 768602 399285
328140 757989 483852 263243 250810 346171 99755 698340 706166 689225 161702 475712 559074 530931 265174 225652 709390 123594 612244 886691 514728 270483 541983 923118 60370 245555 723615 972264 53688 204476 245208 753944 143324 514744 876361 754363 999999999 643303 354432 330126 303038 63986 538872 740226 617956 677513 706122 796556 380655 921817 729785 804017 197534 150246 281213 576724 839853 307204 198823 470215 663414 206705 458432 791388 92208 586758 290749 918683 770475 623373 552893 588008 265017 407746 350953 62086 560637 473227 864508 634467 332773 235104 481483 265834 78544 812862 867956 323484 309550 751880 471340 201748 1013295 478126 235173 130238 400234 231323 304248 644699
710664 1077401 194035 878139 393566 691340 545608 245373 634556 71926 508147 229682 334867 231962 506759 553093 703928 532460 836376 637728 361859 374633 109016 692564 607478 397992 480215 624076 610327 712381 523072 602170 782580 831191 543078 439025 643303 999999999 331137 550872 940285 595210 227829 951903 216693 1035576 529463 345843 277924 580509 244624 1134722 757164 588023 370272 436427 384665 424719 632083 723433 1032128 787469 722771 570560 709636 87636 408432 704337 750718 227240 393712 960360 897340 402373 564446 665094 726352 344048 511960 300307 422362 469995 532049 716421 649788 422949 481911 919980 523799 969415 842875 478366 682587 283621 677080 772998 833103 434339 825700 39849
549911 983054 142159 614235 130771 545769 272925 344024 705666 394098 196841 123424 433702 176536 176209 222078 747636 231344 773459 806698 417815 156262 258526 856316 304844 141131 627467 844307 339571 383240 191946 713896 497450 720241 749146 622984 354432 331137 999999999 433180 629875 295042 347129 905357 409745 918953 645055 598002 192270 794021 504701 1037245 431264 364083 88638 509875 643281 300671 301926 631058 909789 540261 624479 717182 400499 255115 264326 860472 807406 419831 466730 831787 619449 128088 456204 395307 680683 371907 725693 468706 320876 142038 511486 523411 389282 648553 711246 669119 398005 921095 705144 269655 897567 329286 480657 475478 663569 231581 611296 347532
164044 554456 485071 419858 311180 140955 273884 715743 376913 563416 362529 505168 307046 568673 480448 473913 380472 337287 340983 569819 255391 277106 444386 601318 355616 300783 423085 670826 277176 527136 472331 430382 394502 293542 579646 470064 330126 550872 433180 999999999 585057 345174 351089 473680 418218 498010 391551 554000 294814 622764 520321 610086 527511 180292 350112 279825 590590 139446 494102 198044 491637 320772 192096 476606 420723 538957 171828 594908 442121 417896 273598 416157 462582 550997 24487 293231 256254 235942 574733 394001 131400 417660 154893 193663 267100 543219 588375 433448 35190 488998 293941 183121 704948 280560 169033 421303 284486 206733 306990 531671
504771 834387 768841 222750 547054 535880 402678 963590 953291 989587 435478 753162 853020 800502 487147 433446 937798 407980 772035 1154828 805856 571818 842063 1185032 332807 543369 1003621 1252988 347768 284152 464748 1013948 190757 652860 1159397 1042115 303038 940285 629875 585057 999999999 345145 840882 879112 919971 745426 976396 1095472 683401 1203776 1031900 865200 224601 418545 571132 856912 1137938 600919 357314 656708 727275 288995 643598 1061597 231082 877478 589562 1177466 994371 925023 839436 668449 167893 643006 599671 304980 759136 767622 1150851 932013 624008 490955 739130 433511 329279 1106011 1158372 274888 575863 885768 589985 500253 1289300 778290 431583 175100 503802 533481 379239 944370
370284 807739 428398 326777 201929 384075 76510 638101 714830 644829 99390 417578 541313 471040 202191 165738 725233 64338 649186 883743 500371 229192 497321 922986 13540 198516 715237 961591 83200 183369 182870 756265 203361 558344 864754 740224 63986 595210 295042 345174 345145 999999999 509039 779559 587573 729372 703734 771036 342940 910641 698564 855377 195606 174543 227316 570032 815243 295264 153985 504099 715978 269493 493035 788146 115726 534304 272129 920049 787076 593915 541910 639499 325967 343817 367954 120985 588797 456207 850656 611803 322638 171389 489604 313797 129638 793726 850912 387455 319508 792054 519557 188474 1005239 453047 278655 181169 452876 206776 363623 599409
515128 853468 279891 732169 325954 490814 440645 452228 416910 219191 449433 320254 112301 364205 503696 533926 481293 457219 610614 467640 134034 285714 149506 519802 522558 324012 291479 497178 493308 668014 511622 398307 661541 613961 402260 277047 538872 227829 347129 351089 840882 509039 999999999 724322 79099 816011 324994 264477 174317 446950 191018 910816 698452 439393 328092 212969 309635 252442 598706 504777 813862 634417 505555 384248 622454 257944 253871 526816 531631 84877 168306 744776 762368 465770 359533 540470 499996 121698 378573 121616 238303 446195 306433 535716 519256 303292 365470 762030 331016 741859 632784 341789 550695 71190 501434 665958 634873 307582 649501 197457
412198 177399 939164 657151 784843 395509 722466 1158165 385331 937515 823475 965570 623913 1027123 946137 931303 304846 791742 133221 582342 590448 750028 860438 569872 786164 774425 572719 721271 697774 943136 935158 466279 724803 230397 675699 645334 740226 951903 905357 473680 879112 779559 724322 999999999 756507 213674 504452 788805 746716 696410 815940 224569 923108 606866 823663 527912 802443 605502 933331 280206 228727 600626 289592 541296 813146 967534 641246 549999 305877 749681 564334 236499 712846 1024657 449942 682766 229911 609953 694750 688043 588227 886059 422390 478585 661965 726821 732755 616572 508743 17630 289423 652845 717347 671866 505145 771593 375464 680254 500290 921418
581683 895702 321774 808773 401433 555461 519639 458651 419951 183506 525617 363822 133517 398138 573323 606301 492155 534867 650545 430739 176084 362663 175824 484870 601077 400147 265122 441194 572367 744245 582642 385516 740261 666210 350165 232464 617956 216693 409745 418218 919971 587573 79099 756507 999999999 864456 312773 190272 249509 392697 111941 952849 775981 516997 400311 229699 235786 329158 673413 556715 863713 710486 558941 356909 701283 271680 332419 494743 536270 11523 192453 797569 840007 521674 424006 619261 539352 182484 322994 83789 313121 518118 351302 606995 597833 240633 303535 836847 401276 774136 690607 420682 497171 145767 574281 745032 699192 386677 721129 178888
371713 89066 982925 525497 789575 373184 689116 1213630 556456 1035181 795456 1001644 732106 1065437 919213 892963 483706 758251 230168 772058 688904 764400 933713 766957 732521 778980 729296 909891 646658 867617 904044 641665 622457 205469 852705 800490 677513 1035576 918953 498010 745426 729372 816011 213674 864456 999999999 664117 934443 792590 879321 942549 126696 835730 573069 831339 649535 955491 637237 876308 312151 19098 497305 313094 716938 732509 1033663 667765 748378 500976 859911 676075 89954 578242 1025106 479254 615661 333696 694636 867100 808981 628454 866821 513157 416358 600899 884427 900953 470962 531170 207144 214995 650170 912761 752777 454866 673028 277288 687507 387970 1010794
510988 669380 602832 804566 578006 476975 627227 769690 122514 490580 682437 641810 216721 688772 771912 787278 204131 673118 433958 180569 227606 531823 472857 220140 716316 571409 68461 283362 652596 885072 773203 73523 785690 500748 200927 140949 706122 529463 645055 391551 976396 703734 324994 504452 312773 664117 999999999 286662 452960 238831 332174 723209 897804 563337 598035 138517 297997 410532 833174 407075 669434 707738 416069 85499 798321 578383 439727 219744 233302 302348 178662 621392 850751 771497 378680 679259 336881 274614 207525 229381 382545 707537 239841 567926 653313 222787 237611 807194 401738 521349 550574 515623 313648 317463 554381 810008 596385 506890 670227 491476
709101 948661 498068 966246 590311 678569 700316 585904 409083 281738 713910 540144 248688 564261 763475 796501 490792 721020 706778 318259 299846 550113 350348 371863 784576 588484 218480 279253 748318 932478 772911 341876 910887 752552 206886 147823 796556 345843 598002 554000 1095472 771036 264477 788805 190272 934443 286662 999999999 438439 238595 101913 1003818 962204 682624 590470 293210 45518 495400 862871 647368 937435 866565 653044 281432 882852 423941 506267 388018 515736 181516 283080 880906 1002549 705226 552887 791355 600835 330596 173667 164292 474223 708352 443279 747660 768284 86714 137922 986330 545952 805954 790627 595670 338042 318619 720746 920498 816825 566224 860598 307128
444236 846099 193017 602035 151962 429539 280900 421044 515364 312851 276136 219325 244173 280407 332385 360145 561519 287035 619024 617159 225567 114361 169669 665799 356263 150719 437894 663770 341047 494744 338872 521627 513643 587571 567116 439670 380655 277924 192270 294814 683401 342940 174317 746716 249509 792590 452960 438439 999999999 612784 358145 902433 527444 310271 155178 317650 483736 157070 424459 486569 786434 509973 482791 526310 458276 248005 133453 669295 619995 257297 274501 710885 624147 319606 313446 393542 517267 179735 546234 290938 164275 272908 333832 442059 376065 475563 536909 642298 262812 763360 587574 201063 714821 139626 401568 510553 566333 158044 549201 270869
749434 871068 714440 1040206 757094 715513 834957 823213 324040 519217 873452 756514 373988 788624 945026 969640 396203 871322 651721 120579 410572 712311 567604 159492 923821 752653 200202 51280 869287 1086410 950546 238607 1013267 732096 46107 173515 921817 580509 794021 622764 1203776 910641 446950 696410 392697 879321 238831 238595 612784 999999999 336534 920884 1106243 786213 767556 346991 210149 616136 1026002 643501 887003 942326 653063 165186 1013177 653741 638877 180467 391972 381464 369200 846642 1084909 911673 612308 901802 565502 456138 69804 325336 589571 884176 475807 804839 876374 157604 100961 1045071 628284 711636 785450 723262 104475 474805 789050 1033609 834517 705580 908640 541015
681934 966052 398521 918581 509357 653963 631296 486720 451897 183065 633899 440396 217619 462734 674088 710022 530913 644809 720812 403428 267785 472192 251754 458190 712043 508738 269648 379474 684307 852214 684925 398091 852015 750425 300821 211478 729785 244624 504701 520321 1031900 698564 191018 815940 111941 942549 332174 101913 358145 336534 999999999 1022521 885559 627924 504997 293405 143762 439686 779653 641912 943486 819850 645666 349982 812654 322030 444141 472246 565367 107621 268137 881267 950801 607625 523619 731075 610935 285455 268815 134109 422367 621734 434044 711859 709499 179470 237338 944823 506296 833458 780813 532571 438040 256414 680785 856970 796428 498551 826004 205579
494238 57350 1094464 647547 908937 492746 813567 1322778 606809 1128876 919732 1115253 819368 1178743 1043726 1018475 527660 882980 302486 806848 779853 881701 1036029 793267 858728 898315 790827 945764 772509 994231 1028945 689274 748058 317375 899531 863321 804017 1134722 1037245 610086 865200 855377 910816 224569 952849 126696 723209 1003818 902433 920884 1022521 999999999 961904 696945 950371 729791 1020311 749423 1002833 416180 142151 623336 419643 764605 859094 1138854 781557 773068 530347 947260 761203 216034 699127 1146193 589688 742217 413562 791016 917799 890995 738304 990289 604510 541912 727199 945987 954974 590323 644276 209924 338153 769956 940855 851113 579654 798779 403858 805707 513948 1107673
512993 920882 573363 338534 377432 535207 271628 750891 902896 813977 253482 551621 736321 592584 271359 217584 906909 241239 799038 1078124 695911 413424 668461 1116364 182484 377180 910676 1157197 250370 59552 249817 948376 215926 693735 1060348 935659 197534 757164 431264 527511 224601 195606 698452 923108 775981 835730 897804 962204 527444 1106243 885559 961904 999999999 347778 390058 765118 1006860 490714 136988 661162 819753 338609 648894 982558 111013 685779 467589 1112754 967941 783031 737490 748915 305783 424832 548479 244603 754895 651493 1046080 805014 517930 289255 677806 444587 268672 987971 1045725 406526 505931 933505 642715 383703 1200722 645788 421482 164893 563153 401650 447990 767456
203520 646524 463870 294347 234610 212487 117413 695113 557026 620994 222916 469076 436646 531366 347086 325927 559150 187328 475607 743506 388287 226810 479933 777812 182852 224901 586336 835856 98320 351094 333211 607611 229604 390209 741508 623571 150246 588023 364083 180292 418545 174543 439393 606866 516997 573069 563337 682624 310271 786213 627924 696945 347778 999999999 276073 439236 723782 188411 328323 329844 561464 199870 318988 648835 240431 549201 187259 772458 620282 520344 420898 483460 323020 456481 200745 115996 414719 352284 732398 518351 208402 293814 333284 161509 90245 688370 739972 332028 162298 619833 358796 110064 874067 371523 119705 247489 304314 154985 249306 580491
461629 896549 202727 535078 42145 458227 191610 424371 646647 424320 138079 198084 396518 257876 177495 206052 682076 163394 691091 767587 371471 75156 278403 814682 238925 52578 588926 818619 259146 350343 183751 663515 424226 633798 721781 594232 281213 370272 88638 350112 571132 227316 328092 823663 400311 831339 598035 590470 155178 767556 504997 950371 390058 276073 999999999 460012 635950 223646 275048 547105 821933 456871 539997 675012 340088 306988 186560 816825 743042 408973 419976 743853 544476 201149 373723 315524 601722 323882 701292 446065 246889 118106 441392 434871 306933 630511 692012 587358 314975 839078 617194 181408 869158 293088 392100 407909 574933 145098 524185 377984
422797 673116 479216 699670 439499 390720 493627 665139 205712 412673 544739 516204 101684 567433 633434 648929 268422 536691 427661 314938 92952 393317 361713 357889 582880 432893 147216 396672 523720 749916 634691 204213 666538 461035 302489 190467 576724 436427 509875 279825 856912 570032 212969 527912 229699 649535 138517 293210 317650 346991 293405 729791 765118 439236 460012 999999999 323038 275102 696023 354593 650926 600568 359964 219669 668592 470709 302628 358210 319100 222252 46002 590765 741988 637190 272821 554904 317541 137986 295390 161243 247454 569023 150550 469307 529420 266718 308794 710851 282132 545535 497450 381561 436575 187568 448548 686671 525477 370010 578971 402102
