NAME : synthetic_000980
TYPE : CTSP-D
DIMENSION : 100
GROUPS : 8
RELAXATION_LEVEL : 1
EDGE_WEIGHT_TYPE : EXPLICIT
EDGE_WEIGHT_FORMAT : FULL_MATRIX
EDGE_WEIGHT_SECTION
999999999 355626 615524 174565 974070 588235 252197 544852 501620 819820 373470 240298 986201 138775 145582 383372 701780 820309 334425 1039373 809587 668762 675748 176509 990644 534666 647643 474253 369843 846957 366505 252946 294012 1062169 69526 684880 429596 342303 523953 770516 412040 903667 387702 400844 860782 84437 423399 76466 329035 418333 479300 806657 637306 960960 683004 289827 827724 1009122 876027 745910 938075 62875 188195 608205 646271 904872 302950 871862 817962 977181 101629 349364 443967 533849 242631 615389 423760 832880 738168 670486 125080 273992 144692 715526 398776 138183 662728 591146 564560 260268 180804 187064 111240 236233 408848 365751 143289 899298 342267 412239
355626 999999999 261279 184983 696092 247080 270748 242774 229839 632477 398507 247433 731318 220151 454833 435750 778356 880837 226950 754195 715265 586846 619897 523964 712330 483255 621121 218440 697460 622481 565786 145286 637119 779075 326708 518061 75891 232682 676524 481691 97925 741072 709576 438622 897028 306754 622416 289583 667839 85153 338374 479051 680314 699642 558442 464325 781636 722004 825660 802716 676217 407754 522411 540384 365759 637214 227853 885989 593569 707510 455614 670481 257650 515447 201418 605877 366571 875459 816461 327996 317289 599492 251984 558129 385746 239407 624716 310820 484731 600553 233497 237363 299861 525057 162073 58199 250204 903637 216037 704139
615524 261279 999999999 442052 585506 146498 504193 181617 288075 636025 597770 485659 646394 477906 714704 638120 947728 1033927 427234 627581 785929 686437 731672 785229 599417 623757 751321 305980 956631 588822 800550 379741 898226 653009 580513 564312 193010 428668 887635 392163 217402 751821 967737 634420 1035278 567653 853236 550846 928546 202654 463463 316482 841934 610535 631610 701553 878754 595876 915304 959805 589469 668885 783297 658385 328638 548421 443647 1011969 565222 606678 714185 928856 336714 668393 422208 748449 535149 1018945 983686 166840 561330 859092 510610 603824 571270 499765 747254 234267 606848 861554 472577 490212 559345 780987 269611 269984 497888 1022228 412188 956399
174565 184983 442052 999999999 848295 427217 218073 375126 367682 735449 368863 193328 871963 35912 294478 395247 744135 857535 250274 910515 769806 630449 650542 348939 864851 504547 635903 344935 534707 745436 460947 88144 465352 934532 142104 606358 260579 258993 599932 637078 237970 832931 549972 406433 886735 147661 520516 121021 498736 243769 401028 654343 660379 843285 624552 363729 812062 879057 859391 779461 819877 231962 354012 574113 514250 783449 227474 887037 715922 855558 272133 510816 298590 520415 110047 610813 381041 861395 782390 509305 141954 436621 123009 642534 376391 99850 645863 427066 522169 430121 82639 143290 154064 376823 243715 206613 76177 910178 250427 559608
974070 696092 585506 848295 999999999 474663 738141 763786 480614 284659 700169 741273 85531 874625 993341 727460 834638 855915 643166 68345 495372 513940 561170 1089751 16602 580351 613374 504349 1186447 194040 926515 839177 1170830 88579 978615 370610 633597 636139 910305 214427 732335 344516 1184900 709505 819573 893841 950799 897860 1185945 707164 519641 275285 742318 59288 437986 865963 610997 46955 618354 811228 63092 999098 1066085 543904 334237 73949 675359 772138 208482 31176 1070240 1153829 898562 625804 896651 640828 610695 820244 855174 420085 990110 1108601 829767 372986 657997 836596 593526 819725 535705 1135515 918743 788407 870598 1011392 809456 650947 924108 762251 633430 1129974
588235 247080 146498 427217 474663 999999999 422877 299536 156721 492052 488143 409990 525131 460556 661842 528375 816969 897644 331383 525848 639697 543315 589854 744059 489978 490236 612701 181414 896711 450643 707578 390856 849861 551314 569010 417896 173322 330268 776038 266344 260377 607871 904441 521417 895624 524710 755745 515396 876212 236070 332340 233558 710102 490375 486181 613615 733959 493407 769751 825229 467961 632651 734576 518744 184494 426926 355155 870217 425510 491555 689844 866736 423958 537291 444505 612762 414746 880504 851848 82339 563803 802223 461070 457337 456203 456710 607141 364548 469168 812537 480552 430750 510048 715443 335558 222747 496392 879296 316026 880802
252197 270748 504193 218073 738141 422877 999999999 513074 293509 567970 150908 26095 742556 216817 257685 179653 530499 641740 99692 805181 566169 425022 439195 352287 754527 293686 420257 263206 478000 598813 297766 286545 442514 826719 283196 432833 316372 104916 407455 545752 365860 651893 483814 189163 669128 167765 352890 183815 463913 355861 228766 607814 443208 719519 432486 197570 598460 776343 646300 563353 697200 264015 331702 365956 424658 666575 69694 668967 570245 738142 338367 447019 490512 304239 325891 393661 174826 644130 568927 498802 320147 387328 117164 463353 160431 136633 431636 579306 317978 405687 297032 78503 141134 295544 410979 237942 275543 692253 113145 458123
544852 242774 181617 375126 763786 299536 513074 999999999 395395 785328 639320 489187 820902 408948 669065 677337 1015194 1113500 465151 807995 909948 794370 833793 721317 778129 707208 843112 401089 909823 749572 805606 291908 838646 833484 493892 694854 220364 469824 919298 563224 147968 900467 925007 679143 1124699 520262 863086 495756 872916 157774 551126 497692 914328 785471 751644 704061 990722 776090 1031542 1036185 763700 605306 728844 755749 480989 722523 469512 1108851 723832 783654 633667 885821 167101 744751 313362 832588 598580 1104878 1052926 343731 460172 811744 477476 735663 623333 459763 843505 72691 700788 804138 373938 472165 520741 748372 138634 286509 407456 1123565 452653 930674
501620 229839 288075 367682 480614 156721 293509 395395 999999999 405613 335327 287092 507062 394398 547467 375100 661843 745933 194677 543191 514567 403031 446045 637658 497172 336204 463491 30367 771192 392708 561341 364752 734583 567034 499740 301340 189567 191085 620939 270577 296811 517045 776207 366874 747588 426305 606552 425257 757122 271953 176628 314569 555366 477106 356367 471990 598283 511957 637689 672171 453630 534941 621674 371145 146801 416369 223867 725610 363747 488242 601219 739944 473474 382029 422807 460460 258561 730949 697218 216797 509510 680764 360722 342235 301373 363537 460092 467367 318929 697472 439407 322745 406252 588726 375844 176660 443542 737220 180484 743902
819820 632477 636025 735449 284659 492052 567970 785328 405613 999999999 483476 579959 233291 752593 802276 500645 551612 571823 491757 344484 214635 238254 281295 900278 294913 333868 335339 414039 962451 93114 687568 755959 962924 354119 842882 135486 594428 483191 645099 278317 701969 115837 956817 480620 537923 735440 701634 748364 971539 676822 341248 414941 463265 232656 170228 646072 331255 331296 345532 526716 221750 829171 869855 280046 307679 223661 520868 492665 92966 263533 904769 930109 878778 370713 812972 366488 405356 537032 571018 482913 868860 896427 678649 112449 444469 692350 314172 853885 289637 930495 815909 635784 709054 800045 781313 576036 809801 486048 488005 891351
373470 398507 597770 368863 700169 488143 150908 639320 335327 483476 999999999 176298 687476 365639 322681 40449 383307 492155 175194 768514 437982 298539 302332 419762 715692 164581 275764 307649 486857 534430 234527 436007 479930 787182 418508 350905 426591 171742 289951 535739 496384 548799 484749 40273 518276 293950 273488 317921 490418 482122 189225 627620 292708 670487 325846 166193 455796 743011 504046 413618 650179 364572 387399 237576 429296 626281 170801 518387 508573 693892 440298 454222 635371 160656 476748 246095 90960 493452 421725 552040 461755 414236 260030 371731 42249 282169 289748 708921 201000 447091 446856 227093 267169 317239 550720 353346 423268 542189 188943 432797
240298 247433 485659 193328 741273 409990 26095 489187 287092 579959 176298 999999999 748639 193895 260518 205676 556544 667603 98301 807829 585823 444918 460860 352539 757741 314954 443482 257100 487582 607190 319079 260544 447515 829793 266023 445409 296041 105135 432454 545162 341657 666729 494614 214897 694572 156334 375124 168649 470649 332380 239058 601602 468848 724646 449066 218050 620984 778518 668674 589185 702079 258020 334762 386516 422728 670440 66146 693863 578336 742362 330697 457173 464490 327648 300483 417643 193927 669706 594975 487441 300286 394900 99611 477239 183565 116741 454292 554856 337239 410384 273178 57923 130971 305677 385436 217457 253059 716859 109497 473056
986201 731318 646394 871963 85531 525131 742556 820902 507062 233291 687476 748639 999999999 895868 992932 711017 783426 795379 652026 120132 432925 470878 514583 1090498 84539 553772 568578 527422 1173846 155264 906114 871144 1164894 123736 996661 342452 674046 644374 875648 258793 776739 271643 1170484 692021 755124 903924 925469 910859 1177421 751188 516804 346317 696541 36188 399117 853535 546169 119787 549133 755880 57229 1006197 1064190 508414 365584 98394 683860 705830 179148 54360 1079327 1141236 947525 595638 929121 599159 600902 757954 801215 479573 1012661 1100681 841539 335740 645958 850620 547463 880194 508650 1130575 946053 799203 879424 1003330 855436 682278 948138 693665 643950 1110492
138775 220151 477906 35912 874625 460556 216817 408948 394398 752593 365639 193895 895868 999999999 262421 389034 734754 849628 262778 937585 777522 637191 654611 313703 891209 508601 637049 370356 501117 766329 439615 118686 430426 961373 108600 621698 295484 271514 583146 664685 273419 847443 516895 401705 881217 119183 499189 90069 464168 279607 414756 686090 654477 867876 635601 344854 814870 906342 862568 772010 844539 196902 319901 579589 541198 808737 237025 883726 736844 881014 236290 477826 324489 521053 127351 610299 386371 855272 772794 542789 117201 403264 109032 656838 377139 85405 648145 459132 529037 395457 82124 138740 130194 346790 275697 238752 59498 907821 264922 529301
145582 454833 714704 294478 993341 661842 257685 669065 547467 802276 322681 260518 992932 262421 999999999 317113 590922 709801 356804 1060840 754415 618193 614344 98083 1009601 486004 577116 517566 242857 844556 237457 381072 188221 1081862 214922 667548 522252 362477 398438 803425 527768 871459 256358 337262 756505 149593 289825 173471 214939 529105 476196 861787 541550 971813 648408 186507 753265 1032510 800960 639441 949991 88179 74247 557585 682172 920983 325431 774395 816966 991873 140963 217114 583123 471770 381441 541046 397180 727553 625206 741884 270144 144690 204356 691895 358819 215445 595422 721357 523679 150887 321688 231092 155371 90721 537908 448613 284020 804126 369305 268824
383372 435750 638120 395247 727460 528375 179653 677337 375100 500645 40449 205676 711017 389034 317113 999999999 350879 462493 214476 795753 437462 301380 298175 412086 742725 171373 265160 347669 463298 556784 201050 466197 463239 813741 433279 370936 465900 211397 249544 569009 533463 558822 459469 20495 492194 307626 236185 333879 470904 519854 223959 664308 265486 695542 337705 145613 444822 771038 493097 384279 675808 367862 377293 241105 465335 653512 207947 495799 531869 719880 442395 430759 668659 155041 504380 232062 124979 466413 389315 591676 479277 396135 281153 388237 76289 304169 281563 746487 212579 431960 470957 252086 281746 300540 585800 391921 445242 521106 228523 402752
701780 778356 947728 744135 834638 816969 530499 1015194 661843 551612 383307 556544 783426 734754 590922 350879 999999999 119003 551513 896022 361817 325216 274997 662934 845801 327111 227156 641842 605180 640600 359383 817016 655880 905546 762047 482276 796892 546168 208264 754607 876138 535497 587297 343236 169718 639013 322802 668670 642776 860030 485216 881775 107281 784231 403530 412599 274552 881560 305349 55415 772356 667493 621436 315723 693030 768238 552656 201542 628575 814938 731698 580375 1018655 279818 853898 211400 417681 140071 38448 861093 813191 591872 625730 467048 392652 649358 243975 1086318 354170 639600 816833 600954 616177 526912 933484 729141 788249 234925 563159 498731
820309 880837 1033927 857535 855915 897644 641740 1113500 745933 571823 492155 667603 795379 849628 709801 462493 119003 999999999 654227 912716 362462 371983 320247 780703 865281 410627 286360 728797 713847 664422 477179 927984 769271 919085 879984 528882 893600 648208 322160 804416 978013 531353 694621 452807 66224 756376 437834 785712 754196 960579 571043 937388 200783 801561 447368 531432 252481 902172 265303 78581 792832 786477 739134 380903 758343 794854 658427 117058 657400 833020 850623 690639 1126216 369178 966855 285480 515318 43614 85662 934346 930664 706572 740756 505576 496433 764257 295699 1185402 428493 754605 931752 714254 733096 644590 1038662 829359 904023 148311 664801 604924
334425 226950 427234 250274 643166 331383 99692 465151 194677 491757 175194 98301 652026 262778 356804 214476 551513 654227 999999999 709611 521214 383567 408536 450232 659653 265092 401985 164311 576558 513062 377097 293458 542189 731657 351447 359424 251445 8746 462398 447223 324638 584707 581556 214475 672240 251916 427409 259856 563506 308789 152029 508469 453561 627399 374281 282240 571475 680241 617673 575983 604700 355938 430961 329951 325384 572592 32202 663932 483927 644633 427749 545271 475031 291669 344198 383108 142874 649933 589570 404254 377763 486782 190052 394105 158861 201432 408420 535494 275945 505329 332817 147374 227779 394114 384869 178685 321395 683416 15410 551275
1039373 754195 627581 910515 68345 525848 805181 807995 543191 344484 768514 807829 120132 937585 1060840 795753 896022 912716 709611 999999999 550626 577728 623927 1157054 53190 647749 676821 567851 1254768 256873 994680 898257 1238821 25551 1042375 437351 689448 702708 976674 273785 785539 391713 1253244 777757 873866 959685 1018579 963048 1254109 760702 587713 311799 805621 111837 502731 934300 664875 32452 668932 870753 125038 1065433 1133724 609708 396399 142269 741812 825080 273851 81218 1136124 1222152 948292 692735 955371 705258 679019 875956 915386 465218 1052455 1176743 895327 437894 726341 901624 656523 860763 602982 1203433 979517 854236 936722 1079561 861405 710904 986059 813415 699582 1198217
809587 715265 785929 769806 495372 639697 566169 909948 514567 214635 437982 585823 432925 777522 754415 437462 361817 362462 521214 550626 999999999 141226 141502 848276 504028 274921 188605 510543 866542 307622 585576 812742 886756 556643 848693 222268 697933 512684 500157 476174 800865 173780 855852 417541 324250 727611 582509 748240 887207 777885 378983 614192 294468 439913 158543 575041 116619 541152 136082 327195 432343 802447 811913 201396 467180 437877 542332 278064 305480 471463 877972 835873 972604 282656 865103 227342 391895 325336 374070 651767 886017 818204 683323 184568 410890 702323 166558 981914 248631 859203 852386 643544 700383 728227 875659 657183 837018 271971 523919 778689
668762 586846 686437 630449 513940 543315 425022 794370 403031 238254 298539 444918 470878 637191 618193 301380 325216 371983 383567 577728 141226 999999999 51929 713464 526118 134341 99613 393574 746342 320857 465982 676586 758990 589551 707468 158337 577217 375199 407840 433531 676412 264514 737892 281063 357671 586540 472225 607022 762378 654605 248512 565459 228520 466881 78321 443140 196447 560854 238981 311379 452849 663042 678335 60964 389405 445296 403168 327711 305890 496578 738831 714769 844397 149802 727742 128292 251047 346787 350521 569990 744989 690751 542160 142291 269986 561293 81242 866973 108287 729689 712895 502554 559301 598025 748619 529386 696685 335990 387409 666189
675748 619897 731672 650542 561170 589854 439195 833793 446045 281295 302332 460860 514583 654611 614344 298175 274997 320247 408536 623927 141502 51929 999999999 707503 572878 146073 55008 434509 726666 367346 445493 701841 745359 634822 718611 210137 615043 400519 372211 485445 711691 291531 716668 278665 307736 595363 445713 617800 746224 690667 283684 617308 181992 512528 129480 433781 162978 608125 209300 259591 499444 665202 670810 79542 439805 493689 425089 280411 354023 542709 740228 695715 876641 143232 751128 90946 269624 295832 299280 619183 758871 676820 555460 192125 279793 575775 32935 906481 135168 717705 732384 517595 568318 586736 781971 563214 713894 291189 414040 641444
176509 523964 785229 348939 1089751 744059 352287 721317 637658 900278 419762 352539 1090498 313703 98083 412086 662934 780703 450232 1157054 848276 713464 707503 999999999 1106065 582213 668204 608172 198996 942492 303575 429413 117611 1178312 234745 765607 595320 456370 461379 897454 586899 968495 219748 432436 831246 219915 346778 234383 153500 591748 573695 950830 623362 1069053 745608 274804 841978 1128443 889216 713891 1047119 117073 41637 653130 775266 1017665 418382 853023 914832 1088780 106836 184066 616662 565796 417046 631324 495251 801866 695198 825269 283183 112247 283020 789757 456525 288471 687253 767292 620634 85492 354584 316208 234309 136121 585297 525546 317851 883779 462012 264680
990644 712330 599417 864851 16602 489978 754527 778129 497172 294913 715692 757741 84539 891209 1009601 742725 845801 865281 659653 53190 504028 526118 572878 1106065 999999999 594618 625412 520941 1202107 205532 941541 855518 1186869 72261 995215 384391 649582 652610 923890 230640 748009 350171 1200439 724680 828023 910382 965393 914440 1201850 722877 535648 287750 754310 64586 450622 881565 619222 37369 625440 821627 73464 1015589 1082295 557134 350757 89448 691844 780100 221351 33180 1086775 1169485 913787 639735 912964 653344 626361 829202 865856 434398 1006673 1124528 846329 385688 673543 853183 605352 833555 549878 1151598 935219 804952 887114 1027294 824976 667348 940653 769602 649950 1145126
534666 483255 623757 504547 580351 490236 293686 707208 336204 333868 164581 314954 553772 508601 486004 171373 327111 410627 265092 647749 274921 134341 146073 582213 594618 999999999 137902 318221 629054 398512 353988 557442 633994 663509 574702 211573 486856 257411 334269 451606 577817 387449 623024 150884 417564 452824 371821 474023 640251 558292 160446 567955 219989 542209 167154 316307 307826 625867 354905 336053 524287 528836 548235 73553 372334 507220 279843 403068 376240 568882 604701 596829 737739 50983 605832 125856 123979 398468 361629 534532 613735 566462 410399 221868 136030 430318 143332 779660 45122 603156 586325 371931 425620 471577 644815 428241 567923 420407 271897 558151
647643 621121 751321 635903 613374 612701 420257 843112 463491 335339 275764 443482 568578 637049 577116 265160 227156 286360 401985 676821 188605 99613 55008 668204 625412 137902 999999999 448738 678087 419985 397328 692781 700447 688214 694267 255160 622977 394517 317664 527964 715416 345607 667256 246936 284140 569491 394272 593676 699694 695605 292666 656904 128954 565700 177363 393442 180159 660305 228455 218912 552069 632781 630454 94554 472941 544907 414762 265850 405466 595625 706811 647553 875540 116085 739632 38760 259458 267848 254648 647987 737070 631892 534338 241828 259942 555695 22892 915702 144588 673974 716614 498622 542836 543960 782716 565906 695766 282517 409363 590378
474253 218440 305980 344935 504349 181414 263206 401089 30367 414039 307649 257100 527422 370356 517566 347669 641842 728797 164311 567851 510543 393574 434509 608172 520941 318221 448738 999999999 740835 407542 532056 347643 704518 591392 474524 302785 187831 160740 594692 296548 293130 523225 745841 340173 732765 397942 577877 397806 726904 269104 157774 344735 535954 498388 352001 442073 589768 536920 630463 654123 474967 506329 591792 357936 172275 438581 193591 712659 378257 510773 573347 709579 468626 362414 405600 443509 233585 715255 677715 245365 486322 650495 332445 343441 274858 336072 446684 473592 304343 667434 418783 293860 377426 558371 370799 162459 421053 725467 150145 713756
369843 697460 956631 534707 1186447 896711 478000 909823 771192 962451 486857 487582 1173846 501117 242857 463298 605180 713847 576558 1254768 866542 746342 726666 198996 1202107 629054 678087 740835 999999999 1019972 281178 619376 92835 1273783 432337 834191 763807 580556 398212 1011984 770098 1010665 25457 482786 773255 392267 290616 414490 56739 771881 668938 1084741 598360 1157326 795785 320687 833271 1228672 876930 660241 1137030 307232 181883 690791 895857 1112660 547674 806186 994743 1180693 304482 32636 813431 597873 612451 639328 575753 743771 630019 974944 482000 98333 446060 850060 528817 458191 699984 959573 672856 114293 550409 468668 397633 182478 776406 688861 513060 839220 590731 111635
846957 622481 588822 745436 194040 450643 598813 749572 392708 93114 534430 607190 155264 766329 844556 556784 640600 664422 513062 256873 307622 320857 367346 942492 205532 398512 419985 407542 1019972 999999999 751011 755149 1013332 269161 862889 187229 574932 504958 722130 207543 681699 183517 1016173 537585 631032 763459 770242 772898 1024822 656081 370460 337917 548838 146377 246385 700134 424225 240972 437191 617728 132112 862766 914773 354644 269578 130597 544125 585684 29515 175728 937088 987393 857489 440718 813059 448510 449487 629973 661361 427634 883520 948417 703033 181969 493323 714115 399830 815165 353390 979510 823086 660212 738086 851185 761560 568904 821231 578631 506663 955404
366505 565786 800550 460947 926515 707578 297766 805606 561341 687568 234527 319079 906114 439615 237457 201050 359383 477179 377097 994680 585576 465982 445493 303575 941541 353988 397328 532056 281178 751011 999999999 546791 307787 1012027 433578 563826 614129 377546 161009 769738 657638 730491 271920 217656 528030 324533 59598 356032 303363 650232 423646 861334 327694 892493 518789 101560 557731 970617 602984 410761 873417 320988 262056 411756 663607 852625 357278 551728 727402 917759 377820 250302 758685 318841 566929 358597 324873 498571 391746 777218 488559 240186 339330 575826 275686 361523 419047 868774 398786 285907 516307 334849 309478 167530 692068 535706 481641 583203 392504 204397
252946 145286 379741 88144 839177 390856 286545 291908 364752 755959 436007 260544 871144 118686 381072 466197 817016 927984 293458 898257 812742 676586 701841 429413 855518 557442 692781 347643 619376 755149 546791 999999999 546784 922995 205090 633005 217591 301646 681846 625054 164940 859564 635435 475177 953501 235645 606245 208122 581263 177087 435458 623749 728674 840350 661378 448223 864694 866168 911065 849505 816871 313613 437820 623403 506609 778552 278022 950255 725825 849537 343780 596404 211898 579287 58056 670806 433723 929179 855436 470498 181592 521708 207481 671367 437230 185427 700588 340475 569311 512459 93080 219502 241931 464613 157084 188906 119537 971712 289200 647337
294012 637119 898226 465352 1170830 849861 442514 838646 734583 962924 479930 447515 1164894 430426 188221 463239 655880 769271 542189 1238821 886756 758990 745359 117611 1186869 633994 700447 704518 92835 1013332 307787 546784 999999999 1259029 351680 830833 706899 547334 447784 986583 703099 1020787 117516 483591 825520 330636 333406 348440 38259 707146 651233 1049117 635095 1145868 800853 317735 865188 1211369 910688 709809 1124685 233533 115543 700698 866791 1097674 511425 854100 986799 1167481 217756 92892 733552 609188 534481 662078 564072 795868 684034 930059 398448 68567 390445 850757 520278 398886 721302 884904 675817 37339 471981 419163 341126 162885 702854 634901 435379 886403 555281 189282
1062169 779075 653009 934532 88579 551314 826719 833484 567034 354119 787182 829793 123736 961373 1081862 813741 905546 919085 731657 25551 556643 589551 634822 1178312 72261 663509 688214 591392 1273783 269161 1012027 922995 1259029 999999999 1065882 452421 714606 724658 990789 298214 810933 394164 1271912 795524 878758 982159 1034888 985901 1273871 786071 607796 337093 816757 122787 515544 953169 669834 57918 672073 878955 139235 1087574 1154552 623424 420300 161388 763853 829256 288024 94631 1158579 1241155 973830 707753 980177 717492 698093 881689 924032 490759 1076448 1196577 917970 451005 745079 924557 667566 886103 618585 1223793 1003919 876714 959010 1099317 886872 735447 1010161 816626 721838 1215852
69526 326708 580513 142104 978615 569010 283196 493892 499740 842882 418508 266023 996661 108600 214922 433279 762047 879984 351447 1042375 848693 707468 718611 234745 995215 574702 694267 474524 432337 862889 433578 205090 351680 1065882 999999999 709479 402479 359911 589373 770317 369363 932398 451441 449367 918159 125707 491134 100816 388196 379133 501875 794572 692969 969658 715017 352558 874290 1011398 922524 804522 946451 129638 252428 647757 646364 911522 322024 926768 833544 983913 139831 413758 381938 578928 183593 663775 458003 890731 798963 651191 55652 338566 166522 742450 439030 150659 707983 535417 600991 320129 121152 208458 151677 305628 355836 347351 86464 953252 356555 480223
684880 518061 564312 606358 370610 417896 432833 694854 301340 135486 350905 445409 342452 621698 667548 370936 482276 528882 359424 437351 222268 158337 210137 765607 384391 211573 255160 302785 834191 187229 563826 633005 830833 452421 709479 999999999 489765 350756 539754 275588 595858 226949 829826 351416 509742 600459 583392 614004 840804 571633 207706 409238 381911 330737 81538 515401 323919 416750 355136 469705 313205 693689 735791 174972 245869 298480 387630 474201 164716 357811 769307 801673 771324 255405 688997 276602 270386 501452 508597 430417 737178 764993 544473 40899 310927 558824 238972 765996 166485 797814 687807 501715 573961 668124 673514 460244 679665 476959 356803 768223
429596 75891 193010 260579 633597 173322 316372 220364 189567 594428 426591 296041 674046 295484 522252 465900 796892 893600 251445 689448 697933 577217 615043 595320 649582 486856 622977 187831 763807 574932 614129 217591 706899 714606 402479 489765 999999999 254966 712865 419605 107565 706508 774755 465584 904335 376346 668712 361416 736557 82433 331622 406591 694969 641198 539456 513744 773632 657077 815587 816530 617963 479955 591643 536495 310024 578062 261550 888793 546774 646910 530167 735901 284379 524620 271349 612228 379412 884566 834371 253135 392823 666432 317956 530572 406907 308017 623797 292813 481265 670023 308022 297323 366901 588018 187196 78584 325916 903956 237719 764113
342303 232682 428668 258993 636139 330268 104916 469824 191085 483191 171742 105135 644374 271514 362477 211397 546168 648208 8746 702708 512684 375199 400519 456370 652610 257411 394517 160740 580556 504958 377546 301646 547334 724658 359911 350756 254966 999999999 459984 441151 330175 575984 585216 210622 665636 259557 427150 267942 568237 313890 143316 504226 447637 619931 365568 283688 563480 673448 609595 570045 597278 363061 436562 321823 319751 565382 39489 656884 475856 637362 435179 549143 481979 284742 352622 376066 135734 643503 584156 402217 386445 491365 198081 385384 153633 209778 400714 540427 267682 510558 341526 155314 235192 398194 391331 183324 330140 676161 17262 553713
523953 676524 887635 599932 910305 776038 407455 919298 620939 645099 289951 432454 875648 583146 398438 249544 208264 322160 462398 976674 500157 407840 372211 461379 923890 334269 317664 594692 398212 722130 161009 681846 447784 990789 589373 539754 712865 459984 999999999 784133 772847 663201 381378 254718 377771 473959 115778 505252 434589 761579 456453 893881 210088 868228 476542 239360 445714 956504 486229 262728 851967 481146 419747 367487 694666 838170 451795 408244 702939 896462 538807 372596 892218 285750 708956 281711 363080 348123 236614 836036 643499 384452 476975 540228 319838 500400 340510 986471 377089 432450 662964 462944 455330 325612 817402 637070 630205 441140 476913 294542
770516 481691 392163 637078 214427 266344 545752 563224 270577 278317 535739 545162 258793 664685 803425 569009 754607 804416 447223 273785 476174 433531 485445 897454 230640 451606 527964 296548 1011984 207543 769738 625054 986583 298214 770317 275588 419605 441151 784133 999999999 519889 387209 1013380 553783 783410 692849 803174 694051 1005264 494507 346700 138140 651184 224206 357057 696154 588646 242076 612099 744747 201647 800296 877349 440118 124286 160691 479135 745127 190408 227489 868937 979710 689122 502052 682411 544838 444954 776316 782528 226330 779032 927814 627706 301015 494125 632355 513314 624316 412023 950208 705739 587787 671125 831995 597935 437248 712466 744605 435705 967854
412040 97925 217402 237970 732335 260377 365860 147968 296811 701969 496384 341657 776739 273419 527768 533463 876138 978013 324638 785539 800865 676412 711691 586899 748009 577817 715416 293130 770098 681699 657638 164940 703099 810933 369363 595858 107565 330175 772847 519889 999999999 813854 784122 536519 993144 378204 715146 355885 736024 25682 428378 490898 777651 743218 642769 556093 872279 753087 915363 900009 720182 469885 590791 632410 415076 679798 325661 980879 653724 747290 506753 744877 176817 611583 204808 701470 463127 971965 914208 331620 345669 671770 331622 636556 483491 315091 718060 213654 576780 667589 256647 324477 376406 604230 79866 149610 284419 997742 313372 785807
903667 741072 751821 832931 344516 607871 651893 900467 517045 115837 548799 666729 271643 847443 871459 558822 535497 531353 584707 391713 173780 264514 291531 968495 350171 387449 345607 523225 1010665 183517 730491 859564 1020787 394164 932398 226949 706508 575984 663201 387209 813854 999999999 1002392 538331 486796 819387 735549 835116 1025562 788936 432691 520731 463414 285835 223182 703425 279166 387448 278000 500569 283832 907014 935307 320471 423515 300308 611820 436070 196825 316991 983146 978985 990489 413036 915773 382476 481055 491980 547652 597722 962179 952901 766315 190605 513571 781927 322731 969326 347861 990417 914577 723975 792430 858745 892787 683848 905768 422529 582876 930291
387702 709576 967737 549972 1184900 904441 483814 925007 776207 956817 484749 494614 1170484 516895 256358 459469 587297 694621 581556 1253244 855852 737892 716668 219748 1200439 623024 667256 745841 25457 1016173 271920 635435 117516 1271912 451441 829826 774755 585216 381378 1013380 784122 1002392 999999999 478590 754693 405925 276581 429268 82101 785197 668946 1088948 584026 1154667 789237 319104 819632 1227548 862758 642517 1134637 324874 199538 683222 898473 1111023 553327 788621 991335 1178490 326008 39245 831650 590247 630266 628511 574468 725290 611272 981982 501953 113916 457692 844567 526903 470805 689366 975870 667208 136338 568492 478450 409824 188999 792519 699098 530985 821788 595973 90124
400844 438622 634420 406433 709505 521417 189163 679143 366874 480620 40273 214897 692021 401705 337262 20495 343236 452807 214475 777757 417541 281063 278665 432436 724680 150884 246936 340173 482786 537585 217656 475177 483591 795524 449367 351416 465584 210622 254718 553783 536519 538331 478590 999999999 480303 323910 249790 349459 491002 522082 210447 651508 254081 676931 317299 165898 426911 753317 475210 374338 657365 386811 397748 220708 452144 635568 211013 482112 512893 701523 461615 450284 675421 135436 514941 214727 112153 455060 381669 582887 494451 416400 294680 368188 65552 317362 262798 748906 192241 452400 483356 263793 297695 320939 590981 392961 458604 506748 227875 420471
860782 897028 1035278 886735 819573 895624 669128 1124699 747588 537923 518276 694572 755124 881217 756505 492194 169718 66224 672240 873866 324250 357671 307736 831246 828023 417564 284140 732765 773255 631032 528030 953501 825520 878758 918159 509742 904335 665636 377771 783410 993144 486796 754693 480303 999999999 793320 492519 821779 811958 974501 576086 918775 226760 763740 428688 574494 208996 865217 212595 117368 756568 830298 789868 377051 747076 761569 679451 54801 626612 795321 896711 749120 1146886 381603 995012 292159 530521 29653 143528 926904 967391 761587 773048 482458 517389 796228 288483 1197090 428727 809297 963149 743969 769074 695453 1056948 843666 937058 83235 681694 665424
84437 306754 567653 147661 893841 524710 167765 520262 426305 735440 293950 156334 903924 119183 149593 307626 639013 756376 251916 959685 727611 586540 595363 219915 910382 452824 569491 397942 392267 763459 324533 235645 330636 982159 125707 600459 376346 259557 473959 692849 378204 819387 405925 323910 793320 999999999 383811 31513 361091 379617 395116 736017 567703 879249 599055 234680 749624 929786 797900 680344 856495 109072 215672 526250 568919 823939 220079 801247 734557 896122 176441 366681 443661 454593 245335 538504 339981 766107 676303 606255 174302 293962 65614 631108 316795 68593 583693 574270 481499 293902 191956 105449 27257 229228 391136 305647 157153 827604 260631 412027
423399 622416 853236 520516 950799 755745 352890 863086 606552 701634 273488 375124 925469 499189 289825 236185 322802 437834 427409 1018579 582509 472225 445713 346778 965393 371821 394272 577877 290616 770242 59598 606245 333406 1034888 491134 583392 668712 427150 115778 803174 715146 735549 276581 249790 492519 383811 999999999 415289 322443 707141 459931 900489 307752 913936 531506 159548 543060 995740 586388 376452 895747 375498 305217 422191 701481 877220 409607 520779 748027 940303 428393 262736 818142 330987 626511 355788 361070 462871 352225 823209 546354 269089 398766 591491 312459 421041 416815 926851 416925 316926 575677 393368 369033 211814 750871 590548 540843 553212 442746 196188
76466 289583 550846 121021 897860 515396 183815 495756 425257 748364 317921 168649 910859 90069 173471 333879 668670 785712 259856 963048 748240 607022 617800 234383 914440 474023 593676 397806 414490 772898 356032 208122 348440 985901 100816 614004 361416 267942 505252 694051 355885 835116 429268 349459 821779 31513 415289 999999999 380476 358898 407189 731389 595746 885287 616289 265919 773632 932748 821848 709367 862341 118557 235024 547165 569805 828877 228886 828737 743781 901219 176539 390071 414202 478214 214826 563517 358257 794767 706102 597438 145728 316234 69936 645846 338264 61737 607241 548030 500902 312361 160583 112868 52709 256739 364619 293920 125641 854692 267011 439325
329035 667839 928546 498736 1185945 876212 463913 872916 757122 971539 490418 470649 1177421 464168 214939 470904 642776 754196 563506 1254109 887207 762378 746224 153500 1201850 640251 699694 726904 56739 1024822 303363 581263 38259 1273871 388196 840804 736557 568237 434589 1005264 736024 1025562 82101 491002 811958 361091 322443 380476 999999999 739364 666492 1071629 628088 1159358 807401 325536 860656 1227158 905420 697308 1138503 267652 145571 705093 886718 1112491 533354 842538 998775 1181666 255527 65457 770132 612784 570470 661077 576751 782347 669481 955791 435720 77520 419020 859140 531569 428782 721027 920181 682975 68810 508040 445654 369816 174556 737735 663464 471196 875205 577037 161576
418333 85153 202654 243769 707164 236070 355861 157774 271953 676822 482122 332380 751188 279607 529105 519854 860030 960579 308789 760702 777885 654605 690667 591748 722877 558292 695605 269104 771881 656081 650232 177087 707146 786071 379133 571633 82433 313890 761579 494507 25682 788936 785197 522082 974501 379617 707141 358898 739364 999999999 407066 467537 760552 717718 619619 548701 850714 728252 893454 882785 694664 474691 593857 611551 389394 654316 311934 961301 628135 721945 514883 745975 202093 593173 221398 682536 445303 953706 897970 308732 358676 673579 329808 612385 467510 314684 697733 226835 555990 671234 269960 319385 375975 603268 105485 131221 295552 977676 296871 783933
479300 338374 463463 401028 519641 332340 228766 551126 176628 341248 189225 239058 516804 414756 476196 223959 485216 571043 152029 587713 378983 248512 283684 573695 535648 160446 292666 157774 668938 370460 423646 435458 651233 607796 501875 207706 331622 143316 456453 346700 428378 432691 668946 210447 576086 395116 459931 407189 666492 407066 999999999 441133 378816 495764 225930 350375 443935 560672 487435 496396 474138 492452 547884 204885 241698 446443 179933 557973 342166 516508 567111 636429 595983 205408 489422 285863 99003 557997 520663 383057 529709 589080 337420 242086 148080 351249 292382 623796 149681 616070 483194 294541 369124 491986 500108 280876 473186 572457 150601 621209
806657 479051 316482 654343 275285 233558 607814 497692 314569 414941 627620 601602 346317 686090 861787 664308 881775 937388 508469 311799 614192 565459 617308 950830 287750 567955 656904 344735 1084741 337917 861334 623749 1049117 337093 794572 409238 406591 504226 893881 138140 490898 520731 1088948 651508 918775 736017 900489 731389 1071629 467537 441133 999999999 776537 310263 490664 778792 726159 280534 750167 875267 292369 845089 935937 566052 199649 253918 538282 881657 324641 300033 907848 1053225 644004 618937 677927 670590 539564 910669 911296 159923 793607 995142 670579 437234 588030 670426 643739 549034 531972 1011981 712278 634786 717708 902418 562366 447730 726010 881890 494671 1052189
637306 680314 841934 660379 742318 710102 443208 914328 555366 463265 292708 468848 696541 654477 541550 265486 107281 200783 453561 805621 294468 228520 181992 623362 754310 219989 128954 535954 598360 548838 327694 728674 635095 816757 692969 381911 694969 447637 210088 651184 777651 463414 584026 254081 226760 567703 307752 595746 628088 760552 378816 776537 999999999 694368 305847 355915 236395 789252 278736 122423 680941 610445 582946 211107 586383 673799 457703 234676 534405 724410 679667 570126 925575 173541 769023 106346 315748 201017 141852 753812 741456 567827 546293 370569 295652 569469 149193 985962 247180 613522 736434 517426 543079 490347 837883 629351 710317 263107 464314 500494
960960 699642 610535 843285 59288 490375 719519 785471 477106 232656 670487 724646 36188 867876 971813 695542 784231 801561 627399 111837 439913 466881 512528 1069053 64586 542209 565700 498388 1157326 146377 892493 840350 1145868 122787 969658 330737 641198 619931 868228 224206 743218 285835 1154667 676931 763740 879249 913936 885287 1159358 717718 495764 310263 694368 999999999 392762 836680 554869 101955 560854 758970 23486 982565 1043647 500790 333982 63529 659403 715641 166030 31590 1055109 1124693 913293 585764 898250 594749 582631 765196 803555 443744 984397 1082343 816274 328267 628639 824677 545202 844434 497172 1111166 916475 774191 855123 984971 821676 651446 919426 705028 618788 1096660
683004 558442 631610 624552 437986 486181 432486 751644 356367 170228 325846 449066 399117 635601 648408 337705 403530 447368 374281 502731 158543 78321 129480 745608 450622 167154 177363 352001 795785 246385 518789 661378 800853 515544 715017 81538 539456 365568 476542 357057 642769 223182 789237 317299 428688 599055 531506 616289 807401 619619 225930 490664 305847 392762 999999999 483119 248392 484791 283698 388950 377693 684387 712874 109914 322012 368336 398578 394334 229521 421822 760543 763648 815311 200775 715260 202878 259313 420007 428677 505462 747921 733473 548496 65022 290405 565463 159561 823720 125343 769644 707093 506865 571927 638238 718097 500262 694770 398593 375013 722035
289827 464325 701553 363729 865963 613615 197570 704061 471990 646072 166193 218050 853535 344854 186507 145613 412599 531432 282240 934300 575041 443140 433781 274804 881565 316307 393442 442073 320687 700134 101560 448223 317735 953169 352558 515401 513744 283688 239360 696154 556093 703425 319104 165898 574494 234680 159548 265919 325536 548701 350375 778792 355915 836680 483119 999999999 567683 908472 615166 458329 816346 255805 237175 383962 584159 792127 259907 589758 674536 860010 323763 288052 659986 293778 471519 356526 255376 546017 448616 685750 405735 250522 241025 533715 208132 263886 412687 767415 358139 287007 423926 233831 216122 155321 591402 435209 390875 618922 297589 273429
