NAME : synthetic_000611
TYPE : CTSP-D
DIMENSION : 100
GROUPS : 8
RELAXATION_LEVEL : 1
EDGE_WEIGHT_TYPE : EXPLICIT
EDGE_WEIGHT_FORMAT : FULL_MATRIX
EDGE_WEIGHT_SECTION
999999999 429002 256930 361495 758377 399750 86700 336886 574946 659344 632291 794131 433953 549836 621435 311757 94641 409224 569286 659232 576530 597239 673796 335897 201169 233436 819886 389472 558693 374326 660471 480169 391179 766565 592202 434406 283400 222323 561147 48044 285859 708394 584289 243087 634492 581731 411636 578724 237398 819075 580393 181634 628684 735671 166368 113927 314321 79715 561347 588160 248658 476635 805036 770056 820688 340120 542843 386555 839167 740844 381656 170978 242852 640370 463330 256398 616422 623903 329480 790104 730605 688056 255000 615160 293102 177392 183354 550465 475834 297817 546962 815802 454787 546584 171963 194734 620944 410181 340133 740176
429002 999999999 685868 781480 481066 692371 448927 450389 173608 622282 287330 401167 68294 403536 234360 259112 422077 202035 340242 591240 384014 547692 258808 614876 283641 617017 402756 368524 242435 766077 233623 603958 499944 448661 350622 487011 539651 280485 534181 384113 665832 528089 356324 311922 588923 573650 817864 150472 323359 821882 158190 472087 238029 628025 276999 508224 741515 366878 494162 229218 616965 501524 378010 341841 824601 106672 349490 500385 411645 474785 640638 343574 631626 238821 523156 534238 572509 499497 594891 735638 714491 518784 683991 298489 407347 574560 297706 563254 249584 416459 248243 393914 277656 518619 354676 622709 687410 530387 768900 339970
256930 685868 999999999 145102 981585 387273 262296 481237 827673 805021 873159 1044639 689522 753523 870850 542290 291900 649793 793660 818572 790465 757937 929196 367265 437177 194335 1075016 576955 797939 227969 917311 577324 525974 1000306 811319 584579 366491 458247 718352 302966 210406 905035 800520 458149 777120 726598 222049 835654 454147 925076 836960 313265 881127 902409 416803 202557 74863 324199 725861 833676 223487 618431 1061829 1026971 925930 595881 761059 520177 1096008 961830 410731 387788 184303 892002 601575 326752 771619 810122 377523 927740 856670 882838 10378 855428 458626 174803 418764 680628 705178 458464 788063 1071795 681617 706974 382310 70865 720090 531566 83448 992687
361495 781480 145102 999999999 1017030 319605 334080 623766 935002 788430 992878 1112957 774541 778901 982712 599710 362593 711890 834877 810148 822672 753042 1010550 329502 557613 187929 1154167 714536 918660 114096 1006632 546199 521662 1046172 942065 583930 358514 525847 713196 400867 164303 919832 932257 587019 921499 713244 80430 927872 507984 880197 924536 346066 955282 895856 527820 337000 72183 438022 868164 949577 206118 762289 1149599 1117060 880589 683312 797895 515804 1184208 995596 362653 514385 171642 1000909 592334 471632 762543 820346 347059 901588 825959 896879 138324 911570 598240 211577 539185 825359 831122 598761 846724 1154316 728985 704468 510612 173421 679999 518845 125057 1065633
758377 481066 981585 1017030 999999999 776827 721616 913934 554273 379660 686095 264359 419127 241964 603432 446706 692999 357771 189289 330859 194431 344766 342393 720033 712297 829216 365495 846800 680389 949145 406776 557985 517762 79353 801980 458745 666386 536054 370941 712341 858200 163163 812272 761125 1067377 400582 1016117 427768 528944 534909 392071 674872 288065 293476 676199 868747 1008715 736472 973259 636842 811897 981149 433725 440487 537979 480557 220703 522888 453302 23771 712989 763684 845438 578773 469395 957308 356465 243589 697286 414845 447127 178821 975289 182852 865254 816923 718898 1044234 723072 874598 238022 392480 303669 368376 775497 910735 528978 534011 1060068 284477
399750 692371 387273 319605 776827 999999999 317086 736156 865062 487820 960076 931025 658294 536043 923564 445610 325408 549230 615909 517291 588230 466854 864285 77642 578528 202942 994662 783777 894914 212220 880621 242186 259717 822856 957555 318184 152840 413297 428923 405587 176948 651973 953056 632631 1033937 418980 277630 815282 369131 561375 800059 239456 795738 602242 526215 464126 357476 469636 958415 906343 174454 876382 1011364 986443 561673 585832 573839 254894 1045399 753566 63951 565345 207495 931035 312241 631064 470878 550821 97794 590856 513367 628963 376928 716021 692817 251671 563886 950044 834822 697563 661613 1002845 532561 424288 568502 344967 364300 243159 424955 896374
86700 448927 262296 334080 721616 317086 999999999 422220 608136 587498 680031 785764 440526 499841 659618 279996 29801 388128 532894 591402 532839 529287 677465 250525 266328 172925 821925 467172 608922 321738 672553 396897 313026 738245 654973 361065 196735 197019 491706 89963 224804 655714 648564 316895 717270 508936 369577 594052 192768 739720 590468 95712 624649 670849 219423 184632 302450 152661 641383 631765 180477 560736 815597 782981 741214 349308 501847 308039 850188 702468 295690 248352 185978 674800 387304 340246 546927 565843 243196 717106 654556 634359 257097 593306 376960 125781 250314 635134 534857 382173 526139 821124 419998 477993 251422 191861 539266 329629 343822 735803
336886 450389 481237 623766 913934 736156 422220 999999999 500453 933614 480018 847606 500698 766384 515260 524010 421736 567800 743301 920874 771641 862480 698151 672588 215323 556082 832052 122811 409393 676958 655123 796658 696126 892973 370714 724519 616462 453655 832822 340778 605321 919545 355912 156332 302931 862302 694245 576047 497513 1114611 597267 513352 688011 984096 268364 292784 556002 275945 244624 464033 576805 142337 786081 745938 1116643 433976 734008 692661 814762 903220 717900 188246 561362 547205 758943 165316 885315 857748 665262 1063633 1016303 903846 486513 737133 52583 498749 217128 214081 303568 44217 676149 815899 641646 816653 180291 457578 928852 720581 541658 785152
574946 173608 827673 935002 554273 865062 608136 500453 999999999 768713 134860 386332 222997 542030 62623 431821 583213 361137 460118 732583 510442 696143 235991 787472 396750 779626 343910 389212 132140 929044 175351 773836 671408 500205 253125 654622 712236 452110 687990 534138 829899 640891 265822 400055 542298 728475 977388 126532 496456 967936 162211 640754 267690 756379 410910 636354 889030 503475 454856 82572 782019 502455 288001 247733 970792 279425 481254 672115 315077 555132 814012 454168 793526 66883 689926 623189 720492 633488 767790 872119 860748 636545 827154 380677 470885 733603 414270 546598 211837 478637 356261 323048 427774 673276 463252 769365 848924 701751 908967 325455
659344 622282 805021 788430 379660 487820 587498 933614 768713 999999999 900063 620383 556404 228161 829968 415196 567802 421175 322571 48830 270169 75154 634998 459209 719656 617118 713760 914415 864142 693561 684027 245885 280050 451980 971479 226486 439383 480081 100872 627009 625223 217955 975741 781778 1171253 79004 761413 660674 439095 199792 628907 503001 560350 118384 665254 770104 805145 679307 1078181 842360 591114 1043744 765290 758342 202567 553202 291411 285712 792535 357200 431435 748692 630861 818203 203916 909564 50383 150126 441427 131309 92319 200839 796107 433590 881069 630755 716513 1117568 860889 889455 423794 734879 344831 116964 758502 740277 156969 273777 868404 616522
632291 287330 873159 992878 686095 960076 680031 480018 134860 900063 999999999 498343 346970 674567 83754 543869 658421 486141 594559 865079 644520 826763 356160 882641 436453 852887 437601 358194 75604 1000907 290888 890490 785398 628690 148058 774307 808022 548845 816708 597564 904816 775749 164545 419807 447611 856848 1043239 259269 597244 1099666 295161 726979 398177 890742 466347 673265 940002 554856 370660 58312 859289 444187 367151 329752 1102489 384853 614609 785519 385600 687951 913366 486254 865460 114598 810485 625861 851306 767027 864501 1005686 992292 771351 874186 514915 463680 802363 454933 472408 178573 469637 490936 411394 556806 801611 492894 821672 973857 815875 950919 441184
794131 401167 1044639 1112957 264359 931025 785764 847606 386332 620383 498343 999999999 367880 423376 416008 513745 756028 401211 325724 572544 368567 568979 153000 862232 681798 929549 101565 752954 517899 1068167 211169 747895 678121 185437 636556 630436 795366 589058 584036 746174 969274 417288 650398 713089 928595 620933 1130220 276147 605444 792702 250846 769906 167344 551211 665409 890043 1088054 747350 840292 462479 919546 877831 175875 192889 795787 459088 368370 681915 190741 280175 868392 740909 945764 383750 652998 934296 586660 471623 839110 674843 698275 427085 1040624 215714 806998 901899 694290 928431 591532 815964 271090 130159 398960 576091 752391 975848 755325 702144 1127648 62864
433953 68294 689522 774541 419127 658294 440526 500698 222997 556404 346970 367880 999999999 335857 285569 214740 411982 139223 272294 524331 315724 482169 239844 581584 316248 601976 385949 427692 307786 749304 232579 551352 450236 392477 418362 431657 506949 255667 470276 386839 648448 460132 424371 354202 655103 510199 804701 158313 291234 756167 150143 449825 200579 559881 297542 524046 740129 381088 560167 288693 598705 562050 375071 342912 758920 93842 281239 451257 409668 411459 603394 374407 617298 283417 466932 569389 506916 431574 560511 668234 648705 450598 686641 238132 454712 564205 327667 625992 317610 464001 183102 382322 211599 454998 386051 623360 627310 480402 772969 310037
549836 403536 753523 778901 241964 536043 499841 766384 542030 228161 674567 423376 335857 999999999 602794 248509 473026 210073 100862 190567 55375 159493 412783 478093 552138 591759 507425 726684 642614 707813 458184 328010 276435 288291 754131 219100 425224 334235 164236 507497 618298 159151 759777 610178 974702 203800 775085 432514 312575 426223 400839 441777 337142 226505 504610 663474 774845 544545 880062 617339 572998 860423 549833 538710 429113 350225 63875 281430 579418 219263 472106 593245 607802 590280 234718 775806 182332 96644 455327 332546 319435 140161 746487 216578 714410 584034 553606 931237 649317 723439 196545 524812 130328 154234 604402 683166 337499 294339 829296 406927
621435 234360 870850 982712 603432 923564 659618 515260 62623 829968 83754 416008 285569 602794 999999999 493278 635654 423753 518881 793243 569781 757720 272469 845926 435427 831991 359821 397928 113990 981242 207379 836155 733388 545159 222740 717145 770739 510274 750095 582522 882865 697304 237768 430838 520761 790635 1027777 178437 555745 1028939 214151 696628 315370 815032 455644 675716 934289 547451 438528 53862 835604 499695 293681 254704 1031811 338989 541456 734018 315725 605838 873461 490480 845510 35341 752500 648857 781988 693369 826587 931834 921879 693855 870881 434500 491189 784452 453509 536170 214101 498245 414573 335156 489953 735461 498689 814799 911473 763764 951063 358082
311757 259112 542290 599710 446706 445610 279996 524010 431821 415196 543869 513745 214740 248509 493278 999999999 250465 112641 257537 398164 267275 341734 424033 369845 308687 415841 561897 499248 490257 556444 435563 347282 241530 458671 581405 236210 296400 89570 316023 266220 456607 406977 582534 369342 757109 350238 617146 370026 91754 606383 354540 256383 360951 460206 258005 423071 578580 297194 664846 486457 406647 628886 569763 542756 608750 159959 232232 241686 604221 429090 389288 345899 432037 495334 273404 527473 365528 335270 348107 542811 502659 388629 536984 313965 471533 389476 308167 702451 462585 480313 247653 566116 143050 299570 356841 471763 445067 272007 623490 468871
94641 422077 291900 362593 692999 325408 29801 421736 583213 567802 658421 756028 411982 473026 635654 250465 999999999 358343 504100 569895 504972 507768 648371 255118 253444 196440 792642 458972 588203 345839 644246 385759 296923 708895 638436 341898 194785 167223 470785 81762 247271 629642 632656 307414 712646 489659 395804 566227 164059 724729 562038 91687 595111 648252 203107 202305 332106 147103 634355 609164 200883 557987 787018 754671 726317 321343 473562 292214 821634 674027 298401 241971 210354 649996 369785 351024 526091 541012 245220 698076 637235 608498 286798 563600 374604 152732 238515 633013 517273 380409 496388 792077 390921 456682 246374 221565 526303 315562 373570 706208
409224 202035 649793 711890 357771 549230 388128 567800 361137 421175 486141 401211 139223 210073 423753 112641 358343 999999999 176328 392239 204954 346294 315327 475343 358589 528462 450408 519034 444470 668751 333536 417402 320803 357931 550306 295732 403811 191569 332153 361717 569107 353776 554715 411968 764741 371715 729742 277156 204249 620442 255820 369018 249486 436517 319091 515756 689030 379867 670042 427846 519188 653568 462209 437471 623128 140707 167369 322609 496351 343330 490128 407310 544646 419165 330024 599787 371148 306565 452906 537930 513188 339875 644990 206362 517029 501162 363544 723188 441308 526280 138457 455812 79789 316629 419043 579795 488164 350173 731866 356424
569286 340242 793660 834877 189289 615909 532894 743301 460118 322571 594559 325724 272294 100862 518881 257537 504100 176328 999999999 280423 52577 258099 313337 552197 534917 647020 407168 688694 570063 773448 361518 422252 357862 211803 686337 306393 491971 346999 265078 523490 679245 187850 693660 587849 925924 304444 839140 343710 340127 516402 310178 490113 238127 296269 494511 680128 823103 549751 830890 538787 631555 823768 449037 438518 519382 311280 42930 362179 478557 171641 552231 583094 663358 503228 327469 774196 279708 176844 529026 413704 411468 179246 787587 115747 692875 631322 539715 891306 589819 702152 104486 424094 114501 254996 594772 722796 438342 379781 872896 306441
659232 591240 818572 810148 330859 517291 591402 920874 732583 48830 865079 572544 524331 190567 793243 398164 569895 392239 280423 999999999 227848 62133 591119 482705 705874 634290 666607 895583 831911 719037 641704 275569 292935 403210 941580 234324 455944 469249 100518 624292 646084 169488 946520 767211 1149998 98386 787274 621694 431850 236393 589189 511217 517039 85792 652920 771558 822952 673513 1056242 807760 609410 1026602 719415 713433 239336 527983 252181 298785 746197 308374 458569 738265 648638 780187 218624 905427 47612 104719 463607 146320 131126 152045 809982 389126 868296 643785 703941 1099630 833484 876891 383297 688163 313878 113441 748480 752203 202780 291589 884848 569982
576530 384014 790465 822672 194431 588230 532839 771641 510442 270169 644520 368567 315724 55375 569781 267275 504972 204954 52577 227848 999999999 206948 365173 528285 559961 634913 454080 723440 617761 755289 414043 383297 328547 234748 732615 272798 472553 356189 216643 532309 663820 148876 739373 615436 965448 255086 822041 395507 341643 463883 362277 481480 290246 246548 516028 689172 815380 564108 870461 588279 617466 858191 499002 489672 466858 344703 37656 333337 527856 172970 524286 605017 651114 554821 289734 792566 227987 124486 505329 362152 358892 136119 783846 165323 720402 623768 563228 927199 632979 729589 156268 472317 130600 207812 616490 719743 389524 347750 867892 354035
597239 547692 757937 753042 344766 466854 529287 862480 696143 75154 826763 568979 482169 159493 757720 341734 507768 346294 258099 62133 206948 999999999 571385 427565 647896 575168 658717 840641 789768 664534 617664 228201 233240 410771 896550 173359 396978 409736 39932 562616 588769 193727 900720 709668 1096834 55977 732917 590422 371045 274201 559448 449574 495983 144510 594217 709472 763867 612504 1003591 768907 550844 970610 705842 696499 276911 478072 223368 239122 734374 321241 406378 678797 589760 746901 160733 844109 24862 101430 407678 201322 166895 172210 749450 372252 809899 583138 645377 1044150 785744 818400 356001 678127 270590 51441 688859 691162 187059 234306 825153 559612
673796 258808 929196 1010550 342393 864285 677465 698151 235991 634998 356160 153000 239844 412783 272469 424033 648371 315327 313337 591119 365173 571385 999999999 790667 542432 833399 146195 600864 368123 978007 66012 712166 626545 276764 488496 589434 718936 485795 576158 626658 877393 462557 501621 568607 777262 616291 1036298 123498 512326 824776 101722 676712 75841 591958 532540 762018 978648 619247 688140 314990 827320 724937 147258 127474 827813 333677 349511 629261 181118 349121 804510 602319 849165 243264 618367 792546 593020 486419 768202 715100 722071 464934 926184 202236 659203 799233 556285 775505 438660 668015 220595 143778 342444 564702 613462 862615 748857 654057 1012643 90525
335897 614876 367265 329502 720033 77642 250525 672588 787472 459209 882641 862232 581584 478093 845926 369845 255118 475343 552197 482705 528285 427565 790667 999999999 506459 173124 923012 713990 817799 237046 805324 217146 203874 761727 882033 265737 75240 335657 388156 336534 168126 604399 877877 562234 967199 384988 305458 738929 291768 559322 724374 165940 723232 568492 452928 411713 352424 401505 889472 828789 143787 811217 937495 911833 560041 508300 510944 198394 971684 697186 47596 496889 183225 853488 267556 577748 435242 503266 23211 572673 497919 581264 357298 648297 627447 209214 492466 885659 759100 632698 591709 930291 463274 381044 500841 314108 355347 194357 418469 825580
201169 283641 437177 557613 712297 578528 266328 215323 396750 719656 436453 681798 316248 552138 435427 308687 253444 358589 534917 705874 559961 647896 542432 506459 999999999 432485 686069 211544 361609 575438 513804 597626 493065 699615 391309 515554 440136 241046 619047 176574 485162 706829 383844 63008 472189 649652 611885 430120 287864 903676 441663 340539 515418 768795 57704 240322 503557 121527 387623 396640 444708 328489 656137 618030 905806 234317 522482 490217 688593 699697 547440 60073 442914 458708 551074 253142 670973 642729 494264 849182 803686 690479 437925 542151 162874 377704 18485 403968 274865 171718 477378 675987 429427 602779 71035 385502 723431 519588 516223 621837
233436 617017 194335 187929 829216 202942 172925 556082 779626 617118 852887 929549 601976 591759 831991 415841 196440 528462 647020 634290 634913 575168 833399 173124 432485 999999999 975094 621312 781503 149425 834451 384144 341960 858427 823611 403114 178347 347838 535253 257806 52685 735187 816328 476510 858493 539667 202978 758548 324265 730936 751900 159823 774876 719351 389995 270179 188704 312345 790374 804667 29627 698320 975406 944598 731760 514131 609967 336074 1010097 807869 217590 404076 16375 846422 415725 435513 586826 636744 183315 736986 664550 712381 184476 725450 518008 57505 415264 769418 705061 521325 661427 976994 541870 525236 404259 143040 526108 343577 251318 884142
819886 402756 1075016 1154167 365495 994662 821925 832052 343910 713760 437601 101565 385949 507425 359821 561897 792642 450408 407168 666607 454080 658717 146195 923012 686069 975094 999999999 728295 469828 1118075 176943 825415 748280 286837 582420 705026 853140 628501 670723 772667 1017848 515667 597585 709085 880348 708910 1177647 258136 652016 890472 244569 817101 200978 649641 678101 908000 1123667 765304 796224 410948 967784 845957 81081 110014 893556 479791 448481 751589 89736 380619 933344 746101 991020 325141 730416 934241 677651 563948 900176 773649 794134 524220 1071892 292052 795842 942635 700422 890196 555526 804408 334947 31174 463771 661560 757073 1008132 843461 774059 1158455 101050
389472 368524 576955 714536 846800 783777 467172 122811 389212 914415 358194 752954 427692 726684 397928 499248 458972 519034 688694 895583 723440 840641 600864 713990 211544 621312 728295 999999999 289109 754256 552415 807890 702270 817179 249398 720648 649924 445114 815153 378192 673000 872272 235273 151989 261701 848414 779775 477399 494651 1104268 502482 548760 600166 950928 268873 377544 650478 314583 176250 345529 637994 135103 677059 636780 1106543 378737 686058 699693 704217 838670 756343 219140 629208 430993 756953 280815 864626 821690 703062 1041205 1001609 858875 580864 665463 120578 564148 223056 204612 184109 123177 609798 709985 597356 798708 217512 542843 930385 729483 644308 690094
558693 242435 797939 918660 680389 894914 608922 409393 132140 864142 75604 517899 307786 642614 113990 490257 588203 444470 570063 831911 617761 789768 368123 817799 361609 781503 469828 289109 999999999 928916 306730 837480 730980 629669 122024 724383 743735 486832 776615 525104 833675 755548 133907 344210 411534 816040 970086 255399 536603 1063873 290004 659573 396820 864073 393292 597783 865130 480740 326432 60206 788825 385942 406628 367173 1066613 330316 585438 730695 429501 679627 850179 410791 793759 149137 761122 551860 814550 737385 800359 975151 956425 749012 799065 502428 390441 730179 380094 422552 105897 396718 469223 446515 519311 761037 417348 747050 928148 761381 875479 457404
374326 766077 227969 114096 949145 212220 321738 676958 929044 693561 1000907 1068167 749304 707813 981242 556444 345839 668751 773448 719037 755289 664534 978007 237046 575438 149425 1118075 754256 928916 999999999 981419 448308 438891 985104 966509 501317 282766 494046 625183 403919 100872 840134 958441 614932 979370 620954 68416 906519 466096 773314 898852 301295 917256 804758 536130 384187 171164 454041 917771 953342 150810 818691 1121322 1091290 773559 662609 734094 433212 1156001 926840 262447 541603 135761 995834 504590 537956 671713 739266 257697 801444 724527 817011 218435 859774 644357 198792 557680 886307 849739 646427 797935 1121202 674147 618052 540261 222136 576227 431285 234655 1025173
660471 233623 917311 1006632 406776 880621 672553 655123 175351 684027 290888 211169 232579 458184 207379 435563 644246 333536 361518 641704 414043 617664 66012 805324 513804 834451 176943 552415 306730 981419 999999999 743488 652459 342521 425761 620337 731927 487395 619191 614506 880547 520840 439393 533691 717631 659807 1037241 83738 519550 877029 82570 681124 126724 647929 510573 741843 970509 600370 629992 251741 830690 672621 144636 110430 880036 323505 394318 654667 178698 412497 822735 573854 849821 177464 651330 759327 640178 537449 783412 770020 772823 521699 915005 256509 619046 796657 528936 720139 383497 627576 261958 162839 373636 606769 584532 852682 790361 681066 1000594 151268
480169 603958 577324 546199 557985 242186 396897 796658 773836 245885 890490 747895 551352 328010 836155 347282 385759 417402 422252 275569 383297 228201 712166 217146 597626 384144 825415 807890 837480 448308 743488 999999999 107997 614053 925310 123153 214497 367676 192636 460624 385161 419185 925202 659978 1069434 177611 515904 694029 316060 349597 670416 302185 637729 360169 539922 580052 568628 522790 982420 832749 356208 924345 857286 839380 350696 507233 379527 109496 889354 534241 185878 608999 396349 834662 95050 736424 229798 319937 201998 355538 281060 396692 567771 534321 746173 407767 588815 1000124 804196 753262 493545 839223 370391 191383 616419 517689 144784 78840 633912 724419
391179 499944 525974 521662 517762 259717 313026 696126 671408 280050 785398 678121 450236 276435 733388 241530 296923 320803 357862 292935 328547 233240 626545 203874 493065 341960 748280 702270 730980 438891 652459 107997 999999999 563239 817529 62542 163967 260107 193350 365930 357468 401243 817306 555783 963962 201166 507133 597756 208746 427904 576399 224179 554073 377577 435440 497564 530647 425442 876135 727943 317977 820932 773333 752527 429531 401117 315348 5889 806384 494666 195767 507913 356647 733497 76169 646804 245754 300446 181856 406700 341755 378120 517271 462409 644926 351314 485130 896625 696267 652336 413355 759412 285180 183368 515957 460444 233067 30478 592011 648170
766565 448661 1000306 1046172 79353 822856 738245 892973 500205 451980 628690 185437 392477 288291 545159 458671 708895 357931 211803 403210 234748 410771 276764 761727 699615 858427 286837 817179 629669 985104 342521 614053 563239 999999999 751694 507272 703229 545893 433136 719325 891044 238988 763056 743911 1026407 465775 1050914 374390 546295 613076 339700 700771 232859 371298 668887 873678 1032657 736690 933410 582408 843283 949915 356864 365963 616153 465318 251281 567980 375218 97576 758925 754041 874782 518236 522287 949596 424813 309565 738650 493496 523210 252297 994672 157476 846213 841170 708081 1009789 681361 855539 223774 314372 319119 428538 765906 929569 597191 582379 1080686 210139
592202 350622 811319 942065 801980 957555 654973 370714 253125 971479 148058 636556 418362 754131 222740 581405 638436 550306 686337 941580 732615 896550 488496 882033 391309 823611 582420 249398 122024 966509 425761 925310 817529 751694 999999999 817607 810243 563097 880659 566420 876296 873056 17334 355053 299669 919154 1000765 377397 614668 1170586 412025 718435 518843 977986 435699 608805 882564 512491 223945 174079 834899 307871 514145 476062 1173248 424401 699101 816588 533440 800824 918307 427973 834204 257282 854779 529872 921410 849934 866598 1086234 1063435 865579 813981 623143 367551 769013 408885 327671 123222 371374 587293 557225 627730 864714 431453 768644 1025309 847511 883605 576965
434406 487011 584579 583930 458745 318184 361065 724519 654622 226486 774307 630436 431657 219100 717145 236210 341898 295732 306393 234324 272798 173359 589434 265737 515554 403114 705026 720648 724383 501317 620337 123153 62542 507272 817607 999999999 225760 275650 133871 404492 419816 338860 818710 578557 981819 147884 569592 571604 227754 390636 547526 277407 515290 317838 458731 544147 591644 460242 891820 716229 379704 843911 734959 716529 392572 394730 263477 68323 767270 435429 254466 536768 418032 714331 37255 687267 187977 237957 244002 356215 296861 315729 576104 415416 672511 409782 509601 919178 698573 680376 371669 717965 247342 122525 545682 517909 210728 75336 652259 604223
283400 539651 366491 358514 666386 152840 196735 616462 712236 439383 808022 795366 506949 425224 770739 296400 194785 403811 491971 455944 472553 396978 718936 75240 440136 178347 853140 649924 743735 282766 731927 214497 163967 703229 810243 225760 999999999 260495 357049 276280 194910 561652 806552 497943 906247 361565 349862 664568 216648 564076 650642 103114 652721 541050 385112 372597 367017 341632 826026 753937 154014 752553 865409 839044 565188 433066 451982 158080 899728 644119 108262 435618 192788 778249 237386 534775 408480 461876 56643 561253 490738 538643 357337 583100 569335 194067 427132 827696 687120 575188 524305 859507 397184 347332 440613 304275 359212 165608 429255 756698
222323 280485 458247 525847 536054 413297 197019 453655 452110 480081 548845 589058 255667 334235 510274 89570 167223 191569 346999 469249 356189 409736 485795 335657 241046 347838 628501 445114 486832 494046 487395 367676 260107 545893 563097 275650 260495 999999999 379240 176653 393177 493342 561577 303875 706518 408863 550815 413637 51920 662636 404837 194194 429474 537325 185435 333524 499017 210463 617298 494043 343296 568733 627632 597252 664773 173899 321571 258219 662322 518599 364593 269077 363493 518386 311843 442595 432149 416438 316531 610464 562914 474219 453522 397587 401157 314269 236719 643811 440444 409465 329948 629506 232498 363125 279233 388364 485320 288859 540455 540100
561147 534181 718352 713196 370941 428923 491706 832822 687990 100872 816708 584036 470276 164236 750095 316023 470785 332153 265078 100518 216643 39932 576158 388156 619047 535253 670723 815153 776615 625183 619191 192636 193350 433136 880659 133871 357049 379240 999999999 527620 548912 226609 884136 681286 1072974 40849 693584 586772 338373 291739 557132 410728 500360 184274 564474 672832 723955 578995 980348 758566 510912 943797 714064 702553 294243 458901 226705 199229 743617 347207 367892 647822 549834 741057 120967 809807 55312 128608 368095 231820 186716 204244 709824 380727 780287 543550 615743 1017854 767614 788653 357418 688716 260243 16456 657641 651780 173264 194565 785312 570580
48044 384113 302966 400867 712341 405587 89963 340778 534138 627009 597564 746174 386839 507497 582522 266220 81762 361717 523490 624292 532309 562616 626658 336534 176574 257806 772667 378192 525104 403919 614506 460624 365930 719325 566420 404492 276280 176653 527620 999999999 310415 666464 559622 227274 630921 550414 446102 533232 196502 792854 534000 173302 580868 698814 132310 156918 357525 65371 553143 551431 268521 476306 758954 724351 794596 293075 498074 361731 793186 695126 380126 160357 269271 600110 435375 282846 582673 584233 326967 758209 701352 646527 300504 567455 293079 205130 160378 551416 447291 299039 499242 768963 409021 512599 164613 238603 598218 387372 386365 692391
285859 665832 210406 164303 858200 176948 224804 605321 829899 625223 904816 969274 648448 618298 882865 456607 247271 569107 679245 646084 663820 588769 877393 168126 485162 52685 1017848 673000 833675 100872 880547 385161 357468 891044 876296 419816 194910 393177 548912 310415 999999999 756562 869005 528865 908087 549471 161098 805735 365846 725847 797980 200778 817142 731745 442544 316456 185081 364924 841215 856220 50081 747653 1020521 990426 726455 562009 640852 351619 1055202 836329 206321 456269 44040 896747 428081 479634 598472 656696 184000 740593 666039 733550 200048 762362 568371 108899 467921 818057 757695 571432 699648 1020686 577328 540169 456234 173672 522820 354638 251914 925475
708394 528089 905035 919832 163163 651973 655714 919545 640891 217955 775749 417288 460132 159151 697304 406977 629642 353776 187850 169488 148876 193727 462557 604399 706829 735187 515667 872272 755548 840134 520840 419185 401243 238988 873056 338860 561652 493342 226609 666464 756562 999999999 880755 763236 1112956 249166 908363 519268 470998 375471 484048 591834 394280 133991 661171 822165 921567 703558 1017927 721349 714023 1007054 576382 576360 378555 493543 186407 406927 599961 141839 589499 750074 750802 678358 339773 934449 200601 101287 582835 258025 284310 23135 897553 265560 868057 732926 709329 1075919 777669 877200 286362 540029 277904 228591 761382 835317 370924 410893 978565 424690
584289 356324 800520 932257 812272 953056 648564 355912 265822 975741 164545 650398 424371 759777 237768 582534 632656 554715 693660 946520 739373 900720 501621 877877 383844 816328 597585 235273 133907 958441 439393 925202 817306 763056 17334 818710 806552 561577 884136 559622 869005 880755 999999999 345508 283646 922367 991779 389068 613303 1174564 423372 713729 530297 984245 429637 598124 872129 504632 206845 188092 828139 290756 529930 491659 1177203 426684 705484 816243 549588 810702 914724 418700 826682 272545 855925 516029 925581 855819 862780 1091514 1067551 872887 803350 632711 354211 761384 401182 310390 121183 357775 595453 572651 632653 868115 421790 758856 1027045 847168 872138 590467
243087 311922 458149 587019 761125 632631 316895 156332 400055 781778 419807 713089 354202 610178 430838 369342 307414 411968 587849 767211 615436 709668 568607 562234 63008 476510 709085 151989 344210 614932 533691 659978 555783 743911 355053 578557 497943 303875 681286 227274 528865 763236 345508 999999999 410710 712236 646435 451021 350872 966502 466911 396835 548954 828842 120368 255916 528257 165273 328115 386836 491241 265501 672654 633485 968644 280585 577816 552871 703881 749623 604391 73422 485631 457634 614081 225852 732902 701949 551113 910989 866240 747515 460255 586969 105062 420165 71619 341024 247370 114316 524154 696522 485348 664981 76419 413601 786386 582109 533280 651774
634492 588923 777120 921499 1067377 1033937 717270 302931 542298 1171253 447611 928595 655103 974702 520761 757109 712646 764741 925924 1149998 965448 1096834 777262 967199 472189 858493 880348 261701 411534 979370 717631 1069434 963962 1026407 299669 981819 906247 706518 1072974 630921 908087 1112956 283646 410710 999999999 1107243 994236 658795 756290 1363368 690742 803836 796639 1200846 529818 595268 851895 565742 95036 469502 878530 160723 813551 775154 1365704 624556 928884 961365 833109 1062583 1011044 470754 864093 555792 1018268 450872 1121138 1070933 957862 1296187 1259682 1101561 783282 884653 341630 801058 482328 98927 345072 337585 837165 855911 844386 1056519 466384 758895 1191837 991103 829991 867363
581731 573650 726598 713244 400582 418980 508936 862302 728475 79004 856848 620933 510199 203800 790635 350238 489659 371715 304444 98386 255086 55977 616291 384988 649652 539667 708910 848414 816040 620954 659807 177611 201166 465775 919154 147884 361565 408863 40849 550414 549471 249166 922367 712236 1107243 999999999 689136 627615 365602 256147 597975 424009 540533 183869 594284 691948 728030 604069 1015083 798667 514091 975877 753464 742470 258513 496430 266781 206859 782740 377016 360201 676097 553651 781781 125118 833216 52232 157048 366306 208430 154052 227927 717753 419868 809874 552167 645560 1050316 805267 818088 397952 727403 300701 55243 685610 661541 134572 196093 790805 609090
411636 817864 222049 80430 1016117 277630 369577 694245 977388 761413 1043239 1130220 804701 775085 1027777 617146 395804 729742 839140 787274 822041 732917 1036298 305458 611885 202978 1177647 779775 970086 68416 1037241 515904 507133 1050914 1000765 569592 349862 550815 693584 446102 161098 908363 991779 646435 994236 689136 999999999 960842 526001 837105 954711 360836 977185 872970 576915 403488 151840 490600 937785 997531 210674 834271 1178372 1147448 837254 716112 800197 501438 1213063 993930 330045 573112 187437 1043923 573005 546237 739985 807549 326088 868123 790879 885244 214223 923422 665834 243853 593706 899016 886714 666991 860736 1179842 738252 686468 570486 237438 641909 499699 204041 1085960
578724 150472 835654 927872 427768 815282 594052 576047 126532 660674 259269 276147 158313 432514 178437 370026 566227 277156 343710 621694 395507 590422 123498 738929 430120 758548 258136 477399 255399 906519 83738 694029 597756 374390 377397 571604 664568 413637 586772 533232 805735 519268 389068 451021 658795 627615 960842 999999999 449392 858061 35894 607828 141554 638912 427155 658490 890058 517344 568191 209101 756151 601709 227612 191453 860990 244902 369632 599402 261174 428905 759296 490178 773656 159703 604725 676399 614106 519865 717583 757414 751749 516404 833569 256083 538394 718930 445206 653353 317063 547067 239283 246068 330509 573063 500892 771733 753870 627268 918816 213349
237398 323359 454147 507984 528944 369131 192768 497513 496456 439095 597244 605444 291234 312575 555745 91754 164059 204249 340127 431850 341643 371045 512326 291768 287864 324265 652016 494651 536603 466096 519550 316060 208746 546295 614668 227754 216648 51920 338373 196502 365846 470998 613303 350872 756290 365602 526001 449392 999999999 617125 437441 165183 451303 503801 230978 351218 487892 241725 667736 541758 315796 616316 656800 628272 619174 217031 309657 206691 691406 509992 317717 310578 340425 562146 263224 474089 392464 387742 271553 570193 519319 450685 448401 404745 445298 298033 281902 691691 492144 453312 339015 655238 227472 322634 320014 383349 435998 237222 534414 560006
819075 821882 925076 880197 534909 561375 739720 1114611 967936 199792 1099666 792702 756167 426223 1028939 606383 724729 620442 516402 236393 463883 274201 824776 559322 903676 730936 890472 1104268 1063873 773314 877029 349597 427904 613076 1170586 390636 564076 662636 291739 792854 725847 375471 1174564 966502 1363368 256147 837105 858061 617125 999999999 825577 647487 751590 241859 847590 924299 910917 850327 1271225 1042033 702216 1230933 948298 944916 3085 750378 488470 432530 973371 515509 519669 927189 742119 1016390 357773 1074583 249374 339700 547621 121545 107473 366297 915331 622558 1062423 757194 898742 1305636 1058851 1070420 619645 914031 544576 308085 936221 866909 205210 410140 977473 797204
580393 158190 836960 924536 392071 800059 590468 597267 162211 628907 295161 250846 150143 400839 214151 354540 562038 255820 310178 589189 362277 559448 101722 724374 441663 751900 244569 502482 290004 898852 82570 670416 576399 339700 412025 547526 650642 404837 557132 534000 797980 484048 423372 466911 690742 597975 954711 35894 437441 825577 999999999 598626 106950 604627 434099 664711 889178 522453 599391 244775 748129 629030 225360 192779 828523 241876 337533 578322 259849 393051 742844 501658 767285 194390 579835 691063 582890 486751 702636 723748 719599 481540 834441 220359 557749 714337 455882 682555 347455 566599 206050 236574 303557 543763 512692 771736 725636 605515 920335 188116
181634 472087 313265 346066 674872 239456 95712 513352 640754 503001 726979 769906 449825 441777 696628 256383 91687 369018 490113 511217 481480 449574 676712 165940 340539 159823 817101 548760 659573 301295 681124 302185 224179 700771 718435 277407 103114 194194 410728 173302 200778 591834 713729 396835 803836 424009 360836 607828 165183 647487 598626 999999999 616464 593304 287123 277891 333911 238673 724586 675019 150700 649607 820250 790675 648881 366379 454472 218819 854916 654166 207609 333084 176127 707533 299977 435905 465303 497016 154326 630777 565480 569592 305720 565807 466282 142369 326699 724679 595933 472095 501611 819936 382956 398174 337811 244033 445493 237746 387559 725128
628684 238029 881127 955282 288065 795738 624649 688011 267690 560350 398177 167344 200579 337142 315370 360951 595111 249486 238127 517039 290246 495983 75841 723232 515418 774876 200978 600166 396820 917256 126724 637729 554073 232859 518843 515290 652721 429474 500360 580868 817142 394280 530297 548954 796639 540533 977185 141554 451303 751590 106950 616464 999999999 521271 498079 723080 927027 580277 704677 350118 767099 729547 219693 203013 754612 291924 273757 556987 252363 291051 735113 574227 790878 291156 543616 768319 517817 412462 700521 643585 648125 394976 877479 129868 645376 743715 527541 785510 452384 654485 145044 207115 269096 488866 585774 813077 673020 581099 964391 111581
735671 628025 902409 895856 293476 602242 670849 984096 756379 118384 890742 551211 559881 226505 815032 460206 648252 436517 296269 85792 246548 144510 591958 568492 768795 719351 649641 950928 864073 804758 647929 360169 377577 371298 977986 317838 541050 537325 184274 698814 731745 133991 984245 828842 1200846 183869 872970 638912 503801 241859 604627 593304 521271 999999999 717859 848818 908051 745105 1106311 834718 694720 1083827 709635 708464 244939 576293 278909 383450 733658 273723 544005 804868 733821 798614 303971 977759 133344 129959 549391 124259 157118 127330 893942 391422 931669 727616 768304 1155529 875258 940481 400459 673858 356731 195486 815477 835473 272910 377158 969575 558043
166368 276999 416803 527820 676199 526215 219423 268364 410910 665254 466347 665409 297542 504610 455644 258005 203107 319091 494511 652920 516028 594217 532540 452928 57704 389995 678101 268873 393292 536130 510573 539922 435440 668887 435699 458731 385112 185435 564474 132310 442544 661171 429637 120368 529818 594284 576915 427155 230978 847590 434099 287123 498079 717859 999999999 231358 478731 92645 444719 421793 399731 385788 654756 617988 849686 208027 478913 432561 688144 662321 492896 88992 401578 475578 494035 281281 616977 593227 439890 795306 748332 644000 416246 511786 215815 337348 51286 461368 315485 224224 445221 670549 385581 548294 100482 359177 666095 461896 498433 607303
113927 508224 202557 337000 868747 464126 184632 292784 636354 770104 673265 890043 524046 663474 675716 423071 202305 515756 680128 771558 689172 709472 762018 411713 240322 270179 908000 377544 597783 384187 741843 580052 497564 873678 608805 544147 372597 333524 672832 156918 316456 822165 598124 255916 595268 691948 403488 658490 351218 924299 664711 277891 723080 848818 231358 999999999 274204 142957 534768 636049 294278 434558 886099 849333 925778 431224 654992 492619 919502 851766 459209 187017 273129 698911 571445 166941 728144 737793 410411 900352 838859 801903 205227 720072 262347 214695 222382 503052 503223 263600 651906 901282 565719 658553 180652 166050 723261 514168 277758 833742
