NAME : synthetic_000322
TYPE : CTSP-D
DIMENSION : 100
GROUPS : 8
RELAXATION_LEVEL : 1
EDGE_WEIGHT_TYPE : EXPLICIT
EDGE_WEIGHT_FORMAT : FULL_MATRIX
EDGE_WEIGHT_SECTION
999999999 798504 873428 1127938 101132 330952 929781 423610 368248 87450 1242112 613080 715623 851347 829255 350287 1107816 891821 495168 311595 143887 547468 895874 919208 710471 88282 385775 658656 642559 622168 902756 176559 428778 259285 362520 699970 571982 1064229 228281 474881 582837 445133 587147 1216737 123640 989110 478349 832300 727911 876739 793962 742722 628237 904857 828574 702348 247358 774276 984843 823940 617467 636670 653671 178679 215627 657419 1111936 399170 99772 1155605 1110354 632735 554520 815768 509410 431841 503887 966534 283772 594575 423431 960501 857114 856020 375170 260023 485306 745187 500082 470549 705635 921465 965015 872002 1118115 657585 1000833 460048 285550 225688
798504 999999999 618074 515826 708815 508824 372949 548486 520595 791442 560147 193680 198646 118773 261303 577686 388384 97181 376166 587249 748869 384636 99495 417086 363355 710301 413048 239585 264004 181704 509103 680559 418428 542950 577466 254476 630711 295703 764623 324474 697028 600319 214619 482577 727379 317980 645854 106145 90009 749573 53210 651035 696323 500091 294532 469295 625805 297852 347163 312369 437383 435671 447951 681781 663122 157723 434442 403622 706908 553450 385063 548796 319629 33268 392236 368418 621878 344106 524345 414940 398737 218651 264418 899898 700870 569404 353744 749787 445405 351123 736021 445886 539238 175212 350358 143884 507076 338541 524916 641497
873428 618074 999999999 414325 777458 796088 989480 450824 518335 807482 559708 548463 768633 735976 870758 523835 541824 674935 458499 883046 741748 844442 630301 1029516 273551 813859 658277 421725 408512 635700 141943 879789 774230 738737 511247 380861 319264 610889 685680 601272 345351 431644 567190 620996 751211 443553 413631 724219 550633 149648 565470 161172 303220 153452 900868 198589 626970 320236 402776 312719 940188 270996 249590 883112 891927 533155 484791 682118 836157 418200 551952 240695 774621 650242 822174 656585 381095 961684 748437 906367 547633 818005 878834 340661 530352 634629 499322 245317 874005 531378 265931 226401 172455 792931 633444 623461 246426 617184 754390 648254
1127938 515826 414325 999999999 1026853 932401 848607 730525 764008 1084259 145501 587269 713979 600158 761894 797491 191937 509033 634672 1022500 1023254 878406 459528 902623 419963 1049620 798543 487262 496506 645543 285617 1072303 868041 918829 788589 438242 674384 312875 993596 710065 722331 743145 616942 224774 1019348 198160 751644 599392 508433 554250 472301 560151 689589 276421 796633 461910 891059 355785 171385 305878 946860 508243 497223 1074777 1069537 546399 113878 807791 1061108 37718 202915 568637 806232 534757 874506 771866 716528 795820 914412 920738 716366 627233 756052 749729 859686 867941 652948 656879 931031 675952 671874 223383 241878 650245 301683 613506 168953 729116 918159 912623
101132 708815 777458 1026853 999999999 274293 867038 326667 267773 89982 1141587 520088 640835 768710 759953 253654 1008895 803597 394603 282681 91352 490559 804866 861748 609368 47614 299697 559476 542803 536321 802828 169073 364454 184056 266385 599914 482977 968387 176408 384354 500322 353602 495368 1117919 54028 889466 392125 749371 634970 788072 701202 651649 544196 804729 762559 602982 150658 673432 884500 723044 571553 536476 553799 172527 205491 563601 1011736 317663 81222 1054475 1011657 537079 486372 727850 450775 347191 414766 898515 213142 544832 325399 880032 787137 781257 298758 159032 386354 661810 451590 373250 622618 820504 865032 793259 1021876 570357 900025 370934 216803 129869
330952 508824 796088 932401 274293 999999999 598886 400922 318495 363201 1021866 352350 391855 538815 499758 355454 866099 593796 338541 90958 354864 217618 608276 589798 556259 249987 140410 446656 441365 327316 772004 177065 100122 103009 367053 497565 577322 797319 420507 222440 621722 457788 322330 971072 319102 760893 514193 520804 457177 855678 518571 715509 654279 769902 497884 598417 304207 584913 769061 632777 298050 525392 546694 177550 154762 397316 888558 124954 231189 965714 866067 581001 226274 518882 178769 160540 519275 636198 73152 270590 248479 642166 527886 908623 473091 239764 301469 763896 177986 271177 729473 760625 829544 551801 852565 365396 842279 203381 66709 301662
929781 372949 989480 848607 867038 598886 999999999 833169 777626 957020 849803 483055 254411 259434 126619 835711 679875 342308 666746 634061 936535 383196 392807 58610 726543 848005 588875 586209 607018 403845 881813 766002 503034 683229 840568 615247 957341 555602 982632 541614 1021793 893707 481721 739992 904706 656154 947887 267761 440994 1116493 426139 1008282 1030763 872636 108888 828812 843871 669570 694068 685215 336908 783250 799088 765362 733287 476408 747089 561763 830046 885727 672073 892635 381586 342276 420436 543827 931866 71291 653909 347385 642483 228407 111665 1254633 970185 775354 627912 1100836 437597 608425 1081747 816047 909666 203439 594187 394837 871593 543290 650430 851965
423610 548486 450824 730525 326667 400922 833169 999999999 82631 363326 858212 365258 578821 646882 707968 73324 750031 643617 173610 474102 298886 537124 625442 850155 313347 363514 291815 326974 303018 431599 483695 439928 423253 316962 61429 346948 177542 740967 263297 297100 221723 62638 357318 857464 303104 625340 120590 627970 459137 472586 518408 332487 253444 486909 725143 282076 176407 396075 609695 441525 639969 223106 236878 443471 458483 391993 736030 323740 387199 753962 755223 210783 488662 577590 501477 318958 118849 838773 336165 605164 197028 760050 728962 507714 153798 190249 206370 365236 537389 224905 329534 512909 545936 690609 788919 448916 588535 300913 342991 197941
368248 520595 518335 764008 267773 318495 777626 82631 999999999 320332 884459 329172 524898 609451 654447 58862 763321 617530 150946 391658 260722 463319 605495 790481 344358 298786 215021 320926 299695 383388 535236 363463 345184 234944 62993 351951 260021 740435 250125 236084 303418 140351 315248 872126 255384 640263 198030 590052 434132 551094 497494 410320 336049 537007 668846 336334 127345 415736 630048 464230 565372 268761 286400 366910 379591 363054 757639 247248 318742 790243 767406 282574 419865 547141 426354 247235 200803 788789 253583 530980 135268 723941 677130 590251 192565 116359 166900 447587 459374 174848 412108 553765 597386 648804 791068 406068 632714 236078 260398 148702
87450 791442 807482 1084259 89982 363201 957020 363326 320332 999999999 1204174 600483 729886 855264 849673 291144 1077945 887068 460420 364045 65795 580063 886179 951530 664406 118181 386405 629385 610954 621904 846862 238145 454377 273982 302050 666542 498700 1043760 142560 467766 504278 376031 577056 1187045 66418 956545 403451 835831 714918 801640 781115 670543 550445 849834 852492 645293 193216 735122 948659 784026 659430 583392 598834 241071 277222 642889 1076277 405930 147853 1110140 1081303 567499 576299 811686 540403 434189 431361 988298 303120 633397 400303 967283 876779 772542 295106 227371 458340 666414 539716 448971 626777 872023 909141 881174 1096519 655058 949606 455434 306736 171645
1242112 560147 559708 145501 1141587 1021866 849803 858212 884459 1204174 999999999 670006 756536 621368 780964 922303 174297 527755 746990 1109976 1145124 940675 483245 906838 544905 1160769 894257 587498 600999 714701 430337 1172417 948407 1019903 914307 542863 814331 294309 1121350 802375 864364 875765 700126 125806 1138393 260973 888154 625196 575172 698320 526172 705123 832888 420816 815353 598721 1011767 469072 257690 420233 997442 638935 629990 1174620 1165893 625895 133323 899383 1169465 146450 180152 707627 871374 571501 942559 862484 853241 789383 1012130 974924 822688 621666 769987 893789 993239 982760 759362 802347 998084 778956 817003 363326 387300 663939 258834 679263 314394 821136 1015201 1032918
613080 193680 548463 587269 520088 352350 483055 365258 329172 600483 670006 999999999 234278 281967 356496 387153 514235 290799 191905 439971 556040 307418 285801 510013 275157 525538 233424 128335 140019 88214 477362 511378 280875 364439 387997 176552 474523 453820 571095 140032 539394 421630 30122 620189 535685 409132 472146 262894 114919 655564 181123 534916 547732 471824 379665 363360 432127 261426 419884 302436 395803 307155 325281 513144 500219 45690 536793 232414 525658 622160 514565 412208 234275 218437 294647 195228 452771 479189 350721 363450 205068 395845 373688 776618 514395 376506 162713 621728 350919 157534 600483 442296 525486 325620 508545 88244 520087 157169 352674 447931
715623 198646 768633 713979 640835 391855 254411 578821 524898 729886 756536 234278 999999999 160699 129578 583361 583280 241572 412806 451746 701527 211390 277078 276356 496931 629334 347773 349991 367699 150581 678200 568565 291832 458350 587675 387773 705575 479913 739547 289761 769351 639296 229177 671819 672523 516439 693571 146980 225071 884833 242735 768058 780289 670607 147266 593036 598879 457376 544295 484851 242726 540568 558020 568830 542487 237138 632590 324611 617029 751532 579048 646484 167392 185137 232837 300535 678017 265419 432049 224714 389634 251951 152763 1010837 717366 532080 373528 855993 276313 354216 834607 625465 716662 161002 532017 148312 693537 293426 430080 608979
851347 118773 735976 600158 768710 538815 259434 646882 609451 855264 621368 281967 160699 999999999 161880 667932 447186 93641 473286 606014 819122 371883 140956 307962 481852 763456 469073 353349 376963 234291 623712 715596 440678 592083 669359 372284 742157 333081 844824 391160 808313 702052 294268 526016 793902 403663 750578 19621 201314 868308 170579 769121 809993 614300 196642 587468 703782 415955 439117 427721 396814 551387 564528 716233 692537 257270 506133 452414 755165 637769 441286 664125 322147 85908 391202 421522 728706 225720 568977 382707 479507 114648 156928 1017853 796322 642061 444197 867031 436699 435092 852261 556706 650327 57102 381984 204879 612607 401194 568148 717269
829255 261303 870758 761894 759953 499758 126619 707968 654447 849673 780964 356496 129578 161880 999999999 712871 607212 254704 540528 547153 824791 293927 302831 158829 604414 744820 472837 461910 482112 277577 768605 673110 400593 576066 717243 493228 830724 489434 866219 419069 895184 768137 355215 681087 794474 564970 821943 163217 320224 994545 313931 883788 904226 759943 34762 705259 726144 552327 599449 571925 279077 657945 674165 672914 643397 351039 667720 447656 729700 799530 600840 766711 274798 234016 326177 426428 805536 138848 548080 277170 519180 188898 28531 1129388 846934 658573 502223 975285 355571 483596 955714 707134 800398 117940 535209 268309 767700 422102 545327 735468
350287 577686 523835 797491 253654 355454 835711 73324 58862 291144 922303 387153 583361 667932 712871 999999999 807574 674421 204377 420893 227459 514808 661064 847751 378107 291490 265762 371433 349061 442248 555784 373955 393029 262928 13447 398500 238642 790353 201483 294103 271424 108743 373836 915880 230042 683545 160893 648564 490486 540318 553091 401431 309275 558694 726878 354295 103162 456002 670654 503152 615869 292715 307752 377574 395348 419985 797820 297852 316321 822002 812170 283435 474605 604700 476894 301463 172897 847482 286044 581928 193786 782356 735713 560456 134783 126447 224520 424994 506611 233641 387533 582171 618079 707589 840052 464806 658945 293227 292972 124627
1107816 388384 541824 191937 1008895 866099 679875 750031 763321 1077945 174297 514235 583280 447186 607212 807574 999999999 353551 617585 952197 1022434 771477 309005 736210 443313 1023540 744677 449442 467024 550142 400144 1023903 787409 873599 801329 411810 739017 126616 1009027 651322 796650 777663 544050 109110 1011557 124863 799866 450899 411777 690657 357954 662291 772731 388764 641697 520981 888929 354402 149517 312093 824929 543824 540034 1025850 1014244 468913 78059 746412 1029036 223672 11286 632119 703613 398143 775526 709228 766322 621810 862906 803254 684485 452941 596899 882019 895149 852050 622601 766733 830355 638109 773180 317096 380266 490600 109888 513564 308601 669555 865370 909164
891821 97181 674935 509033 803597 593796 342308 643617 617530 887068 527755 290799 241572 93641 254704 674421 353551 999999999 472143 667951 845383 447648 50514 394510 436817 803542 506049 327500 352442 270580 554247 768152 499536 634647 673978 333680 717854 240956 861800 419440 784101 694131 311047 433944 823371 314272 738104 98655 184590 813327 128357 724645 780468 544169 289409 543678 722888 359678 351760 362440 483271 517875 528129 769166 748557 254488 413031 494510 798829 546513 347707 630923 390036 76098 461820 460332 712930 297438 614603 466286 495814 143082 247137 973208 796520 666019 450749 826320 511353 448283 815352 482024 575159 141240 291455 234315 531936 432719 614729 738456
495168 376166 458499 634672 394603 338541 666746 173610 150946 460420 746990 191905 412806 473286 540528 204377 617585 472143 999999999 427136 405319 408897 457012 687808 226157 415100 199796 170801 150875 262952 437906 445527 319535 294130 202633 206187 296846 589960 401054 154665 358490 229928 186116 726670 394069 496247 281815 454403 287614 530876 349140 395265 374297 436949 560044 260209 272367 279510 489958 329352 511039 187507 208931 448377 449463 218915 617315 224149 426650 663793 621080 260618 348267 404627 379531 201562 265211 668399 297511 475825 91014 586466 560146 618766 324773 235923 45534 464688 426218 76716 437174 438051 497525 517500 641043 276974 519683 166713 302774 292064
311595 587249 883046 1022500 282681 90958 634061 474102 391658 364045 1109976 439971 451746 606014 547153 420893 952197 667951 427136 999999999 372090 253637 686167 616970 646692 245874 230836 537344 532290 407482 862218 136428 168880 158047 433427 588366 651634 879271 449164 312954 691564 527355 409854 1056162 334411 849073 581720 588947 541443 937280 600974 796558 726870 860270 540039 686152 353015 675806 858307 723572 308739 613008 634183 134995 100194 484357 976747 215764 217807 1056019 951794 663268 284704 594489 221709 250834 590486 678891 138500 289315 336403 703675 575677 980252 526877 297133 391367 839245 196549 361507 803597 851556 920047 612705 934497 445551 933225 293909 131857 345339
143887 748869 741748 1023254 91352 354864 936535 298886 260722 65795 1145124 556040 701527 819122 824791 227459 1022434 845383 405319 372090 999999999 566921 841596 934953 603302 136543 354087 575649 556191 584849 782581 260068 438193 256887 237881 610624 433188 992818 88431 428430 440277 310248 534348 1131434 37762 900087 338165 799552 669347 736593 735237 604948 486144 785751 830135 580961 133686 676455 890682 724915 652827 520157 535130 263465 296818 596953 1018294 377301 170434 1048515 1026155 501880 555011 770789 526630 401790 365718 963631 287717 624513 352403 932441 851191 712154 231724 179536 407329 602589 532813 401128 562977 809416 844817 848326 1044889 616243 886402 417941 292516 113288
547468 384636 844442 878406 490559 217618 383196 537124 463319 580063 940675 307418 211390 371883 293927 514808 771477 447648 408897 253637 566921 999999999 476577 372194 575544 467602 249053 433889 440940 233952 783834 383066 129702 310036 523395 483640 697872 678952 624254 254238 753790 599501 282702 867213 532636 687255 657668 357282 370120 935357 414504 802904 776770 778658 286506 649857 493949 568753 707236 608418 103197 583092 603842 382532 351326 339364 811095 216967 447933 914869 768766 669201 73483 381731 40408 218333 652598 425439 279300 68112 343259 458859 322457 1026168 646321 424467 363372 872960 64981 332850 844026 749300 832859 368564 732821 264909 826087 243551 274783 497128
895874 99495 630301 459528 804866 608276 392807 625442 605495 886179 483245 285801 277078 140956 302831 661064 309005 50514 457012 686167 841596 476577 999999999 444804 400161 807794 511065 302452 327437 281198 507040 779981 517290 641464 659645 301809 688763 203236 852866 421092 754728 673212 309506 394741 821481 264051 714637 142395 172574 770615 108006 686412 748639 496776 337592 506660 715905 318747 301271 317605 519799 485830 494624 781220 762612 244975 365495 502575 805191 497086 303897 598159 414726 94852 487253 467059 687984 347485 623368 500600 489614 189266 296566 934237 779111 662108 440051 789352 538964 441185 780070 433422 526273 191232 256406 243343 481915 435890 624049 732499
919208 417086 1029516 902623 861748 589798 58610 850155 790481 951530 906838 510013 276356 307962 158829 847751 736210 394510 687808 616970 934953 372194 444804 999999999 763063 839785 593657 619729 639374 426817 925895 751307 497573 679195 853446 651940 981794 612538 985571 554855 1045319 911601 505479 797884 901895 708782 966960 314098 479044 1153145 470185 1041086 1056644 917028 130815 863336 848829 710747 745813 729101 311852 814477 831170 750397 717009 508037 802455 564920 819872 939900 728593 921949 381862 387845 411318 550506 952782 128488 649084 327683 656236 286099 152741 1285667 982532 779582 647121 1131139 421036 625431 1110480 862474 955988 253785 651906 422625 920351 554540 645082 855504
710471 363355 273551 419963 609368 556259 726543 313347 344358 664406 544905 275157 496931 481852 604414 378107 443313 436817 226157 646692 603302 575544 400161 763063 999999999 635002 415898 148230 135596 362164 216118 671673 517702 520074 369696 111302 304541 455537 576447 343723 367480 335078 295015 548523 599735 318799 357019 467651 285683 390146 314014 288289 353990 213664 633044 106865 471190 93724 298476 131233 668918 101101 101247 674530 675188 260296 423486 434225 649339 445888 449622 203428 504296 396579 556150 403655 324034 705635 521979 635614 315466 576943 614974 537201 452892 451270 255909 389554 609931 285187 380060 212635 273378 537431 497007 350509 293876 361435 526900 492813
88282 710301 813859 1049620 47614 249987 848005 363514 298786 118181 1160769 525538 629334 763456 744820 291490 1023540 803542 415100 245874 136543 467602 807794 839785 635002 999999999 297499 575182 560052 533912 833366 124097 345312 171668 304599 617958 524865 977515 223248 386929 544693 394659 499327 1132283 100406 905960 435550 744362 640272 829525 706243 692008 587973 834753 745361 635118 190114 694591 903162 744449 543387 566864 584971 127389 161931 570096 1029802 311120 33960 1078234 1025811 574288 470072 727487 428630 343584 456835 882683 197338 518383 339260 873014 772468 827129 345176 184514 401970 705602 424202 385496 666591 847207 895353 784836 1031592 569303 927532 371917 199649 170714
385775 413048 658277 798543 299697 140410 588875 291815 215021 386405 894257 233424 347773 469073 472837 265762 744677 506049 199796 230836 354087 249053 511065 593657 415898 297499 999999999 311299 303855 236945 631595 279234 131658 131225 274392 361149 460762 687132 393859 93654 512206 353369 205271 851789 326327 633994 411576 449706 346418 724906 411617 586206 539465 629521 480808 459992 255311 447464 638655 496056 350522 387281 408691 281216 271806 279016 761109 32235 294178 830995 745646 450712 213100 430006 211464 47874 409649 611394 118258 316334 112288 580879 498593 792782 397917 186486 161223 643268 245622 130768 611161 621317 689228 495165 741930 271865 703113 76328 121001 263125
658656 239585 421725 487262 559476 446656 586209 326974 320926 629385 587498 128335 349991 353349 461910 371433 449442 327500 170801 537344 575649 433889 302452 619729 148230 575182 311299 999999999 25022 214221 349945 586343 391473 433180 367788 51823 391282 419518 570827 224455 457604 371578 151188 558500 562968 330784 412190 336975 152043 534918 199173 422075 456999 344835 489086 243705 443055 140069 330081 186443 524016 198703 213300 588694 582408 112853 455423 321710 582448 519753 452359 310919 361317 272126 418117 286674 385905 571216 427408 491425 235984 458234 474628 668921 480569 402815 173366 516047 473519 191458 499561 320470 399929 406074 470291 202655 400526 243471 431028 462515
642559 264004 408512 496506 542803 441365 607018 303018 299695 610954 600999 140019 367699 376963 482112 349061 467024 352442 150875 532290 556191 440940 327437 639374 135596 560052 303855 25022 999999999 227751 344325 575819 391262 422363 345028 58485 366718 441325 549150 220651 433038 346879 159474 576133 544555 346664 387199 360332 175824 517477 224136 401742 433073 339964 508594 225386 423130 143660 343310 192278 533427 176518 192088 578280 573448 131358 469750 316591 568495 528078 470356 287934 369186 296387 423087 282690 360884 593523 418246 500258 221754 482612 495583 647642 456444 385193 158366 494219 477762 179527 476907 320855 396661 429171 491463 219566 401929 239422 422186 442929
622168 181704 635700 645543 536321 327316 403845 431599 383388 621904 714701 88214 150581 234291 277577 442248 550142 270580 262952 407482 584849 233952 281198 426817 362164 533912 236945 214221 227751 999999999 559637 499016 239442 364217 445275 259482 555009 471832 611887 157052 618784 491085 78687 651408 559950 457266 544460 214709 139571 743770 194158 622417 629915 553465 297733 451574 470578 340209 474812 376938 314351 394685 413113 500195 481453 107863 583127 223968 528391 681730 548757 497973 160985 194551 229277 190328 528021 407256 344063 283667 249654 348046 297573 862749 574473 407944 225299 707663 285645 209202 685297 518783 605100 267187 527043 38135 593970 166974 344288 483493
902756 509103 141943 285617 802828 772004 881813 483695 535236 846862 430337 477362 678200 623712 768605 555784 400144 554247 437906 862218 782581 783834 507040 925895 216118 833366 631595 349945 344325 559637 999999999 880966 733010 731476 544832 300890 396516 470563 739802 559406 439681 482662 501133 482076 785377 302759 481047 614113 453739 291434 455903 274825 404978 11573 800571 201620 656608 221249 261302 196795 872870 266540 249086 883981 886946 452274 345286 650328 851031 296567 410188 295209 711204 539559 767276 619682 446029 847815 735363 840788 528602 696272 773405 481895 594502 649044 470911 373973 822085 500827 386842 84773 62312 680738 491742 540463 118258 577302 740539 678524
176559 680559 879789 1072303 169073 177065 766002 439928 363463 238145 1172417 511378 568565 715596 673110 373955 1023903 768152 445527 136428 260068 383066 779981 751307 671673 124097 279234 586343 575819 499016 880966 999999999 276766 153484 387384 634177 612596 963598 345197 372641 641268 482323 482351 1130892 223085 912685 530113 697445 622062 912506 685796 772327 681760 880804 668767 690435 283571 717543 915882 767139 444826 618582 638512 3712 39453 557067 1039476 279758 91101 1103512 1024820 646028 402088 692654 347538 316680 546353 807686 160998 424184 357814 819205 701473 928549 452976 249681 420464 798412 330281 396357 760430 883360 941613 728776 1018661 536678 965103 354615 158723 268932
428778 418428 774230 868041 364454 100122 503034 423253 345184 454377 948407 280875 291832 440678 400593 393029 787409 499536 319535 168880 438193 129702 517290 497573 517702 345312 131658 391473 391262 239442 733010 276766 999999999 181696 402617 443296 592098 711182 494555 174230 643862 484492 251104 890082 404527 688272 542627 423020 375679 849988 433483 712842 670889 729533 400091 575867 365203 531530 700616 576846 224929 504782 526183 277085 251938 323247 815618 100408 329142 902726 786538 577344 126325 425735 89329 118104 541276 537775 151519 192556 239521 542586 428572 923851 521795 296007 276052 773522 114222 243829 741996 711582 787351 452052 766365 277359 791975 157326 147651 367748
259285 542950 738737 918829 184056 103009 683229 316962 234944 273982 1019903 364439 458350 592083 576066 262928 873599 634647 294130 158047 256887 310036 641464 679195 520074 171668 131225 433180 422363 364217 731476 153484 181696 999999999 275404 480745 494448 818243 318349 224427 533532 369361 336477 981230 222846 760742 423701 573065 477643 784156 542784 643227 569140 730828 578511 545271 202196 564098 763007 613669 397663 472515 493061 156008 155472 409939 887160 140358 164184 950034 874896 511813 302319 558554 269765 174548 432630 714540 31081 368345 205044 701357 603364 822285 373414 140722 267235 682182 278249 242878 646171 731036 791500 613199 872983 400418 812883 207525 36675 198788
362520 577466 511247 788589 266385 367053 840568 61429 62993 302050 914307 387997 587675 669359 717243 13447 801329 673978 202633 433427 237881 523395 659645 853446 369696 304599 274392 367788 345028 445275 544832 387384 402617 275404 999999999 393372 225215 786057 207929 299066 258531 95460 375638 909441 241690 677084 148296 650060 489730 526909 551756 388093 296066 547902 731804 343246 115758 448956 663470 495702 624815 282728 297306 391002 408670 419752 790452 306572 329616 812745 806076 270721 481862 604915 485775 308869 159601 851276 298109 590719 198120 783632 739781 547548 129691 139643 225300 411657 516425 236198 374258 572440 607101 709805 835373 466930 648784 298983 305036 137020
699970 254476 380861 438242 599914 497565 615247 346948 351951 666542 542863 176552 387773 372284 493228 398500 411810 333680 206187 588366 610624 483640 301809 651940 111302 617958 361149 51823 58485 259482 300890 634177 443296 480745 393372 999999999 387291 394025 599709 275698 453088 385104 201252 520818 600219 290060 420062 357515 174481 501408 207334 396853 447164 295273 522103 215308 477132 88254 285210 135211 572001 184338 194604 636619 631430 153459 411994 372621 626767 470082 415627 297257 410699 287737 468900 337927 391007 595053 476254 539911 280107 470855 503673 645577 498520 441766 216648 495376 524533 237963 482454 268780 349339 427300 442285 243461 348712 294666 480094 497358
571982 630711 319264 674384 482977 577322 957341 177542 260021 498700 814331 474523 705575 742157 830724 238642 739017 717854 296846 651634 433188 697872 688763 981794 304541 524865 460762 391282 366718 555009 396516 612596 592098 494448 225215 387291 999999999 759985 369452 446652 66323 130751 476408 839571 448346 616871 96041 724831 542000 305165 589617 171992 78970 403397 852559 218612 335071 398239 590063 430948 801020 206244 203322 616216 633459 487298 707071 491693 552044 690283 746422 107446 642137 662981 664805 480911 68245 952432 513597 765812 355188 849272 848203 332305 211917 364165 340791 187747 705192 368176 152189 451425 454434 792487 800434 562748 513304 454987 520404 354165
1064229 295703 610889 312875 968387 797319 555602 740967 740435 1043760 294309 453820 479913 333081 489434 790353 126616 240956 589960 879271 992818 678952 203236 612538 455537 977515 687132 419518 441325 471832 470563 963598 711182 818243 786057 394025 759985 999999999 990318 593852 822110 777527 481944 193016 977603 167944 808035 339603 341537 760270 278749 710409 804725 459014 523447 549240 861376 361814 210749 332070 722584 555559 556676 965180 949739 408434 201054 683843 979062 346941 117667 656738 615257 297627 687879 646999 776617 496159 803728 703806 643791 327743 477006 944650 892212 816416 585743 816560 740631 595413 817153 385999 464951 371685 55252 433833 400258 610809 805304 880240
228281 764623 685680 993596 176408 420507 982632 263297 250125 142560 1121350 571095 739547 844824 866219 201483 1009027 861800 401054 449164 88431 624254 852866 985571 576447 223248 393859 570827 549150 611887 739802 345197 494555 318349 207929 599709 369452 990318 999999999 455267 367317 257665 552937 1117263 122844 884910 273451 825213 680549 667427 745081 540947 414146 744088 874666 539543 141383 656878 871344 703466 715527 485533 497888 348701 380644 608504 998220 421094 257196 1016500 1013649 449940 603710 789225 583880 439799 304728 1004420 349321 685354 366618 959285 891522 630366 158897 207646 412851 528373 596500 413561 488787 774718 801443 878735 1040588 639996 848615 448005 355006 130772
474881 324474 601272 710065 384354 222440 541614 297100 236084 467766 802375 140032 289761 391160 419069 294103 651322 419440 154665 312954 428430 254238 421092 554855 343723 386929 93654 224455 220651 157052 559406 372641 174230 224427 299066 275698 446652 593852 455267 999999999 505201 359404 112596 758260 404636 541723 416311 371552 253872 683406 319560 549315 525177 556211 432798 403449 313889 363529 547829 410826 356542 333636 354862 374551 363703 185513 669106 97742 385942 743283 652183 415130 195487 343930 225396 62231 406482 554764 211658 321304 101383 505090 442441 772585 428604 250917 109152 618958 274035 78904 590624 541388 614576 423474 648563 187858 622574 19060 214048 326480
582837 697028 345351 722331 500322 621722 1021793 221723 303418 504278 864364 539394 769351 808313 895184 271424 796650 784101 358490 691564 440277 753790 754728 1045319 367480 544693 512206 457604 433038 618784 439681 641268 643862 533532 258531 453088 66323 822110 367317 505201 999999999 164311 540346 895330 460353 675791 111281 790926 608276 301029 655888 186194 47127 447613 916502 275893 358513 460907 647244 491492 856975 270886 266366 644949 665137 553110 761372 543781 574024 735917 804408 165637 700431 729283 719569 535752 102886 1017844 555045 821882 410551 915579 913044 289032 209338 397612 401434 162357 757722 427492 122800 501119 494547 858446 861394 627544 557776 512365 561944 375427
445133 600319 431644 743145 353602 457788 893707 62638 140351 376031 875765 421630 639296 702052 768137 108743 777663 694131 229928 527355 310248 599501 673212 911601 335078 394659 353369 371578 346879 491085 482662 482323 484492 369361 95460 385104 130751 777527 257665 359404 164311 999999999 415586 883515 321748 652849 58233 683390 510440 434866 567387 298124 200651 487282 785964 283806 204619 423711 633537 466041 702256 237054 246097 485959 504088 445556 757856 385426 421439 764071 783573 192898 551297 630317 563621 381446 64155 897785 390739 667507 259615 814353 788655 452929 117874 235095 265921 316283 598703 286171 278799 521580 544077 747233 823568 506804 593183 363484 397640 224146
587147 214619 567190 616942 495368 322330 481721 357318 315248 577056 700126 30122 229177 294268 355215 373836 544050 311047 186116 409854 534348 282702 309506 505479 295015 499327 205271 151188 159474 78687 501133 482351 251104 336477 375638 201252 476408 481944 552937 112596 540346 415586 999999999 649777 512802 439255 467926 274833 141301 669878 206982 546034 551228 495980 376186 378427 412873 287624 449857 329907 373956 318687 337730 484065 470660 75159 566915 202990 498520 651704 544282 420077 210223 236890 267879 165847 450500 482311 321946 340877 186361 408843 374227 784888 503615 354976 151495 629740 323821 140872 606927 468783 550586 334373 536821 91705 547257 128952 323729 427848
1216737 482577 620996 224774 1117919 971072 739992 857464 872126 1187045 125806 620189 671819 526016 681087 915880 109110 433944 726670 1056162 1131434 867213 394741 797884 548523 1132283 851789 558500 576133 651408 482076 1130892 890082 981230 909441 520818 839571 193016 1117263 758260 895330 883515 649777 999999999 1120660 232357 903790 532598 514749 766963 457555 752239 869067 471199 714780 620967 997894 461418 250664 417480 914535 648267 643292 1132776 1120404 574639 136921 852597 1137448 243321 106505 732222 801304 487997 873702 815407 869842 676831 969918 894882 793349 511796 667451 961222 1001231 961151 731593 854719 927635 746798 864146 403279 451860 563154 146417 614153 377281 776312 972228 1018175
123640 727379 751211 1019348 54028 319102 904706 303104 255384 66418 1138393 535685 672523 793902 794474 230042 1011557 823371 394069 334411 37762 532636 821481 901895 599735 100406 326327 562968 544555 559950 785377 223085 404527 222846 241690 600219 448346 977603 122844 404636 460353 321748 512802 1120660 999999999 890247 354909 774394 649855 753166 715993 619123 505375 788010 798892 584103 129183 669321 882623 718352 617151 520657 536688 226528 259458 577686 1010225 347913 134360 1045610 1014898 510581 523143 748255 492457 374196 380246 933307 253367 589283 334439 906600 821163 737048 254426 161198 392052 622597 497081 383168 583122 808371 847689 821455 1030278 592367 886529 393056 257876 107302
989110 317980 443553 198160 889466 760893 656154 625340 640263 956545 260973 409132 516439 403663 564970 683545 124863 314272 496247 849073 900087 687255 264051 708782 318799 905960 633994 330784 346664 457266 302759 912685 688272 760742 677084 290060 616871 167944 884910 541723 675791 652849 439255 232357 890247 999999999 675656 402032 317975 593115 276059 550101 653856 291197 599650 399923 766441 229551 44073 187714 751527 419553 416427 914814 905387 365280 127680 638540 912977 235864 130831 510552 616289 336607 686329 601596 642320 607095 752071 726462 566762 440850 560257 779386 770301 731689 504043 655797 742430 521597 659247 218107 298321 455281 192010 423134 237300 560419 754993 786918
478349 645854 413631 751644 392125 514193 947887 120590 198030 403451 888154 472146 693571 750578 821943 160893 799866 738104 281815 581720 338165 657668 714637 966960 357019 435550 411576 412190 387199 544460 481047 530113 542627 423701 148296 420062 96041 808035 273451 416311 111281 58233 467926 903790 354909 675656 999999999 732206 555849 398573 610376 267893 152536 486906 840554 289821 247859 448986 653126 487942 760455 256103 260605 533790 553858 493368 774785 443645 464184 770116 806414 185838 608965 676612 621846 439544 35181 950156 446134 725688 317147 861803 841887 399992 116733 286654 320114 270105 656845 341908 231290 528401 540867 797170 852108 558500 595485 420915 453055 265402
832300 106145 724219 599392 749371 520804 267761 627970 590052 835831 625196 262894 146980 19621 163217 648564 450899 98655 454403 588947 799552 357282 142395 314098 467651 744362 449706 336975 360332 214709 614113 697445 423020 573065 650060 357515 724831 339603 825213 371552 790926 683390 274833 532598 774394 402032 732206 999999999 185143 855191 158993 754318 793170 604894 197772 572820 684164 403994 436233 417641 386148 535363 548858 698121 674751 239093 507712 433276 736288 637074 445419 647885 305671 74564 375414 402198 710607 238322 550148 370706 459949 134199 161679 1002876 777164 622449 424958 851582 421910 415626 836305 548694 642280 69794 389747 185285 606456 381634 549388 697649
727911 90009 550633 508433 634970 457177 440994 459137 434132 714918 575172 114919 225071 201314 320224 490486 411777 184590 287614 541443 669347 370120 172574 479044 285683 640272 346418 152043 175824 139571 453739 622062 375679 477643 489730 174481 542000 341537 680549 253872 608276 510440 141301 514749 649855 317975 555849 185143 999999999 675500 66245 570236 608887 445914 350282 389263 543332 233891 337160 259783 441038 350225 363803 623645 608578 72435 443567 342308 639813 545072 410862 462838 298503 121253 368362 305499 531997 421171 462344 413388 317144 307501 329545 818410 611935 489960 267948 666628 424462 268644 651164 400701 491608 254553 396621 105311 470512 270159 463828 559953
876739 749573 149648 554250 788072 855678 1116493 472586 551094 801640 698320 655564 884833 868308 994545 540318 690657 813327 530876 937280 736593 935357 770615 1153145 390146 829525 724906 534918 517477 743770 291434 912506 849988 784156 526909 501408 305165 760270 667427 683406 301029 434866 669878 766963 753166 593115 398573 855191 675500 999999999 698133 140930 253908 302975 1022966 292275 639459 454099 552424 454195 1035164 353040 332932 916053 930506 647736 631628 752406 856016 553532 700904 274727 869337 782436 908674 732302 373410 1093510 799122 1000396 612714 956170 1004996 195494 508647 662826 575451 149837 956849 607396 185884 376022 315240 924709 783080 736969 389963 696993 805617 658958
793962 53210 565470 472301 701202 518571 426139 518408 497494 781115 526172 181123 242735 170579 313931 553091 357954 128357 349140 600974 735237 414504 108006 470185 314014 706243 411617 199173 224136 194158 455903 685796 433483 542784 551756 207334 589617 278749 745081 319560 655888 567387 206982 457555 715993 276059 610376 158993 66245 698133 999999999 602244 652931 446912 346849 420550 608594 245379 301864 259160 475481 390781 401875 687285 671179 138340 397209 406276 705396 509701 355934 503986 345752 84772 417574 369758 584820 396289 526748 450782 382895 263572 317562 851179 671905 555937 332230 702246 472526 334275 689788 393237 486466 227467 333995 156643 455727 335509 528013 625472
742722 651035 161172 560151 651649 715509 1008282 332487 410320 670543 705123 534916 768058 769121 883788 401431 662291 724645 395265 796558 604948 802904 686412 1041086 288289 692008 586206 422075 401742 622417 274825 772327 712842 643227 388093 396853 171992 710409 540947 549315 186194 298124 546034 752239 619123 550101 267893 754318 570236 140930 602244 999999999 142488 284603 910288 181758 501951 368913 514741 383019 903991 227767 210067 775855 789844 533050 615500 614357 717683 568858 671375 135563 738975 684300 774630 595751 239262 991404 658322 868958 474323 865210 896685 248938 382598 522691 440452 106179 821332 471979 112206 349031 322263 824084 741787 619803 391584 561967 664837 521977
628237 696323 303220 689589 544196 654279 1030763 253444 336049 550445 832888 547732 780289 809993 904226 309275 772731 780468 374297 726870 486144 776770 748639 1056644 353990 587973 539465 456999 433073 629915 404978 681760 670889 569140 296066 447164 78970 804725 414146 525177 47127 200651 551228 869067 505375 653856 152536 793170 608887 253908 652931 142488 999999999 413524 926906 255525 400289 446013 623241 472751 879903 262855 254752 685421 704443 557698 733910 570496 616719 701526 780901 150977 720628 729045 743771 559881 136691 1023581 589356 844686 434158 914882 920927 254398 255836 435705 418684 117636 784085 446550 78790 470624 457696 861587 841931 635928 523223 533757 596209 417937
904857 500091 153452 276421 804729 769902 872636 486909 537007 849834 420816 471824 670607 614300 759943 558694 388764 544169 436949 860270 785751 778658 496776 917028 213664 834753 629521 344835 339964 553465 11573 880804 729533 730828 547902 295273 403397 459014 744088 556211 447613 487282 495980 471199 788010 291197 486906 604894 445914 302975 446912 284603 413524 999999999 792042 205043 659095 214243 249729 188018 867043 268254 251367 883790 886273 445920 334358 647786 852020 288322 398781 301130 705880 530361 762601 616771 451824 838150 734229 835135 527437 686033 764467 493257 599824 650322 469148 384393 817596 498774 396722 73200 60854 671293 480180 533715 110210 574232 739333 681018
828574 294532 900868 796633 762559 497884 108888 725143 668846 852492 815353 379665 147266 196642 34762 726878 641697 289409 560044 540039 830135 286506 337592 130815 633044 745361 480808 489086 508594 297733 800571 668767 400091 578511 731804 522103 852559 523447 874666 432798 916502 785964 376186 714780 798892 599650 840554 197772 350282 1022966 346849 910288 926906 792042 999999999 732754 735523 583316 633982 604062 260064 683669 700357 668381 637733 377247 702437 454220 728825 834273 635255 791332 276193 267908 321268 435400 825254 138968 549745 262119 533757 217617 50359 1154898 861394 667212 520443 1000424 345641 500273 979998 740069 833202 151763 568737 292014 801356 434403 546595 743931
702348 469295 198589 461910 602982 598417 828812 282076 336334 645293 598721 363360 593036 587468 705259 354295 520981 543678 260209 686152 580961 649857 506660 863336 106865 635118 459992 243705 225386 451574 201620 690435 575867 545271 343246 215308 218612 549240 539543 403449 275893 283806 378427 620967 584103 399923 289821 572820 389263 292275 420550 181758 255525 205043 732754 999999999 455601 193080 371747 217227 747607 73160 52225 693623 699901 356198 488683 483556 654352 481199 528619 111278 581568 502557 625986 458096 254763 810265 553091 713267 349992 683706 717147 430680 398696 451675 300733 282767 676932 332796 274497 238904 263864 642607 586633 444951 309412 419033 558843 477491
