NAME : synthetic_000830
TYPE : CTSP-D
DIMENSION : 100
GROUPS : 8
RELAXATION_LEVEL : 1
EDGE_WEIGHT_TYPE : EXPLICIT
EDGE_WEIGHT_FORMAT : FULL_MATRIX
EDGE_WEIGHT_SECTION
999999999 832188 813519 329607 640187 578984 903998 764210 963333 881009 368538 912288 1190650 687865 1072770 123703 1109813 952793 352106 1044787 460843 821638 949289 1017248 993626 610354 615569 394454 467738 847916 968462 568259 529192 1119580 412274 942609 819038 998386 547123 267115 696414 938236 401400 431744 645074 917584 52290 682351 249539 646437 894310 572997 796985 428749 840668 998859 328849 9697 297153 921771 787598 966598 1125954 694784 805462 808183 1034595 542830 508436 730293 779501 784834 131098 633426 744236 601791 767563 564917 122463 1000703 913645 796352 1046782 933330 440381 865998 765347 290800 1084950 910097 991360 752497 1021503 471457 779809 1036102 286700 1266161 752649 439825
832188 999999999 394376 520357 245593 669816 578259 411871 289466 341658 531922 153276 358652 386559 340380 755375 300749 267851 510615 219804 401365 624552 459768 231763 335482 613965 499595 653891 522542 546538 154708 407924 470516 306101 531381 436556 610945 185403 540456 570327 144561 709985 461588 498871 396072 105695 882675 358466 601793 450026 548345 389242 334506 513894 39023 303886 505543 824702 610132 633104 94822 205712 301486 227037 499116 214638 219780 317447 343476 353641 164156 348689 729776 282699 634505 567453 402688 307676 711788 188720 632464 357043 273566 275602 508012 241632 453195 561802 255629 174502 347793 374012 294306 376400 368429 410046 611845 439834 277484 489227
813519 394376 999999999 497716 520334 381830 186732 55244 227865 99218 673124 302428 594821 125708 335194 792504 638081 662100 623856 546162 561663 237153 137155 362923 229646 314912 226730 826131 728493 901129 518606 245957 287590 468782 704396 129102 949457 542405 301141 566168 424301 315732 426965 678147 692749 484487 852357 673788 568089 177571 157781 644876 696915 694448 433250 260772 525126 804020 723273 994705 463782 592563 501954 218894 847656 180240 565949 331480 362937 90337 529821 705935 763910 562942 947323 836746 48377 304735 698051 396872 992301 39032 646420 205241 695201 629715 83103 529759 494259 277738 742162 62536 300477 525237 39902 240055 528678 615391 129334 373703
329607 520357 497716 999999999 376711 379744 617058 453221 633967 556483 252941 585683 874707 373245 743165 294796 812731 688307 196413 738936 234750 559170 634870 690394 665113 376946 333126 392641 357875 699455 666812 253532 233481 795130 305788 625462 703609 697711 284742 68452 397926 681555 72598 297832 458827 615022 375663 477921 82815 347078 601580 379083 576081 308327 535304 669365 55258 320805 262035 790501 493286 681401 804529 365301 646357 478578 733812 214915 181920 410245 503886 570303 266216 388405 656578 509194 454799 235806 207902 677743 784167 475915 761665 604013 316371 607642 462701 41562 766468 582080 743087 435324 691938 220025 461273 710396 106118 944411 424882 140571
640187 245593 520334 376711 999999999 658027 702520 511501 505043 509872 300448 386064 583434 450584 577425 545206 475681 316007 292985 422832 180428 709191 627567 476003 550186 620175 518286 410010 277266 390227 343515 401070 445569 549841 290728 607333 430533 370811 525569 403545 111880 817804 345615 258365 173613 297094 692386 154518 445446 487169 675468 145508 212515 272375 233986 528220 340266 634169 382118 486043 165752 327661 540563 301564 334849 375366 405892 256191 255829 444638 139822 212774 522781 43557 428161 333375 505455 269078 528418 434124 482355 482049 407248 483161 265409 232185 546451 413075 491049 400360 366542 473926 527810 170044 483105 620678 482161 674496 391927 414559
578984 669816 381830 379744 658027 999999999 372373 328663 605325 480046 631719 643042 954696 300522 716105 615210 961032 915766 574606 871157 583702 264214 482589 726572 611326 66928 174193 771572 731438 1035168 821286 267251 213226 837419 682940 488192 1055053 850459 133994 427577 615322 368130 350776 671064 793517 775090 600030 797999 397561 229031 375221 719795 870064 683284 702117 640080 433645 569572 638493 1130376 696874 872803 865129 443115 979609 502106 881480 402663 403424 348845 741029 870783 590915 687984 1020084 877955 337768 394261 497057 746418 1125256 392566 943382 579397 690095 854468 300907 381700 847119 624377 987902 347462 678040 555730 371504 616479 325047 988826 420506 259807
903998 578259 186732 617058 702520 372373 999999999 192373 361977 247220 824939 470607 733186 265431 442747 905607 802023 845041 771744 711592 724807 119282 162480 508104 341437 314662 289566 978678 892545 1086496 693507 370181 384623 600891 862198 181772 1132821 714918 357155 683470 609847 135770 553273 838605 873256 663520 935559 856762 674157 270417 30110 820801 883375 854420 617272 384445 655255 894301 864753 1180482 650266 771767 640050 401593 1032641 363703 735019 491128 517654 258614 716548 892126 877758 744415 1126945 1010322 197501 466170 798979 553470 1177924 225687 820269 350256 856599 815696 163810 641255 643437 444081 925406 228796 425839 688750 220595 308214 619349 732700 315165 478779
764210 411871 55244 453221 511501 328663 192373 999999999 277561 151430 641020 337270 638390 80808 387450 747700 671241 679065 589824 579183 535382 212816 185255 406810 282890 261879 171495 794705 703087 897927 545416 199746 236025 515057 675360 180657 942032 570880 246027 521539 422875 308487 383928 650521 681342 507721 801998 665972 520828 123176 167377 628442 698188 666579 450021 311738 483975 754654 686920 992596 472789 614731 546325 212707 843552 204062 596607 302093 330923 66880 535609 705812 719203 552972 934738 818258 10121 276301 650292 435964 989720 66845 673126 252912 668147 640116 41501 483498 535130 314310 758284 39013 350406 499097 47698 295293 478339 663854 134981 324768
963333 289466 227865 633967 505043 605325 361977 277561 999999999 129325 742523 139934 373397 315531 114668 917443 445370 528357 704764 357836 613934 450299 206989 146238 46171 538840 439434 885115 765362 835978 356162 413909 471988 243435 758475 184131 899804 371510 508486 699105 393244 496608 561934 727609 672410 340199 1008001 639857 714102 384661 333453 649019 623961 743988 323971 36754 644268 954393 809321 921820 382558 442877 279895 271766 788435 157160 385253 426035 461669 264250 453082 638092 889215 547548 919262 838275 268073 401420 841867 195816 921402 212770 476234 30113 741144 524459 310908 672593 281561 115526 607423 258927 72846 580317 233868 120585 693018 387596 214657 539185
881009 341658 99218 556483 509872 480046 247220 151430 129325 999999999 703305 223442 500084 203170 236214 848770 555732 604062 658648 464831 582436 324223 120075 269094 131557 413211 319605 853161 744728 874449 446997 315496 366737 371939 728048 98225 929831 467855 391959 624213 403888 382890 484021 699410 683281 419272 922599 658132 632218 266883 217327 645461 664806 715947 380347 161589 576227 871714 761503 965348 423370 527134 406743 224001 823081 136350 487829 366063 400735 154152 493122 676126 820156 553416 937049 838481 142572 339233 762207 308853 963786 91797 573312 109080 715097 583030 182278 592013 402941 196865 684552 140072 201579 546593 112440 155518 600965 516856 137351 444748
368538 531922 673124 252941 300448 631719 824939 641020 742523 703305 999999999 650319 881975 561793 835368 256867 774882 596806 57300 723043 131765 787229 804797 750633 782875 623545 561303 153809 113792 490631 643816 456981 461774 837280 55607 789945 476339 671258 526941 221722 387362 908820 288299 64074 276550 596559 419880 314442 266264 559618 804418 205825 429842 65392 528425 772840 198232 364778 82225 572981 463981 624329 833084 480984 443837 589488 706295 341785 310489 583184 437685 416982 239660 281491 416753 266604 639385 368702 280521 718048 565571 641975 702096 715327 76532 509167 661982 261209 785579 657318 627990 612773 783169 162690 633381 843499 336092 970005 566475 379679
912288 153276 302428 585683 386064 643042 470607 337270 139934 223442 650319 999999999 313458 342694 191363 850862 335657 390375 619909 243789 518745 539417 331136 104973 184973 580011 469103 784007 657491 698105 224468 408117 471889 211372 658400 307403 763885 244453 526842 645209 275583 606174 517630 626399 546062 202232 960238 510280 668388 414011 440653 531572 486366 642285 185467 150842 584362 903959 723462 782844 247965 307731 228554 228534 651647 140937 264898 370778 404254 296498 317328 501139 823604 426574 787521 715692 327173 351260 789852 103835 782606 272077 349981 132430 637911 384575 377487 626658 204362 27005 470109 305705 142521 488383 289616 259723 661757 364264 222536 518219
1190650 358652 594821 874707 583434 954696 733186 638390 373397 500084 881975 313458 999999999 654246 299073 1113180 171971 381637 865799 166285 754335 823493 573035 231923 392243 890610 781347 989966 854852 747768 243731 720330 784395 133084 873950 551992 829279 222039 840274 927511 499174 865925 811861 841690 693135 286514 1240943 646712 957025 725921 705439 713312 567725 855379 354640 348741 863197 1183085 962338 807220 418174 299538 93504 536796 718974 453516 194114 664238 694141 606188 455999 587116 1087902 610958 882912 862000 628343 649140 1069888 209691 810426 571550 259515 391017 847880 440664 675964 916268 110535 330450 431246 611308 307407 732182 591256 440716 960565 103787 534893 824754
687865 386559 125708 373245 450584 300522 265431 80808 315531 203170 561793 342694 654246 999999999 429760 667960 666186 648102 509977 575095 459377 258860 262337 427239 331064 237412 127369 715583 627114 840228 531354 120415 164318 538723 597440 254755 879858 559124 193051 441654 371812 368680 303434 573384 616459 488688 727001 604709 442506 71748 243161 559331 646632 589277 422574 351871 403217 678377 606423 935708 433932 592263 565127 165851 785136 201796 588140 225711 252661 51282 491391 652582 639414 490443 867786 746760 81593 200996 572400 445925 932336 112188 657080 287300 591291 600522 101683 404453 546622 323866 725367 65259 386596 423339 93328 356977 403456 691347 120319 248093
1072770 340380 335194 743165 577425 716105 442747 387450 114668 236214 835368 191363 299073 429760 999999999 1022234 409476 538184 801356 333710 704623 543215 280344 121730 106680 649326 552606 972708 847808 874464 357569 528212 586620 166903 846541 261459 944497 363698 622509 807143 466739 571979 671705 814847 736027 358182 1118276 698836 824180 498236 416825 722932 665146 830927 367433 78000 750363 1063962 905734 954445 434766 446698 210404 378281 831074 264633 366630 531980 567337 378508 501681 681300 994275 617865 973522 906465 378358 508494 950814 182883 955070 324602 460742 144117 827012 552744 417952 782483 232205 179110 612641 371745 52438 672708 345763 141745 805653 290103 328480 652662
123703 755375 792504 294796 545206 615210 905607 747700 917443 848770 256867 850862 1113180 667960 1022234 999999999 1020143 851398 252221 960912 365007 836350 929659 955313 951721 634391 616903 270858 348495 726517 882876 547958 521404 1052484 295268 920074 695840 911869 556656 226347 614259 956995 366007 317786 531095 833223 170089 570773 231648 638114 892097 462642 686470 312802 759252 951589 273659 123652 179545 798921 701013 872792 1054687 645690 685355 760338 947732 491409 455776 704739 684939 673212 28641 532949 620562 478731 749469 516316 119209 932494 790736 770186 952008 887991 324291 763899 755530 265155 1010775 851991 884725 730090 970065 382231 755901 1001159 294262 1194329 714575 427423
1109813 300749 638081 812731 475681 961032 802023 671241 445370 555732 774882 335657 171971 666186 409476 1020143 999999999 219282 768151 92069 655203 875053 652163 302820 478039 901608 787713 865865 730773 581655 146964 705159 768665 255594 758205 629027 664496 115881 835394 856714 416238 937758 758333 727021 555070 198516 1161535 507275 892067 734875 772446 588404 414978 739035 278686 432836 791220 1103118 856975 637178 322607 153537 213191 519983 556703 468792 81012 617041 641143 624631 337201 434565 996959 494285 723271 717214 661217 608294 993091 249712 640690 607086 91565 452530 730216 291079 712012 853609 177777 360768 260560 637734 396868 639437 623855 541770 908507 274033 547426 789921
952793 267851 662100 688307 316007 915766 845041 679065 528357 604062 596806 390375 381637 648102 538184 851398 219282 999999999 601479 228050 492183 891875 718749 416616 571179 865243 752405 667568 535128 366307 180812 648593 706362 422992 570842 695105 447661 180416 782567 719177 305452 977522 647880 541821 349467 188258 1005083 301749 760254 706857 815023 396506 198877 551566 229223 530895 655271 947222 678435 430613 218900 92693 390402 483258 338122 482046 193695 526702 540578 619127 185271 218274 831069 319433 504085 503238 670030 527456 843564 355305 432974 624888 128222 522785 541538 87641 720224 726321 340222 416855 80499 640850 506596 485758 636159 644532 791990 485408 544229 701546
352106 510615 623856 196413 292985 574606 771744 589824 704764 658648 57300 619909 865799 509977 801356 252221 768151 601479 999999999 710685 112977 731515 757053 722186 743767 566272 505168 207779 163814 529104 632155 402630 405331 813279 109486 742986 521322 660755 469790 170488 367037 853335 231293 105803 302515 583163 404337 334844 216449 504991 751847 225497 447349 113740 511160 736254 141418 347028 104570 614887 450483 620586 811918 438645 479770 549709 696447 293909 261052 533613 432728 436439 230191 282118 466465 317006 588615 320960 250973 693348 607818 593865 699896 676838 123019 514364 609381 207232 766039 624930 639357 562809 748955 134231 584323 802060 283459 950408 521353 322470
1044787 219804 546162 738936 422832 871157 711592 579183 357836 464831 723043 243789 166285 575095 333710 960912 92069 228050 710685 999999999 598100 783202 563814 219533 392903 811104 697480 825986 690643 592253 79394 617860 681729 197384 712024 540472 671710 55781 746797 786576 348403 847362 681279 680010 526862 127694 1095966 480434 819718 644235 681893 548599 404006 693222 204560 348186 721310 1037680 804306 658660 260204 138635 162527 431906 559641 376931 35253 537098 563238 532988 291311 423201 936584 447792 721003 695854 569157 526410 925961 162392 661012 515029 127699 363142 685313 277011 619943 780237 113802 269143 291241 545776 314611 578680 531789 459641 831574 266823 455948 707403
460843 401365 561663 234750 180428 583702 724807 535382 613934 582436 131765 518745 754335 459377 704623 365007 655203 492183 112977 598100 999999999 701243 688929 618868 655238 562476 482307 271996 167770 465219 519417 368311 388797 706087 145835 672588 474176 547887 463327 240812 256944 820126 234767 117122 224088 470712 513119 245495 286489 469817 701979 144368 350632 133622 399836 643422 185590 455126 208788 557252 337926 508077 702818 358502 411756 463127 583533 233695 208801 473504 320251 342360 342361 173405 436512 297916 532434 259091 352344 586646 551185 528039 587650 587354 133614 405800 561038 262369 656003 526190 534432 503792 652550 36426 521777 717921 338596 840492 447378 323939
821638 624552 237153 559170 709191 264214 119282 212816 450299 324223 787229 539417 823493 258860 543215 836350 875053 891875 731515 783202 701243 999999999 268910 593230 437969 214494 227169 939108 866674 1099045 754895 333260 327810 693533 829820 283891 1137556 779205 279710 621899 629202 122455 503140 809536 873191 719038 849051 863036 605626 231493 134313 812740 904631 824524 662793 477760 603722 811980 816968 1194559 684533 826558 730005 419870 1043897 414138 803082 472796 492943 275050 745788 911017 809442 748572 1122273 995805 221876 451227 724232 631773 1191162 270485 882769 433058 828252 851955 171825 577237 727100 514403 971089 251247 519342 666564 256691 416088 543572 832557 347752 418631
949289 459768 137155 634870 627567 482589 162480 185255 206989 120075 804797 331136 573035 262337 280344 929659 652163 718749 757053 563814 688929 268910 999999999 352478 180833 417223 349123 956844 853927 994515 555296 382749 421239 440226 833420 23734 1049534 573569 424483 703322 523023 292926 564074 805998 801167 531915 987253 777120 704822 306574 137538 760581 784839 822451 498125 225105 661854 939749 857708 1085401 543116 638631 480405 334112 943078 256218 589969 463317 496110 226133 613045 796200 901065 671030 1055411 953616 181744 436298 834639 402461 1083854 163247 679072 201362 822430 701397 191791 666739 487335 304143 799067 199619 265873 652645 174630 147324 663584 570226 242501 509593
1017248 231763 362923 690394 476003 726572 508104 406810 146238 269094 750633 104973 231923 427239 121730 955313 302820 416616 722186 219533 618868 593230 352478 999999999 175356 661615 554591 880567 751482 754694 236223 504740 567587 111959 755973 329966 826098 243989 617145 750160 369001 642845 621945 723694 626640 237046 1065141 587220 773043 498933 479414 620589 546718 739284 253719 130069 689322 1008910 825175 833537 323475 325447 139522 330551 712410 231239 250420 475482 509125 377803 387347 563382 928155 514201 858297 798656 396798 455518 894808 61443 834308 339972 344154 160185 734275 432013 444089 731281 135339 110457 491649 380841 95088 589632 359916 240130 764997 265755 310392 619250
993626 335482 229646 665113 550186 611326 341437 282890 46171 131557 782875 184973 392243 331064 106680 951721 478039 571179 743767 392903 655238 437969 180833 175356 999999999 544440 450693 926883 808511 881936 396761 436663 492022 259575 800275 159838 945949 410427 522254 731210 438496 473684 592687 769678 718149 383386 1037308 685862 744096 397293 314321 693767 669941 786110 369702 45349 678116 984558 848215 967512 428706 484429 299579 307374 834520 194110 421900 460825 496479 280372 499198 684149 923346 592847 965350 883523 274116 435471 872835 230636 967155 222226 514179 68112 783542 569485 311991 702897 308386 161250 649750 270213 85094 621161 243236 74779 719384 394598 241226 564165
610354 613965 314912 376946 620175 66928 314662 261879 538840 413211 623545 580011 890610 237412 649326 634391 901608 865243 566272 811104 562476 214494 417223 661615 544440 999999999 114426 768889 717427 1003463 763681 220921 176817 772114 672304 422175 1028112 792379 99157 432218 568903 327962 336266 657518 764100 718598 635870 764948 408291 166930 314762 693185 830575 670770 647470 573450 428102 600755 638917 1099210 646596 818402 800499 386960 947691 439177 822644 364106 370075 284422 694336 832545 608638 652728 998230 859737 271055 352162 518782 683006 1094486 326153 887246 513151 676638 807364 234046 386134 783656 560661 939024 281587 611606 532051 305149 549843 340221 923073 357730 244121
615569 499595 226730 333126 518286 174193 289566 171495 439434 319605 561303 469103 781347 127369 552606 616903 787713 752405 505168 697480 482307 227169 349123 554591 450693 114426 999999999 712479 644849 906044 649311 118311 100645 666008 605389 348528 935991 678084 75396 397436 459303 349562 275993 586566 670598 604174 648926 667237 385261 55665 278747 603796 725894 601102 533293 475231 376630 605882 589808 1002044 534158 704219 692465 272638 850265 328210 708534 265450 278305 177305 584078 729051 589285 553395 912474 779706 178858 249382 509413 572637 997765 228504 772828 412091 605492 696567 157406 353854 673331 450899 826967 180879 511416 449091 207458 466785 329987 818427 246624 192692
394454 653891 826131 392641 410010 771572 978678 794705 885115 853161 153809 784007 989966 715583 972708 270858 865865 667568 207779 825986 271996 939108 956844 880567 926883 768889 712479 999999999 135432 469855 746923 610229 612311 959459 126640 941469 429815 771622 674196 346677 511764 1061027 437307 157887 319205 703864 438497 366261 384584 712701 958225 277924 478079 141788 643994 913855 340822 394476 135641 534380 575114 712388 950518 629644 435651 735114 804721 494652 463962 736389 534693 461119 269492 379155 351011 216123 792968 521434 349477 842526 525916 794409 785036 858901 146293 582156 815785 391342 900701 793640 681872 766110 921061 307072 786319 989917 459032 1083459 717043 526862
467738 522542 728493 357875 277266 731438 892545 703087 765362 744728 113792 657491 854852 627114 847808 348495 730773 535128 163814 690643 167770 866674 853927 751482 808511 717427 644849 135432 999999999 381628 611640 533418 548308 827063 59065 836870 363063 636215 618997 333717 382715 986387 381752 60410 190854 568998 517358 236007 379031 635669 869747 142533 350723 50077 510784 792340 302632 465190 170635 461059 441253 577372 816884 521056 337769 620219 669290 401458 375810 640853 399334 335048 336658 244493 303318 153395 700044 426828 390244 711227 453461 694240 650726 740408 41540 448881 728759 371004 766670 668862 554220 671198 796801 203992 688656 874421 447231 948915 611596 473982
847916 546538 901129 699455 390227 1035168 1086496 897927 835978 874449 490631 698105 747768 840228 874464 726517 581655 366307 529104 592253 465219 1099045 994515 754694 881936 1003463 906044 469855 381628 999999999 532763 787944 826827 782006 439557 972441 84591 540693 906208 695274 476830 1205843 695888 427371 243064 518543 896482 238852 742013 877043 1058429 321144 212043 425668 512638 848766 648103 845823 551693 96009 454900 453704 752992 685484 55805 738469 558840 641017 633500 831172 384006 198799 716936 352827 163282 253995 891223 656899 770811 696488 92136 862180 490355 821577 414255 323863 934350 724019 701370 720743 325685 859585 834090 485829 865906 956564 801351 851555 771827 779677
968462 154708 518606 666812 343515 821286 693507 545416 356162 446997 643816 224468 243731 531354 357569 882876 146964 180812 632155 79394 519417 754895 555296 236223 396761 763681 649311 746923 611640 532763 999999999 561752 624729 249401 632639 531579 609469 31090 693444 712330 272382 828608 611569 600618 450504 51799 1019861 404725 746725 597927 663439 469791 335520 613847 131871 354651 646899 961502 725177 605368 181864 89242 223233 378359 496120 341423 67000 470106 494235 493292 212416 354197 858806 368485 653487 620853 535651 461669 850396 174799 606916 484429 127874 354818 605969 210537 586828 707858 170688 251454 255571 509662 327738 500725 499165 468568 761806 341546 415626 643341
568259 407924 245957 253532 401070 267251 370181 199746 413909 315496 456981 408117 720330 120415 528212 547958 705159 648593 402630 617860 368311 333260 382749 504740 436663 220921 118311 610229 533418 787944 561752 999999999 64258 616283 497498 374806 817742 591808 134121 321807 348734 453349 185192 476483 552322 513618 608300 549104 322134 102786 351984 486096 610220 491619 438167 450644 286501 558819 494576 883931 429736 607974 636614 186270 732153 273949 624503 147146 161332 162465 474396 612704 519457 435468 795207 664374 201640 132036 452109 511045 879599 228357 680598 384141 495130 587712 210707 284067 610056 395177 720705 184348 480869 334087 211550 470980 285621 770213 200059 129401
529192 470516 287590 233481 445569 213226 384623 236025 471988 366737 461774 471889 784395 164318 586620 521404 768665 706362 405331 681729 388797 327810 421239 567587 492022 176817 100645 612311 548308 826827 624729 64258 999999999 679315 506985 416180 851454 654941 80002 299019 403499 450207 175418 489327 587289 576145 566130 588486 290552 117671 370702 516771 657205 503480 499852 508728 276017 519585 489163 922518 487989 668862 700280 250421 771075 336432 687907 189639 193337 212687 529053 658319 493403 476859 823012 686703 240224 181314 417909 575004 917748 276430 742444 442569 508362 642533 236498 256666 674173 458424 776921 229410 540410 357129 257583 521190 242701 833250 260262 94158
1119580 306101 468782 795130 549841 837419 600891 515057 243435 371939 837280 211372 133084 538723 166903 1052484 255594 422992 813279 197384 706087 693533 440226 111959 259575 772114 666008 959459 827063 782006 249401 616283 679315 999999999 837454 419411 858836 242873 729043 852991 450258 733151 728067 804938 685266 272372 1168289 642159 877937 610343 573435 690417 583496 819893 316688 216709 790816 1111460 914456 852682 387209 330975 44446 439755 745396 343106 232635 580571 613253 488947 441515 601764 1025875 584157 901032 857859 505157 561956 997369 120091 854602 448430 322523 263581 813851 459772 551078 836346 83589 221216 488598 490760 175138 679317 468805 308135 873010 153938 422325 729257
412274 531381 704396 305788 290728 682940 862198 675360 758475 728048 55607 658400 873950 597440 846541 295268 758205 570842 109486 712024 145835 829820 833420 755973 800275 672304 605389 126640 59065 439557 632639 497498 506985 837454 999999999 817499 422125 658769 574771 277145 387973 950699 336083 32526 236633 587454 462597 278439 321846 600266 840598 174448 394436 19307 523826 787266 250662 409306 115781 519947 456462 605783 830321 504208 394473 608725 692951 373578 344782 615287 422323 380105 281523 264692 361262 211089 673060 399957 331570 719556 512390 671697 681612 732281 29717 483518 698571 315987 781371 667545 596041 645323 794792 181455 664502 863564 391342 965115 592537 428189
942609 436556 129102 625462 607333 488192 181772 180657 184131 98225 789945 307403 551992 254755 261459 920074 629027 695105 742986 540472 672588 283891 23734 329966 159838 422175 348528 941469 836870 972441 531579 374806 416180 419411 817499 999999999 1028056 549917 423887 693875 501983 314063 554126 789708 780868 508210 981415 756197 696849 303490 155369 741471 762473 806194 474837 203505 650825 933114 844298 1063071 520454 614900 459115 316199 921209 234574 566467 449078 482414 215380 590528 774000 891449 650844 1034879 934542 175962 422027 826898 379315 1061591 150633 655435 177795 805928 678186 192300 658219 465019 280410 775408 190562 244605 636400 164189 133183 657715 551562 225329 502800
819038 610945 949457 703609 430533 1055053 1132821 942032 899804 929831 476339 763885 829279 879858 944497 695840 664496 447661 521322 671710 474176 1137556 1049534 826098 945949 1028112 935991 429815 363063 84591 609469 817742 851454 858836 422125 1028056 999999999 619146 929578 691186 527177 1247942 708747 416042 265477 591828 865608 276086 737546 911193 1105514 335338 279419 411113 579046 914704 650109 817859 527751 105196 517246 533095 831259 731366 113844 793482 638849 670815 659082 875166 446848 263289 689346 389538 89740 217311 935944 689175 752013 769139 96515 910817 573027 883697 400399 399123 976804 724030 779245 785395 409899 904389 902348 499686 912895 1020171 801520 933030 820344 796332
998386 185403 542405 697711 370811 850459 714918 570880 371510 467855 671258 244453 222039 559124 363698 911869 115881 180416 660755 55781 547887 779205 573569 243989 410427 792379 678084 771622 636215 540693 31090 591808 654941 242873 658769 549917 619146 999999999 723148 742896 302689 850355 642636 626911 471156 82801 1049862 424673 777504 626298 684919 493964 349193 639866 162933 367189 677443 991483 752848 609844 211114 88104 212302 407836 506519 366838 36276 501172 525322 520106 237031 368279 887993 394190 666669 640076 561034 492625 880603 182990 611833 508970 105613 372350 631754 222478 612188 738723 160862 271216 250079 535649 337715 529893 524261 480736 792863 322430 442439 674288
547123 540456 301141 284742 525569 133994 357155 246027 508486 391959 526941 526842 840274 193051 622509 556656 835394 782567 469790 746797 463327 279710 424483 617145 522254 99157 75396 674196 618997 906208 693444 134121 80002 729043 574771 423887 929578 723148 999999999 344317 481391 400855 238807 559255 666027 646087 578465 668076 326022 125077 349073 594465 737143 572731 571558 544722 333686 537426 546314 1001805 563761 741731 753290 315461 850489 387249 755139 269580 272791 244308 607090 738315 529734 556742 899102 760668 252957 260363 445363 630669 996950 300279 813688 480349 578371 720545 232721 298939 730989 510650 854217 252101 579645 432933 279520 541056 264655 882389 306793 147437
267115 570327 566168 68452 403545 427577 683470 521539 699105 624213 221722 645209 927511 441654 807143 226347 856714 719177 170488 786576 240812 621899 703322 750160 731210 432218 397436 346677 333717 695274 712330 321807 299019 852991 277145 693875 691186 742896 344317 999999999 440485 743995 140266 276288 460546 660769 315298 485805 46741 414090 668609 380688 591026 283714 582054 734174 65496 258751 211827 783131 534656 720048 860382 428862 644199 542933 779157 275960 241365 478618 537442 583127 197774 408255 636823 487105 523191 298675 144656 734502 776278 544226 800643 669266 293364 635666 530435 46154 820544 643028 768719 503772 755573 236267 529687 777729 114689 1000548 491711 205042
696414 144561 424301 397926 111880 615322 609847 422875 393244 403888 387362 275583 499174 371812 466739 614259 416238 305452 367037 348403 256944 629202 523023 369001 438496 568903 459303 511764 382715 476830 272382 348734 403499 450258 387973 501983 527177 302689 481391 440485 999999999 731360 348589 355535 281455 221224 747672 254252 476183 419762 581647 256843 275601 370864 145037 416374 374995 689353 465732 570636 95473 284496 445900 210283 423461 267934 338965 221251 236509 356621 125711 282941 589321 154355 533647 445042 415710 222911 578022 331704 568100 385364 364277 371695 365514 239154 460695 438345 399180 288919 373626 384145 416648 233092 389270 509409 496991 583646 294998 396433
938236 709985 315732 681555 817804 368130 135770 308487 496608 382890 908820 606174 865925 368680 571979 956995 937758 977522 853335 847362 820126 122455 292926 642845 473684 327962 349562 1061027 986387 1205843 828608 453349 450207 733151 950699 314063 1247942 850355 400855 743995 731360 999999999 625473 929804 985080 797649 963605 972269 726855 350770 165563 927421 1006634 944968 748904 517567 726158 928624 939368 1300746 778302 905927 773159 521148 1151225 495480 870719 589399 611378 374907 842841 1014295 930320 858404 1236316 1112863 315817 566656 843771 689041 1297753 353736 955606 485759 948410 944897 271522 699154 778166 579716 1057700 347285 558620 785022 345083 433356 663435 860598 440141 541041
401400 461588 426965 72598 345615 350776 553273 383928 561934 484021 288299 517630 811861 303434 671705 366007 758333 647880 231293 681279 234767 503140 564074 621945 592687 336266 275993 437307 381752 695888 611569 185192 175418 728067 336083 554126 708747 642636 238807 140266 348589 625473 999999999 321603 452846 559857 446586 464898 152502 282930 536330 375579 553726 334602 479703 597482 102003 392476 314032 789474 443766 633004 739143 294550 641247 407074 678408 147977 118236 338760 462618 550298 337371 364736 670005 527180 385007 166427 280159 611837 783743 404185 712455 531936 340713 570959 395774 110778 702720 512877 707684 364458 620709 210208 389992 637817 150322 878575 352309 92278
431744 498871 678147 297832 258365 671064 838605 650521 727609 699410 64074 626399 841690 573384 814847 317786 727021 541821 105803 680010 117122 809536 805998 723694 769678 657518 586566 157887 60410 427371 600618 476483 489327 804938 32526 789708 416042 626911 559255 276288 355535 929804 321603 999999999 213604 555220 482803 253154 322210 579053 816460 146467 369054 16546 491331 756102 242633 428205 139002 511004 424071 574887 797809 475426 380025 578698 661217 348429 320986 589528 390720 355487 302038 233062 360871 211896 647912 374440 344398 687078 503749 644867 651176 701632 19120 454321 674822 312156 748892 635797 569239 619709 763179 153354 638247 833534 388879 932676 564499 413866
645074 396072 692749 458827 173613 793517 873256 681342 672410 683281 276550 546062 693135 616459 736027 531095 555070 349467 302515 526862 224088 873191 801167 626640 718149 764100 670598 319205 190854 243064 450504 552322 587289 685266 236633 780868 265477 471156 666027 460546 281455 985080 452846 213604 999999999 415060 696304 47962 507069 645915 846739 80073 159922 218489 373507 693090 409094 641319 351702 337263 303183 402204 668077 473866 188499 548298 501319 405346 394321 614714 243755 144268 515637 130251 254735 172723 675788 423812 552656 577518 331900 654735 470429 652144 207145 265900 714774 485705 615944 563340 363652 644465 688548 242907 654994 790049 562409 792050 564921 536923
917584 105695 484487 615022 297094 775090 663520 507721 340199 419272 596559 202232 286514 488688 358182 833223 198516 188258 583163 127694 470712 719038 531915 237046 383386 718598 604174 703864 568998 518543 51799 513618 576145 272372 587454 508210 591828 82801 646087 660769 221224 797649 559857 555220 415060 999999999 968886 370826 694993 553775 633412 428210 313533 568867 80171 343960 595363 910556 677506 596493 132823 108279 253024 332022 477985 304979 118794 418849 442630 452864 172358 331201 808894 324714 629742 587075 498161 410938 799199 177979 597293 448923 168706 334661 561377 195114 549222 656081 200920 228849 267878 470977 322171 450993 462424 457157 710072 380226 375519 592595
52290 882675 852357 375663 692386 600030 935559 801998 1008001 922599 419880 960238 1240943 727001 1118276 170089 1161535 1005083 404337 1095966 513119 849051 987253 1065141 1037308 635870 648926 438497 517358 896482 1019861 608300 566130 1168289 462597 981415 865608 1049862 578465 315298 747672 963605 446586 482803 696304 968886 999999999 733988 294096 682530 927164 624732 848795 479373 891707 1043768 378210 58419 347077 968896 839197 1018652 1175356 740867 854819 853652 1086089 590012 556026 770724 831642 836503 181082 685715 789291 648649 805785 611454 171207 1049722 960685 836657 1098873 977938 490984 918285 801167 335821 1134835 957428 1043527 791983 1067285 523513 819579 1077981 323719 1315554 796103 479107
682351 358466 673788 477921 154518 797999 856762 665972 639857 658132 314442 510280 646712 604709 698836 570773 507275 301749 334844 480434 245495 863036 777120 587220 685862 764948 667237 366261 236007 238852 404725 549104 588486 642159 278439 756197 276086 424673 668076 485805 254252 972269 464898 253154 47962 370826 733988 999999999 531798 638992 829530 109607 116018 259741 333513 658938 430781 678189 392116 334828 264257 354572 623745 455406 183053 522155 454357 402167 395288 599101 201247 102543 554100 114608 280132 216372 659859 418224 585817 536490 330539 635271 422471 620856 248732 217940 700956 507538 571422 528786 318421 628303 652396 258329 636977 758677 583077 746181 544884 545028
249539 601793 568089 82815 445446 397561 674157 520828 714102 632218 266264 668388 957025 442506 824180 231648 892067 760254 216449 819718 286489 605626 704822 773043 744096 408291 385261 384584 379031 742013 746725 322134 290552 877937 321846 696849 737546 777504 326022 46741 476183 726855 152502 322210 507069 694993 294096 531798 999999999 407866 661122 427152 636091 329151 615610 749776 105187 240463 248952 829786 571118 758010 887281 446950 690929 559557 813693 297612 264734 482874 577330 628539 204168 452035 682317 532401 523366 318030 130189 760541 822912 548925 838511 684064 339015 677603 526087 41838 848998 664526 811488 506295 773210 280134 533112 787034 74798 1027192 503116 197156
646437 450026 177571 347078 487169 229031 270417 123176 384661 266883 559618 414011 725921 71748 498236 638114 734875 706857 504991 644235 469817 231493 306574 498933 397293 166930 55665 712701 635669 877043 597927 102786 117671 610343 600266 303490 911193 626298 125077 414090 419762 350770 282930 579053 645915 553775 682530 638992 407866 999999999 254537 582918 690791 594264 484728 420650 384932 636809 595426 972986 489835 655403 636875 224208 821443 273075 656154 242281 261455 121733 542986 695131 609957 524455 892545 764481 129194 222147 535570 517412 969089 175214 722471 357036 597644 654377 118927 373000 618114 395500 782652 127083 456397 435073 154444 416771 359757 762793 191476 210814
894310 548345 157781 601580 675468 375221 30110 167377 333453 217327 804418 440653 705439 243161 416825 892097 772446 815023 751847 681893 701979 134313 137538 479414 314321 314762 278747 958225 869747 1058429 663439 351984 370702 573435 840598 155369 1105514 684919 349073 668609 581647 165563 536330 816460 846739 633412 927164 829530 661122 254537 999999999 795397 854686 832390 587362 356785 638135 884621 846189 1152224 620862 741658 612175 374148 1004732 333845 705156 468340 495821 232718 687404 863626 864058 717581 1100743 985570 171711 442970 787250 524134 1149743 196806 790245 321047 834292 786071 142473 627181 614707 414164 895401 202561 398301 665791 192699 284574 608563 706925 286721 464703
572997 389242 644876 379083 145508 719795 820801 628442 649019 645461 205825 531572 713312 559331 722932 462642 588404 396506 225497 548599 144368 812740 760581 620589 693767 693185 603796 277924 142533 321144 469791 486096 516771 690417 174448 741471 335338 493964 594465 380688 256843 927421 375579 146467 80073 428210 624732 109607 427152 582918 795397 999999999 224143 155220 373784 673044 329057 568741 285107 413990 303239 435104 678139 427782 267417 513766 526853 340675 325628 562694 257375 211891 445265 106612 309637 193072 623696 361513 476429 576815 408186 607930 509244 626285 145046 309335 659579 405643 627287 545700 422855 592946 673264 165417 606036 763187 482400 808431 519928 461555
796985 334506 696915 576081 212515 870064 883375 698188 623961 664806 429842 486366 567725 646632 665146 686470 414978 198877 447349 404006 350632 904631 784839 546718 669941 830575 725894 478079 350723 212043 335520 610220 657205 583496 394436 762473 279419 349193 737143 591026 275601 1006634 553726 369054 159922 313533 848795 116018 636091 690791 854686 224143 999999999 375757 300949 637139 532636 792603 508048 300612 243194 268363 558745 485810 165946 529482 373723 467569 468344 632125 172391 19590 669393 189065 317969 304406 690835 478440 697877 490115 299296 657885 325694 609583 364735 127113 736262 608718 506207 508787 203882 659349 623483 356974 663241 744546 682156 670229 568263 626417
428749 513894 694448 308327 272375 683284 854420 666579 743988 715947 65392 642285 855379 589277 830927 312802 739035 551566 113740 693222 133622 824524 822451 739284 786110 670770 601102 141788 50077 425668 613847 491619 503480 819893 19307 806194 411113 639866 572731 283714 370864 944968 334602 16546 218489 568867 479373 259741 329151 594264 832390 155220 375757 999999999 505785 772400 253069 425557 133281 507596 438127 586558 812359 491965 379573 595209 673979 364504 336768 605746 403309 361613 298316 245719 353171 203400 664027 390590 345161 702248 500180 661246 662327 718057 11646 464228 690659 320947 763243 651854 577081 635905 779301 169813 654546 850040 397155 946858 581000 426875
840668 39023 433250 535304 233986 702117 617272 450021 323971 380347 528425 185467 354640 422574 367433 759252 278686 229223 511160 204560 399836 662793 498125 253719 369702 647470 533293 643994 510784 512638 131871 438167 499852 316688 523826 474837 579046 162933 571558 582054 145037 748904 479703 491331 373507 80171 891707 333513 615610 484728 587362 373784 300949 505785 999999999 336193 516761 833472 608189 597849 70944 170933 306628 260787 466438 253627 198775 338950 362467 391008 134270 315961 734357 267469 606104 545968 440919 331692 721510 204361 597454 395805 242597 311613 499164 203523 491267 576454 257629 208471 308993 411973 323557 377657 406936 444452 629936 441784 315363 513222
998859 303886 260772 669365 528220 640080 384445 311738 36754 161589 772840 150842 348741 351871 78000 951589 432836 530895 736254 348186 643422 477760 225105 130069 45349 573450 475231 913855 792340 848766 354651 450644 508728 216709 787266 203505 914704 367189 544722 734174 416374 517567 597482 756102 693090 343960 1043768 658938 749776 420650 356785 673044 637139 772400 336193 999999999 678725 989956 840821 932850 398301 442944 255671 306021 802485 191422 377628 460309 495884 300603 468034 651976 923435 570155 937285 860711 302422 436038 877235 186181 932768 247800 470327 66600 769206 533014 343859 708205 263140 130204 608819 294492 41646 610321 268952 113927 729395 356314 251272 575759
