NAME : synthetic_000911
TYPE : CTSP-D
DIMENSION : 100
GROUPS : 8
RELAXATION_LEVEL : 1
EDGE_WEIGHT_TYPE : EXPLICIT
EDGE_WEIGHT_FORMAT : FULL_MATRIX
EDGE_WEIGHT_SECTION
999999999 780530 559720 250783 728212 687321 1024810 492141 629712 771424 719625 886656 523154 884496 322652 691324 897652 814659 682923 838549 72953 431436 649998 170272 155629 913906 482557 155602 210145 550313 739794 501204 661174 116264 939682 525276 462212 1079230 590570 985600 307420 722959 240750 928459 358881 613595 668421 687703 782966 433930 30888 839235 809920 503426 646206 857329 643359 892242 602858 579428 149943 1055709 871210 1102552 853031 125487 643877 239176 625289 678770 226193 102638 333931 365938 550232 696528 290369 499669 341511 774821 381138 1028421 1003178 379620 870820 398047 428683 305143 936999 414679 482755 908062 705324 239452 262838 446832 888527 790269 798091 870171
780530 999999999 403051 676010 788426 595698 399750 552335 492083 693993 186846 829554 375089 723633 547416 196299 342139 406464 149473 254884 742909 488063 477341 688171 767780 625734 563619 684475 968840 294353 168130 500210 126426 691591 161213 515935 590317 354534 473421 301461 838189 244207 888391 888264 543262 176228 355947 138355 293973 457693 781297 155427 170105 472401 474176 367661 565379 303379 180404 207692 649570 279299 204250 396155 405724 676767 209931 876496 700929 214451 587126 677902 690216 757130 658688 362654 498217 504882 799396 412647 404287 303700 223080 400980 724648 789601 563311 547912 495912 368767 680735 806293 782975 678309 527510 454698 416847 833279 123139 219325
559720 403051 999999999 598060 403194 230523 480616 153713 120484 341816 238438 487264 494453 417577 240219 476775 350139 254944 425372 615373 559624 534521 123773 407141 474939 388838 640548 545610 691441 430629 493930 597537 294123 524946 545184 113385 650622 571416 83069 468381 487146 206280 567142 545357 535881 258157 590095 264714 241076 125803 545286 362240 540187 78976 668625 301837 186626 355018 324743 333381 410099 608708 372443 581571 293690 434330 442865 554020 303621 481303 472753 473908 330907 385096 255716 613589 386949 107716 435544 215552 256326 527268 578110 291350 410759 409860 605663 495851 378481 253308 282078 480816 393321 593343 406300 113084 329381 457046 338361 363709
250783 676010 598060 999999999 879426 786678 998944 594657 700556 888238 677123 1021553 337764 990078 413637 535916 883901 835883 546874 662786 177830 221551 713911 344721 378800 985208 240822 100571 448224 395087 587213 273689 578089 146314 821705 611475 216408 1014989 657175 935141 534804 700538 487668 1071326 146260 540183 467145 623213 772373 487469 277187 775783 655337 570994 417867 859348 738246 866989 498826 469763 276074 954005 817443 1047880 867837 276883 494184 484253 766564 519311 125899 211194 504847 559655 687593 492383 214184 581734 552622 803640 349481 962554 894086 323371 979221 598432 190581 128305 964065 367503 635548 1032559 858724 11362 192005 500757 900426 943403 730742 821728
728212 788426 403194 879426 999999999 195563 693127 302806 296861 134842 604614 166396 878315 227694 468951 879968 587995 451946 828164 1016277 766801 890990 311230 562134 580850 344170 994675 795299 749110 824624 895950 963752 692643 757415 909187 310532 996904 839561 322033 741028 475115 552079 587297 200739 869358 660416 988006 653335 534443 435172 700931 702742 938527 364074 1056040 524199 223352 618718 727846 735282 614296 934480 690164 827152 484828 624483 845519 576571 114813 884355 760707 688760 394349 372856 192828 1012775 703967 336617 416128 418329 606309 811655 922335 644804 210853 354210 950159 815193 487844 619930 247517 201852 23615 871017 710683 426119 508622 63977 696197 674647
687321 595698 230523 786678 195563 999999999 516966 197082 111596 111472 410475 256857 723924 203476 378979 700065 402317 265796 645987 829807 708508 755863 119651 517705 561807 236600 861847 716770 762748 661151 711612 822707 506135 686260 713683 175271 869062 654317 148248 553279 505312 356970 610663 314835 747854 478415 819914 462747 339879 303526 665037 507274 750073 220235 898912 338372 48800 429631 550342 561617 549994 741009 495839 646522 302719 567623 669358 598033 142337 706312 661640 623440 374009 389453 166518 842891 588125 205126 443294 228068 469985 623006 727243 507739 192638 391541 823023 700759 329724 474805 239723 253676 194640 780035 601620 291225 331244 237645 500828 480740
1024810 399750 480616 998944 693127 516966 999999999 610775 473169 561629 321940 649588 752435 522846 716814 595103 130539 254813 543704 632072 1010915 850661 447488 883845 954518 386534 940686 976206 1171080 667827 567075 879926 437967 967579 385651 564308 963619 163977 490557 110721 961190 303656 1046852 698503 889264 464790 755097 382431 242690 600865 1014615 247996 552956 554744 872091 186463 520182 133453 525543 554890 875815 315495 198566 137110 215094 902022 601346 1033689 658809 612580 886117 929783 806525 851870 662028 762404 790647 575198 905269 297539 660924 163641 343749 679199 532827 868826 929382 874726 216041 635638 720502 608437 700108 997963 817703 589748 185916 709655 290458 187417
492141 552335 153713 594657 302806 197082 610775 999999999 148077 293670 392150 428754 578006 399175 182870 602490 481524 363649 556194 749619 511467 588419 172562 323834 375228 422576 692552 521061 585207 529577 626773 660946 436791 489551 698034 46528 695786 716451 120667 612497 351362 357776 444214 481115 569641 394981 694707 414736 381871 133291 471054 515269 679174 80066 755934 425076 151457 493700 450672 452194 352971 761790 522902 722245 405226 371034 563019 431076 189117 603794 471113 426362 200082 241182 119411 720780 405373 47454 294510 319767 303591 674602 731821 342054 387104 260890 649098 517863 469653 318641 128825 437916 286464 587444 415123 125620 440433 364763 492074 512928
629712 492083 120484 700556 296861 111596 473169 148077 999999999 222067 310384 367404 614937 298921 308870 588957 347202 220436 535307 720791 641036 652484 25785 465112 521358 287749 758606 638734 732921 550477 601635 717005 396879 612664 618863 106271 767516 592577 43501 488814 496482 261412 591945 425814 649676 367502 708507 356481 261507 213227 610857 418205 642134 130869 788931 286812 73512 365849 438846 450031 484553 659990 414485 592495 261907 505562 557828 578832 213070 594953 574667 554690 347809 383250 192658 731364 494707 130062 437626 176597 369714 555319 639610 406386 291302 396905 722036 606096 321638 370693 247333 360345 290893 694835 511113 199848 296217 345451 405639 401429
771424 693993 341816 888238 134842 111472 561629 293670 222067 999999999 507243 145448 835391 116931 476098 807903 462046 328394 753024 933866 799036 865970 226477 601216 635881 211532 971820 813915 824854 772374 817343 933538 611362 780904 802014 280514 978349 711730 259718 615545 556337 451041 666659 203752 855827 586187 930487 564776 421377 410822 747043 592625 852799 328809 1010339 399123 158382 495400 659422 671625 641134 815421 574594 696863 357861 656362 778502 654751 160389 814799 764263 715670 444569 443911 223904 953153 694366 310347 494353 299734 579483 686606 808275 617500 101440 436093 932121 807188 353669 585470 297340 144967 147328 881091 706393 399051 378959 150198 591822 558083
719625 186846 238438 677123 604614 410475 321940 392150 310384 507243 999999999 642920 446945 538982 434927 332992 215039 232007 275128 434179 698255 535005 293580 595185 671651 448960 630351 657808 884739 363583 327134 572496 135965 652390 309965 350585 650836 360438 297338 266332 712573 58517 780077 701722 568947 147573 483770 74737 123941 326343 713181 127871 350520 315448 590454 212794 382784 191451 218786 245529 574372 372137 151981 383106 241726 601531 320452 767340 522435 345747 565866 620660 557664 617896 487927 498942 470379 345873 665703 230442 344379 310716 339672 359264 539291 645464 613857 552823 340920 316442 520314 620544 600392 676294 498032 319071 262557 647670 99924 150656
886656 829554 487264 1021553 166396 256857 649588 428754 367404 145448 642920 999999999 980664 126930 607917 951056 568191 443642 895612 1073678 920869 1009153 370742 718206 742661 264962 1114762 942745 915265 917804 958781 1077656 752848 907270 927950 421449 1120414 808537 405090 719296 641381 585373 753568 59191 996450 729577 1075586 704027 546920 552079 860331 717985 991607 471572 1155767 508946 303023 605720 803625 816433 765162 927764 694475 786695 465378 777783 922665 742756 261524 958447 899213 840032 553353 537477 338533 1098045 833419 450873 582032 423163 722268 790137 927193 760513 117052 520292 1073994 946146 433641 729554 403949 49295 189910 1013873 843853 540823 478807 119185 722002 677034
523154 375089 494453 337764 878315 723924 752435 578006 614937 835391 446945 980664 999999999 909713 454037 203792 660673 661281 228897 325620 462887 120988 616138 510624 581322 858307 189469 384153 732743 84626 254543 127523 316087 410479 501220 568283 215280 729288 575703 667172 708279 491556 710902 1038107 191759 300804 147352 375513 566601 444740 536911 507392 320171 515057 177929 657759 677849 632081 229035 201425 444330 640277 555443 769457 681079 465165 169366 702388 766524 185692 297195 431361 604241 675724 696214 176284 251170 541698 696059 643387 279311 677953 577144 243152 903959 716438 189981 224615 782234 259490 676821 975261 863499 343710 271274 452774 706343 938001 463027 565148
884496 723633 417577 990078 227694 203476 522846 399175 298921 116931 538982 126930 909713 999999999 581828 859139 445078 326123 802315 972980 909321 951359 294147 714238 751436 138265 1057476 919905 941763 840851 862085 1015111 657847 888712 812225 378603 1066401 682427 341439 594709 673090 480547 783553 177123 947647 640301 992650 604902 434110 505380 860793 603084 889501 421518 1080734 387750 251836 483759 716884 732917 750909 805067 576256 659936 343880 767367 834814 771665 276959 868233 864913 824930 560325 560842 340030 1013327 789928 408373 611173 311530 668130 665279 807278 705112 16919 552602 1020843 902241 306833 669583 413962 87396 246532 983482 804256 492703 354676 211677 611036 558435
322652 547416 240219 413637 468951 378979 716814 182870 308870 476098 434927 607917 454037 581828 999999999 534955 587088 494339 501763 690907 332553 436256 328121 167297 238852 595678 535217 338194 454872 427618 571386 513441 421089 307403 706890 207464 533762 791849 268573 692136 291610 423920 345938 657981 404290 371582 589312 425178 474406 116010 306218 562094 634700 180851 627480 541572 331873 587290 398103 387452 175720 799648 584817 808263 533671 197495 488885 333405 354790 530522 292244 246411 155129 227402 276140 617650 239119 179765 259246 453526 180559 743889 757017 212417 569923 266551 487224 347718 614954 211208 234295 619715 449315 405998 242646 127659 569437 532774 527147 580083
691324 196299 476775 535916 879968 700065 595103 602490 588957 807903 332992 951056 203792 859139 534955 999999999 526530 564884 57900 156415 639871 324586 581566 639463 717170 780081 382438 568214 895267 143391 51308 318523 202081 586625 299744 577713 411690 545091 558504 497717 819687 389225 845777 1010198 392103 221744 160000 259619 456001 480143 699419 348066 120366 525946 277894 540861 660649 490839 152656 151442 584484 440744 397630 589101 573535 609455 48274 835436 778013 19336 473602 591747 689602 761446 720132 169354 401604 557778 793693 559792 358927 495894 376641 337319 857076 799247 392157 414136 670544 325014 721999 935581 869819 540695 428531 482793 591112 933003 309195 411233
897652 342139 350139 883901 587995 402317 130539 481524 347202 462046 215039 568191 660673 445078 587088 526530 999999999 136695 470758 593419 886344 749947 321827 754279 824379 319562 845229 855332 1040959 576658 507984 786898 345488 844428 382048 435001 865871 252154 361846 153500 831276 183367 916339 621901 781990 362593 684322 285203 114890 471081 886618 189770 509585 424265 796443 64026 399518 42251 431691 459443 748191 359990 147308 246071 104301 774119 523473 903179 541850 542075 767626 804063 676322 722706 538443 695853 672593 445093 775835 175560 540217 224573 365395 561379 451938 740693 828774 762365 161502 517341 594020 532473 592276 882187 698745 459774 91372 612207 219677 129202
814659 406464 254944 835883 451946 265796 254813 363649 220436 328394 232007 443642 661281 326123 494339 564884 136695 999999999 506991 660524 812908 733019 194653 660295 724851 219286 834909 793334 940264 581544 558266 781804 365243 776027 486103 317990 851359 388849 243251 289116 714870 176153 806427 499784 752172 363655 713392 305503 112506 380746 800076 277205 575865 318637 816066 72671 265550 167190 440965 464038 664982 487431 250878 381056 41612 689273 550186 793246 406090 577266 713428 727725 562976 602888 407290 729733 621704 333427 657007 43978 486417 359715 483696 514703 330281 617338 810161 722587 128210 471284 467178 412465 455767 832522 644852 367948 76930 478473 288378 233392
682923 149473 425372 546874 828164 645987 543704 556194 535307 753024 275128 895612 228897 802315 501763 57900 470758 506991 999999999 193810 636157 346003 527008 617479 696361 722252 415663 569125 882634 153312 71026 351940 144664 583244 275628 529152 443182 503452 506207 449455 790433 331330 823362 954788 407342 167927 213690 201728 398269 437994 688527 295802 133630 478327 328566 483593 607560 435885 106545 114535 567082 412322 345374 545588 515878 593011 60683 812517 728087 71487 472515 581512 654951 726087 672576 225581 392821 510590 760989 502016 331617 452971 350033 315239 800489 762840 418687 421124 613208 296194 678256 879359 818686 550548 421097 439502 533847 880170 255249 358161
838549 254884 615373 662786 1016277 829807 632072 749619 720791 933866 434179 1073678 325620 972980 690907 156415 593419 660524 193810 999999999 783189 442336 710166 794711 871892 879759 472240 707421 1045050 288828 122903 412497 323912 730077 265951 721511 504051 542212 694512 524050 976098 492692 1000922 1132786 516527 357391 209764 369653 548060 631626 848570 403741 84788 671311 316882 622305 793920 553055 300264 304815 738048 401328 449236 591238 660609 762463 203937 990755 918923 163818 616134 740964 845279 916937 865356 195047 551381 703727 949852 664095 515341 500632 338337 493241 972880 954373 496634 549021 749915 481374 872063 1053619 1007861 669063 577056 633284 671189 1066213 377231 466213
72953 742909 559624 177830 766801 708508 1010915 511467 641036 799036 698255 920869 462887 909321 332553 639871 886344 812908 636157 783189 999999999 365077 659415 205281 214321 928206 411110 84472 277115 497143 689477 432358 627835 53255 899730 539817 390048 1054772 599938 964449 370445 707357 311935 965456 290807 582100 606050 659785 771496 435472 100263 813306 759644 511410 577850 850281 662586 877568 563101 537824 158520 1020790 848265 1080906 849723 143122 593303 309518 659671 626212 167057 86398 374454 416021 582410 633676 245237 512318 398181 774947 354310 1003219 965977 345844 896451 451144 357625 240480 938021 384994 519374 939050 744481 166499 216155 448902 884661 829894 770689 848713
431436 488063 534521 221551 890990 755863 850661 588419 652484 865970 535005 1009153 120988 951359 436256 324586 749947 733019 346003 442336 365077 999999999 658280 452381 514251 915889 106123 282052 641128 193939 375470 78988 413175 315403 620490 588259 118412 839910 610422 771842 655085 572566 640540 1064572 76612 387748 246223 468568 648053 458216 449640 610667 441054 537586 216739 739252 707784 725123 326141 296371 380724 758322 657060 878060 757573 396681 288083 633601 776583 306631 209338 350416 573512 641664 701330 272279 201380 559372 653002 709505 286962 787983 695795 248643 943696 682888 78879 126788 858380 281793 669508 1009539 873794 228690 209705 468833 785849 953182 565466 664989
649998 477341 123773 713911 311230 119651 447488 172562 25785 226477 293580 370742 616138 294147 328121 581566 321827 194653 527008 710166 659415 658280 999999999 486649 544330 271789 764317 654609 756663 549313 592184 721077 386559 629729 600433 129408 774230 567995 59555 464373 521883 242560 616726 429647 658367 359822 705193 343374 238271 227954 631751 397788 630465 148020 788637 261182 89691 341129 433006 445762 503796 638099 392305 567331 236133 525383 552080 603598 233354 588331 588041 573018 372569 408861 217263 727394 505959 151223 463195 150812 378307 531306 619138 414167 287867 422685 729133 616488 297186 376900 273028 360259 306856 708499 523442 214403 270491 356865 387060 378838
170272 688171 407141 344721 562134 517705 883845 323834 465112 601216 595185 718206 510624 714238 167297 639463 754279 660295 617479 794711 205281 452381 486649 999999999 79698 746374 532549 247908 289750 510955 682677 530668 562727 204479 849359 359388 521193 954620 427830 856298 202859 588624 206321 761470 395857 512952 656865 576721 641280 283270 147383 720655 750528 343206 665592 708768 474435 753769 522251 504796 73106 951989 746580 972878 700050 68059 591302 196045 456683 630893 254159 134987 169187 215730 380702 685968 260037 335437 209298 618820 287572 905697 905303 302724 700548 253842 478645 333912 778917 323666 315090 738496 539644 334364 244210 294933 735878 624995 683193 742946
155629 767780 474939 378800 580850 561807 954518 375228 521358 635881 671651 742661 581322 751436 238852 717170 824379 724851 696361 871892 214321 514251 544330 79698 999999999 795411 586690 278298 216581 586486 761013 591129 642226 232539 928951 415131 572150 1030105 486922 930845 156774 662693 129926 781588 452012 592419 728371 655282 712569 354062 125410 797818 829181 406217 729976 776580 521719 825798 601789 584036 137000 1030706 822521 1047074 765321 117692 668936 121067 483224 708121 308250 171366 191354 212248 412061 757422 330232 394092 185931 682447 367107 981682 984517 381254 736843 242767 532099 391016 840036 403215 340378 767392 557580 367713 311050 364837 801191 641652 761012 818311
913906 625734 388838 985208 344170 236600 386534 422576 287749 211532 448960 264962 858307 138265 595678 780081 319562 219286 722252 879759 928206 915889 271789 746374 795411 999999999 1020870 926176 998951 782864 776073 972628 578512 900412 697116 389025 1033666 547872 330108 464194 741322 391342 847240 312052 923241 570139 924040 520660 331792 499706 893473 491948 795127 418520 1021408 268407 273708 360370 648201 668410 770964 677549 459278 523390 225404 791040 761950 834624 358252 791447 859419 841959 609738 625630 401299 942039 775595 415933 679149 220488 644814 533823 684905 678861 150449 625720 989867 884633 170869 638809 475585 222119 358515 979973 794142 486169 228226 342129 506814 440988
482557 563619 640548 240822 994675 861847 940686 692552 758606 971820 630351 1114762 189469 1057476 535217 382438 845229 834909 415663 472240 411110 106123 764317 532549 586690 1020870 999999999 327019 686801 273468 430308 63971 503092 368019 682100 693605 32101 918111 716538 856587 734748 671037 707892 1169959 136985 482837 262823 561096 746579 563296 505292 696568 489036 643261 183541 837967 813706 818325 415492 386643 459514 823137 744361 958719 858096 471404 355126 702364 880054 363238 279180 416598 666017 731925 804078 281786 296597 664555 738630 812720 392498 866978 759078 354336 1049819 772976 54684 198928 959180 387916 769396 1115519 977076 251075 298823 574140 885392 1057188 652009 753660
155602 684475 545610 100571 795299 716770 976206 521061 638734 813915 657808 942745 384153 919905 338194 568214 855332 793334 569125 707421 84472 282052 654609 247908 278298 926176 327019 999999999 361517 424833 618637 348065 575019 45761 838032 543192 306709 1008395 596078 922083 434505 673249 388220 990478 206989 531896 525128 612536 741324 426755 179599 766779 688522 507872 493640 824347 669178 842879 504098 477144 183028 963668 804711 1037413 828032 179871 522791 384410 684261 553584 97419 112992 412357 463623 605543 552358 189386 514158 453950 757913 315385 956297 906763 298841 908101 501588 273320 159755 920547 341372 548924 956857 773891 89429 160621 440336 862039 859126 722911 806776
210145 968840 691441 448224 749110 762748 1171080 585207 732921 824854 884739 915265 732743 941763 454872 895267 1040959 940264 882634 1045050 277115 641128 756663 289750 216581 998951 686801 361517 999999999 756243 942534 709460 845332 325738 1129728 627278 664188 1244360 700400 1145960 274117 878098 162140 946527 567678 796105 878408 863731 929033 570457 196590 1009700 1012318 621763 854900 992946 726274 1042128 795865 774794 319292 1237921 1036266 1262456 980965 292189 847326 172546 665996 883654 436191 304088 389429 381228 603308 906584 493941 607959 333445 897532 564553 1195351 1189054 570891 926216 394975 633935 515137 1053496 600147 528495 946136 725514 437336 468002 581358 1016816 804651 971498 1032696
550313 294353 430629 395087 824624 661151 667827 529577 550477 772374 363583 917804 84626 840851 427618 143391 576658 581544 153312 288828 497143 193939 549313 510955 586486 782864 273468 424833 756243 999999999 194063 212100 231653 443890 428905 514335 298146 647380 513307 583234 700228 409771 716195 975983 254120 218795 165436 291457 484369 398091 559807 423101 263739 460763 239968 575249 616630 547656 145010 118404 451124 565177 470986 686696 599814 474873 99226 706544 715413 129079 330526 452167 582063 654389 648943 192412 262593 489674 680755 565707 247099 595735 503247 217092 836015 694039 269084 271385 700798 219093 637580 909559 811290 399293 288282 404214 624205 882457 378596 480568
739794 168130 493930 587213 895950 711612 567075 626773 601635 817343 327134 958781 254543 862085 571386 51308 507984 558266 71026 122903 689477 375470 592184 682677 761013 776073 430308 618637 942534 194063 999999999 366600 206009 636263 252383 599061 460093 506269 573930 465847 858948 385100 888918 1017969 443380 235783 193849 257366 447086 509020 747147 323438 70193 548607 313839 528045 674383 470305 177570 183994 629719 394275 372379 551728 563240 655108 96175 878316 797205 68852 523593 639589 725053 796378 742750 196678 449605 580971 830621 557178 398855 458432 329722 379956 861025 833352 442024 465182 657583 363954 749195 940814 886988 591964 476973 510509 578044 946987 288378 387312
501204 500210 597537 273689 963752 822707 879926 660946 717005 933538 572496 1077656 127523 1015111 513441 318523 786898 781804 351940 412497 432358 78988 721077 530668 591129 972628 63971 348065 709460 212100 366600 999999999 443144 384991 618224 658249 93630 854742 675792 794389 733479 615114 716341 1133791 142509 425411 204639 502024 690515 529280 521209 634843 426093 606582 145668 781875 775155 758989 355774 327501 458662 759191 682955 895669 803514 473827 291347 709764 849750 299343 284061 425088 652232 720571 775431 226113 280182 629879 731947 761397 357651 803735 695162 319108 1008167 761798 87042 200764 904717 348114 745866 1076107 947095 282685 288604 539272 829891 1025418 590535 692662
661174 126426 294123 578089 692643 506135 437967 436791 396879 611362 135965 752848 316087 657847 421089 202081 345488 365243 144664 323912 627835 413175 386559 562727 642226 578512 503092 575019 845332 231653 206009 443144 999999999 577854 287018 404002 525670 436905 371353 360337 712100 189098 762142 812039 456368 49894 348380 61380 259758 334133 660259 199219 246344 356856 454544 348588 470040 316008 87623 116951 526440 394561 244216 470555 377402 553780 185043 750203 597367 212938 478681 558838 565163 632925 548203 364516 386046 389615 674176 358062 281495 384473 343739 282427 656234 666298 491719 450269 476878 246798 563732 735495 684697 578967 415228 332128 398468 742305 153820 251814
116264 691591 524946 146314 757415 686260 967579 489551 612664 780904 652390 907270 410479 888712 307403 586625 844428 776027 583244 730077 53255 315403 629729 204479 232539 900412 368019 45761 325738 443890 636263 384991 577854 999999999 847778 514356 349124 1007124 570625 918147 388800 663946 343517 953940 242624 532808 554383 611520 729802 403021 137291 765443 706425 482013 529942 810526 639276 834129 511504 485852 143173 969928 801449 1034272 811896 136790 540092 339394 647528 572958 113971 69846 370931 420090 569164 582207 193418 485898 409014 739229 308018 955359 914588 296845 876467 457574 313758 189550 902287 337244 510299 922884 735688 135188 164172 416592 846443 821071 722378 802474
939682 161213 545184 821705 909187 713683 385651 698034 618863 802014 309965 927950 501220 812225 706890 299744 382048 486103 275628 265951 899730 620490 600433 849359 928951 697116 682100 838032 1129728 428905 252383 618224 287018 847778 999999999 658423 711433 277256 607303 274930 996710 357875 1049129 985005 682971 336912 440848 286631 381465 613041 941270 210010 204288 619183 559844 428722 690115 339859 337028 361932 810437 142259 237840 326911 472027 837577 332410 1037158 831667 318884 740662 837061 846827 912234 797615 437308 654506 650907 956112 505026 565238 238937 77458 560671 816154 943267 690910 694968 543351 529581 826835 898430 906633 825006 683662 608927 471100 947898 213372 256151
525276 515935 113385 611475 310532 175271 564308 46528 106271 280514 350585 421449 568283 378603 207464 577713 435001 317990 529152 721511 539817 588259 129408 359388 415131 389025 693605 543192 627278 514335 599061 658249 404002 514356 658423 999999999 698966 670415 74739 566408 397481 313822 488847 476355 575479 364673 678289 377704 335712 130646 505676 472041 648720 53576 745807 378724 126771 447290 425117 429336 382094 718430 478185 675843 359514 402022 540288 475683 201757 580313 486371 453814 245039 287705 144266 703511 413943 29935 340961 274211 301316 628938 689946 339740 367904 307098 652551 526744 426344 311288 170137 425426 296973 604914 426655 119465 394867 369717 450400 467835
462212 590317 650622 216408 996904 869062 963619 695786 767516 978349 650836 1120414 215280 1066401 533762 411690 865871 851359 443182 504051 390048 118412 774230 521193 572150 1033666 32101 306709 664188 298146 460093 93630 525670 349124 711433 698966 999999999 944568 725024 881248 722370 689876 691174 1175000 130061 503282 294768 582760 765417 568350 486008 720747 519680 649540 214348 856720 820657 839914 438077 408821 448097 852121 768133 984586 875634 458365 382869 686123 882124 392579 267034 401131 659909 724403 805382 313879 294674 669612 728810 827907 399078 893209 788243 361499 1058307 765260 46748 190415 976525 397333 768016 1122558 978804 227061 293740 579632 903623 1059811 675939 776972
1079230 354534 571416 1014989 839561 654317 163977 716451 592577 711730 360438 808537 729288 682427 791849 545091 252154 388849 503452 542212 1054772 839910 567995 954620 1030105 547872 918111 1008395 1244360 647380 506269 854742 436905 1007124 277256 670415 944568 999999999 600908 104109 1058458 368993 1134059 859033 890274 476922 700118 395924 334790 679220 1073416 241734 473458 649908 820097 316180 649538 226953 518361 548162 934738 167792 208459 50357 354743 961929 564111 1121106 793059 564145 913314 979345 902193 955384 785196 701370 819050 675365 1006678 426750 700656 52439 214224 710589 691489 977323 916364 887089 377027 669960 835971 768873 844272 1015849 847792 670147 333123 861457 285551 211796
590570 473421 83069 657175 322033 148248 490557 120667 43501 259718 297338 405090 575703 341439 268573 558504 361846 243251 506207 694512 599938 610422 59555 427830 486922 330108 716538 596078 700400 513307 573930 675792 371353 570625 607303 74739 725024 600908 999999999 496799 472019 253748 563438 462901 606578 338397 673151 335826 266396 170011 572531 412594 617639 88651 750711 304574 103562 376017 406968 416275 444242 657530 414061 604390 284776 465873 525430 550267 227575 563517 531279 513544 319752 361370 191770 696654 451226 92873 415000 199486 326764 561010 633083 363674 333334 378908 679412 562683 353212 328688 235152 400494 313392 651505 467621 156574 320133 374602 395527 402458
985600 301461 468381 935141 741028 553279 110721 612497 488814 615545 266332 719296 667172 594709 692136 497717 153500 289116 449455 524050 964449 771842 464373 856298 930845 464194 856587 922083 1145960 583234 465847 794389 360337 918147 274930 566408 881248 104109 496799 999999999 955527 268251 1032676 771832 816685 394999 657040 311938 230727 578458 978490 161300 446612 546627 775611 216891 546802 123982 446023 475950 839428 215345 117764 117000 257734 866420 508879 1019672 690870 515910 828575 886955 799284 851750 681468 662361 733442 571696 903263 325238 610304 71156 235680 623262 602512 873385 849783 808349 295847 581296 731870 681925 744794 935228 761675 568979 240515 765699 206668 115737
307420 838189 487146 534804 475115 505312 961190 351362 496482 556337 712573 641381 708279 673090 291610 819687 831276 714870 790433 976098 370445 655085 521883 202859 156774 741322 734748 434505 274117 700228 858948 733479 712100 388800 996710 397481 722370 1058458 472019 955527 999999999 690996 112187 672483 598336 662819 852810 712289 727088 387039 276532 840352 923926 409175 867370 776102 474795 840587 688429 675906 275470 1083181 856789 1068278 756471 264081 772379 101630 396154 813368 455717 325076 156266 115940 340224 881865 460115 386259 62310 670934 460764 1013612 1043883 484602 657128 121475 680594 536468 816399 495098 265740 673128 451535 523808 446229 393578 791535 530595 809149 849382
722959 244207 206280 700538 552079 356970 303656 357776 261412 451041 58517 585373 491556 480547 423920 389225 183367 176153 331330 492692 707357 572566 242560 588624 662693 391342 671037 673249 878098 409771 385100 615114 189098 663946 357875 313822 689876 368993 253748 268251 690996 999999999 765067 644058 600710 190992 537356 129610 75554 310352 714076 158931 408982 285218 641348 166930 332246 170233 266800 291443 574929 404783 166258 384399 190223 601566 374087 752113 474470 401279 584593 626732 534884 591165 445519 553580 489422 313364 641017 172130 357869 322800 379452 378114 480992 616090 651034 579378 291046 334128 483803 562378 548944 698825 515806 301156 214846 593233 144503 158410
240750 888391 567142 487668 587297 610663 1046852 444214 591945 666659 780077 753568 710902 783553 345938 845777 916339 806427 823362 1000922 311935 640540 616726 206321 129926 847240 707892 388220 162140 716195 888918 716341 762142 343517 1049129 488847 691174 1134059 563438 1032676 112187 765067 999999999 784403 575507 712254 858055 770474 808136 455043 211716 907602 956586 492142 856966 864102 577265 922087 726693 710198 266755 1145439 928618 1147490 847804 246052 797605 13187 506883 837106 432317 291764 244157 223116 447703 887087 459952 473436 172739 762828 492449 1087227 1101820 508970 767745 233502 653217 515598 913522 528392 372722 785144 563720 476321 440134 463912 883357 642534 873075 922862
928459 888264 545357 1071326 200739 314835 698503 481115 425814 203752 701722 59191 1038107 177123 657981 1010198 621901 499784 954788 1132786 965456 1064572 429647 761470 781588 312052 1169959 990478 946527 975983 1017969 1133791 812039 953940 985005 476355 1175000 859033 462901 771832 672483 644058 784403 999999999 1050199 788686 1134220 763133 604418 606771 901400 775156 1050640 527272 1213586 563725 360259 660162 862608 875225 811214 981847 750640 835427 519964 822658 981663 774113 306412 1017536 949991 885981 594530 573080 384945 1156805 886436 505477 614829 480698 777610 842392 982784 815970 170146 552638 1128476 998977 482563 785818 446380 90160 224064 1063391 896004 595819 531726 141890 779994 733051
358881 543262 535881 146260 869358 747854 889264 569641 649676 855827 568947 996450 191759 947647 404290 392103 781990 752172 407342 516527 290807 76612 658367 395857 452012 923241 136985 206989 567678 254120 443380 142509 456368 242624 682971 575479 130061 890274 606578 816685 598336 600710 575507 1050199 999999999 424590 322771 507508 675336 445005 378702 655572 510687 527638 287347 765455 699165 760386 372070 342185 322915 818255 700073 926157 779884 335715 352186 569347 754547 374971 143763 283783 530238 595422 677269 348890 165606 545805 601645 724985 280102 837967 756918 244575 938790 636406 84401 61983 879473 284693 638407 1000556 850862 152790 163685 456875 810092 932559 610166 706413
613595 176228 258157 540183 660416 478415 464790 394981 367502 586187 147573 729577 300804 640301 371582 221744 362593 363655 167927 357391 582100 387748 359822 512952 592419 570139 482837 531896 796105 218795 235783 425411 49894 532808 336912 364673 503282 476922 338397 394999 662819 190992 712254 788686 424590 999999999 354359 83287 265818 287242 612008 236004 284303 315602 452718 356956 439640 337469 78064 100578 477462 442728 277384 508008 381032 504840 194515 700322 561571 228920 436427 511502 516773 585099 508835 373653 342521 348283 625611 350557 233019 424674 393001 236256 637485 619048 466625 413403 482003 198916 520522 715078 651241 540410 371468 286026 405609 712243 191426 282471
668421 355947 590095 467145 988006 819914 755097 694707 708507 930487 483770 1075586 147352 992650 589312 160000 684322 713392 213690 209764 606050 246223 705193 656865 728371 924040 262823 525128 878408 165436 193849 204639 348380 554383 440848 678289 294768 700118 673151 657040 852810 537356 858055 1134220 322771 354359 999999999 409088 607706 563498 683157 507983 238080 624784 120023 695071 776713 649565 276567 259873 591373 582992 557564 745461 725495 612448 163360 849431 879772 142911 442237 578229 742469 814564 814108 29105 398139 654219 837875 703861 409706 652150 518132 377000 988971 854764 290607 365729 824247 383591 802843 1064721 975204 474665 418623 569489 745250 1044976 468551 570994
687703 138355 264714 623213 653335 462747 382431 414736 356481 564776 74737 704027 375513 604902 425178 259619 285203 305503 201728 369653 659785 468568 343374 576721 655282 520660 561096 612536 863731 291457 257366 502024 61380 611520 286631 377704 582760 395924 335826 311938 712289 129610 770474 763133 507508 83287 409088 999999999 198664 326835 684227 154244 288023 335013 515913 287214 429985 257239 146495 174561 547382 375476 194232 425603 316420 574813 245748 758125 563397 271764 517846 586466 560895 625701 520333 424528 423256 367310 670135 300689 306834 343957 331959 314770 604139 656648 547392 496627 415627 274822 543383 684409 646997 623297 451917 322389 337120 700231 110904 199198
782966 293973 241076 772373 534443 339879 242690 381871 261507 421377 123941 546920 566601 434110 474406 456001 114890 112506 398269 548060 771496 648053 238271 641280 712569 331792 746579 741324 929033 484369 447086 690515 259758 729802 381465 335712 765417 334790 266396 230727 727088 75554 808136 604418 675336 265818 607706 198664 999999999 358588 772239 171534 463380 317970 713956 91396 324971 113953 340569 365967 633637 401576 155980 341263 117809 659684 444393 795026 470131 469224 654630 689175 571118 621701 453572 622699 559962 341768 673688 123757 426645 294766 388119 449166 436780 642754 726474 652592 217287 405031 501548 519076 534516 770295 585646 347755 139836 568938 177118 141301
433930 457693 125803 487469 435172 303526 600865 133291 213227 410822 326343 552079 444740 505380 116010 480143 471081 380746 437994 631626 435472 458216 227954 283270 354062 499706 563296 426755 570457 398091 509020 529280 334133 403021 613041 130646 568350 679220 170011 578458 387039 310352 455043 606771 445005 287242 563498 326835 358588 999999999 419595 454208 566347 83946 622666 425948 254732 471737 331450 328709 284395 696151 473631 694074 419381 308528 438180 442157 322191 479626 361622 349373 234110 299499 251759 590053 284664 101294 343312 341043 171660 632186 657416 210202 495603 332184 521915 397238 503653 185350 242319 555587 419438 481648 299128 13591 455009 496304 422147 467845
30888 781297 545286 277187 700931 665037 1014615 471054 610857 747043 713181 860331 536911 860793 306218 699419 886618 800076 688527 848570 100263 449640 631751 147383 125410 893473 505292 179599 196590 559807 747147 521209 660259 137291 941270 505676 486008 1073416 572531 978490 276532 714076 211716 901400 378702 612008 683157 684227 772239 419595 999999999 834472 817102 486254 665516 844689 621804 882581 605208 582779 139173 1054691 865075 1095490 838959 112604 651622 209579 599232 687510 241746 107702 307067 336623 524944 711539 297832 480844 311104 759620 378992 1023003 1003325 380607 846894 368111 451049 322879 921166 413472 456402 882577 677929 265826 271526 432203 874603 762680 794077 863398
839235 155427 362240 775783 702742 507274 247996 515269 418205 592625 127871 717985 507392 603084 562094 348066 189770 277205 295802 403741 813306 610667 397788 720655 797818 491948 696568 766779 1009700 423101 323438 634843 199219 765443 210010 472041 720747 241734 412594 161300 840352 158931 907602 775156 655572 236004 507983 154244 171534 454208 834472 999999999 320173 440499 624321 224938 487126 149384 284736 314656 696448 246524 49600 272105 266772 723789 353384 894903 630986 365181 671979 738710 685254 744702 604348 516478 577486 469937 793032 295017 459480 189931 221411 468856 606622 771404 688732 648467 348425 428367 642165 688938 701413 776216 606160 446914 271347 739432 45407 63898
809920 170105 540187 655337 938527 750073 552956 679174 642134 852799 350520 991607 320171 889501 634700 120366 509585 575865 133630 84788 759644 441054 630465 750528 829181 795127 489036 688522 1012318 263739 70193 426093 246344 706425 204288 648720 519680 473458 617639 446612 923926 408982 956586 1050640 510687 284303 238080 288023 463380 566347 817102 320173 999999999 599902 356096 537617 715525 469557 237110 248055 698714 345774 366473 521221 575827 724290 166358 945825 843640 136080 593670 709590 787209 857963 792962 233128 519676 632571 893803 579979 465193 428950 281007 447928 889684 894166 504737 534371 665426 429818 803902 970692 930905 660357 547115 566796 586594 987150 292618 383133
503426 472401 78976 570994 364074 220235 554744 80066 130869 328809 315448 471572 515057 421518 180851 525946 424265 318637 478327 671311 511410 537586 148020 343206 406217 418520 643261 507872 621763 460763 548607 606582 356856 482013 619183 53576 649540 649908 88651 546627 409175 285218 492142 527272 527638 315602 624784 335013 317970 83946 486254 440499 599902 999999999 692466 372487 171527 431643 373547 376832 356217 686790 451411 659106 359210 378346 487823 478972 255083 528097 445229 425012 253149 306138 194297 650078 368420 32760 356807 276327 250780 606092 654809 288954 411894 331082 603328 480844 435712 258925 208384 473166 350534 565003 383070 71189 395068 423011 415192 442661
646206 474176 668625 417867 1056040 898912 872091 755934 788931 1010339 590454 1155767 177929 1080734 627480 277894 796443 816066 328566 316882 577850 216739 788637 665592 729976 1021408 183541 493640 854900 239968 313839 145668 454544 529942 559844 745807 214348 820097 750711 775611 867370 641348 856966 1213586 287347 452718 120023 515913 713956 622666 665516 624321 356096 692466 999999999 803128 853494 763103 375107 353155 595110 701760 673908 865300 831210 612286 273052 849826 944423 259823 426050 567154 774294 844739 874085 123703 407816 719442 860949 802889 456216 771986 636932 419256 1075754 885811 227757 343196 931231 437386 853480 1148723 1041355 427241 421387 630684 853003 1115477 583638 686698
857329 367661 301837 859348 524199 338372 186463 425076 286812 399123 212794 508946 657759 387750 541572 540861 64026 72671 483593 622305 850281 739252 261182 708768 776580 268407 837967 824347 992946 575249 528045 781875 348588 810526 428722 378724 856720 316180 304574 216891 776102 166930 864102 563725 765455 356956 695071 287214 91396 425948 844689 224938 537617 372487 803128 999999999 336561 97005 431021 456863 707411 419074 190902 309057 43895 732687 532118 850918 478235 554975 739897 766494 622249 665934 476718 708967 645967 391003 719551 112489 511488 287737 419580 536003 393583 682424 817594 741180 129735 491901 534126 474988 528309 856878 670881 413931 50255 549320 245139 172647
