NAME : synthetic_000445
TYPE : CTSP-D
DIMENSION : 100
GROUPS : 8
RELAXATION_LEVEL : 1
EDGE_WEIGHT_TYPE : EXPLICIT
EDGE_WEIGHT_FORMAT : FULL_MATRIX
EDGE_WEIGHT_SECTION
999999999 662335 548638 166665 545907 731576 265219 622107 56146 346313 904164 183437 568955 291534 811528 317605 773225 214439 442046 837396 389705 649494 750522 699544 915219 154137 865013 671443 410670 628536 528055 674668 488139 424108 597948 296631 1027522 68482 229912 732181 195616 596940 394362 751090 865210 937401 918419 931971 429789 774794 470655 500934 196611 606499 785166 749202 228720 539878 618255 707859 835809 697287 630631 890733 274692 1002410 557247 507654 699994 475660 601454 107734 857031 746078 584853 643505 713016 532897 753661 129213 867884 632459 174251 1195455 251864 675317 1081467 363424 147348 214203 921176 685735 354420 298635 624013 811356 121305 893179 495846 754237
662335 999999999 208910 727862 152317 607932 513870 234085 674123 317059 348887 534160 389005 637023 279773 629521 298610 510040 602092 467402 384961 360350 104811 69972 268645 616831 363012 650155 403278 508404 156945 668244 468021 378845 241306 552008 372411 597826 641394 190103 586523 671550 640771 178219 460780 288528 297812 366791 449347 356379 570649 204731 694329 528394 217618 130336 568861 435929 577997 509847 202305 619597 737117 349415 422752 404324 107853 483334 335949 217831 223626 695644 379982 245714 488863 102278 606872 256161 176231 618067 213945 464697 567379 597369 594985 257273 477759 457896 566841 457769 394567 366487 508738 365490 441101 442302 614754 245621 349231 418681
548638 208910 999999999 573252 247031 733011 342053 83919 544692 251724 356362 472506 186590 616525 263781 440416 233495 356933 636057 646815 196291 186932 311648 196968 465754 551630 325120 749592 437624 618951 230199 765289 259266 180405 376311 538665 556667 494342 469319 388128 535537 744341 440820 207689 647838 409842 503888 575452 245248 538502 362971 269182 530454 628429 238130 339120 529800 525040 673745 645477 408214 732401 807848 344188 277035 611955 139140 274444 196891 259347 60347 553390 323955 198957 587562 125208 726686 47286 211071 544366 351476 270973 415048 802743 419168 139199 683672 471674 423960 334761 378210 208958 315151 291609 560655 323640 538181 443198 425821 584231
166665 727862 573252 999999999 636915 888381 234709 632632 111133 432071 913555 335149 537810 458180 823003 208879 774710 219134 606497 971794 383959 626778 825722 751220 993115 320205 862825 833552 551409 780671 616225 837704 434799 411850 712688 458201 1100195 213646 124873 830955 359521 761954 280455 780868 995978 981083 1007123 1036332 388141 898552 382906 600186 57598 761439 809336 832432 391213 686456 777114 856498 917998 856448 796995 897122 305673 1100053 620020 448635 685855 573428 615760 59358 849004 758061 736501 686379 870556 544943 784311 295036 917626 581053 160888 1296232 172728 679940 1178831 512509 162837 276894 920822 662974 299159 391348 768694 781027 286594 970305 629255 888801
545907 152317 247031 636915 999999999 490035 450480 311745 566789 205238 494439 398455 428924 487649 416982 579186 421521 429827 450515 408704 354750 431970 211420 217854 370803 479611 498127 517343 250962 380123 22671 534433 474503 363069 129623 402487 484878 478437 570181 194963 445338 528244 608134 318645 415818 437581 373189 401420 437395 305784 563951 53550 612757 394585 359739 203946 424634 295556 442697 399492 290336 493789 593670 492370 345863 463144 112594 494811 428600 72711 292247 596301 510171 370554 353831 211362 485369 286865 317840 484037 362265 516506 482275 659378 530198 354293 541975 306142 474329 360025 536316 449419 472262 249492 317774 549413 481990 349340 202200 340448
731576 607932 733011 888381 490035 999999999 808874 801697 781235 564290 950231 553236 904963 470585 887500 937537 903719 759464 309185 261710 782407 919787 589078 676992 649428 583976 970822 103790 356367 119560 504002 119139 923197 804290 368832 436272 743827 675052 886881 462465 538369 199470 993253 785885 303306 825967 594020 512738 871829 317520 990229 464193 895535 128265 824325 549105 504140 223376 115982 101818 587570 48269 235716 953729 708116 594495 602627 946286 918618 477360 781787 830500 987723 851175 160916 694363 21042 767767 783628 606491 759371 995092 786003 717110 868773 843692 649768 379003 761155 672289 999363 938940 870774 570168 172483 1038350 612729 641563 317567 231347
265219 513870 342053 234709 450480 808874 999999999 398149 236585 263471 678873 310341 311141 477472 588310 132925 540328 60750 582089 831606 149404 397230 616316 528035 782445 353401 629077 779840 452510 691050 428066 789119 222989 177434 551725 435231 884384 243571 128385 643793 367875 731425 184974 548775 848331 751757 805205 849837 165896 742400 217804 426418 188623 681858 575893 629593 385231 587837 711115 752980 712156 787652 781514 662550 107968 905068 408006 242479 453921 400225 381761 226993 616288 523430 648153 460103 794592 311119 552414 333072 691193 368247 92595 1101668 81307 445249 982341 439304 117948 139248 686936 433717 91274 242182 659749 555827 323573 759424 506392 752003
622107 234085 83919 632632 311745 801697 398149 999999999 613931 335545 283262 554844 165435 700360 191234 480315 152422 421851 718333 695419 248746 126749 325666 196198 461952 633112 244615 824005 518587 690223 298100 840228 267204 223456 437720 622579 539888 570754 521452 423612 618306 823037 467824 161234 692068 368569 510089 594335 272668 585050 374083 341638 586011 701938 180692 360463 613247 599584 748393 710734 416630 803983 887075 268865 347750 619971 199196 275945 117846 335160 23581 618168 241280 125768 660978 132520 796627 89526 165785 624957 321455 231970 478608 803677 470186 55697 686801 554528 490980 409964 299549 138355 354788 374718 629309 242931 618465 440634 501086 638830
56146 674123 544692 111133 566789 781235 236585 613931 999999999 362926 897149 229020 546611 347220 804832 270250 762963 194486 495780 877049 373022 630509 766380 706428 932657 209073 853949 723840 452069 675839 547682 727594 458114 405937 628750 348452 1043303 107208 180601 757053 248817 651086 347063 750422 903373 942417 939951 959583 402431 809872 430723 524824 141369 655138 782711 768105 281012 584414 668882 753616 854625 748117 685866 882650 267659 1027555 567282 476184 684135 498749 594406 51855 843995 739223 631867 646852 763030 524413 753312 183906 874829 604384 144120 1222119 209140 665529 1106649 408675 124183 217141 910943 666988 321512 317302 667836 790880 175507 910265 534245 793827
346313 317059 251724 432071 205238 564290 263471 335545 362926 999999999 596537 227158 370041 364815 506020 396321 483783 231415 398786 568138 219728 415910 404440 359936 570010 309297 574248 553042 218243 444741 185252 565611 363170 245291 290007 288030 681529 280929 373038 398885 287341 526044 439616 427927 585341 598423 577652 604493 308687 480525 426009 169272 410308 442144 466272 405181 278892 341002 479123 497987 491701 550215 585443 587349 155574 668244 214890 386863 443057 142391 312018 391121 575070 444268 404518 312888 552496 260909 429493 306582 526546 458765 280091 864227 338226 390920 747141 233600 269913 155492 624867 446095 309869 48505 404605 569204 302109 547740 250151 488674
904164 348887 356362 913555 494439 950231 678873 283262 897149 596537 999999999 822962 397467 954491 92654 748323 141285 704987 942782 773044 530013 309402 366536 279151 399784 903960 76354 998060 740470 855682 492316 1016349 513658 501851 588821 872021 415791 850698 798818 496816 883876 1020115 722171 176574 754443 201063 470203 581881 538237 666837 613307 542283 865059 876820 135390 409313 874022 784706 926559 849856 407576 965350 1085689 22120 630484 567269 401766 513088 244336 547919 302945 901049 107771 158115 837544 291836 950908 372749 176900 898342 222212 408614 761431 707412 747375 233627 609116 788698 774232 690808 54887 280113 626155 641030 787514 232549 892593 388485 695929 743099
183437 534160 472506 335149 398455 553236 310341 554844 229020 227158 822962 999999999 552382 168763 731845 417062 706001 250092 281827 655181 371872 616506 609585 583521 767915 82864 797500 501098 228258 446819 384511 506614 505033 406581 427805 130342 882717 122055 348399 571380 65151 436746 486332 655078 684015 820701 762245 764219 442955 596916 526203 347881 345496 426501 693385 601063 74988 356509 442330 524980 686455 521682 480148 813158 250109 838561 438377 528205 653983 325747 531768 277399 796087 669069 402853 539771 535426 472460 656619 85784 747313 632475 253188 1028041 344068 610529 917098 180154 223451 182385 849580 650141 396478 181971 440579 776758 84791 746953 315672 572166
568955 389005 186590 537810 428924 904963 311141 165435 546611 370041 397467 552382 999999999 715201 316823 354823 256892 354714 768646 832886 183534 90831 486747 359988 627329 620009 335270 911093 583250 787879 410082 925406 116194 148023 558474 648182 704078 532033 415935 573477 617432 893544 324705 320258 834400 523402 674269 754649 149758 724962 218363 442778 484499 793127 330174 518694 621621 688977 835471 822216 580002 899760 954284 377915 307612 783963 325121 117370 154564 427719 167998 537586 316710 260946 752938 292135 896822 142506 325161 605851 483177 90476 402704 968948 365603 181941 851766 603641 423902 378061 393102 125990 239375 392966 734076 244703 597648 605918 590083 768683
291534 637023 616525 458180 487649 470585 477472 700360 347220 364815 954491 168763 715201 999999999 866149 576564 847798 416825 162664 635262 537554 773991 694030 695775 837711 139116 937417 394678 250117 387899 480161 394669 673132 571629 472019 85163 952995 256916 500237 626567 110298 310926 648719 780697 670846 924848 818049 796421 611147 604502 694313 434105 483151 357660 820867 676001 94672 327741 354651 473302 755979 429777 339726 947094 417738 877385 555674 696442 806295 419192 676832 399063 939401 806404 349455 663908 450294 623589 781456 164354 849654 797644 412475 1054694 503822 755710 952866 187347 381333 350999 986381 806243 564796 328243 408290 931432 173509 818974 336412 557086
811528 279773 263781 823003 416982 887500 588310 191234 804832 506020 92654 731845 316823 866149 999999999 662306 64584 613081 860857 728487 439103 233430 319488 210522 390784 812489 83349 928854 658067 787696 412435 946708 432217 411893 520853 784438 432095 758089 709680 447067 793262 945123 640261 101616 714168 224569 456147 561903 452077 619253 534949 462124 775309 806583 65027 362658 784252 711139 855839 788801 379697 899282 1010593 81337 537967 560906 317746 433996 170374 465422 210465 809382 104102 65610 766562 208099 886632 280566 103968 806484 213458 341394 669802 719665 658250 143818 612791 703958 682125 598155 121063 209675 538734 549875 720747 203761 800627 375086 619172 690379
317605 629521 440416 208879 579186 937537 132925 480315 270250 396321 748323 417062 354823 576564 662306 999999999 607062 178165 697017 964412 246040 445648 733706 634947 897453 442225 689478 903786 581532 820595 556594 912058 241954 260650 683818 546634 994755 323364 90390 770599 466599 849729 76868 639333 980777 846331 925148 975654 210261 874379 174821 557740 151322 809872 660977 750493 489604 717975 836985 884375 830720 914490 896341 729804 240751 1027578 526943 251077 508857 531820 468413 235453 671531 600335 777281 564292 922650 401510 643500 418699 791457 382763 164387 1223528 73032 519195 1103855 563506 195274 265252 747502 480312 125964 374364 791345 589957 408928 874474 638528 884916
773225 298610 233495 774710 421521 903719 540328 152422 762963 483783 141285 706001 256892 847798 64584 607062 999999999 569387 854532 760362 392435 170786 355667 233770 444742 784926 92201 938388 652200 799271 413595 955696 372974 362916 534943 768154 493016 722882 658637 478332 768950 947963 581474 131528 749036 288315 507306 609364 397038 649865 474014 461964 725338 815634 109756 397902 762554 717016 864083 807126 425653 912204 1013048 123025 498548 614182 314446 373327 106648 461518 174771 764363 92015 52896 775039 210605 901380 240537 135719 777147 271278 277041 624857 778345 607224 97937 669292 693770 639245 561962 148046 145420 485213 524928 734040 152063 770736 427601 621833 716480
214439 510040 356933 219134 429827 759464 60750 421851 194486 231415 704987 250092 354714 416825 613081 178165 569387 999999999 524189 796169 178536 436751 609500 532087 776792 293009 659996 726293 403694 642802 408066 734936 276649 211660 521261 376131 882430 185491 141630 624745 307148 674890 239839 564481 815208 762684 794266 831237 216645 711530 278472 399708 184966 631731 594622 618717 324871 540548 658970 707927 703305 736358 723762 689905 87330 890660 402377 297494 489683 372937 403247 196698 649617 547558 599359 467512 744503 332621 567728 273076 698616 418895 58501 1087405 110570 472346 968846 385741 70306 87379 717213 473168 150722 201571 615273 597926 263659 753876 463795 715191
442046 602092 636057 606497 450515 309185 582089 718333 495780 398786 942782 281827 768646 162664 860857 697017 854532 524189 999999999 496234 606374 812198 636204 668337 759589 288474 938740 232570 202818 237693 450651 233746 749591 636858 392960 151558 872008 395446 630224 544543 246988 155771 763718 766221 534737 879291 727956 687646 689895 484803 790210 400712 624101 204019 807428 609658 215827 206214 193766 322757 680638 267362 199587 939060 500439 771488 543189 773536 832753 395450 695074 547199 946200 807504 205666 652808 288634 654674 765917 312973 804380 856753 534217 936218 624310 770990 842868 165683 505007 444363 981707 840487 661255 378893 273381 959609 320744 743584 258225 424045
837396 467402 646815 971794 408704 261710 831606 695419 877049 568138 773044 655181 832886 635262 728487 964412 760362 796169 496234 999999999 758829 821844 409348 527059 418346 712232 809822 358999 426946 261606 429981 376838 883141 770282 284971 572603 498423 771532 936334 282122 665816 441677 1004071 630913 41957 616655 353755 258057 844204 111025 970408 412788 963417 297654 663491 366078 632438 309021 329545 183664 373673 303780 490418 781368 723672 336331 507809 903514 802905 436702 680624 919664 832548 708129 290652 568161 276357 690512 627410 729394 560381 917438 838011 458006 905288 724238 388289 479540 820522 712351 826342 831817 870033 594744 226988 908274 732681 416010 342956 83226
389705 384961 196291 383959 354750 782407 149404 248746 373022 219728 530013 371872 183534 537554 439103 246040 392435 178536 606374 758829 999999999 259894 489607 389030 652016 437058 482295 772630 437419 662899 332319 784969 144242 35511 473884 475697 748722 349259 274227 537391 436540 742078 257842 400856 769180 605617 682057 739039 89439 659664 212471 346384 337555 661568 426918 508896 443142 559627 698846 711378 586981 769661 799424 514064 124209 786403 285612 168148 311227 323762 232562 371976 471245 374102 623496 318725 771246 162181 404654 422458 547678 260606 232614 981309 223509 296447 861565 445479 248840 194702 539814 296059 123834 228022 618788 422096 414190 629077 465724 684672
649494 360350 186932 626778 431970 919787 397230 126749 630509 415910 309402 616506 90831 773991 233430 445648 170786 436751 812198 821844 259894 999999999 448499 317293 574129 688593 245015 935883 618356 805879 416260 951352 205912 225416 560099 702033 640958 608196 505791 550176 681579 927509 413812 255123 818800 449215 627369 716598 239569 711618 303909 456113 574140 815068 256759 484982 682270 711465 859999 831343 536082 919303 990207 289250 380695 737224 320700 203822 65075 445835 141647 624217 225896 184373 774245 258255 913594 158181 260197 676382 417142 114304 487436 915471 455135 115128 800780 646559 506777 450033 302640 36509 329350 446412 747367 162499 668687 553948 612122 764064
750522 104811 311648 825722 211420 589078 616316 325666 766380 404440 366536 609585 486747 694030 319488 733706 355667 609500 636204 409348 489607 448499 999999999 131472 167400 690980 400480 646516 448490 503815 225355 665466 570851 483624 247174 609158 277093 684272 743188 130283 656627 682834 745582 224337 394791 245971 193069 268669 553844 301137 674365 263667 794349 529508 254629 43273 635257 449503 579423 487612 97494 608559 747551 373299 522219 300331 208329 585374 414619 284046 319027 790877 423589 305035 493007 194651 591650 358619 220412 695008 173594 557565 666063 492615 697580 337900 373060 508474 663589 552169 418682 449181 613418 451888 434550 506717 692705 144591 377985 376615
699544 69972 196968 751220 217854 676992 528035 196198 706428 359936 279151 583521 359988 695775 210522 634947 233770 532087 668337 527059 389030 317293 131472 999999999 270116 666376 293862 720114 467854 578295 218996 738213 451539 376642 311162 611221 360106 637371 656420 245512 638889 741016 637774 108922 517176 238618 314285 399327 442084 416348 557254 268408 713509 598364 147760 170052 623491 505556 647958 578338 220436 689290 806590 279448 446022 424036 145308 464027 283695 278253 192203 723608 311906 181217 558811 71858 676264 241462 106650 665626 168479 427368 590405 610113 607858 206517 492191 520336 593419 489348 324598 317782 510687 408208 510849 381445 661581 247945 417640 483034
915219 268645 465754 993115 370803 649428 782445 461952 932657 570010 399784 767915 627329 837711 390784 897453 444742 776792 759589 418346 652016 574129 167400 270116 999999999 847852 457717 725372 587891 588622 387439 744720 721643 643213 368916 754255 115539 848332 909762 215075 810991 779368 905372 322254 389048 211080 72228 186370 710879 332652 827335 420064 961577 619982 335023 166973 787166 559031 667766 549503 82027 679037 841117 414607 689487 170151 374970 733869 527973 443024 460926 957947 487101 403193 589232 341624 657095 511176 317250 853685 179690 687729 833444 341902 863600 459045 226829 650368 830928 719224 454468 566544 775400 616860 521796 594059 852034 23024 506869 418892
154137 616831 551630 320205 479611 583976 353401 633112 209073 309297 903960 82864 620009 139116 812489 442225 784926 293009 288474 712232 437058 688593 690980 666376 847852 999999999 876736 519245 289963 486601 466300 521761 562643 472419 501040 147994 962941 119376 362981 648149 46860 442945 516107 737133 743532 903546 839911 836983 500675 662204 571098 428301 344036 461674 775168 681263 81280 406027 469196 568910 766147 547589 476798 893732 312959 913087 521211 585004 729025 406937 610285 260899 874337 749219 444023 622143 564792 548964 738752 25281 830104 696447 279795 1100303 370240 688693 991180 232892 248322 242561 929491 723020 443645 263180 490704 850076 34433 827153 380536 630126
865013 363012 325120 862825 498127 970822 629077 244615 853949 574248 76354 797500 335270 937417 83349 689478 92201 659996 938740 809822 482295 245015 400480 293862 457717 876736 999999999 1011540 735966 870625 492555 1029311 450915 451754 603938 856980 484558 815024 745034 529047 860175 1026352 658700 184944 794455 270062 525934 634774 480796 701093 547264 541922 812408 889144 147619 443746 853139 793005 938278 872149 454995 982392 1091743 54352 590323 627307 395885 448258 180737 543824 266852 854204 32018 131706 849003 287566 969884 332595 187312 869166 278028 337512 714908 775678 693767 189996 673814 779871 730034 654078 58166 212816 570020 616114 803845 156302 862803 444076 700115 773118
671443 650155 749592 833552 517343 103790 779840 824005 723840 553042 998060 501098 911093 394678 928854 903786 938388 726293 232570 358999 772630 935883 646516 720114 725372 519245 1011540 999999999 335410 142918 527528 19349 916197 797984 409249 375418 825493 620338 845329 526057 475853 98742 964714 827822 400946 889478 675021 602102 861130 399547 973811 482380 846593 122772 867711 609318 442910 224593 75892 181397 657846 56354 132561 999470 685230 685455 627978 939854 941847 490247 802659 774605 1025752 886822 163539 727799 84906 779686 826116 543188 819651 1001549 745913 816656 832728 870108 744518 340657 718823 640828 1044707 958305 849437 550027 212052 1065227 550437 715272 323789 316063
410670 403278 437624 551409 250962 356367 452510 518587 452069 218243 740470 228258 583250 250117 658067 581532 652200 403694 202818 426946 437419 618356 448490 467854 587891 289963 735966 335410 999999999 239107 249108 347550 581264 463532 222257 168349 703055 345586 534611 376501 245151 310387 636991 563900 455956 686130 568267 552301 525748 372249 639116 199451 550190 229667 605081 427712 214312 137671 262557 307417 506321 336579 372074 736442 352799 631313 340373 605009 634459 192724 495603 496821 743724 604819 195775 450053 342234 460176 563712 304843 610783 673168 433537 814012 513592 570261 708107 63232 410812 316356 778952 644757 516472 215685 217517 761022 307321 569441 91077 343908
628536 508404 618951 780671 380123 119560 691050 690223 675839 444741 855682 446819 787879 387899 787696 820595 799271 642802 237693 261606 662899 805879 503815 578295 588622 486601 870625 142918 239107 999999999 392197 161715 803921 685006 267143 339223 692357 568796 772610 384890 439961 193321 875041 686409 301727 747397 542309 479617 752313 272775 870704 349803 784520 36331 726021 467056 405420 103966 79281 85601 518458 113770 252856 857429 589367 564196 492134 827072 807777 361132 669618 723782 885618 747295 44246 588770 109109 652129 684574 507499 677110 878193 671539 712910 752643 734331 629263 268233 647700 555459 902769 826380 751631 451324 69275 929503 512799 577284 198699 197522
528055 156945 230199 616225 22671 504002 428066 298100 547682 185252 492316 384511 410082 480161 412435 556594 413595 408066 450651 429981 332319 416260 225355 218996 387439 466300 492555 527528 249108 392197 999999999 544258 453172 341075 148739 395106 500768 460943 548178 216709 433374 534488 585481 315864 437758 444830 392431 423216 415342 327829 541871 49968 591356 404971 357078 221148 413957 304199 452372 415292 307759 505966 599694 489242 323748 483926 100457 473691 415582 61134 277836 576332 503298 363477 364057 204995 498586 268555 315416 469780 369783 498271 460915 680364 507908 342650 562627 301593 453509 339358 532600 434948 449616 230504 331523 537839 467383 365643 208243 360613
674668 668244 765289 837704 534433 119139 789119 840228 727594 565611 1016349 506614 925406 394669 946708 912058 955696 734936 233746 376838 784969 951352 665466 738213 744720 521761 1029311 19349 347550 161715 544258 999999999 928757 810781 427532 379566 844775 624918 852216 545270 479080 90825 973839 845770 418759 908597 694305 620993 873218 418730 984914 498697 851991 140189 885744 628393 446594 240645 91902 200307 677164 73205 116641 1017616 695709 704244 644713 952471 958074 506000 818755 778610 1043301 904241 180657 745145 101369 794827 844105 545981 838663 1015828 753238 834194 840674 886703 762918 349834 725765 649953 1062811 974116 859901 561274 230935 1081749 553454 734618 339507 335063
488139 468021 259266 434799 474503 923197 222989 267204 458114 363170 513658 505033 116194 673132 432217 241954 372974 276649 749591 883141 144242 205912 570851 451539 721643 562643 450915 916197 581264 803921 453172 928757 999999999 118916 600272 615742 805645 461676 310505 641537 568240 886300 208522 427596 889684 633675 762675 833985 62140 779477 106907 475615 379362 803923 441583 597992 578472 701253 842085 848878 667121 911973 943447 494095 255484 871088 385362 23959 270439 455518 262851 441891 431325 374493 765349 380328 912674 212236 432305 545110 588656 147086 315127 1060888 262391 293916 942179 589546 340795 322925 508539 239450 137639 371993 757183 348600 536111 699473 605733 812655
424108 378845 180405 411850 363069 804290 177434 223456 405937 245291 501851 406581 148023 571629 411893 260650 362916 211660 636858 770282 35511 225416 483624 376642 643213 472419 451754 797984 463532 685006 341075 810781 118916 999999999 485986 508457 736710 384569 298125 539685 471375 770281 262253 379693 778830 586113 676658 738508 74421 668849 200971 359758 363417 685140 403502 505608 477369 582367 723644 730519 581106 793167 828459 485276 159670 782553 284555 142189 278353 338621 209322 402821 439595 347533 646481 305239 793764 140996 383727 457932 530852 226064 264135 976214 246791 268359 856588 474643 281882 230156 509554 261731 134925 257971 638586 387321 449680 620415 486853 697932
597948 241306 376311 712688 129623 368832 551725 437720 628750 290007 588821 427805 558474 472019 520853 683818 534943 521261 392960 284971 473884 560099 247174 311162 368916 501040 603938 409249 222257 267143 148739 427532 600272 485986 999999999 390535 483187 529552 662803 154966 459408 437091 720389 419430 297483 493044 346055 336433 559649 190702 685661 127948 696829 288254 458904 217297 431567 202487 338151 273930 288582 378456 502250 590316 443965 412162 239414 621249 553008 152587 419316 665512 619725 482478 249637 325624 366563 416486 417523 511680 419734 646123 567854 600236 628020 476706 490141 285471 554217 441582 635632 576005 585735 323334 199908 670529 512109 351795 137974 212409
296631 552008 538665 458201 402487 436272 435231 622579 348452 288030 872021 130342 648182 85163 784438 546634 768154 376131 151558 572603 475697 702033 609158 611221 754255 147994 856980 375418 168349 339223 395106 379566 615742 508457 390535 999999999 869671 245435 478699 544379 102097 306872 614651 697526 606017 839724 736427 719235 554540 532524 647524 348943 473372 313725 737912 591722 68022 263791 321999 422372 672389 400823 349924 865136 361546 799042 472028 639477 731075 334194 599000 399198 860010 725592 297181 580824 417277 548741 698162 170220 764516 733186 383221 979616 473747 677552 875395 105123 353723 300181 905018 733213 517755 256045 347679 857089 176592 735245 257380 491963
1027522 372411 556667 1100195 484878 743827 884384 539888 1043303 681529 415791 882717 704078 952995 432095 994755 493016 882430 872008 498423 748722 640958 277093 360106 115539 962941 484558 825493 703055 692357 500768 844775 805645 736710 483187 869671 999999999 961072 1012463 328523 926353 884789 997318 386112 463863 214903 150472 243451 801047 426916 912396 534847 1066540 725014 387521 281693 902666 669585 771628 646374 197563 776754 945189 434519 795157 184849 480202 815648 587843 557367 542795 1066954 516075 460006 696233 431521 753289 599867 381061 968455 224142 755205 939784 291620 965067 527025 200319 765649 938807 828421 467324 627779 870770 728899 627232 633661 966656 135790 621139 512617
68482 597826 494342 213646 478437 675052 243571 570754 107208 280929 850698 122055 532033 256916 758089 323364 722882 185491 395446 771532 349259 608196 684272 637371 848332 119376 815024 620338 345586 568796 460943 624918 461676 384569 529552 245435 961072 999999999 243681 663884 150315 551216 397919 693403 798668 875776 850555 863491 400899 707179 459090 432892 228902 548517 728619 682025 179646 477257 563478 646408 768592 642807 589811 838159 227870 934041 493867 482840 655181 407794 549291 155448 808824 693009 524780 583573 657081 482481 695748 95378 805331 601782 162782 1126988 251925 625033 1013086 301469 131473 161010 870298 643937 334843 232755 560798 770686 85622 826409 429237 688316
229912 641394 469319 124873 570181 886881 128385 521452 180601 373038 798818 348399 415935 500237 709680 90390 658637 141630 630224 936334 274227 505791 743188 656420 909762 362981 745034 845329 534611 772610 548178 852216 310505 298125 662803 478699 1012463 243681 999999999 764845 391747 784980 166806 675060 956111 879160 930779 971331 266270 852942 260055 541218 68886 758620 700840 755041 417671 672277 781769 841483 838458 860440 828105 781566 224571 1029080 534905 323881 566318 514477 506372 145231 729801 645591 728617 588364 870820 436330 678829 338582 819300 456381 101092 1225843 51445 565916 1106857 508497 126509 224111 803181 541689 176560 341715 749794 657845 328914 886754 600707 854874
732181 190103 388128 830955 194963 462465 643793 423612 757053 398885 496816 571380 573477 626567 447067 770599 478332 624745 544543 282122 537391 550176 130283 245512 215075 648149 529047 526057 376501 384890 216709 545270 641537 539685 154966 544379 328523 663884 764845 999999999 608446 571091 794557 348837 271848 364188 192490 206507 613541 172208 739015 232243 807664 413566 382042 87922 582246 345289 462758 360666 136977 484873 634424 503377 540342 270520 256397 659188 525357 258509 411734 788848 550991 426241 379972 292372 466355 434726 345383 656684 296948 652599 677171 465579 724082 446807 349621 439566 668671 554252 548831 556523 658890 441039 316087 626955 656171 199319 292752 246357
195616 586523 535537 359521 445338 538369 367875 618306 248817 287341 883876 65151 617432 110298 793262 466599 768950 307148 246988 665816 436540 681579 656627 638889 810991 46860 860175 475853 245151 439961 433374 479080 568240 471375 459408 102097 926353 150315 391747 608446 999999999 402463 538468 714281 697407 874487 800677 794565 506106 617274 585199 393056 379020 415382 753136 644979 34543 359249 424005 522107 729075 502698 439588 874599 314095 871553 494472 591222 718592 373049 595112 300214 859403 731058 397277 598256 519363 536759 715627 68123 800385 697127 302363 1057471 393761 674003 949336 186849 271325 245323 911673 715130 456038 244061 443907 841663 74705 790664 336069 583862
596940 671550 744341 761954 528244 199470 731425 823037 651086 526044 1020115 436746 893544 310926 945123 849729 947963 674890 155771 441677 742078 927509 682834 741016 779368 442945 1026352 98742 310387 193321 534488 90825 886300 770281 437091 306872 884789 551216 784980 571091 402463 999999999 914727 845894 483393 928617 735052 672287 828463 465795 934654 486049 779852 159777 886700 649114 371589 235850 115094 258340 706840 151236 65574 1019411 643993 756724 633684 910221 940255 488568 800634 702622 1037764 897951 191129 739145 179102 769473 844753 467731 856208 983327 687992 899021 777363 872464 820178 297402 659266 592499 1063852 952812 807133 514642 257716 1065947 475750 767023 326337 387661
394362 640771 440820 280455 608134 993253 184974 467824 347063 439616 722171 486332 324705 648719 640261 76868 581474 239839 763718 1004071 257842 413812 745582 637774 905372 516107 658700 964714 636991 875041 585481 973839 208522 262253 720389 614651 997318 397919 166806 794557 538468 914727 999999999 628998 1017805 836392 938508 996852 196698 909617 117325 592703 223649 866527 646367 766305 559972 771517 896086 935047 843076 972537 963302 702543 286620 1043704 543369 210746 478640 567837 459372 311215 638069 581300 832409 566024 979202 397665 633483 493010 786608 335849 236543 1238016 145994 500162 1118322 624101 267939 323905 716028 446275 135929 424359 841613 546681 483232 882601 687466 926467
751090 178219 207689 780868 318645 785885 548775 161234 750422 427927 176574 655078 320258 780697 101616 639333 131528 564481 766221 630913 400856 255123 224337 108922 322254 737133 184944 827822 563900 686409 315864 845770 427596 379693 419430 697526 386112 693403 675060 348837 714281 845894 628998 999999999 618445 207513 380778 479633 433391 520918 534256 365819 737384 705722 41217 266836 702530 611213 755115 687250 295753 797802 911434 173729 483232 489356 225922 434903 205769 371393 170943 760726 203517 82869 665862 116800 785039 239099 5079 733358 163179 369427 622679 661854 624342 140929 548933 612533 630939 537015 217960 244666 513412 474192 619288 283277 728250 303351 520639 590253
865210 460780 647838 995978 415818 303306 848331 692068 903373 585341 754443 684015 834400 670846 714168 980777 749036 815208 534737 41957 769180 818800 394791 517176 389048 743532 794455 400946 455956 301727 437758 418759 889684 778830 297483 606017 463863 798668 956111 271848 697407 483393 1017805 618445 999999999 591616 322131 221484 853093 110212 979602 425120 985571 337929 649391 351807 664424 343445 370899 225196 350405 345676 532369 763766 740394 297450 509650 909452 796682 450068 678419 944885 818242 697348 329089 562630 318181 692581 614713 759967 538469 917310 858834 416078 923440 718029 347231 510644 842485 732688 808307 826982 882932 614478 263358 898504 762895 388473 369438 114079
937401 288528 409842 981083 437581 825967 751757 368569 942417 598423 201063 820701 523402 924848 224569 846331 288315 762684 879291 616655 605617 449215 245971 238618 211080 903546 270062 889478 686130 747397 444830 908597 633675 586113 493044 839724 214903 875776 879160 364188 874487 928617 836392 207513 591616 999999999 283307 397430 640904 519354 739891 491008 939882 774263 193400 280387 857329 695452 824025 724171 243459 849053 993185 219616 678467 371692 383567 639714 390245 505934 378245 957058 301774 264893 738399 295834 830399 445138 203146 903526 75378 561415 821180 506474 828919 341471 408883 743371 826673 725837 253417 430384 720367 646756 678186 421518 899679 205485 621431 602693
918419 297812 503888 1007123 373189 594020 805205 510089 939951 577652 470203 762245 674269 818049 456147 925148 507306 794266 727956 353755 682057 627369 193069 314285 72228 839911 525934 675021 568267 542309 392431 694305 762675 676658 346055 736427 150472 850555 930779 192490 800677 735052 938508 380778 322131 283307 999999999 114158 746868 276725 866849 417800 979112 575292 397751 175739 774702 523587 621547 496071 95734 626414 795063 484368 707544 109953 398274 776483 585059 442772 506398 968582 554662 463145 547377 383388 603144 550559 375915 847808 248634 739687 849446 299557 886493 513034 180002 631448 844298 730794 525017 622628 805890 622650 477794 658151 846979 81933 482574 362683
931971 366791 575452 1036332 401420 512738 849837 594335 959583 604493 581881 764219 754649 796421 561903 975654 609364 831237 687646 258057 739039 716598 268669 399327 186370 836983 634774 602102 552301 479617 423216 620993 833985 738508 336433 719235 243451 863491 971331 206507 794565 672287 996852 479633 221484 397430 114158 999999999 811298 207027 935007 436280 1013943 514819 501024 236457 765564 481641 557214 420706 183882 549965 728411 595212 746804 84676 454081 849854 679651 462960 587343 993031 662594 562496 492920 462972 524529 622737 475009 848051 359688 826217 883448 263885 930318 604544 156480 614811 874406 759981 636766 715598 861760 645462 421551 761260 848539 193971 461946 286257
429789 449347 245248 388141 437395 871829 165896 272668 402431 308687 538237 442955 149758 611147 452077 210261 397038 216645 689895 844204 89439 239569 553844 442084 710879 500675 480796 861130 525748 752313 415342 873218 62140 74421 559649 554540 801047 400899 266270 613541 506106 828463 196698 433391 853093 640904 746868 811298 999999999 743156 126570 432907 334761 750755 452668 577372 516501 648988 787625 800578 651162 858843 884807 519926 193662 853621 357839 85299 300882 411127 263070 389844 464309 390456 712810 370234 860610 201186 437781 483343 590008 202683 258488 1046314 215845 309199 926869 531235 282623 260796 538941 275419 89782 313828 708094 393240 474398 688254 555149 771297
774794 356379 538502 898552 305784 317520 742400 585050 809872 480525 666837 596916 724962 604502 619253 874379 649865 711530 484803 111025 659664 711618 301137 416348 332652 662204 701093 399547 372249 272775 327829 418730 779477 668849 190702 532524 426916 707179 852942 172208 617274 465795 909617 520918 110212 519354 276725 207027 743156 999999999 869696 317151 885232 307824 554226 257954 585750 280728 350846 219494 276375 349901 523075 674277 634664 291691 399966 799244 691959 342668 570657 849289 723196 597512 286431 457251 326420 582925 517516 676572 458724 808540 757082 452167 818663 613282 359256 431496 742243 630716 719536 721098 774397 512269 215077 797392 678557 326175 281909 86315
470655 570649 362971 382906 563951 990229 217804 374083 430723 426009 613307 526203 218363 694313 534949 174821 474014 278472 790210 970408 212471 303909 674365 557254 827335 571098 547264 973811 639116 870704 541871 984914 106907 200971 685661 647524 912396 459090 260055 739015 585199 934654 117325 534256 979602 739891 866849 935007 126570 869696 999999999 558524 325332 867020 547315 699906 601184 766873 901666 922286 771156 974857 988204 593053 290667 974680 482813 101000 368970 536184 369622 403462 525238 479103 830103 485740 978141 316550 538992 550415 695538 219092 298545 1165652 221835 399225 1046640 637818 328752 347344 603941 334470 129887 423790 829295 430211 540842 805035 675370 896930
500934 204731 269182 600186 53550 464193 426418 341638 524824 169272 542283 347881 442778 434105 462124 557740 461964 399708 400712 412788 346384 456113 263667 268408 420064 428301 541922 482380 199451 349803 49968 498697 475615 359758 127948 348943 534847 432892 541218 232243 393056 486049 592703 365819 425120 491008 417800 436280 432907 317151 558524 999999999 579572 360337 407034 253183 371692 258090 406824 379439 338761 463347 551086 539148 319307 502732 147646 497199 459473 26881 320455 556924 552134 412339 319382 254391 457546 303781 365383 433637 415718 532293 449352 697623 504154 388291 581826 253178 438721 324457 582420 476785 457858 209197 292164 583146 431981 399075 160462 338423
196611 694329 530454 57598 612757 895535 188623 586011 141369 410308 865059 345496 484499 483151 775309 151322 725338 184966 624101 963417 337555 574140 794349 713509 961577 344036 812408 846593 550190 784520 591356 851991 379362 363417 696829 473372 1066540 228902 68886 807664 379020 779852 223649 737384 985571 939882 979112 1013943 334761 885232 325332 579572 999999999 767625 764395 803626 408444 687147 786760 857369 888271 866023 818608 848120 272144 1074817 586877 392513 634234 552691 570113 94428 797656 710822 740280 646895 878470 499598 741007 318819 878291 525067 130496 1271478 119013 631735 1153185 516899 143100 255535 870518 610132 245179 373499 767511 726695 309649 938639 623040 880964
606499 528394 628429 761439 394585 128265 681858 701938 655138 442144 876820 426501 793127 357660 806583 809872 815634 631731 204019 297654 661568 815068 529508 598364 619982 461674 889144 122772 229667 36331 404971 140189 803923 685140 288254 313725 725014 548517 758620 413566 415382 159777 866527 705722 337929 774263 575292 514819 750755 307824 867020 360337 767625 999999999 745785 493944 380894 104160 50011 118946 548402 108094 221283 877808 582361 599453 505395 827326 819748 369239 680782 703899 903122 764109 40960 605054 112789 659698 704099 483326 703079 883590 657756 749202 740802 747611 665064 250860 632897 544685 922932 836838 745749 444822 98197 942777 489069 608018 203405 233696
785166 217618 238130 809336 359739 824325 575893 180692 782711 466272 135390 693385 330174 820867 65027 660977 109756 594622 807428 663491 426918 256759 254629 147760 335023 775168 147619 867711 605081 726021 357078 885744 441583 403502 458904 737912 387521 728619 700840 382042 753136 886700 646367 41217 649391 193400 397751 501024 452668 554226 547315 407034 764395 745785 999999999 297752 741961 651824 795274 725192 317809 837035 952252 132732 515093 504430 266713 446823 200581 412535 194469 791252 169059 72861 706054 157109 823855 264797 41954 770847 163787 370065 652480 670016 649762 148258 559968 653506 662046 570963 177305 240682 535480 512023 658607 260571 765547 317857 561647 625557
749202 130336 339120 832432 203946 549105 629593 360463 768105 405181 409313 601063 518694 676001 362658 750493 397902 618717 609658 366078 508896 484982 43273 170052 166973 681263 443746 609318 427712 467056 221148 628393 597992 505608 217297 591722 281693 682025 755041 87922 644979 649114 766305 266836 351807 280387 175739 236457 577372 257954 699906 253183 803626 493944 297752 999999999 621897 417924 543666 447423 86621 569956 713377 416365 531893 277516 223693 613562 453724 276057 352054 795093 466760 346841 458447 228122 552309 386396 263017 686818 210713 592303 674170 473037 710864 376240 353367 489134 669698 556715 461688 487368 632571 451367 397823 548504 685106 145905 352248 334167
