NAME : synthetic_000707
TYPE : CTSP-D
DIMENSION : 100
GROUPS : 8
RELAXATION_LEVEL : 1
EDGE_WEIGHT_TYPE : EXPLICIT
EDGE_WEIGHT_FORMAT : FULL_MATRIX
EDGE_WEIGHT_SECTION
999999999 746122 381486 789879 41448 770818 566111 439388 333454 621460 325512 772928 274845 839112 796379 637549 307016 438225 223104 660642 290362 588022 384793 710109 570853 698921 245190 163683 864526 381860 305780 695394 327451 684174 435545 445502 631909 738929 144578 368202 66493 48172 532104 401735 739755 670487 274092 565531 546888 700247 397134 285073 460905 656141 779300 879378 103604 568903 201078 482912 430320 579991 588786 427355 528235 665738 602756 435309 497772 573166 486686 747156 322756 185533 267447 500839 773390 343484 337948 445977 652178 842890 756643 414023 96499 477295 475213 732465 698755 186310 623526 423665 184183 342796 270848 600976 646241 861889 304545 839435
746122 999999999 366344 724440 724705 239119 768646 796708 1020089 218243 625380 392935 484639 96120 273310 455452 856632 562011 640039 218656 694133 710881 629164 38645 176093 590154 784785 848325 167555 791781 1033342 59613 419365 172869 523372 315487 601813 425197 631094 858783 748879 744147 724500 702439 19961 75678 483392 683921 550136 568391 591369 855541 285598 182869 39262 160199 749808 773848 938116 617511 748049 611946 231618 612772 689988 312589 260607 779624 341615 868911 612978 112729 885718 595763 972300 247364 538659 1036657 801877 510749 353437 96840 143574 335499 837771 664146 614637 346516 282034 857784 645547 384125 888462 797218 984465 718558 623598 117455 916920 101755
381486 366344 999999999 684122 358520 411910 541313 549330 676771 258482 355783 502387 122111 458066 443267 383261 545265 316447 322462 330399 402826 561416 345853 331621 194204 552036 439081 484693 485301 521437 676981 318949 67606 337356 281212 115059 516410 491614 266251 534462 382677 377810 540988 459473 358924 291151 143869 530849 427474 540398 364691 510592 88179 311376 401084 498532 398537 593863 577658 436326 465688 440329 226130 400337 466199 338215 289622 534706 181468 615637 435134 368465 544994 233600 622138 119507 573064 691678 512395 327257 386257 463155 399649 68557 475149 468252 381000 449911 393192 495844 538959 130045 535978 475455 631933 573575 538902 483226 591461 458027
789879 724440 684122 999999999 807437 941962 1214430 425906 815226 833990 464369 355642 744807 790384 979505 1045766 608775 996066 567056 507474 509865 217871 1007870 697272 654727 139108 1002663 953561 887012 477882 895320 676154 650162 551754 963281 582639 170600 307876 802941 1125972 845835 828367 283475 405039 738841 693528 618206 231319 263375 158138 394859 1060893 645091 545851 719975 869184 704022 277884 862024 307068 1115052 1124435 816493 362660 1143734 949515 481635 416647 844620 1272533 303527 824974 1100170 803920 817991 685257 200905 833979 527966 373954 372706 767010 595849 621467 819283 317101 1059976 386564 443800 976043 166659 812146 779673 1080437 838789 207805 150392 762532 683158 805112
41448 724705 358520 807437 999999999 739292 525751 470739 373467 591512 344160 772181 246259 816506 763888 598798 345778 397336 241253 650435 316484 610168 343346 689434 550659 711179 211338 151890 837946 414421 341022 675628 309026 671466 395484 431024 646245 740658 107933 336127 38482 22848 556428 427142 717436 649299 263346 586467 558944 711176 412844 257581 440963 643548 758844 854031 139772 595398 235104 500547 390644 538670 559074 445013 486983 631284 594228 465643 464573 535482 503935 720562 296252 149415 306693 477971 780941 382951 372409 454655 650447 821543 742421 396544 131609 498519 433802 729734 692557 172058 640783 390948 224648 306876 309028 623286 661654 841250 345673 816110
770818 239119 411910 941962 739292 999999999 615656 938509 1084871 153485 749831 627401 496865 237790 37708 270832 956032 451817 732475 437615 806880 894555 532817 253468 301096 803978 732316 830552 165413 920025 1075505 271668 479159 397853 420635 428712 802838 654330 632875 773916 752686 753903 895088 844222 220016 249117 555097 865273 736148 783877 736960 796861 369785 398268 264257 200492 805735 947403 971848 784833 635012 446542 186144 766151 543564 134399 461121 922398 276703 724067 781465 126403 819033 591906 1027006 315187 766496 1098909 917653 670466 570142 266487 382422 421724 867293 827225 485883 577950 510073 833469 841752 348759 940242 714481 1034889 904154 825781 290188 1003358 222309
566111 768646 541313 1214430 525751 615656 999999999 971974 873425 551179 802547 1035076 470453 821711 613590 346482 870452 226514 715055 844647 807160 1059552 208779 752870 665727 1087938 345236 487388 777259 921961 807876 754720 564963 834417 264734 654847 1043994 1030136 457858 277158 503982 519879 1021234 905993 750885 717826 600016 1030621 951640 1078183 847249 360234 606981 814668 807253 809718 663451 1069313 710641 933979 138773 169946 537675 885093 79521 484528 818679 963030 437145 109994 934831 689507 352382 437084 804065 592810 1114376 877572 887096 842541 924343 843617 872214 609379 631525 951510 162998 980798 917428 471946 1058196 428881 735551 252886 798766 1072741 1065142 869113 869878 810891
439388 796708 549330 425906 470739 938509 971974 999999999 389367 791834 193571 594733 535194 888932 973869 925484 186135 790289 258515 608035 165193 210146 768008 758973 646596 399619 682063 592861 958517 60196 472313 737153 485857 652328 769871 509947 326118 541416 514770 806707 504954 486212 145159 94941 801622 732918 415678 206445 295173 414449 205638 724275 569593 629868 813465 956565 337157 152621 452535 199780 846392 936801 762566 185640 917390 885549 548969 17256 729691 999111 205829 857177 761499 535570 396089 624094 508646 408083 111627 287714 512451 877579 725857 519822 434418 153738 845377 583518 594281 616794 288703 667432 370742 776080 417087 218746 325479 885800 258018 897613
333454 1020089 676771 815226 373467 1084871 873425 389367 999999999 932040 434498 934298 591453 1116084 1113471 970445 210444 770244 383847 883888 359798 598487 711331 981856 845893 776653 529117 390450 1158432 339218 102228 963554 612152 918947 768898 704672 701691 886950 477118 627511 380913 369463 532826 428026 1017912 945827 540256 590952 646335 787878 502655 532779 740711 891872 1047921 1167775 279138 540286 165310 552619 734653 909043 899145 510417 847536 989723 821246 398831 819920 856513 558579 1043116 558410 517156 69409 789589 878874 19290 292635 586412 828815 1113965 995670 687741 246755 518830 803072 908879 897742 409789 671011 745667 149572 626642 76942 607718 705601 1129163 133551 1119647
621460 218243 258482 833990 591512 153485 551179 791834 932040 999999999 601077 552001 346660 274909 185189 243860 803101 351719 579695 351093 655785 763297 425138 207340 179362 694885 605070 691699 257514 770662 924905 214377 325831 322605 314722 285261 683470 567721 486689 662736 607322 607230 757916 698336 199980 178964 401887 733286 608982 676815 593412 673004 222563 312855 256394 281883 652924 810845 822103 647929 539501 393804 32923 624534 472963 116737 356258 776077 141456 653002 645087 147283 699057 446474 874860 168561 674602 946275 766393 532902 471666 294254 337384 272311 717728 688052 400131 498328 428675 696717 718421 205627 788150 601538 883186 773745 706773 319537 849896 266445
325512 625380 355783 464369 344160 749831 802547 193571 434498 601077 999999999 501467 348307 720234 784512 732909 239660 608047 102954 458991 75302 268015 594781 586882 464866 379202 546077 489194 781561 170401 484548 566008 292453 498507 584687 323636 308983 456403 355693 671297 382359 364592 220493 107269 627863 556939 223864 242941 230403 383623 75871 600186 380047 473066 646656 783049 243981 266906 423380 157446 685125 752662 571150 101976 742293 692507 396562 179225 536166 841723 161365 675338 639268 367461 408898 434652 465517 453376 176698 152229 394337 712389 574981 328789 362117 155881 666104 474434 465013 511691 298057 474671 345951 631306 427179 281302 321874 723675 310237 727131
772928 392935 502387 355642 772181 627401 1035076 594733 934298 552001 501467 999999999 607153 444561 663394 789871 730263 808707 575967 201384 574970 427035 847453 373954 383662 243452 919638 922625 545156 619320 985324 356125 504093 231948 770361 387783 291702 55800 720614 1027868 807981 795016 470309 519548 410259 383066 516410 410809 299731 220037 431671 988647 428424 239147 380015 523325 723626 504496 916660 396329 967998 908918 544585 427515 957033 667399 216401 578583 610404 1116135 390151 502677 1026201 703135 910238 445345 155734 953383 653015 349458 122457 418863 252704 434503 839068 441018 872155 54927 123612 940489 340421 606246 843628 971467 928254 428666 305719 411522 805576 460408
274845 484639 122111 744807 246259 496865 470453 535194 591453 346660 348307 607153 999999999 573987 523630 399473 490379 261494 282069 447342 373893 592414 263068 451157 315473 621359 319301 363911 591791 495877 578666 439578 103698 457668 236443 223719 574221 589666 146636 421082 266090 263520 559253 455462 475783 410294 130786 562868 481611 613379 381714 390519 210154 431107 520474 608454 313854 609735 475461 465906 373486 404522 313953 419635 402785 398527 401273 523010 228612 529604 466338 474439 425879 111769 531369 237578 659391 604572 475100 372119 486851 581078 521476 179148 371069 487548 322185 556902 505161 374312 587752 154638 444646 364319 538502 605432 595081 602012 523605 572593
839112 96120 458066 790384 816506 237790 821711 888932 1116084 274909 720234 444561 573987 999999999 263600 490997 952413 626577 736151 295933 789563 794063 698702 134654 271126 660331 866332 936457 102783 885705 1128445 154492 513355 248496 589289 411559 679134 484468 720617 933594 839501 835484 811438 795090 99443 170582 578709 768087 634164 637721 684120 936311 379801 264843 76144 78952 845173 859656 1032491 706081 814294 658460 296447 704171 744720 344645 345747 871778 411167 925758 701314 132395 964963 684133 1067948 338563 597233 1132602 896864 601889 426497 30073 194563 430592 931547 753298 674408 404880 347520 944937 724567 462535 983871 872085 1079939 801020 700091 52399 1012989 17235
796379 273310 443267 979505 763888 37708 613590 973869 1113471 185189 784512 663394 523630 263600 999999999 267114 988230 461236 764872 474743 840567 931925 543403 289489 338391 841584 747920 850437 181096 954531 1101699 308163 510761 434531 432160 464407 840539 691055 656815 783942 775884 777819 931998 879750 254609 286412 586913 902591 773668 821438 772928 811010 404578 435452 296380 217237 834457 984388 997448 821729 641169 443706 217164 802455 543839 143528 498779 957844 299515 722878 818411 161096 831758 615583 1054723 349974 803410 1127209 951262 707236 607549 293067 416873 455960 892871 863889 490902 614356 546749 852439 879406 372956 967951 725355 1062121 941572 863485 315775 1034287 247353
637549 455452 383261 1045766 598798 270832 346482 925484 970445 243860 732909 789871 399473 490997 267114 999999999 889299 224203 679723 588582 769353 942784 305964 449662 407265 908123 525396 648405 434946 891142 937485 458000 441344 564089 209308 465834 884827 800443 493345 537139 599320 606634 924221 838961 435979 422818 509832 912171 800978 892479 747732 579808 401486 551804 491281 468807 702753 977120 831151 818814 385111 176598 245744 783578 278033 146359 583880 911852 204408 455879 817356 359770 594082 453426 904997 361110 902465 980975 873557 707539 699496 516026 581108 433049 729918 851507 235224 735382 666293 644871 913104 258258 820873 482684 907826 954628 908004 541404 918170 478187
307016 856632 545265 608775 345778 956032 870452 186135 210444 803101 239660 730263 490379 952413 988230 889299 999999999 718942 223641 698481 165311 391051 679116 817987 688852 566209 550016 439296 1006720 130894 286802 797957 477665 737336 706921 544994 491248 681233 420778 669379 372636 354942 325342 217812 857321 785375 401416 381732 437810 577535 300127 580029 592334 711470 880412 1011358 207002 338726 270546 342993 736330 865828 771102 303337 826996 879161 635945 192873 711873 880097 349020 895800 614502 452459 210083 645355 668885 229689 82268 387079 629947 946532 813995 538584 272274 308391 765411 708357 703505 463008 461035 641015 191210 648898 231056 400993 495315 959125 77078 958122
438225 562011 316447 996066 397336 451817 226514 790289 770244 351719 608047 808707 261494 626577 461236 224203 718942 999999999 532448 619734 625994 853159 83175 541634 443408 866701 301207 427204 599773 746394 727230 540736 346409 611715 39593 428973 826401 803692 300691 322707 390723 400942 820742 714675 545761 504164 391885 823383 735001 855933 643119 356655 380487 590911 601234 628416 518428 871107 621664 726437 187831 147515 331615 681015 149848 318411 592336 779191 221141 312718 726614 497844 373301 266536 702518 368068 889093 778869 719076 628132 697900 645060 654086 383957 524590 749018 64553 754520 691663 422249 843977 202822 621941 264524 702889 866088 848173 670081 735283 618097
223104 640039 322462 567056 241253 732475 715055 258515 383847 579695 102954 575967 282069 736151 764872 679723 223641 532448 999999999 501657 93579 369646 509865 601515 468779 477427 444936 386706 785753 214521 415628 582412 254906 535472 513404 325304 409213 535659 260592 570441 279416 261639 318512 193419 639305 567088 178723 345376 326145 480020 174264 497708 369445 508244 666233 791954 149408 361260 340771 259991 592636 679405 547835 204402 659084 658633 439314 248484 493590 747758 263661 673533 536715 277998 344873 422039 557416 401451 193952 232084 460894 732432 612089 315618 267554 257670 586923 542425 521875 409035 400560 425245 270273 532414 360623 382852 423204 746767 277351 740786
660642 218656 330399 507474 650435 437615 844647 608035 883888 351093 458991 201384 447342 295933 474743 588582 698481 619734 501657 999999999 533264 498491 666191 189833 183621 371905 766606 793591 384888 613356 915596 168708 351143 47440 580597 224993 384143 218517 578990 864857 682304 672538 518740 517175 231909 188667 387303 473015 339362 350464 408876 837693 246482 39506 220721 372057 635560 565596 831867 416695 788358 711731 343203 422609 765711 467028 62731 590782 413208 930995 411512 317798 873220 553732 846397 251848 329269 901952 632838 321677 135105 278369 117878 268204 741017 464690 681826 147285 77777 808350 428924 417241 769042 805771 861682 505231 405592 282186 766855 308324
290362 694133 402826 509865 316484 806880 807160 165193 359798 655785 75302 574970 373893 789563 840567 769353 165311 625994 93579 533264 999999999 300152 602826 655517 529520 438533 526047 451625 847357 122043 413465 635088 336351 572032 606624 386313 365505 528741 350704 651571 352990 334404 242062 111407 695661 624107 261973 280118 295179 445444 144267 573743 438379 546218 716819 850405 195887 278974 359202 210351 682847 772880 624796 159238 752197 740987 470689 155887 579051 836765 215474 738723 612078 370471 336882 492552 531185 378767 110814 226624 469315 782809 648685 385444 309450 192805 680457 549129 540311 475036 346967 512955 279167 617180 355755 312783 375331 794867 234952 795827
588022 710881 561416 217871 610168 894555 1059552 210146 598487 763297 268015 427035 592414 794063 931925 942784 391051 853159 369646 498491 300152 999999999 850774 676613 593552 200947 814058 750757 878362 260194 677474 654128 512032 545870 824984 482812 136010 371271 622108 939311 647933 629758 65739 190862 720529 660252 461630 30613 160863 219897 212443 867255 548460 529678 718306 868872 496037 78452 645670 126802 947967 992039 739196 174809 994723 871481 450278 199680 738518 1105408 127038 792992 906186 630453 600121 598260 313562 617376 310096 235334 376090 776814 610202 510346 608254 112139 914575 430602 461310 773919 88933 690944 563169 898866 620918 13345 126673 779530 465876 805824
384793 629164 345853 1007870 343346 532817 208779 768008 711331 425138 594781 847453 263068 698702 543403 305964 679116 83175 509865 666191 602826 850774 999999999 606004 497320 883471 221057 352821 677399 720027 661348 602993 360878 663124 112487 460908 837288 837416 258969 241121 330558 343161 812833 699101 613924 567085 391681 821849 744672 874705 638485 273944 421015 640451 668401 704945 473838 861272 557171 725232 122428 198341 402282 676339 149601 400186 632594 758340 288181 270120 726117 572293 290127 232719 642583 418106 915741 718585 688064 634987 732110 715637 711412 414358 464576 742870 91974 794315 734674 345760 850283 252922 565387 181952 641179 863962 858132 740280 687822 691164
710109 38645 331621 697272 689434 253468 752870 758973 981856 207340 586882 373954 451157 134654 289489 449662 817987 541634 601515 189833 655517 676613 606004 999999999 139323 561584 755113 815066 202305 753514 995868 22494 382923 146415 502537 277190 570155 402396 597262 832412 714290 709141 688733 664586 43926 41069 445867 649288 515756 540265 553515 826171 249227 152136 69464 197594 712172 738481 901155 581196 726120 599881 215552 575389 673735 310800 226875 741917 320497 851096 576759 129371 857086 562654 934409 213586 515352 998480 763338 473528 324880 133256 133972 298272 801224 627572 596334 325038 258160 825052 613082 357564 850772 770931 946715 684571 592239 151841 878337 140322
570853 176093 194204 654727 550659 301096 665727 646596 845893 179362 464866 383662 315473 271126 338391 407265 688852 443408 468779 183621 529520 593552 497320 139323 999999999 515620 626564 678863 317991 634509 857378 125021 243600 168690 403868 143865 506347 393323 460455 712019 576234 570612 594638 551671 172191 100600 307585 564201 435812 497458 441969 698070 109949 149990 208449 323181 574049 646712 762041 484496 619603 528619 164640 468805 586371 295552 178128 629974 230685 756088 480959 210808 730675 427240 796949 81619 497414 862192 639293 370813 294042 272439 214987 159489 661918 527803 503740 328886 260558 689750 543116 244454 712751 651151 808833 603268 529565 291037 746128 273866
698921 590154 552036 139108 711179 803978 1087938 399619 776653 694885 379202 243452 621359 660331 841584 908123 566209 866701 477427 371905 438533 200947 883471 561584 515620 999999999 896112 861296 754683 439745 845701 540115 523091 417314 832757 447143 74962 189402 693363 1016856 749583 733129 257906 349159 603806 556125 499164 194726 152244 23565 303961 957980 508427 409590 588106 738656 623116 278873 797732 228612 994318 991544 677516 279966 1015502 810456 343111 386073 708023 1150926 223247 688323 997222 689745 767905 547216 112696 795895 484064 259810 236814 638379 466716 487587 741317 257845 931007 262740 312876 882698 112898 678437 717290 968134 787945 198694 74969 635904 643183 674431
245190 784785 439081 1002663 211338 732316 345236 682063 529117 605070 546077 919638 319301 866332 747920 525396 550016 301207 444936 766606 526047 814058 221057 755113 626564 896112 999999999 142783 862583 625678 463037 746756 418048 776327 320563 542386 836446 896745 203595 125631 178697 197169 763231 635584 772787 714157 407029 788810 745605 893014 609124 71582 526939 750052 822786 886042 348746 804194 365547 698605 206890 410335 576754 643862 329164 604896 719286 676804 463815 332771 701315 749855 106878 216503 459922 545412 953264 532695 582900 636302 797634 878343 837909 498404 291955 701922 307018 871416 822827 129900 836694 404135 395720 99879 453898 827327 853860 901308 537115 861757
163683 848325 484693 953561 151890 830552 487388 592861 390450 691699 489194 922625 363911 936457 850437 648405 439296 427204 386706 793591 451625 750757 352821 815066 678863 861296 142783 999999999 946395 533590 320495 803346 445019 811353 439307 570504 795066 892035 218581 238962 114798 129226 693682 562925 838969 774185 409462 728748 709089 861922 560520 144923 571370 783752 884362 966136 257498 728517 225438 646587 349460 548096 660818 591023 471232 710343 739441 590594 554602 466130 650340 830219 176253 252568 321963 601481 932675 392726 485920 606021 800565 944542 879709 532093 167893 640504 442797 879177 839567 23969 787198 486072 266431 236918 314210 763620 809680 965756 413791 934206
864526 167555 485301 887012 837946 165413 777259 958517 1158432 257514 781561 545156 591791 102783 181096 434946 1006720 599773 785753 384888 847357 878362 677399 202305 317991 754683 862583 946395 999999999 950220 1162269 224768 547126 338158 565230 461767 768823 583110 736432 917290 857064 855257 891030 863778 158488 225618 618209 851280 717573 732496 752881 930386 418083 350120 167059 36242 882333 940765 1062610 783323 786531 609297 286566 776135 703288 292737 428120 941576 398861 884592 778937 117401 955961 697496 1106221 369055 696373 1174079 956831 674710 518704 131820 293129 471569 959456 829498 640347 503517 443212 952399 812893 461450 1020531 856512 1116656 886092 790427 148736 1062877 85891
381860 791781 521437 477882 414421 920025 921961 60196 339218 770662 170401 619320 495877 885705 954531 891142 130894 746394 214521 613356 122043 260194 720027 753514 634509 439745 625678 533590 950220 999999999 417592 732204 455871 655837 727894 493949 365013 567785 464108 749822 447830 429123 194469 100078 795226 724988 382657 251734 320882 452526 204493 666277 550262 631904 811145 950538 278956 209945 393409 223977 794325 893577 740368 195109 869622 859501 552422 62954 699439 945678 230169 845200 703216 487319 340555 604843 545436 358278 52031 292095 528322 876277 731027 498597 374336 183805 799709 603143 607179 557543 332156 634303 311339 720726 361459 270100 367385 886129 206012 893364
305780 1033342 676981 895320 341022 1075505 807876 472313 102228 924905 484548 985324 578666 1128445 1101699 937485 286802 727230 415628 915596 413465 677474 661348 995868 857378 845701 463037 320495 1162269 417592 999999999 979011 616315 947050 730842 720913 771067 940947 448861 550050 338267 331116 611849 497347 1029214 957978 550001 666855 707769 854942 557535 456122 748972 919344 1063731 1174640 284027 624856 106354 617983 669891 859566 892066 571042 789484 971488 853718 479649 803480 781337 623662 1045408 477696 490276 77858 794189 943234 92311 367429 635947 874170 1129041 1022950 697890 209697 589109 753203 955399 937430 336607 744407 729293 146715 556561 57861 687624 777262 1146011 215429 1130471
695394 59613 318949 676154 675628 271668 754720 737153 963554 214377 566008 356125 439578 154492 308163 458000 797957 540736 582412 168708 635088 654128 602993 22494 125021 540115 746756 803346 224768 732204 979011 999999999 367952 126478 501406 259048 547980 382961 585117 826707 701237 695626 666290 642851 66420 36897 429153 626795 493270 518927 531779 818019 234718 130528 84723 219530 695117 716005 885100 558830 723840 604262 219298 553362 675378 321815 204472 720078 319852 851519 554375 149301 849535 551293 916836 202607 495600 980308 742568 451422 303565 150449 123131 282283 785776 605263 596750 306282 238638 813847 590772 352573 833584 765344 929400 662100 570116 167125 858921 161198
327451 419365 67606 650162 309026 479159 564963 485857 612152 325831 292453 504093 103698 513355 510761 441344 477665 346409 254906 351143 336351 512032 360878 382923 243600 523091 418048 445019 547126 455871 616315 367952 999999999 366468 315217 126273 480163 485978 228229 523777 337101 329805 486532 397794 413920 343688 76264 481733 388595 513901 308352 488432 133769 339002 451977 558437 335207 538832 519173 385520 475041 480735 293599 345198 493572 404790 301432 471678 243965 629882 385002 431156 524925 202990 559095 178159 556751 627437 445454 282368 383382 515958 434971 87635 418406 413699 409987 454434 404803 458595 497846 183364 473502 467658 569674 524617 501821 534591 524410 514662
684174 172869 337356 551754 671466 397853 834417 652328 918947 322605 498507 231948 457668 248496 434531 564089 737336 611715 535472 47440 572032 545870 663124 146415 168690 417314 776327 811353 338158 655837 947050 126478 366468 999999999 572229 240973 431301 256525 594514 869934 701904 693156 565509 560661 187131 151187 410088 520289 386550 395522 451431 847779 250144 28055 173376 324761 665104 612670 860687 462636 785552 695461 318527 466710 755056 436709 103518 635072 398786 924247 457546 275585 882347 566740 879291 245085 369134 936761 673605 365102 180722 231093 76840 280311 767444 510505 672371 180559 112224 825058 476268 411168 800337 809963 893992 552652 452622 235526 804327 260952
435545 523372 281212 963281 395484 420635 264734 769871 768898 314722 584687 770361 236443 589289 432160 209308 706921 39593 513404 580597 606624 824984 112487 502537 403868 832757 320563 439307 565230 727894 730842 501406 315217 572229 999999999 392463 794121 766138 293973 353515 392709 401309 794586 691765 507321 464882 365219 794985 703264 821496 616355 380189 342483 551541 562617 593163 510053 845536 624700 698182 225179 168122 293612 654119 186943 288684 553961 758208 182075 352297 698120 461430 399677 256884 702087 328832 852813 778393 702784 597563 660367 607284 614512 348003 525170 722424 101803 716064 652844 436399 813017 164148 619725 293846 703641 837797 816121 632208 727232 581155
445502 315487 115059 582639 431024 428712 654847 509947 704672 285261 323636 387783 223719 411559 464407 465834 544994 428973 325304 224993 386313 482812 460908 277190 143865 447143 542386 570504 461767 493949 720913 259048 126273 240973 392463 999999999 419221 376633 354440 644026 460996 452519 473454 415531 314092 241862 172895 452393 335514 433670 308695 613239 65683 213276 343636 466805 436886 526540 629000 363930 580617 545812 258541 339294 578794 389218 177678 493752 262594 730623 361417 352461 649169 328755 657892 116963 460358 721336 496503 249144 271206 409494 311471 46733 532037 403018 493428 335824 281636 584528 447518 232633 575044 586176 670673 493948 442333 425497 602619 415692
631909 601813 516410 170600 646245 802838 1043994 326118 701691 683470 308983 291702 574221 679134 840539 884827 491248 826401 409213 384143 365505 136010 837288 570155 506347 74962 836446 795066 768823 365013 771067 547980 480163 431301 794121 419221 999999999 235903 635209 958779 684725 667822 186912 274263 613571 559342 447769 124070 92857 88344 234955 896467 483370 418952 604614 756025 552815 214258 724500 155158 944635 956531 663169 208142 973646 796839 344486 312170 681792 1102051 150072 692894 935767 634662 693246 527100 182757 720934 409109 203699 253457 659563 489526 455645 670564 182886 890135 298941 336844 816906 48933 645439 643687 912017 713346 136989 23341 659901 568225 692089
738929 425197 491614 307876 740658 654330 1030136 541416 886950 567721 456403 55800 589666 484468 691055 800443 681233 803692 535659 218517 528741 371271 837416 402396 393323 189402 896745 892035 583110 567785 940947 382961 485978 256525 766138 376633 235903 999999999 695421 1008242 777238 763497 415162 468409 441324 406388 490512 355302 247158 165861 384664 964633 423941 257936 416390 563418 684455 448809 875461 344088 956438 910737 557227 377923 953070 684213 217454 525455 613782 1107245 337893 531764 1002726 680700 865167 447352 113527 906115 602952 305645 105793 460186 290184 423074 801167 387884 867790 79625 144323 910695 284633 602836 800849 953230 883570 372866 250074 454906 757095 499696
144578 631094 266251 802941 107933 632875 457858 514770 477118 486689 355693 720614 146636 720617 656815 493345 420778 300691 260592 578990 350704 622108 258969 597262 460455 693363 203595 218581 736432 464108 448861 585117 228229 594514 293973 354440 635209 695421 999999999 323673 120770 121043 576063 453863 622398 556508 204909 595346 543646 689804 412563 269455 352793 567149 666661 754081 217815 620891 343030 502252 332233 446219 454578 448737 407969 523444 527270 506450 357323 487209 504455 619304 307948 41493 411841 383824 749750 487686 429964 433679 598213 727620 661772 314449 239249 510521 344683 674018 629383 230803 637979 284148 327551 277904 415417 635452 653300 748400 434598 719133
368202 858783 534462 1125972 336127 773916 277158 806707 627511 662736 671297 1027868 421082 933594 783942 537139 669379 322707 570441 864857 651571 939311 241121 832412 712019 1016856 125631 238962 917290 749822 550050 826707 523777 869934 353515 644026 958779 1008242 323673 999999999 302004 320700 888812 761209 844881 792180 522410 913844 867317 1012873 733374 94734 620042 844808 897695 943999 471710 929816 462228 822992 159169 390199 637859 768486 290253 641006 821683 801767 522791 231596 825568 809968 76063 329464 559796 630466 1069934 628444 706085 757292 906885 948717 926535 598346 403550 827174 302444 977952 925648 218102 960406 474918 504767 61580 550730 952594 976659 972788 650607 927077
66493 748879 382677 845835 38482 752686 503982 504954 380913 607322 382359 807981 266090 839501 775884 599320 372636 390723 279416 682304 352990 647933 330558 714290 576234 749583 178697 114798 857064 447830 338267 701237 337101 701904 392709 460996 684725 777238 120770 302004 999999999 18748 593658 463987 740849 673815 296281 624446 597355 749481 451295 220770 467132 674100 783754 874391 170070 631959 232024 538903 366982 528130 575280 483354 469944 640563 627037 500439 476456 507514 542320 739871 259118 160956 312452 501570 818804 388683 404346 492802 686008 845622 771830 424719 134261 536421 422194 764865 726314 134157 679186 403981 235195 276520 312199 661020 700130 865890 366003 838459
48172 744147 377810 828367 22848 753903 519879 486212 369463 607230 364592 795016 263520 835484 777819 606634 354942 400942 261639 672538 334404 629758 343161 709141 570612 733129 197169 129226 855257 429123 331116 695626 329805 693156 401309 452519 667822 763497 121043 320700 18748 999999999 575239 445463 736567 668861 285642 606426 580885 733321 434038 239411 461105 665270 778585 871894 151587 613360 224777 521358 383391 540039 574964 465786 484240 643803 616565 481692 478310 525160 524841 737932 277675 162250 301576 497103 803481 377930 385771 477011 673265 840964 763793 417411 123894 518349 434444 752510 715111 149721 661742 405190 222278 294625 302393 642827 683024 860897 350023 834819
532104 724500 540988 283475 556428 895088 1021234 145159 532826 757916 220493 470309 559253 811438 931998 924221 325342 820742 318512 518740 242062 65739 812833 688733 594638 257906 763231 693682 891030 194469 611849 666290 486532 565509 794586 473454 186912 415162 576063 888812 593658 575239 999999999 130828 732551 668822 429371 63202 181489 274607 178575 814002 538291 546784 735306 884116 437306 53199 581531 110273 905450 962523 731947 141338 958979 862223 465691 134110 721140 1062183 113679 799679 852653 587639 534562 590328 369167 551738 244558 225122 405280 796198 633912 495782 547364 72858 880724 467500 490293 717097 145383 668672 498987 850670 555385 75899 183007 800917 400147 822173
401735 702439 459473 405039 427142 844222 905993 94941 428026 698336 107269 519548 455462 795090 879750 838961 217812 714675 193419 517175 111407 190862 699101 664586 551671 349159 635584 562925 863778 100078 497347 642851 397794 560661 691765 415531 274263 468409 453863 761209 463987 445463 130828 999999999 707094 638164 330830 173722 222103 359875 111072 684639 475863 537555 719826 862148 306496 168617 457202 125823 785586 859663 669438 95706 847347 793828 457150 78346 640654 941072 131948 762237 723103 469323 419489 530251 451089 447302 136433 195581 428561 784272 635041 426831 417464 91763 772149 503077 508101 586379 247577 580723 375032 725068 439780 203089 279916 793038 294887 803530
739755 19961 358924 738841 717436 220016 750885 801622 1017912 199980 627863 410259 475783 99443 254609 435979 857321 545761 639305 231909 695661 720529 613924 43926 172191 603806 772787 838969 158488 795226 1029214 66420 413920 187131 507321 314092 613571 441324 622398 844881 740849 736567 732551 707094 999999999 72230 479684 693214 559675 582273 596053 843317 280413 194972 56414 155312 746122 782363 933069 624870 732248 593394 214637 618444 672383 292815 270689 784603 325957 851679 620466 93648 873035 586445 969132 239478 554659 1034286 804055 516742 366993 105854 162409 331490 832107 671136 597664 363035 297621 847972 656720 370785 884837 783301 980948 728468 635566 128545 916513 101734
670487 75678 291151 693528 649299 249117 717826 732918 945827 178964 556939 383066 410294 170582 286412 422818 785375 504164 567088 188667 624107 660252 567085 41069 100600 556125 714157 774185 225618 724988 957978 36897 343688 151187 464882 241862 559342 406388 556508 792180 673815 668861 668822 638164 72230 999999999 408147 632181 499638 535611 527287 785251 209924 149233 110179 226304 674608 719473 862502 560066 687681 567582 182665 550940 638489 288745 214992 715991 283174 814737 555906 133590 816287 521727 897378 172722 517873 962251 732844 449925 321204 172405 158621 260088 762094 605591 559955 331617 262666 784079 600593 317534 813300 730739 909360 668800 581894 192076 844316 173892
274092 483392 143869 618206 263346 555097 600016 415678 540256 401887 223864 516410 130786 578709 586913 509832 401416 391885 178723 387303 261973 461630 391681 445867 307585 499164 407029 409462 618209 382657 550001 429153 76264 410088 365219 172895 447769 490512 204909 522410 296281 285642 429371 330830 479684 408147 999999999 432089 354912 493180 251303 474218 200569 382052 513848 627762 266464 480390 456437 335134 496867 533208 369752 289164 533401 480281 330926 402215 317078 654331 335610 503304 512486 192954 489589 249717 547526 556052 370169 244297 393953 579051 482896 148216 359171 357309 452953 470949 430145 425963 458760 252010 405167 470846 501265 474646 467941 596247 449027 581217
565531 683921 530849 231319 586467 865273 1030621 206445 590952 733286 242941 410809 562868 768087 902591 912171 381732 823383 345376 473015 280118 30613 821849 649288 564201 194726 788810 728748 851280 251734 666855 626795 481733 520289 794985 452393 124070 355302 595346 913844 624446 606426 63202 173722 693214 632181 432089 999999999 133952 211470 184115 843038 518025 503394 692182 842395 475587 95048 630771 96970 919980 961914 709015 146902 965369 841182 423448 194052 707907 1077536 96870 764651 882075 602762 589180 567980 306012 610010 299830 204731 353284 751371 585908 479751 589360 88246 884966 411127 438614 751727 82457 660413 548478 872569 609812 42884 119873 754665 457660 779590
546888 550136 427474 263375 558944 736148 951640 295173 646335 608982 230403 299731 481611 634164 773668 800978 437810 735001 326145 339362 295179 160863 744672 515756 435812 152244 745605 709089 717573 320882 707769 493270 388595 386550 703264 335514 92857 247158 543646 867317 597355 580885 181489 222103 559675 499638 354912 133952 999999999 153892 154534 806621 400765 369444 558239 708458 473239 226391 652859 96964 851778 866748 586552 136768 881739 719879 289580 278908 596974 1009201 90768 632612 845897 542237 630555 447475 236036 665609 357868 110941 224016 617640 453225 369028 591735 141450 798524 289688 308864 730459 112155 557175 573961 819930 649928 169162 113503 621310 514497 645638
700247 568391 540398 158138 711176 783877 1078183 414449 787878 676815 383623 220037 613379 637721 821438 892479 577535 855933 480020 350464 445444 219897 874705 540265 497458 23565 893014 861922 732496 452526 854942 518927 513901 395522 821496 433670 88344 165861 689804 1012873 749481 733321 274607 359875 582273 535611 493180 211470 153892 999999999 307893 955773 493949 388450 565781 716141 626990 298208 804441 236965 986752 978999 660091 286268 1005095 792702 323529 400423 693379 1142926 231327 667431 994952 684799 777256 531382 94570 807149 495627 257493 215386 615568 443899 475076 745434 269388 920354 239296 290205 883024 131077 665712 724582 963284 797114 218491 93225 612872 654600 651924
397134 591369 364691 394859 412844 736960 847249 205638 502655 593412 75871 431671 381714 684120 772928 747732 300127 643119 174264 408876 144267 212443 638485 553515 441969 303961 609124 560520 752881 204493 557535 531779 308352 451431 616355 308695 234955 384664 412563 733374 451295 434038 178575 111072 596053 527287 251303 184115 154534 307893 999999999 666205 371046 427744 608954 751082 319240 230529 498898 89718 735867 784176 565514 37952 783084 692745 347974 188707 545817 893439 92200 652178 705460 418782 481122 424861 389794 521763 227013 88376 330012 673567 526534 324511 437594 106083 703744 408246 405531 582579 228255 491082 420820 690333 499895 225695 249164 682689 374399 692487
285073 855541 510592 1060893 257581 796861 360234 724275 532779 673004 600186 988647 390519 936311 811010 579808 580029 356655 497708 837693 573743 867255 273944 826171 698070 957980 71582 144923 930386 666277 456122 818019 488432 847779 380189 613239 896467 964633 269455 94734 220770 239411 814002 684639 843317 785251 474218 843038 806621 955773 666205 999999999 598488 821447 893662 954505 387322 852716 367494 755086 228894 450817 645286 699839 359561 667571 789834 720377 531559 325237 758125 818539 39302 286004 465086 616866 1018437 533782 620855 698423 866443 948746 909489 569524 311299 755368 352539 940944 893214 123520 894415 473816 411286 109404 456007 880421 913160 971860 558102 931446
460905 285598 88179 645091 440963 369785 606981 569593 740711 222563 380047 428424 210154 379801 404578 401486 592334 380487 369445 246482 438379 548460 421015 249227 109949 508427 526939 571370 418083 550262 748972 234718 133769 250144 342483 65683 483370 423941 352793 620042 467132 461105 538291 475863 280413 209924 200569 518025 400765 493949 371046 598488 999999999 224767 318398 427194 466414 591434 652712 429065 542774 489213 194525 402791 529406 323983 212296 553723 199608 688244 426667 304324 632601 321319 689959 54612 514504 756594 549169 314478 318281 382197 311471 53833 552174 467410 444256 374511 313670 583095 512635 178895 605093 560358 701278 559620 506570 400984 645684 381503
656141 182869 311376 545851 643548 398268 814668 629868 891872 312855 473066 239147 431107 264843 435452 551804 711470 590911 508244 39506 546218 529678 640451 152136 149990 409590 750052 783752 350120 631904 919344 130528 339002 28055 551541 213276 418952 257936 567149 844808 674100 665270 546784 537555 194972 149233 382052 503394 369444 388450 427744 821447 224767 999999999 188821 339222 637234 594817 832741 442397 762847 678522 306119 444250 735462 428431 81488 612623 380654 903073 437465 279133 856231 539753 851799 223138 368767 909627 648639 342234 173155 249673 103857 253203 739401 490005 652211 185654 115965 797589 462774 389376 772629 785060 866409 536943 440789 256164 777941 276199
779300 39262 401084 719975 758844 264257 807253 813465 1047921 256394 646656 380015 520474 76144 296380 491281 880412 601234 666233 220721 716819 718306 668401 69464 208449 588106 822786 884362 167059 811145 1063731 84723 451977 173376 562617 343636 604614 416390 666661 897695 783754 778585 735306 719826 56414 110179 513848 692182 558239 565781 608954 893662 318398 188821 999999999 151411 779840 783592 969674 629965 787310 649734 270617 628496 728705 347159 269615 796290 380876 907845 625187 139883 924088 631892 1001494 282900 529792 1064744 823353 526187 352846 66221 127311 366770 870106 677219 653676 336878 276187 894203 649636 422909 918300 836139 1014103 725386 625821 82620 942301 87621
879378 160199 498532 869184 854031 200492 809718 956565 1167775 281883 783049 523325 608454 78952 217237 468807 1011358 628416 791954 372057 850405 868872 704945 197594 323181 738656 886042 966136 36242 950538 1174640 219530 558437 324761 593163 466805 756025 563418 754081 943999 874391 871894 884116 862148 155312 226304 627762 842395 708458 716141 751082 954505 427194 339222 151411 999999999 893244 933079 1076150 777522 815708 642365 309293 772890 735118 325373 419047 939511 423218 916558 772939 136392 980903 715803 1116989 380453 676177 1183751 959102 670919 504065 105109 273443 480038 973620 824264 670635 483825 426009 972867 800978 483130 1031785 882973 1127982 876163 777222 118371 1069304 64226
