NAME : synthetic_000813
TYPE : CTSP-D
DIMENSION : 100
GROUPS : 8
RELAXATION_LEVEL : 1
EDGE_WEIGHT_TYPE : EXPLICIT
EDGE_WEIGHT_FORMAT : FULL_MATRIX
EDGE_WEIGHT_SECTION
999999999 447037 338104 553405 378462 808753 844118 644874 195898 215758 205974 526367 265831 127077 154218 277448 378612 347181 562515 564243 654717 554008 559383 324260 619887 387592 35968 269631 321085 358468 651471 48993 294881 400630 300275 179907 582488 767761 369638 170975 444866 643246 585775 508528 721409 623005 271710 265001 576842 696027 734639 299409 859575 328614 640832 307509 485337 321464 194218 362815 372045 264435 808202 399367 178895 406448 219826 237024 251140 456715 653750 600820 273398 483329 382704 393259 435178 636969 122602 169152 644279 704407 284138 451586 132068 346806 507384 526710 648456 726744 549646 517598 139672 609459 285919 680077 331923 298632 712629 353933
447037 999999999 784940 454813 649779 368456 402618 557978 370763 613710 652986 414868 677403 516514 294221 722520 825578 651370 452964 709248 241268 121183 132789 770056 650396 408195 414753 579786 578179 227375 698168 486813 593963 722869 524946 335580 413847 331167 161548 397068 460042 262332 652669 451423 283022 317404 178888 710610 529452 274462 717156 273091 451856 772256 626943 271700 706344 678893 448963 809692 397095 685048 431187 537472 444628 66325 546413 341753 208681 222277 716632 630520 236132 649670 693234 460309 675979 279257 569581 458449 540173 309609 229601 95987 315402 321400 373188 195956 664081 786776 124875 476968 455746 428271 418953 481391 535612 360151 325178 107213
338104 784940 999999999 795646 431735 1143715 1179359 862104 473144 259565 132325 796266 194056 309183 492108 85541 41101 382417 807544 653253 989140 891615 896516 54898 775865 626888 370316 383388 451193 676324 789017 302300 400278 375828 473968 490666 862711 1101782 693921 449631 663847 966087 726783 760478 1058836 938025 608174 77435 788749 1026858 896027 600682 1183362 78754 819124 608167 535765 300329 430229 38853 616048 170628 1123360 561208 421327 741924 362102 519777 584354 766446 779606 762222 592143 584465 385309 604661 489176 962319 215514 389298 870112 1028282 602765 786959 470148 625098 775145 853940 807008 838266 883999 759868 371924 889954 533138 941984 502178 575554 1034278 689255
553405 454813 795646 999999999 429419 582767 613660 107131 357710 768510 695113 841804 612427 678697 492193 777017 833191 464997 13308 340794 661877 548219 563997 812285 217039 171156 521814 809829 845075 622232 264706 600807 833228 522821 806166 595925 856480 540189 314003 644417 135182 361208 241900 863436 651915 771833 418057 722383 81576 456573 262763 278656 521875 827538 177550 271799 407660 539256 696061 832669 184580 632869 431542 260578 683184 396786 761315 317318 397302 232947 288620 201165 331338 324757 492924 193121 410629 726897 632114 416149 96409 406111 325049 547024 493364 213707 81631 650729 221225 348299 418149 885562 440988 874423 733413 152127 831137 698135 396895 393851
378462 649779 431735 429419 999999999 932839 968054 465072 289192 530208 382624 880794 239381 482676 454462 449988 460730 49328 442691 222605 890766 770821 782500 467677 350555 296290 372897 628281 689205 678019 358768 400887 653624 93518 675958 536486 926713 887626 497878 545763 297739 716374 298891 873090 924776 921973 494529 376125 394544 801747 468675 379547 917334 489510 400787 382605 113493 132549 572632 470485 295740 263160 836630 168970 557330 585748 581329 308991 458582 512629 348137 339562 414312 153361 63695 248165 61899 911002 365308 227801 479381 775340 420272 704130 436583 352114 444244 805052 381341 407077 695496 885591 250412 952102 661387 581072 708177 663567 773532 543933
808753 368456 1143715 582767 932839 999999999 36033 647972 693710 982165 1013227 677531 1016204 884826 659365 1086076 1184731 948517 572942 915928 292995 297898 303692 1133013 798220 642446 774715 943437 934689 565334 844605 851195 955722 1019178 880223 703009 640361 45214 457276 763859 665967 223887 824270 731074 202042 472890 537087 1067642 662387 131638 811835 569158 159650 1136750 749887 563660 955685 995076 814199 1170830 639665 1027516 223783 783078 810954 402322 912687 653016 559369 420210 869721 783492 559175 881033 987667 696253 940436 396246 930137 786267 622937 177887 549293 408789 679366 581432 521478 422988 797603 922736 259730 757391 791496 639717 770877 502391 886019 708626 190599 454911
844118 402618 1179359 613660 968054 36033 999999999 676044 729739 1016191 1048760 700495 1052234 919127 694339 1121371 1220363 984063 603555 948378 312453 327559 332333 1168373 828309 677018 810176 975773 965800 595636 874346 886343 987679 1054645 911236 736458 660738 80733 493307 797070 699490 256905 855439 755000 217557 491107 572416 1103352 692714 166386 838705 605112 162445 1171955 778937 599587 989782 1030949 846984 1206339 674481 1063529 238182 817477 844005 437755 945659 689007 595006 455459 899691 813945 595192 914633 1023115 730645 975086 414353 965627 822297 650865 207634 585317 439667 714475 616872 554018 448338 826911 951464 295453 781174 827519 658826 801672 528234 916356 739201 218564 490381
644874 557978 862104 107131 465072 647972 676044 999999999 449429 857865 770929 948759 672608 771496 594729 851743 897788 507112 105973 323858 756287 646053 662008 883775 166568 257284 615024 906580 944693 729355 205999 690943 930485 555518 907456 699242 962636 607968 420787 745860 203411 434742 210854 970566 738400 873892 524752 791861 73361 528773 167671 382501 564324 900755 107203 376007 416995 587302 796428 900109 272967 694502 469934 304692 783135 501740 857503 412650 503167 335736 232911 159731 436488 333994 528191 261086 432900 826159 713911 496614 25445 470285 430655 651372 594495 315363 186489 753853 155922 276103 511255 992671 523615 980224 837735 156529 933219 803884 457647 500608
195898 370763 473144 357710 289192 693710 729739 449429 999999999 410811 354959 605921 323379 322116 181663 436571 513657 283298 367054 414936 608762 491466 501786 477534 438113 192292 165638 458761 501659 393885 474719 243098 483180 353962 470101 281339 645814 649573 236808 313138 251726 498757 411132 606460 652417 632811 205962 395879 382477 568677 547842 128982 714889 488805 451904 136040 368886 308780 357651 506321 176462 336354 651051 233742 343192 310911 409267 46822 170217 294504 481245 418044 137541 338039 325382 204644 327858 622875 282246 92564 448423 561121 146318 416596 170287 156653 315735 516119 464799 556284 438929 622492 101889 670246 420428 488318 498767 405215 565347 263556
215758 613710 259565 768510 530208 982165 1016191 857865 410811 999999999 173743 543395 327770 99826 331124 174025 287725 487195 777842 741207 783613 702630 704035 214493 819817 601021 249388 125462 194520 455619 846827 167728 145349 517590 214432 282129 611948 944359 569860 225691 655934 838721 780739 504030 864623 705237 455997 226382 788450 880379 937710 512886 1051310 202023 846638 520982 643600 428996 188479 260672 585891 310826 1007964 594665 184537 587508 104013 452748 445160 664373 845636 801834 481026 661558 511179 601742 591832 740181 165028 366834 858324 897927 491455 590389 315478 562491 723046 637336 849571 915571 729526 501936 337815 638852 282952 895664 242759 333720 908242 537626
205974 652986 132325 695113 382624 1013227 1048760 770929 354959 173743 999999999 680404 158372 189837 359828 82203 172652 335563 706254 602905 857274 759290 764215 123202 704542 524079 238779 296315 365384 547488 724602 170431 318042 354248 376196 361665 744527 971673 566633 325124 568396 839996 659629 649267 926518 810748 476835 64613 698253 897955 824997 479286 1057238 133998 740777 487039 495032 266578 313327 157653 511518 139126 1000286 481039 302475 611051 262958 401726 454032 644011 719234 688671 465890 526874 352638 509940 444233 832482 83411 279607 776099 901928 476626 654864 337943 510583 666040 723517 735419 784432 753651 651443 257371 771883 418352 836449 407153 454777 908728 558398
526367 414868 796266 841804 880794 677531 700495 948759 605921 543395 680404 999999999 788291 490684 427589 712342 828506 859796 843083 1017961 390381 397459 386068 756307 1007095 742401 518078 435497 384785 222304 1051229 531062 430516 920746 340160 348895 71440 659370 528063 361358 805239 663855 994467 59601 488562 226866 434489 744437 906092 641937 1094783 588230 811519 745294 998736 592154 972710 846307 367330 802648 726913 782898 818931 834786 377937 455289 439762 608609 464586 621603 1064024 986241 531650 943159 899038 781853 928346 296803 615661 653010 934634 697717 533673 321335 444376 656400 763039 258104 1027344 1138768 520985 83173 631851 96764 263170 892374 322741 229194 716411 448367
265831 677403 194056 612427 239381 1016204 1052234 672608 323379 327770 158372 788291 999999999 315797 405585 213680 226527 190168 624822 461885 903305 793740 801579 228334 581846 448039 284130 444645 512310 623078 595194 257614 468059 197281 514634 445423 846762 972346 558938 427278 478346 821197 532750 765421 959868 886744 499422 137701 599321 891996 701973 451353 1036222 250444 625772 457903 347305 112011 432379 232901 439188 23782 968280 369368 418840 624218 405121 366781 468772 614751 586275 568349 457218 391137 199307 419509 298648 895990 180809 231201 682013 883458 466966 701150 382803 461243 600557 785395 612986 646454 759258 771510 224893 873893 535488 761868 546834 559130 886827 573094
127077 516514 309183 678697 482676 884826 919127 771496 322116 99826 189837 490684 315797 999999999 231357 228992 344595 444805 687452 681662 695496 609283 611577 276110 745467 514243 156891 147106 206642 372369 775830 85735 172663 487078 199959 190694 555390 846464 470203 141738 571916 738923 709898 459721 773256 630530 356337 253753 703802 781394 861018 416762 951757 270919 767617 424822 593947 400673 123490 321396 498546 304905 908145 523071 112963 488398 98806 361452 345375 565535 777026 726644 382625 600868 474943 520235 542534 659096 134988 291988 770432 798215 392941 498439 215691 469405 629494 553108 774354 849136 630845 462624 262205 582724 228557 801584 232448 266640 808453 438183
154218 294221 492108 492193 454462 659365 694339 594729 181663 331124 359828 427589 405585 231357 999999999 428299 532452 436987 498398 596595 501904 399793 405277 475854 610542 349526 124927 330976 356217 226553 650068 192598 351799 501922 314496 105310 472285 619526 241358 153103 413640 507608 588224 425301 567207 484435 125171 419196 535679 551573 713768 213868 720605 478161 616304 221087 545230 436175 206802 515829 332854 408537 677244 415077 195434 258827 286776 195532 115903 341434 658613 589949 166096 519371 477634 376334 500807 490431 276630 227547 588227 566873 174950 298642 22921 279372 429354 379847 635241 733946 402195 440929 209707 497808 245776 595634 338951 224207 577119 207593
277448 722520 85541 777017 449988 1086076 1121371 851743 436571 174025 82203 712342 213680 228992 428299 999999999 116388 401466 788222 672247 918228 824926 828876 48084 780874 606057 312112 298097 366189 600031 798994 235715 315471 409758 388430 415497 779369 1045198 643949 370616 649621 917744 734665 675663 991358 859501 548990 77379 778880 973167 901484 559850 1134761 52425 818981 567672 560161 325689 347652 92415 593601 190730 1079572 559021 339544 683829 276723 483269 528323 723924 792362 765567 544232 598372 412985 590968 510599 886735 158598 361764 857335 979425 555009 717600 407362 592493 748226 779521 811891 855586 827088 674699 339533 806545 449451 918641 416673 493783 986760 631356
378612 825578 41101 833191 460730 1184731 1220363 897788 513657 287725 172652 828506 226527 344595 532452 116388 999999999 411599 845207 680713 1028476 931744 936491 73461 807597 665101 411081 409094 475641 713903 819161 341941 424377 399296 501687 528542 895699 1142833 735008 485841 700724 1007107 757759 791151 1098874 974674 649023 118357 824432 1067958 927374 641404 1224373 90900 852257 648860 561765 328363 464021 29170 654556 203791 1164120 595585 455779 782874 391429 560228 625363 807206 808852 794481 633203 613998 411268 641562 516602 1000259 256016 429070 906337 1069313 643819 826578 510594 665032 814153 892260 838707 865764 925023 789587 412255 922861 565743 980251 528844 610057 1075259 730205
347181 651370 382417 464997 49328 948517 984063 507112 283298 487195 335563 859796 190168 444805 436987 401466 411599 999999999 478158 271720 891098 772526 783482 418497 398232 321402 345550 588954 651390 662858 407658 365272 614111 71786 640812 512552 908427 903385 504760 516957 331024 735580 347124 849106 930053 912625 488973 327171 435510 818252 516958 386326 940723 440442 446994 390309 159484 83866 540306 421174 318526 213938 862523 205371 525137 588921 542934 309825 453397 529245 397355 386582 415285 202399 42084 277610 109160 905729 322969 209842 520260 795659 422263 699808 417702 367369 473179 798134 429153 456343 705395 860437 228213 934289 632513 617110 673230 638697 795000 544475
562515 452964 807544 13308 442691 572942 603555 105973 367054 777842 706254 843083 624822 687452 498398 788222 845207 478158 999999999 352735 657056 544324 560168 823773 225808 182175 530617 817640 852091 624181 273074 610115 840902 536102 812653 601709 856663 530619 315029 650928 148070 352092 252511 865571 645301 769560 421552 734081 89806 447454 266046 284592 510009 838864 183678 277555 420730 552225 702911 844480 195166 645167 419327 273830 690173 395969 769285 326001 401719 230733 297435 210568 336387 337738 506185 205721 423909 723547 642627 427056 92346 395935 329774 545851 500106 220864 80531 648918 228524 355564 412798 887914 451594 874287 738633 139020 837324 702458 386342 394805
564243 709248 653253 340794 222605 915928 948378 323858 414936 741207 602905 1017961 461885 681662 596595 672247 680713 271720 352735 999999999 944410 823404 837599 690217 165775 301197 548936 828761 884684 800327 152663 596442 854319 286561 863828 694189 1052982 871983 547724 717920 256382 692076 114096 1021022 955928 1014180 593150 598720 272075 786161 266638 445526 862669 712113 228072 444420 121596 352937 754346 691853 312237 485651 771949 183221 739061 643088 779919 409515 559158 517595 134564 165851 497386 80937 269956 249292 164152 987212 576866 396091 345819 742272 498742 784470 584346 388279 394450 891381 191007 185072 716396 1037375 424943 1076071 830378 472153 894944 819643 734755 615216
654717 241268 989140 661877 890766 292995 312453 756287 608762 783613 857274 390381 903305 695496 501904 918228 1028476 891098 657056 944410 999999999 121523 108548 966306 870757 643611 626829 717854 694434 330123 919156 686891 724892 962323 640059 504828 348290 283268 399901 557990 690733 354898 879464 446648 98300 180081 407216 918840 741636 294156 922375 514173 440573 964410 839126 512526 946904 914541 599090 1009200 633787 908382 470846 776676 600267 306620 697244 582191 441080 434997 939799 851883 476591 888090 933084 697117 917177 103819 775402 693375 734957 362671 470497 203267 524744 559262 582400 153246 880549 1006418 245054 472363 687467 346789 531262 646942 638827 468777 382881 346958
554008 121183 891615 548219 770821 297898 327559 646053 491466 702630 759290 397459 793740 609283 399793 824926 931744 772526 544324 823404 121523 999999999 16064 872892 753614 522416 523742 651936 638925 268178 801901 590191 662568 843997 584262 420501 375662 270727 278387 478647 570493 275764 760449 445726 167474 238696 294476 818984 626711 244484 810357 393161 416469 873119 724511 391336 825507 799033 525623 914210 512417 800284 422014 655153 524176 185550 624826 462936 326653 317855 821910 734401 357313 766603 814403 575758 796197 180956 676290 578175 625838 302019 350750 113824 422127 437765 467584 140893 764645 889714 142145 472278 574193 382950 474506 547766 588838 411861 321303 228147
559383 132789 896516 563997 782500 303692 332333 662008 501786 704035 764215 386068 801579 611577 405277 828876 936491 783482 560168 837599 108548 16064 999999999 876896 768973 536502 529668 650632 635944 264799 817236 594674 660694 854848 581224 422042 362442 278388 291740 479372 585131 290452 775440 435308 162490 223108 302874 824374 642365 256183 826209 405626 426365 876682 740179 404000 838454 808750 525381 918571 526303 807719 434469 668557 524402 198092 624583 474181 335712 333347 837134 749708 368537 780224 825415 589649 808632 164893 681409 587711 641833 315187 362248 113726 427784 451398 483285 128465 780171 905121 158005 461860 583061 369115 471345 563770 584934 408507 334636 239028
324260 770056 54898 812285 467677 1133013 1168373 883775 477534 214493 123202 756307 228334 276110 475854 48084 73461 418497 823773 690217 966306 872892 876896 999999999 805973 641884 358544 335660 402379 647705 821733 283355 351157 418741 428267 463400 823919 1091945 689106 417840 682932 962703 758320 718271 1039382 906591 595958 93186 810611 1019342 926528 602432 1179873 24691 846518 610167 575003 338863 393282 46344 630015 204577 1123446 586966 385691 730702 318351 524346 574692 767214 813717 791423 588756 618778 425485 623933 526873 934451 203847 399270 890371 1024538 599509 765673 454759 632527 786540 827403 837094 874709 873821 716427 378665 851018 493940 955848 455384 539721 1031552 678163
619887 650396 775865 217039 350555 798220 828309 166568 438113 819817 704542 1007095 581846 745467 610542 780874 807597 398232 225808 165775 870757 753614 768973 805973 999999999 265478 596407 889445 937337 784839 48438 660345 914593 431741 907905 714941 1031697 756212 495164 751026 201913 577900 54060 1019785 866671 966529 572610 712804 136020 673261 120623 418958 726091 825795 63041 414941 275478 482045 795525 814689 281519 605241 632585 225659 780909 587272 839610 415154 543455 435949 71627 20874 475708 200325 408984 234579 304280 928361 662124 454224 190868 620741 473424 736770 604043 350787 290348 843427 31147 136400 630062 1039284 483850 1052222 855486 321931 936832 832773 610246 571963
387592 408195 626888 171156 296290 642446 677018 257284 192292 601021 524079 742401 448039 514243 349526 606057 665101 321402 182175 301197 643611 522416 536502 641884 265478 999999999 357929 650510 691096 520373 308850 433816 674707 387630 656474 454778 769311 597341 246787 496088 64402 422377 253292 754320 659344 716446 308135 552719 190538 510814 364280 154378 621054 656767 266782 151095 314946 386282 544409 663445 16689 467368 541274 141065 530560 342152 601182 158073 278152 225704 322040 244610 210755 246693 356113 54994 298099 686683 461246 244993 257379 480161 209183 485877 345689 89102 154085 593151 287863 396467 421122 773821 270064 790675 595298 315150 683673 569114 477668 317038
35968 414753 370316 521814 372897 774715 810176 615024 165638 249388 238779 518078 284130 156891 124927 312112 411081 345550 530617 548936 626829 523742 529668 358544 596407 357929 999999999 294232 341207 339366 629602 84477 319025 403363 315541 169184 571299 733450 333823 173037 416693 607518 564325 504194 691216 602626 238057 295927 547993 661067 709578 264256 823974 363580 614824 272360 476244 328501 205416 396210 342072 285343 772270 379072 190126 372421 244497 204631 216214 420812 633099 576976 237441 468309 383125 366848 427220 613120 155485 153119 613643 668761 248177 423566 102118 313370 473829 502575 624411 706843 515335 514989 125323 597959 288553 646347 346250 293581 676868 319804
269631 579786 383388 809829 628281 943437 975773 906580 458761 125462 296315 435497 444645 147106 330976 298097 409094 588954 817640 828761 717854 651936 650632 335660 889445 650510 294232 999999999 69231 388691 921017 232493 25557 627050 95924 248038 506036 909078 569886 186188 710443 824847 855246 390774 805741 617521 446511 351497 841010 853588 1003591 537963 1029544 320286 909045 545751 740183 539191 131612 381070 634334 429723 996797 668621 138683 566801 49840 493949 445602 672011 922896 870289 495621 747954 617164 661077 688625 661548 269268 437678 903685 880595 505020 538131 322836 597025 754294 566237 917873 995421 702251 385668 407917 532175 189782 923843 120128 250170 893220 521949
321085 578179 451193 845075 689205 934689 965800 944693 501659 194520 365384 384785 512310 206642 356217 366189 475641 651390 852091 884684 694434 638925 635944 402379 937337 691096 341207 69231 999999999 371161 970804 289353 51332 692018 54742 260861 456129 902617 587470 203550 752706 831360 905469 335801 785841 580282 462095 420705 881357 852524 1049270 568816 1030025 385943 953559 576307 800081 604655 149525 447274 674630 497919 1003427 719744 161919 573108 108796 533162 466461 691905 974034 917750 522275 803748 680971 705966 748804 630176 335025 490229 940209 884667 530940 526133 352208 631375 785144 541324 965032 1047440 702570 327822 460744 481369 164647 951773 62066 227601 898479 532065
358468 227375 676324 622232 678019 565334 595636 729355 393885 455619 547488 222304 623078 372369 226553 600031 713903 662858 624181 800327 330123 268178 264799 647705 784839 520373 339366 388691 371161 999999999 829124 379668 397223 728404 316433 185842 252819 535347 310266 231475 583020 489690 772878 241531 417089 264767 212286 611427 684665 493288 872994 366084 671169 643280 776710 369906 762771 662030 269308 692266 505013 622798 657552 617212 271291 249301 367142 391151 243181 409085 842229 763990 309647 727416 703791 560862 721029 286776 469991 453038 716237 535309 311445 157004 247292 434108 544801 181720 805044 916829 349957 264532 436219 276620 206546 683204 320735 143737 551601 231912
651471 698168 789017 264706 358768 844605 874346 205999 474719 846827 724602 1051229 595194 775830 650068 798994 819161 407658 273074 152663 919156 801901 817236 821733 48438 308850 629602 921017 970804 829124 999999999 690286 946327 433643 943070 753797 1077020 802884 542219 787820 246331 625033 66100 1062723 914991 1013974 616841 728838 183318 720356 114059 463041 769207 842340 98802 459344 271411 491308 830931 827862 324504 618849 675208 252867 816132 634772 871256 454559 586957 484302 27107 67660 519582 205449 413554 273862 306994 976364 686711 483851 231114 666924 517726 783983 642570 395574 338724 890784 50363 88840 678489 1081827 513629 1097827 894050 362514 972504 873251 656019 618508
48993 486813 302300 600807 400887 851195 886343 690943 243098 167728 170431 531062 257614 85735 192598 235715 341941 365272 610115 596442 686891 590191 594674 283355 660345 433816 84477 232493 289353 379668 690286 999999999 258036 412455 275552 194896 590819 810786 416641 169765 489841 689799 624319 507938 757118 644107 314460 232963 622173 740501 776435 348396 905653 285678 683627 356497 510958 328733 178641 324029 418521 251886 855636 437471 164146 449366 183477 285213 296208 505155 691329 641665 321619 515584 397738 436920 459851 663085 90342 206449 690951 750667 332323 484677 171894 395369 555945 553695 689406 763401 592863 514584 176689 618073 279012 728690 307958 301879 759280 397174
294881 593963 400278 833228 653624 955722 987679 930485 483180 145349 318042 430516 468059 172663 351799 315471 424377 614111 840902 854319 724892 662568 660694 351157 914593 674707 319025 25557 51332 397223 946327 258036 999999999 651641 91100 265284 501560 922073 589348 204112 734902 841640 880581 383488 814137 618990 465269 371701 865236 868209 1028530 560371 1044726 334617 933839 568108 765606 563649 148768 395975 658479 452699 1013721 693997 157501 583274 75073 517837 465671 692140 948298 895393 517101 773511 642058 685858 714030 665476 293804 463099 927332 896737 526352 548931 344564 620154 776857 572530 942954 1020877 717159 376750 433347 527275 194113 945896 109548 256140 909706 539404
400630 722869 375828 522821 93518 1019178 1054645 555518 353962 517590 354248 920746 197281 487078 501922 409758 399296 71786 536102 286561 962323 843997 854848 418741 431741 387630 403363 627050 692018 728404 433643 412455 651641 999999999 686102 572146 971410 974014 576527 571589 391224 805052 378430 907419 1001807 980844 559147 332675 485992 888650 546427 458070 1008392 442264 485643 462002 165177 88603 590397 413473 385982 219352 928727 262470 575519 660598 583239 381477 523744 599458 419397 422873 486849 231418 31662 340923 127483 975535 357837 276725 570709 864717 493917 770064 481833 437775 537119 867449 461770 470159 777012 917577 292216 997575 686401 674339 718659 696807 863561 615890
300275 524946 473968 806166 675958 880223 911236 907456 470101 214432 376196 340160 514634 199959 314496 388430 501687 640812 812653 863828 640059 584262 581224 428267 907905 656474 315541 95924 54742 316433 943070 275552 91100 686102 999999999 214629 410988 848383 540114 161750 719110 779645 878335 294850 731213 528812 414542 435473 845880 799099 1017626 528299 976778 414092 921150 535568 784808 600301 112456 474151 639868 502364 951578 694188 127000 521799 113544 498472 421250 645182 947631 887979 479647 783010 672733 674705 734149 577073 334214 467772 901901 832281 487859 471575 313001 592690 743708 487032 934868 1021776 649545 290013 438915 436910 109907 908322 32559 172860 846370 482087
179907 335580 490666 595925 536486 703009 736458 699242 281339 282129 361665 348895 445423 190694 105310 415497 528542 512552 601709 694189 504828 420501 422042 463400 714941 454778 169184 248038 260861 185842 753797 194896 265284 572146 214629 999999999 402959 666645 326613 62105 518830 576810 691285 336753 583145 449515 201331 425687 640849 607523 818972 317269 782477 460226 721542 324177 634388 497555 116619 507445 438101 442863 748779 514763 109996 318850 211298 299805 206625 431136 761605 694423 266357 615487 551093 480456 587472 471723 284954 309696 692170 632721 274132 308514 111351 383950 530765 364027 739984 836840 455946 349203 286096 429825 140653 693940 236632 127339 645211 274135
582488 413847 862711 856480 926713 640361 660738 962636 645814 611948 744527 71440 846762 555390 472285 779369 895699 908427 856663 1052982 348290 375662 362442 823919 1031697 769311 571299 506036 456129 252819 1077020 590819 501560 971410 410988 402959 999999999 626236 543099 422063 830733 649305 1022536 126933 444876 173237 462054 808866 924523 617604 1113898 615099 781385 813533 1019181 618220 1014507 899668 432671 870229 754431 842519 796611 869936 442429 462307 508716 643960 494628 629966 1091270 1010949 559543 980232 948478 811854 971796 248323 677238 699675 946983 677590 560272 317904 490822 681508 776154 235139 1050353 1165310 508599 145864 680262 27361 329991 895215 394072 290214 696949 463500
767761 331167 1101782 540189 887626 45214 80733 607968 649573 944359 971673 659370 972346 846464 619526 1045198 1142833 903385 530619 871983 283268 270727 278388 1091945 756212 597341 733450 909078 902617 535347 802884 810786 922073 974014 848383 666645 626236 999999999 413441 727923 621361 179989 781330 711272 200810 462847 496371 1025496 620249 86619 772860 524557 157410 1096105 708854 518981 910751 950265 779075 1129321 594492 983896 203197 738027 775300 361451 877109 608561 517644 374997 827786 741173 515580 836356 942496 651208 895298 387050 888737 742137 583104 138032 505604 378344 639154 536256 477588 402277 756299 881901 218123 737745 747773 627460 739569 464942 855381 677816 152834 413846
369638 161548 693921 314003 497878 457276 493307 420787 236808 569860 566633 528063 558938 470203 241358 643949 735008 504760 315029 547724 399901 278387 291740 689106 495164 246787 333823 569886 587470 310266 542219 416641 589348 576527 540114 326613 543099 413441 999999999 385742 300298 273869 493886 551770 426956 472305 125573 616830 381733 334365 571132 118571 490817 695992 477373 115278 547361 542405 441188 723635 235547 570504 439217 376819 431850 95376 527303 198292 125480 105692 559387 474847 102521 488584 545873 298769 519411 439957 485445 329260 406634 335478 92303 241860 254697 159940 235025 348927 511154 631056 202660 574722 334342 561758 449523 377918 559347 403671 343098 79850
170975 397068 449631 644417 545763 763859 797070 745860 313138 225691 325124 361358 427278 141738 153103 370616 485841 516957 650928 717920 557990 478647 479372 417840 751026 496088 173037 186188 203550 231475 787820 169765 204112 571589 161750 62105 422063 727923 385742 999999999 559246 638729 723942 339063 639269 488906 261230 389737 684853 669485 858681 366679 844567 412393 761775 374005 649071 491938 55468 463031 479432 421542 810636 542687 47892 380907 149401 338473 263275 489344 793849 730826 318925 637878 553274 516803 600231 517867 255187 324571 740166 694790 327473 365647 151370 430959 582453 412915 777257 868638 517923 347079 297834 449388 115662 748312 187676 132264 707212 335763
444866 460042 663847 135182 297739 665967 699490 203411 251726 655934 568396 805239 478346 571916 413640 649621 700724 331024 148070 256382 690733 570493 585131 682932 201913 64402 416693 710443 752706 583020 246331 489841 734902 391224 719110 518830 830733 621361 300298 559246 999999999 442644 193885 818037 699626 772382 370753 591851 132544 534897 300143 217050 629259 699217 202777 213123 292437 404184 606850 701328 80946 499187 544290 129361 592817 394869 660887 220786 341599 261218 261001 181045 273796 215160 360691 59186 286104 739294 510500 293213 207717 496757 271576 541715 409328 149246 150820 648966 223622 334599 460059 837733 320379 851668 659411 286970 746666 633516 491712 374205
643246 262332 966087 361208 716374 223887 256905 434742 498757 838721 839996 663855 821197 738923 507608 917744 1007107 735580 352092 692076 354898 275764 290452 962703 577900 422377 607518 824847 831360 489690 625033 689799 841640 805052 779645 576810 649305 179989 273869 638729 442644 999999999 601721 706331 312892 512086 383130 888764 441890 95370 601671 369994 217303 969828 532586 363318 733491 788227 693355 996581 421019 834970 172139 561993 686484 258482 786366 454439 394638 208091 649527 562371 374192 657802 773399 475251 720290 446349 759190 590127 410540 62383 363498 345525 523767 369204 297639 414390 579339 705729 143174 732495 600065 658008 676882 302340 792975 620142 69584 303488
585775 652669 726783 241900 298891 824270 855439 210854 411132 780739 659629 994467 532750 709898 588224 734665 757759 347124 252511 114096 879464 760449 775440 758320 54060 253292 564325 855246 905469 772878 66100 624319 880581 378430 878335 691285 1022536 781330 493886 723942 193885 601721 999999999 1004122 881310 966136 560926 665271 165814 696905 169834 407449 760465 778614 114469 404369 221418 430988 766345 765634 268121 556297 668121 186854 751476 588009 805508 393066 529896 445160 70396 51775 463365 147194 356268 213444 250950 931825 620794 417910 233627 647963 462281 735514 579947 341798 307061 842728 83354 145753 642641 1022685 447694 1043965 831206 362336 907974 811997 638766 568068
508528 451423 760478 863436 873090 731074 755000 970566 606460 504030 649267 59601 765421 459721 425301 675663 791151 849106 865571 1021022 446648 445726 435308 718271 1019785 754320 504194 390774 335801 241531 1062723 507938 383488 907419 294850 336753 126933 711272 551770 339063 818037 706331 1004122 999999999 544945 286200 449163 712504 924403 689778 1111862 601436 861655 705910 1015014 606030 969095 829974 336606 764554 738391 758405 865109 838493 348702 485878 400022 613701 476506 649426 1074182 998914 544574 944482 887241 790728 923144 355115 589074 645787 957691 743138 547726 361120 439797 670534 786309 308997 1041343 1149332 563157 26554 622781 149143 231481 922653 274269 210622 761397 473090
721409 283022 1058836 651915 924776 202042 217557 738400 652417 864623 926518 488562 959868 773256 567207 991358 1098874 930053 645301 955928 98300 167474 162490 1039382 866671 659344 691216 805741 785841 417089 914991 757118 814137 1001807 731213 583145 444876 200810 426956 639269 699626 312892 881310 544945 999999999 273872 460488 986402 733288 233967 906036 545245 356804 1039082 828979 542224 970709 961094 683405 1081047 651644 966907 399752 797501 683345 341733 782348 620545 491510 438503 937376 848937 515877 906030 971563 714115 945381 197223 843608 741170 715438 304821 508257 274822 589579 580589 576390 247574 873082 1000094 239590 570643 738764 441873 621676 614635 731629 558786 324463 389478
623005 317404 938025 771833 921973 472890 491107 873892 632811 705237 810748 226866 886744 630530 484435 859501 974674 912625 769560 1014180 180081 238696 223108 906591 966529 716446 602626 617521 580282 264767 1013974 644107 618990 980844 528812 449515 173237 462847 472305 488906 772382 512086 966136 286200 273872 999999999 429018 874996 846855 465583 1034400 568852 619855 900287 944315 569768 995510 919789 516958 951915 703630 887102 644691 835553 522468 379263 607946 618461 464922 538924 1031592 946426 519307 948486 954377 765504 958563 76762 734353 704171 855193 530655 516681 230703 506505 627539 690214 123417 981009 1102752 380636 309900 690955 168119 428363 784628 519891 372017 550668 399490
271710 178888 608174 418057 494529 537087 572416 524752 205962 455997 476835 434489 499422 356337 125171 548990 649023 488973 421552 593150 407216 294476 302874 595958 572610 308135 238057 446511 462095 212286 616841 314460 465269 559147 414542 201331 462054 496371 125573 261230 370753 383130 560926 449163 460488 429018 999999999 533075 475619 426784 662701 153802 595465 599755 565881 157676 566778 507606 316688 634227 292881 506505 553601 411173 307971 134921 405434 189580 35988 230867 630095 551754 97572 523290 531043 349814 529581 416913 393525 286531 513841 441945 99187 210919 143297 222015 344918 310570 593113 704602 278403 470036 280361 484169 325314 499409 433950 282724 452533 82811
265001 710610 77435 722383 376125 1067642 1103352 791861 395879 226382 64613 744437 137701 253753 419196 77379 118357 327171 734081 598720 918840 818984 824374 93186 712804 552719 295927 351497 420705 611427 728838 232963 371701 332675 435473 425687 808866 1025496 616830 389737 591851 888764 665271 712504 986402 874996 533075 999999999 718609 950081 833368 523274 1106023 113629 753417 530770 484972 249532 377169 111226 541420 114308 1045935 493985 366607 666276 321930 442559 508439 689023 721123 698237 514924 526370 336753 532731 436038 895897 143454 312976 798945 950980 525526 716014 396894 548417 699650 786639 743922 782831 807914 714117 294871 836217 482002 867502 465732 519260 956902 613630
576842 529452 788749 81576 394544 662387 692714 73361 382477 788450 698253 906092 599321 703802 535679 778880 824432 435510 89806 272075 741636 626711 642365 810611 136020 190538 547993 841010 881357 684665 183318 622173 865236 485992 845880 640849 924523 620249 381733 684853 132544 441890 165814 924403 733288 846855 475619 718609 999999999 537247 189406 327288 594661 827718 97846 321528 353962 514985 734122 826766 206848 621175 502356 231966 720456 469132 791634 348198 451035 309508 207643 121273 383132 270170 457985 188900 365598 804244 642380 425278 84845 485088 378480 619723 533726 258265 159278 724814 139800 266818 498674 945600 452739 943461 780589 200788 872524 750011 474982 461061
696027 274462 1026858 456573 801747 131638 166386 528773 568677 880379 897955 641937 891996 781394 551573 973167 1067958 818252 447454 786161 294156 244484 256183 1019342 673261 510814 661067 853588 852524 493288 720356 740501 868209 888650 799099 607523 617604 86619 334365 669485 534897 95370 696905 689778 233967 465583 426784 950081 537247 999999999 695126 442148 178081 1024605 627598 436258 824132 866639 722349 1055502 508124 904277 179463 651444 717297 293023 818821 526582 444898 289252 744887 657737 436886 749829 857089 564621 808825 393803 815586 661128 504306 70857 426625 338657 570067 450912 391990 384645 674515 800762 151585 716311 668102 622594 692210 391479 808841 632128 90625 344040
734639 717156 896027 262763 468675 811835 838705 167671 547842 937710 824997 1094783 701973 861018 713768 901484 927374 516958 266046 266638 922375 810357 826209 926528 120623 364280 709578 1003591 1049270 872994 114059 776435 1028530 546427 1017626 818972 1113898 772860 571132 858681 300143 601671 169834 1111862 906036 1034400 662701 833368 189406 695126 999999999 511714 718153 946401 97602 506570 385228 600823 905189 934866 380935 725434 623148 345132 890881 657851 953769 520373 636539 495656 133985 136585 568321 316276 525335 343309 419256 989516 781408 571187 191228 634855 564477 808414 709323 442277 344279 912919 89602 132656 677569 1132604 600587 1132867 959544 311210 1045732 932662 621238 650459
299409 273091 600682 278656 379547 569158 605112 382501 128982 512886 479286 588230 451353 416762 213868 559850 641404 386326 284592 445526 514173 393161 405626 602432 418958 154378 264256 537963 568816 366084 463041 348396 560371 458070 528299 317269 615099 524557 118571 366679 217050 369994 407449 601436 545245 568852 153802 523274 327288 442148 511714 999999999 585919 612271 414380 8104 433525 426425 419342 633037 139333 464979 522732 267340 407043 207618 490846 84648 125021 165854 476406 398092 56862 380304 427349 198190 403041 545271 402574 220181 374917 432325 54833 340046 216675 69440 216574 446410 439942 550826 319593 621542 230743 636682 455238 386246 552743 422758 436377 171560
859575 451856 1183362 521875 917334 159650 162445 564324 714889 1051310 1057238 811519 1036222 951757 720605 1134761 1224373 940723 510009 862669 440573 416469 426365 1179873 726091 621054 823974 1029544 1030025 671169 769207 905653 1044726 1008392 976778 782477 781385 157410 490817 844567 629259 217303 760465 861655 356804 619855 595465 1106023 594661 178081 718153 585919 999999999 1186774 670933 579000 921106 998089 898053 1213880 622458 1050596 95005 755597 892452 464802 993602 669950 609668 421477 795701 714422 591488 841002 976791 670593 914360 544296 976260 805602 538911 155340 580798 515873 737798 579076 478464 553451 719731 839352 327652 888204 816496 783528 870178 408956 986829 810201 149542 513725
328614 772256 78754 827538 489510 1136750 1171955 900755 488805 202023 133998 745294 250444 270919 478161 52425 90900 440442 838864 712113 964410 873119 876682 24691 825795 656767 363580 320286 385943 643280 842340 285678 334617 442264 414092 460226 813533 1096105 695992 412393 699217 969828 778614 705910 1039082 900287 599755 113629 827718 1024605 946401 612271 1186774 999999999 865450 620090 597566 361552 384945 61872 644542 226765 1131912 605637 378179 734663 305991 535532 579707 776334 834741 810972 596483 639997 448411 640373 549090 930015 210842 413006 906851 1031448 607264 764794 457567 644571 799868 823781 856889 896370 878045 703280 391294 840521 483862 969940 440355 531535 1038895 682282
640832 626943 819124 177550 400787 749887 778937 107203 451904 846638 740777 998736 625772 767617 616304 818981 852257 446994 183678 228072 839126 724511 740179 846518 63041 266782 614824 909045 953559 776710 98802 683627 933839 485643 921150 721542 1019181 708854 477373 761775 202777 532586 114469 1015014 828979 944315 565881 753417 97846 627598 97602 414380 670933 865450 999999999 409345 333890 530228 808763 857802 283450 648788 576753 259960 794559 566092 859276 423332 539296 407348 125755 63967 471065 255270 461277 247982 358815 902079 693011 479821 132371 572007 467401 716624 612092 344964 256974 822067 48810 173165 595681 1035579 508862 1038593 862078 263727 949020 835066 560386 556188
307509 271700 608167 271799 382605 563660 599587 376007 136040 520982 487039 592154 457903 424822 221087 567672 648860 390309 277555 444420 512526 391336 404000 610167 414941 151095 272360 545751 576307 369906 459344 356497 568108 462002 535568 324177 618220 518981 115278 374005 213123 363318 404369 606030 542224 569768 157676 530770 321528 436258 506570 8104 579000 620090 409345 999999999 434652 431607 426811 640624 136443 471724 515328 267283 414580 205908 498701 91124 129969 158536 473076 394089 61764 380152 431162 196335 404969 545128 410481 226812 368124 425616 58494 340459 224237 64504 208946 447093 435550 547317 315210 626322 237889 639600 461816 378350 559865 428713 429466 171525
