NAME : synthetic_000556
TYPE : CTSP-D
DIMENSION : 100
GROUPS : 8
RELAXATION_LEVEL : 1
EDGE_WEIGHT_TYPE : EXPLICIT
EDGE_WEIGHT_FORMAT : FULL_MATRIX
EDGE_WEIGHT_SECTION
999999999 265696 966506 363491 456759 786218 747286 234581 750490 552153 401233 596708 492360 414819 271332 393531 386050 881451 748650 863979 582025 675572 835081 486132 818726 850284 790438 206626 781832 397140 195987 565309 761034 775147 39000 621283 71641 361251 298553 412237 580393 565139 794243 707322 455414 311161 362670 70585 745590 432893 852172 277892 126265 396653 416798 426649 541737 319718 200668 376695 790897 77909 421463 324395 372462 144505 230110 99791 629814 566993 479751 249914 565279 606960 225414 768773 539927 402477 846279 522835 493753 257690 405604 341592 297901 591025 303060 796751 607730 516771 83080 383854 538233 675545 649221 248235 520947 927175 589440 827751
265696 999999999 729350 129916 406510 524608 485066 304978 556478 349326 373363 433206 237568 168939 393102 297287 154549 647977 525476 625143 462325 466996 588338 232428 634418 614513 531582 187194 528731 143912 361540 526264 543906 544790 278372 387194 230129 325099 178554 270874 315014 622491 529244 533915 465328 164300 231000 251455 480160 419721 651274 373360 155845 341876 315022 184001 329136 123652 293246 539754 529543 227313 219769 58710 291547 257273 319841 220038 491177 311116 265604 53244 516482 353462 59738 526123 587591 399529 595568 588693 514379 230234 224668 316956 461907 409930 151978 536526 634272 379368 348774 200409 345959 414734 406225 394482 255252 711148 363205 612039
966506 729350 999999999 720268 1032312 287946 497366 842009 861420 774901 716394 886624 624654 680858 915372 636823 717603 86786 749265 104261 526714 784910 152253 498742 287527 116222 257649 778039 225499 585496 1090864 692217 778584 723696 991009 683377 905354 990906 853623 585767 472388 904671 435427 907849 776571 660815 861187 973707 429466 736205 216518 1092100 881598 681917 619857 546840 747715 774162 1019063 1265510 505591 899782 546675 679098 935643 986602 1042627 946800 472449 593272 487622 723528 671792 596048 748199 656940 873029 752396 616970 906310 803159 752057 799020 993305 996139 416448 821053 266788 849493 910540 1043234 792674 445413 354563 323178 943197 528570 129979 710386 175995
363491 129916 720268 999999999 332901 477683 391242 434851 426674 219712 493428 309682 133134 53235 522448 406752 24850 646049 397996 617362 550230 337215 570667 234992 677454 611074 492424 317097 502535 175277 401400 637528 415296 419526 365046 262422 344482 273728 133972 367195 259660 748483 446188 406421 588139 276898 148848 328098 401934 540362 681021 378534 238316 458364 421066 219983 199232 57165 317790 556045 432899 342937 290241 103515 223118 304442 334968 289922 568646 206401 316406 181407 625616 244441 189344 406797 712933 522544 482795 715903 637519 358198 110208 274023 589460 468920 102230 493428 756003 267589 444156 90415 403475 375866 405023 522455 197272 725435 235432 630419
456759 406510 1032312 332901 999999999 763799 609082 648030 396992 290721 766163 235520 407668 358353 713341 701805 326311 964508 458133 932683 867818 371561 880148 566375 1010313 929340 786082 552333 807835 506267 331603 926896 452930 497220 429082 401853 491621 96352 227991 677137 559926 990858 679339 328236 849516 569743 184703 387153 650613 810114 1012204 235136 369214 740430 720589 551716 308325 295110 267277 367299 636128 494588 614875 419222 115117 314721 248310 358641 893034 448151 647450 453380 918835 460469 443798 529920 959827 785407 621940 951714 896221 609411 235202 115234 752879 799626 255827 782786 1017059 154581 501725 246304 734040 678126 729862 697263 505631 1051259 362828 958786
786218 524608 287946 477683 763799 999999999 212416 725869 574444 493071 654226 601817 361532 430289 813191 552154 468802 248780 463521 210241 531888 496972 148052 302548 426491 220002 33885 631787 85745 389643 873559 699076 493211 440381 802403 396919 737370 734507 610304 488616 218163 896399 159720 619902 739420 516574 604703 775825 142801 689318 379961 856104 679947 612069 544365 366496 467289 534651 793300 1033727 228607 732858 409414 467129 676560 771723 812204 742817 498705 316321 357538 536849 678782 312570 561025 374182 859907 693977 348476 884251 779337 626824 537417 740146 895715 388084 579605 21169 861346 632398 868438 535738 371338 110786 188122 832777 281051 359063 425883 307055
747286 485066 497366 391242 609082 212416 999999999 752628 364482 320234 729757 414646 258130 338008 844588 623438 373062 460924 251906 422455 662700 294260 360251 329747 620322 431115 245622 641126 292677 388641 787520 814785 281323 227983 753420 211097 714994 601705 506694 560264 199499 990223 72121 415335 824551 543631 479968 718369 70333 772100 582574 747228 625810 686654 623441 390007 300758 445108 701064 923593 45659 711939 464081 428010 542429 694497 712858 680716 644169 185950 431957 516985 796175 155508 537103 162005 952648 768352 155360 969795 870289 655818 409209 612212 923123 523324 481882 233239 969506 462786 829812 416527 483335 210960 328481 855988 240013 570542 247847 510638
234581 304978 842009 434851 648030 725869 752628 999999999 861015 653720 175772 730392 530876 471426 92092 208950 459524 755266 828627 746782 380067 771969 733160 433636 643577 729087 719980 118367 696396 363993 430408 333683 848039 845707 273580 688754 170007 552669 441228 256346 557891 343421 780888 835046 220849 212178 506557 295532 729119 200803 689853 505903 279158 184523 229411 368530 634082 418448 421797 609857 798287 164925 316970 346212 544311 363118 453525 305791 434911 599455 372406 255314 335692 643022 245557 821007 313987 169841 881845 303720 260383 99362 521208 536191 171612 431605 428358 730532 377297 665721 267979 496526 396703 619441 554471 106913 512809 776878 667082 681988
750490 556478 861420 426674 396992 574444 364482 861015 999999999 207300 910440 166479 363737 396956 947184 814374 402307 820100 114752 782113 920367 97295 720341 552829 952052 788389 606529 743650 649254 553794 695620 1039562 88869 149185 737677 209663 752526 447894 451972 763102 459015 1170903 430942 75454 1007290 693761 389398 693970 432023 957339 925873 615269 628538 871994 824151 583873 228230 446174 613021 763817 364041 752480 669267 523276 403901 637780 607679 655750 920404 328965 667123 607974 1024753 299547 615533 212299 1134600 942602 286836 1140037 1056663 784056 347676 467233 1010361 801867 449795 595564 1172137 255493 819818 371299 744957 541188 643743 944551 445064 927182 209883 856982
552153 349326 774901 219712 290721 493071 320234 653720 207300 999999999 708315 117147 181935 194364 740001 615663 195600 717051 200187 681774 737144 123482 624002 377381 808708 682636 519511 536443 550115 360052 524961 844151 209418 232293 543217 111132 548713 299471 257196 568335 316363 966571 391543 191081 804390 490973 202668 500604 367603 755327 794743 461088 427618 671170 627234 395636 29825 240179 438084 628988 345550 548306 478877 318424 243253 452150 439986 461493 744535 183286 486301 401119 830500 180600 408265 248020 930626 739202 338997 934788 853829 577720 146699 314309 803990 631311 249096 513385 970839 142748 625625 168453 569748 424548 504194 737860 280596 815084 72477 731903
401233 373363 716394 493428 766163 654226 729757 175772 910440 708315 999999999 802984 552839 514317 213337 106365 515570 631353 856953 629987 214028 815326 628718 400560 487903 610010 640805 218419 606899 362684 593524 166600 880616 866216 439627 716417 331224 675297 542740 170305 530571 264264 742082 898348 97634 217364 601848 454022 691210 47017 541779 658381 412773 43226 110016 345174 683710 497015 571153 777754 774184 325265 265789 390823 654409 513896 603356 455414 271981 609293 302831 320803 164439 651422 324934 829186 226927 39777 874543 240305 146580 159020 596974 661858 287024 300621 521342 654028 262687 752713 442957 573107 288133 559087 468478 247216 502424 634795 703694 546252
596708 433206 886624 309682 235520 601817 414646 730392 166479 117147 802984 999999999 297631 297384 812041 715532 288367 831291 224814 795477 846956 140049 736779 492022 925791 797139 629761 616442 662934 467261 529968 945884 217637 264728 580636 206130 606373 281420 300227 672324 433102 1055692 486748 110819 897164 586563 234404 536532 469829 849872 911752 448804 479248 768020 728856 505598 146879 312573 448532 599863 431976 607075 586738 412938 238826 476572 441936 499363 857037 298862 598506 486412 933274 290605 489031 305385 1020691 831441 396066 1021711 946459 663269 209562 300830 869409 745644 304751 622531 1065420 89027 661992 234239 683189 539220 621248 805545 397499 930722 176245 848542
492360 237568 624654 133134 407668 361532 258130 530876 363737 181935 552839 297631 999999999 79903 622054 453279 116062 558102 304464 525507 559126 266664 472480 195663 630016 523002 381025 413353 400299 191377 532280 676159 327777 316767 496434 163603 466095 372979 255238 399930 152297 816227 313943 367087 650408 340193 243239 460559 271349 599257 620314 500858 368993 512776 461747 220190 152339 187858 447076 678855 300115 463726 305530 186126 315206 437087 461600 422701 563846 74652 306535 278749 661133 115987 294774 290505 779240 587157 358033 788223 699399 442066 176268 378822 695203 449552 227499 379304 812235 294653 574177 174420 388561 270558 330713 627421 102623 649105 153875 560833
414819 168939 680858 53235 358353 430289 338008 471426 396956 194364 514317 297384 79903 999999999 560933 421402 38564 609277 357266 579057 550435 303618 529899 210679 656110 574135 446713 353060 460064 170275 453484 650451 376759 375864 417528 218284 392412 310055 180260 375466 213535 773956 393292 385236 610753 297143 180484 381055 349579 561308 654605 426474 290393 476863 433366 210664 169413 108626 369038 604436 379744 390479 289669 126993 255279 357393 384923 343016 563451 153380 306096 216127 637192 192207 228350 358672 737703 545834 432149 743215 660172 388826 123906 313050 630795 457117 150545 446776 776681 270510 496052 112832 392673 331649 371781 563300 152988 693250 195805 600433
271332 393102 915372 522448 713341 813191 844588 92092 947184 740001 213337 812041 622054 560933 999999999 278643 547251 829003 918168 823087 427357 859586 813275 524164 700115 804516 805949 208736 780128 455949 462818 343571 936980 936060 308442 778820 222123 617065 517475 334007 649379 295465 872134 918380 217009 302938 583793 339973 820337 219101 751631 549209 345854 237870 295756 459359 721390 502172 470454 630219 890245 218856 403787 436749 615060 412558 500782 359016 485143 691145 457205 345001 351005 734695 333372 912396 273183 190146 973835 252591 242184 189734 604064 599185 82781 500216 507824 817036 344960 743688 277350 579504 472624 708015 638118 36060 604834 842359 756170 750364
393531 297287 636823 406752 701805 552154 623438 208950 814374 615663 106365 715532 453279 421402 278643 999999999 427218 550390 756097 544690 189047 718279 537155 294475 436795 525949 540458 188236 509408 261948 572960 230850 780535 763833 428945 616340 322128 615676 474284 64422 424341 368711 636017 806634 201943 133041 528204 432985 585040 149487 481113 623552 371989 63216 23269 240677 589806 418727 535697 760994 667829 315838 159647 303264 587491 481971 567343 425211 236651 506606 197506 248445 219726 548174 259260 725053 331153 145417 768754 346425 249336 136946 514296 604618 360032 223115 449144 553072 359041 671954 451905 491402 194907 454554 368824 306600 397659 568023 605873 473740
386050 154549 717603 24850 326311 468802 373062 459524 402307 195600 515570 288367 116062 38564 547251 427218 999999999 645070 373228 615391 566365 312476 567023 240113 684863 609974 485015 341670 497650 188195 416234 657745 390450 395023 386402 238120 368603 273564 141698 385719 251799 771715 430002 383324 610729 298557 145087 348568 387054 562553 685921 387922 260363 479901 440893 231606 174609 72049 331269 565897 413917 367157 305570 124809 220095 321456 346658 310000 582831 187338 328106 205668 645445 223807 214072 383298 736019 545238 460416 739459 660143 382121 96046 275762 614303 480356 112212 485215 778240 250765 466157 80171 415207 369606 405965 547305 190722 727232 210675 633394
881451 647977 86786 646049 964508 248780 460924 755266 820100 717051 631353 831291 558102 609277 829003 550390 645070 999999999 710874 38570 446182 738309 100728 419457 228585 35175 215317 691677 171047 504510 1009417 614114 740759 688878 906553 632015 819661 918600 778410 499000 406427 826157 406570 861198 693895 574726 789700 890199 390856 652401 162139 1013970 798882 596263 533672 464541 688893 698659 939245 1186002 476453 814043 460896 599255 864555 905172 963569 864083 393784 533882 402003 640070 593486 541668 664629 622856 793679 667791 594128 826041 722061 665298 729826 919963 909952 330916 745622 228379 773540 848827 957645 721884 358639 292538 243372 856636 458907 111276 655871 102627
748650 525476 749265 397996 458133 463521 251906 828627 114752 200187 856953 224814 304464 357266 918168 756097 373228 710874 999999999 672617 844009 86854 610559 477574 853185 679941 496177 710267 540722 494499 723765 974428 30131 40371 741648 141136 739728 489031 456801 700241 369592 1120606 316837 177786 954572 644500 402633 699535 320724 903187 822987 654924 622948 816463 763179 517940 206983 430923 637395 816360 249399 738724 603273 482928 436676 652321 637790 660280 838500 251807 592679 573375 958308 214184 585160 97730 1083561 891561 178280 1092666 1003435 743877 345428 506013 987105 717891 446404 484530 1115063 304694 823913 365554 664898 439022 547186 919849 367672 819219 162567 752805
863979 625143 104261 617362 932683 210241 422455 746782 782113 681774 629987 795477 525507 579057 823087 544690 615391 38570 672617 999999999 453048 700884 62208 394504 254496 22324 176833 678134 133600 481271 986639 622960 702475 650425 887913 595264 803738 888916 750409 490608 373373 833997 368034 823837 696787 560246 759532 870031 352435 653522 191884 988116 777637 593379 529160 442866 653851 670823 914833 1161319 437893 798249 445608 574849 834214 882380 938480 842828 403237 498842 386390 619908 602194 505416 644624 584360 800674 667307 555702 831897 727106 654702 698506 890858 904720 329735 717754 189813 784026 814729 941379 691327 350644 257749 218938 849642 427565 149629 619761 125202
582025 462325 526714 550230 867818 531888 662700 380067 920367 737144 214028 846956 559126 550435 427357 189047 566365 446182 844009 453048 999999999 823133 466781 367841 276201 431336 509917 377280 465444 380169 761626 171276 871530 843230 617806 712294 510462 787232 640444 192025 479357 380970 654365 925864 252637 304785 687081 621874 608506 219054 334812 808996 557621 195570 165866 341639 708652 575095 721469 949781 702401 504177 261023 451676 752705 669054 752728 612997 58824 593955 253250 420186 150462 629827 435688 793361 347742 241920 817234 379884 276469 324473 660430 778238 499847 144104 612008 525524 334230 817109 637331 639935 180876 460834 347670 460993 477090 431232 711400 351251
675572 466996 784910 337215 371561 496972 294260 771969 97295 123482 815326 140049 266664 303618 859586 718279 312476 738309 86854 700884 823133 999999999 639851 455710 860505 705636 527733 653973 567330 457182 640580 942724 88061 125672 666146 114177 671745 402943 379635 666343 365073 1076742 364856 123037 912436 599242 322077 623284 357169 862137 837041 569395 551098 776435 727673 486708 138296 362660 554909 729683 303733 671223 572160 430542 351589 572736 553954 584296 823626 232898 569884 517435 927786 206208 526546 166747 1040234 848058 256400 1046594 961742 692201 269996 420267 925253 705492 372536 518125 1076527 217870 748576 291936 648084 453470 551816 858714 348367 843329 112802 769392
835081 588338 152253 570667 880148 148052 360251 733160 720341 624002 628718 736779 472480 529899 813275 537155 567023 100728 610559 62208 466781 639851 999999999 355958 299562 73559 114629 656580 73893 444794 948706 638040 640391 588225 857017 535264 777619 839894 704441 479268 320261 846289 306273 762863 701891 538001 709957 836675 290257 656082 243162 945163 742810 589962 523735 409528 596485 625370 874382 1119999 375974 772363 423282 535656 784212 844671 896869 807764 421750 441731 364477 587647 617218 446289 612481 522152 811765 667186 494326 841029 735471 638175 647158 842776 895682 333274 672100 127713 800748 758693 914218 641260 342479 202315 185954 837960 377194 211300 560733 171705
486132 232428 498742 234992 566375 302548 329747 433636 552829 377381 400560 492022 195663 210679 524164 294475 240113 419457 477574 394504 367841 455710 355958 999999999 445450 385234 304550 331838 297114 89656 592982 499267 504530 479575 504919 344453 435074 508035 362655 232401 130254 662715 348988 561904 496261 221458 383555 482087 297205 443760 446137 594547 387441 357617 296193 65496 347912 283090 520331 766881 374627 430476 134828 180380 458084 488847 544203 452176 368851 226388 115158 236234 482345 263807 260848 435059 625116 438863 474445 640837 542933 334549 334105 506945 605224 253932 329715 311571 646961 478550 567595 320260 193246 192060 176113 539827 109907 492205 344738 396008
818726 634418 287527 677454 1010313 426491 620322 643577 952052 808708 487903 925791 630016 656110 700115 436795 684863 228585 853185 254496 276201 860505 299562 445450 999999999 233605 394227 613425 341169 506955 978774 423902 883172 839432 850574 747005 749526 945887 796817 406712 496902 634210 582709 978848 526418 511361 826147 845154 552031 495231 71160 1006403 765201 463189 414988 461219 778926 719863 922913 1165112 647506 743345 416256 600864 899596 878060 951590 827603 217376 632460 369570 608396 404674 654338 630106 777568 605640 517788 769571 641819 543954 570932 779495 942123 774848 229334 764533 410580 573011 921903 884487 764996 289549 414764 308695 732553 528483 167868 760774 129467
850284 614513 116222 611074 929340 220002 431115 729087 788389 682636 610010 797139 523002 574135 804516 525949 609974 35175 679941 22324 431336 705636 73559 385234 233605 999999999 186190 662484 139241 470857 976036 601044 709908 658819 874846 598607 789245 883517 743560 472766 371415 812238 379134 828408 675837 544977 754569 857820 360843 632942 172598 979623 766047 573803 510035 431426 654378 663831 905308 1152003 448525 783691 430653 565261 829414 871773 929430 831256 381198 499402 371542 607634 580291 507877 632267 593117 779028 647116 567488 810431 705759 637789 694651 884948 885944 309505 710792 200210 761963 813975 927083 686727 332527 258090 209128 831441 423734 139446 621942 104140
790438 531582 257649 492424 786082 33885 245622 719980 606529 519511 640805 629761 381025 446713 805949 540458 485015 215317 496177 176833 509917 527733 114629 304550 394227 186190 999999999 629593 53069 393309 884663 678582 525955 473597 808101 425826 739320 753566 625892 477704 233218 878595 193566 650752 723794 512918 623444 783028 175667 674410 346577 870860 687376 599177 531406 366732 493098 549009 805803 1047995 262485 734611 403014 475022 696160 782033 825700 750977 474389 340346 348843 540550 658118 339556 565028 407539 842425 680446 382303 867835 762525 621453 557291 758434 888664 366912 594632 16676 841360 657540 872105 554356 355040 117833 172356 826746 295152 325355 453559 273656
206626 187194 778039 317097 552333 631787 641126 118367 743650 536443 218419 616442 413353 353060 208736 188236 341670 691677 710267 678134 377280 653973 656580 331838 613425 662484 629593 999999999 611885 254316 385624 384345 729694 727535 241068 570472 136247 459566 335001 206767 450205 443697 673517 719548 297207 118589 398273 245268 622040 259713 649615 442362 194418 201853 211447 266484 516280 303869 354614 573295 686726 130025 233362 228080 443331 298528 386738 240532 423602 482915 292437 136956 380051 526415 128329 703766 410629 233592 766443 407342 344013 59557 406882 445234 283189 387377 318377 638644 464961 555486 271775 382204 338644 522574 472270 215545 401225 728459 548732 629970
781832 528731 225499 502535 807835 85745 292677 696396 649254 550115 606899 662934 400299 460064 780128 509408 497650 171047 540722 133600 465444 567330 73893 297114 341169 139241 53069 611885 999999999 386763 886771 635450 570704 519978 801752 461828 727394 769615 636504 448186 248484 838405 244780 690262 686686 493785 639479 779157 222345 638389 294327 879101 684273 566164 498639 355266 522634 558033 810468 1054987 312693 722403 380869 474150 713376 783177 831956 748763 427298 367945 324029 532468 614825 372500 557235 454558 802693 646253 433464 829409 723791 599065 575670 773110 862898 324136 604477 69534 798566 685070 862371 570569 319011 129741 142035 802605 307077 278518 486935 221454
397140 143912 585496 175277 506267 389643 388641 363993 553794 360052 362684 467261 191377 170275 455949 261948 188195 504510 494499 481271 380169 457182 444794 89656 506955 470857 393309 254316 386763 999999999 505369 485909 518657 503640 415355 354431 348112 438935 289988 209403 195950 626751 419206 550704 460315 156919 321570 392501 367766 408744 516630 512006 298085 321966 270524 45759 332632 213087 435044 681873 434299 343769 119479 96447 393697 401110 460178 362977 394698 247188 141320 147324 471488 289913 171725 468780 589537 398052 521586 600260 509031 267551 283919 435376 534732 293790 257597 399693 620967 438382 478995 265558 228277 278858 262337 467858 149056 570981 344501 472729
195987 361540 1090864 401400 331603 873559 787520 430408 695620 524961 593524 529968 532280 453484 462818 572960 416234 1009417 723765 986639 761626 640580 948706 592982 978774 976036 884663 385624 886771 505369 999999999 759033 728593 757206 157055 619143 262784 251803 281828 579817 656242 758171 846176 637628 651252 468833 323143 140498 803063 627288 1003755 102801 214150 584863 595962 544984 525220 344865 87714 188282 826554 268578 565329 413082 291798 104267 88053 151256 804924 601728 618853 373766 757961 634118 350503 767866 734272 597207 855035 715399 689715 442438 388696 231165 475607 749534 305663 887679 803074 441400 196959 375406 690405 766830 767703 435993 593239 1069455 581274 969816
565309 526264 692217 637528 926896 699076 814785 333683 1039562 844151 166600 945884 676159 650451 343571 230850 657745 614114 974428 622960 171276 942724 638040 499267 423902 601044 678582 384345 635450 485909 759033 999999999 1000255 978453 604028 837035 496307 837770 700945 276507 622431 212475 813447 1035228 128048 362959 757146 620045 765537 132894 489776 824981 578745 186531 217130 457049 817586 648775 737736 941966 856569 490467 371441 534073 813707 680493 769938 622008 220330 722715 386380 475624 20826 762159 483235 934003 181991 163854 966941 217964 125500 324791 745111 825108 397977 311706 677349 693866 163178 902689 600957 722130 334029 620987 512328 379630 608386 588219 829930 516233
761034 543906 778584 415296 452930 493211 281323 848039 88869 209418 880616 217637 327777 376759 936980 780535 390450 740759 30131 702475 871530 88061 640391 504530 883172 709908 525955 729694 570704 518657 728593 1000255 999999999 60324 752618 164245 754659 489570 466528 725435 398447 1143879 345372 157258 978180 667056 409890 710017 350411 927018 853110 656502 635903 840464 788111 543381 220032 445328 642970 814709 277262 753872 628881 503219 439139 660450 641869 670911 866796 278284 619686 592740 984343 241891 603645 124428 1106949 914797 198670 1115365 1027175 764782 356027 507273 1004751 746394 458076 514191 1139575 301490 835017 377202 692830 469097 576955 937733 394713 849213 180970 782935
775147 544790 723696 419526 497220 440381 227983 845707 149185 232293 866216 264728 316767 375864 936060 763833 395023 688878 40371 650425 843230 125672 588225 479575 839432 658819 473597 727535 519978 503640 757206 978453 60324 999999999 769656 157605 763258 525564 486665 706313 365090 1130376 288891 216224 963818 656440 434841 728099 298051 912025 806362 690639 649042 825062 769752 523957 235507 455970 670377 853742 219717 761983 608562 499496 472188 683173 671879 688763 834918 257233 594083 591096 961799 216403 604194 66794 1093126 901664 139083 1103617 1012340 758624 374977 542111 1006654 713667 474399 461151 1122151 343318 851673 393957 663020 424683 536235 939131 370079 798264 185818 735327
39000 278372 991009 365046 429082 802403 753420 273580 737677 543217 439627 580636 496434 417528 308442 428945 386402 906553 741648 887913 617806 666146 857017 504919 850574 874846 808101 241068 801752 415355 157055 604028 752618 769656 999999999 617946 108836 334727 286715 444853 593030 602965 803025 691453 494413 340682 348348 44187 755302 471709 882259 241176 127611 434142 452205 447567 534791 317358 167440 338136 796300 114983 448412 336769 350928 114399 195475 81995 664668 570749 505938 269505 603808 609482 244678 766641 578174 441346 846456 560501 532660 294031 396613 314505 330610 622108 295341 813736 646341 498356 82430 376105 567713 692097 671581 283996 532319 955399 584624 855758
621283 387194 683377 262422 401853 396919 211097 688754 209663 111132 716417 206130 163603 218284 778820 616340 238120 632015 141136 595264 712294 114177 535264 344453 747005 598607 425826 570472 461828 354431 619143 837035 164245 157605 617946 999999999 606709 406209 340713 561658 250988 979821 283021 232550 813998 503410 297155 577481 263734 762789 725012 563251 495019 676220 624127 379987 97626 301572 531455 734708 234545 605276 465602 342638 348305 537736 537131 538165 711009 119322 459324 433820 821417 92928 446631 149685 942843 750745 236051 951635 862964 603013 230594 419587 849078 592228 324437 417815 975379 252415 699359 246149 535736 343259 438341 781579 235782 734942 39891 658282
71641 230129 905354 344482 491621 737370 714994 170007 752526 548713 331224 606373 466095 392412 222123 322128 368603 819661 739728 803738 510462 671745 777619 435074 749526 789245 739320 136247 727394 348112 262784 496307 754659 763258 108836 606709 999999999 395281 306513 342813 538414 509136 757234 715604 389924 245852 373027 125607 707294 364520 784625 335943 128249 325337 345388 372858 534726 309361 252582 446661 759598 6290 358765 287088 396349 193920 284041 137927 558579 540316 417735 202374 495573 582032 179708 750824 481706 334529 823762 467839 430378 186068 404851 377181 265391 522765 303242 746637 546889 531981 138108 381342 471816 626631 591742 206090 481668 861563 577909 762497
361251 325099 990906 273728 96352 734507 601705 552669 447894 299471 675297 281420 372979 310055 617065 615676 273564 918600 489031 888916 787232 402943 839894 508035 945887 883517 753566 459566 769615 438935 251803 837770 489570 525564 334727 406209 395281 999999999 149706 595416 521698 895829 668731 386893 756656 485220 130216 292155 634071 718511 953136 167617 273569 651279 635325 484681 308597 226243 177835 329543 634118 398275 540482 346491 59335 220800 164385 262637 815890 426359 578204 368423 830539 447240 356450 547399 865193 693099 638459 856387 802853 517445 197618 21053 656741 728685 181466 752227 923489 192402 409478 199288 663372 640529 678588 600915 462746 999162 366355 903924
298553 178554 853623 133972 227991 610304 506694 441228 451972 257196 542740 300227 255238 180260 517475 474284 141698 778410 456801 750409 640444 379635 704441 362655 796817 743560 625892 335001 636504 289988 281828 700945 466528 486665 286715 340713 306513 149706 999999999 449340 392785 778506 567329 410146 629773 341894 66646 243661 526341 587776 805672 246254 179027 514889 492785 335658 251201 79808 194655 424268 545038 307460 391009 196801 113228 197171 206700 204762 667373 321537 428616 225902 692225 352542 218062 490347 745628 564643 575436 741416 677664 389155 111693 145400 570786 578981 32942 626488 798625 226434 369129 94649 513667 509673 536187 508250 330854 854850 304448 758420
412237 270874 585767 367195 677137 488616 560264 256346 763102 568335 170305 672324 399930 375466 334007 64422 385719 499000 700241 490608 192025 666343 479268 232401 406712 472766 477704 206767 448186 209403 579817 276507 725435 706313 444853 561658 342813 595416 449340 999999999 361605 430414 571791 759328 264302 113857 498192 442513 520906 211838 443781 620507 370524 127084 63879 182430 541442 386623 533612 767907 604436 336634 98242 265323 562053 483309 564344 429124 226943 449311 133100 228199 262244 490058 244282 665519 392813 209641 706804 409635 310569 168681 476828 586247 416449 181427 421628 490019 416050 634658 478267 455079 140374 390230 306810 359291 337878 525577 553574 428610
580393 315014 472388 259660 559926 218163 199499 557891 459015 316363 530571 433102 152297 213535 649379 424341 251799 406427 369592 373373 479357 365073 320261 130254 496902 371415 233218 450205 248484 195950 656242 622431 398447 365090 593030 250988 538414 521698 392785 361605 999999999 791977 223376 482036 625848 346811 391485 563620 171836 573356 478930 638186 467840 487539 425119 191411 287105 316542 575309 815672 244472 534577 264789 256374 465065 555187 594041 529127 469847 135788 236350 336155 604597 159470 358801 314037 754379 569016 345833 770766 672082 459793 327186 525871 729270 348723 361744 233781 773853 443049 663402 322451 298605 118919 189043 662844 63027 500139 264036 415542
565139 622491 904671 748483 990858 896399 990223 343421 1170903 966571 264264 1055692 816227 773956 295465 368711 771715 826157 1120606 833997 380970 1076742 846289 662715 634210 812238 878595 443697 838405 626751 758171 212475 1143879 1130376 602965 979821 509136 895829 778506 430414 791977 999999999 997915 1154903 166903 477539 841953 632043 947953 219242 701255 842633 622483 306132 366876 609085 943118 744447 761420 924126 1034026 504790 528029 648175 885146 702876 792516 646910 432501 873537 559056 569281 232885 915686 567789 1093339 37601 229082 1137159 43378 119935 392785 846860 879544 304281 514976 761909 893192 76517 998493 571205 822390 525294 809594 708279 324498 766254 799813 965866 728680
794243 529244 435427 446188 679339 159720 72121 780888 430942 391543 742082 486748 313943 393292 872134 636017 430002 406570 316837 368034 654365 364856 306273 348988 582709 379134 193566 673517 244780 419206 846176 813447 345372 288891 803025 283021 757234 668731 567329 571791 223376 997915 999999999 484843 834351 569242 544789 769873 51816 782315 538977 810482 675711 698870 633390 412971 371222 501735 760634 987670 70326 753750 479251 470937 609396 750627 774017 733099 629815 246134 439731 556156 794075 221527 577751 222112 960542 781410 188766 980320 878351 682416 474066 678441 952388 511561 540925 178952 971862 534236 877226 479596 479433 193534 309379 886115 275744 517546 319311 466167
707322 533915 907849 406421 328236 619902 415335 835046 75454 191081 898348 110819 367087 385236 918380 806634 383324 861198 177786 823837 925864 123037 762863 561904 978848 828408 650752 719548 690262 550704 637628 1035228 157258 216224 691453 232550 715604 386893 410146 759328 482036 1154903 484843 999999999 993936 681009 344770 647350 479593 945362 957562 552825 589016 861702 818312 585087 218083 416647 557644 695514 421046 716123 669088 507680 348009 587069 549608 610151 930673 347060 673610 586707 1021529 325466 591381 274152 1119307 928515 355305 1122147 1043364 763959 314317 407000 977571 814910 412890 641061 1161008 196733 772799 338895 755143 575137 670383 913083 458531 965832 219453 890657
455414 465328 776571 588139 849516 739420 824551 220849 1007290 804390 97634 897164 650408 610753 217009 201943 610729 693895 954572 696787 252637 912436 701891 496261 526418 675837 723794 297207 686686 460315 651252 128048 978180 963818 494413 813998 389924 756656 629773 264302 625848 166903 834351 993936 999999999 313615 690856 515486 783926 52502 587200 724826 487600 139231 201288 442185 780160 588690 639335 829852 868639 384545 361468 486267 739811 580928 671370 522781 310569 706844 394673 412230 138519 748892 413839 926445 129438 65800 970648 146007 49439 240718 689848 742002 270146 368801 610275 737731 169167 844260 482610 665702 368755 648328 551843 252971 599366 683868 800994 602264
311161 164300 660815 276898 569743 516574 543631 212178 693761 490973 217364 586563 340193 297143 302938 133041 298557 574726 644500 560246 304785 599242 538001 221458 511361 544977 512918 118589 493785 156919 468833 362959 667056 656440 340682 503410 245852 485220 341894 113857 346811 477539 569242 681009 313615 999999999 395166 333802 517436 264380 541578 506787 257556 181467 150898 156437 466554 285882 420087 656433 589210 240052 114884 173749 455117 370658 450667 317649 340698 402073 174067 116806 352561 445294 130917 624457 440993 248859 678502 448310 363030 113206 382712 475113 383770 282173 316239 522515 479999 539953 383929 359447 227155 408658 353767 318500 305365 616149 488383 516874
362670 231000 861187 148848 184703 604703 479968 506557 389398 202668 601848 234404 243239 180484 583793 528204 145087 789700 402633 759532 687081 322077 709957 383555 826147 754569 623444 398273 639479 321570 323143 757146 409890 434841 348348 297155 373027 130216 66646 498192 391485 841953 544789 344770 690856 395166 999999999 304579 507830 647512 829688 268232 245268 572118 545542 367014 202136 112010 235825 443663 515125 374040 431389 236068 75009 250700 239998 266505 710117 299856 462788 281807 747482 324482 277205 445044 808601 625382 533177 805428 739182 450872 70782 135679 637428 615045 80596 622263 859968 159918 430427 69093 549461 510327 551052 574854 332763 872291 258646 778177
70585 251455 973707 328098 387153 775825 718369 295532 693970 500604 454022 536532 460559 381055 339973 432985 348568 890199 699535 870031 621874 623284 836675 482087 845154 857820 783028 245268 779157 392501 140498 620045 710017 728099 44187 577481 125607 292155 243661 442513 563620 632043 769873 647350 515486 333802 304579 999999999 722972 489034 873578 210918 95919 444461 456067 427562 492891 278318 130627 328056 760673 130941 436406 308725 306929 73920 160834 39355 666187 534430 492428 250187 618414 572271 225573 726590 605704 459372 807534 590134 555914 301946 354197 272187 368481 615901 253749 787947 671927 454170 125848 334201 558953 666149 652229 318142 502008 943526 543531 843732
745590 480160 429466 401934 650613 142801 70333 729119 432023 367603 691210 469829 271349 349579 820337 585040 387054 390856 320724 352435 608506 357169 290257 297205 552031 360843 175667 622040 222345 367766 803063 765537 350411 298051 755302 263734 707294 634071 526341 520906 171836 947953 51816 479593 783926 517436 507830 722972 999999999 731791 512887 771132 628292 647986 582802 361155 344757 458202 718311 948864 97052 703714 427840 421652 574850 706087 732887 686649 586230 208004 389256 505784 746367 190155 527661 232289 910524 730456 218647 929837 828263 630615 437521 642683 900636 466718 498838 163810 923073 509948 828641 441155 431812 149207 266943 834412 225630 500282 296840 440757
432893 419721 736205 540362 810114 689318 772100 200803 957339 755327 47017 849872 599257 561308 219101 149487 562553 652401 903187 653522 219054 862137 656082 443760 495231 632942 674410 259713 638389 408744 627288 132894 927018 912025 471709 762789 364520 718511 587776 211838 573356 219242 782315 945362 52502 264380 647512 489034 731791 999999999 553021 695869 453199 87022 149009 389895 730692 543358 609218 809418 816228 358782 308972 437820 698985 551389 641403 492911 277867 654945 342585 366982 135628 696868 370367 874229 181706 31101 918153 198053 100316 201099 643613 704631 284370 324102 566947 688116 215689 799086 468318 619683 319649 596983 502191 254760 547028 648262 750406 563393
852172 651274 216518 681021 1012204 379961 582574 689853 925873 794743 541779 911752 620314 654605 751631 481113 685921 162139 822987 191884 334812 837041 243162 446137 71160 172598 346577 649615 294327 516630 1003755 489776 853110 806362 882259 725012 784625 953136 805672 443781 478930 701255 538977 957562 587200 541578 829688 873578 512887 553021 999999999 1024634 789606 513764 460471 471576 765222 727088 943292 1188061 606101 778560 438429 612560 904138 901375 970837 853354 276634 614415 386231 630438 470092 632110 653312 742701 671766 573796 727463 707204 607524 611418 778507 950926 828454 262389 772930 362318 641632 914684 921380 765910 314737 384732 290591 782941 517717 98581 742153 72921
277892 373360 1092100 378534 235136 856104 747228 505903 615269 461088 658381 448804 500858 426474 549209 623552 387922 1013970 654924 988116 808996 569395 945163 594547 1006403 979623 870860 442362 879101 512006 102801 824981 656502 690639 241176 563251 335943 167617 246254 620507 638186 842633 810482 552825 724826 506787 268232 210918 771132 695869 1024634 999999999 251614 644209 645790 555293 466309 321856 87933 178045 783156 340979 590194 415799 218461 144523 56270 203027 847445 564404 638765 398932 821820 591778 378764 708555 816588 666926 798416 800521 766184 501547 338542 149246 569708 779379 276499 871960 882743 359851 295202 330953 716970 753932 770598 525163 575751 1082903 523931 984313
126265 155845 881598 238316 369214 679947 625810 279158 628538 427618 412773 479248 368993 290393 345854 371989 260363 798882 622948 777637 557621 551098 742810 387441 765201 766047 687376 194418 684273 298085 214150 578745 635903 649042 127611 495019 128249 273569 179027 370524 467840 622483 675711 589016 487600 257556 245268 95919 628292 453199 789606 251614 999999999 395077 394181 334772 416206 193453 163882 399967 668736 129793 351179 212826 269344 113215 195374 65209 597276 443412 405004 160040 574155 482547 136433 642629 592306 425930 720778 582852 532411 253959 281662 257061 393563 536173 178983 692162 652355 403816 205851 259172 476425 570366 559191 333020 406415 856023 463283 756296
396653 341876 681917 458364 740430 612069 686654 184523 871994 671170 43226 768020 512776 476863 237870 63216 479901 596263 816463 593379 195570 776435 589962 357617 463189 573803 599177 201853 566164 321966 584863 186531 840464 825062 434142 676220 325337 651279 514889 127084 487539 306132 698870 861702 139231 181467 572118 444461 647986 87022 513764 644209 395077 999999999 67774 302953 646039 465204 556431 771174 731037 319165 222801 355130 627449 500328 588532 442198 251048 567951 259719 290310 179760 609848 296946 787240 268642 82675 831784 283234 187302 142988 563677 638755 315840 265469 491966 612214 300143 720399 445523 540149 248124 516207 426964 269510 460141 604805 664433 513976
416798 315022 619857 421066 720589 544365 623441 229411 824151 627234 110016 728856 461747 433366 295756 23269 440893 533672 763179 529160 165866 727673 523735 296193 414988 510035 531406 211447 498639 270524 595962 217130 788111 769752 452205 624127 345388 635325 492785 63879 425119 366876 633390 818312 201288 150898 545542 456067 582802 149009 460471 645790 394181 67774 999999999 245797 600895 435338 557983 784042 667418 339098 162103 317832 606011 504542 589555 447947 213470 512626 193676 267326 204572 553601 279215 729337 329282 149791 770520 347061 246965 160085 529462 624621 376290 204544 467000 544443 352427 687321 474919 506898 181350 449213 359212 324822 401686 548416 615022 455011
426649 184001 546840 219983 551716 366496 390007 368530 583873 395636 345174 505598 220190 210664 459359 240677 231606 464541 517940 442866 341639 486708 409528 65496 461219 431426 366732 266484 355266 45759 544984 457049 543381 523957 447567 379987 372858 484681 335658 182430 191411 609085 412971 585087 442185 156437 367014 427562 361155 389895 471576 555293 334772 302953 245797 999999999 367360 258839 476939 723633 435344 368050 85635 140986 439362 440786 502809 399968 352787 266885 96546 178122 441533 307838 202957 484382 571584 382395 530350 585083 489970 269638 327619 481027 540141 249000 303316 374601 598215 480570 507129 309961 183672 256517 224668 474540 157252 527733 373991 429021
