NAME : synthetic_000468
TYPE : CTSP-D
DIMENSION : 100
GROUPS : 8
RELAXATION_LEVEL : 1
EDGE_WEIGHT_TYPE : EXPLICIT
EDGE_WEIGHT_FORMAT : FULL_MATRIX
EDGE_WEIGHT_SECTION
999999999 854281 561883 833175 628826 538695 922049 613327 781254 495206 385364 640863 502383 727186 74056 768214 104715 827167 289467 523566 367258 539638 877998 137780 304139 314944 756137 578151 615245 773600 598953 261721 81258 802325 340333 703282 617527 412527 186869 279267 594102 826556 698018 466214 441655 426942 858825 839190 1117865 738205 724185 859781 642181 933329 389087 1025175 739086 828701 783124 1061783 199148 552413 673570 507844 118791 655283 208531 112283 591805 600831 225206 777316 162137 746032 1032514 845682 170560 769211 668597 384746 434733 643626 817235 233227 798402 422094 712222 924002 403375 515869 466899 232097 920418 828369 900994 767914 642670 844920 1124391 207026
854281 999999999 429237 359158 232319 506509 201719 500244 378392 662381 494552 518063 650658 189116 872925 401556 949733 678663 772283 572683 492947 593727 132538 764924 786232 592207 478961 396784 795010 157091 272379 607877 919570 120443 723905 428176 341994 490158 725792 603873 711761 687452 325720 485369 506234 458124 649859 511118 292714 462922 338848 252087 789525 384646 540216 171603 144509 31797 310101 240464 831390 317102 675104 506367 811385 229876 772170 929858 772969 329493 833511 86238 692761 131954 325655 198067 707031 631662 731045 481077 660925 609285 82041 621079 594034 707381 147584 152875 671575 714250 389932 795505 171893 367469 66371 129981 628324 192572 337028 670013
561883 429237 999999999 646157 234872 552079 595840 602233 625633 233144 377073 635748 653950 432250 548660 633479 666595 366367 632822 601009 329392 167234 382116 535983 385895 247061 681356 478488 375402 456532 191247 307126 641610 324590 618499 608563 88138 410723 521617 284284 293065 371333 146237 466060 120850 375557 857852 297090 612992 658267 166337 591402 375575 372204 456842 569920 284778 420031 228541 560564 636720 175618 284539 80108 475250 205909 406077 597900 350766 428751 651769 344586 415604 398085 487344 323000 391365 301804 330491 218118 236857 215969 356825 365437 299343 652874 352134 422877 253274 285505 283703 417156 410326 648792 494453 427104 721734 542176 596801 355158
833175 359158 646157 999999999 415243 314359 207044 257218 57363 853618 456160 250957 432307 221366 879465 81140 903761 977246 636657 362323 492953 805894 490339 706699 893928 684765 150896 255400 1014728 218227 455864 658525 873474 452626 573129 148704 580131 422562 657092 671331 935112 984755 609460 367720 661635 416466 295604 831842 603482 147385 634873 115671 1018727 736447 445102 450732 427663 334911 630643 564526 728219 473515 929142 701714 840786 459930 840132 935478 988011 250729 718943 383538 695882 275978 682761 545405 739991 920078 976645 563167 827321 860012 421282 630142 895020 519395 312978 511211 824334 909499 428270 873361 530991 10339 329628 254102 343474 169069 670238 712411
628826 232319 234872 415243 999999999 392712 367054 421397 400643 458522 298109 450889 523755 197771 643085 412129 727382 566737 587218 454314 280750 400347 255197 551181 557868 360161 469934 293847 609648 222319 45627 376941 697855 177817 549983 399634 165002 308815 517383 371798 527739 573718 207117 332677 283023 271013 651110 438752 491118 447755 237630 356594 610437 403963 362724 399250 112580 212244 257389 434970 629510 85468 514644 300555 579986 56310 539982 699587 584387 228727 635839 149844 466690 165622 439073 245113 476355 507348 563764 249629 445968 445493 188578 396358 486907 554911 119410 300919 452033 513468 180426 563875 301862 418735 289264 194761 551963 308587 507375 438933
538695 506509 552079 314359 392712 999999999 465991 75759 257681 696723 210499 107461 144260 319291 594316 238994 598477 918233 322321 66251 264404 674833 603873 404937 666506 475471 217442 110062 865828 360408 407523 423223 568968 535090 259191 170099 525323 167099 354506 445790 797585 923361 590867 96263 508705 188702 344035 819466 797962 199931 623343 379193 878478 795484 158091 659863 478220 474714 649767 746849 415083 391774 822961 574523 569539 448760 591592 647157 837255 179817 404885 472093 423898 375030 806735 622714 480484 853860 856689 377164 652804 758795 523050 371394 847539 213594 373941 642501 639045 749181 268668 627965 653220 307227 518492 378474 169822 392414 842197 462510
922049 201719 595840 207044 367054 465991 999999999 430059 249987 824736 537886 434806 602952 197151 955116 276981 1006657 876680 776444 526153 556660 763065 329718 810976 914972 708254 354485 371783 970409 153993 412669 704016 975837 319267 718028 330201 514025 517320 765020 708165 887419 885248 515233 484631 648479 496524 499008 712095 399630 346286 532728 95036 968245 583073 556219 246804 323327 191851 509847 364732 855128 447761 860944 666439 903512 390206 882037 1012746 946385 326750 851038 264482 768253 202149 500536 399517 798009 827078 914733 586514 812848 793181 281504 696785 792089 679585 247950 337554 817841 879185 464835 910617 360312 217265 147854 173417 538207 77901 470729 764434
613327 500244 602233 257218 421397 75759 430059 999999999 199901 760387 281266 34839 175901 311345 669753 177463 670465 966293 385365 105799 333594 733891 608994 478625 739606 545109 143697 127989 929406 346223 443102 495859 641308 545469 320467 108517 566615 238243 428216 517390 858871 971922 625967 167306 569423 254762 272415 857113 786400 128219 657638 338129 940752 817174 233627 642247 493885 468888 677873 737806 482424 434352 879017 631551 645281 477587 666328 722296 900954 194042 470278 478451 499557 372706 813300 636904 555674 902740 915433 441360 718889 813347 528407 446125 892683 262361 380911 644304 706647 813800 323038 702557 657467 248892 502472 370263 132422 361716 837149 536922
781254 378392 625633 57363 400643 257681 249987 199901 999999999 825032 408485 194665 375187 217600 829343 27021 849798 966918 579837 304961 448272 781257 506100 653175 853736 645857 105504 205886 988728 226697 438253 615298 819650 460711 516118 91411 565148 372963 603310 629739 910537 974056 601748 315074 631458 369900 272044 828655 638328 96378 628986 155067 994266 745600 392364 486752 428156 351285 630466 596346 672179 450669 910006 676433 792966 449395 796119 884902 961514 212313 662508 390306 647278 278534 704041 554930 693629 907973 955456 526030 795519 841121 432461 583104 886064 462034 309440 531239 790702 880789 391204 830042 549509 49585 357873 261254 290853 198239 701114 667389
495206 662381 233144 853618 458522 696723 824736 760387 825032 999999999 490913 795210 764470 650637 452855 828318 591781 333752 669670 730548 435747 78217 608448 529092 220158 241106 863848 649787 169126 680187 413007 315095 574798 556000 678318 791428 320765 533155 536821 284735 108634 332448 360285 601384 194346 508021 1029889 385666 829306 840659 367099 812184 183100 536518 563899 799792 517914 652790 427551 779700 636089 383936 178367 158314 381293 437214 291613 486262 140598 615741 657733 577602 400378 624116 680687 542326 345354 279770 180835 319594 61154 157388 589284 388577 317867 735121 577883 646290 91915 55883 442775 281501 631030 854780 727540 653264 862454 766751 801476 324417
385364 494552 377073 456160 298109 210499 537886 281266 408485 490913 999999999 315478 280217 345643 425120 400139 469022 739219 289177 239649 55170 476645 550474 275169 459199 264992 408082 202809 659498 392748 288820 215339 438216 473448 255758 343024 376083 43403 232509 236133 594642 743205 454405 114441 310008 41579 553421 666710 778653 386597 487112 474561 673767 684987 79798 665337 408336 465588 528963 723134 337140 253493 628777 382175 384701 344333 391114 481955 630860 215686 340695 429551 239896 373353 736820 542435 285477 673975 657443 174717 444312 568306 476891 174678 676145 277293 347112 595302 429306 541974 118868 426348 598435 452627 531758 391687 371980 460367 802752 261244
640863 518063 635748 250957 450889 107461 434806 34839 194665 795210 315478 999999999 183464 330333 698752 169837 694860 999225 403960 123159 368105 768453 630544 505120 773302 579635 122011 159251 964221 362223 474124 529692 666092 569079 338572 105347 598561 272326 454849 551534 893583 1004944 656430 201249 604142 289499 237966 887889 800893 110897 687851 341075 975514 843657 265409 654595 519414 487084 706449 753488 503396 466821 913229 665950 676150 506885 699044 750611 935773 222395 489927 501039 530891 393037 834790 661434 587910 935851 949933 476199 753713 847385 550384 478837 925087 274713 404396 664525 741402 848637 357423 735396 678535 241871 516246 388388 110263 369930 854193 569889
502383 650658 653950 432307 523755 144260 602952 175901 375187 764470 280217 183464 999999999 463528 568602 351692 538951 1018444 233864 78571 333520 755708 745634 364943 692848 527762 303155 253917 931050 504246 532179 461920 512387 675226 169829 283852 640929 243391 318090 489596 870512 1022654 712667 193656 589613 278639 360651 935836 942222 294161 745584 512613 947460 927655 202104 803658 616342 618861 777740 891047 338054 509117 908526 662388 562045 578651 605068 614651 902497 322682 320678 614001 427371 519033 947415 760583 491880 953272 935470 454228 713531 848506 665032 395543 953202 94517 516250 785119 694473 812903 375016 642038 795110 423650 662365 522733 142161 531779 985953 484677
727186 189116 432250 221366 197771 319291 197151 311345 217600 650637 345643 330333 463528 999999999 758484 235199 814347 755909 603086 385161 360575 596330 301787 620622 722679 514239 306160 210768 805898 47267 241103 507138 783571 246986 549749 246616 361180 329995 576458 512056 724541 763448 388130 309964 465225 305000 485457 612163 478821 287142 413899 161752 807562 530695 374303 341951 210579 157610 412956 428367 673068 266786 712124 494353 706367 239107 685963 816141 780140 148132 671678 176561 571834 64206 505440 341455 600859 699038 761534 391544 631779 642998 223090 500127 673662 525239 92287 334317 633526 706219 267700 715226 348966 226161 200741 59421 440498 123833 526143 567365
74056 872925 548660 879465 643085 594316 955116 669753 829343 452855 425120 698752 568602 758484 999999999 817980 141667 786604 361803 584488 398695 505099 885680 204451 247447 304195 811128 624154 559755 803933 609363 266603 131726 811710 410180 754975 612442 456904 250596 276754 546054 785251 690141 515946 427943 466215 921668 813203 1126381 792275 714082 898131 587758 920597 440138 1042139 750317 849018 774902 1070621 273193 562558 630046 487037 74612 663765 161280 57668 537829 640115 299258 792853 187044 771668 1029359 847399 167323 731257 619859 393969 394222 606297 829737 258361 764339 491448 735034 931342 362539 467097 492753 176178 925868 875287 923265 795191 707328 878998 1127324 205413
768214 401556 633479 81140 412129 238994 276981 177463 27021 828318 400139 169837 351692 235199 817980 999999999 834477 978866 560214 283116 442195 786713 528020 638537 849980 643295 79294 197531 993198 248000 448166 609815 804512 480479 496019 69529 575765 363050 588430 625391 915840 985837 615384 302309 634235 362682 250966 843687 664308 69357 643294 182030 999533 765138 379152 512991 445503 373832 646963 621844 654073 457987 918018 681756 783638 462382 789754 873072 965751 212950 643681 409926 637486 297523 727143 574902 685615 919215 962416 524944 797044 849342 453267 574753 898685 439809 326052 554241 791164 883928 390776 824139 572090 72070 383029 281825 264167 224125 726372 660464
104715 949733 666595 903761 727382 598477 1006657 670465 849798 591781 469022 694860 538951 814347 141667 834477 999999999 925158 308442 573258 458249 640122 978592 197582 389108 419629 814152 651563 701350 861288 699252 365473 30821 902414 369560 767262 721731 490751 246694 383804 686999 924131 802469 536565 546322 510212 899588 942645 1217772 797980 828796 939542 729412 1038018 459472 1121141 838581 923247 887564 1161630 204143 653003 769686 611934 210492 756105 300723 133890 679495 681622 226337 874695 262516 837440 1136058 948250 275250 868497 761010 486571 532190 743071 915958 331118 899401 450043 805701 1024645 500563 608129 560245 317777 1021743 898154 994064 858022 681110 928967 1226305 311702
827167 678663 366367 977246 566737 918233 876680 966293 966918 333752 739219 999225 1018444 755909 786604 978866 925158 999999999 971458 967247 688377 291376 570376 846881 549377 542896 1034795 840572 286087 766324 532529 617992 907422 558474 967590 963137 404513 775095 846084 588452 252012 9734 368436 832251 438718 740945 1214640 181172 720676 1012177 345851 900424 258256 369508 818812 755217 558225 684856 368989 686393 953640 532812 159157 361451 714761 517892 625347 819130 290080 785421 973135 613669 717330 705618 533332 492288 669810 65267 190972 569670 392974 185715 596790 689033 84642 1010633 665000 588697 424595 327669 650058 614345 565935 981766 742297 731640 1087722 843435 662745 643226
289467 772283 632822 636657 587218 322321 776444 385365 579837 669670 289177 403960 233864 603086 361803 560214 308442 971458 999999999 281016 316621 684724 838196 164055 539810 432307 525912 404680 822638 649468 576921 356550 283807 761557 65470 490752 651739 283346 136012 386933 778099 973554 733332 293746 534684 318518 593554 929861 1061713 512919 765212 695572 844575 968904 232079 939725 696733 741789 811962 1006864 104886 538924 837032 612419 375768 633124 441660 399497 795446 455855 86929 714094 274969 644140 1025991 831580 339135 907302 850176 414797 610841 788177 762835 283583 920857 142093 625495 882505 584742 708188 407779 476305 886591 629416 801058 657160 375246 699674 1089909 349095
523566 572683 601009 362323 454314 66251 526153 105799 304961 730548 239649 123159 78571 385161 584488 283116 573258 967247 281016 999999999 294805 714594 669753 386506 681111 500803 244951 176306 899028 425687 466333 441579 544876 600451 215740 213856 580403 197951 336733 466825 834105 971977 648834 135010 547724 227825 337992 875408 863943 232077 681555 436955 913415 857992 170619 725090 542834 540891 710453 812976 380286 447182 865266 617106 567882 509977 599781 634579 870388 245868 366802 537989 425724 441262 872332 687315 486715 902422 896010 413293 683215 802820 588978 382087 898852 157169 439923 708600 666943 781351 317871 636677 719142 354226 583805 444429 134338 454144 908447 473563
367258 492947 329392 492953 280750 264404 556660 333594 448272 435747 55170 368105 333520 360575 398695 442195 458249 688377 316621 294805 999999999 422382 535915 272541 410259 211530 455980 245161 604332 406654 263601 167787 427780 458518 292350 388664 336727 97931 236711 185618 539626 692099 417420 168141 256093 80921 606007 622670 769672 433953 449617 500545 618620 652284 131541 664550 393190 465681 495358 713685 349130 223196 575006 329473 351120 321043 347849 456261 575695 245174 356622 421630 211681 379398 714685 520391 247892 623112 602828 120712 389310 515375 466310 140902 627291 323628 347680 581541 374730 486836 103280 381968 582506 490270 535834 400748 427083 480328 788115 219463
539638 593727 167234 805894 400347 674833 763065 733891 781257 78217 476645 768453 755708 596330 505099 786713 640122 291376 684724 714594 422382 999999999 533706 555733 286920 253124 827945 617133 209573 622608 355631 328808 620583 484150 685938 755011 252029 516884 556568 298782 129313 292144 284480 581736 166874 487673 999132 315384 751991 804694 289745 756715 213033 459314 553606 726217 449845 586060 349701 702848 662640 332441 154105 104972 431353 373101 345108 543574 184041 576339 682515 510177 426094 564757 602485 466056 378903 230556 181856 301927 116570 105664 518523 401179 259386 735893 518664 570570 146576 122048 411337 341239 554743 807822 659506 593840 843409 708622 723351 351850
877998 132538 382116 490339 255197 603873 329718 608994 506100 608448 550474 630544 745634 301787 885680 528020 978592 570376 838196 669753 535915 533706 999999999 806017 763032 588250 603687 494399 721700 280104 279350 619764 949569 77399 796678 547934 295821 555871 772577 609347 639883 579611 249693 566079 482283 519741 778142 395159 240713 586225 251222 384604 711964 253420 609001 194452 142756 155535 205610 185125 884381 325649 589538 462221 818323 222729 766007 940677 702623 424111 890126 131781 716379 237950 204319 78173 718465 529880 647613 493608 618814 528340 80905 647792 486700 791652 230022 46062 635077 655687 434719 784150 49537 498352 182983 247443 740176 324979 252447 680291
137780 764924 535983 706699 551181 404937 810976 478625 653175 529092 275169 505120 364943 620622 204451 638537 197582 846881 164055 386506 272541 555733 806017 999999999 379457 305166 622051 454000 672852 667793 528848 232618 167020 728785 206373 572096 574277 293981 50434 260375 635774 847854 657205 339185 423826 315630 721091 829052 1041648 604866 686712 742342 696612 896291 261977 936463 663726 737098 740740 985582 107160 484552 703152 499018 211743 586703 280104 249875 646614 485024 128847 694114 129706 647536 976881 784383 185786 784689 709556 329232 468449 661260 738275 171101 805240 287185 618657 851910 439925 562038 375810 313770 851540 701261 805490 666635 504923 733145 1057322 205086
304139 786232 385895 893928 557868 666506 914972 739606 853736 220158 459199 773302 692848 722679 247447 849980 389108 549377 539810 681111 410259 286920 763032 379457 999999999 209923 866189 654492 312433 761672 514829 243886 377415 698125 567416 798716 468113 501635 404773 224913 302114 547025 531364 572319 281968 491171 1010520 602217 997991 844210 547418 880370 340313 738408 512015 942865 646433 769205 610342 944776 479197 472659 390554 308605 185444 557632 99988 271651 290403 643291 504011 700311 270273 714837 869720 708302 204048 498696 374727 333122 170450 377544 725140 299227 538023 639100 670983 805702 142136 223382 466477 72131 794669 892525 846391 742589 814910 846156 982389 208388
314944 592207 247061 684765 360161 475471 708254 545109 645857 241106 264992 579635 527762 514239 304195 643295 419629 542896 432307 500803 211530 253124 588250 305166 209923 999999999 664373 450140 404146 554428 320435 75800 395045 516977 437591 595004 308340 308394 303492 45660 349528 544281 386149 379293 126731 291118 817524 528942 828452 641880 410829 670864 422188 619009 330790 755891 459085 572246 471066 773265 411282 275107 404731 196395 232748 370208 180080 356188 375749 434450 430316 507947 176952 510175 725245 545246 144384 480054 419680 123311 186472 357826 539107 148926 500162 494282 467728 633247 166813 286160 256768 204142 626066 683615 649038 537203 634747 637987 825144 109049
756137 478961 681356 150896 469934 217442 354485 143697 105504 863848 408082 122011 303155 306160 811128 79294 814152 1034795 525912 244951 455980 827945 603687 622051 866189 664373 999999999 215354 1031111 323750 502266 622861 785005 553055 460551 72991 630304 367163 571622 641576 956134 1041376 676125 299369 669685 375060 181689 906558 743597 23252 705290 259948 1039450 836732 371941 592201 514189 450583 713269 701064 624820 506223 964968 723254 783514 522745 798672 864381 1003159 252758 611736 482527 637111 369834 804186 647557 690331 973702 1006667 551391 828135 897031 527505 579585 956299 395873 394363 631282 819452 918826 421282 834223 648585 140646 462131 356449 195821 303415 805477 668714
578151 396784 478488 255400 293847 110062 371783 127989 205886 649787 202809 159251 253917 210768 624154 197531 651563 840572 404680 176306 245161 617133 494399 454000 654492 450140 215354 999999999 817763 253625 315164 412944 621018 426707 346645 144879 439316 167313 405191 429591 744239 846414 497981 115898 456114 165201 382022 729145 688699 192468 529682 292696 827131 692421 192182 552495 371579 364988 550831 637219 486149 307859 758605 513227 587091 350120 592332 680087 789627 70505 480534 362646 441417 265116 697723 515788 488230 777476 797541 336038 612973 691870 413516 377487 765968 315277 264377 532628 604098 704458 207082 626880 543654 251136 411116 269535 258194 295287 732170 462948
615245 795010 375402 1014728 609648 865828 970409 929406 988728 169126 659498 964221 931050 805898 559755 993198 701350 286087 822638 899028 604332 209573 721700 672852 312433 404146 1031111 817763 999999999 831762 565104 475005 689783 680828 836930 958461 456764 701937 687374 445330 83295 280067 474095 770416 361653 677128 1198500 412921 922391 1007884 470618 966158 30372 594647 731483 916134 652926 789791 522851 877757 777979 541609 149564 313021 496544 580241 407104 579732 28640 781407 801297 713565 548399 773487 753656 648456 487179 261158 97322 488718 217710 195778 716980 547451 315275 897593 727517 753949 239593 118149 610686 384338 735411 1016446 861286 802503 1031281 917555 881389 473553
773600 157091 456532 218227 222319 360408 153993 346223 226697 680187 392748 362223 504246 47267 803933 248000 861288 766324 649468 425687 406654 622608 280104 667793 761672 554428 323750 253625 831762 999999999 267463 550452 830524 235152 595470 271100 380462 377242 623710 554225 749597 774220 398000 355999 498748 352190 498559 615372 440356 306820 421244 136034 831942 519855 421272 299457 210772 127372 413179 391639 720199 298339 731856 522601 750794 255835 728076 861601 806646 193822 718641 165471 617537 60862 480760 328851 645155 711568 783003 432533 664504 662990 205805 545653 682961 568851 104924 308009 667871 735379 312021 756630 324879 224847 158119 35898 472370 86654 491993 611152
598953 272379 191247 455864 45627 407523 412669 443102 438253 413007 288820 474124 532179 241103 609363 448166 699252 532529 576921 466333 263601 355631 279350 528848 514829 320435 502266 315164 565104 267463 999999999 342764 670221 203374 544085 430720 128070 305719 498052 335215 483504 539132 183540 338829 238142 267124 682359 414035 518915 479662 215856 401085 566463 398937 359297 435804 140954 254378 245883 462847 612166 46813 473282 255168 544354 57882 500514 665268 539627 254601 620204 187542 437142 211214 451091 256905 442102 471703 521252 215561 400452 404162 220547 368472 454575 555751 165017 325409 406869 468032 170136 523227 323310 458879 331565 240344 571397 353885 528870 404228
261721 607877 307126 658525 376941 423223 704016 495859 615298 315095 215339 529692 461920 507138 266603 609815 365473 617992 356550 441579 167787 328808 619764 232618 243886 75800 622861 412944 475005 550452 342764 999999999 338580 545326 363286 556277 356460 257768 228098 30464 423720 619538 437788 328553 191648 248339 767226 597069 860359 601076 465057 657262 494384 675007 271104 776185 483718 584954 522767 804491 337584 295957 480515 266400 203645 397439 181912 322733 446895 408530 355855 526785 108478 512592 770795 584522 99450 554794 494646 127437 258388 433245 563147 73536 573283 422684 473471 665570 235581 357730 240032 214867 660849 656297 660232 537763 575907 630405 863808 62153
81258 919570 641610 873474 697855 568968 975837 641308 819650 574798 438216 666092 512387 783571 131726 804512 30821 907422 283807 544876 427780 620583 949569 167020 377415 395045 785005 621018 689783 830524 670221 338580 999999999 873245 343567 737471 695038 459970 216387 357967 672123 906662 776163 506136 521761 479396 872858 920346 1188486 768630 802889 908786 717356 1012429 428981 1091026 809256 892969 861210 1132335 180747 624093 753066 588771 194744 727229 285470 136925 667179 650821 204228 844868 234161 806873 1108546 920100 250833 849875 746436 458280 514636 724312 886412 301833 879496 424640 775325 995629 483144 593517 529940 305446 992982 867925 963613 827365 654514 898146 1197764 286453
802325 120443 324590 452626 177817 535090 319267 545469 460711 556000 473448 569079 675226 246986 811710 480479 902414 558474 761557 600451 458518 484150 77399 728785 698125 516977 553055 426707 680828 235152 203374 545326 873245 999999999 720913 492752 236517 479750 695187 536062 597865 567213 207900 492525 416219 443275 731406 393103 315541 534123 218934 356205 673881 284904 533109 245904 65367 128024 190593 259480 807007 250003 556939 404089 745341 147953 695948 867154 659825 356205 812846 70581 640471 183260 272248 94510 644390 511227 613543 418563 560755 492123 38402 571412 473832 718041 164698 123134 574693 605883 357380 715571 125039 459635 185554 199757 677597 296446 329782 606322
340333 723905 618499 573129 549983 259191 718028 320467 516118 678318 255758 338572 169829 549749 410180 496019 369560 967590 65470 215740 292350 685938 796678 206373 567416 437591 460551 346645 836930 595470 544085 363286 343567 720913 999999999 426501 628797 241464 166316 393593 786909 970322 708702 239951 528874 278970 530347 914027 1015192 447760 741167 635267 857203 940707 187831 889174 656874 692926 784507 960955 168337 509200 839702 606309 414939 598709 472157 452152 809117 401708 152138 669929 297463 594024 988799 795095 363581 902755 857229 401418 621463 787067 719586 289977 912422 81948 578467 840154 597427 720437 373962 508125 845624 565700 749324 605302 311829 641892 1047002 366960
703282 428176 608563 148704 399634 170099 330201 108517 91411 791428 343024 105347 283852 246616 754975 69529 767262 963137 490752 213856 388664 755011 547934 572096 798716 595004 72991 144879 958461 271100 430720 556277 737471 492752 426501 999999999 558635 303716 521819 573823 883270 969619 606434 239280 597177 307938 251697 837508 703963 49776 636110 236028 966624 774293 314957 555363 450015 398305 646530 658437 585089 433592 892044 650294 723428 453285 734114 809432 930556 179858 574410 422714 576934 310818 750754 586914 627598 901739 933676 480372 756415 824161 469700 516575 885149 370789 330778 578484 748312 846514 349183 769190 594367 140410 419512 301068 208916 267831 761027 604268
617527 341994 88138 580131 165002 525323 514025 566615 565148 320765 376083 598561 640929 361180 612442 575765 721731 404513 651739 580403 336727 252029 295821 574277 468113 308340 630304 439316 456764 380462 128070 356460 695038 236517 628797 558635 999999999 402756 552918 338637 373608 411074 82991 447971 190576 364891 810194 295128 530078 607666 113724 516406 454233 322071 453594 482050 197850 334085 166880 476667 669219 133551 351515 167636 540947 124931 478958 664390 433381 381495 681488 258150 462882 320485 416919 241147 449097 343675 402702 245239 324425 282560 268735 403893 327264 652611 275564 337741 339470 372259 266322 493658 326616 583712 407582 349015 692403 464484 519253 411334
412527 490158 410723 422562 308815 167099 517320 238243 372963 533155 43403 272326 243391 329995 456904 363050 490751 775095 283346 197951 97931 516884 555871 293981 501635 308394 367163 167313 701937 377242 305719 257768 459970 479750 241464 303716 402756 999999999 247720 279209 636217 779362 478546 71129 350023 38644 510216 696083 778494 346049 511474 448903 715817 704462 53924 659195 415500 460127 549867 723557 343782 274989 668200 420624 420596 358747 431510 512997 673306 191043 344050 430781 274477 364328 747380 553864 323901 709946 698146 215350 487229 606715 479724 212896 710052 250987 342846 599778 472539 584593 137673 467129 604622 418434 522611 380019 329346 439436 807023 301555
186869 725792 521617 657092 517383 354506 765020 428216 603310 536821 232509 454849 318090 576458 250596 588430 246694 846084 136012 336733 236711 556568 772577 50434 404773 303492 571622 405191 687374 623710 498052 228098 216387 695187 166316 521819 552918 247720 999999999 257838 644860 847632 635854 289929 414750 271872 672234 817483 1006001 554436 666311 694767 709750 874651 213009 897027 629877 697331 718130 950086 116302 455153 707119 491653 248852 555879 307640 298362 660371 438488 130175 657363 139135 605860 948372 754761 203157 782787 717631 308252 477258 661283 702757 158387 800022 244670 578763 818237 450386 573691 339112 343062 818967 651541 764236 623983 456901 687127 1024668 213985
279267 603873 284284 671331 371798 445790 708165 517390 629739 284735 236133 551534 489596 512056 276754 625391 383804 588452 386933 466825 185618 298782 609347 260375 224913 45660 641576 429591 445330 554225 335215 30464 357967 536062 393593 573823 338637 279209 257838 999999999 393346 589883 418764 350312 166304 266524 789408 571124 850052 619491 445014 665071 464401 654462 296210 770547 475809 582100 503874 794415 366111 288683 450193 239304 209318 388190 173913 331333 417141 420672 384889 521329 133419 513709 754750 570868 110717 525485 464192 123613 228356 403461 555668 103986 544896 452264 473141 654889 206182 327840 247413 203976 649152 669523 658123 539689 601136 635775 850708 72723
594102 711761 293065 935112 527739 797585 887419 858871 910537 108634 594642 893583 870512 724541 546054 915840 686999 252012 778099 834105 539626 129313 639883 635774 302114 349528 956134 744239 83295 749597 483504 423720 672123 597865 786909 883270 373608 636217 644860 393346 999999999 248418 391555 703147 289451 609233 1125956 349267 844340 932883 389175 884333 83729 523710 669185 834224 569632 706499 442941 798635 742513 461608 94543 234128 477407 497331 386691 573720 62916 705048 764580 630271 507727 691036 679700 567407 450924 211049 74603 421138 167663 119274 633884 497209 260349 843142 645156 672950 195934 79002 537604 370543 654866 937090 778025 720004 964859 835188 806172 431777
826556 687452 371333 984755 573718 923361 885248 971922 974056 332448 743205 1004944 1022654 763448 785251 985837 924131 9734 973554 971977 692099 292144 579611 847854 547025 544281 1041376 846414 280067 774220 539132 619538 906662 567213 970322 969619 411074 779362 847632 589883 248418 999999999 376253 836968 441526 745421 1221051 190849 730406 1018720 354039 908470 251907 379242 822727 764693 566408 693445 377918 696085 954706 538765 156488 364481 713674 525215 624046 817206 284848 791676 974374 622062 718234 713482 543058 501502 670072 69558 185716 573089 392057 186613 605546 690850 93449 1014013 672678 598130 423621 324767 655027 612498 575400 989215 751193 739606 1092932 851599 672462 643899
698018 325720 146237 609460 207117 590867 515233 625967 601748 360285 454405 656430 712667 388130 690141 615384 802469 368436 733332 648834 417420 284480 249693 657205 531364 386149 676125 497981 474095 398000 183540 437788 776163 207900 708702 606434 82991 478546 635854 418764 391555 376253 999999999 519022 263515 440176 857607 231744 470852 654188 32974 532629 466282 239098 530517 443352 192350 325611 85110 420039 752156 204069 349418 223047 617676 153406 551438 740898 454010 435094 764285 250840 544848 337237 341489 182141 528674 314018 405709 328226 376074 284223 245167 486694 285605 729374 296735 286124 395777 406283 340971 563298 270808 614266 391930 363542 754843 476465 451028 491256
466214 485369 466060 367720 332677 96263 484631 167306 315074 601384 114441 201249 193656 309964 515946 302309 536565 832251 293746 135010 168141 581736 566079 339185 572319 379293 299369 115898 770416 355999 338829 328553 506136 492525 239951 239280 447971 71129 289929 350312 703147 836968 519022 999999999 415079 94076 439098 743076 777596 278994 551934 408152 783545 735743 77386 649384 430879 454112 584619 724009 371009 315635 731405 483002 484663 386659 500373 570807 741815 162210 366407 436347 338145 354645 764114 573729 391086 767414 763478 282130 556784 668386 486935 280577 764200 225590 341837 607980 542807 653494 183392 536326 615533 362540 509378 365365 261805 407261 813178 370600
441655 506234 120850 661635 283023 508705 648479 569423 631458 194346 310008 604142 589613 465225 427943 634235 546322 438718 534684 547724 256093 166874 482283 423826 281968 126731 669685 456114 361653 498748 238142 191648 521761 416219 528874 597177 190576 350023 414750 166304 289451 441526 263515 415079 999999999 321003 837165 405424 719529 646479 286278 626829 371552 493051 387575 660933 364937 490940 347645 665475 527496 200762 318913 77757 354769 276631 288680 477717 333560 421505 544427 420037 299392 446334 604715 431550 271100 373904 348425 135400 166757 260358 443287 256406 386307 573712 400752 525728 169362 249757 249045 303191 515983 662401 567935 475116 676849 585216 709747 235513
426942 458124 375557 416466 271013 188702 496524 254762 369900 508021 41579 289499 278639 305000 466215 362682 510212 740945 318518 227825 80921 487673 519741 315630 491171 291118 375060 165201 677128 352190 267124 248339 479396 443275 278970 307938 364891 38644 271872 266524 609233 745421 440176 94076 321003 999999999 526952 658738 744609 353039 473119 433024 689866 665827 92242 628220 378706 428629 511234 689398 373467 236469 637604 389321 424427 320402 427133 523168 648558 174205 375453 396070 280445 334775 709900 516125 323806 675915 669404 188476 464645 574996 444437 213676 674662 289549 310543 563987 451906 560575 99211 461758 568269 413222 493306 352201 355862 418944 771395 297791
858825 649859 857852 295604 651110 344035 499008 272415 272044 1029889 553421 237966 360651 485457 921668 250966 899588 1214640 593554 337992 606007 999132 778142 721091 1010520 817524 181689 382022 1198500 498559 682359 767226 872858 731406 530347 251697 810194 510216 672234 789408 1125956 1221051 857607 439098 837165 526952 999999999 1088209 898056 203419 886907 411038 1208614 1015944 499946 745123 694870 623208 894726 860027 698234 683834 1139908 895232 905711 704272 934081 970593 1170203 429792 679836 660838 762546 548321 975304 825851 821888 1152985 1179519 712180 990115 1072655 704126 714285 1136839 451729 575053 802724 978597 1083932 588364 970703 821329 286108 624816 532708 218522 463887 965806 805738
839190 511118 297090 831842 438752 819466 712095 857113 828655 385666 666710 887889 935836 612163 813203 843687 942645 181172 929861 875408 622670 315384 395159 829052 602217 528942 906558 729145 412921 615372 414035 597069 920346 393103 914027 837508 295128 696083 817483 571124 349267 190849 231744 743076 405424 658738 1088209 999999999 540303 884865 201401 745402 391661 191097 745580 575785 404617 521108 203426 505261 931750 428246 263401 332625 738643 384253 656312 855279 405710 666816 947634 454669 704514 556060 355365 317942 670625 160321 318253 515074 431953 235417 430604 660044 105854 944001 519875 410080 461670 405499 560894 655481 386875 837446 572388 579699 985127 686601 485216 637525
1117865 292714 612992 603482 491118 797962 399630 786400 638328 829306 778653 800893 942222 478821 1126381 664308 1217772 720676 1061713 863943 769672 751991 240713 1041648 997991 828452 743597 688699 922391 440356 518915 860359 1188486 315541 1015192 703963 530078 778494 1006001 850052 844340 730406 470852 777596 719529 744609 898056 540303 999999999 731333 462261 487860 907967 351896 829866 152942 379237 324352 403188 56159 1115386 565520 779416 692302 1058970 463023 1005396 1181384 906993 622087 1119311 349144 955983 424582 192591 290000 959147 696572 838156 733930 846852 726715 303390 886680 644862 1000093 436743 195258 865739 872007 666890 1022452 203558 613374 284738 419514 910412 440183 85067 920983
738205 462922 658267 147385 447755 199931 346286 128219 96378 840659 386597 110897 294161 287142 792275 69357 797980 1012177 512919 232077 433953 804694 586225 604866 844210 641880 23252 192468 1007884 306820 479662 601076 768630 534123 447760 49776 607666 346049 554436 619491 932883 1018720 654188 278994 646479 353039 203419 884865 731333 999999999 683532 251293 1016201 817229 352512 580665 494009 434041 692328 687819 610610 483205 941808 700006 763541 500859 777468 845891 979939 229607 598222 463693 617058 351104 787575 628570 669597 950966 983440 528490 805090 873903 509338 558734 933867 385565 374274 614773 796539 895658 398142 812895 631640 137481 448587 338788 196090 291507 791728 647509
724185 338848 166337 634873 237630 623343 532728 657638 628986 367099 487112 687851 745584 413899 714082 643294 828796 345851 765212 681555 449617 289745 251222 686712 547418 410829 705290 529682 470618 421244 215856 465057 802889 218934 741167 636110 113724 511474 666311 445014 389175 354039 32974 551934 286278 473119 886907 201401 462261 683532 999999999 554709 460776 210096 563384 445667 212376 341563 62938 413320 782594 237043 339731 239042 641047 182856 572319 763942 452034 466140 795087 268573 572679 360807 322457 178399 554264 294357 397269 358257 387841 277242 257104 515891 261945 762271 321905 283903 409409 410256 373919 582550 266487 639982 404441 386241 786873 497585 436863 517189
859781 252087 591402 115671 356594 379193 95036 338129 155067 812184 474561 341075 512613 161752 898131 182030 939542 900424 695572 436955 500545 756715 384604 742342 880370 670864 259948 292696 966158 136034 401085 657262 908786 356205 635267 236028 516406 448903 694767 665071 884333 908470 532629 408152 626829 433024 411038 745402 487860 251293 554709 999999999 966973 635323 482778 335191 342609 231564 542112 448989 778844 428470 867855 655485 851367 391860 838303 955414 940705 258949 773007 290875 711301 196621 571333 445633 747013 846562 918806 547579 793455 798959 321729 641405 816654 592245 240846 401514 794819 867695 417767 869029 422368 125516 215915 169232 443435 60035 554791 715589
642181 789525 375575 1018727 610437 878478 968245 940752 994266 183100 673767 975514 947460 807562 587758 999533 729412 258256 844575 913415 618620 213033 711964 696612 340313 422188 1039450 827131 30372 831942 566463 494384 717356 673881 857203 966624 454233 715817 709750 464401 83729 251907 466282 783545 371552 689866 1208614 391661 907967 1016201 460776 966973 999999999 575970 746999 906371 648665 785500 510894 864384 802231 545212 129946 317851 523630 578616 433766 608701 50468 788603 825273 709276 571066 773044 736402 637635 510827 236928 73467 501432 236048 183718 710552 567320 291785 916384 727311 742907 260072 136770 620279 411981 723792 1020745 855886 801930 1044963 917260 864806 495766
933329 384646 372204 736447 403963 795484 583073 817174 745600 536518 684987 843657 927655 530695 920597 765138 1038018 369508 968904 857992 652284 459314 253420 896291 738408 619009 836732 692421 594647 519855 398937 675007 1012429 284904 940707 774293 322071 704462 874651 654462 523710 379242 239098 735743 493051 665827 1015944 191097 351896 817229 210096 635323 575970 999999999 757826 406932 324915 403820 157043 321438 990940 431507 446079 436793 846864 349123 774048 968924 583888 623456 1002656 355312 782748 467632 164301 191090 763045 350778 503356 567307 570847 404753 315195 725683 296907 954684 443518 251508 596708 567932 567693 780833 227423 743751 435827 484614 949430 575324 294131 726316
389087 540216 456842 445102 362724 158091 556219 233627 392364 563899 79798 265409 202104 374303 440138 379152 459472 818812 232079 170619 131541 553606 609001 261977 512015 330790 371941 192182 731483 421272 359297 271104 428981 533109 187831 314957 453594 53924 213009 296210 669185 822727 530517 77386 387575 92242 499946 745580 829866 352512 563384 482778 746999 757826 999999999 708075 469046 509781 602868 775181 299461 327567 706477 460888 411989 412606 434216 494477 702864 230009 297376 483033 265985 412577 801183 607750 322570 753557 733536 252234 514651 646874 532338 214354 755943 199032 393448 652675 497343 613469 190364 470780 657875 439921 570151 426643 304946 478432 859749 305875
1025175 171603 569920 450732 399250 659863 246804 642247 486752 799792 665337 654595 803658 341951 1042139 512991 1121141 755217 939725 725090 664550 726217 194452 936463 942865 755891 592201 552495 916134 299457 435804 776185 1091026 245904 889174 555363 482050 659195 897027 770547 834224 764693 443352 649384 660933 628220 745123 575785 152942 580665 445667 335191 906371 406932 708075 999999999 297362 199752 398020 121420 1001686 481991 783376 649686 979160 386606 935878 1098772 896917 489276 1003136 249408 863407 295585 281701 269748 875582 719090 841627 648871 806461 722710 217849 791951 673116 867181 318291 167005 820597 848262 561521 957359 189312 460669 141413 284363 763237 289159 225961 838182
