NAME : synthetic_000010
TYPE : CTSP-D
DIMENSION : 100
GROUPS : 8
RELAXATION_LEVEL : 1
EDGE_WEIGHT_TYPE : EXPLICIT
EDGE_WEIGHT_FORMAT : FULL_MATRIX
EDGE_WEIGHT_SECTION
999999999 573756 822356 166899 681056 312095 711615 274835 841147 300573 443277 139247 222498 910271 858302 587858 955517 616711 419926 1003444 803814 637233 292931 913960 582731 317284 830720 322847 785628 825388 1068744 352612 435308 820239 502188 949628 699201 679221 769670 795321 594408 638713 763477 561813 435332 187835 716611 635116 1024806 1001399 335635 524158 390651 143699 665496 709007 921163 591040 528564 260663 134897 376715 434172 708038 826554 869217 448183 826268 457949 520995 791055 521149 669673 584911 537481 163871 624065 443795 138037 732056 267508 791620 451657 922327 241246 450498 385549 285561 1034949 1144544 409150 696906 613992 880559 479028 1016802 247890 841272 234860 864451
573756 999999999 701799 502915 1045174 795723 137989 753105 287582 710444 448146 642995 406394 778235 625423 28790 827722 120285 489742 776050 484667 687914 729087 830000 942451 751745 283923 407289 919638 739588 942990 362126 747451 839851 885951 713441 191476 844890 197669 229974 777442 884617 847752 875118 573657 402544 1074120 63717 957053 901848 729444 662763 220508 555833 657773 481257 468054 255016 625198 578594 473857 236744 166503 357202 953953 580034 768370 688635 668032 416568 303423 951221 731078 677656 242900 531413 518452 139191 563146 275540 690788 825825 741709 557704 701634 304714 713957 289336 957801 983519 237616 129016 40236 486581 481253 903339 564592 897081 680185 544337
822356 701799 999999999 903535 710514 763322 732990 743735 681255 656426 385714 755317 625329 89245 155245 729282 138203 595821 402467 209634 289427 238538 688177 128501 653371 689671 659722 513581 370486 52273 257557 505249 545803 208105 662134 183383 580815 380436 734234 707593 391855 489420 283719 569531 402551 681755 718535 697951 255267 203393 639356 356022 593814 925873 178111 224939 492125 446935 323995 586246 696746 800092 769155 373829 381191 235402 556495 23652 437612 334179 539216 751792 241432 295034 465040 661507 211951 734061 926246 501017 670603 218104 519881 350646 712729 457308 564705 691406 256595 324255 551489 693956 710222 390969 345566 209972 592121 275355 694395 280501
166899 502915 903535 999999999 845744 478907 637951 441674 787593 461811 518201 305212 278845 992774 912685 509636 1040829 575107 510215 1065516 831365 747759 457244 1008048 745887 482122 781053 390302 920794 915138 1158239 401118 587565 933709 666226 1007338 661512 816350 699427 732773 730926 788404 888130 719181 547913 221792 881147 566631 1126341 1094973 496174 646361 374321 55111 764246 754775 912962 592245 641104 396681 222744 273190 341816 719361 961803 908876 602459 903434 590936 577818 765473 687939 784745 701354 540280 292064 694402 363860 63801 713602 429052 907005 600827 942699 406435 477343 537845 250501 1134673 1227636 406880 631790 541660 890143 559873 1107623 380958 963140 397939 895161
681056 1045174 710514 845744 999999999 382805 1154594 411228 1201806 385974 615509 541864 676005 755801 848870 1071354 771118 1007119 565847 911846 918394 490418 388515 700353 105052 363819 1182628 639317 380142 670925 828978 683126 298646 540419 179853 893837 1052803 331039 1191303 1190972 331193 221470 444688 173580 482517 714145 35742 1084305 734659 760345 353425 423260 828805 823553 557632 798305 1122486 880362 470600 489262 659265 962772 986948 915411 399566 914594 277945 731260 385359 686126 1083035 180384 472834 451836 849328 578329 668499 972779 816908 1021236 417926 515104 303555 1023173 439814 753474 337846 819327 751572 917550 807560 1122118 1077609 1032602 597980 785130 506153 499704 447924 945559
312095 795723 763322 478907 382805 999999999 925521 43065 1019363 111842 471062 177638 389518 839787 852627 816938 874968 797928 422462 969679 855223 531363 80904 816465 295728 73713 1004099 414378 590022 746366 970905 462870 230440 682901 214899 929006 866353 488021 975283 989011 417303 407515 601084 306108 375578 404119 418454 848611 901558 898504 123969 408371 578506 449294 585503 737843 1024139 714654 439932 234372 335112 650557 692632 798883 627475 891451 228906 775772 326106 562994 932041 211620 546129 472351 667819 265491 616788 689701 441852 867762 113489 652028 256732 975782 94105 563114 199926 521848 915390 1056759 574701 901073 833954 956601 482884 919238 243131 679433 115800 904013
711615 137989 732990 637951 1154594 925521 999999999 883311 170352 835764 543542 777510 537985 799928 630803 128349 847052 152154 590374 769956 477318 761266 856210 860789 1053931 877994 174320 525195 994139 776680 956036 477536 860052 894921 1002357 709403 155018 929289 62196 103909 868884 980882 916225 982202 674793 538285 1181852 77563 984491 924116 852411 755086 347017 691511 721360 508145 400994 302476 713569 702553 609206 367353 297106 362202 1025501 571140 880985 716348 771482 493210 242275 1071941 802973 760295 314426 663243 575704 274630 699048 245340 818098 885047 851684 521994 831687 401682 830334 426750 982818 984869 355003 39089 97824 446613 570167 921846 689558 956693 809725 528160
274835 753105 743735 441674 411228 43065 883311 999999999 978890 87364 437568 137708 346790 822369 827098 774179 859205 756780 390339 948244 823693 515709 55975 802754 318778 63580 963859 374907 591396 729387 958225 423108 225217 674353 236971 905723 826111 487172 933448 947710 412202 414652 596080 318308 349396 361069 446969 806308 892386 886163 110399 391645 536333 414562 566818 707700 988815 676383 419746 196863 292189 607826 649597 763529 629939 863083 227627 755162 309396 529700 893587 246332 533566 456644 628828 222529 589244 646644 407473 829429 78550 643544 250327 944689 51637 524383 187443 478783 905716 1043036 533313 859181 791439 923315 451991 906226 204243 675149 74123 873928
841147 287582 681255 787593 1201806 1019363 170352 978890 999999999 920256 588318 887902 645314 733869 553814 288168 776506 225982 639797 673378 397812 762787 944465 803412 1106520 963791 21585 605811 989604 730230 875061 556997 918732 866904 1065149 617531 153548 940728 115601 67902 892609 1009121 905454 1028324 720645 658020 1225625 225084 919479 854621 931420 784085 454705 839346 711492 466993 260310 321697 738484 787362 725764 524325 454033 315506 1016056 481539 939176 661188 817180 516629 142042 1142351 800779 774903 358171 767544 566589 425848 846220 189157 907535 862803 905921 405734 927717 461774 896716 557298 914987 890281 448062 160408 252199 331874 603883 848035 776864 932802 904821 433435
300573 710444 656426 461811 385974 111842 835764 87364 920256 999999999 360794 164955 310542 735025 741689 733431 772026 702183 311425 861254 743654 428679 31936 716032 284379 43755 904202 314808 515557 642083 871745 363695 147987 589968 206202 819279 766759 409719 882724 893454 331350 347959 514293 262430 264169 338003 420951 759906 807396 799825 35307 304514 490351 444273 479454 626035 914805 610131 332431 133624 276822 589312 622942 689760 555074 779692 155347 667981 222402 452416 827476 247347 447461 369655 565121 197220 505134 615122 438484 763041 33071 559254 170842 864089 70139 460216 104209 451285 820468 956231 481383 809092 747347 845735 371287 819662 146219 593676 66801 792190
443277 448146 385714 518201 615509 471062 543542 437568 588318 360794 999999999 401332 239651 474882 416780 476309 522667 393406 52382 560169 387633 259647 390355 491362 518477 403654 569819 127936 481066 397513 640110 128045 331216 438027 478109 506763 437710 398588 576792 575464 329299 438122 419480 442007 132994 296461 641026 477591 612780 577727 362040 214617 258435 540311 255364 276604 554327 266849 178596 244436 313188 453247 443720 329762 518260 436740 351407 386821 230167 92139 478512 558520 302642 235332 233864 290080 180928 416258 540861 414577 359192 416062 317630 509095 392610 143819 313907 323006 619914 709969 222629 509333 475270 485774 43950 589710 242597 482285 370099 441141
139247 642995 755317 305212 541864 177638 777510 137708 887902 164955 401332 999999999 242672 840062 814491 661681 881935 662327 364327 949615 785133 547586 154224 833210 444123 178209 874708 305181 669186 750402 989716 348212 307414 723377 363254 900704 738152 562361 831248 850299 479698 510508 657124 427378 353660 241239 577442 699949 935708 919699 200257 426665 434838 281957 586496 677793 929298 604164 441191 169094 169707 478525 525526 706806 709590 838072 317853 762798 351428 490011 817104 383163 574562 491081 552796 122972 574088 526696 275605 754445 132208 693486 326834 906430 102140 452956 258884 358527 947327 1070162 440340 756914 682492 874905 427881 937325 163935 736318 98171 841209
222498 406394 625329 278845 676005 389518 537985 346790 645314 310542 239651 242672 999999999 714519 644074 427421 762289 419659 232846 793584 581848 474837 325734 729296 570953 349557 632330 111749 666057 636293 879460 131530 382270 660460 503099 737312 496229 566655 590117 607936 483177 562750 622927 519406 281560 58268 708588 460635 848333 816158 334419 384533 192598 301408 486713 490676 701749 372001 371400 187184 88530 287185 313482 486027 706443 649733 401714 625959 345282 305760 579223 556998 513946 432981 318899 125272 417870 304581 302459 517934 287507 635005 385856 699941 295415 228136 338671 143409 856363 949572 198523 515703 444954 658328 281036 828787 170697 694808 274305 643049
910271 778235 89245 992774 755801 839787 799928 822369 733869 735025 474882 840062 714519 999999999 182078 805135 50477 668450 490630 158346 336105 309070 766515 78737 708175 766451 712606 602775 393512 93638 169969 594367 617297 222730 724836 160255 645748 425477 796159 766131 451500 537994 313873 626815 486487 770990 760092 770138 185963 124352 716008 431441 680129 1014931 256002 297099 522921 523449 403714 671012 785451 886071 853066 437804 395013 261572 626265 93008 513790 422443 592633 813396 302296 367742 545782 748777 300663 817447 1015245 561243 750907 243159 590907 369733 793559 544190 640081 779688 183031 235155 637790 761179 784095 423248 434490 125485 677571 282258 775959 310679
858302 625423 155245 912685 848870 852627 630803 827098 553814 741689 416780 814491 644074 182078 999999999 650661 222734 509606 450165 156710 156721 360916 773537 256799 782805 779478 532736 536160 523854 206960 325536 513973 651573 363349 780972 95378 475785 523606 621784 589236 521088 627669 436100 697313 477723 695589 859861 609005 366231 300825 730601 460686 565380 943137 293651 160383 342758 377059 419551 649547 725499 764778 722074 271288 536085 81640 665419 131594 536423 338423 413590 871004 376200 409243 410853 706758 240657 684865 945041 387457 750054 372564 627322 195796 789425 438714 661157 678566 361246 358197 524325 592750 625856 242204 386668 294663 651564 430501 768798 129584
587858 28790 729282 509636 1071354 816938 128349 774179 288168 733431 476309 661681 427421 805135 650661 999999999 854490 142556 517446 800364 508080 716686 751439 857570 968371 774378 286658 432771 948366 767457 969353 388234 773338 868486 911025 737875 206507 873353 190141 226898 805574 912352 876541 901723 601202 420616 1100528 64420 984495 928899 753112 690909 244702 563288 686523 508058 482208 282355 653586 602188 492127 239325 168925 381325 982718 603606 794235 715871 695240 445355 317078 975286 759858 706244 271486 551997 547004 146835 570880 293948 713117 854543 768014 577621 722836 333045 739192 305437 985083 1008851 263972 127760 36802 505526 509724 930110 587904 925815 701640 566901
955517 827722 138203 1040829 771118 874968 847052 859205 776506 772026 522667 881935 762289 50477 222734 854490 999999999 717188 536566 161867 378954 343708 803245 71492 729527 802029 755391 650602 399982 131537 119663 643301 649715 231299 751051 182021 692518 443717 841782 810714 477796 556844 326469 650169 528350 819046 773155 818683 144161 78127 751627 467563 730498 1062167 295705 346465 558237 573115 442883 713137 831970 936489 903531 484865 396272 299014 657503 143443 549874 472227 635964 838555 331779 402791 596043 793326 350138 867891 1062319 606837 789173 256061 623146 402016 832158 594453 675042 829491 138514 189074 688158 808427 833028 460074 481681 75621 720317 283210 815178 348393
616711 120285 595821 575107 1007119 797928 152154 756780 225982 702183 393406 662327 419659 668450 509606 142556 717188 999999999 441517 658165 365548 609748 724896 724312 907693 745298 214244 387720 842731 636687 830532 338967 715130 747947 859312 595785 86517 777135 184397 191311 717113 829676 765733 834100 525595 432371 1033603 102148 850196 792675 715944 603572 228736 624576 571520 371911 356111 153486 561664 568603 499801 329369 264214 239223 874576 461095 735977 581008 622653 341069 195424 932099 651718 608143 162364 542646 426920 229000 630815 157877 687381 736761 705349 437755 705330 253859 688085 335321 849902 867722 223722 116190 116313 367361 418607 792714 557020 808439 682662 424459
419926 489742 402467 510215 565847 422462 590374 390339 639797 311425 52382 364327 232846 490630 450165 517446 536566 441517 999999999 587634 433356 244604 341578 498991 467743 353821 621470 127020 453772 407712 651572 145880 279190 428958 425995 537040 488601 364878 625526 625573 290524 394906 399309 392628 84504 291093 592087 522565 616128 586289 311104 177205 289322 527280 254080 318541 605074 318647 149001 201230 295731 473836 471398 381058 492415 476686 299492 406495 181187 141385 530880 506146 285601 209871 283887 260435 209874 446616 526943 466917 311790 404519 266234 554423 347045 188745 261571 336500 624572 725349 257554 556972 518695 534310 63744 600161 201820 467162 325013 484469
1003444 776050 209634 1065516 911846 969679 769956 948244 673378 861254 560169 949615 793584 158346 156710 800364 161867 658165 587634 999999999 293948 448171 893150 228791 860100 895966 653374 683784 551826 241600 213277 665108 754931 381037 871403 62829 616008 580881 754045 717189 599960 692509 471830 777167 601829 846636 917140 755212 289723 222804 845883 564307 721957 1094194 386669 316829 432148 531710 529778 781709 872493 921409 878004 419039 552435 198940 765945 194453 645151 488354 539543 960901 449305 504373 567131 847633 379494 840663 1095715 524619 873484 401268 729146 273206 914738 594097 772261 834235 278357 217018 680776 733046 773735 342704 525738 205142 785688 439314 895421 242748
803814 484667 289427 831365 918394 855223 477318 823693 397812 743654 387633 785133 581848 336105 156721 508080 378954 365548 433356 293948 999999999 432596 774334 406952 839481 785155 376600 485151 633731 340676 481450 451232 681601 488876 822646 232472 322704 610878 465706 432560 587771 702810 545525 754167 486057 626022 934553 461422 521671 457079 739881 502329 463901 868471 368444 122121 210972 252846 455728 632067 668935 649763 599164 128503 652976 95598 698646 267738 565218 296188 257014 910693 460498 466559 297792 667524 253275 561374 871746 232425 745143 491071 660587 121519 779894 356889 679669 585271 517340 507608 426614 439899 480439 114583 372368 451375 629906 556658 757541 64602
637233 687914 238538 747759 490418 531363 761266 515709 762787 428679 259647 547586 474837 309070 360916 716686 343708 609748 244604 448171 432596 999999999 459734 287914 421934 458334 741858 371624 233015 215443 444261 385443 308542 185987 424556 417379 628638 180690 781677 768542 160351 271274 161229 336567 202260 532947 504050 705695 388827 373126 407924 124255 516394 758996 67445 316885 641346 459779 108669 381919 526991 712773 702230 452916 266096 424232 318380 255034 206314 271579 629462 514490 43561 59091 449887 473504 196848 673365 757480 573935 446970 160205 282305 533192 490282 389387 331456 579584 399975 527744 478362 723636 709017 547160 217416 391952 391833 223187 474338 455633
292931 729087 688177 457244 388515 80904 856210 55975 944465 31936 390355 154224 325734 766515 773537 751439 803245 724896 341578 893150 774334 459734 999999999 746807 289915 25656 928738 338658 540216 673485 902329 387473 172577 619160 209273 851215 791111 435089 904281 916201 358430 367995 541996 277101 295941 348548 423961 779893 836977 830300 56411 335682 509773 436114 511072 657105 943835 636614 364190 157187 284004 599213 635825 718645 579289 811181 177244 699822 253422 482215 854052 238688 477750 400669 590728 206996 536741 629717 429822 789673 38324 588384 196840 894932 52493 485835 132283 464008 850210 987078 502861 830379 766527 875771 402011 850310 167891 621238 60121 823304
913960 830000 128501 1008048 700353 816465 860789 802754 803412 716032 491362 833210 729296 78737 256799 857570 71492 724312 498991 228791 406952 287914 746807 999999999 660791 744171 781993 618435 328496 95346 156583 616141 588900 160103 684925 238254 707993 374268 860592 832614 412570 487352 255682 582544 481368 786945 701980 826437 127724 87469 693964 412066 715005 1026267 248589 353114 599250 575264 392055 665499 794398 921361 893298 500364 325354 337633 595530 144525 493692 451996 661566 771640 270525 346622 592099 750554 329779 858786 1025866 626449 734856 185701 562257 447561 778190 577965 616868 806929 131098 240347 672854 821796 838705 498959 448647 104188 673871 212153 762184 386290
582731 942451 653371 745887 105052 295728 1053931 318778 1106520 284379 518477 444123 570953 708175 782805 968371 729527 907693 467743 860100 839481 421934 289915 660791 999999999 266191 1087743 535837 361717 618755 800158 580334 195035 504223 81818 836028 956162 286956 1092068 1093272 262369 174867 408838 85798 385876 609359 138269 982790 712299 729026 250855 337938 725185 726026 489157 717953 1039425 784828 385209 384250 555308 857747 882023 827198 390168 843685 174154 672513 289663 593309 991261 125592 411977 376094 751625 474322 586865 868125 719728 928622 316910 475986 202364 948692 342091 653834 232896 714275 728506 889265 704893 1022089 975425 952696 504170 753026 401165 475096 348179 871271
317284 751745 689671 482122 363819 73713 877994 63580 963791 43755 403654 178209 349557 766451 779478 774378 802029 745298 353821 895966 785155 458334 25656 744171 266191 999999999 947800 358178 527826 673100 899052 407063 162189 613009 185071 855410 810316 423725 925437 936597 349485 351737 533470 257551 303080 373545 399342 801910 831390 826776 50444 335011 532017 460148 511914 666870 957871 653884 366220 176725 309439 624399 660425 732932 566361 819350 164065 702066 252670 495039 871222 213094 474157 399270 608847 231993 544493 653855 453714 806786 62351 582158 187694 905290 76070 503937 127312 488601 844951 984515 524002 851688 788941 888026 412910 847238 188625 612385 85688 832871
830720 283923 659722 781053 1182628 1004099 174320 963859 21585 904202 569819 874708 632330 712606 532736 286658 755391 214244 621470 653374 376600 741858 928738 781993 1087743 947800 999999999 590118 968385 708665 854390 541390 900554 845351 1047112 597184 137752 920008 124352 76805 872425 989055 884128 1009206 701901 646598 1206231 222696 898269 833513 914849 764270 442731 832310 690284 445440 243954 303003 718525 771570 713710 520312 450329 294033 994722 460874 920939 639688 798268 497060 120528 1124828 779712 754438 340865 753855 545542 420959 839028 168031 891978 841306 887449 386758 912807 444961 879142 547864 893854 870340 434460 159569 250182 312476 584649 827066 761335 911275 889847 412938
322847 407289 513581 390302 639317 414378 525195 374907 605811 314808 127936 305181 111749 602775 536160 432771 650602 387720 127020 683784 485151 371624 338658 618435 535837 358178 590118 999999999 576051 525036 767946 48888 340842 555698 478835 628451 452461 482193 569576 578863 402585 495889 525308 471768 191845 168647 669215 451111 738547 705092 328355 294768 189510 412842 378057 386315 624407 302839 273494 181571 189341 352847 358821 401641 615477 546811 361689 514286 273799 198201 519301 546746 412484 335121 254088 183880 306616 338833 413633 455416 301882 531495 336881 605489 324561 150341 306731 211663 746191 837822 170781 496610 441517 570536 169807 717414 171307 594058 301384 544080
785628 919638 370486 920794 380142 590022 994139 591396 989604 515557 481066 669186 666057 393512 523854 948366 399982 842731 453772 551826 633731 233015 540216 328496 361717 527826 968385 576051 999999999 321972 449055 599623 367831 170789 408564 545880 859588 106852 1013484 998807 191230 191618 88501 299510 385834 721681 377458 938609 354860 381348 483921 282154 739337 921398 278117 529942 844521 692284 304931 526839 698911 927382 923894 675724 41039 600790 363771 393794 330012 504090 852993 484321 191261 245770 682809 630375 423927 897240 918065 800464 543985 153144 344881 716006 585535 618212 412668 787709 371657 537469 703505 956392 941568 745390 442156 406334 541451 120084 577445 641529
825388 739588 52273 915138 670925 746366 776680 729387 730230 642083 397513 750402 636293 93638 206960 767457 131537 636687 407712 241600 340676 215443 673485 95346 618755 673100 708665 525036 321972 999999999 243860 521442 523680 156760 632732 225448 625843 339899 780135 754779 359869 451032 236651 536327 396841 693674 677274 738787 222041 180307 622657 338111 619854 934633 164257 269084 544312 485744 311708 581632 703442 826169 798788 420203 330780 287509 532763 75667 420491 356669 588279 721672 209769 274175 499851 662727 234557 764532 934488 548164 658518 168887 497305 402614 701354 482801 546588 711718 226336 320129 577745 737595 749905 443166 355284 192603 588919 223580 684114 332772
1068744 942990 257557 1158239 828978 970905 956036 958225 875061 871745 640110 989716 879460 169969 325536 969353 119663 830532 651572 213277 481450 444261 902329 156583 800158 899052 854390 767946 449055 243860 999999999 761980 742130 297036 830956 259715 801043 513926 947102 913656 561757 625306 391408 725733 637465 936560 826275 931357 103454 72649 849004 568260 850097 1178388 404269 462332 642635 689192 548604 821829 947302 1056013 1022447 594939 434720 393524 747718 262966 649588 591728 736873 915624 424895 502775 713973 905695 469469 986622 1178296 712984 891037 326697 715500 483504 934427 714112 771762 948964 86625 89110 807759 917804 946730 549237 598465 52400 829989 329274 918598 441838
352612 362126 505249 401118 683126 462870 477536 423108 556997 363695 128045 348212 131530 594367 513973 388234 643301 338967 145880 665108 451232 385443 387473 616141 580334 407063 541390 48888 599623 521442 761980 999999999 385358 565809 525328 607845 403698 509974 521170 530049 433325 531840 543319 513865 222176 181666 712360 404079 739080 701680 376995 321872 148284 429284 383363 359356 581436 256643 294743 230434 217718 328433 326226 360738 638141 518206 406288 503726 310785 176843 472141 594610 427788 355119 206726 225544 294256 302975 431082 408531 350591 543358 379808 570197 372502 104752 353164 195015 745682 828386 124575 448431 395399 531559 171984 712467 219946 608602 349378 511924
435308 747451 545803 587565 298646 230440 860052 225217 918732 147987 331216 307414 382270 617297 651573 773338 649715 715130 279190 754931 681601 308542 172577 588900 195035 162189 900554 340842 367831 523680 742130 385358 999999999 452504 146963 719636 766918 262512 899493 902409 187380 203631 371382 137435 202516 425553 329295 788317 671200 669570 116186 191690 530260 577439 368298 559751 871487 597829 232301 199975 379382 669312 689931 652194 407175 701238 20952 560602 116814 412917 809054 230574 318494 250819 561587 299952 429998 674705 572621 745409 177688 421632 26646 797428 218114 461561 49867 524588 685134 828751 509930 828792 780593 791301 323585 690803 217178 450214 211826 721691
820239 839851 208105 933709 540419 682901 894921 674353 866904 589968 438027 723377 660460 222730 363349 868486 231299 747947 428958 381037 488876 185987 619160 160103 504223 613009 845351 555698 170789 156760 297036 565809 452504 999999999 534061 376707 750075 217360 905646 884882 267565 329715 96099 428735 387092 718641 541888 848419 218731 225159 564008 297438 688277 944325 186060 399911 696580 594461 293277 561905 712647 889719 873479 551889 174750 443193 455952 231755 372780 429211 726265 618613 150570 235329 597023 657053 321881 842368 942628 680126 612723 30873 426170 558602 656254 555063 486948 760797 232962 385944 648186 856080 855817 595768 394320 248891 573103 67896 642924 487195
502188 885951 662134 666226 179853 214899 1002357 236971 1065149 206202 478109 363254 503099 724836 780972 911025 751051 859312 425995 871403 822646 424556 209273 684925 81818 185071 1047112 478835 408564 632732 830956 525328 146963 534061 999999999 841907 912990 319546 1043454 1047650 273483 217022 441785 109068 349115 537998 215029 929402 748779 758722 174205 322701 666518 645207 489718 700526 1016081 744563 367829 316020 480883 788246 816119 798210 441463 836067 127214 679440 258798 559549 956008 90083 422974 372059 707558 400166 569608 804327 638784 892372 238073 504260 163634 936247 261119 606457 172172 646388 764290 919652 649474 972015 920339 933810 470090 781839 332402 514203 268292 859629
949628 713441 183383 1007338 893837 929006 709403 905723 617531 819279 506763 900704 737312 160255 95378 737875 182021 595785 537040 62829 232472 417379 851215 238254 836028 855410 597184 628451 545880 225448 259715 607845 719636 376707 841907 999999999 555058 563450 695080 659239 573971 672800 461839 751732 557158 789510 901479 693247 322362 254225 805748 528001 660585 1037128 352715 255733 383411 468920 490536 733951 817631 859250 815387 356585 551155 138477 731879 163517 607169 431576 481633 931866 424127 471049 504704 795857 327400 778012 1038878 464132 829822 392929 694402 224626 870300 534029 733736 773932 313472 275647 619617 672213 711502 289601 474239 241130 737036 439639 850363 184497
699201 191476 580815 661512 1052803 866353 155018 826111 153548 766759 437710 738152 496229 645748 475785 206507 692518 86517 488601 616008 322704 628638 791111 707993 956162 810316 137752 452461 859588 625843 801043 403698 766918 750075 912990 555058 999999999 802948 155572 140562 749764 865127 778434 879224 570566 513260 1077517 147953 830775 769785 777885 638914 308985 710751 582901 356759 276578 173576 594428 633967 578991 414223 347572 208008 888738 417070 787481 563468 667542 371128 112238 989406 668698 634975 205443 616833 436296 313464 716904 92462 754288 742300 754819 375841 775073 308387 743885 420181 828747 830308 297848 117204 172255 301948 456087 767150 623632 813608 752105 375245
679221 844890 380436 816350 331039 488021 929289 487172 940728 409719 398588 562361 566655 425477 523606 873353 443717 777135 364878 580881 610878 180690 435089 374268 286956 423725 920008 482193 106852 339899 513926 509974 262512 217360 319546 563450 802948 999999999 953830 943414 85435 113131 122744 212326 290362 621163 338099 869154 429332 442403 378692 188130 653904 815732 242445 497120 820723 631301 220079 421177 595215 834996 836106 633047 147507 593949 259893 401763 225577 436111 809083 402094 150674 168997 615047 525152 376814 811448 812244 752453 437681 189059 238879 706269 479533 540446 306360 693050 444978 602974 620425 892615 869669 725168 363637 466244 436100 195301 470978 629278
769670 197669 734234 699427 1191303 975283 62196 933448 115601 882724 576792 831248 590117 796159 621784 190141 841782 184397 625526 754045 465706 781677 904281 860592 1092068 925437 124352 569576 1013484 780135 947102 521170 899493 905646 1043454 695080 155572 953830 999999999 47897 897268 1011139 933127 1018153 709379 593635 1217550 134779 981864 919558 897857 784673 397798 752794 737591 511213 363751 322576 741578 749148 664020 429371 359043 360414 1043250 556716 920348 716213 806531 518796 215819 1115439 822333 785138 343610 715087 591018 335743 760247 234961 866393 897787 889733 496399 881821 438241 872001 484239 979103 970540 401450 74415 158044 420824 600030 915608 736814 969133 859549 511302
795321 229974 707593 732773 1190972 989011 103909 947710 67902 893454 575464 850299 607936 766131 589236 226898 810714 191311 625573 717189 432560 768542 916201 832614 1093272 936597 76805 578863 998807 754779 913656 530049 902409 884882 1047650 659239 140562 943414 47897 999999999 890200 1005363 916798 1017455 708457 615651 1216234 166306 952085 888733 906897 779024 415465 785437 721444 487067 318574 313809 734773 759891 685020 465572 395062 334774 1027289 521369 923129 688749 805621 511427 177666 1121948 808227 775525 341715 732030 575000 369166 792626 206633 878663 878490 891339 455546 896199 441206 877193 509933 948665 934091 414401 100988 192228 380268 595588 883789 748329 949427 873614 474848
594408 777442 391855 730926 331193 417303 868884 412202 892609 331350 329299 479698 483177 451500 521088 805574 477796 717113 290524 599960 587771 160351 358430 412570 262369 349485 872425 402585 191230 359869 561757 433325 187380 267565 273483 573971 749764 85435 897268 890200 999999999 117433 184002 177765 211415 537040 346832 805570 486042 489149 302204 114686 579502 730429 227793 468611 793617 576426 155690 335845 509922 755200 759324 593210 232192 584254 188936 410514 140297 378878 765972 361912 150662 122067 554840 439737 340542 736116 727001 706643 357732 236846 161877 692047 400373 472969 227166 612122 500499 649731 548000 833234 804235 702185 298822 511510 350696 262947 390336 614431
638713 884617 489420 788404 221470 407515 980882 414652 1009121 347959 438122 510508 562750 537994 627669 912352 556844 829676 394906 692509 702810 271274 367995 487352 174867 351737 989055 495889 191618 451032 625306 531840 203631 329715 217022 672800 865127 113131 1011139 1005363 117433 999999999 234074 108066 311529 612336 232909 915713 537861 554268 313639 226496 679900 780329 337884 584681 909842 691589 270825 393912 574444 844221 854696 710642 224777 694506 192837 509959 222109 494000 883248 293958 251493 239096 667849 497642 457552 834071 775706 823671 379369 301942 187716 804389 417463 581736 253215 699262 553952 714415 651239 945864 913012 817368 411211 578351 410566 300977 413751 726861
763477 847752 283719 888130 444688 601084 916225 596080 905454 514293 419480 657124 622927 313873 436100 876541 326469 765733 399309 471830 545525 161229 541996 255682 408838 533470 884128 525308 88501 236651 391408 543319 371382 96099 441785 461839 778434 122744 933127 916798 184002 234074 999999999 335035 341908 680183 447020 863344 307056 320199 485919 241811 677158 893787 195546 443286 756221 613769 252187 502845 665417 871588 862890 590677 110625 512542 372323 306797 306703 431203 767763 524837 117669 190399 607899 602962 342152 834377 891280 716498 539502 70849 345808 627671 582596 550572 410142 735809 322505 480498 639443 878064 867751 656963 378018 344290 515785 79478 571288 553061
561813 875118 569531 719181 173580 306108 982202 318308 1028324 262430 442007 427378 519406 626815 697313 901723 650169 834100 392628 777167 754167 336567 277101 582544 85798 257551 1009206 471768 299510 536327 725733 513865 137435 428735 109068 751732 879224 212326 1018153 1017455 177765 108066 335035 999999999 309034 562967 199652 912666 641522 653865 227124 253488 660990 705294 403672 632812 955019 706820 300902 337168 515589 806236 825213 744474 332766 757895 119117 588279 211840 513045 910475 189896 328151 290297 675858 435448 501873 808731 699846 848359 295311 399505 135300 862973 328872 580710 184429 661288 657253 814678 637757 949346 906734 867581 424605 677385 354383 405982 329209 785531
435332 573657 402551 547913 482517 375578 674793 349396 720645 264169 132994 353660 281560 486487 477723 601202 528350 525595 84504 601829 486057 202260 295941 481368 385876 303080 701901 191845 385834 396841 637465 222176 202516 387092 349115 557158 570566 290362 709379 708457 211415 311529 341908 309034 999999999 338429 508201 607054 589568 568460 255595 103685 369305 557241 233333 365809 670338 398955 93841 184791 325915 544685 547941 449842 425825 516331 221901 411319 97208 210442 607412 432654 237147 153446 366825 271483 241428 525143 555543 544110 272759 359611 186478 604745 313197 273225 193899 402851 599942 716813 339741 641222 603008 592982 121072 585159 192526 415489 293606 531075
187835 402544 681755 221792 714145 404119 538285 361069 658020 338003 296461 241239 58268 770990 695589 420616 819046 432371 291093 846636 626022 532947 348548 786945 609359 373545 646598 168647 721681 693674 936560 181666 425553 718641 537998 789510 513260 621163 593635 615651 537040 612336 680183 562967 338429 999999999 747568 460792 906367 873688 365494 440855 204284 247622 544886 540060 734166 404316 429047 226192 71543 251312 288580 524085 762230 697568 444163 681821 397946 358282 603370 585205 571858 490509 350697 141560 473055 286471 249459 544221 311320 693085 431568 742212 311340 269304 379641 118073 914296 1005889 221319 519677 442316 696885 338409 886060 209019 752522 292444 688335
716611 1074120 718535 881147 35742 418454 1181852 446969 1225625 420951 641026 577442 708588 760092 859861 1100528 773155 1033603 592087 917140 934553 504050 423961 701980 138269 399342 1206231 669215 377458 677274 826275 712360 329295 541888 215029 901479 1077517 338099 1217550 1216234 346832 232909 447020 199652 508201 747568 999999999 1112235 730114 758783 388126 444077 858713 859184 570784 815357 1140191 904608 491119 522208 693450 995582 1018735 935827 393495 927377 308826 739802 411022 709249 1105033 214693 483766 468581 874866 612476 686489 1003973 852560 1043738 453040 517822 332566 1037234 475365 780329 370018 851784 747192 914372 836584 1148941 1106077 1049001 621831 783740 539182 497534 483261 959682
635116 63717 697951 566631 1084305 848611 77563 806308 225084 759906 477591 699949 460635 770138 609005 64420 818683 102148 522565 755212 461422 705695 779893 826437 982790 801910 222696 451111 938609 738787 931357 404079 788317 848419 929402 693247 147953 869154 134779 166306 805570 915713 863344 912666 607054 460792 1112235 999999999 952231 894421 777231 691145 270252 619516 670193 473887 420877 254503 651186 626974 531666 299707 229258 337762 971400 556923 809268 683043 703059 434799 255881 997580 748201 700542 255808 585906 526801 202885 626806 238729 741717 836500 780900 523120 754700 334163 757242 349873 951825 966648 280391 65439 27634 449693 506993 894145 613694 908133 732835 517791
1024806 957053 255267 1126341 734659 901558 984491 892386 919479 807396 612780 935708 848333 185963 366231 984495 144161 850196 616128 289723 521671 388827 836977 127724 712299 831390 898269 738547 354860 222041 103454 739080 671200 218731 748779 322362 830775 429332 981864 952085 486042 537861 307056 641522 589568 906367 730114 952231 999999999 68141 782152 509318 841746 1142069 362216 478367 702067 702140 497029 770743 909586 1047982 1020756 622770 336841 443169 674642 269190 587871 578168 778446 830951 361742 444628 719738 860936 456452 986364 1141198 747021 829188 249593 644831 545130 872763 704697 704946 931377 17349 186306 799686 945618 965060 604193 569395 84968 780561 237320 858589 492549
1001399 901848 203393 1094973 760345 898504 924116 886163 854621 799825 577727 919699 816158 124352 300825 928899 78127 792675 586289 222804 457079 373126 830300 87469 729026 826776 833513 705092 381348 180307 72649 701680 669570 225159 758722 254225 769785 442403 919558 888733 489149 554268 320199 653865 568460 873688 758783 894421 68141 999999999 776788 496830 796556 1113565 335962 421055 634483 646893 478525 752330 881784 1002936 972548 561932 369838 376461 675085 213679 577853 535014 714087 843720 352661 431345 667560 837953 412412 937431 1113208 684597 819478 254509 642946 477229 862922 659750 699513 891274 60548 160930 754271 885404 908210 537043 535288 25155 760905 261265 847352 425812
335635 729444 639356 496174 353425 123969 852411 110399 931420 35307 362040 200257 334419 716008 730601 753112 751627 715944 311104 845883 739881 407924 56411 693964 250855 50444 914849 328355 483921 622657 849004 376995 116186 564008 174205 805748 777885 378692 897857 906897 302204 313639 485919 227124 255595 365494 388126 777231 782152 776788 999999999 284567 508951 479324 461540 620726 916155 617752 316105 150928 306805 616567 647790 691802 523094 771817 121624 651881 202232 452462 834528 222962 424130 348853 574505 226282 496890 638465 473599 770076 68278 533189 140486 859489 103823 469933 77326 476661 795571 934311 497428 824677 765665 844174 368368 797136 165631 565091 102094 786417
524158 662763 356022 646361 423260 408371 755086 391645 784085 304514 214617 426665 384533 431441 460686 690909 467563 603572 177205 564307 502329 124255 335682 412066 337938 335011 764270 294768 282154 338111 568260 321872 191690 297438 322701 528001 638914 188130 784673 779024 114686 226496 241811 253488 103685 440855 444077 691145 509318 496830 284567 999999999 466522 652320 177918 380458 701580 465339 47446 264666 423630 647287 648055 492158 322208 513465 204782 369854 82385 267912 661119 412194 147900 65491 441533 362145 249211 623764 649983 600265 322797 268110 166824 614061 366167 358291 208914 506198 521288 651996 434106 719754 689602 615043 184965 516006 276380 317938 350570 537191
390651 220508 593814 374321 828805 578506 347017 536333 454705 490351 258435 434838 192598 680129 565380 244702 730498 228736 289322 721957 463901 516394 509773 715005 725185 532017 442731 189510 739337 619854 850097 148284 530260 688277 666518 660585 308985 653904 397798 415465 579502 679900 677158 660990 369305 204284 858713 270252 841746 796556 508951 466522 999999999 417540 502316 405134 540728 218252 435392 358139 271065 206405 185874 346493 776687 547967 551074 587137 459065 264087 401586 730760 559779 493569 167401 317317 385309 157919 422376 344743 471558 668827 526300 570751 484702 137054 494899 123901 846103 907094 42341 323396 256996 516078 299139 803739 344301 737165 462708 528434
143699 555833 925873 55111 823553 449294 691511 414562 839346 444273 540311 281957 301408 1014931 943137 563288 1062167 624576 527280 1094194 868471 758996 436114 1026267 726026 460148 832310 412842 921398 934633 1178388 429284 577439 944325 645207 1037128 710751 815732 752794 785437 730429 780329 893787 705294 557241 247622 859184 619516 1142069 1113565 479324 652320 417540 999999999 780021 786958 957963 634061 651048 394587 232521 327830 396014 759717 962429 943251 590920 927065 591707 605852 813137 660362 794277 710002 581377 291390 719273 417056 9356 759857 411207 916760 592773 981840 384088 512279 527583 294825 1151096 1250084 447628 684502 594859 931512 580515 1127213 380016 970216 378472 931726
665496 657773 178111 764246 557632 585503 721360 566818 711492 479454 255364 586496 486713 256002 293651 686523 295705 571520 254080 386669 368444 67445 511072 248589 489157 511914 690284 378057 278117 164257 404269 383363 368298 186060 489718 352715 582901 242445 737591 721444 227793 337884 195546 403672 233333 544886 570784 670193 362216 335962 461540 177918 502316 780021 999999999 255929 578369 418913 147716 417995 547629 704517 687426 398069 305876 356962 379701 192304 259576 243873 575341 579776 92532 118358 415869 501993 146608 656344 779278 522348 494917 168604 342620 466576 537560 369085 386624 578150 371077 483666 462134 683043 675809 482796 211415 352030 425805 239417 520059 389108
709007 481257 224939 754775 798305 737843 508145 707700 466993 626035 276604 677793 490676 297099 160383 508058 346465 371911 318541 316829 122121 316885 657105 353114 717953 666870 445440 386315 529942 269084 462332 359356 559751 399911 700526 255733 356759 497120 511213 487067 468611 584681 443286 632812 365809 540060 815357 473887 478367 421055 620726 380458 405134 786958 255929 999999999 325166 226881 333722 519381 574738 605759 565452 152488 553194 160872 576660 209203 443249 189147 326610 788624 348405 346789 254174 563980 131266 528685 789257 280993 629245 396481 538562 238939 665456 278953 558873 518409 477998 508704 363972 469092 487191 234769 255824 422085 518682 465980 643529 166237
