NAME : synthetic_000654
TYPE : CTSP-D
DIMENSION : 100
GROUPS : 8
RELAXATION_LEVEL : 1
EDGE_WEIGHT_TYPE : EXPLICIT
EDGE_WEIGHT_FORMAT : FULL_MATRIX
EDGE_WEIGHT_SECTION
999999999 729658 244012 675778 54612 283794 240018 129298 607895 581227 206329 483956 286772 728003 612921 360277 31567 675887 555009 567269 285661 851363 578012 355779 710801 256452 196451 583900 121017 599946 168190 694601 463726 397248 674589 549493 480490 671426 778708 694819 316929 150433 723477 178376 449327 637948 19402 815321 713814 632856 240091 595237 425521 775732 402197 431818 401958 230699 278206 717888 636300 117059 317966 452399 351166 104383 526206 147552 512349 478448 148996 561524 629735 590291 129764 296487 252070 561717 419202 679782 589267 368377 177064 781163 731011 498136 72985 507703 54884 646577 405975 576428 185565 650678 740316 534292 571682 461467 384831 614950
729658 999999999 489413 475256 784051 698075 644311 828989 455389 1204540 535321 1021945 516085 15234 154252 421773 751758 533473 174740 464866 514329 721557 151663 424027 771876 605437 697810 1060405 846520 648047 773074 720996 1012031 696361 1071537 648411 284946 745328 578040 106191 504579 866164 516014 551782 287889 1215823 737459 86806 645166 178814 664362 889871 320203 750157 540956 513855 1093076 878532 855785 507892 253345 846688 993776 1112942 379586 830791 796976 853652 251395 340701 680119 1041962 699313 208246 771200 1002453 647885 1206726 842611 83719 571633 978044 588023 548058 284525 688779 657197 1049540 729070 1268265 330053 155382 909895 1228360 963704 639551 164221 434578 427566 859186
244012 489413 999999999 483421 298567 342650 211501 357950 415644 748289 50157 595461 193961 486756 385988 138732 269525 500085 314929 380628 120795 701883 338120 133978 611210 185924 288872 666769 357681 477303 297381 579474 580170 351323 721991 437707 269175 571456 600970 450809 218061 389349 536713 67656 222323 780056 254618 574043 567525 390047 288413 584030 181884 652193 260574 273092 610121 433391 442777 529646 400381 360502 513292 640036 110127 347838 492921 364751 295361 249238 246410 645015 521390 348055 316623 515018 222032 741657 454509 436213 438448 518636 110003 595140 498107 418058 174429 623015 255159 814244 181698 334695 420641 793094 711434 421765 337174 264841 174508 581775
675778 475256 483421 999999999 721712 823791 459281 804855 68507 920921 491721 713527 652187 460873 526690 345440 707111 60286 424269 108552 393053 258284 429467 350094 307851 428967 771869 707123 750913 213714 607563 255955 712661 386464 676230 243133 542236 289611 125162 369209 664918 823488 55363 540719 485394 896995 693016 506011 171033 303838 770614 486383 366942 275104 282041 247631 893386 898816 921381 47324 224357 771472 797298 876965 442924 772319 412429 727741 533754 258151 726944 694725 254324 294197 783549 839051 452255 941209 524340 394325 146017 730119 500407 112360 212987 314126 627098 737086 709814 974555 490881 408518 797532 907625 518266 244325 470037 219823 308942 441291
54612 784051 298567 721712 999999999 300245 275188 92285 654300 549381 260091 470107 331011 782484 666050 412667 37173 719100 609446 613178 334970 888614 632426 408238 740039 296732 214333 575200 73039 635007 173780 726966 449090 424084 672912 583553 532500 701272 821523 749373 360234 101825 768182 232972 502896 612428 48511 869790 751611 687051 263638 608561 479950 808768 444564 475783 359647 200955 261844 762875 689289 62690 282448 416228 405747 51481 545929 112341 564754 530878 175143 553169 661763 644389 123104 252189 286167 526298 427571 734394 629276 346890 227028 825405 783361 527739 126931 492141 75686 613755 459514 630970 135865 624899 754836 568791 625639 509938 435857 632534
283794 698075 342650 823791 300245 999999999 479574 256715 756741 846172 348060 766926 188945 702417 549584 478572 270014 842625 543757 722843 452923 1043676 562335 473980 938859 477417 87379 867687 365376 811135 450683 912374 746394 644244 956307 766933 413133 898668 943069 705464 194206 298295 877823 296626 421674 912388 269376 782917 908244 670829 55316 862359 480338 988461 594629 612366 643714 227545 170158 870517 706799 335984 578411 709562 392801 306362 783626 411866 446915 576360 137375 845301 851015 636334 186071 535980 492917 819444 695134 679113 778874 646836 370937 935996 806026 732748 262483 790064 231184 909320 387244 570986 415247 924786 1003558 750883 536381 606945 516084 874509
240018 644311 211501 459281 275188 479574 999999999 365584 394700 560883 167806 390344 385709 637862 571299 222602 270802 449442 480200 352558 130545 613431 502326 220285 472020 39427 400645 455757 293287 360372 151024 454611 376955 164864 512111 309557 472017 432348 550583 578704 414477 375397 501585 204792 416985 580262 259289 721673 476458 502270 425749 387614 326588 535721 177241 212289 463038 470481 515220 497084 478537 317043 362480 471484 297648 322646 304536 268534 493721 323299 347619 434181 389824 459380 366486 390115 13343 562503 243491 574954 355419 333758 116688 557272 560270 259906 221371 418202 287726 625301 381834 492253 338263 593160 525252 294460 514055 266609 223188 395540
129298 828989 357950 804855 92285 256715 365584 999999999 736867 594875 327324 541580 340760 828935 700603 483775 97808 805149 656248 696384 413628 978712 678658 479145 832212 384734 181986 650694 123846 725896 263649 818655 520026 516343 753798 674737 562515 793375 907940 804303 366175 43623 852744 290295 542268 667436 111858 915628 841403 747392 235237 698270 538931 900325 531270 561105 387553 109195 177443 847126 756971 88206 328792 456247 458162 60831 637572 176279 596287 601272 164529 629158 753501 705787 73887 280481 376959 565422 515821 786335 717765 412041 305114 910455 853331 619816 185226 561490 102824 656570 499367 679734 161166 679380 844760 659830 666700 589607 510664 723585
607895 455389 415644 68507 654300 756741 394700 736867 999999999 875051 423260 669621 587221 441873 487952 278172 639172 95031 381537 42174 324645 308785 389728 282776 316500 363139 703814 672508 684961 198246 544217 265823 667122 335340 652743 213392 489652 290650 187543 351605 600997 756011 121118 472378 430526 857050 625012 497076 198232 277712 703305 463115 307381 303451 217977 182413 836390 830411 852927 114007 202641 704799 739042 823947 379496 705066 381090 663188 484186 198268 658633 658543 246927 259177 715073 778201 388321 892762 478985 372124 121574 676976 432194 179497 222721 276176 558667 694238 641472 930778 432397 369079 732799 868138 514051 210305 428369 151476 241145 422872
581227 1204540 748289 920921 549381 846172 560883 594875 875051 999999999 698174 208676 862967 1197600 1128635 782903 583862 882148 1040856 837493 691413 939901 1063107 780818 734252 599352 762494 262763 480956 726199 452851 759394 208266 541113 375936 683168 1017382 714169 957666 1133728 893912 558846 940668 708142 968748 100736 589318 1280137 839653 1054393 812868 492459 887427 826927 685566 720473 221287 672578 757039 940364 1017495 510639 267779 140384 850435 540332 524813 437261 1043372 873915 724289 260909 711222 1012860 660736 317662 556737 50748 396669 1132930 777269 229835 638352 980473 1083116 608344 638658 188232 624016 66242 929611 1053125 433734 106933 589564 678802 1073377 796286 778629 546474
206329 535321 50157 491721 260091 348060 167806 327324 423260 698174 999999999 547047 222088 532052 435500 156752 234261 502463 361471 385602 105142 697567 384662 152068 593201 147387 284019 620784 314843 463329 247296 564885 531416 317376 679900 420246 319232 553099 604831 491793 249382 355295 543316 51559 272244 730628 219234 619152 561220 427269 292788 548671 221663 640440 246572 265354 561239 411113 429668 536743 430448 320718 463913 590096 157938 310692 459933 318397 345515 273947 236321 598857 504410 384443 294400 467489 179320 691521 411223 479086 431913 468562 60084 601871 526134 392719 142198 574499 225910 764148 231835 380089 376664 743673 680173 404182 385590 272001 186358 549997
483956 1021945 595461 713527 470107 766926 390344 541580 669621 208676 547047 999999999 740801 1013809 960498 604623 497282 673765 865533 633129 518057 735554 886863 603245 531426 425601 679613 114476 417734 517537 323872 553542 21798 339059 234708 474659 861482 508932 749109 944437 771769 516883 732228 568736 807294 194101 497589 1093647 631731 863650 723955 294476 711940 623779 489549 522821 280949 640243 718100 732039 821013 453703 245108 215086 687910 480958 316933 365465 883931 684661 632891 96305 503500 823483 592685 317698 383137 236583 190804 946688 569226 134309 487664 771797 881570 400164 523948 27895 535743 261238 771523 874847 395841 206503 411797 470600 901911 600889 594531 346807
286772 516085 193961 652187 331011 188945 385709 340760 587221 862967 222088 740801 999999999 519237 373316 313375 293843 677463 356252 556975 314720 885507 375604 309236 804628 369182 183353 826275 403866 669533 418907 771693 722746 539462 895263 631218 233619 765001 774764 517384 31125 383196 707189 181056 233947 911528 283826 602151 754034 481973 148749 770490 296125 842621 453801 463646 688596 367765 339702 699442 520006 388481 603740 737903 211072 363902 682005 434255 268149 397768 177232 803889 714635 447983 271868 582349 398128 846437 625993 491880 626209 641199 269295 764418 618846 611477 224312 767028 257981 928915 198367 383216 466626 924502 902070 615330 352439 442482 352466 771953
728003 15234 486756 460873 782484 702417 637862 828935 441873 1197600 532052 1013809 519237 999999999 162373 415261 750561 519253 173161 452041 508211 706626 150408 417652 758303 598852 700298 1050972 844239 635173 768186 707330 1004145 686861 1060776 636251 289562 732045 563100 91670 508572 865694 501287 549860 289204 1207782 736171 87340 630965 166102 667766 878518 315168 735856 531361 503709 1088499 880204 858880 493189 239555 845062 988981 1107287 377280 829622 785930 850449 256499 331267 681515 1032680 686289 197112 772033 998717 641161 1200364 833604 71329 558634 971616 583973 533030 269333 677566 655752 1041351 728559 1261124 330814 152072 907391 1220280 951061 627588 166804 424225 419814 847325
612921 154252 385988 526690 666050 549584 571299 700603 487952 1128635 435500 960498 373316 162373 999999999 359322 631517 578348 109623 483895 442442 784312 98246 359930 795293 534992 556639 1013897 733050 660616 682124 747489 947916 656856 1042530 648548 139892 763299 644327 206738 358310 740091 576122 440354 164705 1151528 618021 235000 686123 231587 519409 871931 251826 791390 507978 489397 995860 740338 711323 567492 308867 728483 899280 1025227 278887 709575 776152 747211 105384 320045 544573 993799 713294 232575 638037 898893 577648 1125048 793855 172174 589021 899013 493478 619229 377939 672944 539993 988393 604456 1193989 207571 118890 797497 1164408 965819 636754 63433 417574 378573 849656
360277 421773 138732 345440 412667 478572 222602 483775 278172 782903 156752 604623 313375 415261 359322 999999999 389421 365384 260936 244998 93694 572134 282267 4787 503717 183664 427587 654589 460508 365010 358146 465977 593342 300088 686539 333923 285799 465488 464762 358586 330681 510409 399267 200543 223174 797482 374457 499307 441254 285495 425195 524451 107846 532793 163306 159950 678598 567105 580795 392007 277158 471125 578210 692897 121692 463950 428691 454680 298397 118215 384697 634561 413795 242020 450178 595442 226168 785103 434536 352955 314649 556359 187999 457506 370755 334668 298866 632451 382654 846882 201297 270827 518806 810201 635061 318955 298682 129478 39166 510224
31567 751758 269525 707111 37173 270014 270802 97808 639172 583862 234261 497282 293843 750561 631517 389421 999999999 707435 577408 598622 316453 882691 600278 384873 740831 287899 183035 599983 110165 630972 189184 725229 476602 426521 694065 580354 497094 701569 810265 719837 323065 121072 754936 202704 469000 644758 15030 837787 745179 659339 230488 620647 451401 806493 433763 463354 396498 199684 250212 749322 664690 97370 317720 451850 374806 79064 553651 146690 529613 507453 140583 577752 660284 617033 103514 289223 282688 561800 442552 703920 620777 377256 207838 812654 759962 528142 95386 520150 40198 648571 425618 599475 172925 657335 766241 565215 592293 492370 414832 641803
675887 533473 500085 60286 719100 842625 449442 805149 95031 882148 502463 673765 677463 519253 578348 365384 707435 999999999 473566 120516 399816 213784 480425 369801 247740 422824 785778 660424 742727 162378 593539 195874 674343 356896 623475 199233 584562 230669 103027 427675 692443 820811 58655 552965 525556 853407 693841 565954 111721 359874 788498 434403 401933 216851 274580 244136 867126 902809 930701 58384 281118 765618 773217 845670 471888 768778 365677 715805 578594 292986 738784 649123 198223 346899 789254 819010 440985 904811 487100 451811 106215 699562 503977 108405 273159 273894 632428 696326 713531 933819 527064 459580 785753 863669 459518 203487 520035 236022 327005 387398
555009 174740 314929 424269 609446 543757 480200 656248 381537 1040856 361471 865533 356252 173161 109623 260936 577408 473566 999999999 375419 349712 682552 23199 262294 686212 442331 533421 913511 671796 551109 602328 638769 854069 553218 937453 539013 145610 653915 544970 162089 350102 692690 475604 377049 122305 1058187 563033 260388 579703 148036 504711 764461 153842 684536 401882 381610 921141 710469 693732 466936 216101 672057 822462 944096 204944 656467 668922 679502 122588 210663 511423 893911 603788 134632 600604 828941 485174 1040440 693590 135649 479916 812464 415517 521976 299734 564711 482655 893369 555555 1105468 160835 27644 735229 1070939 856441 527320 47146 308479 275384 741062
567269 464866 380628 108552 613178 722843 352558 696384 42174 837493 385602 633129 556975 452041 483895 244998 598622 120516 375419 999999999 285323 331167 385931 249450 312154 321199 667657 640259 643097 183190 502045 263647 629947 296754 626212 188508 473759 282288 220343 363861 572182 714946 157838 435387 412832 821994 584560 512760 209484 286052 668942 437741 285821 311630 175805 140284 795153 790896 815071 151538 216538 663212 697539 783849 352244 663822 352021 621063 471125 178654 621615 625578 234760 261683 675978 736218 346149 854202 442326 381148 107242 636937 392171 216343 252016 244797 519326 658158 601755 894014 410861 365810 690696 833271 499149 182845 422562 115899 206839 400587
285661 514329 120795 393053 334970 452923 130545 413628 324645 691413 105142 518057 314720 508211 442442 93694 316453 399816 349712 285323 999999999 592560 371791 90847 491445 92794 388728 575470 375964 359401 265007 461308 505640 237312 618160 317976 351164 451538 502622 452196 338694 435588 443042 156695 292735 709501 301950 592700 456093 378255 397706 469563 196044 535948 142162 160318 585130 505768 530885 436857 363945 390156 484675 599383 175445 386399 376452 365719 369827 204474 340060 554664 401960 334869 390655 503422 135629 692439 356894 446561 326810 463851 108619 501424 453240 297561 234055 545951 316890 755841 261363 361769 431708 722335 592927 301964 384235 175980 104038 463918
851363 721557 701883 258284 888614 1043676 613431 978712 308785 939901 697567 735554 885507 706626 784312 572134 882691 213784 682552 331167 592560 999999999 687482 576299 206391 595107 981226 688749 900182 255635 742075 183607 742332 480836 615201 308388 797892 226816 143535 615836 902052 988359 208485 749024 739256 889497 870253 739119 137758 557934 988803 449672 615484 114289 454507 432242 972593 1081848 1118340 217054 478221 927618 888304 934392 683251 935495 422512 865369 790963 506686 931907 684078 242767 551750 972552 944748 602549 971994 571861 644152 265951 796133 689211 174891 440718 376385 817505 752507 894608 981155 740663 666524 933958 897530 403548 321931 728246 443261 533073 395250
578012 151663 338120 429467 632426 562335 502326 678658 389728 1063107 384662 886863 375604 150408 98246 282267 600278 480425 23199 385931 371791 687482 999999999 283775 697637 464292 553960 933642 694922 563718 625286 649574 875589 572509 955913 553388 158450 666062 548472 145677 368314 715295 479693 400125 142038 1079726 585932 237522 587920 142655 524271 781578 175761 693155 420222 398815 944228 731848 713914 471039 215541 695051 845493 966899 228117 679330 686269 702702 131914 226125 532859 914183 616371 136228 622497 852127 507117 1062982 713858 116957 491454 834892 438617 524373 293942 581286 505602 914679 578159 1127626 181920 20960 758383 1092455 871189 542070 42427 324276 295330 757139
355779 424027 133978 350094 408238 473980 220285 479145 282776 780818 152068 603245 309236 417652 359930 4787 384873 369801 262294 249450 90847 576299 283775 999999999 506774 181485 422840 653977 456345 368199 354896 469297 591822 300394 686782 336656 284639 468451 469290 361707 326748 505875 403879 195762 222235 795956 369903 501908 445205 289014 420562 525483 108844 536426 165194 162778 675443 562354 576010 396634 281440 466795 575098 690206 119086 459503 429799 450816 297755 122676 379916 633874 416796 245527 445423 591914 224096 782743 433957 355714 318402 554029 183823 462136 375235 336443 294204 631086 377976 844887 199548 272621 514784 808691 636851 321618 299565 133840 43230 511724
710801 771876 611210 307851 740039 938859 472020 832212 316500 734252 593201 531426 804628 758303 795293 503717 740831 247740 686212 312154 491445 206391 697637 506774 999999999 464553 866325 482424 739387 139535 578795 51906 539307 316283 413520 173515 772250 40194 265520 667718 826621 835097 288563 643693 709126 683162 730189 810712 145298 594065 883636 243282 578636 92682 350828 344322 778150 939644 987230 293683 518846 770316 699262 734635 624951 782661 225190 698795 774347 480926 814165 477705 90210 573068 838432 760302 459420 767364 377590 688617 206296 600694 569078 298155 520837 212689 690881 547425 759705 774822 698388 677695 764606 691277 218172 189496 733312 391190 466370 188859
256452 605437 185924 428967 296732 477417 39427 384734 363139 599352 147387 425601 369182 598852 534992 183664 287899 422824 442331 321199 92794 595107 464292 181485 464553 999999999 402175 486351 321953 345612 187367 443127 412947 171021 536346 296766 439498 424472 524974 539291 396754 398229 473224 190809 382952 616740 275221 682474 457468 462861 422683 401338 288542 522920 148341 181355 501980 486750 526004 468315 439838 343132 401375 510905 264101 346018 313546 301163 459949 284047 349759 465152 379335 419957 378487 427336 42852 601579 270217 535681 333032 372804 106771 529810 522660 255527 226753 453495 300039 663532 349257 453851 370320 629582 534349 281098 477016 230165 183787 404107
196451 697810 288872 771869 214333 87379 400645 181986 703814 762494 284019 679613 183353 700298 556639 427587 183035 785778 533421 667657 388728 981226 553960 422840 866325 402175 999999999 780351 281674 742284 363671 842419 659121 565459 869684 696167 416858 826170 887698 691953 201667 225348 824685 232950 412043 826754 182031 784225 844456 648269 53252 779531 447267 920212 528064 549024 564179 185242 161368 817785 675218 254424 494812 627176 359199 225234 703031 326494 451399 534076 53111 757975 779818 610608 108208 455932 413937 737280 609866 668652 715347 560207 297408 883210 774645 657483 180146 702842 143901 826237 372720 559565 334886 839231 921962 680207 533676 552478 463005 793628
583900 1060405 666769 707123 575200 867687 455757 650694 672508 262763 620784 114476 826275 1050972 1013897 654589 599983 660424 913511 640259 575470 688749 933642 653977 482424 486351 780351 999999999 527084 498580 418285 513566 135939 364119 124130 464003 925740 467441 723517 975449 856804 627959 717336 648895 868191 200748 598860 1126797 600971 893658 822348 239451 762288 574607 519649 548758 388453 751491 827893 718503 842605 563448 359466 314721 750088 589876 294923 474478 945286 719741 731768 22523 473568 855956 698290 431953 446205 304640 220069 981624 561160 248441 563559 749897 892240 396332 616825 105677 637213 294443 835534 919717 508733 208957 326860 463825 953056 628597 638313 293742
121017 846520 357681 750913 73039 365376 293287 123846 684961 480956 314843 417734 403866 844239 733050 460508 110165 742727 671796 643097 375964 900182 694922 456345 739387 321953 281674 527084 999999999 644666 160593 731367 396186 424245 631710 592138 601388 701895 843757 806635 433206 104172 794521 295023 568984 548265 120284 931564 764959 741071 332690 586506 536504 813665 469553 503285 286875 226348 300809 789832 737481 36650 213192 345724 466989 63354 533443 52655 633080 577860 246254 505646 666202 697914 181014 179199 302086 455872 402112 793473 647576 288731 272523 850488 828904 530034 193347 437759 148275 544564 525726 692244 64586 560486 732969 578280 690415 546454 479494 615946
599946 648047 477303 213714 635007 811135 360372 725896 198246 726199 463329 517537 669533 635173 660616 365010 630972 162378 551109 183190 359401 255635 563718 368199 139535 345612 742284 498580 644666 999999999 486454 102188 519850 226610 462532 52869 633068 103578 232052 546542 690532 733957 218760 514582 569839 693105 619083 694222 123844 469233 755820 272799 439341 177972 217273 206600 729593 830623 871582 220089 398296 672467 640715 699950 485906 681073 204508 609799 635820 343407 691143 487830 52679 444106 724028 693726 348952 751586 336139 564331 77052 556389 445570 254352 418067 125782 571571 538897 645456 775737 558857 544235 678529 703100 316523 66434 598028 251945 327300 227903
168190 773074 297381 607563 173780 450683 151024 263649 544217 452851 247296 323872 418907 768186 682124 358146 189184 593539 602328 502045 265007 742075 625286 354896 578795 187367 363671 418285 160593 486454 999999999 571289 304960 263961 506417 433691 565579 541349 692636 716541 450010 258901 647599 255463 519485 493523 184983 854040 608070 643261 404214 434886 453021 653598 326240 362143 320772 372780 435468 643599 625643 192327 220828 343108 403387 207974 375225 123571 592636 467765 313962 395795 506222 599864 292292 240169 156068 444389 254068 709299 494592 224959 188646 701910 709921 369868 200111 349346 222856 519050 479062 618153 193063 506547 581268 420302 630229 417295 366559 460154
694601 720996 579474 255955 726966 912374 454611 818655 265823 759394 564885 553542 771693 707330 747489 465977 725229 195874 638769 263647 461308 183607 649574 469297 51906 443127 842419 513566 731367 102188 571289 999999999 559632 307363 453267 146461 728901 46188 219503 616563 792565 824187 237828 616000 666151 713660 713891 759052 96289 543533 857059 274617 535877 82309 319277 308484 789452 924802 968697 242673 467795 760884 706453 750812 586273 771422 239010 693291 729732 435664 790900 506988 65275 523470 820466 764553 442553 790125 388438 637879 159791 612741 545180 250930 468942 201426 669814 571412 741713 802934 657298 629452 760617 722369 267261 162312 685911 348815 427845 221127
463726 1012031 580170 712661 449090 746394 376955 520026 667122 208266 531416 21798 722746 1004145 947916 593342 476602 674343 854069 629947 505640 742332 875589 591822 539307 412947 659121 135939 396186 519850 304960 559632 999999999 334344 255080 475659 847048 515522 751799 936007 753761 495155 732925 551863 793541 204140 477132 1084634 635765 855537 703794 305349 700312 631328 482592 516498 263333 618496 696457 732479 814565 432102 224030 200935 674123 459439 321627 343977 869994 675983 612708 117207 507959 814982 571539 296709 370270 231892 188420 937524 569208 112607 471788 773727 877067 400452 504866 44387 515224 264344 757254 863945 374043 216870 426852 470888 889813 593886 584466 356706
397248 696361 351323 386464 424084 644244 164864 516343 335340 541113 317376 339059 539462 686861 656856 300088 426521 356896 553218 296754 237312 480836 572509 300394 316283 171021 565459 364119 424245 226610 263961 307363 334344 999999999 386470 173962 583056 278065 447774 611949 566425 518851 414887 361830 521785 531165 416635 763002 350243 530302 590188 232819 405573 389666 155536 185776 510362 624288 675204 412872 483115 454425 417719 490516 409444 466381 142602 386049 597925 355664 512405 346061 242390 492036 526316 467922 151547 557509 149748 617542 251204 343741 276565 463152 542748 105942 385864 365103 448111 598688 494881 557683 453825 542991 363329 162540 594690 265297 278348 233089
674589 1071537 721991 676230 672912 956307 512111 753798 652743 375936 679900 234708 895263 1060776 1042530 686539 694065 623475 937453 626212 618160 615201 955913 686782 413520 536346 869684 124130 631710 462532 506417 453267 255080 386470 999999999 439361 968085 407872 671563 979488 924862 734739 677007 714595 907540 297078 691047 1131201 547172 897959 908040 190060 791807 501721 535691 558885 512377 857920 931130 679600 838682 668357 478745 438720 793114 693173 275806 579215 983993 733520 819050 138713 426733 863689 795426 551495 500666 421382 269318 989916 533849 365332 626713 701227 875463 384731 698143 229389 729133 396229 879000 940067 620081 301597 224485 443483 979963 637269 664052 236527
549493 648411 437707 243133 583553 766933 309557 674737 213392 683168 420246 474659 631218 636251 648548 333923 580354 199233 539013 188508 317976 308388 553388 336656 173515 296766 696167 464003 592138 52869 433691 146461 475659 173962 439361 999999999 610364 133783 279239 550066 653472 682080 257592 471025 546761 654758 568709 700209 176281 470378 711641 249913 416927 226404 177485 174025 679154 780037 822577 257590 404390 620201 589286 651685 455611 629205 169562 556991 615776 328596 644535 451654 84167 441311 674562 641494 297851 706733 289512 564951 97162 507133 398833 298776 436105 76219 523392 497098 595861 734586 532272 534723 625679 665192 317959 16065 585323 232311 297925 212249
480490 284946 269175 542236 532500 413133 472017 562515 489652 1017382 319232 861482 233619 289562 139892 285799 497094 584562 145610 473759 351164 797892 158450 284639 772250 439498 416858 925740 601388 633068 565579 728901 847048 583056 968085 610364 999999999 736421 666589 303871 219966 602670 596282 314458 63637 1048300 484105 369999 683204 292021 380578 810102 193815 784734 448097 438852 871716 600446 572437 587706 353186 594430 777547 906848 175792 574224 714437 619439 34542 295293 405012 904625 684710 271382 498793 771623 480476 1009917 707955 273609 569668 787794 379177 647197 442721 619347 408125 889235 468176 1083375 90252 172710 665974 1061316 919271 596506 125440 381123 316059 795673
671426 745328 571456 289611 701272 898668 432348 793375 290650 714169 553099 508932 765001 732045 763299 465488 701569 230669 653915 282288 451538 226816 666062 468451 40194 424472 826170 467441 701895 103578 541349 46188 515522 278065 407872 133783 736421 999999999 263939 642166 787194 796869 277136 603550 673115 667616 690804 787269 139722 566846 843447 228431 542636 118318 311248 305766 748840 900576 947564 281270 493230 732445 667734 708201 586936 744332 196421 662050 739385 446877 774036 461014 51874 543958 798819 727406 419815 745465 347603 661775 175183 571687 528903 294499 501733 173570 650885 526358 720070 757187 661353 646374 728404 676278 228851 149693 700916 355347 428483 174970
778708 578040 600970 125162 821523 943069 550583 907940 187543 957666 604831 749109 774764 563100 644327 464762 810265 103027 544970 220343 502622 143535 548472 469290 265520 524974 887698 723517 843757 232052 692636 219503 751799 447774 671563 279239 666589 263939 999999999 472380 788395 923157 70325 655093 610310 921116 796722 596517 124393 415972 889253 488199 491940 199729 376975 347075 957252 1005826 1033481 78884 336524 867297 865493 930906 566663 870991 433687 815504 657119 382975 841121 714576 249949 412273 892266 914099 541701 983594 567905 500958 198688 786275 607003 34838 297659 355414 735434 769942 816554 1006036 616028 527538 885390 930633 483432 287361 589850 336178 426985 436587
694819 106191 450809 369209 749373 705464 578704 804303 351605 1133728 491793 944437 517384 91670 206738 358586 719837 427675 162089 363861 452196 615836 145677 361707 667718 539291 691953 975449 806635 546542 716541 616563 936007 611949 979488 550066 303871 642166 472380 999999999 512080 838385 409882 517134 283794 1138500 705035 151827 539395 81864 665365 795058 270131 644217 456819 426691 1037150 865493 852952 401739 148963 811191 936792 1050180 346154 798479 703857 807613 275677 260108 666755 957868 597159 121038 753073 952241 580510 1139400 760522 34690 469700 910899 538558 442843 182106 595032 624462 971663 702028 1196134 319907 134610 868174 1150790 862921 542158 180813 346858 356137 761953
316929 504579 218061 664918 360234 194206 414477 366175 600997 893912 249382 771769 31125 508572 358310 330681 323065 692443 350102 572182 338694 902052 368314 326748 826621 396754 201667 856804 433206 690532 450010 792565 753761 566425 924862 653472 219966 787194 788395 512080 999999999 409041 720134 210295 228499 942652 313430 589938 771935 481328 161169 798051 303771 862255 476001 484116 718505 386908 353041 712238 523634 416888 634259 768492 222039 391755 708819 464473 254163 408451 201768 834436 736485 449229 295809 611972 426746 877150 655549 485192 644915 672312 298402 776844 621708 636117 255259 798033 286505 959836 196875 377479 495575 955625 928424 637675 342276 458809 369843 798445
150433 866164 389349 823488 101825 298295 375397 43623 756011 558846 355295 516883 383196 865694 740091 510409 121072 820811 692690 714946 435588 988359 715295 505875 835097 398229 225348 627959 104172 733957 258901 824187 495155 518851 734739 682080 602670 796869 923157 838385 409041 999999999 870004 321973 580416 634370 136086 952635 851716 779396 278577 689756 571128 906268 546244 577597 348111 123538 202614 864700 785741 68126 295131 419322 492437 52884 634024 155865 636219 628486 207662 606853 758913 737314 117423 242319 385910 527706 505687 821398 730305 385011 327156 927206 881014 623762 214978 535462 137137 619546 537291 715643 126433 646075 836304 667586 704674 611043 535262 717955
723477 516014 536713 55363 768182 877823 501585 852744 121118 940668 543316 732228 707189 501287 576122 399267 754936 58655 475604 157838 443042 208485 479693 403879 288563 473224 824685 717336 794521 218760 647599 237828 732925 414887 677007 257592 596282 277136 70325 409882 720134 870004 999999999 592857 540010 911162 741052 540193 144148 349582 824420 488907 422259 241232 325039 292450 924861 948335 972872 8668 269825 816350 830467 904116 498174 818376 422949 769170 586995 313510 779131 706419 250332 343673 833668 875241 493717 963456 545748 437060 164752 757901 549368 58565 241828 332492 676938 754664 759093 992105 546063 458738 839107 921328 504839 262110 520810 272207 362235 440505
178376 551782 67656 540719 232972 296626 204792 290295 472378 708142 51559 568736 181056 549860 440354 200543 202704 552965 377049 435387 156695 749024 400125 195762 643693 190809 232950 648895 295023 514582 255463 616000 551863 361830 714595 471025 314458 603550 655093 517134 210295 321973 592857 999999999 275670 747107 187907 637196 612752 457509 241332 590978 249161 691835 298025 316851 557414 367319 381147 586141 467630 295374 463173 593306 172802 281414 504319 306863 343902 314776 186276 626664 555186 415636 250364 458687 217350 697844 445277 501518 483431 480286 88243 651422 564998 441352 107345 595688 187506 774370 232894 398135 358883 760162 725158 454961 395644 320909 233166 594916
449327 287889 222323 485394 502896 421674 416985 542268 430526 968748 272244 807294 233947 289204 164705 223174 469000 525556 122305 412832 292735 739256 142038 222235 709126 382952 412043 868191 568984 569839 519485 666151 793541 521785 907540 546761 63637 673115 610310 283794 228499 580416 540010 275670 999999999 995963 455203 374693 622292 255980 382444 747623 130498 723074 384884 375241 831477 591007 571877 531512 308029 565499 735336 862332 119418 547577 651836 582515 77095 234182 392335 847329 621368 228440 483364 734191 424701 963434 649469 257941 507193 738913 331142 592369 402313 556013 376342 835136 443746 1034460 43388 149349 633331 1008935 855802 532880 124466 317937 252645 732517
637948 1215823 780056 896995 612428 912388 580262 667436 857050 100736 730628 194101 911528 1207782 1151528 797482 644758 853407 1058187 821994 709501 889497 1079726 795956 683162 616740 826754 200748 548265 693105 493523 713660 204140 531165 297078 654758 1048300 667616 921116 1138500 942652 634370 911162 747107 995963 999999999 648330 1287745 799598 1057647 875246 440074 904410 775352 683167 715986 312074 752299 835645 911761 1014051 580649 339240 227501 876601 610090 488626 500522 1072087 878760 784986 206881 671504 1017563 729274 398679 573976 151339 381587 1140770 751268 270695 670609 946420 1072196 583046 688825 166860 684825 99501 958901 1068069 507956 13058 518853 652680 1093732 794458 788304 494423
19402 737459 254618 693016 48511 269376 259289 111858 625012 589318 219234 497589 283826 736171 618021 374457 15030 693841 563033 584560 301950 870253 585932 369903 730189 275221 182031 598860 120284 619083 184983 713891 477132 416635 691047 568709 484105 690804 796722 705035 313430 136086 741052 187907 455203 648330 999999999 823420 732662 644374 227598 613842 436482 794980 420464 449717 405233 211656 258898 735387 649666 110474 324249 458621 360174 93596 545328 153034 516451 492469 136791 576544 649047 602048 110649 298552 271386 568356 437104 689246 607847 379713 193365 798842 744968 517527 80667 520918 38353 654330 411815 584980 184003 660983 759078 553483 578300 477907 400016 633945
815321 86806 574043 506011 869790 782917 721673 915628 497076 1280137 619152 1093647 602151 87340 235000 499307 837787 565954 260388 512760 592700 739119 237522 501908 810712 682474 784225 1126797 931564 694222 854040 759052 1084634 763002 1131201 700209 369999 787269 596517 151827 589938 952635 540193 637196 374693 1287745 823420 999999999 676979 233637 750168 946326 401252 779884 607622 578107 1174588 965244 941784 532653 296240 932378 1074868 1192076 464616 916843 855506 937531 336017 409102 766895 1109041 743910 271006 858004 1085499 724486 1283998 911105 147244 617175 1055225 670630 564233 299088 746636 743033 1121026 815514 1343212 416837 239348 994683 1300132 1010704 692778 250880 498256 501528 912373
713814 645166 567525 171033 751611 908244 476458 841403 198232 839653 561220 631731 754034 630965 686123 441254 745179 111721 579703 209484 456093 137758 587920 445205 145298 457468 844456 600971 764959 123844 608070 96289 635765 350243 547172 176281 683204 139722 124393 539395 771935 851716 144148 612752 622292 799598 732662 676979 999999999 470958 853207 364373 494629 105708 317045 295964 852396 944217 980653 149868 392569 791683 764295 820470 556247 798891 314864 731610 679941 388129 794810 592770 128535 456194 834795 817570 465807 867571 455939 563360 129376 678186 551609 154864 381833 249176 679808 651480 756862 886198 619283 567236 800704 808842 363060 188359 626578 314426 402093 312371
632856 178814 390047 303838 687051 670829 502270 747392 277712 1054393 427269 863650 481973 166102 231587 285495 659339 359874 148036 286052 378255 557934 142655 289014 594065 462861 648269 893658 741071 469233 643261 543533 855537 530302 897959 470378 292021 566846 415972 81864 481328 779396 349582 457509 255980 1057647 644374 233637 470958 999999999 626793 714070 208461 576547 375351 344911 963124 815330 809584 341090 79780 747984 862561 973491 292184 737145 622443 738863 270614 180570 618386 876140 520546 43493 700648 880925 503379 1061076 679074 95098 392862 832927 470065 389335 151763 513698 564452 890788 644594 1116406 284515 123407 801324 1069885 784974 461986 184929 265103 279085 681812
240091 664362 288413 770614 263638 55316 425749 235237 703305 812868 292788 723955 148749 667766 519409 425195 230488 788498 504711 668942 397706 988803 524271 420562 883636 422683 53252 822348 332690 755820 404214 857059 703794 590188 908040 711641 380578 843447 889253 665365 161169 278577 824420 241332 382444 875246 227598 750168 853207 626793 999999999 809925 431896 933163 539349 557284 616540 230846 191918 817195 659401 306562 545469 678413 343817 277605 730114 375971 414943 525312 91095 799884 795732 590976 161454 508232 439088 788559 644909 640360 723832 607274 316072 882697 758838 677861 211167 747793 190472 876966 345586 531522 387244 887817 950385 695590 501010 553075 462359 821067
595237 889871 584030 486383 608561 862359 387614 698270 463115 492459 548671 294476 770490 878518 871931 524451 620647 434403 764461 437741 469563 449672 781578 525483 243282 401338 779531 239451 586506 272799 434886 274617 305349 232819 190060 249913 810102 228431 488199 795058 798051 689756 488907 590978 747623 440074 613842 946326 364373 714070 809925 999999999 625156 335762 364920 382858 559358 807192 869757 491127 651979 621703 493733 505516 639080 641026 96027 537944 822377 556266 726670 234449 239635 681625 724055 561920 374573 527645 184769 807306 343817 384521 503720 516307 685808 201308 600016 307636 649497 531618 723595 764601 594708 448408 146580 254940 808677 458449 497084 54424
425521 320203 181884 366942 479950 480338 326588 538931 307381 887427 221663 711940 296125 315168 251826 107846 451401 401933 153842 285821 196044 615484 175761 108844 578636 288542 447267 762288 536504 439341 453021 535877 700312 405573 791807 416927 193815 542636 491940 270131 303771 571128 422259 249161 130498 904410 436482 401252 494629 208461 431896 625156 999999999 594094 260303 247070 773386 608608 607617 414026 228030 541461 673814 792907 88259 529585 529129 538356 199497 109187 413552 742333 490907 167172 493162 684802 331374 887818 542220 258285 377265 659487 269938 477324 327513 429806 356291 739795 436133 951886 125193 166101 598154 917175 728289 403297 190845 187446 128262 606955
775732 750157 652193 275104 808768 988461 535721 900325 303451 826927 640440 623779 842621 735856 791390 532793 806493 216851 684536 311630 535948 114289 693155 536426 92682 522920 920212 574607 813665 177972 653598 82309 631328 389666 501721 226404 784734 118318 199729 644217 862255 906268 241232 691835 723074 775352 794980 779884 105708 576547 933163 335762 594094 999999999 393898 379281 867107 1006143 1048881 248200 497962 843113 785915 825604 650971 853478 314353 775557 782744 489470 869114 570210 147488 561847 900955 845086 523826 859877 465890 668656 218686 689889 623534 234433 482688 283733 749268 640011 822262 867371 717796 672526 842791 783324 294478 241887 731504 409909 493951 281345
402197 540956 260574 282041 444564 594629 177241 531270 217977 685566 246572 489549 453801 531361 507978 163306 433763 274580 401882 175805 142162 454507 420222 165194 350828 148341 528064 519649 469553 217273 326240 319277 482592 155536 535691 177485 448097 311248 376975 456819 476001 546244 325039 298025 384884 683167 420464 607622 317045 375351 539349 364920 260303 393898 999999999 36934 624048 630844 664070 320281 332125 491424 525189 618855 283601 494202 268903 445718 458424 200276 477968 501559 260869 336620 519291 561265 170410 696946 303725 462010 188981 473146 234803 381476 400634 171418 363386 516383 442128 745715 364601 404523 515492 695270 471772 161674 445002 111344 132590 347639
431818 513855 273092 247631 475783 612366 212289 561105 182413 720473 265354 522821 463646 503709 489397 159950 463354 244136 381610 140284 160318 432242 398815 162778 344322 181355 549024 548758 503285 206600 362143 308484 516498 185776 558885 174025 438852 305766 347075 426691 484116 577597 292450 316851 375241 715986 449717 578107 295964 344911 557284 382858 247070 379281 36934 999999999 660979 658873 689029 287297 298193 524194 562118 655389 281615 525926 287455 480780 446545 174644 500045 531255 254212 307530 545930 597887 206104 732608 335275 433611 166602 509480 260530 349647 364396 183767 389294 549403 469675 780130 358786 382130 550416 727967 481219 159215 426049 79851 124116 360909
