NAME : synthetic_000227
TYPE : CTSP-D
DIMENSION : 100
GROUPS : 8
RELAXATION_LEVEL : 1
EDGE_WEIGHT_TYPE : EXPLICIT
EDGE_WEIGHT_FORMAT : FULL_MATRIX
EDGE_WEIGHT_SECTION
999999999 465002 230044 536924 325343 101907 797924 457830 537635 373291 125122 632407 662856 688340 551631 815869 161347 832818 443371 787400 524374 665322 535558 447336 346037 581398 97465 573583 664240 420949 639428 619677 867875 322421 495920 719793 888004 616434 523142 551500 766422 256481 525826 346182 982350 574758 116022 693416 806216 545644 120411 91131 306457 186232 541161 761658 700132 362050 324013 219798 684998 165190 491136 533412 553344 827900 292470 103416 722892 517487 437878 777470 402117 479279 287874 189977 602622 590674 646642 341938 626467 761439 264639 440261 774353 864948 614908 537773 589630 885487 204639 869666 810623 120079 622652 781524 156621 502410 865089 594249
465002 999999999 277056 75164 577120 409885 627237 346774 77003 91808 347253 864872 808336 259060 453205 796696 610556 626215 167330 789756 389800 270329 401622 366630 206292 764373 537593 112917 286961 198723 586365 860883 727451 194223 704855 884918 615360 608156 167687 102583 558328 605846 679619 634176 708052 230813 416897 316934 917435 730856 585345 441410 298624 310399 87151 409307 410169 120241 506370 303462 220300 629491 267271 616238 200364 691839 230774 363760 796101 474024 45538 633765 244485 365601 241181 366476 414252 787304 245056 473192 725568 905387 465032 451534 421804 759653 780154 817018 130368 545108 345941 749271 815335 367818 426769 761943 590394 120827 722134 145323
230044 277056 999999999 352132 478637 230979 781852 436746 354058 196444 162518 797214 790396 530600 551935 873992 391202 800553 215056 854418 502772 438009 515866 440248 265967 721892 276635 389818 535819 329952 670854 787738 869867 97148 643274 858598 824301 667975 296674 343776 730151 452507 649085 519962 920609 345346 146782 464062 924211 685100 341020 255336 97874 43928 336879 651053 618873 157876 439046 27602 491551 380264 418633 622678 325120 830289 63050 133329 820045 541373 266881 773617 340025 461019 232105 89756 563797 737868 504149 431133 730490 892423 377984 481230 664122 883932 749074 718763 407369 785456 247947 881512 879786 193640 582094 837874 322824 356664 865726 420999
536924 75164 352132 999999999 625749 476769 604590 361148 4063 164323 416941 900775 833086 189918 456771 795387 679079 596360 220090 792331 392726 255398 403238 384383 250778 796053 611603 37760 233906 220812 588437 898124 706760 267364 742295 910465 572198 616913 192330 84261 531251 664023 710342 684468 661968 244877 491871 305350 933903 764025 657333 508271 369302 385506 69180 355775 373046 194853 551066 378423 148741 701858 268137 639497 217263 673265 304520 436726 810068 486295 100691 616151 270296 376463 295534 441446 402056 820206 186864 513935 746179 927212 515424 475853 367636 744372 808738 860582 55237 489486 404831 731569 817469 435631 411587 761758 664923 106631 701151 73964
325343 577120 478637 625749 999999999 256215 588883 340460 624273 501562 317153 318864 338021 701668 367564 525529 277127 640136 644817 491193 380118 838264 384730 314980 374992 256191 398893 652693 635588 418407 394365 309104 630276 536051 171291 394847 730602 351174 705944 679673 587439 116833 204655 60824 813309 769848 430426 879209 482172 220306 347037 243729 575535 446209 664187 688438 594512 530027 81960 485060 762972 375169 431440 238903 741513 593460 524420 362042 408407 311065 533704 555838 371757 348003 336478 486696 458857 266785 643336 129341 311631 436099 112633 239957 698600 608990 289609 245179 662886 779820 244798 620989 511586 286445 476294 494781 442856 541018 629267 651287
101907 409885 230979 476769 256215 999999999 696017 357093 476824 319502 71472 573998 585913 611856 449726 720403 203360 731159 424651 693463 423133 638719 434154 345829 259993 509407 199092 511576 578632 332872 539349 563237 766433 305605 426392 648158 788249 518639 497856 505022 665044 222060 445694 291408 882132 556178 179358 672697 726623 472781 201919 31538 324588 193858 492537 670169 603748 324209 236440 232871 625334 247396 396525 442331 531170 726413 285113 106051 635892 416184 376078 675701 308407 378147 201244 230496 502057 522071 565668 247116 540706 686654 174054 339631 682644 764597 540346 489963 526343 790796 104922 768785 717257 43253 522099 685568 257671 426938 763583 526510
797924 627237 781852 604590 588883 696017 999999999 349420 600607 634397 698800 635909 493041 499841 246327 270371 837637 62964 789949 294345 281330 851680 268660 353580 516286 528352 894910 597338 403650 460860 201772 646074 102938 759033 547493 554064 185360 257796 791261 688666 79909 701810 472011 634193 238849 848688 845657 901931 500858 522159 880755 711674 859284 782590 673743 330582 247381 694694 525629 806012 641543 921097 372475 380000 820000 76090 779212 755139 391042 287507 593900 44065 442152 325626 553408 851206 220293 554271 451970 484893 405687 536673 560720 367148 329001 152734 509582 678663 591033 310017 596236 132942 309881 686634 204014 253533 952752 508021 97086 559803
457830 346774 436746 361148 340460 357093 349420 999999999 358162 318195 351188 556533 474111 376952 116931 456904 526413 377363 485637 446072 68273 612298 80765 27394 177155 445756 555264 374713 299668 148328 245960 556807 433489 427752 405853 551741 431870 261778 511849 437861 309448 427422 360134 400168 525167 576640 496853 660835 573125 417092 553224 377503 520384 434345 420972 349018 261183 374618 258915 459688 468842 596744 103162 280689 546004 393743 441990 406630 450214 127250 303181 337596 108313 24277 205406 502451 144988 471612 315652 211135 385362 566488 261540 123349 359649 447985 453726 537546 378644 450499 253227 444831 471847 341754 165030 421237 614388 256083 429497 357136
537635 77003 354058 4063 624273 476824 600607 358162 999999999 165369 417355 898520 830332 186700 453368 791777 679276 592315 223734 788822 389335 258965 399802 381506 249358 793611 612744 36284 229951 218348 584950 895938 702793 269821 740148 907733 568161 613618 196381 88185 527229 663215 707874 683083 657964 248919 493395 308960 930815 761660 658036 508313 372103 387147 73189 351866 368983 196976 549376 380429 148532 702625 264789 636723 221322 669329 306881 437650 806908 483159 100809 612234 267889 373339 294657 443448 398277 817817 183012 512037 743273 924326 514104 473184 363744 740480 806153 858747 53441 485653 404185 727641 813946 435807 407747 758181 666225 103296 697181 70830
373291 91808 196444 164323 501562 319502 634397 318195 165369 999999999 255703 800291 756280 334542 432891 775098 519182 642425 168019 763590 373021 336710 385870 332668 149947 705042 447402 201619 342175 176274 564073 794929 730522 131829 639822 831364 648791 577368 208750 186209 572451 521138 622193 556507 744062 274547 329690 378476 873821 670203 493667 350963 239469 224924 173167 460491 441077 60416 435804 223870 311752 537940 262143 568186 244660 692810 162160 272476 756456 442362 70672 634553 209902 340300 166938 285956 414784 726455 308253 407622 679052 855818 388934 405960 473466 755560 724086 744864 218347 596237 262759 748318 789403 277035 430393 739422 501211 162457 725647 227646
125122 347253 162518 416941 317153 71472 698800 351188 417355 255703 999999999 636012 637225 563527 455036 749235 263563 728538 353317 725208 419286 568498 431357 345229 222491 564806 215726 452880 539581 297700 557663 626123 776165 234137 484142 702761 775098 544082 427218 439284 660265 292955 495867 357444 870495 484986 148266 601800 774904 527978 243482 100426 258533 129216 427530 639010 581851 255078 284344 167942 565626 289042 371953 480894 460247 735992 214292 58016 677532 429964 316766 682639 282908 374190 165385 178046 493629 579404 521522 284621 584512 738894 221682 358668 651809 780223 593760 556250 468427 764926 107933 781962 749796 31126 513458 713659 274998 377567 772822 471398
632407 864872 797214 900775 318864 573998 635909 556533 898520 800291 636012 999999999 151450 931727 513568 436012 536711 698397 954033 394868 560361 1133680 557418 529627 658728 115194 690046 921336 847068 680657 447345 18254 625095 850526 160479 135269 815846 388390 1008664 966151 673510 380033 197422 286367 873744 1074016 743487 1177759 253313 139521 621193 558643 894315 765064 949719 859971 753930 836577 366927 803923 1022751 634396 659688 289343 1044575 601355 841304 680045 272786 457646 819573 592579 630965 550716 633663 803915 614685 87704 869925 392847 230222 185623 422596 433320 866687 575925 126392 112380 928042 911210 557598 598713 400542 605302 624791 423785 722094 802879 627215 909843
662856 808336 790396 833086 338021 585913 493041 474111 830332 756280 637225 151450 999999999 836492 406208 284867 600450 555962 919335 243640 461773 1078445 456038 449385 607611 89338 736010 848564 745751 613425 316136 165874 475425 827864 172935 77650 676085 259641 963870 905783 537560 433495 141465 332266 728743 1029882 764283 1125231 144936 120079 678545 578251 888126 764643 888945 742602 635898 800765 352899 802039 941671 700631 574935 193664 999536 453403 825393 688706 121831 357672 762913 449158 565045 462720 595492 813818 502407 96894 774824 360584 96058 102037 415589 357631 747945 424890 51301 234426 852754 780324 542567 448065 250452 608652 509280 272426 777223 729583 477797 830876
688340 259060 530600 189918 701668 611856 499841 376952 186700 334542 563527 931727 836492 999999999 431364 733973 813998 474533 408214 740695 374954 374985 380464 404302 354699 819080 772401 157777 98405 290017 546605 932802 601728 453027 782797 913440 420433 589958 366831 250141 420334 765547 734428 762488 501278 404741 662014 422820 912586 792243 806804 642083 557536 559033 242466 192111 252485 377864 620530 557820 145372 852484 275134 648005 382848 574835 488988 595111 786489 479327 263881 523123 331925 381054 412079 620296 344129 845613 61891 575756 742320 919947 602089 499977 201319 650808 823099 913829 141576 314315 521280 632688 763769 575366 344364 704503 828884 185960 595653 115982
551631 453205 551935 456771 367564 449726 246327 116931 453368 432891 455036 513568 406208 431364 999999999 343941 596771 285223 599288 336809 64080 711738 53918 112165 294079 398518 648584 464036 339551 258784 133161 517546 321603 544642 380746 482645 363982 162125 620364 537705 224446 472686 318516 421135 450137 684016 602859 761279 484670 376946 635819 465465 636946 547274 521031 347758 243343 490319 294244 574185 545133 676967 188796 224265 653560 281482 558799 512146 358785 60011 411565 227611 223970 93343 319873 614391 101997 425907 370092 249089 311284 488709 320068 129390 355317 332000 397075 518369 464713 418031 350773 330182 362289 441384 115018 308889 706453 350173 318069 438943
815869 796696 873992 795387 525529 720403 270371 456904 791777 775098 749235 436012 284867 733973 343941 999999999 802157 328156 942368 41304 406915 1050712 395096 443990 631198 353906 904967 798284 635630 602523 211208 450737 212243 880410 410447 322633 450592 206245 964103 878028 340923 640578 338979 548246 479380 1027401 894584 1100735 241836 365767 866632 724773 965341 861183 861597 587744 490165 831156 495396 893011 865564 898612 530268 288013 997034 205171 890273 806874 163229 335694 755447 230523 565210 435049 645881 923258 397465 372938 678001 474036 233018 291424 551598 393478 588528 151276 321829 512454 796455 580388 641681 177760 42176 727424 392588 36159 956172 689667 216430 767997
161347 610556 391202 679079 277127 203360 837637 526413 679276 519182 263563 536711 600450 813998 596771 802157 999999999 881606 603415 768246 586018 824374 594954 508777 460108 512421 165964 714324 776018 530482 655817 521387 892357 482148 427525 644303 954651 619818 682131 702576 820724 167327 477790 268292 1044882 735189 268630 853716 745071 480480 86464 172361 466321 347480 691023 860299 784792 516016 316537 381026 827797 100181 584761 514512 713103 853805 453325 261244 683099 550169 578468 809990 500104 543635 402037 346773 668161 514625 766147 353266 587004 691018 277133 470669 872344 877701 549508 430481 729315 974150 295518 887244 788712 243477 687829 770804 186528 629766 890615 729860
832818 626215 800553 596360 640136 731159 62964 377363 592315 642425 728538 698397 555962 474533 285223 328156 881606 999999999 791764 354446 309428 836905 297698 385558 534783 590192 930211 585289 381967 473525 260304 708371 136301 770387 606898 616949 123412 317702 786468 679497 70492 751185 531966 687606 178260 841229 873564 886782 562036 583094 920666 748732 873383 804589 665367 294201 226449 702812 573547 825641 618859 962094 383963 438584 813437 124845 793066 783675 453662 332946 596249 106999 461078 354639 576652 873827 237548 616291 432004 530923 468201 599082 604556 411526 290532 197154 572028 739261 577280 254833 629100 172850 368661 718628 218685 313761 988763 505550 130170 545511
443371 167330 215056 220090 644817 424651 789949 485637 223734 168019 353317 954033 919335 408214 599288 942368 603415 791764 999999999 931419 538225 222995 550842 500634 317050 863858 490054 250461 450921 340810 731199 947300 888698 121325 794292 993362 782614 745370 82950 167170 723178 643718 782827 695115 875011 132137 358737 250340 1039929 828236 556070 453496 179470 258759 169272 573479 577445 118618 587122 232040 321768 595102 421859 733647 110110 852048 152020 342278 923675 610333 196075 793747 377506 507325 324126 287430 573228 883976 405937 564452 844658 1019761 533992 572828 585687 917396 885018 889994 267059 708379 400023 908656 957224 382176 587257 906805 532433 287671 883565 292841
787400 789756 854418 792331 491193 693463 294345 446072 788822 763590 725208 394868 243640 740695 336809 41304 768246 354446 931419 999999999 400703 1047671 389545 431061 617530 312953 875077 797175 642732 593433 204003 409513 246268 865005 371097 283177 477723 187761 956530 874060 360270 605347 300798 511604 511912 1020544 869234 1097429 208783 325578 834436 696476 947113 839863 857460 602234 501795 818463 465045 872594 868947 865445 525200 255888 990030 234609 873268 782504 122140 321541 747550 252370 553939 425265 628728 900646 399701 331740 683293 446415 193379 254108 522767 373204 603861 187990 280614 471336 796263 603313 618234 213627 25821 702404 396865 40821 925323 686001 249963 768610
524374 389800 502772 392726 380118 423133 281330 68273 389335 373021 419286 560361 461773 374954 64080 406915 586018 309428 538225 400703 999999999 647658 13179 77967 239678 446309 621839 400414 286898 197434 196818 562852 367135 488742 418958 538950 368905 225167 557193 473635 242096 476371 363185 437514 460723 620559 565121 697201 546479 421640 616969 442353 584263 501708 456969 312449 214601 431408 301197 526222 483695 659851 124716 273568 590157 327685 505106 474871 420971 104384 348674 270846 166899 45227 272511 570085 82318 473284 313177 253490 368325 547736 314551 143140 321630 384884 448527 555013 401459 400262 320077 380165 426123 409264 101827 372154 680748 286116 362959 376226
665322 270329 438009 255398 838264 638719 851680 612298 258965 336710 568498 1133680 1078445 374985 711738 1050712 824374 836905 222995 1047671 647658 999999999 658376 633888 475223 1034428 712723 255147 456894 466352 843731 1129133 954537 342966 973347 1155144 794457 871006 142249 174530 775475 852230 949845 892862 876236 99720 581284 50376 1185175 1000663 778977 668813 392838 481625 191388 566751 610471 315339 771640 454756 234786 818091 522946 885943 113314 922737 374997 563216 1062483 738877 315857 866574 513742 629192 502933 508242 656162 1057112 406193 741069 994698 1174990 725641 721224 576258 995470 1050478 1081381 260648 686789 597646 981278 1072839 595550 664656 1017146 753724 361695 948746 291979
535558 401622 515866 403238 384730 434154 268660 80765 399802 385870 431357 557418 456038 380464 53918 395096 594954 297698 550842 389545 13179 658376 999999999 88405 252857 442989 633012 410149 290833 210113 185550 560325 354018 501880 418113 532989 359703 215945 569123 484548 230891 482795 360607 441488 450845 632305 577455 708018 538106 419144 627110 452941 597441 514626 467928 311123 211256 444358 306649 539270 491705 669773 135657 269528 601943 314543 518284 487125 412357 100013 360787 257762 180049 57186 285456 582938 74880 470108 318854 259216 361992 540710 322249 146070 319911 371739 444129 554709 410796 395107 331480 366986 414884 420935 93689 360495 691818 296704 349859 385096
447336 366630 440248 384383 314980 345829 353580 27394 381506 332668 345229 529627 449385 404302 112165 443990 508777 385558 500634 431061 77967 633888 88405 999999999 187230 419252 544769 399185 326876 167981 234418 529743 433287 437179 378526 526952 446675 244782 530192 459717 319243 404565 333515 374353 538689 595400 492379 682052 551324 390248 539004 364557 526613 435109 442816 373637 283136 387508 233795 462219 494855 581899 130137 255749 564739 393241 449298 401751 429471 109699 322351 338436 123901 35145 208154 502280 159511 444964 343031 185843 361822 542830 239968 96313 384007 443840 427910 510157 403639 471775 243616 442346 456880 333535 179320 408047 603500 280209 429603 382786
346037 206292 265967 250778 374992 259993 516286 177155 249358 149947 222491 658728 607611 354699 294079 631198 460108 534783 317050 617530 239678 475223 252857 187230 999999999 559556 438194 278720 319087 75236 421441 654612 606184 250634 498607 683256 564687 430286 356267 308245 464456 418450 475526 433729 660997 422279 351427 520207 723888 525526 459834 289202 344616 271010 292111 416583 364347 201315 301336 290860 390941 505659 156251 418461 391926 567011 265465 267496 606691 296074 161267 509681 74142 200884 58826 340522 297831 581965 306104 266936 529239 706593 264864 256033 429411 624173 576891 611792 290014 543801 166656 619842 643344 227368 316197 595228 497351 174322 601831 282124
581398 764373 721892 796053 256191 509407 528352 445756 793611 705042 564806 115194 89338 819080 398518 353906 512421 590192 863858 312953 446309 1034428 442989 419252 559556 999999999 651268 814884 733194 575264 335153 120951 526565 766304 86128 138850 705510 276039 913763 864401 561791 345971 85945 244793 767089 979588 685996 1079757 232792 36835 591600 499289 819752 693539 847763 744777 638755 745427 283067 731656 913863 612568 548810 174254 949653 499662 760821 613952 197257 343060 718857 485752 525765 438569 540257 739223 499519 27536 757209 299489 127063 180638 344036 323343 751508 482581 38159 159116 820769 797393 475883 503369 324355 535257 509601 335128 690902 695907 528076 801363
97465 537593 276635 611603 398893 199092 894910 555264 612744 447402 215726 690046 736010 772401 648584 904967 165964 930211 490054 875077 621839 712723 633012 544769 438194 651268 999999999 649010 754132 513416 733590 675829 963664 373743 565140 787820 985132 708277 572506 616351 863882 310294 603114 408599 1079619 617363 131478 735450 880644 616737 83632 184558 329750 234670 607753 854736 795888 426212 410036 258019 757549 109400 586381 619622 599427 923776 338834 177296 804421 613254 515344 873901 497241 576744 380980 207671 700014 657583 733793 432695 707498 831885 353817 535337 867534 959224 686522 588204 665731 980206 302047 964626 897690 215858 720039 871180 59626 587285 960985 673287
573583 112917 389818 37760 652693 511576 597338 374713 36284 201619 452880 921336 848564 157777 464036 798284 714324 585289 250461 797175 400414 255147 410149 399185 278720 814884 649010 999999999 213115 240880 593949 919311 700058 304319 763924 926138 553882 625541 213113 97456 522080 694982 728980 711988 641645 259195 529600 305522 945167 783631 693968 543023 405164 423263 86723 332776 359751 232391 576559 416047 114134 738629 277237 654934 233791 667816 341659 473809 820443 497490 136115 611488 290547 388173 326462 479070 402017 839544 163691 537884 759950 941072 543486 492743 344125 740342 826089 884745 17755 464294 436767 726331 822013 470856 409871 765335 702508 119152 694319 43953
664240 286961 535819 233906 635588 578632 403650 299668 229951 342175 539581 847068 745751 98405 339551 635630 776018 381967 450921 642732 286898 456894 290833 326876 319087 733194 754132 213115 999999999 245916 450289 849187 506086 471205 702400 822149 340966 495442 425062 310529 324691 709826 649727 696154 428703 472142 654598 506296 817145 708052 778919 607153 578935 557778 298867 122577 156683 395183 553655 563419 237960 824746 204304 560268 446891 478073 503932 578923 691215 390759 275642 425553 278036 299598 377885 623655 248123 760129 50751 507048 650750 826676 543219 419953 134914 553704 734962 836180 201772 258148 480503 536199 665664 546360 247102 606319 812526 179742 500066 170046
420949 198723 329952 220812 418407 332872 460860 148328 218348 176274 297700 680657 613425 290017 258784 602523 530482 473525 340810 593433 197434 466352 210113 167981 75236 575264 513416 240880 245916 999999999 391364 678470 555318 298185 523045 690589 494955 410073 363580 292650 403055 475778 489532 478799 591334 428312 425006 514249 719164 543409 533765 361240 399884 340025 275771 341347 291771 235644 339556 356136 346544 579534 89573 420204 397676 517228 319573 342315 597428 275513 154858 459072 49695 168181 133118 409355 240576 599517 237272 298623 528405 708933 314095 255801 354176 579315 588087 644994 248547 469007 235061 572340 619145 301809 257283 567228 572586 123884 550565 233803
639428 586365 670854 588437 394365 539349 201772 245960 584950 564073 557663 447345 316136 546605 133161 211208 655817 260304 731199 204003 196818 843731 185550 234418 421441 335153 733590 593949 450289 391364 999999999 455484 236906 671597 346616 387037 371124 59114 753504 670058 226648 509862 272035 435840 438559 817174 705557 893454 367388 324667 707977 549261 759708 661595 653456 430013 323979 620520 339356 691371 669335 745270 321207 178383 786721 199269 683185 615669 242088 129610 544655 163926 354260 223876 439995 726296 202476 362105 487209 304800 221425 382882 384060 200032 434419 225634 321939 479854 593564 465090 449972 232217 229340 539302 203800 175876 788788 482041 235505 566536
619677 860883 787738 898124 309104 563237 646074 556807 895938 794929 626123 18254 165874 932802 517546 450737 521387 708371 947300 409513 562852 1129133 560325 529743 654612 120951 675829 919311 849187 678470 455484 999999999 637563 842631 156078 153320 825020 396405 1003019 962461 681987 366204 199721 274127 884301 1068207 731396 1172835 271341 141213 606185 547175 884596 755000 946106 864643 758888 830183 360313 793927 1021690 618688 659879 293750 1038910 613114 832698 669274 287615 460861 815693 602953 628782 551769 628102 792745 619034 93581 871079 388064 240703 203769 414667 433463 871585 589298 136821 94906 926339 918326 549738 611764 415835 595297 629628 437630 707086 801152 639559 908664
867875 727451 869867 706760 630276 766433 102938 433489 702793 730522 776165 625095 475425 601728 321603 212243 892357 136301 888698 246268 367135 954537 354018 433287 606184 526565 963664 700058 506086 555318 236906 637563 999999999 852668 561247 525891 248891 280770 892397 790922 181454 746292 484617 668921 267357 950462 924209 1004803 453833 527559 942437 779173 950661 867637 775866 427854 349537 790539 576086 893113 744041 980672 468484 402465 921581 40174 871049 833504 360705 350427 692922 96538 532494 409233 638893 935329 315937 550248 554676 540129 399605 500008 618771 428695 425058 64692 501585 683590 693892 388537 670713 37984 254406 761333 301441 208532 1020150 609007 6189 662699
322421 194223 97148 267364 536051 305605 759033 427752 269821 131829 234137 850526 827864 453027 544642 880410 482148 770387 121325 865005 488742 342966 501880 437179 250634 766304 373743 304319 471205 298185 671597 842631 852668 999999999 692501 899595 780310 677251 200924 249226 700082 526446 688393 583357 875727 253368 243792 371663 955153 729983 436542 333681 107958 139634 243678 590976 572648 76186 484871 118696 400265 476636 387135 649158 231000 814128 38036 220965 844077 544721 195599 756210 321858 451355 237972 179906 538740 784728 434154 468006 759559 929482 427989 495425 603883 873616 790222 780470 322070 726987 292935 868231 890750 263854 555418 844328 419652 292359 848041 339447
495920 704855 643274 742295 171291 426392 547493 405853 740148 639822 484142 160479 172935 782797 380746 410447 427525 606898 794292 371097 418958 973347 418113 378526 498607 86128 565140 763924 702400 523045 346616 156078 561247 692501 999999999 223877 715511 289711 848240 806388 569372 260585 76651 159344 785157 913639 601695 1017312 317705 53024 505893 414970 740941 613285 790029 727773 624075 676571 207729 651759 867358 527705 508331 168922 884155 530165 684824 531656 265965 321487 659640 507271 473394 403014 473248 656748 482598 95682 721404 232386 177746 266754 265810 282998 735740 524711 122174 137763 771264 794073 400018 542674 386416 454075 495477 386398 604971 646114 561872 754235
719793 884918 858598 910465 394847 648158 554064 551741 907733 831364 702761 135269 77650 913440 482645 322633 644303 616949 993362 283177 538950 1155144 532989 526952 683256 138850 787820 926138 822149 690589 387037 153320 525891 899595 223877 999999999 738815 332376 1039374 982769 603822 479843 211216 379536 785922 1105378 824839 1201719 118047 175378 725576 638124 956466 831180 965947 815887 709309 874744 419607 869078 1019294 744016 652574 271205 1075110 507935 895746 752488 165394 435000 839449 510000 642045 540354 669256 877774 577649 130304 851840 431591 171410 50847 481418 434799 820827 470582 109615 242055 930380 848380 611519 495477 283349 673452 583805 317893 825645 807128 528916 908526
888004 615360 824301 572198 730602 788249 185360 431870 568161 648791 775098 815846 676085 420433 363982 450592 954651 123412 782614 477723 368905 794457 359703 446675 564687 705510 985132 553882 340966 494955 371124 825020 248891 780310 715511 738815 999999999 430021 764451 651138 146361 836624 642372 782134 96384 813043 914353 842889 685447 695775 985032 809333 886965 834732 638931 228432 207724 707832 658219 850803 565131 1028330 408438 546621 787466 245760 807460 826971 576331 419560 592928 229251 494835 412401 614186 904167 287328 732129 391252 612708 586250 722030 680740 493322 220115 313049 689536 850438 542731 144334 683646 286853 491474 769761 267405 437086 1044576 496260 243224 511008
616434 608156 667975 616913 351174 518639 257796 261778 613618 577368 544082 388390 259641 589958 162125 206245 619818 317702 745370 187761 225167 871006 215945 244782 430286 276039 708277 625541 495442 410073 59114 396405 280770 677251 289711 332376 430021 999999999 773627 696557 285760 467829 214311 388171 495874 838356 690375 920159 323161 265959 676885 525427 759922 654945 679758 483523 376933 631468 304362 686812 707047 712222 348927 123449 807731 245840 685654 601908 197054 135137 564886 217809 368463 242618 441094 717252 247876 303001 529413 275665 164061 331963 354977 187236 488578 258286 263262 421646 626596 523429 436281 269830 213498 523168 252352 170255 761738 510325 280298 601041
523142 167687 296674 192330 705944 497856 791261 511849 196381 208750 427218 1008664 963870 366831 620364 964103 682131 786468 82950 956530 557193 142249 569123 530192 356267 913763 572506 213113 425062 363580 753504 1003019 892397 200924 848240 1039374 764451 773627 999999999 116786 720079 713582 830721 758757 853699 66013 441330 175288 1078373 878953 637326 527632 260547 340052 126454 545738 564801 177002 643191 314596 259633 676938 434958 774199 35922 857473 233857 420966 958797 638868 208989 799617 406522 531587 375001 370380 581005 935202 376460 616221 884650 1062757 593739 610442 557183 926263 932492 950546 227009 677280 462594 915236 982173 454818 592871 929228 615336 283392 886964 257048
551500 102583 343776 84261 679673 505022 688666 437861 88185 186209 439284 966151 905783 250141 537705 878028 702576 679497 167170 874060 473635 174530 484548 459717 308245 864401 616351 97456 310529 292650 670058 962461 790922 249226 806388 982769 651138 696557 116786 999999999 614930 706355 779249 736596 739101 162355 489717 223646 1010875 831315 670853 536370 338138 382793 16900 430076 455092 190404 608844 367416 155384 713725 348944 712784 136366 757512 287129 448418 888000 564354 146987 700412 340740 454662 343551 429128 485930 887728 261126 575153 821000 1001584 567522 548205 441316 828616 879122 919497 110451 560793 446842 815825 899332 462217 495713 844129 665700 188362 785297 141097
766422 558328 730151 531251 587439 665044 79909 309448 527229 572451 660265 673510 537560 420334 224446 340923 820724 70492 723178 360270 242096 775475 230891 319243 464456 561791 863882 522080 324691 403055 226648 681987 181454 700082 569372 603822 146361 285760 720079 614930 999999999 695768 496662 637653 226203 776004 804608 825604 561803 550719 856849 683557 802926 734504 600409 251587 168088 632858 517354 755299 562650 898914 313501 400554 747799 155840 722609 714970 445473 276831 527363 111228 390851 287278 506926 803800 167735 588695 373534 473112 445341 591573 544395 353222 250633 232467 547604 704711 515011 245768 562171 212790 378339 651173 148585 319781 922709 437976 175409 483511
256481 605846 452507 664023 116833 222060 701810 427422 663215 521138 292955 380033 433495 765547 472686 640578 167327 751185 643718 605347 476371 852230 482795 404565 418450 345971 310294 694982 709826 475778 509862 366204 746292 526446 260585 479843 836624 467829 713582 706355 695768 999999999 311186 101245 921969 774090 371212 888867 578286 313438 245840 197530 543978 413681 692198 775572 687693 537131 178489 452288 808406 267411 507019 355229 747889 709121 507120 322518 516539 419100 565985 670064 434459 439310 368607 439134 557673 349631 710599 224237 420933 525539 167309 343309 786543 725779 382723 281583 707360 875938 259958 737582 624959 262679 576164 610464 345813 592162 745156 700572
525826 679619 649085 710342 204655 445694 472011 360134 707874 622193 495867 197422 141465 734428 318516 338979 477790 531966 782827 300798 363185 949845 360607 333515 475526 85945 603114 728980 649727 489532 272035 199721 484617 688393 76651 211216 642372 214311 830721 779249 496662 311186 999999999 213199 710173 896649 624609 995518 281087 58556 551094 439425 746859 623179 762571 666149 560952 664231 211523 660584 827983 577263 463255 97242 866563 453542 684908 547737 205363 261250 634084 431359 440094 353531 458730 672724 420332 111481 672601 220407 110267 243405 274324 237482 673430 448711 102198 208070 734828 725754 401380 466324 318025 467457 431687 313108 647494 609982 485227 715444
346182 634176 519962 684468 60824 291408 634193 400168 683083 556507 357444 286367 332266 762488 421135 548246 268292 687606 695115 511604 437514 892862 441488 374353 433729 244793 408599 711988 696154 478799 435840 274127 668921 583357 159344 379536 782134 388171 758757 736596 637653 101245 213199 999999999 862655 821941 457272 932868 477041 212229 346827 273581 615379 484865 721321 747325 652113 582100 142531 523913 822748 368458 492088 268964 794093 633388 569153 397034 417906 363156 591266 599187 432395 406873 393046 519399 514984 249232 704151 189372 323458 424662 169301 295713 757307 643030 281478 198825 722453 836139 296179 656915 530083 326326 531920 519713 446380 601099 668355 711332
982350 708052 920609 661968 813309 882132 238849 525167 657964 744062 870495 873744 728743 501278 450137 479380 1044882 178260 875011 511912 460723 876236 450845 538689 660997 767089 1079619 641645 428703 591334 438559 884301 267357 875727 785157 785922 96384 495874 853699 739101 226203 921969 710173 862655 999999999 900151 1010374 923745 720412 760922 1077666 902566 982614 931113 727569 310412 303146 802816 743544 947140 643773 1120558 504758 616794 875412 278517 903257 922741 620848 503004 687072 281413 590897 504932 710183 1000550 380197 792875 478045 699117 643650 763798 769440 579248 300259 330737 747602 917288 629565 196876 777791 303514 521483 864578 360162 472734 1138968 589893 262982 598195
574758 230813 345346 244877 769848 556178 848688 576640 248919 274547 484986 1074016 1029882 404741 684016 1027401 735189 841229 132137 1020544 620559 99720 632305 595400 422279 979588 617363 259195 472142 428312 817174 1068207 950462 253368 913639 1105378 813043 838356 66013 162355 776004 774090 896649 821941 900151 999999999 485926 118717 1144146 944708 685929 585297 294146 389256 175902 590259 617337 239898 708163 360141 281526 723907 497472 840147 30662 916233 282450 474210 1024309 703789 273470 858668 471902 596027 440410 411378 641374 1000926 422220 681779 950554 1128749 657906 676301 601120 986055 998450 1014723 270605 718578 525820 974280 1046134 513480 652507 992713 656682 342533 944930 302133
116022 416897 146782 491871 430426 179358 845657 496853 493395 329690 148266 743487 764283 662014 602859 894584 268630 873564 358737 869234 565121 581284 577455 492379 351427 685996 131478 529600 654598 425006 705557 731396 924209 243792 601695 824839 914353 690375 441330 489717 804608 371212 624609 457272 1010374 485926 999999999 604101 905661 649632 203779 186741 201003 107189 482127 762840 715770 301130 415791 126734 634952 238700 506863 620511 467979 884041 208051 90714 814980 578165 399732 830384 419520 520290 300192 78982 637164 697203 628855 424275 720001 864507 353283 506113 775865 928454 717941 651607 546805 893399 255588 930219 893445 167222 656758 859263 176119 480353 920814 557336
693416 316934 464062 305350 879209 672697 901931 660835 308960 378476 601800 1177759 1125231 422820 761279 1100735 853716 886782 250340 1097429 697201 50376 708018 682052 520207 1079757 735450 305522 506296 514249 893454 1172835 1004803 371663 1017312 1201719 842889 920159 175288 223646 825604 888867 995518 932868 923745 118717 604101 999999999 1233368 1045683 804569 702218 409878 507973 240411 614855 660333 352049 814251 478642 280648 842335 572489 933144 141553 973071 401162 592616 1111044 787637 362320 916936 561137 678073 545346 528843 706444 1102109 455653 784927 1042279 1222282 766714 768425 624128 1045839 1096493 1123158 310916 733123 636917 1031615 1122637 629760 715001 1067090 773719 411434 999003 342166
806216 917435 924211 933903 482172 726623 500858 573125 930815 873821 774904 253313 144936 912586 484670 241836 745071 562036 1039929 208783 546479 1185175 538106 551324 723888 232792 880644 945167 817145 719164 367388 271341 453833 955153 317705 118047 685447 323161 1078373 1010875 561803 578286 281087 477041 720412 1144146 905661 1233368 999999999 264973 823467 720450 1021418 900737 993977 793322 688858 922101 491265 937394 1029782 845241 667958 306572 1113539 443382 955530 827871 126148 447802 872667 457809 673082 557518 718953 952486 569023 234109 852338 493140 195691 68516 554238 468109 796478 392972 195578 358467 947234 807129 676530 419583 199697 747178 571174 248841 922147 827984 457831 922620
545644 730856 685100 764025 220306 472781 522159 417092 761660 670203 527978 139521 120079 792243 376946 365767 480480 583094 828236 325578 421640 1000663 419144 390248 525526 36835 616737 783631 708052 543409 324667 141213 527559 729983 53024 175378 695775 265959 878953 831315 550719 313438 58556 212229 760922 944708 649632 1045683 264973 999999999 558496 462973 782956 656704 814737 724478 619119 709895 246360 694824 883957 580658 520253 154375 914860 498584 724237 577214 215927 319804 685381 480483 493788 411212 504946 702493 478688 56451 730456 263785 133246 215834 307216 293972 731672 487136 69792 156873 789929 782370 439247 506564 339345 498447 489827 343964 657315 664869 528647 771187
120411 585345 341020 657333 347037 201919 880755 553224 658036 493667 243482 621193 678545 806804 635819 866632 86464 920666 556070 834436 616969 778977 627110 539004 459834 591600 83632 693968 778919 533765 707977 606185 942437 436542 505893 725576 985032 676885 637326 670853 856849 245840 551094 346827 1077666 685929 203779 804569 823467 558496 999999999 176793 404781 297352 660840 872067 804673 480849 372968 326143 805394 45848 598303 578796 666139 903114 404068 222496 755439 594413 558198 856214 510323 572797 401057 282582 697781 595428 763537 403217 658661 771374 323938 514888 884554 932571 628055 516084 709977 992320 305718 940192 855922 232715 717765 834076 100904 620866 940242 714263
91131 441410 255336 508271 243729 31538 711674 377503 508313 350963 100426 558643 578251 642083 465465 724773 172361 748732 453496 696476 442353 668813 452941 364557 289202 499289 184558 543023 607153 361240 549261 547175 779173 333681 414970 638124 809333 525427 527632 536370 683557 197530 439425 273581 902566 585297 186741 702218 720450 462973 176793 999999999 346545 216152 523954 696706 627905 354775 234140 254802 656814 221579 422133 442963 560665 739317 311577 125256 633858 428806 407581 689807 334786 397733 230666 245825 522390 510513 595216 250811 537815 678091 173844 350779 709079 774877 531468 470938 557740 815745 129247 780095 719801 74217 542416 690401 241278 457501 776530 557677
306457 298624 97874 369302 575535 324588 859284 520384 372103 239469 258533 894315 888126 557536 636946 965341 466321 873383 179470 947113 584263 392838 597441 526613 344616 819752 329750 405164 578935 399884 759708 884596 950661 107958 740941 956466 886965 759922 260547 338138 802926 543978 746859 615379 982614 294146 201003 409878 1021418 782956 404781 346545 999999999 130741 335938 698910 679468 183755 536920 91803 493088 438639 489425 718934 280971 911583 80318 221482 916094 630842 303296 854132 418169 544479 319805 122380 639331 835639 541156 528521 827308 990159 475807 574147 711809 968312 846934 814173 422852 834937 345579 964403 972630 289492 656689 929183 364366 400294 946247 442645
186232 310399 43928 385506 446209 193858 782590 434345 387147 224924 129216 765064 764643 559033 547274 861183 347480 804589 258759 839863 501708 481625 514626 435109 271010 693539 234670 423263 557778 340025 661595 755000 867637 139634 613285 831180 834732 654945 340052 382793 734504 413681 623179 484865 931113 389256 107189 507973 900737 656704 297352 216152 130741 999999999 375005 670070 631472 193944 411932 39048 527851 337031 426689 602414 368858 827755 106865 91826 799826 532033 295486 771923 343790 458543 229219 69521 567075 708460 528958 408085 708509 866514 349765 467710 683149 878527 721955 683606 440588 803063 225136 877455 864969 159764 585942 825195 282919 380459 863734 452181
541161 87151 336879 69180 664187 492537 673743 420972 73189 173167 427530 949719 888945 242466 521031 861597 691023 665367 169272 857460 456969 191388 467928 442816 292111 847763 607753 86723 298867 275771 653456 946106 775866 243678 790029 965947 638931 679758 126454 16900 600409 692198 762571 721321 727569 175902 482127 240411 993977 814737 660840 523954 335938 375005 999999999 419291 441532 181553 592954 361125 157389 704028 332300 695920 148848 742241 281703 438344 871120 547489 130952 685027 323908 437811 328331 423299 469995 871142 250034 558954 804109 984703 552159 531355 430730 813089 862377 903596 101264 551012 432472 800502 882752 449894 479991 827642 657865 171981 770268 130677
761658 409307 651053 355775 688438 670169 330582 349018 351866 460491 639010 859971 742602 192111 347758 587744 860299 294201 573479 602234 312449 566751 311123 373637 416583 744777 854736 332776 122577 341347 430013 864643 427854 590976 727773 815887 228432 483523 545738 430076 251587 775572 666149 747325 310412 590259 762840 614855 793322 724478 872067 696706 698910 670070 419291 999999999 106716 515312 607431 678561 336711 917558 275542 570898 566088 406618 622650 682892 670264 406358 395975 361870 361927 340480 473955 737403 245824 772283 169319 559464 646582 812833 608639 455425 13081 483184 740229 865008 319957 136174 567654 461963 622634 641918 235215 562977 913933 298618 421668 288982
