NAME : synthetic_000260
TYPE : CTSP-D
DIMENSION : 100
GROUPS : 8
RELAXATION_LEVEL : 1
EDGE_WEIGHT_TYPE : EXPLICIT
EDGE_WEIGHT_FORMAT : FULL_MATRIX
EDGE_WEIGHT_SECTION
999999999 483855 153049 1010272 576378 256805 787810 245129 538085 172925 755605 890598 369359 702625 170204 492019 760727 336327 277392 61561 394990 441143 648414 714842 792196 973670 732966 729622 906903 970449 966416 921647 229499 277612 348791 653266 904877 510443 988295 852445 529595 201298 343924 299061 189557 507371 235512 478913 442009 958910 237539 515315 694103 933079 614179 415436 498194 1010549 353720 302213 693570 1019153 861305 930726 828356 408363 993280 129915 377346 613704 472612 461453 842455 466881 875193 1050264 470271 424588 667820 401081 997760 967049 773882 1022961 723849 450549 640477 890010 733712 115135 152266 225751 795186 899699 341392 438660 375207 545482 669893 351854
483855 999999999 347017 898349 155432 263909 361260 340222 596331 509071 515459 701402 377727 339584 607060 171328 516016 717588 595189 529636 529593 421453 852985 889712 333230 740270 353704 262351 673522 580589 756494 953227 592136 216033 747315 652665 532398 208557 570103 410582 300537 449214 275589 501002 368675 683439 669084 334853 587989 549341 605932 681383 528327 946956 750152 159926 343237 654702 317781 648719 749278 986543 664104 902661 705245 751184 883559 355262 150223 701067 691839 60457 444245 767385 427977 1045602 833027 649016 750552 322949 640412 902822 670040 615707 300163 63830 752261 782652 410487 558928 393652 270772 565027 753074 730976 349549 515218 100108 718791 538208
153049 347017 999999999 899469 425680 103758 635227 112105 452574 178615 614317 760965 245349 549947 261038 339107 618959 390256 285204 186316 321787 321279 625090 682284 642313 838110 580051 581782 770116 817964 834698 846800 263355 169246 414938 557870 752940 419401 835246 700424 381154 144956 196452 241078 187188 463743 324898 337279 379628 805899 276355 468123 562393 853280 561768 262880 356584 860280 315876 331114 617518 928459 729518 838997 710162 441606 882605 43906 226769 543667 445376 316516 689469 479557 723490 968035 517824 395703 599346 261561 847299 866783 658012 870044 571449 305838 580654 777223 583317 211911 171216 137089 656366 778607 401153 302222 301265 398185 590414 295558
1010272 898349 899469 999999999 768960 832748 711959 787408 484463 857568 399294 219645 654246 616935 956854 728203 401666 881126 804446 993933 626218 578218 595107 543128 800953 262255 630312 827060 287938 613579 216501 281987 859962 965363 913898 365247 572600 1105915 693643 750226 601506 810047 728427 721590 1077310 586927 960512 594197 597800 665211 864905 573664 370947 247903 501892 768995 578459 530756 1147100 830689 376847 169629 254093 168279 196095 822070 16993 943272 811079 450963 645176 843369 638997 755098 768529 243166 866487 667021 418545 652821 533734 96689 242816 667728 717238 845781 463343 122634 537145 963411 1068995 984263 354227 148078 896161 610561 643563 818156 383970 678245
576378 155432 425680 768960 999999999 324525 218278 376760 537865 556496 374847 562655 357428 184658 669230 104384 374301 749319 620524 611303 508738 373481 814167 839012 216939 592458 198424 162288 527374 429637 612078 857007 631898 340780 782999 568146 378306 355817 427058 277906 202484 487694 280266 509184 497840 651261 724438 264945 559696 402997 645538 646251 406821 846269 698168 166445 264724 500050 470268 675763 672660 872467 525215 792993 581538 766498 755132 447567 199104 638754 672513 130061 293089 766888 299573 936405 849305 636766 682036 290763 485788 784178 553670 469484 154011 139967 692543 658780 258439 628853 516290 391145 423781 621391 764593 299065 499414 56011 642825 532605
256805 263909 103758 832748 324525 999999999 531844 84541 418092 245357 522788 679259 188388 446680 348776 235479 526918 454016 333874 287104 308541 261433 631202 680139 541464 750572 476491 483081 681848 714829 750595 809583 328239 148945 483424 510312 650380 380083 731492 597525 283689 186286 106514 252945 246490 462430 408133 249638 369738 702205 342029 463883 480974 812106 549064 159843 268399 759261 329625 386335 584325 877724 646120 788565 639227 491507 816149 135552 127689 517902 457045 223961 585813 515388 620866 923480 572283 409761 572794 180645 746110 809075 589933 766458 468258 213902 561537 710137 482548 305315 244645 152902 566946 704314 467202 223079 289891 301214 555275 299733
787810 361260 635227 711959 218278 531844 999999999 570305 632208 746980 326043 492336 514399 129752 865083 296592 321282 922682 793534 818030 648746 501327 914981 923374 89416 483198 98209 136411 431580 224197 516280 868845 814808 558961 958456 621022 191694 534392 209512 70706 314178 675751 465941 674851 716054 768721 914977 391011 687900 188209 827881 760639 409147 850169 788364 372391 380280 312325 678626 847918 729194 847517 458369 781596 553572 925861 701516 660848 412184 719047 802787 347575 95441 911744 96931 919146 1006955 776285 750235 448469 298306 753361 546461 254472 64573 357799 772632 623548 187069 829752 734461 609389 362654 568020 938969 438008 645074 265019 702667 685041
245129 340222 112105 787408 376760 84541 570305 999999999 347962 179739 510564 650991 133244 470944 294969 277475 515638 379495 255077 257333 228237 209195 548039 598688 591289 730635 503438 538750 663259 735675 725514 742260 257078 228068 411000 448801 667924 464556 760837 638788 287933 112004 105618 168414 294397 380154 347870 233804 289022 729454 270876 382264 452858 747104 470176 211477 253073 769325 402208 309029 514265 819127 620254 729650 598153 411129 770551 155865 193907 443940 372862 293865 613137 431826 663410 860738 492818 325337 499413 155960 756880 755749 545911 791479 508995 284782 484971 665132 493594 260635 282231 219693 550705 666883 393669 194283 208809 363116 486164 215722
538085 596331 452574 484463 537865 418092 632208 347962 999999999 376333 383707 423840 233071 502611 472391 445194 391139 411381 321112 514580 144141 175026 283202 301207 695615 525789 535843 676044 473698 696967 500905 394519 375787 566649 447070 119252 626298 774496 754235 699839 339322 337267 336959 240919 639568 148400 478483 273285 115490 718304 381227 137166 278276 400819 160643 436686 273473 681312 747298 352283 166492 481297 408176 392664 327352 369062 467676 495480 458634 104828 199022 536271 621640 321499 726006 516266 434150 199599 156757 274529 673460 431111 271803 762834 593118 532627 156394 371557 467081 480521 622559 566580 394945 401219 427723 247502 163188 561078 138217 194220
172925 509071 178615 857568 556496 245357 746980 179739 376333 999999999 647196 759088 256094 641670 121506 456738 653260 212402 112480 138788 232317 313955 477982 542973 770762 849936 675270 718435 786320 901163 836750 751723 85123 347843 239276 494521 831503 598004 932004 816187 450847 71597 281266 136020 330371 334502 168425 384244 273054 899494 98493 342618 569952 764516 441589 390937 401982 925147 482285 153180 525309 854271 733381 766833 684408 264239 840626 200025 369491 444362 300460 468306 784099 308989 841154 882016 339284 251967 497599 309629 913521 807444 628594 959615 686718 458546 468683 740175 654671 107308 299828 312804 680627 757685 224183 336825 214170 541444 503079 183919
755605 515459 614317 399294 374847 522788 326043 510564 383707 647196 999999999 187821 393084 218552 766770 353468 7453 763618 646742 761518 463181 335068 646810 638516 411967 231676 235589 430116 162653 318115 241865 544723 687642 626751 800954 329024 250346 723763 383574 377520 244051 580562 418774 530465 764408 532096 797130 277314 477016 348065 697920 520805 107391 524845 517270 411851 257972 298396 797169 693282 431273 523242 150396 455568 227856 739273 386751 654157 459241 443559 580473 466120 274316 701742 400306 593884 811441 570876 460649 354647 290027 429835 222543 384291 321066 470739 492470 299991 141182 750804 766827 659231 49578 251383 780698 317418 469680 427069 409314 514183
890598 701402 760965 219645 562655 679259 492336 650991 423840 759088 187821 999999999 521379 400860 871863 535926 188695 834051 733014 886346 543696 450201 630952 601394 581390 104510 412128 609128 80037 408377 78168 425505 782288 797211 870212 323636 359632 909942 486913 531334 416987 699852 572768 628902 925346 561476 890264 429968 536385 455965 790284 548388 198721 398110 510226 587785 411661 340094 973202 771201 394972 365960 37451 317383 116288 792277 209663 803291 633497 440701 617813 650201 420409 739174 550262 440597 853362 623405 434463 500697 339522 271818 159877 467914 499230 654109 476267 150426 320137 866175 923187 824302 139401 82044 850622 459094 556250 614614 384745 598115
369359 377727 245349 654246 357428 188388 514399 133244 233071 256094 393084 521379 999999999 397981 377207 253686 398875 408781 280305 369411 154013 76077 475260 513918 554216 604968 432700 515078 538904 649324 597057 621592 308315 335233 444977 322003 578747 543774 685586 585048 203338 187729 105747 160572 425068 305847 415065 130583 210574 651873 320422 303657 324853 623743 376302 219780 147168 669389 517691 334040 397999 690427 491956 601098 465066 413627 637405 289078 231814 335935 318420 320046 538653 409536 611063 735192 495816 280013 389556 67585 657920 624333 412671 709652 459654 314373 383244 531918 401598 357937 414919 340459 429244 534264 425259 81840 142583 364124 368477 175564
702625 339584 549947 616935 184658 446680 129752 470944 502611 641670 218552 400860 397981 999999999 762087 218132 215562 806391 678271 725915 524735 376992 785270 793871 202979 415625 35025 211868 353994 268200 440140 750214 704074 504334 842799 493018 205898 539335 290405 197577 194663 570080 365358 558165 658087 640226 807728 269943 561236 258529 716697 631884 286962 733568 658620 295060 257109 322632 650129 731746 601359 740276 364323 669123 444105 804541 604805 581095 341240 589446 675744 305314 142480 786797 223899 809648 884692 651021 621370 334853 308652 647539 429860 320941 104359 313408 643117 517977 81147 731402 670711 549092 262799 469446 822985 318409 522477 240663 574364 563784
170204 607060 261038 956854 669230 348776 865083 294969 472391 121506 766770 871863 377207 762087 999999999 572051 772962 170120 156819 109145 332754 432227 514340 585646 885163 965127 795441 830073 902708 1022495 949884 825493 98885 422243 179009 591617 952938 667431 1052491 933734 572087 192533 399277 242963 359056 399222 66874 505736 360341 1020217 97842 409952 686435 842018 506999 502801 523423 1046497 522452 155274 606686 938696 847663 853628 791421 248389 940065 264206 476217 524622 352280 572222 904565 315875 958379 959325 302763 310940 573998 431031 1034919 899905 735255 1080681 803959 561923 539158 842671 776151 55970 322256 376997 798929 865323 173054 458211 317545 649726 588064 279266
492019 171328 339107 728203 104384 235479 296592 277475 445194 456738 353468 535926 253686 218132 572051 999999999 355012 645985 516930 521456 406045 275379 716508 745038 314071 583293 244822 265463 514998 484848 595267 785817 530080 288451 680019 488452 424028 377734 496841 363263 129308 386846 177402 404858 440402 551348 625123 173263 458519 468430 543619 546998 357581 778247 604086 77677 177850 539376 446807 572165 589069 815456 498993 732031 534364 662148 713216 366738 123111 548292 570283 115210 352635 662874 387260 875182 744945 533502 594511 187703 525597 731494 498712 533488 233503 118307 601303 611683 270119 534444 452579 331374 402783 583931 661423 200369 396046 115915 558751 428510
760727 516016 618959 401666 374301 526918 321282 515638 391139 653260 7453 188695 398875 215562 772962 355012 999999999 770570 653462 767058 470153 341440 654198 645744 407595 229149 231694 426821 160318 310758 240731 550290 694151 629656 807912 336299 243118 724179 376441 372004 247275 586438 423211 537002 768036 539525 803618 282178 484264 340967 704476 528241 114819 530146 524668 414345 262838 291060 799385 700137 438361 527295 151365 460342 232336 746471 389328 658626 461884 450950 587854 467210 268198 709091 394617 598218 818730 578142 467877 359687 282644 433694 228341 376928 317545 471984 499803 303784 137317 756688 770776 662598 49481 253945 787653 322784 476537 426890 416509 521047
336327 717588 390256 881126 749319 454016 922682 379495 411381 212402 763618 834051 408781 806391 170120 645985 770570 999999999 129478 277203 300460 438167 368973 443064 957506 934411 841224 911338 878437 1050588 911608 710066 127286 559366 37367 523802 979041 809357 1091941 993219 611781 268514 469056 248271 521183 295246 119020 536907 297669 1057584 113985 308244 668827 731315 393523 588219 551260 1057923 681592 74770 509916 836235 815948 756823 738305 83694 865012 406886 573372 431131 238194 673279 946041 159949 1019082 846020 134012 214963 471455 474214 1047858 811881 683054 1112996 866420 664053 430302 776778 803343 221778 485910 521447 786828 811857 17088 488122 294711 741183 498124 250277
277392 595189 285204 804446 620524 333874 793534 255077 321112 112480 646742 733014 280305 678271 156819 516930 653462 129478 999999999 230755 189450 315227 371512 439462 828062 830152 713004 782370 770848 925815 811156 669072 58031 452744 164923 439636 854534 702069 965082 864018 483612 148191 340396 120631 442781 243223 157937 409517 206650 931016 60623 253587 557019 685274 351389 460767 424526 937451 594145 55240 449993 782023 711661 697286 645615 158252 787785 310906 448500 367947 199629 548461 818603 196625 889834 802633 238410 155363 417193 345107 926916 744771 589478 987471 737013 539593 382771 692667 678047 181695 411771 421688 673495 719740 145505 360563 178690 613907 431846 135250
61561 529636 186316 993933 611303 287104 818030 257333 514580 138788 761518 886346 369411 725915 109145 521456 767058 277203 230755 999999999 370441 436519 601805 670215 828151 973428 757524 768083 907980 992140 963259 889591 178145 330308 288098 632245 924905 568578 1014431 884358 545257 186747 361596 273710 251106 468867 173989 488105 411686 983917 184314 477837 692776 902899 576851 446861 507049 1026535 415194 248716 663871 993059 858765 905579 817250 351691 976961 175101 412796 582702 429654 502362 867359 413559 907866 1020444 410818 383293 635516 410169 1014146 945613 761882 1046853 754839 491606 605367 875433 750924 55529 213809 280709 798620 889836 281436 444518 351775 584486 641837 322706
394990 529593 321787 626218 508738 308541 648746 228237 144141 232317 463181 543696 154013 524735 332754 406045 470153 300460 189450 370441 999999999 147747 325877 371688 697181 640739 559712 663265 581875 755699 621856 529674 239354 455904 337784 262263 683921 684226 802082 719206 335110 195430 254223 96795 508325 155657 346602 258340 61231 766953 246781 155846 369375 539260 242104 373234 268487 758337 629561 231283 300220 624263 522225 536080 458922 282253 609322 362885 381129 223040 164501 472950 659278 263234 745574 656024 360623 128923 278541 218343 748557 575202 402724 819425 598839 466792 258963 510388 510833 337273 487993 446508 486898 532934 317536 213884 20630 517872 275386 54455
441143 421453 321279 578218 373481 261433 501327 209195 175026 313955 335068 450201 76077 376992 432227 275379 341440 438167 315227 436519 147747 999999999 441245 470772 552143 537333 411975 522149 472796 612512 526823 552628 353088 405512 475375 250294 540912 601236 656095 571691 188630 250707 167320 196382 500877 278117 462400 112725 189171 621240 363757 272802 256715 553013 330146 261697 121137 622333 588972 365036 333890 616291 422246 527149 389722 428598 561367 365059 284520 279850 304075 361529 512242 410421 598077 662859 507985 275019 330620 99760 611718 548783 336897 675296 452604 357699 330814 455945 365776 419559 490996 414240 366818 459626 455160 75010 146384 390925 303685 189337
648414 852985 625090 595107 814167 631202 914981 548039 283202 477982 646810 630952 475260 785270 514340 716508 654198 368973 371512 601805 325877 441245 999999999 74460 978732 734726 818142 957515 698698 964855 698464 364838 424301 775404 388941 320405 896072 1009466 1027357 982089 620027 481516 578947 385095 802401 170261 482446 549850 265673 991450 420067 171603 539568 392466 129670 694410 552723 935554 940675 359066 236387 505117 628456 440786 515956 287766 581599 660593 706019 203252 180063 795000 900240 209661 1008142 498298 297719 229891 196548 533220 929639 507902 472772 1031046 876289 789563 156751 521179 745701 550580 775041 758874 646500 578185 377941 516208 342776 831732 247244 333002
714842 889712 682284 543128 839012 680139 923374 598688 301207 542973 638516 601394 513918 793871 585646 745038 645744 443064 439462 670215 371688 470772 74460 999999999 991785 703365 825495 975843 673286 955782 664451 297712 493741 826755 463381 309732 888860 1054876 1021864 988546 640159 540777 619313 441206 862960 219107 555693 574223 310458 986191 490261 216425 532842 327248 140979 729966 574673 918805 996455 430519 210367 440782 603106 382694 485146 362161 530667 719495 745719 204639 242536 830578 900986 284030 1014204 428811 370537 291590 177868 567101 913932 452237 447567 1021750 889038 825923 150756 480267 747642 620034 837025 813708 632525 541837 452248 545377 390282 860925 229397 387113
792196 333230 642313 800953 216939 541464 89416 591289 695615 770762 411967 581390 554216 202979 885163 314071 407595 957506 828062 828151 697181 552143 978732 991785 999999999 572105 177743 73137 520987 290221 605600 951776 843729 544236 992215 694727 271761 481330 253644 88034 363752 700898 490980 712440 700058 826308 939104 439547 741104 243099 857192 819175 489403 934144 854375 382926 431886 387053 642935 883135 803098 934720 547144 867210 639823 967824 790342 662807 415551 787163 856150 334761 177838 960053 97995 1005809 1050017 825975 821621 486755 373589 840806 630115 304715 102747 345646 841232 710890 271254 845581 722452 597410 450355 656476 973281 483426 691237 248959 775612 728747
973670 740270 838110 262255 592458 750572 483198 730635 525789 849936 231676 104510 604968 415625 965127 583293 229149 934411 830152 973428 640739 537333 734726 703365 572105 999999999 418225 611282 69138 353885 46745 508847 877821 858331 970854 427937 320361 947019 434111 509340 475414 788039 645048 722657 994262 665199 986552 501726 636927 407554 886372 652177 280681 478732 614649 643467 482633 268507 1028482 870106 498479 427213 118608 395193 218898 894747 258421 879263 690913 545208 721174 693981 398782 842844 524388 502295 956930 725339 538378 576560 271598 338072 264388 405940 503428 699282 580490 235707 335808 956404 995188 890002 184414 166242 951110 536500 652162 647153 488978 694922
732966 353704 580051 630312 198424 476491 98209 503438 535843 675270 235589 412128 432700 35025 795441 244822 231694 841224 713004 757524 559712 411975 818142 825495 177743 418225 999999999 197006 359667 240058 445877 774090 738382 527770 877593 522821 181834 548314 257402 163999 229447 603673 397821 592975 682776 674343 841669 304913 595917 226394 751058 665870 312388 756409 691032 322380 292133 302135 667983 766559 631011 758829 376424 689937 463175 839566 618819 610185 367473 621313 710325 324233 109840 821679 190175 829246 919709 685886 652072 369219 287930 665370 452379 289996 87118 332969 674783 535473 94411 764042 696684 573980 276642 483857 857799 353322 557499 253692 604458 598804
729622 262351 581782 827060 162288 483081 136411 538750 676044 718435 430116 609128 515078 211868 830073 265463 426821 911338 782370 768083 663265 522149 957515 975843 73137 611282 197006 999999999 555275 355334 641227 958143 794182 475618 945167 687598 328030 409138 324818 158907 337512 649901 442372 669787 630482 799647 886133 409903 710984 311724 807825 793499 494817 942839 836394 327669 405176 447769 569980 837608 795346 952097 573337 880172 655915 926817 815363 599790 355703 772117 825302 268969 231807 924181 171021 1021199 1009501 792071 810377 447628 433886 859406 640068 375036 109899 279921 826374 729813 290031 788339 653972 529406 473000 680188 926691 450075 655473 184141 766757 690637
906903 673522 770116 287938 527374 681848 431580 663259 473698 786320 162653 80037 538904 353994 902708 514998 160318 878437 770848 907980 581875 472796 698698 673286 520987 69138 359667 555275 999999999 330059 86262 505541 817096 789214 915209 383941 284899 880864 409243 464456 406281 723282 576515 661001 925264 616885 926252 433336 581996 379225 826068 604161 216392 478073 574762 574500 414180 260090 959697 812476 464489 442366 70315 397016 191342 842384 280290 811044 621881 503171 671471 626327 353018 793817 481763 517408 907324 672335 502413 508663 259500 349036 226269 388573 446137 631428 542543 230324 273193 892330 926420 820892 115308 161040 895281 468993 592292 581562 451464 635666
970449 580589 817964 613579 429637 714829 224197 735675 696967 901163 318115 408377 649324 268200 1022495 484848 310758 1050588 925815 992140 755699 612512 964855 955782 290221 353885 240058 355334 330059 999999999 397802 830109 957576 766372 1087730 646819 71786 758589 80229 204453 450456 829971 630611 805330 922111 844458 1064138 518780 780246 57695 969522 833849 425287 804527 835259 562336 502392 104194 898270 977056 747095 772251 385792 725273 506101 1037657 607716 849287 607521 761605 889378 559118 136594 1008179 206695 847370 1114000 873931 778005 591549 93349 679094 522299 66193 280875 568534 810535 558096 247911 994949 936610 813512 325378 490365 1067549 567516 757785 481601 726386 801527
966416 756494 834698 216501 612078 750595 516280 725514 500905 836750 241865 78168 597057 440140 949884 595267 240731 911608 811156 963259 621856 526823 698464 664451 605600 46745 445877 641227 86262 397802 999999999 463024 860450 864136 947659 397797 360813 964381 477996 546323 481641 776948 644336 706934 995932 636637 968429 500959 613989 450512 868452 623447 272678 432612 580832 651649 482246 314626 1037479 849141 462107 380593 105260 348929 183339 868728 212110 876623 698342 512984 693461 707917 435112 814283 562480 455715 928573 700318 502784 573576 317297 291333 233159 451234 532245 712599 545742 191536 359234 943756 995057 893380 192485 123587 928131 532481 634412 665828 454480 676278
921647 953227 846800 281987 857007 809583 868845 742260 394519 751723 544723 425505 621592 750214 825493 785817 550290 710066 669072 889591 529674 552628 364838 297712 951776 508847 774090 958143 505541 830109 463024 999999999 727074 956756 736701 303653 774677 1147636 906566 922243 659123 724771 719934 623279 1033921 426366 810761 618906 479638 873695 727786 415549 463592 34484 319502 800448 609999 765556 1139176 678247 229664 145284 444489 116277 325128 636529 274764 889424 831755 307964 476832 893194 817457 560557 944885 136004 660299 514706 254125 649100 764986 185490 322512 891701 854379 892108 286338 275766 681802 847347 1016071 959986 516498 346147 722264 612741 550169 895080 256408 569798
229499 592136 263355 859962 631898 328239 814808 257078 375787 85123 687642 782288 308315 704074 98885 530080 694151 127286 58031 178145 239354 353088 424301 493741 843729 877821 738382 794182 817096 957576 860450 727074 999999999 432586 155186 494795 886851 682711 993170 884785 510274 145075 352782 157232 404645 301085 109562 438897 262496 959756 13835 311557 601807 743301 409155 468088 455209 974302 561306 73499 507804 839819 759650 754848 697957 183550 843236 282133 450006 425742 256118 549543 845758 237440 910211 860665 255447 213024 475200 369226 963319 801647 641756 1017940 756237 540041 440757 747000 709750 126329 371442 396101 716796 772035 139365 390072 226039 620183 489315 185016
277612 216033 169246 965363 340780 148945 558961 228068 566649 347843 626751 797211 335233 504334 422243 288451 629656 559366 452744 330308 455904 405512 775404 826755 544236 858331 527770 475618 789214 766372 864136 956756 432586 999999999 583350 655723 709288 250161 767804 615844 383000 307495 240335 391933 157107 608152 488164 371814 516896 743135 445537 610331 602723 958273 697295 217199 388574 826827 183765 500008 732643 1020173 762110 931473 769808 610094 949088 158084 168874 666833 598493 211739 630830 644589 635569 1068305 686950 549904 721677 315448 812911 948157 723508 809488 494791 201299 710365 843343 558257 368960 178355 54956 674185 830923 570005 356687 436730 296706 703388 442449
348791 747315 414938 913898 782999 483424 958456 411000 447070 239276 800954 870212 444977 842799 179009 680019 807912 37367 164923 288098 337784 475375 388941 463381 992215 970854 877593 945167 915209 1087730 947659 736701 155186 583350 999999999 558412 1016207 832731 1128751 1028933 648149 299299 502799 284643 536450 327144 118576 573519 333949 1094456 141407 340325 705972 758888 422483 620895 588034 1095288 698620 111111 541005 865101 852449 786889 773580 101424 897895 428628 604562 463231 269315 704287 982692 179514 1054736 872702 127081 249368 501832 510027 1085216 843166 718507 1150049 901800 694884 459843 810843 840402 233694 500248 543360 824023 846977 20281 524673 332074 773600 530297 287634
653266 652665 557870 365247 568146 510312 621022 448801 119252 494521 329024 323636 322003 493018 591617 488452 336299 523802 439636 632245 262263 250294 320405 309732 694727 427937 522821 687598 383941 646819 397797 303653 494795 655723 558412 999999999 579339 844416 712164 683862 366097 451969 417205 358641 743138 239256 596460 317842 233105 676472 499958 225966 223118 302761 192595 497791 310762 615157 839006 468411 108376 370589 314710 281130 217247 473794 348481 601519 528185 119624 296778 592327 592650 416671 709056 413188 530988 309046 132042 345564 609251 313839 164640 712913 592674 590661 164242 253879 440625 599361 729029 662405 326161 289445 539657 309152 280494 601088 81975 313347
904877 532398 752940 572600 378306 650380 191694 667924 626298 831503 250346 359632 578747 205898 952938 424028 243118 979041 854534 924905 683921 540912 896072 888860 271761 320361 181834 328030 284899 71786 360813 774677 886851 709288 1016207 579339 999999999 719326 134089 195628 381355 760491 563344 734118 863725 773505 993748 448323 708596 99550 898705 763014 356802 750499 766409 500874 431659 123063 848573 905599 681181 725584 333174 673247 449567 965871 565188 785455 547134 692914 818003 505759 96253 936588 206859 800208 1042249 802239 710992 521910 108764 631415 461152 136715 238303 514640 742506 506722 177154 926372 876608 754779 262572 441361 996014 496908 686067 432392 659616 729847
510443 208557 419401 1105915 355817 380083 534392 464556 774496 598004 723763 909942 543774 539335 667431 377734 724179 809357 702069 568578 684226 601236 1009466 1054876 481330 947019 548314 409138 880864 758589 964381 1147636 682711 250161 832731 844416 719326 999999999 733874 568040 505658 555407 438236 632779 336898 839659 734068 530251 745232 719242 695615 840026 735287 1143729 919427 347620 541341 842353 200843 750023 934909 1189198 872632 1103860 911966 859823 1090950 404692 316988 878721 836973 262675 625883 891780 579094 1245939 937067 789844 931134 501781 828071 1107453 874933 783615 481089 260939 926955 989189 614232 612637 373625 290535 773308 961191 819765 535539 666757 300291 904581 679604
988295 570103 835246 693643 427058 731492 209512 760837 754235 932004 383574 486913 685586 290405 1052491 496841 376441 1091941 965082 1014431 802082 656095 1027357 1021864 253644 434111 257402 324818 409243 80229 477996 906566 993170 767804 1128751 712164 134089 733874 999999999 165975 482898 860424 655221 844506 924805 900172 1097671 555590 831067 35954 1005594 890133 489174 881623 897713 574265 540722 178092 886717 1017669 814781 851603 463039 803120 581781 1084238 687630 863560 616722 824490 942525 556803 147926 1059213 158510 926649 1162345 923906 844029 624201 169505 758181 594987 52671 273110 566918 874737 636043 291582 1021444 942301 817562 396562 568957 1108735 604573 802422 474523 792826 845317
852445 410582 700424 750226 277906 597525 70706 638788 699839 816187 377520 531334 585048 197577 933734 363263 372004 993219 864018 884358 719206 571691 982089 988546 88034 509340 163999 158907 464456 204453 546323 922243 884785 615844 1028933 683862 195628 568040 165975 999999999 384824 745108 534959 745467 772749 837744 984358 461634 757804 155354 897909 829451 467751 902049 854778 437697 450720 304235 724721 918460 791607 892725 499458 830737 602304 996555 740908 724495 475491 784680 872579 404215 111439 982107 26416 965600 1077617 846567 814144 519010 291267 798141 599945 216728 129884 414810 837941 669146 244485 897494 792957 667624 409160 609938 1009478 508703 715679 319279 765760 755724
529595 300537 381154 601506 202484 283689 314178 287933 339322 450847 244051 416987 203338 194663 572087 129308 247275 611781 483612 545257 335110 188630 620027 640159 363752 475414 229447 337512 406281 450456 481641 659123 510274 383000 648149 366097 381355 505658 482898 384824 999999999 379554 185683 363528 521252 463305 615135 76873 377371 449621 522730 456673 230605 650481 499945 170811 68222 481523 556358 537112 470181 686151 381003 602905 406608 611856 586223 418179 216793 437989 492443 243146 335563 598336 411107 746152 692797 463352 479984 141542 468996 602383 369630 508874 263990 244796 492063 483661 205781 545069 525374 415357 291188 459122 628352 124216 330932 236087 440343 370965
201298 449214 144956 810047 487694 186286 675751 112004 337267 71597 580562 699852 187729 570080 192533 386846 586438 268514 148191 186747 195430 250707 481516 540777 700898 788039 603673 649901 723282 829971 776948 724771 145075 307495 299299 451969 760491 555407 860424 745108 379554 999999999 210455 102818 322288 323931 239250 314016 247016 827953 158875 329603 507400 734688 426165 323199 332057 855308 460598 200054 495538 818555 672695 729900 630992 306381 793056 179090 305263 417275 301491 405018 712515 337094 770171 851432 386388 251684 472321 238596 843538 765754 575846 888200 615783 395678 448672 690512 583823 170251 297808 281524 615591 703339 282284 267240 175194 475115 470798 158091
343924 275589 196452 728427 280266 106514 465941 105618 336959 281266 418774 572768 105747 365358 399277 177402 423211 469056 340396 361596 254223 167320 578947 619313 490980 645048 397821 442372 576515 630611 644336 719934 352782 240335 502799 417205 563344 438236 655221 534959 185683 210455 999999999 232382 352921 408884 449574 143472 313351 623852 366284 407518 374461 719955 482033 123364 162441 666815 424086 395619 499975 779877 539739 691265 534080 488988 711937 235421 127075 440729 416318 220153 507520 496584 559890 828757 571828 374157 493715 75711 654129 708170 485764 686003 405452 213348 488726 605946 390229 366232 350721 255870 461952 598349 484336 117866 239629 275429 470010 264125
299061 501002 241078 721590 509184 252945 674851 168414 240919 136020 530465 628902 160572 558165 242963 404858 537002 248271 120631 273710 96795 196382 385095 441206 712440 722657 592975 669787 661001 805330 706934 623279 157232 391933 284643 358641 734118 632779 844506 745467 363528 102818 232382 999999999 423629 222844 266786 289000 144406 810404 167501 227766 445206 634114 323558 355570 303900 818521 555851 173584 394640 720736 604933 632720 550118 257342 704654 278947 351048 315407 206685 449419 698160 266388 771428 751229 340183 157984 370148 226660 807771 671903 494103 866869 619444 441546 345871 604532 557507 242150 400247 373783 559679 623740 264824 240091 78173 507744 370841 55380
189557 368675 187188 1077310 497840 246490 716054 294397 639568 330371 764408 925346 425068 658087 359056 440402 768036 521183 442781 251106 508325 500877 802401 862960 700058 994262 682776 630482 925264 922111 995932 1033921 404645 157107 536450 743138 863725 336898 924805 772749 521252 322288 352921 423629 999999999 646071 424919 495395 565166 899879 414998 651369 727308 1040098 746682 365420 513855 979769 164410 477990 804697 1113523 891837 1024045 884844 587929 1060599 145468 317717 730677 622458 368803 787023 638883 792222 1154474 654987 572675 786344 426925 965999 1049354 834645 966162 651850 358396 766803 954690 707839 303305 38334 109029 810006 950609 527713 469314 487735 453493 777518 478888
507371 683439 463743 586927 651261 462430 768721 380154 148400 334502 532096 561476 305847 640226 399222 551348 539525 295246 243223 468867 155657 278117 170261 219107 826308 665199 674343 799647 616885 844458 636637 426366 301085 608152 327144 239256 773505 839659 900172 837744 463305 323931 408884 222844 646071 999999999 386293 389761 95534 864303 301453 13434 426566 443820 108296 525486 395121 829665 777401 253380 214949 544378 549465 462771 456438 236406 571021 501734 535955 136088 58495 625882 764836 177702 864099 560731 291948 88339 177839 365725 821854 516664 403651 910170 725005 620196 140164 486615 610927 423470 621525 594607 542702 528036 309782 352197 172947 665651 203154 168230
235512 669084 324898 960512 724438 408133 914977 347870 478483 168425 797130 890264 415065 807728 66874 625123 803618 119020 157937 173989 346602 462400 482446 555693 939104 986552 841669 886133 926252 1064138 968429 810761 109562 488164 118576 596460 993748 734068 1097671 984358 615135 239250 449574 266786 424919 386293 999999999 545428 363397 1064690 100200 398206 711199 829629 491339 558468 562232 1082886 588682 132913 599464 930498 868231 847736 803547 202255 943949 330306 534662 518062 333929 632092 949921 276210 1009404 946017 245334 299002 563941 473612 1071769 898086 747413 1123778 854997 621991 525934 849950 816595 122666 387778 443566 826344 877672 117155 496894 334397 707678 583661 292160
478913 334853 337279 594197 264945 249638 391011 233804 273285 384244 277314 429968 130583 269943 505736 173263 282178 536907 409517 488105 258340 112725 549850 574223 439547 501726 304913 409903 433336 518780 500959 618906 438897 371814 573519 317842 448323 530251 555590 461634 76873 314016 143472 289000 495395 389761 545428 999999999 301891 521652 450979 383787 232428 613804 433312 182730 19342 541340 552909 462408 416338 660880 396532 574430 398305 535243 578081 377771 219494 375476 416789 274573 409178 521574 487934 715932 616030 386767 421251 78072 529526 582798 353678 579095 340535 273223 428810 472720 271175 482715 494144 395064 319157 459286 553597 48997 254070 288645 385944 294333
442009 587989 379628 597800 559696 369738 687900 289022 115490 273054 477016 536385 210574 561236 360341 458519 484264 297669 206650 411686 61231 189171 265673 310458 741104 636927 595917 710984 581996 780246 613989 479638 262496 516896 333949 233105 708596 745232 831067 757804 377371 247016 313351 144406 565166 95534 363397 301891 999999999 795500 267117 94812 376672 491595 182325 430334 309348 775059 689609 236864 252265 581970 518580 495298 442565 262736 581135 419763 440424 171715 115105 530604 691383 228193 784219 609036 334812 94034 225966 271738 766114 539656 386809 845066 641031 524817 201952 486587 539660 373113 543342 506509 495098 516528 314274 261272 80217 572024 230383 90174
958910 549341 805899 665211 402997 702205 188209 729454 718304 899494 348065 455965 651873 258529 1020217 468430 340967 1057584 931016 983917 766953 621240 991450 986191 243099 407554 226394 311724 379225 57695 450512 873695 959756 743135 1094456 676472 99550 719242 35954 155354 449621 827953 623852 810404 899879 864303 1064690 521652 795500 999999999 972097 854241 453433 849162 861812 546051 506521 161642 866823 983406 779328 821407 431018 771257 548675 1049161 658691 835061 589384 788613 906802 533046 116574 1023669 153657 896309 1127080 888434 808375 591090 151037 727643 560690 66527 249936 542944 838928 604372 256230 989931 916425 792095 362067 537966 1074409 570649 767506 452232 757226 810529
237539 605932 276355 864905 645538 342029 827881 270876 381227 98493 697920 790284 320422 716697 97842 543619 704476 113985 60623 184314 246781 363757 420067 490261 857192 886372 751058 807825 826068 969522 868452 727786 13835 445537 141407 499958 898705 695615 1005594 897909 522730 158875 366284 167501 414998 301453 100200 450979 267117 972097 999999999 312294 611122 744581 409164 481833 467130 985442 572528 64706 510116 842125 768076 757644 704701 172934 848226 294324 463838 428113 254678 563378 858265 229593 923369 861801 243266 213141 476772 381850 974537 805380 648519 1030070 769458 553875 441470 752715 721650 131015 381345 408518 726529 778813 125758 402094 234241 633972 492292 192329
515315 681383 468123 573664 646251 463883 760639 382264 137166 342618 520805 548388 303657 631884 409952 546998 528241 308244 253587 477837 155846 272802 171603 216425 819175 652177 665870 793499 604161 833849 623447 415549 311557 610331 340325 225966 763014 840026 890133 829451 456673 329603 407518 227766 651369 13434 398206 383787 94812 854241 312294 999999999 414989 432475 99053 522915 388577 818119 780914 265321 202277 532309 536600 450303 443114 249832 557736 506673 534565 122936 71908 623463 755478 190842 855783 549560 305127 99552 165737 362253 810410 503761 390420 899634 717631 617978 129212 473185 601370 433138 627393 597951 530795 514654 322873 347294 173997 661683 189988 172676
694103 528327 562393 370947 406821 480974 409147 452858 278276 569952 107391 198721 324853 286962 686435 357581 114819 668827 557019 692776 369375 256715 539568 532842 489403 280681 312388 494817 216392 425287 272678 463592 601807 602723 705972 223118 356802 735287 489174 467751 230605 507400 374461 445206 727308 426566 711199 232428 376672 453433 611122 414989 999999999 448071 409978 399296 214663 403130 781573 600657 327698 465806 167421 388207 176942 639391 355769 604614 442844 336321 476418 472634 371545 598384 492098 531072 709410 469782 355126 301989 395520 377539 147471 491479 390913 474887 385720 254414 223340 676087 724596 627474 118444 229396 685831 260386 378365 452394 304315 422333
933079 946956 853280 247903 846269 812106 850169 747104 400819 764516 524845 398110 623743 733568 842018 778247 530146 731315 685274 902899 539260 553013 392466 327248 934144 478732 756409 942839 478073 804527 432612 34484 743301 958273 758888 302761 750499 1143729 881623 902049 650481 734688 719955 634114 1040098 443820 829629 613804 491595 849162 744581 432475 448071 999999999 338631 796143 603956 737727 1141325 696817 239511 113637 418750 84024 301739 659383 241051 896280 828975 320197 496061 887228 796100 584243 924270 117591 686071 531995 268271 647862 737549 151612 304030 865446 837900 886559 303764 247765 663383 861980 1023373 963466 494512 317730 743949 610362 559573 885872 264039 581491
614179 750152 561768 501892 698168 549064 788364 470176 160643 441589 517270 510226 376302 658620 506999 604086 524668 393523 351389 576851 242104 330146 129670 140979 854375 614649 691032 836394 574762 835259 580832 319502 409155 697295 422483 192595 766409 919427 897713 854778 499945 426165 482033 323558 746682 108296 491339 433312 182325 861812 409164 99053 409978 338631 999999999 590261 434036 807290 871639 358749 125590 442760 504875 364936 397495 325180 486867 601460 607632 73818 157487 690733 771291 254248 880709 454690 364613 196144 83430 427244 801104 424040 350560 901452 751690 686326 38581 413185 616897 531759 723805 688563 517933 464035 406719 404582 262021 719982 126575 268179
415436 159926 262880 768995 166445 159843 372391 211477 436686 390937 411851 587785 219780 295060 502801 77677 414345 588219 460767 446861 373234 261697 694410 729966 382926 643467 322380 327669 574500 562336 651649 800448 468088 217199 620895 497791 500874 347620 574265 437697 170811 323199 123364 355570 365420 525486 558468 182730 430334 546051 481833 522915 399296 796143 590261 999999999 194640 614957 385848 515784 591606 843054 551715 756982 573127 611596 753352 289325 48357 541484 536992 100694 430310 619890 461030 898648 694367 496171 591498 163030 601304 763417 532188 611159 308571 96100 592444 649302 342534 462664 376078 256614 460111 628602 602998 190867 360136 153148 561129 386911
