NAME : synthetic_000172
TYPE : CTSP-D
DIMENSION : 100
GROUPS : 8
RELAXATION_LEVEL : 1
EDGE_WEIGHT_TYPE : EXPLICIT
EDGE_WEIGHT_FORMAT : FULL_MATRIX
EDGE_WEIGHT_SECTION
999999999 719460 802300 654023 494208 174338 743888 736900 857011 794155 674567 931563 906999 660700 628681 820312 242093 154248 424160 149631 1033362 686422 1002446 566096 842273 472108 777361 200986 771504 505604 859723 466256 274679 607014 607729 954967 208576 407569 605203 773075 1055638 298971 548193 618899 945032 366237 773762 186843 543680 803070 621404 448680 779078 624201 755060 732262 305666 563284 622914 718276 457189 742252 928969 178650 891391 154918 760938 871648 867302 820160 1102867 218553 694481 920799 488511 92071 60102 509764 949895 604610 487976 844242 170706 772922 719609 593727 224285 105813 726937 264249 411284 688234 485142 848919 766917 751131 419185 417570 509280 491091
719460 999999999 236785 611499 608204 816553 460340 69893 137595 77348 153878 267971 372805 67907 580854 106208 605539 727109 487211 765672 317860 125493 434922 644265 325594 455439 542820 594355 68971 553229 406951 371298 569780 114058 630895 484243 511051 592496 658549 182063 338282 515813 188619 633104 261528 497796 426850 578767 181534 481535 444413 486137 577366 334066 382868 43378 678818 266314 259921 760349 391839 185550 214450 570286 565908 782781 278056 428009 529282 308546 390863 846634 110927 203519 531467 629957 660630 211472 265969 551059 371064 255687 605061 193419 574488 402482 634186 706467 399466 637769 521089 42841 352177 132246 353350 480873 335954 547811 218128 413344
802300 236785 999999999 837972 812767 854209 696822 166892 251779 212203 141049 441576 590018 285634 805828 202814 753791 763229 679314 804805 393060 146348 634271 858344 89034 658080 779281 728875 184899 470008 636903 567494 725262 268156 851210 247598 603068 781140 877160 411173 398794 673478 277169 854684 183391 674950 663504 705122 352871 718076 314944 684025 813452 222804 619562 193516 665998 482196 185981 986022 369886 67641 240250 690336 342544 821931 513056 194460 307278 74333 464212 874246 347363 305835 457426 723554 749815 332525 419619 426082 573838 42201 730445 423333 807805 627781 654105 758321 216485 792685 483428 218417 331682 273139 589427 291557 502470 739163 318749 361802
654023 611499 837972 999999999 164528 826613 213820 677583 691052 670684 711514 614616 467843 553401 34691 697623 411940 777534 253108 792176 783546 695887 547009 109211 922521 228574 177822 455637 678239 910112 378904 307641 381431 576650 59475 1081614 559464 247768 84267 491849 810576 373428 606505 50311 858502 307343 270664 477999 501705 253436 905599 230054 156118 824123 293762 653249 858371 357525 763355 148867 744119 775049 779791 495133 1123432 802244 394161 1013075 1087547 902046 820731 870729 504841 714018 883115 586416 610164 554122 653627 970613 289890 863770 486787 481301 93388 210206 765886 728280 931599 395212 819912 620530 731225 666382 330634 1002038 405781 238386 579179 792161
494208 608204 812767 164528 999999999 668016 326152 666314 713210 678111 675920 679546 565429 542559 146809 707106 253016 624674 141872 636131 837052 666466 654935 74607 890627 154775 322196 300092 677175 801646 485964 245503 227560 544633 113642 1045203 424250 87076 113178 533346 863959 232756 552493 124873 868219 177360 376894 325961 460361 379762 822972 130540 310596 755961 383286 645479 719518 342255 705065 236572 649158 746106 802997 345348 1062694 645179 456290 970107 1028337 868586 885662 712257 515079 750393 775309 432576 453901 495632 714337 873095 239532 844532 331052 525354 246071 233929 624913 574258 869064 232172 705595 605760 644257 691744 413844 931990 325939 95835 517575 698206
174338 816553 854209 826613 668016 999999999 904763 820667 952617 886350 742127 1051582 1048670 765405 800390 909750 415255 91367 590482 50930 1134412 759599 1142663 740248 877546 635849 943542 371307 859256 469654 1009500 617703 445596 702575 781387 966782 325791 581167 779371 898429 1154487 463554 632079 792518 1015384 532067 930354 352098 653892 963466 616842 615305 947429 649868 907924 821232 229839 702203 668359 892520 486010 801845 1015130 338879 874745 33774 900928 885896 856650 857181 1207035 44251 811477 1020027 461029 244746 217607 605997 1064971 569132 640726 896255 340264 900066 889347 752424 201488 114565 736204 438587 396446 780218 522732 948731 915956 741494 554687 589005 598634 505297
743888 460340 696822 213820 326152 904763 999999999 530110 511005 504822 588806 408080 254023 415930 201380 528443 516183 838614 322681 862458 579841 567134 335274 305683 785245 272336 82480 545782 520233 874811 165843 294285 476584 461412 264170 944416 595157 381469 293703 306691 606572 444986 515354 258876 683187 378870 56897 557061 408065 59294 831661 299483 117971 734695 87624 503718 881518 264054 664794 345124 697160 640961 595807 567185 1013086 875612 199837 885020 976325 767229 611691 946987 349497 522163 847998 660802 690036 474958 448409 915562 270335 715344 574405 294742 135260 153176 798090 794988 829836 516619 798766 481051 673508 484710 125359 907212 382475 348720 500964 740565
736900 69893 166892 677583 666314 820667 530110 999999999 142897 76539 104301 310727 434845 125129 646348 91905 643730 729905 540173 769785 324372 75786 490373 705902 255721 512158 612585 627712 42284 518811 474154 424867 610179 136770 694760 414379 528833 644817 721844 248225 340597 556467 189864 697431 215657 545326 496695 609163 219733 551338 395924 541248 646991 285658 452727 26759 666260 326994 214767 826282 369948 118086 194493 598432 498660 787059 347184 358616 462197 238876 399630 847923 180615 212558 499085 649959 679531 229019 300366 505837 427235 186944 635409 260031 643074 467771 630849 713935 338530 678516 498599 60852 328877 150702 422960 419957 377293 600870 227630 383824
857011 137595 251779 691052 713210 952617 511005 142897 999999999 67872 245330 190007 351367 199197 663706 54351 736192 862715 603419 901697 183405 217884 384927 739830 333157 565788 591051 727922 100614 660726 413225 488793 699023 251153 719406 475893 648636 708325 748663 204320 202020 645237 321470 719852 172581 620982 466091 713710 316753 516871 531268 598857 628257 422557 424995 133943 806915 374529 354788 838436 512384 234510 89929 706059 593117 918864 311709 440585 558413 324090 258112 981857 198824 69850 641471 767349 798106 348792 168791 642788 484359 247662 739946 216284 638740 490830 767350 843239 458147 766334 641278 172458 471428 26912 389207 537608 466760 663022 354056 526673
794155 77348 212203 670684 678111 886350 504822 76539 67872 999999999 180560 238377 377827 144344 641405 29455 682805 796198 560891 835420 251171 152290 424787 710493 299352 526969 586711 671661 35056 595350 427677 445114 646880 187147 694105 451718 585585 666232 722526 204551 269179 592918 254538 695556 190366 573589 465200 655865 258792 518425 470563 558614 622788 360752 422166 66127 739045 336007 290882 819328 444799 180820 137162 647122 553952 852622 310917 406320 518204 286516 325974 915108 166378 137651 575570 705257 735674 284636 225103 581166 443390 218727 682168 216976 626390 464568 699991 777625 405780 714793 573825 106508 403919 74283 388953 486583 413149 621273 288316 460004
674567 153878 141049 711514 675920 742127 588806 104301 245330 180560 999999999 413809 526285 174330 678415 192045 613490 650782 540475 691662 423226 29175 588272 724475 214737 521732 670301 589887 145693 415396 555666 430437 584447 134912 720417 371343 470731 641345 745288 333920 437302 532509 136705 724617 273512 534361 562841 567124 215756 617869 292836 546291 702231 182283 518991 122903 573852 354002 110476 858052 274016 73638 282625 553233 424439 708958 422395 301703 387648 192896 498580 766352 249046 314151 396325 592249 619884 191498 404588 401938 438454 179023 592750 344679 689596 502549 546691 639981 247970 652015 400612 116486 232796 254838 493547 328900 361853 599904 178542 282918
931563 267971 441576 614616 679546 1051582 408080 310727 190007 238377 413809 999999999 186232 295592 594096 239892 767332 965691 600410 1001533 172752 384671 197462 687105 522926 552942 477870 771848 272674 821187 268634 498659 726560 367331 655661 661894 730283 698075 686075 161010 199071 675986 448176 653184 337196 634148 353649 765473 398400 394055 706469 588406 515858 596016 322185 291029 936541 381987 523729 752824 657919 418743 237855 763371 783113 1018089 224433 630190 748414 514097 207193 1085691 240119 151984 799410 839515 871461 454314 41472 815629 485595 437062 790453 164115 543309 445633 882713 937963 643796 788749 786596 310794 618986 168893 284578 724266 514507 653853 468840 681153
906999 372805 590018 467843 565429 1048670 254023 434845 351367 377827 526285 186232 999999999 366363 454098 390348 707799 969975 520613 1001153 354263 498234 95937 556112 676887 468480 309896 724438 406536 900524 91761 443204 666090 436399 517107 825837 723244 603943 546999 193943 379095 622205 513709 512363 515093 566817 197226 726137 430010 223916 812061 502640 346667 703096 182212 409657 972314 346474 628301 594106 725114 552398 416912 729662 931040 1016500 147874 784079 894994 664340 370890 1087157 289591 332040 875976 816589 848233 498532 226987 914037 423556 594293 748430 184564 385274 343446 903926 934308 772000 719687 847187 410484 690947 325447 153174 853469 493987 563783 519979 758109
660700 67907 285634 553401 542559 765405 415930 125129 199197 144344 174330 295592 366363 999999999 521825 173588 538810 677264 419763 714743 372730 151309 439898 580904 372292 389071 497917 529014 135846 537514 385264 303880 502617 73069 569691 532050 453175 524982 596720 173081 394971 448666 154137 572449 329076 429891 388564 514515 117839 443603 446913 419225 530817 339504 344682 102965 640993 202011 265051 701915 366780 225941 280671 506959 598443 731666 249978 469542 561638 353137 443230 797276 77899 260292 513928 570203 601320 160591 302360 547683 304395 310376 540755 181832 522480 343307 589379 653626 420753 570480 493889 67275 329743 188545 319464 500785 269064 480416 173402 395220
628681 580854 805828 34691 146809 800390 201380 646348 663706 641405 678415 594096 454098 521825 999999999 668669 386970 749235 221435 764924 761444 663184 536622 105963 889963 194678 179094 429087 648031 875884 367185 272959 354796 543510 63013 1048871 528050 225383 93093 466454 788523 343834 572304 59160 829960 276847 257351 450244 467852 247015 870917 197859 164166 789648 276063 622285 826947 324576 729153 180198 709542 742518 752843 466702 1089333 775379 371617 979840 1053498 869350 800895 844395 475218 688825 848872 558811 583333 519709 632443 936023 255217 832169 460162 456251 99478 178577 734929 700423 897347 372908 786044 588823 696546 639398 311908 967580 371171 211386 544710 757549
820312 106208 202814 697623 707106 909750 528443 91905 54351 29455 192045 239892 390348 173588 668669 999999999 711735 819303 590310 858827 232575 165238 431459 738865 287399 556206 609974 700111 50734 607292 444879 474547 675969 213541 721894 435917 611749 695649 750456 225039 248729 622003 277691 723187 161903 603009 487323 683959 287239 539953 476917 587942 646387 368263 444725 88693 758126 365119 300933 846117 461675 180751 109216 674919 545320 876065 332511 394940 510088 276439 307891 937826 194262 122116 588370 731841 762078 310550 221731 588454 472724 203951 710268 237463 651653 492330 721625 801793 405106 743931 590104 132084 420547 71017 410697 485031 442161 650674 312918 474327
242093 605539 753791 411940 253016 415255 516183 643730 736192 682805 613490 767332 707799 538810 386970 711735 999999999 373346 193909 383252 895989 615132 803555 326085 815424 245771 541362 51563 669065 607932 648214 270048 41730 507083 366182 954443 210047 166007 365207 606572 920950 91980 476807 377294 859337 141421 552616 83806 425467 575351 670215 216701 540320 631819 540654 630909 482429 385349 602009 482652 488306 687011 819480 106625 933257 392164 569069 872741 902683 792373 958389 459469 547766 790861 583881 181959 201238 423135 793078 693740 286450 792513 80285 603280 479485 373248 387042 322379 746220 43951 507006 585732 498065 721674 558860 793649 269750 176692 435077 534919
154248 727109 763229 777534 624674 91367 838614 729905 862715 796198 650782 965691 969975 677264 749235 819303 373346 999999999 532791 41727 1044906 668370 1063049 698609 787941 574676 882642 324630 768739 392830 935021 547085 397538 613286 736410 880851 247871 537763 737620 814434 1064687 406371 541742 747289 924019 474757 860631 299726 567379 896593 532804 557641 889385 560750 835777 730886 164011 624199 577482 855980 395770 710542 924314 282534 795066 58713 822105 799309 775317 767353 1117862 120089 725646 930449 381407 192098 173182 517258 977934 493289 570646 805310 293825 816596 833786 685487 113075 51587 649994 403740 312390 690261 431968 859349 841487 659395 476924 539282 509009 416928
424160 487211 679314 253108 141872 590482 322681 540173 603419 560891 540475 600410 520613 419763 221435 590310 193909 532791 999999999 551631 744679 533132 615653 206753 754602 52575 353419 224039 555609 666238 456375 115913 153912 412407 226104 907375 306615 105344 239508 443551 770916 127052 413459 235198 748735 58424 358848 238628 326695 381939 681545 24885 357223 614226 348510 521371 605516 229741 564358 366158 509201 612036 691837 251979 921142 563336 388607 831111 886931 732255 800643 633819 405243 648468 639572 345946 373177 356214 630664 734292 119401 712855 253563 437940 301039 180451 513613 485521 727561 199620 572542 479328 502999 584459 369143 790125 184735 60713 377339 558183
149631 765672 804805 792176 636131 50930 862458 769785 901697 835420 691662 1001533 1001153 714743 764924 858827 383252 41727 551631 999999999 1083531 708938 1094812 709329 829657 595498 903635 336772 808338 430828 963665 573214 410799 651709 748886 921940 277909 549057 748455 848955 1103576 424607 581152 759910 965009 493260 886498 314803 603607 920875 573318 576513 908847 602419 863020 770304 196389 654816 619104 864355 437495 751855 964257 299714 834330 17306 853318 840542 815100 809078 1156201 86046 761414 969136 420388 206262 182303 555205 1014600 531060 596490 846900 305620 850767 851881 709654 154424 67688 691119 410175 352762 729293 473631 897861 870087 699378 507276 553870 547727 458471
1033362 317860 393060 783546 837052 1134412 579841 324372 183405 251171 423226 172752 354263 372730 761444 232575 895989 1044906 744679 1083531 999999999 397348 339154 850758 456261 700913 650571 893098 282490 836661 440294 635228 856878 431866 822030 568015 825884 846583 852345 303944 27097 804053 504476 820238 233054 771080 525990 881836 489802 566791 697810 735825 688575 592698 493205 317296 990066 516831 529719 923847 694249 397716 152837 876161 712586 1100641 389828 556499 681351 454866 75377 1164321 348308 114499 818735 942633 973878 528919 131666 810227 626092 372536 907782 311699 714886 604282 950554 1024132 609411 922335 822611 355211 653119 185745 455373 684048 630531 801467 535899 706122
686422 125493 146348 695887 666466 759599 567134 75786 217884 152290 29175 384671 498234 151309 663184 165238 615132 668370 533132 708938 397348 999999999 559394 712766 226919 511817 648993 593764 117658 443124 529308 421151 584666 121984 706880 385727 480715 635356 732362 306461 412202 532032 141150 710701 258785 530133 539519 572240 206555 594562 322010 537681 681530 211456 495553 93731 596392 338672 139350 843192 297707 79937 259757 559299 447486 726243 396956 319522 410683 206169 472724 784925 223917 287124 423612 602430 630758 192024 375755 431020 427712 180397 598128 317410 670890 486157 565999 655729 274710 652641 425421 89860 256460 226488 469174 355943 357956 593107 182759 309089
1002446 434922 634271 547009 654935 1142663 335274 490373 384927 424787 588272 197462 95937 439898 536622 431459 803555 1063049 615653 1094812 339154 559394 999999999 640735 717823 563365 378868 820375 456910 977354 169862 539104 761858 512138 599291 859123 816980 697008 628575 267972 360287 718133 591735 593639 533626 662471 280130 821974 515184 295102 879123 597237 413133 768927 272624 467113 1060429 440823 694562 664171 804644 604827 434392 825330 976767 1110312 241998 825355 941535 707779 335914 1180749 366337 348855 953560 911839 943543 581879 230552 984352 519493 632581 844330 261078 459659 437405 994449 1028193 828657 814966 929169 475514 768872 361634 246894 909950 588097 657599 601920 834971
566096 644265 858344 109211 74607 740248 305683 705902 739830 710493 724475 687105 556112 580904 105963 738865 326085 698609 206753 709329 850758 712766 640735 999999999 938897 205885 283694 373983 712907 871896 470945 297026 301922 590899 50020 1095509 498215 160886 39140 550120 877840 306805 606488 60496 900751 248933 360710 400336 509040 352890 886989 190308 264815 815596 375519 683576 794012 378911 761410 162575 715889 792702 829707 419876 1120936 718042 462774 1022427 1086035 917322 894293 784498 544774 771226 845373 506540 527278 550616 724084 941033 286322 888078 404821 540912 200923 249523 699468 648018 927369 302486 776844 646205 708862 716881 409733 992726 385713 168644 573784 764846
842273 325594 89034 922521 890627 877546 785245 255721 333157 299352 214737 522926 676887 372292 889963 287399 815424 787941 754602 829657 456261 226919 717823 938897 999999999 736469 867672 786736 273391 459380 725479 645161 789479 348174 933742 159758 650853 854491 959075 499945 457914 739140 344176 937610 228420 746120 752412 760930 430480 807025 294637 760875 901608 228177 708448 282404 675453 565541 220252 1070032 392613 147474 306448 744513 260925 846433 602088 107583 227372 23052 523180 893591 435936 380804 451644 768679 792938 401330 498111 398443 653085 86407 785474 512142 894769 712556 676059 788668 175771 855814 491245 305419 359113 356233 678440 236378 574011 813668 384119 373536
472108 455439 658080 228574 154775 635849 272336 512158 565788 526969 521732 552942 468480 389071 194678 556206 245771 574676 52575 595498 700913 511817 563365 205885 736469 999999999 308167 273447 524338 681749 403803 91650 205218 389927 213447 891799 340668 145762 232661 398087 727400 173203 400904 220799 716417 106548 306863 285520 306005 331626 684390 35494 315287 610167 295944 491803 638025 191509 555534 356267 517851 591530 655023 297028 915103 607815 338250 817657 880162 714553 754979 678768 366966 607680 654787 391131 419443 344804 584309 744281 84943 689758 302170 391801 263001 127913 548163 528691 721574 252169 591378 451479 507510 545665 316722 787604 181727 100992 367899 566347
777361 542820 779281 177822 322196 943542 82480 612585 591051 586711 670301 477870 309896 497917 179094 609974 541362 882642 353419 903635 650571 648993 378868 283694 867672 308167 999999999 576659 602550 944546 218139 349433 504244 541706 235924 1026878 644570 391565 262089 387007 676938 480039 592878 227811 763511 411705 126333 592013 484933 85982 908213 328756 38070 813128 166056 586197 937158 337983 744132 285585 768270 723204 674678 604687 1094330 915840 279342 967222 1057598 849592 677310 986657 431971 599109 917568 698814 726500 550168 518928 989268 325877 797790 606658 374881 84746 208245 850615 836858 910009 535182 865032 563295 746536 564558 202368 986786 443786 366427 576278 812848
200986 594355 728875 455637 300092 371307 545782 627712 727922 671661 589887 771848 724438 529014 429087 700111 51563 324630 224039 336772 893098 593764 820375 373983 786736 273447 576659 999999999 655550 560041 669858 281690 74293 491078 412302 921834 163005 213136 412990 610869 917420 102900 453509 423279 843151 166918 578641 33373 412887 605073 628512 248298 578094 595703 563271 616769 430878 391378 570397 532170 446970 662921 808804 56339 893976 346612 582185 839455 864196 763708 957754 415311 545255 785390 536433 132563 154559 402312 795400 647563 300888 768528 31160 608602 518816 398197 335484 274175 709244 92097 458919 571401 459464 715033 578627 753599 262607 217705 411595 492556
771504 68971 184899 678239 677175 859256 520233 42284 100614 35056 145693 272674 406536 135846 648031 50734 669065 768739 555609 808338 282490 117658 456910 712907 273391 524338 602550 655550 999999999 560780 452093 439722 634231 165927 698879 428768 563032 660823 726735 226690 299218 580303 227295 700884 193350 564810 483239 638391 243604 537205 435548 554881 637954 325700 439671 39338 707745 335246 255918 827100 412043 147918 157517 628661 524508 825585 330489 379320 488467 259043 357669 887180 174161 170306 541209 683549 713558 261923 260115 546112 439881 196437 664695 238950 638243 469980 670892 751583 372350 702434 540793 84422 371014 109265 407862 453397 400365 616259 263176 426096
505604 553229 470008 910112 801646 469654 874811 518811 660726 595350 415396 821187 900524 537514 875884 607292 607932 392830 666238 430828 836661 443124 977354 871896 459380 681749 944546 560041 560780 999999999 903520 606861 605171 465282 891567 512751 397888 729236 905705 709774 848831 576612 386815 900082 652500 624324 871286 526735 479202 921706 166269 685692 966089 248398 832730 533583 242021 611521 306966 1032396 178944 442777 689943 503945 405602 444886 768122 437442 389447 443970 911726 472482 611803 729395 27111 470574 479701 408617 816685 100541 627964 507117 541198 717569 929223 738936 286297 415902 291398 651258 101190 510431 209761 669404 820638 277028 507633 706045 384474 142478
859723 406951 636903 378904 485964 1009500 165843 474154 413225 427677 555666 268634 91761 385264 367185 444879 648214 935021 456375 963665 440294 529308 169862 470945 725479 403803 218139 669858 452093 903520 999999999 393620 606885 448989 430011 879395 687157 531654 459524 226055 465876 566958 520195 424666 583024 506889 110272 675123 424755 132163 830438 436249 254936 724419 107892 447718 952328 314281 650200 502639 725231 591969 487396 681116 972646 978283 136691 831139 936086 710829 461258 1049600 307746 405224 877917 771363 802375 495283 310095 926948 371756 646395 695803 214135 294385 275985 877876 896142 803635 655839 841450 439492 694337 386414 93578 884468 459057 493957 519061 762450
466256 371298 567494 307641 245503 617703 294285 424867 488793 445114 430437 498659 443204 303880 272959 474547 270048 547085 115913 573214 635228 421151 539104 297026 645161 91650 349433 281690 439722 606861 393620 999999999 228718 299509 300888 800211 301448 221223 322141 338686 661065 180602 309469 307230 632823 136170 313551 283110 214869 350927 598441 116827 365194 520741 290315 405682 588439 118487 464619 443342 437317 500687 576746 287804 824617 587220 300580 726012 789492 623168 694049 658722 291567 535931 579756 377794 408755 253694 526114 663589 23953 599868 305227 334590 323135 142324 503886 505526 631264 290109 521140 364019 423588 470536 300665 698527 99291 176538 277237 484999
274679 569780 725262 381431 227560 445596 476584 610179 699023 646880 584447 726560 666090 502617 354796 675969 41730 397538 153912 410799 856878 584666 761858 301922 789479 205218 504244 74293 634231 605171 606885 228718 999999999 473936 338874 931450 209807 141271 340722 565940 882011 53967 448127 349770 825505 99996 512034 98414 390954 535831 657372 177348 504689 612827 499421 596453 495742 344666 578992 461830 475801 658082 783167 118395 916897 420824 527394 850474 885489 766456 918636 489605 508906 752632 580303 205588 228736 393185 752721 687446 244822 763287 105399 562462 444932 332297 400479 347541 727753 68340 505078 551479 482294 683923 517304 778445 233927 143412 406769 523477
607014 114058 268156 576650 544633 702575 461412 136770 251153 187147 134912 367331 436399 73069 543510 213541 507083 613286 412407 651709 431866 121984 512138 590899 348174 389927 541706 491078 165927 465282 448989 299509 473936 999999999 585785 505963 398442 515546 610929 244511 452324 420371 81169 589863 352421 412523 440622 473018 86043 495187 381580 416210 572283 277333 397615 126650 570169 219188 204774 723147 293729 201869 322596 462892 553755 668801 312383 436444 517176 326884 504576 732934 146866 317572 441425 518309 548610 97669 371839 479020 305735 300519 499301 252521 556659 367993 521769 592413 368426 542271 420877 81638 256919 246157 376414 446157 242145 472691 104692 322851
607729 630895 851210 59475 113642 781387 264170 694760 719406 694105 720417 655661 517107 569691 63013 721894 366182 736410 226104 748886 822030 706880 599291 50020 933742 213447 235924 412302 698879 891567 430011 300888 338874 585785 999999999 1091717 527514 200220 30422 524790 849124 337588 607975 11284 883643 275078 320296 436893 506682 308254 897751 205877 215514 821606 338827 671449 825406 369109 764279 142836 730679 786671 808944 455387 1124680 758208 432393 1020621 1089287 912634 862656 825616 527740 746994 864784 544435 566585 553456 693649 956884 286695 879195 443396 514938 152192 229564 731644 686347 931631 345719 798553 636082 720945 695613 374405 999415 395103 199104 577601 779336
954967 484243 247598 1081614 1045203 966782 944416 414379 475893 451718 371343 661894 825837 532050 1048871 435917 954443 880851 907375 921940 568015 385727 859123 1095509 159758 891799 1026878 921834 428768 512751 879395 800211 931450 505963 1091717 999999999 776248 1005196 1116628 655175 563438 882964 494156 1095824 336093 895254 910598 893976 586472 965006 351502 914929 1061025 331789 866729 440903 749087 724308 352542 1228806 497783 306894 430406 875892 169487 937905 759058 83469 153707 179592 625759 976694 594939 512832 513297 888971 910378 551565 632573 428295 809254 233009 917370 667504 1054527 871826 767806 889393 230876 996171 570539 465147 472059 500980 836012 239554 724541 965558 532048 466480
208576 511051 603068 559464 424250 325791 595157 528833 648636 585585 470731 730283 723244 453175 528050 611749 210047 247871 306615 277909 825884 480715 816980 498215 650853 340668 644570 163005 563032 397888 687157 301448 209807 398442 527514 776248 999999999 343440 535376 574575 847831 191494 341042 537522 738605 252793 614398 130090 337008 652285 468664 330429 654970 445555 588423 523765 298921 376939 430798 660722 288637 540553 720459 107963 736692 293332 575413 692993 708180 628148 896110 363921 491063 712888 373876 121718 150703 301211 746346 484560 325283 644463 148080 575650 603630 442171 207551 211251 556466 253474 297016 479667 306052 640987 593631 595589 229428 329817 301396 332396
407569 592496 781140 247768 87076 581167 381469 644817 708325 666232 641345 698075 603943 524982 225383 695649 166007 537763 105344 549057 846583 635356 697008 160886 854491 145762 391565 213136 660823 729236 531654 221223 141271 515546 200220 1005196 343440 999999999 199859 543843 873027 153430 511232 211362 854006 111993 426615 239625 429554 438646 762308 110772 385125 703180 424904 626358 635690 334083 658087 320693 584505 713639 796935 259552 1010579 558146 480686 927497 977212 831923 900673 625398 509866 752277 703372 345676 366825 453808 729883 805079 223970 815531 244041 537488 321924 260955 540691 487259 817735 147630 631303 584005 583652 689037 450781 876394 280746 45371 473276 633421
605203 658549 877160 84267 113178 779371 293703 721844 748663 722526 745288 686075 546999 596720 93093 750456 365207 737620 239508 748455 852345 732362 628575 39140 959075 232661 262089 412990 726735 905705 459524 322141 340722 610929 30422 1116628 535376 199859 999999999 554736 879440 344211 630709 34982 912282 284674 350025 439130 530782 336539 916583 221169 239407 842587 369103 698794 831868 395494 786558 126787 747419 812240 838285 458506 1146726 757181 462755 1044807 1111528 937803 893076 823621 556221 776857 879062 545535 566386 575597 724039 973158 309316 905695 443860 544958 177581 258259 737496 687070 953405 341496 811463 662842 739051 725013 404766 1020163 414153 205560 599360 796256
773075 182063 411173 491849 533346 898429 306691 248225 204320 204551 333920 161010 193943 173081 466454 225039 606572 814434 443551 848955 303944 306461 267972 550120 499945 398087 387007 610869 226690 709774 226055 338686 565940 244511 524790 655175 574575 543843 554736 999999999 330753 515102 323772 524125 376567 474628 262858 604828 252063 314999 618120 433278 424062 509263 221018 221913 798078 221273 434466 637602 536681 366195 290181 603184 746866 865209 107926 605226 710369 484940 357113 933966 98381 222371 685786 681013 713016 315924 187554 720417 326747 422331 629688 12439 435200 301598 737330 784188 581110 628725 661617 217556 500977 178118 186009 662398 354673 498977 334873 567320
1055638 338282 398794 810576 863959 1154487 606572 340597 202020 269179 437302 199071 379095 394971 788523 248729 920950 1064687 770916 1103576 27097 412202 360287 877840 457914 727400 676938 917420 299218 848831 465876 661065 882011 452324 849124 563438 847831 873027 879440 330753 999999999 829054 523467 847324 231447 796799 552564 905727 512438 592955 707095 762260 714919 603397 520037 335184 1006852 542743 542221 950720 709762 407816 160288 899725 711634 1120726 416907 555909 681180 457881 65523 1183872 373184 135002 831498 965159 996291 549709 158217 819496 652195 375760 931732 338615 741664 631279 969168 1044732 615242 947678 837593 374462 668548 206882 482222 688473 654813 827879 555856 720100
298971 515813 673478 373428 232756 463554 444986 556467 645237 592918 532509 675986 622205 448666 343834 622003 91980 406371 127052 424607 804053 532032 718133 306805 739140 173203 480039 102900 580303 576612 566958 180602 53967 420371 337588 882964 191494 153430 344211 515102 829054 999999999 396580 347890 771703 68654 476365 112322 337108 504207 617973 151926 484270 567960 460419 542574 487937 294059 530974 469258 437620 606138 729237 124927 873693 436285 481035 802588 841609 716155 866424 506815 455874 699238 550971 218922 246515 341042 701342 654613 198781 711125 129814 512041 427566 295917 394058 358654 683058 122146 478164 497639 440862 630316 475795 736506 179972 138798 355538 486069
548193 188619 277169 606505 552493 632079 515354 189864 321470 254538 136705 448176 513709 154137 572304 277691 476807 541742 413459 581152 504476 141150 591735 606488 344176 400904 592878 453509 227295 386815 520195 309469 448127 81169 607975 494156 341042 511232 630709 323772 523467 396580 999999999 613383 397627 402086 501065 431369 108244 554497 316719 421962 620772 220956 459498 189159 490723 257276 156851 748971 213094 210207 384030 418190 517160 598384 383748 417731 481514 321387 578395 660570 225465 390028 362373 462674 491575 57429 451538 407330 321435 315720 457179 331136 598029 404300 446139 524361 325138 515518 339752 149287 177364 319991 442208 397411 230488 471405 41916 244421
618899 633104 854684 50311 124873 792518 258876 697431 719852 695556 724617 653184 512363 572449 59160 723187 377294 747289 235198 759910 820238 710701 593639 60496 937610 220799 227811 423279 700884 900082 424666 307230 349770 589863 11284 1095824 537522 211362 34982 524125 847324 347890 613383 999999999 884820 284924 315293 447717 511417 301592 904757 214522 206361 827765 335084 673912 835593 372488 769859 136115 738448 790415 809256 466108 1130309 769276 430441 1025163 1094828 916609 860025 836744 529182 746449 873264 555349 577607 559176 691440 964759 292424 882273 454384 514111 143614 231056 741940 697277 937414 356978 807410 639026 728253 695862 371040 1005641 402227 209580 583487 787035
945032 261528 183391 858502 868219 1015384 683187 215657 172581 190366 273512 337196 515093 329076 829960 161903 859337 924019 748735 965009 233054 258785 533626 900751 228420 716417 763511 843151 193350 652500 583024 632823 825505 352421 883643 336093 738605 854006 912282 376567 231447 771703 397627 884820 999999999 758000 638669 824071 434620 689367 498245 747504 800628 404344 597464 229535 839538 525982 357281 1006717 539571 216913 99343 812736 480226 982298 484192 324465 449770 231093 296085 1038863 356148 185229 638960 860278 888991 442582 303338 609003 632337 151470 850262 388641 809658 654095 818721 913435 394234 893821 659712 274122 499290 199295 561779 462903 592112 809339 438025 538099
366237 497796 674950 307343 177360 532067 378870 545326 620982 573589 534361 634148 566817 429891 276847 603009 141421 474757 58424 493260 771080 530133 662471 248933 746120 106548 411705 166918 564810 624324 506889 136170 99996 412523 275078 895254 252793 111993 284674 474628 796799 68654 402086 284924 758000 999999999 412663 180310 326700 438162 651117 83283 415620 591207 399443 528704 551419 254606 546836 411147 474463 607315 707673 193576 898596 504921 429789 816917 865269 723399 830218 575395 425747 670476 598030 287523 314813 344806 662137 696910 148838 710523 195884 470243 359047 232568 458577 427252 705809 155175 528304 484977 472319 603855 417457 764479 172509 81759 363241 523485
773762 426850 663504 270664 376894 930354 56897 496695 466091 465200 562841 353649 197226 388564 257351 487323 552616 860631 358848 886498 525990 539519 280130 360710 752412 306863 126333 578641 483239 871286 110272 313551 512034 440622 320296 910598 614398 426615 350025 262858 552564 476365 501065 315293 638669 412663 999999999 587259 396335 55045 817600 337036 164286 717123 44055 470009 893564 261210 645360 400939 692543 610543 548824 595603 986952 900286 154951 854343 950146 735315 556014 971796 317337 472792 844797 688146 718244 465569 394356 906132 290074 679500 606169 250561 190910 180462 813338 818822 807561 556511 799960 451347 666171 439448 76914 886362 393349 391057 491116 734005
186843 578767 705122 477999 325961 352098 557061 609163 713710 655865 567124 765473 726137 514515 450244 683959 83806 299726 238628 314803 881836 572240 821974 400336 760930 285520 592013 33373 638391 526735 675123 283110 98414 473018 436893 893976 130090 239625 439130 604828 905727 112322 431369 447717 824071 180310 587259 999999999 397335 616232 596902 263384 595338 566487 569577 599350 399790 387744 543410 559971 415656 639730 792988 22994 863185 325714 581998 811333 833740 737940 947787 395661 535178 772749 503192 108578 134586 381874 787577 614554 303814 745220 26310 603227 537448 407044 304360 250287 679528 125376 425599 554016 429306 701838 582919 722562 252245 239638 389552 460793
543680 181534 352871 501705 460361 653892 408065 219733 316753 258792 215756 398400 430010 117839 467852 287239 425467 567379 326695 603607 489802 206555 515184 509040 430480 306005 484933 412887 243604 479202 424755 214869 390954 86043 506682 586472 337008 429554 530782 252063 512438 337108 108244 511417 434620 326700 396335 397335 999999999 448967 423613 331188 512567 329174 355875 205531 546261 149150 263347 646120 300578 285878 395950 389316 622142 620290 290625 514034 586086 408632 559275 687425 158708 377978 453380 452831 484104 70594 411140 509799 222804 386182 423618 256404 490157 297006 485943 540886 431607 459245 418166 160531 271096 306326 341694 505191 157579 386848 95220 339256
803070 481535 718076 253436 379762 963466 59294 551338 516871 518425 617869 394055 223916 443603 247015 539953 575351 896593 381939 920875 566791 594562 295102 352890 807025 331626 85982 605073 537205 921706 132163 350927 535831 495187 308254 965006 652285 438646 336539 314999 592955 504207 554497 301592 689367 438162 55045 616232 448967 999999999 871182 358666 123078 771357 99044 524629 936359 310337 699855 370906 743258 665463 597997 626186 1041996 934151 207540 909193 1005190 790056 591873 1005566 372255 520073 895079 719701 749050 517638 435327 958553 327036 733582 633670 302608 164562 211229 854080 853344 862421 575284 848392 506349 717809 490085 129491 941097 436290 406985 543359 785434
621404 444413 314944 905599 822972 616842 831661 395924 531268 470563 292836 706469 812061 446913 870917 476917 670215 532804 681545 573318 697810 322010 879123 886989 294637 684390 908213 628512 435548 166269 830438 598441 657372 381580 897751 351502 468664 762308 916583 618120 707095 617973 316719 904757 498245 651117 817600 596902 423613 871182 999999999 696684 934858 110579 775704 415736 397628 570613 184561 1040585 181916 300260 546812 575791 270705 588863 693919 273327 245928 280530 771621 625454 524756 596928 162809 567306 583852 358551 695662 112426 615725 348926 616589 627759 907871 713229 420353 545861 125341 714073 220581 403642 178866 544347 756884 129768 502666 731029 332450 136268
448680 486137 684025 230054 130540 615305 299483 541248 598857 558614 546291 588406 502640 419225 197859 587942 216701 557641 24885 576513 735825 537681 597237 190308 760875 35494 328756 248298 554881 685692 436249 116827 177348 416210 205877 914929 330429 110772 221169 433278 762260 151926 421962 214522 747504 83283 337036 263384 331188 358666 696684 999999999 332344 626621 328369 521575 629231 224328 574712 347269 526275 617059 687836 276853 932904 588204 373553 839609 898374 738722 790255 658665 400129 641794 658918 370802 397954 365095 619667 752002 115228 716646 278017 427100 276231 160408 537652 510403 739247 219809 592930 480432 518588 579125 350394 803260 196278 65701 387133 575140
779078 577366 813452 156118 310596 947429 117971 646991 628257 622788 702231 515858 346667 530817 164166 646387 540320 889385 357223 908847 688575 681530 413133 264815 901608 315287 38070 578094 637954 966089 254936 365194 504689 572283 215514 1061025 654970 385125 239407 424062 714919 484270 620772 206361 800628 415620 164286 595338 512567 123078 934858 332344 999999999 841516 203372 620729 950077 364283 773459 251189 791032 756522 712241 609196 1125684 920534 316607 1000353 1089004 883246 714879 990901 466441 636987 939037 703103 729898 576348 556941 1013586 342190 832710 608572 411999 64710 227224 861989 842610 940090 531080 884428 596700 770680 601829 240019 1016170 461827 363900 602465 836350
624201 334066 222804 824123 755961 649868 734695 285658 422557 360752 182283 596016 703096 339504 789648 368263 631819 560750 614226 602419 592698 211456 768927 815596 228177 610167 813128 595703 325700 248398 724419 520741 612827 277333 821606 331789 445555 703180 842587 509263 603397 567960 220956 827765 404344 591207 717123 566487 329174 771357 110579 626621 841516 999999999 674476 305186 448529 478227 74797 963851 167818 195698 443580 547436 307424 619069 588355 248321 274181 208721 667205 665430 417381 489217 234741 557193 578696 270156 585751 220438 535599 261571 588988 519176 818794 624714 448421 563798 115102 674717 264391 293641 140290 434768 653744 177965 430343 667936 244944 145370
755060 382868 619562 293762 383286 907924 87624 452727 424995 422166 518991 322185 182212 344682 276063 444725 540654 835777 348510 863020 493205 495553 272624 375519 708448 295944 166056 563271 439671 832730 107892 290315 499421 397615 338827 866729 588423 424904 369103 221018 520037 460419 459498 335084 597464 399443 44055 569577 355875 99044 775704 328369 203372 674476 999999999 426054 862374 225676 602389 430736 653820 566488 508932 576429 943011 877239 113287 810297 906205 691301 527320 948709 273284 434630 806397 667717 698384 425650 362069 865486 267652 635827 589705 208855 221808 168096 784188 795354 764044 547948 763458 407308 626494 398512 37892 843027 363552 386515 450958 694499
732262 43378 193516 653249 645479 821232 503718 26759 133943 66127 122903 291029 409657 102965 622285 88693 630909 730886 521371 770304 317296 93731 467113 683576 282404 491803 586197 616769 39338 533583 447718 405682 596453 126650 671449 440903 523765 626358 698794 221913 335184 542574 189159 673912 229535 528704 470009 599350 205531 524629 415736 521575 620729 305186 426054 999999999 673009 304804 232720 802038 379620 144285 196709 589479 524970 787531 320435 385368 488459 265633 392052 849590 154288 203595 513063 644231 674265 222617 283322 524600 407012 212519 625649 233642 617474 443750 634047 713110 362768 664720 508844 45369 338926 137218 396209 444253 362776 582080 224271 396458
