NAME : synthetic_000674
TYPE : CTSP-D
DIMENSION : 100
GROUPS : 8
RELAXATION_LEVEL : 1
EDGE_WEIGHT_TYPE : EXPLICIT
EDGE_WEIGHT_FORMAT : FULL_MATRIX
EDGE_WEIGHT_SECTION
999999999 717635 948039 106186 136954 1142478 791409 727490 728815 712313 774175 396572 831813 794062 995678 911648 764741 931229 870349 996304 503568 498009 427147 132678 766841 320754 374048 678010 426540 464625 777082 614820 785333 545678 681471 768015 1033178 692357 228133 390936 673033 127394 347687 737021 754578 671643 364008 477013 1021732 137707 1117850 1016467 780387 316498 691775 718616 905344 131305 750144 145879 874188 511881 844285 888911 494101 685536 165563 687452 235081 840228 442063 790518 749672 338292 431394 723474 288208 525706 734761 629169 683795 121338 805463 774458 737569 800976 379109 659739 964631 1063515 1006901 168232 769460 551746 636940 480273 330837 537762 465431 612904
717635 999999999 304376 619624 582422 426839 420914 36307 288685 137016 668513 382973 122267 555330 293679 377493 53885 242310 331775 296003 393269 270809 594495 802254 451252 406927 368854 615445 300496 354430 429744 189927 146672 172324 372136 673470 322606 359590 559465 531636 314880 841644 474508 296658 446310 463192 492468 323977 351993 707858 402024 301240 712960 405101 536133 513301 260273 821915 102358 620048 157201 264757 139614 171408 437765 309493 566302 296089 556328 185186 458535 172064 80642 383963 630014 13275 440688 388934 534094 332079 494363 677576 647606 527271 474731 278512 538083 295239 250781 367141 360320 885803 549218 463864 199823 524089 671113 271971 503165 241399
948039 304376 999999999 842766 811854 281708 313880 325996 569440 424854 600926 671537 201129 459336 345092 590235 298143 356959 143682 129401 696797 450334 894667 1052471 364113 669831 645576 915090 573274 653336 334259 333220 173013 443373 665236 609935 326366 650554 830842 654615 608990 1075429 634993 575208 368025 441579 638324 479208 81069 902171 337475 288264 649754 661363 832082 460937 45693 1067020 370859 824458 216244 563313 301056 221714 529646 308240 784073 298571 742876 121481 573767 416413 231111 642988 724001 309718 659946 477276 824315 368317 789966 878969 934065 810344 408891 175812 665251 322213 181748 153440 59960 1113098 834689 516035 502200 605109 803285 415073 805692 341736
106186 619624 842766 999999999 40731 1042214 687463 631711 656512 624720 686593 327811 731363 696582 902681 838560 668254 839900 764168 893728 447418 392492 415956 228913 664440 237052 294573 655209 337240 397883 673656 509625 681397 448961 621193 681243 938368 630037 197828 298832 605398 233198 245793 665350 652180 571486 265250 370831 917022 124043 1021249 920053 696934 227939 655100 620606 800355 234078 658800 62857 775191 431488 749627 790292 393062 579722 59378 581470 138493 736146 341953 703635 647774 249385 356122 626193 183835 421971 694922 523833 641121 88443 777141 730830 636849 694801 287824 553769 864232 960281 901458 270781 729378 452911 555158 387600 270764 431660 431779 506801
136954 582422 811854 40731 999999999 1006272 668260 593629 615828 584733 683937 287614 695480 685599 863866 797841 630446 800670 737707 859402 408416 362460 387423 248100 647759 196363 253842 622027 297260 357720 655380 478699 648453 411099 581360 679186 900078 589991 168709 296119 564948 263971 233072 624683 635535 558047 256417 345050 885099 161805 983590 882302 697070 187624 618880 609353 768912 257697 619500 86154 738514 390799 711231 753434 379588 556114 44220 557064 137542 703376 330214 663586 612871 209173 364239 588679 151975 404117 658003 501983 603803 125669 742361 693173 622482 667597 286057 529485 828344 926561 870900 304705 692347 441664 514574 383025 288554 403972 397181 478975
1142478 426839 281708 1042214 1006272 999999999 595574 423720 578631 480274 882475 801539 310852 740534 222915 509315 385220 284915 425366 165403 781107 665457 988613 1229070 645706 833699 793719 934332 726904 760822 615860 552424 377137 598901 684473 891560 173013 666569 983998 903285 638037 1267469 867409 579702 649344 719283 877371 707630 212349 1121505 102498 159026 931281 831850 843459 741945 298569 1248707 425422 1036647 269697 676397 320986 256311 784888 574964 986847 563323 964519 329278 822766 425804 396137 810776 984132 422787 859975 731225 820619 630581 803576 1093682 913403 792027 690072 449539 912616 582809 177984 131573 260600 1310694 819249 782054 572689 866254 1051605 644218 891493 580093
791409 420914 313880 687463 668260 595574 999999999 456886 703274 554865 288024 647268 403839 149443 617577 793727 454917 602863 170375 437584 726368 345369 884648 915453 50899 596560 600769 988298 537036 662463 21768 281754 300561 446398 771239 296664 614216 762271 749006 425104 715671 913675 444405 712136 57394 148143 432778 334073 388469 707719 644353 577138 336854 579338 922426 149840 302745 921451 522382 649176 450625 585877 511222 464754 302136 135367 629563 143677 559161 310329 354890 589972 350778 568879 461802 433460 528363 265703 930668 170888 883171 694359 1045948 932435 97873 162984 437510 163028 469575 466487 345460 940675 951315 258258 591905 350217 561488 293611 816635 238508
727490 36307 325996 631711 593629 423720 456886 999999999 255854 104266 704498 378958 132461 591636 273584 341301 38500 217264 363523 303810 377500 296864 581790 807257 487520 412249 370174 589773 304784 344308 465901 223347 177096 182820 343065 709380 306765 329734 560296 558607 286001 850063 498133 263463 482608 498945 517555 351324 367333 724185 390395 288996 748790 412375 508537 549391 283273 828001 66052 635502 155950 256249 118714 167754 468619 345716 579955 332337 575295 210163 487189 135907 112370 390844 658616 23431 455815 420785 504485 367354 466558 693014 617206 495880 511008 312596 564565 331162 251642 374952 379837 895296 518404 496907 176399 554680 695775 302161 488431 275716
728815 288685 569440 656512 615828 578631 703274 255854 999999999 151774 926954 332269 368328 828338 362873 182836 274264 295152 619368 513102 243850 457183 436577 768847 728193 420925 362406 358361 336670 264832 709674 437866 432829 302249 105857 930176 413274 88102 513555 697051 66157 833660 616943 10229 721654 720668 645080 511596 594569 772491 505219 419751 967496 433981 269405 776559 530267 796106 199580 683933 362844 230121 279606 364708 643145 580668 620698 568438 653965 461600 643433 159626 368135 414543 804364 277909 521768 606433 255766 586934 227975 736939 364685 241468 744916 567084 698890 560563 444846 578531 617298 884386 265318 688423 127740 722045 808259 486828 339840 491622
712313 137016 424854 624720 584733 480274 554865 104266 151774 999999999 790237 333454 225060 684504 291236 261946 126718 222929 467740 385046 301018 344845 508545 777100 582305 391564 340076 490787 287488 283810 562388 300432 281362 198709 240633 794290 335374 226553 522316 601736 184146 829240 530747 159647 576469 583443 554742 401097 458451 728814 426809 328916 832768 397333 407248 637032 383707 800691 57587 638763 231320 206746 159814 237660 528232 436647 578743 423858 590830 312572 537882 79068 216398 375650 706495 126135 462466 485427 401183 449685 365139 695290 513321 391666 602129 415521 605810 418755 323045 454416 476033 877185 414366 565579 92423 611843 728579 363820 411845 354723
774175 668513 600926 686593 683937 882475 288024 704498 926954 790237 999999999 777454 678682 142829 898960 1045553 711901 877427 457275 725595 885480 488375 998266 906825 239667 695119 722454 1156033 677639 815150 268960 490322 573415 633880 974512 11273 899142 969507 815439 388184 923842 877189 457860 936726 238634 206821 429818 445633 673017 654906 932232 862620 48848 673518 1105606 155838 590703 902780 770108 630788 728811 758833 779745 744004 330068 360231 639803 373972 548604 592612 366007 840361 611684 672178 351003 681765 586105 341144 1123546 340743 1070702 656513 1236384 1134893 201055 446716 398862 373354 756074 752349 627807 889063 1149436 265995 803457 301168 463653 446903 952901 436084
396572 382973 671537 327811 287614 801539 647268 378958 332269 333454 777454 999999999 505232 724316 624594 515105 417283 556346 646996 678977 129148 305234 237798 445763 648759 105562 56345 386925 110369 70115 643154 377695 498748 229041 294308 776778 667696 302457 189384 447289 278105 504256 358710 340559 638191 594047 391302 335207 730039 448082 757898 658009 806554 125926 357016 654092 625845 470828 381105 362844 534889 126983 483843 546524 449457 512679 299457 506399 353380 550661 424562 407524 442721 115563 550022 383713 230715 437864 389234 482905 333152 411973 488465 418183 643626 576515 444264 484461 630519 750103 730789 554217 421997 511764 248139 504315 521149 356168 175710 410513
831813 122267 201129 731363 695480 310852 403839 132461 368328 225060 678682 505232 999999999 550406 224315 404737 99354 199386 272399 173753 509953 359844 713807 920938 444417 526319 490326 715845 420974 475099 418014 253817 105267 290509 464681 685374 236842 449739 680820 610100 408820 957134 564710 374175 442705 483412 578022 406518 235274 812417 301579 206727 725979 523087 631740 523907 162776 939690 169974 726666 53662 385964 111330 70548 501421 324422 676121 310708 656785 102585 531897 217353 89287 502371 700450 122298 549312 448698 623245 365927 589618 783887 732984 609374 477918 242477 618205 320651 132877 244927 250979 999999 633608 513320 307259 586950 755619 345919 620828 292633
794062 555330 459336 696582 685599 740534 149443 591636 828338 684504 142829 724316 550406 999999999 766495 932072 594079 749781 315956 585255 819467 420746 956234 924410 106119 655951 672493 1087898 617445 751451 132799 392333 445865 549910 886870 152633 763651 879774 794486 404918 833296 908170 452540 837690 109325 132408 431342 390611 530481 690237 792791 726579 191294 635995 1029214 76278 451248 925281 657682 648200 598482 684254 655666 612965 306775 247965 643079 260647 559549 459155 355421 726899 490988 630136 405564 568339 564055 294455 1042229 249058 991845 684350 1156907 1048623 84274 311860 417223 268068 618944 610060 485050 927662 1065516 243983 710119 316987 516533 372168 899071 340565
995678 293679 345092 902681 863866 222915 617577 273584 362873 291236 898960 624594 224315 766495 999999999 288914 240408 69924 465868 228588 582586 563543 787952 1066798 661534 676276 628127 714305 569335 573907 633743 469579 327911 455296 467922 906118 50893 449727 813109 822392 425469 1115709 768035 362748 661037 706962 785272 615218 321743 997584 142412 70906 946816 679190 623064 745434 330168 1089602 246171 908664 171548 497710 155030 155560 720389 548316 852257 534669 848695 307340 746774 221921 306934 657406 917409 283974 729028 668653 598676 590045 583920 966129 690488 569280 697916 454675 829461 544961 163603 268329 363931 1162448 596549 736195 380466 806620 963998 559016 689997 513291
911648 377493 590235 838560 797841 509315 793727 341301 182836 261946 1045553 515105 404737 932072 288914 999999999 338836 242413 676885 498342 420991 605606 598905 949381 827186 602230 544069 459446 512960 447453 804329 559184 497464 454768 252873 1050257 336805 236478 695234 858553 241717 1015741 783109 174716 822818 839516 809223 661741 590419 953274 416607 358961 1089438 614312 369750 890640 560568 977143 275477 864185 375006 409102 293929 368523 789941 686985 801270 673563 829664 507312 797859 205433 442949 594292 964613 364319 697737 747361 335230 706837 337353 917951 411445 297470 852104 639920 861732 672219 426544 550551 625041 1066645 324774 827331 292480 873033 978414 625759 506297 613098
764741 53885 298143 668254 630446 385220 454917 38500 274264 126718 711901 417283 99354 594079 240408 338836 999999999 188484 348693 267435 412608 324684 617902 845476 488763 450333 408633 617195 342945 381559 465553 241136 162872 219351 367255 717315 271103 352877 598790 585483 310864 887692 528171 280946 484755 508193 546316 377822 334437 759005 353172 251857 757197 450114 533965 556166 257142 866070 74921 670708 117810 294046 85845 129301 490508 351702 615904 338008 608641 187339 512128 136025 104188 428648 683577 43566 491082 441069 527205 379222 491854 728245 638411 515692 515350 303676 591959 339959 213542 338379 349845 932673 539166 514780 208118 576919 724939 325206 523805 291080
931229 242310 356959 839900 800670 284915 602863 217264 295152 222929 877427 556346 199386 749781 69924 242413 188484 999999999 462522 256392 512662 512872 718089 999697 643803 611026 561630 649448 504700 504614 617325 426914 304348 395248 400713 883917 118752 382640 745237 773945 356777 1050147 715309 295605 642042 679684 734252 566287 349163 937649 211483 126111 924443 614840 558544 722225 333595 1022930 181200 848240 153474 429671 104103 141462 677631 520533 790698 506700 791317 295400 700471 152071 270777 593038 871863 231150 668984 627261 536220 556822 518727 905550 631849 509136 676937 440683 780351 513813 184978 308641 386064 1097386 536135 698517 311114 764100 912703 513219 620142 474190
870349 331775 143682 764168 737707 425366 170375 363523 619368 467740 457275 646996 272399 315956 465868 676885 348693 462522 999999999 269674 698292 379194 881501 984430 220870 622951 610793 941433 539786 643914 191033 273629 186662 421615 703350 466258 455852 691202 783952 542620 646101 996885 537581 626879 225351 303872 535149 393337 218642 807957 477832 417958 506110 610334 865523 318564 138175 995404 422935 737169 309667 557270 383701 321066 415114 192044 704791 186567 650689 169944 463779 482765 251438 594894 600687 341791 587402 366158 865440 253624 824137 788570 979279 858990 266361 71880 554137 213861 309131 296128 177652 1030280 880988 390747 527213 482810 688717 334008 800744 259575
996304 296003 129401 893728 859402 165403 437584 303810 513102 385046 725595 678977 173753 585255 228588 498342 267435 256392 269674 999999999 679867 509021 885321 1090219 486742 697135 663147 869828 593033 647967 457063 393408 216593 461640 615966 734232 202022 599482 853361 740044 562908 1122709 707740 516943 489452 555735 716108 548051 93575 966616 208447 164705 774432 692630 782227 581113 135677 1107903 327480 883747 153729 559259 233537 148920 620331 409647 836889 397943 808307 165715 659265 353577 247078 672379 819233 295779 710119 566721 767730 465213 740479 940188 871696 747324 529723 285897 749651 417455 71964 71240 135835 1163987 773239 616655 473413 701154 888728 483940 791136 417332
503568 393269 696797 447418 408416 781107 726368 377500 243850 301018 885480 129148 509953 819467 582586 420991 412608 512662 698292 679867 999999999 400062 207533 529200 735152 234708 182163 270555 208442 70953 725440 445880 529770 281784 178285 885755 630147 190364 278763 572628 179861 598833 484365 249800 725553 693019 516650 439856 744308 570178 722827 627729 917655 254911 229746 753155 651966 557594 357148 487607 527658 142008 460808 536009 562985 591240 424855 582751 482396 575981 543547 360875 466558 243090 676817 389619 359266 544388 260278 571807 204140 534009 362120 289254 736422 631610 570323 564475 621881 750555 753478 650376 292874 622404 208832 624416 650295 447337 111343 488351
498009 270809 450334 392492 362460 665457 345369 296864 457183 344845 488375 305234 359844 420746 563543 605606 324684 512872 379194 509021 400062 999999999 540937 606755 343771 252381 256192 670021 196877 331135 339533 117615 293057 154936 490314 489539 588747 487125 409403 261818 442945 625391 205462 467366 333069 292977 221760 56257 525377 457624 660842 563165 523633 236566 617255 353141 408294 619290 349321 375969 410010 270471 410380 426578 186100 213995 333739 210420 299401 346794 193297 414791 271033 224392 363492 281722 210578 151508 635604 177912 582419 431780 748063 648760 338951 307854 267706 185346 489465 572738 508967 662773 662208 233514 329550 267493 400477 51761 478809 120151
427147 594495 894667 415956 387423 988613 884648 581790 436577 508545 998266 237798 713807 956234 787952 598905 617902 718089 881501 885321 207533 540937 999999999 401133 884656 303269 284861 253163 348145 241349 880041 614812 724056 460156 346242 996448 836183 363241 218800 638459 370431 485297 552979 440354 873841 824588 585068 565628 946487 535205 928994 834788 1023123 324752 285083 884073 849259 432736 564524 473348 734012 331357 668320 742823 668254 750318 421821 744164 506070 773204 634935 566979 663567 327294 729827 592135 417995 664708 331756 718839 291266 502018 383179 377189 877191 811835 632289 722024 828693 956275 952639 536392 365020 732954 416297 709766 671880 592381 97967 648297
132678 802254 1052471 228913 248100 1229070 915453 807257 768847 777100 906825 445763 920938 924410 1066798 949381 845476 999697 984430 1090219 529200 606755 401133 999999999 893240 395394 439006 652656 502545 506614 902037 720833 885010 630596 705406 900688 1107718 718839 256896 522720 707664 89059 474691 775912 880982 800245 493289 592733 1123192 263417 1195702 1094593 912972 397878 683668 848651 1008553 31839 820970 277318 959377 570756 920282 973076 621923 804164 285925 804958 364875 940071 570589 852704 843370 418592 563472 806432 397036 650360 729463 749998 683798 252688 783408 773083 865718 913811 511039 777424 1052603 1159215 1112052 137044 763524 681205 693851 612074 460631 650421 464504 725062
766841 451252 364113 664440 647759 645706 50899 487520 728193 582305 239667 648759 444417 106119 661534 827186 488763 643803 220870 486742 735152 343771 884656 893240 999999999 590636 599820 1000592 539408 669191 29855 296727 339773 458990 791072 247881 660076 783082 738568 391457 736468 887059 419187 737352 12264 105213 404506 324349 439211 676941 692753 623337 288351 572249 938032 99080 351448 897665 553491 622858 492840 596638 549563 507496 273316 148628 607613 160107 532667 354343 326001 622292 385342 563522 419976 464144 513156 243771 948643 165878 899643 665627 1063755 952779 47532 207530 403987 172480 516481 516982 396350 911954 970654 222662 612762 312149 522888 292591 820975 248140
320754 406927 669831 237052 196363 833699 596560 412249 420925 391564 695119 105562 526319 655951 676276 602230 450333 611026 622951 697135 234708 252381 303269 395394 590636 999999999 58854 486596 107565 172180 589330 349493 498324 235829 395458 693444 715209 402017 161723 347238 373023 439451 258909 430017 579288 523719 291656 266913 736094 351630 801806 700484 720772 22352 461722 582639 624725 415752 430242 263655 564002 194437 526767 577685 365059 466373 200155 462625 247965 552868 333480 469869 451496 28183 447618 411041 126749 362586 494679 426625 438636 316018 592502 523679 578971 551095 343227 437726 657478 766945 729791 486361 527533 429686 318436 410701 415603 303737 265622 369786
374048 368854 645576 294573 253842 793719 600769 370174 362406 340076 722454 56345 490326 672493 628127 544069 408633 561630 610793 663147 182163 256192 284861 439006 599820 58854 999999999 443224 72367 115864 595593 338272 472686 203292 337414 721600 668714 343583 190617 391547 314178 489188 303033 371427 588985 541498 335538 282245 708073 410349 756890 655926 750996 75243 411508 601360 600016 461475 382086 322507 524589 138013 481464 537440 393820 467269 258996 461865 304096 526156 368273 417443 420915 61016 494937 371509 177519 383798 442261 434043 386094 374661 543433 469304 592709 539476 388788 438771 619353 733757 705340 537400 474465 456565 262952 447972 469907 307761 230487 366532
678010 615445 915090 655209 622027 934332 988298 589773 358361 490787 1156033 386925 715845 1087898 714305 459446 617195 649448 941433 869828 270555 670021 253163 652656 1000592 486596 443224 999999999 478703 341022 989024 706550 761227 542133 253910 1156280 765195 270729 458766 833307 307630 737935 744741 355956 991467 962743 777449 710404 948104 777940 854932 775355 1187999 508643 91446 1022782 872976 684419 546623 707693 717609 404095 636515 720942 832555 854329 650147 844867 723889 799661 810752 517490 695219 501630 934138 607938 613149 814928 125615 839287 130826 743283 130921 169840 1004350 879380 829680 828561 802622 936306 966820 788731 146280 892651 415788 890950 893543 716339 226503 752544
426540 300496 573274 337240 297260 726904 537036 304784 336670 287488 677639 110369 420974 617445 569335 512960 342945 504700 539786 593033 208442 196877 348145 502545 539408 107565 72367 478703 999999999 137688 533195 268456 400434 131810 333369 677707 607813 335728 260470 374850 299079 546689 289087 346445 529009 488520 319849 232170 636252 443961 694244 592919 709302 110202 434527 548722 527734 523254 323607 354011 457263 107748 419263 470703 354724 402338 292574 396031 317385 454046 337608 366398 349452 88416 481655 304117 185188 336510 459234 373724 403791 409629 567086 480002 535828 468740 374392 374157 551270 663371 633063 593120 489114 413990 222057 418845 473484 247047 281965 300152
464625 354430 653336 397883 357720 760822 662463 344308 264832 283810 815150 70115 475099 751451 573907 447453 381559 504614 643914 647967 70953 331135 241349 506614 669191 172180 115864 341022 137688 999999999 660600 384143 482823 222866 224421 815307 619029 232353 249984 503236 208682 569098 415258 272738 659316 624038 447341 369538 706127 518147 710618 612368 846990 190707 299636 684228 607914 532972 335899 432586 499045 90091 440236 509190 492062 527103 369108 519239 419646 531866 472746 353373 422251 176628 608119 352881 293169 474008 327934 504814 271831 482051 432232 353671 668843 575518 501292 499819 594599 719167 711407 619665 359560 551672 193501 553687 585766 379367 156983 423968
777082 429744 334259 673656 655380 615860 21768 465901 709674 562388 268960 643154 418014 132799 633743 804329 465553 617325 191033 457063 725440 339533 880041 902037 29855 589330 595593 989024 533195 660600 999999999 282954 313886 446894 775291 277332 631514 766771 740064 407401 720142 898644 429608 718681 35626 127296 416892 324909 409433 691152 663297 594640 317714 571620 924610 128309 321868 907454 531686 634151 465744 585717 524242 480178 285846 134698 616119 144631 544017 326413 338682 599923 361679 561855 441639 442476 517386 251700 933929 162706 885733 678499 1049165 936782 76227 179216 419859 160964 487505 487136 366751 924897 955206 239688 596328 331057 542307 287854 813833 237103
614820 189927 333220 509625 478699 552424 281754 223347 437866 300432 490322 377695 253817 392333 469579 559184 241136 426914 273629 393408 445880 117615 614812 720833 296727 349493 338272 706550 268456 384143 282954 999999999 176836 164770 494900 494120 488988 487501 510814 356286 440990 742209 314996 447468 288692 283540 325706 155206 407783 574234 554904 460344 532400 337493 641727 338714 290796 734503 286120 493449 306411 304612 322825 323349 251073 148500 451080 138420 415378 229771 278345 356265 164959 321506 448063 202843 326754 200356 651920 149584 603057 549023 767029 656682 308280 201875 364473 124708 378746 455909 392203 780137 674152 273943 317811 337487 502303 92454 540273 54308
785333 146672 173013 681397 648453 377137 300561 177096 432829 281362 573415 498748 105267 445865 327911 497464 162872 304348 186662 216593 529770 293057 724056 885010 339773 498324 472686 761227 400434 482823 313886 176836 999999999 270368 518764 580113 335393 506037 658782 526580 461518 912402 491280 440266 337754 379051 500357 331522 238336 750615 389093 302038 620725 490798 682696 418691 127372 900878 236521 668682 156429 393163 210674 172388 410876 220598 623714 207047 592011 55073 446402 298312 66130 471873 610792 155863 497576 357309 680652 265933 640975 724759 793908 672932 372683 142483 535718 219281 208066 279762 232669 952153 695287 416089 345464 494593 674613 267566 636978 203486
545678 172324 443373 448961 411099 598901 446398 182820 302249 198709 633880 229041 290509 549910 455296 454768 219351 395248 421615 461640 281784 154936 460156 630596 458990 235829 203292 542133 131810 222866 446894 164770 270368 999999999 340640 636079 489580 335835 392239 404119 290594 669361 332048 312430 450206 430957 356203 209716 504794 542562 572495 471205 671897 232970 479545 489630 397710 649833 217167 453418 329447 140032 301152 343724 340963 312197 397217 302818 397115 323238 343879 274536 217689 212020 509866 177798 273882 304861 492638 301114 441935 510856 607081 501402 465715 352735 407749 286636 422029 531784 502928 713758 516903 387014 174659 420969 530012 187631 379846 210887
681471 372136 665236 621193 581360 684473 771239 343065 105857 240633 974512 294308 464681 886870 467922 252873 367255 400713 703350 615966 178285 490314 346242 705406 791072 395458 337414 253910 333369 224421 775291 494900 518764 340640 999999999 976643 518502 18335 457007 707544 57264 776700 622425 105184 783402 771162 652954 540728 695112 742309 610087 525564 1012185 412584 167170 829325 624335 734357 294748 657007 464071 228586 382606 467114 671918 642446 593520 631255 640791 552870 663929 263772 452778 396217 814683 363101 511031 641812 162101 639732 125086 706174 276539 161783 802643 646105 707504 619601 548751 682422 715385 828342 180126 723695 179557 744737 803745 527894 253608 546350
768015 673470 609935 681243 679186 891560 296664 709380 930176 794290 11273 776778 685374 152633 906118 1050257 717315 883917 466258 734232 885755 489539 996448 900688 247881 693444 721600 1156280 677707 815307 277332 494120 580113 636079 976643 999999999 906779 971839 812171 383199 926287 870188 454212 939983 246450 210927 425773 445928 682400 647869 940616 870362 40708 671752 1106615 161794 599186 896315 774878 625011 735742 760001 785835 751024 328546 365803 635015 379585 543465 600079 363230 845186 617529 670774 343459 686732 583325 341379 1124991 344623 1071956 649974 1237600 1136791 208277 454533 393704 378233 764042 761594 637367 881564 1151107 265039 806279 296838 455836 448818 952085 439833
1033178 322606 326366 938368 900078 173013 614216 306765 413274 335374 899142 667696 236842 763651 50893 336805 271103 118752 455852 202022 630147 588747 836183 1107718 660076 715209 668714 765195 607813 619029 631514 488988 335393 489580 518502 906779 999999999 500333 855394 844495 475427 1154490 794106 413318 660523 712421 809758 638626 292436 1030077 92848 38155 947466 717058 673957 747572 317934 1129892 287057 941805 183284 540716 188907 166330 738073 555355 886695 541984 878895 306982 767309 269304 324200 695343 936721 314226 762164 685482 649472 600902 634795 999341 740673 619790 698646 452562 852119 554605 146834 231143 337492 1200557 647091 749661 426029 823739 988245 580160 738284 529431
692357 359590 650554 630037 589991 666569 762271 329734 88102 226553 969507 302457 449739 879774 449727 236478 352877 382640 691202 599482 190364 487125 363241 718839 783082 402017 343583 270729 335728 232353 766771 487501 506037 335835 18335 971839 500333 999999999 469000 708798 46630 789196 624387 87044 775615 765434 654564 538389 679290 750482 591857 507624 1007730 418520 182925 823244 610018 747556 279768 664521 447986 229518 366004 450718 669926 634482 600963 623083 645971 539099 663372 246762 440198 401551 816116 350205 515494 638601 174752 633403 141028 714396 288083 170208 795622 634889 709082 612104 531930 665625 700185 840736 190317 720638 170443 743927 807703 523423 269828 539492
228133 559465 830842 197828 168709 983998 749006 560296 513555 522316 815439 189384 680820 794486 813109 695234 598790 745237 783952 853361 278763 409403 218800 256896 738568 161723 190617 458766 260470 249984 740064 510814 658782 392239 457007 812171 855394 469000 999999999 437831 453924 320734 358427 520964 726810 662463 388407 415164 895878 319343 944770 844249 834775 173708 465237 719125 785586 282989 568357 254552 715099 315571 669705 727803 491433 622245 204741 619529 293146 713020 449885 596887 609725 189434 520847 562084 231192 500657 507440 578126 455893 285096 582941 546532 722010 712073 429972 593752 809953 923797 890787 372003 542138 556856 437473 517189 455161 459643 239091 528651
390936 531636 654615 298832 296119 903285 425104 558607 697051 601736 388184 447289 610100 404918 822392 858553 585483 773945 542620 740044 572628 261818 638459 522720 391457 347238 391547 833307 374850 503236 407401 356286 526580 404119 707544 383199 844495 708798 437831 999999999 669425 503252 88597 707239 379486 289390 56012 207661 735182 286868 911029 816515 401193 324998 802373 330632 619902 521675 610507 245403 662526 479295 670797 679432 127587 351261 251913 358636 160509 574439 81039 674556 521104 331886 107495 542932 222283 177698 830950 289491 774939 279442 934659 854116 355857 483457 12554 333215 733264 796062 707081 523761 861970 168911 571098 89358 148976 264392 612528 323214
673033 314880 608990 605398 564948 638037 715671 286001 66157 184146 923842 278105 408820 833296 425469 241717 310864 356777 646101 562908 179861 442945 370431 707664 736468 373023 314178 307630 299079 208682 720142 440990 461518 290594 57264 926287 475427 46630 453924 669425 999999999 774619 586160 70630 729021 719436 615770 494934 640474 723929 567862 479764 962383 388088 223102 777088 567769 735472 239161 636626 410181 191530 330273 413998 626696 587874 573073 576460 613227 495954 621708 213523 395521 369977 776891 305896 481730 594278 219339 587180 180996 688033 333563 216773 749166 589077 670171 565560 496809 630252 659733 825721 236446 676399 123815 701902 772464 478219 273705 493109
127394 841644 1075429 233198 263971 1267469 913675 850063 833660 829240 877189 504256 957134 908170 1115709 1015741 887692 1050147 996885 1122709 598833 625391 485297 89059 887059 439451 489188 737935 546689 569098 898644 742209 912402 669361 776700 870188 1154490 789196 320734 503252 774619 999999999 469283 841263 874823 789402 482603 603655 1149020 222326 1240358 1138958 878807 437727 765175 833673 1032699 58636 869614 264510 998585 625316 965830 1013049 613743 810955 292460 813260 354629 967339 561114 906541 875849 459341 527617 847018 415556 648276 810385 753758 763077 223838 868379 853061 855758 927802 490957 785532 1089815 1190227 1134294 51958 844720 668655 750075 591646 418404 664833 542787 739970
347687 474508 634993 245793 233072 867409 444405 498133 616943 530747 457860 358710 564710 452540 768035 783109 528171 715309 537581 707740 484365 205462 552979 474691 419187 258909 303033 744741 289087 415258 429608 314996 491280 332048 622425 454212 794106 624387 358427 88597 586160 469283 999999999 627062 406924 325855 32749 159818 713786 270376 866048 768615 476350 236624 714097 376309 596538 478488 545095 204821 615328 395043 614015 631945 147309 346912 190682 351133 115105 542754 97143 606062 475583 243290 193115 484783 135196 179104 743139 287297 687071 252281 846294 767029 391066 472248 86037 323723 692956 768283 690765 497462 774400 208591 492699 158859 198406 223814 524407 293778
737021 296658 575208 665350 624683 579702 712136 263463 10229 159647 936726 340559 374175 837690 362748 174716 280946 295605 626879 516943 249800 467366 440354 775912 737352 430017 371427 355956 346445 272738 718681 447468 440266 312430 105184 939983 413318 87044 520964 707239 70630 841263 627062 999999999 730877 730386 655235 521803 599172 781626 504952 420715 977351 443261 266370 786177 536393 803324 206107 693171 367418 239717 283627 368855 653339 589952 629892 577673 663683 468261 653661 163380 375815 423921 814559 285708 531495 616556 251103 596615 225276 746034 358881 235226 754331 575146 709060 569994 448246 581869 622538 892077 259514 698532 137951 732269 818239 496884 344022 501279
754578 446310 368025 652180 635535 649344 57394 482608 721654 576469 238634 638191 442705 109325 661037 822818 484755 642042 225351 489452 725553 333069 873841 880982 12264 579288 588985 991467 529009 659316 35626 288692 337754 450206 783402 246450 660523 775615 726810 379486 729021 874823 406924 730877 999999999 94179 392281 312828 443964 664838 694762 623988 287079 560802 929498 93261 353920 885401 548634 610609 491714 587423 546923 506575 261082 141256 595365 153223 520418 354187 313779 617713 381712 552239 409090 459276 501149 231580 940549 155306 891280 653439 1055598 945153 41034 208098 392010 164110 517603 521191 401748 899776 962821 210760 605404 300588 511477 282051 810713 239323
671643 463192 441579 571486 558047 719283 148143 498945 720668 583443 206821 594047 483412 132408 706962 839516 508193 679684 303872 555735 693019 292977 824588 800245 105213 523719 541498 962743 488520 624038 127296 283540 379051 430957 771162 210927 712421 765434 662463 289390 719436 789402 325855 730386 94179 999999999 307656 259266 520542 576052 755674 677419 249924 503664 907488 60210 420768 802898 564255 526404 535453 560854 579495 551428 178593 159192 516360 173006 436583 406652 229706 634617 410429 498067 314913 476465 432469 162085 923032 133957 871274 566567 1036891 932294 66523 269885 301943 168256 574840 594701 481433 812313 947809 120943 598061 207610 417874 246863 769322 229347
364008 492468 638324 265250 256417 877371 432778 517555 645080 554742 429818 391302 578022 431342 785272 809223 546316 734252 535149 716108 516650 221760 585068 493289 404506 291656 335538 777449 319849 447341 416892 325706 500357 356203 652954 425773 809758 654564 388407 56012 615770 482603 32749 655235 392281 307656 999999999 171521 717944 275818 879600 783240 446750 269372 746396 355426 601221 495287 566692 218826 629465 425068 632074 646226 131235 343290 212933 348729 128931 550546 78513 629050 488735 275939 161808 503195 167615 170807 775128 282320 719094 261621 878662 798599 373702 471901 54552 321856 704453 774980 692946 508007 806245 187930 519980 129174 178726 233372 557139 299466
477013 323977 479208 370831 345050 707630 334073 351324 511596 401097 445633 335207 406518 390611 615218 661741 377822 566287 393337 548051 439856 56257 565628 592733 324349 266913 282245 710404 232170 369538 324909 155206 331522 209716 540728 445928 638626 538389 415164 207661 494934 603655 159818 521803 312828 259266 171521 999999999 556817 423013 708096 611789 478351 248048 661855 319121 439329 602604 405023 346301 457966 316891 463172 474742 131881 212278 311454 212343 263694 383348 137142 470876 317233 240329 307798 335315 197325 104550 682370 163249 628341 399999 793570 697541 312252 324213 214308 184950 533581 609213 536315 637992 709958 184289 383859 211559 349649 64546 510791 137911
1021732 351993 81069 917022 885099 212349 388469 367333 594569 458451 673017 730039 235274 530481 321743 590419 334437 349163 218642 93575 744308 525377 946487 1123192 439211 736094 708073 948104 636252 706127 409433 407783 238336 504794 695112 682400 292436 679290 895878 735182 640474 1149020 713786 599172 443964 520542 717944 556817 999999999 979759 283210 256089 721689 728997 862166 537197 117499 1138733 401739 900791 231755 616189 316323 231255 610521 389304 858710 379626 820442 183402 654263 436332 287555 709888 805070 354784 733547 558014 850243 449355 820154 955828 956511 832107 484986 256705 745728 403135 164186 80784 48976 1187713 857534 597022 542506 686177 883949 492401 854771 420067
137707 707858 902171 124043 161805 1121505 707719 724185 772491 728814 654906 448082 812417 690237 997584 953274 759005 937649 807957 966616 570178 457624 535205 263417 676941 351630 410349 777940 443961 518147 691152 574234 750615 542562 742309 647869 1030077 750482 319343 286868 723929 222326 270376 781626 664838 576052 275818 423013 979759 999999999 1109170 1008909 656704 338977 779124 616898 862260 252864 757944 90074 859549 544296 842899 875410 405590 617095 152036 621497 159323 804002 352904 807840 725439 359250 305460 715867 268687 446425 818948 556953 765071 36179 900733 854673 642565 742291 274343 594099 944272 1030122 958942 237438 853391 455233 665480 373292 198153 487362 555443 560517
1117850 402024 337475 1021249 983590 102498 644353 390395 505219 426809 932232 757898 301579 792791 142412 416607 353172 211483 477832 208447 722827 660842 928994 1195702 692753 801806 756890 854932 694244 710618 663297 554904 389093 572495 610087 940616 92848 591857 944770 911029 567862 1240358 866048 504952 694762 755674 879600 708096 283210 1109170 999999999 101405 981008 802631 763545 785167 341628 1217268 376793 1021833 250900 631022 275433 234505 799193 603035 968305 590294 955622 350676 832147 362057 390865 781035 999007 395068 842654 745819 737544 653600 724924 1079334 825420 706163 734465 488071 919361 606164 182048 207142 331924 1285691 733582 804691 518024 883511 1057079 647233 831105 590490
1016467 301240 288264 920053 882302 159026 577138 288996 419751 328916 862620 658009 206727 726579 70906 358961 251857 126111 417958 164705 627729 563165 834788 1094593 623337 700484 655926 775355 592919 612368 594640 460344 302038 471205 525564 870362 38155 507624 844249 816515 479764 1138958 768615 420715 623988 677419 783240 611789 256089 1008909 101405 999999999 911028 701232 684548 711604 279954 1116023 277149 921273 153995 531330 174557 137119 707906 521084 867340 507836 856143 271189 738573 268890 295419 679641 907124 293973 741921 654987 662284 567949 644582 978797 756919 634694 662367 415916 824447 521277 108842 198320 300442 1184291 661787 717540 420920 793178 961356 552162 737181 498970
780387 712960 649754 696934 697070 931281 336854 748790 967496 832768 48848 806554 725979 191294 946816 1089438 757197 924443 506110 774432 917655 523633 1023123 912972 288351 720772 750996 1187999 709302 846990 317714 532400 620725 671897 1012185 40708 947466 1007730 834775 401193 962383 878807 476350 977351 287079 249924 446750 478351 721689 656704 981008 911028 999999999 698867 1139980 202233 639506 907243 814166 639183 776408 793843 826173 791706 357182 405887 652852 419691 560259 640782 388350 884517 657734 698841 351244 726229 607745 373959 1159220 383137 1105825 660985 1271347 1171871 248985 495174 411019 417757 804642 801095 676344 887865 1185760 295395 843028 317654 461611 484336 981390 478093
316498 405101 661363 227939 187624 831850 579338 412375 433981 397333 673518 125926 523087 635995 679190 614312 450114 614840 610334 692630 254911 236566 324752 397878 572249 22352 75243 508643 110202 190707 571620 337493 490798 232970 412584 671752 717058 418520 173708 324998 388088 437727 236624 443261 560802 503664 269372 248048 728997 338977 802631 701232 698867 999999999 482745 562355 616516 416864 433696 249991 562299 205338 528259 576365 343506 450268 186958 446981 228958 545605 311358 476086 446139 21802 425709 409898 105116 342180 515125 408962 459020 303785 613811 543414 559628 538455 321081 421663 654957 761982 721302 483505 547775 408300 327663 388407 395565 287462 287964 355198
691775 536133 832082 655100 618880 843459 922426 508537 269405 407248 1105606 357016 631740 1029214 623064 369750 533965 558544 865523 782227 229746 617255 285083 683668 938032 461722 411508 91446 434527 299636 924610 641727 682696 479545 167170 1106615 673957 182925 465237 802373 223102 765175 714097 266370 929498 907488 746396 661855 862166 779124 763545 684548 1139980 482745 999999999 967015 790830 714905 461863 702468 630911 346944 548695 633550 788574 790217 641801 779984 707214 718678 771777 428996 616568 472193 906418 527790 587712 766048 47053 780186 42124 743472 132650 94008 945104 805772 800035 765552 714245 847934 882522 816875 79990 845933 338329 852887 876396 660734 226381 690237
718616 513301 460937 620606 609353 741945 149840 549391 776559 637032 155838 654092 523907 76278 745434 890640 556166 722225 318564 581113 753155 353141 884073 848651 99080 582639 601360 1022782 548722 684228 128309 338714 418691 489630 829325 161794 747572 823244 719125 330632 777088 833673 376309 786177 93261 60210 355426 319121 537197 616898 785167 711604 202233 562355 967015 999999999 445440 849889 615167 572813 574640 620568 624051 590095 230529 204464 566890 218177 483865 440590 279211 685297 455858 557248 339429 526530 488407 220206 982066 190016 930575 609972 1096122 990683 52227 297166 343041 218650 606480 614224 494969 854169 1006524 167809 655101 243835 448064 306662 829434 285006
