NAME : synthetic_000126
TYPE : CTSP-D
DIMENSION : 100
GROUPS : 8
RELAXATION_LEVEL : 1
EDGE_WEIGHT_TYPE : EXPLICIT
EDGE_WEIGHT_FORMAT : FULL_MATRIX
EDGE_WEIGHT_SECTION
999999999 547843 720470 763576 520303 461282 1019956 445635 750042 428191 811624 983911 515872 819139 279175 27510 135158 563231 398500 471939 614252 887567 466012 523868 642917 316693 472179 744806 645947 604284 752616 442467 773746 116269 945202 472740 626546 167565 783339 966620 539499 411025 321028 87105 269243 661061 973707 417894 433212 767154 955725 479667 925066 674676 523918 702920 763496 536904 893613 685243 900546 221131 553367 421581 570792 514440 287006 571310 540642 512600 860985 125997 383353 591913 950148 184908 483714 872049 621971 378167 848064 462766 470233 494431 967138 335023 420624 913408 408316 325891 452473 358503 992028 481653 537485 446527 287842 604455 334338 873847
547843 999999999 787451 524251 116586 181050 1214959 969679 1080467 904982 937564 786974 171857 651795 376298 526191 424366 443960 430008 551407 341462 1090366 146696 895218 1002350 250898 817016 671404 211298 1011669 761056 365427 1005276 434985 911558 880562 625240 444673 1078258 1211069 208167 625816 720087 612303 722298 683240 1219302 898800 702101 688561 1041557 376648 908792 726974 674380 315851 763296 111136 678014 364749 771488 341262 276632 936443 924736 385237 420450 307566 862148 39006 926970 445813 472965 162323 1060801 717177 695791 964239 684900 563319 579009 525472 248048 77782 731894 241259 204437 699976 528339 766653 108747 860926 1217539 537328 776488 961766 817737 480551 870256 1058728
720470 787451 999999999 411586 870632 609661 439034 773891 459842 629602 155607 419922 912536 320340 521197 731475 747533 348998 392915 270163 486689 330869 852764 444725 461284 781115 397165 193645 658284 542603 80946 429880 292209 725283 240167 500030 163826 582662 412249 464169 588134 312661 487360 680226 563100 106092 472182 635904 323178 198844 259398 411921 213933 60569 198461 599181 93733 681455 401933 520541 297591 635903 523805 730169 424744 402619 480141 499066 363925 757012 148423 635080 373191 661893 273799 703347 254986 177934 109199 343440 459449 290821 540053 714209 457888 797898 862783 406461 326700 542292 702942 669685 457036 272814 251701 743128 725774 322909 768275 292200
763576 524251 411586 999999999 635690 397724 836335 1014743 850960 890302 559822 264127 689083 137899 485463 759543 715386 204828 372656 368403 189659 740056 643919 763461 823291 646964 690671 223280 328814 882263 344486 321586 700634 704671 425146 792819 282447 596071 814211 874061 326305 499018 696445 770640 750376 321114 881939 891408 567256 227560 609625 284103 432869 367625 446003 233879 338302 416328 155429 163025 257637 575539 265014 970885 764430 249364 478908 233672 692915 509838 504054 640599 404050 363633 643280 843054 511376 552514 362254 469894 85166 357099 340107 474854 218604 654752 681035 177701 413470 760812 488253 894784 863349 346862 568064 991225 909760 172586 963438 700061
520303 116586 870632 635690 999999999 263434 1288126 959682 1126543 911729 1016273 899397 55272 759775 409888 495510 387267 536984 493196 619835 449352 1160201 56133 928118 1040650 203809 852819 769671 327860 1039221 851624 441158 1068436 404035 1010887 904788 711822 451164 1131366 1275814 312494 675779 739887 595202 729812 769041 1283968 904168 747175 787991 1128226 459601 1006067 810131 739225 432242 855090 219366 790399 478531 878228 342519 379663 930340 962237 474296 457997 411605 904357 126002 1014095 438561 530624 277432 1144323 700467 751013 1048512 764640 613218 693442 594531 334163 164307 846076 186619 114925 812501 586986 779083 167771 858524 1285669 608750 830962 955768 803474 576886 853005 1130889
461282 181050 609661 397724 263434 999999999 1034354 842463 904629 760428 758106 659869 310184 509443 224821 446233 366515 273875 250992 370502 208901 909375 255948 728012 830894 253705 648544 507779 184668 847345 588291 184414 824530 365979 749018 720142 449224 320195 899697 1030101 85118 450683 566305 506253 581016 506793 1038338 755781 528906 526708 865990 197741 743337 549092 493737 252618 591666 94334 552378 261600 624415 240389 132953 805314 754243 210867 260863 164058 689278 147845 751631 340151 295815 132500 883432 605408 517702 787194 505497 389012 468429 344544 70729 104982 615714 259065 285295 574655 350082 619044 97370 727130 1036498 356279 598301 830044 699314 314818 754181 877929
1019956 1214959 439034 836335 1288126 1034354 999999999 868285 351495 736063 283430 751078 1324886 720268 901735 1039311 1089788 785751 795523 668335 925654 133453 1263034 537666 449991 1168786 559062 613305 1096941 543544 493253 850196 246387 1064133 472179 608569 601313 926919 282314 112087 1022244 637882 709374 952608 780178 544603 113184 747686 591350 609285 249620 838901 446755 496560 551741 1037299 498339 1112767 782492 958275 643103 1008087 959943 835422 488840 834839 854202 936542 489795 1182043 335030 973671 761861 1098205 205205 928458 557243 285036 532106 694400 867205 693596 967190 1139253 814470 1187836 1263162 778030 706391 732906 1122705 811460 67971 679689 487902 834967 900983 761781 921211 157384
445635 969679 773891 1014743 959682 842463 868285 999999999 521528 145822 780074 1159769 959727 1012007 618954 472586 580497 817342 664028 647758 926965 759094 907118 350825 418313 758395 377889 896875 1017031 326976 841435 741013 650580 559571 1010883 282294 773966 527064 586439 776744 903093 520039 318474 364987 270224 775310 781157 138274 466556 915505 919685 769012 981986 759166 605224 1043028 855233 932288 1099801 999138 1047396 628475 890045 44632 392101 798498 591364 895371 425435 931742 867456 524805 621588 973076 893300 260927 534910 852443 722156 545039 1096663 657652 822867 904876 1171511 777732 865042 1114056 601983 254071 864847 120794 815999 668605 522318 33590 157799 842667 118001 766997
750042 1080467 459842 850960 1126543 904629 351495 521528 999999999 398272 368335 874874 1151748 778079 716819 773743 847544 720089 654405 548309 866895 263127 1089359 226780 111857 967889 283782 648789 1020653 194573 540437 729928 189653 820940 637630 287532 569461 701882 73592 255252 921674 454658 429602 670720 485491 531379 259633 410643 379643 657090 468961 734518 606020 488168 429028 992863 552534 995747 861494 921554 752333 801964 873438 491857 179276 745312 668550 859881 223402 1042961 468412 738454 608814 1002829 429792 622240 388626 431272 488876 517174 910750 573109 849278 1002837 917286 988585 1073808 866303 555173 430839 975454 479466 295300 568086 309514 488729 574947 716282 586448 286213
428191 904982 629602 890302 911729 760428 736063 145822 398272 999999999 634687 1021657 919949 877854 536147 455500 554829 698990 556417 521930 819065 621487 862759 207198 288940 718590 232727 759338 925466 209947 698652 636961 510330 530402 865703 137111 638517 462370 457267 650670 812005 391395 200990 341100 182849 635860 655782 12744 329910 777230 775198 661079 836631 617202 467021 940042 712504 853459 966297 889564 907299 570198 790344 104546 251269 687863 500771 791691 279918 866142 721643 474294 510729 886726 749888 257168 396237 707006 582420 425437 970243 534852 730983 834696 1036889 739102 828446 979581 482830 141862 797039 84770 687628 543655 377904 113844 183138 720116 188209 626778
811624 937564 155607 559822 1016273 758106 283430 780074 368335 634687 999999999 519845 1055942 454231 647241 826548 858305 503257 528690 401311 642244 181042 995076 430529 405460 912823 409729 337014 813675 499887 215546 575423 179694 834242 269321 497785 318331 692003 305699 315062 741206 403448 535557 758456 612740 261276 322793 643489 383092 336433 147058 560936 237732 213600 298213 754393 222959 833246 526915 675556 400078 759251 677861 739112 395511 554440 602338 653811 354777 905920 100238 742630 501139 816107 139172 761390 327923 72428 252679 449995 599239 425117 689542 863047 571766 930735 1000647 526844 448645 579025 849248 691184 303773 409182 284198 747211 763231 478401 797812 140439
983911 786974 419922 264127 899397 659869 751078 1159769 874874 1021657 519845 999999999 953012 164948 715618 984385 955369 427637 585767 531335 453339 691238 908010 855294 881091 905170 796657 262937 585446 960098 339582 556986 694476 941389 279642 902503 387394 818450 820162 819398 590369 645785 848074 975246 914685 386142 826165 1025746 693241 244441 501881 520067 304349 411092 554853 483590 326325 680063 109005 422635 122692 817398 527967 1115147 840886 487568 697820 496163 775822 773689 430047 867581 602826 625277 545906 1031290 625528 479211 439661 639434 214213 531772 598838 738978 75498 914265 944330 87002 591144 910662 751876 1045559 795995 515145 653926 1131811 1080850 383258 1130644 650179
515872 171857 912536 689083 55272 310184 1324886 959727 1151748 919949 1055942 953012 999999999 811754 435800 489928 380911 583977 529423 656930 501821 1195752 62664 948206 1062674 202063 874597 817875 383124 1056403 896585 482693 1101319 400399 1059141 921086 755610 464414 1159675 1308909 364516 704870 755272 594817 739658 812317 1317013 911786 773662 836613 1171043 503525 1053484 852208 774110 487447 900537 273061 844045 532873 929608 356555 430880 932400 984224 520259 484542 462974 928697 179360 1057299 445725 564246 332349 1185780 699089 781804 1090457 805495 642821 747903 632067 380629 215421 900398 182183 95537 866190 620424 790799 212963 862766 1320232 647113 860993 957742 802422 624907 850168 1167509
819139 651795 320340 137899 759775 509443 720268 1012007 778079 877854 454231 164948 811754 999999999 550936 819457 791304 263871 420864 372499 310653 634979 762797 725501 767094 748276 660318 129812 463837 837555 242748 393583 611885 776935 289029 765888 239582 653518 732552 768610 447335 493098 696267 811988 759716 254517 776175 880913 547957 121497 484129 357115 299137 291662 412801 371497 232953 541696 88848 298323 120925 653940 381169 967425 717671 325534 532895 348999 648849 633913 385242 702643 438927 494213 521068 871055 483239 435336 305781 480773 146952 370607 444694 596335 159555 758554 794679 102085 430235 759891 604465 895354 753358 354895 523526 985417 924885 218979 975936 593942
279175 376298 521197 485463 409888 224821 901735 618954 716819 536147 647241 715618 435800 550936 999999999 274092 242539 289014 137500 251034 337696 769962 373199 520868 631407 267169 444076 494270 398862 635767 530391 163878 670074 226396 717580 504265 390255 113415 723938 877349 285336 270129 344990 300149 356200 437302 885349 531249 337952 516517 777636 201399 702783 465124 351780 436818 538643 317330 620444 409931 643270 115143 283089 581102 553117 236105 48843 296837 494469 337377 669532 155137 148031 354190 783938 391153 348811 693478 412582 209214 569546 231456 206778 302071 693101 286100 363819 640984 198598 395218 267666 502663 891432 250356 426611 605693 479764 332498 535143 745064
27510 526191 731475 759543 495510 446233 1039311 472586 773743 455500 826548 984385 489928 819457 274092 999999999 109020 561153 398643 478490 605740 906605 440890 547973 667248 291722 494538 748900 630689 630197 761023 437966 793361 92029 953471 498049 632426 165941 805772 987810 525965 424345 344263 114409 294856 668838 994971 445257 450603 771295 969827 475449 934021 684272 536186 690783 771599 519232 892334 675966 903678 205948 542888 448901 594469 510179 286565 562041 562561 491525 873421 118968 386753 575761 965374 212063 498751 885846 631260 388225 843620 467943 458855 474826 965543 309678 394552 912433 415088 351504 432831 386014 1012544 487056 555045 473809 314791 603249 360637 892000
135158 424366 747533 715386 387267 366515 1089788 580497 847544 554829 858305 955369 380911 791304 242539 109020 999999999 527732 379338 481541 546940 956339 332309 625668 745160 183533 564179 736479 547621 717672 765917 398672 846636 26603 955849 582814 629012 166340 872728 1047486 450177 456597 420949 217516 384129 672477 1054986 545298 498968 758775 996816 435987 939400 695138 560927 617821 775111 429327 857312 613365 885733 139880 477903 555391 669466 469543 272405 501186 629148 391455 893977 116397 380935 490256 997341 319584 535953 912157 641744 408770 797052 465839 392385 379236 928721 200980 285558 878398 421354 439761 337600 489678 1068768 485237 601887 580505 422763 572329 469464 937714
563231 443960 348998 204828 536984 273875 785751 817342 720089 698990 503257 427637 583977 263871 289014 561153 527732 999999999 168098 184482 147560 668972 528433 594586 671996 491954 517002 235108 312954 716890 317112 129755 601229 513971 475848 613346 185181 395870 697636 797619 239996 312984 500863 566425 549961 243043 805857 698941 388805 254979 598448 93880 469513 289691 291833 272776 319417 335181 331486 203530 365765 390071 174811 774089 604499 65786 276604 150890 532814 416681 483880 442891 199981 312929 619744 638339 344934 522993 255731 273743 289929 166241 203351 374697 404426 504148 550879 351969 216319 564719 371018 696728 797167 162104 415471 795401 706800 45600 760946 633495
398500 430008 392915 372656 493196 250992 795523 664028 654405 556417 528690 585767 529423 420864 137500 398643 379338 168098 999999999 127720 263402 667028 467770 488059 584685 388262 407864 357145 380025 610019 395382 82263 576707 361890 580781 490789 253786 232738 648743 783561 272116 202867 355427 398351 393949 303070 791752 554581 282898 379452 651868 105138 566729 334666 246292 383774 403032 341342 495494 335169 507883 251114 237062 622066 509613 134947 112108 235555 442231 394028 541072 282637 48398 352740 661989 471735 266754 568801 283738 144237 457817 103599 195743 352322 569262 404988 472034 515067 99261 416722 330199 543371 792556 120407 347317 644701 544472 206765 599341 638165
471939 551407 270163 368403 619835 370502 668335 647758 548309 521930 401311 531335 656930 372499 251034 478490 481541 184482 127720 999999999 324341 540706 595402 410255 491517 512844 332521 277068 472361 532739 284793 187178 454104 460631 476210 429731 154923 320038 534730 659676 375255 131016 329331 449342 388427 191552 667906 523011 204469 298997 527326 186664 458434 214649 123878 451392 294531 455922 457486 386744 434917 365820 325130 603612 421775 197607 210876 312493 350575 516748 418517 372808 103053 456082 535631 499987 163254 443554 161719 108314 449155 25990 307730 474348 530944 530277 599360 473796 63647 393713 455170 528635 667008 22444 239068 623446 552705 198973 604345 511060
614252 341462 486689 189659 449352 208901 925654 926965 866895 819065 642244 453339 501821 310653 337696 605740 546940 147560 263402 324341 999999999 812362 454926 732723 815594 460781 653671 339178 172385 855556 442910 186795 748018 539879 575019 745290 325160 451016 845187 942406 137475 446009 618190 636920 656746 381102 950617 817557 524971 353961 725489 158277 575099 429508 438025 127056 442279 231063 344982 73126 430035 408413 75975 885268 746048 132048 346478 46579 674915 323395 612127 488324 308337 187816 751065 722550 487386 654886 400437 397578 259968 302469 157193 286647 406944 467394 491377 367271 341959 679991 298621 806447 940288 302732 560605 908029 802697 163924 858043 775843
887567 1090366 330869 740056 1160201 909375 133453 759094 263127 621487 181042 691238 1195752 634979 769962 906605 956339 668972 667028 540706 812362 999999999 1133650 417651 344344 1036783 431188 517723 981784 442018 396318 724961 116192 930696 423117 489378 487360 793517 189555 134092 901841 504846 579635 821491 651918 432960 141907 632534 458013 517471 219692 715944 393415 383956 421674 928506 403981 990285 705969 850379 574690 875407 841487 723538 370643 714329 722162 819711 362823 1056617 261196 840218 631791 979365 175393 801185 424213 212435 413294 561968 780248 566308 843446 1013975 747452 1055988 1132271 704800 575939 606531 995858 693038 128236 553340 354458 725520 779327 648792 803067 41351
466012 146696 852764 643919 56133 255948 1263034 907118 1089359 862759 995076 908010 62664 762797 373199 440890 332309 528433 467770 595402 454926 1133650 999999999 886708 1000780 149341 812709 763165 351456 995725 838769 423296 1038825 349794 1004230 860643 697103 404676 1097037 1246421 317646 642207 695054 542258 681612 753417 1254519 854886 711100 782365 1111637 445592 997687 792571 711979 453252 843097 232245 799322 491809 879303 296310 381797 878540 922322 463924 421921 413966 866390 140979 998176 388615 501988 296456 1125649 647268 719181 1030609 745276 580166 706625 570696 325450 169661 858153 131345 61387 821571 558107 731978 158914 807615 1257937 586006 798338 903944 750449 570351 799418 1105650
523868 895218 444725 763461 928118 728012 537666 350825 226780 207198 430529 855294 948206 725501 520868 547973 625668 594586 488059 410255 732723 417651 886708 999999999 119609 757082 80196 599246 867627 122872 520111 569442 304461 599124 672870 71786 489292 488225 269213 461907 759967 287998 204990 443958 258812 472577 467972 217296 207967 614260 568883 583284 642701 444222 317935 859343 533953 821932 814121 796869 735926 592921 722445 311470 49905 602250 475017 715534 80855 856612 521072 520213 439745 840154 542800 398684 252656 502954 420047 343823 836541 430579 681877 819023 880515 778007 865403 824464 394184 204768 787307 275394 494876 432545 202277 317601 363322 604174 385419 420613
642917 1002350 461284 823291 1040650 830894 449991 418313 111857 288940 405460 881091 1062674 767094 631407 667248 745160 671996 584685 491517 815594 344344 1000780 119609 999999999 873857 188078 637586 960222 98437 541533 663923 244548 718603 667890 175988 541685 605558 168766 361737 856158 381821 324598 562056 376150 513267 366848 301079 302234 649332 527934 673378 636489 476209 382208 942624 554768 923889 853907 875506 758872 708864 813388 385844 78460 688492 584281 803241 142572 964124 503926 638942 537216 937121 494410 510752 328275 475306 464677 442199 890224 514515 780343 925361 915401 894729 981490 861493 487026 320765 895411 368748 399149 512896 257625 384977 463534 674910 476664 357688
316693 250898 781115 646964 203809 253705 1168786 758395 967889 718590 912823 905170 202063 748276 267169 291722 183533 491954 388262 512844 460781 1036783 149341 757082 873857 999999999 686480 723321 410964 861228 780456 368307 935321 200457 959321 725398 637273 269049 981990 1141997 336440 534196 559359 393414 539295 689700 1149916 710240 595554 744374 1039759 399576 948368 722890 618795 498731 786957 284160 799602 515209 856928 166054 385072 730526 795745 426549 314624 414738 744610 223216 929330 245040 411693 351359 1048355 498192 614105 956285 671918 475037 720740 490657 306974 223345 865568 20967 110167 821729 464859 591485 186603 660704 1157383 508341 690057 755890 601447 537167 650142 1012209
472179 817016 397165 690671 852819 648544 559062 377889 283782 232727 409729 796657 874597 660318 444076 494538 564179 517002 407864 332521 653671 431188 812709 80196 188078 686480 999999999 536776 787458 202641 467783 489263 315001 537582 633039 105922 421660 418955 311236 496205 679791 208212 152456 397845 221118 410912 503041 239615 128724 553210 554290 503384 604097 387850 248291 780092 481675 742332 749163 718549 679684 521141 642390 334859 109630 522822 397474 635788 69655 778540 491953 454684 359554 760018 534042 369999 179657 481217 357523 263628 765715 352053 601800 740511 817398 707307 793716 760688 314233 175979 709446 281689 524296 354918 145718 346505 355705 528442 388178 426386
744806 671404 193645 223280 769671 507779 613305 896875 648789 759338 337014 262937 817875 129812 494270 748900 736479 235108 357145 277068 339178 517723 763165 599246 637586 723321 536776 999999999 509312 709423 121469 355202 485830 718828 241274 642679 125820 585160 604714 651812 463456 384104 585608 726296 653389 126677 659619 763204 430405 22414 392435 324210 237420 161853 292320 433589 115042 560592 216464 354437 157956 605667 395066 852250 589508 300543 466576 365062 521519 647048 283035 636876 362175 526084 423118 774804 363104 330406 179484 383069 265821 282556 437736 606008 281272 736581 785868 225415 339740 647919 605139 782689 640232 264170 396968 869054 819860 192970 868907 477419
645947 211298 658284 328814 327860 184668 1096941 1017031 1020653 925466 813675 585446 383124 463837 398862 630689 547621 312954 380025 472361 172385 981784 351456 867627 960222 410964 787458 509312 999999999 989875 615218 298213 912880 548907 740894 870106 495719 501779 1004446 1110547 113986 580432 726527 689432 750721 552399 1118787 921997 660922 522810 897629 287013 743051 600415 593119 105133 614388 127308 477409 165857 584743 424986 147267 978266 887000 275828 426538 163137 817799 210655 784434 524421 428421 59604 923447 786856 633979 827266 568655 524061 373396 447786 194755 191364 526133 409775 402312 498799 474170 783655 224466 899377 1109933 452686 711383 1002497 878283 335419 933536 945950
604284 1011669 542603 882263 1039221 847345 543544 326976 194573 209947 499887 960098 1056403 837555 635767 630197 717672 716890 610019 532739 855556 442018 995725 122872 98437 861228 202641 709423 989875 999999999 621297 691662 342840 691551 758284 135918 604781 592677 261250 449820 881590 410776 301873 519400 335464 583157 454187 222655 330834 722975 625526 706014 727148 550458 436292 982204 634884 941515 925609 919458 838887 699868 845009 298250 119917 725121 591313 838349 189766 972862 597049 619199 561643 961485 592589 453541 373476 570665 531983 465836 953522 553321 802993 936192 989912 882193 970745 934736 516871 278921 903266 294026 489478 554969 315551 294266 391954 725393 397086 456090
752616 761056 80946 344486 851624 588291 493253 841435 540437 698652 215546 339582 896585 242748 530391 761023 765917 317112 395382 284793 442910 396318 838769 520111 541533 780456 467783 121469 615218 621297 999999999 417165 369431 745327 192592 572324 143280 604748 491409 530410 556219 356415 544801 720357 618470 93447 538199 704229 381297 122160 282903 393201 173642 84025 246275 547057 13899 652124 322159 467689 217679 645382 489287 797272 502657 377519 494024 461796 439684 733241 169218 657530 385253 625346 308606 753065 311542 213290 132300 375302 385233 300278 517618 690946 377016 795862 854436 326003 346937 602873 684273 733604 518868 280956 322277 811469 783632 283205 828571 355958
442467 365427 429880 321586 441158 184414 850196 741013 729928 636961 575423 556986 482693 393583 163878 437966 398672 129755 82263 187178 186795 724961 423296 569442 663923 368307 489263 355202 298213 691662 417165 999999999 641124 385762 591441 573047 274464 275292 720370 846102 192356 282746 436088 455594 470844 330231 854347 634754 363175 376461 688412 37662 581490 369518 310991 303257 422424 268817 458846 259740 493999 260436 154838 699715 589696 72244 162319 154920 521351 331874 574881 319015 130502 273477 703346 537374 341303 607813 323484 225873 405728 161200 120652 289128 530784 382088 437287 479810 176901 496479 273843 620734 852119 172029 420931 722791 615996 175075 671309 693616
773746 1005276 292209 700634 1068436 824530 246387 650580 189653 510330 179694 694476 1101319 611885 670074 793361 846636 601229 576707 454104 748018 116192 1038825 304461 244548 935321 315001 485830 912880 342840 369431 641124 999999999 820713 448835 376221 429130 685723 126338 207598 825208 401152 463724 706309 535748 381082 215694 520986 347701 490566 284786 636625 417296 333297 330921 869407 380123 909467 691049 793465 572873 771866 768647 613528 259118 639483 621596 749746 246775 970137 279303 731011 537818 904716 249917 684996 321351 241673 349411 460874 751576 480089 761394 927976 741831 954977 1033801 693562 481460 490435 906902 579556 222826 469488 246412 617005 664346 587585 689492 116492
116269 434985 725283 704671 404035 365979 1064133 559571 820940 530402 834242 941389 400399 776935 226396 92029 26603 513971 361890 460631 539879 930696 349794 599124 718603 200457 537582 718828 548907 691551 745327 385762 820713 999999999 935869 556572 609547 142896 846210 1021264 448435 431943 394451 195234 358453 651940 1028750 521041 473108 741178 973389 423306 918924 673546 537294 615454 754752 433348 844583 607607 869356 131498 472545 533434 642874 457296 253088 494612 602600 400883 871278 91639 361019 492445 973344 298754 510997 888755 620118 385216 787082 445696 387180 386016 916497 218978 305491 865466 399732 413899 344096 466529 1042734 465117 576241 558648 402084 558133 449949 912371
945202 911558 240167 425146 1010887 749018 472179 1010883 637630 865703 269321 279642 1059141 289029 717580 953471 955849 475848 580781 476210 575019 423117 1004230 672870 667890 959321 633039 241274 740894 758284 192592 591441 448835 935869 999999999 733089 327351 796190 574347 545920 703401 546436 727395 912170 802848 284815 552258 872626 563134 223097 222607 562668 31643 272990 433844 655608 181891 800524 327115 578954 182873 831883 634932 967593 645953 540850 683472 604293 592512 887937 169618 848936 574950 762831 267417 941340 494443 212613 324177 567797 427890 490173 678877 847096 346479 973486 1025784 317788 538918 782408 846367 908944 519640 470753 489097 979523 965922 434235 1008341 383332
472740 880562 500030 792819 904788 720142 608569 282294 287532 137111 497785 902503 921086 765888 504265 498049 582814 613346 490789 429731 745290 489378 860643 71786 175988 725398 105922 642679 870106 135918 572324 573047 376221 556572 733089 999999999 526893 457034 336556 530268 759562 300566 166056 389585 203652 516831 536075 146555 225986 659130 638101 591103 703504 493191 353376 870483 586223 814476 854736 812371 785231 564537 727744 241657 119730 613400 461290 723972 143210 841632 585799 483314 442611 838288 613125 334769 283779 570150 463446 348638 869142 447175 679708 805923 923204 746360 834995 866434 403351 147186 771901 203666 564394 452154 250106 249528 292885 627878 313696 492308
626546 625240 163826 282447 711822 449224 601313 773966 569461 638517 318331 387394 755610 239582 390255 632426 629012 185181 253786 154923 325160 487360 697103 489292 541685 637273 421660 125820 495719 604781 143280 274464 429130 609547 327351 526893 999999999 471548 536198 618185 424462 258538 460703 603579 527739 58115 626363 641786 308626 146750 416800 252265 312965 104767 173523 442102 149796 518310 328307 365003 283150 504733 359982 729340 485633 240003 356639 335494 415040 595742 302407 524058 248640 498100 435745 649435 243721 339081 81026 258411 349117 164790 378951 553093 398373 652603 711539 341089 218517 523485 544109 658617 615176 145504 289231 746813 694154 161433 743448 450683
167565 444673 582662 596071 451164 320195 926919 527064 701882 462370 692003 818450 464414 653518 113415 165941 166340 395870 232738 320038 451016 793517 404676 488225 605558 269049 418955 585160 501779 592677 604748 275292 685723 142896 796190 457034 471548 999999999 720445 889125 390237 291071 291034 188910 279641 511587 896799 455524 338723 607574 830593 312319 778379 531566 394607 547324 614569 406758 726698 523077 738869 108654 394578 492434 527718 347080 120638 409683 479478 406206 728423 52783 223467 452600 831017 285301 371015 745945 478137 242462 680642 306819 314980 377933 800056 290004 378142 746688 258091 327927 338319 416334 908455 326187 439660 517661 379861 437536 434396 773593
783339 1078258 412249 814211 1131366 899697 282314 586439 73592 457267 305699 820162 1159675 732552 723938 805772 872728 697636 648743 534730 845187 189555 1097037 269213 168766 981990 311236 604714 1004446 261250 491409 720370 126338 846210 574347 336556 536198 720445 999999999 194020 909984 455595 462743 707532 525309 493097 199618 469262 386856 611059 397842 721201 542894 447294 411777 969520 502725 988650 813568 895842 698250 816081 857963 554567 219339 728695 675151 842019 243868 1041585 404730 760528 605357 990754 357673 667811 382485 364884 455196 518225 869452 560332 840848 1000478 866174 1002384 1085506 816934 549958 473012 975540 535675 230423 552950 301798 553237 628687 689389 644424 213659
966620 1211069 464169 874061 1275814 1030101 112087 776744 255252 650670 315062 819398 1308909 768610 877349 987810 1047486 797619 783561 659676 942406 134092 1246421 461907 361737 1141997 496205 651812 1110547 449820 530410 846102 207598 1021264 545920 530268 618185 889125 194020 999999999 1027231 607877 648652 894022 714810 564903 8263 662775 550417 651488 329429 839669 517626 515847 537359 1060108 538022 1113560 838414 982372 704976 977892 968517 746483 412032 840248 828778 947858 426795 1176340 390742 932820 745250 1105782 282794 859588 528538 340691 542131 668139 914135 685599 965842 1134007 877839 1161781 1241147 836583 688906 664027 1113715 729630 44824 674091 452039 743879 822660 779397 838188 174744
539499 208167 588134 326305 312494 85118 1022244 903093 921674 812005 741206 590369 364516 447335 285336 525965 450177 239996 272116 375255 137475 901841 317646 759967 856158 336440 679791 463456 113986 881590 556219 192356 825208 448435 703401 759562 424462 390237 909984 1027231 999999999 474623 613593 578716 636778 482534 1035494 808393 554887 480437 838264 189045 700876 528237 498564 167842 557721 97150 481727 179920 565792 320264 68469 864281 781577 187569 312588 99646 713592 186838 723742 415894 320289 81180 859697 674669 533191 762946 490151 416225 391599 349718 81022 149202 541690 340211 356014 503990 369158 670156 163042 785392 1029952 357397 612308 888512 765041 273811 820373 867983
411025 625816 312661 499018 675779 450683 637882 520039 454658 391395 403448 645785 704870 493098 270129 424345 456597 312984 202867 131016 446009 504846 642207 287998 381821 534196 208212 384104 580432 410776 356415 282746 401152 431943 546436 300566 258538 291071 455595 607877 474623 999999999 203171 367566 269300 272800 615823 392842 80490 404415 545585 295297 523266 273620 114227 572134 368887 542865 580300 512083 540126 370988 434661 475615 306980 314763 221345 427583 239412 588385 450143 340349 155533 555459 542599 397055 80641 461511 224598 62758 578911 146743 398536 548179 652625 553919 633789 595164 106326 266905 521223 402389 623481 153133 156484 494666 435818 329953 484913 483256
321028 720087 487360 696445 739887 566305 709374 318474 429602 200990 535557 848074 755272 696267 344990 344263 420949 500863 355427 329331 618190 579635 695054 204990 324598 559359 152456 585608 726527 301873 544801 436088 463724 394451 727395 166056 460703 291034 462743 648652 613593 203171 999999999 245390 77352 469037 655497 199411 164287 605337 682559 460128 701189 460802 299645 739081 558123 660259 783375 688926 739968 398794 589809 274462 250384 487217 305442 590742 221915 681082 605757 318004 309886 689765 667858 226282 233555 603904 417507 227358 778196 339364 532664 646887 855789 580323 668939 798331 284665 64404 611358 199521 676360 350131 251694 294930 238915 524641 284524 571479
87105 612303 680226 770640 595202 506253 952608 364987 670720 341100 758456 975246 594817 811988 300149 114409 217516 566425 398351 449342 636920 821491 542258 443958 562056 393414 397845 726296 689432 519400 720357 455594 706309 195234 912170 389585 603579 188910 707532 894022 578716 367566 245390 999999999 186138 631646 900881 330851 375625 748302 904470 491078 889981 639318 481773 736088 732116 588951 891008 709562 883945 273588 582947 338199 491968 525307 293489 596883 467240 575489 815331 168409 373354 638684 895455 105504 433113 822093 588150 346564 855791 444814 503890 552902 965112 412760 500341 909723 386614 242401 511512 272506 921334 462551 477959 363418 208272 604293 258708 810484
269243 722298 563100 750376 729812 581016 780178 270224 485491 182849 612740 914685 739658 759716 356200 294856 384129 549961 393949 388427 656746 651918 681612 258812 376150 539295 221118 653389 750721 335464 618470 470844 535748 358453 802848 203652 527739 279641 525309 714810 636778 269300 77352 186138 999999999 540055 721371 176516 240009 673705 759704 498851 777029 534460 372380 773211 631620 673220 845650 728971 809277 387745 620711 229019 307568 528615 324190 625348 290488 683497 683005 294262 352267 709319 744503 150170 308426 681228 489515 281654 833627 394926 556007 652527 918813 560023 649438 861493 337072 56656 614529 149941 744423 407868 329013 252529 166562 577794 216232 645435
661061 683240 106092 321114 769041 506793 544603 775310 531379 635860 261276 386142 812317 254517 437302 668838 672477 243043 303070 191552 381102 432960 753417 472577 513267 689700 410912 126677 552399 583157 93447 330231 381082 651940 284815 516831 58115 511587 493097 564903 482534 272800 469037 631646 540055 999999999 573028 640234 309262 142303 359237 309456 266984 49056 170435 495546 102996 576421 342456 417512 272152 552374 417848 730761 463249 298018 400592 392976 394914 653551 245070 564359 291820 555869 377656 669479 240402 281018 53518 285299 379688 206851 436664 610860 407938 705542 766491 352032 254103 529722 601279 663246 560289 187549 270301 746726 706402 217193 753531 395481
973707 1219302 472182 881939 1283968 1038338 113184 781157 259633 655782 322793 826165 1317013 776175 885349 994971 1054986 805857 791752 667906 950617 141907 1254519 467972 366848 1149916 503041 659619 1118787 454187 538199 854347 215694 1028750 552258 536075 626363 896799 199618 8263 1035494 615823 655497 900881 721371 573028 999999999 667926 558107 659198 335098 847929 524103 523972 545561 1068266 545749 1121817 845734 990509 712008 985753 976774 751194 418079 848510 836766 956105 433692 1184562 397797 940389 753393 1114043 288477 865882 536540 347664 550356 676144 921778 693831 974095 1142234 884860 1169714 1249154 843800 697047 670403 1121913 735023 45242 682338 459922 748357 828303 787588 843432 182413
417894 898800 635904 891408 904168 755781 747686 138274 410643 12744 643489 1025746 911786 880913 531249 445257 545298 698941 554581 523011 817557 632534 854886 217296 301079 710240 239615 763204 921997 222655 704229 634754 520986 521041 872626 146555 641786 455524 469262 662775 808393 392842 199411 330851 176516 640234 667926 999999999 333198 781306 784538 659429 843712 622431 470923 937963 718061 848572 969234 888336 911948 563050 787739 95748 262075 686625 496660 789595 288749 860009 729738 466300 509285 882650 759660 245527 400217 715746 586861 425225 971743 535387 727383 828953 1040101 730692 819984 982744 482651 138544 791042 72067 699574 544596 384241 107281 170433 720789 175805 637387
433212 702101 323178 567256 747175 528906 591350 466556 379643 329910 383092 693241 773662 547957 337952 450603 498968 388805 282898 204469 524971 458013 711100 207967 302234 595554 128724 430405 660922 330834 381297 363175 347701 473108 563134 225986 308626 338723 386856 550417 554887 80490 164287 375625 240009 309262 558107 333198 999999999 448949 529573 375592 537078 297454 138855 651463 394753 621700 636454 589905 581389 429939 515093 421946 226716 394293 289388 507633 160385 664254 445680 383323 235134 635626 519833 383175 69792 448173 256540 139983 644597 223420 478320 624722 706990 615839 698651 649672 186794 221670 596273 354082 570114 226910 104455 438670 403080 401965 447281 441660
767154 688561 198844 227560 787991 526708 609285 915505 657090 777230 336433 244441 836613 121497 516517 771295 758775 254979 379452 298997 353961 517471 782365 614260 649332 744374 553210 22414 522810 722975 122160 376461 490566 741178 223097 659130 146750 607574 611059 651488 480437 404415 605337 748302 673705 142303 659198 781306 448949 999999999 383508 345003 221201 173169 310433 444257 113519 577582 205063 365502 136436 627739 411976 870894 603124 320620 488972 381546 535903 664850 276510 659287 384577 541440 415971 796118 381089 325020 195712 404628 263161 304806 456927 624082 266936 757459 805857 212201 361813 667355 624076 801889 638413 286356 412091 887419 840233 212025 888983 476791
955725 1041557 259398 609625 1128226 865990 249620 919685 468961 775198 147058 501881 1171043 484129 777636 969827 996816 598448 651868 527326 725489 219692 1111637 568883 527934 1039759 554290 392435 897629 625526 282903 688412 284786 973389 222607 638101 416800 830593 397842 329429 838264 545585 682559 904470 759704 359237 335098 784538 529573 383508 999999999 668680 197971 319172 436179 825879 283241 933573 539014 746610 396988 891533 771775 879740 530018 656509 734782 744604 496285 1012492 114599 882039 629799 908196 46635 908443 472416 84668 368266 588173 630257 549104 795751 969875 566647 1056788 1122181 532847 580346 725290 960455 834859 299520 531524 431255 886484 909007 565977 942393 185959
479667 376648 411921 284103 459601 197741 838901 769012 734518 661079 560936 520067 503525 357115 201399 475449 435987 93880 105138 186664 158277 715944 445592 583284 673378 399576 503384 324210 287013 706014 393201 37662 636625 423306 562668 591103 252265 312319 721201 839669 189045 295297 460128 491078 498851 309456 847929 659429 375592 345003 668680 999999999 554041 351353 309589 280048 397542 274341 421382 230126 459438 297384 140010 727151 600733 34773 197595 132880 531075 345259 554496 356522 150554 269571 685701 570877 347050 589508 308261 242465 368406 161466 128607 302413 493200 412460 463443 442415 189161 521744 291859 648405 843741 168380 425018 749828 647291 139470 702420 683248
925066 908792 213933 432869 1006067 743337 446755 981986 606020 836631 237732 304349 1053484 299137 702783 934021 939400 469513 566729 458434 575099 393415 997687 642701 636489 948368 604097 237420 743051 727148 173642 581490 417296 918924 31643 703504 312965 778379 542894 517626 700876 523266 701189 889981 777029 266984 524103 843712 537078 221201 197971 554041 999999999 250874 409929 660617 164339 798010 344338 583016 200642 817519 632484 938845 615228 533772 667309 602386 562495 884099 138183 831161 558568 762639 241563 916783 468870 182065 303131 547069 441473 473603 672864 842812 368743 963005 1017482 336627 520489 755413 840530 881011 492418 454231 460762 950472 939375 429284 981172 353339
674676 726974 60569 367625 810131 549092 496560 759166 488168 617202 213600 411092 852208 291662 465124 684272 695138 289691 334666 214649 429508 383956 792571 444222 476209 722890 387850 161853 600415 550458 84025 369518 333297 673546 272990 493191 104767 531566 447294 515847 528237 273620 460802 639318 534460 49056 523972 622431 297454 173169 319172 351353 250874 999999999 162394 544555 97332 621209 377773 466564 292178 580153 464385 714873 430764 342304 425498 440213 364784 696458 206714 584250 317507 602594 334364 669667 227669 238384 53434 296514 422868 233818 479506 653651 439801 739401 803244 385369 273830 519098 642423 650320 511382 215296 243429 729555 699615 265596 744681 346631
523918 674380 198461 446003 739225 493737 551741 605224 429028 467021 298213 554853 774110 412801 351780 536186 560927 291833 246292 123878 438025 421674 711979 317935 382208 618795 248291 292320 593119 436292 246275 310991 330921 537294 433844 353376 173523 394607 411777 537359 498564 114227 299645 481773 372380 170435 545561 470923 138855 310433 436179 309589 409929 162394 999999999 564357 259312 579780 501618 494699 442538 461979 446338 560637 319102 317297 305535 431349 247287 639229 337238 445880 210188 579151 436831 507626 70807 351602 118025 152161 518649 149816 431588 597055 570904 637407 711482 513844 154685 359542 576367 492815 546462 141226 124592 576992 538024 292702 584095 394503
702920 315851 599181 233879 432242 252618 1037299 1043028 992863 940042 754393 483590 487447 371497 436818 690783 617821 272776 383774 451392 127056 928506 453252 859343 942624 498731 780092 433589 105133 982204 547057 303257 869407 615454 655608 870483 442102 547324 969520 1060108 167842 572134 739081 736088 773211 495546 1068266 937963 651463 444257 825879 280048 660617 544555 564357 999999999 544341 222956 376590 79386 491511 486043 154258 1002227 873071 257396 454436 148368 801966 312347 714949 577831 430430 156808 855069 827641 614435 760334 520229 522046 270173 429393 233009 287914 422336 500129 501492 397514 467286 799732 315579 923147 1055729 429784 687359 1025541 912909 281838 968431 890853
