NAME : synthetic_000061
TYPE : CTSP-D
DIMENSION : 100
GROUPS : 8
RELAXATION_LEVEL : 1
EDGE_WEIGHT_TYPE : EXPLICIT
EDGE_WEIGHT_FORMAT : FULL_MATRIX
EDGE_WEIGHT_SECTION
999999999 427447 856613 705901 735177 657393 639981 114361 774958 1020523 604112 729278 847557 689850 356071 751065 399773 336028 542137 744537 370649 795792 323454 704838 238981 544529 787837 276799 664279 894223 348166 370960 635278 821551 892653 592088 405357 305668 147855 512796 79755 79801 556177 834713 62450 803023 146276 639517 385318 647855 29610 563562 826013 877948 898642 513415 812262 698020 527814 681689 586945 352895 442079 870934 834910 832156 63463 457276 734050 277677 547682 751235 349477 129437 534254 687699 588582 32958 917310 767901 547697 849046 626055 285978 579798 199961 319586 655815 324222 344022 383968 446672 517796 710587 527808 222036 531537 904274 389308 900441
427447 999999999 483488 362586 375652 248854 396207 475205 347623 653792 365662 504212 454290 460443 569223 355771 534621 151054 713130 329969 91862 374263 366175 303756 356480 642516 451321 547774 429421 532798 529070 369856 631415 394584 469810 366579 615019 429770 293042 157247 350299 503395 131501 427585 478382 378697 346833 603926 501737 267072 444766 379677 413720 507723 496388 142694 569720 369390 230225 496776 671395 597112 17015 526647 498435 456194 390281 295144 381070 170751 121118 416888 218572 305859 339560 264365 414351 453635 562963 347313 263094 529729 332100 565551 675856 266994 519934 314426 172643 254656 130911 599702 428212 498638 317132 452686 226221 489800 521845 474388
856613 483488 999999999 156858 122154 245006 299717 932957 322600 170340 318580 317512 550913 310004 816890 509340 1015842 521316 867306 200182 574784 400213 847889 480913 675838 756493 675432 847077 783822 673532 1012508 583987 646095 283737 232818 751612 840405 692057 751910 348620 792148 918626 418443 491014 890469 376282 728918 598502 982622 217607 881148 388317 463564 639406 111265 353267 301097 646563 332119 378435 758955 857143 466671 704471 99775 599244 838990 742365 613028 582472 411826 131253 697111 727621 387015 385746 394566 873603 706708 403350 648478 748809 671578 1044793 772978 658305 781698 203138 532395 532739 606700 784100 496519 337881 376746 932016 327148 480725 729785 376176
705901 362586 156858 999999999 40704 174216 164524 787418 331072 314668 173171 225716 559014 199334 662890 492924 896003 373547 724362 194697 453937 409615 727684 451789 519220 616875 652927 690717 723786 677919 886484 428271 521485 319160 314230 679424 688510 535879 609346 211364 644620 765441 333982 502961 737180 391233 574733 475960 863397 110064 731340 242656 476177 644207 237014 221491 252119 604712 178285 267772 624035 702750 346904 698914 136804 596888 692229 645210 582973 436165 322644 54548 581138 577847 234949 353109 255938 721405 712300 401794 571336 732466 611150 908751 636785 506390 626437 51101 382491 376633 492437 635390 351411 237699 222324 796913 174367 516661 577534 429202
735177 375652 122154 40704 999999999 163353 204119 813482 304073 286768 213832 257524 534673 234814 702251 473633 910273 400581 765064 166178 467507 383633 741825 435261 554511 657530 636206 728536 717485 655044 903272 466884 560903 286907 275828 676590 728459 573990 633605 231308 671778 796607 332521 477393 768430 363880 606771 515058 877377 110914 760005 283359 450239 621077 196448 238506 274275 592740 209976 304110 664471 741938 359353 678367 126113 575084 718951 650454 567758 462361 322696 62229 593197 606418 275220 336174 296311 751775 689313 378067 569547 714602 604455 930009 677300 536480 665220 81145 411002 410990 503461 675833 392113 271571 261977 817626 205008 486542 617449 395533
657393 248854 245006 174216 163353 999999999 303185 718516 182075 412671 292961 389679 394924 355500 705209 321549 773844 327918 804529 88023 337190 252761 606776 278366 521373 708185 479245 711562 554195 510215 773701 470060 641667 196421 241896 514587 740833 565621 535126 156531 585157 727754 174112 342516 700715 239583 548834 600796 740488 71000 678475 348757 317252 477112 247658 148697 425538 430852 200291 417475 724324 741257 231866 528020 286981 428019 628999 497526 408875 380547 166866 222402 455149 529001 322413 180514 374617 679468 544604 239198 408540 559272 441145 814359 734276 470342 661305 151580 344982 380672 364900 701927 445631 396690 300641 701522 191515 370415 632517 304206
639981 396207 299717 164524 204119 303185 999999999 736758 479843 423709 36382 108191 697986 64236 527149 620830 898617 340424 567600 349996 477090 554703 735117 573834 421727 457277 770651 568588 808267 811771 878215 306577 356962 476862 478592 753368 545952 414801 573972 245050 592514 687000 420845 645561 658921 539412 496948 311570 867961 232675 668125 92942 620000 779103 396076 264015 181287 709762 166020 114792 461771 568235 384766 826430 229323 729104 640811 691246 697892 401280 406014 168663 602948 520674 107947 479972 94865 648749 846059 542309 645210 852160 699788 879362 475139 444096 496965 155686 339859 296018 523282 486272 197913 103561 112233 772662 170554 668654 436760 588082
114361 475205 932957 787418 813482 718516 736758 999999999 815772 1100240 700482 830548 857952 789772 464852 765420 302898 413915 649686 803228 401867 825986 267753 723710 350479 657540 777815 381706 631605 889382 246445 481271 749559 866939 944922 563110 512542 419944 183390 584639 144601 141225 595617 853048 147719 836469 254935 753227 294418 718636 86345 665250 847921 877123 964701 581931 912788 689987 611659 786422 700093 457540 491413 860427 920222 835132 96211 429960 732156 351315 589827 835617 342896 216087 633516 722034 692134 129783 909063 797690 539521 830850 612723 172285 692499 292763 431128 736513 406422 442100 401318 558127 626879 813016 624757 129497 614243 926272 502979 935704
774958 347623 322600 331072 304073 182075 479843 815772 999999999 455657 472973 556455 232098 526876 873000 188903 805103 470573 982460 137943 413991 79983 648819 170475 676782 888560 354366 870343 484730 354075 818525 642398 823556 60415 155157 468334 911638 731468 637210 322258 697269 850982 220330 173690 825795 60178 687461 782274 772088 248767 791610 530622 146346 319881 254945 308158 578250 336514 379931 592284 905701 907053 333520 382405 403002 277293 735543 500483 296184 510971 227481 365739 502435 652843 504427 101242 555758 801245 387960 80962 380650 426320 378555 880940 915342 606862 827030 324393 490668 543680 421698 877353 627416 566892 482478 771703 371069 189100 805558 130580
1020523 653792 170340 314668 286768 412671 423709 1100240 455657 999999999 451067 400783 667490 411039 950854 644047 1185536 687045 977348 355434 745002 525486 1017773 623894 828865 863132 807973 990012 934924 787705 1182762 726178 734993 404333 324179 908530 968566 835103 920214 517243 958309 1079810 584093 608119 1051521 499931 888730 686837 1152266 387809 1045817 516634 581957 754529 200989 522816 349391 790942 492930 470071 858414 991943 636957 824890 195245 721087 1005607 907998 751839 749057 578609 272546 866716 892259 524857 535003 513845 1036027 818839 535285 808521 875454 824513 1214739 873993 821057 920082 364775 696798 688734 776299 906049 619121 425176 519491 1102031 489000 579581 860148 469725
604112 365662 318580 173171 213832 292961 36382 700482 472973 451067 999999999 141427 685863 97137 501229 605617 863333 304590 551629 347755 444589 545702 700344 557333 387765 443703 751898 539179 782372 797454 842425 275854 353979 474572 483505 725924 522469 384615 537649 218173 556199 651914 398256 635027 623783 531791 461491 310637 832820 224210 632170 70037 610078 765247 409391 237748 217097 688308 136693 134743 451405 542038 354919 810120 255856 714598 604508 660185 678778 365173 383009 187720 569669 484406 74795 465685 84729 613234 831596 531694 618250 833608 675089 843019 463891 407866 469130 153333 303682 260093 491294 465561 178894 133188 76330 736435 142281 662067 412301 585944
729278 504212 317512 225716 257524 389679 108191 830548 556455 400783 141427 999999999 782353 44307 571891 711124 1004003 444467 577892 420406 585230 634428 841581 666519 500887 463198 865916 625740 912732 899517 981926 375063 335642 544045 528811 859330 581698 477933 673924 351661 687467 770135 522738 727331 742552 616633 583845 287415 973696 319003 758114 165718 700822 866173 425948 370137 83427 809105 273989 69910 457632 613198 492548 917573 224726 817570 735371 799315 793955 503817 508446 202287 710852 615072 197725 569912 143183 735090 933926 625210 750865 946867 803133 978450 473230 538319 549336 238171 442085 388624 631472 514100 239118 24951 210036 873614 278205 742353 478651 653056
847557 454290 550913 559014 534673 394924 697986 857952 232098 667490 685863 782353 999999999 749888 1021815 98802 761848 602799 1154799 369294 480631 152192 633969 150602 810653 1071601 161836 1001885 348318 122625 791650 807981 1025933 268026 343881 367395 1066086 880862 700054 500080 767943 927262 332273 60033 906065 174892 795437 988024 731865 465797 857018 736033 87359 88499 469032 481564 808875 201764 573600 812393 1094092 1050882 446901 157566 634709 58040 795808 458445 147039 623363 347363 596712 515734 742841 704610 222211 764750 878162 156084 157250 329348 212095 278450 878153 1101649 717792 972965 545614 624510 697427 463700 1043923 822687 790802 681153 781200 564995 110108 967701 207015
689850 460443 310004 199334 234814 355500 64236 789772 526876 411039 97137 44307 749888 999999999 547662 676024 960022 400678 566985 392823 541038 603727 797389 630332 464359 453436 828721 597147 871155 865684 938333 341467 336135 518302 509923 816936 560880 446710 631255 308799 646251 732756 482299 695911 704980 586944 545010 288498 929642 284505 718489 127419 669768 832612 414702 327544 123098 770012 230251 69811 451943 589031 448975 882253 224580 783362 694305 755475 756362 460397 467745 185678 666567 573964 156259 534786 110412 696620 900062 593158 708629 909962 762110 936123 466725 497181 522224 204274 398699 347674 587378 496002 212952 41566 167042 830732 234704 714365 455050 628530
356071 569223 816890 662890 702251 705209 527149 464852 873000 950854 501229 571891 1021815 547662 999999999 923957 754511 419117 186301 787815 569363 922586 654991 871354 215897 206290 1013102 88478 940574 1101230 704140 237678 337256 900238 941493 867450 51865 142013 435333 551906 385748 334209 690482 989900 319122 919828 272567 361841 737842 660972 380155 434248 972563 1076816 896742 564954 649801 926102 511626 505219 248373 41371 575283 1091864 756247 1025400 408750 742811 946101 407889 676085 687765 621130 347981 430022 815389 439032 335170 1130595 898732 791209 1087361 870978 636013 237150 326736 49878 625201 397392 329745 607394 100120 334714 547529 440619 577483 519638 1044078 93386 1002809
751065 355771 509340 492924 473633 321549 620830 765420 188903 644047 605617 711124 98802 676024 923957 999999999 688846 504843 1059395 314471 382747 122657 551374 52989 712229 978414 166092 903201 309649 192376 713960 712553 938540 240993 331297 309860 968629 783305 603943 410145 671350 830647 236075 90345 809029 148048 696712 902148 657617 392125 761323 651634 95229 161446 443085 390977 745005 155992 486798 735621 1002103 952658 348745 206471 583845 109582 700462 380439 109047 524590 251586 535719 425114 644701 618418 141260 681723 781352 226244 108786 249883 241495 216658 794746 1009127 618994 874972 472953 526567 600952 367870 947894 733851 717432 594650 694297 478421 167190 871268 223794
399773 534621 1015842 896003 910273 773844 898617 302898 805103 1185536 863333 1004003 761848 960022 754511 688846 999999999 559817 940812 843418 442768 785493 168452 664043 597136 933262 636162 676569 448624 751321 60749 712377 1002168 864348 955794 401375 804541 681785 350981 685833 376100 443985 609366 778334 447648 803799 503787 996147 33444 801252 378939 849345 783174 750280 1014399 674534 1079739 563635 743106 976056 974598 752668 550977 710227 1032466 721664 346158 309455 616612 502861 611648 949853 318831 435527 811152 703870 881698 424931 760952 758873 439286 663680 484010 174829 969482 499495 715072 846634 564151 634909 409241 841070 843646 991906 795254 177876 742107 855339 776759 899871
336028 151054 521316 373547 400581 327918 340424 413915 470573 687045 304590 444467 602799 400678 419117 504843 559817 999999999 562848 415938 178114 510488 399764 452277 209517 496375 601150 403152 560855 683828 537835 223201 500920 508062 568602 492360 464267 278920 238454 177385 271265 402135 272519 572432 374576 510880 221097 479545 529911 312163 359958 291070 556370 658531 563783 180094 521657 517400 198444 417489 527465 448280 156202 677370 506614 606843 318707 393510 531630 63264 258773 421891 283938 206656 252006 401174 324456 355073 714011 485140 397899 678557 472990 542833 530676 142548 370169 322718 21727 108489 225879 449105 307391 432090 235459 433890 200563 630085 371074 600927
542137 713130 867306 724362 765064 804529 567600 649686 982460 977348 551629 577892 1154799 566985 186301 1059395 940812 562848 999999999 879337 728662 1041128 838545 1006410 381179 115030 1163996 268378 1108385 1244078 890288 346865 262687 1000506 1026949 1036145 137144 292574 617349 662378 570849 515670 823320 1116795 502799 1034612 452998 305595 924024 749170 565718 481774 1096787 1217297 961011 678756 643154 1079831 604253 508041 132704 193765 716108 1239743 790492 1165095 594989 916249 1094196 565850 807860 736232 794438 528568 493167 938988 472742 520370 1275088 1019773 952907 1241185 1031089 819859 115234 496707 228274 696727 541740 459571 770589 114383 372951 553106 510903 763739 613016 1163419 192698 1108560
744537 329969 200182 194697 166178 88023 349996 803228 137943 355434 347755 420406 369294 392823 787815 314471 843418 415938 879337 999999999 414801 217692 678369 282119 608086 779270 479837 797166 583934 490492 847125 551176 701591 126969 154927 553833 821802 649464 619966 243495 671575 815414 234349 311484 788460 197705 636851 658347 809975 130178 765214 410538 284230 456387 170981 236576 440307 446760 277650 459836 792529 824616 313223 516087 269392 411756 714826 555385 414981 468156 231876 227799 526621 616456 389551 185705 432207 766986 524613 213775 453086 555841 472009 893406 803490 558344 744894 194965 432969 466269 437592 779700 513406 432026 369698 780932 269245 321970 712413 238333
370649 91862 574784 453937 467507 337190 477090 401867 413991 745002 444589 585230 480631 541038 569363 382747 442768 178114 728662 414801 999999999 426739 274318 334957 353588 670400 445629 534084 383973 540970 437776 398721 678816 466119 547471 314544 618371 437230 226282 245991 291020 449633 194209 464516 427105 435717 319111 656278 409909 358820 383554 449501 455373 520300 583607 233015 654148 357410 312792 571574 703112 592097 108352 526224 590047 471403 324783 219667 381831 162950 189705 508099 128156 262340 409041 320726 484173 399973 567974 398612 224296 518269 302663 478616 705418 246300 519491 405277 195701 285868 48736 614283 482326 577645 388303 366267 309985 533626 536029 534532
795792 374263 400213 409615 383633 252761 554703 825986 79983 525486 545702 634428 152192 603727 922586 122657 785493 510488 1041128 217692 426739 999999999 637033 123832 719617 950964 282704 913502 430701 274417 804612 697184 893047 121180 208870 424469 963468 780575 653000 378800 716651 873750 242769 93792 849831 25722 720595 852956 753173 322205 809974 600541 66631 240211 324764 362474 657895 277895 444109 668107 970138 954929 362481 304318 482594 199099 751522 476480 231565 543682 254164 445453 497743 678893 572138 110063 627180 823871 308178 28312 349350 350914 331763 875867 979025 640291 875337 400095 531529 593070 425274 933576 693688 644129 549468 769928 435273 122320 859852 114578
323454 366175 847889 727684 741825 606776 735117 267753 648819 1017773 700344 841581 633969 797389 654991 551374 168452 399764 838545 678369 274318 637033 999999999 519711 470922 814558 529826 587490 367528 644688 170012 572861 866340 706901 796371 302719 706694 560263 222121 517844 270736 390227 445381 641714 383149 653276 386425 855398 135713 632898 313496 690812 642845 637394 849204 506260 915726 446906 577038 817244 854067 661287 382554 610255 864081 601376 260384 177996 495341 346887 446554 781610 151852 311669 651728 547910 724019 355003 660365 609492 304627 574124 366344 244188 851171 362067 610340 678454 406570 484017 241878 731277 694795 830614 634561 155649 575674 718361 660432 751492
704838 303756 480913 451789 435261 278366 573834 723710 170475 623894 557333 666519 150602 630332 871354 52989 664043 452277 1006410 282119 334957 123832 519711 999999999 660059 925663 201182 851465 314342 243244 685422 659571 887247 228476 322645 301987 915864 730568 558438 358508 625084 784177 183090 130003 761997 145663 646368 851362 632047 347955 716103 601604 124775 213314 424128 339156 703709 167069 436145 688523 949573 900291 296309 252796 549821 161049 655756 354608 133112 473239 198626 496858 386734 595970 567772 99088 632173 734661 276627 100284 226135 280907 210172 761280 956490 568140 822443 428673 473995 547986 323556 894910 682222 671851 543925 658141 427873 202736 818307 236646
238981 356480 675838 519220 554511 521373 421727 350479 676782 828865 387765 500887 810653 464359 215897 712229 597136 209517 381179 608086 353588 719617 470922 660059 999999999 343965 797309 193937 728280 886632 556099 132335 406420 710441 762941 655658 264847 90542 250216 364848 224260 269695 481846 781690 242528 719280 96845 405171 574564 489610 268589 336974 765861 862873 738678 374039 584311 710207 346647 448191 383157 241010 363930 876342 635735 811805 264714 535152 730679 192075 468254 556425 413412 162018 313780 610558 357964 238259 915602 694496 576162 871467 655636 516723 380574 115679 166024 473473 188203 144535 392522 268200 279727 480445 313067 430873 353014 839545 192601 807361
544529 642516 756493 616875 657530 708185 457277 657540 888560 863132 443703 463198 1071601 453436 206290 978414 933262 496375 115030 779270 670400 950964 814558 925663 343965 999999999 1093054 294302 1054159 1166626 887378 273264 152888 902681 923798 983608 177010 254312 592949 573253 557263 534718 743368 1030390 516638 942700 430886 192648 913034 649341 571289 374572 1009091 1138405 852545 590902 528143 1011881 508633 393416 42778 233929 643251 1165950 677545 1086030 589207 871230 1021612 510850 727495 625830 750924 503612 390069 852329 362583 528562 1198604 931031 893537 1172121 969339 829825 36616 457085 228050 592224 476550 388612 715366 106248 266988 438468 409583 760117 517493 1072797 156544 1012191
787837 451321 675432 652927 636206 479245 770651 777815 354366 807973 751898 865916 161836 828721 1013102 166092 636162 601150 1163996 479837 445629 282704 529826 201182 797309 1093054 999999999 979641 197301 115630 673506 821018 1069553 403694 489999 234966 1061025 877161 641326 543624 710642 866997 359061 210757 849293 308380 763143 1036555 608768 548260 792056 791183 232729 116041 607058 523550 904747 90013 624784 884850 1120610 1037214 449824 83127 748962 105043 730100 352533 73437 605237 375158 697927 439570 700354 755220 300170 823151 820145 131319 273556 240368 81789 165232 770417 1125828 691925 963264 628719 622320 705953 414106 1050201 863579 870287 731222 684050 617012 271933 972062 364016
276799 547774 847077 690717 728536 711562 568588 381706 870343 990012 539179 625740 1001885 597147 88478 903201 676569 403152 268378 797166 534084 913502 587490 851465 193937 294302 979641 999999999 892316 1073455 624310 264015 419511 902822 952042 818786 131510 155206 373395 555334 316789 247638 674955 974509 234480 913211 219444 440018 661716 674768 298770 476389 959160 1050993 919027 565792 706425 890983 527424 562130 336594 76146 556192 1060266 794778 1000564 333517 689857 915460 379002 661624 721238 569661 291101 465156 804322 486807 253011 1101372 888282 750223 1050972 830705 551486 325592 287847 79591 648902 381989 330948 567460 188389 386699 602192 471682 498780 534694 1033225 162754 1000910
664279 429421 783822 723786 717485 554195 808267 631605 484730 934924 782372 912732 348318 871155 940574 309649 448624 560855 1108385 583934 383973 430701 367528 314342 728280 1054159 197301 892316 999999999 308179 491625 782672 1058600 542679 636348 73551 991319 815816 526872 564200 593636 739843 392109 384501 726707 455236 673166 1032766 423834 613744 662315 806020 399697 313186 736824 544697 966006 153946 646303 916769 1087085 958095 435427 263689 840515 296806 602185 207057 206211 544154 405408 775161 323076 601776 766555 400085 840325 697235 314038 411859 166375 215066 113072 596100 1089305 614162 891279 688163 579319 669228 338950 994319 857144 911723 743399 522620 640213 455727 916540 532257
894223 532798 673532 677919 655044 510215 811771 889382 354075 787705 797454 899517 122625 865684 1101230 192376 751321 683828 1244078 490492 540970 274417 644688 243244 886632 1166626 115630 1073455 308179 999999999 789106 897975 1130482 390457 463550 350422 1147645 962513 746773 601746 815993 973794 423392 182548 955004 297475 860081 1094401 724178 581191 899948 844010 209968 34206 590428 582354 928874 199537 679071 926524 1191512 1127596 528441 50879 756998 82893 837981 466995 160456 695382 439365 717221 548594 800738 810706 331906 874040 926136 34411 277005 349961 114105 278769 885854 1198020 785932 1051670 661726 705439 784519 514497 1131418 925443 906905 786910 798380 670724 213931 1053960 321319
348166 529070 1012508 886484 903272 773701 878215 246445 818525 1182762 842425 981926 791650 938333 704140 713960 60749 537835 890288 847125 437776 804612 170012 685422 556099 887378 673506 624310 491625 789106 999999999 675828 962417 876788 966383 438862 753514 638265 316237 675211 332441 387633 614894 804121 392944 821570 460926 958693 70197 795974 325629 823909 807054 785915 1017722 665440 1059479 596941 727273 950366 929150 700452 545847 749963 1023283 754440 298222 333868 648531 478238 615586 939650 320725 396261 786710 717494 855376 371557 800711 777352 464358 706216 516332 115364 923336 464413 666258 836320 539976 605224 409636 792923 811246 968603 772120 127318 726981 881114 730883 919185
370960 369856 583987 428271 466884 470060 306577 481271 642398 726178 275854 375063 807981 341467 237678 712553 712377 223201 346865 551176 398721 697184 572861 659571 132335 273264 821018 264015 782672 897975 675828 999999999 293681 666095 704303 713001 270814 108927 361397 320167 348878 400261 476483 770683 373651 692143 226340 283860 687344 423556 400565 216110 751229 870801 660066 335138 458133 738999 274195 318682 304520 276140 371388 895146 530994 818540 392472 605814 750145 243235 461000 457322 488241 280171 201420 593271 232100 370501 929329 674944 620837 899578 696187 644776 307478 213043 198398 388606 203689 115407 444773 236633 147488 353389 207776 553423 282323 819457 163161 770952
635278 631415 646095 521485 560903 641667 356962 749559 823556 734993 353979 335642 1025933 336135 337256 938540 1002168 500920 262687 701591 678816 893047 866340 887247 406420 152888 1069553 419511 1058600 1130482 962417 293681 999999999 828238 835428 991939 320254 329616 651995 528843 630627 641316 711122 978981 619372 881152 502501 48232 978333 575779 664047 292934 955384 1099980 749311 548428 390265 994885 452367 268909 131017 371893 628089 1136406 558711 1048019 669647 893207 996407 532933 694964 519453 778498 566809 321513 803726 269388 625603 1163820 876480 893163 1150718 963470 919733 148296 505124 343137 507285 484800 395329 726792 244631 205975 312262 344812 837261 460946 1012058 259341 939542
821551 394584 283737 319160 286907 196421 476862 866939 60415 404333 474572 544045 268026 518302 900238 240993 864348 508062 1000506 126969 466119 121180 706901 228476 710441 902681 403694 902822 542679 390457 876788 666095 828238 999999999 94909 528121 936726 759785 686684 348659 744859 896354 271946 207994 870588 95730 727654 785203 831258 254022 839331 536568 180787 356456 203589 337098 557367 392724 396349 585961 917226 935624 379551 423630 371771 318742 784539 560521 349784 552650 277112 346123 559343 697294 514085 160769 558903 846851 423327 132588 441065 471829 437790 937065 927788 647356 855558 321932 527276 573135 476811 898342 637982 556838 493449 827086 387633 201211 828773 111383
892653 469810 232818 314230 275828 241896 478592 944922 155157 324179 483505 528811 343881 509923 941493 331297 955794 568602 1026949 154927 547471 208870 796371 322645 762941 923798 489999 952042 636348 463550 966383 704303 835428 94909 999999999 622965 974438 803837 762779 398192 817833 965269 355128 285048 938726 183293 789698 790144 922578 280872 912081 550435 259619 430464 131064 390470 527909 485236 430139 579533 934205 978674 453821 501441 330338 398546 859461 653796 440326 618490 357903 326538 647196 765864 534161 254087 567928 916336 494682 224714 535624 553693 532393 1022892 946106 710510 899104 331765 586276 621176 562310 930058 656823 545101 516054 911866 421980 256908 864473 147860
592088 366579 751612 679424 676590 514587 753368 563110 468334 908530 725924 859330 367395 816936 867450 309860 401375 492360 1036145 553833 314544 424469 302719 301987 655658 983608 234966 818786 73551 350422 438862 713001 991939 528121 622965 999999999 918289 743583 453662 508345 520717 668228 345445 393676 654538 447381 599672 967423 373802 569638 590869 745682 404374 348971 714017 489399 916200 165728 589280 859550 1017100 884707 374123 311388 801471 322621 530342 135006 220356 472990 357218 732120 249542 528226 705782 375732 780236 625044 362080 402227 108802 271619 93245 538259 1018956 541238 818228 640843 510245 600392 268338 922209 792141 856920 683028 458368 583699 468871 844592 532967
405357 615019 840405 688510 728459 740833 545952 512542 911638 968566 522469 581698 1066086 560880 51865 968629 804541 464267 137144 821802 618371 963468 706694 915864 264847 177010 1061025 131510 991319 1147645 753514 270814 320254 936726 974438 918289 999999999 185372 487188 589586 437175 379117 734124 1032793 365740 959829 324378 350613 788353 693566 428658 453778 1014831 1122727 924176 603547 656853 974489 544393 513342 216733 59443 620406 1139267 775164 1071098 459229 794198 993423 456224 719445 710082 672453 399824 453851 857217 454770 383251 1177363 940145 840914 1135881 920472 682843 203312 377209 100075 653237 442566 370628 657175 75769 349491 556949 466580 627191 552669 1085348 111031 1040842
305668 429770 692057 535879 573990 565621 414801 419944 731468 835103 384615 477933 880862 446710 142013 783305 681785 278920 292574 649464 437230 780575 560263 730568 90542 254312 877161 155206 815816 962513 638265 108927 329616 759785 803837 743583 185372 999999999 338669 411149 306053 317301 549095 848215 293307 777907 178009 335304 660437 524413 334507 323364 830691 937430 765660 423661 560121 791365 375726 417571 294274 175848 435037 954800 639910 885763 341967 624775 808933 274292 534550 566033 503208 249442 310306 673423 336424 297016 992407 756730 661161 952864 739894 590415 290920 205839 95772 494808 257230 187887 478308 178726 241519 455232 316480 511674 383356 902072 102162 861473
147855 293042 751910 609346 633605 535126 573972 183390 637210 920214 537649 673924 700054 631255 435333 603943 350981 238454 617349 619966 226282 653000 222121 558438 250216 592949 641326 373395 526872 746773 316237 361397 651995 686684 762779 453662 487188 338669 999999999 403291 69321 227652 416976 688429 208239 661607 164520 645179 326369 536415 157704 512201 680567 730194 781420 399614 753924 551374 436649 637768 632849 444743 308959 724336 743938 684302 98600 320732 586484 175247 410023 659109 205892 89555 476613 546389 542481 179399 770264 624888 401751 704338 480966 305469 629544 148656 389512 558258 234957 290373 236355 509277 495009 658876 464221 200062 438347 758979 438381 760051
512796 157247 348620 211364 231308 156531 245050 584639 322258 517243 218173 351661 500080 308799 551906 410145 685833 177385 662378 243495 245991 378800 517844 358508 364848 573253 543624 555334 564200 601746 675211 320167 528843 348659 398192 508345 589586 411149 403291 999999999 445103 579498 184879 457223 551884 372487 395871 493813 653470 135084 535949 248167 435859 571551 386399 20181 413721 474563 82820 352659 594353 586996 143520 608006 348155 519444 491313 450680 470194 235716 168953 264473 374121 383369 211602 279283 281029 532420 635002 358007 400326 625303 457318 698777 602360 319284 506920 161128 192177 224735 288022 555651 323732 348585 187605 586517 76165 501060 483324 451266
79755 350299 792148 644620 671778 585157 592514 144601 697269 958309 556199 687467 767943 646251 385748 671350 376100 271265 570849 671575 291020 716651 270736 625084 224260 557263 710642 316789 593636 815993 332441 348878 630627 744859 817833 520717 437175 306053 69321 445103 999999999 159323 477865 754965 139031 724244 128490 628824 355973 579959 94474 522660 746345 799218 828883 444000 769338 620693 468000 645310 598511 390630 365373 793656 776553 753070 48395 386835 655664 209710 469808 692099 274393 72468 490029 608901 550487 110428 839568 688699 470996 773405 550073 296650 593553 149150 342843 593896 262596 298858 304492 467008 490921 670482 480665 206635 470860 824634 400838 821990
79801 503395 918626 765441 796607 727754 687000 141225 850982 1079810 651914 770135 927262 732756 334209 830647 443985 402135 515670 815414 449633 873750 390227 784177 269695 534718 866997 247638 739843 973794 387633 400261 641316 896354 965269 668228 379117 317301 227652 579498 159323 999999999 633168 913981 28331 880443 191702 651446 434392 714010 77728 605389 904968 957674 965886 581687 853550 777261 587271 717831 577493 322058 517542 950114 891002 911948 138065 533229 813688 347260 624168 808480 428042 199437 579550 765206 627459 49885 996689 845965 626725 927400 704700 305306 568237 260907 306753 716244 388093 394219 463732 431465 547389 749986 575844 268545 591738 983148 385363 977364
556177 131501 418443 333982 332521 174112 420845 595617 220330 584093 398256 522738 332273 482299 690482 236075 609366 272519 823320 234349 194209 242769 445381 183090 481846 743368 359061 674955 392109 423392 614894 476483 711122 271946 355128 345445 734124 549095 416976 184879 477865 633168 999999999 299914 608644 247542 478004 677555 575925 224295 572010 432973 284240 395067 405246 164730 573932 290348 266894 532795 768149 720582 120013 425680 458284 342701 515401 324071 285689 301309 16161 386842 294238 436782 396407 132878 465551 583306 455718 215925 237475 440637 280917 667809 774634 397861 641995 296268 294080 365176 207432 711912 505213 523452 372418 556759 259472 359241 635483 344273
834713 427585 491014 502961 477393 342516 645561 853048 173690 608119 635027 727331 60033 695911 989900 90345 778334 572432 1116795 311484 464516 93792 641714 130003 781690 1030390 210757 974509 384501 182548 804121 770683 978981 207994 285048 393676 1032793 848215 688429 457223 754965 913981 299914 999999999 891621 115395 773073 939985 747303 412901 846101 687538 27556 148485 409248 439507 751664 231918 527522 759504 1051391 1020409 418383 216791 575469 113604 785752 470441 178313 598226 313924 539239 514172 724670 657487 178098 715285 864410 215739 103347 339855 268965 301340 885020 1059565 694029 941640 491844 593991 662533 453457 1007249 777355 736544 634350 784148 518788 77042 931995 153265
62450 478382 890469 737180 768430 700715 658921 147719 825795 1051521 623783 742552 906065 704980 319122 809029 447648 374576 502799 788460 427105 849831 383149 761997 242528 516638 849293 234480 726707 955004 392944 373651 619372 870588 938726 654538 365740 293307 208239 551884 139031 28331 608644 891621 999999999 856096 163377 628229 436025 686270 70730 577648 882115 938229 938234 554314 825953 759399 559032 690717 559399 310067 492276 932353 862671 891951 125114 519716 794690 320395 599343 780158 411523 173302 551541 740968 600001 29503 978458 822148 609341 911083 687967 317118 550729 233012 288677 688026 360276 365921 443110 414687 520970 722536 547680 270404 563531 960162 365242 952653
803023 378697 376282 391233 363880 239583 539412 836469 60178 499931 531791 616633 174892 586944 919828 148048 803799 510880 1034612 197705 435717 25722 653276 145663 719280 942700 308380 913211 455236 297475 821570 692143 881152 95730 183293 447381 959829 777907 661607 372487 724244 880443 247542 115395 856096 999999999 723707 840375 771288 307668 817989 588294 87840 263296 299300 357006 637901 302826 434610 652145 960901 952863 366102 328703 460077 223579 760206 495385 257047 546654 257719 425362 511880 684314 561051 115343 614091 830563 330953 45634 369549 376129 355008 890640 970159 643193 873053 384148 531628 590084 436915 928085 683418 627018 538731 783725 425747 130961 855139 99575
146276 346833 728918 574733 606771 548834 496948 254935 687461 888730 461491 583845 795437 545010 272567 696712 503787 221097 452998 636851 319111 720595 386425 646368 96845 430886 763143 219444 673166 860081 460926 226340 502501 727654 789698 599672 324378 178009 164520 395871 128490 191702 478004 773073 163377 723707 999999999 501998 482529 528582 175653 418221 760191 839127 780755 400494 667009 673915 396927 535464 471615 285744 358116 844548 699361 789716 167871 472025 700782 177054 466475 617039 351042 75637 390182 610538 442605 151827 886951 693925 531354 833059 611896 419945 467364 80618 225641 526033 204019 202659 349497 344853 372268 564802 385224 334959 401770 836595 275138 816936
639517 603926 598502 475960 515058 600796 311570 753227 782274 686837 310637 287415 988024 288498 361841 902148 996147 479545 305595 658347 656278 852956 855398 851362 405171 192648 1036555 440018 1032766 1094401 958693 283860 48232 785203 790144 967423 350613 335304 645179 493813 628824 651446 677555 939985 628229 840375 501998 999999999 971203 533852 668724 252499 915976 1063464 702281 513669 342743 963716 415351 220879 176078 398776 599544 1101809 510633 1011724 669861 873023 963227 516199 661433 472458 760694 562445 283753 765894 226657 632252 1127968 837123 866730 1118003 935262 921559 192965 496902 361598 463587 464805 377007 704693 275005 175715 264077 307498 834971 423750 971126 277452 896579
385318 501737 982622 863397 877377 740488 867961 294418 772088 1152266 832820 973696 731865 929642 737842 657617 33444 529911 924024 809975 409909 753173 135713 632047 574564 913034 608768 661716 423834 724178 70197 687344 978333 831258 922578 373802 788353 660437 326369 653470 355973 434392 575925 747303 436025 771288 482529 971203 999999999 768221 366230 820052 751720 722260 980955 641970 1048961 534638 711578 946748 954045 737632 518039 683942 999782 692594 329129 277637 587193 473825 578208 917318 285549 412584 781606 670848 852643 412007 734701 726447 407839 638787 454600 184285 949392 474301 697228 814148 534848 607250 375968 822529 816709 961922 765361 165899 710446 824336 756726 867616
647855 267072 217607 110064 110914 71000 232675 718636 248767 387809 224210 319003 465797 284505 660972 392125 801252 312163 749170 130178 358820 322205 632898 347955 489610 649341 548260 674768 613744 581191 795974 423556 575779 254022 280872 569638 693566 524413 536415 135084 579959 714010 224295 412901 686270 307668 528582 533852 768221 999999999 671024 283190 387334 548108 252206 136801 357650 496499 149366 346701 663261 698528 250468 598570 236771 498940 625898 539678 477143 370761 213461 162552 483397 518421 260102 250910 307213 667221 615575 309691 461765 628735 501162 827240 673956 453351 619244 80839 326039 345589 393370 650023 384015 325718 239780 714436 141346 437857 583659 364726
29610 444766 881148 731340 760005 678475 668125 86345 791610 1045817 632170 758114 857018 718489 380155 761323 378939 359958 565718 765214 383554 809974 313496 716103 268589 571289 792056 298770 662315 899948 325629 400565 664047 839331 912081 590869 428658 334507 157704 535949 94474 77728 572010 846101 70730 817989 175653 668724 366230 671024 999999999 592398 838254 884662 921085 535840 841019 702542 553505 710932 613816 374892 459844 875180 861168 839746 61982 455864 740218 300295 564132 777264 352561 153591 562724 702661 617667 46002 922206 781938 551688 851277 629013 258577 606329 226502 345265 681042 349061 372107 393486 472347 547368 739567 555908 201166 557005 916655 416634 915974
563562 379677 388317 242656 283359 348757 92942 665250 530622 516634 70037 165718 736033 127419 434248 651634 849345 291070 481774 410538 449501 600541 690812 601604 336974 374572 791183 476389 806020 844010 823909 216110 292934 536568 550435 745682 453778 323364 512201 248167 522660 605389 432973 687538 577648 588294 418221 252499 820052 283190 592398 999999999 663478 812615 479255 268346 248789 722660 166405 126712 383774 475311 371560 853447 322053 761175 570367 668707 717753 346529 417097 257230 569515 450200 40468 514111 34757 569626 877816 584631 640064 872941 702303 815333 395752 373572 404168 218765 285219 223964 497752 395796 108899 147826 62665 712258 174277 719168 344159 647651
826013 413720 463564 476177 450239 317252 620000 847921 146346 581957 610078 700822 87359 669768 972563 95229 783174 556370 1096787 284230 455373 66631 642845 124775 765861 1009091 232729 959160 399697 209968 807054 751229 955384 180787 259619 404374 1014831 830691 680567 435859 746345 904968 284240 27556 882115 87840 760191 915976 751720 387334 838254 663478 999999999 175858 382637 418548 724489 245999 504623 733727 1029471 1003672 403722 243282 547915 139149 778399 474199 193989 584458 297606 512020 511496 713760 634006 157967 690823 855255 243250 78905 343902 294083 311335 885231 1037893 680662 924599 465870 577807 644271 447090 987862 754513 710291 611021 782734 495847 78471 913074 133349
877948 507723 639406 644207 621077 477112 779103 877123 319881 754529 765247 866173 88499 832612 1076816 161446 750280 658531 1217297 456387 520300 240211 637394 213314 862873 1138405 116041 1050993 313186 34206 785915 870801 1099980 356456 430464 348971 1122727 937430 730194 571551 799218 957674 395067 148485 938229 263296 839127 1063464 722260 548108 884662 812615 175858 999999999 556836 552324 894992 190495 648124 893813 1162723 1103879 502644 74828 722794 52378 822782 459399 144995 672296 410911 683238 534955 781399 779713 299563 842367 909570 68244 243011 338007 136174 271231 880029 1169487 763979 1027395 628536 680205 757923 496084 1105018 895274 873777 755979 789773 639714 183568 1027815 289448
898642 496388 111265 237014 196448 247658 396076 964701 254945 200989 409391 425948 469032 414702 896742 443085 1014399 563783 961011 170981 583607 324764 849204 424128 738678 852545 607058 919027 736824 590428 1017722 660066 749311 203589 131064 714017 924176 765660 781420 386399 828883 965886 405246 409248 938234 299300 780755 702281 980955 252206 921085 479255 382637 556836 999999999 385274 412361 590975 392530 484116 857844 935985 479424 625913 210970 521512 873815 724613 551041 621004 402820 229858 697402 769333 471554 338447 490184 918773 622358 334312 617501 675267 627722 1061665 871177 705431 858372 271554 578135 594145 608091 872253 588135 445232 457629 948908 385820 387282 813146 278809
513415 142694 353267 221491 238506 148697 264015 581931 308158 522816 237748 370137 481564 327544 564954 390977 674534 180094 678756 236576 233015 362474 506260 339156 374039 590902 523550 565792 544697 582354 665440 335138 548428 337098 390470 489399 603547 423661 399614 20181 444000 581687 164730 439507 554314 357006 400494 513669 641970 136801 535840 268346 418548 552324 385274 999999999 430831 454383 102894 372352 612579 599435 128077 588210 358124 500160 489548 434179 450125 235746 148788 275353 360839 384194 231705 261429 301203 534044 615529 341080 381196 605214 437489 692041 620358 322632 519358 172304 196496 236275 273571 571226 343097 367576 207711 579462 96063 484792 498162 437862
