NAME : synthetic_000032
TYPE : CTSP-D
DIMENSION : 100
GROUPS : 8
RELAXATION_LEVEL : 1
EDGE_WEIGHT_TYPE : EXPLICIT
EDGE_WEIGHT_FORMAT : FULL_MATRIX
EDGE_WEIGHT_SECTION
999999999 306462 386730 546461 304150 745213 1005522 479117 605560 963870 621827 601124 172597 543086 297872 243687 612578 630822 776775 470126 605398 711220 873844 444686 666315 727440 539542 466817 967984 649799 548615 567580 640084 383776 449830 242303 782504 274127 676207 432157 921772 893720 169836 637145 652854 719759 869292 283368 324696 795363 203486 292655 75106 565643 501478 734584 178565 337721 500877 857448 763647 155697 731970 807199 348021 188018 183252 849804 700714 707514 716363 466447 236586 893020 893497 879065 639124 256305 587233 411114 783301 867869 241623 742337 553386 624287 187623 700437 242927 164471 792189 880690 532716 237980 616712 255348 730773 248912 775156 830503
306462 999999999 84407 252116 368990 450989 742059 172729 541905 690866 322387 317797 157818 273153 210146 299790 380979 333069 476101 208470 487885 505416 574276 230215 370998 583684 483390 161110 708197 619102 284278 506458 333956 339858 456936 436819 575817 211469 400702 534651 681615 639611 226605 429503 354301 468915 587939 350310 337168 563712 228211 288481 380829 374368 311400 428135 372127 53982 224402 621949 480078 181080 428097 515918 193073 200665 238169 605044 499477 523312 450309 518434 82983 656074 590359 614626 353193 174373 286452 363067 484871 581364 332950 447130 653844 321187 263876 425512 375524 144614 537501 593689 252206 201458 554813 223155 443175 426265 494220 532363
386730 84407 999999999 167974 402048 391599 661328 96250 523906 608559 260500 273512 242165 196439 274611 340882 367741 248694 392261 140511 455878 443381 490284 244097 312507 538879 471268 94257 628357 607210 258487 491287 254220 397105 465654 519653 511663 281157 358558 563473 606522 603705 285137 369631 270001 393590 504585 425346 405433 541519 308386 315449 460140 381369 266713 349785 455840 53745 147088 548701 429140 249605 345465 457969 189020 256746 292821 529532 439122 467714 370964 535115 166996 582053 507420 534295 269979 247427 223961 417339 420635 497380 377088 386857 676674 238018 317009 382777 423543 222566 460138 537937 215988 277466 536669 257859 359318 508323 444918 448147
546461 252116 167974 999999999 492897 326011 498608 112295 511733 442886 212457 270921 409919 80130 429720 449020 412211 84928 231582 108717 419680 334487 327602 349948 262264 466498 475549 140706 467701 601982 299576 487601 131074 540700 510078 687223 393000 440272 343773 636968 457203 580245 420739 273951 107227 249482 337289 586757 560525 551665 474702 406013 617648 458758 233191 220572 623792 209935 68605 405089 382799 398822 193979 389606 262517 391880 423120 380517 335098 373941 215242 588799 334934 435785 350402 373173 104010 409825 186630 556849 337041 329421 486610 319219 734521 91672 443469 362962 535771 382513 307738 469647 249354 441314 523236 367203 191483 675406 401196 284049
304150 368990 402048 492897 999999999 789471 835356 489680 312608 811864 658821 675094 363299 445460 507812 75380 749878 570211 707889 385422 340032 500676 792112 593444 711985 465139 249209 495150 794850 346933 651303 276616 620189 629414 146839 546442 564257 492306 760033 166005 726384 1003891 172792 440421 591342 558910 740203 563510 588797 932525 447653 88139 321640 736583 323306 713178 481330 353103 426055 661884 830675 230527 682858 856138 231011 184600 154259 666011 487244 477744 577790 168779 364916 696108 826353 719730 548122 457185 622743 657326 813398 749786 62593 784122 288041 584561 133167 784436 80564 284666 627318 936939 614383 459667 322415 146343 629595 552337 846728 747217
745213 450989 391599 326011 789471 999999999 626684 299877 837073 555557 131155 149478 575023 402856 502547 731804 247671 289963 282149 427716 742110 620491 338470 342190 79995 772193 801471 297403 614147 927553 217713 813563 203236 547098 829489 793052 660567 525061 110751 945598 652826 265385 674276 578079 282688 499414 454115 652571 602178 278354 591719 701537 820188 336544 559155 167020 748288 444475 391380 624854 66824 632021 234324 66667 562800 646578 683341 589715 625833 670011 446276 905935 509101 643733 312285 535805 349751 516892 167655 547317 48435 425848 768367 7556 1051167 251544 708008 103957 815113 592769 522021 147632 215602 548058 848372 648194 358240 774106 84686 327675
1005522 742059 661328 498608 835356 626684 999999999 607062 640106 71430 608035 687024 896378 470333 928278 830286 837887 435654 349709 540747 543463 342693 293400 832598 624662 460544 658710 634195 40810 709105 746549 647350 494636 1035609 761813 1178242 297228 938765 717115 912891 132504 867068 848863 395012 421396 286483 177291 1085001 1058897 904606 969525 771648 1067991 910127 519499 466341 1111863 692426 518063 184297 690731 849837 406913 651080 662212 823891 843048 170613 357146 383073 292468 835011 824292 158045 333244 127653 394700 907518 610019 1049613 594606 201976 862136 619932 955660 468887 854164 722031 906706 851599 214021 694956 704124 938393 643115 770100 315482 1168266 706132 299059
479117 172729 96250 112295 489680 299877 607062 999999999 573106 548576 169159 197897 325065 176049 322857 432442 319636 175088 309434 155570 492245 437791 407807 238554 222481 556934 527268 28481 577504 660587 204957 543978 161370 429442 538319 592366 500022 335613 281122 647273 569468 526935 381059 371121 193751 361277 440368 482442 452498 478156 377801 401850 553289 354940 298264 255493 532432 149896 135510 517198 342693 345636 257948 366536 265269 352516 388206 492810 436656 472118 327363 612000 249932 548058 420192 483087 213379 308384 133274 444994 326235 428589 469284 294660 756052 153794 411991 304060 516619 316131 419960 447265 155432 340952 585439 348650 294125 578765 359477 367900
605560 541905 523906 511733 312608 837073 640106 573106 999999999 641209 722075 769247 612694 434279 736409 362032 888084 555938 651672 419456 106490 307681 706956 764597 773394 189636 66211 592712 600310 90774 774881 38424 636044 867834 172827 844176 342891 728518 849296 301163 511724 1090798 445434 293118 570129 423565 607472 833037 844392 1051104 705704 315746 632520 904912 279210 707523 775695 498631 449989 455929 894498 489693 653584 899228 348907 440176 428323 475400 293631 258892 467268 217782 581341 483339 752596 552526 505782 689382 692312 893824 843661 628827 370584 830114 317215 588881 418744 870395 391411 532100 469643 977873 727118 703355 12907 370248 552668 846740 912855 667499
963870 690866 608559 442886 811864 555557 71430 548576 641209 999999999 540149 619042 846988 422817 871140 800730 769190 374835 280094 494958 539864 335246 222092 769506 555081 471103 652712 575052 72721 716040 679981 644224 428677 975109 749735 1127685 303355 882710 646997 900891 161550 795806 811874 375739 359069 253662 110520 1029408 1001074 833346 916829 743254 1028648 842811 490583 396173 1062445 642921 468842 192889 619434 808627 338123 579654 625813 785876 807399 166681 349699 382394 247580 825693 773656 177937 262799 92601 339085 852708 543679 988206 523206 132212 834054 548845 952486 405767 820242 651472 880081 806610 184761 624023 638663 884159 645591 735976 254628 1116814 634774 228099
621827 322387 260500 212457 658821 131155 608035 169159 722075 540149 999999999 78998 454548 292444 401005 600670 230980 203325 262069 305415 631944 533870 347043 254980 53655 675703 682247 166381 587587 811741 143524 696224 119317 469292 703351 690961 583579 421224 132995 816049 607285 368723 543879 481250 205430 425690 430770 558797 514401 342415 482023 571009 696933 302923 442867 156348 640509 313525 272189 568314 175640 502943 202625 197687 433486 515998 552611 536493 536864 578660 377106 778626 385272 592744 339089 499286 264873 406894 36553 475427 162504 408342 637214 126361 923371 161229 577151 150791 683976 465722 463928 278186 113857 439401 733841 517098 304253 673629 193244 320200
601124 317797 273512 270921 675094 149478 687024 197897 769247 619042 78998 999999999 429447 350342 353257 611518 152575 276696 340435 349838 684420 601529 422976 195045 81831 737409 724836 183663 666522 857474 72459 741002 196616 405517 734558 644013 654470 375627 85048 836982 684861 330783 544341 544519 281193 498829 509752 505129 456546 282670 442398 588896 675738 224536 491715 231270 598810 322287 322050 644393 163455 497548 281241 206983 459046 517951 555365 613252 603473 643795 451886 806628 366966 669636 411565 577910 337087 367712 86786 408835 194326 487143 646654 148507 949378 235086 580835 109342 691268 454212 540244 279726 68414 398687 781418 529810 382218 625308 176702 397925
172597 157818 242165 409919 363299 575023 896378 325065 612694 846988 454548 429447 999999999 426067 147404 288146 443199 490619 632548 357008 582327 639009 730905 274778 496887 692722 548144 308162 861545 676544 376018 574653 485712 266341 488623 282304 710842 129561 503680 522087 829347 722755 190565 562312 511668 618307 745143 222738 232383 627629 93359 308568 246565 403656 432466 577246 215548 204133 378531 767776 591471 133082 582839 636051 284850 181823 209040 753688 631136 648442 603953 530841 75546 802626 745171 768737 510466 97644 421109 294154 614504 739053 308203 572466 646887 477007 231320 527872 335276 81760 688629 708684 361123 96401 625212 245013 600812 273982 602759 689463
543086 273153 196439 80130 445460 402856 470333 176049 434279 422817 292444 350342 426067 999999999 470655 411320 488835 129866 262467 73019 340293 261742 349575 412714 341659 387326 401243 203652 435597 524852 375032 411679 202352 590024 445131 708099 324744 477596 423901 579299 410091 659635 400065 196620 149010 197151 326226 621305 601693 631642 501356 361915 610292 530394 158216 281943 641532 222320 49355 352564 461321 389149 240534 465059 223079 372306 398933 333127 260791 297433 177885 525209 354553 385689 381356 342683 103861 443508 266661 608570 410307 326071 448215 395866 670350 156393 416057 443048 497279 383952 264441 544141 324613 472870 445526 334360 192091 698554 479821 304516
297872 210146 274611 429720 507812 502547 928278 322857 736409 871140 401005 353257 147404 470655 999999999 432432 323951 497810 625097 413256 692393 714185 721942 164746 431515 792610 674147 297346 897288 806733 286497 699307 466618 131937 626252 291005 783878 25045 412593 668610 880358 606582 335996 638754 515804 667667 763220 161233 131231 501705 99679 446294 363927 268524 521237 546250 247188 263617 421395 823175 503877 277564 568810 556108 391756 323769 354076 803274 708730 733373 642078 673688 155092 856322 726353 802776 533578 50634 374361 157427 547441 751106 454542 501759 793263 472848 377366 434691 482663 223147 732843 620454 290606 59922 749210 379826 616912 272925 511760 685067
243687 299790 340882 449020 75380 731804 830286 432442 362032 800730 600670 611518 288146 411320 432432 999999999 679539 530064 672310 345237 370079 506437 760872 520864 653169 494778 296155 435027 790414 407996 583744 324199 571985 554396 209670 484054 574127 416999 696057 239247 729115 938147 97925 439379 551881 547240 721313 491633 514978 863257 373551 59769 274239 663392 310932 666862 416905 289580 385057 664011 769796 155226 642177 798353 188663 109454 79241 663907 493993 491427 559259 242950 290448 699102 791874 709954 515176 381806 564244 582266 758408 727824 37619 726809 362593 539894 60399 720670 86760 209286 618148 878619 548920 384542 373085 83923 601105 488168 785305 715810
612578 380979 367741 412211 749878 247671 837887 319636 888084 769190 230980 152575 443199 488835 323951 679539 999999999 427824 489398 474882 811219 746416 566472 168422 216376 875039 837960 296850 818297 973364 114696 856920 349187 323917 831107 595728 802263 348981 136958 915624 837389 282735 597820 685331 433339 648944 660631 446327 389237 185671 423403 668950 683070 90311 617216 375990 564996 405094 453846 796294 215733 543409 431096 275986 555695 575320 612221 765512 747296 785845 603218 896996 400347 821938 549215 730264 487216 357524 237141 317474 295507 637016 711138 251135 1034447 386670 638133 147371 750726 492049 692331 320001 164760 381335 900666 604124 534791 574384 215912 545142
630822 333069 248694 84928 570211 289963 435654 175088 555938 374835 203325 276696 490619 129866 497810 530064 427824 999999999 146655 185279 456745 333444 243022 397672 242631 482337 527570 200672 408486 646697 323051 536094 88480 600401 574990 764675 380501 510685 334610 708324 412934 553984 505204 288118 22330 222487 265747 657524 626929 543493 550732 484567 702319 487751 285912 152987 702774 293556 145048 368784 353360 483738 112650 347506 341991 476404 507159 339053 337684 381101 175394 655069 415190 395539 265635 315131 61893 482853 190701 614004 289519 253523 567533 282559 800209 42104 527033 349451 616773 466630 265399 423883 276107 515155 566547 449347 120375 751885 372011 199931
776775 476101 392261 231582 707889 282149 349709 309434 651672 280094 262069 340435 632548 262467 625097 672310 489398 146655 999999999 327383 546628 379543 98430 503603 275020 541032 634454 330973 333664 740788 404310 638137 160044 715508 697364 901541 402708 640547 367537 837597 371594 537822 651354 361683 124369 248060 173602 786282 750363 560102 686894 624202 848642 564894 403774 117196 841842 439121 288476 348657 348269 630378 59801 317853 483649 622631 652837 312251 388725 434349 194682 778168 557012 364360 119767 253701 160460 616123 270040 725522 257456 147912 709516 274987 921165 155791 672159 373286 758710 612396 250153 378028 366595 649022 660754 593072 100928 887518 365061 60374
470126 208470 140511 108717 385422 427716 540747 155570 419456 494958 305415 349838 357008 73019 413256 345237 474882 185279 327383 999999999 336676 302884 418164 376192 358125 405713 377042 178380 505127 508072 360304 391884 239234 537476 403083 639311 371282 417806 430108 528263 473639 673237 328179 229579 206855 261550 399228 558737 543154 632049 435746 299349 537291 504773 142732 329102 571951 155489 40664 413526 480374 316139 297837 492847 156804 300148 327807 397387 298802 328684 248583 481119 287510 447771 447105 413180 173659 382004 273928 557849 442689 398921 382600 421299 626842 200036 345874 451607 431840 311673 331624 573614 310990 409879 431594 265748 263921 630576 498309 373257
605398 487885 455878 419680 340032 742110 543463 492245 106490 539864 631944 684420 582327 340293 692393 370079 811219 456745 546628 336676 999999999 204710 600526 699881 681861 125369 116000 514376 503087 194181 696796 104387 539507 824240 227643 835091 248467 687836 761848 374980 418655 999864 437074 186778 469651 317162 501860 805065 809055 967090 675439 314360 643912 835978 194031 606711 765052 439435 362413 359454 801519 471415 550806 802789 301181 425113 422346 375658 190341 160505 360877 294079 539585 389255 646321 449824 404057 648482 604164 848857 745941 522726 388571 734984 412941 491654 419103 781927 420377 505629 364919 880349 647649 666694 114497 353793 447099 834753 820049 561258
711220 505416 443381 334487 500676 620491 342693 437791 307681 335246 533870 601529 639009 261742 714185 506437 746416 333444 379543 302884 204710 999999999 414603 673398 575901 162044 317792 465298 301935 387433 634059 309016 421898 840065 419137 915867 72044 716862 666581 570199 225946 885752 544036 76707 338037 131832 302445 853129 842568 875975 725841 446675 764588 791784 210538 464440 845982 451444 305445 162146 685399 559364 399990 673302 365088 523302 534363 172651 14530 55699 184908 492685 577813 195657 463123 245191 271886 679619 515011 860695 612874 326294 534672 612969 617257 374826 540286 682420 575982 576185 163017 744490 583805 705192 313088 459601 279443 910576 703967 380188
873844 574276 490284 327602 792112 338470 293400 407807 706956 222092 347043 422976 730905 349575 721942 760872 566472 243022 98430 418164 600526 414603 999999999 595759 350133 575610 697329 429045 287852 793525 490566 697777 255476 809055 769966 999741 421264 737858 436946 914284 348768 573717 744933 413869 221023 285664 138678 883175 846076 614176 785089 710549 945248 646662 478513 191734 940235 536455 380688 343369 400334 726104 153211 358119 572607 716413 745563 306164 426095 470262 239720 850578 655364 349652 49985 229105 245715 714013 360121 817955 302976 106557 797684 332185 990981 254220 764026 438310 846676 709620 261607 402497 456480 746964 714875 683458 163664 985570 414927 45063
444686 230215 244097 349948 593444 342190 832598 238554 764597 769506 254980 195045 274778 412714 164746 520864 168422 397672 503603 376192 699881 673398 595759 999999999 276198 780951 708930 210164 806144 845147 124478 730601 344270 214445 687151 452098 737455 188977 248164 759383 805469 449133 434658 603597 411202 599423 659114 310434 261622 353303 261338 516728 515941 144221 510301 409261 411768 266552 367985 754891 339532 378685 444369 392906 419083 413895 450019 729341 671185 703932 563191 747757 234909 785075 592471 712724 446456 191442 235970 222197 388579 641893 550548 342115 880714 363872 475737 270007 587902 326001 655920 455815 141212 217947 777456 450030 517230 432604 347083 563815
666315 370998 312507 262264 711985 79995 624662 222481 773394 555081 53655 81831 496887 341659 431515 653169 216376 242631 275020 358125 681861 575901 350133 276198 999999999 721434 734574 218251 607221 863316 154274 748116 154565 487346 756901 722518 622338 453139 94976 869588 634391 318004 594452 526647 240873 462502 447949 585547 537819 301340 517562 624260 741358 297882 494258 159888 675201 365081 324030 599432 122320 552026 218393 145647 487092 566836 603678 566189 579729 622467 411815 832265 429936 621867 334574 522277 304475 442426 89247 490538 117913 422928 689548 76305 977026 201076 628438 107066 736023 512962 495051 225455 141177 474214 785047 569751 332088 704269 140185 329344
727440 583684 538879 466498 465139 772193 460544 556934 189636 471103 675703 737409 692722 387326 792610 494778 875039 482337 541032 405713 125369 162044 575610 780951 721434 999999999 229423 582175 422123 248964 760615 208792 570165 923408 346018 953368 167915 790526 808515 487089 329176 1036184 558149 194801 490115 293817 457513 914726 914202 1017461 784868 438229 768099 910191 273311 621390 883060 532013 421586 279357 835595 588834 558627 827851 407990 544284 544190 304960 152307 106712 346381 404062 643636 302500 624492 388530 422708 751498 652688 946740 768179 483614 513887 764756 505506 522003 542363 826235 545572 619047 318249 901163 710323 772333 189425 473592 440503 951917 854257 542026
539542 483390 471268 475549 249209 801471 658710 527268 66211 652712 682247 724836 548144 401243 674147 296155 837960 527570 634454 377042 116000 317792 697329 708930 734574 229423 999999999 545074 618204 136242 725933 28045 603457 805186 116984 777971 364439 665532 806544 259789 534608 1050273 379277 287135 543565 420362 608112 767820 780185 1005081 640946 249554 567574 850627 243090 680451 709486 442383 410710 474996 856553 424026 630497 865085 290551 374366 362127 489996 303275 276208 458774 178213 519083 505142 740946 561656 482022 626546 650954 831443 811354 626775 305834 794730 300306 557551 352589 828398 328931 467220 474218 944815 679267 639634 77982 304801 538159 780537 874668 655969
466817 161110 94257 140706 495150 297403 634195 28481 592712 575052 166381 183663 308162 203652 297346 435027 296850 200672 330973 178380 514376 465298 429045 210164 218251 582175 545074 999999999 605013 679327 182602 562674 178037 401774 550938 570733 528003 311011 268304 655104 597815 514359 377923 397859 218460 389758 466377 457637 426264 460172 356095 407950 541492 328534 320395 269247 512127 147150 161623 545669 335532 338976 277561 363728 275480 349860 386332 521197 463913 498807 355643 623064 233957 576488 439113 510665 241155 285238 129828 416993 327351 453769 471318 292734 766157 176353 410794 292000 517792 305710 448280 443687 134420 318081 605171 351796 320441 556551 351617 390147
967984 708197 628357 467701 794850 614147 40810 577504 600310 72721 587587 666522 861545 435597 897288 790414 818297 408486 333664 505127 503087 301935 287852 806144 607221 422123 618204 605013 999999999 670274 723946 607079 472031 1006779 721037 1143681 257587 907122 700751 872132 97131 860265 810282 354451 395551 248307 160192 1052964 1028204 892499 936088 731654 1029822 888270 479794 450860 1076869 657913 483854 144386 679219 812290 388829 642352 623677 785560 804189 129806 316398 342800 257898 794349 790067 120108 331294 94528 364290 875217 587452 1021471 584487 188608 822064 607195 915498 443472 814967 706947 866456 815190 175814 690252 680288 905755 603508 730999 289366 1134103 695192 287364
649799 619102 607210 601982 346933 927553 709105 660587 90774 716040 811741 857474 676544 524852 806733 407996 973364 646697 740788 508072 194181 387433 793525 845147 863316 248964 136242 679327 670274 999999999 860866 116656 726741 937031 200188 891536 413540 797053 938173 288624 578091 1180416 499179 380512 660805 508694 689563 893119 908918 1138739 768377 370538 667596 986858 369071 798186 824855 578595 539554 526536 984636 548494 743852 989868 426536 498305 481067 549375 373964 335273 554233 211056 651974 551113 839832 629719 596259 758387 781549 963652 934403 712243 408789 920618 268435 679627 467592 959526 419713 594936 550437 1068594 813707 769828 80395 431560 641260 896112 1002953 754869
548615 284278 258487 299576 651303 217713 746549 204957 774881 679981 143524 72459 376018 375032 286497 583744 114696 323051 404310 360304 696796 634059 490566 124478 154274 760615 725933 182602 723946 860866 999999999 744280 252016 333116 724033 575997 691554 309777 128448 815905 735725 355833 508758 571647 331371 541011 569831 434874 385124 283307 379226 567681 622289 164941 502767 299607 533435 300358 339245 691422 218654 457972 344558 269616 447490 484055 521512 662101 634478 672367 497558 792373 320115 718584 481589 633243 380173 305772 136558 336424 264262 548976 617220 217702 932257 283511 547382 152165 659514 410587 588417 336032 50419 335363 787398 504960 436031 556763 228202 463123
567580 506458 491287 487601 276616 813563 647350 543978 38424 644224 696224 741002 574653 411679 699307 324199 856920 536094 638137 391884 104387 309016 697777 730601 748116 208792 28045 562674 607079 116656 744280 999999999 614007 830578 141001 805909 351297 691105 821966 278325 521370 1064744 407041 284939 551294 417558 604074 794781 806493 1022120 667595 277386 595475 871640 254413 688570 737365 464233 424111 463156 869755 451310 636776 876543 313390 401766 389965 479984 294609 264284 458346 195462 544216 492278 742313 554011 488381 652028 665627 856686 821944 623900 333666 806718 308605 567470 380589 843475 356066 493939 468284 955816 697059 665638 50616 331908 540512 808392 887990 657194
640084 333956 254220 131074 620189 203236 494636 161370 636044 428677 119317 196616 485712 202352 466618 571985 349187 88480 160044 239234 539507 421898 255476 344270 154565 570165 603457 178037 472031 726741 252016 614007 999999999 555519 641129 747144 467810 482955 247668 767215 488288 466024 533056 375593 86801 308319 318275 627839 590731 455823 532808 532530 713975 416255 360367 96263 689713 306143 199598 449037 265475 502734 102265 263372 389179 504099 537967 417187 426158 469479 258539 719866 410921 473461 261604 382036 150105 460417 115461 565842 207955 298792 609562 195964 865590 48346 560177 261588 658332 476478 344629 341889 210037 493496 647087 488690 185659 732230 284141 220417
383776 339858 397105 540700 629414 547098 1035609 429442 867834 975109 469292 405517 266341 590024 131937 554396 323917 600401 715508 537476 824240 840065 809055 214445 487346 923408 805186 401774 1006779 937031 333116 830578 555519 999999999 753559 282187 908742 140043 443252 786016 996774 591611 456625 765458 616186 785481 865412 132459 72433 474505 186219 573247 436987 242571 651226 623640 269411 392452 541404 941774 532255 399423 656810 590184 523691 447839 475204 919748 835287 861587 755730 797176 286587 974003 806809 912438 642819 178686 450060 28115 594928 850222 573084 548094 910866 570310 496837 461101 596173 346966 847828 642520 355633 169986 880609 507815 720771 259551 535725 775867
449830 456936 465654 510078 146839 829489 761813 538319 172827 749735 703351 734558 488623 445131 626252 209670 831107 574990 697364 403083 227643 419137 769966 687151 756901 346018 116984 550938 721037 200188 724033 141001 641129 753559 999999999 691822 472634 613903 818891 151257 641783 1064968 304153 375330 593645 506305 694567 699680 719672 1007172 578157 180313 468148 831274 293595 726583 625666 426124 441733 580080 878936 357025 684331 895196 276688 307165 285598 591481 404712 383656 537496 80814 474511 611837 810244 657440 538580 576415 669304 780917 845768 709897 208607 823289 225219 598772 269912 842185 221848 407057 566985 976168 681182 584091 180988 246455 606975 696873 896306 726634
242303 436819 519653 687223 546442 793052 1178242 592366 844176 1127685 690961 644013 282304 708099 291005 484054 595728 764675 901541 639311 835091 915867 999741 452098 722518 953368 777971 570733 1143681 891536 575997 805909 747144 282187 691822 999999999 987908 269802 699634 668406 1111156 871253 399925 839480 784760 900532 1024232 150791 210471 755918 214652 528724 246168 521269 706384 832008 70409 485833 660185 1049144 790952 364542 848069 845000 553221 409983 416314 1035738 907097 920622 885942 707785 354115 1084156 1008716 1050646 789610 287036 662827 299936 838301 1016430 483893 792447 785940 746138 425678 720585 483268 339837 970934 906094 581546 253924 855680 481362 878704 23042 797437 960262
782504 575817 511663 393000 564257 660567 297228 500022 342891 303355 583579 654470 710842 324744 783878 574127 802263 380501 402708 371282 248467 72044 421264 737455 622338 167915 364439 528003 257587 413540 691554 351297 467810 908742 472634 987908 999999999 787123 715074 622282 170199 925644 614803 148580 381628 161152 294892 924283 912808 923633 797323 514390 834984 851753 282412 498877 918025 521838 370608 113267 726625 631101 432114 709419 436933 594511 604728 137044 81790 88981 214695 542270 649103 140982 471088 221187 318739 750155 567685 928879 648374 323039 601152 653011 658935 422569 609896 729389 641072 648227 159658 776936 641690 776119 345931 530023 307148 982583 744970 392542
274127 211469 281157 440272 492306 525061 938765 335613 728518 882710 421224 375627 129561 477596 25045 416999 348981 510685 640547 417806 687836 716862 737858 188977 453139 790526 665532 311011 907122 797053 309777 691105 482955 140043 613903 269802 787123 999999999 436420 651647 887678 631622 319808 640969 529212 674744 775467 146857 125706 526637 74663 433630 339425 293081 520624 564446 223661 265424 428242 829640 527622 261781 584939 579358 386680 309217 338143 810678 710940 734236 650900 659164 148326 863144 743544 812692 544280 39375 393630 167081 569559 764200 437748 524110 776447 487193 360791 458708 464281 208215 740961 644387 312012 36536 741260 367903 629021 252477 535750 700283
676207 400702 358558 343773 760033 110751 717115 281122 849296 646997 132995 85048 503680 423901 412593 696057 136958 334610 367537 430108 761848 666581 436946 248164 94976 808515 806544 268304 700751 938173 128448 821966 247668 443252 818891 699634 715074 436420 999999999 922029 729309 246100 627270 614173 334425 555980 541020 555062 502022 209457 506990 673922 750169 225902 570649 250827 659774 407093 399940 694299 91379 579163 312228 147047 543783 601270 638746 661145 669744 711645 505920 891368 445111 716841 416059 616729 396463 433985 157694 441443 158792 515148 730985 114196 1034304 292604 664340 24824 775231 534138 589885 208045 148577 463158 861306 614605 427059 679702 99788 419780
432157 534651 563473 636968 166005 945598 912891 647273 301163 900891 816049 836982 522087 579299 668610 239247 915624 708324 837597 528263 374980 570199 914284 759383 869588 487089 259789 655104 872132 288624 815905 278325 767215 786016 151257 668406 622282 651647 922029 999999999 791951 1166911 332850 526051 728198 656148 843970 708756 740140 1097803 601165 248471 425463 902355 435781 856941 609561 516363 568518 730746 989812 391438 819829 1012125 382800 348357 315162 742648 555747 533413 685326 83390 529659 762129 952850 808538 677414 618057 780500 814104 966573 858329 214072 939908 124869 727933 291284 946213 191962 446363 717842 1093218 777780 617681 305265 311561 750690 678232 1006327 870322
921772 681615 606522 457203 726384 652826 132504 569468 511724 161550 607285 684861 829347 410091 880358 729115 837389 412934 371594 473639 418655 225946 348768 805469 634391 329176 534608 597815 97131 578091 735725 521370 488288 996774 641783 1111156 170199 887678 729309 791951 999999999 908782 758681 289877 404688 212981 210424 1031126 1011524 929364 909362 669542 979691 900577 423029 485987 1042724 629090 459446 65136 719342 766932 419639 688881 573950 735724 750767 77106 239736 258644 242336 712316 761111 30290 396534 120496 359310 853475 601303 1013692 628876 242475 758665 645526 828488 452286 759068 738537 800972 775867 149594 744298 689036 882462 514042 676348 303157 1103321 736394 336938
893720 639611 603705 580245 1003891 265385 867068 526935 1090798 795806 368723 330783 722755 659635 606582 938147 282735 553984 537822 673237 999864 885752 573717 449133 318004 1036184 1050273 514359 860265 1180416 355833 1064744 466024 591611 1064968 871253 925644 631622 246100 1166911 908782 999999999 864590 841597 547769 764516 703081 720541 661440 122789 706107 918521 965026 349993 811590 428496 845159 650855 640872 885551 200625 813415 496198 219980 789812 839803 877280 849606 890902 934846 711112 1137400 673538 902180 535623 789397 614524 639824 399321 579116 280560 672612 972235 272928 1280091 514241 903128 222876 1015107 764885 784158 175773 389528 664058 1102559 857884 621462 849204 181979 574250
169836 226605 285137 420739 172792 674276 848863 381059 445434 811874 543879 544341 190565 400065 335996 97925 597820 505204 651354 328179 437074 544036 744933 434658 594452 558149 379277 377923 810282 499179 508758 407041 533056 456625 304153 399925 614803 319808 627270 332850 758681 864590 999999999 471207 527520 562406 723288 395529 417292 783047 275771 129827 221078 574915 336003 629302 330728 231404 364331 693871 706184 58593 613972 740016 186652 28995 18754 688599 533076 538326 565038 340873 200335 729435 770785 724171 501774 285385 507394 484534 705265 725497 118918 669955 457345 507538 41801 652085 153247 113578 634842 818761 478724 286897 457230 85588 591976 401556 720586 700294
637145 429503 369631 273951 440421 578079 395012 371121 293118 375739 481250 544519 562312 196620 638754 439379 685331 288118 361683 229579 186778 76707 413869 603597 526647 194801 287135 397859 354451 380512 571647 284939 375593 765458 375330 839480 148580 640969 614173 526051 289877 841597 471207 999999999 297015 133245 321415 776616 766659 823355 649187 379913 692197 726059 135668 430965 769673 375575 236401 224742 641067 484319 370938 634835 289899 449570 462356 225736 69986 101001 174158 453029 501253 260001 459544 283155 229580 603529 459091 786522 575759 339641 469509 570677 586220 327356 469694 631624 512843 499933 191833 709481 521229 628827 301252 387667 261345 834034 659733 374488
652854 354301 270001 107227 591342 282688 421396 193751 570129 359069 205430 281193 511668 149010 515804 551881 433339 22330 124369 206855 469651 338037 221023 411202 240873 490115 543565 218460 395551 660805 331371 551294 86801 616186 593645 784760 381628 529212 334425 728198 404688 547769 527520 297015 999999999 221652 249229 675969 644323 542209 570578 505969 724461 496311 303070 137402 723284 315442 166825 363233 347362 506010 91784 337885 363646 498725 529432 332177 343163 387346 171797 673920 436181 388617 243306 303104 67469 502046 196663 629140 278780 235361 589319 275192 818823 48095 549245 347935 638562 488599 259053 412729 285773 534502 580509 471363 106199 771723 365934 178228
719759 468915 393590 249482 558910 499414 286483 361277 423565 253662 425690 498829 618307 197151 667667 547240 648944 222487 248060 261550 317162 131832 285664 599423 462502 293817 420362 389758 248307 508694 541011 417558 308319 785481 506305 900532 161152 674744 555980 656148 212981 764516 562406 133245 221652 999999999 188531 818173 798771 763816 696900 489608 781584 704058 236926 338348 832717 416722 246502 156372 565496 564078 272169 548717 375754 537418 556788 136157 141914 187183 54343 584939 548977 188724 333252 162837 161800 640496 412364 803128 487763 206458 580406 491859 719349 264515 568449 569551 626442 568347 72515 617403 492145 669551 430855 484245 148812 892063 583828 249370
869292 587939 504585 337289 740203 454115 177291 440368 607472 110520 430770 509752 745143 326226 763220 721313 660631 265747 173602 399228 501860 302445 138678 659114 447949 457513 608112 466377 160192 689563 569831 604074 318275 865412 694567 1024232 294892 775467 541020 843970 210424 703081 723288 321415 249229 188531 999999999 922305 892637 732462 811990 665909 936309 733055 417031 290767 960064 541826 369548 206764 519430 715255 229816 484091 539688 696274 720428 170056 315662 356420 162526 773413 670919 211098 187370 90430 234746 746376 433418 878186 425451 32127 756213 447126 907625 295540 735250 546864 803719 709206 139800 535675 528208 778197 613830 651452 146461 1012647 535603 128832
283368 350310 425346 586757 563510 652571 1085001 482442 833037 1029408 558797 505129 222738 621305 161233 491633 446327 657524 786282 558737 805065 853129 883175 310434 585547 914726 767820 457637 1052964 893119 434874 794781 627839 132459 699680 150791 924283 146857 555062 708756 1031126 720541 395529 776616 675969 818173 922305 999999999 60093 605175 129873 522629 323650 370548 650763 706570 140213 403830 572010 972052 645988 344664 730040 701555 506755 394829 414114 954306 846271 866480 796127 731976 275409 1005990 887285 958626 690761 177923 533764 152791 698998 911030 502861 652548 832213 633614 431388 575101 516824 301277 885446 759793 446328 148859 845397 463063 775853 128670 651494 846206
324696 337168 405433 560525 588797 602178 1058897 452498 844392 1001074 514401 456546 232383 601693 131231 514978 389237 626929 750363 543154 809055 842568 846076 261622 537819 914202 780185 426264 1028204 908918 385124 806493 590731 72433 719672 210471 912808 125706 502022 740140 1011524 661440 417292 766659 644323 798771 892637 60093 999999999 545489 141605 540215 372392 311547 645520 665365 197815 391128 552393 954127 592399 362657 692927 648958 508170 412546 436047 934449 836625 859644 773274 757534 270573 987382 847523 933680 664241 163522 491563 94142 649250 879654 529979 602553 864553 600297 455648 521285 548583 314005 864073 704992 400843 142362 856981 477366 746575 188063 597142 810622
795363 563712 541519 551665 932525 278354 904606 478156 1051104 833346 342415 282670 627629 631642 501705 863257 185671 543493 560102 632049 967090 875975 614176 353303 301340 1017461 1005081 460172 892499 1138739 283307 1022120 455823 474505 1007172 755918 923633 526637 209457 1097803 929364 122789 783047 823355 542209 763816 732462 605175 545489 999999999 601254 850053 864495 236597 774249 443746 733700 583427 604709 898184 213978 728964 509729 260245 730522 760138 797195 863988 879198 921072 712819 1075653 586011 918906 583244 813452 605385 539214 365042 460394 311307 704148 895480 285340 1215122 501618 823128 194275 935735 677719 794208 252660 326722 560718 1063370 786326 630260 733550 199360 605803
203486 228211 308386 474702 447653 591719 969525 377801 705704 916829 482023 442398 93359 501356 99679 373551 423403 550732 686894 435746 675439 725841 785089 261338 517562 784868 640946 356095 936088 768377 379226 667595 532808 186219 578157 214652 797323 74663 506990 601165 909362 706107 275771 649187 570578 696900 811990 129873 141605 601254 999999999 398957 265991 367214 521803 618901 158613 280272 452512 849080 597808 221135 633508 648021 376888 271123 294523 832961 718581 737728 678274 616295 148747 883472 794412 842287 577913 75204 452110 214288 634987 803216 389512 590311 725896 531540 314490 529787 410516 173755 765707 715010 376688 43865 718181 336950 665959 201156 606654 745669
292655 288481 315449 406013 88139 701537 771648 401850 315746 743254 571009 588896 308568 361915 446294 59769 668950 484567 624202 299349 314360 446675 710549 516728 624260 438229 249554 407950 731654 370538 567681 277386 532530 573247 180313 528724 514390 433630 673922 248471 669542 918521 129827 379913 505969 489608 665909 522629 540215 850053 398957 999999999 329884 660758 252812 625941 460001 267895 339846 604455 743358 178179 597173 768201 143572 127986 112579 604751 434223 431950 503512 231522 296007 639502 743270 652103 465382 396292 535014 600618 725266 673485 90800 696147 365499 497601 105174 698201 137831 226889 560078 849054 529312 403818 327470 67537 549270 531007 759559 665523
75106 380829 460140 617648 321640 820188 1067991 553289 632520 1028648 696933 675738 246565 610292 363927 274239 683070 702319 848642 537291 643912 764588 945248 515941 741358 768099 567574 541492 1029822 667596 622289 595475 713975 436987 468148 246168 834984 339425 750169 425463 979691 965026 221078 692197 724461 781584 936309 323650 372392 864495 265991 329884 999999999 632449 557079 808779 196510 410189 569624 914918 838013 221172 804853 882004 406548 244411 230260 909236 753381 756749 781116 471956 311690 950487 965971 942384 708208 325619 662322 463277 858389 936050 261949 817348 540670 697089 226893 774296 248720 237577 854098 955171 607349 304239 642871 304999 799717 259032 849317 901592
565643 374368 381369 458758 736583 336544 910127 354940 904912 842811 302923 224536 403656 530394 268524 663392 90311 487751 564894 504773 835978 791784 646662 144221 297882 910191 850627 328534 888270 986858 164941 871640 416255 242571 831274 521269 851753 293081 225902 902355 900577 349993 574915 726059 496311 704058 733055 370548 311547 236597 367214 660758 632449 999999999 643773 455009 497153 408893 490120 855653 305977 517786 505543 366279 561785 555456 590927 826727 791180 827057 661745 891909 374598 883190 632449 797975 544076 310065 300929 232696 384691 711188 692098 339605 1024219 448435 616399 237562 727826 463811 752986 408071 212131 328307 917717 593899 600854 499213 305665 622442
501478 311400 266713 233191 323306 559155 519499 298264 279210 490583 442867 491715 432466 158216 521237 310932 617216 285912 403774 142732 194031 210538 478513 510301 494258 273311 243090 320395 479794 369071 502767 254413 360367 651226 293595 706384 282412 520624 570649 435781 423029 811590 336003 135668 303070 236926 417031 650763 645520 774249 521803 252812 557079 643773 999999999 438867 636299 259051 170870 358074 615598 348884 392380 622303 154552 313978 327749 354617 201001 216014 254833 374396 376117 393604 517414 399293 245343 482069 413350 674110 568274 427598 343586 552320 517824 314599 336413 591464 389523 366549 307290 701836 453639 504986 290993 253336 314910 701766 633896 434559
734584 428135 349785 220572 713178 167020 466341 255493 707523 396173 156348 231270 577246 281943 546250 666862 375990 152987 117196 329102 606711 464440 191734 409261 159888 621390 680451 269247 450860 798186 299607 688570 96263 623640 726583 832008 498877 564446 250827 856941 485987 428496 629302 430965 137402 338348 290767 706570 665365 443746 618901 625941 808779 455009 438867 999999999 776977 402098 288596 458140 233757 598762 67738 210579 482374 600340 634109 422808 471281 516491 284277 806271 503203 476715 183235 369740 202852 545071 173956 630831 149498 264365 704472 159654 951722 129076 656184 256098 753386 571517 355869 280081 268370 578155 717875 583871 193031 816078 251212 169500
