NAME : synthetic_000744
TYPE : CTSP-D
DIMENSION : 100
GROUPS : 8
RELAXATION_LEVEL : 1
EDGE_WEIGHT_TYPE : EXPLICIT
EDGE_WEIGHT_FORMAT : FULL_MATRIX
EDGE_WEIGHT_SECTION
999999999 587720 189489 18098 781685 743523 362088 847286 294435 950273 214705 325111 524705 384083 455161 826913 746630 349875 631076 748536 288906 946630 622071 438585 551720 365833 246486 698281 460466 639147 880333 46783 488782 663496 165974 454069 93867 89810 776958 830007 151427 116460 623121 850575 421776 520746 135047 349988 931321 532295 400136 559934 488834 688523 103200 275629 396584 767369 335459 680298 281960 685441 438491 659699 312519 282855 470499 737817 427783 142852 321095 77163 128554 786444 60281 197970 521462 273419 349816 774012 182876 577991 381122 377537 143385 345306 610989 731047 404266 298791 385587 691654 580274 435795 558052 543151 272216 127928 483256 436182
587720 999999999 657236 605777 282349 748354 314724 968130 475539 1021676 645692 613537 167577 758873 1015937 402649 505067 889466 342460 974299 832895 1036557 952475 248155 809719 540125 520431 637243 807575 314747 957074 632595 683879 713135 669175 953236 501830 545704 472389 689497 655214 471408 592829 392924 584661 362841 452697 426161 978826 963730 461852 307870 109911 201605 572588 317012 953442 371314 567885 967408 857832 945738 367300 517451 865626 469545 938015 671108 537743 504289 763870 531800 497279 436226 542651 455453 154802 638883 238005 236986 701162 403651 891951 354154 635632 367208 462615 508703 837734 492012 209255 843313 708465 338920 601934 1079751 362900 616436 852633 708778
189489 657236 999999999 184983 790493 600419 364620 672947 224436 780485 36152 171487 548678 194965 365297 803328 674491 234139 596089 563124 182262 773863 432602 448501 369144 552254 432452 578531 271436 613848 712311 198253 326699 517254 338432 302256 198285 141053 720273 717439 326914 247866 506005 836389 286792 474718 254863 521669 766587 353362 577188 533247 577015 705675 292688 348384 302786 741736 524057 491434 237932 498188 395893 571045 217765 461663 301978 614598 312380 158341 135830 255988 302885 743121 171328 368039 550525 103479 431783 799027 60212 518929 236138 353062 46105 503584 534595 655290 221023 217011 483473 519375 423428 405929 429988 422537 295319 312732 293950 260705
18098 605777 184983 999999999 798568 749558 377644 848528 304562 952527 212400 327910 541745 379947 438480 842508 759230 335065 645745 746616 274241 948282 616787 454858 550609 375155 256481 706792 456418 654351 882862 30582 491556 668971 161114 441244 110441 99570 790645 839474 147442 134554 631686 866628 427575 534425 153087 363648 934482 522768 412545 574863 506928 705587 109974 293364 380314 782785 343228 676416 264638 682661 451989 670861 296914 295272 459470 746068 435591 154577 313905 92269 143473 800947 74447 212796 538659 273448 367854 791389 172972 591046 368130 391736 139176 360828 622943 743357 396120 308056 403668 693158 584113 450047 565293 527665 288054 128256 477655 436488
781685 282349 790493 798568 999999999 643365 429931 880797 570649 904081 767750 687599 257415 828982 1154283 140031 332790 1021087 237068 936404 972623 925902 968143 347059 815319 812959 775891 527088 855104 204755 850233 828467 691397 639909 897358 1054741 688140 716053 269973 521896 881974 673430 515316 114476 612370 343699 653298 698401 855257 1027916 739570 271442 379668 95487 795510 511843 1092294 143681 836086 960043 1019574 928571 405156 404840 1008254 731525 1023866 547897 560706 663291 863227 744051 721957 215284 726234 696722 262212 736710 457298 67518 845433 337523 1006289 437752 783926 637074 374800 347743 920061 582222 456846 791233 676194 388451 561627 1195212 514030 842565 902318 745255
743523 748354 600419 749558 643365 999999999 519391 237847 462857 273349 564319 429847 582065 472519 847363 547466 320052 732834 425324 330638 719706 289568 444013 530700 321865 1022878 919881 116858 435425 459571 210772 774316 279961 83543 909496 686329 680852 654989 393269 187845 894806 711803 158551 597676 321996 388437 700216 937968 231360 585282 999897 441270 756007 623642 829032 647751 801610 507709 1015397 396581 806722 355105 415641 241822 750813 915364 629020 99301 320587 610079 557538 771031 792489 449759 690673 825393 595820 497053 683057 698480 654215 345281 681530 468302 632839 886891 288142 300731 551500 453008 735575 191916 184197 442245 190611 825840 568281 867312 468078 360490
362088 314724 364620 377644 429931 519391 999999999 706365 161543 780888 345862 298876 184378 444572 729917 464866 407538 598202 272043 681969 546605 789187 641499 83989 504101 522135 436851 431165 493179 277487 711117 408181 382318 460915 500823 647671 268834 288478 424733 535746 484709 267790 364278 489783 280227 176079 248747 425738 745843 649697 486255 199733 268306 342038 399905 137939 667387 405306 524431 662561 589814 644974 108479 347190 581676 416705 627529 471781 239796 234205 455679 341325 336155 427632 303411 341224 187279 328478 164432 434625 417231 239438 591226 52048 354581 370770 288475 396432 525710 177624 219959 564614 426758 89462 338797 781022 90303 447112 537996 396921
847286 968130 672947 848528 880797 237847 706365 999999999 607675 115120 639962 523458 800554 495898 820542 784434 557149 732006 658513 171561 738706 101611 348448 735467 309802 1170862 1058452 353709 430271 693084 70377 867603 361958 255008 1008339 649543 805756 766516 629800 401601 995536 845792 378098 834667 450450 605359 838705 1100288 127440 520368 1162640 666126 962249 857449 944519 819408 789077 745540 1155547 274059 830749 235698 613825 477273 762407 1065315 586886 335918 474101 733778 584443 892335 924261 686731 804332 969800 813522 575482 869625 934889 714285 571525 670381 654421 714560 1056069 518132 538289 543617 593337 926282 155907 284577 642402 370667 768198 734554 975212 440655 412821
294435 475539 224436 304562 570649 462857 161543 607675 999999999 697578 198179 138693 341410 283334 584232 578894 461117 450753 371777 553336 404397 700064 489837 239901 362967 566053 458521 405919 335293 389505 626371 333238 253643 388335 457261 489506 220060 205056 500819 535743 441728 248949 330857 612232 157271 250819 237809 492712 670433 488294 555025 309094 419177 489863 369366 221367 522648 517304 554914 519372 461237 507272 171471 367189 440422 459341 466762 446130 142484 152675 296875 310021 329637 520391 236350 365788 346175 169030 289735 584676 282983 298475 436709 134518 229117 450381 322211 443691 364446 17440 349037 455347 323780 182896 272638 626380 136743 410587 378911 247058
950273 1021676 780485 952527 904081 273349 780888 115120 697578 999999999 746677 625201 855202 608038 935485 794853 572222 846881 695811 281742 852666 31982 461745 800235 422323 1263497 1153649 387154 544112 729580 71208 972837 461697 319979 1113156 764453 903420 867201 640964 394105 1099918 941234 430086 844593 542050 660958 932781 1187563 51205 634414 1249955 714579 1026717 892563 1045393 901627 904193 763437 1250623 385845 944645 349040 681769 511697 876851 1156917 701767 358824 558712 831176 697028 991493 1020802 698595 904800 1062800 868877 680975 945306 962691 823998 618578 785418 728932 820895 1140447 560984 556361 658290 684422 1000055 261207 375114 709452 442216 881583 818330 1077979 555599 519783
214705 645692 36152 212400 767750 564319 345862 639962 198179 746677 999999999 135363 530227 171085 386535 775961 642000 253465 568303 534227 206312 740613 410588 429157 338493 572259 452707 542772 246892 587245 678165 228506 291241 481188 369296 308155 209129 153673 689233 681849 357167 258730 470476 810145 250956 446487 263097 535253 732019 344734 592372 507110 569892 684712 317282 342974 324668 714363 546085 466147 269235 470737 369181 537369 242399 478326 300426 578677 277751 158043 126997 275966 320336 713525 187924 382937 532908 67575 425792 778759 94231 488641 246672 330054 74712 513274 502256 622510 211185 188984 479621 485777 387740 380961 394101 435859 282796 340656 273612 227204
325111 613537 171487 327910 687599 429847 298876 523458 138693 625201 135363 999999999 473605 146394 485808 676349 521438 353810 469757 440415 320115 622042 355512 373388 242723 655131 539263 408453 197150 493612 555223 349739 163700 347090 488956 367782 284850 243082 574674 548057 475332 328383 337199 714907 116965 349023 324583 597921 606573 351573 658902 417529 557370 613349 421073 350342 427765 615390 635991 392495 395737 386144 282769 412221 355520 552788 337034 443771 151317 214344 179378 369398 404011 605006 280921 455612 479696 70174 424503 708654 228146 380155 325357 264925 203217 563581 383742 500808 233245 121762 483328 367564 257003 302368 259430 510651 269894 452778 240251 121626
524705 167577 548678 541745 257415 582065 184378 800554 341410 855202 530227 473605 999999999 619921 913911 326619 361516 782479 194893 809783 730364 869579 797973 101656 651474 586464 532265 472625 660976 176120 790063 571481 524506 545562 641557 830514 431422 461995 345315 535796 626001 416043 425716 338196 428344 195315 395909 474581 813032 824813 525201 145154 189781 163849 539378 254868 851314 276182 602646 807780 770219 784140 206297 356059 765201 494179 807828 507850 379140 411127 638035 486963 466702 324126 470061 447000 14563 510284 208378 252510 600220 239091 775250 208760 536595 412424 298910 360764 704936 356030 224509 676800 542979 179442 434971 965111 260665 586687 707309 557255
384083 758873 194965 379947 828982 472519 444572 495898 283334 608038 171085 146394 619921 999999999 380411 808239 634345 260465 604765 371591 250267 597498 239592 519782 186102 743276 623775 485858 76473 630973 543526 392116 197596 390774 530868 236614 377123 323514 694528 624385 520150 426007 424670 849253 225463 486815 427940 702971 601269 205243 761227 557698 698717 757471 487183 483035 330553 748301 717080 296478 340619 304596 426108 520273 279418 648315 196056 514139 274112 317291 89410 447050 490960 730644 358720 552179 626086 131938 561438 852703 223299 510032 212890 411299 240910 677004 503205 612400 93932 266960 619130 349577 288598 447179 343201 382710 407896 507528 104827 114513
455161 1015937 365297 438480 1154283 847363 729917 820542 584232 935485 386535 485808 913911 380411 999999999 1158445 1005460 133681 950678 659906 183864 917319 478511 813787 533687 777213 670698 866251 412846 971497 880739 422380 577797 767713 494617 171061 522440 472330 1060396 1004715 495191 563727 803887 1194441 593808 828675 578519 793629 941115 306102 834676 892131 927919 1070657 527180 700391 62710 1097003 735458 557027 177321 588811 754054 893671 150313 720658 233785 894310 635896 511738 309091 530196 580591 1090367 482881 648965 915542 424229 782798 1164242 315422 865024 167521 716560 380700 797865 869119 984266 295869 573846 828310 698024 665639 767123 722323 113629 658071 512008 386811 494822
826913 402649 803328 842508 140031 547466 464866 784434 578894 794853 775961 676349 326619 808239 1158445 999999999 227416 1024892 207837 860220 982084 818976 915826 390994 763658 910120 858828 435664 822121 190387 746480 873047 646997 559204 959069 1042059 733447 751620 154838 403408 943163 727767 441632 50233 583567 329876 707916 796735 744676 997286 843480 271454 486948 201045 856764 573230 1098112 61603 928313 897159 1039551 862081 407480 324771 1018229 820375 1004115 448598 534127 695994 855683 800904 786758 97720 768235 772356 336527 734352 534903 207372 861630 298207 1001522 456692 804804 734503 314252 247192 901822 587005 547715 713350 613222 399911 502874 1186458 554753 904388 868575 711993
746630 505067 674491 759230 332790 320052 407538 557149 461117 572222 642000 521438 361516 634345 1005460 227416 999999999 874758 166689 636694 840866 594987 706973 366063 558123 920402 843149 209485 633693 190576 520898 789153 452568 336191 899776 870881 659563 660633 73912 192068 883674 669400 227602 277631 412000 231904 651628 815296 522947 807169 871458 226791 551203 335611 801733 542439 948674 191216 927564 680714 911183 643666 310495 115126 876560 818335 825626 221242 370198 604731 696439 741634 742181 129708 686427 748217 375871 587954 537503 393960 734702 170071 841014 375077 687729 755121 139944 22774 727747 463039 572705 490032 401693 319889 300582 1017012 491786 847841 678052 527227
349875 889466 234139 335065 1021087 732834 598202 732006 450753 846881 253465 353810 782479 260465 133681 1024892 874758 999999999 817098 582270 61054 831859 407867 681886 430695 697406 583739 742912 306680 837820 787320 325467 457096 651238 425701 124622 404998 351492 928413 882449 422298 449729 678036 1060770 464230 695079 462568 698271 846918 251667 744897 758460 805058 938103 435511 576307 73956 963427 659226 484823 119134 510103 620386 763982 45965 628216 171842 772887 504649 385778 180745 426966 478341 957499 367377 547748 784546 290914 659460 1031990 189078 732044 64921 583482 254474 695013 737538 853833 189146 440216 707651 597737 549047 633618 596688 195160 528950 430312 291387 374202
631076 342460 596089 645745 237068 425324 272043 658513 371777 695811 568303 469757 194893 604765 950678 207837 166689 817098 999999999 701843 774331 714232 731688 212674 578746 764623 695460 309087 624238 34653 635961 676306 455887 409795 772843 836673 539058 551585 158007 347040 756735 539801 283865 245175 382404 122040 520647 656569 649860 798642 710904 72585 384521 198939 671706 396952 890284 146330 775221 723029 832922 691884 200858 184128 810483 665591 800809 337859 331574 495323 648860 613354 606164 155679 571325 602976 209212 526695 379755 280861 654745 100649 794480 254686 599069 595417 141612 167246 697761 379428 410153 558045 439544 196558 324825 980355 361908 719021 671256 513849
748536 974299 563124 746616 936404 330638 681969 171561 553336 281742 534227 440415 809783 371591 659906 860220 636694 582270 701843 999999999 597225 259910 181912 728983 198529 1094631 977484 427869 297466 735998 240427 761377 301557 301053 901291 489234 723383 676608 710491 516940 890012 768352 421791 909613 403430 622025 764991 1037615 298959 355386 1098928 691499 949048 896418 850184 774381 633562 812794 1073518 104425 688727 72173 607346 536637 616903 993103 426644 425723 442476 654254 454468 803816 842177 764101 714072 895867 821070 476738 837003 982607 594851 604622 518494 632536 607954 1000635 561678 615175 398972 536786 895998 146877 267515 636024 380394 600723 688997 874870 294786 319125
288906 832895 182262 274241 972623 719706 546605 738706 404397 852666 206312 320115 730364 250267 183864 982084 840866 61054 774331 597225 999999999 839715 430059 630553 431374 638952 524335 720434 308554 793548 790369 265450 440433 636860 371169 175202 344794 292036 891573 860573 366722 389050 652713 1016457 434708 652392 402173 637664 849030 287825 684836 713412 746744 887918 375812 518368 121155 920496 601560 504415 92072 525574 575492 732334 36162 567978 211032 752473 471267 328625 162383 366027 417412 918054 306789 486827 731833 252987 601259 981158 131790 692657 104121 534995 197273 633982 702169 820519 198261 395241 648539 597726 535583 586975 572223 255849 474226 372531 302500 359249
946630 1036557 773863 948282 925902 289568 789187 101611 700064 31982 740613 622042 869579 597498 917319 818976 594987 831859 714232 259910 839715 999999999 441292 811645 411398 1265237 1154163 405146 531464 748260 79531 967828 459303 329268 1108449 746273 902608 864808 664652 420071 1095482 941520 443872 868877 543535 674701 933695 1191557 80387 614553 1253963 730331 1038500 911833 1042982 907374 887643 786112 1251232 364333 931780 329075 691991 530192 862976 1159069 683543 378882 562997 830444 685989 989972 1020609 722284 902544 1064283 883082 675675 953423 983648 815723 634442 769708 737149 815116 1145563 577698 578491 643965 686395 1008869 255153 376410 720007 450497 860624 823400 1074509 540504 513409
622071 952475 432602 616787 968143 444013 641499 348448 489837 461745 410588 355512 797973 239592 478511 915826 706973 407867 731688 181912 430059 441292 999999999 704864 152993 982840 863288 511996 165361 763392 413700 626443 277870 384792 762071 308352 615995 562990 777693 628870 752560 664459 479437 962588 369632 630073 665343 941031 473874 173474 999901 703469 907504 912138 725270 705854 454590 861460 956230 78562 519551 112781 592157 595152 445660 887641 246116 523532 419488 553694 306054 686518 730528 825327 598312 791235 806925 367003 779045 1004486 451437 631043 343142 598493 478704 912587 602404 684268 235098 472399 838143 257594 305283 618532 412957 419866 624687 743058 139349 244609
438585 248155 448501 454858 347059 530700 83989 735467 239901 800235 429157 373388 101656 519782 813787 390994 366063 681886 212674 728983 630553 811645 704864 999999999 561570 554599 482786 430391 563314 210219 732402 485175 435915 482859 568331 728861 344726 369317 370398 517077 552377 336789 372177 412226 336519 149907 316923 449414 761420 724926 506372 141723 226987 258183 466150 185374 751285 333420 563383 719345 673363 698224 122651 328252 665653 453810 706536 469114 289811 316233 536401 409918 397483 364572 381379 390591 106446 408677 171835 350641 501207 210220 673754 108730 438409 389739 267736 359010 603847 254745 212954 602414 465584 93752 364949 863632 167611 513765 609207 461925
551720 809719 369144 550609 815319 321865 504101 309802 362967 422323 338493 242723 651474 186102 533687 763658 558123 430695 578746 198529 431374 411398 152993 561570 999999999 896143 778959 370876 124059 610565 359016 566814 127271 250249 707417 367655 524868 478273 627694 497377 695550 570023 330775 810111 225253 478593 567021 840610 417713 264188 901625 551793 772282 760589 652712 584069 493777 708827 875038 158465 523098 144582 445178 444931 457176 794912 308504 388075 272491 455961 274763 605534 643649 674098 515823 697642 661125 278883 651402 852410 406323 478097 372798 457962 412927 805292 449832 535354 241992 345857 710757 167098 158476 472447 260969 504511 499700 678766 147931 121105
365833 540125 552254 375155 812959 1022878 522135 1170862 566053 1263497 572259 655131 586464 743276 777213 910120 920402 697406 764623 1094631 638952 1265237 982840 554599 896143 999999999 119803 947749 818587 755548 1192292 375845 810071 952482 284198 811880 371318 420739 922428 1057815 282197 326817 876550 914023 721738 694700 332353 114578 1236308 897869 90445 695786 434363 720935 265968 384360 727577 862409 46503 1036088 601642 1036480 630022 869268 654431 107524 834000 988826 706850 440787 686303 296505 253188 908737 384662 201062 575126 620676 384886 775779 548087 758221 738717 566869 506650 176143 810155 912331 769994 579083 362577 1016204 888895 611164 832851 880125 456202 267452 845429 775655
246486 520431 432452 256481 775891 919881 436851 1058452 458521 1153649 452707 539263 532265 623775 670698 858828 843149 583739 695460 977484 524335 1154163 863288 482786 778959 119803 999999999 851284 699255 691040 1082531 259348 696735 846791 190124 695693 254464 301945 853067 967846 183334 212684 778365 868877 611712 612741 221076 132707 1128295 778764 164175 624085 410557 681068 148756 300729 618338 806634 97096 917226 493651 918384 541657 781781 541896 59428 715900 892376 600750 325380 566573 176801 135360 845793 265433 96413 522904 502257 323925 747449 429131 676237 622454 476648 386853 166298 724342 832921 650400 470329 319602 903140 778540 526131 729276 770183 360998 159171 725713 658950
698281 637243 578531 706792 527088 116858 431165 353709 405919 387154 542772 408453 472625 485858 866251 435664 209485 742912 309087 427869 720434 405146 511996 430391 370876 947749 851284 999999999 466281 343164 326978 733920 289069 129694 862679 715465 625634 608475 283396 140182 847286 650331 75172 485665 291843 282960 636464 856120 342337 631820 917111 329375 651934 507021 774941 565615 814990 393113 944560 477768 801818 439023 323439 125150 754067 840596 663208 41115 271938 558300 562542 715150 730166 338387 641598 755241 486711 478580 591177 581695 636418 233734 698736 382580 604205 801921 174725 188645 574123 399782 640466 281693 213087 347507 149147 859833 491902 816506 506084 371623
460466 807575 271436 456418 855104 435425 493179 430271 335293 544112 246892 197150 660976 76473 412846 822121 633693 306680 624238 297466 308554 531464 165361 563314 124059 818587 699255 466281 999999999 652919 482247 468453 181581 357626 606873 251463 450748 398184 698407 600619 596320 499121 413251 865567 242740 511454 500009 775673 541328 175190 834565 584317 754387 789410 563521 545472 370647 763815 792964 220005 400545 229148 459847 518567 333449 722556 196978 489784 294405 388445 157272 522677 565864 739097 433925 626014 668422 201723 621224 883979 298063 525855 249587 454797 317360 747653 510315 611168 118427 318083 679813 291154 256926 483636 334230 393997 466650 583984 47226 110419
639147 314747 613848 654351 204755 459571 277487 693084 389505 729580 587245 493612 176120 630973 971497 190387 190576 837820 34653 735998 793548 748260 763392 210219 610565 755548 691040 343164 652919 999999999 670118 684930 486833 444426 776546 861230 546214 562126 169349 376012 760499 543821 318484 222989 410446 144630 524305 645816 683359 826801 698607 81071 363814 164371 674762 395583 910623 129272 768128 756027 849506 725282 218091 218067 829644 658618 826846 371256 359150 506258 672085 617354 607299 154772 579933 600141 189877 548370 371202 246609 671795 133081 817225 266410 614514 584129 176236 194113 723456 398331 397182 592439 473044 209530 358258 1004138 367785 722287 700047 542677
880333 957074 712311 882862 850233 210772 711117 70377 626371 71208 678165 555223 790063 543526 880739 746480 520898 787320 635961 240427 790369 79531 413700 732402 359016 1192292 1082531 326978 482247 670118 999999999 903554 391568 250524 1043662 710151 832553 796798 591739 352611 1030294 870160 364351 796574 470889 595170 861633 1116495 60490 583852 1178892 651019 959195 833979 974950 830906 846811 711581 1179490 341244 882113 301525 613073 452127 815676 1085709 647755 302394 487628 760304 632835 920788 949796 649260 834338 991607 803558 612053 875474 907083 757020 555180 726997 659110 752142 1069588 498720 503625 598222 613220 930577 194375 304029 640985 372320 832431 747431 1007926 497050 451817
46783 632595 198253 30582 828467 774316 408181 867603 333238 972837 228506 349739 571481 392116 422380 873047 789153 325467 676306 761377 265450 967828 626443 485175 566814 375845 259348 733920 468453 684930 903554 999999999 512937 693194 140839 436411 140540 128786 820994 867353 128748 161289 658895 897047 452398 564790 180461 373592 955919 524892 419442 605442 532447 735295 110597 321905 365890 813349 341153 688263 246379 696211 482309 699998 285112 302789 458665 772952 462296 184423 321319 109425 158564 831486 105027 226587 568202 292159 394962 820653 176981 621187 363181 422239 153898 375501 652558 773140 401339 336122 428875 712699 606611 480555 591359 515443 318523 116978 487094 454885
488782 683879 326699 491556 691397 279961 382318 361958 253643 461697 291241 163700 524506 197596 577797 646997 452568 457096 455887 301557 440433 459303 277870 435915 127271 810071 696735 289069 181581 486833 391568 512937 999999999 196683 652540 426988 443801 405634 518404 426925 638992 484175 232088 692046 102262 352206 477718 744072 443013 354653 806103 425600 650453 634275 583842 473624 527991 590285 793811 283601 526811 263002 318261 337480 472274 705341 376680 316560 146136 371830 278875 530702 562343 560992 443317 609136 534339 223837 535478 726680 377309 355530 410320 334376 363574 703647 333065 429970 285106 237715 594525 206409 97440 345788 152651 572096 388040 616361 225484 83092
663496 713135 517254 668971 639909 83543 460915 255008 388335 319979 481188 347090 545562 390774 767713 559204 336191 651238 409795 301053 636860 329268 384792 482859 250249 952482 846791 129694 357626 444426 250524 693194 196683 999999999 829408 609085 603815 575600 409810 247191 814911 636770 125972 608680 241797 350351 626130 871579 286194 514285 933836 412009 709839 608049 751043 583392 720717 512593 942984 348138 723492 309342 362734 236565 668278 845164 553245 139008 246065 532381 474885 693793 717380 463069 611788 753370 558571 413827 625339 689734 570770 318467 601180 408974 550258 822702 268191 314423 472005 377269 680141 154177 102267 390815 122469 750510 501362 788297 392948 277880
165974 669175 338432 161114 897358 909496 500823 1008339 457261 1113156 369296 488956 641557 530868 494617 959069 899776 425701 772843 901291 371169 1108449 762071 568331 707417 284198 190124 862679 606873 776546 1043662 140839 652540 829408 999999999 546359 241185 255020 924322 992751 16140 233042 787514 977482 587729 669825 252312 322495 1095520 649293 350988 700424 561335 802098 102390 387209 447641 901731 241192 826075 321358 835410 589343 818530 380738 247947 577840 902509 593133 304588 456017 159502 175566 928340 221084 215834 635469 432857 442829 879829 310650 729841 474734 525456 294627 347576 767319 885514 532289 462904 459983 853299 745220 582511 723695 600191 411444 54877 622957 595686
454069 953236 302256 441244 1054741 686329 647671 649543 489506 764453 308155 367782 830514 236614 171061 1042059 870881 124622 836673 489234 175202 746273 308352 728861 367655 811880 695693 715465 251463 861230 710151 436411 426988 609085 546359 999999999 494276 437638 931037 851341 541877 542199 658219 1081799 461457 716601 552220 803923 770578 138402 853789 785262 877747 977981 546953 649885 149175 981567 775482 386911 243124 417925 649585 756621 170452 736513 62730 740474 508788 460580 192650 530724 581796 966408 460515 650828 834599 320491 733100 1073141 276128 744195 73240 623788 335836 794817 739564 848878 143226 475780 785588 529547 508215 667384 577276 146135 590565 546666 219733 346196
93867 501830 198285 110441 688140 680852 268834 805756 220060 903420 209129 284850 431422 377123 522440 733447 659563 404998 539058 723383 344794 902608 615995 344726 524868 371318 254464 625634 450748 546214 832553 140540 443801 603815 241185 494276 999999999 57331 686955 753194 225226 49734 550691 756769 363808 431146 58035 326262 880383 551316 384105 467492 407434 595270 149333 185910 461224 674113 351142 666009 357183 665334 349644 577402 373891 272062 499460 666010 360602 72249 333088 90205 119162 694646 40826 175272 428535 250362 264328 681578 219272 489964 423945 287026 158875 305352 526224 644867 418334 228176 306279 650074 528845 344962 491637 600103 178704 191722 481308 404584
89810 545704 141053 99570 716053 654989 288478 766516 205056 867201 153673 243082 461995 323514 472330 751620 660633 351492 551585 676608 292036 864808 562990 369317 478273 420739 301945 608475 398184 562126 796798 128786 405634 575600 255020 437638 57331 999999999 693738 740346 240041 106814 533313 778053 333823 437793 114756 381879 846569 494278 438706 481776 455590 625128 178209 228845 410422 691191 397183 615372 312646 616594 355137 571333 322611 324867 442142 648037 338176 56445 276209 127289 167712 706050 37867 229264 460660 200407 310608 714178 163835 493163 367818 296901 101871 362531 523794 644466 361492 209020 356544 610612 494830 355113 468675 546217 202035 212784 427013 359468
776958 472389 720273 790645 269973 393269 424733 629800 500819 640964 689233 574674 345315 694528 1060396 154838 73912 928413 158007 710491 891573 664652 777693 370398 627694 922428 853067 283396 698407 169349 591739 820994 518404 409810 924322 931037 686955 693738 999999999 252604 908182 691733 298494 205032 469864 256227 673065 813816 591076 872833 867376 229017 531480 287799 824203 553718 1002353 126292 933227 753255 958092 716607 338706 182763 927553 823597 887881 294164 424842 637330 752244 764991 760699 57639 716728 760069 358895 638895 537544 334234 780261 202350 897796 399930 729729 752402 191758 95393 788360 504936 566067 563772 472572 342125 368030 1076981 513015 871150 743533 590356
830007 689497 717439 839474 521896 187845 535746 401601 535743 394105 681849 548057 535796 624385 1004715 403408 192068 882449 347040 516940 860573 420071 628870 517077 497377 1057815 967846 140182 600619 376012 352611 867353 426925 247191 992751 851341 753194 740346 252604 999999999 977105 773952 211479 452510 431205 367965 758751 960074 343265 761207 1019412 391936 724105 527415 901834 673460 954225 378452 1058540 584169 941948 542861 427848 189591 894129 951914 797423 110869 407929 688320 702304 841508 852412 309453 772064 871434 550358 618226 686553 584732 775731 306990 837220 491807 741759 902862 249922 182883 711191 531420 729948 379714 344035 447175 289138 994601 606904 944876 638290 509905
151427 655214 326914 147442 881974 894806 484709 995536 441728 1099918 357167 475332 626001 520150 495191 943163 883674 422298 756735 890012 366722 1095482 752560 552377 695550 282197 183334 847286 596320 760499 1030294 128748 638992 814911 16140 541877 225226 240041 908182 977105 999999999 216936 772128 961728 573167 653692 236237 314913 1081891 642421 345848 684322 547677 786754 86661 371527 446818 885763 240360 815818 320546 824538 573232 802608 377747 240102 571864 887172 578014 289077 446590 143384 160460 912241 205714 203065 620007 420108 427909 864848 301202 713730 469818 509325 282624 337640 751302 869437 523884 447542 445968 840332 731296 566372 708677 599474 395310 39447 613317 583071
116460 471408 247866 134554 673430 711803 267790 845792 248949 941234 258730 328383 416043 426007 563727 727767 669400 449729 539801 768352 389050 941520 664459 336789 570023 326817 212684 650331 499121 543821 870160 161289 484175 636770 233042 542199 49734 106814 691733 773952 216936 999999999 576000 748087 399586 438283 20136 277008 916544 601010 335444 467387 372523 579160 132559 162523 503318 669750 309778 713242 394522 711515 359149 593680 416735 225062 548631 691128 391365 114107 382811 73577 80688 695308 82449 127794 411585 298034 233676 662244 266402 499338 471293 294328 207670 255718 539946 656029 468062 259505 269518 690559 566131 350529 521478 644855 178726 179432 530395 449234
623121 592829 506005 631686 515316 158551 364278 378098 330857 430086 470476 337199 425716 424670 803887 441632 227602 678036 283865 421791 652713 443872 479437 372177 330775 876550 778365 75172 413251 318484 364351 658895 232088 125972 787514 658219 550691 533313 298494 211479 772128 576000 999999999 490197 220234 230934 562428 787111 389656 584003 848534 288214 597535 482088 700016 496276 750876 391745 872225 455844 732212 420449 258525 117031 686937 769190 608755 115326 197258 483164 497292 640316 656035 347944 566434 682558 439212 407354 526747 564080 564457 193447 636718 314233 530474 734158 142254 204869 515498 324614 578212 275978 174169 284477 81567 803759 420350 741429 455789 312084
850575 392924 836389 866628 114476 597676 489783 834667 612232 844593 810145 714907 338196 849253 1194441 50233 277631 1060770 245175 909613 1016457 868877 962588 412226 810111 914023 868877 485665 865567 222989 796574 897047 692046 608680 977482 1081799 756769 778053 205032 452510 961728 748087 490197 999999999 625515 366375 728062 799865 794323 1040587 843995 303156 484668 194526 875097 590363 1133609 101827 934509 945270 1071236 910565 440965 373585 1052538 827834 1045296 498827 575390 723073 893922 820616 803616 147947 792736 785100 346448 771033 545809 178058 893956 340031 1039414 486210 835687 737903 360285 297301 942512 621284 553307 762769 660947 430870 549720 1225525 578619 922638 912248 755238
421776 584661 286792 427575 612370 321996 280227 450450 157271 542050 250956 116965 428344 225463 593808 583567 412000 464230 382404 403430 434708 543535 369632 336519 225253 721738 611712 291843 242740 410446 470889 452398 102262 241797 587729 461457 363808 333823 469864 431205 573167 399586 220234 625515 999999999 268765 390751 649980 517030 416376 712296 341800 548476 548103 509830 373805 537933 524127 708629 383470 512354 364768 222672 299908 469577 615548 420778 327859 51757 291836 284722 453317 479618 505187 370153 520864 437398 187124 433650 642213 344595 285572 429018 232940 314324 607031 278200 390595 319382 142968 492584 298293 167157 248902 143223 607237 288140 546561 289949 133116
520746 362841 474718 534425 343699 388437 176079 605359 250819 660958 446487 349023 195315 486815 828675 329876 231904 695079 122040 622025 652392 674701 630073 149907 478593 694700 612741 282960 511454 144630 595170 564790 352206 350351 669825 716601 431146 437793 256227 367965 653692 438283 230934 366375 268765 999999999 420217 593657 619780 684297 652242 73517 369034 282073 570800 312631 768245 268363 699173 629915 712013 602562 82678 178631 688549 590645 682523 320695 217053 381353 527696 510990 510328 270234 460507 517272 208548 404805 318647 374808 533699 63639 673061 144389 479246 535545 118116 220355 579022 257798 362732 484954 354571 88019 242823 859617 260106 617275 558675 401790
135047 452697 254863 153087 653298 700216 248747 838705 237809 932781 263097 324583 395909 427940 578519 707916 651628 462568 520647 764991 402173 933695 665343 316923 567021 332353 221076 636464 500009 524305 861633 180461 477718 626130 252312 552220 58035 114756 673065 758751 236237 20136 562428 728062 390751 420217 999999999 275816 907219 606978 335571 448177 354833 559044 151178 142531 517697 650011 317892 712304 410788 709377 341691 577411 430687 228366 556605 677364 380252 112016 388605 93091 93784 676072 95711 131520 391471 298362 214769 642253 277301 481621 481974 276606 216603 250196 523115 638533 473658 249291 252295 683880 557724 332329 509678 657718 160257 198379 532638 445982
349988 426161 521669 363648 698401 937968 425738 1100288 492712 1187563 535253 597921 474581 702971 793629 796735 815296 698271 656569 1037615 637664 1191557 941031 449414 840610 114578 132707 856120 775673 645816 1116495 373592 744072 871579 322495 803923 326262 381879 813816 960074 314913 277008 787111 799865 649980 593657 275816 999999999 1157415 874623 62407 589224 319855 606535 266455 290837 738822 749940 143271 987815 616358 983877 534205 770634 658662 74884 817660 896950 628868 387775 657466 273202 222286 797988 350472 154090 462839 574125 277800 661391 530028 656669 731070 473544 478576 62266 710727 808394 742692 507479 250101 947905 815995 513112 750009 889014 370267 287356 807402 719539
931321 978826 766587 934482 855257 231360 745843 127440 670433 51205 732019 606573 813032 601269 941115 744676 522947 846918 649860 298959 849030 80387 473874 761420 417713 1236308 1128295 342337 541328 683359 60490 955919 443013 286194 1095520 770578 880383 846569 591076 343265 1081891 916544 389656 794323 517030 619780 907219 1157415 999999999 644297 1219724 671174 987182 845701 1024420 869585 906863 714105 1225019 400807 940625 361505 644604 465980 874764 1129284 708205 312114 529671 808198 690664 969308 996648 648681 883874 1036218 826873 665379 910194 914460 812611 575229 786887 694111 805548 1108880 516894 507536 657778 658042 964017 251694 351864 671821 408534 892830 787342 1058527 557030 506800
532295 963730 353362 522768 1027916 585282 649697 520368 488294 634414 344734 351573 824813 205243 306102 997286 807169 251667 798642 355386 287825 614553 173474 724926 264188 897869 778764 631820 175190 826801 583852 524892 354653 514285 649293 138402 551316 494278 872833 761207 642421 601010 584003 1040587 416376 684297 606978 874623 644297 999999999 929121 756606 900931 959569 632462 680559 287384 938869 865458 251613 369671 285538 628440 692112 294536 812665 80039 651369 467688 502395 218373 605197 654130 914126 524177 720681 831163 328716 761090 1054570 349798 700721 187928 616353 396078 856643 685390 784539 133553 472074 817602 413173 418906 650627 506780 248835 609369 640645 129306 285358
400136 461852 577188 412545 739570 999897 486255 1162640 555025 1249955 592372 658902 525201 761227 834676 843480 871458 744897 710904 1098928 684836 1253963 999901 506372 901625 90445 164175 917111 834565 698607 1178892 419442 806103 933836 350988 853789 384105 438706 867376 1019412 345848 335444 848534 843995 712296 652242 335571 62407 1219724 929121 999999999 644859 359972 649701 309655 352393 781751 798762 133374 1047873 657508 1044592 594622 829852 703955 117299 870126 957865 691267 447568 712979 324628 275005 849309 405909 209461 512848 633344 334562 698734 582136 714919 780661 534642 533250 116736 769740 865244 798012 569722 301432 1010144 878376 572942 812182 933195 432485 323340 865348 780524
559934 307870 533247 574863 271442 441270 199733 666126 309094 714579 507110 417529 145154 557698 892131 271454 226791 758460 72585 691499 713412 730331 703469 141723 551793 695786 624085 329375 584317 81071 651019 605442 425600 412009 700424 785262 467492 481776 229017 391936 684322 467387 288214 303156 341800 73517 448177 589224 671174 756606 644859 999999999 332177 208802 599193 324843 831001 210251 705092 702302 768571 674222 138086 210975 749470 595505 752909 363552 290047 425753 594898 540955 533590 227924 500416 531098 159613 469989 311535 301292 590983 96003 739409 185516 533474 528693 154776 222176 649186 318429 345999 552132 424591 128459 311173 927182 289803 646536 631544 474902
488834 109911 577015 506928 379668 756007 268306 962249 419177 1026717 569892 557370 189781 698717 927919 486948 551203 805058 384521 949048 746744 1038500 907504 226987 772282 434363 410557 651934 754387 363814 959195 532447 650453 709839 561335 877747 407434 455590 531480 724105 547677 372523 597535 484668 548476 369034 354833 319855 987182 900931 359972 332177 999999999 290156 466332 228961 865944 446729 460148 930715 764586 913244 348545 540886 778074 360153 868102 689157 506614 419908 692889 428604 391385 504198 448039 346640 175359 572417 145618 341678 615981 421823 813150 316559 550685 259576 481829 550507 771059 436478 103781 827001 689432 319872 591605 998109 291588 509225 797443 663082
688523 201605 705675 705587 95487 623642 342038 857449 489863 892563 684712 613349 163849 757471 1070657 201045 335611 938103 198939 896418 887918 911833 912138 258183 760589 720935 681068 507021 789410 164371 833979 735295 634275 608049 802098 977981 595270 625128 287799 527415 786754 579160 482088 194526 548103 282073 559044 606535 845701 959569 649701 208802 290156 999999999 700349 417178 1008322 173745 742854 910697 931459 881923 331391 381876 923225 637491 950372 533776 496465 573383 785546 649338 626640 243357 633857 601305 167578 658029 361821 95306 759181 291936 926571 355490 696585 544818 340053 345204 846593 502645 362574 754346 630948 311068 516505 1116215 423268 747331 836555 681045
103200 572588 292688 109974 795510 829032 399905 944519 369366 1045393 317282 421073 539378 487183 527180 856764 801733 435511 671706 850184 375812 1042982 725270 466150 652712 265968 148756 774941 563521 674762 974950 110597 583842 751043 102390 546953 149333 178209 824203 901834 86661 132559 700016 875097 509830 570800 151178 266455 1024420 632462 309655 599193 466332 700349 999999999 284867 472793 799570 233258 783251 349903 787810 491325 724044 394302 193852 568032 815338 509324 218959 423625 60527 75402 827028 140615 129780 533466 373854 342505 779113 282758 631662 473716 426724 246584 275710 671272 788125 506085 377116 363529 788633 672574 483081 640426 623743 311246 47624 586420 535650
275629 317012 348384 293364 511843 647751 137939 819408 221367 901627 342974 350342 254868 483035 700391 573230 542439 576307 396952 774381 518368 907374 705854 185374 584069 384360 300729 565615 545472 395583 830906 321905 473624 583392 387209 649885 185910 228845 553718 673460 371527 162523 496276 590363 373805 312631 142531 290837 869585 680559 352393 324843 228961 417178 284867 999999999 638146 517216 386698 739608 540830 728508 245673 485113 550235 278766 642873 606536 345308 190947 467949 232208 213555 549904 226564 206459 249668 352681 83433 499725 387248 376252 584490 183195 321851 239399 426377 532456 548584 238295 137150 670798 535198 227287 461179 769151 85673 332341 585492 466549
