NAME : synthetic_000553
TYPE : CTSP-D
DIMENSION : 100
GROUPS : 8
RELAXATION_LEVEL : 1
EDGE_WEIGHT_TYPE : EXPLICIT
EDGE_WEIGHT_FORMAT : FULL_MATRIX
EDGE_WEIGHT_SECTION
999999999 859952 262916 696905 345773 566445 828463 96374 447928 863483 909425 178977 655374 652252 57696 755046 826556 434205 840229 391333 540539 676847 305978 783633 705351 747681 313500 19396 528020 348935 296870 894809 702924 656673 328217 592952 829511 122362 348438 828627 814483 722327 316763 289061 675531 495462 746262 373166 376591 654147 593740 193904 531528 766519 427704 357239 679915 617322 209333 195963 176060 535809 729590 166240 384666 836572 157972 83602 392969 396542 549506 345388 359681 769625 893911 336671 703582 577582 462367 592535 371270 365667 412954 507755 705702 776672 598327 522211 332979 711517 743156 775191 180334 207381 442096 793794 798456 238112 175144 692653
859952 999999999 604318 317424 1105176 461366 151975 796497 467162 165030 88056 715345 243708 260130 803959 412831 710812 622850 728901 1089217 440890 183810 555533 175183 211996 165499 685173 873817 935280 991527 567847 258278 461331 438092 768626 972504 153419 826604 588461 128033 313970 617971 933238 924651 470482 574703 706029 908287 1083675 418251 467107 958933 418057 513621 502683 593642 643686 408082 654388 908082 809918 828679 283334 826510 781327 584943 716637 854792 1068419 487385 686276 922037 1074571 302837 132905 835594 583686 648156 649301 436885 558407 517780 698260 531495 256810 103374 463790 920336 690756 539927 117450 84771 1026506 1058847 657395 76100 470742 731418 776261 209617
262916 604318 999999999 439125 570565 405759 591493 226482 263476 600572 648932 115658 421671 389369 211915 578779 736373 355799 753658 588710 293403 420516 89653 520721 442457 508601 182770 279291 501211 512431 101080 633595 544008 490516 360638 562782 566663 273128 133632 566189 609943 616238 382396 438112 520728 388533 668554 480137 577382 480812 437355 409240 343757 620115 181775 149465 589113 438231 100130 376171 221364 552790 469714 296519 412310 704077 158412 282702 579154 197966 393621 387648 563050 563326 631466 320481 587350 402661 296815 349026 140219 105616 383614 377678 484624 516706 440735 489345 205174 578908 486881 519794 440305 469430 384663 535362 636123 169177 254024 456215
696905 317424 439125 999999999 1006504 545027 419211 664574 461483 208527 302509 523306 356627 106875 649723 603882 880990 639013 900414 1015919 167065 228231 438743 147285 117342 364528 439792 714592 635342 930051 458798 203654 620899 575238 734554 665937 187932 708582 360075 204636 548499 764962 676009 855998 615390 621685 847404 873805 1006170 554753 567580 846283 469484 695437 272111 357510 769360 521705 525517 808244 592385 868770 40995 725346 769198 782690 590881 721620 1002410 436836 377413 657028 993134 514866 255733 569952 728066 335750 359538 135753 332194 333556 703740 583795 426613 219386 566934 620495 436905 693888 246579 269065 876801 904192 677464 247980 673104 505223 677622 355553
345773 1105176 570565 1006504 999999999 703463 1034337 344425 641327 1145672 1170273 517562 870494 942439 373026 877479 825402 525335 832270 87534 863522 933077 572789 1067656 990377 963329 658501 326560 848199 155258 554857 1192829 810689 781611 360245 910271 1110082 298056 681869 1103716 969313 759579 621050 192653 782900 592902 742578 260916 73672 788464 719516 161614 707241 847990 750708 693000 706490 765405 481108 200245 517676 465637 1034030 283985 379254 889634 415625 291311 113224 618508 895273 656011 63145 931733 1167425 669854 757295 922937 807550 918511 700343 675378 459958 626548 896373 1039713 724514 845109 678498 784426 995610 1023612 204157 209516 506285 1050520 896399 583790 333908 908471
566445 461366 405759 545027 703463 999999999 349541 475007 143017 568340 544514 507563 224013 439675 511250 188856 354371 179909 373394 667532 514269 346474 316340 510486 456467 297196 579647 571977 899272 567054 308980 649222 140037 90319 343906 957637 535323 480306 497106 517269 266190 231616 784662 511403 115241 118295 306523 470678 665540 89050 31790 584911 79744 214359 467790 512366 226006 62532 376729 526868 614227 367329 546076 459963 339008 299384 410096 521872 642541 208707 735306 792553 660142 228505 566928 725850 196767 723497 649656 558431 480572 404307 252664 78116 211002 439638 34976 886387 599127 177309 383727 398108 687470 722169 207138 435481 234964 574727 417354 253012
828463 151975 591493 419211 1034337 349541 999999999 752905 396022 311586 238167 707001 173090 332440 770875 265751 561993 524833 579730 1007829 502672 211615 524681 298822 302110 83067 708414 839760 990235 907935 531815 405710 320630 306564 682524 1034756 292460 774794 609557 266924 162160 475111 952946 846348 333912 467630 562603 816386 1004211 288755 347516 898927 327509 365671 534305 618465 505607 289504 619147 844168 809994 711533 393777 766871 685590 433859 675070 808804 984521 434526 758018 947542 997026 155737 284437 864494 442417 726051 704129 514773 581319 524489 599733 425896 139969 207636 343420 975500 718780 397564 172831 152070 981876 1015677 555438 182891 320249 740668 718157 136143
96374 796497 226482 664574 344425 475007 752905 999999999 363700 815528 852182 186037 580442 607265 57239 663863 730380 337967 744175 368832 519105 615940 242659 736170 657912 673964 333189 97916 591364 304650 228789 855584 609840 564893 237476 656887 780574 51882 340285 777062 728251 625987 395148 234683 582194 399871 650344 304160 356267 563437 501374 182888 445462 671856 406309 352570 583570 528015 144332 155664 232719 447910 693786 90888 295136 740805 79892 58841 363124 318379 572910 419621 340986 684220 841992 394877 607477 594215 479481 574113 356977 331796 317554 413680 625276 719439 506057 583790 355696 616121 681415 712222 230361 263446 345817 734131 705168 267127 81858 618378
447928 467162 263476 461483 641327 143017 396022 363700 999999999 534904 538744 368597 229169 364576 390718 318325 488414 178213 506828 622116 396979 308464 174614 464619 396495 322269 436743 456388 756596 524413 169498 602400 280535 227228 302884 815385 499410 380577 355937 487007 366694 365494 644251 457762 257447 165428 430408 444226 616796 218537 174793 502916 84736 357036 334640 371531 348352 176991 245648 448479 476131 407502 472126 370891 322708 442358 290124 417025 601283 65750 600965 650939 608068 321697 546090 583077 333230 592991 512279 446766 341114 264835 247253 135339 262943 414581 177897 743809 456421 319068 364316 388828 589099 623351 216671 419951 373140 432641 322471 267188
863483 165030 600572 208527 1145672 568340 311586 815528 534904 999999999 107213 699952 345333 211651 811324 558667 855730 707425 874436 1142003 367604 227632 574771 79852 158186 298100 636757 879662 843374 1048774 591539 94125 597888 565546 834732 872213 35840 853392 548607 51341 470210 753980 878911 977525 602033 670905 841643 976849 1134369 544621 581280 990611 508599 658981 458405 549227 772735 524798 671371 945468 781057 928213 167641 861805 857612 736247 737016 874261 1124464 535275 583971 861796 1123252 451777 49941 774421 718093 540620 567553 343854 518893 500053 780355 628326 386623 129136 578903 828564 636745 676659 185385 178688 1039529 1069503 744716 139605 621478 696016 811766 322513
909425 88056 648932 302509 1170273 544514 238167 852182 538744 107213 999999999 755562 322977 275152 854808 500774 798633 700880 816657 1158656 448992 237498 609566 156322 220443 251557 709126 924347 936214 1062253 623839 190003 549250 525076 841581 968301 115394 885554 615904 98447 400283 705950 955409 993690 558019 655725 794021 982489 1152376 505024 551883 1020303 496472 601519 526899 618856 731186 493102 708356 971453 844352 911298 263239 888769 857530 671952 772428 910929 1138924 552033 679822 941024 1142545 390684 59998 853725 671568 638173 654966 433842 585699 555051 775890 612473 343352 132900 548744 921308 711860 627904 175129 150395 1080624 1112075 736361 119800 558033 762213 838368 291523
178977 715345 115658 523306 517562 507563 707001 186037 368597 699952 755562 999999999 537323 488531 144888 686710 821727 428061 838039 551685 363368 531934 195618 620445 543162 624057 147187 197965 430749 490686 199171 724078 647373 595131 388362 495425 667253 237896 169605 669082 723393 705146 277727 420191 622717 472616 748965 482916 538322 587123 538524 358198 451688 720954 251702 178287 672645 545435 141729 340421 107824 595820 557764 274598 445402 801874 156664 228448 547844 304930 386886 288998 522340 676863 734058 236518 679013 409115 293968 414319 193481 200801 438242 469304 599682 624564 542305 420945 169897 675386 597988 631265 358505 383443 450339 644682 741216 87410 247375 571841
655374 243708 421671 356627 870494 224013 173090 580442 229169 345333 322977 537323 999999999 250924 597787 247893 528164 379163 547477 849663 384199 133228 352005 292578 250600 93934 551535 666705 848941 750992 358769 429191 266499 225656 526769 898471 313194 603768 453807 294067 214254 417121 791211 685976 264596 332792 503118 665404 844872 204572 235951 730472 174358 339077 388209 464649 430376 180059 446060 676939 641962 588966 347225 597916 537765 426068 502265 636776 827923 262235 635901 788582 836564 171612 342952 708218 380379 611109 568842 411918 427518 363553 454554 289550 78018 216257 233615 834573 564389 342407 160095 174513 809923 843552 413945 211503 317458 576590 548561 38268
652252 260130 389369 106875 942439 439675 332440 607265 364576 211651 275152 488531 250924 999999999 600685 498714 774123 542786 793547 944467 180816 127397 369650 131950 55339 268465 433977 668635 675480 854566 387856 250758 514192 468363 649785 714122 178741 647155 341467 182224 449164 658182 680463 781613 508517 520792 740897 790991 935817 447884 461519 785028 365414 589156 251971 343888 663224 414953 463846 742380 572043 771668 108053 658660 680190 676827 529801 665745 928835 348126 430449 666790 923790 413184 246371 579679 621276 395584 389190 183104 311345 288411 610398 481703 322931 156962 460751 660542 436902 587015 162642 192069 829100 858683 581235 184187 568167 488434 609294 252725
57696 803959 211915 649723 373026 511250 770875 57239 390718 811324 854808 144888 597787 600685 999999999 699532 780817 385428 795082 407625 497196 621211 249125 731528 653142 690203 289381 69864 535536 351908 239463 845475 648612 601558 294031 601028 777028 102744 309785 775402 757377 673781 337945 284962 621444 444479 701744 359256 393989 598493 539051 213312 474554 713663 383827 320339 633016 561141 151831 198881 176746 504818 681212 145622 351884 785515 101407 83956 405050 338865 529014 362424 377838 712390 840650 339586 653663 553209 437807 550649 330020 316610 370624 454595 648033 721948 543571 528270 310885 659803 687415 719235 228462 258218 396294 738533 744220 218901 138392 635118
755046 412831 578779 603882 877479 188856 265751 663863 318325 558667 500774 686710 247893 498714 699532 999999999 298216 353900 316549 833203 622604 377016 491681 523317 494227 260952 742057 760780 1056544 733496 487778 650450 70274 99543 518003 1111398 532332 668389 651568 508924 116166 211303 961056 684913 95898 285307 297773 631150 833145 101161 163867 768308 235226 100876 604476 665341 247927 141334 561604 709768 794364 484094 592025 646386 501462 180367 598214 710386 806307 381963 866161 965959 829673 110283 540773 894165 181230 846323 789677 655672 630331 556708 417826 256682 179083 435322 158974 1042913 759319 135817 382587 380807 874556 909240 371294 419448 69686 747337 605123 250387
826556 710812 736373 880990 825402 354371 561993 730380 488414 855730 798633 821727 528164 774123 780817 298216 999999999 397545 19438 757579 867517 661357 648191 816004 778728 557633 917661 825219 1237465 670144 635317 946560 261754 305847 512464 1298361 828297 713157 843095 805483 402927 123161 1096429 649831 265627 349413 83814 565263 763332 326240 325160 766648 433698 197343 820990 858987 149282 361145 680579 710981 921379 361316 874791 676797 467138 138057 689910 758573 727639 550584 1088337 1110501 766193 407975 838933 1053711 157714 1077658 1000655 909692 829406 753198 415312 359566 470788 730463 324181 1225397 938853 187162 676202 677237 891697 924137 384669 716184 243096 899666 652789 539663
434205 622850 355799 639013 525335 179909 524833 337967 178213 707425 700880 428061 379163 542786 385428 353900 397545 999999999 412816 487626 561973 479797 275223 639825 573736 464290 538158 435147 852991 387146 257646 778470 289832 256581 165092 915984 672390 329312 478620 658206 444344 288386 699916 332780 261557 68838 321718 291783 485736 263156 194189 415931 204806 340629 482663 495155 248608 242430 286345 357208 524827 229830 650318 300313 160769 403925 292431 374042 462684 209947 738170 715388 480596 408172 714534 663313 269666 738039 643695 614769 472483 401246 75545 101927 384889 583268 199185 841872 560861 281384 530113 550749 527870 562271 38478 585035 381229 509711 265944 413938
840229 728901 753658 900414 832270 373394 579730 744175 506828 874436 816657 838039 547477 793547 795082 316549 19438 412816 999999999 763181 886738 680658 665684 835080 798054 576338 935178 838567 1254829 677049 652583 965401 281029 325282 524080 1315887 847139 726006 861184 824255 420135 141953 1112256 658663 285058 366126 94620 572750 769303 345666 344317 776815 452795 215726 839721 877113 165403 380569 696723 721575 937170 367174 894159 689115 477599 152719 704962 771390 733181 568725 1107011 1126670 772573 426085 857321 1070509 176858 1096546 1019104 929018 847713 771545 428204 377312 489769 749364 343383 1242824 956466 206598 695194 696003 902426 934641 398790 734919 260251 916438 666079 558784
391333 1089217 588710 1015919 87534 667532 1007829 368832 622116 1142003 1158656 551685 849663 944467 407625 833203 757579 487626 763181 999999999 881487 923286 577476 1065580 989707 940748 696994 373084 909734 100480 557955 1195125 764697 740299 325422 973085 1106193 318078 708857 1097872 930783 700174 685573 164999 737558 552564 675948 203021 16254 749143 680352 197450 680711 795444 770483 721358 646417 730044 493156 213550 567148 396263 1040762 292525 331860 830545 430400 323669 30067 608042 936433 719270 33429 895685 1160293 725034 701222 960695 845362 937483 724359 690776 416915 589523 868328 1030468 685275 905605 718321 731594 983533 1009810 276704 288165 463579 1039011 846331 625182 338563 887007
540539 440890 293403 167065 863522 514269 502672 519105 396979 367604 448992 363368 384199 180816 497196 622604 867517 561973 886738 881487 999999999 291058 317024 294871 231050 429754 272742 558907 494753 802138 338403 370629 620735 568489 626161 534588 341019 566506 195893 351602 597259 745510 511421 727539 607972 562133 819720 758730 870435 550400 542510 701984 434529 700488 113384 191741 738097 510283 388799 669469 426346 787914 206048 588974 668900 790637 451186 573795 870941 352119 255661 494307 856277 555746 410912 406901 709910 227224 208421 56556 169926 191118 616016 531338 462119 337602 543358 479822 270399 683718 339927 371130 720852 746652 598982 364998 691590 338883 544364 399535
676847 183810 420516 228231 933077 346474 211615 615940 308464 227632 237498 531934 133228 127397 621211 377016 661357 479797 680658 923286 291058 999999999 373771 164097 117677 141791 509926 691021 780427 827960 387222 303216 399642 358423 610237 823764 192741 648338 411660 178730 321891 549960 757554 758301 397650 444366 635462 752109 916572 337392 363018 782822 282183 471094 330108 418492 561334 310131 472745 734036 627957 701402 215102 651282 630937 556802 536071 674553 904325 315485 546485 748828 906370 286825 238008 663714 513141 515211 493648 305394 382123 335874 552882 402184 198704 107191 361297 765620 517763 475598 66428 99352 845252 877189 517095 118310 445811 551374 600882 127416
305978 555533 89653 438743 572789 316340 524681 242659 174614 574771 609566 195618 352005 369650 249125 491681 648191 275223 665684 577476 317024 373771 999999999 495960 418167 442995 269496 318924 589371 491583 21414 620122 455019 401841 309684 650204 539506 278624 203398 535088 528880 527466 469745 417365 431430 301986 581868 442003 568074 392788 347875 415984 256468 530692 218632 219935 501718 350613 98975 372777 303441 485266 463357 289101 355012 614438 163074 301457 563667 109744 463656 476409 555464 482500 599830 410134 498140 466066 368626 373403 198614 132924 312840 288906 408668 476791 351311 577222 290945 489266 439596 470937 471481 503482 307114 491786 547718 258387 240087 388545
783633 175183 520721 147285 1067656 510486 298822 736170 464619 79852 156322 620445 292578 131950 731528 523317 816004 639825 835080 1065580 294871 164097 495960 999999999 78404 264600 560626 799824 779893 973247 513062 139364 554978 517673 761603 812281 47268 774506 470826 57880 447043 708641 804643 901452 555886 607445 795253 903690 1057651 496569 526360 911932 445630 621615 380723 472073 722940 472200 592121 867412 702699 863940 109845 783689 786737 703358 657861 794862 1048580 460607 523909 788760 1046271 421687 116721 701344 672105 482881 499254 277539 440933 420346 711476 565604 345597 91822 524460 764987 561632 632690 140765 148714 959774 989692 677632 116170 589437 618194 733789 276447
705351 211996 442457 117342 990377 456467 302110 657912 396495 158186 220443 543162 250600 55339 653142 494227 778728 573736 798054 989707 231050 117677 418167 78404 999999999 248148 488909 721488 724026 898258 435565 207400 517098 474898 689225 760547 124321 696573 396772 126889 432830 666311 734967 825987 514432 546137 751129 831083 981513 453956 475489 834139 386479 588759 307177 399051 675721 424837 513947 790143 627342 800587 97973 706394 716659 674239 579745 716577 973214 387342 474395 720757 969898 400875 191194 633521 629422 436960 439097 225023 366662 342698 643716 505442 315405 109079 474159 709078 491420 592606 129328 153371 881373 911317 611942 137604 562714 543771 656636 243961
747681 165499 508601 364528 963329 297196 83067 673964 322269 298100 251557 624057 93934 268465 690203 260952 557633 464290 576338 940748 429754 141791 442995 264600 248148 999999999 626506 759374 912319 841579 450822 389503 301089 273735 616628 958335 271386 697681 527728 248039 185037 457855 870391 777676 307671 412442 545872 753642 936344 253541 301758 824257 261216 360961 454235 537005 480489 242678 538375 770506 726931 664368 344946 691746 624446 439908 595516 730492 918452 355979 685366 865428 928394 157087 283697 782830 422608 655600 627354 446939 499794 441790 539815 369490 91864 174838 298379 897669 637352 380045 124624 119858 903642 937203 497353 158610 325485 657771 642452 55706
313500 685173 182770 439792 658501 579647 708414 333189 436743 636757 709126 147187 551535 433977 289381 742057 917661 538158 935178 696994 272742 509926 269496 560626 488909 626506 999999999 332883 320304 637833 283367 643236 714576 660118 525381 380709 607741 385023 98884 614960 756883 796660 248097 567337 693083 570901 850951 628021 683271 648141 611437 501633 511079 792810 182826 91607 771112 604810 263546 487009 161636 727167 478634 421603 580704 879028 297500 373331 694115 371361 239916 239341 667005 710623 677320 156704 766726 264495 149055 312886 127850 188910 561780 558232 623663 585780 614396 307906 23769 755553 571858 605480 485299 505411 566014 610085 803523 77164 392240 580578
19396 873817 279291 714592 326560 571977 839760 97916 456388 879662 924347 197965 666705 668635 69864 760780 825219 435147 838567 373084 558907 691021 318924 799824 721488 759374 332883 999999999 543814 332927 308892 911973 707470 662041 322817 608557 845548 115498 367288 844321 822499 722669 329947 274836 679891 497657 744357 361002 358226 660106 598736 175791 539441 769772 445935 376251 679349 623956 221213 180898 194068 528478 746992 158152 378450 838443 166398 73123 375290 406680 568717 359514 341250 777934 909592 353651 704796 596930 481733 611128 389845 382745 410597 511521 715608 791516 603384 538292 352318 713947 757244 789089 162253 190223 441364 808265 802867 257424 172494 704173
528020 935280 501211 635342 848199 899272 990235 591364 756596 843374 936214 430749 848941 675480 535536 1056544 1237465 852991 1254829 909734 494753 780427 589371 779893 724026 912319 320304 543814 999999999 876735 602289 816794 1032733 978080 816412 65528 822929 637912 405085 837767 1060830 1116799 228890 816247 1011984 889621 1169514 894757 894025 965202 931049 716280 828990 1111619 460737 391209 1090314 921804 569311 723955 358799 1025782 675935 681158 874153 1198528 585327 609019 915726 691427 261825 192716 876669 1015556 891068 197043 1087018 308470 287154 502406 426600 499918 868601 878271 924855 831909 933888 14948 300175 1075603 833684 865457 646050 650068 878219 859568 1119882 344861 667053 873085
348935 991527 512431 930051 155258 567054 907935 304650 524413 1048774 1062253 490686 750992 854566 351908 733496 670144 387146 677049 100480 802138 827960 491583 973247 898258 841579 637833 332927 876735 999999999 471290 1104677 665285 640111 225412 941472 1012935 252812 638404 1003777 830416 606059 660028 74602 637990 452185 587353 106489 99688 648781 579957 166767 581105 698023 693348 651984 552669 629567 413844 153926 523027 310691 953180 218482 232038 736342 354915 270682 76935 513654 877542 691196 97992 795212 1065559 685234 605264 898097 783763 858557 651145 611050 316640 489043 768311 935127 584886 871106 660268 634226 887237 912888 281936 303916 363328 942820 748074 570334 258450 788139
296870 567847 101080 458798 554857 308980 531815 228789 169498 591539 623839 199171 358769 387856 239463 487778 635317 257646 652583 557955 338403 387222 21414 513062 435565 450822 283367 308892 602289 471290 999999999 638535 448506 396017 288277 663755 556132 262436 221614 551070 529560 515381 475703 397201 424220 287571 567621 420739 548766 387979 340210 399122 253135 522985 239809 238155 488050 346452 87679 354664 306634 465055 482822 270912 333806 605514 148898 287338 543750 107047 482609 483920 536363 483433 615581 420201 486867 485929 387139 394765 218245 153998 292909 276916 412437 491287 343852 590396 305356 479706 452626 483483 458663 491126 288628 505469 542096 267155 221439 395871
894809 258278 633595 203654 1192829 649222 405710 855584 602400 94125 190003 724078 429191 250758 845475 650450 946560 778470 965401 1195125 370629 303216 620122 139364 207400 389503 643236 911973 816794 1104677 638535 999999999 687274 652671 896625 839244 118263 896761 563175 141662 563985 842549 876718 1031999 690045 746797 929809 1038470 1186546 631619 664310 1034768 584989 750352 474347 561023 859111 609243 713115 992898 795853 1003190 166565 909216 923638 828832 779090 913682 1179247 594720 554972 856137 1174547 544535 130552 769664 806331 508826 554223 334190 534846 529230 849572 704967 476174 216337 662252 802293 639738 765730 271671 269645 1073692 1102130 816404 231105 714126 708803 859966 409705
702924 461331 544008 620899 810689 140037 320630 609840 280535 597888 549250 647373 266499 514192 648612 70274 261754 289832 281029 764697 620735 399642 455019 554978 517098 301089 714576 707470 1032733 665285 448506 687274 999999999 54739 452317 1089703 569154 610897 628326 547077 183034 156880 924174 618384 28310 221003 244971 562266 764972 70492 110073 705651 203744 80443 589927 642968 185168 112643 516581 646954 754190 414091 613474 586561 433315 170455 547939 653891 737547 346113 855748 931424 761881 166801 584707 863190 122403 839557 774523 658640 609485 534030 350731 197132 211285 470939 105847 1019521 733209 78957 415938 419258 814968 849574 304516 458404 95620 713176 547249 278542
656673 438092 490516 575238 781611 90319 306564 564893 227228 565546 525076 595131 225656 468363 601558 99543 305847 256581 325282 740299 568489 358423 401841 517673 474898 273735 660118 662041 978080 640111 396017 652671 54739 999999999 421472 1034981 535250 568873 573607 514312 191709 191536 871403 588963 40290 188730 277586 539653 739522 21106 64348 669477 149122 134814 535546 588235 207389 58552 466297 611031 702283 408703 569975 546925 408623 224379 500415 610969 714070 292550 801677 878107 735340 162817 556208 809204 154739 786040 720004 607616 554751 479293 323495 157635 181880 437047 59438 964847 678646 118686 381142 388094 775043 809730 276797 427111 146085 659685 505585 243175
328217 768626 360638 734554 360245 343906 682524 237476 302884 834732 841581 388362 526769 649785 294031 518003 512464 165092 524080 325422 626161 610237 309684 761603 689225 616628 525381 322817 816412 225412 288277 896625 452317 421472 999999999 881660 798984 207405 494267 788020 609276 422648 631181 167708 424255 232877 429488 142129 322421 428238 359278 259796 355823 495889 527219 510069 373538 406183 264206 201827 462783 211287 753129 166945 58174 548506 231802 251750 302079 302018 752962 653814 316412 572408 848224 619666 412823 763299 656026 682297 498313 441311 104322 266520 542931 716929 364275 807436 549149 433627 667186 691514 380718 413969 148510 722825 540897 475772 155683 563591
592952 972504 562782 665937 910271 957637 1034756 656887 815385 872213 968301 495425 898471 714122 601028 1111398 1298361 915984 1315887 973085 534588 823764 650204 812281 760547 958335 380709 608557 65528 941472 663755 839244 1089703 1034981 881660 999999999 853839 703365 461378 870073 1111537 1177214 289438 881411 1069547 951307 1231336 960230 957303 1021559 989368 780378 886088 1169014 510965 446825 1151736 978193 633242 788914 424300 1090812 705882 746649 939347 1256526 650412 674211 979568 750594 288527 254287 939936 1066732 920785 262513 1146940 331848 330989 536338 481152 555814 932871 938888 975141 869276 992077 74499 359655 1134432 874515 905562 707388 710151 941760 897372 1175621 409114 732541 921118
829511 153419 566663 187932 1110082 535323 292460 780574 499410 35840 115394 667253 313194 178741 777028 532332 828297 672390 847139 1106193 341019 192741 539506 47268 124321 271386 607741 845548 822929 1012935 556132 118263 569154 535250 798984 853839 999999999 818126 518093 25779 447950 724663 851406 941700 572305 636661 812068 941106 1098580 514241 549028 955241 474353 632132 427987 519310 742086 493099 636349 909898 749933 893883 148122 826255 822103 711023 701919 839339 1088630 499438 565312 835202 1087489 426974 69908 747783 688544 523190 544027 321223 488200 466945 745124 594219 357978 98300 546775 808056 608554 647693 154134 151560 1005096 1035241 709782 113414 596391 665461 776184 292093
122362 826604 273128 708582 298056 480306 774794 51882 380577 853392 885554 237896 603768 647155 102744 668389 713157 329312 726006 318078 566506 648338 278624 774506 696573 697681 385023 115498 637912 252812 262436 896761 610897 568873 207405 703365 818126 999999999 390787 813452 739688 613912 435471 183400 582825 394841 631548 256910 305875 569340 504656 138035 459056 668557 454299 403400 568848 536418 183719 104546 279260 413531 736604 44385 262979 733055 117851 45431 311629 342147 624778 461929 290939 696859 878012 442254 598117 646037 531347 621953 406550 377471 297854 413766 643519 753292 509498 630816 407472 610493 712999 742955 208980 243492 331420 766636 705335 318307 63753 641976
348438 588461 133632 360075 681869 497106 609557 340285 355937 548607 615904 169605 453807 341467 309785 651568 843095 478620 861184 708857 195893 411660 203398 470826 396772 527728 98884 367288 405085 638404 221614 563175 628326 573607 494267 461378 518093 390787 999999999 523553 661075 720665 345894 564860 608279 502308 780623 612144 696494 560333 528739 520742 424724 707673 90204 16545 699401 516946 232333 495332 233145 684147 396763 420168 545635 795432 284082 390586 701812 292533 261592 338199 681270 615065 587041 255149 689024 269034 165584 245115 30225 94860 513284 484385 526877 490271 531301 391600 110619 674297 474227 507912 528104 552718 510217 513872 714821 147412 381739 482228
828627 128033 566189 204636 1103716 517269 266924 777062 487007 51341 98447 669082 294067 182224 775402 508924 805483 658206 824255 1097872 351602 178730 535088 57880 126889 248039 614960 844321 837767 1003777 551070 141662 547077 514312 788020 870073 25779 813452 523553 999999999 423078 702998 860067 933116 550924 620599 790593 930051 1090580 493371 530002 950053 458351 608992 433797 525562 721457 473464 632730 903717 754206 877947 166124 820234 809606 687171 697970 835892 1079770 490146 581655 844821 1079793 402889 65285 757436 667041 540380 556810 335398 493474 468339 731538 577904 335792 77823 527606 822861 616727 625780 134063 128253 1002983 1033552 695296 89483 572465 670631 770007 271226
814483 313970 609943 548499 969313 266190 162160 728251 366694 470210 400283 723393 214254 449164 757377 116166 402927 444344 420135 930783 597259 321891 528880 447043 432830 185037 756883 822499 1060830 830416 529560 563985 183034 191709 609276 1111537 447950 739688 661075 423078 999999999 326302 989460 776968 204400 378231 411463 730932 929545 181640 250490 849951 283058 209784 600639 673042 364092 205326 611185 792245 830783 595661 529928 722841 599587 272182 656552 779125 904919 422935 850020 990069 924810 46648 445892 912756 297238 824452 782655 621568 636331 567998 513911 342782 136597 355611 245546 1046606 771462 251873 308969 298794 948397 983021 467308 334997 159885 773726 678070 198802
722327 617971 616238 764962 759579 231616 475111 625987 365494 753980 705950 705146 417121 658182 673781 211303 123161 288386 141953 700174 745510 549960 527466 708641 666311 457855 796660 722669 1116799 606059 515381 842549 156880 191536 422648 1177214 724663 613912 720665 702998 326302 999999999 981472 574385 152755 233128 88098 499573 703616 212582 203040 682003 311179 121181 697830 736478 53977 243268 565019 624403 806820 313909 760958 580759 385428 130378 579381 659194 671006 428144 965178 994140 703953 319584 741527 935004 36931 954594 877638 788567 706584 630327 319931 238585 367476 626365 202391 1104551 817569 78047 570894 575527 802948 836452 282550 614682 178774 781186 551609 432926
316763 933238 382396 676009 621050 784662 952946 395148 644251 878911 955409 277727 791211 680463 337945 961056 1096429 699916 1112256 685573 511421 757554 469745 804643 734967 870391 248097 329947 228890 660028 475703 876718 924174 871403 631181 289438 851406 435471 345894 860067 989460 981472 999999999 604713 899894 748440 1021624 689868 669646 862528 815804 495822 725889 998430 430659 339692 947148 820239 416453 510401 175102 842363 716226 479836 689255 1079601 410977 400271 693424 579429 370390 37159 652275 942827 921268 108295 956095 415169 328378 542539 375536 428684 699788 746758 859995 833523 819502 227714 243564 953094 819875 853517 417953 421211 718411 858054 1017387 215737 476005 822346
289061 924651 438112 855998 192653 511403 846348 234683 457762 977525 993690 420191 685976 781613 284962 684913 649831 332780 658663 164999 727539 758301 417365 901452 825987 777676 567337 274836 816247 74602 397201 1031999 618384 588963 167708 881411 941700 183400 564860 933116 776968 574385 604713 999999999 590514 400249 566084 97138 159039 595936 526968 130115 518842 657719 618855 578640 522338 573545 339325 94783 459403 301083 879516 146054 189643 703461 280991 207239 147251 443135 806580 634255 150753 739850 995399 622431 569428 826047 712157 783962 577109 536456 267748 434193 707440 865486 531963 809915 590071 594480 818563 844957 257781 285812 313876 874028 705026 501680 184088 723536
675531 470482 520728 615390 782900 115241 333912 582194 257447 602033 558019 622717 264596 508517 621444 95898 265627 261557 285058 737558 607972 397650 431430 555886 514432 307671 693083 679891 1011984 637990 424220 690045 28310 40290 424255 1069547 572305 582825 608279 550924 204400 152755 899894 590514 999999999 192723 239771 535348 737666 60670 84260 677352 183774 99732 572806 623160 173206 97694 490729 618657 729221 391275 609805 558313 405964 187453 520954 625914 710556 323187 839465 907741 734411 183303 591122 840522 116304 824552 756787 647547 590239 514408 322962 169102 216298 474013 80412 998907 712095 78500 418375 423934 786717 821317 276641 463057 122977 689793 519155 280344
495462 574703 388533 621685 592902 118295 467630 399871 165428 670905 655725 472616 332792 520792 444479 285307 349413 68838 366126 552564 562133 444366 301986 607445 546137 412442 570901 497657 889621 452185 287571 746797 221003 188730 232877 951307 636661 394841 502308 620599 378231 233128 748440 400249 192723 999999999 280053 353658 551356 196601 127799 484694 162314 273739 494088 518633 200929 180098 332014 425982 573712 257351 628835 367609 221955 341159 347748 439043 526858 215483 756815 761569 546854 343747 673918 704383 209817 752385 664806 612193 492260 417727 135839 43255 328535 544004 132714 877853 592717 216322 489218 506956 595664 630149 89513 542937 312802 550313 331149 365124
746262 706029 668554 847404 742578 306523 562603 650344 430408 841643 794021 748965 503118 740897 701744 297773 83814 321718 94620 675948 819720 635462 581868 795253 751129 545872 850951 744357 1169514 587353 567621 929809 244971 277586 429488 1231336 812068 631548 780623 790593 411463 88098 1021624 566084 239771 280053 999999999 482115 681316 298691 280796 682924 385976 202601 765034 796792 82098 326524 607311 627394 846541 280012 844872 594516 383478 179317 612897 676915 646094 489542 1031129 1036946 683789 406922 829561 982906 123552 1023244 941149 864797 768873 693240 333837 296814 455306 713773 281000 1157821 872723 166133 658142 663308 808177 840525 305606 702459 258104 828875 571865 520104
373166 908287 480137 873805 260916 470678 816386 304160 444226 976849 982489 482916 665404 790991 359256 631150 565263 291783 572750 203021 758730 752109 442003 903690 831083 753642 628021 361002 894757 106489 420739 1038470 562266 539653 142129 960230 941106 256910 612144 930051 730932 499573 689868 97138 535348 353658 482115 999999999 204828 549505 481174 227240 492459 592546 655266 627083 446185 533105 380147 187133 535996 208794 893513 213680 131732 629864 331674 289602 175329 443753 863875 717684 204407 697385 990045 698760 499061 879094 767723 815212 620271 570116 218053 392635 676417 858655 486021 887521 651440 528704 808466 832232 354793 382288 264148 864078 643311 568178 235804 701616
376591 1083675 577382 1006170 73672 665540 1004211 356267 616796 1134369 1152376 538322 844872 935817 393989 833145 763332 485736 769303 16254 870435 916572 568074 1057651 981513 936344 683271 358226 894025 99688 548766 1186546 764972 739522 322421 957303 1098580 305875 696494 1090580 929545 703616 669646 159039 737666 551356 681316 204828 999999999 747945 679055 182845 676846 797258 759110 708834 649989 727998 482523 201524 552252 402147 1031430 281731 331704 833988 419250 310053 39829 601146 922535 703421 17373 893908 1153244 709742 703824 947180 831795 926322 712388 679940 416028 587662 864924 1023721 684000 889965 704468 733431 977251 1003846 260449 272027 462727 1032659 847594 611102 328559 882360
654147 418251 480812 554753 788464 89050 288755 563437 218537 544621 505024 587123 204572 447884 598493 101161 326240 263156 345666 749143 550400 337392 392788 496569 453956 253541 648141 660106 965202 648781 387979 631619 70492 21106 428238 1021559 514241 569340 560333 493371 181640 212582 862528 595936 60670 196601 298691 549505 747945 999999999 68984 673097 137456 150825 519988 574735 228186 43398 460635 614872 694592 424330 549177 548863 418040 240928 497145 610798 723306 283111 785473 868434 743323 149164 535613 798363 175810 769084 704793 588799 540802 465746 332279 162263 161686 416059 64004 951851 666275 139161 360122 367323 776490 811190 285695 406308 155611 649836 506404 222191
593740 467107 437355 567580 719516 31790 347516 501374 174793 581280 551883 538524 235951 461519 539051 163867 325160 194189 344317 680352 542510 363018 347875 526360 475489 301758 611437 598736 931049 579957 340210 664310 110073 64348 359278 989368 549028 504656 528739 530002 250490 203040 815804 526968 84260 127799 280796 481174 679055 68984 999999999 605438 108708 182849 498422 543958 201785 59130 406629 547060 644968 364412 566918 482580 349567 267593 438180 546905 654646 240463 765894 823951 674367 216345 577297 757528 167459 753484 680741 585657 512007 435781 263605 93752 212258 452183 5015 918154 630908 145925 395977 408026 710698 745384 217122 446137 205566 606254 441314 261646
193904 958933 409240 846283 161614 584911 898927 182888 502916 990611 1020303 358198 730472 785028 213312 768308 766648 415931 776815 197450 701984 782822 415984 911932 834139 824257 501633 175791 716280 166767 399122 1034768 705651 669477 259796 780378 955241 138035 520742 950053 849951 682003 495822 130115 677352 484694 682924 227240 182845 673097 605438 999999999 575953 754080 589112 532159 632030 644659 321753 58737 369833 427534 874569 132697 299584 808300 255858 130291 199903 471889 740351 528039 166096 809313 1014377 528779 672609 765971 650499 756913 538845 514308 363889 511842 764060 888535 610431 711481 522471 692498 846753 875985 128543 158617 406419 900953 796926 428668 182717 768729
531528 418057 343757 469484 707241 79744 327509 445462 84736 508599 496472 451688 174358 365414 474554 235226 433698 204806 452795 680711 434529 282183 256468 445630 386479 261216 511079 539441 828990 581105 253135 584989 203744 149122 355823 886088 474353 459056 424724 458351 283058 311179 725889 518842 183774 162314 385976 492459 676846 137456 108708 575953 999999999 282964 390376 439496 305025 94519 330375 519804 559432 419620 472839 445629 363797 371201 373565 497260 657873 146789 657695 731249 669535 238758 512338 660910 275990 644828 573560 478834 406465 330672 280205 120009 189179 381960 110146 815786 529529 253586 327552 346672 668033 702510 239889 381807 293065 512613 398854 209508
766519 513621 620115 695437 847990 214359 365671 671856 357036 658981 601519 720954 339077 589156 713663 100876 197343 340629 215726 795444 700488 471094 530692 621615 588759 360961 792810 769772 1111619 698023 522985 750352 80443 134814 495889 1169014 632132 668557 707673 608992 209784 121181 998430 657719 99732 273739 202601 592546 797258 150825 182849 754080 282964 999999999 670310 722458 167811 193049 587221 695431 826993 422969 686014 640905 468796 90190 614167 712632 767167 422786 936190 1006792 795786 210851 641611 940097 100731 919891 854817 737581 689259 613605 391794 259086 276075 534686 179385 1098510 811786 63851 481163 480762 868420 902762 347795 519570 57813 789079 604843 346393
427704 502683 181775 272111 750708 467790 534305 406309 334640 458405 526899 251702 388209 251971 383827 604476 820990 482663 839721 770483 113384 330108 218632 380723 307177 454235 182826 445935 460737 693348 239809 474347 589927 535546 527219 510965 427987 454299 90204 433797 600639 697830 430659 618855 572806 494088 765034 655266 759110 519988 498422 589112 390376 670310 999999999 91958 682961 477284 279541 557792 323114 701631 307786 478251 573614 759852 340161 460590 760802 278611 267518 419681 744696 555767 497050 333878 664052 258557 185231 167805 60760 85930 528750 469273 464371 402961 500241 446364 188273 643932 390407 423878 608036 634286 517703 427399 670735 237611 434956 412826
357239 593642 149465 357510 693000 512366 618465 352570 371531 549227 618856 178287 464649 343888 320339 665341 858987 495155 877113 721358 191741 418492 219935 472073 399051 537005 91607 376251 391209 651984 238155 561023 642968 588235 510069 446825 519310 403400 16545 525562 673042 736478 339692 578640 623160 518633 796792 627083 708834 574735 543958 532159 439496 722458 91958 999999999 715513 531368 247609 507927 234879 700520 394960 433595 561668 810412 298169 401892 714748 308403 245177 330396 693478 627175 588571 246105 704703 253279 149069 238816 37249 108989 529746 500449 538371 494545 546468 377581 100347 689617 480258 513875 536301 560252 526761 518653 728966 147846 395906 492366
