NAME : synthetic_000143
TYPE : CTSP-D
DIMENSION : 100
GROUPS : 8
RELAXATION_LEVEL : 1
EDGE_WEIGHT_TYPE : EXPLICIT
EDGE_WEIGHT_FORMAT : FULL_MATRIX
EDGE_WEIGHT_SECTION
999999999 463468 357924 203865 734240 195375 126410 782315 647035 518785 286450 398530 718562 223526 703062 461992 384137 880094 534517 764224 93054 842989 493518 301698 341869 606985 447618 768647 43465 802490 336964 527305 659901 94606 556321 391849 468986 505675 834260 342983 306250 910532 288815 436322 724758 481721 479407 647874 210324 464176 75391 818049 355295 807500 541626 26204 238836 722876 547918 331318 403856 318204 797328 846242 722886 483383 369098 841562 757557 907752 572976 323409 595977 754805 484258 466453 631775 591587 425773 899235 460940 466414 101007 446489 418337 840186 666511 565026 366830 612568 296380 420332 676068 577639 704266 549055 305133 920688 900611 773828
463468 999999999 506807 385636 314476 280601 587367 536855 184746 539791 244174 572051 631570 511078 293302 155883 189362 662146 299280 358346 471196 427425 171849 435288 208058 180654 38698 331960 479361 351692 751546 263281 506960 557688 413248 637319 270954 145316 531405 395161 252016 449088 671759 102942 527308 376628 55855 245669 327975 535739 538590 354981 180871 385499 161390 470847 431761 287450 283643 724714 710545 330585 334014 588552 264617 363258 186880 415763 687163 445640 553590 325453 416310 586993 394148 388755 169350 330007 198046 436624 443956 296769 500128 439457 47153 616186 302007 520937 296138 653460 564238 535310 600769 620583 563066 252118 463579 769362 443604 310848
357924 506807 999999999 513754 630993 410134 384005 997181 666126 829047 501579 742283 1004209 151157 800033 605545 322975 1114025 353639 865144 268621 933268 636060 78454 534018 687450 519204 833799 322806 734842 664242 709421 913364 401266 294584 747437 675237 627031 1017031 638562 256831 910887 637188 552851 961551 736409 481576 549193 483266 785795 378134 793737 325954 890726 469481 335448 125336 642805 733029 671929 761116 587218 790585 1057015 686998 731377 321578 919570 1051722 866146 873863 181564 831023 1007693 225201 210752 652041 783626 603005 862319 750294 285722 458927 149047 484195 1069325 526340 855972 610085 936138 650896 62535 963685 899647 966218 715774 633882 1188500 919615 753487
203865 385636 513754 999999999 695240 134980 309220 585732 549354 321164 145113 237216 515695 406847 557384 319959 398326 678651 569526 612292 284673 691613 346526 442000 196693 479764 355879 634106 245980 736532 374953 353955 457288 263133 631026 272008 289116 369451 645879 139203 354579 799753 289681 317768 524165 281585 423054 617273 58905 272859 258814 726857 363848 661429 514544 228676 388631 671998 371283 342855 330401 122310 698325 649700 647092 285051 381963 696045 556357 819342 372385 410792 397936 551703 570130 554424 535448 408812 269238 808866 257327 517088 159537 558591 339262 639832 656901 362198 179048 423459 184894 572364 473303 387240 500647 381463 121643 716887 780851 684287
734240 314476 630993 695240 999999999 576947 847338 734038 231930 839178 557455 885937 892869 703213 406924 444790 357396 855875 281380 446512 713074 470866 444258 585941 522291 343298 350116 369190 737951 115513 1049283 525699 759301 827552 384801 951708 558676 408597 686203 708370 444518 328460 974869 407500 754826 668151 272193 87723 636557 843039 805084 209017 381372 432067 192676 734273 614842 45632 538370 1027046 1023382 644668 231205 767493 134930 653179 370224 442254 948744 250322 843309 477146 674465 819795 423643 431951 233755 570207 498798 250618 745320 345296 791467 500916 358248 813098 113333 807956 606734 948566 876882 627995 869574 918205 811645 500392 778031 987745 357658 189118
195375 280601 410134 134980 576947 999999999 321686 613130 459490 422560 101491 368858 594466 332420 507748 267273 263893 721202 434774 569212 236985 647814 299162 333523 151605 412294 258971 573696 223051 630158 473463 341177 510183 285510 497434 406858 289461 310323 653828 232160 221425 720633 398004 241479 565684 330204 307778 495236 82861 385871 269837 634298 229487 612135 389999 209941 289905 558180 363208 450099 460746 177158 610553 676087 544992 327118 247469 646187 641594 725665 464585 283510 433913 605744 438693 423593 444531 410150 235254 716305 340451 382291 219535 433705 233665 678425 529238 445874 204081 533636 317585 464143 553700 496965 560903 359578 250705 783040 708390 590412
126410 587367 384005 309220 847338 321686 999999999 894850 771598 602614 410325 457660 809811 232976 829192 587765 491628 986738 627767 890051 140604 968947 619072 349930 466394 733379 572955 895056 109851 921132 281209 649221 764546 47520 629765 425985 588821 631884 952093 443390 407682 1035532 268475 562732 832938 590748 600105 760044 328572 542426 52664 940983 465982 933712 654971 116559 288616 838999 669130 294220 408367 430132 921374 958834 843974 594220 477795 967820 843911 1029872 660413 405604 707136 857791 554963 536971 756278 711135 549911 1021697 558172 555993 158095 502785 542921 948600 772244 657769 483046 683872 341088 444643 767362 651246 805207 672278 387396 1015923 1026372 896740
782315 536855 997181 585732 734038 613130 894850 999999999 503481 376446 511726 546330 243621 944271 330562 397885 714691 125966 833872 311386 846374 342230 371360 919013 467849 399136 507380 394703 820601 680415 889610 288674 157871 848858 950052 636164 325235 392075 103920 457838 748629 568075 799405 455387 82651 305107 587587 714646 572389 435131 843887 595248 694641 354276 677686 804379 890388 689067 265154 842937 732318 465086 554366 63997 605097 300689 706994 371438 283983 658438 325947 828759 187966 123695 928111 920946 504422 214482 394202 645316 359271 832770 742818 964218 536193 80572 787073 299723 416064 410040 639983 1039825 253593 405690 160807 288239 535378 255069 523125 579212
647035 184746 666126 549354 231930 459490 771598 503481 999999999 629084 404248 702356 663936 688947 183248 247017 343896 626643 381802 235057 655661 283236 235603 600724 355292 113220 200546 176299 663955 207770 922636 304775 529728 740865 504879 778322 348828 200882 462653 525650 422079 264342 838992 232056 522947 455941 187676 216121 495036 642440 722331 177504 347717 239835 216503 655170 606109 188129 314108 892176 860339 469339 151072 539940 115922 440368 347624 262651 719523 270000 625757 486430 447250 587965 510970 511188 15411 341279 305186 259545 539350 412074 677580 572919 228728 583133 289242 589394 420287 733189 716840 684753 642677 705237 581105 276078 606488 756344 260604 135394
518785 539791 829047 321164 839178 422560 602614 376446 629084 999999999 350056 176832 210802 728003 536874 394543 645021 423844 809037 563928 604659 630778 396354 754217 349322 521564 501115 623912 562119 836846 528565 327271 218596 555247 897349 262899 281447 432146 470315 190758 632457 814851 442556 437729 295099 173146 593924 782274 345814 65197 559058 787293 613105 619022 700052 544695 705248 802750 323943 479956 357697 248923 748974 432119 744640 188748 630798 649383 241300 873349 60610 702791 228381 289266 848427 835153 620569 319654 342903 860617 96027 774982 445074 853407 508011 397439 841747 76829 252384 115869 287585 885241 169602 81105 233594 359380 215833 419074 780253 753624
286450 244174 501579 145113 557455 101491 410325 511726 404248 350056 999999999 336948 504646 433074 423389 181540 297901 620787 466544 482044 337431 561385 211163 423575 56707 338083 212276 495806 318984 593030 519173 241865 412681 369841 548213 395239 188082 229378 553108 170006 283318 656277 434752 172907 465632 234846 286460 483272 92601 325255 357680 581748 264875 528212 384791 304445 385506 531618 263298 487934 466387 103623 553430 574621 502847 229993 282933 562712 554230 674231 384308 356628 333862 507757 498395 485260 390337 309339 139586 663771 259798 426702 284769 506433 199222 577669 529431 361215 108841 465066 320066 552221 465169 428924 464837 262628 222837 687199 638977 539183
398530 572051 742283 237216 885937 368858 457660 546330 702356 176832 336948 999999999 383173 620590 650308 455349 626353 600537 797673 689431 490819 763016 469250 673963 364024 607493 535825 736434 441173 905811 351891 427808 390070 412060 866265 91028 365471 502343 634427 178124 590217 921837 267175 480498 467079 282386 619652 816487 286359 112739 421255 873991 592046 744064 720853 424518 617153 855730 433437 303167 187661 241483 839183 604649 812915 296231 610383 776895 404728 964649 236545 648008 378400 465800 806837 791318 690973 446754 397229 952695 198396 749860 307895 795491 530774 573090 865691 251360 282669 229062 119941 802667 343759 199654 410011 461542 118420 590183 892971 835467
718562 631570 1004209 515695 892869 594466 809811 243621 663936 210802 504646 383173 999999999 917556 521616 475700 776055 237377 925280 523887 799854 571289 462809 926868 483400 550795 594630 600870 761279 862939 733870 372817 134535 762303 1028047 462297 363381 495426 347458 376983 782985 787240 650348 531291 170109 272540 687317 853463 527725 275376 764456 791926 748100 574323 790605 743890 884165 850909 356690 684719 551747 418361 750964 278374 777105 281137 764157 597441 56102 866636 150664 859437 219289 121625 989612 978605 659954 322823 441740 853401 259017 904998 651742 1007427 612713 225985 921153 153548 395916 186076 497774 1056440 42547 196178 90153 393940 422593 208273 745286 767231
223526 511078 151157 406847 703213 332420 232976 944271 688947 728003 433074 620590 917556 999999999 794479 573252 355405 1053606 445860 859509 130471 933530 605622 131873 477265 685310 512239 842468 183271 795610 513683 664940 841483 252634 418913 614834 619246 605137 978808 541959 269520 948003 490479 529026 898100 660869 501830 616525 390038 678143 230553 838384 343251 893105 521318 198439 88372 705938 687992 522993 619624 500932 827962 1006718 733403 658736 347083 924727 960990 919391 778194 226485 766333 937215 344159 326878 673825 736966 556383 913599 658863 372210 322285 280631 477025 1010703 609999 765202 535783 828330 519804 211732 875682 792567 890940 678093 520676 1112228 949265 795469
703062 293302 800033 557384 406924 507748 829192 330562 183248 536874 423389 650308 521616 794479 999999999 242200 481117 449800 554131 65343 734315 140642 212329 727764 366758 112705 283572 87190 729465 350307 927406 222719 388706 791169 676743 736268 287617 197464 280199 488493 544360 278055 837864 270057 364197 372811 325861 399359 514079 567110 777010 270852 474156 104840 388211 717236 719894 361448 217645 889765 827632 449602 229738 360660 275363 357637 479840 139325 574851 346026 517670 618751 321280 429005 673272 670803 188616 218169 288214 332843 461401 573411 707697 727081 319100 407999 472462 480745 390909 625506 694977 828029 508406 603608 433253 189188 577715 585619 244195 250005
461992 155883 605545 319959 444790 267273 587765 397885 247017 394543 181540 455349 475700 573252 242200 999999999 317833 520424 452069 302286 499291 381258 32576 528425 125208 160766 119199 314763 490154 451545 694109 111812 352225 549148 561062 531960 116774 49980 411576 278832 352424 482000 606670 58524 377972 225304 211680 389258 273177 399899 535409 420460 296786 347031 315989 477214 507698 409332 134314 659469 615923 225058 387630 454764 358477 211006 309450 381451 531280 512188 402311 432401 261505 435221 532759 524656 235701 184115 58203 500704 300561 440265 466271 566371 141532 474576 452041 368413 173476 505328 474634 644715 445023 474067 408479 110767 361503 618874 461243 380782
384137 189362 322975 398326 357396 263893 491628 714691 343896 645021 297901 626353 776055 355405 481117 317833 999999999 838069 171534 545630 355824 611523 343332 257035 297805 368525 210135 510979 383150 441863 712954 429408 662621 475082 253442 670304 415708 325240 717623 467657 87854 595684 648015 259616 694953 505611 158665 269696 342437 623145 451698 483557 34495 568676 167888 381052 268593 354091 452133 697641 723608 401523 475134 769676 378118 495524 16476 596979 829567 564002 673229 142533 573068 750195 215598 206871 329560 501840 336685 558202 551473 130293 454623 251446 178815 792162 282387 645756 393768 760753 581416 347017 740416 725047 718660 426453 508240 934360 600578 441088
880094 662146 1114025 678651 855875 721202 986738 125966 626643 423844 620787 600537 237377 1053606 449800 520424 838069 999999999 959640 422428 949824 439043 495078 1035629 581085 524188 632005 506456 920114 796976 951625 409625 222631 939823 1075394 686080 438903 517077 183067 543692 868724 667944 864074 578460 155924 398432 713273 839252 672800 487981 937237 707617 817016 458827 803639 903383 1004037 810618 386447 903331 779297 562203 667331 92187 725162 397699 829874 470295 254362 764303 365367 948762 287375 134898 1052231 1044691 628260 336309 512008 751415 433282 957527 831067 1086505 660062 45990 911886 349836 519101 423088 706010 1158528 266246 429690 190744 412057 611816 147253 621388 695054
534517 299280 353639 569526 281380 434774 627767 833872 381802 809037 466544 797673 925280 445860 554131 452069 171534 959640 999999999 613053 487267 665017 470845 318739 459722 449495 333283 557828 524953 391448 870013 561966 804269 619454 123130 841534 561908 444282 819120 636533 229721 587197 810578 394754 826587 660391 246461 207015 513937 790910 594861 465292 206000 621636 166270 526501 359788 300242 582752 858605 892833 569819 471735 883010 361975 648804 187742 643564 980155 526285 833060 224725 713560 886042 143064 150587 371613 629260 483965 524397 714086 73788 614860 219539 312596 913790 173036 803504 556656 924891 751862 346801 892120 889746 860537 551329 679665 1068631 605307 430404
764224 358346 865144 612292 446512 569212 890051 311386 235057 563928 482044 689431 523887 859509 65343 302286 545630 422428 613053 999999999 797736 79452 271206 793039 425345 177694 348900 84038 791615 376065 978751 266858 395350 851203 736040 777334 333750 259779 243656 534489 609628 263362 888436 333729 358583 407973 389471 448776 571431 599919 837685 285253 539216 55170 446787 779049 785192 400929 257103 939735 870492 500601 244904 330761 311947 393547 544652 87507 574637 347588 538371 683786 339764 421271 735155 733200 242936 245558 344465 334407 495600 635280 765126 790431 384428 383830 521314 502069 441159 644374 741861 892631 515865 625505 433908 234926 624312 564126 222319 273939
93054 471196 268621 284673 713074 236985 140604 846374 655661 604659 337431 490819 799854 130471 734315 499291 355824 949824 487267 797736 999999999 874949 531756 219637 388506 631260 462698 792634 54250 792057 404918 578162 732713 140156 491533 484614 525282 538156 890519 422872 269947 919791 369704 464259 793912 552416 476339 625431 277541 552347 115314 819250 332604 837019 521809 68208 156254 707394 600160 407159 492828 389163 802746 909858 718939 552204 342876 870243 841030 905991 656979 265119 663104 828329 417230 399214 640250 646756 471789 898564 540942 415392 192489 370176 429865 908417 634135 646527 431206 701814 389376 331150 757570 666442 779656 596064 393798 998840 914616 775169
842989 427425 933268 691613 470866 647814 968947 342230 283236 630778 561385 763016 571289 933530 140642 381258 611523 439043 665017 79452 874949 999999999 350412 862659 504680 248453 421486 107538 869878 384679 1057223 344369 448864 930347 788059 851747 411472 337796 256020 611558 679441 228901 966715 410691 401948 480729 453431 486886 650879 670227 916641 284687 607626 43543 499611 857507 857539 426335 333179 1017798 945665 579273 248564 347294 336950 466791 611785 32099 619001 327788 600964 751705 403451 460795 792834 792150 294003 316634 423916 315262 567253 693339 844577 851783 456889 405774 557395 565448 519726 704770 818955 958077 568063 688324 481328 313095 701446 585233 182477 285705
493518 171849 636060 346526 444258 299162 619072 371360 235603 396354 211163 469250 462809 605622 212329 32576 343332 495078 470845 271206 531756 350412 999999999 559227 154483 139504 138151 287644 522158 442664 719369 91531 335794 579998 582555 548563 114919 35807 381019 295176 381872 459838 631109 84586 356104 224134 226619 394180 301810 406938 566632 404743 323957 317108 328045 509068 539498 406711 111916 683663 634687 245814 370235 426909 349808 209018 335820 351642 518749 495551 399181 461628 245409 415213 557156 549691 225745 159630 78280 483716 304632 463052 495377 593310 164984 449119 459621 364145 190830 504372 495376 674265 434168 474455 391721 83126 380513 597942 436988 366615
301698 435288 78454 442000 585941 333523 349930 919013 600724 754217 423575 673963 926868 131873 727764 528425 257035 1035629 318739 793039 219637 862659 559227 999999999 455567 615519 445392 765015 271851 684532 624019 631493 835056 358808 287302 684579 596812 551263 940001 563496 183414 851315 588139 476526 883098 658420 414069 501115 408522 712635 334341 736666 255410 820517 413390 281938 63480 593198 655096 626710 704959 510674 730708 979020 630173 653223 253332 850123 974807 812905 797930 114962 752578 929310 212388 195032 586242 705648 524812 808220 673965 246012 401768 152941 410097 990965 487211 779326 532214 862594 587773 131037 886536 826008 888029 638388 563076 1110270 857422 695207
341869 208058 534018 196693 522291 151605 466394 467849 355292 349322 56707 364024 483400 477265 366758 125208 297805 581085 459722 425345 388506 504680 154483 455567 999999999 283376 172400 439860 373099 549708 571641 189790 380934 426320 551210 430544 142713 173708 503227 187839 299901 603062 485664 123432 427657 210891 256373 452721 148002 334863 413789 532522 267443 471568 359754 359037 423100 493449 212137 538743 507486 122542 502760 529795 458164 202737 284458 506083 535405 625005 375434 377505 297032 474274 507707 496039 341942 260097 84071 614203 254510 428094 341125 524239 167396 536964 504340 348229 96938 465170 362510 581239 445939 430107 435145 208192 256677 656499 584508 490667
606985 180654 687450 479764 343298 412294 733379 399136 113220 521564 338083 607493 550795 685310 112705 160766 368525 524188 449495 177694 631260 248453 139504 615519 283376 999999999 173097 161872 630373 317709 854436 194729 416687 697769 570967 687832 245251 110796 370935 434554 432110 321270 767334 170816 412476 348849 214428 315716 430653 539419 681926 267849 361525 207821 285731 619194 609117 300449 202129 820177 774187 384706 231828 440951 227968 333138 367136 239933 606439 357388 515088 506103 334089 477161 563565 560395 109559 228072 216623 345301 434627 463910 621714 615457 208452 479567 387961 478459 330330 623022 634438 715366 529492 596104 468470 164403 519963 648972 301135 232257
447618 38698 519204 355879 350116 258971 572955 507380 200546 501115 212276 535825 594630 512239 283572 119199 210135 632005 333283 348900 462698 421486 138151 445392 172400 173097 999999999 331607 466594 380826 725495 228779 471287 541006 444445 602752 233026 115680 507496 358415 262448 462978 643981 64465 494239 338126 93959 283505 299275 497535 523003 375822 195885 380866 199927 456927 436375 321152 249943 697089 677776 294588 351591 560812 291300 324860 204939 412612 650081 467650 515008 339326 380565 552947 420943 414354 185560 297623 159415 457968 405302 325524 477502 461579 35528 586015 340652 482479 258306 614762 531812 551432 563311 581893 527505 220278 428875 735987 453680 332183
768647 331960 833799 634106 369190 573696 895056 394703 176299 623912 495806 736434 600870 842468 87190 314763 510979 506456 557828 84038 792634 107538 287644 765015 439860 161872 331607 999999999 792245 293085 1006745 308626 469746 859008 680803 821747 372364 266459 327086 572397 582723 191409 918001 332327 438448 459872 352317 380210 587860 654236 843476 201222 509624 64893 392800 781042 763715 323966 304538 970302 912361 530543 160892 414738 234301 444647 512406 86771 652858 266413 603749 652518 406412 502072 686929 686733 187711 304787 365540 253174 548477 587724 780480 747403 366171 467796 451336 566908 472723 711281 777917 856169 590122 690002 511438 274899 661065 648007 157089 191122
43465 479361 322806 245980 737951 223051 109851 820601 663955 562119 318984 441173 761279 183271 729465 490154 383150 920114 524953 791615 54250 869878 522158 271851 373099 630373 466594 792245 999999999 811294 355420 560792 700642 94602 537459 431649 504270 532083 870061 385182 300739 928189 316417 460615 764527 521695 490622 650792 248250 507640 69908 832083 356730 833379 545454 17434 208379 729215 581948 355199 438579 357912 813168 884435 734466 522804 368987 867154 800640 920608 616096 307121 635035 795788 463970 445999 648591 626730 457164 912562 503285 454677 139015 420650 435633 879760 664713 607731 404583 656001 337012 385340 718812 621096 745696 581184 348598 962832 920268 787849
802490 351692 734842 736532 115513 630158 921132 680415 207770 836846 593030 905811 862939 795610 350307 451545 441863 796976 391448 376065 792057 384679 442664 684532 549708 317709 380826 293085 811294 999999999 1102818 511787 728426 896971 499149 978737 556468 407449 619721 728039 529609 215900 1023449 427428 712626 663701 324030 186104 679371 849575 875825 103373 460428 350454 274406 805656 707652 92104 519832 1076405 1057171 668683 136125 705993 93073 648118 452397 353882 917770 135480 832635 572335 649795 777775 534481 541621 216920 542786 509186 135180 746946 450765 849156 610305 398720 756625 228333 796085 623143 940369 911792 736049 844435 912788 777246 482089 805413 935427 249269 102129
336964 751546 664242 374953 1049283 473463 281209 889610 922636 528565 519173 351891 733870 513683 927406 694109 712954 951625 870013 978751 404918 1057223 719369 624019 571641 854436 725495 1006745 355420 1102818 999999999 713334 736850 265214 892162 273281 646207 743863 970241 450057 640529 1174702 91565 692067 813318 598823 781241 965873 427619 463835 289734 1099921 681525 1030001 859544 349240 560912 1031593 726706 49367 198705 478229 1072459 950244 1015932 608916 697094 1064468 750945 1192246 588437 660010 710251 816737 819139 801198 908400 754781 641251 1182087 530781 802998 258993 775088 704401 922594 992959 601807 537593 565843 249911 725400 695226 543070 760889 744132 361898 939174 1155341 1056843
527305 263281 709421 353955 525699 341177 649221 288674 304775 327271 241865 427808 372817 664940 222719 111812 429408 409625 561966 266858 578162 344369 91531 631493 189790 194729 228779 308626 560792 511787 713334 999999999 244433 606714 672470 513558 67149 122674 313972 267662 459970 495400 622581 170331 266205 155580 318149 481271 321331 349120 596623 460145 407497 319969 419114 546070 605688 485868 23609 673485 605261 236649 422181 347622 420689 139880 420662 353869 428880 547080 320986 540098 154337 324172 644516 636275 297759 74289 108600 534499 243262 551993 511665 676903 253211 363935 548382 284638 177009 428583 475007 751249 345806 401378 300260 33788 357459 507434 465283 426430
659901 506960 913364 457288 759301 510183 764546 157871 529728 218596 412681 390070 134535 841483 388706 352225 662621 222631 804269 395350 732713 448864 335794 835056 380934 416687 471287 469746 700642 728426 736850 244433 999999999 717520 911465 479253 247102 366736 254401 321247 679068 658241 647638 409686 77015 180730 562214 722118 455186 278103 715404 658326 636946 447561 663523 683702 798153 717021 226279 689447 575109 343586 617470 214583 642631 183086 651959 472964 189819 734484 169135 757741 90724 95773 877976 868174 526026 189126 325981 721270 211356 789343 608530 902261 492502 187603 790816 141852 306103 261358 488454 961930 120556 252029 56296 262509 390050 275568 617636 632993
94606 557688 401266 263133 827552 285510 47520 848858 740865 555247 369841 412060 762303 252634 791169 549148 475082 939823 619454 851203 140156 930347 579998 358808 426320 697769 541006 859008 94602 896971 265214 606714 717520 999999999 630744 384074 545354 594347 907457 396296 394227 1003978 238410 526956 786269 544400 574005 740863 285436 495286 25039 912437 447383 895903 634876 94077 295757 816927 626197 270684 373019 384647 891366 912820 817488 548170 460475 930179 796535 1002269 612953 401446 661018 810591 556794 538788 725644 667358 509230 993703 510779 549278 110577 510167 512289 901909 757262 610251 438495 637429 296743 463166 719851 604561 757892 630609 339927 968407 993226 868227
556321 413248 294584 631026 384801 497434 629765 950052 504879 897349 548213 866265 1028047 418913 676743 561062 253442 1075394 123130 736040 491533 788059 582555 287302 551210 570967 444445 680803 537459 499149 892162 672470 911465 630744 999999999 899917 665820 558416 939261 716427 276449 702744 843089 502728 938490 758647 363279 320924 579951 872710 605707 580377 284348 744703 289322 542925 343157 410749 694135 887444 940650 651468 589852 1000860 479736 748234 266901 766383 1081995 634603 926592 233444 821127 996276 75191 93022 494743 742064 586860 634023 804435 123290 647448 145560 419604 1029433 271531 899192 646901 1012857 806198 268194 993050 976904 967724 664568 747990 1179882 723424 547793
391849 637319 747437 272008 951708 406858 425985 636164 778322 262899 395239 91028 462297 614834 736268 531960 670304 686080 841534 777334 484614 851747 548563 684579 430544 687832 602752 821747 431649 978737 273281 513558 479253 384074 899917 999999999 449523 580334 725192 253445 623994 1005122 196933 551389 556242 371796 681631 878510 328499 201152 398065 952321 635818 831696 779195 416451 624380 923903 520559 223914 96669 310054 918670 693750 886358 385211 653954 864841 477723 1043754 320726 673729 469424 551884 836174 819773 766250 536090 473838 1032069 289126 788228 292736 816445 593771 660338 923298 339006 358561 292894 96807 809309 424836 269863 496357 547102 173881 666309 977668 912698
468986 270954 675237 289116 558676 289461 588821 325235 348828 281447 188082 365471 363381 619246 287617 116774 415708 438903 561908 333750 525282 411472 114919 596812 142713 245251 233026 372364 504270 556468 646207 67149 247102 545354 665820 449523 999999999 150722 365843 201152 433818 556372 555433 168848 286764 109484 326767 505694 260251 294390 536421 513098 389848 386502 431993 488946 565726 521544 82236 606349 540106 170145 476648 387473 463877 94684 404885 420555 418297 602171 285839 513225 158688 336988 630927 621072 339712 122601 79065 589896 190528 543194 447815 655935 249388 394511 568814 251680 110739 389947 408292 720752 330718 359647 303008 99061 290777 520843 528154 476908
505675 145316 627031 369451 408597 310323 631884 392075 200882 432146 229378 502343 495426 605137 197464 49980 325240 517077 444282 259779 538156 337796 35807 551263 173708 110796 115680 266459 532083 407449 743863 122674 366736 594347 558416 580334 150722 999999999 393163 326931 370885 432020 656576 76150 382650 259928 198279 359684 321605 442148 579796 372058 308735 301830 296967 519780 535472 370917 140765 709399 665139 274648 338527 445134 314500 244788 319148 335956 551466 463432 434745 449739 276955 443264 536588 530027 190596 185181 106846 451805 340238 440710 514022 576510 146782 471098 425977 399569 221827 540112 524339 662572 467722 510256 422285 107204 410713 624770 411487 333124
834260 531405 1017031 645879 686203 653828 952093 103920 462653 470315 553108 634427 347458 978808 280199 411576 717623 183067 819120 243656 890519 256020 381019 940001 503227 370935 507496 327086 870061 619721 970241 313972 254401 907457 939261 725192 365843 393163 999999999 527460 762606 484908 879113 464843 183883 373869 576939 678526 624423 525641 900083 527424 701898 276500 656576 854630 917787 640601 291173 924837 821817 523575 487687 91333 552927 366020 712124 287228 386441 581580 423486 842089 259990 226850 925413 920151 466618 243769 422441 568748 440627 827222 805186 969069 539852 151138 751674 394556 469054 512026 720484 1054906 356994 505765 264175 302168 610608 329333 438438 517594
342983 395161 638562 139203 708370 232160 443390 457838 525650 190758 170006 178124 376983 541959 488493 278832 467657 543692 636533 534489 422872 611558 295176 563496 187839 434554 358415 572397 385182 728039 450057 267662 321247 396296 716427 253445 201152 326931 527460 999999999 446182 753033 358580 302382 391114 153926 444212 640396 155337 156387 394715 698970 434327 587567 547202 367877 515176 677717 278640 408103 340535 67112 665226 521304 635244 161557 452492 621525 419070 790324 236665 514049 270677 414489 663653 649652 513913 304725 220640 778625 118194 595787 287409 664662 355233 506504 691943 223734 105373 301688 207408 694510 334716 265044 362472 300195 89891 577709 727041 659601
306250 252016 256831 354579 444518 221425 407682 748629 422079 632457 283318 590217 782985 269520 544360 352424 87854 868724 229721 609628 269947 679441 381872 183414 299901 432110 262448 582723 300739 529609 640529 459970 679068 394227 276449 623994 433818 370885 762606 446182 999999999 678858 581166 297763 719800 510477 234405 356799 304206 602341 370203 568917 74398 637448 255742 300311 184376 441936 483475 628927 668392 383696 558638 806767 464241 502636 77787 667376 834350 650734 667561 80129 592358 770663 217908 203516 407214 534156 357339 644642 543116 166524 385225 224444 227371 823317 364581 643643 389204 746582 531088 292393 744910 710139 734014 463184 472128 954160 681426 525951
910532 449088 910887 799753 328460 720633 1035532 568075 264342 814851 656277 921837 787240 948003 278055 482000 595684 667944 587197 263362 919791 228901 459838 851315 603062 321270 462978 191409 928189 215900 1174702 495400 658241 1003978 702744 1005122 556372 432020 484908 753033 678858 999999999 1088225 484238 621144 649007 447045 381866 748709 843497 985901 122377 604791 214396 441961 919210 863094 294029 493491 1141155 1093504 705619 120613 576149 226168 633585 602036 197830 837739 108281 795145 736382 597600 682831 728681 733186 279740 496111 537649 98248 737547 636685 936436 800095 492657 634228 437578 758314 650162 902602 955209 921063 778796 881406 697231 461658 839922 814017 47455 158094
288815 671759 637188 289681 974869 398004 268475 799405 838992 442556 434752 267175 650348 490479 837864 606670 648015 864074 810578 888436 369704 966715 631109 588139 485664 767334 643981 918001 316417 1023449 91565 622581 647638 238410 843089 196933 555433 656576 879113 358580 581166 1088225 999999999 607434 723825 507331 704481 893118 344754 377444 259927 1016486 615363 940021 787493 306425 524706 955029 635637 53185 145689 388305 987968 860421 935190 517366 631800 974429 670495 1108956 502900 609645 619138 729202 772067 754382 825024 663300 552856 1098523 440261 746533 196345 735126 624775 834052 924339 514371 447410 488507 159436 699516 610793 463205 673387 653640 270334 857138 1067770 973810
436322 102942 552851 317768 407500 241479 562732 455387 232056 437729 172907 480498 531291 529026 270057 58524 259616 578460 394754 333729 464259 410691 84586 476526 123432 170816 64465 332327 460615 427428 692067 170331 409686 526956 502728 551389 168848 76150 464843 302382 297763 484238 607434 999999999 436495 273695 158424 345089 264824 436398 511171 409463 239458 373117 264323 449018 459515 375534 192723 660598 630347 241367 380565 511415 335370 260395 251610 406685 586565 501970 450654 377335 319042 493564 474321 466351 218562 242230 95211 491320 342145 381765 452791 508929 83124 532564 404191 418028 199352 550908 485788 590094 499432 518325 465979 167318 377986 677312 468879 367368
724758 527308 961551 524165 754826 565684 832938 82651 522947 295099 465632 467079 170109 898100 364197 377972 694953 155924 826587 358583 793912 401948 356104 883098 427657 412476 494239 438448 764527 712626 813318 266205 77015 786269 938490 556242 286764 382650 183883 391114 719800 621144 723825 436495 999999999 243067 580926 726097 516984 355098 782963 634668 671810 407121 677615 747861 849885 710985 244357 766073 652032 406652 593504 137570 631399 241866 685644 428808 217199 704843 243506 799507 131795 65233 910359 901769 521467 197470 362521 691608 285580 818198 678311 940284 519415 115672 796986 218270 363211 328208 564496 1007513 173965 323109 81802 275446 463816 242121 578125 613726
481721 376628 736409 281585 668151 330204 590748 305107 455941 173146 234846 282386 272540 660869 372811 225304 505611 398432 660391 407973 552416 480729 224134 658420 210891 348849 338126 459872 521695 663701 598823 155580 180730 544400 758647 371796 109484 259928 373869 153926 510477 649007 507331 273695 243067 999999999 432055 614562 274915 194497 540353 615491 476717 462890 538017 504951 619264 630844 155533 554771 466877 163807 577718 368906 571530 15728 493153 495271 324655 702659 177211 587242 117238 276502 717898 706571 447497 164378 178959 690076 88609 635368 437753 734911 350363 358610 676713 144406 126530 280467 350503 786817 235234 250341 230711 188617 237411 452961 616960 581075
479407 55855 481576 423054 272193 307778 600105 587587 187676 593924 286460 619652 687317 501830 325861 211680 158665 713273 246461 389471 476339 453431 226619 414069 256373 214428 93959 352317 490622 324030 781241 318149 562214 574005 363279 681631 326767 198279 576939 444212 234405 447045 704481 158424 580926 432055 999999999 197057 364408 587927 553434 342926 160062 410407 106216 483883 418478 250579 338033 757014 751482 378488 327962 637628 243869 418818 160751 438386 742944 430173 608849 300577 471637 641246 349922 346189 172820 383459 253232 422428 497959 250770 525768 401230 88988 667397 248888 576424 347763 708033 604977 504647 656616 674854 618244 305480 508610 823047 447484 298890
647874 245669 549193 617273 87723 495236 760044 714646 216121 782274 483272 816487 853463 616525 399359 389258 269696 839252 207015 448776 625431 486886 394180 501115 452721 315716 283505 380210 650792 186104 965873 481271 722118 740863 320924 878510 505694 359684 678526 640396 356799 381866 893118 345089 726097 614562 197057 999999999 558383 780956 718214 259535 294079 445063 106597 647386 528172 94057 496777 944929 946974 575130 269928 754199 160133 600211 282634 461440 909565 319852 791501 390927 634194 790065 349911 356274 212046 534063 439409 317573 687009 264670 707431 424714 285736 794950 73149 757272 541748 894324 800571 550021 827056 862498 776334 459758 705641 964392 403144 227427
210324 327975 483266 58905 636557 82861 328572 572389 495036 345814 92601 286359 527725 390038 514079 273177 342437 672800 513937 571431 277541 650879 301810 408522 148002 430653 299275 587860 248250 679371 427619 321331 455186 285436 579951 328499 260251 321605 624423 155337 304206 748709 344754 264824 516984 274915 364408 558383 999999999 305412 276181 672388 307950 618764 455666 231993 359875 613729 340776 397894 389220 111764 644896 636254 590554 275118 326195 653338 572232 764770 391481 365639 386932 550833 521553 506433 480853 382632 227027 754530 269640 463799 193722 515387 281336 631937 598177 376060 156539 454533 243433 539558 486029 417886 502629 345895 168039 722900 731578 629449
464176 535739 785795 272859 843039 385871 542426 435131 642440 65197 325255 112739 275376 678143 567110 399899 623145 487981 790910 599919 552347 670227 406938 712635 334863 539419 497535 654236 507640 849575 463835 349120 278103 495286 872710 201152 294390 442148 525641 156387 602341 843497 377444 436398 355098 194497 587927 780956 305412 999999999 500361 807148 590090 655052 693077 490299 660984 808893 350029 415389 297188 221635 770146 492625 756648 209920 608178 686682 303054 895465 125763 669055 274365 353174 819951 805850 632668 354418 344348 883019 105974 751786 385825 819485 499871 460361 836815 138623 240233 150599 222529 843513 234554 114479 297357 382561 159052 483576 811303 771291
75391 538590 378134 258814 805084 269837 52664 843887 722331 559058 357680 421255 764456 230553 777010 535409 451698 937237 594861 837685 115314 916641 566632 334341 413789 681926 523003 843476 69908 875825 289734 596623 715404 25039 605707 398065 536421 579796 900083 394715 370203 985901 259927 511171 782963 540353 553434 718214 276181 500361 999999999 892956 424440 881596 612425 70830 271180 795098 616595 293939 391707 378880 872528 907883 797156 543428 437247 915753 800086 982414 615927 376483 656376 809165 531771 513766 707058 658805 497266 974007 510656 524518 114688 485444 493612 898633 733687 611724 431108 644511 308291 440225 721932 611039 757084 619617 343241 969602 975980 848723
818049 354981 793737 726857 209017 634298 940983 595248 177504 787293 581748 873991 791926 838384 270852 420460 483557 707617 465292 285253 819250 284687 404743 736666 532522 267849 375822 201222 832083 103373 1099921 460145 658326 912437 580377 952321 513098 372058 527424 698970 568917 122377 1016486 409463 634668 615491 342926 259535 672388 807148 892956 999999999 495834 253258 324290 824447 752110 172286 464060 1069670 1036010 644808 41164 615794 106743 599764 491303 253270 845512 92508 776470 622086 585695 699202 607202 612134 191535 479097 478504 82201 702080 516430 853279 679479 401167 668984 315942 739483 593760 884885 893315 801661 777094 859799 703969 427943 781727 849096 148655 44243
355295 180871 325954 363848 381372 229487 465982 694641 347717 613105 264875 592046 748100 343251 474156 296786 34495 817016 206000 539216 332604 607626 323957 255410 267443 361525 195885 509624 356730 460428 681525 407497 636946 447383 284348 635818 389848 308735 701898 434327 74398 604791 615363 239458 671810 476717 160062 294079 307950 590090 424440 495834 999999999 565304 189318 353623 258719 374821 430577 665320 689455 368466 484712 750859 391902 467115 18342 594736 801170 578871 642508 144603 548024 725797 241592 231254 332882 480783 311151 572425 520095 161963 422812 269585 162222 771230 312014 615672 362640 728711 547047 355680 711856 692865 692772 406765 473883 909960 607044 452608
807500 385499 890726 661429 432067 612135 933712 354276 239835 619022 528212 744064 574323 893105 104840 347031 568676 458827 621636 55170 837019 43543 317108 820517 471568 207821 380866 64893 833379 350454 1030001 319969 447561 895903 744703 831696 386502 301830 276500 587567 637448 214396 940021 373117 407121 462890 410407 445063 618764 655052 881596 253258 565304 999999999 456138 821362 816344 387131 311189 991595 924535 551795 215086 366640 297488 448382 569171 34618 624052 305629 592943 709182 394366 468471 749291 748624 250493 300717 392507 292677 550639 649803 812427 808352 416134 422795 516051 556747 492618 698596 794794 915040 567871 680150 484183 287452 677274 603255 171052 249745
541626 161390 469481 514544 192676 389999 654971 677686 216503 700052 384791 720853 790605 521318 388211 315989 167888 803639 166270 446787 521809 499611 328045 413390 359754 285731 199927 392800 545454 274406 859544 419114 663523 634876 289322 779195 431993 296967 656576 547202 255742 441961 787493 264323 677615 538017 106216 106597 455666 693077 612425 324290 189318 456138 999999999 541622 433516 186235 437731 839109 844853 480786 322225 723924 217549 524634 179363 479036 846436 399705 714936 299595 573371 739407 295577 297038 205728 480744 359330 394846 604064 198184 600970 361346 193206 758138 144858 682325 452848 814241 698767 479520 760843 781011 719203 403256 607610 919299 453571 284166
26204 470847 335448 228676 734273 209941 116559 804379 655170 544695 304445 424518 743890 198439 717236 477214 381052 903383 526501 779049 68208 857507 509068 281938 359037 619194 456927 781042 17434 805656 349240 546070 683702 94077 542925 416451 488946 519780 854630 367877 300311 919210 306425 449018 747861 504951 483883 647386 231993 490299 70830 824447 353623 821362 541622 999999999 218632 724504 567053 346797 425677 341212 804842 868246 727732 506217 366516 855247 783209 913443 598663 311224 618566 778788 469997 452082 639838 611481 443102 905216 485957 457065 124323 429077 426556 863156 663190 590343 388459 638759 321392 397959 701419 603810 728580 566923 331266 945553 910542 780204
