NAME : synthetic_000293
TYPE : CTSP-D
DIMENSION : 100
GROUPS : 8
RELAXATION_LEVEL : 1
EDGE_WEIGHT_TYPE : EXPLICIT
EDGE_WEIGHT_FORMAT : FULL_MATRIX
EDGE_WEIGHT_SECTION
999999999 696907 621200 496739 281336 728797 812006 766816 836923 756789 263105 826199 395717 546020 936640 884023 625395 471515 425361 395572 552682 103781 154819 517490 214834 965163 714065 319285 819341 853343 643882 111040 358058 719771 721614 692943 820990 812201 310319 594285 793960 539471 487784 1004816 594811 911938 850064 69008 359755 644401 450140 301428 864120 657724 600036 764674 648166 108724 576052 409304 346530 780852 742031 831861 899170 389467 568754 518533 566598 526922 910050 644282 836893 934801 1026575 365773 673635 821613 932355 318320 532396 971736 973664 434160 704687 919066 256868 684737 779112 269848 886655 456494 995543 67558 665333 471928 681127 448221 118555 126792
696907 999999999 260357 509982 518180 412653 339629 119947 517778 402318 468006 355284 515025 450047 287007 659609 71937 311299 468393 301865 466583 614882 653340 259441 666484 376022 151015 409542 304455 156439 136376 725159 643958 164341 199917 330916 340856 443930 399818 227015 276625 176903 285508 330880 562157 633836 351445 696203 338702 151596 455439 420990 429515 57877 546008 212195 668969 711069 466047 301276 671869 596493 594713 625357 306526 465581 343120 323242 583791 176211 315216 283969 344743 612590 334172 380074 654792 290668 523298 385864 544534 389385 399331 429940 139167 440698 448874 558809 302947 432393 455279 240424 300129 706878 493474 290927 541054 249410 794394 663040
621200 260357 999999999 272093 367063 174599 590649 224116 296962 633166 475360 209272 311610 200621 345570 421551 228773 149702 570731 283150 215375 520731 524703 110556 514440 634875 145210 302529 198267 361092 124000 608945 444552 414253 120759 97144 593315 682476 318811 47755 530867 165495 408113 426347 305772 409564 607270 646309 334654 108849 569328 320994 679872 205664 288673 160543 827517 595219 210458 237401 476013 805103 337904 380411 566371 550690 93444 110367 331805 276086 296369 493502 217131 402956 537441 433552 823498 201725 348740 384569 297797 352208 353216 226936 146551 307157 432230 746466 158377 363138 288346 262016 461538 655215 233813 402059 281319 277794 689480 543810
496739 509982 272093 999999999 219005 271378 806357 495527 354550 820446 478923 408904 101025 78886 607515 387334 456777 214227 642691 354243 72764 395767 355821 254985 317920 883291 417035 260155 429822 630377 381135 439637 199050 639683 390295 278794 811204 876089 297720 287986 754580 351931 537510 690743 104700 416754 830784 546585 386960 369196 652342 274501 890682 452106 105247 425817 921823 428554 93828 301668 230790 955474 245966 335139 812174 610539 178686 186849 94422 444536 541898 673540 427550 443915 808978 496025 928861 441037 463175 414166 47269 579786 576007 108442 417265 480184 425814 878172 384098 329225 433732 383549 733202 552021 174753 524374 184551 393830 521920 382614
281336 518180 367063 219005 999999999 451223 740676 553549 556100 724791 291269 560605 119529 264730 706183 605420 449052 226097 475990 250133 271429 178404 158662 280791 151213 856904 486456 118417 562425 667023 424812 244379 160002 599839 481036 424250 747662 782962 147459 352270 701958 341590 424616 782676 321374 631161 772553 327942 253963 420079 491560 116855 814355 466265 324047 523636 751878 231166 294756 223271 176459 821200 464851 553138 785434 439623 298634 257309 299096 385069 663396 583757 574007 653465 849629 342035 765150 567818 654201 255629 259152 717718 717628 155691 480373 648682 240890 733987 519095 152150 612041 306817 796283 333712 384160 408405 401837 308542 326726 180358
728797 412653 174599 271378 451223 999999999 751438 337320 124589 802344 626695 149316 355623 196871 381726 249394 395827 284823 739797 443330 198830 625059 606445 269145 579160 772900 267596 426539 188665 472935 283701 692636 470378 574756 220412 82656 753099 849581 452831 222253 689138 339827 581951 464922 239051 235028 764076 765766 493168 267789 740009 445525 841305 364773 220393 232753 1000943 680129 177817 391534 502166 978681 194290 212720 708644 717386 167075 225655 278513 450679 298955 665516 171154 231815 627729 598312 997619 205078 203569 539571 268390 320383 314249 295645 276678 208912 578841 921034 149636 496316 163477 431912 533807 773359 124733 575282 162569 447413 775682 630432
812006 339629 590649 806357 740676 751438 999999999 439567 857155 113703 548945 688744 781655 760848 549434 999147 362630 592315 421871 490704 778273 764760 831823 554351 866654 179293 489759 622481 634590 354937 469450 880245 893138 176873 538841 669162 9927 121534 594800 549922 65159 456019 329467 545645 877034 973063 39821 782045 492620 485386 396648 624592 89904 387255 862923 545676 465989 867736 782744 526176 914962 314514 928519 964094 145215 446331 661377 626001 891572 365461 614071 167837 675391 950121 393575 447289 436721 618703 855176 512236 847641 681905 694598 708042 478482 765405 563975 325523 639578 605511 787780 438179 452290 792848 823696 346227 870897 433725 927969 830409
766816 119947 224116 495527 553549 337320 439567 999999999 426566 514168 559016 249939 523943 424662 177814 573634 164564 329413 581554 375253 439110 676403 701794 273812 704757 436646 79092 458757 195083 139093 128741 780012 657262 272815 118396 262532 439060 551416 458434 211917 374547 227348 398027 238213 526166 540488 444283 774958 420106 134470 570268 473588 528066 120029 508277 109355 788873 765853 432588 358043 687582 712774 529600 545432 374745 575544 317335 318946 554635 274432 195372 402812 235869 513338 313464 480501 774708 179160 415621 470963 521838 269632 279424 436762 78450 327209 532006 678072 204526 497076 348350 320801 244076 785221 438538 401323 485043 333339 854750 715617
836923 517778 296962 354550 556100 124589 857155 426566 999999999 915214 749205 187217 449920 291961 423585 148990 510049 407492 864348 567650 287790 733305 706054 393721 672029 861558 367455 544345 243119 552888 396981 791382 548943 681959 318377 200836 858001 960228 572646 344698 793432 462426 705069 500517 288398 116223 866555 878017 617224 381468 864394 563131 946948 475006 273092 317229 1124412 779624 264325 515405 579259 1096708 173833 133697 801201 841962 288358 347730 329678 572432 331168 781949 208177 107261 687983 722828 1120410 261522 117020 663024 336660 323952 313359 403344 378698 181441 700524 1041801 222263 615422 124141 556281 586585 885064 180502 698828 188973 571826 874244 731583
756789 402318 633166 820446 724791 802344 113703 514168 915214 999999999 497717 757594 782092 784484 642833 1051737 406516 607761 343801 480993 802002 722368 796424 578278 837746 287458 552446 609474 706117 449712 519071 835384 882538 241384 600704 719763 122231 58251 577379 588627 162832 481907 300252 647262 900673 1031383 146513 719208 470921 534868 317724 608099 111958 440281 888265 614341 352742 823786 809651 525147 901219 207363 968427 1012945 258917 373980 692736 649852 910259 377264 699507 146907 746644 1013199 505768 402694 323060 691603 925583 479178 864455 770191 782190 716434 539860 841020 522340 211879 704914 579763 857577 438578 558940 729656 860847 316641 906937 430339 874859 791274
263105 468006 475360 478923 291269 626695 548945 559016 749205 497717 999999999 682489 395557 490736 736326 837097 400649 341900 191127 194967 504339 227302 307840 365315 358429 703534 524074 219816 659760 621222 452049 338018 444859 463523 545896 566555 557903 554340 183993 434938 531636 342736 226415 793932 582632 847290 586959 239686 143929 457849 210946 204483 602994 440682 579418 586062 461396 326783 523729 238222 453098 549733 708211 786338 638783 153179 460861 401485 570790 291797 730018 381186 686989 855646 784442 103469 476455 656842 820954 91906 525317 799570 804622 377464 512084 781495 53113 457182 627681 149826 763159 239180 767063 250701 608161 211218 640240 225860 379327 298145
826199 355284 209272 408904 560605 149316 688744 249939 187217 757594 682489 999999999 481251 330591 240933 336012 365316 356845 761684 488332 336664 724181 719168 319551 700195 678757 206701 509611 56869 368254 258439 804978 605161 518064 161165 136841 688547 798107 527707 247558 623914 352356 586920 321737 387881 295222 694217 854196 539979 245712 756763 528369 777647 323411 369094 143519 1001965 791695 318432 445605 637313 949620 329953 317698 620938 745818 262061 307776 426704 450611 152473 634377 22744 264150 501313 632638 993002 75008 168047 590990 412766 172243 167404 408065 220065 99354 640748 904792 57581 572106 100008 457983 401185 862880 274026 584402 309845 473713 887097 740640
395717 515025 311610 101025 119529 355623 781655 523943 449920 782092 395557 481251 999999999 159754 657013 488351 452910 203734 570313 302343 162150 294891 256587 256747 223750 877348 449090 185632 493166 650982 399389 341516 133541 624869 432136 345345 787530 839325 223533 312258 735366 342614 487780 737934 201910 517151 809729 446002 324392 390550 582743 195753 861770 458456 205189 472033 849418 329922 185595 257358 164570 900094 346742 436163 805460 535968 225825 205547 180314 416317 601437 636365 497605 542755 833399 427489 859468 501724 554441 341905 139625 647456 645368 87223 446234 561294 342882 817767 447819 246860 519045 345127 767352 451274 272583 473019 285472 352071 424329 282816
546020 450047 200621 78886 264730 196871 760848 424662 291961 784484 490736 330591 159754 999999999 529876 349449 403049 180225 638975 339666 17529 442750 414468 207091 383469 825800 345638 272497 350951 561569 316806 500139 275181 589510 315653 199924 764972 838480 306827 223612 705944 305247 514641 613369 116450 368772 782687 589932 380150 303583 645600 289785 847371 392526 103936 349579 915289 488149 33047 284240 307243 932240 217528 297705 755553 609664 108433 135171 133745 407451 463128 638307 348952 388889 737759 491231 919105 362278 394713 415586 97180 501087 497473 117318 347141 404573 438506 860039 305238 344988 360289 356521 658966 596430 121529 503179 149505 368980 583148 439733
936640 287007 345570 607515 706183 381726 549434 177814 423585 642833 736326 240933 657013 529876 999999999 569547 341474 480415 755191 549914 540718 842788 860262 427078 856222 488139 223033 622213 193148 194510 292820 941576 789517 409257 226101 334372 546129 669574 626456 353919 486138 399762 571924 84089 610764 521103 542468 948456 596237 292537 742446 638431 630558 297702 591831 185027 946906 927517 527643 527610 821170 848851 570085 556532 444654 751090 433500 454566 646155 451915 93408 553814 218391 480099 269922 658191 929305 176744 364543 647553 623069 139062 153036 572427 231966 263699 707889 826941 233876 667085 309836 497540 164956 958526 503741 576389 544213 510483 1018964 876491
884023 659609 421551 387334 605420 249394 999147 573634 148990 1051737 837097 336012 488351 349449 569547 999999999 645221 504088 971325 669610 338378 782997 740345 503494 696208 1009571 511051 621148 392092 701617 532946 821735 557639 822863 462273 331992 1000465 1098785 654195 468435 936170 584488 823699 644068 292258 62958 1010291 933362 715959 517066 974273 638805 1089050 613522 284694 464553 1239931 811604 316642 614710 584105 1226643 142967 52288 948354 945494 387180 444985 326889 696033 476397 914465 356609 116095 835875 825587 1238910 410488 223731 757000 353359 460416 448436 466628 521476 315157 785675 1166456 370172 693740 261691 668810 733571 939039 229186 815623 203663 683676 902343 767833
625395 71937 228773 456777 449052 395827 362630 164564 510049 406516 400649 365316 452910 403049 341474 645221 999999999 250049 418192 230090 420185 542947 581961 202093 596321 427035 160902 338693 320959 228149 113068 653315 579410 187529 204152 313253 365724 454362 328078 187300 304509 110555 235066 393786 518055 625965 381305 625898 268106 128659 408068 349693 451467 46029 503068 229478 638969 639234 422630 230092 606496 587930 566533 606820 355617 411140 300078 270773 536020 110791 354423 272344 358978 610492 405831 317231 628488 310283 531628 316321 494376 428440 436783 369797 147022 458285 379044 539584 309053 360458 464066 169117 370634 636509 461121 237362 508278 178828 722463 591343
471515 311299 149702 214227 226097 284823 592315 329413 407492 607761 341900 356845 203734 180225 480415 504088 250049 999999999 467763 165724 197410 371390 380262 55643 376920 676330 260450 152986 347845 450148 201292 462898 333608 427691 256304 229258 597289 662836 172000 126922 541465 140807 334578 556579 294551 508397 617347 497371 212174 195095 471959 171613 676455 254906 283720 299297 740240 448981 209185 110622 362446 752017 387382 455406 604617 441409 119522 60023 302504 230833 441985 460999 366186 514222 633167 321512 742263 350533 481610 255859 256951 500954 502446 119778 254740 452690 294236 680343 307874 216405 427187 176309 573266 506112 280163 323433 319960 188972 542250 397652
425361 468393 570731 642691 475990 739797 421871 581554 864348 343801 191127 761684 570313 638975 755191 971325 418192 467763 999999999 302049 654591 412941 496619 471063 549065 595094 572098 385518 726739 600749 506702 516805 633071 396920 606911 667694 431687 395282 347373 524173 425014 410275 183542 795961 742524 971764 461687 380235 258827 517606 26092 374566 455258 464106 736313 640380 279443 507077 670840 357466 642915 360840 853587 923091 540636 38154 584339 526377 736868 314491 772390 268083 760681 971451 735086 147768 289620 719220 917277 229094 689947 846166 854052 535535 558430 860020 236238 266868 704202 325813 853509 308749 744004 390254 747565 181099 785550 293015 543726 484454
395572 301865 283150 354243 250133 443330 490704 375253 567650 480993 194967 488332 302343 339666 549914 669610 230090 165724 302049 999999999 355938 313834 360036 175290 383907 610336 332366 131798 464793 458232 260134 426217 403526 353393 351533 377128 497602 538665 107191 240927 452193 150793 185689 613234 448221 672075 522421 399796 51662 264615 306754 135249 565865 262565 440067 392306 575910 412285 370755 55659 424443 601727 552122 621113 539528 276040 283246 224668 448205 140728 537240 336744 492291 674887 634129 156141 579460 461985 631287 103071 400952 605743 610428 245977 321064 587543 158914 524057 433069 131907 571487 63047 599972 410126 445608 171416 484283 59942 493045 366209
552682 466583 215375 72764 271429 198830 778273 439110 287790 802002 504339 336664 162150 17529 540718 338378 420185 197410 654591 355938 999999999 449801 418359 224603 385037 842450 360028 285394 359459 576467 332878 503593 271571 606777 328813 208707 782373 856009 320346 239881 723260 322735 531677 624425 98936 360133 800015 598057 395782 319455 661513 302331 864846 409152 86496 361762 931299 491873 23534 300624 303414 949410 204048 286361 772308 624963 124173 152682 117370 424952 472112 655810 355643 382306 751885 506824 935395 371385 393273 430389 83355 507996 503941 128646 361912 407517 451895 876919 313898 357686 361614 373662 671981 604321 112778 520112 136540 386018 586457 444122
103781 614882 520731 395767 178404 625059 764760 676403 733305 722368 227302 724181 294891 442750 842788 782997 542947 371390 412941 313834 449801 999999999 87140 419429 147436 907388 619760 221194 718996 770816 550972 116029 274835 655298 624404 590216 773191 779622 218077 495955 739559 450015 435416 913367 495735 809546 801235 151825 286342 550285 435075 204420 824984 571790 499976 667574 664594 103095 473090 318725 269945 773766 641632 730752 838986 374935 465623 416407 469520 451658 812183 597692 735396 831628 947914 320193 685388 721923 828608 254371 433192 872328 873810 330398 611088 816305 201155 679553 678057 182489 783246 376627 910291 156536 562551 418746 579646 370681 179569 71515
154819 653340 524703 355821 158662 606445 831823 701794 706054 796424 307840 719168 256587 414468 860262 740345 581961 380262 496619 360036 418359 87140 999999999 433207 62555 966580 638563 244700 720854 806908 573605 86254 203278 711170 636526 582679 839869 854202 254836 507181 802238 480842 503012 934890 448621 772453 867108 218948 342623 570531 517957 232358 896192 605605 455691 679442 751496 73743 441876 352085 192367 857005 597491 688596 896762 458484 457129 415500 417702 500733 820713 666484 732666 799239 987463 394022 771915 725949 808193 319878 386996 876049 876117 312598 631445 806485 274595 763486 677686 230451 768516 422685 941627 220357 529138 486163 539721 419534 169243 28441
517490 259441 110556 254985 280791 269145 554351 273812 393721 578278 365315 319551 256747 207091 427078 503494 202093 55643 471063 175290 224603 419429 433207 999999999 431870 629075 205797 198451 304178 395164 145656 514734 388010 385112 205098 202023 558711 631767 210533 76809 500704 98343 321412 502204 323539 500874 577229 538959 226202 139595 472192 216064 640441 202231 310375 248278 736468 500717 231375 127113 417243 733362 397962 457350 557708 448242 118753 71921 337297 202570 392817 432746 326397 500960 578074 329264 735626 304998 456440 275082 294024 454551 456968 170720 199594 417696 321692 666735 267128 254486 397850 165321 517627 548149 289109 312545 332918 180283 593014 449572
214834 666484 514440 317920 151213 579160 866654 704757 672029 837746 358429 700195 223750 383469 856222 696208 596321 376920 549065 383907 385037 147436 62555 431870 999999999 994154 637370 258380 706688 817008 576018 126959 146645 737298 630531 563387 874331 895846 276719 502423 833431 490749 540406 933371 404005 731636 900760 280534 374150 571256 569374 249956 934527 615809 412866 672800 808966 118748 408246 367136 131922 908030 553303 645051 923431 510936 439268 404081 370393 523748 810501 703622 715172 761283 999222 437797 828316 713272 778044 358612 343983 862072 861144 292503 631463 783526 320199 815578 662351 261143 742459 444877 947354 281400 492668 523592 498782 443834 206140 88639
965163 376022 634875 883291 856904 772900 179293 436646 861558 287458 703534 678757 877348 825800 488139 1009571 427035 676330 595094 610336 842450 907388 966580 629075 994154 999999999 506158 739401 621925 311194 511573 1023380 999532 257183 552500 695062 169499 272302 717507 603037 172869 535597 477454 457987 938165 973573 141678 941591 624103 526202 570591 745192 202791 433298 921934 545153 638601 1010190 842054 634255 1024639 468168 962717 982077 71920 616501 719139 696632 959522 471899 570304 329835 661042 942101 263392 600096 607058 604041 835167 653197 919507 627182 641096 796046 498517 737447 710518 496768 639445 736262 771443 550523 350924 952549 865639 493236 913087 550482 1078023 968848
714065 151015 145210 417035 486456 267596 489759 79092 367455 552446 524074 206701 449090 345638 223033 511051 160902 260450 572098 332366 360028 619760 638563 205797 637370 506158 999999999 399228 160139 217483 72240 719108 582623 315320 49084 188918 490547 594892 403758 137239 425980 181757 391438 296435 447397 483305 499415 727808 381088 69665 564147 415398 579514 117238 429612 68880 799857 705018 353563 305725 613370 742939 456662 479128 441143 561010 238576 243546 475578 257654 206208 427694 198714 461582 392233 456178 789270 149486 374486 433179 442806 277485 283982 362222 13913 297590 491276 698940 152536 444915 306490 285769 318579 737700 362276 391399 409238 300191 796071 654135
319285 409542 302529 260155 118417 426539 622481 458757 544345 609474 219816 509611 185632 272497 622213 621148 338693 152986 385518 131798 285394 221194 244700 198451 258380 739401 399228 999999999 500347 562335 331614 321255 273113 482227 403257 379664 629399 667485 38146 275162 583560 236143 310210 694145 363169 635599 654179 344665 141352 330019 397310 19054 696975 360957 359630 446418 664920 307096 305542 108839 292990 716335 489443 569760 668109 351990 260164 204629 353272 267538 591263 466933 519169 648652 743367 241857 674190 502360 628050 156564 307026 652452 654423 157735 390995 604722 166946 632696 460822 72593 576760 188910 697171 353276 392014 294471 421781 190170 396922 257006
819341 304455 198267 429822 562425 188665 634590 195083 243119 706117 659760 56869 493166 350951 193148 392092 320959 347845 726739 464793 359459 718996 720854 304178 706688 621925 160139 500347 999999999 311386 220084 805771 621459 465615 119889 151028 634139 745346 514692 228311 569606 321758 548615 276265 421344 352072 639125 843040 516036 209342 720297 518628 723148 277252 402384 92742 959779 792171 343692 426471 653601 900565 377895 371949 564386 713055 268187 305433 458326 413024 113158 586273 40804 320643 447307 602963 949401 18414 220606 567859 439402 155425 155326 414619 173972 137506 620815 858698 45768 558656 153280 428583 349000 852148 311598 547357 351222 444021 886859 740809
853343 156439 361092 630377 667023 472935 354937 139093 552888 449712 621222 368254 650982 561569 194510 701617 228149 450148 600749 458232 576467 770816 806908 395164 817008 311194 217483 562335 311386 999999999 251937 880264 783077 223401 256881 400633 351724 475125 554766 343120 291698 326563 423724 203062 664875 663439 348954 851922 494834 262153 584255 574738 436841 201448 647091 240493 765457 866140 570798 455173 812407 656526 666492 677033 257842 603592 453496 448978 692648 330305 264266 372120 350075 631033 183095 529198 745234 293328 524236 541249 658678 328482 341607 563996 214591 427364 604385 639911 332093 588365 460251 396853 146273 862647 577324 432210 623617 405626 950377 817591
643882 136376 124000 381135 424812 283701 469450 128741 396981 519071 452049 258439 399389 316806 292820 532946 113068 201292 506702 260134 332878 550972 573605 145656 576018 511573 72240 331614 220084 251937 999999999 652628 532008 292597 100214 201045 471659 565882 333868 93448 408520 109533 329043 362585 427012 512909 484564 656277 308902 15964 500262 347085 559098 82410 410524 135807 743685 638488 330976 234795 561786 700543 459958 495623 442645 493680 208759 197289 450244 193064 277986 385204 255071 497754 434017 386222 735357 212731 422097 361019 412743 348343 354208 312268 61235 354874 419041 649829 201075 374265 355226 214276 372072 666240 357456 327363 405020 228974 728380 587981
111040 725159 608945 439637 244379 692636 880245 780012 791382 835384 338018 804978 341516 500139 941576 821735 653315 462898 516805 426217 503593 116029 86254 514734 126959 1023380 719108 321255 805771 880264 652628 999999999 272997 770904 719094 668613 888745 892243 325500 589690 855559 556107 551089 1014901 529502 855581 916911 179736 401470 650420 540281 306854 939220 679798 537582 762153 753401 14169 527075 425457 255159 876587 678769 770302 954876 479438 543009 500339 496767 565493 904426 712931 818241 883510 1059061 434461 777329 810492 894200 370399 468676 960781 961088 398813 711438 892659 316289 781186 762904 294318 854767 489254 1017539 176940 613700 534467 622629 484212 83074 65247
358058 643958 444552 199050 160002 470378 893138 657262 548943 882538 444859 605161 133541 275181 789517 557639 579410 333608 633071 403526 271571 274835 203278 388010 146645 999532 582623 273113 621459 783077 532008 272997 999999999 744207 565238 471535 899687 940578 305801 445723 850978 468895 582873 870864 267952 597271 923492 420736 412648 523572 649656 275011 969387 588233 279575 604705 906148 265342 292847 367965 32178 981015 415693 507552 927644 596073 356686 339085 230877 531194 731400 739880 622838 630896 965809 501797 921089 631028 660375 415548 212666 774260 771317 220536 579682 679072 396872 893257 575787 311850 632735 455356 900818 422894 368606 566894 366797 459421 349210 231524
719771 164341 414253 639683 599839 574756 176873 272815 681959 241384 463523 518064 624869 589510 409257 822863 187529 427691 396920 353393 606777 655298 711170 385112 737298 257183 315320 482227 465615 223401 292597 770904 744207 999999999 364256 492393 179132 280071 460583 374490 116992 287799 240125 426451 705036 798074 193776 703152 369726 308526 377023 488069 266628 210383 690295 374550 542057 757450 609887 377569 768661 442564 751977 787350 186137 407333 487550 455779 721768 214773 459663 149176 506287 776834 338166 361341 522085 450743 685735 402917 679088 531453 543031 546315 303493 599841 462987 417940 466821 480727 617857 293340 355699 714166 647707 253665 695039 293478 829352 714614
721614 199917 120759 390295 481036 220412 538841 118396 318377 600704 545896 161165 432136 315653 226101 462273 204152 256304 606911 351533 328813 624404 636526 205098 630531 552500 49084 403257 119889 256881 100214 719094 565238 364256 999999999 144145 539628 643638 412302 129410 475055 204457 428853 305864 411489 434222 548392 739806 401990 90081 600410 420512 628599 162775 393239 43180 841542 705141 319939 318228 596632 789687 411498 431026 488425 593613 212282 228548 441957 293145 188686 474079 155731 412833 424808 484782 832084 112899 327943 454143 412153 254497 258902 346786 60904 255530 509608 743670 105266 455083 260161 311173 343316 749366 320450 427476 366771 326354 797922 653860
692943 330916 97144 278794 424250 82656 669162 262532 200836 719763 566555 136841 345345 199924 334372 331992 313253 229258 667694 377128 208707 590216 582679 202023 563387 695062 188918 379664 151028 400633 201045 668613 471535 492393 144145 999999999 670940 766925 401205 144546 607125 262015 504779 418434 277242 314987 682331 723892 428206 185133 666455 398657 758999 282249 258409 164970 924274 655412 193894 328535 503709 897230 267782 294960 629648 647200 125640 175244 311847 371621 263415 583468 152287 306139 563680 529461 919787 162684 254496 476932 289650 302757 300172 271231 196875 226124 521283 841085 105320 445561 197950 358946 475253 732211 177668 499003 223215 374690 750923 604479
820990 340856 593315 811204 747662 753099 9927 439060 858001 122231 557903 688547 787530 764972 546129 1000465 365724 597289 431687 497602 782373 773191 839869 558711 874331 169499 490547 629399 634139 351724 471659 888745 899687 179132 539628 670940 999999999 126722 602018 553009 64698 460420 337814 540943 881064 973809 30016 791329 500224 487572 406486 631722 89144 389350 866822 545682 474810 876197 786576 532448 921703 321272 931095 965801 136875 456026 664954 630258 895995 371232 611867 176724 674928 950373 386332 456080 445286 618106 854666 520413 852243 679240 692021 713409 479439 764338 572508 334110 639835 613197 787388 444532 446627 802141 826599 354543 873864 440339 936828 838648
812201 443930 682476 876089 782962 849581 121534 551416 960228 58251 554340 798107 839325 838480 669574 1098785 454362 662836 395282 538665 856009 779622 854202 631767 895846 272302 594892 667485 745346 475125 565882 892243 940578 280071 643638 766925 126722 999999999 635534 638811 183436 534641 358470 667170 954828 1076448 141204 773117 529124 581792 369214 666242 73617 485571 942083 654588 369871 880764 863052 582170 959376 197772 1019069 1061127 258498 426959 744974 703548 965289 432031 731540 203182 786079 1056457 510636 460304 336679 730175 965674 537317 919735 800560 813013 772721 582750 878564 579937 228363 746780 638007 897847 495217 573338 783458 912038 374877 958464 487354 930470 848767
310319 399818 318811 297720 147459 452831 594800 458434 572646 577379 183993 527707 223533 306827 626456 654195 328078 172000 347373 107191 320346 218077 254836 210533 276719 717507 403758 38146 514692 554766 333868 325500 305801 460583 412302 401205 602018 635534 999999999 286951 558357 231968 277293 695755 400258 666679 627501 328459 106848 334097 359263 30792 667276 354544 396238 455189 626774 311380 339844 100676 323842 679802 524250 603129 646719 313879 285766 228061 391103 247343 600979 436461 535907 677893 733909 204049 636105 515418 652502 118462 344708 664527 667265 193867 394491 624340 131701 595467 476921 44444 599078 168642 692783 337723 425038 261188 456327 167115 397100 263273
594285 227015 47755 287986 352270 222253 549922 211917 344698 588627 434938 247558 312258 223612 353919 468435 187300 126922 524173 240927 239881 495955 507181 76809 502423 603037 137239 275162 228311 343120 93448 589690 445723 374490 129410 144546 553009 638811 286951 999999999 491457 117741 360398 431245 335171 457259 568163 615405 292589 81231 522316 292856 638633 170055 319170 172471 779836 575742 239068 198793 476315 758288 380293 426482 533341 504864 116112 107029 357231 228445 316231 447712 252552 450584 523635 388602 775745 228479 393834 343444 319316 377783 380328 225204 133979 346665 393817 698936 193134 330664 331886 215748 455098 624668 274002 354465 321043 231576 668655 524454
793960 276625 530867 754580 701958 689138 65159 374547 793432 162832 531636 623914 735366 705944 486138 936170 304509 541465 425014 452193 723260 739559 802238 500704 833431 172869 425980 583560 569606 291698 408520 855559 850978 116992 475055 607125 64698 183436 558357 491457 999999999 402792 306319 485703 821672 909198 76823 769076 460036 424386 401161 587319 153841 326119 807062 480999 505849 842616 726681 483013 874111 369667 868347 901858 116073 444820 604474 571795 837811 319975 549345 157710 610402 885675 346467 428345 479371 553652 790168 485256 794700 617621 630211 659007 414960 700248 540804 368901 575137 573110 722831 395998 396108 780019 764483 322455 811858 393422 907829 802864
539471 176903 165495 351931 341590 339827 456019 227348 462426 481907 342736 352356 342614 305247 399762 584488 110555 140807 410275 150793 322735 450015 480842 98343 490749 535597 181757 236143 321758 326563 109533 556107 468895 287799 204457 262015 460420 534641 231968 117741 402792 999999999 242765 465447 421654 574855 479187 548764 199388 115268 406924 249371 542149 125140 408173 243587 662264 541942 328632 131294 496134 643691 488718 541127 463848 393482 210960 170136 435577 111567 387330 337540 352971 568153 508475 281273 658004 316872 507331 251531 391990 456981 462334 260453 170290 451334 309629 582032 295193 269786 443237 106865 461438 558886 380282 237276 425702 122263 629024 492555
487784 285508 408113 537510 424616 581951 329467 398027 705069 300252 226415 586920 487780 514641 571924 823699 235066 334578 183542 185689 531677 435416 503012 321412 540406 477454 391438 310210 548615 423724 329043 551089 582873 240125 428853 504779 337814 358470 277293 360398 306319 242765 999999999 614833 627400 816828 365829 465627 170681 341234 173099 308057 394123 281072 617608 460170 419506 538459 543707 235896 601070 418396 718395 778426 412368 180636 439972 386993 630639 136333 589484 163517 584114 810916 571541 122992 415750 539991 747307 183135 583609 663451 671630 429980 377625 683911 235119 346137 529363 280405 681766 158511 569069 476631 609732 16855 652194 145662 601560 501002
1004816 330880 426347 690743 782676 464922 545645 238213 500517 647262 793932 321737 737934 613369 84089 644068 393786 556579 795961 613234 624425 913367 934890 502204 933371 457987 296435 694145 276265 203062 362585 1014901 870864 426451 305864 418434 540943 667170 695755 431245 485703 465447 614833 999999999 694839 592880 532724 1013021 657206 364512 781081 709664 620403 353425 675904 266320 968507 1000781 611575 595701 902359 854625 651644 634094 425294 795428 515700 534152 730236 504239 170035 575141 299016 549113 213528 710125 948054 260299 431722 707457 706920 192207 206153 652619 303515 331966 769133 842094 317748 734992 382530 557516 109346 1023319 587455 621220 627486 569361 1090964 950078
594811 562157 305772 104700 321374 239051 877034 526166 288398 900673 582632 387881 201910 116450 610764 292258 518055 294551 742524 448221 98936 495735 448621 323539 404005 938165 447397 363169 421344 664875 427012 529502 267952 705036 411489 277242 881064 954828 400258 335171 821672 421654 627400 694839 999999999 329376 898461 647313 484789 412904 751003 378161 963731 505169 18963 439884 1020908 519463 96111 393725 296292 1045668 149309 241061 868499 711316 219161 251618 41466 523492 534139 754337 409190 363570 836285 595106 1026562 435738 404012 515157 62543 559425 553241 207276 450805 441108 529563 971484 377680 433188 388368 470161 751440 652271 116465 615289 100464 481963 610121 476334
911938 633836 409564 416754 631161 235028 973063 540488 116223 1031383 847290 295222 517151 368772 521103 62958 625965 508397 971764 672075 360133 809546 772453 500874 731636 973573 483305 635599 352072 663439 512909 855581 597271 798074 434222 314987 973809 1076448 666679 457259 909198 574855 816828 592880 329376 999999999 981999 958190 720298 497324 973029 653861 1062811 591210 318983 431205 1235508 844838 337154 618331 625145 1212013 183237 94971 914504 947831 389148 448429 367056 685641 427697 897613 314201 53214 789650 828100 1232551 370217 165493 763926 387727 405888 393382 485543 494703 261386 797025 1155805 335995 707895 211269 665352 685921 964431 247472 809910 232966 680662 937250 799359
850064 351445 607270 830784 772553 764076 39821 444283 866555 146513 586959 694217 809729 782687 542468 1010291 381305 617347 461687 522421 800015 801235 867108 577229 900760 141678 499415 654179 639125 348954 484564 916911 923492 193776 548392 682331 30016 141204 627501 568163 76823 479187 365829 532724 898461 981999 999999999 820886 526616 500382 436468 656988 88159 402161 883876 552167 498986 904287 803499 555772 945962 338626 944510 976756 117303 486027 681293 648432 914425 393566 611561 205823 679824 957135 369503 484863 468538 622684 859237 548001 871166 677397 690439 734374 488814 767323 600786 357600 646902 639715 792369 468137 435342 831711 840978 382489 888389 464557 965674 866292
69008 696203 646309 546585 327942 765766 782045 774958 878017 719208 239686 854196 446002 589932 948456 933362 625898 497371 380235 399796 598057 151825 218948 538959 280534 941591 727808 344665 843040 851922 656277 179736 420736 703152 739806 723892 791329 773117 328459 615405 769076 548764 465627 1013021 647313 958190 820886 999999999 357805 658451 405848 325844 828602 661553 651191 782412 587552 177731 621088 422382 411303 728834 792551 881080 877789 346465 602066 548648 621345 522036 928409 615515 863355 978357 1020314 342700 614533 843876 968983 310768 584774 992832 995694 474926 717501 949324 247591 632497 804670 284905 920146 457304 996289 11015 710765 450723 729769 447072 171775 191895
359755 338702 334654 386960 253963 493168 492620 420106 617224 470921 143929 539979 324392 380150 596237 715959 268106 212174 258827 51662 395782 286342 342623 226202 374150 624103 381088 141352 516036 494834 308902 401470 412648 369726 401990 428206 500224 529124 106848 292589 460036 199388 170681 657206 484789 720298 526616 357805 999999999 314220 266244 137639 562588 304356 477984 442312 536182 387913 412071 102005 430422 575775 595248 666804 554627 230202 331151 271960 481382 167247 586672 331413 543834 724380 666820 111086 542066 512948 682523 52199 434164 655829 660770 278795 369389 639199 111937 493838 484646 113156 622999 99800 638627 368405 490072 154443 527110 89319 463117 344983
644401 151596 108849 369196 420079 267789 485386 134470 381468 534868 457849 245712 390550 303583 292537 517066 128659 195095 517606 264615 319455 550285 570531 139595 571256 526202 69665 330019 209342 262153 15964 650420 523572 308526 90081 185133 487572 581792 334097 81231 424386 115268 341234 364512 412904 497324 500382 658451 314220 999999999 511733 345995 575045 98268 396251 128318 757016 636307 316966 236200 553647 715745 444175 479666 457538 503733 195282 186932 436770 204969 272625 400559 243263 482607 443382 394758 749110 202978 408269 366416 399889 341747 347070 303331 61021 342906 423423 664338 188186 375288 341684 221529 378529 668299 341965 339023 389539 236568 726937 585568
450140 455439 569328 652342 491560 740009 396648 570268 864394 317724 210946 756763 582743 645600 742446 974273 408068 471959 26092 306754 661513 435075 517957 472192 569374 570591 564147 397310 720297 584255 500262 540281 649656 377023 600410 666455 406486 369214 359263 522316 401161 406924 173099 781081 751003 973029 436468 405848 266244 511733 999999999 387308 429216 454091 744199 632745 269943 530327 677106 362406 660431 339050 858871 926608 516987 60921 587094 529826 746698 307287 762482 244864 754996 971288 715020 156348 276968 712194 914244 240838 699607 836501 844723 544591 550378 854600 253595 246276 699198 340298 849808 308112 726558 415922 752114 172963 791032 292598 568599 506538
301428 420990 320994 274501 116855 445525 624592 473588 563131 608099 204483 528369 195753 289785 638431 638805 349693 171613 374566 135249 302331 204420 232358 216064 249956 745192 415398 19054 518628 574738 347085 306854 275011 488069 420512 398657 631722 666242 30792 292856 587319 249371 308057 709664 378161 653861 656988 325844 137639 345995 387308 999999999 697605 373627 375198 463641 653687 292686 322807 119727 293145 709890 506317 587304 674166 340299 279203 223660 366885 273944 608747 466919 537780 667287 755105 232989 663830 520436 647095 146652 321058 670401 672503 174118 406880 623624 151402 625018 479338 55434 595797 195053 710789 334518 409763 291970 438835 194808 381328 243191
864120 429515 679872 890682 814355 841305 89904 528066 946948 111958 602994 777647 861770 847371 630558 1089050 451467 676455 455258 565865 864846 824984 896192 640441 934527 202791 579514 696975 723148 436841 559098 939220 969387 266628 628599 758999 89144 73617 667276 638633 153841 542149 394123 620403 963731 1062811 88159 828602 562588 575045 429216 697605 999999999 476988 949947 634821 443318 927244 869962 604859 989962 265502 1017776 1053944 199712 484636 749196 712285 977190 447217 698831 231203 763929 1039513 451307 504854 409802 707042 943630 576698 932738 765180 778154 790530 568307 852886 623965 301942 728973 674165 876413 516801 521794 839151 912574 410944 959675 510928 981701 892681
657724 57877 205664 452106 466265 364773 387255 120029 475006 440281 440682 323411 458456 392526 297702 613522 46029 254906 464106 262565 409152 571790 605605 202231 615809 433298 117238 360957 277252 201448 82410 679798 588233 210383 162775 282249 389350 485571 354544 170055 326119 125140 281072 353425 505169 591210 402161 661553 304356 98268 454091 373627 476988 999999999 489225 185086 683572 665649 409086 254350 616551 626959 542351 577177 363338 456606 286018 265378 526264 154430 308412 311307 315946 573321 383439 360501 672386 265905 490685 354147 486765 382413 390763 372916 103559 414751 416147 581719 268039 389864 422835 204557 338526 672020 439444 283175 486971 216007 751267 616713
600036 546008 288673 105247 324047 220393 862923 508277 273092 888265 579418 369094 205189 103936 591831 284694 503068 283720 736313 440067 86496 499976 455691 310375 412866 921934 429612 359630 402384 647091 410524 537582 279575 690295 393239 258409 866822 942083 396238 319170 807062 408173 617608 675904 18963 318983 883876 651191 477984 396251 744199 375198 949947 489225 999999999 421286 1014140 527222 80442 385154 308656 1035585 142071 232908 852472 705661 203444 238537 58748 511337 515190 742180 390354 351323 817990 588674 1019141 416775 388063 509868 68922 540733 534628 202464 433229 423253 526452 962413 358720 430477 370910 459841 732801 656427 98581 605813 87226 471995 618762 483142
764674 212195 160543 425817 523636 232753 545676 109355 317229 614341 586062 143519 472033 349579 185027 464553 229478 299297 640380 392306 361762 667574 679442 248278 672800 545153 68880 446418 92742 240493 135807 762153 604705 374550 43180 164970 545682 654588 455189 172471 480999 243587 460170 266320 439884 431205 552167 782412 442312 128318 632745 463641 634821 185086 421286 999999999 868417 748210 351067 360477 636289 807924 426811 437460 484000 628617 249492 269867 472291 325892 146012 493531 132629 404971 398725 522027 857470 80838 311293 494510 444993 213517 218760 387433 82780 230078 550806 766111 95210 497817 243345 349649 311607 792020 342480 459897 387386 364537 841065 696913
