NAME : synthetic_000706
TYPE : CTSP-D
DIMENSION : 100
GROUPS : 8
RELAXATION_LEVEL : 1
EDGE_WEIGHT_TYPE : EXPLICIT
EDGE_WEIGHT_FORMAT : FULL_MATRIX
EDGE_WEIGHT_SECTION
999999999 313449 627193 353469 349024 432919 251052 425182 424006 492148 688358 420436 602941 582980 443624 627095 631637 512633 223280 31353 385064 449476 243117 637738 225520 349406 616311 404077 335846 318334 368640 756322 456333 441008 599401 215904 427292 658120 634157 539360 635727 625805 446000 617903 678282 520308 582882 389430 416576 364950 644492 397831 315945 230479 314672 636473 159953 406390 166435 472293 449050 494035 194600 280562 123875 454661 320040 796285 145477 250556 247805 182463 150394 576673 46864 538325 184627 264422 553962 90514 658571 154367 572103 700483 50462 432823 222176 539295 334117 408427 221649 552302 388136 266899 256625 230056 404777 318626 219403 286376
313449 999999999 909171 407199 661057 736630 207351 650431 570522 712440 852300 478926 875624 585927 194383 883139 945074 775195 250739 344536 676269 695086 447905 555648 411055 376130 811507 101061 450231 623079 415979 912587 719728 598669 374359 491288 298257 641421 944140 261204 809314 901144 745270 651559 771312 814837 794950 698983 577482 71362 898754 198450 586388 515578 627353 478764 282261 714005 460802 772682 496833 211933 506250 46492 215215 762001 435657 882056 356170 375524 80582 258847 165702 515612 300303 427141 128823 105684 426146 271476 638103 278102 752520 900201 262992 713190 223914 392758 331302 401472 188746 443652 701467 366031 80820 272279 367005 564222 255752 597715
627193 909171 999999999 916722 339781 226362 875679 305989 467128 281015 426480 959136 55434 724587 958154 122676 349186 152209 839557 603301 552710 243008 729281 877260 746354 929519 328081 1009131 547672 491289 931105 470773 198061 441058 1040638 612314 840939 785720 231663 1058222 389418 35190 199482 684213 589204 124039 279328 290455 442546 973306 130790 890642 322794 398731 370605 980816 767181 454247 578891 182682 987486 1026578 498416 889078 751026 232998 851029 654744 705042 808391 862017 661616 767212 818560 619856 867890 790561 886936 895992 639395 792128 635261 367588 330516 670374 196445 710390 910868 931907 991197 739244 871282 372716 834538 872824 839863 737872 679108 680486 377093
353469 407199 916722 999999999 584150 694649 200859 769459 776821 835724 1040569 75041 905982 906404 601388 945177 796734 831092 170204 358730 454627 783497 193651 923994 170685 37584 964149 424534 681501 458731 15309 1108859 777649 794428 781437 310415 674601 976219 848283 661873 987248 924382 718297 952939 1028165 795871 926630 634210 769992 394633 963276 594503 642943 554562 549994 875087 198929 539919 337839 738931 99830 613439 418330 362512 279990 700723 77325 1146209 221975 110378 336671 492188 326134 871618 392584 803862 353546 301793 809960 417191 975126 478718 923391 1045620 344537 738710 504186 782383 83351 80744 481017 820020 580362 87820 330846 150241 700438 293260 520123 539753
349024 661057 339781 584150 999999999 113429 574912 333128 459524 376595 605535 621878 340942 717641 766335 397234 290356 297803 530956 318897 233378 301315 392962 833352 413660 600569 502747 753098 461751 156124 597987 670538 261797 452496 895669 275146 699305 793691 286135 866914 551332 353867 141580 713555 692718 215960 449913 50225 436271 713953 414953 708487 202988 189114 35962 887343 457440 156126 250320 157475 649802 825615 173445 629555 465913 116912 515161 795698 384687 478901 596730 461114 499416 767903 362411 774375 532645 610568 797995 399273 797533 427266 495758 559363 399028 201101 514119 797824 608886 661324 531326 783807 73064 505996 605266 526806 628004 340323 493135 63730
432919 736630 226362 694649 113429 999999999 671768 283117 434592 309539 529437 734353 230052 703102 820782 291117 265625 203619 630941 405133 335109 234570 504895 834181 523964 709556 423575 832737 466465 266510 708730 590672 182877 420302 933975 387347 733352 775828 215233 922321 477879 241331 31608 686592 641323 102565 368632 64408 409228 794609 308262 758347 192371 227321 145201 906698 557472 243216 358002 44372 762457 884291 278379 709484 554961 38225 627000 735355 489138 587895 678713 512960 581264 769842 436807 791891 610698 697341 817578 466721 780622 481254 429002 468999 480773 119988 565701 822929 715378 770783 588195 799298 155220 614631 688292 628717 648308 453152 540394 156940
251052 207351 875679 200859 574912 671768 999999999 670078 639971 736788 917977 274159 853304 729597 400968 878083 835484 763681 53958 272605 525423 698854 266385 731894 227777 172253 855566 241332 530994 493468 210673 983983 707358 662521 580981 342906 478402 795307 859378 465824 868072 875711 688478 783555 876901 764761 826528 620872 638573 205814 895434 394223 566960 481286 538981 675494 120262 585053 334386 713484 294393 416822 402646 161980 131842 688433 230338 993603 201610 177332 136096 327667 150550 682830 271273 608655 165316 101672 613006 275671 793446 324444 805815 941995 216227 682832 326005 583965 131101 208955 297514 625011 596073 162787 129986 71845 515878 388581 348081 517150
425182 650431 305989 769459 333128 283117 670078 999999999 165104 66970 285543 829031 256663 432755 667528 240271 542670 153803 647947 412980 555656 63932 612353 577692 613881 770656 196005 751349 244056 467088 784760 353962 118919 143573 736955 514771 539120 501260 462902 765134 229928 284173 261013 407089 361232 276419 157802 314458 139493 719661 253779 598478 143906 222153 337169 675202 584370 489118 460373 280372 858407 737694 393146 640182 538243 320621 720999 462580 547935 660336 619743 391906 535211 516779 398849 561975 547676 653058 590030 400099 506736 373444 168536 276270 453910 168166 433630 605095 758807 831169 466445 565603 404279 681663 631784 655233 433044 615517 401717 314310
424006 570522 467128 776821 459524 434592 639971 165104 999999999 190886 282793 844439 415187 269758 546023 384490 699212 316222 630874 423830 658523 228712 650343 412628 641989 770002 247645 667868 120758 567646 791881 346008 283850 31119 589910 573940 399902 341281 625934 637602 238856 442312 416816 254466 259152 440436 245959 453254 25877 641872 394255 476666 256766 296440 453278 514991 579530 609592 514287 438926 873046 616972 465409 571508 512834 472810 742616 375759 565797 674351 559228 320890 491905 352153 384472 403786 492050 598680 432321 366338 346183 316554 184450 335035 435214 328030 346802 451250 748644 826536 382097 405895 532576 690809 571721 643108 286902 683088 315443 423184
492148 712440 281015 835724 376595 309539 736788 66970 190886 999999999 230034 894658 227215 443677 719994 193929 556947 136903 714907 479765 605318 76015 676319 596688 678918 837302 132968 813108 290562 518715 851018 296876 127875 162483 778403 576214 584172 506289 465779 815818 175119 253751 283028 406514 334682 279905 90996 350878 168383 782225 204573 650549 202697 285656 385460 705538 651285 532242 523134 297320 924048 790651 453465 703753 604946 344857 786321 425824 614012 726381 684204 453594 600944 538936 465621 594670 612383 718226 623206 465923 512476 436841 120122 209921 520677 189570 493110 641673 825720 897908 526678 596642 444873 747961 696331 722197 474084 674575 460952 366160
688358 852300 426480 1040569 605535 529437 917977 285543 282793 230034 999999999 1104005 373923 405339 809982 304532 755485 331134 904620 681931 835293 304293 893687 565924 892284 1037764 106379 948497 402155 748709 1055842 68915 347769 256883 818442 799566 650973 437712 649196 893588 55618 391581 500227 336207 190650 476880 161689 576829 280178 923655 300225 742317 429166 506167 615419 706856 847782 760442 744102 509023 1133196 879903 678560 854254 788392 561752 997831 229250 821928 933723 841887 603443 772026 525542 653942 613398 774124 880991 641240 642422 445491 597345 118615 113568 707367 411262 629062 671048 1020497 1096438 664369 609100 672247 953041 854378 915045 536355 901053 597968 596047
420436 478926 959136 75041 621878 734353 274159 829031 844439 894658 1104005 999999999 951950 980248 673307 994935 813611 881929 245241 422764 467613 839332 229919 999032 217536 102810 1024618 489586 752025 485697 63544 1172584 829814 860979 853262 347015 749469 1050482 874492 730576 1050110 969006 759733 1025726 1097716 836598 985236 672090 836578 461897 1013106 668332 698272 610720 589165 949308 270489 560014 383717 778713 29399 682589 463441 434932 353901 736998 109585 1215787 282103 170544 410244 565529 401004 946559 461458 878829 428581 374095 884774 488440 1049470 550965 986183 1104466 415352 787414 578718 856947 148655 101453 555896 895000 609959 154114 403948 225238 775193 305748 594108 582711
602941 875624 55434 905982 340942 230052 853304 256663 415187 227215 373923 951950 999999999 670314 916245 74596 391175 104859 819673 580822 564216 195236 722236 823885 736677 916670 273897 976175 500134 496146 920650 420768 156870 388410 993322 606866 794603 730815 277881 1015615 335275 27525 199798 629081 534099 135188 224295 294030 391007 941197 87266 848120 291083 372573 368504 929775 748322 468971 568938 190005 980696 985332 488698 857691 726203 245284 842950 601373 690268 796527 831945 624212 738672 765761 591923 817420 759920 858807 845676 608167 737271 599379 312210 282041 643968 170652 671621 861582 916334 978551 701586 820381 383479 822027 843079 821340 689663 681010 641065 369807
582980 585927 724587 906404 717641 703102 729597 432755 269758 443677 405339 980248 670314 999999999 472035 626476 968338 578156 740292 595870 895032 495028 826042 161931 807301 889363 439454 662539 265998 805717 920114 436192 551531 289226 429765 776862 306796 77803 895272 533609 395378 696300 686269 79235 238014 709143 465741 717240 295576 650930 632149 415939 518823 538324 706124 303212 711230 860354 717178 708646 1006234 534042 688096 607617 626432 741313 892688 321087 726559 820261 611559 415197 583411 122498 536343 223078 564357 655422 247986 499018 80496 433562 377520 506188 571314 597746 404346 283785 856538 936435 432150 214570 789902 829256 622858 758035 219217 887315 386308 673316
443624 194383 958154 601388 766335 820782 400968 667528 546023 719994 809982 673307 916245 472035 999999999 907799 1056646 811608 441301 474047 827223 723196 625384 399220 590679 570513 793260 219373 430811 761656 610324 861517 760551 576980 180050 648671 166427 510574 1035479 101562 776419 943351 822352 547577 690706 882561 789939 795823 560994 227072 921075 69558 644523 593599 736452 295211 461473 848151 607501 850217 691084 70971 635062 238991 380673 851783 626636 789622 525900 563140 267645 307946 322476 374804 413234 271232 281905 299601 261080 370425 505561 340487 728721 879518 397127 770143 255082 222380 525589 594475 235012 286576 818917 556275 271639 463033 275468 734828 281348 703147
627095 883139 122676 945177 397234 291117 878083 240271 384490 193929 304532 994935 74596 626476 907799 999999999 465758 114965 848025 607698 626045 188246 766492 783872 777972 953353 209279 984179 481970 553358 960109 348153 170821 355359 972092 653629 776772 682514 351759 1005258 270073 87510 259713 579156 472975 204325 165323 353216 362307 950781 18187 838732 311153 398105 421479 898120 778484 533615 611295 254817 1024006 977946 532263 868910 748379 311274 885424 533384 725980 834973 845439 626819 755216 728435 610812 788056 772995 875172 816657 621698 689322 605062 255999 208317 664573 207722 671154 835560 949707 1015218 702968 789626 446288 859576 857023 851465 667668 734325 639624 417899
631637 945074 349186 796734 290356 265625 835484 542670 699212 556947 755485 813611 391175 968338 1056646 465758 999999999 427936 786198 600545 346185 487100 606351 1099436 637741 821846 650195 1033411 730213 344602 808119 808288 430421 683433 1184159 499032 986055 1040446 121891 1157112 709788 382581 282592 949283 891433 279940 595633 266151 673643 993732 477264 998740 456082 472677 320724 1167415 715225 257278 501298 262348 837492 1115446 440714 910757 740956 227584 720330 975680 634916 706127 876598 751265 780720 1034894 649965 1053071 816252 885472 1078018 688596 1045394 717526 670815 672197 682099 374527 804327 1080912 841591 877451 821648 1061214 243839 733571 884091 777449 907955 507941 782775 353531
512633 775195 152209 831092 297803 203619 763681 153803 316222 136903 331134 881929 104859 578156 811608 114965 427936 999999999 733168 492875 530746 90956 654318 727968 664643 838779 224793 876040 395986 452449 846076 389419 56531 291279 889163 543041 690056 642442 330723 910848 282810 132238 172757 543287 465965 148021 169531 259225 291271 841766 132788 743384 196787 283224 317762 828865 663527 444545 498710 178454 911091 880833 420527 759002 634413 232757 772353 547792 611386 720800 734460 521631 642925 668284 497555 715765 662126 763061 743832 510416 648498 497846 243457 265410 550908 98412 568221 758689 834794 900618 598732 719292 355481 745199 745861 736516 585945 628096 537393 309928
223280 250739 839557 170204 530956 630941 53958 647947 630874 714907 904620 245241 819673 740292 441301 848025 786198 733168 999999999 240348 472361 672557 212486 753841 173879 149211 837259 293548 527164 442969 182512 971624 677255 651590 620586 291031 504800 808700 813778 511567 853358 841263 649094 790056 874739 726071 805430 577972 627324 256967 865633 428088 537281 449944 495001 707009 73585 534132 286295 673402 268839 462340 357727 204328 118749 645799 185371 992282 151284 126187 173657 329412 157270 701874 251301 633786 183343 147030 640272 264630 807347 320567 790315 922416 197272 649030 336378 613401 118760 198431 311715 649913 548548 115323 170398 21739 531447 334637 354522 474977
31353 344536 603301 358730 318897 405133 272605 412980 423830 479765 681931 422764 580822 595870 474047 607698 600545 492875 240348 999999999 356037 433379 231963 657184 219006 357900 606304 434431 342744 287643 374020 750321 436913 438896 628061 191676 452909 671848 604463 570216 628521 603114 419250 627313 680592 494341 570740 360125 414571 395152 625291 427134 296967 209682 284281 661213 172381 375282 139013 445191 451788 525075 163271 311053 149883 425877 318985 798317 142015 252225 277873 204842 180784 595207 67618 561073 215722 292802 577611 114250 672635 174405 564662 689126 81667 410275 247714 564280 346449 418204 249624 574694 356953 271117 286375 244700 424791 297593 242204 256642
385064 676269 552710 454627 233378 335109 525423 555656 658523 605318 835293 467613 564216 895032 827223 626045 346185 530746 472361 356037 999999999 531423 271123 986891 306693 482358 734143 749774 629214 90879 465132 901372 494830 658050 984097 185909 805336 972793 417110 920433 780417 572914 366368 905026 906971 431067 682122 273138 638341 710179 643308 782892 414657 362473 219875 1010435 409102 101623 219723 374278 491312 873579 211279 634729 461072 320246 377463 1015283 327194 373210 598722 554371 513285 922121 421850 904875 553539 595650 924128 468328 975393 521014 722504 792672 430125 434476 601458 914661 507172 535244 605570 917143 180791 399689 603138 459226 761665 162442 591460 241569
449476 695086 243008 783497 301315 234570 698854 63932 228712 76015 304293 839332 195236 495028 723196 188246 487100 90956 672557 433379 531423 999999999 616692 641337 622189 787684 203030 796142 305062 445932 798712 369950 57398 205960 798259 512233 599367 562239 402338 821871 250029 222738 209127 466118 407253 215340 153064 274864 203231 763030 203668 654616 141083 228968 311635 738876 605746 456644 461703 225390 868713 792828 388591 681652 567711 270576 730165 501250 561631 673346 659009 438583 570541 580623 428655 625449 586568 689987 653419 436045 567916 416984 196127 270043 483276 115031 483283 667876 779457 849015 514848 629261 369027 696196 670752 677983 494991 607102 451922 294229
243117 447905 729281 193651 392962 504895 266385 612353 650343 676319 893687 229919 722236 826042 625384 766492 606351 654318 212486 231963 271123 616692 999999999 876400 38609 215806 808266 504070 574625 265485 206639 962600 603345 662469 798666 117857 650341 901232 654715 706991 838733 739118 529936 859213 908943 606961 765820 443178 638577 466200 784678 597012 475975 390664 359708 860336 165714 349074 155793 549266 258499 657977 234270 402285 245801 508893 122199 1026065 105027 102098 367326 420527 304609 816836 289888 770193 344260 352182 782851 330111 901655 395731 775089 884906 262541 558782 451575 763237 236552 273394 440739 785055 386715 128667 368150 195752 643591 122371 455804 352808
637738 555648 877260 923994 833352 834181 731894 577692 412628 596688 565924 999032 823885 161931 399220 783872 1099436 727968 753841 657184 986891 641337 876400 999999999 851782 901278 600941 612663 371816 901024 936308 592850 696219 436695 304104 847305 257576 142414 1035293 434122 557295 850419 820739 231273 390325 851610 625407 840034 438202 610703 790424 361491 643746 646356 816835 155338 740122 965759 790186 844901 1022480 447878 775784 587684 650867 871988 923801 453015 772292 851868 600994 456230 598919 65528 591488 129621 570619 643542 138706 547773 134838 483477 538290 668034 613945 736812 427055 178634 862844 940552 444822 113465 903362 855768 610501 773844 233055 954768 420597 782464
225520 411055 746354 170685 413660 523964 227777 613881 641989 678918 892284 217536 736677 807301 590679 777972 637741 664643 173879 219006 306693 622189 38609 851782 999999999 187996 809830 465727 560674 294529 184839 961115 612316 655756 765184 141827 621272 881648 681705 670838 837766 754587 547711 843422 899445 625240 769168 463657 631604 427996 796128 564327 481107 394002 379361 830773 129530 380771 167780 568248 246836 621733 248212 365207 213013 530369 108048 1017061 80758 68416 330533 397425 271688 793244 271481 743012 310626 314251 754751 308825 881775 374615 773907 888421 238538 570713 425373 733951 203852 247921 412435 758126 412973 95959 330963 157227 619600 160915 431714 369281
349406 376130 929519 37584 600569 709556 172253 770656 770002 837302 1037764 102810 916670 889363 570513 953353 821846 838779 149211 357900 482358 787684 215806 901278 187996 999999999 964174 389183 671055 481049 40925 1105688 784551 788805 750456 329736 649653 957911 869443 628405 985065 935854 732157 938236 1018531 809907 928298 650331 764382 360244 971370 566390 647961 559332 565809 847746 190585 564609 351576 753653 122173 580243 431645 332276 264753 717447 108632 1136421 227393 121708 308263 477165 306472 850287 385732 779539 330902 271439 784636 406609 956552 466045 921376 1046899 335218 748073 485584 756054 46977 61909 460693 795812 600824 95015 301619 131525 680457 322530 503333 553489
616311 811507 328081 964149 502747 423575 855566 196005 247645 132968 106379 1024618 273897 439454 793260 209279 650195 224793 837259 606304 734143 203030 808266 600941 809830 964174 999999999 910573 366782 648962 979458 167981 242824 217063 825144 709113 643153 486627 545820 883409 61378 293940 394130 382263 264127 371022 55309 472264 235656 882514 208610 724028 335663 417765 514512 729813 776207 656729 655692 402654 1053975 864155 586433 808033 724154 455542 916820 328175 743099 855485 791856 555171 714463 551885 586176 627025 721521 828500 655669 580975 493906 543660 66074 88695 640864 306142 588003 680791 950411 1024167 622922 625496 568142 876330 804231 845862 528340 807427 555923 497104
404077 101061 1009131 424534 753098 832737 241332 751349 667868 813108 948497 489586 976175 662539 219373 984179 1033411 876040 293548 434431 749774 796142 504070 612663 465727 389183 910573 999999999 547196 703810 430100 1007570 820475 696541 386212 563884 361501 711906 1037845 246861 906700 1001575 842506 732154 859449 913115 895066 792770 675834 39906 999810 252338 686456 614029 718685 514439 343255 795672 540374 869725 502367 202374 592822 123616 293781 856901 468401 967557 423397 418659 156839 359574 253695 580416 395976 483108 222039 154278 476704 370250 707827 379159 850827 999235 354170 812937 322582 439435 342219 399241 287801 499199 789596 403319 149533 312987 446835 624869 354714 690303
335846 450231 547672 681501 461751 466465 530994 244056 120758 290562 402155 752025 500134 265998 430811 481970 730213 395986 527164 342744 629214 305062 574625 371816 560674 671055 366782 547196 999999999 540228 696210 463523 351843 150157 493205 514889 295151 343801 674206 525479 359512 527657 456042 286022 347652 496993 359459 468609 131412 521593 494054 361253 274310 276313 446415 442568 482583 598099 454753 481717 779856 501713 422217 452689 408420 503679 655164 465410 481233 584394 442149 205527 380958 306495 291688 327642 377096 482699 354454 264541 346237 207014 304770 454830 336971 379709 226950 365073 645870 725082 262249 333916 532316 597976 454628 541276 190481 625651 196129 412521
318334 623079 491289 458731 156124 266510 493468 467088 567646 518715 748709 485697 496146 805717 761656 553358 344602 452449 442969 287643 90879 445932 265485 901024 294529 481049 648962 703810 540228 999999999 471209 815427 412732 567256 912123 154471 728049 883417 389825 857680 693546 507802 296348 814545 816485 367417 597938 202202 547478 663908 571074 713242 325029 271682 135492 930418 373479 92135 163449 308950 512151 812132 129911 584307 410385 259604 384470 925344 291948 362902 548798 477372 457598 835967 350014 822914 496452 551679 843130 395375 886153 443342 634707 710706 366590 354599 526540 835590 498119 538819 533959 834676 124834 390480 554723 433380 678388 189105 513865 152888
368640 415979 931105 15309 597987 708730 210673 784760 791881 851018 1055842 63544 920650 920114 610324 960109 808119 846076 182512 374020 465132 798712 206639 936308 184839 40925 979458 430100 696210 471209 999999999 1124123 792701 809570 790336 323840 686159 989671 860925 669128 1002536 938948 732548 967082 1042995 810078 941921 648087 785133 401119 978214 604806 658126 569767 563959 885765 213632 551569 352273 753034 86444 620894 432769 371723 293816 714463 87818 1161029 237231 125489 346740 506191 339074 884320 407580 815654 365711 310905 821408 431819 988519 493091 938681 1060917 359276 753546 517481 793454 87882 70513 493891 831853 593283 103128 340536 163030 713462 303269 533807 554074
756322 912587 470773 1108859 670538 590672 983983 353962 346008 296876 68915 1172584 420768 436192 861517 348153 808288 389419 971624 750321 901372 369950 962600 592850 961115 1105688 167981 1007570 463523 815427 1124123 999999999 410746 321656 859001 868299 699733 457806 698410 941874 124225 435584 560798 361655 203868 532188 222205 640200 345446 983861 340935 794869 497327 574953 681555 739400 915532 824703 812953 567872 1201754 930695 747091 916212 854946 621772 1066560 203799 890540 1002242 904968 666816 837183 558425 721328 652130 838057 944656 679229 708702 465746 662085 187529 141329 774459 473972 690294 711203 1087887 1164139 725548 646394 736121 1021396 917462 982360 586362 969444 659651 663008
456333 719728 198061 777649 261797 182877 707358 118919 283850 127875 347769 829814 156870 551531 760551 170821 430421 56531 677255 436913 494830 57398 603345 696219 612316 784551 242824 820475 351843 412732 792701 410746 999999999 262306 843795 493974 643533 619308 345021 860390 295397 183422 155417 523488 462229 158078 188855 229454 258123 785964 188378 692810 140401 227418 277240 790086 607953 414288 447553 169582 859061 829293 370626 702989 577946 217360 720241 553049 557214 667283 678205 467374 586459 634839 441025 676033 605910 706608 703706 454153 624924 442851 246371 298082 494394 63515 514789 716556 779734 846323 544722 680496 325490 691351 689568 680882 542323 582829 484323 265139
441008 598669 441058 794428 452496 420302 662521 143573 31119 162483 256883 860979 388410 289226 576980 355359 683433 291279 651590 438896 658050 205960 662469 436695 655756 788805 217063 696541 150157 567256 809570 321656 262306 999999999 620416 581863 430959 358038 606393 668708 210888 415339 400865 266290 251683 419992 214885 442947 24438 669972 364696 507591 249684 298046 448651 543102 598220 604811 522767 421863 889777 647938 470033 598511 534156 458402 757857 365942 580852 690561 585284 346817 515545 377502 403104 432707 517251 624153 461325 387669 363390 340577 154627 304792 455009 310048 374772 481039 768779 846079 410009 434345 525490 707851 597768 663164 317778 689980 343135 419908
599401 374359 1040638 781437 895669 933975 580981 736955 589910 778403 818442 853262 993322 429765 180050 972092 1184159 889163 620586 628061 984097 798259 798666 304104 765184 750456 825144 386212 493205 912123 790336 859001 843795 620416 999999999 811737 201500 441084 1148636 151186 795614 1020846 930417 508879 666933 981821 833823 918623 610495 401239 982949 203078 746528 712025 869155 157513 636939 994336 765775 957736 870775 185761 782795 419018 552868 968070 805741 747194 696790 741096 447071 437781 494068 309999 562777 207460 454581 479651 181781 516861 434242 472234 759075 905219 557053 865292 386467 147798 705360 773219 378648 215205 954913 735219 451469 642324 304458 903812 403498 834538
215904 491288 612314 310415 275146 387347 342906 514771 573940 576214 799566 347015 606866 776862 648671 653629 499032 543041 291031 191676 185909 512233 117857 847305 141827 329736 709113 563884 514889 154471 323840 868299 493974 581863 811737 999999999 643195 853993 539893 739284 744077 623019 412847 800529 832656 489591 663853 325369 558940 524274 671805 608911 373640 293473 242152 852271 224514 243904 60258 431711 375213 691724 123758 449193 276163 391046 240045 947804 142202 209697 413160 396504 330052 784566 259128 752750 370725 409810 769173 305403 855391 365869 681275 782116 254749 446132 438061 755147 344324 389117 436471 766347 271146 237306 417361 280156 615644 110765 433841 237069
427292 298257 840939 674601 699305 733352 478402 539120 399902 584172 650973 749469 794603 306796 166427 776772 986055 690056 504800 452909 805336 599367 650341 257576 621272 649653 643153 361501 295151 728049 686159 699733 643533 430959 201500 643195 999999999 350814 947693 242615 620891 822102 729226 381440 524794 780340 645843 720025 418301 355604 788462 110106 545160 513382 674351 210273 500675 806178 591853 756473 771625 232453 598151 330332 411248 767862 681873 623232 545411 611568 345143 251033 355164 219232 385444 130577 322267 387031 135549 338697 346535 284775 577494 727152 392225 663887 205242 112962 609471 685978 209851 147054 761045 612110 354151 525599 115192 743497 214215 639427
658120 641421 785720 976219 793691 775828 795307 501260 341281 506289 437712 1050482 730815 77803 510574 682514 1040446 642442 808700 671848 972793 562239 901232 142414 881648 957911 486627 711906 343801 883417 989671 457806 619308 358038 441084 853993 350814 999999999 964111 560613 436807 756111 757948 104363 253945 777356 518768 792028 366803 703626 686727 460848 593776 615579 782844 297406 782687 937426 794417 779599 1075999 567465 765885 666502 696644 814052 965073 310603 800892 892558 673188 487134 651451 136870 611352 244521 630071 716977 263858 572912 7958 507204 428512 545127 644607 668011 472354 303331 923705 1003318 498142 231862 866154 900641 684062 827010 279881 964337 456596 750250
634157 944140 231663 848283 286135 215233 859378 462902 625934 465779 649196 874492 277881 895272 1035479 351759 121891 330723 813778 604463 417110 402338 654715 1035293 681705 869443 545820 1037845 674206 389825 860925 698410 345021 606393 1148636 539893 947693 964111 999999999 1136971 606602 266098 219060 868426 796475 187019 492626 245182 600057 998959 361798 973443 403539 441899 321627 1116527 740647 317363 528556 192620 900293 1098351 456733 914229 752038 183951 774295 873725 664656 749504 881945 727541 784422 972216 643974 1001557 816470 896624 1027883 677159 969627 695419 573339 559879 683732 298542 780428 1035017 883365 928064 802144 1008119 268806 777091 890741 808076 859768 571453 755475 347831
539360 261204 1058222 661873 866914 922321 465824 765134 637602 815818 893588 730576 1015615 533609 101562 1005258 1157112 910848 511567 570216 920433 821871 706991 434122 670838 628405 883409 246861 525479 857680 669128 941874 860390 668708 151186 739284 242615 560613 1136971 999999999 863039 1042817 923903 611851 762416 983877 882981 896969 654029 269209 1018151 167583 745781 695111 836652 302048 541415 945286 700996 951766 745430 49271 732415 307684 466244 953234 695765 854603 611119 636709 340918 409431 409739 424034 511301 316147 368889 364997 297899 469595 554643 441798 818147 968412 491494 871120 356621 257807 581960 644069 335837 328913 918449 626678 342019 532967 357489 820466 382837 803582
635727 809314 389418 987248 551332 477879 868072 229928 238856 175119 55618 1050110 335275 395378 776419 270073 709788 282810 853358 628521 780417 250029 838733 557295 837766 985065 61378 906700 359512 693546 1002536 124225 295397 210888 795614 744077 620891 436807 606602 863039 999999999 355202 449229 332857 205081 430119 114247 523693 233082 880650 268580 707933 373559 450731 560571 692036 795425 706603 688763 459318 1079344 846894 622971 809362 737839 511024 943599 267142 768008 879979 795696 557333 723358 511915 602279 593446 726993 834052 621792 592403 444313 549495 63929 111224 656106 358888 585491 649340 968626 1044077 620760 590547 618699 899616 808166 863326 505720 845441 553953 540804
625805 901144 35190 924382 353867 241331 875711 284173 442312 253751 391581 969006 27525 696300 943351 87510 382581 132238 841263 603114 572914 222738 739118 850419 754587 935854 293940 1001575 527657 507802 938948 435584 183422 415339 1020846 623019 822102 756111 266098 1042817 355202 999999999 212298 654011 555931 141849 246144 305724 418230 966384 95828 875298 315729 395769 382895 957025 769537 475989 586815 199294 997608 1012352 506385 882678 749312 252736 860306 620050 710030 815294 856585 650506 762865 792553 615871 844768 784686 882927 873042 633022 762633 625345 335220 295356 667506 192984 698191 889049 936494 997684 727953 847662 392211 841046 867635 842477 717182 694170 667744 386314
446000 745270 199482 718297 141580 31608 688478 261013 416816 283028 500227 759733 199798 686269 822352 259713 282592 172757 649094 419250 366368 209127 529936 820739 547711 732157 394130 842506 456042 296348 732548 560798 155417 400865 930417 412847 729226 757948 219060 923903 449229 212298 999999999 666860 616379 77778 339023 94294 391180 804835 276941 758740 184507 231381 171217 897915 575868 274824 380756 27886 788041 886989 300513 719712 569059 61971 651810 708466 509755 610677 689768 515317 592682 756890 446762 782962 620678 710055 809120 474216 762955 484527 401760 437983 492756 94156 567585 815965 736505 793625 591528 789798 186751 637147 699681 647736 640755 481902 541179 178689
617903 651559 684213 952939 713555 686592 783555 407089 254466 406514 336207 1025726 629081 79235 547577 579156 949283 543287 790056 627313 905026 466118 859213 231273 843422 938236 382263 732154 286022 814545 967082 361655 523488 266290 508879 800529 381440 104363 868426 611851 332857 654011 666860 999999999 160389 681408 414929 707612 278759 718367 583004 489251 511104 543330 705899 379232 755343 861923 740315 687246 1052533 610916 703310 670143 673651 724688 933811 242870 763153 861900 671250 461104 634789 200357 572184 302313 619360 714934 327101 538825 111679 474953 324476 441843 612042 575104 457740 363019 907786 987838 488114 293675 786551 872926 682940 806734 285495 911282 436070 674733
678282 771312 589204 1028165 692718 641323 876901 361232 259152 334682 190650 1097716 534099 238014 690706 472975 891433 465965 874739 680592 906971 407253 908943 390325 899445 1018531 264127 859449 347652 816485 1042995 203868 462229 251683 666933 832656 524794 253945 796475 762416 205081 555931 616379 160389 999999999 612981 309881 675686 273921 840992 472736 627925 493620 549304 693201 539617 829435 847892 773187 631811 1125888 757104 721716 783134 756016 677750 998211 118072 822073 928680 778442 549349 726384 360290 636261 459565 718457 820917 485371 611923 261888 554285 223503 303228 683815 522267 559553 519901 993472 1072733 593287 452042 764696 943621 790693 888927 417762 941302 532542 666624
520308 814837 124039 795871 215960 102565 764761 276419 440436 279905 476880 836598 135188 709143 882561 204325 279940 148021 726071 494341 431067 215340 606961 851610 625240 809907 371022 913115 496993 367417 810078 532188 158078 419992 981821 489591 780340 777356 187019 983877 430119 141849 77778 681408 612981 999999999 316144 166447 414582 875962 219810 817345 238152 299259 247487 939135 652974 334434 458456 58645 864783 948702 378263 790973 643846 110914 728965 695742 587450 688402 761871 577933 665297 789312 518485 824368 691891 783586 851399 543362 782943 548569 391243 400443 566089 117317 629236 861278 814239 871353 655073 829947 250392 714900 772077 725027 685833 555073 601390 256420
582882 794950 279328 926630 449913 368632 826528 157802 245959 90996 161689 985236 224295 465741 789939 165323 595633 169531 805430 570740 682122 153064 765820 625407 769168 928298 55309 895066 359459 597938 941921 222205 188855 214885 833823 663853 645843 518768 492626 882981 114247 246144 339023 414929 309881 316144 999999999 418222 229042 865369 168123 720401 290467 375392 462954 747318 742164 603130 611885 347350 1014632 860895 540508 788458 694712 400345 876728 381155 704856 817199 770222 536571 688988 572804 555602 640850 698867 805268 669598 554279 525732 522014 90784 119256 610621 251871 573169 692130 916602 988898 607485 640712 514342 838883 782461 812936 532422 759988 540919 446939
389430 698983 290455 634210 50225 64408 620872 314458 453254 350878 576829 672090 294030 717240 795823 353216 266151 259225 577972 360125 273138 274864 443178 840034 463657 650331 472264 792770 468609 202202 648087 640200 229454 442947 918623 325369 720025 792028 245182 896969 523693 305724 94294 707612 675686 166447 418222 999999999 428878 753973 370644 735935 198425 206683 84575 902192 504390 185615 299533 107818 699993 856954 221497 669160 508776 67911 565376 774796 433051 528633 637089 488530 539511 774909 398906 788182 571298 652816 812752 433024 796303 455413 470969 523713 438763 166413 541676 814960 658012 711198 561196 796760 96491 555651 646049 574471 642567 388801 518745 104093
416576 577482 442546 769992 436271 409228 638573 139493 25877 168383 280178 836578 391007 295576 560994 362307 673643 291271 627324 414571 638341 203231 638577 438202 631604 764382 235656 675834 131412 547478 785133 345446 258123 24438 610495 558940 418301 366803 600057 654029 233082 418230 391180 278759 273921 414582 229042 428878 999999999 648716 372623 491479 233304 277184 431005 538801 573798 587318 499671 413167 865368 631962 448132 576428 509992 447435 733546 388995 556545 666173 562636 324251 491921 377426 378690 426950 494210 601199 455379 363544 371775 317174 175044 323996 430667 302184 353591 473309 744441 821692 388739 429495 509334 683426 575110 638825 306569 667391 321756 401503
364950 71362 973306 394633 713953 794609 205814 719661 641872 782225 923655 461897 941197 650930 227072 950781 993732 841766 256967 395152 710179 763030 466200 610703 427996 360244 882514 39906 521593 663908 401119 983861 785964 669972 401239 524274 355604 703626 998959 269209 880650 966384 804835 718367 840992 875962 865369 753973 648716 999999999 966617 249294 650900 577147 679433 521236 304358 755766 500474 831956 476272 222127 553094 85141 253888 818373 434863 950898 384071 382746 117327 328867 214570 574717 358092 481194 184167 115067 477142 333951 699931 346463 823740 971209 315230 776955 295201 441338 313511 375034 259989 497539 749936 368501 109710 276939 433012 586542 326961 651288
644492 898754 130790 963276 414953 308262 895434 253779 394255 204573 300225 1013106 87266 632149 921075 18187 477264 132788 865633 625291 643308 203668 784678 790424 796128 971370 208610 999810 494054 571074 978214 340935 188378 364696 982949 671805 788462 686727 361798 1018151 268580 95828 276941 583004 472736 219810 168123 370644 372623 966617 999999999 851898 328590 415761 439422 906714 796219 550428 629473 271352 1042180 991357 550450 884973 765568 327682 903592 529451 743989 853060 861765 641991 771898 735774 627796 797292 789312 891783 825944 638163 693639 620652 258841 200097 681671 225909 685857 845504 967582 1033229 717900 798535 463346 877632 873392 869182 678656 752324 654221 436024
397831 198450 890642 594503 708487 758347 394223 598478 476666 650549 742317 668332 848120 415939 69558 838732 998740 743384 428088 427134 782892 654616 597012 361491 564327 566390 724028 252338 361253 713242 604806 794869 692810 507591 203078 608911 110106 460848 973443 167583 707933 875298 758740 489251 627925 817345 720401 735935 491479 249294 851898 999999999 579194 531786 679741 281838 437332 797576 563880 786549 688404 140495 584854 236585 351406 790199 611354 729714 494376 544247 258137 247549 292650 328184 363230 231925 254153 296495 228487 318348 456486 281222 659638 810479 354402 704004 194433 194330 523575 596992 179867 248251 763683 540698 265049 449649 210516 700841 217968 645855
315945 586388 322794 642943 202988 192371 566960 143906 256766 202697 429166 698272 291083 518823 644523 311153 456082 196787 537281 296967 414657 141083 475975 643746 481107 647961 335663 686456 274310 325029 658126 497327 140401 249684 746528 373640 545160 593776 403539 745781 373559 315729 184507 511104 493620 238152 290467 198425 233304 650900 328590 579194 999999999 88637 199793 714465 468615 355474 321494 211459 727650 711023 250770 567008 437657 229386 589083 600659 421291 532683 540899 341403 447726 578994 301412 599608 468959 567899 625432 317308 597979 313510 312437 409221 354329 127494 391933 631596 641306 709498 418941 606934 276045 555850 552004 541382 456548 472295 363555 173310
230479 515578 398731 554562 189114 227321 481286 222153 296440 285656 506167 610720 372573 538324 593599 398105 472677 283224 449944 209682 362473 228968 390664 646356 394002 559332 417765 614029 276313 271682 569767 574953 227418 298046 712025 293473 513382 615579 441899 695111 450731 395769 231381 543330 549304 299259 375392 206683 277184 577147 415761 531786 88637 999999999 170479 698400 380568 322216 238256 259172 640115 656979 174454 492323 353635 258416 501792 661416 332781 444382 464098 285692 368619 580831 221225 585279 393341 488216 609014 244102 618783 253959 387812 494601 271851 202978 338533 609569 552848 620862 360940 594697 257241 467354 474668 453471 438948 397146 313888 136260
314672 627353 370605 549994 35962 145201 538981 337169 453278 385460 615419 589165 368504 706124 736452 421479 320724 317762 495001 284281 219875 311635 359708 816835 379361 565809 514512 718685 446415 135492 563959 681555 277240 448651 869155 242152 674351 782844 321627 836652 560571 382895 171217 705899 693201 247487 462954 84575 431005 679433 439422 679741 199793 170479 999999999 865585 421481 156326 214982 189570 617306 794751 137560 595223 430602 152178 481838 798850 348935 444104 562147 432929 464996 751310 329758 753443 498751 575371 776433 367871 786380 398794 503022 575237 364861 219571 485692 774819 573507 626741 501601 763388 87435 471095 570531 490908 606947 313079 465869 35083
636473 478764 980816 875087 887343 906698 675494 675202 514991 705538 706856 949308 929775 303212 295211 898120 1167415 828865 707009 661213 1010435 738876 860336 155338 830773 847746 729813 514439 442568 930418 885765 739400 790086 543102 157513 852271 210273 297406 1116527 302048 692036 957025 897915 379232 539617 939135 747318 902192 538801 521236 906714 281838 714465 698400 865585 999999999 708446 1004755 799777 923930 969863 326720 801018 518326 619523 943179 887654 607864 755483 818426 539565 457181 562364 181392 593598 114970 527290 578332 89444 547023 289952 489802 664839 803236 602410 821981 414351 97370 805293 878788 420105 109623 952997 817338 546787 728307 259652 953523 419796 830510
