NAME : synthetic_000341
TYPE : CTSP-D
DIMENSION : 100
GROUPS : 8
RELAXATION_LEVEL : 1
EDGE_WEIGHT_TYPE : EXPLICIT
EDGE_WEIGHT_FORMAT : FULL_MATRIX
EDGE_WEIGHT_SECTION
999999999 618026 594378 218927 327309 831218 533289 370648 413314 380464 225354 526542 395322 308329 757489 705955 296528 704464 544104 519893 700974 524116 707357 84801 883772 536010 289931 587170 223772 219645 577281 620188 1014674 324926 508888 217587 215179 567071 332188 411919 300495 387488 608417 191770 284339 889839 510022 940387 568652 370932 378444 667303 418740 646632 243699 369323 404549 621349 447377 256438 752915 549716 610412 706558 413426 662363 400553 759775 485474 665589 396277 739644 92296 87692 880355 695712 195415 367212 619375 325551 354345 370826 571297 681954 352532 620965 144845 425769 201217 594943 578167 103842 581805 559555 342287 133148 123651 368396 694529 114323
618026 999999999 471656 407508 560499 214721 94646 712253 235716 427121 539759 269612 663830 594244 678224 118123 413171 89536 112674 668439 127228 929713 210981 682004 633104 737848 349508 976372 765354 623784 970813 353559 722951 610121 761310 681682 478068 954807 482721 250465 560359 756504 573366 698210 336904 579127 827779 744509 58646 366924 668914 710836 442620 150349 515669 839434 265917 145531 473459 636970 287605 412041 461892 132171 428587 322618 674782 654428 720893 796474 503921 419801 692945 681549 730961 153228 558853 282563 247934 515456 426192 291725 136141 521656 274060 633651 497475 799612 770817 534249 276619 583077 124364 303015 465840 522907 510937 447274 139732 699252
594378 471656 999999999 427381 770871 616633 403835 408854 520725 698270 688797 206232 338096 341994 217375 445486 621468 535387 520078 257509 426690 587182 344979 679125 289395 329628 525403 612590 590080 434872 610936 135256 420461 341328 374069 779748 621703 594630 713347 541020 754180 449117 105780 529136 415799 303297 457381 356214 480978 246840 355858 243814 175637 349105 680854 572451 553160 338670 151187 417706 322915 66474 23005 601515 181772 195655 345838 201580 339814 342273 211266 194270 685976 682065 309372 624867 684072 528592 239293 735612 679447 313726 566289 88692 380227 168907 456889 476477 620579 67287 691051 639718 347520 703189 252824 599147 478935 707478 611293 597237
218927 407508 427381 999999999 351282 622205 318555 380865 237245 314694 262286 316836 364386 267958 622820 488768 221865 496079 349229 446408 483006 588216 489114 295046 709985 490753 145569 645450 364657 246637 637465 421806 837127 288738 486185 358480 197749 623399 306308 244880 331748 417543 472120 300956 71276 702916 522858 783551 363113 181531 357700 567609 263176 427721 256965 464564 244778 402443 302056 272815 537452 370790 438391 508978 251994 456031 374017 617067 450694 601696 274089 542339 304928 296059 733194 504545 256734 203832 405828 321866 289845 154579 384693 515617 135376 503925 90675 463102 365430 447768 431721 222963 362993 423513 206907 174287 103524 315705 500569 291747
327309 560499 770871 351282 999999999 738526 513899 678573 328744 141646 104553 620316 685358 588164 972983 675857 159491 624034 451510 788130 680222 849957 731484 311834 1042760 822539 253470 912714 549737 523565 903012 738375 1164343 608301 806847 187783 154324 892180 77898 311387 26904 703133 822898 517668 355749 1023204 823089 1125689 501857 524919 672926 917244 613729 660103 97028 696570 295435 638513 653146 559741 798921 709614 779001 588903 601861 755544 693097 965778 776595 942699 623787 854141 320199 307461 1079687 562076 131954 288554 687790 45043 135357 463757 451007 857283 403625 855030 367321 744660 522362 797180 377881 223510 593290 347177 557010 213384 352650 119569 568486 438321
831218 214721 616633 622205 738526 999999999 306656 913300 433362 597959 734935 439752 859680 797974 797806 172611 605447 126754 296662 845173 190511 1128833 277851 892622 696481 917422 554937 1171893 979118 834755 1167097 483055 753820 812412 947369 879224 678501 1150813 661425 443446 743225 958127 722405 911600 551492 624537 1019422 813862 262847 568428 867070 860188 631121 270070 709056 1047725 456890 285923 655895 845774 331659 568388 601096 151739 618528 430670 870480 769242 907397 957170 695656 501066 903671 891893 819663 185128 757499 482239 377602 694322 603675 501629 287903 642547 488635 785438 712194 999773 985317 683577 387385 790679 297765 420677 666361 730675 725597 619729 174558 913952
533289 94646 403835 318555 513899 306656 999999999 618401 186449 391363 478220 197604 571309 500019 617460 174960 358155 183704 118882 582527 173560 836053 218941 601289 599985 650433 280955 883452 672466 529418 877722 300560 702144 516140 671522 615695 412263 861795 437922 205785 509694 662504 500864 604966 249376 556458 736081 705569 78251 273806 575773 636029 353948 147371 456424 744797 222003 128134 387068 542338 290456 340330 397441 220303 339458 285252 582278 596401 631107 716035 413400 388315 612022 601228 683415 233038 493437 225806 207501 469434 384774 197084 163480 464422 183456 558812 407399 705852 679163 462460 297206 507135 84953 315907 372582 447395 422012 409200 222319 609600
370648 712253 408854 380865 678573 913300 618401 999999999 608864 684670 574297 486061 71219 120091 476629 748162 589525 799008 694202 198465 734380 217859 688910 434807 661266 180640 525872 268975 228092 155197 262112 510274 788968 102425 141673 587470 534649 246897 659181 620155 653177 45042 358131 198093 435224 699400 145331 677983 687151 345776 53218 349759 291359 657381 583789 163881 622429 635872 281399 118839 697489 406560 431613 836985 301102 572218 65200 491799 128809 312373 226094 601313 435399 439594 606287 843468 550862 582218 574211 664061 658219 424622 737205 473075 465747 335783 320416 87558 269637 368476 807815 466349 616161 802381 247117 465204 330054 680965 835424 297716
413314 235716 520725 237245 328744 433362 186449 608864 999999999 205651 304495 331132 580637 490515 737512 348225 177502 309768 136850 633181 351774 821564 405315 465172 758926 690513 124780 876910 596894 483261 869420 449773 870481 510348 697153 447504 245280 854789 252017 21200 326363 648412 600737 535912 174043 725460 745402 856061 177721 310068 578186 723319 409703 333722 280041 701778 36514 313509 450259 507458 475661 454323 521440 296659 394603 451596 591147 722133 658545 782751 451111 554608 476344 463904 823175 282854 325017 48957 377251 283961 198327 219306 158177 596974 155606 649453 322900 694007 592214 566423 199487 359582 268816 198306 390886 300275 328828 222925 282646 511125
380464 427121 698270 314694 141646 597959 391363 684670 205651 999999999 176542 525339 676649 578901 910060 544326 95150 485716 315777 760136 550401 877724 610258 394849 954191 805397 177515 938503 600448 535742 929562 645123 1069951 599761 799131 310223 165479 916957 68779 185665 151033 716355 764702 554662 290659 925903 829501 1045711 368872 461888 668121 873732 559121 538720 149633 734769 169502 518977 600292 568636 681236 633497 702783 447750 545399 653127 685821 898657 764570 915147 583409 755061 405135 391547 1006675 420485 209053 176529 580604 99480 26916 384559 311285 780544 318242 805175 364579 760741 581449 734465 239022 287556 474416 210012 516720 247603 357430 22096 427077 494396
225354 539759 688797 262286 104553 734935 478220 574297 304495 176542 999999999 555063 582601 485946 884499 649204 129673 613431 439072 688721 650601 746129 688935 222161 967781 720691 198705 808768 448944 419203 799124 669674 1092609 505852 703611 144641 70240 788131 114532 292062 78884 598589 733382 414190 281407 954504 718665 1044972 482127 442026 569676 821615 525014 619057 27812 593798 278129 595713 563113 455495 751207 630272 698828 591185 514166 693728 590109 879274 674038 842581 529334 788348 231864 218417 995443 569837 33319 257218 631272 101208 155206 392269 449465 776595 339332 761953 266253 640119 423772 709900 408130 122646 550809 382016 463444 109434 250316 158744 573445 338242
526542 269612 206232 316836 620316 439752 197604 486061 331132 525339 555063 999999999 426377 379591 420809 268375 462247 341716 314341 406133 252495 696280 204939 607816 429088 477923 366848 735761 600368 441399 731573 119784 545527 390169 507876 670985 484860 715147 553263 352225 608389 531037 304673 532019 274871 403052 581571 524995 274912 165269 436394 441480 195676 173205 540716 634640 366200 154195 216597 441300 231088 143373 200446 401375 185017 139854 436862 400990 468072 527602 261383 234004 616981 609395 494604 421969 558988 349233 96305 580069 510567 164966 360288 270665 217122 364230 382196 569807 618972 265849 487864 539196 148460 502136 247730 486857 402933 538148 409092 568720
395322 663830 338096 364386 685358 859680 571309 71219 580637 676649 582601 426377 999999999 98121 411001 691957 581989 748811 654983 136723 677341 269995 626798 467367 591192 140787 509598 312774 286135 176271 307599 442730 719538 77448 122656 612575 535887 291415 658076 593822 661043 111460 287777 244250 410061 628321 166469 611394 643048 297614 21414 290669 230713 599120 588846 235071 597837 578558 215688 140569 631771 338378 360923 791366 242067 505279 10974 424510 91601 270790 165065 531085 469506 471869 540783 800439 562286 558837 511458 666433 650875 382858 699465 401910 431071 268851 318967 144573 325464 297312 780076 483386 561915 777426 199467 473344 332710 675234 791455 339374
308329 594244 341994 267958 588164 797974 500019 120091 490515 578901 485946 379591 98121 999999999 462295 635492 484119 681715 574121 211577 622626 337556 584419 385549 619113 234828 413498 388950 248181 100165 382183 421548 750342 20868 220764 523389 438012 366897 559975 502520 564122 162978 321456 189661 317682 644215 255847 656080 567708 229566 89744 360371 192311 547410 491457 255060 505534 524906 195692 76095 600696 323055 363139 717796 198532 480374 106963 469837 188553 359968 133942 524681 389089 389718 589977 723701 466625 465822 471899 568570 553028 305087 617129 419574 345773 320946 221208 207403 280209 318958 689844 390508 502235 685530 133099 376999 235669 577245 715834 271221
757489 678224 217375 622820 972983 797806 617460 476629 737512 910060 884499 420809 411001 462295 999999999 633844 829288 733043 735076 278680 614177 587590 519997 839862 215759 321786 734608 590505 696106 562436 592671 325313 326361 452254 376905 959848 820446 578369 920273 757633 954343 503773 151523 647558 622521 285082 456041 201867 693291 450079 432385 143411 359645 542814 879733 630685 769433 537576 321532 534450 473882 283799 220377 804347 371149 368467 413482 32599 361043 246934 362864 304832 844875 843543 129789 830800 875632 743482 433535 940390 890021 526530 780764 157456 593689 142763 633673 512885 733921 176198 907818 819751 554210 920425 424306 786991 654652 917956 816441 733516
705955 118123 445486 488768 675857 172611 174960 748162 348225 544326 649204 268375 691957 635492 633844 999999999 525194 109121 230795 672877 19780 961815 120426 775608 555385 745314 454086 1003108 831562 680786 998638 313430 631959 648703 776236 788768 584890 982269 598338 364597 674497 793171 551134 763052 421634 492355 849578 670900 175555 406819 700449 689290 461956 97473 626212 888429 380454 114183 484950 688285 191310 395915 430799 188807 449972 265457 702642 606632 736447 785016 527144 347907 786268 775654 667600 224403 666108 392902 206203 630854 542395 351183 250995 476961 353666 613981 575286 833729 842085 512124 387950 682092 134131 416400 502645 622325 591404 564178 208344 776912
296528 413171 621468 221865 159491 605447 358155 589525 177502 95150 129673 462247 581989 484119 829288 525194 999999999 484617 310091 668232 527934 783620 574015 323826 887349 711824 96655 844126 511805 440981 835266 581020 1007293 504969 704553 274288 85601 822515 92111 163486 152017 621374 681592 463154 206770 865298 734353 973696 354986 379238 573204 785886 473755 502936 103638 642499 149015 480776 514516 473635 640298 558332 627921 461564 460647 596455 591072 819734 670334 823485 493695 695683 334720 321265 930830 440713 154848 132668 528309 117863 68923 309671 319816 706196 246796 719144 269526 665857 495518 653120 288742 213580 435524 266464 426615 164161 262887 93870 444012 408714
704464 89536 535387 496079 624034 126754 183704 799008 309768 485716 613431 341716 748811 681715 733043 109121 484617 999999999 174545 746388 127827 1016036 228770 766226 663805 817069 429594 1061580 854837 713109 1056264 408610 740927 697162 842982 757083 554967 1040156 546272 321377 626692 843477 639701 787735 425183 601462 911537 778839 136289 453247 754683 778092 524293 190284 588168 928274 335603 196957 552874 725860 300405 480025 523021 79891 510762 366949 759727 707072 802650 868585 587068 454663 777255 765557 773281 116668 634752 358329 299886 579270 488677 380629 175414 575592 363297 701499 586298 886165 860013 600410 298277 665004 193413 329465 552070 604912 599347 506963 100656 787778
544104 112674 520078 349229 451510 296662 118882 694202 136850 315777 439072 314341 654983 574121 735076 230795 310091 174545 999999999 682507 239211 911403 314557 600098 716972 747263 260069 962769 713877 585710 956202 419437 815724 592246 763022 582999 381840 940776 373614 147056 453053 736649 614422 649554 278726 670344 821413 823762 57435 361223 656477 747470 452060 246811 413670 805205 161078 233942 488598 604727 390440 455441 514762 162458 436949 402059 665894 714588 722944 822258 506072 504269 611238 599038 802289 155336 460976 185799 324263 406550 316412 272225 47032 582919 230216 670608 439402 781466 713620 576627 179351 495798 197069 200533 456190 436150 449065 336351 151701 636015
519893 668439 257509 446408 788130 845173 582527 198465 633181 760136 688721 406133 136723 211577 278680 672877 668232 746388 682507 999999999 655896 334269 588210 596211 471831 73439 585094 355541 422414 305902 354301 384675 596277 195475 117404 734614 634744 338138 751452 649469 765419 225456 176619 380455 475621 518814 201756 480424 659392 325282 157916 153986 230449 575852 691142 352987 656521 559270 195462 272646 576938 283316 279869 800210 245567 447993 137235 295513 88020 155336 182124 448792 599263 600491 408111 815533 672129 620906 474328 764126 735846 417528 729099 298964 477676 140401 422698 238709 462106 199516 828521 600123 553201 831166 245490 581563 440069 762016 804430 473780
700974 127228 426690 483006 680222 190511 173560 734380 351774 550401 650601 252495 677341 622626 614177 19780 527934 127827 239211 655896 999999999 947305 101091 771869 536169 728503 454245 987951 822080 670081 983605 294212 613922 635455 760085 789062 585415 967210 602969 368851 678093 779414 532397 753451 416943 473764 834037 651528 182797 394676 686217 670453 446978 80044 628102 876183 384867 98789 469052 676704 173150 377901 411766 207175 435275 245757 687975 586912 720410 766703 512366 328279 782442 772042 647899 242172 666635 395336 187415 635294 547538 342404 262322 457355 348443 595318 568503 819601 833482 493448 400844 679961 123715 428607 489607 620433 585102 569912 226144 769624
524116 929713 587182 588216 849957 1128833 836053 217859 821564 877724 746129 696280 269995 337556 587590 961815 783620 1016036 911403 334269 947305 999999999 895518 565005 796487 270710 730301 63247 313481 344302 53179 704818 913886 320284 217893 725660 718615 45050 843383 831573 823376 174753 510609 332502 647530 850047 133718 783951 905007 562889 261768 444448 500665 869109 760581 160216 832612 848528 483303 315440 896425 600089 610064 1054831 512044 768249 259435 611618 247909 355880 435055 780858 561650 570085 708652 1061234 718208 791843 779958 842957 850845 642454 953938 633152 682170 466798 516339 130302 352089 533149 1019220 627548 831166 1011729 463994 641530 520860 871137 1053260 421216
707357 210981 344979 489114 731484 277851 218941 688910 405315 610258 688935 204939 626798 584419 519997 120426 574015 228770 314557 588210 101091 895518 999999999 783910 435087 661603 490248 931599 802344 644724 928122 209742 515171 594591 697929 820851 620597 911622 656181 424724 726021 733710 450235 733674 430569 373649 775808 550477 257356 366395 638207 586454 397552 71592 668963 839417 440944 93356 412242 645916 76631 305076 327547 307695 388203 153424 636978 491644 659384 687252 462983 227986 793929 784735 548008 341776 700748 442931 115606 687330 603595 337005 345944 364820 362057 513455 567245 771140 818693 412255 487173 701127 138551 512481 452650 643570 586148 628138 325846 762804
84801 682004 679125 295046 311834 892622 601289 434807 465172 394849 222161 607816 467367 385549 839862 775608 323826 766226 600098 596211 771869 565005 783910 999999999 968516 606975 340458 628169 252403 291357 617878 703772 1099455 400749 575700 160670 238229 609364 336506 460497 285423 445479 691536 242010 355608 974519 567866 1024296 629939 454547 449159 745846 503491 721231 246747 405529 450876 696044 531772 326841 832108 634434 695209 761641 498227 744727 471553 842899 555498 738110 479823 823515 11184 5080 963588 747472 188873 416999 699472 321826 370815 449155 622818 766618 424658 702115 228097 479706 218190 678894 612361 110283 655156 590182 426865 165826 206358 379020 747773 144561
883772 633104 289395 709985 1042760 696481 599985 661266 758926 954191 967781 429088 591192 619113 215759 555385 887349 663805 716972 471831 536169 796487 435087 968516 999999999 526552 790843 803473 865434 716509 805091 309461 131718 614407 580983 1066218 898913 790341 979207 780112 1028436 694548 303485 808740 688161 84036 663278 117464 665240 528594 611713 356649 465032 483313 957208 822435 794515 488385 438496 695040 367392 339449 274118 742303 470825 314931 596110 187198 559054 462659 495611 213533 975335 971460 143658 775248 965955 778296 392755 1004457 938750 579008 757596 202521 640576 332172 745621 710539 899196 300190 896321 926853 520301 915892 541985 883721 767723 966500 759509 883000
536010 737848 329628 490753 822539 917422 650433 180640 690513 805397 720691 477923 140787 234828 321786 745314 711824 817069 747263 73439 728503 270710 661603 606975 526552 999999999 633363 286040 408239 316629 285627 457968 646490 215295 55119 753341 671262 269808 791494 705819 798721 193672 242669 376968 527217 579396 137035 522201 726577 387054 157895 182121 296627 648468 725668 314919 711829 631505 264451 280361 650100 356751 351700 869222 311365 521212 135587 343507 52196 132244 241820 519116 608709 611553 447730 883412 701406 674801 547586 801684 780301 478715 793497 365151 535923 196096 455231 193624 450117 269379 887904 623803 624227 888818 299672 611822 470375 805629 872694 475188
289931 349508 525403 145569 253470 554937 280955 525872 124780 177515 198705 366848 509598 413498 734608 454086 96655 429594 260069 585094 454245 730301 490248 340458 790843 633363 999999999 788624 483444 386352 780378 485113 911284 434258 630984 334821 131359 766654 188751 121990 242325 561574 588034 426337 113201 769784 668362 877101 294160 285142 503233 696256 381698 420374 179237 599488 115170 397010 422829 415255 553231 461934 531517 421201 368082 502536 519339 724351 594880 739615 406716 600688 351625 339250 834697 407520 212487 77372 436418 213724 155770 213051 282801 609757 150466 627724 216335 606979 474992 558607 297132 235866 352110 284463 340437 176090 217286 183548 407425 391612
587170 976372 612590 645450 912714 1171893 883452 268975 876910 938503 808768 735761 312774 388950 590505 1003108 844126 1061580 962769 355541 987951 63247 931599 628169 803473 286040 788624 999999999 376443 403706 10621 735539 916153 370530 238521 788832 780292 22122 905200 887569 886171 228515 528699 395477 702946 861772 156286 781657 954027 609657 307739 447370 541168 908964 822925 223048 889151 889231 520223 373375 928022 631497 635143 1103139 553433 799157 301868 616709 274142 349209 476261 804289 624746 633249 706407 1110950 781039 848573 816054 905235 911658 692106 1006036 651097 734703 479595 575931 182904 414642 554725 1075321 690515 874196 1068721 510897 703729 581240 932309 1102473 484448
223772 765354 590080 364657 549737 979118 672466 228092 596894 600448 448944 600368 286135 248181 696106 831562 511805 854837 713877 422414 822080 313481 802344 252403 865434 408239 483444 376443 999999999 160661 366062 661472 996090 251103 364634 412969 435247 358187 555368 600779 522839 220176 564244 68790 435336 892368 334977 895065 725246 436060 264758 575839 431994 754247 467410 153426 597017 729762 442023 172391 829926 567577 611035 872955 434681 716822 285198 707831 356759 539026 380240 769740 248511 257470 825716 869200 418350 556620 696371 549321 573847 480570 748833 667292 492000 553421 274967 243498 42992 565458 780370 326640 698366 765775 359312 353536 268126 589849 865097 111640
219645 623784 434872 246637 523565 834755 529418 155197 483261 535742 419203 441399 176271 100165 562436 680786 440981 713109 585710 305902 670081 344302 644724 291357 716509 316629 386352 403706 160661 999999999 395102 500975 848028 111646 289812 437210 381462 381939 506451 491495 498072 181351 421061 95014 310878 738139 299567 755976 589092 278596 158859 457649 271990 599535 429207 219672 491279 575530 284708 37072 670015 408401 455031 739219 274194 556165 181058 569922 265858 447041 223632 610388 293856 295800 690124 739917 395677 450257 537031 510019 508999 333126 624974 515570 356503 420890 172225 225130 186443 416865 678248 311920 546754 669142 198651 310273 178431 530567 734016 171107
577281 970813 610936 637465 903012 1167097 877722 262112 869420 929562 799124 731573 307599 382183 592671 998638 835266 1056264 956202 354301 983605 53179 928122 617878 805091 285627 780378 10621 366062 395102 999999999 732995 918590 363983 237014 778546 771042 16506 895903 879923 876447 221038 528257 385639 695413 862618 153832 784782 947968 603978 301950 449386 536687 904756 813417 212647 881372 884852 516405 365134 925383 628774 633563 1097251 548790 796605 296735 618536 271822 352617 471596 803086 614412 622957 709487 1104761 771294 840742 812541 895756 902705 685857 999311 650777 727838 480004 567314 175517 404160 553703 1067666 680688 869354 1060843 505140 694278 572397 923240 1096392 474237
620188 353559 135256 421806 738375 483055 300560 510274 449773 645123 669674 119784 442730 421548 325313 313430 581020 408610 419437 384675 294212 704818 209742 703772 309461 457968 485113 735539 661472 500975 732995 999999999 426282 426722 498274 779824 599734 716527 672364 470936 725651 553553 240560 595464 388284 285148 579284 407894 372975 249266 457422 377437 230130 219066 656633 669781 485198 212374 229484 492526 192587 104804 118191 479052 226795 63618 451965 300897 461417 477519 288953 120581 712180 705867 382855 505678 671540 468984 108739 698710 630254 277406 463297 168202 334753 303787 475684 586405 685947 202518 597152 644489 230345 613927 302808 595238 497436 657872 491215 646999
1014674 722951 420461 837127 1164343 753820 702144 788968 870481 1069951 1092609 545527 719538 750342 326361 631959 1007293 740927 815724 596277 613922 913886 515171 1099455 131718 646490 911284 916153 996090 848028 918590 426282 999999999 745238 701474 1194528 1023210 904461 1098631 891656 1151061 820776 432657 940001 811757 145704 781918 145708 761373 656310 740307 469732 596012 573030 1080950 948685 906629 582418 570089 826175 440771 467974 404378 820744 601383 419346 723992 302983 682308 569040 627329 315942 1106391 1102340 215438 856089 1092080 893444 495750 1124947 1055891 701526 853409 334153 760844 455878 875667 834436 1030267 431396 994221 1055692 619122 1016187 673249 1011274 897796 1083352 840065 1014712
324926 610121 341328 288738 608301 812412 516140 102425 510348 599761 505852 390169 77448 20868 452254 648703 504969 697162 592246 195475 635455 320284 594591 400749 614407 215295 434258 370530 251103 111646 363983 426722 745238 999999999 200032 540863 458484 348531 580636 522564 584143 146384 314379 196180 337835 642116 235507 647868 584729 244174 68983 346173 199434 559494 511675 245359 525748 537360 198556 82304 608499 326407 362972 734571 206981 486563 86139 461071 168295 341706 137789 527043 403898 405020 580688 741104 486152 486143 481216 589037 573880 322221 635565 416427 364574 310112 241596 189983 285246 314360 709751 409055 515924 705713 146185 396764 255690 598070 733013 282227
508888 761310 374069 486185 806847 947369 671522 141673 697153 799131 703611 507876 122656 220764 376905 776236 704553 842982 763022 117404 760085 217893 697929 575700 580983 55119 630984 238521 364634 289812 237014 498274 701474 200032 999999999 726386 658170 220798 780645 711267 782259 145702 292928 339659 529069 632487 84552 577235 746136 401887 133939 236862 318829 680289 710589 262287 716096 662067 291474 252770 690861 395000 396631 891540 332725 561854 114069 398496 40425 175564 258248 566102 576588 580433 502685 903638 682364 677778 582882 788676 773421 491595 808563 415557 544758 249638 441233 140089 407180 316919 896070 601166 651548 894926 308373 594202 454395 797857 893627 439387
217587 681682 779748 358480 187783 879224 615695 587470 447504 310223 144641 670985 612575 523389 959848 788768 274288 757083 582999 734614 789062 725660 820851 160670 1066218 753341 334821 788832 412969 437210 778546 779824 1194528 540863 726386 999999999 203937 769979 242051 435948 166423 601829 808733 400130 397419 1061354 724549 1133719 624607 538245 595947 878968 607246 752450 171464 566185 422334 728365 641234 474026 879307 726851 792775 735825 598899 810838 617998 958932 702984 882327 597164 900194 164637 155592 1078271 714314 122850 399457 753982 215747 293032 506023 594099 868440 462263 827861 326377 637837 377720 790588 547793 140481 684143 519917 536298 184595 305211 289646 718048 304809
215179 478068 621703 197749 154324 678501 412263 534649 245280 165479 70240 484860 535887 438012 820446 584890 85601 554967 381840 634744 585415 718615 620597 238229 898913 671262 131359 780292 435247 381462 771042 599734 1023210 458484 658170 203937 999999999 759074 125118 235527 134005 562765 669860 391430 211594 884676 679946 977635 421366 374897 524663 762920 460838 551178 59334 572047 223177 527547 499798 416331 681945 562239 631110 538501 449391 623488 544112 814177 626510 789632 469480 718238 249120 235666 929381 520036 81229 196645 561220 130557 139196 322356 396998 709102 269123 700957 216942 605996 415999 645093 374279 128005 482849 351994 402758 82139 204791 154760 522231 328944
567071 954807 594630 623399 892180 1150813 861795 246897 854789 916957 788131 715147 291415 366897 578369 982269 822515 1040156 940776 338138 967210 45050 911622 609364 790341 269808 766654 22122 358187 381939 16506 716527 904461 348531 220798 769979 759074 999999999 884033 865457 865679 206398 512368 375309 680827 847358 137422 771278 932217 588021 286032 435005 520314 888335 802060 205087 867056 868463 499926 351421 908904 612289 617274 1081407 532456 780134 280535 603967 255404 339545 455265 786898 606145 614444 695955 1089088 760597 826486 796043 884320 890123 670216 984002 634927 712636 464540 554156 160784 397025 537587 1053210 670259 853080 1046642 489218 682787 559629 910884 1080655 465347
332188 482721 713347 306308 77898 661425 437922 659181 252017 68779 114532 553263 658076 559975 920273 598338 92111 546272 373614 751452 602969 843383 656181 336506 979207 791494 188751 905200 555368 506451 895903 672364 1098631 580636 780645 242051 125118 884033 999999999 234159 82978 687787 771918 514788 298061 956202 804511 1065805 424087 470229 647637 873416 563435 584667 90218 695467 218105 563526 603885 541110 724678 650377 719966 512354 550650 686201 666611 911177 748015 906764 580211 786207 346315 332836 1022719 486400 147839 213757 616649 32999 57758 401782 373674 798253 338639 808009 339970 731096 533018 744075 307778 233363 518395 278736 512997 203037 329128 47625 492319 446430
411919 250465 541020 244880 311387 443446 205785 620155 21200 185665 292062 352225 593822 502520 757633 364597 163486 321377 147056 649469 368851 831573 424724 460497 780112 705819 121990 887569 600779 491495 879923 470936 891656 522564 711267 435948 235527 865457 234159 999999999 310090 659070 620131 540999 184959 746614 757932 877115 191990 327547 590761 741787 427427 353154 266868 709131 16235 333313 468179 516758 495594 474660 541981 303410 412402 472730 604239 742499 672944 799785 467345 575773 471681 459010 843965 287104 314054 44843 398264 266444 179482 237564 162695 617690 172677 668258 328170 704700 594599 586087 187753 353436 288807 183688 406165 294882 332741 203448 288058 512356
300495 560359 754180 331748 26904 743225 509694 653177 326363 151033 78884 608389 661043 564122 954343 674497 152017 626692 453053 765419 678093 823376 726021 285423 1028436 798721 242325 886171 522839 498072 876447 725651 1151061 584143 782259 166423 134005 865679 82978 310090 999999999 677280 803842 491021 340419 1010744 797503 1109632 501759 507668 648320 896064 594781 654901 75049 669785 294468 632792 633801 534378 792165 693705 762906 594727 583228 744811 668651 947792 752401 919710 602907 842389 293921 281097 1062485 569192 105223 283892 678434 51775 140083 449674 455327 841091 391289 834761 343715 718616 495482 778849 389774 196675 587540 360013 536386 188231 328463 129172 574920 411417
387488 756504 449117 417543 703133 958127 662504 45042 648412 716355 598589 531037 111460 162978 503773 793171 621374 843477 736649 225456 779414 174753 733710 445479 694548 193672 561574 228515 220176 181351 221038 553553 820776 146384 145702 601829 562765 206398 687787 659070 677280 999999999 392787 203912 474434 735714 122729 705630 730669 390328 96278 371405 336171 702420 609714 127933 660761 680912 325245 147747 741538 449464 472006 880697 346051 615791 103285 520941 145298 321205 270776 642431 444956 450410 632769 886655 573623 620258 618900 690946 689700 468053 779238 510207 507508 365395 351880 45636 263038 405795 846824 486630 661087 840456 291826 490385 359531 711640 878812 303834
608417 573366 105780 472120 822898 722405 500864 358131 600737 764702 733382 304673 287777 321456 151523 551134 681592 639701 614422 176619 532397 510609 450235 691536 303485 242669 588034 528699 564244 421061 528257 240560 432657 314379 292928 808733 669860 512368 771918 620131 803842 392787 999999999 510385 475184 343624 377473 335190 578839 302906 308235 138456 209172 454538 729083 520321 630875 443424 170269 396282 424266 161412 122882 704232 221378 299302 292931 151371 264358 237463 212444 279174 696962 695074 272062 726269 724192 602308 344983 791149 743789 384534 661187 122647 451674 63227 482426 412273 599530 39293 780443 668516 449924 790073 272844 635472 503528 771580 713088 591101
191770 698210 529136 300956 517668 911600 604966 198093 535912 554662 414190 532019 244250 189661 647558 763052 463154 787735 649554 380455 753451 332502 733674 242010 808740 376968 426337 395477 68790 95014 385639 595464 940001 196180 339659 400130 391430 375309 514788 540999 491021 203912 510385 999999999 370841 832253 325964 844015 659136 367480 223646 534369 366907 685461 429732 180689 538213 660987 379441 114107 761915 503414 549536 807562 368797 649944 245613 657115 324772 509202 318099 705381 241148 246988 776436 804861 385812 497420 628115 512229 527797 412220 685648 608709 425519 504964 213017 237841 91531 508611 723349 295049 629740 710384 292748 311800 209105 545871 800317 100200
284339 336904 415799 71276 355749 551492 249376 435224 174043 290659 281407 274871 410061 317682 622521 421634 206770 425183 278726 475621 416943 647530 430569 355608 688161 527217 113201 702946 435336 310878 695413 388284 811757 337835 529069 397419 211594 680827 298061 184959 340419 474434 475184 370841 999999999 673112 573315 769974 291865 172509 406267 583335 268497 366119 269225 530304 187947 341044 309639 333800 484115 353903 423352 437859 254904 414436 420329 613118 491545 629270 295417 507251 366018 356032 725079 434052 284131 148805 356682 319814 268874 110895 315442 501664 69085 514530 161947 520043 436689 446361 372593 271037 299605 367879 230148 214988 174169 296542 429764 362621
889839 579127 303297 702916 1023204 624537 556458 699400 725460 925903 954504 403052 628321 644215 285082 492355 865298 601462 670344 518814 473764 850047 373649 974519 84036 579396 769784 861772 892368 738139 862618 285148 145704 642116 632487 1061354 884676 847358 956202 746614 1010744 735714 343624 832253 673112 999999999 716329 196106 616305 524217 647943 419557 474568 428877 941743 862704 761695 437423 454196 720201 301360 340169 283734 680937 477773 273975 634403 253847 606832 528931 514560 170932 982075 977096 227523 715411 955563 749381 350097 983120 912394 562329 708484 226735 619635 383326 747940 755875 923618 331150 849061 923981 473582 870737 552730 877140 770056 939706 699464 899763
510022 827779 457381 522858 823089 1019422 736081 145331 745402 829501 718665 581571 166469 255847 456041 849578 734353 911537 821413 201756 834037 133718 775808 567866 663278 137035 668362 156286 334977 299567 153832 579284 781918 235507 84552 724549 679946 137422 804511 757932 797503 122729 377473 325964 573315 716329 999999999 654379 808706 462985 167217 313664 388346 754696 728712 207074 761245 735487 365310 263796 771745 475211 480079 956353 401248 642900 155598 479168 117990 234484 324511 650072 567109 572818 579302 966226 694513 721641 660340 809223 803131 549239 865934 500106 597189 333096 465577 91520 377863 401221 944881 608457 722177 941190 365546 609838 475384 826085 956995 425403
940387 744509 356214 783551 1125689 813862 705569 677983 856061 1045711 1044972 524995 611394 656080 201867 670900 973696 778839 823762 480424 651528 783951 550477 1024296 117464 522201 877101 781657 895065 755976 784782 407894 145708 647868 577235 1133719 977635 771278 1065805 877115 1109632 705630 335190 844015 769974 196106 654379 999999999 773712 602953 632701 340879 526493 595736 1036687 832530 890873 599112 493864 730125 484193 416076 346735 856804 534976 423000 614346 187234 562734 432574 544608 325298 1030160 1027652 75345 889032 1040181 871572 500196 1089329 1028655 664052 865736 268560 728460 342562 808456 714331 931910 345444 1002754 993311 628484 1020838 599441 954653 830211 1056626 873417 926263
568652 58646 480978 363113 501857 262847 78251 687151 177721 368872 482127 274912 643048 567708 693291 175555 354986 136289 57435 659392 182797 905007 257356 629939 665240 726577 294160 954027 725246 589092 947968 372975 761373 584729 746136 624607 421366 932217 424087 191990 501759 730669 578839 659136 291865 616305 808706 773712 999999999 345729 646387 714232 429953 190386 457761 807090 207355 178958 464041 604959 333427 418035 473828 150537 415238 350887 654019 671441 705775 794074 487904 451931 640966 629277 755045 157599 501865 225169 273519 456814 367615 262621 92400 538966 233738 637001 453734 774709 728326 540324 232875 529080 145231 256122 443627 468944 465757 388885 148458 654155
370932 366924 246840 181531 524919 568428 273806 345776 310068 461888 442026 165269 297614 229566 450079 406819 379238 453247 361223 325282 394676 562889 366395 454547 528594 387054 285142 609657 436060 278596 603978 249266 656310 244174 401887 538245 374897 588021 470229 327547 507668 390328 302906 367480 172509 524217 462985 602953 345729 999999999 302034 415959 100060 321763 434092 481616 336172 298249 141171 282388 396266 189271 257025 493755 85264 293464 308588 441269 361749 472845 145260 369025 462918 456687 554849 503282 438098 303836 261573 490900 440886 92254 407020 334592 154907 344605 226451 432928 453793 273891 503404 399931 273068 507016 98920 355150 248268 468691 494017 404426
378444 668914 355858 357700 672926 867070 575773 53218 578186 668121 569676 436394 21414 89744 432385 700449 573204 754683 656477 157916 686217 261768 638207 449159 611713 157895 503233 307739 264758 158859 301950 457422 740307 68983 133939 595947 524663 286032 647637 590761 648320 96278 308235 223646 406267 647943 167217 632701 646387 302034 999999999 311786 240943 608544 576730 216617 594214 587513 228968 122468 645272 353528 378576 795400 251454 519557 22437 445766 107037 289098 175292 548125 451033 453717 562164 803471 548587 554769 523172 655095 642127 384912 700455 421358 430593 290179 307823 133460 304198 316808 777664 468282 569432 774102 203191 460273 320569 666066 794844 319528
667303 710836 243814 567609 917244 860188 636029 349759 723319 873732 821615 441480 290669 360371 143411 689290 785886 778092 747470 153986 670453 444448 586454 745846 356649 182121 696256 447370 575839 457649 449386 377437 469732 346173 236862 878968 762920 435005 873416 741787 896064 371405 138456 534369 583335 419557 313664 340879 714232 415959 311786 999999999 316209 592874 821073 495900 751282 581880 274901 425489 555579 298906 259246 842064 330734 434036 290754 169517 226225 111319 293629 399231 749460 749971 266023 863444 808019 719772 483088 889426 851126 504225 794438 235037 570040 77283 558989 375517 615868 177722 909191 741724 587815 916775 360723 717468 578122 878354 850476 626898
418740 442620 175637 263176 613729 631121 353948 291359 409703 559121 525014 195676 230713 192311 359645 461956 473755 524293 452060 230449 446978 500665 397552 503491 465032 296627 381698 541168 431994 271990 536687 230130 596012 199434 318829 607246 460838 520314 563435 427427 594781 336171 209172 366907 268497 474568 388346 526493 429953 100060 240943 316209 999999999 368468 520108 444665 436204 348200 41335 262396 409066 137290 192158 573328 15287 288111 241230 354539 278446 374161 65722 338613 510380 506428 472169 586842 517066 403793 282990 582151 537293 190728 498674 263485 254883 246062 282319 374253 458033 185087 601252 466820 333862 605947 78168 429596 304233 564862 576263 426192
646632 150349 349105 427721 660103 270070 147371 657381 333722 538720 619057 173205 599120 547410 542814 97473 502936 190284 246811 575852 80044 869109 71592 721231 483313 648468 420374 908964 754247 599535 904756 219066 573030 559494 680289 752450 551178 888335 584667 353154 654901 702420 454538 685461 366119 428877 754696 595736 190386 321763 608544 592874 368468 999999999 598652 801885 369371 25296 389504 604098 144554 298490 335200 263975 357184 177369 609680 516794 640691 687739 434056 270495 731469 721827 585577 294106 631679 371558 110516 615884 532004 279379 281267 385382 297101 517207 509263 742002 767940 415418 422634 635300 68345 446502 414334 577044 527240 556556 278779 707943
243699 515669 680854 256965 97028 709056 456424 583789 280041 149633 27812 540716 588846 491457 879733 626212 103638 588168 413670 691142 628102 760581 668963 246747 957208 725668 179237 822925 467410 429207 813417 656633 1080950 511675 710589 171464 59334 802060 90218 266868 75049 609714 729083 429732 269225 941743 728712 1036687 457761 434092 576730 821073 520108 598652 999999999 610049 252597 575632 558969 464990 732467 621103 690081 564626 508705 678579 596713 873511 679962 845675 527867 774516 256732 243198 988671 542852 59428 233488 614542 82497 127704 379558 423001 768135 323960 759723 270439 651976 443830 704419 380321 143351 530563 354272 461336 119509 256201 132561 546659 357590
369323 839434 572451 464564 696570 1047725 744797 163881 701778 734769 593798 634640 235071 255060 630685 888429 642499 928274 805205 352987 876183 160216 839417 405529 822435 314919 599488 223048 153426 219672 212647 669781 948685 245359 262287 566185 572047 205087 695467 709131 669785 127933 520321 180689 530304 862704 207074 832530 807090 481616 216617 495900 444665 801885 610049 999999999 708013 779046 440316 202475 853666 567281 595136 957507 452324 730659 228419 648482 270164 435047 381626 764220 401871 410605 759222 959107 564622 666943 726469 692527 707873 547714 844644 636662 575572 493159 383194 122545 191969 532086 894694 473164 754561 883850 387739 492457 383478 726350 952914 262614
