NAME : synthetic_000102
TYPE : CTSP-D
DIMENSION : 100
GROUPS : 8
RELAXATION_LEVEL : 1
EDGE_WEIGHT_TYPE : EXPLICIT
EDGE_WEIGHT_FORMAT : FULL_MATRIX
EDGE_WEIGHT_SECTION
999999999 596626 532338 577094 699564 94546 322188 393556 839129 46285 318878 456291 1053621 153411 440488 493725 680202 470283 659291 617576 1059141 779906 276880 706600 715345 916258 671130 890297 619888 454463 824553 535026 280206 730981 584953 335972 511529 400020 947225 247426 225871 607659 710130 407569 740748 410664 812219 854739 583772 649311 426642 609138 244158 767391 408866 542897 522928 745146 369161 276720 997479 373190 857831 551931 688400 485972 188564 900881 409790 338273 744433 853211 140367 763111 1092755 92126 94814 534403 1034333 517035 69480 659788 757417 111251 2654 710152 465397 990426 515120 766751 96747 764272 335703 551561 853648 702125 569253 812333 837930 870755
596626 999999999 275865 601560 251765 563389 274755 442052 405240 605395 585626 198514 640119 447363 176349 818386 730689 140226 488409 191134 659552 186816 672166 232019 198900 652672 792222 442705 203446 142335 850585 310805 329379 166048 781971 277964 267101 654686 647152 399299 384988 595683 356155 635433 348259 295447 247671 265878 651570 252643 684779 223573 689673 203796 554393 257532 840890 148705 343639 528457 525895 609656 315963 832278 92179 533582 552120 503926 265792 310839 584393 584658 640763 494771 724326 679159 551038 562696 558174 745601 540993 127313 171266 504685 597509 858470 184711 617346 666904 763553 550879 654528 273957 47210 334566 338710 300036 337158 748737 293264
532338 275865 999999999 779477 524050 544942 279987 576389 680600 560970 666331 128562 915984 424391 318509 907668 913420 300082 715862 451984 935299 420421 715042 506658 233576 913511 956239 718568 463418 252832 1049301 524133 366958 433803 917991 225840 474530 753565 913788 285104 313976 785340 618485 741956 617401 121815 507749 497804 820562 514459 786662 98445 712830 468499 678486 21292 934718 362129 166559 599456 799803 708091 581845 940620 320764 692219 579668 778362 130478 406164 818055 843655 631097 748653 999242 624457 532064 733656 831053 866254 503802 220228 334811 483912 534277 1017836 133816 891569 807423 965727 451216 879831 232335 245766 605961 601627 528695 288571 974531 538471
577094 601560 779477 999999999 463100 482755 519725 216487 494864 540903 270590 650915 614398 492962 466186 333299 133952 493241 192344 445551 606522 687228 371185 490997 800240 397385 192055 536375 435731 533128 274358 293999 445521 601299 214208 582366 334547 231293 444880 631183 573861 39068 372914 208042 416349 699223 640569 720675 54685 412423 232417 786202 421433 615767 169179 772802 339425 698684 703759 300415 631119 226695 631082 304165 662523 97173 389914 492610 669992 382108 212298 356042 478906 307327 608620 584529 482622 48030 662645 217776 516080 727886 748635 484545 575311 259061 646478 532121 127009 198794 630032 198745 572894 590480 597933 381004 315403 938139 261450 700928
699564 251765 524050 463100 999999999 635744 419353 393755 161242 691633 562338 425188 399360 548543 281241 755005 572210 268035 296098 86779 415707 238018 672142 30063 420044 406193 650482 206708 81183 312016 665833 200799 423486 152911 672438 455454 198214 600736 396577 571489 535834 442752 118108 576186 98252 518086 177486 258512 517758 57710 623361 474695 705693 156616 489891 506935 770781 268559 556871 526878 306724 563376 179144 747889 256233 431422 586967 255008 484542 361578 372768 340924 692977 260477 476105 763436 626115 439241 342852 656556 632459 360665 326633 590585 699515 717105 412745 367788 564993 579596 686154 449130 447537 278472 160103 101582 165146 551189 537761 238328
94546 563389 544942 482755 635744 999999999 297945 304589 767483 61603 225435 450558 974981 123486 395361 416284 585974 428564 571151 557532 979035 740340 198674 645832 703675 827945 578984 818794 558333 422203 730670 459505 234567 683552 495756 328707 441608 309314 860765 271408 231364 513690 635050 315204 668239 424486 762019 811582 489288 582749 337423 610606 177713 718333 314355 552158 445624 711540 392015 182341 926604 280127 801470 470270 655461 392331 94163 823499 415940 276635 653522 766299 86163 678374 1009391 128052 13074 440432 963407 428508 49282 642194 730715 62208 92662 620098 457334 908958 421758 672251 167878 671123 325688 521138 793294 628435 495221 812153 743781 822817
322188 274755 279987 519725 419353 297945 999999999 306722 575879 333717 386624 162477 809211 176406 138245 628390 652026 158468 499575 332592 821187 459609 442923 418048 406405 735249 685866 624408 338812 133317 793883 317703 87002 417794 640667 62641 273904 473591 750364 153502 118001 532226 468098 462306 486121 181124 501134 536222 555051 380856 506700 324217 447746 455571 402011 280303 655169 423060 185336 320001 726072 428178 555268 660640 366295 426644 309752 656852 155249 137692 601784 665228 380807 566919 870349 406685 285038 472146 762124 587138 269505 344263 436160 236561 323151 745107 166001 761664 532374 714557 279632 651151 53242 229384 558901 455006 338914 520541 742628 556304
393556 442052 576389 216487 393755 304589 306722 999999999 493504 366161 168702 448918 681032 284725 279401 379242 346377 312425 266569 338295 682413 572075 280836 413583 633098 523378 380300 543728 333243 342947 490350 193389 229425 494125 346711 369146 203568 216512 556628 415060 357894 235396 356097 195099 395531 487650 555993 625211 248455 336054 244601 595992 319069 519832 112348 572121 400257 566588 488872 143625 650760 174202 572614 390232 519865 120693 224875 533713 460068 170975 351607 461999 331671 376276 707855 425222 300409 168458 686764 304429 326247 560632 606934 288749 392297 441450 446479 610457 233012 414790 429502 378665 359925 418888 552178 354041 230281 766986 461255 619944
839129 405240 680600 494864 161242 767483 575879 493504 999999999 826171 658485 585822 238172 692083 438828 817669 575387 428226 303347 246018 255307 334600 773147 174232 551137 295727 662762 51311 238166 473027 636314 309140 570733 268504 708667 615022 327600 677826 269170 729020 690565 464486 137495 651973 99462 679219 238174 314976 547369 195490 694566 623986 812571 249128 570011 662660 828514 383096 718067 635708 159208 647450 182046 797465 389086 494564 707238 101063 645734 502482 337762 245826 815397 207623 319253 895393 759110 485991 195956 708143 770428 500901 441172 728291 838800 725714 573202 213746 614396 556618 834798 412525 606847 436499 137496 140332 272587 671871 485215 272770
46285 605395 560970 540903 691633 61603 333717 366161 826171 999999999 278137 477144 1035589 158074 442571 447469 640232 474290 632729 611836 1039936 785859 230844 700565 734505 889492 628341 877469 613238 463159 783694 519051 280719 732664 540582 355287 499370 356663 922366 278286 248982 572681 694646 365350 727119 439201 812487 858909 544957 639571 382501 633606 197960 768235 371898 570272 476663 754076 400826 241037 985139 331763 854614 505919 697548 451926 150999 883781 435300 330598 714635 827902 94196 739875 1070792 74121 67561 499490 1021974 472483 64416 676165 769751 102942 43679 666056 485295 970083 473739 727902 140377 731031 353818 561569 848031 687633 554383 836570 802269 872352
318878 585626 666331 270590 562338 225435 386624 168702 658485 278137 999999999 547117 833182 278706 411615 242126 362142 447499 402242 504076 831603 731496 115543 581676 765153 649189 354241 707961 499831 466004 505749 362090 299666 656916 277376 441909 369564 92106 689892 441323 386563 305932 521077 91329 561757 559058 722141 788817 268063 504657 124658 706012 160289 684545 105371 666902 268577 720232 544212 67231 813947 54994 741031 276139 669999 194307 132140 690946 538619 279706 465271 595740 208634 521133 848612 314995 228779 235176 849427 213608 267305 694663 755445 246533 316759 398610 548469 757902 196334 450552 388268 467608 434617 555098 720878 520316 398930 892685 530729 786078
456291 198514 128562 650915 425188 450558 162477 448918 585822 477144 547117 999999999 823857 327094 191946 789226 784860 177720 591795 345658 840844 376194 605200 412549 259448 799322 828279 628148 356078 128606 920936 399857 248180 364466 792302 122151 350332 632076 803678 223772 230462 656943 508387 619125 512800 97033 446043 456686 692177 406437 664966 162112 608467 402309 552771 123215 815582 325705 145884 481088 718143 586217 514145 818924 272800 563954 471390 679629 67990 279652 694567 728908 535766 632221 900407 546504 437483 605132 751656 742250 415282 209860 319551 388351 457811 890281 13835 791450 680797 837605 389988 754398 124893 155421 530613 492230 407454 361674 848829 488985
1053621 640119 915984 614398 399360 974981 809211 681032 238172 1035589 833182 823857 999999999 912403 673797 947419 649954 665223 434639 483217 29399 540593 948357 411577 768952 253180 740091 197434 474693 710727 658073 518997 796087 491217 812682 851061 548148 831335 197899 962710 921618 576941 346045 805578 323164 917391 438091 496245 658007 428965 840621 854344 992903 463717 733543 897506 951798 596342 955971 824133 142846 810160 363854 912370 613109 647518 904552 153757 883893 723890 408715 263641 1012296 313620 106826 1101074 968029 623016 135514 830781 984183 726450 651007 942425 1053004 792850 811164 84993 741402 597872 1058794 460547 842646 673458 325683 356698 486215 877992 493477 446432
153411 447363 424391 492962 548543 123486 176406 284725 692083 158074 278706 327094 912403 999999999 287276 504855 612706 317718 538796 465466 919730 628584 296780 554476 580734 793268 623532 742963 468265 305097 759457 394065 126884 577845 555226 205366 365474 370705 819368 164983 115036 517139 566772 368236 594840 305555 658871 702495 512629 499824 402784 487448 289190 614109 337420 430596 533609 596059 278385 215550 849407 331193 704634 549946 539502 396208 163036 758834 294452 189638 631965 727126 208840 633105 958073 231808 110414 446161 886212 492309 93658 520272 611932 61282 153794 673569 333858 853199 462755 690880 149401 663277 202212 403506 701170 557488 426192 688726 745485 717642
440488 176349 318509 466186 281241 395361 138245 279401 438828 442571 411615 191946 673797 287276 999999999 648072 599775 36197 400436 194462 686853 345161 495842 279936 355695 617490 649838 486832 201029 67033 732433 208796 161857 290575 625729 177816 159643 484919 627205 290409 255569 469011 337372 467339 351546 264477 371843 416516 510844 244833 516100 320540 513692 326914 390427 309418 671745 320019 291483 352809 587920 439205 420916 666813 265650 385058 376791 522552 230651 134530 503439 546886 468935 448842 738895 516668 383594 422166 623922 583168 379009 284059 347609 339864 440964 714011 184868 629711 511284 648061 412040 562468 169112 143502 422117 323076 220105 487929 656884 430373
493725 818386 907668 333299 755005 416284 628390 379242 817669 447469 242126 789226 947419 504855 648072 999999999 331550 683300 521764 711988 938805 950206 218017 778851 1003486 721683 265251 862388 705400 705451 433318 557957 541539 870262 159305 682485 579162 163707 772401 669818 618203 370478 686618 184161 730183 798174 926510 999743 290657 698481 134713 948013 251452 893446 269498 908683 29344 945825 779663 308390 960984 208950 932649 68831 898634 325835 342404 824478 779135 519365 541423 687051 354166 639888 936453 447139 425038 332380 993516 117561 465252 932124 985441 459268 491135 267119 790586 864625 206669 419939 582494 507866 675513 791179 905439 690929 590987 1132989 531212 989961
680202 730689 913420 133952 572210 585974 652026 346377 575387 640232 362142 784860 649954 612706 599775 331550 999999999 626252 279620 566193 636407 804101 441444 601434 929588 406506 90461 610136 555552 666767 146762 420481 575713 717461 175365 714641 463837 294539 460644 757991 700486 135194 469569 279011 510897 832136 748463 830543 100172 526283 280323 919414 491887 728096 276381 906742 325875 820293 835178 407064 693564 309470 729615 279003 787325 225716 491817 551433 803268 514695 246652 386929 566963 371003 621902 673997 587901 180322 721238 219816 624340 857625 872268 596934 678167 150355 780425 565007 169791 92965 742537 190232 705260 721788 692574 480796 437471 1067803 199666 806061
470283 140226 300082 493241 268035 428564 158468 312425 428226 474290 447499 177720 665223 317718 36197 683300 626252 999999999 415783 182211 679637 311881 532015 263122 321150 622852 679009 474731 190539 49498 756403 224102 194170 261414 657942 187596 174526 519963 629391 305904 276358 494025 335871 502008 345622 259527 343969 384797 539311 237992 550931 293223 549594 298602 424058 289104 706746 284795 292369 388962 573206 474368 396801 701053 230007 414939 412408 515912 225320 170718 518085 552308 503389 455119 734531 548406 416599 450263 608719 616697 410346 249119 311492 371969 470875 743746 168607 625193 543192 671210 436922 579997 179939 107893 401085 320551 229799 454591 674804 400925
659291 488409 715862 192344 296098 571151 499575 266569 303347 632729 402242 591795 434639 538796 400436 521764 279620 415783 999999999 305374 430880 532365 516286 325911 683453 256977 363219 344060 293535 463657 371272 191954 449289 445864 405469 558166 241534 396882 290912 639821 586820 161151 189950 371057 231527 661982 470332 553013 244117 255851 407510 699216 562529 452714 300061 704501 530057 555170 681039 402668 439550 375934 450075 496322 529451 212980 489431 303015 628941 373188 103177 196097 593701 121092 446670 690811 566795 190627 471775 408620 591154 614573 610353 552170 658127 428217 583722 356651 315608 284371 687598 166450 548364 491282 413642 201460 190252 820973 261209 526892
617576 191134 451984 445551 86779 557532 332592 338295 246018 611836 504076 345658 483217 465466 194462 711988 566193 182211 305374 999999999 498193 242968 609432 89031 379636 463564 637226 292919 12356 227639 674729 156431 339443 159152 645485 369200 134780 552503 461823 484738 449229 431955 167037 529258 167153 436216 218065 287815 499052 62671 577965 413041 639477 181784 442877 436265 730215 254104 473019 462071 393481 512004 244885 712136 224220 396998 514961 335194 402322 281282 396795 394721 618913 303684 555285 684485 547368 414198 429553 621431 551407 312948 306834 509857 617643 704322 333837 446124 533438 587409 600882 469323 361156 207567 236260 149921 130170 516335 562384 282007
1059141 659552 935299 606522 415707 979035 821187 682413 255307 1039936 831603 840844 29399 919730 686853 938805 636407 679637 430880 498193 999999999 565162 946411 429488 792567 234897 726189 217881 489213 725823 638987 525719 805148 513413 801441 864494 556948 826518 179236 974646 932420 568577 355153 800905 335352 933628 462742 522672 648620 442276 834694 875504 991677 486960 730747 917082 942324 620252 971210 824923 171210 806813 389269 901990 635415 643798 906697 164369 899955 732047 398207 252347 1014050 310576 77900 1104451 972417 617326 164900 821759 989662 748644 675472 948092 1058454 777525 828315 74581 733462 581216 1066919 446369 855927 691741 350110 366858 494006 903251 474640 473067
779906 186816 420421 687228 238018 740340 459609 572075 334600 785859 731496 376194 540593 628584 345161 950206 804101 311881 532365 242968 565162 999999999 828914 207968 230916 624078 878193 353282 251970 326297 903188 399138 506050 86709 888432 464695 371421 788484 602887 585667 571590 671441 354648 766323 325567 470492 102505 80492 741133 278000 815579 337446 852365 87142 680756 399431 969639 59994 521765 681534 406562 746053 178096 953515 103668 639573 718518 433589 444130 473516 610638 564984 813741 494399 638750 859941 728439 657021 432230 863215 721726 203472 110440 683771 780654 945256 362511 541645 776105 816609 737309 687126 460770 233940 215052 338898 372596 339189 775167 118126
276880 672166 715042 371185 672142 198674 442923 280836 773147 230844 115543 605200 948357 296780 495842 218017 441444 532015 516286 609432 946411 828914 999999999 690043 840579 759670 412599 822858 606174 542622 576812 473329 359890 758087 316689 489810 476331 147061 801963 459936 411797 408769 635663 165576 675884 599597 826891 890195 357383 614681 163916 767130 50800 787648 216624 718800 247354 812675 575094 147875 929107 145097 849901 275075 760140 305478 135491 806485 584652 361327 574449 708318 139752 635844 961899 241683 207971 341760 964683 248358 247850 772580 843387 245570 274330 442594 608891 872535 272022 533643 364483 569927 484188 637249 831600 634399 510546 961815 624798 890603
706600 232019 506658 490997 30063 645832 418048 413583 174232 700565 581676 412549 411577 554476 279936 778851 601434 263122 325911 89031 429488 207968 690043 999999999 393633 432149 679110 215668 87520 304539 695845 222140 428343 123092 699303 450552 213986 623106 420308 568644 535492 471381 147586 598855 124428 506952 149953 229842 545602 80577 646485 453362 722225 126885 512368 488955 795195 239402 547663 543775 310350 584831 159925 773280 229445 456554 600707 271943 473840 369967 402758 367919 705692 289456 492609 773032 635819 466030 345659 681973 640343 336082 297719 598738 706662 745831 399735 385340 590946 609564 689119 479165 443036 262269 147490 131318 187894 523498 567640 212020
715345 198900 233576 800240 420044 703675 406405 633098 551137 734505 765153 259448 768952 580734 355695 1003486 929588 321150 683453 379636 792567 230916 840579 393633 999999999 825780 990512 577030 391859 299382 1048563 509573 482339 282632 976945 379636 465932 840547 812412 480905 489720 794574 535053 823012 517862 327724 332394 295134 849860 436721 871794 135493 850929 305720 745041 213144 1027377 172874 381045 703580 637092 794755 408717 1022203 164259 730220 711900 652115 314777 485462 776430 760965 787178 677423 864392 804955 690676 760821 663139 937524 671603 72791 122960 641769 716808 1056554 249952 763503 861887 961391 648686 848585 380706 214260 443606 517644 497327 138347 941959 342779
916258 652672 913511 397385 406193 827945 735249 523378 295727 889492 649189 799322 253180 793268 617490 721683 406506 622852 256977 463564 234897 624078 759670 432149 825780 999999999 495086 299146 451636 672331 404900 417609 696124 548765 576587 789259 462238 627037 55664 882754 832520 358322 296732 602617 308033 881289 532232 610572 431950 400980 629799 875972 808125 537003 544154 898681 722155 666742 908306 656787 338177 615239 477295 679128 661584 454974 744896 213568 847195 619432 185948 70614 847499 168832 215822 946484 823722 418717 354857 604154 848039 766692 725598 808831 915100 544011 788950 170417 521282 346657 942533 216854 779716 670955 432533 314086 398294 954461 240297 568303
671130 792222 956239 192055 650482 578984 685866 380300 662762 628341 354241 828279 740091 623532 649838 265251 90461 679009 363219 637226 726189 878193 412599 679110 990512 495086 999999999 698732 627218 716115 169830 485995 604619 791957 106772 747810 525680 271943 549658 777697 720496 207737 552404 263781 594598 866987 827712 908913 140659 601874 249084 970295 461002 804979 289164 951302 253972 890644 864677 409651 783519 299256 812682 204496 854517 265057 486347 641449 840085 551260 336925 477282 547049 459976 709850 652763 582881 229746 811454 168481 621544 917943 940686 599170 668886 67098 825151 655116 160793 160711 742376 279820 738829 779179 776831 562623 507174 1128035 276807 886675
890297 442705 718568 536375 206708 818794 624408 543728 51311 877469 707961 628148 197434 742963 486832 862388 610136 474731 344060 292919 217881 353282 822858 215668 577030 299146 698732 999999999 285808 518466 662035 360352 621166 296120 749246 662063 378776 725110 264154 777231 739726 504525 187670 699185 150709 722596 252406 322206 587925 245112 740999 657625 862739 271527 618097 700073 872392 405876 762777 686246 107947 695691 185533 840060 418086 540990 758319 87017 689414 553412 367658 259282 866511 239244 287462 946703 810417 530117 144660 751488 821641 531143 462554 779502 889980 760383 615267 188467 657909 585099 885216 439839 654066 476574 141800 191362 323865 692459 506168 275907
619888 203446 463418 435731 81183 558333 338812 333243 238166 613238 499831 356078 474693 468265 201029 705400 555552 190539 293535 12356 489213 251970 606174 87520 391859 451636 627218 285808 999999999 236753 663214 148528 342741 167252 636823 376870 130276 546568 450375 491436 454907 421538 155276 523095 156840 445991 222758 294416 489409 51041 571620 425194 637003 188048 436610 447844 723293 264814 482108 459129 387545 506535 245832 704565 235937 388898 513838 325815 412020 282669 384577 382683 618430 291415 545483 685595 548355 405060 423805 613713 553292 325279 318055 511592 619903 694315 344395 436241 525197 575909 605057 457243 368681 219366 234961 138262 120637 528458 550214 286704
454463 142335 252832 533128 312016 422203 133317 342947 473027 463159 466004 128606 710727 305097 67033 705451 666767 49498 463657 227639 725823 326297 542622 304539 299382 672331 716115 518466 236753 999999999 799365 271721 189744 287159 689658 148482 222124 543337 678575 270031 247458 536022 384561 526996 392929 210608 371008 403063 577447 285376 575155 254222 555870 325388 452643 242978 729950 291034 245389 404207 614797 497324 429265 727247 234420 451146 417071 562568 176419 186346 566257 601793 501154 504616 781921 536865 409705 488915 649836 645201 398747 230068 308711 362854 455314 779979 120069 672604 575672 714846 412044 627074 142132 98938 437345 369017 278888 427671 721729 424393
824553 850585 1049301 274358 665833 730670 793883 490350 636314 783694 505749 920936 658073 759457 732433 433318 146762 756403 371272 674729 638987 903188 576812 695845 1048563 404900 169830 662035 663214 799365 999999999 540672 719689 816865 276346 856511 587384 431960 460248 903737 846265 264010 553311 419386 590249 972830 836249 919506 246848 627109 413032 1049052 626297 822099 423011 1041456 419560 926281 978105 553104 729467 451961 806072 369479 898838 369861 636629 590120 943101 656203 300360 410888 707264 429661 607075 813995 733052 322245 751817 337568 769994 977866 981006 743279 822458 177170 915646 574902 310123 87339 888736 224000 846998 846512 765318 567330 551304 1186810 164622 889192
535026 310805 524133 293999 200799 459505 317703 193389 309140 519051 362090 399857 518997 394065 208796 557957 420481 224102 191954 156431 525719 399138 473329 222140 509573 417609 485995 360352 148528 271721 540672 999999999 283406 315524 489411 372896 49611 401016 434745 465822 417199 285304 175596 376902 209680 471891 368570 442619 346217 143124 424845 511452 509083 336143 290360 513133 575289 405835 493998 330427 468299 362806 379920 556046 368527 240567 398366 365909 438473 208005 294750 347764 506395 249661 565201 587095 451643 259498 504966 465187 465693 438059 454779 423775 534483 552903 391779 459373 377029 454010 541843 355983 363233 306161 358789 169201 37435 647902 450855 432117
280206 329379 366958 445521 423486 234567 87002 229425 570733 280719 299666 248180 796087 126884 161857 541539 575713 194170 449289 339443 805148 506050 359890 428343 482339 696124 604619 621166 342741 189744 719689 283406 999999999 452095 555595 145145 248202 386688 716987 191709 137541 461606 450176 375768 475150 264574 532523 578305 477187 376594 419818 408870 368602 487969 318104 367237 568233 477157 260284 233170 726665 341377 577754 573717 421269 350107 229562 642349 240967 76700 548692 627611 311607 530739 847930 354812 222493 397527 763363 500955 217296 416365 498216 178027 280518 662440 250512 741095 448935 642959 264065 591193 136934 288350 574677 439500 311867 601926 679913 591853
730981 166048 433803 601299 152911 683552 417794 494125 268504 732664 656916 364466 491217 577845 290575 870262 717461 261414 445864 159152 513413 86709 758087 123092 282632 548765 791957 296120 167252 287159 816865 315524 452095 999999999 804027 433831 291280 709763 531784 556068 534213 584997 270639 686970 244574 461454 83948 132121 655363 191295 735940 364275 784396 38496 600851 413986 888903 118077 509093 610224 367269 668315 150048 871264 122007 556056 653728 369496 431436 410253 525584 487008 752840 411999 583446 806678 672206 571943 397601 780583 669390 235262 176921 629775 731485 858995 350685 481191 692419 730182 697375 601760 428349 210110 172327 254405 287494 406135 690671 139798
584953 781971 917991 214208 672438 495756 640667 346711 708667 540582 277376 792302 812682 555226 625729 159305 175365 657942 405469 645485 801441 888432 316689 699303 976945 576587 106772 749246 636823 689658 276346 489411 555595 804027 999999999 700720 521956 187166 629366 715618 659566 244748 586746 186991 630294 820162 849255 927664 161358 619373 158417 942400 362978 821684 239561 915297 150854 893761 811839 339941 841425 224034 843657 103700 852556 250155 406418 701038 795895 512683 404006 549311 454703 515770 792400 558363 501192 233274 871781 68421 541043 904195 939857 523399 582578 125968 790875 728379 115096 261195 662441 359988 692349 762892 811446 594295 516654 1112255 374135 910766
335972 277964 225840 582366 455454 328707 62641 369146 615022 355287 441909 122151 851061 205366 177816 682485 714641 187596 558166 369200 864494 464695 489810 450552 379636 789259 747810 662063 376870 148482 856511 372896 145145 433831 700720 999999999 327029 530564 802018 122253 111654 594706 514801 520458 529274 119555 517774 543785 617545 422263 563748 282156 489849 472263 462811 228992 709795 421788 123664 374782 760768 485639 577580 717343 365607 489206 354719 700252 96714 200309 660830 718904 414199 620500 916640 425322 315635 534786 796207 645905 293164 324355 426381 266533 337374 806594 130013 807490 593468 777056 276490 711832 9826 230777 585707 500743 391228 483473 803800 568911
511529 267101 474530 334547 198214 441608 273904 203568 327600 499370 369564 350332 548148 365474 159643 579162 463837 174526 241534 134780 556948 371421 476331 213986 465932 462238 525680 378776 130276 222124 587384 49611 248202 291280 521956 327029 999999999 418520 476473 424482 378093 329077 202109 395697 229521 423437 352729 421827 385143 142449 444720 462999 508266 316275 309675 463597 598263 372099 446948 329796 486110 377484 373907 582513 330958 271803 388958 394392 389854 176060 344236 391928 495478 293524 600726 569659 432712 296760 522965 492682 442883 393816 418097 400743 511205 592202 342188 493290 407859 501102 510725 405490 317478 259204 358274 192109 65171 604043 500329 416688
400020 654686 753565 231293 600736 309314 473591 216512 677826 356663 92106 632076 831335 370705 484919 163707 294539 519963 396882 552503 826518 788484 147061 623106 840547 627037 271943 725110 546568 543337 431960 401016 386688 709763 187166 530564 418520 999999999 672530 533407 478505 270054 542709 26007 585453 648630 768873 840204 211562 543439 33191 788871 197715 734282 110849 753210 186830 782731 635314 158120 827933 46103 779609 187058 735125 185373 219254 697206 627118 357945 441119 580946 275728 517967 835099 382167 314336 209916 862120 121839 354023 768958 821844 336467 397721 310794 632569 751990 124966 386600 475431 428655 522931 627799 755073 544882 435645 971005 478965 832652
947225 647152 913788 444880 396577 860765 750364 556628 269170 922366 689892 803678 197899 819368 627205 772401 460644 629391 290912 461823 179236 602887 801963 420308 812412 55664 549658 264154 450375 678575 460248 434745 716987 531784 629366 802018 476473 672530 999999999 900329 851884 405960 295636 647687 298963 888878 507331 582877 481967 399336 676858 870659 849672 516481 585567 898047 773735 648866 918684 693507 290511 658418 447388 731431 648325 496504 780273 177137 854676 640612 232593 94816 884542 186551 164104 981529 855883 463016 304453 654846 878414 756390 707508 838409 946187 599308 792692 116338 570190 402234 968756 270531 792657 669031 402718 312264 411464 937763 295708 538486
247426 399299 285104 631183 571489 271408 153502 415060 729020 278286 441323 223772 962710 164983 290409 669818 757991 305904 639821 484738 974646 585667 459936 568644 480905 882754 777697 777231 491436 270031 903737 465822 191709 556068 715618 122253 424482 533407 900329 999999999 57512 649974 621158 529073 639622 163771 640014 665156 658144 534229 565916 365600 447487 594490 488647 296380 698589 540907 122543 376114 877977 492235 699288 714508 485298 534364 327707 810326 167151 266750 739983 813325 355944 715432 1023234 339543 259318 583228 913800 654370 225712 433575 541232 215266 249420 830945 235333 914731 617851 829785 168730 782805 127928 352096 706329 608286 489650 568140 871017 691014
225871 384988 313976 573861 535834 231364 118001 357894 690565 248982 386563 230462 921618 115036 255569 618203 700486 276358 586820 449229 932420 571590 411797 535492 489720 832520 720496 739726 454907 247458 846265 417199 137541 534213 659566 111654 378093 478505 851884 57512 999999999 593002 577645 473371 598610 193133 617860 649616 600633 495095 511220 384684 403301 572242 431382 322098 646732 531088 163358 320703 842452 436670 673091 661032 474553 476981 277584 768450 186477 213842 686134 763579 317420 666161 978623 316554 218612 525930 878674 598993 189976 435879 537656 171346 227425 774136 239813 870724 560835 772520 166054 727383 113007 338203 676884 565562 443018 587753 814960 671851
607659 595683 785340 39068 442752 513690 532226 235396 464486 572681 305932 656943 576941 517139 469011 370478 135194 494025 161151 431955 568577 671441 408769 471381 794574 358322 207737 504525 421538 536022 264010 285304 461606 584997 244748 594706 329077 270054 405960 649974 593002 999999999 346913 246526 389823 709903 620028 701177 83615 394432 271484 787187 458800 597360 202554 777669 375506 686004 717247 331663 597273 263891 606666 338521 652321 122307 421785 457743 679744 394698 173368 317581 513496 272227 569779 618460 512920 73261 628209 254075 545213 722720 737502 512264 605958 274479 651736 494277 165000 182364 657097 161784 585087 587626 572062 356242 302690 932833 230531 679257
710130 356155 618485 372914 118108 635050 468098 356097 137495 694646 521077 508387 346045 566772 337372 686618 469569 335871 189950 167037 355153 354648 635663 147586 535053 296732 552404 187670 155276 384561 553311 175596 450176 270639 586746 514801 202109 542709 295636 621158 577645 346913 999999999 517004 43752 595169 282983 366209 427061 104370 560762 579281 675145 270495 433928 603074 699030 386662 627478 498598 295070 511089 260301 670671 372340 361412 571623 192294 560977 377902 256554 228527 679918 142800 402299 762526 627238 357810 331381 580165 640908 472784 444660 598902 709640 617858 497240 293581 486562 468190 712766 333511 505829 374599 225208 17519 140931 667926 420526 337632
407569 635433 741956 208042 576186 315204 462306 195099 651973 365350 91329 619125 805578 368236 467339 184161 279011 502008 371057 529258 800905 766323 165576 598855 823012 602617 263781 699185 523095 526996 419386 376902 375768 686970 186991 520458 395697 26007 647687 529073 473371 246526 517004 999999999 559817 639202 745123 817057 191854 519004 49515 774539 216360 710983 86565 740943 205511 761685 627906 153057 801943 37052 754923 200513 714740 159373 222899 671218 616696 342713 416669 555820 288223 492148 810026 395189 319234 184781 836118 126062 358197 751127 801672 337833 405356 307295 619124 726394 109562 370089 479354 406197 512550 609667 730012 519319 411195 954448 459223 808833
740748 348259 617401 416349 98252 668239 486121 395531 99462 727119 561757 512800 323164 594840 351546 730183 510897 345622 231527 167153 335352 325567 675884 124428 517862 308033 594598 150709 156840 392929 590249 209680 475150 244574 630294 529274 229521 585453 298963 639622 598610 389823 43752 559817 999999999 602715 247137 330355 470388 107633 603908 571713 714491 239464 476265 600978 742715 362349 637935 537078 258651 553187 218797 714423 353776 404803 607853 171012 568693 405236 291143 243509 715982 169157 388998 796096 659969 401562 295362 623912 671867 458916 421018 629747 740371 659742 500988 279676 530314 506049 738954 368385 520649 371767 182323 41493 173165 647844 452432 298998
410664 295447 121815 699223 518086 424486 181124 487650 679219 439201 559058 97033 917391 305555 264477 798174 832136 259527 661982 436216 933628 470492 599597 506952 327724 881289 866987 722596 445991 210608 972830 471891 264574 461454 820162 119555 423437 648630 888878 163771 193133 709903 595169 639202 602715 999999999 542799 550885 735760 495413 681819 204153 594718 499234 582366 132635 825882 417937 53790 491826 814088 604052 611174 835025 366828 607177 464149 771324 34207 317493 765154 810679 510553 712904 991457 502765 411706 651944 847862 764874 382500 291459 405816 364051 412582 926049 110779 882231 713008 892176 331269 820294 128262 252365 627445 579597 484573 405294 913520 584637
812219 247671 507749 640569 177486 762019 501134 555993 238174 812487 722141 446043 438091 658871 371843 926510 748463 343969 470332 218065 462742 102505 826891 149953 332394 532232 827712 252406 222758 371008 836249 368570 532523 83948 849255 517774 352729 768873 507331 640014 617860 620028 282983 745123 247137 542799 999999999 83294 695218 230133 793324 431298 855651 45627 658564 487325 943531 159622 591307 679238 304710 729212 76639 922570 187628 605813 727839 334792 513458 486729 538125 476831 829034 415061 536629 886333 750950 615981 331454 831314 749663 298095 212938 709546 812651 894219 432218 440851 740652 751148 780572 615351 512294 292880 112672 269518 336065 440937 699280 63961
854739 265878 497804 720675 258512 811582 536222 625211 314976 858909 788817 456686 496245 702495 416516 999743 830543 384797 553013 287815 522672 80492 890195 229842 295134 610572 908913 322206 294416 403063 919506 442619 578305 132121 927664 543785 421827 840204 582877 665156 649616 701177 366209 817057 330355 550885 83294 999999999 775230 308556 865779 411565 916223 106484 730692 476661 1017705 135772 602242 742336 356429 799286 136714 998454 184075 682076 784794 407572 524621 540546 621400 557251 882697 497912 598778 933028 799956 694542 377675 907402 795089 278575 172414 756332 855394 975586 443002 508760 817764 834323 814947 698629 539581 313088 180672 352575 411989 385314 782284 50347
583772 651570 820562 54685 517758 489288 555051 248455 547369 544957 268063 692177 658007 512629 510844 290657 100172 539311 244117 499052 648620 741133 357383 545602 849860 431950 140659 587925 489409 577447 246848 346217 477187 655363 161358 617545 385143 211562 481967 658144 600633 83615 427061 191854 470388 735760 695218 775230 999999999 466882 205253 831375 408181 670206 177083 814796 293804 751655 737156 308782 680868 217934 685599 255400 714560 128721 395212 541157 707593 418386 250807 396562 475710 355651 646066 582563 490610 89231 711708 173255 526313 777302 800985 497900 581812 207064 688440 574652 91418 182999 643652 222153 608281 638727 652190 435404 368890 987420 267489 755612
649311 252643 514459 412423 57710 582749 380856 336054 195490 639571 504657 406437 428965 499824 244833 698481 526283 237992 255851 62671 442276 278000 614681 80577 436721 400980 601874 245112 51041 285376 627109 143124 376594 191295 619373 422263 142449 543439 399336 534229 495095 394432 104370 519004 107633 495413 230133 308556 466882 999999999 566399 475287 648634 203347 432618 498862 714679 299459 530304 469759 350071 505813 236797 692721 277004 375984 531351 278178 461341 311092 341658 332323 637919 242485 496606 710696 573468 386137 386779 601420 581488 372000 355280 539441 649151 668800 394911 387274 510531 540111 640489 416033 413763 270238 217058 87260 107810 571951 507663 292558
426642 684779 786662 232417 623361 337423 506700 244601 694566 382501 124658 664966 840621 402784 516100 134713 280323 550931 407510 577965 834694 815579 163916 646485 871794 629799 249084 740999 571620 575155 413032 424845 419818 735940 158417 563748 444720 33191 676858 565916 511220 271484 560762 49515 603908 681819 793324 865779 205253 566399 999999999 821449 213283 759604 135107 786224 156111 811183 668370 191102 842511 78751 801777 154010 764248 200038 249127 709676 660295 390156 444457 586682 298419 528215 840251 403733 343074 217611 876192 91256 383091 800028 851168 367086 424282 283563 665357 760113 114520 373180 504422 426217 556106 658672 776039 563798 458643 1002765 470546 856946
609138 223573 98445 786202 474695 610606 324217 595992 623986 633606 706012 162112 854344 487448 320540 948013 919414 293223 699216 413041 875504 337446 767130 453362 135493 875972 970295 657625 425194 254222 1049052 511452 408870 364275 942400 282156 462999 788871 870659 365600 384684 787187 579281 774539 571713 204153 431298 411565 831375 475287 821449 999999999 770520 395768 703971 78669 973851 277688 255234 640720 731185 742809 507260 974978 244410 705361 633491 724061 199443 432027 798755 807605 696283 716315 942989 700677 597545 742619 760566 895624 573286 134006 243151 548508 610871 1034197 158408 837433 828995 963399 534204 865465 285989 208740 535715 561894 509003 203200 960362 455133
244158 689673 712830 421433 705693 177713 447746 319069 812571 197960 160289 608467 992903 289190 513692 251452 491887 549594 562529 639477 991677 852365 50800 722225 850929 808125 461002 862739 637003 555870 626297 509083 368602 784396 362978 489849 508266 197715 849672 447487 403301 458800 675145 216360 714491 594718 855651 916223 408181 648634 213283 770520 999999999 815263 264148 718064 280337 832968 566181 178897 969586 194914 882114 313242 779259 353314 139063 849382 582466 380204 623296 755711 103792 681301 1008823 197674 188946 391026 1005449 295040 226414 784642 860804 232585 241527 488486 613254 918073 322637 584208 336489 620166 485097 652544 865666 673015 546492 968285 675583 919019
767391 203796 468499 615767 156616 718333 455571 519832 249128 768235 684545 402309 463717 614109 326914 893446 728096 298602 452714 181784 486960 87142 787648 126885 305720 537003 804979 271527 188048 325388 822099 336143 487969 38496 821684 472263 316275 734282 516481 594490 572242 597360 270495 710983 239464 499234 45627 106484 670206 203347 759604 395768 815263 999999999 624551 448396 911286 134533 547189 639813 335729 693715 113511 891980 151461 575656 686080 349121 469456 443791 527036 477884 786365 408581 558727 842160 707143 588713 364802 800943 705215 264348 192123 665299 767852 871829 388508 458927 711448 736045 735054 603907 466735 248339 140215 255398 305621 422802 690674 104634
408866 554393 678486 169179 489891 314355 402011 112348 570011 371898 105371 552771 733543 337420 390427 269498 276381 424058 300061 442877 730747 680756 216624 512368 745041 544154 289164 618097 436610 452643 423011 290360 318104 600851 239561 462811 309675 110849 585567 488647 431382 202554 433928 86565 476265 582366 658564 730692 177083 432618 135107 703971 264148 624551 999999999 675739 289198 677501 577008 132404 722248 77722 668763 277886 631596 89193 220987 594705 557231 273210 359937 491754 311080 420264 745277 415917 314859 130529 757000 192744 349720 672675 718790 320817 407012 344716 551474 656646 130908 359101 466576 363612 454203 530930 644424 435407 324815 878345 430627 722269
542897 257532 21292 772802 506935 552158 280303 572121 662660 570272 666902 123215 897506 430596 309418 908683 906742 289104 704501 436265 917082 399431 718800 488955 213144 898681 951302 700073 447844 242978 1041456 513133 367237 413986 915297 228992 463597 753210 898047 296380 322098 777669 603074 740943 600978 132635 487325 476661 814796 498862 786224 78669 718064 448396 675739 999999999 935464 341022 180543 600298 780384 707533 561651 940234 300136 686772 583680 760828 136236 402752 806331 829018 638302 734547 981551 634935 539206 727386 811426 864639 512066 198959 313524 490706 544774 1013447 126378 874132 803978 957400 463730 869087 234786 229225 586243 586106 516421 273625 963906 517511
