NAME : synthetic_000828
TYPE : CTSP-D
DIMENSION : 100
GROUPS : 8
RELAXATION_LEVEL : 1
EDGE_WEIGHT_TYPE : EXPLICIT
EDGE_WEIGHT_FORMAT : FULL_MATRIX
EDGE_WEIGHT_SECTION
999999999 87534 842811 607022 763144 238531 952524 718489 605735 624767 312968 755355 382533 245821 266466 440902 752768 260818 983853 643065 819483 509801 373510 264035 161530 259694 857471 384021 443808 928086 1077506 821737 445053 415801 730962 665195 491067 950564 308581 527533 411586 436223 399215 806690 706320 848141 777616 868043 475620 842848 221437 597364 608695 352874 447037 537313 729445 305732 1047330 492779 784968 191366 629177 288539 711790 484795 549894 840390 961920 69124 868056 655814 431463 734473 458298 471818 1027779 421059 787933 841173 197072 624690 350180 326567 423225 497169 434159 762544 415790 299707 581348 398385 591063 760739 659850 932529 369969 866825 547036 539319
87534 999999999 755722 520376 679242 177698 896297 636270 531737 603621 274677 673169 299095 260166 228455 353373 674628 177800 898023 561941 765721 437700 314542 176755 163688 250729 778026 404491 374307 857739 1016828 761773 409088 370163 657520 625585 404247 879533 234960 522013 416963 357520 315549 736154 631073 761694 711521 781459 406802 780376 165964 524400 540391 346262 359589 453364 643076 224759 979575 488457 699604 130845 584397 258672 633697 399426 471553 762973 874528 124061 792678 580387 344119 688494 479265 477423 960669 351200 702558 790870 167974 597844 267989 314088 432763 432994 357605 681512 355417 311600 521009 392199 506075 673370 629767 865511 293295 794046 490703 457377
842811 755722 999999999 286203 162466 653912 658902 219658 495708 826297 749094 206779 470847 852877 750221 405337 287999 587339 293924 277876 625519 533837 589077 578988 833584 787588 267822 936946 573232 457052 677328 556358 691602 642221 365049 705048 377012 456848 609821 880807 884842 506131 489730 413909 341275 206589 468970 45611 569778 533054 675650 399530 444499 879009 404360 325625 225134 550173 560831 872165 254476 710354 654482 722990 296202 364420 368563 305643 179782 868424 350519 350754 421720 672441 981094 913639 558355 509869 253888 671168 775091 786977 538008 785149 908996 511225 462372 374978 564753 865019 522871 828115 267417 147526 776794 508682 510754 394594 558804 341942
607022 520376 286203 999999999 314621 471150 788298 321406 236090 788956 466222 344116 295733 682172 471661 181399 408578 379971 379383 305494 707919 251735 465443 351645 567215 625861 461036 796890 287089 631051 850626 655902 603744 543406 457440 706008 116283 641064 335819 798477 762534 221551 217771 539639 421044 241449 567132 326795 285035 647817 490302 399091 451582 594431 167027 234696 123250 360326 755587 779343 186025 447759 648895 572030 385380 217752 322964 477863 359813 618741 525382 393474 179488 708458 856329 806389 746012 398886 188794 751944 504920 756988 268975 646233 786506 450414 343600 222147 461382 709536 509935 709532 212225 161738 762185 670237 358312 556554 525668 270327
763144 679242 162466 314621 999999999 549805 511859 61167 549976 668053 730935 45161 380613 733859 721885 356367 127889 502339 453235 134454 466529 560407 461912 507905 783763 666649 146761 802943 582249 326604 549989 399504 547008 502957 203341 543647 360235 332902 580334 730420 745736 504598 466944 260369 178818 347289 310243 150305 587935 379392 571596 246613 287148 863522 364482 225906 316871 458293 445705 724550 370587 660976 494126 599895 133844 281615 235198 169305 342149 799660 217664 191740 381807 510004 840946 769278 438295 383990 371101 512405 732306 628116 507173 654727 769442 367075 345349 478305 431401 738873 366223 689107 175187 250334 616238 372463 403487 255566 404970 226834
238531 177698 653912 471150 549805 999999999 718960 499029 561061 448208 407885 535243 185559 211029 367579 289810 522560 100622 845416 421309 588044 481177 137123 150051 337367 157536 629044 333396 432821 689981 840994 585474 242976 196430 494904 452591 361751 712677 303238 391820 314786 383092 318703 568756 472175 705102 539136 671642 464006 605347 21880 361528 370353 506124 305972 330486 591557 111126 808799 362360 657110 260444 408841 119172 481839 290720 322710 608438 797203 296042 633365 422221 296967 512084 400206 369424 789261 184240 659851 613320 324467 436128 290646 194799 336551 258789 206444 670655 178630 241224 344595 271899 388291 601924 464266 694008 146372 629931 313123 323123
952524 896297 658902 788298 511859 718960 999999999 477647 1016895 459583 1074869 468666 662545 785415 1046903 730631 389058 746907 950899 483289 135499 996192 581853 785983 1050852 729115 393864 759827 992099 215954 140005 141443 526912 539854 330894 329951 778997 228582 927691 590683 686571 911674 850210 253145 367267 857863 222619 627265 1009657 140770 733084 418294 378491 1196584 750115 580211 823275 701033 201971 610446 881296 951119 339883 675561 404473 631752 499748 353434 825627 1014128 310766 399542 761686 243153 750560 667332 182414 555571 881978 131353 1024452 425817 867775 674810 700765 467130 573126 983084 540944 755044 376314 648019 580016 761453 386330 160759 627295 265173 406020 548088
718489 636270 219658 321406 61167 499029 477647 999999999 556979 607853 707837 36899 337344 677862 695217 330349 89119 458520 505429 78117 420085 556731 405008 468960 748912 610391 153366 743544 571511 309676 529799 356566 486280 443107 154702 485423 346860 320340 555292 669253 685557 491698 447046 224621 125096 391764 265906 211034 580513 340545 520651 185460 226449 840072 341734 185698 345715 412759 435134 663471 405468 627526 434929 543345 79935 245365 179239 159236 399220 758304 205345 131498 358277 455595 780550 708435 424883 328098 406356 465996 700385 568138 483155 596281 709178 306719 292938 505517 373082 681170 305439 629000 144733 287086 557208 349611 353465 235160 343854 179171
605735 531737 495708 236090 549976 561061 1016895 556979 999999999 956990 354710 580206 434056 757522 382558 318135 643239 460531 457412 534272 927463 97247 608396 412433 506407 715918 696652 892181 165633 866626 1085047 880983 754732 693416 687459 897195 248869 877008 297520 938486 875329 179810 242566 771941 650652 360392 794412 540323 137589 876130 574175 611959 661973 456404 295614 442703 274299 466108 991602 913290 280010 415810 840376 678316 617821 403195 530439 713942 502917 590562 761401 617943 292969 913484 960918 928018 981823 561280 282483 969838 441515 930657 274562 754993 897461 633421 511709 190050 618802 797469 708171 829343 436900 349638 943354 904679 499200 791930 713906 477705
624767 603621 826297 788956 668053 448208 459583 607853 956990 999999999 855989 628207 522998 397004 814914 640721 560032 529724 1098347 551477 339772 895261 352317 582474 766351 365428 644934 321666 860026 572779 599163 394451 208946 267279 485553 145102 715225 597232 743916 136229 252618 794963 724971 493080 496162 968256 427493 818311 888268 431711 449257 428276 381806 948191 663036 559915 881935 504528 637789 163518 952081 707473 178346 345029 537542 572064 479954 602618 1004264 693754 592486 476403 664194 225568 296512 216912 615400 396912 954077 328645 766641 41594 713979 298623 259540 339519 449579 1011045 338188 350662 303671 235701 602127 854087 73863 540203 458479 558341 271915 526820
312968 274677 749094 466222 730935 407885 1074869 707837 354710 855989 999999999 741985 413084 534816 46877 377516 773136 338850 797788 649549 955515 261766 523726 292278 168912 521529 861115 679098 196758 987046 1178045 933892 650274 599409 783224 851328 375955 1004819 153318 788969 689853 244896 264666 870472 749537 679928 865136 786435 218577 943548 407273 663337 697203 132587 366873 529997 568709 379094 1115535 756562 603256 150234 802178 516343 735633 469160 588519 860229 815472 271120 900144 702069 349892 899607 753914 749931 1099887 524173 606159 988584 116055 843646 224684 581290 706544 614074 501744 539987 555926 586180 705620 660851 563104 626097 870398 1008529 450015 914925 688351 551541
755355 673169 206779 344116 45161 535243 468666 36899 580206 628207 741985 999999999 374235 712088 730178 364762 82776 495418 498320 113946 421379 584496 438923 505670 785287 644506 120925 774782 601886 289214 511725 354563 515101 473957 158413 501462 377681 297585 589797 694934 715556 522688 480100 216338 135298 391861 265138 191141 609726 335013 556817 212809 249330 874369 375352 222265 356780 449623 411737 690467 412766 663677 452972 577333 91185 281568 214328 133833 386121 795184 181710 153636 392138 465803 810019 736632 402900 362743 413399 467261 736330 587905 517342 628730 738984 336908 328961 517928 405936 714229 328347 659182 179295 292796 574759 332756 389918 216310 368753 216037
382533 299095 470847 295733 380613 185559 662545 337344 434056 522998 413084 374235 999999999 393482 388169 121873 381311 121730 662962 264179 546886 375391 176557 135661 418454 333353 481739 501660 349421 581288 765384 521292 321903 260371 376678 473173 198642 600861 265352 511185 467126 276681 207108 461854 345656 522624 452402 491292 374135 530466 206803 251176 284298 538314 143075 154815 411926 79553 708244 489184 479626 302409 418091 276786 340936 106427 181833 470355 611660 420993 504233 295880 141856 504476 560614 512550 691445 130068 482240 582773 377249 497491 210304 350514 491002 213322 91152 508372 184867 416251 300951 414848 209727 417254 512477 598468 66070 512094 293691 159080
245821 260166 852877 682172 733859 211029 785415 677862 757522 397004 534816 712088 393482 999999999 488462 500810 682726 306264 1055777 600189 650000 670689 273293 347651 404110 67736 789627 144355 614203 810764 920418 670704 258999 261412 637582 468051 572046 835336 475104 285981 166141 577712 518921 695623 623591 915411 650188 866294 646702 699192 192187 512883 502531 595516 516653 527289 802459 322045 915617 251003 868139 389105 446104 135059 644214 495447 498903 761287 1003460 313434 776662 577975 507028 548524 219101 226089 894165 349929 870880 661661 425374 405345 482970 110688 177481 388620 391570 878985 309038 53888 448055 161716 585465 810711 444521 801673 343214 762830 404212 512944
266466 228455 750221 471661 721885 367579 1046903 695217 382558 814914 46877 730178 388169 488462 999999999 365813 756708 304599 815909 633600 925270 286826 487686 261180 127959 476497 847932 632681 219109 966933 1153314 906468 610505 561176 762443 814789 373779 985459 142096 745023 644430 253719 260915 848898 729647 693744 840384 785895 244984 917637 365680 639338 670735 150178 357720 513922 579824 347322 1094850 712343 618918 107452 766762 473481 718300 452817 567019 844686 826378 226858 883173 681212 340234 865644 707534 704641 1078599 493242 621865 957141 70154 803705 215476 537047 660830 583085 474618 563457 521471 540054 674892 616428 550883 633043 831408 986238 419971 895825 655486 533048
440902 353373 405337 181399 356367 289810 730631 330349 318135 640721 377516 364762 121873 500810 365813 999999999 397616 199691 558315 274131 626957 271597 298205 177790 432076 445177 483599 617661 261474 616545 818957 590054 442756 381239 416486 579783 76781 632713 225035 633022 586802 181213 121687 504730 380887 418599 510714 434721 279883 592340 308903 312905 357924 509726 22522 156515 302853 179220 745543 611021 367419 308393 523223 393312 361637 99227 230899 483581 522650 463222 524802 337248 31109 600709 679120 633576 731350 243937 370181 666712 377470 613238 152870 468673 610439 315892 193574 387422 303213 528995 394393 535468 185632 322176 625254 643300 187780 542823 396765 184135
752768 674628 287999 408578 127889 522560 389058 89119 643239 560032 773136 82776 381311 682726 756708 397616 999999999 498099 580641 123644 338664 638216 411157 516706 799461 615073 107312 731761 648459 224605 442054 271905 466368 432387 78186 427969 424307 237738 619823 636540 668660 567708 517891 135914 65362 474335 182362 268217 659638 253321 543335 170014 192415 904252 411848 243162 434254 450112 352299 635235 492703 681119 382508 547883 40980 304144 203105 89058 466344 798395 127193 104815 427303 386769 760949 684275 340490 341004 493473 384528 755367 519029 549604 591483 691333 296200 318715 594433 373706 678974 268447 613276 216960 373357 502780 261659 382802 149554 312245 224842
260818 177800 587339 379971 502339 100622 746907 458520 460531 529724 338850 495418 121730 306264 304599 199691 498099 999999999 757984 384193 622350 381898 185579 53045 308921 257269 600685 433560 336311 688251 859507 607998 320829 265142 485419 513008 267026 709148 214213 486315 414943 283074 218098 567088 457143 618284 548804 610100 366758 622387 115428 354018 376745 452034 212999 276496 502298 48708 812738 458386 565694 204417 463346 218271 457276 225073 295442 586793 718879 300709 618077 406530 201912 561177 500817 468656 794740 191345 568511 653121 277572 512595 191897 294692 436945 280305 184803 572753 217150 340421 372030 370451 330637 519930 536179 700219 122426 622035 350964 279578
983853 898023 293924 379383 453235 845416 950899 505429 457412 1098347 797788 498320 662962 1055777 815909 558315 580641 757984 999999999 548602 918991 538819 817330 731027 927054 996298 557405 1161746 601112 744090 959038 850229 940880 885018 656517 986578 495378 740891 695166 1135934 1119702 565914 586550 707812 630127 140371 762431 323704 582245 826885 865463 671273 720835 910611 545819 552713 256172 734363 837080 1122289 199799 814470 933381 938027 584744 566489 621364 597589 132518 990242 640660 632075 558821 961007 1215604 1157068 837746 741875 196810 964732 862124 1060877 637355 1008805 1144044 766650 687831 269026 802874 1078929 796189 1064300 501612 250171 1055206 797397 719265 685800 826610 580524
643065 561941 277876 305494 134454 421309 483289 78117 534272 551477 649549 113946 264179 600189 633600 274131 123644 384193 548602 999999999 405210 521063 327706 398088 680011 532813 217951 668858 527489 344084 554308 350587 415628 369501 153196 438634 304752 359222 496246 603062 612597 446439 394804 238899 116381 424057 261650 277876 540144 342609 442874 123208 172306 780797 288845 119713 357358 337555 472890 595126 423340 560233 384855 465887 88111 180800 101312 211087 453449 684741 250808 90893 304023 421220 708198 638083 459684 250289 424734 450136 634055 513162 425964 520290 636452 235003 215019 510258 296970 604470 248090 555878 98232 312174 506604 375163 276181 269624 281595 105139
819483 765721 625519 707919 466529 588044 135499 420085 927463 339772 955515 421379 546886 650000 925270 626957 338664 622350 918991 405210 999999999 897231 451327 664179 922502 593642 380215 628156 886708 249111 271923 73836 391418 405364 265392 201160 682651 271243 811791 465184 554915 807713 743118 215761 296970 811561 156566 601462 906709 108525 601304 316216 269034 1074042 647726 484920 760105 578004 298104 482296 823358 826708 205029 540549 340688 530238 398643 335211 801718 882015 305444 315024 657537 114885 623130 539332 275754 432035 824451 45938 899058 302585 755804 539433 570168 342271 455959 915290 411430 620211 250437 514483 495749 706579 265994 206883 505611 261332 275186 450409
509801 437700 533837 251735 560407 481177 996192 556731 97247 895261 261766 584496 375391 670689 286826 271597 638216 381898 538819 521063 897231 999999999 543292 331139 409542 632821 704538 808211 68492 862742 1075309 857018 689110 628679 672536 847398 217465 875618 202756 866419 795845 100537 170317 759660 635786 428630 774149 576238 43515 856278 492422 581550 628442 372156 250070 415981 326632 394422 990381 839533 349356 319249 791533 599954 608143 366998 498984 715949 568841 493398 761769 597553 242130 871919 878538 850416 978657 505356 352133 937651 344494 871707 190575 675975 817259 584450 460381 278223 558878 712818 665607 752340 423072 394848 887784 896159 437596 787706 665595 448601
373510 314542 589077 465443 461912 137123 581853 405008 608396 352317 523726 438923 176557 273293 487686 298205 411157 185579 817330 327706 451327 543292 999999999 236081 471865 205630 518413 348610 508022 560021 704326 448656 146380 85408 372268 327619 374839 583432 397286 334992 302383 442866 372980 439963 354366 678512 405571 598587 536005 469340 152199 242497 241155 632284 319614 268016 574907 153415 675791 314184 644486 383575 279145 138411 371953 252552 226733 492466 749548 432883 512117 306912 317999 379639 398439 341876 655781 79243 646919 477716 452862 331107 362189 196118 326733 125934 129892 682653 42494 277389 207926 247101 324384 567356 352102 560683 110490 503896 176188 247250
264035 176755 578988 351645 507905 150051 785983 468960 412433 582474 292278 505670 135661 347651 261180 177790 516706 53045 731027 398088 664179 331139 236081 999999999 282824 303489 616025 479804 283805 715800 894620 645863 373536 317197 511454 562465 235887 735755 161738 538863 464727 233525 171476 595654 481021 592596 582263 605151 314551 658120 161847 383333 411231 410606 186315 283531 474880 86827 842059 510585 535422 168038 511704 269013 476458 226340 317292 605764 700344 292534 639894 430999 172333 607699 548632 519425 824807 232241 538309 696548 242878 564832 140594 344847 486270 322153 215413 533651 265053 385391 413889 421635 333153 499602 587734 731115 158806 647308 396126 293100
161530 163688 833584 567215 783763 337367 1050852 748912 506407 766351 168912 785287 418454 404110 127959 432076 799461 308921 927054 680011 922502 409542 471865 282824 999999999 407785 897889 544702 341076 996534 1167062 913820 572718 532503 792870 788461 458994 1017048 232869 679478 568143 361202 349539 875636 763241 799506 857429 865527 369175 929890 328008 662574 685313 191694 429956 563297 682635 357336 1121544 645245 727935 123696 746070 421825 759270 503780 599773 888515 926647 105922 922644 712962 412381 849446 619248 628742 1103635 497776 730917 949580 65541 761348 298668 473257 581341 584187 493270 682343 511083 457799 674538 549370 608773 728468 793449 1009140 431334 929177 647470 575367
259694 250729 787588 625861 666649 157536 729115 610391 715918 365428 521529 644506 333353 67736 476497 445177 615073 257269 996298 532813 593642 632821 205630 303489 407785 999999999 722023 176420 580135 746227 862348 610458 202789 197145 570628 419222 518451 770649 444032 271884 169129 536739 474435 630098 556160 855971 586209 800141 612173 637787 142060 445287 435821 595935 462282 462279 744612 266048 853160 237965 811359 372025 392002 67324 576504 432936 431568 693962 940497 328799 709930 510346 453957 496238 245736 228619 831919 282659 814045 608077 418656 367512 442745 66887 187781 321428 325537 828062 241368 83895 383484 141782 520318 749643 404403 738749 279741 696918 340493 446805
857471 778026 267822 461036 146761 629044 393864 153366 696652 644934 861115 120925 481739 789627 847932 483599 107312 600685 557405 217951 380215 704538 518413 616025 897889 722023 999999999 835249 722789 189496 411573 306991 568453 537375 163309 506114 498601 191282 708427 731353 770668 643608 600308 165396 167357 472065 230787 233718 730379 277660 649964 276744 294260 993277 495094 335563 458839 553268 301189 732499 507128 777687 466698 654896 147408 396299 307731 45198 431854 901386 83255 211704 511641 451784 861560 783236 295543 448158 507269 423841 851184 603403 636446 697111 792900 402183 424149 619813 480699 784900 366424 715928 298052 387694 582478 240904 487829 128762 411669 322963
384021 404491 936946 796890 802943 333396 759827 743544 892181 321666 679098 774782 501660 144355 632681 617661 731761 433560 1161746 668858 628156 808211 348610 479804 544702 176420 835249 999999999 754001 823522 899160 663854 267743 300894 674691 430104 692187 848677 616133 188582 73271 712820 650851 717762 668235 1021888 662995 944469 786283 696921 318474 564343 541000 736395 635685 616401 913365 439587 914424 158198 981286 533356 425957 224900 696729 595339 570453 801262 1097971 449103 808274 628510 628241 516679 74936 109733 892188 427464 983899 629780 568996 343453 618583 153225 62145 438178 477888 1002794 372825 95758 472446 120629 672993 912820 385070 804909 442596 786714 426377 595608
443808 374307 573232 287089 582249 432821 992099 571511 165633 860026 196758 601886 349421 614203 219109 261474 648459 336311 601112 527489 886708 68492 508022 283805 341076 580135 722789 754001 999999999 871522 1078685 851438 651887 592756 675331 822107 224705 886037 140332 822609 745783 81185 143974 763395 639102 485450 771982 613768 32666 853720 442078 574177 617987 314245 242444 415151 377634 355604 1000183 794372 407697 252641 767397 551982 615553 360524 492354 730103 623266 425462 774342 597417 230414 852931 825585 801834 987173 478701 410566 925400 276002 838878 146139 626899 766471 562367 438560 344542 527939 658287 647643 704703 431500 440618 857616 901441 407288 796862 643038 445001
928086 857739 457052 631051 326604 689981 215954 309676 866626 572779 987046 289214 581288 810764 966933 616545 224605 688251 744090 344084 249111 862742 560021 715800 996534 746227 189496 823522 871522 999999999 223511 180938 560771 549415 204678 427757 648087 25183 834191 684558 752596 790508 737963 121588 237514 661538 161331 421321 883578 143188 708434 334275 319763 1116285 632330 460098 643370 639586 128998 694677 694720 883521 407309 682875 255983 519582 400146 157404 615979 981298 109210 285811 646981 351640 833495 750314 115917 507320 694993 283462 958404 532429 766245 705989 771750 434087 503464 804804 517830 793500 362787 703493 440544 574685 501391 55297 566487 75052 406727 435758
1077506 1016828 677328 850626 549989 840994 140005 529799 1085047 599163 1178045 511725 765384 920418 1153314 818957 442054 859507 959038 554308 271923 1075309 704326 894620 1167062 862348 411573 899160 1078685 223511 999999999 255772 661427 669729 403453 469653 858465 220598 1027544 730669 825889 997526 940450 315730 439928 883062 312982 639426 1093208 237184 856498 514724 483443 1303491 836678 663572 866826 812132 127317 750399 918051 1061956 476867 806418 468025 719952 591675 380901 828536 1137034 332714 481710 849971 382701 890561 807305 121938 669288 918289 271342 1136282 565760 963476 810128 840395 584003 679303 1028264 662394 891852 496436 786340 652469 798104 526107 180404 737694 295465 531094 634907
821737 761773 556358 655902 399504 585474 141443 356566 880983 394451 933892 354563 521292 670704 906468 590054 271905 607998 850229 350587 73836 857018 448656 645863 913820 610458 306991 663854 851438 180938 255772 999999999 412551 415674 202933 250342 640295 204477 786337 512151 591247 771225 709193 143671 237239 746216 90791 530741 869495 37774 600791 277307 237105 1056334 609817 441328 700362 561529 250683 525554 761810 811794 238603 552572 278714 491443 359193 262141 731180 881479 231611 263242 621059 171026 666082 582193 228384 416790 762759 116886 885521 354937 726350 561504 608489 329702 432206 857787 406844 645951 240888 546375 445120 643637 322022 145937 487454 187584 275544 408444
445053 409088 691602 603744 547008 242976 526912 486280 754732 208946 650274 515101 321903 258999 610505 442756 466368 320829 940880 415628 391418 689110 146380 373536 572718 202789 568453 267743 651887 560771 661427 412551 999999999 61541 407142 220276 518962 585770 535041 195931 202334 588600 518878 451421 402052 804661 399462 693490 680560 442227 247035 302397 274397 748134 464536 388628 707340 296297 659734 181737 777594 503420 189269 156676 432952 386701 324048 533737 861748 512024 540671 364819 463715 293906 295194 222463 637972 204910 779868 405309 566188 193380 505754 149035 224989 180653 260340 823656 142363 234020 204751 147606 439655 691251 221683 547021 256006 520200 158676 360498
415801 370163 642221 543406 502957 196430 539854 443107 693416 267279 599409 473957 260371 261412 561176 381239 432387 265142 885018 369501 405364 628679 85408 317197 532503 197145 537375 300894 592756 549415 669729 415674 61541 999999999 380114 256230 457493 573949 478932 255157 243166 528234 458373 434453 370023 747861 389116 646722 621018 441691 204512 263761 244715 702145 403002 332309 648606 237359 656226 237924 718731 454984 214512 136900 396430 326984 273666 505747 809487 480346 517749 328354 402196 319308 339083 272958 635088 145215 721052 425458 520744 247673 446737 160378 267130 137313 200678 762795 82756 248698 186652 186415 385162 634985 271397 541682 194508 502028 143358 305980
730962 657520 365049 457440 203341 494904 330894 154702 687459 485553 783224 158413 376678 637582 762443 416486 78186 485419 656517 153196 265392 672536 372268 511454 792870 570628 163309 674691 675331 204678 403453 202933 407142 380114 999999999 351069 455328 224304 630723 568186 608893 594155 538166 88245 36878 546253 112180 346344 689783 190712 514511 133602 135456 911962 433646 260421 497433 436711 332452 569203 559117 679008 307368 504381 75818 318057 195498 126595 543961 781498 139865 81237 447357 308612 698932 620140 316687 310669 560110 311311 753879 444269 563892 540490 630813 249367 300810 655206 331820 628782 203634 554747 251082 441508 426421 226857 364633 136664 249264 233272
665195 625585 705048 706008 543647 452591 329951 485423 897195 145102 851328 501462 473173 468051 814789 579783 427969 513008 986578 438634 201160 847398 327619 562465 788461 419222 506114 430104 822107 427757 469653 250342 220276 256230 351069 999999999 649023 452276 722093 264188 356907 749666 680272 350109 366604 862292 283792 692599 847297 287274 460492 318086 266560 957614 602238 471423 786314 477124 496926 281336 855202 709606 57223 376950 410318 496864 384437 462745 884633 731826 449711 355213 607048 87038 422068 338363 474471 343422 856917 199694 776594 104752 679466 358286 370814 263895 387228 926640 297949 432006 196873 320933 504372 749397 76542 396278 415617 414249 183329 436050
491067 404247 377012 116283 360235 361751 778997 346860 248869 715225 375955 377681 198642 572046 373779 76781 424307 267026 495378 304752 682651 217465 374839 235887 458994 518451 498601 692187 224705 648087 858465 640295 518962 457493 455328 649023 999999999 662033 232829 709735 662850 145007 112885 542736 418651 357731 556785 412117 235501 638922 379876 366436 415063 507877 56676 198967 239426 252667 776445 687801 299702 337174 592057 468463 392454 154529 284075 505402 472754 504733 549789 380103 65126 664779 754642 710116 763924 318375 302571 724060 398897 686799 161248 544254 686382 385680 266175 311315 378650 602346 459308 611887 207547 271998 697331 679834 264484 573220 465698 232449
950564 879533 456848 641064 332902 712677 228582 320340 877008 597232 1004819 297585 600861 835336 985459 632713 237738 709148 740891 359222 271243 875618 583432 735755 1017048 770649 191282 848677 886037 25183 220598 204477 585770 573949 224304 452276 662033 999999999 851760 709560 777772 805176 753852 143922 255848 662465 186308 419549 897375 166707 731306 355469 342768 1134532 647995 476528 648792 660451 114847 719795 698329 903247 432352 707095 271224 536500 419298 164020 611617 1003230 115877 305010 662940 375430 858657 775459 105437 529596 698496 304091 978105 556988 783202 730793 796933 457521 524355 810088 541331 818369 387298 728627 454593 578693 525627 69536 587690 89974 431421 453281
308581 234960 609821 335819 580334 303238 927691 555292 297520 743916 153318 589797 265352 475104 142096 225035 619823 214213 695166 496246 811791 202756 397286 161738 232869 444032 708427 616133 140332 834191 1027544 786337 535041 478932 630723 722093 232829 851760 999999999 695053 611527 131185 120167 718251 596733 566658 715019 644705 172995 794353 309694 513039 549233 284899 215902 376679 449817 245039 962819 665318 495670 121766 670122 421257 582336 315853 436655 706993 694407 299547 746826 549684 198527 763296 688533 668886 947404 384579 498657 846779 169341 726569 73393 494264 631438 473510 355887 457924 424144 520381 563831 573231 410627 497514 749261 856564 309930 761833 550980 398502
527533 522013 880807 798477 730420 391820 590683 669253 938486 136229 788969 694934 511185 285981 745023 633022 636540 486315 1135934 603062 465184 866419 334992 538863 679478 271884 731353 188582 822609 684558 730669 512151 195931 255157 568186 264188 709735 709560 695053 999999999 125248 766305 698037 592206 571184 1000259 530251 879399 853029 548072 386487 483845 446319 867756 654208 584270 903223 472858 760757 34980 973451 638739 277340 274723 607787 582094 516474 692028 1053750 596350 689312 541503 651716 350456 160815 80979 738300 400245 975737 459331 689577 165066 677826 208202 126866 371010 455733 1017252 337653 234400 368304 130127 634359 886649 205667 657588 445252 660208 326226 555420
411586 416963 884842 762534 745736 314786 686571 685557 875329 252618 689853 715556 467126 166141 644430 586802 668660 414943 1119702 612597 554915 795845 302383 464727 568143 169129 770668 73271 745783 752596 825889 591247 202334 243166 608893 356907 662850 777772 611527 125248 999999999 697855 632769 648629 604385 980744 592572 889882 777447 624617 303815 503474 476722 758778 606192 569363 875593 412993 841897 91538 944609 540794 353065 197129 634875 554148 516493 735443 1049953 479507 740579 566658 600544 443428 96447 60652 819625 379081 947120 556597 584676 271926 605270 120353 24366 378863 432104 974131 320647 112634 405603 56767 624494 869737 313476 732915 404494 717624 359706 545900
436223 357520 506131 221551 504598 383092 911674 491698 179810 794963 244896 522688 276681 577712 253719 181213 567708 283074 565914 446439 807713 100537 442866 233525 361202 536739 643608 712820 81185 790508 997526 771225 588600 528234 594155 749666 145007 805176 131185 766305 697855 999999999 70073 682212 557917 440538 691190 544879 99160 773011 395361 494117 538746 373055 161626 334029 326106 293979 919226 739718 367157 252825 694222 501344 534526 279929 412036 649922 572722 430610 693836 516351 150325 777116 782114 751695 906114 406741 370130 846963 296211 771781 94763 577702 719617 487799 363598 327194 459140 617909 571165 653355 350782 381250 788476 820260 337826 715904 568841 364146
399215 315549 489730 217771 466944 318703 850210 447046 242566 724971 264666 480100 207108 518921 260915 121687 517891 218098 586550 394804 743118 170317 372980 171476 349539 474435 600308 650851 143974 737963 940450 709193 518878 458373 538166 680272 112885 753852 120167 698037 632769 70073 999999999 626410 502569 453862 631375 524996 167139 712717 332417 431929 474679 397112 106049 278125 335609 225223 866955 671992 386927 230336 625051 435752 482643 220498 350813 602764 577498 403935 644945 458773 90991 709264 718825 685580 852912 337084 389908 781559 287866 701708 51384 512429 654943 419145 295083 367599 389083 556746 503763 586971 302971 378938 718487 764987 267773 664042 500042 305543
806690 736154 413909 539639 260369 568756 253145 224621 771941 493080 870472 216338 461854 695623 848898 504730 135914 567088 707812 238899 215761 759660 439963 595654 875636 630098 165396 717762 763395 121588 315730 143671 451421 434453 88245 350109 542736 143922 718251 592206 648629 682212 626410 999999999 124307 607580 67127 387253 777546 119370 587401 213084 198994 998662 521852 348627 570143 518466 246436 598256 628407 763588 317703 565642 154307 406257 282042 120199 587704 859712 99606 168625 535600 288821 733917 652202 229707 385801 629135 260266 838472 451577 651860 593203 669065 314165 382389 730138 398022 681343 248553 597148 337131 508793 426546 138660 445137 68994 293961 321399
706320 631073 341275 421044 178818 472175 367267 125096 650652 496162 749537 135298 345656 623591 729647 380887 65362 457143 630127 116381 296970 635786 354366 481021 763241 556160 167357 668235 639102 237514 439928 237239 402052 370023 36878 366604 418651 255848 596733 571184 604385 557917 502569 124307 999999999 516421 146953 326210 653284 226804 492323 111980 127695 878851 397722 224543 463693 408523 366095 569939 526406 648016 319366 489282 45385 282879 163830 138111 520961 755134 161757 50693 411663 331375 696230 619185 351015 288373 527488 342715 722810 455374 529217 529851 626897 235308 273494 620566 315339 617744 203099 549271 214205 409824 440529 262528 337778 166532 247070 198490
848141 761694 206589 241449 347289 705102 857863 391764 360392 968256 679928 391861 522624 915411 693744 418599 474335 618284 140371 424057 811561 428630 678512 592596 799506 855971 472065 1021888 485450 661538 883062 746216 804661 747861 546253 862292 357731 662465 566658 1000259 980744 440538 453862 607580 516421 999999999 656232 248167 470938 726680 725203 544575 595735 799263 406750 416034 118734 594076 767388 985587 80414 683683 807726 797935 471612 426914 488803 507158 142585 857593 553612 511503 420263 843269 1076453 1019129 764669 603897 77911 857497 735383 931800 505140 869077 1005062 632999 549412 193418 665396 938670 668664 925605 367343 114249 928542 711940 579311 596248 696416 445378
777616 711521 468970 567132 310243 539136 222619 265906 794412 427493 865136 265138 452402 650188 840384 510714 182362 548804 762431 261650 156566 774149 405571 582263 857429 586209 230787 662995 771982 161331 312982 90791 399462 389116 112180 283792 556785 186308 715019 530251 592572 691190 631375 67127 146953 656232 999999999 445511 788600 82138 556458 201981 172116 990562 529580 358325 609608 500892 270235 537988 671041 749962 253903 523755 187932 411515 280743 185731 645544 833804 166393 176955 541823 221825 675363 592811 250263 360771 671998 202315 824516 386104 652015 544821 612210 280498 366851 767265 363084 632222 202960 542732 357640 552992 360087 155113 426491 130969 245976 327051
868043 781459 45611 326795 150305 671642 627265 211034 540323 818311 786435 191141 491292 866294 785895 434721 268217 610100 323704 277876 601462 576238 598587 605151 865527 800141 233718 944469 613768 421321 639426 530741 693490 646722 346344 692599 412117 419549 644705 879399 889882 544879 524996 387253 326210 248167 445511 999999999 611402 505423 693493 395718 437402 917106 435573 341260 270612 570844 520973 872533 299431 741957 643896 734555 282313 385354 374038 274186 200452 896370 316969 342045 453149 654955 985724 915950 519451 519448 298759 646715 808230 778295 572219 793964 913845 512878 474728 420279 571646 875751 516443 833122 283353 192959 765816 474088 526654 362122 554676 353367
475620 406802 569778 285035 587935 464006 1009657 580513 137589 888268 218577 609726 374135 646702 244984 279883 659638 366758 582245 540144 906709 43515 536005 314551 369175 612173 730379 786283 32666 883578 1093208 869495 680560 621018 689783 847297 235501 897375 172995 853029 777447 99160 167139 777546 653284 470938 788600 611402 999999999 870567 473657 592629 637700 329019 259694 430588 366946 384334 1011871 825084 391998 284308 792168 583176 627936 378053 510354 739610 610547 455835 784616 612986 249180 876003 857716 833244 999423 503967 394799 946077 304579 866419 175457 658345 798262 586230 462102 321525 554651 690591 670173 735900 443034 433275 884370 915045 433589 808689 667164 461665
842848 780376 533054 647817 379392 605347 140770 340545 876130 431711 943548 335013 530466 699192 917637 592340 253321 622387 826885 342609 108525 856278 469340 658120 929890 637787 277660 696921 853720 143188 237184 37774 442227 441691 190712 287274 638922 166707 794353 548072 624617 773011 712717 119370 226804 726680 82138 505423 870567 999999999 621467 281852 246961 1067757 611386 440417 686049 575134 217936 560702 745785 825145 273016 578408 265234 493199 361911 233496 705756 901268 199484 259046 623444 208756 700952 617158 195947 432114 746604 148336 899351 391977 732370 590775 642334 347382 443101 844950 427088 676146 261718 578658 439247 626652 359501 109519 500726 154266 299580 408934
221437 165964 675650 490302 571596 21880 733084 520651 574175 449257 407273 556817 206803 192187 365680 308903 543335 115428 865463 442874 601304 492422 152199 161847 328008 142060 649964 318474 442078 708434 856498 600791 247035 204512 514511 460492 379876 731306 309694 386487 303815 395361 332417 587401 492323 725203 556458 693493 473657 621467 999999999 381338 388677 501137 324484 352353 611184 131164 826415 356011 676321 258230 418490 111844 502678 312253 344014 628906 818329 281062 653279 442535 314891 522532 386791 359878 806700 204048 679081 625443 319178 439148 301920 184952 324903 275960 227922 687673 194381 224999 360124 263564 410140 622617 468716 711480 168207 649142 327068 344949
597364 524400 399530 399091 246613 361528 418294 185460 611959 428276 663337 212809 251176 512883 639338 312905 170014 354018 671273 123208 316216 581550 242497 383333 662574 445287 276744 564343 574177 334275 514724 277307 302397 263761 133602 318086 366436 355469 513039 483845 503474 494117 431929 213084 111980 544575 201981 395718 592629 281852 381338 999999999 52964 789467 332971 169317 469633 305385 459091 478140 537882 551371 263154 378195 132779 214782 82568 250010 576332 648285 271957 65205 343856 309910 597487 523835 441555 177316 539519 357953 626201 389992 450519 421894 526715 126697 169310 615187 204016 509142 124969 447354 189528 431386 384244 347803 232244 269738 159335 134327
608695 540391 444499 451582 287148 370353 378491 226449 661973 381806 697203 249330 284298 502531 670735 357924 192415 376745 720835 172306 269034 628442 241155 411231 685313 435821 294260 541000 617987 319763 483443 237105 274397 244715 135456 266560 415063 342768 549233 446319 476722 538746 474679 198994 127695 595735 172116 437402 637700 246961 388677 52964 999999999 820829 378735 220139 522397 328967 439261 443522 590465 578526 212557 370001 161514 261607 131559 261153 622784 663258 274136 95740 388521 257075 568586 491959 420278 189211 592073 309278 652919 342564 489746 405078 499204 115788 196146 668115 199492 493346 79114 421733 242483 482973 334452 325145 254525 262932 120379 184583
352874 346262 879009 594431 863522 506124 1196584 840072 456404 948191 132587 874369 538314 595516 150178 509726 904252 452034 910611 780797 1074042 372156 632284 410606 191694 595935 993277 736395 314245 1116285 1303491 1056334 748134 702145 911962 957614 507877 1134532 284899 867756 758778 373055 397112 998662 878851 799263 990562 917106 329019 1067757 501137 789467 820829 999999999 499402 661114 691672 496129 1244413 833895 720802 248774 911232 603425 866337 600109 716668 991715 937511 292057 1031073 830726 482367 1011596 810922 819425 1228330 642108 723626 1105154 181962 940042 357030 660190 772503 731773 624690 646160 667681 649090 823606 737707 695357 752501 969810 1136184 569364 1044770 802785 681555
447037 359589 404360 167027 364482 305972 750115 341734 295614 663036 366873 375352 143075 516653 357720 22522 411848 212999 545819 288845 647726 250070 319614 186315 429956 462282 495094 635685 242444 632330 836678 609817 464536 403002 433646 602238 56676 647995 215902 654208 606192 161626 106049 521852 397722 406750 529580 435573 259694 611386 324484 332971 378735 499402 999999999 173226 289752 196310 761297 631861 352705 306395 545649 411826 376771 118382 250660 496813 514971 466155 538895 355124 17702 622700 697975 653634 747478 266328 355518 687770 373424 635676 142691 487581 629712 338343 216095 367991 325370 546169 416415 555336 197273 313879 647770 660250 209125 558246 419180 202561
537313 453364 325625 234696 225906 330486 580211 185698 442703 559915 529997 222265 154815 527289 513922 156515 243162 276496 552713 119713 484920 415981 268016 283531 563297 462279 335563 616401 415151 460098 663572 441328 388628 332309 260421 471423 198967 476528 376679 584270 569363 334029 278125 348627 224543 416034 358325 341260 430588 440417 352353 169317 220139 661114 173226 999999999 322325 233211 589090 569709 392630 442313 414368 398390 205897 61106 89074 330776 481578 574204 370152 182420 187165 475446 665720 604661 574835 190284 394711 527136 515637 526113 306911 463427 593723 220565 138568 455401 250335 540778 275244 513304 58241 302750 529046 487059 185525 386579 292298 35858
