NAME : synthetic_000481
TYPE : CTSP-D
DIMENSION : 100
GROUPS : 8
RELAXATION_LEVEL : 1
EDGE_WEIGHT_TYPE : EXPLICIT
EDGE_WEIGHT_FORMAT : FULL_MATRIX
EDGE_WEIGHT_SECTION
999999999 516732 618265 641808 185570 438092 173183 699957 885598 845392 146998 492839 554282 756742 687395 518691 651790 581490 142800 280549 181052 359906 587412 564182 363572 448572 394885 368453 733215 923225 416074 799241 506395 236574 284174 360269 503804 1008378 777860 319525 740056 280244 486610 409212 454008 163152 424163 612717 1008886 697845 734703 718736 866684 1021078 221688 688557 149846 743805 531478 807515 268745 578917 320239 227104 696978 830727 136614 190460 568651 706614 631837 243956 470832 836154 711280 326732 859454 164278 84695 820422 507282 749465 412052 566989 596175 763945 770885 796841 56220 195387 944258 509745 549839 898839 655554 900386 599950 333612 603774 421058
516732 999999999 103856 637996 357545 311377 489187 714716 427087 688962 377877 573742 143703 693013 692860 333327 170703 641909 470849 774993 585090 404912 383524 747321 521493 585669 123365 738149 372965 548798 608729 715764 329028 697577 382704 473167 745686 518449 495980 496223 480252 528514 341912 165291 628295 462628 726665 243565 559809 761924 793158 541378 369957 554022 687900 422152 606323 497516 736299 342639 561136 76341 760351 346987 583982 824796 380295 583687 230434 743857 323649 347566 406692 733124 718063 660249 439776 352515 597267 441631 562732 407479 733661 330424 351587 494531 782621 404910 514909 474007 474539 116236 160157 709303 797379 594973 571948 470721 191461 344146
618265 103856 999999999 664178 461397 392381 592528 739238 338228 676642 477010 622140 144237 702211 716920 357945 142600 680597 574627 871392 676364 497108 391588 800973 588188 642746 223390 819492 327752 483422 672731 719044 357159 790862 460916 538574 808804 417827 464185 568574 456965 607109 413906 240078 687954 553916 799521 221578 470219 793397 821864 535355 268953 459190 781955 404012 701410 476484 794074 255179 642308 81636 849877 437108 590269 838937 481654 674028 272501 771112 307823 434817 483955 730874 740739 740261 364902 454016 697687 381887 607482 364865 808843 339246 352942 466763 802553 343437 613767 576832 380386 151237 164039 687507 841393 548306 598859 540340 210332 395737
641808 637996 664178 999999999 671024 853014 777478 76934 654265 249779 557714 152697 520107 121186 55806 307278 797536 83790 740652 681073 509831 867099 279402 238132 280703 209062 583542 468819 447444 540015 262457 166149 309880 587704 384608 283044 308471 802858 356319 322820 320648 370562 903155 492445 232473 479182 380907 459089 711496 132376 157859 216407 730160 755891 593332 325964 568076 304494 261609 627046 397869 705892 574060 469204 136011 201004 593109 498303 855282 106935 384202 448970 938610 206854 82089 417511 574367 590056 654311 497191 134800 426556 405977 327862 321972 337249 148619 507141 589013 786702 711277 525679 500237 315182 214977 437626 66054 309048 828777 310781
185570 357545 461397 671024 999999999 259207 140783 740370 761655 832377 123013 539659 429135 772162 723533 463880 474773 629780 115347 465932 329920 209920 536543 657941 423318 512882 245923 519896 641068 834079 499678 810008 452225 413906 287011 397901 615602 870219 716172 378622 683804 366694 310527 294924 534475 240529 553579 507898 891196 756200 793152 690410 723521 895131 400113 626073 320466 692615 631123 679162 375438 410282 493965 201904 690311 870944 90475 335197 383145 755695 549528 222055 309078 841845 749510 460477 750908 82619 269977 725986 545621 664743 548006 501519 531859 705848 814433 696573 211636 134852 816097 381374 430372 876443 739814 836120 616206 376346 420539 387028
438092 311377 392381 853014 259207 999999999 310691 928127 730525 961901 369277 744855 445957 935242 908475 582510 325721 830040 316995 716780 588496 126448 648502 888057 646448 731820 283479 777111 680389 860021 730729 966346 573736 671801 495098 610263 856825 800558 793341 605656 771475 607580 53469 376358 761903 490178 803862 545725 862598 958022 993570 812452 653576 849931 657624 711447 579170 786154 865503 647029 623317 313382 752800 416156 836399 1052724 343686 593264 172747 950032 616688 431522 96315 991249 934918 714022 750334 325274 519498 752373 744055 713187 800683 600131 627209 788916 1001483 716022 470260 285006 771835 405046 458106 992490 961232 899949 790570 594447 239476 543312
173183 489187 592528 777478 140783 310691 999999999 842106 900898 956883 222152 635949 569309 885540 827210 597314 587308 726502 36892 424357 353802 205689 669798 728135 510481 599405 383928 541463 781434 974504 574642 925564 585359 401588 396028 495695 672624 1005990 852869 464816 819286 436834 350790 435594 611892 308489 596105 648641 1031016 848719 885878 818866 858292 1033737 386042 762490 321411 827051 697072 817924 432849 534181 486420 316294 811654 973660 188076 362791 468784 853164 688695 336924 318387 959616 852387 498757 891572 199626 235210 866585 646224 804552 584766 637666 668022 841811 915144 837331 225770 26823 954481 521449 570958 1004178 816838 973679 727815 470937 520122 513386
699957 714716 739238 76934 740370 928127 842106 999999999 712385 254258 624584 207319 595398 110481 22383 383292 873527 119157 805214 714231 556986 939141 351482 232342 336387 254751 660117 491120 509208 583063 300820 149368 386260 624450 453359 346456 313541 859255 405163 380774 373435 422870 978583 569255 265868 539019 398148 531163 760116 72873 86791 264468 794436 807108 631660 387438 614925 355170 263545 690812 445564 782231 601093 538540 182028 131559 660103 545257 932193 36627 453609 518643 1012832 189219 13508 450101 629666 658664 705736 551503 195977 485236 423901 401442 393457 386938 74186 565107 645794 852578 767384 602041 575507 319102 179265 471232 142838 371264 905597 386916
885598 427087 338228 654265 761655 730525 900898 712385 999999999 539347 738710 690453 333941 631010 691768 431244 442530 708392 876882 1096960 887788 831661 403288 863324 720471 735816 517142 980316 209676 202753 784676 625951 440040 1004332 649895 674673 903160 149959 314912 722099 340287 776699 751364 477180 783448 775465 929637 279312 132735 782368 798414 449937 124018 135502 999570 328797 928401 359986 871254 84464 817251 418596 1042992 667606 530930 765764 755067 881683 601397 748952 300741 656198 822040 618006 707655 901929 88498 730103 953980 164939 666725 227744 946819 380003 365194 330686 752498 147341 864914 889484 62532 381010 336195 517345 866923 320186 603463 689361 531283 525444
845392 688962 676642 249779 832377 961901 956883 254258 539347 999999999 735603 389279 547872 143782 244419 380669 819209 333569 921281 922663 738301 1005040 313460 481146 505002 449799 678444 717405 371046 369096 506347 110796 390433 827035 565161 490898 556621 673303 231280 540139 223455 595563 1006069 585821 479623 683878 630603 455565 552925 322949 319713 149586 644943 605841 831081 272656 795759 202597 508369 544721 628620 740359 820306 640766 148639 243306 768902 727327 919345 284795 369684 620235 1055431 84586 242645 662015 450929 758577 872600 375754 365364 336097 655574 363303 338626 220755 253711 402653 797460 960810 583882 573998 529771 65765 433100 242837 258600 517708 874783 445369
146998 377877 477010 557714 123013 369277 222152 624584 738710 735603 999999999 420931 407342 663887 608722 385429 524491 511507 185993 398630 226887 332815 456696 534929 301430 391209 254583 409882 590415 781917 376691 703593 373183 328296 174194 279095 493588 861645 644597 256350 608631 244096 422324 262225 411639 120989 435119 467027 862547 636723 673808 599812 720651 874172 316768 554342 233983 614473 508218 660517 255190 444712 400787 95081 589769 755863 35530 229545 466089 638013 490839 115433 428951 737480 634321 344785 714008 44064 221361 677478 428782 608586 431427 430493 460417 631965 698281 652610 137033 229269 797271 363088 402853 784224 617188 766839 506364 256169 488578 294823
492839 573742 622140 152697 539659 744855 635949 207319 690453 389279 420931 999999999 481146 273042 194665 277042 742336 90677 599067 533523 357195 743324 287330 180959 129473 60975 495282 334241 481859 616976 118677 317684 273359 438463 254638 141915 213103 840098 431791 173470 390642 218177 797008 413001 99897 331707 257141 448142 770953 216699 253544 309976 743736 807996 443215 371921 415434 380961 182037 645709 245284 647600 432309 339537 249637 338605 456420 345695 772507 217374 393502 320659 824281 357661 218462 273368 621465 457204 502025 550436 26560 471986 279687 318739 327148 412575 279434 549805 439012 647264 751584 472747 462473 452224 224373 535833 132004 165262 757623 229669
554282 143703 144237 520107 429135 445957 569309 595398 333941 547872 407342 481146 999999999 561991 573111 213719 279900 536943 544002 782355 577819 525037 250352 661179 458310 505558 188926 702067 234632 419648 539668 581301 213154 694801 346921 408495 674055 454704 352515 444361 336649 489277 481155 145222 551880 458639 672662 100580 462206 649161 677719 401951 317324 468766 687890 278922 611436 354139 656262 253643 527188 193748 745087 344522 450820 697373 421869 573590 373197 627037 180268 336605 542238 595937 597144 622036 323715 396501 626052 310474 465375 267273 684237 197266 214144 350837 659512 276414 537780 559464 390843 47937 19895 566185 698417 454371 454691 413999 327077 259256
756742 693013 702211 121186 772162 935242 885540 110481 631010 143782 663887 273042 561991 999999999 101918 361529 841695 201606 848945 801992 630136 960823 311657 339613 399213 330219 656904 586983 437150 485726 383450 45002 367800 708856 489694 396483 417752 774201 317032 439769 291550 489800 983323 563323 352605 593611 496842 484280 666519 179988 180814 183334 722921 715971 714518 318926 688354 271266 368561 619400 518298 754600 693798 572121 112301 139421 698835 618673 918777 141721 400517 551498 1024578 86030 98953 538111 545195 693147 772985 466850 253221 408441 522304 364881 349271 300454 122828 485482 705082 893037 682603 577151 542365 208705 289427 368148 157862 423140 884143 394389
687395 692860 716920 55806 723533 908475 827210 22383 691768 244419 608722 194665 573111 101918 999999999 361162 851352 109956 790332 709898 548012 921128 329111 237697 324135 245237 639345 489717 487923 565222 293847 144088 364249 618891 436633 331596 316458 838985 385929 367887 353438 411967 958730 548183 260142 525724 397953 508806 741275 91252 108604 244967 772888 787781 625614 366102 606125 335503 266990 669312 436214 760166 598488 521630 162302 147412 644208 536331 910885 57598 431404 501581 993708 185003 26455 445491 609497 642111 695505 531456 181191 464403 423598 379063 371111 367514 93008 544445 633675 837196 747135 579995 553219 309886 192530 455259 121227 356881 883832 366531
518691 333327 357945 307278 463880 582510 597314 383292 431244 380669 385429 277042 213719 361529 361162 999999999 490278 324515 563919 682665 473476 625372 72667 457835 289227 312254 299777 549279 235309 412298 356586 387747 12306 586572 242419 243882 482733 577708 259563 292950 223219 349806 628120 206223 360187 375987 499914 171451 531210 435502 464476 232388 470131 559023 584029 169874 521431 229836 457837 375939 390630 399094 616709 293225 256015 491537 414354 465657 557291 414073 132269 275088 675260 409845 385850 471362 376109 398284 569278 318802 258029 240980 516242 53541 79056 246551 449718 305229 482466 597046 493728 219064 193979 417138 487269 382053 241501 260227 524783 102810
651790 170703 142600 797536 474773 325721 587308 873527 442530 819209 524491 742336 279900 841695 851352 490278 999999999 807429 577773 922538 742681 447362 530161 917315 692104 755991 280587 903746 467375 610552 779421 859909 487886 851418 551451 643858 916376 485133 605728 666119 599431 696351 329989 335977 798893 621491 895967 363906 568047 924522 954423 677327 344213 545426 840573 546597 757952 619030 906807 366654 727560 94955 918846 508798 730203 977268 519470 742423 166262 904252 450116 511845 403898 872667 875807 826879 486527 491983 735538 514566 730223 504774 902213 477156 492911 608840 938832 475928 659405 566792 471580 272719 299671 829808 965105 685275 731671 641116 92638 512743
581490 641909 680597 83790 629780 830040 726502 119157 708392 333569 511507 90677 536943 201606 109956 324515 807429 999999999 689627 601463 438315 832389 314858 161406 218082 135708 572771 385745 498984 609560 184126 246416 323925 509591 343833 232418 226075 858158 423636 263003 385248 303750 881692 486294 151445 421392 297167 489508 775399 128117 164321 287984 774686 817099 516046 380528 496369 371375 180762 673261 326673 713603 492206 429027 212640 249238 547009 426612 849105 126707 423191 409810 911288 287608 131264 337164 632559 547431 586614 557283 86039 482606 322299 356509 357496 404233 189502 562915 527055 737928 767460 535027 517478 398948 163716 513664 106381 255936 829577 300458
142800 470849 574627 740652 115347 316995 36892 805214 876882 921281 185993 599067 544002 848945 790332 563919 577773 689627 999999999 405774 321704 222447 636251 692474 473714 562719 361210 510932 752178 945268 538470 889087 551890 376090 359574 458807 638034 985255 820489 428037 786388 400686 360666 407499 575625 272022 562925 620614 1006183 811948 849109 783997 838265 1010456 360746 730045 292479 793751 661711 794482 397593 519798 460643 280526 775729 936769 152405 330285 467683 816295 658039 301098 335126 923289 815500 465748 864893 165649 211961 837827 609336 774455 552270 605231 635557 809099 878253 809294 193016 53281 931440 496341 544710 969072 780776 941688 691185 434046 514929 478487
280549 774993 871392 681073 465932 716780 424357 714231 1096960 922663 398630 533523 782355 801992 709898 682665 922538 601463 405774 999999999 209851 627980 738044 509027 424441 473500 651724 235019 916635 1092965 418620 846991 671477 97816 447457 453564 425802 1232461 923113 400180 881701 340440 763736 641016 450050 323827 329304 817664 1209252 683644 715757 827697 1099592 1230765 98648 841941 171065 879014 471779 1026380 301618 843214 123373 438577 779807 831069 403856 217090 848606 706357 812203 445764 740808 887888 727517 264414 1054556 430956 197351 1001357 557332 923554 305050 736035 760692 905914 771937 985590 263245 450805 1158553 743608 773164 984953 602465 1040913 664330 430528 880860 580447
181052 585090 676364 509831 329920 588496 353802 556986 887788 738301 226887 357195 577819 630136 548012 473476 742681 438315 321704 209851 999999999 529032 530754 393047 233392 302779 463946 191518 706945 884771 258179 674620 462149 117176 237924 252668 326417 1024664 718100 200205 677128 142791 640316 440046 295471 122573 243406 608616 999416 542896 578659 630959 894170 1021282 111800 634978 58246 675804 358385 818302 112001 657222 176186 239258 591356 683852 246118 11778 692957 557420 602481 242801 635843 714197 569432 146076 844706 268302 153105 791923 377377 714456 231020 526714 551856 701447 623396 775795 128811 374905 949561 541420 567479 797783 486992 837590 481069 227553 713407 370984
359906 404912 497108 867099 209920 126448 205689 939141 831661 1005040 332815 743324 525037 960823 921128 625372 447362 832389 222447 627980 529032 999999999 695848 867596 631232 720286 342571 720550 757766 944623 709210 995826 615062 596242 488709 602686 825248 912432 857893 587117 831399 576604 152296 426407 743610 449740 760867 620622 964389 959920 996572 857704 764058 956142 581158 771414 508617 843798 841019 747293 584397 422662 680141 403886 870173 1068070 300191 535847 299104 956935 682191 422683 112907 1024586 947436 666148 842460 290975 434148 835507 747027 787751 753855 652269 681366 850993 1013313 801024 402439 178866 877075 479694 533728 1042252 948407 971041 808617 582648 364199 567132
587412 383524 391588 279402 536543 648502 669798 351482 403288 313460 456696 287330 250352 311657 329111 72667 530161 314858 636251 738044 530754 695848 999999999 462938 328727 333196 365025 588503 195925 355345 384007 332346 84463 640882 306996 288610 499874 552805 190941 340811 152662 399831 692656 272787 380563 440143 529858 179789 490233 411556 436572 163950 460373 523663 639552 104300 581252 157803 468751 360092 440294 443112 664381 363563 200924 447409 486205 522168 612083 385216 108428 344853 742311 350110 351674 513189 337381 470602 634674 271380 264099 191574 548556 53339 42913 176542 411774 265299 549109 669683 464707 267288 230709 346483 478111 313266 217454 308938 573776 166861
564182 747321 800973 238132 657941 888057 728135 232342 863324 481146 534929 180959 661179 339613 237697 457835 917315 161406 692474 509027 393047 867596 462938 999999999 241870 162501 659355 275477 653682 770841 158488 381092 454309 429371 394611 282448 85539 1013282 584768 282715 545965 293253 941304 583573 126232 422857 180121 628621 935102 181878 209828 449297 922333 975591 439774 537907 445950 532527 37272 822958 295886 822363 388675 472012 372558 328858 568464 381689 935089 212280 570736 456641 959362 421415 245535 257275 790071 576717 545764 715953 200474 639821 205202 498066 504218 565345 273133 719504 508014 744585 923406 650611 642727 546853 95220 674328 266945 294599 926447 405819
363572 521493 588188 280703 423318 646448 510481 336387 720471 505002 301430 129473 458310 399213 324135 289227 692104 218082 473714 424441 233392 631232 328727 241870 999999999 89829 423596 260615 520912 681637 88349 443198 280667 326923 152998 49840 224702 866555 504234 45704 462385 91020 699625 356242 115645 203554 215021 453019 817259 338239 375397 403257 753285 847417 329117 428925 291130 457756 222057 663150 124267 597733 338107 230877 358595 467251 336387 222345 696546 343959 420633 214927 719435 482157 347763 184464 662871 340888 373825 599864 146142 520122 228795 341039 359635 486230 407580 591108 309556 523235 782951 437461 442238 564982 317356 619053 247780 53234 692548 202268
448572 585669 642746 209062 512882 731820 599405 254751 735816 449799 391209 60975 505558 330219 245237 312254 755991 135708 562719 473500 302779 720286 333196 162501 89829 999999999 496971 273890 529083 671899 57903 375135 306603 379104 236723 121914 170606 884745 487869 135335 446342 169012 784734 421429 47976 291436 200222 483277 821474 249861 286930 369539 782306 856606 384401 423652 360913 437758 151382 686689 191003 661049 371348 318175 310586 383617 426204 291105 773063 258352 436065 301121 806874 415606 266967 212465 670110 430367 451003 601128 86685 521897 221622 358568 370681 468836 323353 598107 393467 612614 797572 491712 487798 513000 229582 594427 192974 138155 763955 247096
394885 123365 223390 583542 245923 283479 383928 660117 517142 678444 254583 495282 188926 656904 639345 299777 280587 572771 361210 651724 463946 342571 365025 659355 423596 496971 999999999 623420 416649 606287 511939 686003 291509 575246 275709 378080 647835 624556 516268 392705 491507 417983 328345 93813 535834 341941 619453 279456 647849 698307 732093 528975 478534 649816 565282 431344 483427 505140 644107 434003 447805 193291 639800 228234 555024 779848 258271 463099 277233 685438 339976 231565 377686 709433 665524 547100 512544 230664 474530 496953 488874 445644 624252 316954 344538 510203 731818 464212 391609 372407 570600 141340 194325 709492 719119 628480 518890 370872 269103 273890
368453 738149 819492 468819 519896 777111 541463 491120 980316 717405 409882 334241 702067 586983 489717 549279 903746 385745 510932 235019 191518 720550 588503 275477 260615 273890 623420 999999999 781507 938665 216050 631510 540281 167365 358628 305663 191196 1125409 757520 260349 715669 213059 829472 579553 238125 291940 95428 709234 1077793 453664 484231 643310 1007754 1107948 181009 686781 221301 708678 238442 920754 177307 813384 113237 396100 583199 601592 433441 185040 871556 479213 681067 391912 827065 672776 504605 80063 923481 453193 318908 859874 360429 780074 70359 601486 620217 738857 543633 851692 319325 563791 1042837 673727 688067 782004 367910 867232 465243 292582 884953 457140
733215 372965 327752 447444 641068 680389 781434 509208 209676 371046 590415 481859 234632 437150 487923 235309 467375 498984 752178 916635 706945 757766 195925 653682 520912 529083 416649 781507 999999999 193098 579752 439642 245887 821125 471598 477686 694882 359626 142526 527843 149654 585079 714287 346500 576350 603465 725484 137242 296475 577455 595889 253877 286233 327836 818103 121843 752835 170976 662035 182500 625903 403024 851902 506844 330538 575620 613435 699557 594108 545479 104495 491788 776610 439823 505634 704730 142033 592013 792393 87210 457740 37508 743795 181826 161294 150435 555276 70216 703713 775304 269958 278245 224202 369077 658481 222602 394555 495201 537132 336348
923225 548798 483422 540015 834079 860021 974504 583063 202753 369096 781917 616976 419648 485726 565222 412298 610552 609560 945268 1092965 884771 944623 355345 770841 681637 671899 606287 938665 193098 999999999 727213 469847 424067 996015 654319 643533 826225 311605 186328 696036 226561 755163 889753 539336 716364 787642 872112 327814 183843 655843 664351 323615 325933 237519 994375 252777 933633 238434 786608 251137 795578 564218 1018950 696215 405029 609389 805751 876530 755923 619104 291409 680226 955491 452834 575437 865609 127353 784716 979395 109341 590801 173789 892995 360079 333345 205768 608115 144075 891392 968188 228660 465758 412085 333627 754005 128980 504070 664268 691734 515081
416074 608729 672731 262457 499678 730729 574642 300820 784676 506347 376691 118677 539668 383450 293847 356586 779421 184126 538470 418620 258179 709210 384007 158488 88349 57903 511939 216050 579752 727213 999999999 428452 349719 325670 240272 135562 136958 932828 544006 125128 502333 137809 784075 443443 38004 266944 145948 525732 873816 285080 321223 427280 826029 907585 331933 477476 315480 494318 135013 732485 149431 684854 314108 314595 368289 425930 410490 246402 784659 299402 484048 300032 801023 469291 313649 155725 721387 418281 409762 653892 144578 574332 165827 405354 419752 525090 365495 649304 360040 589872 846767 521583 522790 569943 242449 651743 250516 141353 780865 280717
799241 715764 719044 166149 810008 966346 925564 149368 625951 110796 703593 317684 581301 45002 144088 387747 859909 246416 889087 846991 674620 995826 332346 381092 443198 375135 686003 631510 439642 469847 428452 999999999 395003 753842 529536 439032 460545 766000 311126 483236 290849 533942 1013610 592200 397538 636091 540946 498812 652644 214389 209114 188092 723205 703751 759471 325761 732818 269774 411027 620393 562856 774832 738621 611025 132043 140477 738330 663186 943455 176693 413467 590349 1056793 41267 136703 583083 538734 731794 816807 461029 297431 408534 566471 385620 367223 296205 143112 482775 748008 932460 675015 599550 561962 172651 325598 347582 199372 465802 906109 428700
506395 329028 357159 309880 452225 573736 585359 386260 440040 390433 373183 273359 213154 367800 364249 12306 487886 323925 551890 671477 462149 615062 84463 454309 280667 306603 291509 540281 245887 424067 349719 395003 999999999 575541 230450 234672 477200 585912 271865 283095 235450 339525 619751 197762 354443 363988 492350 176682 541399 436945 466538 242658 476408 568548 572857 182176 509804 241903 453359 383295 380341 396015 606499 280924 263611 496465 402190 454424 551495 416431 142274 262781 666126 417928 389226 462074 386244 386245 557144 329887 255192 252389 508297 64567 91016 258817 453596 315635 470261 585236 502558 215804 193600 427821 486054 394358 243901 250337 520370 91241
236574 697577 790862 587704 413906 671801 401588 624450 1004332 827035 328296 438463 694801 708856 618891 586572 851418 509591 376090 97816 117176 596242 640882 429371 326923 379104 575246 167365 821125 996015 325670 753842 575541 999999999 354492 355783 349696 1141728 825438 302406 783990 242662 721521 556121 358808 237523 253941 725316 1114767 598318 631738 730138 1011303 1137502 15717 744635 94840 781219 392252 935328 203820 768311 84853 354265 683280 744618 340225 122657 790547 618810 716825 359084 707403 794514 637575 175423 959833 365604 167157 905373 461728 827235 232334 640041 664245 808190 684841 890380 202443 426386 1066217 657915 684600 888858 524279 943111 568477 332905 816604 484777
284174 382704 460916 384608 287011 495098 396028 453359 649895 565161 174194 254638 346921 489694 436633 242419 551451 343833 359574 447457 237924 488709 306996 394611 152998 236723 275709 358628 471598 654319 240272 529536 230450 354492 999999999 115459 373950 787686 497897 117475 458852 146385 548037 221209 268498 133594 344597 370824 762099 471214 507899 434832 660025 783375 349723 410314 281318 461305 374880 581206 181686 458792 398791 85311 417926 584032 209232 231837 544922 469114 367200 66026 571128 563798 462550 279359 607722 205506 327692 557621 258941 481756 350970 294246 321454 483011 527426 539634 242565 403406 711733 315759 334615 616424 466202 620027 332198 100013 544459 140464
360269 473167 538574 283044 397901 610263 495695 346456 674673 490898 279095 141915 408495 396483 331596 243882 643858 232418 458807 453564 252668 602686 288610 282448 49840 121914 378080 305663 477686 643533 135562 439032 234672 355783 115459 999999999 272520 819892 469878 53390 428325 113124 663077 307881 157793 197129 264543 404924 774147 358300 395268 378329 704838 802885 356084 390949 308238 425457 266027 615742 152643 549300 375791 198911 342525 477993 314604 242610 652852 358934 375997 180839 686538 476297 356694 227480 619313 315382 381724 558351 150529 478882 277614 296553 316859 452485 419746 547885 309165 506205 737199 387747 392486 548211 350979 587370 239894 26933 646495 153307
503804 745686 808804 308471 615602 856825 672624 313541 903160 556621 493588 213103 674055 417752 316458 482733 916376 226075 638034 425802 326417 825248 499874 85539 224702 170606 647835 191196 694882 826225 136958 460545 477200 349696 373950 272520 999999999 1052622 640054 256639 599732 249913 910294 580399 122921 375635 96625 653865 983587 267019 295364 510047 952610 1021064 361032 584460 375597 588303 50242 856303 241912 821810 304395 442904 438003 414317 525151 315669 918830 296133 604813 430262 922264 501387 326952 183367 834551 536925 476676 763143 237905 684953 120863 528223 538842 620652 358148 762908 448338 690971 964467 657575 656707 622354 176727 737080 324974 276997 916916 414816
1008378 518449 417827 802858 870219 800558 1005990 859255 149959 673303 861645 840098 454704 774201 838985 577708 485133 858158 985255 1232461 1024664 912432 552805 1013282 866555 884745 624556 1125409 359626 311605 932828 766000 585912 1141728 787686 819892 1052622 999999999 457194 865980 485948 919179 812524 599876 932485 909091 1077285 418084 144288 929906 944785 595462 148877 90718 1136118 478123 1062433 504840 1021088 206489 959414 489781 1184169 797579 677329 906423 874449 1019213 651301 895875 448875 787972 885840 754690 854019 1046452 229670 848238 1080751 308039 816507 376489 1093934 527536 514091 474189 896522 295851 992384 991876 91880 498634 461212 643694 1016138 439816 753013 833369 577769 668790
777860 495980 464185 356319 716172 793341 852869 405163 314912 231280 644597 431791 352515 317032 385929 259563 605728 423636 820489 923113 718100 857893 190941 584768 504234 487869 516268 757520 142526 186328 544006 311126 271865 825438 497897 469878 640054 457194 999999999 523160 41905 582871 831633 432656 531495 630879 687979 252474 355635 477169 489373 141053 414671 401945 825122 90465 770014 52263 600281 313615 622486 535523 842323 552787 223736 450855 672710 709029 723450 441706 176779 534578 889438 305230 398918 686522 228277 655331 825538 150119 405458 106004 709429 215259 184938 19442 439350 172591 740042 850714 365572 389024 337582 226612 571177 122534 317877 492592 670770 357789
319525 496223 568574 322820 378622 605656 464816 380774 722099 540139 256350 173470 444361 439769 367887 292950 666119 263003 428037 400180 200205 587117 340811 282715 45704 135335 392705 260349 527843 696036 125128 483236 283095 302406 117475 53390 256639 865980 523160 999999999 481644 59743 658984 332003 157061 158391 231129 449059 824088 383911 421073 430892 747430 851589 302712 443661 256520 478846 260096 660802 99595 572551 324270 189501 392329 511930 291145 189899 662204 389204 425203 174999 676844 521511 391917 180719 669035 296380 333985 609498 188050 530261 240524 346162 367671 505820 452465 597946 266224 477531 784618 419413 429521 598556 361316 640760 285582 32769 661681 197203
740056 480252 456965 320648 683804 771475 819286 373435 340287 223455 608631 390642 336649 291550 353438 223219 599431 385248 786388 881701 677128 831399 152662 545965 462385 446342 491507 715669 149654 226561 502333 290849 235450 783990 458852 428325 599732 485948 41905 481644 999999999 541373 811415 405079 490229 591438 646511 238918 391097 444586 458837 109680 432501 435343 783803 60165 729386 21325 560605 329547 580893 524773 800461 515993 191425 428456 637478 667965 709664 410062 156778 497427 867206 290174 368071 644617 256291 620894 786259 178068 364385 117695 667842 182402 152160 24342 412350 194000 701291 817951 394069 369692 320313 230858 535592 161346 279066 451229 660065 319247
280244 528514 607109 370562 366694 607580 436834 422870 776699 595563 244096 218177 489277 489800 411967 349806 696351 303750 400686 340440 142791 576604 399831 293253 91020 169012 417983 213059 585079 755163 137809 533942 339525 242662 146385 113124 249913 919179 582871 59743 541373 999999999 661036 367581 175204 129645 202648 501301 880923 417637 454466 489684 797455 907267 243076 502998 200248 538578 264811 713305 40825 604391 266989 197879 448574 552494 276500 131988 678969 427359 481798 188654 672406 573056 434741 133296 725768 287162 283848 667514 236579 588517 206271 403254 425638 565555 492299 655034 224749 452218 839148 460700 475606 655005 380110 700486 338762 90895 684625 251314
486610 341912 413906 903155 310527 53469 350790 978583 751364 1006069 422324 797008 481155 983323 958730 628120 329989 881692 360666 763736 640316 152296 692656 941304 699625 784734 328345 829472 714287 889753 784075 1013610 619751 721521 548037 663077 910294 812524 831633 658984 811415 661036 999999999 421992 815125 543279 857106 581615 882372 1009569 1044957 856490 667595 866513 707154 751640 629521 826761 918881 668967 676612 332836 803142 469484 883064 1102376 396198 645305 166270 1001000 655561 484704 73959 1037658 985153 766972 776633 378287 566819 783290 795771 748075 853750 643265 669614 828074 1051726 746233 520691 324397 789508 442611 494591 1034811 1014054 935429 840238 647519 238890 592860
409212 165291 240078 492445 294924 376358 435594 569255 477180 585821 262225 413001 145222 563323 548183 206223 335977 486294 407499 641016 440046 426407 272787 583573 356242 421429 93813 579553 346500 539336 443443 592200 197762 556121 221209 307881 580399 599876 432656 332003 405079 367581 421992 999999999 463399 318663 562980 213144 602952 610127 643160 436581 460904 612501 548278 345196 469964 417409 571571 398327 402303 241492 611544 202489 461221 687347 277953 436872 363586 595621 259223 197249 469618 615685 574208 500517 458110 253414 480959 431074 404170 371541 570978 226513 255176 425004 640271 401852 392906 428852 535221 102829 140986 618561 637354 548736 427277 305754 344623 185837
454008 628295 687954 232473 534475 761903 611892 265868 783448 479623 411639 99897 551880 352605 260142 360187 798893 151445 575625 450050 295471 743610 380563 126232 115645 47976 535834 238125 576350 716364 38004 397538 354443 358808 268498 157793 122921 932485 531495 157061 490229 175204 815125 463399 999999999 303807 157373 531125 867992 247471 283459 409277 830264 903667 365811 469584 352476 480798 108385 734649 187358 704039 341597 345973 345680 389371 445803 283698 810499 262812 483901 330436 833895 438629 278901 185718 717119 452652 447419 647529 126423 568507 180369 406519 418395 512318 329005 645174 397998 626818 845127 536760 534332 544008 205959 635550 227865 168498 804018 292859
163152 462628 553916 479182 240529 490178 308489 539019 775465 683878 120989 331707 458639 593611 525724 375987 621491 421392 272022 323827 122573 449740 440143 422857 203554 291436 341941 291940 603465 787642 266944 636091 363988 237523 133594 197129 375635 909091 630879 158391 591438 129645 543279 318663 303807 999999999 314201 496389 891221 541210 578318 561095 775799 910055 229666 543740 153342 593115 393863 703325 134926 535109 297894 116864 535275 670274 150129 121170 579801 547498 499355 122067 548932 673078 550025 224191 737681 165053 194912 689933 344985 614757 310512 427584 455003 615675 610854 670720 113654 323011 836596 420714 449339 738603 509392 752752 436817 170522 595721 273981
424163 726665 799521 380907 553579 803862 596105 398148 929637 630603 435119 257141 672662 496842 397953 499914 895967 297167 562925 329304 243406 760867 529858 180121 215021 200222 619453 95428 725484 872112 145948 540946 492350 253941 344597 264543 96625 1077285 687979 231129 646511 202648 857106 562980 157373 314201 999999999 666897 1019760 358548 388846 566599 967405 1053314 265787 623188 287492 637625 143032 875645 180710 802921 208564 400216 501478 506465 463709 233707 881463 384834 628897 391288 862589 582179 411655 97432 867216 479172 388660 799829 283698 720280 25784 549807 565134 668896 448816 795131 370335 616199 991855 649825 656908 695801 273167 792916 384188 259407 886958 417213
612717 243565 221578 459089 507898 545725 648641 531163 279312 455565 467027 448142 100580 484280 508806 171451 363906 489508 620614 817664 608616 620622 179789 628621 453019 483277 279456 709234 137242 327814 525732 498812 176682 725316 370824 404924 653865 418084 252474 449059 238918 501301 581615 213144 531125 496389 666897 999999999 396820 591072 616361 313911 300527 413666 720371 183381 649166 257410 629258 212003 541423 286008 766106 390473 371980 622535 487050 602661 471393 565004 86245 378052 642039 509516 531074 629774 247011 464017 677689 218801 428309 167811 681759 133055 137777 251687 590038 188711 588489 641330 340947 141527 87733 469598 653208 354233 396328 416667 421219 252134
1008886 559809 470219 711496 891196 862598 1031016 760116 132735 552925 862547 770953 462206 666519 741275 531210 568047 775399 1006183 1209252 999416 964389 490233 935102 817259 821474 647849 1077793 296475 183843 873816 652644 541399 1114767 762099 774147 983587 144288 355635 824088 391097 880923 882372 602952 867992 891221 1019760 396820 999999999 832445 843212 496650 228852 56759 1111049 399128 1042934 407064 947407 217169 921740 549991 1147887 787244 579282 792587 880651 992554 729825 796531 399130 774461 953536 636548 753317 1001192 155173 856366 1074493 220528 745724 299591 1038747 477926 457644 374446 789279 226265 985294 1020228 98167 509847 462574 516261 926470 311957 669019 791397 658527 630778
697845 761924 793397 132376 756200 958022 848719 72873 782368 322949 636723 216699 649161 179988 91252 435502 924522 128117 811948 683644 542896 959920 411556 181878 338239 249861 698307 453664 577455 655843 285080 214389 436945 598318 471214 358300 267019 929906 477169 383911 444586 417637 1009569 610127 247471 541210 358548 591072 832445 999999999 37167 336219 861484 879032 607032 455634 599656 426740 217106 758124 434315 831785 566085 556216 253551 147929 672121 531128 973636 38268 516568 537238 1039400 251704 81882 422933 700513 673676 694838 622552 214149 554793 384183 459259 454220 458766 91281 635028 642368 861255 838081 651889 629367 386687 111593 543954 195240 380553 951357 424729
734703 793158 821864 157859 793152 993570 885878 86791 798414 319713 673808 253544 677719 180814 108604 464476 954423 164321 849109 715757 578659 996572 436572 209828 375397 286930 732093 484231 595889 664351 321223 209114 466538 631738 507899 395268 295364 944785 489373 421073 458837 454466 1044957 643160 283459 578318 388846 616361 843212 37167 999999999 349404 881216 891092 640785 474157 635176 440136 246197 777581 470592 862210 597104 592975 267539 119971 709217 566901 1006746 51395 539784 573913 1075449 243150 90780 456549 715121 710650 730870 636822 250205 571562 414286 485620 478866 471483 71103 651228 679160 898421 852906 682082 657865 381398 128578 548765 223039 417643 983174 458255
718736 541378 535355 216407 690410 812452 818866 264468 449937 149586 599812 309976 401951 183334 244967 232388 677327 287984 783997 827697 630959 857704 163950 449297 403257 369539 528975 643310 253877 323615 427280 188092 242658 730138 434832 378329 510047 595462 141053 430892 109680 489684 856490 436581 409277 561095 566599 313911 496650 336219 349404 999999999 539598 542813 731943 137674 686430 90749 467587 436067 526728 595442 736411 504774 82696 321818 631859 620775 771480 301069 227783 484667 906181 195633 258695 577720 365795 619422 754421 287444 283482 225340 589550 213857 189975 122547 302988 303363 674279 821121 503592 425811 383324 186074 430771 227177 185078 403925 728946 305513
866684 369957 268953 730160 723521 653576 858292 794436 124018 644943 720651 743736 317324 722921 772888 470131 344213 774686 838265 1099592 894170 764058 460373 922333 753285 782306 478534 1007754 286233 325933 826029 723205 476408 1011303 660025 704838 952610 148877 414671 747430 432501 797455 667595 460904 830264 775799 967405 300527 228852 861484 881216 539598 999999999 201308 1004735 407298 928728 453466 925726 103762 836829 341584 1058733 661809 616741 860790 731564 889525 509102 830485 351999 653832 740429 719773 791296 927933 204167 704898 941174 271004 722185 314855 982077 425037 418376 427802 841506 242322 853607 843762 130690 358303 326709 629372 937114 438521 673581 715401 436279 551613
1021078 554022 459190 755891 895131 849931 1033737 807108 135502 605841 874172 807996 468766 715971 787781 559023 545426 817099 1010456 1230765 1021282 956142 523663 975591 847417 856606 649816 1107948 327836 237519 907585 703751 568548 1137502 783375 802885 1021064 90718 401945 851589 435343 907267 866513 612501 903667 910055 1053314 413666 56759 879032 891092 542813 201308 999999999 1133080 437796 1062762 452425 986402 215982 947981 536566 1174087 802883 625494 844020 890298 1014925 709831 843650 426925 791251 938758 688982 800786 1030358 186574 865189 1089411 259817 783263 336297 1071514 506477 488559 420266 838798 258502 1000322 1021609 79565 515476 471526 570939 970722 366333 710849 818822 637294 656065
221688 687900 781955 593332 400113 657624 386042 631660 999570 831081 316768 443215 687890 714518 625614 584029 840573 516046 360746 98648 111800 581158 639552 439774 329117 384401 565282 181009 818103 994375 331933 759471 572857 15717 349723 356084 361032 1136118 825122 302712 783803 243076 707154 548278 365811 229666 265787 720371 1111049 607032 640785 731943 1004735 1133080 999999999 743520 82788 781457 402765 929826 205215 758143 100474 346025 686590 752873 327663 118563 777751 626817 713696 351618 692458 800004 644711 184245 956259 353352 151484 902741 466041 824908 244760 637410 662045 808049 692937 887138 188967 410903 1061319 650377 678045 892496 534842 943385 572483 332581 804642 481858
688557 422152 404012 325964 626073 711447 762490 387438 328797 272656 554342 371921 278922 318926 366102 169874 546597 380528 730045 841941 634978 771414 104300 537907 428925 423652 431344 686781 121843 252777 477476 325761 182176 744635 410314 390949 584460 478123 90465 443661 60165 502998 751640 345196 469584 543740 623188 183381 399128 455634 474157 137674 407298 437796 743520 999999999 685548 75479 548757 303568 543252 469175 766189 462914 209968 458199 582293 626326 652111 423669 98679 444933 807127 331295 384041 613057 252231 564867 737938 178733 346604 102088 643203 124830 94489 80110 434950 182454 651747 760515 387081 310453 262003 287263 538128 212500 274957 412148 604194 269861
