NAME : synthetic_000413
TYPE : CTSP-D
DIMENSION : 100
GROUPS : 8
RELAXATION_LEVEL : 1
EDGE_WEIGHT_TYPE : EXPLICIT
EDGE_WEIGHT_FORMAT : FULL_MATRIX
EDGE_WEIGHT_SECTION
999999999 929596 252960 1027053 427038 737874 290019 609914 305586 798588 719841 822842 455702 1068590 906895 762296 611678 714458 317960 510896 670642 869095 904880 772912 233847 600808 547107 518847 202732 695841 678367 917991 731929 317539 428423 1021232 793499 800594 555549 503572 488080 891409 640255 829911 349261 832250 637657 905309 572454 500279 630818 522079 791383 833550 483491 655920 714554 467028 281387 527652 521461 11111 587659 781497 532596 434849 127407 219243 525005 639979 156659 260691 177008 514297 84565 617563 570289 1054927 813926 435399 837326 359224 552161 727368 987755 817259 505032 758135 661925 533176 622493 646221 432914 730882 55999 546834 405966 796921 859482 397626
929596 999999999 733436 793960 658787 747270 993320 1084251 648492 1054684 700535 705681 475530 891000 379641 1061172 1135106 218364 612851 475849 857051 890880 387329 592905 719988 1171154 421293 1188849 727304 1287098 321745 528968 513516 632523 1042110 729410 826836 160964 1230588 791162 779642 221835 666943 674521 718702 919471 1257600 899528 845291 452707 416098 577508 812529 607805 1084994 752152 1305740 520833 688039 1017104 875606 940621 1243377 556199 689241 1138821 808775 725110 752579 675379 858551 687224 752599 838400 976874 368271 518583 770483 553113 1143112 1005589 570771 1187171 242725 626405 423606 1137883 718045 1131634 927539 1274793 1197006 859640 593400 974350 1234981 1120479 309143 797484 607399
252960 733436 999999999 783482 176995 502945 274006 500315 89147 629409 478804 579271 270053 832525 659363 602723 526203 533018 195761 274581 463933 649540 656820 521676 232328 538352 422694 506155 129620 653402 447702 665055 478986 105939 367874 773030 568719 588032 549250 292446 273838 659700 396194 583249 108746 622331 605794 683864 373399 372181 387175 269122 564194 582531 423847 425644 673550 227776 46332 412189 341108 261431 572199 528961 292217 437039 199460 210970 300286 397065 303456 69723 146637 319872 331904 387472 318532 808292 561260 440315 647322 196470 521088 508309 735644 566893 467521 518189 557073 373022 607791 578489 261088 479844 275545 548122 413008 556878 625419 148463
1027053 793960 783482 999999999 607165 295954 853869 677109 772373 483752 307376 204403 768215 97792 414792 521660 734906 790965 866291 628584 415267 249167 406921 283817 974154 788770 907088 883284 893027 862834 588722 265055 364444 771120 786300 71017 274255 676530 907410 540556 551371 572142 387560 202679 679002 311056 872008 223238 501058 886477 534560 533097 267806 229909 785931 380159 873201 644491 772137 676544 566142 1033504 896422 298731 494479 892804 979552 959438 508834 387313 1081267 809356 918361 551234 1110288 607482 514493 51962 279290 897828 395859 816188 851583 640050 172622 387150 829912 269932 688176 592441 909754 783124 635981 319348 1032928 921511 895277 506606 188064 666160
427038 658787 176995 607165 999999999 332907 350557 449375 176639 513120 304679 403312 274457 659227 509058 496735 492159 490266 294506 187116 322630 488961 505283 345876 380273 521132 453112 530087 289301 639197 342531 495673 310682 181260 383326 596055 405619 500612 571960 169706 151461 539539 220892 406373 82693 470390 603925 521215 250718 408972 258979 104781 399213 406529 427221 261814 658687 149647 166734 370799 247746 434731 585781 355624 123419 482180 372686 362468 154596 222520 475264 206359 313035 213863 507891 290660 166020 631341 388361 486663 511760 260129 529820 417421 560984 410595 479626 344415 503164 295479 618090 552382 205454 303847 442562 576195 465842 425859 454484 88400
737874 747270 502945 295954 332907 999999999 558956 425783 508031 313169 47743 106293 551512 330893 428894 329177 485332 663417 617735 414561 146412 168441 421195 165266 712469 536336 717258 613486 621924 630566 454774 319337 233943 510435 501228 308783 86781 595353 643346 244616 255826 548858 120289 133305 395048 176563 625516 194853 211584 684612 367961 287066 75042 187937 509360 84242 644892 412783 499251 402891 276191 743673 638596 203510 211099 610907 702178 695140 214357 115464 805831 539251 644885 257263 821960 443566 298425 332733 222095 616011 258357 574306 588088 529230 322521 340275 557930 39831 453238 310092 658237 542107 340693 154319 740314 655547 610073 439980 122502 407028
290019 993320 274006 853869 350557 558956 999999999 324163 362893 533540 558124 660432 542789 873559 853794 492538 321862 801887 459742 519078 450751 652380 849299 649762 447640 311803 695084 244596 356018 412868 687668 816832 641898 379631 138646 866116 589990 840439 286033 317355 310742 889715 496714 678163 277445 604119 357472 689653 355534 644385 608865 452699 592323 704450 193577 475648 432339 472998 319679 248008 292067 288050 313850 671411 395760 167029 356635 425591 355918 492798 435223 338564 351769 302730 361904 631430 515785 891672 703859 169620 587211 469382 270310 757872 860367 752789 219603 589908 373941 282191 349885 356990 218328 609686 255907 281864 140831 776405 669634 386117
609914 1084251 500315 677109 449375 425783 324163 999999999 570089 239619 452776 528606 718637 663421 833244 192917 59583 935887 692747 632548 279475 434120 826435 576712 723581 112159 894732 214983 620917 209307 762846 742533 614201 583653 188758 713395 406794 923294 232292 293939 307267 922740 439741 558575 428609 373427 199835 467711 244421 847377 668154 509273 416356 611830 147980 368832 226005 598725 533000 88380 209050 609213 219318 611164 395048 254109 652862 701067 331686 431928 744428 568760 627589 246265 685234 722446 565849 724914 637001 258148 317092 679343 177225 842713 745959 734182 169940 465476 56763 157347 234274 118247 250049 549015 579688 247521 270242 804464 493261 529679
305586 648492 89147 772373 176639 508031 362893 570089 999999999 675486 476847 571128 181063 830455 602895 653504 600955 445079 125581 205313 494568 665599 601240 497912 204500 617236 336441 592016 123353 733806 374506 626253 442364 16794 451014 753994 582191 506890 635211 329598 310273 587788 392393 569750 145987 646125 688282 697739 413099 286348 325907 240584 575588 558529 505625 438449 753938 161911 43244 483264 392813 315589 657024 498846 300017 524811 216426 187902 325654 395122 312296 45005 151024 365635 375038 313620 275907 791939 529688 528210 682761 111402 604807 429246 705677 516446 551329 516655 626647 431645 692322 655714 322567 457617 339326 634737 501273 491347 628564 106576
798588 1054684 629409 483752 513120 313169 533540 239619 675486 999999999 357158 390012 782492 448945 740321 47023 285277 948492 800428 664346 204142 235841 732444 477948 861692 337258 960234 452578 758845 387122 748501 618663 544561 684875 412780 534205 250453 898790 464011 346506 365768 861488 390947 424656 531146 175949 407431 260908 263234 918983 655128 526773 264454 490923 383556 305164 395009 644925 648402 289000 288689 800212 444114 516354 409228 492667 813075 840371 359615 382663 913397 689261 772997 310719 879943 724785 565023 535041 532647 496888 89285 771962 411634 826850 591808 653442 409551 348644 225786 266106 448697 318318 373978 466156 778637 480418 506715 750519 322309 601512
719841 700535 478804 307376 304679 47743 558124 452776 476847 357158 999999999 104300 509865 354552 389457 370368 511941 615874 582485 371519 177330 213125 381986 126170 681209 561420 673209 631447 593709 660148 407057 289937 187808 478045 511869 309246 133682 547980 663381 240780 248781 504353 84456 120245 372708 224263 651465 236826 224224 641702 320670 248304 121090 160282 525113 88305 675258 372535 471339 421605 286147 726203 660911 163234 187572 622721 676879 664671 204515 82165 779838 510349 617711 261930 803275 396545 254259 338350 185614 627836 305452 537292 608821 481510 307306 297607 575424 39826 484280 325684 682425 570410 340591 109002 725708 674751 619709 394009 152906 373448
822842 705681 579271 204403 403312 106293 660432 528606 571128 390012 104300 999999999 584007 261122 357227 414152 588177 652701 670353 443357 249623 186420 349048 116650 774363 639940 736927 719483 690533 730686 441955 228652 205201 570843 607161 205744 139565 563722 748863 343538 352420 494383 183181 34872 474601 225163 728418 194151 317459 710275 368401 334615 125615 103715 615629 185441 744233 452577 568989 508917 381700 829389 743341 150373 290256 717054 775957 758843 308514 182937 878141 606872 715408 360954 905962 445195 325546 234050 153965 722160 319165 622327 693451 508212 217486 283511 664025 70719 552715 416382 762094 643577 442284 135450 829623 761270 715875 397248 92113 465665
455702 475530 270053 768215 274457 551512 542789 718637 181063 782492 509865 584007 999999999 842449 505133 769169 756739 265782 146546 140692 584098 719516 505785 484600 267253 779395 178736 765828 252972 897456 247159 569489 406469 164297 621567 734105 635857 346269 809018 443811 425831 450530 431836 571856 294209 715160 855809 746079 523046 136738 244613 266537 625831 539391 673546 502338 917418 140506 223779 635826 521772 466626 828746 471540 374935 702224 339503 265504 423418 437643 406711 214654 279406 488308 509296 192953 258628 776129 496287 705841 771043 96952 774945 278040 664486 439523 721987 546841 773748 568181 863364 814755 469171 451880 499059 809715 679669 376617 659938 189276
1068590 891000 832525 97792 659227 330893 873559 663421 830455 448945 354552 261122 842449 999999999 512200 491429 718665 881584 931447 701844 423968 230451 504277 360006 1034359 772679 988602 875640 948207 835447 676332 362052 445703 830838 792266 167206 283598 770941 895709 570060 583367 669255 438668 270603 725301 290042 851176 195749 518104 965255 615961 595615 282063 312608 784707 412883 843861 713224 825888 675631 581680 1074255 881205 380854 540345 894310 1031150 1018353 543999 436717 1134296 864770 972262 572734 1152762 690746 585014 135089 365644 899199 359735 883393 840447 731260 270196 480320 824619 314820 666449 600209 890857 761503 659210 390580 1069693 910791 899905 600438 209197 725742
906895 379641 659363 414792 509058 428894 853794 833244 602895 740321 389457 357227 505133 512200 999999999 758071 890935 415528 643278 400314 565817 541826 8327 263887 765798 936948 583339 988877 720480 1042481 261379 150677 221580 592913 852484 349772 493267 279130 1025616 568548 565296 157981 394747 322807 590458 582101 1027476 543052 591071 581196 277362 404301 478741 253521 879898 465960 1058670 441088 625823 787576 641523 916435 1028875 226233 468442 961930 815091 759432 524521 402200 899835 647823 749226 608012 977897 312190 344756 391044 207682 966882 675210 588332 973976 272022 247015 102300 933167 391889 869744 689870 1054359 951468 662329 285096 934669 1034535 951718 133892 443849 511063
762296 1061172 602723 521660 496735 329177 492538 192917 653504 47023 370368 414152 769169 491429 758071 999999999 238303 946146 778967 656148 204333 272545 750365 494341 834919 290454 947654 405561 731559 344048 750214 642107 555554 663744 368859 569220 275805 903541 417137 327648 346567 873446 394446 448249 507985 210985 361981 300327 246230 905024 655711 519523 289050 512451 337801 309021 352924 633730 624350 246039 261983 763501 397596 532419 400024 446413 782018 813277 346020 386028 881109 664645 744433 287974 842772 722967 562030 572431 551010 450583 132459 753123 364636 829439 621649 667974 362789 366694 179282 233154 402925 272574 343801 478830 740410 433502 460972 760278 353252 584939
611678 1135106 526203 734906 492159 485332 321862 59583 600955 285277 511941 588177 756739 718665 890935 238303 999999999 981413 721052 677619 339048 490376 884209 635496 742796 54063 930810 168556 641676 153172 813386 801792 671219 615317 183266 772203 465647 974175 179157 343963 355777 977671 496764 618153 463635 429136 140253 523239 300645 882546 719294 558363 475422 671201 130421 427461 171051 641792 561998 121450 259909 609898 162545 669653 446900 222321 665606 720199 383626 489074 752717 595619 645840 296977 683138 771062 616561 783085 695815 225617 367428 711590 126409 892922 805512 791394 133286 525008 63786 208057 175256 62018 288229 607197 576883 195318 243098 859181 551912 569040
714458 218364 533018 790965 490266 663417 801887 935887 445079 948492 615874 652701 265782 881584 415528 946146 981413 999999999 396677 303799 744525 825058 420443 536472 501712 1011398 209672 1013498 513257 1129436 210971 539013 447515 428516 866862 737454 749382 146924 1056262 643849 629141 288515 560189 628081 536382 839870 1093624 842180 710784 235787 296127 430775 736305 571845 914694 644773 1148885 341835 486765 860392 728270 725534 1072748 506881 550647 955930 592026 507206 611305 568148 640191 480386 537605 691574 759344 223727 384123 781179 516973 959876 915137 357701 1017372 151170 643960 405316 965828 643330 987582 779088 1106024 1042143 695720 521508 760826 1058726 935174 290828 742755 423272
317960 612851 195761 866291 294506 617735 459742 692747 125581 800428 582485 670353 146546 931447 643278 778967 721052 396677 999999999 250876 616412 779972 643202 584732 122684 734099 240756 698728 119801 849082 390440 692552 517051 115579 563032 840615 695872 491326 741557 454106 434797 596775 498806 664494 271550 764434 800931 810659 537600 190669 371572 335925 688175 643545 619380 553574 869228 223696 159754 605220 518393 329055 765804 578981 415748 626117 196047 119071 447494 502684 260562 126046 141702 491030 365134 333063 353626 880741 607278 628993 805271 55051 715671 424573 781239 569482 662137 621830 749454 556852 801608 774047 447049 547145 365773 739373 600541 518442 735378 211410
510896 475849 274581 628584 187116 414561 519078 632548 205313 664346 371519 443357 140692 701844 400314 656148 677619 303799 250876 999999999 461642 582989 399246 344774 370909 707946 303443 715285 320225 825852 173308 441728 269635 193863 568297 596672 500077 321362 757550 342281 326719 385215 296343 431281 242965 582517 791041 608287 413881 270193 123352 137731 489397 400713 613798 372033 845243 47213 234377 556601 425927 520898 772300 333701 256124 663101 414797 362218 312998 302776 500970 250222 348978 389668 578853 113818 118293 638135 360060 667358 644395 196499 716487 238946 531943 320049 665810 407691 684846 476202 804901 738355 392374 311327 543540 761118 644631 286035 520235 133615
670642 857051 463933 415267 322630 146412 450751 279475 494568 204142 177330 249623 584098 423968 565817 204333 339048 744525 616412 461642 999999999 202563 558492 303422 691629 390418 760416 472373 592203 484421 546255 464795 355218 501639 371351 441962 142157 699215 500200 171921 190168 672675 190158 279117 357536 161661 479280 239767 98831 720835 452128 323911 147471 333545 371632 105141 499016 444804 473859 262830 158861 674611 493840 339977 209168 477588 659488 671665 169009 181732 763130 515478 610569 156869 755008 520873 360887 459039 362922 482622 189147 582512 444573 625281 467109 471227 417653 186193 307563 177616 512514 395714 242036 281589 662939 513068 480175 557950 227205 409704
869095 890880 649540 249167 488961 168441 652380 434120 665599 235841 213125 186420 719516 230451 541826 272545 490376 825058 779972 582989 202563 999999999 533567 298302 868742 544437 885660 645388 773953 614132 614578 404798 382541 669623 563767 298489 84290 745805 666223 365689 381901 680789 287697 219743 540872 62066 625364 37276 300879 852987 531931 454044 93691 289018 554476 227151 624209 580229 652089 445618 361156 873591 652800 334682 365611 664365 848398 850275 349590 282089 952523 693164 794958 358321 953646 608427 466738 299898 340382 669223 150413 738688 610761 685590 362129 469786 594178 181918 440816 373828 664069 536003 444257 304631 863830 681087 670670 581873 98447 568563
904880 387329 656820 406921 505283 421195 849299 826435 601240 732444 381986 349048 505785 504277 8327 750365 884209 420443 643202 399246 558492 533567 999999999 256287 765637 930378 586381 982940 719281 1035642 263020 142603 215506 591444 846910 342132 485226 285070 1019548 562757 559711 165572 388245 314603 586875 573962 1020917 534739 584503 583554 276086 400503 470705 245336 873966 458910 1051776 439546 623681 781248 635312 914369 1022616 218752 463012 956492 813920 759036 518719 395645 899246 646130 748016 601949 976276 312843 341438 383541 199797 961452 667128 588215 967787 275980 239568 96986 927187 384081 862698 683501 1047967 944670 656907 278019 932228 1028549 946460 136698 435571 508630
772912 592905 521676 283817 345876 165266 649762 576712 497912 477948 126170 116650 484600 360006 263887 494341 635496 536472 584732 344774 303422 298302 256287 999999999 695902 683896 628848 747668 620679 784947 326021 170999 89154 494814 620833 256603 236008 448060 781467 338311 340960 386921 154260 92482 425405 328010 774282 309709 340928 605325 256847 257538 221474 60947 639756 208102 800372 361733 503352 539957 398452 780584 781013 38463 255586 732078 710860 682462 296070 159401 809881 537718 647335 369297 853437 332765 231459 296051 60339 737168 417700 533641 727763 391562 215963 176304 691491 129616 609822 442500 803941 694732 438648 42136 787031 792001 726299 283769 208190 391445
233847 719988 232328 974154 380273 712469 447640 723581 204500 861692 681209 774363 267253 1034359 765798 834919 742796 501712 122684 370909 691629 868742 765637 695902 999999999 747039 317915 692234 103679 856377 512855 811446 632859 203545 570120 952498 785739 607576 733446 521877 502843 717667 596758 771517 334349 846816 803350 901383 604126 274136 492917 441057 779481 755760 628117 641772 876261 339520 217941 635273 573430 244561 761455 693069 503621 612983 107816 22597 524242 599581 140509 176365 97257 551731 260733 455730 467112 991570 722444 614976 877456 177482 716252 544187 897598 690647 663908 720997 779956 604249 797505 789965 492265 656811 288291 728457 585237 641089 833058 308709
600808 1171154 538352 788770 521132 536336 311803 112159 617236 337258 561420 639940 779395 772679 936948 290454 54063 1011398 734099 707946 390418 544437 930378 683896 747039 999999999 950799 122401 648000 118328 849540 851347 716331 632273 177501 825545 518945 1010460 126875 381825 391935 1019278 542231 669442 485189 483195 90559 577286 345879 901750 756396 593647 528507 721210 119603 475831 138132 670129 576780 154310 299781 598078 108533 717383 485919 188389 664301 724490 423183 534749 746803 608076 649782 336129 668321 805046 653465 836817 744232 190830 420594 728550 77504 928519 857399 836671 100719 575868 112096 248878 122248 45539 315679 654398 562234 143523 212767 900625 605370 593961
547107 421293 422694 907088 453112 717258 695084 894732 336441 960234 673209 736927 178736 988602 583339 947654 930810 209672 240756 303443 760416 885660 586381 628848 317915 950799 999999999 928320 359075 1068225 329908 680663 543303 320461 787264 864379 803182 346972 971492 622544 604531 482511 599723 720075 467188 885926 1024063 909916 701632 50725 372839 438737 792241 677620 841324 674752 1088305 315645 379025 810621 700109 558137 993464 608770 551598 859605 419926 328906 601724 606211 448801 356521 377445 666911 578364 300032 418992 907779 628287 862806 945916 226224 941098 314641 782748 543766 887664 708070 950288 745935 1028738 987672 644733 601716 598790 970708 835157 449689 818799 367080
518847 1188849 506155 883284 530087 613486 244596 214983 592016 452578 631447 719483 765828 875640 988877 405561 168556 1013498 698728 715285 472373 645388 982940 747668 692234 122401 928320 999999999 599621 179933 870652 918201 767459 608222 146989 914105 609574 1030158 43222 420664 425644 1055285 597801 746189 477218 585812 119996 679993 407635 877998 781624 617099 617421 791320 108981 543325 197477 673079 549296 210596 349586 514414 69571 778085 523252 84179 599612 670184 464582 591205 671669 574323 596268 381302 578130 820623 680054 929307 807328 84180 532025 702288 45607 947062 935788 886880 56177 651723 231655 305873 105437 160359 333338 713970 474159 46418 112979 937217 696456 590239
202732 727304 129620 893027 289301 621924 356018 620917 123353 758845 593709 690533 252972 948207 720480 731559 641676 513257 119801 320225 592203 773953 719281 620679 103679 648000 359075 599621 999999999 759249 481115 749154 565641 129486 472105 876372 691888 598250 641656 421306 402487 693016 509550 690690 234841 749279 707707 807475 502796 309585 443195 363150 686448 681407 529869 547977 779259 280553 122672 532551 470341 213665 668211 622150 411175 522932 94664 81741 426453 511563 189203 83681 28755 449491 260793 420842 399064 913858 653037 525346 776607 156598 620997 526187 829025 636975 568042 633502 677421 500611 704270 690261 388644 580088 247571 637871 496068 603790 743742 229294
695841 1287098 653402 862834 639197 630566 412868 209307 733806 387122 660148 730686 897456 835447 1042481 344048 153172 1129436 849082 825852 484421 614132 1035642 784947 856377 118328 1068225 179933 759249 999999999 965358 949139 823483 749053 287273 905841 601690 1126243 152557 496329 507455 1130825 649011 762007 603253 552071 60457 643681 453318 1018980 871628 709808 612779 817957 229952 577505 20150 788330 692866 270290 412749 691939 117685 819848 599713 263469 769251 833949 536525 641218 846510 723060 759289 449687 757380 921888 768777 912731 845131 263887 475936 845200 143705 1044656 946772 943487 193331 670397 178032 361011 93427 91400 433785 758033 652780 167315 291875 1012347 685918 712276
678367 321745 447702 588722 342531 454774 687668 762846 374506 748501 407057 441955 247159 676332 261379 750214 813386 210971 390440 173308 546255 614578 263020 326021 512855 849540 329908 870652 481115 965358 999999999 351190 236906 361330 724570 540301 540059 160921 911854 469473 457905 213288 357591 418039 410223 631319 936324 631261 525750 322066 95487 255998 526733 364334 765438 443337 983995 220453 406562 695420 554022 688700 923446 297777 368105 824711 573963 508969 431329 365850 650555 418646 509553 516800 741901 60892 196999 584066 310701 829192 709482 336557 867158 80179 454244 214057 818686 433133 810891 605941 954336 875272 539349 310607 713831 916972 808128 129847 531800 305640
917991 528968 665055 265055 495673 319337 816832 742533 626253 618663 289937 228652 569489 362052 150677 642107 801792 539013 692552 441728 464795 404798 142603 170999 811446 851347 680663 918201 749154 949139 351190 999999999 186071 619830 791782 202627 368212 415286 951506 508609 510362 307203 324556 194088 577945 451290 941399 401469 510885 668994 324936 396060 354248 131401 810513 376317 963810 472400 639794 709747 569287 926472 950180 145428 421086 903014 842666 801218 465841 330074 936380 669337 777196 540292 995346 385269 350510 245401 113254 908102 546170 638215 897455 388415 104949 137205 862031 279654 772288 612642 972212 859894 608495 208179 937504 962302 896969 248750 306485 523428
731929 513516 478986 364444 310682 233943 641898 614201 442364 544561 187808 205201 406469 445703 221580 555554 671219 447515 517051 269635 355218 382541 215506 89154 632859 716331 543303 767459 565641 823483 236906 186071 999999999 436876 632207 327643 313886 363864 804054 347538 345178 317919 174479 181460 393266 406546 806778 396481 370701 522041 170464 210013 299743 134551 658492 251414 840110 293728 454255 566201 419985 740401 807368 65723 249547 742266 658471 621247 303496 182276 753913 484780 593370 386450 809500 245136 166747 369729 90462 747259 492126 464036 752411 303783 264747 120354 711686 204957 653000 468611 833092 732219 442998 79896 751700 813046 733110 206201 295832 338271
317539 632523 105939 771120 181260 510435 379631 583653 16794 684875 478045 570843 164297 830838 592913 663744 615317 428516 115579 193863 501639 669623 591444 494814 203545 632273 320461 608222 129486 749053 361330 619830 436876 999999999 466829 751244 585925 491780 651427 338527 319219 574593 393641 568441 157524 651597 703898 701302 422022 270517 315615 238282 578958 555202 521194 442547 769177 151934 59953 497143 403797 327713 673044 494480 304115 541347 223756 188321 332631 396707 317038 57366 157852 375770 385174 300446 270144 789652 524936 544767 690259 96345 620653 414658 700871 507875 567207 517789 640123 443624 708285 670455 335354 454971 352753 651064 517896 479637 630272 105178
428423 1042110 367874 786300 383326 501228 138646 188758 451014 412780 511869 607161 621567 792266 852484 368859 183266 866862 563032 568297 371351 563767 846910 620833 570120 177501 787264 146989 472105 287273 724570 791782 632207 466829 999999999 808836 513399 883703 189455 285121 287199 912142 467688 630530 330891 509315 237933 600424 289704 737330 636486 472259 518702 668916 58032 424003 307337 526155 409032 124548 225878 426642 207195 648655 384250 111261 486890 547611 329028 461839 570908 437242 472889 251705 500332 673959 535641 828885 679248 116359 476688 562165 153839 800557 819141 750194 100511 537140 236110 193862 241876 221627 190941 584591 394177 192910 109102 794605 598353 443708
1021232 729410 773030 71017 596055 308783 866116 713395 753994 534205 309246 205744 734105 167206 349772 569220 772203 737454 840615 596672 441962 298489 342132 256603 952498 825545 864379 914105 876372 905841 540301 202627 327643 751244 808836 999999999 306602 617570 940666 549278 557951 507704 382290 192050 671972 358661 911097 277942 519825 846872 494514 513412 297409 197073 813295 390705 917277 617102 757666 704774 584724 1028291 931942 262971 490834 917544 965525 939035 513758 383594 1065490 793090 902678 565778 1103291 564443 486989 43819 238132 922625 448457 788856 884837 586292 103885 332139 859587 276211 729146 615992 947458 823263 647891 296377 1030932 954063 917884 449381 220433 647429
793499 826836 568719 274255 405619 86781 589990 406794 582191 250453 133682 139565 635857 283598 493267 275805 465647 749382 695872 500077 142157 84290 485226 236008 785739 518945 803182 609574 691888 601690 540059 368212 313886 585925 513399 306602 999999999 677435 634831 290478 305435 622913 204083 174261 459974 92671 604806 115665 234506 769789 454351 370033 14588 241353 511684 144022 614043 496308 569682 402289 298275 798451 625451 274163 282200 618896 767998 767520 270171 198228 872096 610558 713423 289504 878040 530172 384690 319741 286236 623901 182251 654410 578970 613433 347201 411983 555866 108929 424076 319760 640893 517471 376070 234168 790918 648553 622104 518085 86919 484474
800594 160964 588032 676530 500612 595353 840439 923294 506890 898790 547980 563722 346269 770941 279130 903541 974175 146924 491326 321362 699215 745805 285070 448060 607576 1010460 346972 1030158 598250 1126243 160921 415286 363864 491780 883703 617570 677435 999999999 1071625 630220 618801 141789 509112 534790 563903 770003 1097169 757637 684718 362667 255148 416880 663407 471554 925561 594747 1144851 367690 543941 856338 714643 811398 1083764 413407 528302 982151 685754 608876 591631 517522 748081 548323 625253 677439 855534 210232 357630 660625 415766 986538 853386 443186 1027504 83203 518994 291173 978653 568577 970800 766577 1114880 1036087 699761 443298 841537 1076401 964644 170808 655791 454648
555549 1230588 549250 907410 571960 643346 286033 232292 635211 464011 663381 748863 809018 895709 1025616 417137 179157 1056262 741557 757550 500200 666223 1019548 781467 733446 126875 971492 43222 641656 152557 911854 951506 804054 651427 189455 940666 634831 1071625 999999999 458358 464193 1094794 633091 776483 520085 605697 92551 699988 440640 921155 822271 657691 643349 823584 147380 575634 167945 715596 592471 241840 384713 550679 34907 812666 561663 121650 639625 711490 502074 626285 709511 617314 637795 417605 612130 862320 720386 954333 841398 120520 546560 745435 55863 988586 965865 923834 93619 682073 238935 338968 67129 155369 373509 748682 509335 17254 150364 976534 721726 633041
503572 791162 292446 540556 169706 244616 317355 293939 329598 346506 240780 343538 443811 570060 568548 327648 343963 643849 454106 342281 171921 365689 562757 338311 521877 381825 622544 420664 421306 496329 469473 508609 347538 338527 285121 549278 290478 630220 458358 999999999 19325 638848 184111 360819 187665 332276 470396 401762 83513 578674 375353 215355 289303 389909 311730 160398 514766 312957 305073 227605 84918 508278 464257 364379 104379 395827 487592 501470 44044 178985 591300 346537 439012 47820 588137 428547 272598 576134 395552 400870 355579 425850 408419 549133 544414 466407 365270 273319 344053 136647 492350 405904 100826 300602 500547 466581 388552 520211 361559 257524
488080 779642 273838 551371 151461 255826 310742 307267 310273 365768 248781 352420 425831 583367 565296 346567 355777 629141 434797 326719 190168 381901 559711 340960 502843 391935 604531 425644 402487 507455 457905 510362 345178 319219 287199 557951 305435 618801 464193 19325 999999999 631194 186882 368190 168550 349861 479704 417704 102836 560379 364463 202589 303645 394177 317015 171704 526133 296188 285884 237658 99220 493021 471434 365444 97618 397090 469651 482504 45213 182480 573479 327373 420456 63230 572630 415485 261535 585833 397123 402086 374638 406745 415345 537248 549694 463014 370751 282766 358442 150050 500343 417541 98403 302191 486459 471805 388448 512708 374439 238944
891409 221835 659700 572142 539539 548858 889715 922740 587788 861488 504353 494383 450530 669255 157981 873446 977671 288515 596775 385215 672675 680789 165572 386921 717667 1019278 482511 1055285 693016 1130825 213288 307203 317919 574593 912142 507704 622913 141789 1094794 638848 631194 999999999 486921 461653 613816 714661 1108697 686336 678516 492356 280866 441152 608365 393211 947416 568144 1148327 431928 619360 865771 719499 901791 1102623 348772 534506 1017085 784949 715845 596420 495195 857218 631923 721247 683349 953708 274180 377311 549019 340420 1021790 804529 544486 1046536 175422 404973 211315 1001189 515856 965065 770600 1131176 1039478 722093 395352 927114 1101658 1002912 118674 584919 514998
640255 666943 396194 387560 220892 120289 496714 439741 392393 390947 84456 183181 431836 438668 394747 394446 496764 560189 498806 296343 190158 287697 388245 154260 596758 542231 599723 597801 509550 649011 357591 324556 174479 393641 467688 382290 204083 509112 633091 184111 186882 486921 999999999 190272 291540 286853 632744 315115 196389 565756 264884 166781 194031 207764 489194 85841 665683 292649 387337 393336 248402 646996 634911 181014 108550 578824 593491 580224 141868 8439 696152 426103 533782 217048 723103 336940 182959 414792 211652 583899 355461 454483 580503 435958 364181 294640 541719 124265 479246 295481 659808 557741 284392 116905 648684 642822 572424 370345 236829 289175
829911 674521 583249 202679 406373 133305 678163 558575 569750 424656 120245 34872 571856 270603 322807 448249 618153 628081 664494 431281 279117 219743 314603 92482 771517 669442 720075 746189 690690 762007 418039 194088 181460 568441 630530 192050 174261 534790 776483 360819 368190 461653 190272 999999999 480734 259917 758393 225117 341357 695319 348884 330476 160203 69373 641273 206680 775849 443955 570256 535635 404659 836821 771900 122036 298800 741007 777958 756759 323472 191559 879208 607052 716251 381770 912351 425068 314865 225168 121576 746121 354018 615102 721298 481844 189616 251408 690472 94470 584193 441645 791427 674291 460815 119979 838954 788550 738806 366917 123311 463491
349261 718702 108746 679002 82693 395048 277445 428609 145987 531146 372708 474601 294209 725301 590458 507985 463635 536382 271550 242965 357536 540872 586875 425405 334349 485189 467188 477218 234841 603253 410223 577945 393266 157524 330891 671972 459974 563903 520085 187665 168550 613816 291540 480734 999999999 514568 562292 575128 270467 419159 333197 186794 455505 485621 380724 317005 623210 198117 117562 343555 246869 356375 537616 436945 185240 421016 308102 314173 191948 291711 412158 158912 254402 220554 431664 354292 246083 705836 469805 425164 543186 251565 482900 481051 641156 492707 430579 411732 484714 286115 571582 520912 178905 383270 361659 522350 401889 502595 517548 113162
832250 919471 622331 311056 470390 176563 604119 373427 646125 175949 224263 225163 715160 290042 582101 210985 429136 839870 764434 582517 161661 62066 573962 328010 846816 483195 885926 585812 749279 552071 631319 451290 406546 651597 509315 358661 92671 770003 605697 332276 349861 714661 286853 259917 514568 999999999 563540 94296 259941 850566 544141 448673 106943 328774 497141 213326 562198 574744 628978 389059 316004 836145 591651 365938 348905 607567 819436 827504 322860 280010 923324 670482 768788 318131 916580 619276 469681 361560 376350 612359 95100 726209 550405 705394 417067 503477 535358 201593 378909 322853 602430 474113 402129 326793 823788 620750 615026 610645 147953 553888
637657 1257600 605794 872008 603925 625516 357472 199835 688282 407431 651465 728418 855809 851176 1027476 361981 140253 1093624 800931 791041 479280 625364 1020917 774282 803350 90559 1024063 119996 707707 60457 936324 941399 806778 703898 237933 911097 604806 1097169 92551 470396 479704 1108697 632744 758393 562292 563540 999999999 656901 436415 974369 843835 680330 614902 811042 182738 566189 77481 751818 646615 242947 389353 633506 57933 807882 574711 203947 714095 781035 512317 625279 789330 675174 706546 425348 698021 890518 740941 920821 834620 204146 494297 799595 87205 1014876 945723 927126 139665 665161 184779 338870 42659 89686 399078 744940 593784 107931 232563 990024 690672 673199
905309 899528 683864 223238 521215 194853 689653 467711 697739 260908 236826 194151 746079 195749 543052 300327 523239 842180 810659 608287 239767 37276 534739 309709 901383 577286 909916 679993 807475 643681 631261 401469 396481 701302 600424 277942 115665 757637 699988 401762 417704 686336 315115 225117 575128 94296 656901 999999999 337960 878480 551426 481894 122486 293127 590283 259686 653114 607618 685323 481672 398413 909903 685778 344477 397801 700397 882977 883185 384431 310054 987099 726219 828866 395283 989871 628288 491054 274865 346687 705232 172637 768362 644701 700263 349787 476514 629274 202378 472137 410921 696118 567334 481324 320673 900529 715046 707064 591363 102089 599357
572454 845291 373399 501058 250718 211584 355534 244421 413099 263234 224224 317459 523046 518104 591071 246230 300645 710784 537600 413881 98831 300879 584503 340928 604126 345879 701632 407635 502796 453318 525750 510885 370701 422022 289704 519825 234506 684718 440640 83513 102836 678516 196389 341357 270467 259941 436415 337960 999999999 658800 430305 280123 236874 383733 300899 135928 470361 388717 388017 199030 65138 576248 440297 372887 160169 399758 565710 583459 101004 188871 668782 429363 519506 58191 656715 490681 330238 541537 400997 404869 273974 508770 386837 605929 530585 490976 351521 247563 287423 101796 464134 361938 143381 309309 564137 451452 398493 560409 314859 339058
500279 452707 372181 886477 408972 684612 644385 847377 286348 918983 641702 710275 136738 965255 581196 905024 882546 235787 190669 270193 720835 852987 583554 605325 274136 901750 50725 877998 309585 1018980 322066 668994 522041 270517 737330 846872 769789 362667 921155 578674 560379 492356 565756 695319 419159 850566 974369 878480 658800 999999999 352515 402003 759336 656569 791643 638197 1039078 276741 328753 762713 654871 511350 943325 587763 511673 809006 373554 283505 559645 571885 408681 305822 328762 622294 534832 284120 387890 889881 609258 812190 907643 175745 891142 319365 769191 533312 837673 677648 903161 699900 978658 939004 597331 575897 551203 920265 784500 447406 789677 321840
630818 416098 387175 534560 258979 367961 608865 668154 325907 655128 320670 368401 244613 615961 277362 655711 719294 296127 371572 123352 452128 531931 276086 256847 492917 756396 372839 781624 443195 871628 95487 324936 170464 315615 636486 494514 454351 255148 822271 375353 364463 280866 264884 348884 333197 544141 843835 551426 430305 352515 999999999 164583 441593 304854 675289 350204 890114 163996 350838 602119 459596 640558 832671 235982 273156 739115 537836 484977 336483 272995 624212 370897 471931 422415 700727 76999 102932 537417 256743 743723 619142 316619 776361 175649 420471 197915 728811 350087 715771 511533 862947 781251 448875 233274 660784 828028 723894 170557 454795 239210
522079 577508 269122 533097 104781 287066 452699 509273 240584 526773 248304 334615 266537 595615 404301 519523 558363 430775 335925 137731 323911 454044 400503 257538 441057 593647 438737 617099 363150 709808 255998 396060 210013 238282 472259 513412 370033 416880 657691 215355 202589 441152 166781 330476 186794 448673 680330 481894 280123 402003 164583 999999999 360514 318318 510715 236251 728590 126363 246690 439654 300272 530469 668213 260915 120250 576035 453598 426546 180636 172001 552349 280219 389821 263120 600327 213194 63865 551463 292796 580717 507380 289250 611902 334895 468138 305936 564228 287055 559124 351938 698707 620099 284305 217038 541890 663510 561790 325201 400940 134018
791383 812529 564194 267806 399213 75042 592323 416356 575588 264454 121090 125615 625831 282063 478741 289050 475422 736305 688175 489397 147471 93691 470705 221474 779481 528507 792241 617421 686448 612779 526733 354248 299743 578958 518702 297409 14588 663407 643349 289303 303645 608365 194031 160203 455505 106943 614902 122486 236874 759336 441593 360514 999999999 226996 518481 138620 625374 486624 564039 409265 301266 796514 634585 259607 275886 625006 763608 761494 267005 188517 867648 604726 708349 290735 875876 517606 373459 312152 271666 630033 196835 646061 587504 599788 335063 397412 563376 94830 434968 324860 650594 527955 377165 220109 789827 656876 627598 503716 79742 476872
833550 607805 582531 229909 406529 187937 704450 611830 558529 490923 160282 103715 539391 312608 253521 512451 671201 571845 643545 400713 333545 289018 245336 60947 755760 721210 677620 791320 681407 817957 364334 131401 134551 555202 668916 197073 241353 471554 823584 389909 394177 393211 207764 69373 485621 328774 811042 293127 383733 656569 304854 318318 226996 999999999 684490 248032 832526 420071 564283 581767 444200 841157 821174 68877 312804 780101 771750 742592 348988 211723 870609 598532 708139 417390 914233 378613 289920 237634 55820 785210 422425 591882 769087 423158 157049 184199 735233 148279 640957 485450 842468 728935 490714 102708 847121 834842 775704 301992 191954 452131
483491 1084994 423847 785931 427221 509360 193577 147980 505625 383556 525113 615629 673546 784707 879898 337801 130421 914694 619380 613798 371632 554476 873966 639756 628117 119603 841324 108981 529869 229952 765438 810513 658492 521194 58032 813295 511684 925561 147380 311730 317015 947416 489194 641273 380724 497141 182738 590283 300899 791643 675289 510715 518481 684490 999999999 436826 250068 573049 464110 109503 241333 481254 158561 669721 414573 110916 544698 605600 355623 482692 627783 493418 530877 272460 553437 716796 573215 830544 699222 115556 454518 616974 102719 842650 830832 777900 53779 546941 188225 199663 191330 164092 226414 605568 447154 154870 123177 829172 598095 492562
655920 752152 425644 380159 261814 84242 475648 368832 438449 305164 88305 185441 502338 412883 465960 309021 427461 644773 553574 372033 105141 227151 458910 208102 641772 475831 674752 543325 547977 577505 443337 376317 251414 442547 424003 390705 144022 594747 575634 160398 171704 568144 85841 206680 317005 213326 566189 259686 135928 638197 350204 236251 138620 248032 436826 999999999 593277 361838 425691 333795 198144 661460 573863 242362 138467 534697 625087 623504 131120 77517 729098 466539 569747 175583 740219 421164 263896 416214 268440 539812 273188 513758 521303 521795 395198 369116 487265 114722 403789 237484 596147 486979 257326 180895 657059 586815 532146 452967 203686 342291
