NAME : synthetic_000896
TYPE : CTSP-D
DIMENSION : 100
GROUPS : 8
RELAXATION_LEVEL : 1
EDGE_WEIGHT_TYPE : EXPLICIT
EDGE_WEIGHT_FORMAT : FULL_MATRIX
EDGE_WEIGHT_SECTION
999999999 434088 576971 167281 762755 652701 481344 876334 942565 588535 841136 551481 145606 463407 928478 399033 881063 454533 400071 924191 789907 346255 726008 198617 627230 620855 439360 795571 646143 714894 590624 799341 861578 532108 964397 667111 180234 812349 944299 554473 288653 857043 768834 624537 79347 231166 676295 394889 598760 498721 268624 801124 842133 345405 488774 739462 278900 827546 197212 357608 884651 1051829 526335 1098076 199437 923622 939592 394381 818120 814680 659883 121903 420308 740107 594395 457792 412967 553263 736457 582331 989770 432311 544822 552425 809228 790480 63306 749584 681055 213751 882583 370651 1009737 877878 93684 860393 220752 619730 686271 202693
434088 999999999 421979 407393 341983 332448 157290 540926 514009 512320 545571 275526 350657 522110 549330 93915 447504 545651 43772 491879 584527 296647 300357 433397 263445 232244 113883 411080 250095 286543 353248 420102 480561 98283 589657 345447 530102 405807 535533 420304 157895 488256 408479 213751 509117 226178 346579 522248 289543 93334 339015 391999 629174 215754 566808 431404 290797 403656 324829 226595 513109 652653 108756 728527 246625 489538 525544 98654 547569 436349 379178 538055 154659 692583 295544 282292 183171 497873 387980 341131 572881 429717 126723 163124 608672 420528 484794 777432 447191 550771 474792 193867 592104 458475 356827 516736 376061 309670 334011 324640
576971 421979 999999999 427903 463405 742142 579158 369288 623014 112795 300246 697033 431365 245644 473234 503302 621966 284038 446648 637658 212939 670874 462338 705847 285051 327498 534466 389902 624773 585725 105669 382096 426740 449439 494383 226982 748309 449936 549481 28175 483086 402074 788885 578848 649156 390034 751395 314724 202559 501868 669839 717310 265164 597422 278321 837535 632611 689247 614253 613237 871526 612985 378852 600881 421106 673069 561206 334795 261815 797242 796011 696924 569300 277014 713507 148880 593878 123925 294685 763054 609713 182154 510152 564318 232539 359919 584857 384656 126933 779941 788216 588431 628334 747268 487585 367381 365664 202926 729107 374399
167281 407393 427903 999999999 695100 692960 505609 756799 879158 426233 710000 601314 65797 296203 825790 409777 831989 288723 387222 869387 639303 438503 665390 350256 535016 540842 455295 701151 650460 692353 459925 702015 762346 501784 858327 554833 347447 730610 859536 403097 306484 752005 795481 618929 227327 182504 713785 230604 489062 491872 382700 798426 691263 406895 322816 788327 373236 810356 306674 422927 907539 957307 473735 985979 171301 879066 859339 334565 681013 832675 715626 276707 453595 573164 639415 330073 457537 390031 629013 646804 910811 269313 532561 556884 657084 689112 158541 584079 541897 380997 881345 422478 931030 865759 111211 744605 62475 507968 714322 85885
762755 341983 463405 695100 999999999 456959 408683 303617 184129 575980 363003 481172 652907 678780 245130 417619 158764 713965 384299 181357 496342 615291 46556 774636 184221 158382 405451 136457 312155 202236 357778 152413 187242 257335 285816 242725 871779 82452 197092 481935 499733 214040 432464 277887 840731 535412 450694 719129 263860 325280 673677 311726 517947 539182 720190 521887 625089 257508 666438 544887 472566 318167 238045 417857 564517 210045 184253 369575 396951 412596 524320 873929 451972 717953 466673 413687 481157 584629 202669 541078 230897 587534 287205 329959 517315 171958 805996 841633 389974 892752 360055 510585 250167 308186 676361 274551 645611 260560 412891 609786
652701 332448 742142 692960 456959 999999999 189694 749685 542077 839955 788309 104047 628172 853131 701588 287343 445650 874924 326911 495940 873780 332675 414052 544597 510759 462488 242007 585329 145293 260530 657842 600102 643594 294545 741761 605750 662954 539315 631680 744569 386630 667578 125439 185594 708405 517123 25212 846596 572399 242629 422097 228605 911007 307842 897570 99308 388347 294823 468289 297206 239059 750950 366422 868950 521955 456852 609235 430941 807197 182092 67394 716899 239722 1017777 59473 611226 240718 828083 614075 114203 638341 761748 233063 177837 897771 613499 714746 1108556 739564 667742 285073 282137 651618 313024 608247 721000 678891 586915 58160 622014
481344 157290 579158 505609 408683 189694 999999999 660838 549559 668995 679575 118412 441583 667873 644534 97653 464341 688118 141091 514632 735418 216828 362191 410991 391929 350204 52474 511497 170537 268769 507078 523610 578479 166556 685890 482759 524742 486336 604374 577565 201236 593872 291412 163228 544901 327842 208955 657909 434859 92096 292657 325255 778052 155193 711914 288084 247835 364145 315585 153287 405820 726255 229193 822584 334308 494432 588117 251469 688096 333906 226329 561214 62807 849599 143069 439023 82460 653439 511525 183899 628788 578451 121612 87776 759646 530088 541157 931755 598110 536841 404388 123750 645944 407259 426720 634183 489468 453171 209329 432818
876334 540926 369288 756799 303617 749685 660838 999999999 360912 456261 92813 755587 738731 614259 129148 633657 413806 652628 583281 399695 266159 837572 339888 949908 277614 312189 639628 167439 604833 504185 299627 151716 130726 494291 133638 210658 1024115 229865 241714 397116 677726 95438 735664 564662 954857 651024 746581 683375 279011 568939 873630 614121 262285 756675 643995 821969 826874 554952 843205 767303 773416 258209 437898 232966 684992 453914 265376 511377 144802 715861 816174 997611 686576 531734 749806 426729 716770 482723 153001 820393 298531 547818 545306 598623 278228 136205 901500 668736 243843 1051397 654855 734041 311846 599278 782687 29096 695901 257433 710665 683641
942565 514009 623014 879158 184129 542077 549559 360912 999999999 733049 446185 595177 836227 851237 244628 579119 97099 887550 554074 51629 608472 765079 216667 940355 360388 341279 558531 238285 411960 290432 519771 249940 233196 421047 270267 396032 1042744 173122 129349 644736 671240 269220 475270 394005 1019771 717418 528092 896916 433737 478750 832414 335264 616526 694313 891009 579556 784415 262703 833858 697267 469972 222777 416235 359581 745637 108278 101538 551632 492583 434560 606857 1051112 601989 856086 569426 592400 628964 746725 333302 644890 103409 762740 434432 463070 625540 274670 987628 986928 529054 1061735 340924 663892 112164 283307 857849 336923 829692 425599 487608 793763
588535 512320 112795 426233 575980 839955 668995 456261 733049 999999999 375783 787406 446520 173833 569955 586075 734419 209645 531329 749193 240960 735973 575090 741137 397713 439478 621398 497633 728732 695789 218409 488728 529120 551040 586845 337622 766824 559963 653979 98975 548700 501740 893634 683260 653525 436235 850801 256795 315223 597646 722639 827184 288016 667789 193107 936949 690323 800958 659748 684394 979629 708786 482219 681650 463005 785452 667368 418523 329055 904630 890770 702819 651906 181514 807409 230034 674073 37607 401779 851949 714677 156919 610537 662869 251863 465626 584206 274364 215595 799753 899269 663031 732767 859177 506867 459221 368053 315636 830748 393277
841136 545571 300246 710000 363003 788309 679575 92813 446185 375783 999999999 782463 699197 540524 221745 639486 490195 578580 585540 481522 173461 839545 392280 932588 287646 331190 651909 229596 645881 555841 251154 213810 212995 514792 225066 200181 997953 299391 331835 328414 668699 176978 787540 602927 918215 623493 787948 614203 261683 587780 866473 674061 171237 758845 567046 867200 821449 619996 828672 771041 835386 349582 450886 305883 657524 533493 354166 499893 52341 773377 853263 963036 697388 439892 781787 383838 727052 405103 174275 848934 389900 482213 570878 626630 185511 191679 860536 577177 173738 1026838 721918 739106 403831 668178 747737 110593 647912 239916 754304 642613
551481 275526 697033 601314 481172 104047 118412 755587 595177 787406 782463 999999999 535819 782742 724779 208823 502094 801573 258197 553374 848421 229002 435291 440830 496278 451281 167653 598165 183505 304789 622565 611650 661881 268836 765928 589618 559130 562681 669405 695824 295696 681402 228256 205339 605407 431089 129022 768583 546284 200167 318215 311483 889613 206077 826397 188917 284401 369050 364758 194429 342923 791133 337701 899001 431948 521891 649729 369652 794824 282751 114671 613092 150291 967992 44618 557434 143935 771688 610744 67442 684756 694669 211639 156970 872646 621319 613975 1049587 711544 564440 378196 182492 700014 397842 511558 727869 592389 563509 151120 534843
145606 350657 431365 65797 652907 628172 441583 738731 836227 446520 699197 535819 999999999 336154 798853 346570 784279 334732 327344 823583 644302 374642 620594 303960 501784 502389 391846 669855 589706 637011 448103 672073 733536 446983 833164 531870 320597 693966 824609 408959 241543 726012 732169 559717 219657 124569 649251 280719 464278 432027 323003 739439 696527 341187 367947 723130 310321 754310 247905 357285 844901 926869 424828 964224 107999 830186 822578 285883 674448 770512 650042 266228 388588 605077 574217 315370 391972 412233 603788 581012 873695 292073 474053 495626 663649 661061 162847 628225 536681 353345 822338 356694 893872 808816 61197 724340 85878 484453 650664 57282
463407 522110 245644 296203 678780 853131 667873 614259 851237 173833 540524 782742 336154 999999999 718251 573931 836050 38398 527153 859112 414755 681761 667225 640057 494583 525938 616099 626555 764634 758946 336282 620588 669227 587207 740010 460859 643378 680356 789220 218524 506287 646276 927907 722352 517574 372824 868350 85616 417588 614915 648336 885964 461662 626349 44927 952414 625497 873086 576995 643583 1026293 858010 528290 844586 389607 887292 798674 423629 496900 949377 894134 566978 635527 280647 810916 271521 651516 138573 533814 841679 848531 95601 639841 684406 425508 599877 445451 292714 370557 676963 964283 629869 867705 932098 396600 613005 250324 426118 855800 294736
928478 549330 473234 825790 245130 701588 644534 129148 244628 569955 221745 724779 798853 718251 999999999 636592 313463 756547 593086 289258 394578 840394 289944 977159 302389 319304 633278 138373 557129 443643 387374 130960 68926 482674 41366 272720 1062268 162723 117671 499825 699548 74367 667665 522800 1007811 697918 694419 781070 336777 555961 888335 536136 391233 761042 751477 762487 840117 470151 868495 769232 689082 139768 440780 179501 730888 346299 144040 542866 273265 639465 768981 1047306 680779 658352 711619 500669 710843 592933 197122 785717 170820 643438 523538 570950 407255 138039 960811 794721 354364 1087067 564398 734965 183132 506912 836084 114503 767493 318486 655887 746805
399033 93915 503302 409777 417619 287343 97653 633657 579119 586075 639486 208823 346570 573931 636592 999999999 503324 592906 57340 551037 674838 204661 373177 361346 356588 323080 45730 499020 247997 321010 442147 508938 568239 160433 677371 439359 467002 487445 614159 498615 111048 577978 385719 225797 467810 230553 306440 561185 382812 103804 256060 402324 720452 124510 617576 385568 207479 429858 256072 133825 498406 733632 197265 816088 238717 540241 601771 168726 641126 424467 321231 489746 66073 767525 239120 357976 91560 567837 480889 268986 646905 486374 150828 153681 698880 510870 456259 843381 537862 483950 484213 100390 665453 479038 336356 609021 391983 403187 304647 335533
881063 447504 621966 831989 158764 445650 464341 413806 97099 734419 490195 502094 784279 836050 313463 503324 999999999 870753 484734 51294 640164 681065 171216 863979 342165 311282 478398 264017 318591 198813 516397 278826 283224 350638 345662 399230 970032 192493 209731 640687 601686 318426 378815 304592 956596 662116 431264 873490 422541 400483 752310 239184 655524 613428 877897 482651 704991 167181 759387 615005 380172 316548 359461 449159 688011 51346 182589 498528 531516 339878 510077 985082 519738 872721 474697 568481 545397 743388 349900 549862 198248 743860 354433 376794 659531 303007 929613 998453 543583 987256 252734 582420 208815 194796 800203 386790 786731 419237 390781 746104
454533 545651 284038 288723 713965 874924 688118 652628 887550 209645 578580 801573 334732 38398 756547 592906 870753 999999999 548148 894633 450491 690751 701333 637108 529903 560063 635980 664003 790700 789112 373949 658223 707245 614405 778395 498308 633410 717109 826890 256882 519803 684484 953050 749136 504148 383901 890856 61851 453814 638848 652666 915067 496616 638728 34281 974224 632413 904105 579775 655947 1053155 896299 557432 882840 397753 921923 836082 447728 534629 976148 913947 553183 653092 300520 831142 304128 667699 175412 571584 859109 886071 127312 665573 708560 460495 637671 431676 295356 408898 666996 994074 644021 905301 963073 393837 651402 249274 462890 879662 298426
400071 43772 446648 387222 384299 326911 141091 583281 554074 531329 585540 258197 327344 527153 593086 57340 484734 548148 999999999 530228 617656 254717 341939 390467 305668 275689 90633 454820 263370 315422 384852 463770 524306 134131 633389 385383 488882 449223 578594 442581 117278 531785 414244 232403 473461 204733 343615 520134 327201 104727 295251 412129 663471 173773 571348 426170 247063 430226 282140 185513 523099 696084 152517 772259 220454 525249 568187 112896 585718 447223 367364 500460 122820 712591 283902 302307 148897 514222 430281 321141 615128 437369 147496 170642 641678 463958 453147 791435 480778 508847 495012 153830 634226 483118 327263 559402 361734 347895 336095 307551
924191 491879 637658 869387 181357 495940 514632 399695 51629 749193 481522 553374 823583 859112 289258 551037 51294 894633 530228 999999999 638837 731201 204194 912158 364764 339200 527393 263268 369874 250003 532857 276655 269626 396164 317527 411722 1017126 193272 177351 657923 647442 305698 425217 355573 1000397 702597 481056 900477 442350 448808 801499 285031 650197 662749 900033 530119 753969 212268 806925 664687 418347 274395 399676 410944 729450 57848 149366 537761 525851 383501 559912 1029927 569352 879927 525776 595039 595360 760525 355087 600847 155015 768506 403197 427245 656993 301476 971457 1008487 551070 1034913 289323 631877 163046 231681 841787 374251 822295 436650 440601 783592
789907 584527 212939 639303 496342 873780 735418 266159 608472 240960 173461 848421 644302 414755 394578 674838 640164 450491 617656 638837 999999999 859817 514971 913964 365452 414719 697921 376622 739690 669245 233430 362498 377672 582488 398279 271944 960565 448048 501245 236357 675547 342940 894599 694041 861910 597060 877946 496746 302603 648258 869021 796288 52226 782297 432038 961760 828678 751123 818488 796869 957723 522576 511507 465320 629317 686983 521822 513531 121380 889714 934556 909797 738764 267791 856381 347863 766265 276669 293690 915850 560568 380636 643338 700281 24232 337839 796977 405368 137422 991947 854056 768553 575351 804035 700270 281231 577405 286952 848884 587309
346255 296647 670874 438503 615291 332675 216828 837572 765079 735973 839545 229002 374642 681761 840394 204661 681065 690751 254717 731201 859817 999999999 569555 211930 560067 527691 209844 703229 379609 485354 626797 713386 772283 359496 881326 639571 330314 688551 812368 660482 188110 782572 457250 379277 388217 309431 357807 644895 579472 290212 89781 527877 907910 80953 720935 406438 67829 575296 149264 71162 571734 933198 401925 1019872 293001 711077 798065 346896 837595 511095 324085 389668 163865 915079 273531 522026 136117 710952 684625 242876 840872 608889 331599 304580 883358 715529 409451 969855 725241 335590 601029 105469 858632 613147 332256 813270 450270 600670 378791 395093
726008 300357 462338 665390 46556 414052 362191 339888 216667 575090 392280 435291 620594 667225 289944 373177 171216 701333 341939 204194 514971 569555 999999999 731669 177547 141295 359728 172897 268836 164613 357063 188318 229652 212744 330909 251018 830448 127432 242935 478687 458242 253938 396587 232946 803403 500950 408882 702647 259934 279388 629160 283184 540344 493951 709682 482352 580616 236592 623824 499331 445024 364374 199701 463965 528984 221650 228852 335314 422258 381189 481283 835400 406042 724844 421737 398094 435092 580776 224096 495780 273859 574168 240771 283489 536871 204874 771006 844731 400531 850782 339383 465083 292647 291368 641222 310828 618115 260548 371881 579656
198617 433397 705847 350256 774636 544597 410991 949908 940355 741137 932588 440830 303960 640057 977159 361346 863979 637108 390467 912158 913964 211930 731669 999999999 678517 657932 386631 839056 580685 675767 692831 846370 908270 520027 1016414 740621 118412 838922 968930 687984 277929 911582 669008 572796 204443 316913 569718 580502 673669 463498 122776 733208 965387 255798 670770 616354 163344 775135 108860 259164 783654 1085625 541050 1154683 284871 899169 958637 438779 919294 722287 533632 190133 349638 906713 485401 566664 329306 709060 799774 451607 1005318 591569 509707 496368 935586 843166 251881 931700 790387 125972 808947 287271 1024275 817046 243553 929333 389734 695685 589886 350508
627230 263445 285051 535016 184221 510759 391929 277614 360388 397713 287646 496278 501784 494583 302389 356588 342165 529903 305668 364764 365452 560067 177547 678517 999999999 49310 365422 168502 374362 309845 180256 172232 234637 227689 339976 94991 760412 197621 324576 301146 402878 233656 529979 328907 706569 396211 513609 536743 82495 300172 597102 440514 400529 479141 535984 596731 549950 406263 570512 489987 599512 425400 163542 477077 428881 393505 325542 241171 298761 528555 573428 745324 411618 551752 498404 232029 441597 403330 124613 563214 377169 403778 285438 342021 389079 165468 662079 668518 236866 785744 506965 456955 397352 463592 535566 254055 480434 85969 483667 452496
620855 232244 327498 540842 158382 462488 350204 312189 341279 439478 331190 451281 502389 525938 319304 323080 311282 560063 275689 339200 414719 527691 141295 657932 49310 999999999 327439 181125 325238 262002 224458 188823 250386 184143 358928 143673 745192 191947 323571 341565 380245 256132 480720 279916 699896 390148 464884 562319 126594 258109 570354 393170 449374 447146 568470 547719 522460 361782 549221 456898 551363 432592 126085 497623 421428 362230 320282 227716 345458 479897 525680 736481 374432 597699 451710 257200 404647 442602 161350 517844 371313 432937 239749 295804 438314 188285 659641 712024 285879 769130 461380 423210 391485 419778 531164 286641 489407 133632 434589 456369
439360 113883 534466 455295 405451 242007 52474 639628 558531 621398 651909 167653 391846 616099 633278 45730 478398 635980 90633 527393 697921 209844 359728 386631 365422 327439 999999999 497366 206854 289517 467088 508385 565797 150702 674441 452830 496500 479306 602525 531540 153881 578281 340324 189250 505995 276281 260823 605458 400551 80554 274150 362125 742030 135792 660027 340537 226604 393873 285254 139765 453464 723419 202164 812496 284120 512590 588336 202916 657057 380018 278072 525497 47536 802477 195187 391879 77741 604731 488053 230658 631594 527259 124268 114122 722096 512529 497762 882060 560516 511281 443258 105752 649569 440951 379946 613931 437666 419932 259039 381259
795571 411080 389902 701151 136457 585329 511497 167439 238285 497633 229596 598165 669855 626555 138373 499020 264017 664003 454820 263268 376622 703229 172897 839056 168502 181125 497366 999999999 440081 336841 290470 16027 69496 347317 178587 165701 925423 71538 164017 413395 561326 83241 568225 401569 874895 564457 581134 680489 218266 421436 750051 447889 391720 623528 664009 655249 701877 391172 730335 632085 608188 257027 302661 317455 596901 310361 172135 406408 268073 549040 652266 913226 544901 618077 588973 384998 575086 513765 95901 661326 222178 543291 391844 442109 395636 38996 830508 748647 290822 949790 492641 597911 241621 438608 704051 138344 644974 204164 544559 619727
646143 250095 624773 650460 312155 145293 170537 604833 411960 728732 645881 183505 589706 764634 557129 247997 318591 790700 263370 369874 739690 379609 268836 580685 374362 325238 206854 440081 999999999 122073 533118 454908 498451 179094 597542 468845 695134 394593 491668 630789 359037 522285 165157 46231 712589 468042 142189 770792 442236 159256 460759 155466 774487 325177 809560 222670 417341 195697 486080 321731 263344 612431 246533 726427 481987 339699 470543 344358 667005 186408 212451 730731 233196 901780 158764 506058 251385 721351 471661 234514 503284 670077 125266 94572 763394 468628 704099 1001739 608284 706644 236443 293929 517967 236736 583867 576071 624155 454623 109405 570729
714894 286543 585725 692353 202236 260530 268769 504185 290432 695789 555841 304789 637011 758946 443643 321010 198813 789112 315422 250003 669245 485354 164613 675767 309845 262002 289517 336841 122073 999999999 485251 352475 389131 190583 483163 398429 785917 283106 371355 596869 427474 416206 232024 106434 786704 512447 251365 778553 388162 217648 560289 131619 698447 421510 803387 319764 514096 118572 574579 421442 289750 491355 232803 608574 533006 225723 349453 362714 583459 220507 327622 810449 327114 858968 280661 489134 350919 694637 384755 356410 381272 663371 170748 181078 692022 369484 768569 969921 545986 800731 205619 390077 395895 176121 642163 475097 656447 395477 212352 608129
590624 353248 105669 459925 357778 657842 507078 299627 519771 218409 251154 622565 448103 336282 387374 442147 516397 373949 384852 532857 233430 626797 357063 692831 180256 224458 467088 290470 533118 485251 999999999 284306 334217 363302 413520 124981 750911 347094 452950 125135 443904 313748 695293 486897 667316 378181 664983 394199 98103 423240 639356 616802 281131 548949 373573 750610 597660 585929 593004 563457 773210 526321 291422 531927 411829 567540 462598 280184 228528 700069 715161 712512 506655 373722 634427 132867 533686 227668 197694 689694 512279 256401 424803 480799 257258 263798 609403 488273 99061 780680 685837 535158 531425 643574 497485 291094 398229 97258 639919 391462
799341 420102 382096 702015 152413 600102 523610 151716 249940 488728 213810 611650 672073 620588 130960 508938 278826 658223 463770 276655 362498 713386 188318 846370 172232 188823 508385 16027 454908 352475 284306 999999999 62487 358771 170127 160336 931390 86415 168685 406127 568915 70267 583979 416010 878686 568403 596156 676057 216358 433133 758848 463901 376715 633433 657462 670625 710801 407167 737766 642284 624215 255304 312068 308806 601113 324654 179110 412032 252862 565008 666957 917556 555902 606149 603052 383086 586126 505776 87415 675118 228080 538574 404475 455328 381219 24862 833255 737414 279987 956118 508584 608193 247129 454463 707424 122624 645203 201021 559745 621276
861578 480561 426740 762346 187242 643594 578479 130726 233196 529120 212995 661881 733536 669227 68926 568239 283224 707245 524306 269626 377672 772283 229652 908270 234637 250386 565797 69496 498451 389131 334217 62487 999999999 415405 109162 213886 993806 106391 126439 452160 630632 36134 617545 462107 940924 630721 637821 728189 274543 489135 819542 490706 383483 692731 704476 708895 771359 428560 799591 701125 647852 195655 372095 248005 663494 323301 144557 474483 259872 593510 710874 979944 613327 633106 650605 440449 643460 549100 137777 723943 187274 590391 458029 506831 393682 73481 895013 767292 315202 1018447 526909 666905 204428 470645 769518 104631 704909 257640 600129 682261
532108 98283 449439 501784 257335 294545 166556 494291 421047 551040 514792 268836 446983 587207 482674 160433 350638 614405 134131 396164 582488 359496 212744 520027 227689 184143 150702 347317 179094 190583 363302 358771 415405 999999999 523877 320785 621795 329056 454156 453794 251282 428904 344156 135343 606640 322444 302321 597855 279927 74737 416447 304521 622158 282160 632118 388329 367888 308820 412949 288601 439091 574237 71906 661823 344339 391723 441389 174281 526012 362210 352717 634461 198145 726145 273912 326990 228172 542656 345261 336001 486508 492200 61512 118013 606643 364182 583077 823288 446764 640720 386250 254212 505120 365114 455000 467708 466439 296013 279905 417579
964397 589657 494383 858327 285816 741761 685890 133638 270267 586845 225066 765928 833164 740010 41366 677371 345662 778395 633389 317527 398279 881326 330909 1016414 339976 358928 674441 178587 597542 483163 413520 170127 109162 523877 999999999 303679 1100357 203540 140923 521569 739034 107363 705567 563642 1043682 734314 734238 805391 369522 597248 928601 572675 389481 801852 771752 801403 880451 505530 907850 810165 723759 124623 481240 138871 767502 375204 168766 580985 277404 675983 809153 1083744 721952 664906 752455 531160 752034 611659 229550 826678 185347 668230 564905 612254 408772 174604 995503 802084 372090 1125480 597911 775920 193946 540145 871669 127698 799342 350360 695504 780424
667111 345447 226982 554833 242725 605750 482759 210658 396032 337622 200181 589618 531870 460859 272720 439359 399230 498308 385383 411722 271944 639571 251018 740621 94991 143673 452830 165701 468845 398429 124981 160336 213886 320785 303679 999999999 813465 222971 328931 249092 471497 198389 622655 423588 745960 440539 608499 515791 68491 391759 668839 527178 305701 558800 498528 691380 623118 486893 634729 570893 687833 408882 253587 432374 474464 449764 337816 303368 205448 618594 668339 788000 497835 475406 592877 227955 527343 350734 76209 656770 387789 378249 379575 436354 295282 141347 694664 599274 149584 840829 589214 538925 407098 542345 573614 193307 495665 47454 578222 478044
180234 530102 748309 347447 871779 662954 524742 1024115 1042744 766824 997953 559130 320597 643378 1062268 467002 970032 633410 488882 1017126 960565 330314 830448 118412 760412 745192 496500 925423 695134 785917 750911 931390 993806 621795 1100357 813465 999999999 931560 1062976 727293 372209 993949 787238 684769 138555 374554 688062 573037 745225 570584 240930 848735 1012688 370077 667689 734406 279034 888405 211362 374951 902002 1176919 634759 1237272 340487 1007196 1054529 519417 979426 840221 651651 100322 462516 920321 603718 619716 444105 732066 877670 569546 1102575 611322 617416 608476 980785 925876 207415 927769 845245 33599 925411 401215 1121939 931839 261451 1005556 400161 766979 707825 375740
812349 405807 449936 730610 82452 539315 486336 229865 173122 559963 299391 562681 693966 680356 162723 487445 192493 717109 449223 193272 448048 688551 127432 838922 197621 191947 479306 71538 394593 283106 347094 86415 106391 329056 203540 222971 931560 999999999 132082 471879 561607 136335 511163 360112 891244 581941 532752 729265 264175 400153 742653 385309 463114 610826 719428 602824 694073 325089 730154 617638 543743 246860 297907 337052 612927 238991 128761 418300 339270 487789 606689 927026 526445 686711 548930 427384 556116 573703 161947 623150 180203 593582 364765 410023 467159 110517 851588 815860 358090 954103 425249 583247 200422 370190 723041 201324 677242 254244 494671 646910
944299 535533 549481 859536 197092 631680 604374 241714 129349 653979 331835 669405 824609 789220 117671 614159 209731 826890 578594 177351 501245 812368 242935 968930 324576 323571 602525 164017 491668 371355 452950 168685 126439 454156 140923 328931 1062976 132082 999999999 574068 692253 158925 581641 464068 1023242 713717 621177 844387 381876 522283 870123 444616 502994 736190 825833 681855 821514 374606 860322 741977 589891 122121 428533 241284 744864 235189 27995 550361 381420 547115 698508 1059108 648958 759194 650082 548334 678026 672703 255532 725659 60901 707052 483333 523172 516014 189684 983005 893653 441092 1085148 462281 707671 78870 404298 854719 221284 804882 368173 581262 776582
554473 420304 28175 403097 481935 744569 577565 397116 644736 98975 328414 695824 408959 218524 499825 498615 640687 256882 442581 657923 236357 660482 478687 687984 301146 341565 531540 413395 630789 596869 125135 406127 452160 453794 521569 249092 727293 471879 574068 999999999 472386 428205 795499 585152 625736 373610 754693 286640 218944 502998 656012 728233 288459 588528 252333 840881 620019 702596 598489 604633 880740 639593 384281 628895 403834 691923 585148 329913 289702 805843 796921 673807 564687 273259 713941 140912 588391 102723 318758 761265 634071 154088 513832 567003 254909 384387 560625 373328 155091 759200 800553 580930 652862 760953 466088 394794 341090 221602 733691 352315
288653 157895 483086 306484 499733 386630 201236 677726 671240 548700 668699 295696 241543 506287 699548 111048 601686 519803 117278 647442 675547 188110 458242 277929 402878 380245 153881 561326 359037 427474 443904 568915 630632 251282 739034 471497 372209 561607 692253 472386 999999999 634857 492631 335927 359235 137997 407818 480541 407052 210357 197806 513284 724615 120891 547748 481892 153996 539013 169092 138021 606694 808076 263766 877539 136260 641511 682953 168820 661672 533760 410326 384162 147111 728596 332999 334360 153034 524687 525867 345391 730608 427237 256849 264714 698786 566466 345277 789050 542911 393116 595251 124374 749893 589261 226087 655825 297402 428912 410541 239711
857043 488256 402074 752005 214040 667578 593872 95438 269220 501740 176978 681402 726012 646276 74367 577978 318426 684484 531785 305698 342940 782572 253938 911582 233656 256132 578281 83241 522285 416206 313748 70267 36134 428904 107363 198389 993949 136335 158925 428205 634857 999999999 646239 484382 936323 627044 662808 707795 262948 503329 826437 521635 347683 702401 680364 735628 778586 460923 803264 711529 679890 212578 380810 243421 660288 359137 178887 474826 224361 624020 734651 976460 625777 600460 672065 426344 656018 523177 123029 744537 219202 570057 474692 525286 358495 68418 888259 735331 286625 1019394 560160 677524 235393 504290 764307 68650 693469 244348 625751 673523
768834 408479 788885 795481 432464 125439 291412 735664 475270 893634 787540 228256 732169 927907 667665 385719 378815 953050 414244 425217 894599 457250 396587 669008 529979 480720 340324 568225 165157 232024 695293 583979 617545 344156 705567 622655 787238 511163 581641 795499 492631 646239 999999999 210374 827745 615156 100276 930714 602219 315230 546311 140221 926441 426904 972803 106961 510932 213052 589410 417732 116067 694665 411435 822874 624415 377420 556405 505443 813831 59134 162303 838438 349481 1065772 183816 671146 356147 886500 615464 234550 577020 833804 288267 245547 917892 601415 829918 1166833 766356 792673 171293 399177 587397 211686 717994 706568 775158 613033 82615 719765
624537 213751 578848 618929 277887 185594 163228 564662 394005 683260 602927 205339 559717 722352 522800 225797 304592 749136 232403 355573 694041 379277 232946 572796 328907 279916 189250 401569 46231 106434 486897 416010 462107 135343 563642 423588 684769 360112 464068 585152 335927 484382 210374 999999999 693548 436522 185491 730918 396088 127962 455685 179727 729287 317432 767274 267824 410210 204661 473924 316429 304028 585805 201078 694991 452783 331984 444490 304786 622878 227050 251575 714419 223194 855833 188820 461676 245657 676380 428656 263289 480418 627457 87029 76429 717795 428581 680834 956547 562273 698306 262621 285906 496179 253341 557796 536102 589706 408634 154848 537545
79347 509117 649156 227327 840731 708405 544901 954857 1019771 653525 918215 605407 219657 517574 1007811 467810 956596 504148 473461 1000397 861910 388217 803403 204443 706569 699896 505995 874895 712589 786704 667316 878686 940924 606640 1043682 745960 138555 891244 1023242 625736 359235 936323 827745 693548 999999999 310458 732642 442803 677672 569465 302731 868019 914090 400995 538326 790966 323804 897612 241412 411206 943811 1131094 603712 1177200 278493 998360 1018279 473069 894071 875858 709752 49551 482686 797415 649297 534461 472038 617357 815611 629925 1068324 496611 616072 619941 880618 869807 72494 796221 756325 170460 948608 428689 1088255 946558 172358 939195 286524 698549 745590 276852
231166 226178 390034 182504 535412 517123 327842 651024 717418 436235 623493 431089 124569 372824 697918 230553 662116 383901 204733 702597 597060 309431 500950 316913 396211 390148 276281 564457 468042 512447 378181 568403 630721 322444 734314 440539 374554 581941 713717 373610 137997 627044 615156 436522 310458 999999999 536798 342826 372071 309368 286510 616113 648478 254949 412951 614414 256603 629824 225034 272147 726182 820665 302965 869049 34081 707309 709696 165871 606239 650906 545677 349436 280911 611300 466217 249920 290262 407880 507576 482965 760223 300384 350349 374701 618748 560041 270618 660533 474589 403377 699038 262083 780280 684535 141241 633549 161822 393591 534801 104987
676295 346579 751395 713785 450694 25212 208955 746581 528092 850801 787948 129022 649251 868350 694419 306440 431264 890856 343615 481056 877946 357807 408882 569718 513609 464884 260823 581134 142189 251365 664983 596156 637821 302321 734238 608499 688062 532752 621177 754693 407818 662808 100276 185491 732642 536798 999999999 863738 577697 255136 447181 208664 914138 331841 912927 86187 413132 276742 492812 321519 213941 739510 373860 859711 542591 440211 598128 445232 808369 157290 78860 741548 261366 1027669 84405 622947 263758 839890 613693 137167 625680 776293 241262 187970 901833 610405 738169 1120624 744701 692932 261883 305644 638433 291909 630512 717746 698398 591497 40484 641772
394889 522248 314724 230604 719129 846596 657909 683375 896916 256795 614203 768583 280719 85616 781070 561185 873490 61851 520134 900477 496746 644895 702647 580502 536743 562319 605458 680489 770792 778553 394199 676057 728189 597855 805391 515791 573037 729265 844387 286640 480541 707795 930714 730918 442803 342826 863738 999999999 465166 615489 602029 901438 544695 597214 95692 945640 584485 895344 527936 614332 1034097 920355 545754 915493 352832 924248 851681 426452 572869 957093 882168 491726 618794 361731 800297 305446 631265 220202 590908 823771 902439 137810 645601 685225 508559 656843 370310 354797 441593 606596 981892 604837 922039 954018 338250 679787 196911 476774 855072 249923
598760 289543 202559 489062 263860 572399 434859 279011 433737 315223 261683 546284 464278 417588 336777 382812 422541 453814 327201 442350 302603 579472 259934 673669 82495 126594 400551 218266 442236 388162 98103 216358 274543 279927 369522 68491 745225 264175 381876 218944 407052 262948 602219 396088 677672 372071 577697 465166 999999999 346261 604803 519549 343437 499160 457884 662484 559801 487833 568420 512017 676942 470181 208938 500067 406011 473863 387328 238287 258530 604563 632320 719566 443870 471116 553790 166793 472689 321373 140006 613725 438502 329481 340932 397817 326780 201063 626964 586298 167169 772753 587878 480986 458347 545477 505315 261752 430784 22022 550466 410993
498721 93334 501868 491872 325280 242629 92096 568939 478750 597646 587780 200167 432027 614915 555961 103804 400483 638848 104727 448808 648258 290212 279388 463498 300172 258109 80554 421436 159256 217648 423240 433133 489135 74737 597248 391759 570584 400153 522283 502998 210357 503329 315230 127962 569465 309368 255136 615489 346261 999999999 353672 307600 689679 216016 659681 340728 305686 328845 359418 220317 421008 643393 138374 734761 324887 436618 507862 191303 597205 344548 294148 592802 126694 776237 211866 368614 156048 585454 419430 267592 551042 521977 47052 69790 672484 438862 553991 865961 511392 586995 390433 186279 569032 380169 430061 542420 464909 363809 240906 411556
268624 339015 669839 382700 673677 422097 292657 873630 832414 722639 866473 318215 323003 648336 888335 256060 752310 652666 295251 801499 869021 89781 629160 122776 597102 570354 274150 750051 460759 560289 639356 758848 819542 416447 928601 668839 240930 742653 870123 656012 197806 826437 546311 455685 302731 286510 447181 602029 604803 353672 999999999 611994 918914 138976 684566 495983 48611 656020 76313 139407 661118 989224 447684 1067465 262007 785241 857823 366622 859225 599513 413494 301119 233232 897484 362814 523175 210243 694344 721110 331940 902745 584459 398416 379531 891854 758352 330782 940285 738400 247781 686922 170266 921167 696413 272094 850994 405118 626635 467113 354331
801124 391999 717310 798426 311726 228605 325255 614121 335264 827184 674061 311483 739439 885964 536136 402324 239184 915067 412129 285031 796288 527877 283184 733208 440514 393170 362125 447889 155466 131619 616802 463901 490706 304521 572675 527178 848735 385309 444616 728233 513284 521635 140221 179727 868019 616113 208664 901438 519549 307600 611994 999999999 823232 478721 930635 245953 570063 72835 640728 474095 161849 555580 357713 685811 632480 237642 418732 478623 705388 103334 285658 886096 388056 990500 273329 617844 404654 825489 507246 341895 437417 790385 265892 248714 818646 483644 858559 1101396 675724 859129 82924 447792 447425 86365 736832 585200 767907 526365 170446 716529
842133 629174 265164 691263 517947 911007 778052 262285 616526 288016 171237 889613 696527 461662 391233 720452 655524 496616 663471 650197 52226 907910 540344 965387 400529 449374 742030 391720 774487 698447 281131 376715 383483 622158 389481 305701 1012688 463114 502994 288459 724615 347683 926441 729287 914090 648478 914138 544695 343437 689679 918914 823232 999999999 829834 476579 997066 878075 774825 869294 844153 985045 511954 551982 441810 680883 700634 525393 561159 124355 918808 972876 962003 783742 290100 895900 398940 811654 324531 316455 957046 560676 431352 682429 739415 36157 352744 849040 426531 182937 1044028 877669 815297 574129 826087 752467 281822 629433 326223 883880 639534
345405 215754 597422 406895 539182 307842 155193 756675 694313 667789 758845 206077 341187 626349 761042 124510 613428 638728 173773 662749 782297 80953 493951 255798 479141 447146 135792 623528 325177 421510 548949 633433 692731 282160 801852 558800 370077 610826 736190 588528 120891 702401 426904 317432 400995 254949 331841 597214 499160 216016 138976 478721 829834 999999999 667321 394367 92783 519338 163525 17236 542960 856394 321605 940542 245747 646292 722794 268771 757489 476204 315939 412208 94404 848281 249151 448665 74078 644657 603713 241772 766719 548117 259944 241084 805991 635163 407932 909935 646962 381659 556089 31530 784855 561810 309702 732452 408147 520248 345011 350893
488774 566808 278321 322816 720190 897570 711914 643995 891009 193107 567046 826397 367947 44927 751477 617576 877897 34281 571348 900033 432038 720935 709682 670770 535984 568470 660027 664009 809560 803387 373573 657462 704476 632118 771752 498528 667689 719428 825833 252333 547748 680364 972803 767274 538326 412951 912927 95692 457884 659681 684566 930635 476579 667321 999999999 996866 663404 917236 612117 684555 1071207 891197 573004 872428 428102 929190 836108 468381 521517 994295 938096 587324 678722 268675 854979 315327 694198 161949 570309 884877 885542 140271 684756 729206 440616 636199 465846 261302 400296 701276 1008797 671683 904519 976254 427366 644267 282278 465448 900578 330239
739462 431404 837535 788327 521887 99308 288084 821969 579556 936949 867200 188917 723130 952414 762487 385568 482651 974224 426170 530119 961760 406438 482352 616354 596731 547719 340537 655249 222670 319764 750610 670625 708895 388329 801403 691380 734406 602824 681855 840881 481892 735628 106961 267824 790966 614414 86187 945640 662484 340728 495983 245953 997066 394367 996866 999999999 467571 318623 549573 381859 186947 797047 459733 922512 617882 483584 657376 529984 889424 161032 82769 795681 334840 1113850 148916 708922 332245 925863 693244 164943 680380 860906 327383 274086 985552 686187 802198 1206539 829272 735814 275299 371408 691466 318414 700339 792965 776234 675822 113297 719097
