NAME : synthetic_000509
TYPE : CTSP-D
DIMENSION : 100
GROUPS : 8
RELAXATION_LEVEL : 1
EDGE_WEIGHT_TYPE : EXPLICIT
EDGE_WEIGHT_FORMAT : FULL_MATRIX
EDGE_WEIGHT_SECTION
999999999 536677 844544 741859 213420 411930 124029 792424 335265 485682 774504 843814 880363 766578 388002 565377 1033991 872832 912801 910794 413837 454693 436995 406173 653860 573013 820040 164786 474583 422753 841648 613060 781900 100374 172342 310835 217371 330185 353184 212380 929428 537688 802005 774005 401168 499696 654420 947216 969833 199834 751202 818973 591829 880275 933654 104070 279725 205672 772292 973788 942727 560993 575255 856885 509078 616587 847288 399517 962638 696972 1068277 1035091 532039 850997 724733 657129 564446 453316 715617 489290 915970 888151 313379 568372 777366 36459 399182 720436 115940 202510 471324 915578 595475 692462 669939 570236 477205 521650 983170 193970
536677 999999999 458387 373609 498913 626075 489162 256305 249896 211741 245382 403910 364712 268785 163748 102613 584450 339014 491603 472251 540939 360724 423068 672767 349498 186867 308685 392324 242867 595919 307543 471776 380096 437256 367856 305173 397302 583221 362031 379486 393842 608738 283252 459763 135634 588108 123049 438445 483182 340497 297261 360784 318081 393488 486792 436024 306703 560940 238018 588198 415907 38849 405361 341832 692699 102008 357759 222049 457250 441622 657445 591333 258777 445691 229585 337918 399394 504671 213022 124519 456446 417638 259780 356580 275175 500882 606139 389745 439240 447719 498994 490875 330675 229160 482096 89171 199714 267670 502809 355111
844544 458387 999999999 772736 897799 675862 854508 436277 516282 670118 341449 99253 582500 247077 588436 543881 209137 380603 818546 785562 985846 412320 463916 736759 194754 298334 567169 758123 370845 633101 376953 926266 78293 752485 718384 533710 632801 1006400 506193 633127 419933 1064243 536031 114073 527901 1041253 459423 281122 228914 697823 652979 143047 765757 201114 786046 745047 717618 950361 373359 927017 567035 420349 314379 572829 1138619 366124 207538 451434 664165 200049 959274 204593 714163 799394 261626 768724 855476 514878 546191 582793 748003 706199 675446 293789 572413 810082 662896 805002 790195 843975 493841 89000 254524 234176 928950 370337 658022 724333 747445 656648
741859 373609 772736 999999999 593412 964399 640804 363641 578494 262406 444695 690387 293959 530155 400020 271983 827129 466770 174700 182751 496545 727826 785082 1001898 711606 553382 257001 577694 614224 940825 447305 259562 699249 663028 581710 633163 694832 598769 708169 671115 482149 481385 274305 806248 438833 485161 316233 622557 697292 558174 130435 640707 155771 629808 208839 668006 463063 653997 413968 236004 369765 397183 778892 281279 606993 425251 600443 576205 315929 805096 326752 839019 209933 111395 511111 88807 235840 864341 228811 301721 206961 201993 436677 729767 224644 713989 944282 48829 625928 565011 861868 772863 701111 544968 218226 449135 274262 220308 286163 620716
213420 498913 897799 593412 999999999 605920 91638 735108 392355 367527 743321 873232 788768 762061 335417 487337 1063405 831983 768112 773252 200426 564419 570666 609562 724116 602106 728759 148838 537762 608593 800681 419723 825509 211785 192539 399114 350303 130185 471839 331499 882150 324296 718161 850835 381066 286306 595924 936730 976099 205710 634269 838439 437653 885119 798253 223273 192285 64636 732376 812793 859969 533090 681207 766164 307308 596633 849776 453110 858325 788300 911571 1067615 394196 704797 720677 504758 383882 610404 627719 407907 787488 766935 239180 659353 683014 209473 590496 562585 143321 53870 624029 954638 672284 703539 480485 561651 365118 380477 861626 275318
411930 626075 675862 964399 605920 999999999 516047 846947 386945 711981 784870 723440 982563 728599 566256 709395 884980 882726 1109117 1093825 796523 297666 229641 60901 495042 528668 930696 483315 410032 42817 857132 930413 645435 396754 449367 331455 285803 733301 264047 310809 942533 918835 902360 569918 526660 881850 741672 887671 874533 458354 917893 723193 846229 801755 1110306 385606 559497 614279 799180 1196648 1020227 624947 362759 960886 912550 647700 779266 404101 1077852 479188 1275541 879845 773859 1056512 695803 898205 864628 161733 839000 663083 1081502 1043438 559530 394387 900486 401463 20154 962157 465788 573626 182115 763660 442698 643075 974641 597159 697819 770557 1128580 373425
124029 489162 854508 640804 91638 516047 999999999 737702 339395 395361 734074 839269 808111 741318 327787 496655 1030591 827838 814406 815773 291036 497225 495960 518279 672869 565339 747512 99346 486543 520340 796343 493196 785478 127536 136186 335287 271237 217314 400179 255368 881272 415157 733202 798205 359843 377204 597512 919919 952394 158538 665147 808283 486990 861421 839765 138889 194081 106502 726953 868123 875498 519518 616694 784924 396515 580593 826809 403510 884328 729880 964835 1033558 433582 751606 699313 553685 448785 529291 643882 417194 825344 800938 237372 599830 702899 117836 501078 615048 66423 81152 544246 917331 618037 675570 551595 540034 389555 421548 896280 206945
792424 256305 436277 363641 735108 846947 737702 999999999 496184 385777 95390 343375 154248 191028 410274 249081 463855 109903 382579 349291 733099 555752 624407 899460 440357 325132 130912 643651 437569 811618 85059 577699 372886 693345 622272 548163 647379 799744 588718 631479 148709 769105 100338 498111 391858 758482 140211 260351 333678 594710 233951 294746 415241 269168 350212 692277 547315 799177 64483 491035 173671 237667 551178 139847 875749 199918 243012 453513 247372 526845 525225 476056 395767 367925 191882 389813 520524 705079 143322 327468 312294 270167 501551 500910 142626 756809 827864 405238 691991 687351 693655 419201 457038 244577 559102 251462 382124 410545 321137 610983
335265 249896 516282 578494 392355 386945 339395 496184 999999999 333616 458210 509034 614502 436543 186443 323862 699760 559289 722599 708300 523642 188729 223617 428525 333746 237886 558513 246032 147176 362331 529364 577962 449653 238510 204169 56346 151831 512915 132082 138729 618508 629218 533052 459725 139845 597480 371987 616600 635278 186848 532719 483736 469354 546357 725643 232269 241084 439030 462420 809794 663033 259296 294887 591691 669604 301689 514093 65115 707091 396130 888903 701399 396536 669576 395435 516158 506338 294681 460737 276781 698223 661567 215976 268020 523783 299368 366791 578931 274278 339952 297272 582868 280235 358968 612536 250823 318722 395742 749914 142153
485682 211741 670118 262406 367527 711981 395361 385777 333616 999999999 418536 612741 421675 467674 147333 142627 787476 491554 428462 425163 348736 505092 553184 745728 551018 390138 362045 320936 406895 691891 461822 265608 591825 402274 320792 384673 435484 415655 465697 411249 534349 401134 353635 667425 201681 383808 256758 620579 676654 296478 269855 567686 135738 590510 447983 406711 206260 431952 399203 498322 494184 249884 581204 399314 495524 308206 555273 347698 491452 639891 588080 795534 62937 367817 432308 187125 191728 627716 263441 87757 431161 405639 175117 537616 316064 455837 692049 251936 370595 327759 628829 700043 522211 439500 286929 300375 15236 64042 500992 358828
774504 245382 341449 444695 743321 784870 734074 95390 458210 418536 999999999 250259 247328 95644 408933 275915 386434 101285 477097 444275 766337 488725 557734 839872 352353 256290 225930 636499 375835 747514 72754 638428 277516 674184 609618 505675 609684 821210 534398 596692 161144 815456 194592 403434 376066 800981 162567 202074 263326 582710 318319 201017 473517 186403 445571 671565 551468 805849 32045 585569 252222 215016 470237 234567 914059 158329 155807 407050 337217 435912 620548 397278 441406 459558 101288 458590 575572 636346 216330 345787 407673 365496 504585 421209 232401 738203 766449 482758 682338 692675 623068 329302 375025 156865 627015 207598 411657 455050 414541 585449
843814 403910 99253 690387 873232 723440 839269 343375 509034 612741 250259 999999999 486116 160240 549451 478645 191366 281825 725842 692082 942684 440453 500386 783816 228398 274021 474053 740659 372449 681308 279563 860329 78709 747493 703717 536256 640642 973993 524406 637070 320738 1012407 443679 197100 494128 992010 383520 188124 152235 680780 566936 49705 697028 103465 691429 741283 686270 929478 282283 834250 468236 365062 362333 477499 1095126 304541 108466 444360 566024 268329 863255 194535 651118 709815 184677 693708 791717 561879 461884 527426 653327 611964 641667 329696 482654 808173 708629 725369 777423 819499 542470 87342 282940 175291 857941 321062 601930 662519 650000 651176
880363 364712 582500 293959 788768 982563 808111 154248 614502 421675 247328 486116 999999999 342117 492618 314987 578215 211739 250896 214256 746834 697963 765666 1032411 594311 471995 60618 721633 577669 949280 207042 544785 523390 785106 708033 669388 761438 831094 720116 742785 203936 757825 81460 650654 492330 754776 242880 363744 444478 680614 176323 439499 399648 399408 208588 785960 614043 853323 218057 356386 77853 358735 702253 23498 876441 338097 379915 581038 96130 681093 377158 592105 407858 255375 346014 352329 503152 847304 164900 392308 170890 133118 572233 651573 105770 846371 963014 342243 771743 746732 837379 554649 608987 398755 510659 386610 423660 423179 167224 712551
766578 268785 247077 530155 762061 728599 741318 191028 436543 467674 95644 160240 342117 999999999 427970 328283 319929 164284 571995 539543 808316 431061 499040 785932 268370 207902 321342 642096 329005 689272 147667 706031 181878 666704 610267 477138 583720 851554 491215 574235 220327 868775 289722 308691 382616 850980 225963 180641 214729 584712 407337 110590 541618 124707 541157 662519 570352 822174 127030 680423 340268 231450 394578 330017 959181 167120 88980 377809 430041 346527 716177 328436 500304 552389 42081 534962 639287 573901 301750 386277 503284 461057 523847 348197 325341 730140 711126 565291 684458 709468 558536 244187 299766 85692 700652 201430 458362 512645 509144 573278
388002 163748 588436 400020 335417 566256 327787 410274 186443 147333 408933 549451 492618 427970 999999999 177878 736395 500614 555205 545821 397535 363059 407631 602092 441068 291567 432471 233571 275781 545126 469133 397534 511913 292670 215704 237461 295638 425409 318488 272524 553531 483296 414003 564822 65618 456956 270265 601351 642593 188169 375255 510715 283039 551943 565939 293983 143133 397207 399971 634865 554913 197757 449220 469125 550250 261594 516365 206526 576777 523459 719516 741907 210190 498176 387110 332046 324392 480927 328171 106381 543057 510882 96263 409833 390590 353776 546233 395903 282504 283984 482679 634216 402689 375453 428069 230160 132591 209341 604244 227988
565377 102613 543881 271983 487337 709395 496655 249081 323862 142627 275915 478645 314987 328283 177878 999999999 648079 351559 400106 384558 490788 457458 517002 752359 449850 287883 254693 407437 342385 682053 321223 382670 466112 470548 393053 380178 459797 551405 447197 438858 397486 541753 237367 555841 187809 525815 114637 477952 534766 365656 208857 431901 222441 449650 401799 471767 303231 551712 257118 492177 379289 131732 507642 291513 638150 177788 414728 310077 399159 542598 566623 656719 172578 350063 295186 236211 313122 597601 150319 79855 374975 339601 259376 459092 212787 531462 689273 287132 457340 441002 593603 565865 433085 309902 386521 185786 136091 184478 430718 401961
1033991 584450 209137 827129 1063405 884980 1030591 463855 699760 787476 386434 191366 578215 319929 736395 648079 999999999 368744 828889 792449 1125384 617217 671589 945879 399136 465387 584741 931908 560706 842210 382320 1022864 254281 938270 895079 725068 828165 1161747 707194 825790 378866 1188609 559303 318374 683207 1170378 542373 214747 133739 872083 697794 225705 857915 200607 785947 931874 875177 1120230 415201 934472 536173 545941 523356 576805 1277066 482716 234143 634889 638218 407709 944819 15697 819687 825609 355785 845023 957682 724007 601189 705074 748722 711161 829990 500376 605739 998531 872029 867357 968787 1009770 702976 122908 458030 361060 1013336 506390 777922 832258 726080 841905
872832 339014 380603 466770 831983 882726 827838 109903 559289 491554 101285 281825 211739 164284 500614 351559 368744 999999999 461032 425047 839973 585585 654427 938457 432623 354348 216670 731333 475115 844688 31495 687304 331215 772664 706188 606957 710856 902780 634752 697653 60180 878585 193380 462364 472652 867424 237801 156917 235411 679009 336339 239025 525124 188858 420321 770401 641495 895367 101005 567672 186436 311903 557942 208415 984005 258464 173439 508314 284861 508733 586512 382152 504677 457069 188800 498389 630425 731767 252694 427341 382552 343633 594920 510601 242210 836649 864569 510303 778128 782589 717556 344504 462777 244316 667414 308516 486832 519302 370244 685129
912801 491603 818546 174700 768112 1109117 814406 382579 722599 428462 477097 725842 250896 571995 555205 400106 828889 461032 999999999 37460 664426 852197 914485 1150771 797162 651141 251790 748123 733164 1082152 452286 411689 752764 830704 749223 778666 850344 770218 847303 827599 454009 634907 282524 873321 583769 643948 398961 614587 695159 724614 194450 677325 330465 645877 55338 834971 633161 828602 445216 108475 305828 504796 884894 252694 763683 513401 623248 709660 215759 889075 166516 842653 381450 63337 565304 263418 403455 995839 293288 450660 84185 117783 603502 834098 249464 883845 1088976 209969 797062 739302 990567 799548 798482 610772 357518 550038 438565 392948 147170 781452
910794 472251 785562 182751 773252 1093825 815773 349291 708300 425163 444275 692082 214256 539543 545821 384558 792449 425047 37460 999999999 678330 831914 895244 1136824 769476 626263 218394 746015 712123 1065834 417107 431226 720832 826293 744930 764567 839639 781506 830963 817371 416944 654960 249826 842699 570586 662159 374171 577996 658710 719717 175976 643840 336951 610702 26485 830079 631154 834731 412553 142824 268369 483072 860514 217021 782891 487937 588691 692318 179143 860831 186546 806294 382229 77913 534355 270885 417083 976915 268239 440120 46871 81413 599348 809571 220041 880940 1073716 223563 795467 742234 970930 764820 772797 581058 379765 526523 434245 394660 115769 773283
413837 540939 985846 496545 200426 796523 291036 733099 523642 348736 766337 942684 746834 808316 397535 490788 1125384 839973 664426 678330 999999999 710184 730171 804826 833638 688976 691214 315943 655595 795020 810444 265569 909008 399953 355233 547294 524860 117423 629148 502616 881067 124161 689579 959322 459888 86285 605306 968058 1020922 355846 574647 901160 351682 932732 704693 410993 283178 227233 747814 685960 823548 579463 818097 726641 152797 642791 897095 573710 798318 910157 786888 1132143 341621 602708 770198 411654 261286 781452 602534 422768 702962 692336 316929 787287 645595 408162 779964 455100 331332 223162 792167 1028720 789561 767433 328372 621665 354747 326272 781656 440017
454693 360724 412320 727826 564419 297666 497225 555752 188729 505092 488725 440453 697963 431061 363059 457458 617217 585585 852197 831914 710184 999999999 69022 354936 218228 232633 650087 415620 120927 259107 560564 760338 365728 376324 371902 165681 237407 690459 101539 245894 645233 817652 619931 325455 303440 785523 463700 593717 587663 361616 657763 433174 638757 509718 845247 366525 428987 602601 504690 948565 729405 349508 120847 677401 853595 359882 485032 157410 794047 243365 1017727 614826 567248 806080 398191 677303 687419 149472 566922 433739 813266 772891 404584 119473 625004 423885 280067 736460 431013 514832 139944 494364 159243 345469 790469 312184 489857 568973 852020 290865
436995 423068 463916 785082 570666 229641 495960 624407 223617 553184 557734 500386 765666 499040 407631 517002 671589 654427 914485 895244 730171 69022 999999999 287844 273674 301653 717001 423817 187998 190402 629530 801573 423866 370129 380702 184904 225774 699509 101023 240647 714007 842501 687159 368255 352525 808862 529701 659130 649657 375260 720281 496390 688341 574058 909270 359381 454704 602443 573675 1009111 798077 414439 153612 744887 868600 427761 550538 209099 861682 280393 1080488 668161 615968 866817 466762 730504 729810 82052 631887 486996 877905 837948 436380 171652 690838 409588 212574 791152 431272 524128 76786 548797 217461 413595 835381 379308 538040 616409 918378 295775
406173 672767 736759 1001898 609562 60901 518279 899460 428525 745728 839872 783816 1032411 785932 602092 752359 945879 938457 1150771 1136824 804826 354936 287844 999999999 555433 584114 979434 497010 464179 103701 912359 953914 705927 406032 466742 372267 312148 733966 312295 337088 998418 928332 951741 630733 567030 890851 790458 946780 934706 478917 961211 782912 878401 861221 1154082 395443 582178 611492 853226 1235745 1072268 673896 423535 1010428 913502 699712 838257 451807 1127221 540016 1316878 940744 806693 1096769 752383 932729 890338 222430 885737 701991 1126232 1088927 586763 454479 947859 401052 75453 997229 473739 581842 242981 824531 502542 700289 1000659 648659 731993 802415 1175550 396871
653860 349498 194754 711606 724116 495042 672869 440357 333746 551018 352353 228398 594311 268370 441068 449850 399136 432623 797162 769476 833638 218228 273674 555433 999999999 162707 560312 579517 186718 452935 415006 816286 150660 564610 537914 343929 439825 839943 311536 441614 487510 924346 527722 126947 376037 897457 401330 399836 379790 519805 610404 231774 667195 311715 776496 556516 554793 772619 378105 902699 604455 318242 135383 578122 984919 287594 294371 271103 687527 93492 954007 396601 604823 764042 251065 686009 742640 333513 504903 464620 740251 697596 516999 102049 549644 620130 480286 734094 607274 670893 314295 276238 59786 196084 830727 264433 536971 611920 760174 470057
573013 186867 298334 553382 602106 528668 565339 325132 237886 390138 256290 274021 471995 207902 291567 287883 465387 354348 651141 626263 688976 232633 301653 584114 162707 999999999 428715 466927 121738 491231 328464 654718 223802 475246 429699 272460 379169 708302 283630 371829 414348 772346 397150 277741 229769 747482 252241 383788 397638 406918 459643 246028 504499 309486 636150 469592 419447 656867 272204 754016 498362 156920 234414 452705 841584 138590 278341 174967 567967 254828 812610 468219 442652 613078 170415 524075 581333 381079 358143 303055 601611 559678 377117 183389 409922 536977 510356 573637 503418 548242 368866 352862 148416 124457 668120 104262 376441 450147 631799 379311
820040 308685 567169 257001 728759 930696 747512 130912 558513 362045 225930 474053 60618 321342 432471 254693 584741 216670 251790 218394 691214 650087 717001 979434 560312 428715 999999999 661068 529267 898353 203258 498428 502928 725071 647733 613852 704116 773175 667343 685028 225467 707098 32636 626380 433859 702400 189046 373484 451851 620348 130046 425593 347505 395915 220100 726060 553439 793346 194313 360206 132929 305759 661724 37475 823527 291731 372000 527633 148578 649661 396447 597809 350738 241011 318197 305124 452459 798934 104434 331736 182483 139955 511622 610734 46161 786152 910995 303521 711195 686396 789939 548417 570129 367470 468770 337903 363653 366115 203096 653503
164786 392324 758123 577694 148838 483315 99346 643651 246032 320936 636499 740659 721633 642096 233571 407437 931908 731333 748123 746015 315943 415620 423817 497010 579517 466927 661068 999999999 392799 479696 699856 466784 688073 94812 43719 250277 209404 275903 324095 188078 785608 436414 644803 705722 261233 399954 503785 820923 853048 60308 587425 709192 429268 762076 768919 103790 114969 193111 630342 810623 786620 421607 532457 698249 446159 482056 727476 308697 801480 640858 904336 935067 367767 686451 600074 493787 411117 468262 556762 329331 751535 724279 150258 511462 617441 136460 466063 557639 50334 100311 480460 819389 526221 576280 519728 440897 312666 357779 819446 128113
474583 242867 370845 614224 537762 410032 486543 437569 147176 406895 375835 372449 577669 329005 275781 342385 560706 475115 733164 712123 655595 120927 187998 464179 186718 121738 529267 392799 999999999 374086 448444 669612 307499 381641 351283 164411 268213 655248 162225 265084 535237 753037 499253 313133 210847 723909 342805 502053 508728 333119 538748 353646 536326 423750 725017 374267 373515 585903 389209 830960 611162 229168 174519 556905 805138 239854 394759 84704 673685 254806 898234 561184 467005 688469 292127 569276 595676 269751 446332 328412 692733 652195 339218 134232 504116 439713 391267 626078 421244 484733 260871 441203 135298 244275 693770 191406 391816 470758 731098 285874
422753 595919 633101 940825 608593 42817 520340 811618 362331 691891 747514 681308 949280 689272 545126 682053 842210 844688 1082152 1065834 795020 259107 190402 103701 452935 491231 898353 479696 374086 999999999 819534 917466 603192 397331 443366 308135 275507 737430 234898 300001 904335 916110 869531 527110 502080 879580 709543 846709 832588 449866 889868 681707 826970 760487 1081696 385940 548596 621380 762620 1171556 985148 592920 320216 927869 915888 613046 738440 374017 1044874 436377 1248666 837047 754282 1030685 657161 877033 850199 119430 808379 639111 1052177 1013556 545162 352647 869272 408791 34345 940447 466498 573259 139463 720952 401193 603916 959730 563040 677445 751738 1097459 363757
841648 307543 376953 447305 800681 857132 796343 85059 529364 461822 72754 279563 207042 147667 469133 321223 382320 31495 452286 417107 810444 560564 629530 912359 415006 328464 203258 699856 448444 819534 999999999 662222 322430 741518 674805 577585 681057 872179 607150 667554 89144 850864 176989 452614 441307 839097 207108 175549 250528 647607 317079 234015 499169 193607 414302 739329 610087 864016 69563 559924 193632 280668 537491 200297 955134 228065 172873 479261 287567 494171 584099 395080 476501 444212 166823 474852 604033 707634 228250 396489 376254 335970 563492 489334 223889 805490 838793 489660 746686 751204 693934 348058 442164 222988 644154 278544 456798 490987 370541 654300
613060 471776 926266 259562 419723 930413 493196 577699 577962 265608 638428 860329 544785 706031 397534 382670 1022864 687304 411689 431226 265569 760338 801573 953914 816286 654718 498428 466784 669612 917466 662222 999999999 848291 561561 489623 621816 644644 380604 706932 619614 714952 223740 507138 931032 459925 232701 480725 835011 901639 475207 369318 812763 164994 822353 457626 570131 371753 468558 612305 421980 622354 508071 844113 528678 352017 560196 788851 604055 575325 905484 522840 1032658 213014 353426 675915 193304 74063 870404 434619 351723 462956 461459 372584 801846 457539 594803 911384 211870 504526 412121 874671 947272 787704 692511 63042 560885 280062 204608 542200 557623
781900 380096 78293 699249 825509 645435 785478 372886 449653 591825 277516 78709 523390 181878 511913 466112 254281 331215 752764 720832 909008 365728 423866 705927 150660 223802 502928 688073 307499 603192 322430 848291 999999999 687628 649317 471867 574156 931929 453274 572375 377641 986302 471070 131350 452321 963569 384345 261414 230942 627799 581911 96677 688218 173343 722902 680746 643069 879375 308718 861055 515727 342062 283799 511796 1061805 288325 166302 384538 609306 192183 898054 253957 636040 730530 189502 692512 777348 483771 474499 504513 685075 642774 600209 252517 504567 746800 630855 730268 722035 771640 464166 133705 206933 156999 851670 292127 579741 646133 690050 591331
100374 437256 752485 663028 211785 396754 127536 693345 238510 402274 674184 747493 785106 666704 292670 470548 938270 772664 830704 826293 399953 376324 370129 406032 564610 475246 725071 94812 381641 397331 741518 561561 687628 999999999 81483 220970 144505 341551 276854 130877 829440 522834 705951 687414 301629 485585 556059 847315 871137 106846 662258 721255 518200 781267 848297 11503 201856 233621 672216 897675 845867 460911 496917 761608 518963 516225 748020 303446 869270 614357 989651 939861 453663 770014 624801 581279 505161 401758 620825 396481 828681 799091 227204 484450 683230 64019 380541 645796 69200 176892 416768 821068 507467 593442 614146 469900 392284 444847 893573 96378
172342 367856 718384 581710 192539 449367 136186 622272 204169 320792 609618 703717 708033 610267 215704 393053 895079 706188 749223 744930 355233 371902 380702 466742 537914 429699 647733 43719 351283 443366 674805 489623 649317 81483 999999999 206598 169898 319404 280704 147384 761660 473930 629691 663805 233643 438053 483410 790025 819444 27634 581653 673597 437911 728689 767028 86415 122416 235110 605252 816574 770559 394729 488860 684554 488432 453299 694464 267710 790735 597937 908271 897847 372562 688543 568187 500426 429979 426873 543319 317396 747724 718572 145729 468359 605199 138686 431527 565092 74324 143645 438513 781297 484000 541883 539828 409987 310837 364031 813250 85523
310835 305173 533710 633163 399114 331455 335287 548163 56346 384673 505675 536256 669388 477138 237461 380178 725068 606957 778666 764567 547294 165681 184904 372267 343929 272460 613852 250277 164411 308135 577585 621816 471867 220970 206598 999999999 106762 524780 85652 100815 666626 658033 587984 466467 195293 624765 426608 655629 668981 195994 589032 515097 520219 581748 781969 212642 269831 439346 511766 865214 716510 312594 282435 646694 688809 351282 550797 99572 762406 394927 944906 725595 447382 725314 436987 569019 551484 248655 516683 331660 754566 717866 252574 264806 579614 276508 311311 632321 268869 349189 254044 605561 286506 396373 659200 299707 370027 445669 806030 128558
217371 397302 632801 694832 350303 285803 271237 647379 151831 435484 609684 640642 761438 583720 295638 459797 828165 710856 850344 839639 524860 237407 225774 312148 439825 379169 704116 209404 268213 275507 681057 644644 574156 144505 169898 106762 999999999 480373 136009 25074 770197 643802 680056 557748 272298 607947 520287 762382 775219 174439 666391 620921 566831 688321 858813 133647 273831 377684 614245 930228 812669 409929 358116 738340 654443 453508 657510 205923 852423 479667 1015065 828109 495593 793778 543388 622584 579377 260158 603663 399783 833909 799341 274855 351478 667167 186659 266924 687416 208038 307823 273846 707566 380678 503136 689567 402527 422204 490803 890244 88254
330185 583221 1006400 598769 130185 733301 217314 799744 512915 415655 821210 973993 831094 851554 425409 551405 1161747 902780 770218 781506 117423 690459 699509 733966 839943 708302 773175 275903 655248 737430 872179 380604 931929 341551 319404 524780 480373 999999999 599994 461236 948436 224673 767720 966882 480336 188715 665071 1020129 1066222 329063 664291 936044 447502 976077 807601 353053 288865 126711 806265 798015 906096 620108 805454 809743 179558 684441 940384 570732 890069 908555 898795 1167093 423526 707599 811378 511368 367677 740514 678208 476080 802887 788727 332409 780934 727041 333039 718392 560255 273440 175802 753974 1057770 790509 800716 443632 655562 417925 408314 880516 403749
353184 362031 506193 708169 471839 264047 400179 588718 132082 465697 534398 524406 720116 491215 318488 447197 707194 634752 847303 830963 629148 101539 101023 312295 311536 283630 667343 324095 162225 234898 607150 706932 453274 276854 280704 85652 136009 599994 999999999 145978 694932 741729 639479 424889 269696 707955 478311 663525 666434 274414 654992 510859 601435 583612 846963 266703 354503 506314 545197 937431 760847 361671 222118 698149 767967 388806 555695 140074 814976 344575 1013819 705889 528615 796214 454000 647755 636200 163552 574957 406756 817749 779482 338224 218037 636540 322634 244135 710140 334548 424328 168394 585000 251757 406461 743359 337333 450801 527719 864581 196521
212380 379486 633127 671115 331499 310809 255368 631479 138729 411249 596692 637070 742785 574235 272524 438858 825790 697653 827599 817371 502616 245894 240647 337088 441614 371829 685028 188078 265084 300001 667554 619614 572375 130877 147384 100815 25074 461236 145978 999999999 756679 620859 661509 561744 251968 585221 502531 753726 769073 150373 644648 615573 542195 681315 836799 120770 248959 361823 600144 906676 795318 393814 366679 719596 634008 439585 649875 197117 833112 485934 992037 826208 471109 770681 533440 598296 554303 280227 583900 377298 812326 778171 249815 356650 647439 179493 291878 663181 190707 287446 292875 706031 383107 495000 664494 389142 398090 466166 869538 63973
929428 393842 419933 482149 882150 942533 881272 148709 618508 534349 161144 320738 203936 220327 553531 397486 378866 60180 454009 416944 881067 645233 714007 998418 487510 414348 225467 785608 535237 904335 89144 714952 377641 829440 761660 666626 770197 948436 694932 756679 999999999 913356 209405 508902 528554 904184 286230 164781 246088 734332 353204 282419 555954 220691 408572 827455 692953 945960 157409 557585 157737 368569 614897 207397 1022450 317143 213501 568155 259823 560458 566201 393378 542101 458365 247665 523106 661936 790973 283230 475257 371980 336522 646707 568209 259727 893357 924438 527961 832980 833635 776497 373553 519993 302585 690393 367688 530825 557093 347540 742913
537688 608738 1064243 481385 324296 918835 415157 769105 629218 401134 815456 1012407 757825 868775 483296 541753 1188609 878585 634907 654960 124161 817652 842501 928332 924346 772346 707098 436414 753037 916110 850864 223740 986302 522834 473930 658033 643802 224673 741729 620859 913356 999999999 711184 1047868 548378 37993 652940 1017039 1076400 471822 581576 968168 359795 991239 681352 533739 388864 346106 793297 637063 835669 647546 920797 739904 129741 708196 956140 674134 795681 1005374 736861 1196639 374716 577139 833325 406890 254757 897523 630183 485011 686345 683254 415325 886651 663511 532320 901981 434634 454610 346492 907152 1099519 884360 837899 278589 694631 410973 360641 765662 557454
802005 283252 536031 274305 718161 902360 733202 100338 533052 353635 194592 443679 81460 289722 414003 237367 559303 193380 282524 249826 689579 619931 687159 951741 527722 397150 32636 644803 499253 869531 176989 507138 471070 705951 629691 587984 680056 767720 639479 661509 209405 711184 999999999 594042 411450 704758 161621 350119 427155 602171 144304 394942 351569 367923 252320 706517 539253 782797 162770 390998 142347 277861 629766 58775 825074 260804 342896 500132 175513 617026 428925 572059 348000 268273 285765 314438 457399 769001 90475 316121 214845 172222 496319 578809 50326 767678 882739 319149 694697 674386 759672 519248 537913 334847 481055 307857 353913 363372 234785 632003
774005 459763 114073 806248 850835 569918 798205 498111 459725 667425 403434 197100 650654 308691 564822 555841 318374 462364 873321 842699 959322 325455 368255 630733 126947 277741 626380 705722 313133 527110 452614 931032 131350 687414 663805 466467 557748 966882 424889 561744 508902 1047868 594042 999999999 500405 1021751 490309 385209 340583 646201 695397 226993 777098 299580 846352 678897 681418 898755 433628 981022 646191 425026 214841 637854 1110948 382794 296668 397730 738433 90752 1022724 311761 718256 846948 308397 789779 858043 410785 587799 579976 808857 766263 643074 206853 623915 741121 558080 833219 732325 797689 389025 202333 180289 263756 941369 371219 653919 726478 817779 593962
401168 135634 527901 438833 381066 526660 359843 391858 139845 201681 376066 494128 492330 382616 65618 187809 683207 472652 583769 570586 459888 303440 352525 567030 376037 229769 433859 261233 210847 502080 441307 459925 452321 301629 233643 195293 272298 480336 269696 251968 528554 548378 411450 500405 999999999 521489 255991 560253 595676 206650 395787 457795 336052 504607 588734 300420 192143 439997 371785 669997 548274 161099 384859 468993 612257 220826 469464 146032 581549 457878 749851 687930 264051 530033 340832 378768 386259 428874 332040 137153 562645 527387 148023 344649 395581 365301 506510 440616 306316 327855 428709 577457 337080 322642 487390 181284 186452 265533 617955 221030
499696 588108 1041253 485161 286306 881850 377204 758482 597480 383808 800981 992010 754776 850980 456956 525815 1170378 867424 643948 662159 86285 785523 808862 890851 897457 747482 702400 399954 723909 879580 839097 232701 963569 485585 438053 624765 607947 188715 707955 585221 904184 37993 704758 1021751 521489 999999999 638461 1002959 1060419 436768 579108 948541 355188 974227 688633 496543 356544 308731 779870 652181 832478 626957 890219 736109 122229 688572 938914 644002 796910 977170 752610 1178026 362760 584708 814660 406805 252797 862700 621630 465454 691559 686130 385125 857076 658041 494430 865108 439724 417194 309031 872687 1078886 856182 817029 291416 672718 392631 348136 770923 522034
654420 123049 459423 316233 595924 741672 597512 140211 371987 256758 162567 383520 242880 225963 270265 114637 542373 237801 398961 374171 605306 463700 529701 790458 401330 252241 189046 503785 342805 709543 207108 480725 384345 556059 483410 426608 520287 665071 478311 502531 286230 652940 161621 490309 255991 638461 999999999 364501 424320 455794 209139 334730 315973 342130 384804 555541 407285 659778 142513 502609 292972 116724 486355 220396 752056 114656 308247 338698 336864 494394 560642 551985 279293 362864 199469 310364 415458 611745 105942 189608 351184 309990 361396 435437 161313 619112 721959 345927 552385 547620 603628 469342 399597 228898 474805 153141 250705 292723 388729 476842
947216 438445 281122 622557 936730 887671 919919 260351 616600 620579 202074 188124 363744 180641 601351 477952 214747 156917 614587 577996 968058 593717 659130 946780 399836 383788 373484 820923 502053 846709 175549 835011 261414 847315 790025 655629 762382 1020129 663525 753726 164781 1017039 350119 385209 560253 1002959 364501 999999999 81363 764184 492189 168526 670876 88619 571222 843159 744464 997958 224061 719828 322502 403641 534954 363172 1116101 340404 108685 556791 424599 453592 730955 228979 642561 613377 222518 649556 774562 728312 402846 546418 534053 496810 697614 495329 398436 910776 871362 665190 864080 884852 710651 218485 446181 259387 818912 380165 613533 656435 512319 753897
969833 483182 228914 697292 976099 874533 952394 333678 635278 676654 263326 152235 444478 214729 642593 534766 133739 235411 695159 658710 1020922 587663 649657 934706 379790 397638 451851 853048 508728 832588 250528 901639 230942 871137 819444 668981 775219 1066222 666434 769073 246088 1076400 427155 340583 595676 1060419 424320 81363 999999999 794655 567333 155575 736788 91083 652294 866024 784718 1035661 289694 800757 403765 446123 514327 443178 1170886 381792 126329 572568 505869 418479 812286 147737 703593 692474 255551 719606 838819 713207 473786 598175 615022 577425 738330 480228 474413 933617 859382 738699 893767 923260 694084 152242 432510 277920 888698 414528 668390 716891 593624 775872
199834 340497 697823 558174 205710 458354 158538 594710 186848 296478 582710 680780 680614 584712 188169 365656 872083 679009 724614 719717 355846 361616 375260 478917 519805 406918 620348 60308 333119 449866 647607 475207 627799 106846 27634 195994 174439 329063 274414 150373 734332 471822 602171 646201 206650 436768 455794 764184 794655 999999999 555438 649806 416385 703789 741595 110392 104150 253074 578047 793489 742975 367744 476543 657130 493678 426750 669395 248793 763604 582601 884447 875121 349742 664276 542641 477961 413413 425958 515950 290357 721841 692295 121504 453679 577935 165861 439992 542824 99977 154056 436340 759222 467040 517417 523629 384033 286049 341794 786842 86406
751202 297261 652979 130435 634269 917893 665147 233951 532719 269855 318319 566936 176323 407337 375255 208857 697794 336339 194450 175976 574647 657763 720281 961211 610404 459643 130046 587425 538748 889868 317079 369318 581911 662258 581653 589032 666391 664291 654992 644648 353204 581576 144304 695397 395787 579108 209139 492189 567333 555438 999999999 517267 224523 501723 193001 665116 474169 698037 286925 294466 254173 310703 692328 159389 701008 323579 473402 516464 225946 703342 360208 709919 242278 153747 392434 176286 327005 801765 107693 268877 167859 136967 437824 641759 94316 719606 897790 174864 637616 596941 796255 647576 607771 431732 338737 357202 275861 257064 232022 603228
818973 360784 143047 640707 838439 723193 808283 294746 483736 567686 201017 49705 439499 110590 510715 431901 225705 239025 677325 643840 901160 433174 496390 782912 231774 246028 425593 709192 353646 681707 234015 812763 96677 721255 673597 515097 620921 936044 510859 615573 282419 968168 394942 226993 457795 948541 334730 168526 155575 649806 517267 999999999 649058 80036 643699 715617 649619 895939 233061 785776 425157 322019 367116 430116 1053263 260023 69722 420044 521439 287097 816396 231361 604478 660534 136886 644678 744696 562705 412181 483265 605619 564027 604326 329201 433331 782977 707470 675829 747717 784920 544408 134693 280519 135365 809423 280825 557275 616161 604432 625335
591829 318081 765757 155771 437653 846229 486990 415241 469354 135738 473517 697028 399648 541618 283039 222441 857915 525124 330465 336951 351682 638757 688341 878401 667195 504499 347505 429268 536326 826970 499169 164994 688218 518200 437911 520219 566831 447502 601435 542195 555954 359795 351569 777098 336052 355188 315973 670876 736788 416385 224523 649058 999999999 657381 362515 524184 316389 498291 447678 382064 477306 352076 709437 380932 476796 399991 623950 481647 446679 758614 477890 867772 72854 267144 512386 67157 106031 763341 273220 208081 355642 341634 296651 663954 303717 565644 826380 128624 476084 410108 764202 783707 644280 531587 164297 405920 150667 76030 433017 486633
880275 393488 201114 629808 885119 801755 861421 269168 546357 590510 186403 103465 399408 124707 551943 449650 200607 188858 645877 610702 932732 509718 574058 861221 311715 309486 395915 762076 423750 760487 193607 822353 173343 781267 728689 581748 688321 976077 583612 681315 220691 991239 367923 299580 504607 974227 342130 88619 91083 703789 501723 80036 657381 999999999 607516 776346 693863 944599 216086 753523 373059 356042 447000 393796 1083325 291740 35729 484361 473146 365381 775286 211009 620343 636180 164840 644797 757582 641716 402289 510329 569531 529515 647546 408347 411775 843989 785769 668791 803012 832236 623688 155647 359406 187832 812870 323499 581670 633199 559019 686316
933654 486792 786046 208839 798253 1110306 839765 350212 725643 447983 445571 691429 208588 541157 565939 401799 785947 420321 55338 26485 704693 845247 909270 1154082 776496 636150 220100 768919 725017 1081696 414302 457626 722902 848297 767028 781969 858813 807601 846963 836799 408572 681352 252320 846352 588734 688633 384804 571222 652294 741595 193001 643699 362515 607516 999999999 851889 654173 859935 414189 149079 256473 495854 870562 214184 809337 497582 586766 707817 162524 867184 177514 800023 406414 104228 538019 296707 443469 991106 279278 459884 38107 80148 621619 819537 227166 903489 1090227 250015 818522 766697 984623 762359 781760 586134 405882 537770 456678 419079 92052 793725
104070 436024 745047 668006 223273 385606 138889 692277 232269 406711 671565 741283 785960 662519 293983 471767 931874 770401 834971 830079 410993 366525 359381 395443 556516 469592 726060 103790 374267 385940 739329 570131 680746 11503 86415 212642 133647 353053 266703 120770 827455 533739 706517 678897 300420 496543 555541 843159 866024 110392 665116 715617 524184 776346 851889 999999999 208138 244851 670133 902969 846029 458889 487217 762464 530431 513429 743282 296989 870758 605229 994485 933307 458967 774527 620686 586837 513019 390410 621935 398511 831847 801840 231606 475431 684540 67671 369311 651485 80559 188022 405508 814280 499113 588519 622246 466589 396417 450435 896143 90281
