NAME : synthetic_000842
TYPE : CTSP-D
DIMENSION : 100
GROUPS : 8
RELAXATION_LEVEL : 1
EDGE_WEIGHT_TYPE : EXPLICIT
EDGE_WEIGHT_FORMAT : FULL_MATRIX
EDGE_WEIGHT_SECTION
999999999 424409 475310 345140 305664 768168 317580 332807 517701 776185 819672 691537 211551 569759 313200 784571 437374 641016 413885 412120 566595 550360 595657 610286 487614 360593 462427 472394 607582 479705 526611 754781 446023 766877 558143 485250 721453 493667 455730 469868 368848 357591 610336 721946 131697 271330 382975 564405 501732 235963 327443 424064 606779 490872 545082 967639 437665 496172 403638 454458 303259 243581 653814 308942 511853 23380 517169 675751 517159 471658 223216 339743 836669 656749 370493 588207 628478 193565 501702 327305 271737 549546 364304 861920 425910 478855 643878 473041 186030 853993 314096 461349 461397 229257 405477 536113 565060 773301 243677 747935
424409 999999999 742219 331986 359157 917035 325724 685820 140404 894987 951411 799124 635848 427083 602347 453817 392622 430797 767302 174074 220110 628995 286454 494466 202290 65167 293694 289171 370595 146486 531975 418728 601590 691747 136222 233412 797476 355670 626571 60605 770620 360168 691992 448976 542301 192864 44726 778853 862425 652081 737221 530775 654944 862020 839213 651498 809791 196141 820764 801246 725503 269694 814006 348515 118697 402113 843904 335943 850527 494778 601674 623508 666164 797984 412041 858882 303921 249480 133269 288065 175114 820910 438201 615713 324283 393502 836853 387600 501413 542535 306328 359064 885043 647070 745141 299709 195341 946824 272080 834794
475310 742219 999999999 809317 390220 331705 427395 191011 751010 364119 388939 314434 453872 550729 162970 869014 435786 648495 176187 820243 747843 290287 726516 535657 660780 699812 555657 911392 660581 859567 378412 854496 190858 566747 837435 632052 368620 529658 165457 802365 314890 410718 303477 759843 381645 551937 699277 114824 221696 522979 342625 264482 344069 246999 101774 988945 230273 675594 402402 165979 416787 692893 232462 777887 859028 490073 144423 805682 159734 356669 283963 136427 718133 254869 363701 118867 760058 617870 734922 467279 670780 79646 331183 822246 881384 475795 193711 475740 291957 895317 445207 492582 497891 379409 145429 632392 770217 318537 471292 374665
345140 331986 809317 999999999 520148 1071931 505632 677932 472295 1067902 1117987 975431 503572 706113 646678 785782 619227 736697 758871 181548 550885 813191 613162 767238 515030 286736 568246 155392 681838 264662 748731 750711 737586 957790 445054 536840 991984 624708 754741 330522 700518 553240 878353 773586 471267 357544 322182 885609 845387 483456 654041 690066 857879 832660 886473 983474 780042 513621 715113 799550 607812 122474 958414 43370 331972 325730 862002 667784 862249 698137 568024 673058 968647 953793 592836 925794 633921 204546 464081 485856 199725 886529 604392 938405 87372 641637 960352 634956 518072 874064 489941 610812 746327 552081 750448 604999 527326 1086437 410818 1024544
305664 359157 390220 520148 999999999 569428 37733 381751 362030 556247 609717 461381 463096 270342 273399 536004 132301 353018 452827 469007 368378 294626 363395 305267 278791 326926 195063 577139 334231 489811 233698 512822 243509 465464 447245 255935 473062 203065 267780 419756 504399 53333 360081 449439 340480 182353 318821 419696 544900 513867 488800 178156 337748 552679 490459 698186 505781 292902 579003 479059 513256 398738 461202 503915 477751 299732 507520 447417 517038 180336 339113 288184 532207 449294 73410 503835 398647 317097 345649 77273 335001 466986 86187 570478 569564 176278 479263 171054 225622 588652 54994 165415 665949 431806 423831 278373 385995 593963 110407 506849
768168 917035 331705 1071931 569428 999999999 596807 522557 875416 62858 57487 128922 782596 573861 467002 874506 531411 653995 498707 1038430 841368 290568 793301 523172 770974 893737 652593 1145241 694143 1055606 401448 873112 334500 431564 974235 734840 166072 600754 317594 976327 641398 557631 233319 755858 698070 751747 880969 218184 508756 851898 672983 391279 283223 540389 342413 930716 543252 785505 725460 475616 748278 949828 114550 1047644 1034534 777698 418715 854080 434644 426007 607882 442919 606336 120133 506655 284277 819371 868508 862602 631278 900972 298875 484113 747958 1131579 547051 138144 551021 584074 866036 616063 578300 817203 709426 472704 703579 873715 56170 677253 134720
317580 325724 427395 505632 37733 596807 999999999 417744 324387 580718 635226 485206 486604 252378 310657 503925 123517 329096 489764 443194 331162 316241 328322 294278 241474 297089 162938 553788 305518 459513 243177 479761 275867 465165 410309 219550 493152 179120 301005 386214 537920 47904 381508 421313 364822 157148 286570 453888 582149 534384 520577 206484 354671 589536 527849 670300 542222 255481 610797 516423 541673 385857 490477 492254 444421 309035 545251 412542 554748 192864 370714 325780 519590 476824 91307 540395 363605 305564 308047 39899 314964 503799 113272 548715 550415 161674 511230 155698 256545 559589 19463 144357 696203 459540 461068 245737 348360 623424 96119 528071
332807 685820 191011 677932 381751 522557 417744 999999999 730074 552468 579670 493508 265435 614524 118666 912543 477483 709856 83457 725184 747662 423414 745007 620068 657903 632009 574730 799850 705142 779646 475135 891575 298672 700130 801681 637295 542848 569015 286056 742348 144554 422700 457703 816187 214302 494739 641102 304760 177499 333938 158255 341748 484754 176546 225017 1060136 125767 671364 233520 122410 227506 572013 420002 641458 794437 352533 185164 828845 184390 434738 111891 120351 829968 438426 391661 278351 780221 507950 713085 453449 575185 244372 362338 910127 757786 524409 384690 521920 184615 956136 430415 529157 330945 189847 73478 657761 761718 508729 421216 554815
517701 140404 751010 472295 362030 875416 324387 730074 999999999 844793 902721 750711 726698 333854 631141 313499 345313 313505 807015 310235 81306 585206 152440 401349 105354 192475 223133 420356 251149 261934 475607 278476 586458 594480 100350 142379 739180 279289 613539 161529 833701 342366 643149 314102 620494 250650 157286 766993 901122 752739 806594 509383 598585 905626 851909 511200 855840 91718 894267 836512 807142 402807 781705 487608 202981 497566 868960 195540 877966 450550 661839 648263 545021 760498 392919 861915 165209 367757 17037 284813 303275 826255 424038 480925 462276 329511 814064 325057 551883 402179 307603 297281 967591 725457 780485 193304 55463 911909 311334 777705
776185 894987 364119 1067902 556247 62858 580718 552468 844793 999999999 58243 95925 806912 533353 485271 826161 504508 608868 536740 1023904 806121 266217 754606 478870 739654 875789 621711 1133361 652241 1036194 369218 826477 332962 373790 944490 702989 113991 567073 320589 953374 678186 538837 203227 707721 715608 737417 860763 249386 555118 876073 706671 379440 246572 586127 388554 874825 584691 753869 764267 517048 779794 945443 132498 1045789 1011243 783968 464790 811779 481153 400403 630210 462842 548146 120088 489513 332981 779147 863517 832731 613011 890708 342480 470084 691871 1123817 515284 177008 519782 595331 813619 599588 547822 857880 735553 508511 667240 839617 118727 665907 77805
819672 951411 388939 1117987 609717 57487 635226 579670 902721 58243 999999999 152621 838976 591460 521670 882442 561734 666239 556160 1078192 864352 322416 812790 536512 797632 931100 679607 1186751 710161 1091988 427114 883330 380834 424547 1002336 761010 171013 625205 366049 1010030 698873 594137 260411 764153 752784 791481 916704 275046 564944 908277 730433 432044 304725 596714 398920 926488 600408 811881 782826 532810 805616 995633 166693 1094827 1067992 828495 475102 869594 490890 457242 663750 498004 597786 164510 544235 340212 837219 913935 890569 668236 943374 355959 523720 743560 1175575 573231 195543 577674 636631 867958 654242 605637 874361 766098 530188 725482 897812 95405 718822 133397
691537 799124 314434 975431 461381 128922 485206 493508 750711 95925 152621 999999999 737868 445039 412953 746728 409116 525336 490621 928391 714177 170292 664906 394448 645781 779935 527582 1038303 565236 940271 275266 744707 245599 318075 850141 609308 59066 474117 237216 857590 627685 443021 107826 628088 639778 642076 764838 206349 524265 806430 651013 285652 154750 553365 362321 810004 543612 660132 716129 477367 720268 852964 96961 954331 915503 697994 435611 725168 452405 304684 560394 392867 491799 63649 393939 315186 690666 770899 738377 517205 796196 313476 375196 628103 1029891 421392 159197 425684 514520 741053 503999 453473 812131 669265 459348 575872 747065 176918 571349 61351
211551 635848 453872 503572 463096 782596 486604 265435 726698 806912 838976 737868 999999999 732857 325128 979879 591805 815345 320916 609092 771025 632673 793461 760857 688234 571783 645511 649861 790719 682721 645849 951947 509641 888094 769680 681181 780722 665136 507677 680194 212994 516033 681310 906588 122835 477267 594526 564629 383254 69303 162885 520113 694492 361354 486604 1155212 315528 698115 211655 360340 104283 429764 675116 461242 720037 233743 432879 875765 426150 594220 177476 345204 986519 688840 510927 542528 827453 398164 710398 507304 478190 509584 493248 1033574 590578 638074 646036 633271 253250 1043081 489216 628364 252777 76141 331091 724798 772264 772402 434754 798728
569759 427083 550729 706113 270342 573861 252378 614524 333854 533353 591460 445039 732857 999999999 496183 320708 142262 97928 670116 592131 279456 300098 221836 68000 232498 437339 138723 709940 121009 572693 184322 310564 360160 264801 433113 196708 421701 82339 386630 475135 751275 217080 343408 209114 610054 354957 408757 522141 751846 784190 743703 287798 290842 767509 649183 446053 728564 243842 832698 685755 777144 597623 498649 703221 527468 560366 691578 280673 705064 194077 597204 500343 270990 470416 227824 638223 245845 525946 325957 246006 506448 610462 253695 301917 729201 94979 545031 99592 488213 345941 256142 108541 924232 697452 636563 141654 315585 618373 334279 460374
313200 602347 162970 646678 273399 467002 310657 118666 631141 485271 521670 412953 325128 496183 999999999 797304 360294 591907 180114 665137 641765 316954 634020 501540 552123 554246 462290 752117 588995 710059 358414 777369 190964 588580 709281 528927 455789 452834 184541 661195 260297 309791 359429 698969 231121 409520 558161 254466 271505 393505 263986 224709 379195 280059 244645 942023 235485 566128 347085 205843 319804 531157 355392 614955 716074 327359 241578 717223 248713 316532 147838 26598 713162 365879 275240 279299 669043 457678 614359 348508 514592 239942 245045 791478 719744 406832 335738 404572 128988 838751 325327 413068 443367 258816 150432 544668 658580 465411 330933 473680
784571 453817 869014 785782 536004 874506 503925 912543 313499 826161 882442 746728 979879 320708 797304 999999999 438907 226064 976165 619776 236785 617470 189534 354978 299082 503669 341146 723414 209455 559616 503831 35298 679410 478292 361888 299542 712190 344876 706301 465597 1040177 490515 653363 118652 861851 517040 467839 842570 1062482 1018439 1024427 604618 598372 1075417 968556 197701 1032746 292977 1114655 995864 1043692 712027 811661 800595 490799 768133 1007625 118340 1020408 513534 874576 805724 346445 781069 522197 958893 159060 666822 322450 475988 611130 930743 553190 218693 772143 394933 861681 395931 760466 92359 496516 384430 1199759 961011 944008 258216 258526 923473 545407 749085
437374 392622 435786 619227 132301 531411 123517 477483 345313 504508 561734 409116 591805 142262 360294 438907 999999999 233348 537845 535790 321915 240847 291736 173018 242710 381393 126159 651115 229604 536718 139633 421343 252681 342876 443193 208369 404882 94566 280428 449874 611531 79789 301342 338737 468974 262263 361573 430003 623575 644688 602379 174193 262332 636777 537086 583570 595100 257633 691716 556958 634887 502255 436436 609181 507380 430413 570633 369908 582862 105481 455235 367278 399906 415380 86550 535699 324680 423994 331860 133688 422791 503609 115253 444173 656572 47750 470615 44531 345957 478653 133942 56841 782560 555237 505339 197048 350036 566707 217199 442341
641016 430797 648495 736697 353018 653995 329096 709856 313505 608868 666239 525336 815345 97928 591907 226064 233348 999999999 767067 603395 242700 391415 171974 130933 228640 455030 181572 719813 62409 570408 278115 219962 457804 292909 405686 200988 495227 150211 484101 469725 844867 301146 428794 111530 693083 402263 422323 617072 849479 863331 835316 385723 374285 864813 746638 350374 825261 234982 924843 783298 865225 636999 586545 739343 516001 629244 789502 206643 802992 291832 687393 596951 235443 556598 319897 734488 184121 572198 310443 313783 540034 707401 347743 220912 748687 185807 635784 188869 576276 248186 328608 187836 1015032 784379 733705 132579 280408 701267 398808 533177
413885 767302 176187 758871 452827 498707 489764 83457 807015 536740 556160 490621 320916 670116 180114 976165 537845 767067 999999999 808637 820874 449215 814133 668777 731122 714340 642365 882670 767288 862881 517325 956843 331051 728785 881112 708668 544541 631330 312602 824306 142928 489879 472980 875636 290806 575493 722620 288324 95134 386030 179455 387349 507798 99954 170210 1115968 59752 744942 227528 41344 258664 654515 406765 721686 876856 434197 112204 897320 107220 482844 190880 170568 869432 430711 454033 229637 849157 591248 790096 526882 658635 203018 423017 959547 839568 583515 361564 581698 267034 1014897 503704 591735 322005 245399 34971 724615 836616 476541 500463 550773
412120 174074 820243 181548 469007 1038430 443194 725184 310235 1023904 1078192 928391 609092 592131 665137 619776 535790 603395 808637 999999999 391400 759068 459841 658152 374837 156058 454695 117811 543911 85121 674298 584478 709028 854845 267426 403752 934417 515911 730973 155037 780595 486217 824086 622465 543228 286774 183476 876502 901508 606557 739529 647164 793544 894880 909623 816464 841361 369640 813383 846750 709406 181689 929474 211811 150424 388922 900131 503676 903729 630407 624849 689644 838824 918297 534454 939107 475402 219919 305557 412283 150829 899840 554627 789343 152414 546082 943200 539706 545504 710372 424412 512294 861323 640315 792811 471368 362898 1061833 362395 970164
566595 220110 747843 550885 368378 841368 331162 747662 81306 806121 864352 714177 771025 279456 641765 236785 321915 242700 820874 391400 999999999 554344 73585 344457 89789 267014 195867 501578 180785 342234 440066 202453 572688 531378 163330 115845 697024 240891 600336 242379 860730 337878 608053 233226 659136 295267 231147 751576 913270 802543 837574 494174 559847 920575 849572 434003 872754 76450 926762 847423 845244 475354 754159 564305 280599 548043 873571 118595 883850 423549 689627 656205 469228 730216 384259 853859 84019 432878 86922 294275 374572 819990 416697 399877 543274 295995 791628 292856 576647 323298 317385 267833 1004850 762623 792194 139325 37733 881358 341377 735782
550360 628995 290287 813191 294626 290568 316241 423414 585206 266217 322416 170292 632673 300098 316954 617470 240847 391415 449215 759068 554344 999999999 511338 264765 481175 609816 362850 869993 420541 769983 116760 609893 126043 279569 683764 445406 178794 313595 137860 687658 567519 273099 65462 501100 521598 473378 594546 230294 510797 698191 578649 127176 62292 533956 376209 712566 508343 495835 656864 450585 636731 691055 200576 794511 745670 553394 433959 578779 449697 135503 460094 305435 428137 175948 224982 352286 539970 608952 572202 347270 629432 331259 209045 539046 864190 258470 244950 261974 388270 627990 334757 288599 754345 572519 414412 418789 585495 327326 405032 212247
595657 286454 726516 613162 363395 793301 328322 745007 152440 754606 812790 664906 793461 221836 634020 189534 291736 171974 814133 459841 73585 511338 999999999 282977 109691 326680 172464 571995 111656 414368 394964 159131 544211 463612 236343 112588 643433 201173 571942 313907 865846 324440 560858 162624 677153 327507 291030 719560 904273 830200 846596 465864 510176 914078 828106 380918 868392 104747 936606 837789 861032 529963 711906 623644 353887 578902 858075 84308 869418 386394 697042 645840 395726 685894 364989 827370 35283 479960 154552 296023 428946 795314 397496 329528 610736 257551 753344 255843 582827 267401 318005 235044 1018846 778171 783749 94902 110390 835873 358777 682134
610286 494466 535657 767238 305267 523172 294278 620068 401349 478870 536512 394448 760857 68000 501540 354978 173018 130933 668777 658152 344457 264765 282977 999999999 300473 502804 203534 775941 174974 640306 157537 350723 345692 197296 500238 264701 365620 143331 370227 543016 760779 252730 298443 237264 638306 412580 475043 493676 745468 815710 757642 281434 243638 763600 630620 453339 728156 311704 845075 680499 797166 656175 456686 762489 595463 602900 679147 333325 693538 186059 614941 502103 227074 426212 249932 613646 303550 582153 393739 295300 567566 588962 269779 290805 793276 133192 507395 139536 510763 363757 301574 158647 938891 719737 634380 208454 381155 570340 383219 403882
487614 202290 660780 515030 278791 770974 241474 657903 105354 739654 797632 645781 688234 232498 552123 299082 242710 228640 731122 374837 89789 481175 109691 300473 999999999 229324 118385 491181 169318 344186 370560 267913 489234 496176 205608 37126 633828 173997 516690 244626 771873 250110 538352 260364 574067 218143 195259 669215 823621 722867 749573 411174 493338 830803 762381 489989 782967 15045 839041 757845 759453 425025 678851 522115 295339 470336 784816 188172 794889 347247 601114 566814 464078 656832 298066 768515 141077 371548 94788 204490 324585 733980 330193 423548 521365 224414 713090 220117 487757 376134 227596 192684 918499 676661 702540 97677 109616 808297 255190 672359
360593 65167 699812 286736 326926 893737 297089 632009 192475 875789 931100 779935 571783 437339 554246 503669 381393 455030 714340 156058 267014 609816 326680 502804 229324 999999999 299271 273505 397844 162912 520590 469071 570301 699164 201367 254042 782995 360168 594022 111683 711348 336986 674230 486864 480656 148372 35894 744052 809284 587090 676647 503487 641266 807458 794663 701017 754767 227128 759120 749446 662611 210436 787428 297542 162554 338075 795114 385339 800926 478600 543956 576565 689613 773837 387181 817699 348713 184514 181600 262864 112235 779140 410256 651984 293987 390172 806019 383829 447424 589939 277748 356302 821743 584962 693655 322464 247814 920344 229021 819376
462427 293694 555657 568246 195063 652593 162938 574730 223133 621711 679607 527582 645511 138723 462290 341146 126159 181572 642365 454695 195867 362850 172464 203534 118385 299271 999999999 572461 145722 440162 252498 317791 377209 400202 322814 82709 516889 61981 404910 345708 699461 152503 420060 261295 525058 222361 271847 555734 732019 689457 683288 298618 375698 742265 657399 509702 697217 132988 773515 665488 704163 462044 561010 566731 400820 449567 685818 254988 697047 229408 533444 473579 402624 538597 192815 659254 207141 393445 211093 138230 368834 626094 225397 401451 590505 106521 596568 101934 419389 397859 156912 74299 859128 621794 611658 83333 224053 690060 218929 555273
472394 289171 911392 155392 577139 1145241 553788 799850 420356 1133361 1186751 1038303 649861 709940 752117 723414 651115 719813 882670 117811 501578 869993 571995 775941 491181 273505 572461 999999999 659766 164225 788819 688229 813030 972568 363095 520894 1046656 633597 833670 259669 838321 598260 935294 734322 603335 396642 301248 975261 972890 634938 793823 754762 906700 963079 996308 918015 909751 485312 860152 922258 753461 228873 1034663 198196 235062 450511 980194 609779 982259 743550 693873 777608 955237 1025264 645010 1029936 585106 294671 417496 524942 245000 990484 663280 901223 76086 662931 1044887 656507 627312 815124 535488 629317 896778 692226 870289 588182 470652 1166199 468074 1081834
607582 370595 660581 681838 334231 694143 305518 705142 251149 652241 710161 565236 790719 121009 588995 209455 229604 62409 767288 543911 180785 420541 111656 174974 169318 397844 145722 659766 999999999 508865 304164 194062 471936 351983 343484 145082 539636 136177 499143 408057 835566 285618 464351 115901 669751 357223 364325 639607 853119 835170 822418 396107 411471 866346 760692 364828 824239 174454 912511 786521 846943 585806 619576 686394 453774 594148 798412 159943 811088 307036 673033 596752 295946 591425 313767 753354 128756 524458 248352 283742 487267 724007 344297 262008 690624 185544 665310 186476 559843 254424 301540 176004 1000166 764984 734911 77816 218517 739180 363906 578103
479705 146486 859567 264662 489811 1055606 459513 779646 261934 1036194 1091988 940271 682721 572693 710059 559616 536718 570408 862881 85121 342234 769983 414368 640306 344186 162912 440162 164225 508865 999999999 676336 524494 733212 837487 198870 377397 940966 502132 756905 100937 845238 498117 833827 575437 608788 310456 175580 906619 957021 684347 806236 665996 798627 952581 952726 753832 899265 336007 883199 899639 781004 261617 949987 296598 71666 456325 949105 446990 953919 637111 684183 733360 804632 935873 548968 977935 424728 286284 261497 424328 208705 939110 572773 741878 221843 539553 968930 533572 596582 651518 440106 505133 935485 708961 844596 441770 309495 1082931 390644 977901
526611 531975 378412 748731 233698 401448 243177 475135 475607 369218 427114 275266 645849 184322 358414 503831 139633 278115 517325 674298 440066 116760 394964 157537 370560 520590 252498 788819 304164 676336 999999999 494811 189431 243305 575275 334044 266120 199313 213148 588726 618563 195491 168190 389064 526526 395584 501199 338974 590624 706476 620761 133711 123788 610010 473098 610820 577027 384877 705416 526469 668261 628979 317088 735211 645915 524708 522240 462053 536844 54993 485680 355128 354860 291051 160846 457285 423288 548335 463519 265346 555920 431741 162308 444819 791065 146147 361167 150566 392725 520165 258911 178661 801284 595541 482552 303132 472271 441637 338818 304031
754781 418728 854496 750711 512822 873112 479761 891575 278476 826477 883330 744707 951947 310564 777369 35298 421343 219962 956843 584478 202453 609893 159131 350723 267913 469071 317791 688229 194062 524494 494811 999999999 665994 486727 326996 270798 712529 326809 693180 430311 1017211 468914 648742 121483 834786 486056 433276 832420 1044307 989285 1000240 590063 594237 1056398 954728 232777 1012833 261041 1090436 977645 1017620 677807 806321 765781 455847 737942 991635 83859 1004071 500882 850392 786722 364347 776542 502952 947128 126975 633669 287678 450369 577002 918020 534468 244983 736844 378912 854732 379372 736136 127126 471430 365798 1174471 934830 925131 234459 223400 920961 517202 749956
446023 601590 190858 737586 243509 334500 275867 298672 586458 332962 380834 245599 509641 360160 190964 679410 252681 457804 331051 709028 572688 126043 544211 345692 489234 570301 377209 813030 471936 733212 189431 665994 999999999 401588 679309 457401 277556 344239 27747 662078 443147 245796 172015 569233 402320 424165 562042 180556 401375 576191 452881 78610 188242 421439 289178 798640 390762 504272 532165 337732 510767 615393 221954 714002 720287 452419 333542 620872 347848 166117 335285 179711 538463 216374 194027 283219 576705 534011 571380 314084 568168 252285 164516 634249 797334 288907 235755 289579 272120 704459 295266 309188 629499 447610 296088 449360 598524 353198 346634 302177
766877 691747 566747 957790 465464 431564 465165 700130 594480 373790 424547 318075 888094 264801 588580 478292 342876 292909 728785 854845 531378 279569 463612 197296 496176 699164 400202 972568 351983 837487 243305 486727 401588 999999999 691631 461066 266915 338996 416829 739793 844664 418451 267469 365447 769535 600564 672013 488048 788346 949457 852509 369456 222682 812488 644578 502004 787889 506673 933489 729457 905330 843338 407723 950230 791513 763409 708201 495546 724423 297144 724082 580438 174815 372422 396652 610297 476968 766284 588062 475665 758860 596883 403813 319161 987821 316165 468979 322848 635369 449543 476754 347351 1030654 835335 693974 401358 568937 486393 560002 297086
558143 136222 837435 445054 447245 974235 410309 801681 100350 944490 1002336 850141 769680 433113 709281 361888 443193 405686 881112 267426 163330 683764 236343 500238 205608 201367 322814 363095 343484 198870 575275 326996 679309 691631 999999999 242685 839335 379597 705979 114673 895607 433681 742456 389369 672176 308666 175248 859734 976003 787718 864628 603339 698489 978176 937322 555078 927033 192068 949904 912762 857083 400591 878963 468450 128968 536245 949700 252589 957751 548655 724754 728186 631870 858560 485283 950626 238031 385647 111768 370422 310104 914108 515409 553052 417256 429319 909541 424720 619318 454115 392251 396701 1017192 777410 856494 291789 125966 1009826 380666 877824
485250 233412 632052 536840 255935 734840 219550 637295 142379 702989 761010 609308 681181 196708 528927 299542 208369 200988 708668 403752 115845 445406 112588 264701 37126 254042 82709 520894 145082 377397 334044 270798 457401 461066 242685 999999999 596869 136913 484995 278806 755203 222562 502005 246339 564579 221115 221583 636800 800250 718903 734935 379011 456579 808560 733795 484572 761667 50892 824827 734120 748494 441509 643719 541412 330762 469245 758624 196271 769150 312110 585624 542444 435805 621222 268424 738117 147287 382925 131883 185136 342424 704160 300881 405035 547792 187931 678979 183822 471574 370488 207668 156814 906477 665628 679276 68447 141716 772677 246428 635423
721453 797476 368620 991984 473062 166072 493152 542848 739180 113991 171013 59066 780722 421701 455789 712190 404882 495227 544541 934417 697024 178794 643433 365620 633828 782995 516889 1046656 539636 940966 266120 712529 277556 266915 839335 596869 999999999 460128 274209 854656 679645 448452 113816 593734 678344 650144 765458 263451 581422 848670 700955 303916 142558 610121 420580 764679 598644 647719 768605 532987 768288 869834 156010 973113 911967 726266 493274 698844 510076 304397 603624 437422 441655 122484 402329 374146 667133 787722 727807 522162 807431 371638 387764 581976 1042485 410480 218130 415442 549605 700727 511220 443953 865137 714027 512528 557771 731262 219889 583441 38764
493667 355670 529658 624708 203065 600754 179120 569015 279289 567073 625205 474117 665136 82339 452834 344876 94566 150211 631330 515911 240891 313595 201173 143331 173997 360168 61981 633597 136177 502132 199313 326809 344239 338996 379597 136913 460128 999999999 371891 407363 700292 151950 367461 248523 542883 272620 333437 518432 717788 713502 688423 266441 320503 730541 630700 496239 688130 187667 778329 651144 715991 515424 513761 621183 462090 483070 665163 276669 677425 185366 539606 460855 352596 489382 177597 627408 232758 443622 268535 167031 424984 596203 208323 369658 649957 56418 553123 54789 427444 388536 179785 39866 867220 634787 599133 106565 273001 640472 254553 498733
455730 626571 165457 754741 267780 317594 301005 286056 613539 320589 366049 237216 507677 386630 184541 706301 280428 484101 312602 730973 600336 137860 571942 370227 516690 594022 404910 833670 499143 756905 213148 693180 27747 416829 705979 484995 274209 371891 999999999 687118 429859 272317 174911 595595 404218 447189 586591 153764 379406 575130 442367 106341 198732 400567 262556 823492 372079 531724 519311 316817 503192 632872 203685 730066 745251 463389 309092 648498 323748 192793 331494 169888 558464 201834 220808 255528 604405 551954 598378 339618 588675 224898 190731 657612 816200 316470 212382 317205 277315 730273 320325 336925 616839 443195 277670 477085 626035 332998 368806 295874
469868 60605 802365 330522 419756 976327 386214 742348 161529 953374 1010030 857590 680194 475135 661195 465597 449874 469725 824306 155037 242379 687658 313907 543016 244626 111683 345708 259669 408057 100937 588726 430311 662078 739793 114673 278806 854656 407363 687118 999999999 823024 420072 750224 475540 591812 251804 103251 839452 919366 691983 788131 590950 712102 918169 899031 661807 865644 235820 870154 858814 772717 290060 873914 353883 58346 447015 902640 350588 908990 552981 655521 682696 703744 857504 472064 919208 325583 285720 160580 348366 206541 881160 498525 642256 306907 448127 897245 442433 557746 556719 366835 413744 931260 695787 802828 341906 210985 1006663 331682 892209
368848 770620 314890 700518 504399 641398 537920 144554 833701 678186 698873 627685 212994 751275 260297 1040177 611531 844867 142928 780595 860730 567519 865846 760779 771873 711348 699461 838321 835566 845238 618563 1017211 443147 844664 895607 755203 679645 700292 429859 823024 999999999 550199 599650 948737 237375 587456 726377 428984 175921 268084 50174 484909 628569 150497 310356 1195059 111900 784396 89666 172296 126157 610720 547202 659891 870573 391861 242791 950148 231958 576558 171866 264710 973392 569460 524996 370688 901109 561014 816690 570122 636561 345732 497622 1049668 785738 659081 503934 656040 284119 1088800 547880 660547 187194 149269 169706 782771 870691 619379 522647 688512
357591 360168 410718 553240 53333 557631 47904 422700 342366 538837 594137 443021 516033 217080 309791 490515 79789 301146 489879 486217 337878 273099 324440 252730 250110 336986 152503 598260 285618 498117 195491 468914 245796 418451 433681 222562 448452 151950 272317 420072 550199 999999999 337922 399907 393314 202117 323347 426080 579855 567175 536929 171448 308752 589792 512280 648105 544763 264892 626965 513407 564184 433688 453855 540133 478415 350702 536100 407443 546757 146080 387820 321448 479436 438151 52236 519774 359365 353467 326832 74187 361407 484566 81800 517639 596849 122953 478591 117726 275499 539650 63663 113314 715352 483233 459315 235159 359498 586657 144006 483968
610336 691992 303477 878353 360081 233319 381508 457703 643149 203227 260411 107826 681310 343408 359429 653363 301342 428794 472980 824086 608053 65462 560858 298443 538352 674230 420060 935294 464351 833827 168190 648742 172015 267469 742456 502005 113816 367461 174911 750224 599650 337922 999999999 535304 574128 538657 658281 220842 524772 748112 615341 190260 55448 550472 377207 733029 530565 552774 689314 468783 677819 756145 158689 859309 808053 614365 442220 624069 458645 197250 505960 344345 430815 127806 290307 343656 587757 674020 630703 412025 694891 329415 274423 554575 929645 314085 213152 318239 442735 655629 399928 345870 786798 617917 438972 470433 640447 275199 470485 146786
721946 448976 759843 773586 449439 755858 421313 816187 314102 707721 764153 628088 906588 209114 698969 118652 338737 111530 875636 622465 233226 501100 162624 237264 260364 486864 261295 734322 115901 575437 389064 121483 569233 365447 389369 246339 593734 248523 595595 475540 948737 399907 535304 999999999 785651 466067 451599 728002 959267 950656 936792 496609 480184 973929 858142 248988 933378 260253 1026763 892919 962498 685301 693786 782144 512646 707921 900487 145518 913838 403185 787710 705183 253535 662904 424652 845861 151670 629147 317092 399478 584948 818917 453974 166940 773245 292246 744586 294397 674913 140084 417434 288200 1115130 880658 842613 186511 266789 804856 478396 630766
131697 542301 381645 471267 340480 698070 364822 214302 620494 715608 752784 639778 122835 610054 231121 861851 468974 693083 290806 543228 659136 521598 677153 638306 574067 480656 525058 603335 669751 608788 526526 834786 402320 769535 672176 564579 678344 542883 404218 591812 237375 393314 574128 785651 999999999 369874 499008 483848 374391 179951 197550 404140 582540 361483 436638 1034519 308775 584750 278502 332067 186685 374799 586417 432704 637003 154554 398974 760304 396897 474030 102699 255308 864269 595791 388416 485813 711602 323769 603806 387138 400118 448948 371547 910925 554330 515250 565610 510465 134702 922911 368290 505843 347097 105322 287706 605363 663200 694869 318967 699531
271330 192864 551937 357544 182353 751747 157148 494739 250650 737417 791481 642076 477267 354957 409520 517040 262263 402263 575493 286774 295267 473378 327507 412580 218143 148372 222361 396642 357223 310456 395584 486056 424165 600564 308666 221115 650144 272620 447189 251804 587456 202117 538657 466067 369874 999999999 148657 596191 670618 507276 557971 360470 510869 671243 647649 705453 619537 225681 644748 608846 556500 243629 643383 350172 307491 253034 651057 405589 657670 348050 416238 430892 623986 631616 248405 669577 359168 171319 234022 130259 160667 631132 267854 618913 395485 284453 659511 277766 311199 591347 138929 254540 716963 474926 552668 280606 294997 776023 80720 685199
382975 44726 699277 322182 318821 880969 286570 641102 157286 860763 916704 764838 594526 408757 558161 467839 361573 422323 722620 183476 231147 594546 291030 475043 195259 35894 271847 301248 364325 175580 501199 433276 562042 672013 175248 221583 765458 333437 586591 103251 726377 323347 658281 451599 499008 148657 999999999 738203 817740 612838 693374 492671 623185 817294 795793 665149 765068 192351 777351 756647 682910 245558 776483 333427 159905 361011 799675 349518 806181 461532 557173 579525 657379 761474 374681 816308 312835 214692 145971 250068 146170 778165 399661 617039 326411 366746 797662 360573 456687 554046 267108 332504 842741 603975 700563 289791 212470 909418 228434 802341
564405 778853 114824 885609 419696 218184 453888 304760 766993 249386 275046 206349 564629 522141 254466 842570 430003 617072 288324 876502 751576 230294 719560 493676 669215 744052 555734 975261 639607 906619 338974 832420 180556 488048 859734 636800 263451 518432 153764 839452 428984 426080 220842 728002 483848 596191 738203 999999999 318015 633918 457448 258052 270797 347016 159082 942846 338857 684260 515673 271921 531366 765684 118441 857369 897427 576468 229976 793478 246773 333984 390870 229046 650645 144026 374506 123283 751007 686931 751934 492851 730869 110223 344472 768423 952382 462158 81892 463717 378382 857414 473083 485595 610226 491257 259279 624742 778256 211090 516451 264626
501732 862425 221696 845387 544900 508756 582149 177499 901122 555118 564944 524265 383254 751846 271505 1062482 623575 849479 95134 901508 913270 510797 904273 745468 823621 809284 732019 972890 853119 957021 590624 1044307 401375 788346 976003 800250 581422 717788 379406 919366 175921 579855 524772 959267 374391 670618 817740 318015 999999999 442524 224360 465296 565668 32344 166664 1196289 68014 837602 236702 66664 302074 744208 432526 807090 971770 522866 90331 986936 74127 560931 279031 258443 937327 461388 541569 224780 939127 683204 884238 619809 751952 213140 509853 1035264 927512 668152 378478 666782 361879 1097664 596619 678543 317046 311820 121081 813581 929825 477049 595401 581568
235963 652081 522979 483456 513867 851898 534384 333938 752739 876073 908277 806430 69303 784190 393505 1018439 644688 863331 386030 606557 802543 698191 830200 815710 722867 587090 689457 634938 835170 684347 706476 989285 576191 949457 787718 718903 848670 713502 575130 691983 268084 567175 748112 950656 179951 507276 612838 633918 442524 999999999 218443 583225 759722 418487 553436 1198255 375677 731750 247046 424529 145640 424927 744345 440221 727491 255246 497340 911035 489736 653916 246224 414033 1042306 757852 566346 610062 863432 406394 736936 551584 486291 577681 550793 1083056 570781 690006 715300 684890 314260 1085224 535056 677954 263132 144098 398123 766528 800785 841515 473805 867184
327443 737221 342625 654041 488800 672983 520577 158255 806594 706671 730433 651013 162885 743703 263986 1024427 602379 835316 179455 739529 837574 578649 846596 757642 749573 676647 683288 793823 822418 806236 620761 1000240 452881 852509 864628 734935 700955 688423 442367 788131 50174 536929 615341 936792 197550 557971 693374 457448 224360 218443 999999999 487309 640501 200091 349544 1184529 158392 761587 90228 213565 79845 567197 574645 613004 834196 350711 285763 930838 276212 575926 149864 273219 974543 594788 516036 409089 881745 520736 789655 550644 597612 381491 490522 1044209 739752 650125 534910 646643 264106 1076578 529034 649008 181259 101972 200804 766299 845647 654010 497090 712236
424064 530775 264482 690066 178156 391279 206484 341748 509383 379440 432044 285652 520113 287798 224709 604618 174193 385723 387349 647164 494174 127176 465864 281434 411174 503487 298618 754762 396107 665996 133711 590063 78610 369456 603339 379011 303916 266441 106341 590950 484909 171448 190260 496609 404140 360470 492671 258052 465296 583225 487309 999999999 182869 482509 364783 731004 446770 426218 571711 399758 536545 567642 283993 669885 649288 426527 403880 543094 417274 95733 354725 222122 488483 271147 119214 361514 498551 485523 494547 242784 511408 329782 93233 572200 744422 211695 307176 211998 269467 633607 225903 230823 667655 465886 352952 371070 520303 416942 286779 334952
606779 654944 344069 857879 337748 283223 354671 484754 598585 246572 304725 154750 694492 290842 379195 598372 262332 374285 507798 793544 559847 62292 510176 243638 493338 641266 375698 906700 411471 798627 123788 594237 188242 222682 698489 456579 142558 320503 198732 712102 628569 308752 55448 480184 582540 510869 623185 270797 565668 759722 640501 182869 999999999 589963 424071 678160 566500 507469 718041 507117 698988 736440 214096 841227 769441 608708 485937 571382 502061 163182 522310 367347 379946 182721 265216 394076 536163 654657 586791 381759 669634 377259 254923 500385 905074 269178 268270 273893 448708 600191 372136 302215 815571 634736 473186 421283 593114 327798 447374 180269
490872 862020 246999 832660 552679 540389 589536 176546 905626 586127 596714 553365 361354 767509 280059 1075417 636777 864813 99954 894880 920575 533956 914078 763600 830803 807458 742265 963079 866346 952581 610010 1056398 421439 812488 978176 808560 610121 730541 400567 918169 150497 589792 550472 973929 361483 671243 817294 347016 32344 418487 200091 482509 589963 999999999 198042 1212870 53530 844564 205842 83759 276040 734209 462499 793654 969665 512570 121681 997234 105849 578240 270210 269720 959026 490780 553473 256677 949095 675680 888671 626456 746193 243772 522234 1053990 915753 682079 409294 680427 360607 1112874 603293 691035 284819 292058 131438 824436 935961 509166 597620 611176
545082 839213 101774 886473 490459 342413 527849 225017 851909 388554 398920 362321 486604 649183 244645 968556 537086 746638 170210 909623 849572 376209 828106 630620 762381 794663 657399 996308 760692 952726 473098 954728 289178 644578 937322 733795 420580 630700 262556 899031 310356 512280 377207 858142 436638 647649 795793 159082 166664 553436 349544 364783 424071 198042 999999999 1083718 204294 777172 388657 138371 428872 773537 268196 852714 955136 562249 76380 906985 92607 455250 334173 220000 803195 298792 465467 60649 861552 701677 835726 567675 759179 49026 432941 913936 961944 576437 212245 576566 369769 992381 545371 593914 477117 410471 155521 733870 871761 313065 567369 417797
967639 651498 988945 983474 698186 930716 670300 1060136 511200 874825 926488 810004 1155212 446053 942023 197701 583570 350374 1115968 816464 434003 712566 380918 453339 489989 701017 509702 918015 364828 753832 610820 232777 798640 502004 555078 484572 764679 496239 823492 661807 1195059 648105 733029 248988 1034519 705453 665149 942846 1196289 1198255 1184529 731004 678160 1212870 1083718 999999999 1174557 485659 1274315 1130585 1211377 908617 889514 998166 683864 952661 1132180 315912 1146381 635459 1035845 946383 331637 855785 670076 1064563 353801 860858 520046 647921 807589 1041373 698116 182968 968677 536143 946158 539045 923458 114106 666240 535531 1363449 1129611 1082237 431838 456177 984243 724867 797408
