NAME : synthetic_000687
TYPE : CTSP-D
DIMENSION : 100
GROUPS : 8
RELAXATION_LEVEL : 1
EDGE_WEIGHT_TYPE : EXPLICIT
EDGE_WEIGHT_FORMAT : FULL_MATRIX
EDGE_WEIGHT_SECTION
999999999 310902 987593 130361 811510 891341 600907 614603 173432 150813 918612 77916 328246 460229 614424 641615 704872 413538 801087 744330 99281 323840 432394 340932 699854 524470 224680 1002801 385108 257213 967641 485610 1105232 447796 185816 260726 771873 391203 465668 748889 423432 556826 247061 339689 769243 331936 702888 867757 611273 1111585 340009 548258 795307 600023 778893 419565 857149 161724 574911 447829 632665 779839 234401 478845 903458 882416 724814 531355 653942 483539 28938 148566 294775 335293 918938 181782 782521 672905 633785 602047 871373 665286 571964 704565 545247 1101335 573140 660380 813016 258205 271689 695565 527566 521339 776823 294831 1029418 786236 683257 40175
310902 999999999 1103655 441251 686931 875501 813377 536051 387096 461434 876203 344117 579420 301369 693215 844070 846913 710055 947569 921584 378638 550459 653430 587124 955397 503735 535108 1058661 344775 107811 999932 712757 1186587 659035 477220 173163 771015 152007 719959 778929 623825 334333 194646 441398 648524 37899 993917 899300 826381 1186669 487760 520927 929514 502208 756763 302686 684544 161239 517987 697061 700578 594445 538934 779000 731560 879922 989872 346560 731464 525010 335309 386987 250329 349548 1022153 167367 737198 608662 594555 802065 996785 942527 705685 631619 818727 1186575 644429 792040 983036 128916 222533 746014 327203 414434 751951 441211 1118060 680111 584907 343275
987593 1103655 999999999 967054 748106 444704 465013 682754 814222 951801 519533 910016 708370 882213 411620 418530 285326 810103 201497 299155 896961 683310 593457 692626 574729 633637 940197 209626 768649 997410 288243 566128 163770 569723 860876 1193154 442154 1013220 637171 382546 579371 973985 911169 673949 739340 1085488 778737 315050 465013 184201 651213 627318 194913 725930 491730 841844 882812 1076343 661686 633619 408166 904534 888031 829259 891023 407903 620423 905497 375115 581776 966398 839942 853505 754115 87921 1112412 548657 629670 596359 439420 117246 685116 416240 637694 676670 151511 460572 327272 240844 1163644 1226551 380566 933843 775058 499313 699493 102858 701460 700454 1005039
130361 441251 967054 999999999 892857 931367 542933 689518 195216 24085 967995 129628 265998 566858 628062 587740 681792 299244 771433 700438 108359 283756 381342 281252 609881 586184 95905 1009518 468578 383273 985562 425325 1097981 402095 107140 375240 810608 515402 386483 776072 387891 672268 359059 375559 850722 461985 588040 889295 551075 1107026 351126 610352 772170 681826 825615 519839 952085 289054 645229 373961 650017 880214 118456 359450 997216 917453 627863 639751 665523 525187 107886 163264 394352 408837 906546 303866 837779 739886 694203 551788 849812 561042 561623 772973 446961 1092404 593348 645130 770486 380426 375113 716799 639487 610755 824680 317064 1020665 862438 761010 101488
811510 686931 748106 892857 999999999 322398 801258 205799 703546 896269 270667 767204 788221 387368 469403 793107 654710 978874 717498 775108 784498 732448 751209 780634 1002394 322559 942000 587440 427036 624882 498748 788038 734897 732590 835169 850989 309724 537037 856489 381066 700234 380291 579925 542234 42294 651143 1157859 435344 814403 722202 598727 300602 678985 211788 257806 404407 134957 775578 254075 832653 447525 173227 906220 1042201 151812 352531 1056657 343634 473270 416517 812154 733593 520277 484033 664315 805684 200069 179340 237362 766186 698336 1064611 585806 148903 967828 742889 450720 608431 794311 806880 899903 417808 367927 292431 250405 605374 698534 49987 133154 849934
891341 875501 444704 931367 322398 999999999 642035 347362 738380 926314 77726 826209 741909 588996 330147 616601 443369 914355 469905 555694 830509 692038 662161 729331 830927 379712 949478 266287 541125 785801 176643 676144 413005 637576 844973 1013836 120759 744508 756105 171796 618642 638547 713915 557401 326251 846000 1017331 134685 651948 399860 583428 359001 429888 388448 118880 573685 452227 913323 357751 737973 303307 492678 902835 963830 453368 37957 886065 580059 305846 408798 881429 770387 646961 566986 368896 948583 148070 274564 280969 604382 422581 917682 444760 261923 849314 421484 348495 418694 551174 974037 1058199 237724 609341 468660 123552 614304 381772 283144 325001 923100
600907 813377 465013 542933 801258 642035 999999999 629449 442918 523394 710768 525708 277980 708098 336312 47660 215325 345323 265073 168886 501859 277905 168680 263434 201141 517754 495522 581022 559103 708654 599315 117654 619891 156451 437049 846931 546905 780858 174492 475011 189639 829660 626659 391945 770210 809366 375308 534528 14422 635470 331235 530286 284131 656651 591663 651010 919659 730315 583420 175960 361436 893643 444774 366366 949727 610493 255537 764123 344909 416948 574388 457710 593519 508082 431263 762423 637809 624490 567281 37669 355493 275832 215824 652685 221047 610340 350583 224063 237009 829511 868034 413048 784404 650293 595934 374044 544333 752932 688454 606004
614603 536051 682754 689518 205799 347362 629449 999999999 498580 692060 340398 565652 585825 242192 320778 629273 519138 776909 600244 635061 581261 530054 557921 579055 828833 120611 736480 571662 230452 455751 496349 599892 715258 541494 629503 686349 262231 398785 663299 302481 506726 299637 396355 336990 164788 504285 970335 404553 643368 708859 395455 101857 566120 44118 232488 234108 297198 597561 49914 638597 306601 264394 700424 841742 334164 359063 881446 236046 339179 221072 612960 528989 331898 281749 594845 630438 202857 73421 86395 597143 605631 880612 420774 96337 777081 719410 287340 465285 668515 644114 733375 306509 265576 122545 226309 399910 660707 172960 72652 651965
173432 387096 814222 195216 703546 738380 442918 498580 999999999 194548 773254 96426 192336 408239 445747 480183 532009 343267 628992 576702 92433 167490 275627 200237 569213 391903 239677 832988 287289 293073 801884 333238 932540 286656 135965 404159 617711 402486 333063 587164 257523 525891 230316 181156 661722 392155 614212 703431 454582 939303 168144 416032 622277 494468 631073 354145 771607 287431 452875 310631 465561 705823 210410 414708 815399 725919 602798 481153 484718 330699 153825 32106 237376 222762 745626 319631 642566 546076 499371 439254 698122 556798 398536 579390 432818 928433 406983 486980 644393 387063 427332 530515 487120 430092 629978 126376 856482 670983 570786 194472
150813 461434 951801 24085 896269 926314 523394 692060 194548 999999999 964646 139911 247649 577184 619199 568606 666756 275159 755197 682358 113974 268811 363545 263109 586773 586450 73893 998467 474038 400202 976441 405939 1084564 384950 90987 398892 805600 531232 364864 769056 372434 684787 371854 372654 854250 481207 564001 880991 531225 1094020 344063 610576 756890 685881 822072 528773 958569 310988 646973 353042 641705 888175 94471 335558 1003347 911506 604255 650323 656151 521940 126475 163310 403916 412758 892622 326744 835862 740605 693745 533249 834604 537101 549053 773889 423405 1078734 585798 631423 752448 403405 399152 708916 651038 616766 821356 312589 1007120 864783 763940 124319
918612 876203 519533 967995 270667 77726 710768 340398 773254 964646 999999999 857230 793051 581259 388912 687443 516896 970562 546938 630950 864380 741339 719951 781233 902493 396550 992599 332706 553309 792474 242174 738001 476222 696056 886528 1022621 169879 738394 816942 236018 674429 616074 725960 592436 283033 844676 1085841 212300 721218 460994 625587 373756 506859 377154 142676 573690 393281 927380 361257 797671 361779 443839 947644 1022748 389107 115637 957770 562763 369226 442830 910915 805357 659308 587271 445506 961756 140221 267541 289661 673112 500277 986591 507670 246368 913799 485880 400312 488996 628202 981359 1068510 300150 591309 462784 143318 652169 451699 239156 302686 952206
77916 344117 910016 129628 767204 826209 525708 565652 96426 139911 857230 999999999 257124 437589 540827 565597 627039 366010 723172 666977 34550 247929 357029 268781 633344 467571 206006 928652 341087 268573 895900 411570 1028963 371492 133103 326163 705976 395625 397203 679167 346143 545025 232448 270073 724958 357940 651644 796757 536439 1035681 264265 491680 717515 555599 716075 390210 823179 215701 523021 377828 559968 750677 198084 434918 868535 815507 661379 510629 580049 417412 57590 70663 264770 283913 841943 243037 723429 619451 576717 525651 793684 606402 494692 652003 484122 1024858 500889 582882 735496 316398 343024 624041 511129 482417 714466 220697 952905 738520 636312 98900
328246 579420 708370 265998 788221 741909 277980 585825 192336 247649 793051 257124 999999999 563232 414962 322033 425084 191123 509654 434710 229214 55795 116154 15747 378391 466083 232504 772688 420928 484213 762244 160457 847115 138748 159348 583236 624782 585840 141556 573538 134218 686709 415283 254328 749061 584044 429596 673575 286934 858223 190574 487630 513930 595352 652868 504964 879367 470785 536063 120851 440739 827407 180388 257683 918952 720535 410566 632489 446722 373995 300542 195996 406697 355002 653913 499752 680243 613568 558214 285793 591600 365817 321511 646995 242024 840309 393708 395790 504799 571651 599206 508710 644271 552175 654044 198101 769432 747546 657190 329584
460229 301369 882213 566858 387368 588996 708098 242192 408239 577184 581259 437589 563232 999999999 478903 723761 666237 743024 761282 766600 464274 513573 584413 562923 890107 248678 638421 799497 149978 240053 730360 639632 937856 577781 542255 463647 495681 157202 680122 520189 538591 124503 213414 324780 348024 267009 988762 633744 722478 934120 393174 257239 734040 204171 472399 58905 403491 393819 235959 654182 476585 321210 616817 813884 450693 598627 936305 73350 510743 315835 468844 430330 173729 210360 795565 421654 444987 315591 313303 684394 788903 913296 536816 334942 794656 940275 432204 608538 815614 419511 512648 503606 81047 120390 466677 367876 876590 378768 284408 500381
614424 693215 411620 628062 469403 330147 336312 320778 445747 619199 388912 540827 414962 478903 999999999 324225 198659 584211 285551 314584 536927 367920 332104 401677 536354 236043 632391 388511 357389 587887 357522 349401 499763 307719 532407 792677 219373 602670 428036 159265 288727 582169 502501 278377 441546 674159 705677 262193 348673 503109 278570 237119 255792 357245 258773 434053 593807 678659 283699 408879 27133 580578 583339 634337 620088 306346 591305 512609 39998 170248 598355 476058 442887 343984 328961 715134 301989 298165 244464 299861 311051 608307 122131 322909 526904 498057 48957 144631 349001 760190 829679 93812 539115 382923 262293 320136 427706 420142 367604 639674
641615 844070 418530 587740 793107 616601 47660 629273 480183 568606 687443 565597 322033 723761 324225 999999999 179746 392429 219701 121343 542951 317802 209643 307132 215442 521751 542301 540925 576336 738245 563666 162784 574691 194180 481372 884261 527079 804425 222144 453143 223461 843541 654771 414679 763845 838369 403574 503877 46591 590745 357897 532363 241196 658971 573895 667742 914903 766977 584903 223307 347751 893586 491325 411389 943074 583752 270811 776782 327442 423313 615582 496684 617988 528970 387657 799742 622491 618762 562518 42007 310513 303504 209122 645499 262528 564857 344814 198471 189366 865383 906822 393739 798286 658984 578633 403017 499677 744095 685055 648208
704872 846913 285326 681792 654710 443369 215325 519138 532009 666756 516896 627039 425084 666237 198659 179746 999999999 544925 100724 120477 612691 398091 311972 409389 389330 431509 657538 367485 532095 739171 384378 293154 423108 287287 575789 920538 365348 776229 370742 288845 294384 775409 652272 406688 630926 833378 582968 325405 221654 435526 373643 434699 90751 555903 415743 616700 783920 802560 482260 362212 213366 776747 605379 575762 806515 408961 444047 706019 183143 350425 682856 556605 601227 502709 229769 838040 469060 491608 440604 180461 168090 482945 141418 513171 435976 415737 238413 57709 150995 894022 951107 238223 731439 578045 421455 422708 345538 604752 562806 720918
413538 710055 810103 299244 978874 914355 345323 776909 343267 275159 970562 366010 191123 743024 584211 392429 544925 999999999 609322 513604 331559 246862 252697 198250 333589 657030 212116 910274 606059 628422 913353 252599 962799 277923 233001 671461 800859 745034 174419 743160 296162 864408 573087 444473 939933 722441 289724 832580 346543 977293 381687 678378 624646 786296 833087 685943 1070354 574286 727121 183892 611065 1017194 181524 71464 1110062 889798 339929 814191 610982 563530 385150 331210 577813 539261 771520 595172 864286 803330 747364 371471 698808 265836 475186 836585 166376 953832 570593 531797 579907 671725 674074 677234 823582 740890 834899 385805 886286 937646 848161 395986
801087 947569 201497 771433 717498 469905 265073 600244 628992 755197 546938 723172 509654 761282 285551 219701 100724 609322 999999999 107081 707316 488199 393961 493919 399446 521538 740515 332684 630205 839843 372702 364717 354999 370950 664603 1020390 414082 875080 435927 338439 383906 867413 752936 507402 697858 933806 602330 339392 266266 371143 473207 522325 40153 639276 466679 713236 850042 902289 567116 432122 294766 851049 688420 631033 868631 432805 450589 797863 261329 446280 778304 652547 701463 602698 170319 937620 523220 564820 517953 238120 90943 504534 242140 582765 481286 345287 329799 156280 81271 994303 1050350 301930 824045 668446 473266 522339 280158 667695 637240 815559
744330 921584 299155 700438 775108 555694 168886 635061 576702 682358 630950 666977 434710 766600 314584 121343 120477 513604 107081 999999999 647240 422534 319120 419291 293217 541186 660132 439168 625855 814105 474636 279657 458211 299387 593392 977544 484246 865206 343308 407517 320898 880307 728182 481540 750957 911871 495475 430879 167093 475468 435300 546687 138409 670307 535222 714131 903937 859326 596069 343316 331663 894884 608641 530217 926901 519926 345255 811472 302743 452679 719594 596710 683521 588156 277222 893455 589103 610672 558572 149972 196706 397482 229788 632954 377730 447670 349717 169971 70099 955229 1003571 358620 835657 686095 541090 483594 384989 725160 681334 754409
99281 378638 896961 108359 784498 830509 501859 581261 92433 113974 864380 34550 229214 464274 536927 542951 612691 331559 707316 647240 999999999 225446 333497 241720 603067 479084 175380 923178 360618 302447 893634 386353 1019665 349503 98594 355855 709892 428279 367730 679541 326604 574165 262868 273115 742364 392439 617627 795499 512118 1027131 258474 503258 703400 573502 722461 415077 844790 247852 537230 349248 557235 774209 164245 400379 889693 818295 629923 537543 575594 422349 72636 61005 290678 300480 831009 273729 732478 632362 587580 503696 780161 573633 483471 665320 451836 1015094 498954 570577 716312 348138 370059 622567 539219 503118 721206 218603 943117 754203 652682 108267
323840 550459 683310 283756 732448 692038 277905 530054 167490 268811 741339 247929 55795 513573 367920 317802 398091 246862 488199 422534 225446 999999999 109305 50433 405414 410288 267565 734863 369077 451081 719778 165854 816258 124057 177826 569876 573913 545212 173419 525260 104301 637627 377217 199742 693268 551968 475727 628731 288903 826171 134948 431853 488417 539866 600447 454949 823824 454206 480281 148777 393010 772598 216911 312833 863276 671839 442584 581739 401457 318581 298061 179927 362302 303977 623976 485479 626457 558001 502836 278273 566072 405647 283087 591468 283568 810215 343552 363085 491997 554278 590157 461216 594585 498082 601396 146099 738719 691880 601396 331955
432394 653430 593457 381342 751209 662161 168680 557921 275627 363545 719951 357029 116154 584413 332104 209643 311972 252697 393961 319120 333497 109305 999999999 100530 309908 437939 346756 667465 435029 551248 664063 59497 735009 25896 274273 678984 550073 635555 105469 490715 51204 708746 472979 259655 714823 652418 414559 580747 179598 746967 191399 456203 399602 575687 584618 525626 855116 562933 508421 81517 359091 814004 294604 302924 891065 637183 352966 647877 358286 337043 406101 289222 448760 375281 541637 594537 619427 572272 514602 171406 477069 331002 223247 604330 219671 727708 321874 287720 389150 662687 699455 424745 664258 549023 586928 224414 657384 706730 625544 438578
340932 587124 692626 281252 780634 729331 263434 579055 200237 263109 781233 268781 15747 562923 401677 307132 409389 198250 493919 419291 241720 50433 100530 999999999 369142 458964 248169 757603 419163 490615 747798 146139 831503 123003 174420 594615 612640 589751 132846 560493 119114 686763 419993 250136 741771 590849 427540 659609 272645 842669 184734 480179 498196 589639 641462 504425 873475 481407 529210 110678 427621 822859 196034 263003 912634 707560 402830 631518 432968 365444 313479 205968 408943 353770 638280 510881 669703 605216 549479 270569 575863 360812 306715 638535 237527 824667 381446 380373 489371 582195 611403 495473 643964 548506 642764 196083 753821 739447 650089 343293
699854 955397 574729 609881 1002394 830927 201141 828833 569213 586773 902493 633344 378391 890107 536354 215442 389330 333589 399446 293217 603067 405414 309908 369142 999999999 715015 536284 732114 740132 856453 766388 251816 738295 312950 516557 958919 742477 945293 236849 668561 352125 1013714 780952 566335 971285 957379 204305 714589 188064 757744 499588 728737 431462 854532 788969 831739 1120423 848447 782039 258582 560891 1092536 494312 312814 1150800 797426 55370 950500 542182 613118 671176 574380 758662 683133 567797 876348 836759 825538 768225 236623 486138 112193 416790 853823 167668 726239 551723 413750 335833 949335 971300 609008 968756 842545 793586 534320 669588 954027 888999 693918
524470 503735 633637 586184 322559 379712 517754 120611 391903 586450 396550 467571 466083 248678 236043 521751 431509 657030 521538 541186 479084 410288 437939 458964 715015 999999999 625942 558359 162086 408586 496356 481288 692728 422129 518373 634714 268602 388190 543199 277407 386788 346275 334324 221082 283003 477575 851223 396192 531928 690345 276202 24175 491528 139703 261867 212670 417494 533751 70742 518360 230214 378564 587390 721421 454772 379352 766730 276733 264577 102448 518879 423361 267413 190829 546895 568907 258472 154452 109373 487226 542395 762664 316974 188023 657384 694418 193096 374779 582499 595624 678638 255202 303648 146916 258468 284554 629393 284069 191133 559512
224680 535108 940197 95905 942000 949478 495522 736480 239677 73893 992599 206006 232504 638421 632391 542301 657538 212116 740515 660132 175380 267565 346756 248169 536284 625942 999999999 1002219 526371 471487 986769 380511 1079565 370605 107631 470072 829414 601031 327491 787020 365574 749500 438038 406594 900378 554365 497332 894350 501680 1090503 367037 649788 746091 733857 850026 587663 1011128 384734 689713 320277 656474 944002 52180 267295 1055044 932061 548935 711766 667375 552804 199869 211803 464699 462404 886402 399730 868260 780324 730699 510170 823676 477570 550285 813954 369736 1072807 603458 627628 729986 476235 467592 724545 714201 669373 849933 343763 1001884 908044 808967 197392
1002801 1058661 209626 1009518 587440 266287 581022 571662 832988 998467 332706 928652 772688 799497 388511 540925 367485 910274 332684 439168 923178 734863 667465 757603 732114 558359 1002219 999999999 713906 958176 90558 657677 147887 641678 909004 1173693 309794 946099 736912 280956 638497 871298 876420 666281 587564 1034512 934596 167116 585746 137953 664961 544803 302085 615674 348142 770358 718416 1062389 564683 726533 371883 755137 950968 943180 719239 234948 783144 806787 348869 539966 986235 862660 812325 717875 168851 1098850 398279 506174 489410 547456 249341 836197 451943 504357 802045 155449 431854 379963 402676 1138673 1212947 315331 836243 682253 355525 708168 121995 545704 569694 1027345
385108 344775 768649 468578 427036 541125 559103 230452 287289 474038 553309 341087 420928 149978 357389 576336 532095 606059 630205 625855 360618 369077 435029 419163 740132 162086 526371 713906 999999999 246842 656053 489814 843173 427918 423064 472788 430610 245737 532217 434280 388747 273868 173048 175464 384742 321254 842201 555040 573449 842617 244245 182125 606419 215262 422696 91975 484988 374082 194891 506241 361083 418812 497126 675877 529417 541434 786466 213582 393596 187221 385120 314630 106144 66974 684604 408634 413351 293439 263765 536396 667482 764783 396956 323305 647345 843658 308597 474673 678659 433539 517128 402203 229240 143047 418855 223084 776112 401186 298168 423133
257213 107811 997410 383273 624882 785801 708654 455751 293073 400202 792474 268573 484213 240053 587887 738245 739171 628422 839843 814105 302447 451081 551248 490615 856453 408586 471487 958176 246842 999999999 902508 610732 1083570 555493 398846 230608 677178 134593 622895 680018 519484 310840 86922 333608 584406 101171 906429 801263 721862 1084352 381064 427587 822052 426712 666972 223408 641728 154681 431326 599194 596266 556165 466620 698920 689065 787593 893004 301070 626536 421113 275623 298369 146078 243916 916582 181604 652384 526261 505659 696244 889789 849655 597910 552085 725681 1083148 539293 684418 875313 188888 277832 644018 289623 338535 662680 335243 1014067 611602 511897 295404
967641 999932 288243 985562 498748 176643 599315 496349 801884 976441 242174 895900 762244 730360 357522 563666 384378 913353 372702 474636 893634 719778 664063 747798 766388 496356 986769 90558 656053 902508 999999999 662364 236364 638195 888917 1123304 234978 880691 743150 223555 629517 795134 823426 628136 500569 973881 965126 101692 606014 223560 635739 480409 336678 539907 267057 705465 628830 1015073 494408 729921 336401 667832 936639 952262 628944 147333 819433 732386 320323 491985 953170 832654 757858 667023 228731 1051330 313688 427969 417402 563507 301054 865442 441888 423052 818929 245005 395029 383210 449650 1086523 1164447 272076 761915 611276 274129 675632 210522 458141 488225 994772
485610 712757 566128 425325 788038 676144 117654 599892 333238 405939 738001 411570 160457 639632 349401 162784 293154 252599 364717 279657 386353 165854 59497 146139 251816 481288 380511 657677 489814 610732 662364 999999999 714086 61990 319401 735397 568744 694396 81070 504461 101075 763677 532405 315118 753044 711903 370635 585002 126510 727612 247864 498076 375813 620412 606989 581027 896489 620028 551019 69072 376490 859360 329152 290731 930895 648735 296674 701690 370300 379106 458626 345158 507334 431625 521529 651088 645747 608698 550681 129766 451811 281699 231416 639831 180471 705801 347162 279686 349476 720132 754554 438800 718940 598961 609957 283058 636963 742205 665472 489295
1105232 1186587 163770 1097981 734897 413005 619891 715258 932540 1084564 476222 1028963 847115 937856 499763 574691 423108 962799 354999 458211 1019665 816258 735009 831503 738295 692728 1079565 147887 843173 1083570 236364 714086 999999999 710142 993751 1292388 454853 1080751 788633 417768 714454 1014584 999671 776509 735441 1164397 942398 311964 621263 24120 765245 681168 338419 759370 495189 905395 865181 1178334 705114 782731 488176 903000 1027493 986027 864648 382605 784192 949025 459962 662500 1086307 960483 937547 840469 193372 1214795 546034 651566 631482 591439 264405 848368 536963 651089 835632 14970 546848 453192 403463 1259445 1329363 440975 978355 822516 502639 811400 77683 693513 716376 1126417
447796 659035 569723 402095 732590 637576 156451 541494 286656 384950 696056 371492 138748 577781 307719 194180 287287 277923 370950 299387 349503 124057 25896 123003 312950 422129 370605 641678 427918 555493 638195 61990 710142 999999999 294961 690795 526192 635153 124579 465991 39213 701766 475429 253463 696759 656553 429107 555117 168560 721902 186767 439644 375487 560736 561512 519225 838528 573965 492276 102530 334771 799503 318425 326707 873769 612260 358550 639701 333204 320425 422117 302512 447744 370186 516779 606269 597298 553389 495534 154251 453083 342427 197584 585112 235756 702977 299098 262026 369183 673067 712728 400003 657001 537463 563971 224071 632490 687562 608183 455774
185816 477220 860876 107140 835169 844973 437049 629503 135965 90987 886528 133103 159348 542255 532407 481372 575789 233001 664603 593392 98594 177826 274273 174420 516557 518373 107631 909004 423064 398846 888917 319401 993751 294961 999999999 446537 724574 521242 286158 684657 281507 657529 351908 299004 793669 490565 519934 794570 445612 1003346 261596 542196 665963 627873 743873 489224 906764 343454 582465 271318 555621 841735 74655 301845 950207 828619 539645 615449 568648 445728 156880 111975 369547 357957 801697 366825 761139 672730 623083 444978 743667 479499 458727 706371 359617 987854 500989 540574 663422 442583 455489 623315 620099 565657 743614 236314 916275 800758 702063 177401
260726 173163 1193154 375240 850989 1013836 846931 686349 404159 398892 1022621 326163 583236 463647 792677 884261 920538 671461 1020390 977544 355855 569876 678984 594615 958919 634714 470072 1173693 472788 230608 1123304 735397 1292388 690795 446537 999999999 902745 323274 723241 899798 661166 507251 300784 519319 811336 211040 961180 1021640 858405 1295114 547225 654864 1008270 656758 895244 453435 855786 118326 661365 703986 804790 766401 490241 734198 902958 1013962 985161 515615 832429 633766 289663 390254 367442 456488 1116727 84528 882443 756794 734806 843172 1080685 925956 780538 782685 805908 1290714 745638 869809 1043735 44739 49631 858371 498086 568426 891216 498081 1220109 840241 741599 275614
771873 771015 442154 810608 309724 120759 546905 262231 617711 805600 169879 705976 624782 495681 219373 527079 365348 800859 414082 484246 709892 573913 550073 612640 742477 268602 829414 309794 430610 677178 234978 568744 454853 526192 724574 902745 999999999 647276 647346 76761 504699 561757 602006 436818 297622 743431 920725 142977 558054 447411 462982 250161 374530 306118 52822 472846 444547 799337 259763 627888 192262 462400 783172 852874 458179 111814 797844 498005 202379 288653 761447 649701 535311 451188 356536 834995 110427 196714 182484 509426 388819 822125 339378 198201 745542 459854 231221 329631 493457 864060 946013 133859 527520 376342 59797 493544 405027 261380 262916 803165
391203 152007 1013220 515402 537037 744508 780858 398785 402486 531232 738394 395625 585840 157202 602670 804425 776229 745034 875080 865206 428279 545212 635555 589751 945293 388190 601031 946099 245737 134593 880691 694396 1080751 635153 521242 323274 647276 999999999 718554 665240 596857 185470 172173 389758 499504 114909 1014455 782218 794788 1078535 450186 401367 851967 361366 627027 175741 532778 279561 388326 693563 605088 443129 591979 816313 579872 752629 986114 194899 638163 432773 408398 414319 187584 277274 928375 299115 601633 472197 466072 763051 913143 950394 638723 492119 827275 1082189 554027 719111 920842 278554 372901 641230 175232 276337 621569 411354 1016266 532797 440966 429760
465668 719959 637171 386483 856489 756105 174492 663299 333063 364864 816942 397203 141556 680122 428036 222144 370742 174419 435927 343308 367730 173419 105469 132846 236849 543199 327491 736912 532217 622895 743150 81070 788633 124579 286158 723241 647346 718554 999999999 584326 156660 804616 550493 357231 820237 723360 311358 666061 178022 802962 288300 561620 450347 680551 684275 621220 960496 611852 613746 25978 455168 918521 278823 209661 996530 729143 270150 745780 450321 442489 437303 337533 534763 469802 597129 640218 721250 677440 619682 197807 524907 233660 311704 709349 115792 779813 422668 360179 411411 712745 737344 518506 760702 651360 686971 313540 711994 811783 731013 462793
748889 778929 382546 776072 381066 171796 475011 302481 587164 769056 236018 679167 573538 520189 159265 453143 288845 743160 338439 407517 679541 525260 490715 560493 668561 277407 787020 280956 434280 680018 223555 504461 417768 465991 684657 899798 76761 665240 584326 999999999 447966 599322 600153 409438 365111 754080 849905 121865 485680 414019 425076 264156 299188 346313 128587 489510 515104 791617 287848 566193 132905 526051 738977 792078 531228 147122 723921 532617 134209 269076 735908 618636 534875 443469 295065 827845 184782 247136 216609 437382 318548 750770 273172 256680 678561 420572 183688 254927 417304 863212 940896 65990 561765 404969 134971 460991 359165 331753 318274 777678
423432 623825 579371 387891 700234 618642 189639 506726 257523 372434 674429 346143 134218 538591 288727 223461 294384 296162 383906 320898 326604 104301 51204 119114 352125 386788 365574 638497 388747 519484 629517 101075 714454 39213 281507 661166 504699 596857 156660 447966 999999999 662606 438474 214254 663724 620386 465236 542855 202556 725052 147769 405000 384459 524706 537598 480021 803919 543663 457242 132430 315386 763164 313721 350220 839871 594964 397722 600685 317525 285839 398804 276051 409343 331011 521610 576683 570919 521405 463819 182073 462170 380207 187873 553581 270674 708022 274786 262054 389741 641924 684807 382244 617864 499424 539647 186326 636806 655940 574360 434229
556826 334333 973985 672268 380291 638547 829660 299637 525891 684787 616074 545025 686709 124503 582169 843541 775409 864408 867413 880307 574165 637627 708746 686763 1013714 346275 749500 871298 273868 310840 795134 763677 1014584 701766 657529 507251 561757 185470 804616 599322 662606 999999999 313209 449091 348433 296451 1113046 704189 844070 1008446 517597 348385 837794 255648 529051 183407 353544 462608 312676 778679 576172 261906 731599 935532 399898 654671 1060315 69560 610524 427632 569439 545740 288553 334830 886307 483989 490504 367391 383300 804841 887515 1037796 651208 376625 919089 1018462 537859 718022 926010 462689 556762 593483 45273 200056 522349 492152 958473 387914 314578 596733
247061 194646 911169 359059 579925 713915 626659 396355 230316 371854 725960 232448 415283 213414 502501 654771 652272 573087 752936 728182 262868 377217 472979 419993 780952 334324 438038 876420 173048 86922 823426 532405 999671 475429 351908 300784 602006 172173 550493 600153 438474 313209 999999999 247087 538218 184001 842907 721860 640106 1001001 296918 355011 735163 372992 595640 177305 613764 201771 365815 525993 511736 534046 424245 644429 660572 713324 819682 284302 541444 337385 257177 243028 66962 159203 830824 235799 585842 463469 436648 612824 803105 780770 511040 491729 657212 998930 454126 597497 788903 263099 344315 561453 281373 287692 591864 252620 929447 560867 458607 287236
339689 441398 673949 375559 542234 557401 391945 336990 181156 372654 592436 270073 254328 324780 278377 414679 406688 444473 507402 481540 273115 199742 259655 250136 566335 221082 406594 666281 175464 333608 628136 315118 776509 253463 299004 519319 436818 389758 357231 409438 214254 449091 247087 999999999 501702 430403 667936 528078 406038 780800 68936 244470 491724 342593 450086 266041 626563 403142 288161 331258 294572 573081 366634 511993 667203 545683 611740 388764 318346 149645 326536 213238 203675 117044 597639 439444 463394 374713 324136 373298 562376 589391 265276 408452 472680 774007 234660 353237 541817 489909 553953 356105 404637 298446 449121 63486 702784 505046 409444 368322
769243 648524 739340 850722 42294 326251 770210 164788 661722 854250 283033 724958 749061 348024 441546 763845 630926 939933 697858 750957 742364 693268 714823 741771 971285 283003 900378 587564 384742 584406 500569 753044 735441 696759 793669 811336 297622 499504 820237 365111 663724 348433 538218 501702 999999999 613097 1123374 430209 783562 723955 559149 261623 660023 169497 247698 363174 152994 734504 213691 796139 420894 167635 864952 1003825 179517 353273 1025217 307572 448270 378866 769860 691672 478238 441886 654127 764892 191707 145784 203483 735683 683636 1030984 555514 118638 932339 742695 419819 582806 773255 767372 860100 396352 332950 250585 240092 564686 695089 43909 92264 807650
331936 37899 1085488 461985 651143 846000 809366 504285 392155 481207 844676 357940 584044 267009 674159 838369 833378 722441 933806 911871 392439 551968 652418 590849 957379 477575 554365 1034512 321254 101171 973881 711903 1164397 656553 490565 211040 743431 114909 723360 754080 620386 296451 184001 430403 613097 999999999 1003558 873727 822644 1163853 480700 493824 914415 469353 727488 272334 646978 190557 488249 699841 680283 556734 554988 792203 693954 851486 993509 309773 711824 504769 354734 395113 232831 332325 1002994 200848 706223 577255 565338 796390 980236 948933 692640 599355 824960 1164778 625230 777780 971978 166717 260430 723443 289872 382119 722487 435581 1096892 645351 551226 366344
702888 993917 778737 588040 1157859 1017331 375308 970335 614212 564001 1085841 651644 429596 988762 705677 403574 582968 289724 602330 495475 617627 475727 414559 427540 204305 851223 497332 934596 842201 906429 965126 370635 942398 429107 519934 961180 920725 1014455 311358 849905 465236 1113046 842907 667936 1123374 1003558 999999999 907404 365525 961971 599105 868483 632900 989767 963848 929971 1267093 862997 921273 337200 731894 1228378 471075 230373 1301474 985578 160271 1055719 718347 749350 674341 608495 836227 778555 771482 884638 1007309 978601 920559 412971 689951 100071 583548 1009278 195566 930235 711759 598978 540134 961079 963152 787076 1069658 962690 967693 620900 873893 1111439 1036098 685664
867757 899300 315050 889295 435344 134685 534528 404553 703431 880991 212300 796757 673575 633744 262193 503877 325405 832580 339392 430879 795499 628731 580747 659609 714589 396192 894350 167116 555040 801263 101692 585002 311964 555117 794570 1021640 142977 782218 666061 121865 542855 704189 721860 528078 430209 873727 907404 999999999 542932 304483 538508 381082 299836 448577 184662 606640 569394 913411 398310 650802 239309 597445 844960 875710 576180 96729 769103 639726 227275 390471 853855 734494 656405 565333 235723 949658 238563 339661 322519 497424 288030 807335 357536 339552 749810 317250 296575 311514 420397 984946 1062756 172931 669194 515787 192240 577059 265148 390278 404731 895540
611273 826381 465013 551075 814403 651948 14422 643368 454582 531225 721218 536439 286934 722478 348673 46591 221654 346543 266266 167093 512118 288903 179598 272645 188064 531928 501680 585746 573449 721862 606014 126510 621263 168560 445612 858405 558054 794788 178022 485680 202556 844070 640106 406038 783562 822644 365525 542932 999999999 637258 345003 544346 287129 670751 603240 665365 933209 742013 597451 181485 373571 907609 451284 364800 963074 620054 242736 778545 356353 431215 584560 468819 607399 522264 433880 773920 649848 637880 580758 48885 357042 265744 228727 665913 216675 611446 363824 233453 233863 841398 879036 424207 798815 664671 607601 387488 546173 765980 702103 615690
1111585 1186669 184201 1107026 722202 399860 635470 708859 939303 1094020 460994 1035681 858223 934120 503109 590745 435526 977293 371143 475468 1027131 826171 746967 842669 757744 690345 1090503 137953 842617 1084352 223560 727612 24120 721902 1003346 1295114 447411 1078535 802962 414019 725052 1008446 1001001 780800 723955 1163853 961971 304483 637258 999999999 771609 678050 352653 752926 486059 902948 851543 1181692 700341 796436 490348 891325 1038510 1001809 849933 370698 804192 943463 463160 663621 1093127 967622 938275 841832 206085 1218175 535673 643963 625871 606277 280241 867405 545488 642303 852331 39090 549532 463205 422346 1261609 1332687 440655 972868 817887 493426 817246 91143 681657 707640 1133473
340009 487760 651213 351126 598727 583428 331235 395455 168144 344063 625587 264265 190574 393174 278570 357897 373643 381687 473207 435300 258474 134948 191399 184734 499588 276202 367037 664961 244245 381064 635739 247864 765245 186767 261596 547225 462982 450186 288300 425076 147769 517597 296918 68936 559149 480700 599105 538508 345003 771609 999999999 298281 462321 404949 483062 334336 688880 429084 345786 262329 299477 638509 322501 447681 728378 567653 544101 457659 317123 189145 321818 197753 262625 183925 579928 464442 503201 426145 372350 315983 536431 520540 235217 459813 403788 761451 242247 324640 499081 522046 577491 365795 473279 365752 483082 49145 689571 559148 467097 362614
548258 520927 627318 610352 300602 359001 530286 101857 416032 610576 373756 491680 487630 257239 237119 532363 434699 678378 522325 546687 503258 431853 456203 480179 728737 24175 649788 544803 182125 427587 480409 498076 681168 439644 542196 654864 250161 401367 561620 264156 405000 348385 355011 244470 261623 493824 868483 381082 544346 678050 298281 999999999 491076 126625 240630 225658 398952 555202 53340 537011 228576 363818 610972 742235 435189 360030 780956 279175 262811 119235 542862 447509 288050 214116 540074 590153 235145 130537 85534 498876 539138 778948 325599 164184 675260 683319 197068 378695 585573 615307 699232 247188 306998 148383 236926 307956 619353 261153 170336 583437
795307 929514 194913 772170 678985 429888 284131 566120 622277 756890 506859 717515 513930 734040 255792 241196 90751 624646 40153 138409 703400 488417 399602 498196 431462 491528 746091 302085 606419 822052 336678 375813 338419 375487 665963 1008270 374530 851967 450347 299188 384459 837794 735163 491724 660023 914415 632900 299836 287129 352653 462321 491076 999999999 605868 427202 687455 811912 890558 534486 444349 262595 814551 693911 650245 829899 392858 483664 768242 228576 420699 773454 647143 681635 582335 147275 926242 483940 528528 482894 253782 77745 534218 227732 545629 503694 329988 301837 138601 121354 980820 1039689 264919 794877 638208 433852 511212 261648 629262 601084 811614
600023 502208 725930 681826 211788 388448 656651 44118 494468 685881 377154 555599 595352 204171 357245 658971 555903 786296 639276 670307 573502 539866 575687 589639 854532 139703 733857 615674 215262 426712 539907 620412 759370 560736 627873 656758 306118 361366 680551 346313 524706 255648 372992 342593 169497 469353 989767 448577 670751 752926 404949 126625 605868 999999999 275078 203354 284077 572418 74505 655401 344743 238999 700187 852624 324762 401503 906381 192773 377948 242105 600381 523882 310879 273141 638009 604291 242190 113962 129839 625452 647236 901978 451825 130793 795352 763528 320942 501093 706028 613841 704486 348429 222279 88378 268693 404067 704741 188017 85705 638288
778893 756763 491730 825615 257806 118880 591663 232488 631073 822072 142676 716075 652868 472399 258773 573895 415743 833087 466679 535222 722461 600447 584618 641462 788969 261867 850026 348142 422696 666972 267057 606989 495189 561512 743873 895244 52822 627027 684275 128587 537598 529051 595640 450086 247698 727488 963848 184662 603240 486059 483062 240630 427202 275078 999999999 455257 392747 795601 239348 663847 232161 413932 805295 887419 405570 126586 844291 467816 246931 300441 770319 663178 528679 450764 406986 830683 57880 161713 162213 554424 441307 865880 380603 156342 785457 501168 262862 377772 545834 855293 939824 180374 497299 352032 7631 509547 449624 210056 221668 811779
419565 302686 841844 519839 404407 573685 651010 234108 354145 528773 573690 390210 504964 58905 434053 667742 616700 685943 713236 714131 415077 454949 525626 504425 831739 212670 587663 770358 91975 223408 705465 581027 905395 519225 489224 453435 472846 175741 621220 489510 480021 183407 177305 266041 363174 272334 929971 606640 665365 902948 334336 225658 687455 203354 455257 999999999 437725 371369 215944 595279 434086 361135 563879 756615 484240 579739 877697 128261 467794 266984 425569 377670 125876 151484 756108 402202 434517 306199 293224 628006 745060 854393 484510 330240 735787 907027 386254 559021 764975 410664 501136 466784 139691 115128 450195 309128 841627 388674 288495 459418
