NAME : synthetic_000107
TYPE : CTSP-D
DIMENSION : 100
GROUPS : 8
RELAXATION_LEVEL : 1
EDGE_WEIGHT_TYPE : EXPLICIT
EDGE_WEIGHT_FORMAT : FULL_MATRIX
EDGE_WEIGHT_SECTION
999999999 264387 923306 258339 458390 544057 840987 672695 1021314 269779 872296 689657 423314 314423 535819 456037 805137 1062527 667491 715528 644465 885232 521558 431477 845900 243920 438559 589713 922336 417142 703368 992228 451128 655663 583487 432789 991946 558601 1110128 837543 962622 862376 366382 1035962 319067 829736 327687 846442 531417 317260 374231 158089 688549 698196 354058 210737 963269 102229 316733 254450 934782 315336 731479 43023 45832 719174 360077 977547 539937 236648 810682 634871 956162 700829 481825 579157 529682 696954 391106 187446 438153 367087 862069 203422 541236 687258 579039 171827 576378 631878 345196 898375 729616 468595 887175 258704 848493 959075 510567 577206
264387 999999999 665811 61119 351655 460454 696186 518415 760394 231765 619505 496311 259629 271729 287567 364238 552370 802982 465227 451436 436044 620966 275070 199048 588120 179434 195500 398479 662608 202916 438983 728786 296028 391277 436945 168410 798754 519127 846081 583596 747135 652503 153559 773172 235030 594051 493095 683717 427273 237430 166103 190573 529393 490624 227220 161709 732813 314696 183781 185106 676106 186519 519828 274896 270019 506816 207529 753492 425721 428956 547113 413477 763411 477722 235222 418007 346917 448873 143848 373844 210189 108741 726374 297093 355014 597757 398433 234998 343423 489741 517729 663348 465598 225132 732193 415043 589671 699914 410603 418648
923306 665811 999999999 665247 634253 676580 884642 776746 336805 738535 397408 403271 566718 847234 389725 658371 126142 381008 383783 243418 609175 156746 404665 587689 77692 722426 563422 442997 32032 624631 268337 263154 564587 307836 765994 506259 791352 981222 240313 383029 671519 654466 566362 148368 687839 513922 1137241 828992 838889 692269 647498 846667 769077 618350 636333 740924 589293 980340 648028 716251 342261 746355 608838 939414 934874 603902 720266 633104 614528 1087246 158554 349387 773320 305774 443193 730172 672167 439390 532315 1033938 495115 558112 925398 941078 475274 949439 470223 885385 533763 550033 1163160 536149 230096 457478 877494 1062857 77499 341992 642554 518124
258339 61119 665247 999999999 293913 401935 756039 578293 786384 172506 654490 459172 209003 325861 277577 305271 546824 830639 430897 464844 489919 634702 263455 251847 587973 121176 244235 359355 664985 260080 455709 749905 244631 408905 497562 191672 852970 577551 857763 617960 796940 704201 116040 780902 173940 638430 522425 742272 488212 176315 225338 222521 588892 544093 168618 109296 778212 326201 124141 125783 705392 245985 572136 277998 274178 559084 268556 800875 370069 450562 557696 386769 817849 452417 223584 477972 405714 488686 132936 394780 183994 114696 786643 331615 313461 658733 355961 268648 392012 439452 546032 707472 478497 210647 791241 444063 590877 728508 353053 370766
458390 351655 634253 293913 999999999 109527 1016864 842183 868721 188863 788471 273699 113600 619388 310598 25238 509572 917928 269807 529553 721923 674312 298574 499755 569531 220430 480970 195065 648020 522025 536254 812196 87317 503198 769726 378059 1073526 870769 867297 752233 994641 915302 222205 777578 141247 816784 776843 992960 774175 142286 497991 498608 849560 771273 125485 256202 954071 555579 170791 209538 809169 538095 792160 495935 495300 779579 555373 985823 82044 691325 593479 284936 1040586 336408 286619 744722 666966 659372 281582 638029 231497 315834 1051124 604118 159021 943442 170480 543482 608623 176023 797261 880569 538306 273918 1044834 701227 578368 827273 59160 139292
544057 460454 676580 401935 109527 999999999 1124152 950188 938702 277437 873244 282506 218848 726427 397320 96988 556910 988331 293872 605919 826331 737546 387307 607721 619499 317965 588216 237852 694544 630834 616147 877804 186733 587823 878644 483032 1173891 979366 915281 837789 1090900 1014792 330739 823826 239524 910812 868634 1098858 883698 239330 607377 600175 957180 874592 233386 353373 1046019 644365 277975 307382 886122 646972 894170 583988 584128 881768 664818 1079457 64398 780157 658961 334284 1141525 370837 382240 853222 775171 754396 388244 728536 332445 424085 1158836 703371 221014 1052959 210023 644119 711991 142679 887811 972713 612986 371189 1151037 794766 629811 902542 53474 158901
840987 696186 884642 756039 1016864 1124152 999999999 177772 671820 927951 510398 1027830 905312 529598 768367 1035732 859473 673891 988214 679877 311222 735038 770975 517455 837573 875518 535975 964322 857608 498894 652860 711339 938400 640373 262588 642774 235091 360011 880318 511209 311203 254716 794994 874067 926217 381872 753945 63711 313007 929254 530749 683233 167851 278328 905459 854705 388571 797031 868804 881280 595774 537796 278700 814469 808230 285976 499645 360362 1073506 786938 731991 910915 212344 944688 758593 278190 351878 455914 735909 769808 796066 701324 40876 669871 943321 207700 980978 673876 425462 1099533 772902 391929 687148 765279 55407 729203 827622 613246 1070764 1024953
672695 518415 776746 578293 842183 950188 177772 999999999 625412 750180 446675 870118 731599 368347 606950 860478 731733 640472 830671 551168 168595 638922 607940 342480 719825 697756 362555 800381 753114 321973 523600 647934 765385 502045 89225 471841 334297 270835 816795 434877 349685 254371 620004 793018 748816 326059 627334 173748 165835 751807 353045 514639 19309 163961 729012 677145 396400 637490 691732 703508 537128 363532 185885 649071 642708 184943 323692 386349 901163 645187 618792 754391 300147 793943 591881 100436 175365 337445 562405 620542 625208 526349 209362 514512 776176 176980 815315 510151 269514 932258 649213 366512 560797 597271 216776 589975 711531 559093 896947 857119
1021314 760394 336805 786384 868721 938702 671820 625412 999999999 914062 181269 697339 773027 839890 564806 893953 408474 49687 667589 341161 487755 207538 578981 602047 348826 881107 588425 702881 305295 628357 340023 73667 785100 382568 653819 595307 514159 882096 214793 203439 392173 417369 724156 241215 874652 300605 1147267 608903 745475 879235 666503 901073 610973 465977 826798 887075 302670 1047722 820785 878646 93759 758197 439810 1023460 1017663 442244 718186 344252 874307 1123270 280710 608065 506623 590448 604647 622920 597930 345314 667896 1077552 667025 672428 709359 969488 718754 799883 730329 927811 478539 834143 1172978 280092 331169 620274 647048 1083741 335787 68984 894578 783629
269779 231765 738535 172506 188863 277437 927951 750180 914062 999999999 799940 437846 179084 469157 358821 186502 613065 960900 422444 576918 660497 741069 343576 422776 665258 52899 412770 342263 745279 432540 574492 868661 196776 531621 668274 339604 1023268 728781 954599 762917 962743 872337 189993 870372 55706 798064 591531 914772 652523 52329 397573 328737 761081 714232 104641 82011 938403 368213 93823 46739 840363 406388 741210 308138 307859 728161 435158 963640 270183 504140 660065 408311 988369 471351 311841 649770 578157 643769 249721 451733 250973 259014 958007 428164 294663 822781 326049 370803 558579 363718 611115 866289 588928 296077 963653 517346 671207 861884 241044 314576
872296 619505 397408 654490 788471 873244 510398 446675 181269 799940 999999999 670361 682259 667252 478100 813124 415236 206232 634732 274760 306666 240705 489897 443061 371854 760624 433805 649831 366922 464748 259244 203276 701472 285732 472560 464308 393945 700897 373213 37045 274821 263500 612312 364251 767844 128716 973927 449746 564291 772281 505339 741684 433063 285440 724342 760819 197247 888726 709878 759961 90462 591625 260810 869893 863835 262287 549523 239925 810168 955271 269832 563520 376503 565952 505789 441701 419309 177012 550297 911899 566797 545128 549821 802015 653738 622523 675261 764547 308032 790275 999385 138753 271990 520285 493623 913053 359398 113111 824190 728611
689657 496311 403271 459172 273699 282506 1027830 870118 697339 437846 670361 999999999 266469 758208 264379 292802 293206 746623 39615 396559 716610 490015 265778 553269 356325 447958 527192 100546 424913 587656 415811 629935 241652 405705 818462 418084 1022881 976896 643584 638981 921970 864258 344537 551639 382278 739094 981308 988901 853639 385519 583065 681318 871528 753929 338389 479292 860873 775697 372953 438101 661465 658766 763716 720479 718184 753129 657350 899790 226398 906228 419569 117133 994702 107097 291522 786165 708388 596138 361907 850599 288903 405626 1066715 790213 148610 1009324 111903 727277 603250 147392 1004602 790874 398405 292470 1042257 903008 368200 673371 259888 135409
423314 259629 566718 209003 113600 218848 905312 731599 773027 179084 682259 266469 999999999 531354 208517 135701 440596 821610 246504 431894 608593 586183 194884 389246 496043 181891 369408 167185 576061 413517 435482 720514 36548 398986 661283 264794 960025 774936 790666 645649 882132 801963 114454 703660 124433 705301 722530 880290 671134 128524 392551 428760 738412 657738 74742 212825 843367 511237 106598 172336 708403 442575 678561 454949 452907 665978 454868 874323 171586 643700 504554 229498 927030 292269 176862 635132 556794 547700 169403 588452 118788 206282 940082 537516 118652 838909 155830 474880 495073 230621 744912 769870 441993 163099 932357 644775 503192 727682 165455 162316
314423 271729 847234 325861 619388 726427 529598 368347 839890 469157 667252 758208 531354 999999999 518602 629453 753283 872230 724208 606611 383964 759165 510150 260077 772510 418489 283818 663752 835452 224419 584818 831260 567730 540963 280287 360153 698820 260521 978984 638389 689371 587405 423164 923310 490680 590224 307385 540523 217638 491920 200183 160786 385769 431293 493905 387236 708468 269207 448731 427691 746647 103836 466292 285319 279167 455793 127929 713591 695889 293441 701875 663329 663612 723253 474893 284521 259389 494597 396303 258716 469490 352689 548823 148408 622837 374412 666498 144462 361351 761361 333143 653666 620781 469946 577880 246668 770109 771782 678546 689692
535819 287567 389725 277577 310598 397320 768367 606950 564806 358821 478100 264379 208517 518602 999999999 335418 269371 613240 225432 223666 458106 382848 15324 291811 313328 335964 265147 196803 392121 327726 227091 513923 224016 192607 554091 161061 785662 719071 596368 442053 696378 625683 177306 513791 313789 514792 777827 732913 591649 318386 329108 476882 609119 499517 264051 352075 648857 599952 265390 330815 500203 415328 513480 554813 550701 501959 405866 682892 335751 716468 301529 152418 754866 206231 53996 521821 444018 360054 145919 661409 108217 179504 806520 580191 184044 745187 216035 519776 342935 336363 802940 575650 234226 67768 786246 700414 317541 519248 346963 265047
456037 364238 658371 305271 25238 96988 1035732 860478 893953 186502 813124 292802 135701 629453 335418 999999999 533931 943154 291031 554720 742630 699486 323248 518322 594114 223069 500201 217868 672443 539528 561298 837420 111680 527988 786889 398877 1095552 882813 891913 776833 1017691 937625 240751 802055 143901 840312 777472 1012775 788966 144138 514220 504237 868212 792416 137023 258763 977878 554688 181181 212317 834262 550718 813775 494640 494333 801139 569610 1009359 85869 690608 618681 308986 1062450 359252 310434 762506 685142 682808 301658 637978 254301 334409 1069626 608394 183380 958679 192548 548547 629858 185530 797358 904371 563507 297460 1064449 702606 603043 852417 54546 157495
805137 552370 126142 546824 509572 556910 859473 731733 408474 613065 415236 293206 440596 753283 269371 533931 999999999 457032 268188 180870 563517 201599 283838 498172 63330 598309 472238 320664 138603 536148 208392 338778 438635 233194 707478 400317 799762 910900 358997 390907 686232 650531 444058 268330 561991 512383 1033704 808966 771037 566403 553400 737710 726945 583339 510486 617957 612447 866801 523202 591839 385433 650295 580876 823365 819093 573551 629005 654781 493859 978637 145559 225446 777012 189071 323343 671703 605679 403604 414440 924398 372174 443716 900270 836183 350573 897354 348268 778326 471393 436553 1059365 549539 172486 336898 860227 957816 74994 393136 520466 398009
1062527 802982 381008 830639 917928 988331 673891 640472 49687 960900 206232 746623 821610 872230 613240 943154 457032 999999999 717074 389730 511190 256647 627302 639737 396786 927159 627339 752565 349939 664564 387660 119285 834085 429287 674840 639172 502065 902009 233185 233881 382325 419468 770917 274607 922164 314479 1179303 610387 767869 926739 703658 939214 625102 484869 874621 932364 293596 1086145 867824 924915 128157 793479 456499 1063493 1057617 460247 752488 332536 923937 1158233 330389 657747 497928 639796 652320 645273 625519 378465 713869 1113532 714745 717116 710171 1004595 768306 812571 780008 964619 511473 883745 1204855 283278 380026 667898 645458 1117326 383833 103509 944104 833314
667491 465227 383783 430897 269807 293872 988214 830671 667589 422444 634732 39615 246504 724208 225432 291031 268188 717074 999999999 360315 676995 460929 227358 515284 331508 428278 489057 80198 403367 550016 378786 601475 225809 367269 779490 380611 984318 939934 623555 602843 884185 825506 315272 531750 366750 701160 953300 949331 815659 370293 546464 652118 832008 714373 320339 458228 824094 750998 351786 418824 628581 623955 724299 696880 694317 713672 621283 862668 233678 880046 388194 77606 955948 79121 254490 747060 669423 557242 328174 824305 256051 371549 1027104 760687 128108 970585 100031 697866 563665 168430 976923 753710 362792 256307 1002691 874927 342826 641252 264660 137856
715528 451436 243418 464844 529553 605919 679877 551168 341161 576918 274760 396559 431894 606611 223666 554720 180870 389730 360315 999999999 382790 169983 237945 346536 174193 547717 323361 376790 229120 382789 27568 291783 444814 65725 530093 283717 635407 740032 394646 242529 528623 480773 388303 324223 535178 347697 902085 630783 598380 539775 408222 620173 546148 402885 486525 557713 464505 760334 483146 544199 280405 507480 401776 725554 720416 393936 478991 503979 541941 858117 97365 288813 609924 294003 265372 494198 431770 224194 337279 806504 327338 350683 720592 708364 384938 718318 402910 655763 294686 516120 928145 395309 14490 281123 682652 829548 168685 297805 559150 456556
644465 436044 609175 489919 721923 826331 311222 168595 487755 660497 306666 716610 608593 383964 458106 742630 563517 511190 676995 382790 999999999 475035 461430 238073 551310 610740 248432 654637 586235 235504 355225 498975 639597 335436 167921 343864 363052 396305 664453 286789 318246 219066 504037 633047 648152 208786 682915 275334 257774 651761 277106 493945 163509 54823 619597 597269 325506 635127 588245 614331 395142 332717 87017 630795 624365 74786 287140 334639 772311 677405 450896 599696 327959 634445 451816 135432 124576 171056 441149 640778 494386 412498 350306 529190 635873 340543 672252 504766 115847 791677 707541 269950 392265 459829 328519 629276 543124 419073 772899 717817
885232 620966 156746 634702 674312 737546 735038 638922 207538 741069 240705 490015 586183 759165 382848 699486 201599 256647 460929 169983 475035 999999999 397935 501413 144491 714564 480869 500162 126284 535187 182741 140827 593820 230516 638732 452827 634633 861655 225678 227761 514814 499506 554589 164813 696612 359357 1060685 677725 718930 701207 565515 785890 629450 476718 646581 726073 433165 927857 647320 710491 189953 664126 463341 894517 889288 459805 631420 476884 673247 1021520 81645 404268 616885 383285 429617 603571 554531 304279 506168 971011 490122 520648 775553 869987 519939 814580 527878 819719 417139 628273 1086788 379425 156209 445330 725048 990131 131261 194033 695573 580602
521558 275070 404665 263455 298574 387307 770975 607940 578981 343576 489897 265778 194884 510150 15324 323248 283838 627302 227358 237945 461430 397935 999999999 288133 328394 320652 261770 193353 407286 323390 240614 528600 211642 204894 553200 155058 792640 714350 611686 453677 704867 632726 162110 529099 298777 523834 766304 736583 588429 303375 322875 464877 610589 503930 249206 336889 658728 586625 250108 315492 513538 407219 518804 540990 536939 507114 399233 692264 326393 704023 316671 156687 761523 213346 40153 521392 443165 368285 132509 648852 92901 167611 808838 568836 177041 743624 211083 508102 345870 331100 791325 585408 248723 53060 789860 688730 332704 532814 336415 258684
431477 199048 587689 251847 499755 607721 517455 342480 602047 422776 443061 553269 389246 260077 291811 518322 498172 639737 515284 346536 238073 501413 288133 999999999 513672 372712 27102 472018 575435 38133 324905 583863 423363 280900 273823 136359 601123 428013 723868 409463 548313 453481 277647 664725 413077 400475 559323 496852 300383 416474 65087 299507 349892 292297 388724 359508 537258 446519 354039 376458 511649 162720 320902 427038 420935 307873 132596 556023 559434 524360 441971 444173 566016 496036 262875 246165 167561 266448 220400 476627 286335 183958 551382 371088 442028 459125 483368 326047 146875 596447 585424 469647 360707 264831 547621 489687 510803 536555 554510 520994
845900 588120 77692 587973 569531 619499 837573 719825 348826 665258 371854 356325 496043 772510 313328 594114 63330 396786 331508 174193 551310 144491 328394 513672 999999999 647474 488914 382637 80111 550983 200737 277887 496305 236188 703194 428915 762418 914209 297813 351207 645920 617930 490400 208351 615530 477907 1060622 784415 772564 620010 572466 769210 713451 565466 564088 665135 568526 902650 573887 641578 332907 671012 559348 861787 857232 553203 646065 611619 556214 1009880 106577 286790 741581 252394 366497 667286 605923 384830 455039 956469 419633 480461 878448 864163 410803 889790 410349 808148 468494 499882 1086503 509052 162133 380986 834494 985963 13230 338353 582252 460625
243920 179434 722426 121176 220430 317965 875518 697756 881107 52899 760624 447958 181891 418489 335964 223069 598309 927159 428278 547717 610740 714564 320652 372712 647474 999999999 363918 349071 727020 381115 543174 838574 207616 498776 615556 297250 973743 677487 931879 723701 915584 824004 160022 849748 79374 753452 556650 862954 599737 78931 345467 282719 708824 664756 110309 35790 893681 337192 77800 10907 804772 353709 692342 278571 277337 679286 382260 917847 302401 472339 634426 404573 938699 469507 285617 597328 526209 600672 213291 418417 228121 216096 905385 385478 300543 770047 336529 326234 510809 389825 577377 822069 560322 270100 911596 480818 652517 826885 276723 333312
438559 195500 563422 244235 480970 588216 535975 362555 588425 412770 433805 527192 369408 283818 265147 500201 472238 627339 489057 323361 248432 480869 261770 27102 488914 363918 999999999 447017 551831 64941 302527 567503 402890 257638 296913 111682 610616 455037 704391 399331 552840 460124 259554 643432 399831 399006 580105 512954 326665 403403 84997 312875 369021 301658 372884 353135 537390 459313 340100 366949 499189 184221 328494 436672 430704 315440 157237 558097 538608 542132 419467 417553 575848 469067 237460 268019 188932 258602 200029 493251 263575 166242 570693 389579 418028 483939 458971 342037 148171 573016 606204 468322 337646 240050 564352 509290 486339 523905 534859 497581
589713 398479 442997 359355 195065 237852 964322 800381 702881 342263 649831 100546 167185 663752 196803 217868 320664 752565 80198 376790 654637 500162 193353 472018 382637 349071 447017 999999999 459051 504396 390587 640692 145614 369536 742670 335660 979360 889495 679652 615822 885702 819454 245617 588734 286564 702717 881126 929629 770906 290098 495640 581760 803471 696310 240488 379706 832072 675189 273235 339451 654603 566135 709877 620134 617786 698477 567893 868496 173937 805703 422401 96445 949279 141396 209847 711871 633050 551738 268735 750087 195045 312729 1002132 690775 48558 930952 27835 627808 539181 142240 904319 759910 382207 207221 982943 802865 392610 669711 199825 80765
922336 662608 32032 664985 648020 694544 857608 753114 305295 745279 366922 424913 576061 835452 392121 672443 138603 349939 403367 229120 586235 126284 407286 575435 80111 727020 551831 459051 999999999 611868 252535 231692 575871 294572 745043 500341 760788 962436 220753 353570 640626 625258 569394 129734 695637 484856 1128485 801355 819822 700118 636426 840757 744951 593491 644197 744173 557969 976486 653747 721244 310422 735580 582891 937063 932369 578345 707978 601811 631840 1080765 138287 364045 743169 324604 444854 709322 653316 415706 532187 1027970 499011 555845 898296 933186 489065 926760 486573 878534 514683 570815 1154477 505589 215194 459576 849428 1054828 74582 309977 658876 535717
417142 202916 624631 260080 522025 630834 498894 321973 628357 432540 464748 587656 413517 224419 327726 539528 536148 664564 550016 382789 235504 535187 323390 38133 550983 381115 64941 504396 611868 999999999 360559 613248 448462 317314 247842 169621 596832 391404 756385 432339 551499 454085 300108 699072 427549 412665 526568 482494 266561 430675 42980 277460 331081 290327 407098 364604 546586 424286 369910 385844 536838 130796 321220 409208 402954 308389 96492 562621 584715 495350 477577 479852 561337 532703 296424 223077 147033 287776 246685 449209 315541 207242 531325 341605 472705 428617 514654 300148 160168 625917 552641 481235 396855 297310 532020 458459 547912 561896 577962 550540
703368 438983 268337 455709 536254 616147 652860 523600 340023 574492 259244 415811 435482 584818 227091 561298 208392 387660 378786 27568 355225 182741 240614 324905 200737 543174 302527 390587 252535 360559 999999999 295587 450485 47814 502920 270610 612063 713824 408418 225517 507019 456431 384869 341790 534633 325087 882301 604169 571954 539214 387523 603580 518593 375623 486964 551469 445328 745142 481010 540177 273175 486734 374994 711961 706694 366988 456981 483982 552556 840285 117068 305499 586002 315050 264674 467017 405256 197476 330958 789235 327089 341070 693545 689647 395667 690885 416076 638138 267787 531225 908387 375064 38631 280275 656181 810462 194692 292201 568284 469498
992228 728786 263154 749905 812196 877804 711339 647934 73667 868661 203276 629935 720514 831260 513923 837420 338778 119285 601475 291783 498975 140827 528600 583863 277887 838574 567503 640692 231692 613248 295587 999999999 730247 341313 666857 561191 570168 895259 169942 213524 447399 459755 679696 175037 826759 331302 1137939 649638 755475 831359 648930 879808 635005 484909 777734 847019 358786 1025243 774911 835378 115584 744029 462583 997277 991687 462996 706377 401881 813454 1108105 219182 544960 559431 523506 557140 634094 600321 341952 626541 1060383 618994 635241 750142 954571 659338 824462 668361 909415 472362 769022 1163884 324707 280125 572896 691083 1071536 265024 100511 835180 721224
451128 296028 564587 244631 87317 186733 938400 765385 785100 196776 701472 241652 36548 567730 224016 111680 438635 834085 225809 444814 639597 593820 211642 423363 496305 207616 402890 145614 575871 448462 450485 730247 999999999 416475 696052 296447 988419 811451 792960 665162 908072 829762 150477 704604 141074 729750 754952 912314 707123 144534 428316 463139 771852 687971 97346 240469 866843 541373 136258 197425 723625 479121 707912 484192 482436 695446 491217 898772 136255 674793 512469 219856 955765 279249 199472 669465 590906 572442 203012 619803 146096 241290 973512 571635 98738 874607 129758 509177 525332 194834 777020 793346 454078 187069 964594 677454 504247 742140 133314 128653
655663 391277 307836 408905 503198 587823 640373 502045 382568 531621 285732 405705 398986 540963 192607 527988 233194 429287 367269 65725 335436 230516 204894 280900 236188 498776 257638 369536 294572 317314 47814 341313 416475 999999999 474385 222878 617187 679460 456181 250002 517847 458853 341652 388608 493460 334608 836529 594889 538694 498017 342500 556162 498628 362050 446858 505988 462573 697433 438568 496149 310693 441759 365815 664148 658881 356558 413412 499066 525073 793353 162464 291165 589261 310593 224750 438655 372787 191890 285849 742065 287058 294211 680689 643156 369334 664856 393662 591095 238341 511577 862597 390391 80048 240032 647657 764205 231901 331198 538496 446294
583487 436945 765994 497562 769726 878644 262588 89225 653819 668274 472560 818462 661283 280287 554091 786889 707478 674840 779490 530093 167921 638732 553200 273823 703194 615556 296913 742670 745043 247842 502920 666857 696052 474385 999999999 408482 419231 228599 832252 454301 421472 321411 547940 798920 669946 363946 550074 262958 94922 672727 273993 425422 105745 190882 653201 593480 456408 549125 614232 621796 561922 275519 222392 559915 553546 216313 237106 452822 832296 561889 607578 704936 384328 749625 532835 35909 110074 334949 493584 534855 560100 455005 290180 427433 714869 192858 755522 421248 236085 869916 572971 415380 541319 536453 304918 507956 696240 585494 825802 794473
432789 168410 506259 191672 378059 483032 642774 471841 595307 339604 464308 418084 264794 360153 161061 398877 400317 639172 380611 283717 343864 452827 155058 136359 428915 297250 111682 335660 500341 169621 270610 561191 296447 222878 408482 999999999 698596 559586 678191 427547 628010 542456 162896 606855 315313 459056 633437 615868 436000 319402 168054 340511 477185 393615 280170 296544 599362 477432 255025 297384 513723 256367 415811 441847 436698 403039 244848 625873 430825 580987 380121 311715 664947 367292 126827 379053 299897 304165 98333 527781 153451 81154 678547 436102 306390 595389 347297 379282 231259 461621 659139 526939 297999 128494 668170 557852 429079 536883 429560 386227
991946 798754 791352 852970 1073526 1173891 235091 334297 514159 1023268 393945 1022881 960025 698820 785662 1095552 799762 502065 984318 635407 363052 634633 792640 601123 762418 973743 610616 979360 760788 596832 612063 570168 988419 617187 419231 698596 999999999 580501 728923 411255 122778 159989 861219 744176 1009178 288231 959581 183662 499399 1012916 637090 835670 315613 309039 978092 960188 211777 966434 948938 977223 460176 676738 283196 972563 966120 296137 632556 170037 1116182 979475 657266 907702 35819 926060 792140 415529 463613 428009 796926 953994 842399 771985 255713 846532 969535 436935 1000830 836954 467985 1121030 980707 255208 637925 802739 184608 924211 750439 470177 1121004 1050700
558601 519127 981222 577551 870769 979366 360011 270835 882096 728781 700897 976896 774936 260521 719071 882813 910900 902009 939934 740032 396305 861655 714350 428013 914209 677487 455037 889495 962436 391404 713824 895259 811451 679460 228599 559586 580501 999999999 1059945 682891 616908 524602 662010 1023765 747431 588993 399088 398033 142822 748983 394086 416408 289182 417140 745981 647062 667223 488272 701683 686352 790443 332923 446380 522627 517254 441884 322373 656009 944088 445243 824167 870992 550219 924014 685479 261280 309135 560190 622453 440140 695555 578904 362284 360026 853528 156275 896718 388482 447754 1000803 416196 635249 752434 684631 415261 386420 908511 813917 929729 926734
1110128 846081 240313 857763 867297 915281 880318 816795 214793 954599 373213 643584 790666 978984 596368 891913 358997 233185 623555 394646 664453 225678 611686 723868 297813 931879 704391 679652 220753 756385 408418 169942 792960 456181 832252 678191 728923 1059945 999999999 381919 606956 627502 772130 91945 907176 501147 1282894 818225 918890 911725 788511 1011310 804217 653282 856122 945685 517458 1153528 861574 927045 284897 886407 631891 1120004 1114808 631900 851914 558963 852588 1246071 300068 584292 721233 545050 646356 798721 759830 501444 727459 1196001 704584 744403 918801 1093952 708616 993561 707225 1044626 626911 790286 1308979 491106 380517 661804 858512 1213461 289008 267180 879462 756468
837543 583596 383029 617960 752233 837789 511209 434877 203439 762917 37045 638981 645649 638389 442053 776833 390907 233881 602843 242529 286789 227761 453677 409463 351207 723701 399331 615822 353570 432339 225517 213524 665162 250002 454301 427547 411255 682891 381919 999999999 295445 271751 575269 363928 730811 131739 945549 452240 544324 735247 472376 708629 422421 271485 687371 724084 223601 855704 672834 722998 109720 560309 250321 835830 829812 250000 518874 264789 774892 924710 246662 530709 391220 535439 469077 422213 394512 144938 513264 880570 529968 508299 551290 771188 618707 611673 640993 732445 277642 756721 971141 158641 240827 483514 498352 883467 339186 134511 788474 694207
962622 747135 671519 796940 994641 1090900 311203 349685 392173 962743 274821 921970 882132 689371 696378 1017691 686232 382325 884185 528623 318246 514814 704867 548313 645920 915584 552840 885702 640626 551499 507019 447399 908072 517847 421472 628010 122778 616908 606956 295445 999999999 101982 790412 621423 942983 183243 971541 248904 512198 946983 593897 810920 330500 264482 907709 905968 89509 949622 882562 917865 337686 649559 231253 948128 941683 243747 604067 50911 1031062 979633 542065 808809 115673 822050 709093 407506 436094 336634 725463 948060 763397 705656 342058 837481 880104 490053 908602 818933 404948 1027935 994415 136913 529672 721019 272490 927421 633650 347406 1038842 959963
862376 652503 654466 704201 915302 1014792 254716 254371 417369 872337 263500 864258 801963 587405 625683 937625 650531 419468 825506 480773 219066 499506 632726 453481 617930 824004 460124 819454 625258 454085 456431 459755 829762 458853 321411 542456 159989 524602 627502 271751 101982 999999999 705349 627031 855463 140611 871115 191560 413543 859325 496017 709840 235620 164534 822567 812681 144496 847909 795053 826839 344386 548550 132919 847145 840695 145844 503142 132221 956692 877920 511525 748645 130444 768763 632762 306069 334600 268501 640690 846103 683911 617775 291990 735499 809581 407839 840854 717225 313987 961069 894233 137298 484390 643607 231339 825980 606584 360398 962043 890717
366382 153559 566362 116040 222205 330739 794994 620004 724156 189993 612312 344537 114454 423164 177306 240751 444058 770917 315272 388303 504037 554589 162110 277647 490400 160022 259554 245617 569394 300108 384869 679696 150477 341652 547940 162896 861219 662010 772130 575269 790412 705349 999999999 690703 155890 619055 638113 772401 556695 160251 278136 336953 627529 555046 117335 174779 758999 440791 97702 155983 650560 330720 578205 390233 386880 565364 340982 786933 285997 566525 474405 271315 827400 337160 125778 522567 444764 462357 64957 510738 72297 93690 829022 445727 201495 724500 244877 382820 393402 339499 661868 686011 400710 110420 823900 559732 494812 671962 277867 266742
1035962 773172 148368 780902 777578 823826 874067 793018 241215 870372 364251 551639 703660 923310 513791 802055 268330 274607 531750 324223 633047 164813 529099 664725 208351 849748 643432 588734 129734 699072 341790 175037 704604 388608 798920 606855 744176 1023765 91945 363928 621423 627031 690703 999999999 821818 492271 1223536 813885 881297 826336 728335 944393 782148 629260 770529 865115 533288 1084151 777967 844469 284975 827286 611990 1047990 1043005 610123 795453 576592 761320 1181955 226987 493775 732201 453361 565122 764207 717975 464052 649150 1130610 621746 668987 913758 1031427 618677 969771 616223 979700 581261 698356 1249635 495086 309755 580311 857771 1152144 200515 274055 788554 665092
319067 235030 687839 173940 141247 239524 926217 748816 874652 55706 767844 382278 124433 490680 313789 143901 561991 922164 366750 535178 648152 696612 298777 413077 615530 79374 399831 286564 695637 427549 534633 826759 141074 493460 669946 315313 1009178 747431 907176 730811 942983 855463 155890 821818 999999999 773841 635601 909296 662066 4600 396256 360656 758513 700852 51507 115158 913992 414861 60444 68539 803789 418504 726089 355551 354694 713104 442487 941125 223283 550434 615203 353931 974766 416439 270071 648910 574527 617652 219838 496917 207853 237704 957857 464493 239028 832611 270437 404744 541713 312821 656085 841192 546635 254402 959361 560015 621944 824631 197367 260449
829736 594051 513922 638430 816784 910812 381872 326059 300605 798064 128716 739094 705301 590224 514792 840312 512383 314479 701160 347697 208786 359357 523834 400475 477907 753452 399006 702717 484856 412665 325087 331302 729750 334608 363946 459056 288231 588993 501147 131739 183243 140611 619055 492271 773841 999999999 891471 321722 458344 778015 455520 687072 310970 173097 735680 747588 140343 832035 713786 754641 216496 528764 142621 821275 814963 147651 483964 169047 850225 883234 371720 625622 264630 640007 530293 336874 331963 157639 554311 844395 586590 539080 421487 732880 698059 499415 725841 703292 253823 844956 916190 69316 349821 542883 366915 836509 466412 236377 859230 777474
327687 493095 1137241 522425 776843 868634 753945 627334 1147267 591531 973927 981308 722530 307385 777827 777472 1033704 1179303 953300 902085 682915 1060685 766304 559323 1060622 556650 580105 881126 1128485 526568 882301 1137939 754952 836529 550074 633437 959581 399088 1282894 945549 971541 871115 638113 1223536 635601 891471 999999999 783617 461554 634605 495242 302650 646528 725581 661868 521012 1001739 225560 619128 567557 1053985 396612 760257 285870 285110 751024 431767 1001685 858883 94643 998923 905973 926403 970633 727057 566054 559741 801963 636789 140465 701997 598719 759995 197861 834341 555140 875824 258313 668730 945123 26103 952185 916506 717814 808284 78383 1059746 1079114 831847 883590
846442 683717 828992 742272 992960 1098858 63711 173748 608903 914772 449746 988901 880290 540523 732913 1012775 808966 610387 949331 630783 275334 677725 736583 496852 784415 862954 512954 929629 801355 482494 604169 649638 912314 594889 262958 615868 183662 398033 818225 452240 248904 191560 772401 813885 909296 321722 783617 999999999 329562 912557 517631 688380 158432 235032 885416 844319 324992 809679 850717 868039 534057 536417 229411 822581 816232 238332 495492 297504 1046159 809958 678278 871772 156430 902434 727015 270514 336804 406696 711379 788833 768075 679194 100584 685056 911197 253399 947515 683256 391171 1067006 803816 328857 637276 734746 53383 753261 774097 551054 1045384 993131
531417 427273 838889 488212 774175 883698 313007 165835 745475 652523 564291 853639 671134 217638 591649 788966 771037 767869 815659 598380 257774 718930 588429 300383 772564 599737 326665 770906 819822 266561 571954 755475 707123 538694 94922 436000 499399 142822 918890 544324 512198 413543 556695 881297 662066 458344 461554 329562 999999999 664301 279226 375159 184991 285262 652480 573534 550541 484030 610433 607271 652911 246409 317207 502955 496805 310841 219823 545526 842548 481065 681582 744061 465632 793988 562821 122640 166754 418198 509543 459339 580554 467592 331198 357111 738422 170563 780721 362085 305191 890210 483599 510302 610584 563870 362934 425096 766621 676837 832087 815081
317260 237430 692269 176315 142286 239330 929254 751807 879235 52329 772281 385519 128524 491920 318386 144138 566403 926739 370293 539775 651761 701207 303375 416474 620010 78931 403403 290098 700118 430675 539214 831359 144534 498017 672727 319402 1012916 748983 911725 735247 946983 859325 160251 826336 4600 778015 634605 912557 664301 999999999 399134 360884 761580 704524 55945 114644 918183 413471 64424 68195 808329 420456 729852 354032 353254 716863 444804 945242 224325 549129 619796 358011 978477 420396 274661 651850 577622 621884 224099 495747 212448 241599 960798 464338 242672 834857 273721 404803 545532 314638 654975 845404 551234 258989 962557 559178 626443 829183 197879 263036
374231 166103 647498 225338 497991 607377 530749 353045 666503 397573 505339 583065 392551 200183 329108 514220 553400 703658 546464 408222 277106 565515 322875 65087 572466 345467 84997 495640 636426 42980 387523 648930 428316 342500 273993 168054 637090 394086 788511 472376 593897 496017 278136 728335 396256 455520 495242 517631 279226 399134 999999999 236345 363559 331894 379540 326979 589565 383397 340239 350844 575679 99262 363273 366815 360592 350509 77278 605467 564126 459273 504448 479320 601483 535333 292040 252841 180827 328346 230698 411654 302692 188389 561740 306040 460893 446364 503720 261326 202594 611332 521344 524150 422535 290641 566130 424950 570251 600652 555093 536376
158089 190573 846667 222521 498608 600175 683233 514639 901073 328737 741684 681318 428760 160786 476882 504237 737710 939214 652118 620173 493945 785890 464877 299507 769210 282719 312875 581760 840757 277460 603580 879808 463139 556162 425422 340511 835670 416408 1011310 708629 810920 709840 336953 944393 360656 687072 302650 688380 375159 360884 236345 999999999 530578 546648 376032 248069 816830 147076 331022 293084 811099 161372 580631 137385 130928 568684 206911 828473 579223 240954 717477 603376 799942 667983 425297 421698 375534 564688 334397 187277 399469 297383 704942 109108 535980 535147 578392 46183 437207 657146 327177 754643 634646 415602 729138 224499 769563 835968 556722 591073
688549 529393 769077 588892 849560 957180 167851 19309 610973 761081 433063 871528 738412 385769 609119 868212 726945 625102 832008 546148 163509 629450 610589 349892 713451 708824 369021 803471 744951 331081 518593 635005 771852 498628 105745 477185 315613 289182 804217 422421 330500 235620 627529 782148 758513 310970 646528 158432 184991 761580 363559 530578 999999999 153011 737626 688875 378092 654773 700982 714366 523443 377999 172431 665497 659118 172536 337351 367471 907348 663881 611532 755403 281307 793626 595704 112623 184050 329735 569049 638803 630635 533839 201673 532365 780284 189493 818953 526990 269152 936484 668449 349613 555408 601559 203548 608816 704897 545096 903852 861506
698196 490624 618350 544093 771273 874592 278328 163961 465977 714232 285440 753929 657738 431293 499517 792416 583339 484869 714373 402885 54823 476718 503930 292297 565466 664756 301658 696310 593491 290327 375623 484909 687971 362050 190882 393615 309039 417140 653282 271485 264482 164534 555046 629260 700852 173097 725581 235032 285262 704524 331894 546648 153011 999999999 671215 651704 277375 686573 640770 668189 375745 385280 35004 683759 677318 25798 339740 283270 819451 724310 461843 636796 274191 667756 497018 164282 173320 180690 491531 689370 542185 464363 318709 577991 679868 340936 715003 555980 162678 834981 749758 227567 410867 505876 288356 674750 556323 398484 821253 761848
354058 227220 636333 168618 125485 233386 905459 729012 826798 104641 724342 338389 74742 493905 264051 137023 510486 874621 320339 486525 619597 646581 249206 388724 564088 110309 372884 240488 644197 407098 486964 777734 97346 446858 653201 280170 978092 745981 856122 687371 907709 822567 117335 770529 51507 735680 661868 885416 652480 55945 379540 376032 737626 671215 999999999 143702 875403 445617 45508 100079 757530 413715 694962 387806 386257 682079 432903 903840 203797 579871 565069 303674 944130 366893 222379 630061 553770 578610 182253 525272 159936 207133 938374 483060 192232 822456 226671 421495 510128 283362 683385 802257 497693 206909 936340 584964 570563 777968 184642 223612
210737 161709 740924 109296 256202 353373 854705 677145 887075 82011 760819 479292 212825 387236 352075 258763 617957 932364 458228 557713 597269 726073 336889 359508 665135 35790 353135 379706 744173 364604 551469 847019 240469 505988 593480 296544 960188 647062 945685 724084 905968 812681 174779 865115 115158 747588 521012 844319 573534 114644 326979 248069 688875 651704 143702 999999999 887444 302276 106486 46666 808522 327125 680330 244133 242673 667289 358128 910165 338155 437127 646810 430762 924907 496235 300002 576766 507641 597076 220583 383014 245880 216157 883644 349998 331158 743395 368388 291134 501114 424976 541849 816578 570733 284906 892172 445078 669591 831135 312488 367284
