NAME : synthetic_000262
TYPE : CTSP-D
DIMENSION : 100
GROUPS : 8
RELAXATION_LEVEL : 1
EDGE_WEIGHT_TYPE : EXPLICIT
EDGE_WEIGHT_FORMAT : FULL_MATRIX
EDGE_WEIGHT_SECTION
999999999 161530 413199 281641 428884 798806 329094 786126 174925 543875 1100967 526233 310905 778935 421123 888348 314441 254701 843464 988561 269186 449308 444055 729521 495854 190856 931230 731153 572336 690716 1102921 52630 700530 1104765 853844 699161 354870 358295 687151 796882 583317 416615 518192 612265 717397 602880 432723 505286 360357 902288 638020 584743 728308 643848 471625 452282 354406 640478 134673 803619 1129704 580646 680893 973016 457601 685497 373402 344840 99294 764085 95126 297163 699954 635958 325218 697029 741969 182068 721487 307704 161345 817814 447652 468486 80094 956224 1161774 307840 822098 552483 520495 669963 956714 1042852 621832 857469 652234 648450 464590 390801
161530 999999999 271274 130441 487717 706555 172126 795317 70407 402095 971860 368766 242216 617705 373751 767736 154866 327308 702691 868521 352102 288581 284867 575867 334325 316807 893220 644891 524809 534796 977076 184109 671771 986012 803579 599625 321664 196854 585705 658776 498897 478798 422301 492266 705097 526349 272274 355135 356787 759590 518022 488450 576219 484588 406098 297859 285146 480733 292621 683120 1001896 590553 700296 833491 443375 524843 291317 433005 251225 612094 159399 319213 584636 508734 341825 537075 588358 338926 571828 252678 15010 662002 294554 346309 81922 870898 1030856 147431 699434 493937 371538 513082 863912 905608 563161 700404 499710 524952 319569 318885
413199 271274 999999999 249958 535695 473446 222264 715552 318618 398877 701449 290461 200048 413108 281738 502461 204900 440983 432185 602770 470608 139726 114553 322780 194338 498688 729416 424155 385798 290774 707770 411615 541944 720332 626480 362587 282657 151810 346880 387589 297894 533940 215078 234139 598890 334956 129009 329871 349280 490020 258637 267804 318988 358988 265512 77368 203310 265012 522952 418977 731824 538331 647893 562726 384751 373670 177486 537344 477455 354263 357967 368701 327878 242388 372576 394793 334943 562562 309657 225524 263522 414510 279004 102674 337994 640238 759954 198412 433454 341548 346591 274470 624261 634451 397381 457239 244878 261567 331767 207477
281641 130441 249958 999999999 605359 721049 51789 884588 113553 271915 936348 245397 315212 515796 445318 747693 50745 452651 654325 846944 478735 202190 209257 504179 232508 447170 950075 667600 586119 457920 945968 311970 740574 963993 852997 610454 407285 113350 595056 616146 530534 597683 447888 483996 783665 563770 189851 225396 455230 706555 508239 508728 508474 364397 461215 240386 350682 391023 416067 665655 967752 684946 796846 784461 530752 409049 345198 559224 377147 543583 289688 430991 577612 489326 450102 418580 516439 463244 509890 333494 139415 582433 166193 347578 207062 887954 991970 53270 678573 548496 241489 433813 873619 859050 613983 616450 433528 509995 189174 377707
428884 487717 535695 605359 999999999 627571 628624 384990 548895 867659 1015356 795222 337083 942979 287533 795579 604476 174190 841765 879722 162886 657919 637391 818032 716821 271252 599970 557088 342768 802198 1003846 376544 382425 978326 559213 573769 256226 605520 571067 790491 451163 14750 448586 579755 360267 440350 641975 808082 188664 901574 597474 486840 806789 886928 345922 611488 334978 796555 381038 725045 1036012 205843 273935 947709 207696 907680 364792 111048 367327 835978 349806 177034 626010 621779 165066 927697 828128 371117 786631 311490 474411 909224 745593 500949 445927 739003 1078218 593812 748120 361850 825964 792727 761360 998907 402599 954788 747806 617172 785076 343261
798806 706555 473446 721049 627571 999999999 695690 504710 769178 837719 398570 712411 487901 631355 396041 199690 678030 668764 340241 260217 688947 581817 558481 456403 612773 780422 344360 72379 285008 483411 382059 771372 312788 351021 241489 110861 464302 624396 126678 306942 215946 637075 284657 249340 386400 203193 580151 770671 498262 379414 231148 218127 437010 718778 334401 511829 444715 546433 858023 174550 414963 467117 517123 385558 426747 698178 425933 706874 817877 440449 710998 569998 170534 265981 548580 722606 457451 880026 409500 492853 694012 507203 733954 373475 745159 166917 459434 671022 191761 274344 784178 496253 158178 410830 224991 543242 441501 240453 787122 408509
329094 172126 222264 51789 628624 695690 999999999 889394 164792 239687 894591 197260 321103 464008 446454 710943 24760 483315 610397 809272 510516 153973 163998 455847 180990 487428 939554 645658 580399 408839 905326 356102 736546 925773 839923 584829 415623 73102 569085 573876 513644 621915 430259 453471 783798 548617 143210 185511 468768 661306 476843 487912 460907 314974 455001 199859 351981 340223 462808 630201 926261 693672 805962 739864 537600 358414 341896 590092 422622 495693 328502 452217 546264 455054 469005 368663 468006 509665 463570 341961 178374 532488 123486 323703 252250 862437 949229 35544 642002 540466 202658 384425 845639 814807 603526 565844 386791 476875 156632 375261
786126 795317 715552 884588 384990 504710 889394 999999999 864695 1108617 888694 1005978 569613 1050109 443730 704395 864970 542406 826593 753614 540153 855273 830056 886689 908694 652812 277465 461735 337264 893160 865869 736834 202790 817344 302874 524734 477775 840797 533120 783254 464530 399720 524632 619128 127853 428510 843889 1040969 439238 874726 621924 512147 869631 1064642 450161 788895 537571 923899 761735 667376 898550 206600 111110 889478 354115 1066304 550863 495621 742233 886771 695105 490687 607086 660338 463555 1090054 892615 755371 843043 551250 780383 961945 984297 631973 780292 527720 944718 854473 688252 383634 1058389 894836 569619 914538 352921 1004565 838935 642111 1033569 517391
174925 70407 318618 113553 548895 769178 164792 864695 999999999 368960 1019302 357947 312142 627840 443987 820396 156687 382959 743954 920938 405593 306732 308824 605154 343367 354625 963071 709204 594656 561008 1026248 213160 742123 1038539 872664 660943 391985 213293 646575 702331 564482 539183 486142 547440 775398 593131 292272 331713 425705 798947 572903 551517 607592 477468 475030 331028 354649 498960 309206 736354 1049940 659460 768620 874891 513397 522580 359389 486326 273537 643247 206645 384698 640802 560315 408409 531869 617583 356683 606117 323045 85379 687223 276070 402859 111008 934517 1077050 153538 751561 563084 346456 537809 925753 948287 632041 723103 531407 578179 289911 387839
543875 402095 398877 271915 867659 837719 239687 1108617 368960 999999999 939960 126971 550114 387253 666021 797763 263408 722383 653659 885985 749186 263583 289072 470439 224995 718133 1124446 802397 784072 420723 958539 580066 940591 994714 1019324 730936 645153 269880 714722 633285 692229 861229 611416 589041 995643 730487 270862 69204 702622 689071 606610 656172 484118 191895 661537 335556 574579 335779 677890 728881 972495 920330 1032315 768807 763479 246517 558222 829169 642372 510553 561484 690876 670890 573541 706557 239645 479597 725363 499806 573029 411324 513071 125079 496183 475202 998243 984949 273987 733718 740277 53770 396323 971448 843144 795710 529634 430738 598798 83302 591526
1100967 971860 701449 936348 1015356 398570 894591 888694 1019302 939960 999999999 819026 806711 593433 754089 222342 886049 1028510 288809 138354 1052602 745051 731086 469525 744512 1128921 667364 462977 674782 519435 34258 1086647 707946 104404 593285 442997 815798 823592 447870 320770 569923 1023462 602681 489855 778717 575480 752756 887098 864265 251760 464473 544616 456340 764311 688719 695997 770990 604379 1188201 302628 32542 865312 913299 174432 808867 719879 743481 1083639 1144232 429572 1026810 929603 409049 465255 913039 738884 460478 1218580 443404 820444 963041 442130 877242 632506 1032266 377610 63246 883230 281801 653725 893893 544224 328550 108968 617627 445746 518277 452734 922453 739257
526233 368766 290461 245397 795222 712411 197260 1005978 357947 126971 819026 999999999 464145 296143 568524 671411 214191 665230 531180 760646 693726 150748 176147 350447 102006 681211 1005928 679264 675143 300059 836398 552872 830285 870535 899766 606649 557228 191437 590480 508502 575100 790521 496403 464540 888985 613850 162436 68196 619350 569673 481284 536776 362743 120141 555971 219731 481742 215601 660067 601961 851559 825390 936153 649888 669621 169455 461163 770949 619744 391330 522034 618884 544735 447463 630698 175260 360437 706914 376560 488757 373872 402844 86286 381452 449445 871988 866020 222525 606993 630142 75798 274959 844704 724902 681796 425418 305439 472819 110090 493434
310905 242216 200048 315212 337083 487901 321103 569613 312142 550114 806711 464145 999999999 612041 132640 588235 296452 248626 572912 686839 277649 321989 300721 504820 380785 327766 651005 420526 282594 480691 805212 285562 431120 801207 562201 389494 95109 280575 378165 522621 272533 334621 209511 318765 469503 293825 306551 485666 155250 634004 343337 275147 496995 550563 166250 274724 44616 464217 381845 504762 833739 372609 484912 696274 216576 570605 63993 339300 338510 529912 224849 168958 398749 350788 172846 590642 516149 412086 481533 25616 227562 597841 425163 191782 261530 646202 869012 285806 524981 252867 503578 467667 645827 760668 322599 642468 429370 357496 470862 80808
778935 617705 413108 515796 942979 631355 464008 1050109 627840 387253 593433 296143 612041 999999999 667609 512012 471444 853436 335601 576761 883099 329977 338329 174973 284839 901489 969408 628744 716782 157165 618237 793413 851562 668115 861843 551881 686804 420933 538527 341193 585580 942568 532801 432276 923025 621982 346895 357076 754402 347268 433394 537996 194346 195381 627121 344679 608114 148114 905933 471908 624991 908409 1008083 419396 769080 141399 578224 950420 861933 195486 749199 780997 469083 393461 782953 153773 174309 950136 221922 637177 617743 152625 379617 446285 698867 761246 628093 475750 465485 671297 355733 156483 721210 487598 697711 151230 211266 414932 404536 601610
421123 373751 281738 445318 287533 396041 446454 443730 443987 666021 754089 568524 132640 667609 999999999 531749 422240 275942 557204 624383 298862 419267 395023 532919 475680 384577 520424 324383 153252 520635 747319 385824 298513 732787 435360 314288 69047 397273 307219 505740 186316 290944 162603 293783 338363 192883 406257 599075 110991 617699 313045 210345 520871 640222 65375 358573 94766 525069 463930 454150 778041 256993 367691 668608 103594 651344 107910 333119 425539 549226 327669 176501 349935 335015 158965 673500 542607 484200 499944 121628 358928 623148 541287 221334 384169 542657 817320 411888 476558 131859 616697 513559 549702 724837 200755 668745 465344 332017 590021 75097
888348 767736 502461 747693 795579 199690 710943 704395 820396 797763 222342 671411 588235 512012 531749 999999999 698914 806349 179890 100798 830311 570564 552407 348400 583030 907857 524509 252590 457838 390396 217310 870980 510980 218299 430607 221890 593730 638059 225876 173061 347876 803240 381790 276690 585410 355232 574894 737063 641951 198008 250819 322475 330161 644439 466377 511553 551090 470285 970074 84877 246929 654923 713691 187658 588368 610751 524523 861660 926641 318165 810659 707354 189520 260136 690697 633446 344269 999114 307353 600772 757736 366843 715192 422535 822843 262325 285578 694554 69138 433760 747083 410927 216120 212566 403081 392735 368013 242784 764981 518549
314441 154866 204900 50745 604476 678030 24760 864970 156687 263408 886049 214191 296452 471444 422240 698914 999999999 460540 603647 797844 487979 152348 158575 453977 186748 467801 917458 626696 557214 408108 895941 338852 713145 914719 818404 567211 390912 62655 551596 565699 492973 597890 409714 437905 759826 527490 139460 207477 444022 655810 461727 468443 458018 329816 431812 190061 327679 342959 447159 617369 917516 668991 781276 733738 512980 371148 318122 567266 406085 493211 308633 427930 531177 441443 444504 382641 466273 493674 459207 317228 159685 533172 144892 305080 236218 844905 941480 10802 629840 517681 224888 384215 829127 808355 581287 567892 382918 462651 180604 351410
254701 327308 440983 452651 174190 668764 483315 542406 382959 722383 1028510 665230 248626 853436 275942 806349 460540 999999999 814551 900061 29667 541903 525328 753332 599602 119665 721477 596471 397066 727994 1022648 202422 490948 1008707 660544 590216 212799 474032 582893 763463 462253 162101 428034 553368 491027 466257 524830 667914 170743 875774 575874 483899 745620 767959 340986 509639 269567 705391 222475 726946 1053084 342578 433799 933478 256561 796397 300998 106791 199838 778479 178521 99447 621228 590025 120498 813960 764715 226388 729987 226267 315434 846362 605174 439099 275952 806034 1091662 450386 748857 395639 685404 713851 818483 993785 456089 890874 677505 592663 639082 294884
843464 702691 432185 654325 841765 340241 610397 826593 743954 653659 288809 531180 572912 335601 557204 179890 603647 814551 999999999 242475 841737 458715 446399 184977 455833 900574 683283 366172 531523 233327 305217 836546 624779 342854 581727 303086 606748 540994 296889 51486 398864 846596 394603 263709 700833 422215 467496 599084 666392 61229 244410 357215 169807 484763 496007 414740 545415 318032 944300 165693 321236 737806 815420 130969 637327 445236 514530 887929 899076 148046 779088 720534 226030 224690 710173 466507 177682 979712 154790 591600 695519 187397 588452 383505 769825 439387 339879 601731 149926 495305 606434 257361 395002 204776 488974 213239 229553 225188 633749 520173
988561 868521 602770 846944 879722 260217 809272 753614 920938 885985 138354 760646 686839 576761 624383 100798 797844 900061 242475 999999999 923228 666548 649288 424856 675737 1003879 543839 325241 538078 470706 124158 970471 570204 117603 462530 310576 688128 736591 317184 253050 438575 888190 478978 377361 641613 441162 671674 827307 733492 235582 351485 417470 408052 724696 559137 609523 648804 553595 1068484 185598 156346 727054 775467 188605 674148 687006 622955 950938 1025349 389953 910032 800730 288862 360623 782884 708619 418735 1096657 388341 698580 858534 425669 808629 523291 923480 258189 199672 793733 169378 518862 836443 493111 207550 174380 480270 443216 455308 343570 857385 615561
269186 352102 470608 478735 162886 688947 510516 540153 405593 749186 1052602 693726 277649 883099 298862 830311 487979 29667 841737 923228 999999999 571280 554835 782453 628888 113478 729017 616576 413706 757395 1046164 216557 499936 1030962 671758 612942 237784 502679 606079 790559 484856 149554 453535 579930 495573 487210 554182 695441 190925 902941 602132 508091 774601 797052 364179 539299 297391 735051 221592 751583 1076816 344406 430318 959863 271154 825782 328976 80956 204678 807336 199492 123144 646186 617098 140788 843252 793798 219232 758761 254959 340680 875479 632760 467617 297014 823213 1115801 477916 773654 414976 712863 743355 837072 1019503 473451 920051 706759 619202 665893 321665
449308 288581 139726 202190 657919 581817 153973 855273 306732 263583 745051 150748 321989 329977 419267 570564 152348 541903 458715 666548 571280 999999999 25688 302094 58903 576575 860865 541809 524711 255785 757340 463681 680257 781622 755884 472772 412450 93685 456553 424536 428664 654467 348222 332666 738331 466988 17385 194450 476693 508255 352818 392900 306935 229061 405227 72091 335064 192958 576044 493261 777024 676258 786519 587289 521271 254502 312659 644769 532223 341769 421268 484134 420383 324250 492874 272332 314317 620507 309976 347306 287984 380959 152140 232926 369214 745790 798369 153639 502574 479941 210232 231875 723276 662487 533110 416372 233050 348355 205395 344314
444055 284867 114553 209257 637391 558481 163998 830056 308824 289072 731086 176147 300721 338329 395023 552407 158575 525328 446399 649288 554835 25688 999999999 296541 80996 564381 835421 517442 499130 252276 742457 455636 654608 764976 730574 449057 389998 96630 432856 410316 403159 634289 322582 309665 712847 441433 22548 219902 454845 497614 330393 367724 299810 249881 379942 47155 312046 196463 568400 473966 762873 651963 761979 575954 497363 271948 288887 627194 524075 335203 410906 464662 398475 303014 472484 290881 308934 612141 300635 326188 282947 378896 175952 207287 364125 722973 785356 158123 484029 454310 235801 229451 701247 650838 507431 416089 224396 326731 229384 320201
729521 575867 322780 504179 818032 456403 455847 886689 605154 470439 469525 350447 504820 174973 532919 348400 453977 753332 184977 424856 782453 302094 296541 999999999 285628 820262 794965 455016 559230 50516 488456 732634 685769 527825 687650 378675 564598 392979 365890 175382 424289 819693 383018 268119 758944 458610 314545 418641 630911 219237 265106 376473 19456 300090 483669 278075 490286 135024 844752 299782 502061 758357 852547 299445 629443 262827 458636 841602 799338 41272 680383 669689 295069 226351 666439 285183 12492 885076 46967 528034 571676 93031 414525 318700 651201 589340 515582 454331 295571 515259 424746 75987 551128 374539 533891 137836 77941 245438 456358 475689
495854 334325 194338 232508 716821 612773 180990 908694 343367 224995 744512 102006 380785 284839 475680 583030 186748 599602 455833 675737 628888 58903 80996 285628 999999999 630850 903932 577950 575778 236139 759267 513736 730134 788491 797765 506008 470804 137846 489802 427088 473325 713362 395215 364058 790148 512139 75221 158223 535342 500616 381716 434775 293982 170173 458604 119910 393013 160933 625258 509876 776858 732516 842230 580749 578215 197482 369825 702942 582179 326703 474064 542958 446611 349268 551777 214364 297150 670513 302223 406137 335466 355169 133218 280683 416027 773917 795077 190911 516748 530394 171405 210771 748271 656276 580669 386390 226281 374371 181951 400977
190856 316807 498688 447170 271252 780422 487428 652812 354625 718133 1128921 681211 327766 901489 384577 907857 467801 119665 900574 1003879 113478 576575 564381 820262 630850 999999999 840668 708488 514270 789436 1125061 142817 610472 1114917 780151 696432 317347 496066 687859 850374 569577 257033 526257 645095 608591 577240 559192 671799 286037 961612 669016 586417 814852 792683 447980 558165 358958 755439 109795 826314 1154706 457864 542544 1023878 375522 827696 388180 168723 103287 849219 159202 212171 719916 678390 236832 842649 832198 106806 802205 310460 309169 912666 610705 517998 244259 921933 1191759 458941 847498 509748 688306 772497 932503 1087457 572415 955805 742708 684159 636075 389695
931230 893220 729416 950075 599970 344360 939554 277465 963071 1124446 667364 1005928 651005 969408 520424 524509 917458 721477 683283 543839 729017 860865 835421 794965 903932 840668 999999999 341522 368420 816572 639573 889032 231880 581360 108306 418948 580105 876588 433361 651302 432371 614022 514387 553147 240071 394572 854295 1055310 572486 717904 544149 469160 775843 1034448 490219 788912 608564 869970 942273 518068 670510 394127 359828 710338 475062 1021712 607187 707650 912926 782388 836104 642056 500396 583870 613983 1046344 797233 947436 748074 642040 878543 850889 1007984 628907 902972 289795 716262 908231 533524 402117 1071001 826039 339032 716671 336249 887520 769354 559772 1061026 576524
731153 644891 424155 667600 557088 72379 645658 461735 709204 802397 462977 679264 420526 628744 324383 252590 626696 596471 366172 325241 616576 541809 517442 455016 577950 708488 341522 999999999 214329 475124 448691 702313 262237 421308 233441 77450 392911 575964 92250 325529 148082 566290 223083 216242 337998 131551 538311 734193 425922 413007 204168 159031 436132 697032 263639 470309 376749 529546 787229 205741 481316 403342 462057 431107 354928 681632 359750 634890 747520 445379 642169 497794 159976 243271 476243 706255 458018 808558 408364 424115 631905 516874 693348 321975 679842 226451 524890 619067 227007 201999 748631 484567 226386 464988 155303 556341 427976 218717 746808 340355
572336 524809 385798 586119 342768 285008 580399 337264 594656 784072 674782 675143 282594 716782 153252 457838 557214 397066 531523 538078 413706 524711 499130 559230 575778 514270 368420 214329 999999999 560779 662021 534554 156904 635567 282241 239010 217465 522823 239853 482681 136501 352094 187394 292060 214719 109351 514779 715305 228518 587457 300275 183576 543410 728219 125405 455958 240284 587232 603994 394022 694416 206339 293356 622231 144098 729051 241026 423744 568655 564577 477957 302576 305829 335339 277464 752830 566406 618698 518098 274371 510148 640645 662019 296263 537411 409527 737284 547440 417149 46371 732207 560607 425120 666378 60791 685011 505678 321245 713479 209209
690716 534796 290774 457920 802198 483411 408839 893160 561008 420723 519435 300059 480691 157165 520635 390396 408108 727994 233327 470706 757395 255785 252276 50516 236139 789436 816572 475124 560779 999999999 537838 696315 694399 575735 708564 397812 546727 347994 383894 218642 428678 802991 378659 275126 765971 464888 269103 368246 613881 269627 276846 381013 63521 254420 475852 238476 470155 84963 808928 335475 551976 755115 852961 349884 620034 221302 439007 819539 763692 91717 645751 647963 316736 236770 646692 244713 61301 850285 83073 504772 531392 127227 364219 301305 611687 623551 565969 409006 333772 515620 374546 25564 587456 425027 540614 167410 55785 258890 405844 458941
1102921 977076 707770 945968 1003846 382059 905326 865869 1026248 958539 34258 836398 805212 618237 747319 217310 895941 1022648 305217 124158 1046164 757340 742457 488456 759267 1125061 639573 448691 662021 537838 999999999 1087024 688385 70216 568337 434155 810306 833720 440179 332993 561947 1012341 599092 490724 758050 565247 764375 904289 856839 273326 465047 539148 474422 785495 681985 705977 768364 622762 1187045 300529 33050 849143 893733 198997 798296 742235 741609 1074840 1143441 449218 1026885 923442 406504 468772 906047 761773 479939 1216374 459928 818023 967838 466175 892333 635050 1035574 349864 78893 892740 281040 643009 911625 562258 301662 139140 603913 472095 533529 454636 938479 735852
52630 184109 411615 311970 376544 771372 356102 736834 213160 580066 1086647 552872 285562 793413 385824 870980 338852 202422 836546 970471 216557 463681 455636 732634 513736 142817 889032 702313 534554 696315 1087024 999999999 657591 1085686 814598 674953 317911 376066 663724 788660 555426 364173 495004 596802 671412 572374 446613 537334 316663 896284 622269 560678 730027 668239 440029 458496 327201 651545 112908 786699 1114658 532084 630762 964774 414171 707264 349375 292465 68543 765528 60714 250319 681656 623439 278610 720243 744977 156865 721271 278536 179729 822710 477759 456189 105088 925748 1148178 331081 806011 517683 553244 676763 928586 1033029 586248 863689 654805 634110 499090 363083
700530 671771 541944 740574 382425 312788 736546 202790 742123 940591 707946 830285 431120 851562 298513 510980 713145 490948 624779 570204 499936 680257 654608 685769 730134 610472 231880 262237 156904 694399 688385 657591 999999999 647387 176808 322263 352971 679676 330381 580816 267850 395564 336555 419395 76074 230098 670780 871721 340931 674153 420674 314499 668402 878532 281809 610659 391256 729985 710873 467719 721425 182692 205383 692954 243430 875908 395597 485342 681099 684678 605448 410175 404309 459636 382112 900066 691326 717273 641569 419095 656872 759620 818828 449561 675535 374616 766977 703243 489209 200405 888522 697476 407181 723170 154718 802018 640983 440579 870363 362871
1104765 986012 720332 963993 978326 351021 925773 817344 1038539 994714 104404 870535 801207 668115 732787 218299 914719 1008707 342854 117603 1030962 781622 764976 527825 788491 1114917 581360 421308 635567 575735 70216 1085686 647387 999999999 516485 418722 798047 853251 427072 362212 546474 987596 592347 494477 714389 544992 787271 937815 840343 320847 468608 529188 512312 827490 667988 725928 762260 659986 1182277 302926 93784 814521 851889 253479 775571 786739 737225 1054688 1139539 490365 1025125 909259 404818 478225 890224 807274 520411 1209378 495003 812051 975953 515491 921655 640530 1040401 293519 137002 910753 286979 621003 946222 599231 248127 203338 575911 525740 565331 461070 969534 728356
853844 803579 626480 852997 559213 241489 839923 302874 872664 1019324 593285 899766 562201 861843 435360 430607 818404 660544 581727 462530 671758 755884 730574 687650 797765 780151 108306 233441 282241 708564 568337 814598 176808 516485 999999999 310812 499239 775276 325123 547538 328605 572296 411569 445003 218580 291867 749872 950288 501305 619506 435845 363230 668605 926472 397639 683820 518553 761669 876950 416038 600541 358193 356038 618108 405977 913435 513913 661295 844425 676015 759110 573821 392761 475566 546580 938067 690175 886637 640825 555830 789169 745468 904195 525023 819489 224975 646767 809476 432837 309643 965749 717834 268366 631380 240751 782965 661111 451494 957428 484826
699161 599625 362587 610454 573769 110861 584829 524734 660943 730936 442997 606649 389494 551881 314288 221890 567211 590216 303086 310576 612942 472772 449057 378675 506008 696432 418948 77450 239010 397812 434155 674953 322263 418722 310812 999999999 379355 513576 16233 258557 128091 581358 181055 142122 398204 133541 470506 663281 422940 354793 127733 114442 359957 620721 249311 402188 348079 452354 766925 155142 465454 441884 513292 383888 366478 604499 326034 640850 725221 370687 614261 490785 84653 166246 472434 629112 382087 792201 332241 397481 587479 443416 624856 262904 641934 277694 506164 560254 178219 212085 677242 407118 264867 427617 189101 484026 350531 141456 678166 312871
354870 321664 282657 407285 256226 464302 415623 477775 391985 645153 815798 557228 95109 686804 69047 593730 390912 212799 606748 688128 237784 412450 389998 564598 470804 317347 580105 392911 217465 546727 810306 317911 352971 798047 499239 379355 999999999 375478 371258 555347 252232 256375 215810 343593 383435 261360 397694 580449 67599 667796 365110 271258 554336 639486 130658 359640 79530 540675 394916 514149 840566 278205 390434 722791 123660 656294 108581 281831 356521 584901 260603 114789 408508 382250 103831 677216 575097 415724 535611 73906 306658 656676 520161 246096 322980 611701 878928 380210 536088 200314 598343 536715 618537 781783 268382 702081 492805 382724 565968 89261
358295 196854 151810 113350 605520 624396 73102 840797 213293 269880 823592 191437 280575 420933 397273 638059 62655 474032 540994 736591 502679 93685 96630 392979 137846 496066 876588 575964 522823 347994 833720 376066 679676 853251 775276 513576 375478 999999999 497721 503145 447403 600341 364015 380854 730748 483423 78991 205158 434234 593268 404029 419286 396438 296960 398097 127745 304935 286563 487425 557147 855109 650554 762622 671112 493695 332177 289955 579569 444453 431806 338018 428698 473415 381956 441805 346607 405341 532769 397005 303956 197637 473962 144803 254281 278350 790946 878889 61501 569077 481078 223091 324592 773380 745707 541675 509908 320967 403835 192774 323467
687151 585705 346880 595056 571067 126678 569085 533120 646575 714722 447870 590480 378165 538527 307219 225876 551596 582893 296889 317184 606079 456553 432856 365890 489802 687859 433361 92250 239853 383894 440179 663724 330381 427072 325123 16233 371258 497721 999999999 251048 122054 578303 169003 125979 406090 132195 454324 647054 416708 350080 112120 103148 347327 605148 241953 386003 337316 437297 756804 154843 471105 444344 518570 382394 363449 589385 314468 635817 714796 359079 603012 483548 74122 151026 465869 614007 369628 782748 319681 386899 573686 432429 608643 247598 629052 293359 511106 544706 178024 210276 661025 392720 279547 428555 192694 473577 335994 126508 661948 302490
796882 658776 387589 616146 790491 306942 573876 783254 702331 633285 320770 508502 522621 341193 505740 173061 565699 763463 51486 253050 790559 424536 410316 175382 427088 850374 651302 325529 482681 218642 332993 788660 580816 362212 547538 258557 555347 503145 251048 999999999 349017 795250 343137 212225 656732 373561 432010 575643 614907 112457 193048 306636 157331 473061 444668 375782 494510 300674 895691 135178 352590 689018 768661 176201 586373 437991 463754 836467 850573 145996 730759 669217 178485 173462 658734 460527 171267 930553 135730 540984 651094 202958 560299 334170 724196 421346 375854 563159 125228 445598 584249 240371 380187 246863 441818 236625 203143 173724 607556 468939
583317 498897 297894 530534 451163 215946 513644 464530 564482 692229 569923 575100 272533 585580 186316 347876 492973 462253 398864 438575 484856 428664 403159 424289 473325 569577 432371 148082 136501 428678 561947 555426 267850 546474 328605 128091 252232 447403 122054 349017 999999999 457857 83439 156295 337633 39069 421924 623060 294925 456449 163781 47849 408032 613743 121679 356845 228965 462155 643259 274110 593029 341536 429279 497414 243568 608837 211739 513785 602550 428388 495059 362808 176028 199184 344349 633123 431060 666834 382339 276909 485602 504420 575794 196593 531881 374282 633159 484525 297112 96625 638883 430474 373471 547805 113132 548651 374419 184756 628950 192662
416615 478798 533940 597683 14750 637075 621915 399720 539183 861229 1023462 790521 334621 942568 290944 803240 597890 162101 846596 888190 149554 654467 634289 819693 713362 257033 614022 566290 352094 802991 1012341 364173 395564 987596 572296 581358 256375 600341 578303 795250 457857 999999999 452756 584040 374450 448123 638374 802225 189116 906606 602203 492617 808738 883527 350589 609310 334468 795786 366828 731923 1044415 219923 288656 953707 214900 905100 364727 96314 353684 838292 338811 171669 632145 625764 161889 924887 829918 356523 788933 309006 465668 911183 739635 501958 435334 750374 1086401 587266 754955 369747 820078 793084 772144 1005657 412222 956715 748845 621729 778480 344286
518192 422301 215078 447888 448586 284657 430259 524632 486142 611416 602681 496403 209511 532801 162603 381790 409714 428034 394603 478978 453535 348222 322582 383018 395215 526257 514387 223083 187394 378659 599092 495004 336555 592347 411569 181055 215810 364015 169003 343137 83439 452756 999999999 131305 400888 119878 340634 542212 272251 455142 150602 66935 369007 542248 103383 276976 169933 400236 589931 300125 628511 376500 475442 507475 249132 541776 145629 494395 547287 394530 434292 330599 193818 173254 317556 565630 391556 617686 345901 219729 409563 469922 493657 115296 461289 448634 665572 401360 321546 141042 558330 376318 442574 565978 185454 515312 322965 169415 546647 136761
612265 492266 234139 483996 579755 249340 453471 619128 547440 589041 489855 464540 318765 432276 293783 276690 437905 553368 263709 377361 579930 332666 309665 268119 364058 645095 553147 216242 292060 275126 490724 596802 419395 494477 445003 142122 343593 380854 125979 212225 156295 584040 131305 999999999 491579 190673 331577 521622 402683 324523 25876 108600 251742 481668 233991 263395 286438 318020 698966 191813 517934 494502 585324 380162 378258 469013 256936 624317 654725 272605 536966 457892 93834 43780 446718 493626 274772 730667 226101 334648 481843 348686 484763 146128 546153 413317 551557 432000 209837 249303 535390 279479 392939 442363 266211 393269 222521 39300 537858 258501
717397 705097 598890 783665 360267 386400 783798 127853 775398 995643 778717 888985 469503 923025 338363 585410 759826 491027 700833 641613 495573 738331 712847 758944 790148 608591 240071 337998 214719 765971 758050 671412 76074 714389 218580 398204 383435 730748 406090 656732 337633 374450 400888 491579 999999999 301107 727848 927260 358318 750193 494103 385055 741834 942729 334125 670257 433088 798482 713444 543616 791028 154629 139151 768298 263526 942459 442076 468877 687586 758923 623239 421104 479896 532601 392803 966404 764811 714803 715215 454224 690090 834125 872407 510980 700497 433790 836853 749602 565005 260760 944395 768106 470331 797205 225411 876816 711984 514268 922947 408608
602880 526349 334956 563770 440350 203193 548617 428510 593131 730487 575480 613850 293825 621982 192883 355232 527490 466257 422215 441162 487210 466988 441433 458610 512139 577240 394572 131551 109351 464888 565247 572374 230098 544992 291867 133541 261360 483423 132195 373561 39069 448123 119878 190673 301107 999999999 459951 661296 296285 478131 195153 84407 441898 652747 132578 395291 249390 500307 655812 287033 597013 315592 398071 514165 233391 647497 236029 510134 616362 460827 512565 367196 196481 232453 346495 671817 464924 677018 415724 295188 512690 536656 613414 234452 555062 353507 638511 518801 310214 78551 677220 467460 357478 560599 75728 580390 411096 215866 666461 213026
432723 272274 129009 189851 641975 580151 143210 843889 292272 270862 752756 162436 306551 346895 406257 574894 139460 524830 467496 671674 554182 17385 22548 314545 75221 559192 854295 538311 514779 269103 764375 446613 670780 787271 749872 470506 397694 78991 454324 432010 421924 638374 340634 331577 727848 459951 999999999 201677 461499 518098 352527 387459 318623 245290 394192 68330 320817 208668 559050 496513 784598 663210 773801 596724 507789 271632 299173 627876 515151 353762 403955 467810 420749 325446 476910 289241 326857 603415 320485 331767 271378 394971 155145 225508 352638 744890 806740 139926 506543 470377 218063 245610 723456 671737 524876 431068 243858 349086 208623 331196
505286 355135 329871 225396 808082 770671 185511 1040969 331713 69204 887098 68196 485666 357076 599075 737063 207477 667914 599084 827307 695441 194450 219902 418641 158223 671799 1055310 734193 715305 368246 904289 537334 871721 937815 950288 663281 580449 205158 647054 575643 623060 802225 542212 521622 927260 661296 201677 999999999 639330 637865 539748 587195 430869 168421 593137 266474 508492 283789 639958 666126 919628 854245 966021 718084 697487 222552 491178 774588 602046 459524 513337 631052 604834 507489 645522 222611 428628 687334 444377 509113 362738 469902 62807 426980 432342 932135 934212 217537 671937 671364 17952 343121 906340 793097 726544 491095 372500 532591 49673 524338
360357 356787 349280 455230 188664 498262 468768 439238 425705 702622 864265 619350 155250 754402 110991 641951 444022 170743 666392 733492 190925 476693 454845 630911 535342 286037 572486 425922 228518 613881 856839 316663 340931 840343 501305 422940 67599 434234 416708 614907 294925 189116 272251 402683 358318 296285 461499 639330 999999999 727144 422838 321236 620260 704669 175959 425945 146813 608239 376548 564974 887812 233786 343844 779257 97508 722661 176179 222304 343123 650314 265580 74059 460924 442863 50323 743329 641256 390182 600969 130666 341946 722680 578111 312870 343121 636048 927510 433227 587443 224899 657276 604131 647799 835820 286381 768161 559744 441364 622070 155265
902288 759590 490020 706555 901574 379414 661306 874726 798947 689071 251760 569673 634004 347268 617699 198008 655810 875774 61229 235582 902941 508255 497614 219237 500616 961612 717904 413007 587457 269627 273326 896284 674153 320847 619506 354793 667796 593268 350080 112457 456449 906606 455142 324523 750193 478131 518098 637865 727144 999999999 304688 415953 207633 512626 556071 468446 606642 354228 1004482 207770 284179 793402 868085 80349 696477 468909 575745 948833 959199 178593 839131 781669 281690 285864 771150 488515 209564 1040221 198888 652784 752823 194644 631833 444256 827983 459965 296347 654431 188133 552523 643932 294858 412673 155783 542770 207949 275837 285792 675029 581354
638020 518022 258637 508239 597474 231148 476843 621924 572903 606610 464473 481284 343337 433394 313045 250819 461727 575874 244410 351485 602132 352818 330393 265106 381716 669016 544149 204168 300275 276846 465047 622269 420674 468608 435845 127733 365110 404029 112120 193048 163781 602203 150602 25876 494103 195153 352527 539748 422838 304688 999999999 117579 247768 493031 251620 284647 310116 325835 724027 165943 492397 504823 592592 357750 394069 477730 281051 644902 679885 265687 562350 479708 69453 40173 467723 502362 270725 755383 221124 358690 507647 341505 504650 171966 572024 393134 526319 456023 184085 259268 553107 283503 371001 418669 269610 385340 226439 20992 557513 281263
584743 488450 267804 508728 486840 218127 487912 512147 551517 656172 544616 536776 275147 537996 210345 322475 468443 483899 357215 417470 508091 392900 367724 376473 434775 586417 469160 159031 183576 381013 539148 560678 314499 529188 363230 114442 271258 419286 103148 306636 47849 492617 66935 108600 385055 84407 387459 587195 321236 415953 117579 999999999 360284 570489 145338 320809 234172 416075 653802 243819 569315 387296 476747 461137 280638 563868 211603 542839 611688 381004 499972 385025 140136 151763 369137 588258 383307 680207 334700 283780 475885 457069 542349 165130 528223 383017 607782 460609 266216 141724 602562 383167 375836 515112 159963 501458 326933 138549 595758 199473
728308 576219 318988 508474 806789 437010 460907 869631 607592 484118 456340 362743 496995 194346 520871 330161 458018 745620 169807 408052 774601 306935 299810 19456 293982 814852 775843 436132 543410 63521 474422 730027 668402 512312 668605 359957 554336 396438 347327 157331 408032 808738 369007 251742 741834 441898 318623 430869 620260 207633 247768 360284 999999999 316644 470377 278471 480977 148348 841785 280502 488880 743508 836767 287981 616387 280663 449221 832537 796312 35876 676952 660665 276159 209455 656694 303285 23033 881542 27781 519820 571542 102446 424381 309027 650493 570020 503703 457921 276558 499771 437558 87900 531978 363377 516998 147999 76524 227856 467426 465219
643848 484588 358988 364397 886928 718778 314974 1064642 477468 191895 764311 120141 550563 195381 640222 644439 329816 767959 484763 724696 797052 229061 249881 300090 170173 792683 1034448 697032 728219 254420 785495 668239 878532 827490 926472 620721 639486 296960 605148 473061 613743 883527 542248 481668 942729 652747 245290 168421 704669 512626 493031 570489 316644 999999999 617086 281757 560977 175533 776965 585414 796656 895851 1003979 590679 743536 55094 536356 872060 735785 337184 634064 713099 548251 454821 721903 55331 307096 823480 337426 575993 488554 327549 205761 432710 566029 869076 805434 337213 585856 682012 163882 233573 836089 663362 725356 340033 281316 480089 217854 566391
471625 406098 265512 461215 345922 334401 455001 450161 475030 661537 688719 555971 166250 627121 65375 466377 431812 340986 496007 559137 364179 405227 379942 483669 458604 447980 490219 263639 125405 475852 681985 440029 281809 667988 397639 249311 130658 398097 241953 444668 121679 350589 103383 233991 334125 132578 394192 593137 175959 556071 251620 145338 470377 617086 999999999 338916 121832 488907 523668 389017 712678 282598 387633 605062 146181 623039 116969 397544 483897 496899 380440 241604 285276 276468 224324 646084 492669 545963 447992 164291 391787 571917 538554 186112 427288 485721 751950 422052 411505 88277 610287 471228 489908 660299 157063 617418 420096 271250 589508 87218
452282 297859 77368 240386 611488 511829 199859 788895 331028 335556 695997 219731 274724 344679 358573 511553 190061 509639 414740 609523 539299 72091 47155 278075 119910 558165 788912 470309 455958 238476 705977 458496 610659 725928 683820 402188 359640 127745 386003 375782 356845 609310 276976 263395 670257 395291 68330 266474 425945 468446 284647 320809 278471 281757 338916 999999999 280451 197459 571305 431721 727455 614729 723723 545342 461801 296718 254852 608707 526256 314334 409568 442207 353181 258680 447569 317595 290564 613436 275351 300332 293625 365532 223049 161813 373453 676674 751628 187380 442771 410691 282091 218305 655646 619507 462222 405544 201947 281868 276501 284635
