NAME : synthetic_000432
TYPE : CTSP-D
DIMENSION : 100
GROUPS : 8
RELAXATION_LEVEL : 1
EDGE_WEIGHT_TYPE : EXPLICIT
EDGE_WEIGHT_FORMAT : FULL_MATRIX
EDGE_WEIGHT_SECTION
999999999 439197 758391 125875 166347 835577 608253 640126 519708 412683 400329 267619 499041 248906 601317 360752 532173 376500 227880 192164 342652 355966 653143 665983 417735 671683 614122 473326 388452 735303 543152 383222 202765 222588 393911 389896 508239 477436 378702 377169 386732 225451 280387 723174 716324 603017 302149 93110 202292 380555 374301 403425 570654 801123 224091 612127 645159 329617 781500 628480 626725 280193 582001 549368 312117 428820 434085 385024 151777 185749 723268 110019 190168 821043 679398 463709 652590 673988 677278 230769 326331 524724 492831 221446 542185 479552 765797 147033 613612 82692 289628 671048 382926 916519 526975 216251 839565 429023 862591 401284
439197 999999999 863917 494263 361391 815469 806136 740228 875600 601883 547908 669106 550741 532834 906118 774028 699250 255428 304169 616714 665563 150102 531686 870628 258154 677483 958659 211508 118860 1000276 180030 779953 419543 320273 754654 82581 653335 500320 612061 726621 820862 480500 715737 791089 921933 663603 624066 358352 285923 301093 222503 39983 546130 1141913 620274 355004 892262 766806 770403 793365 579241 531341 287990 283080 225694 550184 834581 65058 340513 623210 577021 398615 434754 871176 937124 356293 682930 556996 733994 307599 764075 265026 886657 657725 803467 450535 1098793 391772 908910 473487 698132 443267 816154 877173 271978 431118 882417 162320 824395 522671
758391 863917 999999999 879595 631706 235607 200567 126610 523529 346114 363968 954633 314151 1006346 405909 672598 229413 608855 627976 699063 483488 923851 425713 194815 608233 221452 511869 677110 745367 340346 774324 622004 567777 617287 532851 895815 250525 363675 387870 513133 783713 983017 760141 88484 198093 200858 1045395 718726 669978 563442 641795 862519 333656 581671 932344 628905 280438 791943 214958 149738 327914 479511 682472 653747 654548 342770 641105 869216 863004 815150 449433 661880 573747 112067 307384 515207 196827 412672 139353 923178 797597 653365 631650 753975 321067 415541 538576 888700 384928 837502 957699 580199 775367 295693 647042 966077 131432 707836 273503 373471
125875 494263 879595 999999999 288191 961440 721705 763227 591988 533491 524719 174934 624914 127722 690364 403424 651673 484233 342140 244199 440846 378770 774289 776828 524513 797554 687354 569623 470122 831571 625589 439342 328639 339643 471965 429176 630371 602896 495380 461995 393921 119278 293843 847214 825787 728303 176970 202940 309402 494514 476726 455135 695690 869883 126134 717288 748341 330952 907361 745917 751509 400090 680014 650296 414242 553880 483167 432559 155442 168269 843690 235047 315767 945211 779068 580340 778285 795781 802164 215701 325253 625260 543531 240326 645786 602980 838850 110446 705210 43213 203932 782103 392719 1042392 628387 134642 963948 519342 988446 526714
166347 361391 631706 288191 999999999 681713 510485 507595 516581 299283 268015 431250 346803 401344 561536 419251 417627 222152 72932 277298 308846 337964 486939 573383 263252 518141 602851 331083 274623 674591 417258 420229 70720 61852 393860 342289 383740 318592 285306 366725 481839 366722 383348 584789 625736 458230 465003 91454 75477 218351 227954 335185 409348 788919 389504 455888 572580 436506 627990 517736 464501 187996 434326 398860 171398 289929 474938 325862 231764 328068 556949 60626 78075 681006 613434 298604 503074 508010 534535 292873 435724 375253 525722 331183 473948 314856 747691 262737 567981 246223 450845 508951 475845 761048 376372 340973 698251 297885 706421 259746
835577 815469 235607 961440 681713 999999999 406188 250963 727550 460247 445193 1069489 336582 1081386 625026 841786 378352 578674 652506 827669 635884 909586 294520 421001 562093 163954 731660 607227 704655 575181 685083 796955 632857 646898 708458 866597 367943 364292 515720 682517 952102 1048417 907769 173893 432429 241558 1136730 773154 695414 539126 608872 825020 282424 816011 1038670 508715 505709 947852 54102 348058 238243 581429 574862 556771 642958 412553 826432 838190 906784 935429 281826 727698 646030 135426 538047 463458 185859 271789 183058 952016 952305 565241 828407 888420 521932 385976 772135 943432 606074 918234 1078801 436612 943650 82863 558102 1021354 126351 653210 39151 436881
608253 806136 200567 721705 510485 406188 999999999 165503 325339 212508 259134 775619 286396 849397 219915 474684 108492 557100 527978 518228 297153 834837 487710 64668 570128 312002 326109 651726 689133 216352 757454 423055 440511 514166 334535 820309 157011 335888 230710 317210 585289 832904 568715 232416 116835 231568 877749 587487 565302 512655 588588 795674 360597 435220 758319 651925 114212 597023 367557 58153 386097 331723 689242 654037 582001 256733 440618 796636 732163 635924 535620 525753 439965 306752 158477 495379 274038 484764 236568 800857 603034 646051 431806 568694 120728 398209 388341 748923 202487 681728 775485 628900 577011 479469 641089 823286 327441 666546 445256 283479
640126 740228 126610 763227 507595 250963 165503 999999999 478025 232608 241332 849151 189492 888917 384326 594508 130255 484825 501675 597670 392545 797388 338914 201203 486495 148399 489611 558777 621447 367679 658992 548036 445387 491210 458994 770134 134137 240293 281582 434252 705529 863382 668807 88458 234052 85254 932415 595805 543844 439216 517769 737633 225885 597881 823627 526107 276619 705619 206703 110083 236040 364904 573951 542676 528530 217761 575901 743745 739288 711024 378592 540486 452775 184941 317075 396449 111462 331776 71820 798016 710575 539836 577546 655744 273643 295574 551501 766704 367708 720611 854713 488737 697077 330001 533871 844486 205007 586229 289071 248246
519708 875600 523529 591988 516581 727550 325339 478025 999999999 347669 406085 572424 510727 707549 137723 213288 361031 674124 571979 347908 210663 846663 742606 335217 704003 609897 95401 789565 776346 284589 893454 162015 456152 555907 126697 858220 392088 541995 302344 150141 304476 711078 336702 555338 358793 518236 702694 551381 591186 640667 697294 851368 609371 281418 574111 849306 257833 340617 684726 382124 653095 350391 863442 824636 661705 431278 144366 842435 670638 448657 804330 493411 441028 631884 258380 667653 572435 747970 549151 749393 348167 808285 112027 367467 205942 596419 247261 663566 160678 564012 560609 855731 297512 803359 805703 721223 652468 779789 766214 437648
412683 601883 346114 533491 299283 460247 212508 232608 347669 999999999 61586 617086 168103 660263 322610 393664 120318 362168 315944 368525 184890 622855 399587 276510 382826 307591 402232 468333 487524 398764 575186 356565 230314 301890 276036 610621 98476 194483 57695 244729 500361 637803 448087 319711 328982 219226 700560 380027 352818 320856 391458 588492 268957 566146 591031 505618 290396 489948 408013 219413 318900 133450 526980 488907 376233 83625 397363 587830 525327 479701 465023 320147 232366 417309 335528 327964 276702 407827 282643 591359 493980 475639 418521 428529 206724 249282 519792 546563 319573 491397 623540 508110 492013 543017 472012 622993 437078 472953 494075 93488
400329 547908 363968 524719 268015 445193 259134 241332 406085 61586 999999999 624320 124673 649210 384110 433755 155449 303623 272479 386010 228986 578008 349437 323800 322582 284947 463299 407733 431947 455655 514634 401401 204128 259804 325960 561359 116366 139812 105728 293640 536541 622418 474551 322880 375750 205577 696814 354857 312210 261281 333747 536622 223467 627654 594225 444846 346564 519856 391503 254764 277154 136779 465411 427322 323081 34459 445664 537527 499046 490667 417228 299174 211653 420714 392443 266443 259349 360008 277719 560396 523157 414104 471329 448089 267180 190501 581238 525427 380723 481757 633764 450238 528363 527829 410448 603162 439282 414355 476258 32046
267619 669106 954633 174934 431250 1069489 775619 849151 572424 617086 624320 999999999 738433 192420 693357 360638 726058 643850 495447 257393 478747 549681 914055 822153 684984 908065 663421 736985 642393 842669 798202 410416 452301 489642 472397 602751 715339 725839 568351 474540 303996 230400 236034 936738 866191 829304 141042 359157 468884 647873 640254 629879 820854 831159 48833 879289 776742 245649 1015719 810608 877752 488705 846737 815224 577703 657044 438532 607073 329324 139831 984973 371549 434425 1034084 798894 729844 883666 933677 898310 381332 238031 790386 495182 211709 679480 737020 808077 280628 712195 201809 31653 938559 306471 1152052 792963 272696 1054018 689148 1100004 634040
499041 550741 314151 624914 346803 336582 286396 189492 510727 168103 124673 738433 999999999 745001 463547 557423 182105 295333 325935 507635 350566 611681 232299 345583 298127 172649 555136 373645 431955 501680 476844 523117 296292 317897 444055 581801 134469 52018 223672 412528 661060 712936 598556 248664 391932 117720 800492 438165 369093 249731 328277 548436 100880 702993 705340 366551 394727 644346 282538 256048 152719 257742 403018 368306 341129 90590 565193 555100 575517 608251 296930 391185 309846 340128 441170 212672 156466 239758 193783 626884 647556 361627 586324 570169 340583 112720 655658 609450 454884 581716 749959 352550 652859 417553 356328 687643 355806 397719 363913 105834
248906 532834 1006346 127722 401344 1081386 849397 888917 707549 660263 649210 192420 745001 999999999 812147 508590 778887 575974 445325 361189 566677 395295 880231 904293 614158 917460 802409 646613 535849 955435 686304 550061 449475 445845 591418 456885 756626 719693 622968 583959 478106 52419 389309 972072 953041 851244 92017 310942 407392 593185 562987 492884 810622 981297 157212 801406 874403 415567 1027427 873510 865469 527018 756381 730563 502475 677396 589200 467924 207328 263509 947957 353890 438435 1069921 904126 681020 899837 902795 925882 225825 408692 705588 649031 343877 772129 714356 952702 155676 827855 168914 223182 872883 478759 1161513 709642 102190 1088390 591641 1107115 649455
601317 906118 405909 690364 561536 625026 219915 384326 137723 322610 384110 693357 463547 812147 999999999 342216 289137 680267 604342 451885 260752 899366 686972 211571 703871 527685 106704 789807 797629 150424 896418 288099 493681 588462 222457 901009 331408 504468 296581 228405 440148 809236 461016 451161 226381 441178 817377 614452 631602 641069 707623 886985 554295 243544 689574 823871 127622 471677 587430 277852 589570 376729 848956 811121 682950 400167 280372 881821 746957 562296 741830 552409 483464 517250 121000 649772 489467 687926 455918 823823 478991 798212 248719 483082 123062 564638 197259 748270 23318 657542 684559 816096 432876 696045 794519 812924 537147 790311 664166 415751
360752 774028 672598 403424 419251 841786 474684 594508 213288 393664 433755 360638 557423 508590 342216 999999999 464498 622375 488568 168973 209012 713286 781349 505936 659637 698479 302815 738804 693873 492576 833005 54628 380606 474022 140161 739017 475556 570651 336032 160584 111364 519457 124694 681208 541566 607073 494296 420009 492771 600819 637161 743184 657187 474018 366223 834952 443690 129628 792319 522928 710094 318909 831367 793124 587345 467056 80610 728986 510182 245197 850318 375496 359974 770777 456683 653720 665028 793243 658869 588321 136845 772375 140636 164954 359856 610418 448406 491249 363147 383474 347629 863182 102953 923032 771662 537451 791719 713723 878085 458927
532173 699250 229413 651673 417627 378352 108492 130255 361031 120318 155449 726058 182105 778887 289137 464498 999999999 448992 427652 471784 262609 733457 398067 172024 461638 248927 387935 543334 581764 320363 649204 418714 349682 414642 330106 716021 48924 229680 158463 304513 575407 757513 539437 218042 222749 157309 816147 499998 466741 404376 480665 689898 266112 523663 703054 548635 212714 575555 330732 100201 300571 252064 583175 547415 476134 149102 448616 691755 645288 586907 452961 440424 352531 311828 259257 387824 211700 398800 195372 710345 580582 538715 454408 528457 167338 292084 476277 666879 277718 609979 730025 531591 566953 458871 533900 743252 332446 558199 415504 177011
376500 255428 608855 484233 222152 578674 557100 484825 674124 362168 303623 643850 295333 575974 680267 622375 448992 999999999 150806 495780 466344 330922 319721 621014 41380 430257 747044 117260 136622 759239 219335 612584 242151 160300 565122 291288 401758 245184 384216 533583 696778 530915 602260 537765 671442 409037 653985 284867 175432 45705 32950 254442 299490 922237 599033 235692 650065 655344 529933 540409 340613 325012 212897 176790 74516 300465 666041 263526 372585 549419 381265 281834 263281 621179 696045 118080 431805 344516 480854 395138 655094 153533 709159 552084 568573 198819 876959 421128 679621 446851 666083 298156 690222 647709 154339 491458 633706 110798 593104 275316
227880 304169 627976 342140 72932 652506 527978 501675 571979 315944 272479 495447 325935 445325 604342 488568 427652 150806 999999999 350078 361602 306919 434958 592283 192154 491333 654492 258157 207455 707103 345440 486307 115978 16105 452776 298117 387995 289064 314988 423802 554178 405242 456222 572406 644711 442389 516536 139293 43214 152983 155062 282787 372849 838118 451756 386016 601563 509385 599746 527238 425264 227962 361975 326977 99216 286756 540887 277727 255316 398643 503165 131288 132979 665815 644644 238212 481244 457472 519059 301150 508639 303104 589529 404080 507314 272261 795380 296272 608463 302407 516728 443172 548072 729245 304463 372546 681723 225952 674139 256055
192164 616714 699063 244199 277298 827669 518228 597670 347908 368525 386010 257393 507635 361189 451885 168973 471784 495780 350078 999999999 221523 546681 709184 565425 535851 670329 443229 607850 546813 597460 693933 197011 259452 337615 230313 575914 465246 505491 316157 224940 205887 363184 106480 685936 610393 586111 367968 258630 344922 483265 504628 583770 599453 625929 242818 723286 523690 159592 774740 553791 655890 249960 708647 671983 448626 420207 244723 567870 341229 117767 780459 224050 237904 782293 549230 550612 642503 725411 651139 419483 159359 649228 304564 62864 424319 530593 594654 323880 468438 218559 258662 765086 200495 910532 649699 375179 802577 574815 860378 401876
342652 665563 483488 440846 308846 635884 297153 392545 210663 184890 228986 478747 350566 566677 260752 209012 262609 466344 361602 221523 999999999 643888 578421 344107 498123 489783 294072 582825 565704 392945 685320 172617 246038 345510 101183 651130 268179 368347 127464 68493 317201 557716 277332 480624 389969 398841 585766 354419 382425 435321 488238 642217 451099 480213 463309 655061 307732 313105 585450 335565 502792 141334 662451 623552 451158 261035 217231 634225 486406 339287 645998 293072 231901 573871 338542 471750 456829 588740 453728 563084 318030 605646 248519 271883 205773 413986 439609 489620 271577 404642 478342 672327 308785 717831 603636 557004 594616 570332 671485 256752
355966 150102 923851 378770 337964 909586 834837 797388 846663 622855 578008 549681 611681 395295 899366 713286 733457 330922 306919 546681 643888 999999999 641394 899186 350385 759607 936267 333150 214501 1010779 326894 729173 407121 321089 720847 67560 692078 565881 619010 696828 741860 343054 635487 859845 951602 729082 487308 297161 271625 371778 301031 114147 629740 1123591 501424 488831 906754 683079 860748 832391 671454 525163 426477 414401 271282 589009 782375 89658 224632 527716 694985 353253 415981 947576 948924 447138 758267 666798 803866 170991 679140 392879 838860 576462 810194 527450 1083489 269365 905944 367547 580252 574681 738367 977842 399169 293241 961185 275178 923473 558856
653143 531686 425713 774289 486939 294520 487710 338914 742606 399587 349437 914055 232299 880231 686972 781349 398067 319721 434958 709184 578421 641394 999999999 536052 292333 204267 783064 320356 428606 701646 391236 750739 462969 435378 674540 590975 356337 210719 453476 642537 880538 839122 808068 337522 572673 258162 950319 572152 473380 290934 344552 546220 133628 920199 874661 215491 601701 857074 259090 441720 102962 467572 280404 262929 392583 318100 794915 562451 684487 795968 71431 544241 482244 384596 646084 203228 232710 25457 289063 713901 859362 273125 818106 771845 564371 179022 872893 729363 675755 732889 930676 154689 872583 347474 265925 803567 388968 371785 296697 322585
665983 870628 194815 776828 573383 421001 64668 201203 335217 276510 323800 822153 345583 904293 211571 505936 172024 621014 592283 565425 344107 899186 536052 999999999 633250 349354 317137 714157 753477 166540 819476 452502 503126 578363 366836 884961 219821 396114 291123 354159 614559 889678 607750 249381 52482 277891 928994 648832 629299 576381 652649 860317 413201 399574 807394 708733 85734 631981 388777 94399 433319 392300 748469 713883 646627 320887 463022 861303 793024 683102 579286 586675 501771 306665 118290 556502 312664 530927 267215 862696 638401 706722 445998 612689 146480 458112 354099 808216 190234 737639 820203 681314 606486 488054 701588 881740 326241 730156 460027 347958
417735 258154 608233 524513 263252 562093 570128 486495 704003 382826 322582 684984 298127 614158 703871 659637 461638 41380 192154 535851 498123 350385 292333 633250 999999999 419668 774321 86141 142932 776434 192550 648196 280439 201412 597856 304517 413433 246457 409550 565938 735941 568330 642309 533519 682699 407410 693266 325901 216302 63456 53470 263509 288229 946786 640013 194397 667102 695338 515117 549474 324126 357138 173009 136163 111705 315280 701245 276097 409451 590727 350456 323086 301796 613053 713465 98997 424824 317573 476393 427774 695207 113564 742973 592626 589502 193081 901025 458876 702067 487519 707345 258864 729285 628170 113847 527821 624464 99737 574137 292625
671683 677483 221452 797554 518141 163954 312002 148399 609897 307591 284947 908065 172649 917460 527685 698479 248927 430257 491333 670329 489783 759607 204267 349354 419668 999999999 631174 477050 562198 515620 567043 657393 468941 484984 571378 721356 224622 202274 364837 542861 806852 884759 754963 133411 379268 92736 973010 609596 534450 387910 461987 682566 131447 746048 876258 410490 424564 797506 109970 258227 108679 421725 467790 442072 489539 251400 692257 693373 744514 775494 233446 563745 482300 194833 465457 321192 38218 192004 86597 791984 801473 444946 702099 731956 411325 232158 699532 780251 512437 754354 918323 358768 798455 245094 438205 858292 205011 516118 192048 274226
614122 958659 511869 687354 602851 731660 326109 489611 95401 402232 463299 663421 555136 802409 106704 302815 387935 747044 654492 443229 294072 936267 783064 317137 774321 631174 999999999 860413 855796 221845 965846 254313 539593 638388 220256 945135 426829 592298 365484 240243 383625 806412 427396 557777 327025 542973 795605 642631 676467 710892 772091 936055 649591 187917 667085 907832 231967 426296 693649 384179 688001 428496 927628 889169 740667 484004 227305 928287 764631 542477 840451 583435 525949 623468 215490 729326 592994 785565 561362 843230 434004 874430 178872 461146 220837 650330 151974 758509 126944 659382 650138 906370 377489 802720 871304 816590 643238 855010 770793 495344
473326 211508 677110 569623 331083 607227 651726 558777 789565 468333 407733 736985 373645 646613 789807 738804 543334 117260 258157 607850 582825 333150 320356 714157 86141 477050 860413 999999999 120844 860129 106905 729754 358220 270236 682020 275907 494723 321638 495690 650335 810766 597821 714166 598435 762785 476859 730690 380216 272214 149522 103222 228989 347716 1032822 690325 159292 750834 767333 564083 628263 374096 441576 110484 85204 162233 398846 783271 247916 439287 653142 366280 388419 379047 671882 797333 162338 487333 345611 541593 442454 766696 61222 826351 662222 674868 263264 987000 491373 787776 536024 761350 242208 804408 666699 66819 553533 681507 59003 614455 377332
388452 118860 745367 470122 274623 704655 689133 621447 776346 487524 431947 642393 431955 535849 797629 693873 581764 136622 207455 546813 565704 214501 428606 753477 142932 562198 855796 120844 999999999 886286 155849 693501 322529 223040 659255 162728 535413 381701 501639 629640 752682 485639 650706 673372 804513 545286 622688 297842 202232 182257 103679 120577 430764 1036354 594416 279746 777721 703349 657996 675103 466915 427348 224280 205151 115165 432670 748136 134175 329577 573601 480648 322832 340339 754951 823044 241928 566090 454061 616338 324636 701642 181909 796976 595044 691378 333140 992298 382543 799137 440727 668816 362932 747142 769524 187656 439616 766752 61858 715848 405751
735303 1000276 340346 831571 674591 575181 216352 367679 284589 398764 455655 842669 501680 955435 150424 492576 320363 759239 707103 597460 392945 1010779 701646 166540 776434 515620 221845 860129 886286 999999999 966710 438516 604313 691905 370512 1004981 369150 550031 392217 372532 588925 949551 611231 409102 142806 443679 964637 737690 739383 716381 789358 985576 576502 241451 837418 867897 109332 621952 548234 260203 599160 486610 903536 867675 774589 461316 428803 983461 875983 710051 745801 674688 597767 450036 63254 707527 479129 697108 432450 950815 629296 858508 391791 631717 200675 612441 199513 882069 130517 796773 834483 844907 581843 635061 853836 949940 467417 869904 613513 484261
543152 180030 774324 625589 417258 685083 757454 658992 893454 575186 514634 798202 476844 686304 896418 833005 649204 219335 345440 693933 685320 326894 391236 819476 192550 567043 965846 106905 155849 966710 999999999 827230 453539 359380 783464 260687 600462 425038 601734 752209 899041 635130 799265 693043 867595 575635 774752 451506 350102 255513 197814 212781 441485 1139273 750165 188353 857447 852270 645929 732471 460444 544013 117609 128342 246225 505524 881281 237417 482133 727568 423525 470567 473526 761043 903984 264185 581084 415178 636837 467862 851009 122102 926312 744990 781756 364932 1093558 535217 894565 596569 824665 276394 893092 737596 128898 587615 769080 119489 687778 484225
383222 779953 622004 439342 420229 796955 423055 548036 162015 356565 401401 410416 523117 550061 288099 54628 418714 612584 486307 197011 172617 729173 750739 452502 648196 657393 254313 729754 693501 438516 827230 999999999 373846 471070 89510 750331 433169 540343 299645 114728 162410 557297 174878 633845 487407 565248 541318 432673 495264 587561 629852 750995 623706 431424 412780 817052 389230 184173 748406 472603 675157 297368 817956 779327 583619 433643 54710 738387 534687 288496 818557 382600 354396 721881 402076 634327 622998 761307 613898 613538 191323 759588 109932 207147 306823 583874 402948 520421 308818 415509 398993 840154 154217 877565 758379 571755 742839 708744 833782 428496
202765 419543 567777 328639 70720 632857 440511 445387 456152 230314 204128 452301 296292 449475 493681 380606 349682 242151 115978 259452 246038 407121 462969 503126 280439 468941 539593 358220 322529 604313 453539 373846 999999999 99983 336915 407637 318079 276003 214586 307825 455872 419851 365083 525423 555422 402112 504562 151053 138019 224736 256723 396494 370271 724259 415081 464233 501933 417639 578793 449499 426885 118043 453251 415679 210247 229461 428095 389403 296004 333751 534232 95984 21625 622673 542974 291854 450400 481900 477368 361058 418101 393883 475068 319388 403639 284947 682181 321318 499339 285454 467924 506359 449099 713754 393724 399142 640616 334898 659855 200577
222588 320273 617287 339643 61852 646898 514166 491210 555907 301890 259804 489642 317897 445845 588462 474022 414642 160300 16105 337615 345510 321089 435378 578363 201412 484984 638388 270236 223040 691905 359380 471070 99983 999999999 436852 313602 375710 282812 299714 407802 541053 407066 443944 563195 630818 433642 515059 136890 52744 158287 167014 298770 368610 822052 446677 394342 586620 497109 593864 514436 421863 211985 372600 337024 113335 275291 525609 293477 259936 389621 504275 121887 117300 657236 629529 241396 473789 457450 510370 309103 496525 313468 573955 392526 491961 269367 779348 298913 592698 299119 510221 449118 534848 724311 314541 375929 673420 239923 669278 244525
393911 754654 532851 471965 393860 708458 334535 458994 126697 276036 325960 472397 444055 591418 222457 140161 330106 565122 452776 230313 101183 720847 674540 366836 597856 571378 220256 682020 659255 370512 783464 89510 336915 436852 999999999 734109 346768 465772 221065 32825 250912 591232 244628 544504 404394 478871 594926 424980 469063 535370 585851 729041 544934 407700 467222 756233 308843 265226 660410 383320 594630 240745 763266 724376 545776 356450 121675 719161 544399 339896 740854 367699 320244 632374 327185 572928 536349 683610 525456 623047 271747 706212 147389 261208 220417 513558 371895 538756 240253 441701 465308 772566 242592 788760 704315 598630 653332 667273 745524 355077
389896 82581 895815 429176 342289 866597 820309 770134 858220 610621 561359 602751 581801 456885 901009 739017 716021 291288 298117 575914 651130 67560 590975 884961 304517 721356 945135 275907 162728 1004981 260687 750331 407637 313602 734109 999999999 672409 533672 613042 708117 776257 404470 670063 827746 937051 697902 548682 319010 269628 335001 259370 48626 590258 1131089 554065 428028 898846 719495 819271 813267 628527 524338 363656 354262 242057 568600 804412 28555 273752 569083 641280 368443 419596 912387 942362 403216 722941 616432 771087 231087 716113 333919 859060 611235 805405 490093 1089529 322535 905896 413039 632658 515091 772181 932149 340502 354724 924994 219983 878366 539351
508239 653335 250525 630371 383740 367943 157011 134137 392088 98476 116366 715339 134469 756626 331408 475556 48924 401758 387995 465246 268179 692078 356337 219821 413433 224622 426829 494723 535413 369150 600462 433169 318079 375710 346768 672409 999999999 181031 149428 318503 585080 732576 540556 221404 269725 132137 798599 469130 428261 356861 433689 645041 223112 569048 689506 500625 261169 579945 317271 140857 262036 231081 534403 498554 431476 103826 467669 647676 613951 577586 414240 411536 323354 318865 307794 338901 189830 358881 186967 676439 584455 489792 479113 524308 208430 243398 521678 638431 321570 587977 721379 485854 576643 450192 484983 715665 338697 510470 403317 133335
477436 500320 363675 602896 318592 364292 335888 240293 541995 194483 139812 725839 52018 719693 504468 570651 229680 245184 289064 505491 368347 565881 210719 396114 246457 202274 592298 321638 381701 550031 425038 540343 276003 282812 465772 533672 181031 999999999 245196 433442 670558 685100 601231 294302 443123 164257 779574 409813 332198 199839 278121 499136 95120 745904 690309 320575 442198 649111 311087 307538 152075 259012 353561 318149 294643 110916 585324 506629 542566 599948 279959 367858 292145 382259 488824 160956 194027 223184 238025 589865 651745 310617 610908 568354 382230 62414 698703 579340 497230 559929 739361 314435 662540 442693 305477 657161 396697 346137 387932 111911
378702 612061 387870 495380 285306 515720 230710 281582 302344 57695 105728 568351 223672 622968 296581 336032 158463 384216 314988 316157 127464 619010 453476 291123 409550 364837 365484 495690 501639 392217 601734 299645 214586 299714 221065 613042 149428 245196 999999999 189133 442692 603973 392052 369787 342924 275560 657978 357786 347417 346272 411129 595147 324462 538021 544661 546972 287872 433032 463972 250542 375512 101189 562873 524252 387453 135387 341714 592003 501915 429696 520045 295551 211312 466377 330006 365733 333315 462778 336184 571874 437205 509068 365717 374894 192390 295768 492823 518254 297498 454320 573256 555599 434340 598332 506052 592925 486565 493907 550113 136295
377169 726621 513133 461995 366725 682517 317210 434252 150141 244729 293640 474540 412528 583959 228405 160584 304513 533583 423802 224940 68493 696828 642537 354159 565938 542861 240243 650335 629640 372532 752209 114728 307825 407802 32825 708117 318503 433442 189133 999999999 271917 580952 253606 520701 394569 450614 592512 402414 441575 503310 554759 701760 513396 428145 465988 723472 302390 279813 633761 363398 563581 208815 730847 691951 515733 324447 152667 692506 526168 338828 709150 343648 291871 610273 325056 540177 508322 651888 499466 604378 285844 673924 180199 262887 208153 480861 390364 523321 243939 429688 469609 739789 263489 763357 671969 585771 631208 636451 719217 322544
386732 820862 783713 393921 481839 952102 585289 705529 304476 500361 536541 303996 661060 478106 440148 111364 575407 696778 554178 205887 317201 741860 880538 614559 735941 806852 383625 810766 752682 588925 899041 162410 455872 541053 250912 776257 585080 670558 442692 271917 999999999 499753 106396 792411 648252 716040 444631 462560 550693 680373 707708 786972 759652 535330 323494 918703 549000 63233 902226 634101 813687 413517 908921 871512 653187 570470 160132 770013 524957 225673 950462 429873 434357 882141 558270 740756 774029 893738 769347 599237 69622 849495 205380 165422 469165 706187 517422 495658 462238 385564 283256 953393 8455 1033587 849493 527133 903083 779718 988136 559805
225451 480500 983017 119278 366722 1048417 832904 863382 711078 637803 622418 230400 712936 52419 809236 519457 757513 530915 405242 363184 557716 343054 839122 889678 568330 884759 806412 597821 485639 949551 635130 557297 419851 407066 591232 404470 732576 685100 603973 580952 499753 999999999 404999 944944 939417 821776 144309 275326 365757 550245 516525 440561 774459 988362 189036 753649 864473 436579 994655 853922 828544 505618 707200 682165 456884 649176 599715 415565 159248 277687 905993 323889 410767 1042403 896248 638403 868735 862114 897211 173406 430159 657267 660002 354871 761637 676406 957781 110042 823811 153119 261953 826593 499577 1127717 661498 49827 1060442 542213 1073024 620425
280387 715737 760141 293843 383348 907769 568715 668807 336702 448087 474551 236034 598556 389309 461016 124694 539437 602260 456222 106480 277332 635487 808068 607750 642309 754963 427396 714166 650706 611231 799265 174878 365083 443944 244628 670063 540556 601231 392052 253606 106396 404999 999999999 757147 647737 667285 370084 357798 449538 589371 610946 681431 693696 597540 242528 829249 553376 53167 855946 611291 749402 342429 815123 778428 554490 509009 203689 664154 419412 127312 879015 328752 343474 851068 571141 655254 724778 823226 727485 494510 53024 755702 262015 59029 461711 630490 572876 391948 480854 281753 224154 869494 102996 990350 756155 428304 871772 680379 942062 493873
723174 791089 88484 847214 584789 173893 232416 88458 555338 319711 322880 936738 248664 972072 451161 681208 218042 537765 572406 685936 480624 859845 337522 249381 533519 133411 557777 598435 673372 409102 693043 633845 525423 563195 544504 827746 221404 294302 369787 520701 792411 944944 757147 999999999 267038 130947 1017822 674492 615278 493062 570496 792206 251595 647764 910535 542707 333024 793595 139548 174348 240949 450854 597990 570475 588780 295984 659744 800517 816350 798921 361316 621197 534290 98071 367429 437903 112075 324212 57127 871964 798621 571392 658230 744162 349411 340580 602899 846098 432349 804368 942678 492123 783966 248052 564890 924190 117427 632445 213018 325428
716324 921933 198093 825787 625736 432429 116835 234052 358793 328982 375750 866191 391932 953041 226381 541566 222749 671442 644711 610393 389969 951602 572673 52482 682699 379268 327025 762785 804513 142806 867595 487407 555422 630818 404394 937051 269725 443123 342924 394569 648252 939417 647737 267038 999999999 315530 975686 700708 681779 626586 703268 912054 453939 383720 852958 751966 101003 669304 405771 136303 469715 444034 793866 759909 698310 371847 493231 913273 844682 727768 611907 638417 553844 308877 113148 603965 344171 565824 294134 914706 675961 753553 470761 655662 186887 504652 340486 859205 203402 787036 863141 720773 640356 493551 748256 932312 326951 780140 470837 399375
603017 663603 200858 728303 458230 241558 231568 85254 518236 219226 205577 829304 117720 851244 441178 607073 157309 409037 442389 586111 398841 729082 258162 277891 407410 92736 542973 476859 545286 443679 575635 565248 402112 433642 478871 697902 132137 164257 275560 450614 716040 821776 667285 130947 315530 999999999 901658 548875 485408 363907 441918 663265 140674 666532 799756 440898 345752 708563 188866 183585 155487 340666 488910 457995 458178 174594 599617 670886 688987 694348 304064 498074 412911 223626 389154 314684 57989 253623 76734 742712 712764 455757 609462 646920 322275 214699 619500 720660 427272 685166 837914 405312 707622 324420 449682 798897 240227 506986 274866 201793
302149 624066 1045395 176970 465003 1136730 877749 932415 702694 700560 696814 141042 800492 92017 817377 494296 816147 653985 516536 367968 585766 487308 950319 928994 693266 973010 795605 730690 622688 964637 774752 541318 504562 515059 594926 548682 798599 779574 657978 592512 444631 144309 370084 1017822 975686 901658 999999999 378192 481420 667633 643367 584090 872583 967576 128583 883311 891255 385222 1082629 906968 928458 567539 840947 813756 581755 727067 573773 559264 293114 255194 1019324 411845 490714 1115889 917183 754468 952750 972071 974514 317597 377721 788698 631760 335583 790905 779850 942694 240170 834908 219692 166079 952029 446836 1218038 792428 194134 1135024 676967 1164319 700742
93110 358352 718726 202940 91454 773154 587487 595805 551381 380027 354857 359157 438165 310942 614452 420009 499998 284867 139293 258630 354419 297161 572152 648832 325901 609596 642631 380216 297842 737690 451506 432673 151053 136890 424980 319010 469130 409813 357786 402414 462560 275326 357798 674492 700708 548875 378192 999999999 109732 292049 281471 325142 499847 830490 314172 520143 640018 409430 719441 599439 554540 256768 488963 456560 219144 378794 486328 309582 145302 276065 641162 63064 147852 771148 678382 377431 594343 594038 624965 214387 407076 431852 542104 300348 538646 403577 791866 171790 623630 163191 382127 581209 457807 852394 434208 250022 788628 336376 797718 349070
202292 285923 669978 309402 75477 695414 565302 543844 591186 352818 312210 468884 369093 407392 631602 492771 466741 175432 43214 344922 382425 271625 473380 629299 216302 534450 676467 272214 202232 739383 350102 495264 138019 52744 469063 269628 428261 332198 347417 441575 550693 365757 449538 615278 681779 485408 481420 109732 999999999 186294 172043 260197 415269 861822 423720 410443 635130 502429 642743 566666 467170 255235 380008 347082 110166 328033 549970 251838 213458 381052 540625 120892 150523 708892 677388 273729 524457 496368 562101 257937 501034 322469 601111 394895 538927 314017 820009 256142 636940 271475 491760 472769 545064 771884 324684 331501 724860 232078 716754 297265
380555 301093 563442 494514 218351 539126 512655 439216 640667 320856 261281 647873 249731 593185 641069 600819 404376 45705 152983 483265 435321 371778 290934 576381 63456 387910 710892 149522 182257 716381 255513 587561 224736 158287 535370 335001 356861 199839 346272 503310 680373 550245 589371 493062 626586 363907 667633 292049 186294 999999999 78591 299359 258058 883784 604587 240145 607101 642115 489455 495087 301956 294639 230646 192306 104550 256338 640214 307552 394088 545801 356087 278976 246343 577531 653267 88265 388038 314937 436263 423818 642390 172028 680957 541752 527571 155789 838136 440221 639618 455239 668489 290845 673498 609988 170963 513290 590448 153969 555096 232121
374301 222503 641795 476726 227954 608872 588588 517769 697294 391458 333747 640254 328277 562987 707623 637161 480665 32950 155062 504628 488238 301031 344552 652649 53470 461987 772091 103222 103679 789358 197814 629852 256723 167014 585851 259370 433689 278121 411129 554759 707708 516525 610946 570496 703268 441918 643367 281471 172043 78591 999999999 221762 330927 948879 594475 240598 680311 664113 560660 572702 370641 347125 208214 175089 62632 331858 683761 231420 357405 551679 403666 285767 277187 653454 726125 146157 464177 369658 513550 374335 663488 150427 728499 559133 597368 231082 903905 407443 707579 440948 663590 310069 701396 676844 152746 475369 665796 82953 622444 306086
403425 39983 862519 455135 335185 825020 795674 737633 851368 588492 536622 629879 548436 492884 886985 743184 689898 254442 282787 583770 642217 114147 546220 860317 263509 682566 936055 228989 120577 985576 212781 750995 396494 298770 729041 48626 645041 499136 595147 701760 786972 440561 681431 792206 912054 663265 584090 325142 260197 299359 221762 999999999 551167 1120556 581048 379698 878321 732068 778544 785695 587426 510747 315054 306144 213771 541337 805487 25609 300992 586488 595044 368584 410466 874918 922611 362506 685799 571656 735289 267760 729146 286182 858543 623114 787310 452692 1078058 352034 890686 435167 659057 466993 782453 889162 292851 391213 886948 174459 835719 512889
570654 546130 333656 695690 409348 282424 360597 225885 609371 268957 223467 820854 100880 810622 554295 657187 266112 299490 372849 599453 451099 629740 133628 413201 288229 131447 649591 347716 430764 576502 441485 623706 370271 368610 544934 590258 223112 95120 324462 513396 759652 774459 693696 251595 453939 140674 872583 499847 415269 258058 330927 551167 999999999 789541 785034 300226 473595 740717 231683 319168 56955 351312 349575 320118 361089 190253 666059 562198 628113 694994 196187 460757 386872 325315 518898 189897 139829 139141 195393 670462 743614 320003 686932 662287 431452 103565 742168 667283 543689 652897 834476 268409 751517 356854 313586 744524 336288 385031 301685 200293
801123 1141913 581671 869883 788919 816011 435220 597881 281418 566146 627654 831159 702993 981297 243544 474018 523663 922237 838118 625929 480213 1123591 920199 399574 946786 746048 187917 1032822 1036354 241451 1139273 431424 724259 822052 407700 1131089 569048 745904 538021 428145 535330 988362 597540 647764 383720 666532 967576 830490 861822 883784 948879 1120556 789541 999999999 839970 1066111 321568 587126 787293 487848 819944 610583 1092359 1054593 921256 643271 393921 1113592 952012 718682 970534 771063 711508 691466 281468 893180 708439 918788 666196 1030721 594887 1041756 336018 637635 363827 806762 47388 944652 248719 843713 814543 1054875 530783 876505 1038056 1000812 708729 1031759 854515 659285
224091 620274 932344 126134 389504 1038670 758319 823627 574111 591031 594225 48833 705340 157212 689574 366223 703054 599033 451756 242818 463309 501424 874661 807394 640013 876258 667085 690325 594416 837418 750165 412780 415081 446677 467222 554065 689506 690309 544661 465988 323494 189036 242528 910535 852958 799756 128583 314172 423720 604587 594475 581048 785034 839970 999999999 834107 766389 261991 984716 790577 841786 460261 800302 769241 531858 626229 446049 558260 280548 127367 945281 330669 398179 1008299 791017 687667 853137 894796 870247 333754 254786 744336 504533 207120 667107 698729 814504 232177 707413 154403 78828 894866 324789 1120940 747056 228423 1027958 641833 1068305 602051
612127 355004 628905 717288 455888 508715 651925 526107 849306 505618 444846 879289 366551 801406 823871 834952 548635 235692 386016 723286 655061 488831 215491 708733 194397 410490 907832 159292 279746 867897 188353 817052 464233 394342 756233 428028 500625 320575 546972 723472 918703 753649 829249 542707 751966 440898 883311 520143 410443 240145 240598 379698 300226 1066111 834107 999999999 761275 881869 474580 615999 301937 519778 70796 74717 303049 424373 867911 401083 594504 783936 237275 516225 485857 598380 807692 183324 432084 237049 489600 601322 882273 98087 903572 781894 702288 259350 1018988 645746 817392 681119 901741 88722 911644 555122 92932 710471 603705 218125 507418 412856
