NAME : synthetic_000992
TYPE : CTSP-D
DIMENSION : 100
GROUPS : 8
RELAXATION_LEVEL : 1
EDGE_WEIGHT_TYPE : EXPLICIT
EDGE_WEIGHT_FORMAT : FULL_MATRIX
EDGE_WEIGHT_SECTION
999999999 268572 631102 797856 702632 481481 359947 165532 442544 433114 603514 311660 354540 356313 677646 312184 274362 426175 325151 345519 624045 913928 234956 708225 819062 504170 701612 318866 596115 428609 770365 406360 885925 194043 356644 338079 807186 574415 316302 217256 420538 831736 802518 292772 447200 643949 377845 296358 466381 119520 302924 404347 692524 514431 714878 917377 765022 121310 595552 387345 290092 759226 380875 50598 198305 371427 318482 689174 472785 1009278 46970 707143 874290 792006 316830 198676 842444 907021 460129 452775 820436 456420 588545 343628 501780 477134 680061 340870 100372 863913 196358 567495 655392 170656 780640 635506 513787 414350 472912 291196
268572 999999999 511192 807351 500619 302044 541169 115782 612765 509934 336444 315534 416167 121774 538618 446997 23151 658148 520509 573341 450514 718187 133504 682402 799481 336560 741014 58568 562249 170652 724243 520446 697479 315138 164344 117998 553182 462907 570162 416854 543970 581928 762724 335735 559701 480185 536853 214917 262617 371453 212863 385795 759528 327386 544599 936210 547265 298066 334424 476952 76859 571095 118486 317367 174073 377345 199740 680700 267926 784627 315214 503763 693359 742678 549050 152509 635579 907267 194407 540532 668422 263141 506492 559871 645174 642353 420779 239278 171609 805104 234571 441148 411788 118972 584136 673585 309345 204436 231760 470977
631102 511192 999999999 408379 226229 223002 587078 509893 598196 395029 496843 335977 372849 594885 60757 484228 488050 759584 604640 696704 135748 344088 422776 261998 357676 185632 414647 534279 192294 423448 260371 461774 306279 478502 656141 396990 478784 57027 763534 577476 484223 469549 299944 374120 469261 108675 545244 726045 717808 747030 334811 260282 477417 213897 145777 526436 302193 543542 632318 413934 434696 213318 451962 651253 438607 301681 709536 291457 720458 495386 656358 231869 282885 271080 692926 648409 315974 475165 544455 419686 197742 265009 88155 663985 561759 603225 451923 296717 557972 315306 436424 70057 361161 498313 247639 373967 751291 670734 358636 560290
797856 807351 408379 999999999 628302 592804 547786 751639 500561 373200 893392 507994 443320 918291 445023 510180 786213 685768 586394 664887 544105 667632 681096 146809 87528 560788 118555 850126 253097 782915 170266 424173 629351 603949 970704 718174 883637 414307 760817 633488 425814 870403 147080 510807 394913 515779 501007 1003682 1056504 885334 594569 423806 182500 598266 531137 129255 697230 678458 1015707 419864 735668 592056 794041 791452 663889 441865 999829 129520 1060578 836173 799476 633433 598367 176024 678803 904147 681371 109863 905447 364385 487118 628542 346005 631411 423300 480791 859032 569771 770136 211496 624014 448867 768925 739742 624869 169377 1097619 1001790 733473 572639
702632 500619 226229 628302 999999999 221541 759690 548746 786999 589249 339216 468532 542075 540852 183340 647946 480177 928818 768200 856172 105910 217609 468357 484114 567922 204514 640874 498343 416840 352724 468176 649550 198309 599374 604003 386564 255408 247103 906233 715056 674625 243543 504674 513847 665622 119102 724105 702246 632187 821993 407479 425530 703020 188259 104011 739548 80164 647344 490529 596710 436500 79618 400202 736129 506383 462265 675792 516560 632913 313948 738874 6025 199129 473252 846163 652900 139812 682897 448669 618287 219416 247820 309067 826646 763457 797973 259542 373558 610329 496833 530771 219431 171909 539808 83858 598951 653740 598627 278602 717980
481481 302044 223002 592804 221541 999999999 567439 331210 608300 427402 305739 266437 358690 373959 239583 453502 279521 730079 569310 652764 149925 433358 248168 449657 560077 37417 563564 316470 341870 200972 469727 476034 407272 385101 436193 184113 385814 187745 694138 504033 502565 396160 509952 312083 501188 178214 538271 515183 494806 600949 187422 253660 608369 33766 244330 719398 288897 427876 423150 421464 229362 279663 229619 514590 284843 280365 494987 464381 497466 532613 517343 226264 398807 484129 639608 449517 361246 676362 323204 459902 366397 42175 250109 625733 601318 625485 301394 156181 390860 535671 311380 157050 229284 321526 299384 505501 528646 448147 141422 516918
359947 541169 587078 547786 759690 567439 999999999 430445 83052 204933 817213 301426 218283 658891 647350 113951 532246 172506 42432 120525 656022 928674 424075 518012 600634 566395 431794 599705 447757 639701 593650 136230 892004 226431 681601 534621 952659 537471 213167 142700 124954 963501 611954 256427 154420 656919 48214 648754 791628 395558 405695 335562 393219 597970 720897 643392 838063 256985 865666 174415 510389 783959 611974 326247 372337 297493 664567 480914 797663 1067686 334881 765549 869762 615475 131096 543709 885367 654230 724092 195390 779803 569418 507409 85797 154017 118091 854205 421295 399797 688003 312116 552649 794320 424219 815176 380702 840024 734371 644332 71734
165532 115782 509893 751639 548746 331210 430445 999999999 504936 423731 441343 244154 330867 228647 548494 342986 114588 542546 407504 457776 479357 763895 87285 639235 755517 358879 672953 173338 519899 263860 690703 423749 738464 207174 254044 173266 641698 455789 455404 302146 445450 666579 726955 251204 464447 503505 430063 253689 362389 279869 176933 329533 682038 362525 572898 878357 606687 182578 450112 385692 124597 610819 217910 210489 87805 310162 255699 630196 368283 849943 209888 552850 729685 710862 433306 152639 688032 856441 309496 451897 687515 300936 485289 444992 543627 535890 514750 213925 65400 778445 137861 441610 490698 12200 629373 604815 410611 304596 307792 359365
442544 612765 598196 500561 786999 608300 83052 504936 999999999 203221 873705 348186 249758 732241 658952 168471 602245 186580 122549 171203 681583 942267 490378 491823 561937 602577 382233 671020 439305 699747 568096 137749 904421 298158 757931 596076 993805 553151 270366 225343 114016 1001688 581489 306263 131787 678212 76466 729442 867217 477407 460691 362517 333552 636866 738162 585711 866630 336684 931349 190393 576244 803439 675911 409298 440741 329311 744170 450864 873153 1088536 417933 792970 880248 589101 192117 623805 906259 603112 790667 181401 784133 615314 513775 141952 81750 35136 902730 470981 478429 659311 379765 572708 837388 497880 835962 340176 915500 809526 697632 152078
433114 509934 395029 373200 589249 427402 204933 423731 203221 999999999 715071 198535 93851 631197 455779 137786 493532 373523 234055 324232 483368 739116 376657 318094 411366 415487 269491 563847 242997 554259 392453 69568 701215 240891 670922 459082 807717 350945 409709 261163 89451 812127 414022 174530 76385 477596 158099 674699 772528 513267 316120 173772 261942 452500 535839 486686 669316 311876 795684 46830 454120 601648 542398 421297 340333 151798 679326 284999 777780 886721 429585 595261 677043 414586 329507 569030 704743 483008 661362 33238 581778 442284 310677 289508 175545 209524 728212 312876 424085 488022 285991 372148 655359 413306 634564 205392 818920 714370 536242 206720
603514 336444 496843 893392 339216 305739 817213 441343 873705 715071 999999999 527513 633487 295944 484551 707227 329155 960501 807642 876836 369591 519451 403738 747795 852531 334009 869231 295541 645725 181581 756838 752628 515953 600052 346744 286435 244002 479723 890894 717702 779143 281252 796635 567605 783892 404698 798572 465739 329236 707667 413062 545940 913493 295520 433610 1017556 334678 609824 152402 699532 322937 417375 223435 650937 457756 563294 430274 766650 327840 521806 649553 338137 526654 767919 856618 465187 428196 970053 169922 748293 557981 278160 547432 856775 882053 896601 111776 405180 504138 807886 512082 445439 170698 439520 409755 811090 337111 316061 178831 754450
311660 315534 335977 507994 468532 266437 301426 244154 348186 198535 527513 999999999 108123 435509 390119 187521 297687 464130 303154 388519 369594 656389 182323 402086 516488 268318 429781 367420 286248 359229 460441 225719 622834 142525 478936 261183 651244 279393 439220 248448 252039 662585 494058 45839 259437 377954 275038 497458 577172 420339 118525 92915 444194 297676 447295 634283 544448 209991 598847 174043 256032 504279 344370 322531 156377 66132 496614 388828 582224 781524 328677 474161 605139 481770 377664 396337 601344 613799 463184 230860 532869 268449 280755 360262 355479 369479 554963 122920 264552 552955 119469 282234 492935 232435 532581 361727 622842 519370 350089 251251
354540 416167 372849 443320 542075 358690 218283 330867 249758 93851 633487 108123 999999999 537531 432318 111385 399972 389656 232087 323906 437943 711740 283003 362447 468185 353075 349906 470365 262791 467191 431112 119378 675582 160679 577089 369140 744054 321140 393581 216968 146022 752117 458963 80693 151406 438696 182351 582963 678780 445934 226643 117280 351811 387109 503263 563682 620900 235584 706949 66185 361563 565832 452214 349967 246683 80204 586566 338153 684056 849403 357715 547970 654260 453382 320486 477965 667094 552575 570865 124599 568698 367424 298419 291484 248567 267206 655185 228378 334980 527167 193595 334750 587911 320229 596921 282623 725269 620596 455182 187834
356313 121774 594885 918291 540852 373959 658891 228647 732241 631197 295944 435509 537531 999999999 613061 567614 137854 767294 636069 682955 512447 753821 254542 788290 904758 411105 857194 68739 669161 188299 824500 642170 738714 434097 63493 203168 535512 552145 669985 529831 665591 569790 863853 457250 681473 545640 656705 171839 141671 439750 327460 501028 878540 391811 603023 1047507 572309 409379 243471 598668 183543 617396 145573 406903 295600 495756 139143 790143 146727 795225 402843 542792 739531 841735 657177 179206 665824 1015366 126662 662010 731563 331917 603195 672123 766500 762421 399452 348721 271365 900373 355750 526086 417395 234698 624154 790297 187739 84277 262782 587960
677646 538618 60757 445023 183340 239583 647350 548494 658952 455779 484551 390119 432318 613061 999999999 543625 515673 819845 664321 756219 115054 283344 461262 301535 385543 203113 463027 555997 247179 433752 285921 522506 245533 532356 675583 421707 438746 112101 821576 634342 544981 425707 323392 429897 529929 79917 605778 753109 729223 794971 377036 318401 528783 222261 90209 556888 253920 595143 626771 474476 463422 157005 467958 700378 482145 359655 734071 335865 731380 435997 705098 188422 222420 292471 751887 681227 258194 501474 550898 480312 143534 281321 147542 723700 622035 663869 427254 338618 600047 324290 485187 110349 335763 537303 191503 426839 759761 685235 364084 619356
312184 446997 484228 510180 647946 453502 113951 342986 168471 137786 707227 187521 111385 567614 543625 999999999 435424 280951 121307 212625 545166 822353 322303 452357 548863 452900 402966 504854 364539 531848 525062 94651 786454 136882 597030 427800 838723 432257 284248 123435 108829 849594 548961 142772 135057 547836 92118 580017 704815 380364 294398 226921 383979 484125 613461 620516 725811 193105 762912 92585 407955 675186 507442 292633 273674 187136 590726 421516 710601 957675 301231 653759 765417 547358 209386 473164 775686 619821 622369 147564 679974 455725 409110 180620 200954 195901 741189 308104 325380 621220 212704 444819 680452 334898 705724 341367 752819 646716 532678 77086
274362 23151 488050 786213 480177 279521 532246 114588 602245 493532 329155 297687 399972 137854 515673 435424 999999999 653881 513128 569043 428319 697787 117049 660394 777434 313807 721271 70517 540326 157455 701666 506397 676576 305821 184641 95742 540182 439771 569868 411333 530351 567943 740231 319920 545167 457718 526050 238035 279493 381152 192146 365557 741081 305312 522505 915176 528351 294167 337641 461728 53773 549925 107132 321990 161750 358457 222760 659235 284580 766937 320444 483436 672029 720014 545499 172775 615866 885644 196094 524530 645917 240991 483600 554298 632234 631194 409188 217378 175222 782225 222734 418005 396063 115393 563525 654025 325444 221715 214451 462754
426175 658148 759584 685768 928818 730079 172506 542546 186580 373523 960501 464130 389656 767294 819845 280951 653881 999999999 161051 84841 826098 1100951 557844 676795 748475 732101 567230 715870 616090 779614 753055 303955 1064396 360676 778209 674182 1112610 709813 136084 243697 286947 1125770 767547 418306 311739 828196 216068 721581 889065 411690 557710 506768 513926 761722 892852 764982 1006441 360088 991519 346476 642295 955427 745359 379622 503856 467757 744656 636642 895391 1238481 386700 934616 1042252 774315 110371 624474 1056362 786437 849877 358712 952007 727944 679608 104928 262677 205320 1007513 578621 496335 845140 448445 724399 953436 539354 986297 526750 937096 834623 793969 213181
325151 520509 604640 586394 768200 569310 42432 407504 122549 234055 807642 303154 232087 636069 664321 121307 513128 161051 999999999 92480 665971 943596 409050 550772 636869 571050 471268 579046 474744 628233 625850 168021 907600 209516 655621 522677 952655 553225 176758 109805 161069 965226 645682 257351 191632 669081 85520 617264 766212 354858 399821 348216 434604 600807 734761 684079 845593 228976 849055 198135 495047 796446 597623 288937 355990 308389 634638 515088 772339 1078650 297462 773975 886344 647863 95559 513344 896782 693537 707144 228816 799526 568142 527736 59397 196290 157627 849892 418938 372083 720915 297350 566120 793649 402208 826882 418351 814640 709525 637688 53445
345519 573341 696704 664887 856172 652764 120525 457776 171203 324232 876836 388519 323906 682955 756219 212625 569043 84841 92480 999999999 754984 1034712 473708 638535 720148 656780 547689 631110 566189 695716 714144 256336 998973 277769 694966 590417 1033138 644879 99190 159325 245324 1047403 732418 342799 274247 759239 168723 641775 805915 343169 476871 439250 503506 684960 825595 755442 932786 275275 906679 290128 557841 886618 660888 300694 419669 398928 663653 601332 812217 1167802 308219 861883 978039 735986 30120 542901 986321 769915 765048 315900 891887 648640 620190 34795 252938 200929 925837 499476 412312 808526 365059 656985 873838 454525 916638 499346 854059 751079 711709 138439
624045 450514 135748 544105 105910 149925 656022 479357 681583 483368 369591 369594 437943 512447 115054 545166 428319 826098 665971 754984 999999999 291640 394449 397610 492066 120646 545516 460032 318330 327914 393594 544017 262015 504979 575740 332590 346780 144287 808752 617746 568968 341335 432438 414170 559735 35807 619540 661760 621827 743433 322347 320947 604523 123254 94419 661719 186051 558068 512007 491431 379028 136810 366962 653532 425772 358582 639607 425666 623613 412819 657062 111929 250752 402441 746159 599205 231784 609249 441030 512379 219507 187374 209994 724777 657555 692202 316928 285769 537124 438577 442449 114435 225797 469233 163173 499774 650229 580559 255529 616566
913928 718187 344088 667632 217609 433358 928674 763895 942267 739116 519451 656389 711740 753821 283344 822353 697787 1100951 943596 1034712 291640 999999999 681519 543185 589032 409941 716440 714455 521785 566888 497503 805626 39545 794787 816370 604030 338023 391225 1094711 904660 828278 302859 523380 699524 813200 278527 888074 918012 834912 1033444 613586 595479 788386 401416 209515 753316 186111 849556 670571 756907 653781 155011 615916 944698 716038 635866 890476 585612 834930 168599 948042 214432 69525 492577 1028467 870503 91326 688804 653336 763522 181179 463463 429924 1002960 904468 947089 416811 577328 824207 483247 734081 377808 351604 754531 134745 692558 851309 806354 493728 896753
234956 133504 422776 681096 468357 248168 424075 87285 490378 376657 403738 182323 283003 254542 461262 322303 117049 557844 409050 473708 394449 681519 999999999 562286 679229 273804 610017 187542 442133 222245 610270 389953 654948 199540 296623 117802 582321 368979 489000 314395 414239 603848 647384 202871 428394 417532 413923 324164 395926 353925 92203 257379 626512 280530 487410 809243 530072 207644 441694 344725 86314 527535 188575 272265 54066 245286 318734 556600 401143 774370 273871 472749 645152 629919 452962 231613 608120 783538 300440 407524 600637 221501 400723 455078 516696 518124 462332 127702 142818 696119 112028 354354 426442 76054 547487 542257 442273 337847 248202 356901
708225 682402 261998 146809 484114 449657 518012 639235 491823 318094 747795 402086 362447 788290 301535 452357 660394 676795 550772 638535 397610 543185 562286 999999999 117130 416537 174069 721119 120318 643613 76282 382847 503929 518837 843417 585851 739008 268170 727241 573202 393560 727162 96819 415455 366075 369939 469835 886411 923922 806966 472045 310928 248270 453315 389638 270063 555200 594237 872770 360152 608179 452900 658414 709848 552887 338120 879121 45902 927673 710161 717204 489398 473750 97629 646303 791365 546676 228349 766752 322651 362435 486799 200592 603780 426938 481570 712225 443127 666361 170143 521474 302631 622166 627080 486537 165854 963407 870693 590935 524539
819062 799481 357676 87528 567922 560077 600634 755517 561937 411366 852531 516488 468185 904758 385543 548863 777434 748475 636869 720148 492066 589032 679229 117130 999999999 525607 190191 837799 237441 756782 99746 470130 551469 627419 960256 702035 822795 374380 813303 671813 476076 806792 66039 526925 446215 460994 552748 1003384 1039692 914117 589144 426448 262083 560871 467193 171737 632552 702850 982111 456430 725115 524551 773454 817926 668816 451575 996242 130107 1043346 757564 825548 572692 520314 97733 731361 907839 608979 117583 880066 409046 410212 598548 310032 685885 488541 545672 808991 560215 781039 123969 635499 407967 717813 743386 556191 221850 1078624 986879 701460 616925
504170 336560 185632 560788 204514 37417 566395 358879 602577 415487 334009 268318 353075 411105 203113 452900 313807 732101 571050 656780 120646 409941 273804 416537 525607 999999999 536171 352960 311722 238053 434169 467978 381853 395218 473185 219027 392527 151958 703004 512011 494226 399112 474406 314124 490588 145550 534696 550485 532187 623655 204220 242444 583809 39656 214060 686562 277306 443140 456624 413562 262579 255085 266975 534917 306116 273266 530990 433124 534826 518282 538158 209759 371369 448159 645196 482257 342552 642293 359890 447317 332833 79567 216193 628522 590659 617892 319361 169277 416495 498793 326676 120360 240676 348667 277689 479995 565838 485551 176339 519507
701612 741014 414647 118555 640874 563564 431794 672953 382233 269491 869231 429781 349906 857194 463027 402966 721271 567230 471268 547689 545516 716440 610017 174069 190191 536171 999999999 788459 228454 739867 235303 313046 677063 508053 905355 663451 892093 404116 644350 525160 311964 884122 230143 424229 280839 522742 385749 926638 997943 782207 529746 356182 75982 575503 553038 217588 715896 580674 979535 316152 673723 618589 743526 690786 585572 364931 926393 130855 1002497 882685 699076 646499 647128 250243 562490 823792 715628 222451 859471 255444 536099 594357 335929 514535 304746 362238 849538 510734 683903 306256 539510 437864 762714 661490 652807 68139 1041388 941442 699438 460925
318866 58568 534279 850126 498343 316470 599705 173338 671020 563847 295541 367420 470365 68739 555997 504854 70517 715870 579046 631110 460032 714455 187542 721119 837799 352960 788459 999999999 601677 149987 758841 576817 696605 373593 123219 138350 523541 489488 625552 475098 600675 554838 797975 390399 615659 491930 595013 203962 210112 414977 258722 432298 810007 337436 552565 979307 537412 355907 278511 532242 114871 572450 98695 368686 231398 427200 179617 722209 215000 768712 365823 500867 695101 776441 606505 171849 628785 947786 141298 594945 679508 275121 538301 618077 702353 700407 388540 280390 225381 836303 292209 464809 391406 177220 582188 721560 255422 153010 220915 529544
596115 562249 192294 253097 416840 341870 447757 519899 439305 242997 645725 286248 262791 669161 247179 364539 540326 616090 474744 566189 318330 521785 442133 120318 237441 311722 228454 601677 999999999 529820 174320 312422 482482 411240 723679 467342 665095 175759 647538 479340 329543 658781 208077 304524 307588 297806 401092 766200 805776 699313 351734 193720 286415 350396 336653 381683 494091 485874 763700 276873 488324 403983 541662 601456 434115 224729 758803 123611 809665 681149 608416 422631 455163 195891 569331 671723 505280 346218 652379 258501 351182 376270 108361 531631 389182 437300 621493 322979 549152 268203 405595 209410 534298 507720 438474 182111 846026 751960 481522 440543
428609 170652 423448 782915 352724 200972 639701 263860 699747 554259 181581 359229 467191 188299 433752 531848 157455 779614 628233 695716 327914 566888 222245 643613 756782 238053 739867 149987 529820 999999999 668943 584615 550804 419660 251657 105599 382836 388020 709572 536470 610700 411277 709081 395827 618595 362219 623819 351637 295522 538183 241203 394382 774475 211775 416428 911255 387897 428345 242714 533251 142126 429099 52939 474348 276296 403945 323594 653425 297803 619015 473648 354784 551255 684040 675201 317742 480048 871756 123290 587333 545680 159825 447396 676260 714355 724430 252018 241712 328308 736618 331533 357990 242711 260797 436206 676753 327843 252645 74525 575306
770365 724243 260371 170266 468176 469727 593650 690703 568096 392453 756838 460441 431112 824500 285921 525062 701666 753055 625850 714144 393594 497503 610270 76282 99746 434169 235303 758841 174320 668943 999999999 458129 459128 584157 881963 621346 723075 282211 802066 644629 469423 707302 40237 478354 442175 361956 545516 932888 956521 872529 518485 367713 311251 467935 367589 271438 533148 659169 889327 433400 648439 425681 689076 774860 606123 398939 923085 119118 959878 665995 781951 472947 428176 22326 721409 841415 512224 215844 792071 398262 316859 509483 222239 679368 502711 557608 710438 486560 722475 96269 579663 314705 619119 678503 457717 238777 993872 905230 610508 598287
406360 520446 461774 424173 649550 476034 136230 423749 137749 69568 752628 225719 119378 642170 522506 94651 506397 303955 168021 256336 544017 805626 389953 382847 470130 467978 313046 576817 312422 584615 458129 999999999 768036 224023 676457 484543 860245 415745 344718 212907 26675 866796 477663 190105 41521 540467 88791 667768 781866 473904 343433 226252 289849 503358 600723 529909 729295 286373 822656 54571 472516 665810 566972 387227 346717 195669 676246 347152 787426 950881 395839 655531 744375 480073 263490 560963 768567 532989 684823 61108 650407 486356 378658 221542 129773 149925 774042 347448 413365 552983 287606 434969 705277 414517 698261 254843 829281 723531 574472 148468
885925 697479 306279 629351 198309 407272 892004 738464 904421 701215 515953 622834 675582 738714 245533 786454 676576 1064396 907600 998973 262015 39545 654948 503929 551469 381853 677063 696605 482482 550804 459128 768036 999999999 762213 801708 581940 350476 354606 1060341 870755 790475 317873 485673 665466 775026 245943 850992 900531 825253 1005361 584325 559763 748909 376235 175593 716781 181520 818470 668054 719741 631095 127683 598511 915483 687708 600398 874062 546222 825569 206933 919058 196035 31186 454681 993236 849325 93475 652645 642515 725288 142385 439375 391503 966989 865827 908838 417445 547528 797765 447580 703573 342642 345954 728791 114600 653013 843729 794353 476838 861246
194043 315138 478502 603949 599374 385101 226431 207174 298158 240891 600052 142525 160679 434097 532356 136882 305821 360676 209516 277769 504979 794787 199540 518837 627419 395218 508053 373593 411240 419660 584157 224023 762213 999999999 460985 314071 758449 421897 309124 120842 243049 774706 614420 108634 265528 516424 222929 444140 569546 288401 201785 227440 502277 418442 586676 723412 672145 75466 640047 196369 285554 641214 388114 191013 146600 189182 454014 497321 575423 913319 198390 604742 745555 606171 259910 337264 735517 713252 498250 263168 675298 375708 420866 256724 337807 328757 648417 228973 189489 679215 88142 423776 599272 199786 668022 441638 617734 511673 434009 157652
356644 164344 656141 970704 604003 436193 681601 254044 757931 670922 346744 478936 577089 63493 675583 597030 184641 778209 655621 694966 575740 816370 296623 843417 960256 473185 905355 123219 723679 251657 881963 676457 801708 460985 999999999 261459 589369 612257 672946 547090 698780 624835 921034 496397 716687 608791 683620 120535 110997 425297 376771 550035 923130 454764 666479 1099725 634129 426713 270578 635812 235405 680741 208780 406671 331078 541455 83796 843412 117268 854262 401448 605874 802795 899627 667860 162507 727991 1069509 177466 700714 794941 394281 661520 687174 797612 789390 453824 401254 284086 959476 388897 586983 477298 262408 687188 837901 159305 58173 326170 609980
338079 117998 396990 718174 386564 184113 534621 173266 596076 459082 286435 261183 369140 203168 421707 427800 95742 674182 522677 590417 332590 604030 117802 585851 702035 219027 663451 138350 467342 105599 621346 484543 581940 314071 261459 999999999 469724 351276 606676 431267 510241 493668 660685 294613 520004 362200 519897 331475 338481 453082 142963 309359 691376 209573 426762 847412 438378 325244 338128 434606 50741 454941 83333 380673 171590 312228 312869 589319 342457 679785 380996 390060 576793 638667 570247 267725 523670 813464 202357 491743 550447 145249 400261 570708 613919 621582 346144 153215 238569 698023 225955 327230 317458 167423 469470 597950 379599 284856 134889 469803
807186 553182 478784 883637 255408 385814 952659 641698 993805 807717 244002 651244 744054 535512 438746 838723 540182 1112610 952655 1033138 346780 338023 582321 739008 822795 392527 892093 523541 665095 382836 723075 860245 350476 758449 589369 469724 999999999 490231 1065157 879261 886582 40758 758993 696493 883056 370111 924084 706959 570786 919765 556886 634969 951131 357012 355973 994512 194337 787093 373365 805742 517104 305145 434709 850396 632666 664931 672383 770214 568868 289853 850649 250398 372366 727370 1017679 695364 257714 937024 411903 839234 446139 384671 556773 1007783 983072 1010086 136092 533994 707048 746134 675788 458210 159309 636752 279418 846267 573391 560055 335028 899689
574415 462907 57027 414307 247103 187745 537471 455789 553151 350945 479723 279393 321140 552145 112101 432257 439771 709813 553225 644879 144287 391225 368979 268170 374380 151958 404116 489488 175759 388020 282211 415745 354606 421897 612257 351276 490231 999999999 709486 522354 439229 485617 322447 318243 426502 129472 496996 677212 679268 690122 279773 206409 460980 186491 185011 537836 326561 486564 607840 366000 386082 250760 411841 594257 382819 247603 662232 289820 682266 535783 599388 253071 333160 296385 640091 596664 353960 491487 510759 377647 253595 228200 69115 612622 521764 560352 447329 242004 502477 349416 379498 34611 359111 444073 283935 356061 714790 630181 328297 507662
316302 570162 763534 760817 906233 694138 213167 455404 270366 409709 890894 439220 393581 669985 821576 284248 569868 136084 176758 99190 808752 1094711 489000 727241 813303 703004 644350 625552 647538 709572 802066 344718 1060341 309124 672946 606676 1065157 709486 999999999 191190 337230 1082734 822361 395289 367314 816700 260661 604670 782517 281635 510194 503306 602018 727385 885244 853709 980291 281441 904036 371032 568002 943389 669373 266468 435854 461963 630846 691837 788932 1219947 272170 911731 1041217 824144 82072 513705 1040422 866780 764541 405571 960750 684338 691911 130208 352078 299950 950335 538076 400413 897362 389369 717866 906434 454775 971794 593845 829710 730623 735337 207349
217256 416854 577476 633488 715056 504033 142700 302146 225343 261163 717702 248448 216968 529831 634342 123435 411333 243697 109805 159325 617746 904660 314395 573202 671813 512011 525160 475098 479340 536470 644629 212907 870755 120842 547090 431267 879261 522354 191190 999999999 219642 895274 669997 205313 249649 626334 163972 507569 657894 263433 322472 317783 501737 537075 695364 742462 789317 120666 748825 215422 398601 752723 501664 185330 260349 276441 524845 543828 664069 1028757 194058 720561 852341 666955 139476 403539 849340 743053 606985 269895 775200 496130 510349 143035 288022 260051 768841 348385 263110 740897 206539 528858 720058 297902 780853 464485 706302 601617 554147 75340
420538 543970 484223 425814 674625 502565 124954 445450 114016 89451 779143 252039 146022 665591 544981 108829 530351 286947 161069 245324 568968 828278 414239 393560 476076 494226 311964 600675 329543 610700 469423 26675 790475 243049 698780 510241 886582 439229 337230 219642 999999999 892911 487104 215647 31138 564761 76807 687184 804832 482651 369498 252234 282492 529759 624236 527202 754468 301927 848297 81131 497371 689656 592492 398721 369994 222206 696624 356008 810447 974771 407411 680615 766428 491129 255295 580304 792570 533612 710120 71878 671125 513025 400123 210688 103704 123882 800703 373968 432500 563381 310311 459229 731784 436508 722300 257355 852403 746520 601048 150189
831736 581928 469549 870403 243543 396160 963501 666579 1001688 812127 281252 662585 752117 569790 425707 849594 567943 1125770 965226 1047403 341335 302859 603848 727162 806792 399112 884122 554838 658781 411277 707302 866796 317873 774706 624835 493668 40758 485617 1082734 895274 892911 999999999 742249 708181 887982 361448 933326 741535 609322 945708 572932 640712 945196 365662 339817 978469 174359 806589 413510 812487 542121 284279 463752 873881 652997 672378 707448 760089 607542 249108 874471 238069 341342 710451 1032906 726381 226509 919723 447486 843087 421189 399197 550507 1021178 987672 1016714 171086 547980 731976 725633 693715 454842 177449 661082 255948 840686 612883 597108 358830 912602
802518 762724 299944 147080 504674 509952 611954 726955 581489 414022 796635 494058 458963 863853 323392 548961 740231 767547 645682 732418 432438 523380 647384 96819 66039 474406 230143 797975 208077 709081 40237 477663 485673 614420 921034 660685 758993 322447 822361 669997 487104 742249 999999999 509902 458758 400335 563741 970550 996282 902750 555861 401750 305589 508130 403075 236479 567914 689710 929495 456633 687136 459384 728919 805400 641766 431384 961269 131217 999673 691956 812655 509313 454536 31908 741100 878156 543021 178239 832231 417001 344245 549667 262159 697744 512776 568768 749076 524527 757225 78429 613495 354912 657674 714758 490753 245064 1033805 944795 650745 620679
292772 335735 374120 510807 513847 312083 256427 251204 306263 174530 567605 45839 80693 457250 429897 142772 319920 418306 257351 342799 414170 699524 202871 415455 526925 314124 424229 390399 304524 395827 478354 190105 665466 108634 496397 294613 696493 318243 395289 205313 215647 708181 509902 999999999 226805 421412 231922 504205 598345 395060 155031 118963 430834 343457 490138 634469 590043 181779 632651 142188 283180 548176 376881 297086 166151 80729 506776 397407 603659 826508 303949 519505 647062 500179 332341 400084 645953 618670 494754 204798 571730 313001 312941 314428 319309 329192 598565 165530 260148 572726 115352 323610 537957 240321 576923 356241 644981 540121 391420 205415
447200 559701 469261 394913 665622 501188 154420 464447 131787 76385 783892 259437 151406 681473 529929 135057 545167 311739 191632 274247 559735 813200 428394 366075 446215 490588 280839 615659 307588 618595 442175 41521 775026 265528 716687 520004 883056 426502 367314 249649 31138 887982 458758 226805 999999999 553672 106656 709169 821560 512165 377882 248233 252111 527124 611170 496106 745696 327549 858034 85430 509953 677262 602850 426973 386363 222217 717419 327550 827071 962233 435626 671635 750302 463703 285282 602385 780443 502565 721175 49905 652930 514132 383681 239804 100159 134007 801135 379250 454830 535488 327799 448294 729825 455060 710336 226738 868822 763221 605249 181117
643949 480185 108675 515779 119102 178214 656919 503505 678212 477596 404698 377954 438696 545640 79917 547836 457718 828196 669081 759239 35807 278527 417532 369939 460994 145550 522742 491930 297806 362219 361956 540467 245943 516424 608791 362200 370111 129472 816700 626334 564761 361448 400335 421412 553672 999999999 618725 692653 656681 762982 341114 321455 584098 154496 71156 631440 197571 572737 547699 489017 407402 127384 400069 671476 445790 360701 671314 400128 658545 411033 675374 124945 231126 369941 751780 627424 228588 577796 476320 505379 188259 217617 189965 728238 650072 687079 348829 303557 559587 404083 458327 105533 257374 493024 158304 479909 685511 614794 290399 620882
377845 536853 545244 501007 724105 538271 48214 430063 76466 158099 798572 275038 182351 656705 605778 92118 526050 216068 85520 168723 619540 888074 413923 469835 552748 534696 385749 595013 401092 623819 545516 88791 850992 222929 683620 519897 924084 496996 260661 163972 76807 933326 563741 231922 106656 618725 999999999 659150 792451 425472 385524 298627 350271 567769 681318 598890 803118 266506 854903 131310 499778 745263 599527 349068 364449 262540 672449 432708 798338 1029758 357812 730020 828128 567320 178642 552876 847311 608026 714201 147259 736340 543242 464027 134010 124238 105830 829993 397301 406284 639805 303452 513774 766716 422693 777007 333310 840656 734602 623209 88775
296358 214917 726045 1003682 702246 515183 648754 253689 729442 674699 465739 497458 582963 171839 753109 580017 238035 721581 617264 641775 661760 918012 324164 886411 1003384 550485 926638 203962 766200 351637 932888 667768 900531 444140 120535 331475 706959 677212 604670 507569 687184 741535 970550 504205 709169 692653 659150 999999999 199479 336535 414807 580124 934721 538593 755055 1131054 739386 392921 388539 634496 291378 776362 302149 341975 341177 563242 38008 880372 205595 966047 335045 704715 899019 952047 612879 106885 831664 1107209 295845 701456 880806 475037 718331 639650 779657 762936 570986 446462 254713 1016390 389398 655992 587883 265169 786075 858501 240030 167663 424285 577617
466381 262617 717808 1056504 632187 494806 791628 362389 867217 772528 329236 577172 678780 141671 729223 704815 279493 889065 766212 805915 621827 834912 395926 923922 1039692 532187 997943 210112 805776 295522 956521 781866 825253 569546 110997 338481 570786 679268 782517 657894 804832 609322 996282 598345 821560 656681 792451 199479 999999999 528422 468464 641790 1020118 507287 707266 1185757 649066 537415 210791 739349 324338 711355 267652 516054 435206 637312 163469 927773 6438 850837 510532 633039 830452 972896 778733 269516 744178 1151797 183579 803143 837011 452847 734342 798157 904803 898279 441010 488153 395000 1028683 494526 650900 484814 369980 712524 931275 48429 58340 366308 720103
119520 371453 747030 885334 821993 600949 395558 279869 477407 513267 707667 420339 445934 439750 794971 380364 381152 411690 354858 343169 743433 1033444 353925 806966 914117 623655 782207 414977 699313 538183 872529 473904 1005361 288401 425297 453082 919765 690122 281635 263433 482651 945708 902750 395060 512165 762982 425472 336535 528422 999999999 421868 511459 763729 633839 833984 999724 883741 213439 683170 466441 403746 878724 488220 98045 317662 475604 367673 784081 534827 1127814 91662 826470 993530 894518 313095 263553 961802 995170 554774 527517 938106 575412 700389 353195 547908 512472 790182 459588 214856 967443 310628 684659 770382 286558 900150 718631 572939 483131 587256 337075
302924 212863 334811 594569 407479 187422 405695 176933 460691 316120 413062 118525 226643 327460 377036 294398 192146 557710 399821 476871 322347 613586 92203 472045 589144 204220 529746 258722 351734 241203 518485 343433 584325 201785 376771 142963 556886 279773 510194 322472 369498 572932 555861 155031 377882 341114 385524 414807 468464 421868 999999999 173636 552631 221185 412132 723367 476319 240455 480327 292458 144128 458578 226281 331190 105325 170668 407158 468399 473138 719878 334738 412466 571794 537986 460821 323809 546433 695228 345269 348792 518773 174145 308750 452803 473158 484192 450106 38419 223352 603940 123987 267976 397629 164992 481896 462858 512624 411723 238637 346390
404347 385795 260282 423806 425530 253660 335562 329533 362517 173772 545940 92915 117280 501028 318401 226921 365557 506768 348216 439250 320947 595479 257379 310928 426448 242444 356182 432298 193720 394382 367713 226252 559763 227440 550035 309359 634969 206409 503306 317783 252234 640712 401750 118963 248233 321455 298627 580124 641790 511459 173636 999999999 382121 278923 386545 551865 504735 299209 637059 172271 317541 448660 391215 413442 242443 41420 576073 300703 646375 732124 419893 431456 539232 388960 433781 482123 549816 527239 509241 206252 457783 270086 194306 407540 348365 376092 554702 156175 355653 460041 211950 217908 481711 317466 479652 289568 685469 585266 367720 301526
692524 759528 477417 182500 703020 608369 393219 682038 333552 261942 913493 444194 351811 878540 528783 383979 741081 513926 434604 503506 604523 788386 626512 248270 262083 583809 75982 810007 286415 774475 311251 289849 748909 502277 923130 691376 951131 460980 602018 501737 282492 945196 305589 430834 252111 584098 350271 934721 1020118 763729 552631 382121 999999999 623452 618992 252159 779604 571315 1016385 305959 696372 685401 773327 676395 596300 382810 937551 203691 1024987 953681 684939 708773 719296 326192 521291 829750 784074 273919 891146 239772 608778 635998 394721 471894 252643 309127 901175 538273 685758 380919 545323 493637 816441 671116 719807 105007 1064959 962694 739807 432361
514431 327386 213897 598266 188259 33766 597970 362525 636866 452500 295520 297676 387109 391811 222261 484125 305312 761722 600807 684960 123254 401416 280530 453315 560871 39656 575503 337436 350396 211775 467935 503358 376235 418442 454764 209573 357012 186491 727385 537075 529759 365662 508130 343457 527124 154496 567769 538593 507287 633839 221185 278923 623452 999999999 217214 723364 255135 461640 421472 448822 256814 248555 246322 547995 318229 307928 516858 471155 509574 498866 550667 192883 368898 481094 672195 476785 328052 677936 331045 484611 342294 64362 252724 657574 627273 653135 279992 189653 422971 529030 345136 153251 202876 353114 267069 519592 538934 462988 144753 548651
714878 544599 145777 531137 104011 244330 720897 572898 738162 535839 433610 447295 503263 603023 90209 613461 522505 892852 734761 825595 94419 209515 487410 389638 467193 214060 553038 552565 336653 416428 367589 600723 175593 586676 666479 426762 355973 185011 885244 695364 624236 339817 403075 490138 611170 71156 681318 755055 707266 833984 412132 386545 618992 217214 999999999 638925 166099 643702 582270 550619 473425 67548 458024 742619 516649 426668 732172 425267 708672 351154 746498 107912 159978 371415 819044 693594 170399 581053 524601 562058 129745 281513 233875 794075 705466 745115 361611 374659 629781 392910 529448 168643 271881 562601 101938 516925 733138 668464 342582 687491
917377 936210 526436 129255 739548 719398 643392 878357 585711 486686 1017556 634283 563682 1047507 556888 620516 915176 764982 684079 755442 661719 753316 809243 270063 171737 686562 217588 979307 381683 911255 271438 529909 716781 723412 1099725 847412 994512 537836 853709 742462 527202 978469 236479 634469 496106 631440 598890 1131054 1185757 999724 723367 551865 252159 723364 638925 999999999 804191 796855 1142545 533449 864795 695861 923076 907881 790553 568207 1127902 258390 1189826 921126 916116 744350 685610 268376 772617 1030613 778387 66530 1033989 472964 577341 755915 470643 723509 504705 560868 978357 698931 894526 271496 748758 572141 887478 866550 727181 281981 1226824 1131034 860488 677044
