NAME : synthetic_000446
TYPE : CTSP-D
DIMENSION : 100
GROUPS : 8
RELAXATION_LEVEL : 1
EDGE_WEIGHT_TYPE : EXPLICIT
EDGE_WEIGHT_FORMAT : FULL_MATRIX
EDGE_WEIGHT_SECTION
999999999 900574 999517 26141 857678 689953 828987 791665 755248 744518 521269 836983 509373 314616 701191 630210 304721 315646 606048 552927 1024989 915471 642197 551589 649833 725226 284051 129338 616769 545454 108542 476231 948350 953301 433872 195682 904357 684941 873750 831420 801643 325290 6845 734524 893621 696165 567893 623065 921669 645935 891304 515430 653318 714606 903643 59793 587573 709890 674258 841609 866168 297296 739991 796505 260137 386170 898018 278529 783807 530390 472156 636926 239807 540254 408184 643443 672263 78929 600166 628951 290704 544652 391502 383008 71185 532382 674899 876394 198863 778698 355943 544753 820514 550961 445543 289873 736945 994284 485569 448143
900574 999999999 841254 925482 430046 248994 902261 686655 950480 1230462 967395 901048 598782 962332 1213352 504951 605641 668383 294531 920745 783020 876666 485638 1170710 383923 183663 851521 789299 1192572 883708 794575 836195 754524 742574 744345 972656 68793 706407 140857 514832 1046443 989397 894079 626150 105196 871946 372243 886529 910253 1246468 852845 547128 875094 485942 329598 904200 326035 236428 1264154 811087 166161 731048 1282135 546478 889061 734103 94444 622694 155690 456524 1093218 485347 661217 403519 525522 1074627 1060587 979439 729750 339708 610005 548173 903922 578978 971578 691111 1146017 352464 736148 573479 826463 532099 895317 655282 885961 663983 496844 874226 805372 458775
999517 841254 999999999 1008688 411231 908608 238233 221343 356465 696406 597688 228840 516620 782242 712562 455641 908872 703582 791596 529683 88440 124198 460345 796420 547833 749565 736224 882685 763402 511068 919794 551526 87225 98732 566712 897595 777434 315349 700952 330415 413152 797379 993842 294950 739096 353433 923853 436868 150313 810743 132073 539512 399045 406387 519917 1048375 717241 672251 809104 165643 675354 703968 773343 312642 776495 613369 750670 872462 901507 601411 773819 465058 862275 656932 704114 591834 549146 1047164 399893 621332 846344 507863 668684 679569 1040517 468035 648461 490903 818146 299271 660598 518502 241241 455033 607357 740571 383830 42741 530037 860145
26141 925482 1008688 999999999 876007 715833 833635 802956 756909 734153 517861 841797 524061 306862 690284 647047 330729 331955 630989 552518 1036158 922302 659544 537873 670118 749561 285745 148577 604158 546790 131909 479367 959279 964624 442142 182417 928599 694892 897149 847690 800455 315562 31918 747353 917449 699993 593957 625292 927526 631626 898530 532249 656444 731540 924113 71681 611343 733085 660071 849495 889233 309273 727161 811837 258230 395603 921972 303890 809492 550612 460115 654329 264389 562386 429774 637425 667602 54193 608879 650910 315487 560931 389698 402389 46200 542764 666355 896360 217099 793233 359386 561665 825273 562810 445550 308146 753535 1002411 490411 473825
857678 430046 411231 876007 999999999 526347 501596 282104 576150 902978 683344 498223 370336 770279 898183 235339 654534 545882 433166 619899 355627 455514 219409 906837 223315 357498 677394 728342 906117 584423 754246 568956 324657 312533 511130 838263 366458 345746 289758 93768 669450 794673 850934 245703 328137 510752 574052 554632 490513 961080 434113 347052 530447 154761 118715 888873 373918 287108 971588 399710 264135 584278 968050 140147 722653 531208 339747 636802 501393 334546 847524 224191 648711 353978 462979 755256 728412 926496 409150 279817 612208 322341 674640 475411 918560 413564 827116 83071 659024 174368 619594 317760 496245 375654 631722 567930 141271 444823 535643 554123
689953 248994 908608 715833 526347 999999999 904002 712639 921525 1146322 869527 905472 521742 812408 1121027 482225 385641 517252 136375 837816 870980 910146 469046 1047174 366529 170450 702201 593631 1081899 803274 590164 740580 822840 814987 640798 794340 288405 691383 311113 584272 1013757 838839 683917 639485 302462 837949 128735 828422 939117 1132565 883239 468915 827624 505737 469674 684110 212890 240197 1154105 833143 323647 582372 1185963 595970 732271 614975 299030 414337 99770 369266 963369 466001 459012 300378 375727 992873 989126 768315 682661 294288 408540 484516 778977 436819 760849 622920 1059775 473366 553021 611595 697171 467272 895690 595333 777168 500154 526310 933066 715004 243336
828987 902261 238233 833635 501596 904002 999999999 220112 118264 462423 371833 9731 415851 574042 475832 421990 803741 567713 772064 308124 313850 115198 436360 559978 542358 768931 549405 725737 525248 297897 765448 355501 255586 271553 402745 699297 847735 213599 771241 407850 185056 585265 824109 276307 810990 135433 885516 217815 102077 572546 108074 457987 181719 417366 620288 883249 693663 691308 571292 107965 746077 548707 538410 364258 584094 453674 822460 759484 922978 547032 543077 438921 737733 614003 614700 353743 310914 865145 253891 611226 734988 432733 462776 572810 859337 331341 410634 583568 669251 332879 474460 448497 9151 338294 400807 607445 405419 208703 343425 793047
791665 686655 221343 802956 282104 712639 220112 999999999 298470 638815 459870 217372 296659 607545 640580 240116 687532 487407 587658 390321 233331 197631 248151 679981 346143 565046 543556 670576 664946 361034 706338 377297 157090 161671 366855 709617 630070 115194 553141 188618 389343 626813 785684 76004 592881 243865 714058 307018 227944 718152 171123 318179 274863 209003 400640 837658 510723 486514 724084 124717 527758 494375 708942 144169 586815 408810 604428 651412 719770 383743 637083 252250 642372 442916 482887 501099 467706 844817 206578 419035 625256 286597 496489 458713 837758 260983 569987 363629 604101 113626 470504 297576 214416 240983 439778 523199 192416 232288 349190 642268
755248 950480 356465 756909 576150 921525 118264 298470 999999999 349501 265988 127757 407084 478934 359725 450298 770523 524689 786077 209739 430462 233302 467980 442757 574262 801865 471366 663000 406984 210151 703371 280421 368143 383395 350984 609179 901305 244206 826838 484401 96004 486906 750966 333881 866177 83851 886531 132765 216336 454462 225540 456617 108690 467111 693043 812019 708642 726957 453759 213395 802608 493551 424062 436003 500768 401032 877304 722989 952597 553840 430370 469227 694981 622865 597882 235503 192740 783453 240066 636803 700248 437547 372612 547934 778268 309225 293227 654884 613442 401943 400127 454650 115489 329281 312775 564271 460933 326508 278310 781518
744518 1230462 696406 734153 902978 1146322 462423 638815 349501 999999999 278557 471025 635293 431763 46541 729722 888397 653046 1011764 311215 775881 572468 750021 215155 846949 1061703 502825 706075 144018 347664 742411 405743 716912 732424 505665 552513 1191330 557259 1122190 815974 284030 419236 743127 657615 1159713 395528 1078389 350958 547498 154832 570119 688652 372561 772207 1014779 803780 941768 995351 136980 562852 1100101 595172 77715 765287 501996 536010 1169991 837363 1199587 786738 276413 749322 795445 852011 777413 155925 174786 736621 506462 894393 822202 683296 393042 716810 734753 539514 86559 975992 687641 730603 470058 699890 461744 575232 374729 684399 772970 661251 432216 952800
521269 967395 597688 517861 683344 869527 371833 459870 265988 278557 999999999 381451 368634 219841 251519 479820 616882 376125 735900 70013 657096 482784 500460 224033 588211 793214 246529 454315 227591 100334 493530 131541 584038 596148 229099 353578 933630 352477 868645 607137 286863 223806 518160 450679 904450 244275 799832 161331 473910 282586 467237 420524 198947 537332 785173 580612 667920 730986 297803 434688 848298 321023 317536 556339 261405 257454 914079 565867 926239 515599 178549 498676 526505 578634 498965 134335 153104 536098 274760 628122 548928 420173 131976 438276 531927 282083 192420 746934 423592 523332 197483 435722 365790 320696 97214 409150 544113 575489 162095 674612
836983 901048 228840 841797 498223 905472 9731 217372 127757 471025 381451 999999999 420156 583220 484823 423295 809169 574045 773937 317583 305019 105596 437328 569649 543039 769201 557796 733142 534732 307027 772788 363998 247655 263731 409918 708204 846064 216026 769441 404456 192594 594571 832072 275517 809195 144336 888337 227062 92471 581905 99177 461610 190787 416717 616937 891078 695545 691425 580507 102267 744210 555821 547151 361524 592726 460787 820687 765174 923409 549808 552799 439998 743863 616496 619162 363258 320325 873569 259387 612334 740579 435950 471806 577912 867729 336915 419845 580412 676277 330556 482736 451562 16595 342924 409802 613735 404243 199046 351471 796912
509373 598782 516620 524061 370336 521742 415851 296659 407084 635293 368634 420156 999999999 404255 615684 135572 396099 195535 385368 324112 526223 462300 153596 577266 222078 426504 307318 382996 594565 287694 416062 237672 452266 454490 152235 468300 565908 212370 503282 326652 495718 429739 502978 230150 537892 323455 479456 306684 480938 648883 434776 53646 307507 216685 448067 550222 310767 362404 665808 380386 484303 218793 683950 288148 352463 162002 547159 356863 566073 153436 505217 149714 345779 221548 199146 479556 470779 570880 167932 259900 330971 54161 319528 163924 563264 101212 549704 412892 314171 269325 253932 67799 406776 78686 290763 228637 235409 521864 206590 378083
314616 962332 782242 306862 770279 812408 574042 607545 478934 431763 219841 583220 404255 999999999 389781 538862 486439 297412 691331 269299 828878 677471 557593 255765 616049 779117 111347 280980 312458 276236 314423 232208 752190 761554 259546 134027 943222 492362 890175 712657 506705 27065 312715 574068 920718 439295 717064 356284 674567 350612 657868 441720 392526 615553 852313 374331 639023 733239 377383 616652 874398 232719 434844 666154 82694 242907 928513 437560 887428 512370 169479 553873 390958 558953 442354 331254 363606 318938 401191 631761 429062 457097 113562 384748 315393 363515 360313 817064 279519 638181 150814 467172 566803 398312 175159 312388 630412 766527 258422 584317
701191 1213352 712562 690284 898183 1121027 475832 640580 359725 46541 251519 484823 615684 389781 999999999 716202 853141 621480 987381 292695 789596 588365 736692 168637 830956 1041982 465347 666403 97650 329853 702119 381821 727738 742826 480545 508287 1176301 552926 1108547 813199 304389 376147 699960 654044 1145526 396783 1049373 343610 565428 114327 583906 668573 369027 763034 1007922 760260 918913 977444 101626 572417 1087009 562042 70088 762166 462092 507724 1155587 802213 1177164 765379 231292 735664 759452 829417 749505 143121 172923 691698 495705 875523 787880 665226 358126 688515 689968 522597 71120 969154 650593 727594 437079 681476 474287 559450 345301 651525 765312 679010 410200 922308
630210 504951 455641 647047 235339 482225 421990 240116 450298 729722 479820 423295 135572 538862 716202 999999999 466190 315130 352003 424845 444245 433705 20645 697590 123969 351730 442876 501352 707337 387622 530486 354316 378190 375874 282406 602936 462061 210848 392535 201992 545569 563996 623586 164151 430003 369301 474440 382195 460356 762390 406127 114808 370186 84517 314594 665873 273916 276761 776754 354004 370808 349563 785946 173650 487982 297402 440334 437282 503728 146157 630511 19672 438843 202802 260609 574795 557566 696129 225096 189430 411198 87404 449334 255114 688308 197900 647039 278523 431601 166760 388138 85460 413780 159129 413474 341244 106960 471317 321074 404584
304721 605641 908872 330729 654534 385641 803741 687532 770523 888397 616882 809169 396099 486439 853141 466190 999999999 248536 313917 613453 908190 858196 469270 740625 431281 439810 389959 222533 790813 588582 209745 512291 838420 838109 422404 432191 617711 608171 598813 658200 845096 509713 298827 615260 612552 692260 263405 645682 875755 834062 830757 369449 662170 540607 668736 299854 315703 442058 859611 776411 595991 296120 908626 638439 404175 375581 615219 51074 480871 326697 653701 463766 95508 301600 206249 751144 763458 382794 549851 385121 70440 401340 495403 232681 375393 472436 805283 649511 207024 632789 419775 391914 794590 468560 520256 210795 565961 916755 501038 147031
315646 668383 703582 331955 545882 517252 567713 487407 524689 653046 376125 574045 195535 297412 621480 315130 248536 999999999 393974 366282 719463 635165 328015 531393 350506 484725 186173 187858 570874 340306 220561 264423 644305 647564 174429 311334 654114 389754 607355 515854 596943 324292 309105 424583 634748 448822 430837 397814 648171 619390 608799 200368 416016 399640 602758 354777 343107 445370 642414 555749 594394 65182 681937 481067 220980 127068 641601 199305 590112 233936 446643 322877 170827 267826 144991 509121 518032 381153 316972 348530 178252 229059 266619 89748 373295 240634 567828 572290 118673 464207 185175 229821 558636 248572 278959 39854 421584 704325 252525 301318
606048 294531 791596 630989 433166 136375 772064 587658 786077 1011764 735900 773937 385368 691331 987381 352003 313917 393974 999999999 702454 761407 784145 340586 919116 243837 127855 580146 496376 951125 667633 500287 606139 707575 701201 506836 686434 303894 558731 291379 476666 877888 718154 599559 512993 300662 702387 140958 692047 811824 1002593 756837 332565 691414 385308 403166 610496 78401 155780 1023416 705503 293048 458963 1052993 480886 613393 483494 302493 328284 196158 233031 836619 337034 366834 164053 249354 857780 853278 684922 546797 170272 315552 348678 650016 309049 677069 486545 925268 396506 446536 492404 568752 331494 763601 459153 644827 382176 407846 813224 579894 169354
552927 920745 529683 552518 619899 837816 308124 390321 209739 311215 70013 317583 324112 269299 292695 424845 613453 366282 702454 999999999 587658 416745 445437 291075 538298 750590 269864 472053 286402 37263 512249 102397 514278 526279 201203 399636 883750 284371 816564 541367 249166 278259 549126 383702 853264 176952 776831 92840 409903 341490 400085 377438 130679 477040 724429 611094 631281 685015 353526 365847 795372 319320 361893 490333 294515 240438 863235 563087 888722 475675 248526 444146 527549 541458 475280 155731 153749 576179 210839 583515 543761 372756 164076 416476 571308 229917 225646 685925 432050 456880 205878 389157 301521 267037 107503 402758 482160 508750 123109 656252
1024989 783020 88440 1036158 355627 870980 313850 233331 430462 775881 657096 305019 526223 828878 789596 444245 908190 719463 761407 587658 999999999 205156 444985 863916 520477 706706 772962 903653 835213 565163 939085 596671 77420 71910 598075 937656 717262 343386 642162 286718 494537 846005 1019013 296327 679071 415355 897863 495908 235155 884202 205842 540756 458652 381982 455901 1070852 690341 631456 884186 223808 616965 727704 852158 282204 815186 641442 690476 875510 855154 589717 835161 450173 870119 638932 701951 663839 622624 1077569 433579 592604 849244 508461 715801 684763 1070578 493676 723689 430556 836789 278547 698559 516594 315337 474253 655971 754418 357363 131018 571872 845839
915471 876666 124198 922302 455514 910146 115198 197631 233302 572468 482784 105596 462300 677471 588365 433705 858196 635165 784145 416745 205156 999999999 443684 675083 543617 762026 642324 805100 640205 402155 843781 451369 159957 176713 482354 798507 817165 250025 739835 364138 289802 690565 910190 271173 779274 240007 907923 324377 35847 687017 27879 495538 286809 406315 572353 967367 706709 683476 685054 82192 714147 625771 649287 330353 679970 531833 790917 817444 916642 572832 656400 447432 801222 635355 659324 468796 425651 957233 319393 616270 791932 466251 564579 625572 951009 394560 524444 538513 744241 305592 566452 479826 119216 390807 502524 673974 388541 93674 434130 828697
642197 485638 460345 659544 219409 469046 436360 248151 467980 750021 500460 437328 153596 557593 736692 20645 469270 328015 340586 445437 444985 443684 999999999 718106 106837 334830 460523 513065 727980 408219 541252 374825 381034 377822 301950 619511 442048 226904 372178 192851 563475 582877 635529 172744 409770 387536 466030 402084 471258 783032 416304 128006 389477 73628 295173 676582 263026 259044 797397 364963 350338 364869 806458 169178 505494 315598 420155 442270 487633 145052 650770 5559 445971 196588 264993 595190 577672 709162 244938 175103 416360 103189 469097 264074 701294 218518 667463 259488 443368 166457 406989 98569 428295 179766 433794 352590 98037 477703 341610 401387
551589 1170710 796420 537873 906837 1047174 559978 679981 442757 215155 224033 569649 577266 255765 168637 697590 740625 531393 919116 291075 863916 675083 718106 999999999 799332 991496 353318 536148 71546 324170 568132 343282 794254 807566 427098 355957 1142097 575444 1080548 831167 418856 235466 551218 674420 1114942 449450 961122 374065 659038 95394 664357 625971 409081 759223 1006884 609165 858078 935170 123128 640191 1061422 467069 190504 780351 336806 438247 1124040 691011 1114157 714287 86927 715854 645154 771589 671541 211148 256669 533471 498736 831546 680711 630818 269258 610695 532523 500184 182666 968902 533679 747264 350390 645054 555949 539204 286504 554378 767018 768677 376533 829627
649833 383923 547833 670118 223315 366529 542358 346143 574262 846949 588211 543039 222078 616049 830956 123969 431281 350506 243837 538298 520477 543617 106837 799332 999999999 228009 511057 521554 815247 501107 543365 458485 464236 458379 373565 658852 345640 333740 281246 241054 669529 642485 643001 273149 316330 493186 377563 502881 572737 869850 516728 175770 492819 141477 254068 675892 170070 152858 885988 466957 262311 401038 900169 238499 554046 374674 325876 414982 380940 119507 726837 105150 430029 130990 244989 691255 676666 722492 346540 73603 390941 168659 539742 268678 714421 308386 762947 226885 454163 248589 469116 154331 534412 271769 512832 364579 164364 569500 426427 335517
725226 183663 749565 749561 357498 170450 768931 565046 801865 1061703 793214 769201 426504 779117 1041982 351730 439810 484725 127855 750590 706706 762026 334830 991496 228009 999999999 668159 610012 1016198 714040 617859 661673 662831 653850 567038 789635 179263 561704 164350 421001 896854 806181 718600 495735 173037 720239 248899 724787 792989 1069516 736022 373415 717525 356081 300487 733328 142750 78551 1088169 688647 168552 547511 1109902 438247 705451 553630 175410 450176 154751 278124 912652 333129 485460 221011 342036 905870 895242 803728 570557 168048 434960 379115 723470 395363 795761 523299 976205 302948 554629 457842 644985 362223 761165 489825 708571 480677 373597 776646 632009 296903
284051 851521 736224 285745 677394 702201 549405 543556 471366 502825 246529 557796 307318 111347 465347 442876 389959 186173 580146 269864 772962 642324 460523 353318 511057 668159 999999999 207973 400927 261423 247009 194099 695548 703015 177961 166865 833519 429921 781975 627098 519023 138329 279951 499802 811766 414973 609687 339552 645211 445248 619778 339331 370913 523072 752907 341569 527776 623605 470243 573183 766886 121375 518956 583310 45429 146575 819336 339552 776278 403910 266758 456382 295167 448397 331052 377510 399625 315794 339401 522909 327885 357988 114816 273455 309935 286025 422785 718792 185293 558102 75923 366306 541219 315889 162394 203134 540126 726063 208194 477438
129338 789299 882685 148577 728342 593631 725737 670576 663000 706075 454315 733142 382996 280980 666403 501352 222533 187858 496376 472053 903653 805100 513065 536148 521554 610012 207973 999999999 593171 457672 40413 383157 827650 831777 323710 209815 788081 567336 753102 702869 719936 300798 122605 610578 774994 596775 479448 530390 814127 631308 779914 386663 556907 585656 775570 167483 469411 588624 658278 728607 744167 179461 714959 668842 204314 273449 780058 181731 682663 402047 450358 507773 135027 415598 282339 585374 607331 201197 486391 503704 185095 416290 322786 253929 193100 414746 628448 747792 69752 652009 266425 415899 716959 429686 366229 160576 608201 880091 385894 350708
616769 1192572 763402 604158 906117 1081899 525248 664946 406984 144018 227591 534732 594565 312458 97650 707337 790813 570874 951125 286402 835213 640205 727980 71546 815247 1016198 400927 593171 999999999 322570 626861 356951 768523 782650 449168 421763 1160326 566586 1095988 826142 370256 295115 616048 667382 1131571 426190 1001694 358413 621190 55171 632016 645501 390259 763051 1010662 675038 886716 956201 72297 612950 1075785 508169 123298 774957 390344 467637 1141100 740477 1144473 738074 144961 726237 695771 798569 706655 171605 214758 602016 497217 852888 728420 646850 304372 645381 600770 509669 124437 972211 584922 741039 386254 662065 522199 548234 307825 597116 768544 733086 388824 871697
545454 883708 511068 546790 584423 803274 297897 361034 210151 347664 100334 307027 287694 276236 329853 387622 588582 340306 667633 37263 565163 402155 408219 324170 501107 714040 261423 457672 322570 999999999 498063 76921 490551 501878 170652 402275 846524 252315 779301 507101 262854 288445 541283 350356 816007 163087 744660 80582 398354 377719 383665 341148 116290 440519 688091 602633 595843 648089 390281 345874 758116 297422 399121 456219 290880 213374 825983 538687 852936 439786 276052 406908 504944 506019 443582 191863 186209 573610 175305 546785 518473 335854 165182 385662 568328 192747 262436 649648 413479 423095 191902 352337 290587 229779 103692 377860 446093 492582 90799 625742
108542 794575 919794 131909 754246 590164 765448 706338 703371 742411 493530 772788 416062 314423 702119 530486 209745 220561 500287 512249 939085 843781 541252 568132 543365 617859 247009 40413 626861 498063 999999999 423568 863419 867178 363080 230726 796813 604531 765348 732425 760269 332757 101747 644943 785540 636874 471824 570778 853263 663486 818421 416327 597181 614377 796751 135387 479435 601400 690789 766821 757648 218035 749214 699883 240464 312572 790074 175875 681875 424182 483108 535874 133503 431938 300388 623962 646614 186096 524733 520715 184892 446729 361768 278844 178074 452235 665737 770193 102308 684191 306727 445246 756644 465803 406212 189534 637446 917917 426131 346940
476231 836195 551526 479367 568956 740580 355501 377297 280421 405743 131541 363998 237672 232208 381821 354316 512291 264423 606139 102397 596671 451369 374825 343282 458485 661673 194099 383157 356951 76921 423568 999999999 520005 529497 100314 347295 803380 262574 739509 499875 339150 250004 471714 350960 774801 220874 675910 147660 452368 411410 430059 289141 177130 418158 665003 532256 537096 599767 428137 386348 719699 220506 448732 450588 229060 138110 784257 462215 795345 384118 278692 372583 428078 447608 374204 253193 255806 509681 173018 496749 442335 289951 119496 314807 503932 157345 319201 627377 337077 419778 120293 305115 347407 196342 64046 301498 427896 537876 33490 554244
948350 754524 87225 959279 324657 822840 255586 157090 368143 716912 584038 247655 452266 752190 727738 378190 838420 644305 707575 514278 77420 159957 381034 794254 464236 662831 695548 827650 768523 490551 863419 520005 999999999 16757 520719 860311 691073 265993 614410 243215 440168 769620 942413 223689 652741 344809 841316 423382 194686 818691 151511 469556 386618 323222 435030 994681 634140 585738 820099 155805 588771 651127 792094 227156 737809 564313 664337 804297 814480 524338 762468 385985 797296 577086 632472 597920 558133 1000420 356172 537483 778052 437394 639287 612525 993456 416622 660282 405046 761172 216615 621182 446530 255463 398003 579800 679783 299877 120805 494829 782302
953301 742574 98732 964624 312533 814987 271553 161671 383395 732424 596148 263731 454490 761554 742826 375874 838109 647564 701201 526279 71910 176713 377822 807566 458379 653850 703015 831777 782650 501878 867178 529497 16757 999999999 527408 868254 678703 273104 602232 233299 456302 779354 947307 224822 640364 358166 835822 435867 211422 833068 168051 469931 399356 317954 421581 999001 628430 577126 834764 170513 576641 656006 807434 220322 745613 570228 651939 804768 804883 521860 774664 382877 798758 573245 631959 612300 572832 1006327 363916 531361 778506 437675 648915 613579 999298 422403 675132 392225 764881 212187 629014 446247 271244 402464 589838 682580 294115 134767 503726 779202
433872 744345 566712 442142 511130 640798 402745 366855 350984 505665 229099 409918 152235 259546 480545 282406 422404 174429 506836 201203 598075 482354 301950 427098 373565 567038 177961 323710 449168 170652 363080 100314 520719 527408 999999999 344818 715018 254780 654315 453724 422698 283587 428419 321905 688184 277498 575820 223405 490494 502538 457749 198985 242330 356563 596999 485036 439113 508362 521192 407738 635859 145997 546479 408177 222475 51046 697154 373645 697418 288922 353272 298721 344072 350147 274159 353507 354941 480727 166819 404773 351971 206391 167526 215331 473977 108085 419106 560797 266686 381638 109938 219425 393873 139686 141658 213662 370927 560452 80130 455289
195682 972656 897595 182417 838263 794340 699297 709617 609179 552513 353578 708204 468300 134027 508287 602936 432191 311334 686434 399636 937656 798507 619511 355957 658852 789635 166865 209815 421763 402275 230726 347295 860311 868254 344818 999999999 962874 595410 918336 791870 640372 136655 195513 666664 944933 563877 685343 482856 798264 450257 777354 494241 517739 684982 907355 253344 646887 755511 478576 733051 905681 258025 544826 749004 122807 311282 951434 389467 878801 544623 277746 615033 341740 577695 448048 463458 497114 186556 504338 659830 388940 516323 237186 399996 183717 452889 487019 874733 241409 724416 239261 522631 691650 482417 298704 309194 703185 885057 367582 554132
904357 68793 777434 928599 366458 288405 847735 630070 901305 1191330 933630 846064 565908 943222 1176301 462061 617711 654114 303894 883750 717262 817165 442048 1142097 345640 179263 833519 788081 1160326 846524 796813 803380 691073 678703 715018 962874 999999999 657191 77332 453702 997289 970215 897716 572717 38338 824516 402772 844120 851231 1214751 793973 516148 830471 434451 262390 912486 318825 209983 1231312 753866 103043 714746 1245643 488008 872925 709167 26802 629366 206030 431772 1066951 442399 664641 386330 515056 1035957 1019616 982780 686970 312381 614210 513516 878089 564388 974798 653905 1107912 287062 731071 516477 802872 498283 841087 616855 855933 653794 443108 811269 771663 472897
684941 706407 315349 694892 345746 691383 213599 115194 244206 557259 352477 216026 212370 492362 552926 210848 608171 389754 558731 284371 343386 250025 226904 575444 333740 561704 429921 567336 566586 252315 604531 262574 265993 273104 254780 595410 657191 999999999 583025 260628 340210 511752 679169 101298 622254 168809 672402 210062 268919 620937 222617 248365 184706 223456 458306 733159 480339 485443 629499 168364 558998 388729 622648 209459 472681 299317 633328 567682 714418 333882 527396 228819 552798 400478 410317 410330 382666 735026 91468 400134 542077 221082 381528 375561 728153 152764 481811 419583 503064 175065 356156 236201 205013 141971 325524 427620 219293 314572 234050 583780
873750 140857 700952 897149 289758 311113 771241 553141 826838 1122190 868645 769441 503282 890175 1108547 392535 598813 607355 291379 816564 642162 739835 372178 1080548 281246 164350 781975 753102 1095988 779301 765348 739509 614410 602232 654315 918336 77332 583025 999999999 376410 922751 916999 866998 496808 39755 750992 410005 773436 773917 1150713 716670 455572 758482 359728 189835 886619 287011 164542 1166426 676768 25739 665532 1178179 410797 822875 652205 51288 604373 246856 378069 1007436 372987 635711 341220 473869 967328 949532 951264 616436 259416 586766 449884 819524 518341 943199 587353 1039548 211608 692642 439520 746541 435495 764685 549590 794044 611011 367318 734434 707229 459060
831420 514832 330415 847690 93768 584272 407850 188618 484401 815974 607137 404456 326652 712657 813199 201992 658200 515854 476666 541367 286718 364138 192851 831167 241054 421001 627098 702869 826142 507101 732425 499875 243215 233299 453724 791870 453702 260628 376410 999999999 576971 735791 824840 159330 415630 421661 615000 470690 398730 880761 341903 316262 444280 119273 212482 867809 408293 344992 889897 306166 350676 545398 882753 51220 672505 480833 427281 633719 571587 331504 776409 198382 638730 367967 456433 670846 642004 895948 332687 310264 608019 286796 611188 456626 888213 349776 742083 176300 633132 85616 563631 287194 402545 314356 563680 543066 95140 360723 467239 575307
801643 1046443 413152 800455 669450 1013757 185056 389343 96004 284030 286863 192594 495718 506705 304389 545569 845096 596943 877888 249166 494537 289802 563475 418856 669529 896854 519023 719936 370256 262854 760269 339150 440168 456302 422698 640372 997289 340210 922751 576971 999999999 509723 797962 428890 962114 176757 974526 199576 263633 410712 290017 546641 188893 563035 786938 860052 800922 822320 404465 291559 898475 558998 361485 529418 542232 470520 973254 796246 1046962 645057 425677 564613 765005 714155 681437 208958 163679 821654 331103 731172 774659 529252 410773 628779 817184 395785 247191 748982 676204 495699 453557 546485 186421 419218 356635 635776 556555 377331 344900 865695
325290 989397 797379 315562 794673 838839 585265 626813 486906 419236 223806 594571 429739 27065 376147 563996 509713 324292 718154 278259 846005 690565 582877 235466 642485 806181 138329 300798 295115 288445 332757 250004 769620 779354 283587 136655 970215 511752 916999 735791 509723 999999999 323904 595381 947631 451329 742688 367553 686405 330766 671665 467903 404420 640022 877790 384632 666057 760232 358033 631739 901133 259682 418167 688856 107647 268823 955452 461274 914225 539266 150555 579227 414346 586013 469260 327152 361904 323209 420960 658683 453470 482807 130508 411765 320285 386200 351040 842363 303155 660424 175888 493120 578271 421617 190278 338718 654488 780511 277752 609868
6845 894079 993842 31918 850934 683917 824109 785684 750966 743127 518160 832072 502978 312715 699960 623586 298827 309105 599559 549126 1019013 910190 635529 551218 643001 718600 279951 122605 616048 541283 101747 471714 942413 947307 428419 195513 897716 679169 866998 824840 797962 323904 999999999 728337 886917 691460 562084 618691 916560 645720 885956 508815 648758 707970 896805 62459 580858 703117 673999 836153 859386 291310 739308 790020 256866 380539 891332 272176 777627 523561 471320 630254 233213 533421 401340 640930 669410 85365 594602 622113 284162 538085 388083 376217 77550 526564 673028 869569 192176 772300 351422 538127 815615 544925 441692 283161 730338 988777 480716 441959
734524 626150 294950 747353 245703 639485 276307 76004 333881 657615 450679 275517 230150 574068 654044 164151 615260 424583 512993 383702 296327 271173 172744 674420 273149 495735 499802 610578 667382 350356 644943 350960 223689 224822 321905 666664 572717 101298 496808 159330 428890 595381 728337 999999999 536474 265265 638320 311360 299634 721866 243972 246009 285352 141232 360342 778060 435693 417475 730695 193830 471980 438135 723688 108173 544371 358569 547836 580632 650404 307924 623099 176682 573944 366938 409734 511566 483282 791410 178921 345325 554393 213949 467017 388899 784102 213825 582925 321862 542697 73785 430070 223815 269221 186101 414955 458698 129618 307952 319757 566584
893621 105196 739096 917449 328137 302462 810990 592881 866177 1159713 904450 809195 537892 920718 1145526 430003 612552 634748 300662 853264 679071 779274 409770 1114942 316330 173037 811766 774994 1131571 816007 785540 774801 652741 640364 688184 944933 38338 622254 39755 415630 962114 947631 886917 536474 999999999 790042 409909 811496 813422 1186179 756205 489214 797015 399082 224595 904177 306110 189441 1202249 716466 65209 694147 1215052 450447 851999 684394 11651 621160 228293 408378 1040927 410392 654497 367252 498363 1004633 987394 971634 654405 288961 604736 484888 852529 545269 963605 623712 1076759 248772 716140 479258 778505 470108 804428 586227 828502 636509 406949 772955 742748 469900
696165 871946 353433 699993 510752 837949 135433 243865 83851 395528 244275 144336 323455 439295 396783 369301 692260 448822 702387 176952 415355 240007 387536 449450 493186 720239 414973 596775 426190 163087 636874 220874 344809 358166 277498 563877 824516 168809 750992 421661 176757 451329 691460 265265 790042 999999999 802846 84371 235273 478013 223181 372781 46920 391928 625450 751301 625058 646035 482188 191684 727194 422703 465081 371517 448916 328397 801014 645597 870205 470032 420814 388487 619630 539073 515615 258572 223872 730468 156220 554415 622264 353784 327528 466976 724767 226462 326352 586867 543407 336874 340609 370915 127799 245491 265492 488634 388059 331798 211394 698834
567893 372243 923853 593957 574052 128735 885516 714058 886531 1078389 799832 888337 479456 717064 1049373 474440 263405 430837 140958 776831 897863 907923 466030 961122 377563 248899 609687 479448 1001694 744660 471824 675910 841316 835822 575820 685343 402772 672402 410005 615000 974526 742688 562084 638320 409909 802846 999999999 780880 933676 1050095 880248 430776 785746 518094 541149 558708 207535 294441 1073247 827520 416912 494274 1111514 616057 635076 542380 408727 297810 228336 338531 875446 461829 344595 272910 301706 928773 930397 645547 646894 305338 296405 453383 697364 361699 638269 578740 992150 536397 446418 624918 615643 437225 876743 557443 704203 406927 541707 943245 654149 132896
623065 886529 436868 625292 554632 828422 217815 307018 132765 350958 161331 227062 306684 356284 343610 382195 645682 397814 692047 92840 495908 324377 402084 374065 502881 724787 339552 530390 358413 80582 570778 147660 423382 435867 223405 482856 844120 210062 773436 470690 199576 367553 618691 311360 811496 84371 780880 999999999 318872 412176 307315 359654 37839 421254 664597 679550 616991 654300 419784 273370 750836 362728 413564 419512 370684 272016 822015 597049 869849 459604 339274 401866 566774 528142 484250 200624 176617 653292 157150 556813 575241 347249 245753 430195 647887 205508 272609 625812 481897 385121 267529 364512 210727 235475 184224 436895 422289 416056 147186 668481
921669 910253 150313 927526 490513 939117 102077 227944 216336 547498 473910 92471 480938 674567 565428 460356 875755 648171 811824 409903 235155 35847 471258 659038 572737 792989 645211 814127 621190 398354 853263 452368 194686 211422 490494 798264 851231 268919 773917 398730 263633 686405 916560 299634 813422 235273 933676 318872 999999999 666615 57458 516683 282092 436940 607623 974636 734053 714453 663427 106356 748255 635341 624755 363775 681428 540713 825058 833883 947707 597107 644634 474796 815893 660809 679236 450525 406459 960867 331228 644921 808636 488240 562578 643122 954842 407841 503209 573554 754836 338008 569636 502417 108382 407264 500479 687387 419977 113764 437498 851279
645935 1246468 810743 631626 961080 1132565 572546 718152 454462 154832 282586 581905 648883 350612 114327 762390 834062 619390 1002593 341490 884202 687017 783032 95394 869850 1069516 445248 631308 55171 377719 663486 411410 818691 833068 502538 450257 1214751 620937 1150713 880761 410712 330766 645720 721866 1186179 478013 1050095 412176 666615 999999999 679977 699541 443298 818212 1065808 703097 939079 1010167 28619 662925 1130605 555905 105087 829560 430977 519363 1195662 784147 1196502 791437 181178 781261 738692 851284 756965 220774 261748 625183 552272 906761 773120 701361 353785 695774 624593 564664 163907 1027348 627353 795569 435748 716467 569943 603273 360945 644249 823648 779307 443486 919369
891304 852845 132073 898530 434113 883239 108074 171123 225540 570119 467237 99177 434776 657868 583906 406127 830757 608799 756837 400085 205842 27879 416304 664357 516728 736022 619778 779914 632016 383665 818421 430059 151511 168051 457749 777354 793973 222617 716670 341903 290017 671665 885956 243972 756205 223181 880248 307315 57458 679977 999999999 467725 269516 380077 551642 942762 679313 657475 679149 54449 691023 600494 646320 306369 658070 506887 767836 790209 890706 544993 642471 420003 774369 607626 631597 460411 418231 934129 293740 589228 764652 438394 544638 598174 927821 368307 518519 517183 718552 280576 543858 451951 110055 363733 482729 647478 362788 108920 411685 800819
515430 547128 539512 532249 347052 468915 457987 318179 456617 688652 420524 461610 53646 441720 668573 114808 369449 200368 332565 377438 540756 495538 128006 625971 175770 373415 339331 386663 645501 341148 416327 289141 469556 469931 198985 494241 516148 248365 455572 316262 546641 467903 508815 246009 489214 372781 430776 359654 516683 699541 467725 999999999 359168 199292 413965 551680 257413 310717 717029 413355 437562 237790 736606 284249 383480 199346 498169 334839 512427 100002 551875 123016 330717 168543 165037 532989 524426 581463 216568 207610 308579 32314 364157 144970 573624 154197 602940 380639 316914 271369 293633 29482 449029 127481 339821 226853 221542 548527 258803 335582
653318 875094 399045 656444 530447 827624 181719 274863 108690 372561 198947 190787 307507 392526 369027 370186 662170 416016 691414 130679 458652 286809 389477 409081 492819 717525 370913 556907 390259 116290 597181 177130 386618 399356 242330 517739 830471 184706 758482 444280 188893 404420 648758 285352 797015 46920 785746 37839 282092 443298 269516 359168 999999999 402522 642522 709085 615172 645270 449455 235770 735340 385517 438482 393336 403767 292515 807741 614446 864970 458385 376542 389762 586294 527395 492967 227364 197981 685874 146998 550136 591842 343640 281061 441365 680295 207063 297940 603752 505756 358710 297382 360961 174320 232295 219125 455584 401559 378292 171107 677129
714606 485942 406387 731540 154761 505737 417366 209003 467111 772207 537332 416717 216685 615553 763034 84517 540607 399640 385308 477040 381982 406315 73628 759223 141477 356081 523072 585656 763051 440519 614377 418158 323222 317954 356563 684982 434451 223456 359728 119273 563035 640022 707970 141232 399082 391928 518094 421254 436940 818212 380077 199292 402522 999999999 247843 749747 310999 277572 830532 332684 335576 433290 833119 100542 568399 376703 410238 514947 510824 214333 696748 79143 519461 257442 337602 620079 597753 780643 267590 215044 489151 171534 520959 337646 772824 261312 692555 209694 515913 107121 464843 169887 410141 222759 479997 425378 25490 428239 384683 465057
903643 329598 519917 924113 118715 469674 620288 400640 693043 1014779 785173 616937 448067 852313 1007922 314594 668736 602758 403166 724429 455901 572353 295173 1006884 254068 300487 752907 775570 1010662 688091 796751 665003 435030 421581 596999 907355 262390 458306 189835 212482 786938 877790 896805 360342 224595 625450 541149 664597 607623 1065808 551642 413965 642522 247843 999999999 928293 361678 247399 1077727 518270 166043 649575 1077970 257677 797324 609698 235751 659829 425539 373552 943111 298649 679699 370886 496949 864801 839994 976554 514132 283963 637324 395470 763816 522658 968481 507703 937075 38790 708220 291242 701933 386602 614896 468781 725991 618440 242777 555835 631517 549274
59793 904200 1048375 71681 888873 684110 883249 837658 812019 803780 580612 891078 550222 374331 760260 665873 299854 354777 610496 611094 1070852 967367 676582 609165 675892 733328 341569 167483 675038 602633 135387 532256 994681 999001 485036 253344 912486 733159 886619 867809 860052 384632 62459 778060 904177 751301 558708 679550 974636 703097 942762 551680 709085 749747 928293 999999999 599611 724294 731515 892322 880685 344431 798154 835046 319293 436127 907860 283164 780403 557273 530689 671194 251746 560220 431373 703206 731850 99707 650251 649110 299855 581979 450430 413691 95068 580397 734572 902746 236108 818925 412050 580625 874677 596682 503614 324843 772833 1044534 540149 446625
