NAME : synthetic_000003
TYPE : CTSP-D
DIMENSION : 100
GROUPS : 8
RELAXATION_LEVEL : 1
EDGE_WEIGHT_TYPE : EXPLICIT
EDGE_WEIGHT_FORMAT : FULL_MATRIX
EDGE_WEIGHT_SECTION
999999999 487169 995620 912928 805311 751596 594530 897329 601125 1088388 821442 720673 358683 852036 813172 403509 894853 196978 620437 483779 873626 129302 273042 971677 739337 113541 956004 629443 1129869 951694 654470 956233 961644 811068 691884 277867 598708 94537 1179220 129067 707860 270653 895603 860988 580789 80443 805351 1035283 772197 718331 363691 189699 430603 428164 255302 505103 570889 682768 135958 414203 570080 466429 757659 502829 534355 474558 156065 690067 657122 208745 979871 391518 112499 172037 177776 374291 735036 1131514 395062 554859 798682 888999 471182 879511 405098 500225 444223 263221 768563 333643 390321 355644 580982 730970 855015 509885 299974 536662 615630 863722
487169 999999999 816190 867475 447949 788345 222611 560040 700990 827846 890814 285470 281761 575663 981677 631135 629415 566670 176078 341483 914084 509574 541321 651783 503824 389146 797256 276507 849718 560792 241795 855485 642478 335763 721938 315801 724700 508284 945539 412248 232370 411645 498385 601445 580399 559510 916454 882116 295916 301727 295750 362281 739617 263296 628430 53437 310829 205733 501004 133481 260431 647389 773292 666441 572239 257851 354409 659939 245773 582176 664018 579074 374673 493036 321807 162528 704428 865029 198016 624991 438900 635304 233065 704419 656231 700218 591709 277363 695485 527614 617663 139807 682075 830129 371079 314885 365809 375001 136448 797756
995620 816190 999999999 253977 437362 400407 599735 358926 516439 180967 455569 624221 668814 268279 644064 705175 221250 879022 682692 536791 410458 897250 775627 302269 312370 896767 50306 547979 237004 471187 613024 152349 302463 732984 405569 734543 549413 1080077 200493 867507 734440 725504 492598 234505 437921 1009281 530043 76172 735829 587922 657435 1027508 810356 619455 883955 763680 510051 742773 885217 930241 555959 641899 368373 614308 491622 591487 983539 344472 609419 882602 292051 671219 935582 846360 955343 938173 318586 212407 690443 503327 445105 204688 611109 118588 731117 658166 617727 989129 258213 700575 707679 880583 523585 499838 795650 533599 698011 483470 760407 222498
912928 867475 253977 999999999 594583 187972 680279 552291 339534 434942 208856 750216 648048 439974 395707 554137 413926 758886 775713 535266 157356 796042 656495 523976 413650 832447 210290 638185 490817 674631 716806 104284 520994 878932 228467 691568 362314 1005121 430048 793757 852297 649811 678621 407827 335783 906694 283577 220114 871287 713675 633529 990481 633217 622547 745953 820373 562768 853098 785521 957676 619838 483963 166605 449322 378802 612814 940893 227952 714064 758154 517003 537744 879739 746129 918854 954616 180579 464913 698796 362121 599794 392646 636914 250831 573000 482330 480917 973846 172086 585007 561222 893329 354480 272983 947205 553662 640601 493767 850644 71883
805311 447949 437362 594583 999999999 617194 233278 112482 625479 394140 717372 194848 449868 169269 876220 701467 217741 775874 280331 347087 707785 756291 694349 205168 192472 691887 439657 184304 407465 151219 208467 535640 196308 295859 571110 531903 662324 865132 517377 684484 304876 581914 109575 203527 478530 851697 774423 512854 299062 161819 448143 758058 831017 378819 813074 395872 238728 317966 743934 579485 236497 670471 587634 664875 513114 331394 728758 479915 204411 786668 217960 646518 709628 714187 694902 601332 502151 426868 414634 562123 9257 232765 334328 356724 733311 714253 617990 691480 454492 634631 694860 556575 616831 702791 360096 307303 531744 309755 352359 525527
751596 788345 400407 187972 617194 999999999 635335 608848 156711 573103 105528 734177 534248 495290 265338 373151 489006 584705 732502 447036 129719 628957 485316 608467 424787 682447 350364 604564 629816 729879 686164 275550 602771 871168 67558 560314 175344 845550 595230 640075 823335 501367 717663 470508 209660 736780 157583 390265 855309 700244 518839 850613 445572 527384 565671 747681 510399 818233 619379 858203 568672 302483 33657 266423 233541 531554 799295 141320 684303 582342 605259 364460 732775 580824 781369 848076 115843 609696 600662 198477 619836 468514 556364 343640 389404 295814 308881 846937 174038 418250 381692 786889 174367 100816 940949 478611 503696 420674 800655 180346
594530 222611 599735 680279 233278 635335 999999999 342878 584864 605289 740827 138212 261436 353193 863456 585860 407025 602010 97351 219111 751917 567319 539548 432859 288961 481724 584871 53897 628102 365184 68741 653749 423292 266230 573881 337743 616114 644896 723033 483333 192489 410989 305553 379622 443089 650331 780321 668436 238156 125905 266057 528080 711566 195836 650831 169189 125044 183795 555780 349897 67701 577236 613878 584551 454217 152634 502153 496410 69759 615162 444619 528732 491396 532650 467864 369238 535234 642725 200312 509677 224754 413491 140160 492114 616187 628384 519412 458765 512194 496610 575449 323304 569616 697154 331515 173860 357136 220885 170366 608645
897329 560040 358926 552291 112482 608848 342878 999999999 645056 287545 701980 302791 538821 114712 873626 751872 141654 850462 392673 422812 682364 838162 762146 92931 204071 784695 371822 291642 296454 122996 320939 478352 84436 385617 572932 620427 682812 962068 411835 773076 410580 659649 133672 144706 505018 938435 765699 434988 396019 271988 534919 862139 879685 469263 881683 507705 326511 425876 825612 691072 336933 712023 576802 700865 547528 423693 830423 481426 316883 859989 106004 699746 806423 793352 797024 711979 493431 317605 513890 590533 121680 161915 430583 302439 783425 750919 664016 798647 436731 696960 747154 665662 639894 702279 443326 389291 612561 377127 463853 488433
601125 700990 516439 339534 625479 156711 584864 645056 999999999 673813 221730 703064 427344 539797 281917 216462 548910 428946 678224 372448 272614 476097 331275 666510 443259 539922 466652 566113 728916 758146 645102 414622 659068 841272 114767 436023 37820 695549 716676 495517 777353 363984 733337 523076 148400 582186 222098 522297 819084 673127 412030 713188 297949 438622 408990 667311 463189 767447 467081 751916 517396 145797 172949 110077 131642 455609 661248 179145 644105 426119 666397 210449 591741 429295 646571 736274 197855 714086 504534 76600 625823 530969 479187 432909 233628 144875 157032 719109 259923 267907 225030 676613 21112 137463 910026 413427 376671 364445 737686 314469
1088388 827846 180967 434942 394140 573103 605289 287545 673813 999999999 635001 588555 739640 254224 823274 844221 202289 996656 670624 607686 591300 1003862 896315 200051 353057 981915 227134 551421 56813 368026 598010 332663 206058 670770 568954 814622 709102 1165778 124399 959416 697530 825109 408740 234309 572365 1113334 709057 232318 683132 555951 731060 1090928 958552 679097 1010937 774454 547541 711824 991383 953630 579336 786436 540061 762936 625521 641630 1052053 495427 594016 1002446 186437 803394 1014091 954210 1020953 969007 479300 43421 740816 648040 403283 202611 656270 241334 872570 809786 753979 1039624 414953 822640 844491 916599 677798 673694 724738 590910 788821 553559 745083 399940
821442 890814 455569 208856 717372 105528 740827 701980 221730 635001 999999999 839110 631144 587453 188506 426067 575609 643174 837967 550140 65337 694990 549633 693603 525006 761551 407892 710006 691650 824220 791610 311985 688725 975796 169230 650801 223559 915966 638604 717245 928822 584212 815480 560365 310489 798317 74900 428730 960404 804950 615666 934035 472226 628675 614743 851141 615867 923760 686510 956456 674099 357636 130604 320537 326756 634940 882200 246299 789728 638565 689114 429928 813217 649408 866580 944541 215763 667976 700768 283116 720443 554540 659691 420948 435639 336072 378328 936454 265637 489143 437085 883723 242574 93915 1045568 582970 592576 525504 905841 235779
720673 285470 624221 750216 194848 734177 138212 302791 703064 588555 839110 999999999 398918 357540 976021 721086 409170 739187 110160 350344 841905 702119 677754 395132 337429 609522 620339 137780 599142 278253 69834 706249 387075 138404 677400 473394 736398 763264 712088 615219 110700 549008 215948 390267 556718 780665 885670 698271 121939 36938 404040 633455 847861 334048 788816 240384 242023 123275 690838 418428 195503 708575 709161 713222 575316 290356 614571 592896 68472 752548 408489 663887 613529 669087 580207 447571 626068 620189 332281 630072 185872 422000 278339 531594 751790 758688 651212 555205 591821 633916 711131 414884 689523 805631 207793 303855 495134 341074 166390 678643
358683 281761 668814 648048 449868 534248 261436 538821 427344 739640 631144 398918 999999999 496221 704642 353167 541512 340590 321827 133143 663634 309409 282866 613353 386900 246818 635937 283596 777759 598911 329090 662643 603306 517031 466695 82060 447779 428205 838833 234848 424923 151112 545823 507895 325642 401829 647615 720068 483181 386537 15482 358708 469334 71207 390287 259133 212755 405795 297415 325683 220198 365683 525450 384958 304756 119126 315326 423147 330629 353734 621806 299209 274683 271930 286543 313833 470693 782139 85865 353432 443803 537669 122673 550235 380190 418555 309983 327609 480902 252611 340397 252727 407434 561320 575833 151813 97529 187531 354335 584938
852036 575663 268279 439974 169269 495290 353193 114712 539797 254224 587453 357540 496221 999999999 760427 663645 53963 782956 425472 368352 567751 779359 688781 131842 116693 742204 271221 299346 284468 237570 353583 371483 123014 465116 461818 574711 577611 924425 369877 724315 468175 598882 239009 34513 405312 884862 651740 343615 467572 321806 489333 840784 788866 431764 807598 522227 295415 478143 766738 699936 325123 618075 462964 603558 451645 391488 803813 371038 349745 790995 135648 614428 770434 731862 771901 714825 380308 293922 489461 490340 176873 64460 404493 192805 694605 653475 573816 786694 322491 619452 660429 662435 536302 589924 528806 344789 556675 316439 502145 374777
813172 981677 644064 395707 876220 265338 863456 873626 281917 823274 188506 976021 704642 760427 999999999 412675 754027 619275 958099 653950 240734 683980 544924 873285 684973 777732 596236 840933 879970 994025 921331 499614 867763 1114381 305130 702711 257106 905779 825708 730628 1055626 619105 979309 735845 420660 772753 114253 615794 1094493 944242 689604 955719 403738 720109 574076 948981 739961 1046869 678360 1025772 795765 360625 298246 330146 413281 737449 903958 396452 920046 610395 869731 440718 830790 646612 895111 1007004 380212 856470 784354 358516 878142 733394 761090 604624 408102 316739 405012 975624 439255 504192 426870 948945 299971 173441 1183790 693966 642946 642584 1019069 423549
403509 631135 705175 554137 701467 373151 585860 751872 216462 844221 426067 721086 353167 663645 412675 999999999 687338 217386 664277 372071 483485 274437 132310 795476 550833 366188 657487 586885 896102 848853 653831 621853 786630 851915 325959 320502 203440 497429 904612 318863 768528 225889 810416 656426 271861 373024 403022 722669 821954 699157 341213 544228 129656 398096 192529 612176 485994 752080 267654 644523 525725 70668 388221 107178 218865 434589 492798 361787 654180 212503 798583 57200 419152 234310 486263 619276 395656 886665 438992 202522 698988 673201 451946 605704 31843 96827 90793 570723 448782 104791 14790 566228 199901 333009 915676 418553 265765 395013 705575 521978
894853 629415 221250 413926 217741 489006 407025 141654 548910 202289 575609 409170 541512 53963 754027 687338 999999999 817605 479226 411391 550319 817698 721084 119715 155516 786234 230481 353204 236319 261680 407209 336886 113765 512395 462368 618576 586494 969301 316199 766475 519870 637381 274163 33884 422158 924796 642971 297322 516801 373850 533829 889702 810035 478894 838957 575984 345392 530540 805101 753184 377564 637804 455832 620539 471359 440173 851714 374203 403351 824923 117911 640398 816170 769333 820206 767540 376667 243068 538985 505604 225913 21394 454266 163096 717696 669990 596757 837402 314990 650016 685161 714586 547461 586636 574492 391105 597311 358191 555747 352929
196978 566670 879022 758886 775874 584705 602010 850462 428946 996656 643174 739187 340590 782956 619275 217386 817605 999999999 655979 429496 699586 74270 104075 911592 666284 203674 834686 622068 1043965 927039 669411 816114 901918 852742 531316 267574 419918 287204 1073034 163256 755782 194594 878105 784286 443630 155814 619555 907647 817019 727048 336946 367044 234371 408655 66659 566323 538455 734003 75536 535341 557868 285773 596061 322918 391364 455789 320502 548365 671047 15897 917465 221281 249287 73754 326072 501041 588963 1040027 411343 397101 771035 807549 462856 769278 213112 311754 278018 417971 633035 178938 206091 461946 410412 550341 907627 468752 247022 473355 674283 718554
620437 176078 682692 775713 280331 732502 97351 392673 678224 670624 837967 110160 321827 425472 958099 664277 479226 655979 999999999 307875 849257 612606 604693 485486 376711 511444 671490 138615 687279 384949 72615 745533 476634 196785 670705 388436 708478 658132 791834 521642 104262 472581 322501 455067 538444 684060 876651 753605 161528 126291 330040 524689 786724 266438 709934 130253 222102 89665 601943 309466 163980 661682 711204 671665 546922 231392 507712 593745 76614 670157 498287 607690 511140 583821 473495 337671 632538 705365 244653 602416 271090 488534 212434 579426 693590 713707 603673 445379 608627 569716 652922 305004 662320 793033 254029 264916 419306 315977 77776 703938
483779 341483 536791 535266 347087 447036 219111 422812 372448 607686 550140 350344 133143 368352 653950 372071 411391 429496 307875 999999999 572651 415528 347836 490525 255997 374892 505348 214874 647112 498288 284952 539249 480578 484301 380985 207261 401387 558316 705742 355979 409675 236976 451718 377577 240585 517941 579688 590089 457246 327201 123518 491069 500333 87738 466136 301045 115081 397527 402954 422449 155042 358650 431873 365452 240811 84959 448389 319637 284861 439911 497968 314975 406542 370581 419194 420088 365231 650408 163870 296046 342681 406420 109602 418227 403237 409443 301053 454160 364116 292073 362870 359138 355684 494090 550470 46572 190204 54430 365239 468441
873626 914084 410458 157356 707785 129719 751917 682364 272614 591300 65337 841905 663634 567751 240734 483485 550319 699586 849257 572651 999999999 748649 603633 665814 517183 808814 365008 717303 647462 805312 798633 261590 661724 976670 197093 689828 280045 967990 585987 765567 936144 628904 801413 538478 338376 853918 133147 376364 963789 806739 648249 978680 535602 654733 673966 872013 627946 932922 739690 986978 686492 413899 140794 376785 363108 656477 927165 256461 796463 695718 660219 482980 859721 701881 909920 977410 216974 622045 728730 325539 711634 528971 681313 390451 494974 396201 429404 976415 253654 540124 493794 916156 292644 155973 1046226 601744 632912 542664 919723 199461
129302 509574 897250 796042 756291 628957 567319 838162 476097 1003862 694990 702119 309409 779359 683980 274437 817698 74270 612606 415528 748649 999999999 145368 904959 663536 132580 855032 592871 1048773 906562 632918 845892 895090 808942 571497 229733 471665 222992 1086989 97812 709416 180487 854695 783952 469778 112411 676869 931348 772021 693210 308995 292803 307272 380202 139889 514212 517570 686467 12623 468324 529607 338484 637109 375194 420248 428181 246323 577820 634915 88992 911815 265669 175710 51035 252857 432659 621050 1047269 370166 434804 750735 809407 431522 784009 275878 371056 320157 344925 659666 211447 261440 397140 456402 603689 860742 450145 225634 464087 624053 750695
273042 541321 775627 656495 694349 485316 539548 762146 331275 896315 549633 677754 282866 688781 544924 132310 721084 104075 604693 347836 603633 145368 999999999 818865 572216 235975 730988 552471 944552 845352 608170 712230 809359 799548 429795 226065 326302 367450 970420 188610 707644 132899 799554 688135 339625 251493 532340 803620 766013 661598 275231 413510 202190 343746 119537 531364 461169 688040 137246 535055 488338 193407 495012 229948 287289 388102 362537 444354 609305 107008 824066 120955 288585 102196 358306 505971 485253 939610 363737 294383 690231 710106 399548 666779 140570 228939 176680 445532 528960 75075 118384 457586 311869 458373 858694 390659 185441 386388 633773 614937
971677 651783 302269 523976 205168 608467 432859 92931 666510 200051 693603 395132 613353 131842 873285 795476 119715 911592 485486 490525 665814 904959 818865 999999999 247024 860164 325871 380578 204092 173230 413593 438404 10064 470874 581923 693828 704220 1040105 324201 845400 501993 724838 208915 143452 535587 1008466 761799 376010 484199 364804 607994 946251 920501 545676 937976 599175 404092 517973 892343 782137 421439 749390 575206 734111 582830 501966 912641 493264 409537 920077 13679 746216 884872 858397 879703 802053 496380 226800 595777 620148 214402 139955 511285 275509 826412 783906 705590 885476 434518 750314 792267 754365 664211 706318 524816 461799 680509 440875 556773 466921
739337 503824 312370 413650 192472 424787 288961 204071 443259 353057 525006 337429 386900 116693 684973 550833 155516 666284 376711 255997 517183 663536 572216 247024 999999999 630888 295917 238955 391154 314968 310928 370725 237702 465428 380225 463247 480843 814176 457349 610976 442399 483062 294503 121653 301189 769871 582124 379619 457890 300659 378792 738530 677544 326223 691152 451329 200748 445991 650921 619520 243722 508607 395167 496838 343560 290368 699081 288551 307726 674302 251869 500306 661550 615705 668174 629565 309680 395340 390213 386669 195440 150773 306907 203242 582121 546896 461889 690382 263529 503299 546938 573675 437083 511706 534009 237957 442053 202675 454269 342519
113541 389146 896767 832447 691887 682447 481724 784695 539922 981915 761551 609522 246818 742204 777732 366188 786234 203674 511444 374892 808814 132580 235975 860164 630888 999999999 859155 515989 1021991 838153 542603 867553 850115 704445 619153 167658 543978 184178 1076098 47392 602140 182770 782125 752443 496846 172985 754808 940333 666104 606062 252891 178072 426783 315436 270332 401110 458184 577713 128409 336918 456542 418904 684396 452756 455124 361441 126657 605814 545156 219305 868618 339234 53060 141852 124416 300511 652324 1024823 281852 483991 685218 781231 357682 779389 376544 461049 384843 215268 679829 276209 351651 268059 518998 675151 751294 398549 199066 428584 512067 778640
956004 797256 50306 210290 439657 350364 584871 371822 466652 227134 407892 620339 635937 271221 596236 657487 230481 834686 671490 505348 365008 855032 730988 325871 295917 859155 999999999 534585 283759 489087 603596 113896 324630 735166 355411 698925 499394 1041747 250026 828508 729489 685443 504642 236708 392123 967287 482058 85537 735285 583597 623964 994385 761252 589897 837911 745435 488027 736077 843125 907461 536950 593506 318205 565394 445587 564747 949391 296075 600155 837843 317049 624768 899319 804045 921990 913444 268819 260796 662535 455266 446775 211270 585427 92929 683013 608820 570721 959252 209378 655915 660343 854876 474127 450025 799711 505793 660106 453078 749233 173415
629443 276507 547979 638185 184304 604564 53897 291642 566113 551421 710006 137780 283596 299346 840933 586885 353204 622068 138615 214874 717303 592871 552471 380578 238955 515989 534585 999999999 574599 323329 81604 606945 370915 275337 545434 363671 599077 684587 669161 513491 219002 428299 266180 326041 420670 681249 753306 617544 253568 112340 285470 573877 714798 213630 667110 223082 104257 216131 580948 403270 64326 571797 581305 575714 437749 166282 545443 464012 79780 634452 392117 529748 529744 555115 511417 421660 500353 588959 234834 492648 176242 359900 161457 442117 617959 621515 514709 507516 472701 503518 577491 374074 552230 671850 343914 168341 375125 203312 215664 566333
1129869 849718 237004 490817 407465 629816 628102 296454 728916 56813 691650 599142 777759 284468 879970 896102 236319 1043965 687279 647112 647462 1048773 944552 204092 391154 1021991 283759 574599 999999999 359561 614906 388001 212074 671063 624926 854373 764452 1205327 136223 1001169 706020 869203 406775 269865 624442 1157349 765767 284247 686552 568360 769906 1125183 1011821 715104 1060137 796578 579882 722055 1036237 977868 607484 839396 596733 816606 677245 675741 1087764 550187 610865 1050203 190667 854143 1052437 999557 1056069 995217 535176 34474 773926 701399 416720 240876 688961 296033 924815 863837 805613 1070748 470650 871401 895972 944560 732468 730437 721247 627407 831178 593499 759805 456708
951694 560792 471187 674631 151219 729879 365184 122996 758146 368026 824220 278253 598911 237570 994025 848853 261680 927039 384949 498288 805312 906562 845352 173230 314968 838153 489087 323329 359561 999999999 321423 598115 170696 316961 691596 680762 795667 1007887 489825 832845 370575 732968 62464 267564 614492 1000434 887094 546282 338125 259115 597881 892973 978074 527710 964189 512309 389321 391586 894260 694271 381651 814544 698180 806492 653382 479907 867201 599761 317667 937874 185742 794641 853062 864971 832959 721013 614171 387937 557984 699567 156073 282636 480794 424196 880668 856321 763661 821057 558703 784858 842813 682502 751528 821907 362567 458364 682509 459990 444092 611303
654470 241795 613024 716806 208467 686164 68741 320939 645102 598010 791610 69834 329090 353583 921331 653831 407209 669411 72615 284952 798633 632918 608170 413593 310928 542603 603596 81604 614906 321423 999999999 681417 404637 199366 626875 403896 677396 700138 719287 546895 137516 479202 259523 383684 500756 712965 834624 684790 174089 65160 334232 575405 779934 264424 718997 191526 181915 136295 621560 374841 130178 643596 662877 649725 515627 221331 553577 545606 4056 682742 426286 596661 548713 599450 519151 399999 581727 632800 263577 570852 199259 416982 208653 512198 684303 694318 585940 500613 552890 565255 643587 361367 630654 752851 266251 238872 425324 280876 148564 644924
956233 855485 152349 104284 535640 275550 653749 478352 414622 332663 311985 706249 662643 371483 499614 621853 336886 816114 745533 539249 261590 845892 712230 438404 370725 867553 113896 606945 388001 598115 681417 999999999 436659 828087 299872 716131 442434 1045950 326703 832337 812809 687362 609331 337475 376289 958005 386873 117140 824721 669315 649161 1015807 712440 626721 810326 805630 545032 816715 834653 956352 598919 553575 247724 521382 426001 609222 968118 268263 678283 817132 430036 597823 911824 795084 943376 957775 227548 361321 702205 421631 541953 316437 631982 179141 643896 559493 541418 990162 187878 638272 627115 897431 426414 368971 894532 549147 670359 491500 822485 100270
961644 642478 302463 520994 196308 602771 423292 84436 659068 206058 688725 387075 603306 123014 867763 786630 113765 901918 476634 480578 661724 895090 809359 10064 237702 850115 324630 370915 212074 170696 404637 436659 999999999 464719 575392 683799 696804 1030042 330392 835395 494336 714999 203809 136042 527407 998517 756544 376740 477431 356424 597964 936259 911853 535614 928508 589814 394030 510045 882476 772683 411500 740901 569586 725879 574384 491905 902607 486400 400582 910445 21653 737195 874809 848578 869678 792451 490260 233990 585747 612096 205554 134414 501242 271745 817610 775713 696830 875597 428755 740946 783335 744624 656557 700311 519389 451764 670587 431014 548221 463110
811068 335763 732984 878932 295859 871168 266230 385617 841272 670770 975796 138404 517031 465116 1114381 851915 512395 852742 196785 484301 976670 808942 799548 470874 465428 704445 735166 275337 671063 316961 199366 828087 464719 999999999 815183 585179 874400 841443 795050 717001 104000 668114 264366 499382 695102 877420 1023451 808627 39850 170957 524332 698042 976960 457658 906289 306999 379210 130256 798399 456111 329507 842926 845541 848997 713067 417642 688279 729849 199595 866882 484538 794830 699991 780603 654882 492391 761802 696685 441400 767983 288472 528296 402108 650280 882083 893683 785229 612512 724929 761004 841331 475434 827545 943798 69781 438233 614537 478451 199521 807939
691884 721938 405569 228467 571110 67558 573881 572932 114767 568954 169230 677400 466695 461818 305130 325959 462368 531316 670705 380985 197093 571497 429795 581923 380225 619153 355411 545434 624926 691596 626875 299872 575392 815183 999999999 493657 144540 785336 605025 577648 763482 437215 674719 440298 142326 680943 208275 408055 797737 644306 451288 785566 412691 460406 517513 681942 448843 757375 561450 790698 506726 256142 65776 222465 167066 465739 734470 91892 625196 530150 580129 310036 668884 522427 715859 780521 89860 607978 533379 137040 573012 442880 490502 330782 345873 259641 253381 780276 154734 360064 332800 719331 127196 131689 884903 413875 437538 356811 737507 199702
277867 315801 734543 691568 531903 560314 337743 620427 436023 814622 650801 473394 82060 574711 702711 320502 618576 267574 388436 207261 689828 229733 226065 693828 463247 167658 698925 363671 854373 680762 403896 716131 683799 585179 493657 999999999 450212 351163 910360 152836 488819 96224 627244 584788 358678 319803 658050 781650 549608 463589 85836 299906 423981 153119 322546 305696 294699 467616 218082 326157 300986 348277 556191 374019 326774 200855 252061 463750 405771 281726 702005 272841 201313 196000 227713 304621 511385 857452 143783 367799 525800 613659 202215 616419 343340 399352 298194 286631 530303 215731 306376 248131 415133 573230 640658 232072 59837 261101 410167 632495
598708 724700 549413 362314 662324 175344 616114 682812 37820 709102 223559 736398 447779 577611 257106 203440 586494 419918 708478 401387 280045 471665 326302 704220 480843 543978 499394 599077 764452 795667 677396 442434 696804 874400 144540 450212 999999999 693240 749253 498488 808524 372778 770398 560798 184315 574833 211166 552311 851479 707002 432675 719400 271114 463796 394508 692762 495621 797931 463384 770327 548902 134173 196581 97035 161912 483384 667337 215575 676516 415749 704041 207519 596438 426726 654444 753009 231233 749047 527261 106548 662542 568458 506508 468601 216131 120494 159287 729907 294455 268554 213896 694116 46888 132306 942893 443580 390429 396521 766259 342835
94537 508284 1080077 1005121 865132 845550 644896 962068 695549 1165778 915966 763264 428205 924425 905779 497429 969301 287204 658132 558316 967990 222992 367450 1040105 814176 184178 1041747 684587 1205327 1007887 700138 1045950 1030042 841443 785336 351163 693240 999999999 1260258 213848 737446 358659 949761 935577 671633 143905 899664 1122164 801838 765071 435472 160607 517960 494449 340871 534905 636373 711385 230242 413870 628635 560856 851099 597310 626325 538635 153964 781011 703144 297550 1048985 486048 155680 266571 186660 372739 826483 1208615 450575 648383 857959 964729 531827 963010 498018 594015 538595 249238 858090 427905 484397 369599 675355 825497 879352 579838 382083 612261 642522 954611
1179220 945539 200493 430048 517377 595230 723033 411835 716676 124399 638604 712088 838833 369877 825708 904612 316199 1073034 791834 705742 585987 1086989 970420 324201 457349 1076098 250026 669161 136223 489825 719287 326703 330392 795050 605025 910360 749253 1260258 999999999 1050264 821406 911440 532513 345415 635498 1198211 713459 209935 807527 679047 829045 1194612 1010828 782144 1080958 892103 656645 835307 1074729 1069148 692734 842023 564323 814733 689334 747686 1153643 544740 715327 1077389 310551 869124 1111386 1036469 1123575 1082695 518845 103563 847558 703257 526458 311894 764084 303765 930964 858654 816442 1147712 458679 895593 906707 1028675 724045 692617 848483 693973 879436 651320 867021 414966
129067 412248 867507 793757 684484 640075 483333 773076 495517 959416 717245 615219 234848 724315 730628 318863 766475 163256 521642 355979 765567 97812 188610 845400 610976 47392 828508 513491 1001169 832845 546895 832337 835395 717001 577648 152836 498488 213848 1050264 999999999 616232 144986 778526 732596 458991 167793 709027 908531 679460 608925 238162 225365 380931 305687 229531 418652 447535 592697 90560 372311 451929 372282 643154 406472 415317 353148 174044 568312 549165 179131 853279 292863 100289 96614 170682 337785 614266 1002567 283406 441656 678269 760329 352649 751025 329179 413906 339655 260310 644460 230177 304349 299917 474696 630036 766945 384173 170916 408359 529064 741717
707860 232370 734440 852297 304876 823335 192489 410580 777353 697530 928822 110700 424923 468175 1055626 768528 519870 755782 104262 409675 936144 709416 707644 501993 442399 602140 729489 219002 706020 370575 137516 812809 494336 104000 763482 488819 808524 737446 821406 616232 999999999 575158 310502 500764 635046 775105 970858 808186 64480 146541 433614 594510 890896 370686 811174 203200 315874 26746 699165 355872 260026 765280 800295 774545 646651 335195 584291 682964 139703 770248 515510 711916 596504 682990 550882 390922 719244 728150 345494 702125 296020 532632 316638 639880 797851 817130 707277 509576 689808 673827 757184 371802 762069 888426 151855 365486 522206 413223 95923 780462
270653 411645 725504 649811 581914 501367 410989 659649 363984 825109 584212 549008 151112 598882 619105 225889 637381 194594 472581 236976 628904 180487 132899 724838 483062 182770 685443 428299 869203 732968 479202 687362 714999 668114 437215 96224 372778 358659 911440 144986 575158 999999999 683572 603604 314454 288242 583556 764650 634054 534898 144970 349972 327972 215747 239845 399247 344010 555308 167869 418683 363996 259915 502191 288964 272418 262137 298309 423655 480569 206387 731545 181563 231683 133770 282591 394214 469888 868472 230842 303377 576904 629374 270928 610092 247616 309140 215029 357476 499486 121337 211511 340386 342877 501039 726446 274615 53881 284037 500909 596904
895603 498385 492598 678621 109575 717663 305553 133672 733337 408740 815480 215948 545823 239009 979309 810416 274163 878105 322501 451718 801413 854695 799554 208915 294503 782125 504642 266180 406775 62464 259523 609331 203809 264366 674719 627244 770398 949761 532513 778526 310502 683572 999999999 272264 587045 946302 875241 568653 281970 196774 545702 832513 940026 474701 917637 450085 339708 330751 842514 631859 326597 780023 687064 774401 622462 426718 807668 582991 255815 889431 222428 755193 795415 814368 773354 658786 601932 432910 500939 671044 111447 293663 425888 431487 842255 823809 727394 759706 550350 741610 803586 620826 725200 806140 316004 409815 632149 417295 382001 612295
860988 601445 234505 407827 203527 470508 379622 144706 523076 234309 560365 390267 507895 34513 735845 656426 33884 784286 455067 377577 538478 783952 688135 143452 121653 752443 236708 326041 269865 267564 383684 337475 136042 499382 440298 584788 560798 935577 345415 732596 500764 603604 272264 999999999 393169 890954 626018 309571 501382 354251 500115 856879 779944 445654 806218 548069 313325 510110 771352 723831 347339 608082 437746 591737 441483 407429 818569 350698 379911 791717 144043 608835 782572 735659 787187 737349 356540 275687 506515 477303 210997 33871 421970 159223 686975 641390 566008 805432 296768 617380 653955 683771 520786 566668 563248 357733 563433 324326 532164 343746
580789 580399 437921 335783 478530 209660 443089 505018 148400 572365 310489 556718 325642 405312 420660 271861 422158 443630 538444 240585 338376 469778 339625 535587 301189 496846 392123 420670 624442 614492 500756 376289 527407 695102 142326 358678 184315 671633 635498 458991 635046 314454 587045 393169 999999999 582030 339744 464024 674199 526018 310333 655768 389212 318258 446035 541495 319303 626749 458451 648658 375390 216415 199860 198576 53839 325543 605722 109379 499526 446174 537104 233626 543957 418897 584633 639209 155478 614809 391054 85517 478544 406406 350147 334364 300375 248319 181884 644180 190072 264704 272484 577891 138351 254946 764216 276435 305606 222472 602026 283001
80443 559510 1009281 906694 851697 736780 650331 938435 582186 1113334 798317 780665 401829 884862 772753 373024 924796 155814 684060 517941 853918 112411 251493 1008466 769871 172985 967287 681249 1157349 1000434 712965 958005 998517 877420 680943 319803 574833 143905 1198211 167793 775105 288242 946302 890954 582030 999999999 775364 1043751 839088 775619 404127 268938 377842 472918 200762 573733 614040 750613 124171 492743 619707 440686 746318 477804 532154 520575 236491 689833 715360 162798 1015848 372330 187555 163443 257266 453237 732709 1156704 450068 544814 845602 917260 520436 895599 368605 467545 428144 343642 771983 321700 361394 431539 563074 705771 924029 549145 328241 568517 684673 862437
805351 916454 530043 283577 774423 157583 780321 765699 222098 709057 74900 885670 647615 651740 114253 403022 642971 619555 876651 579688 133147 676869 532340 761799 582124 754808 482058 753306 765767 887094 834624 386873 756544 1023451 208275 658050 211166 899664 713459 709027 970858 583556 875241 626018 339744 775364 999999999 503562 1005912 852559 632199 930541 429835 653158 584469 879730 655465 964072 669434 972963 712846 339146 188924 303358 344650 664530 878474 295863 833018 613264 757855 416689 807390 634085 865540 958069 273394 742427 722229 294186 776917 622135 688932 491411 407362 307845 370414 940154 329360 478857 415554 898167 242923 86457 1093175 616148 598595 561132 941571 309296
1035283 882116 76172 220114 512854 390265 668436 434988 522297 232318 428730 698271 720068 343615 615794 722669 297322 907647 753605 590089 376364 931348 803620 376010 379619 940333 85537 617544 284247 546282 684790 117140 376740 808627 408055 781650 552311 1122164 209935 908531 808186 764650 568653 309571 464024 1043751 503562 999999999 810909 661792 707863 1078181 819901 675025 907247 830116 573319 815850 919633 992922 621714 656334 360915 625999 516539 650242 1032723 361781 681262 909991 365260 693741 981441 880313 1005719 998981 327680 254406 747899 520319 520484 280440 670961 177789 746586 666715 638435 1044169 275333 728728 726663 940394 532237 485426 871579 591218 741313 538132 831380 210715
772197 295916 735829 871287 299062 855309 238156 396019 819084 683132 960404 121939 483181 467572 1094493 821954 516801 817019 161528 457246 963789 772021 766013 484199 457890 666104 735285 253568 686552 338125 174089 824721 477431 39850 797737 549608 851479 801838 807527 679460 64480 634054 281970 501382 674199 839088 1005912 810909 999999999 157834 491058 658196 945968 425757 871405 267676 355921 90501 761615 416665 303588 815286 830649 822644 689716 387376 648592 714117 174987 831310 497872 765018 660925 744563 615244 452737 747805 710904 405889 744936 290990 531571 370636 648361 851796 866526 757411 572681 713722 729421 811051 435600 804727 925087 93724 411728 580698 454960 159712 799847
718331 301727 587922 713675 161819 700244 125905 271988 673127 555951 804950 36938 386537 321806 944242 699157 373850 727048 126291 327201 806739 693210 661598 364804 300659 606062 583597 112340 568360 259115 65160 669315 356424 170957 644306 463589 707002 765071 679047 608925 146541 534898 196774 354251 526018 775619 852559 661792 157834 999999999 390361 640412 826895 319153 774597 253393 215587 156911 681651 435207 174370 683827 674784 687058 546611 273545 618733 558924 61982 739988 377981 642003 613256 658189 584307 462063 591304 588489 325598 600969 152669 386243 264249 494709 730182 733259 626871 564984 556050 614759 689675 425341 660116 773210 240731 280653 481197 313638 192402 642158
363691 295750 657435 633529 448143 518839 266057 534919 412030 731060 615666 404040 15482 489333 689604 341213 533829 336946 330040 123518 648249 308995 275231 607994 378792 252891 623964 285470 769906 597881 334232 649161 597964 524332 451288 85836 432675 435472 829045 238162 433614 144970 545702 500115 310333 404127 632199 707863 491058 390361 999999999 370423 458867 71839 384788 271762 209945 415056 296816 341155 221523 352029 510164 370722 289275 119528 326170 408288 335605 349688 616191 286714 283058 269723 298065 329258 455874 773704 98713 338020 442323 529466 126140 538899 368698 404950 295999 341420 466832 241774 328667 268179 392162 545892 584033 146243 91095 177905 365048 570749
189699 362281 1027508 990481 758058 850613 528080 862139 713188 1090928 934035 633455 358708 840784 955719 544228 889702 367044 524689 491069 978680 292803 413510 946251 738530 178072 994385 573877 1125183 892973 575405 1015807 936259 698042 785566 299906 719400 160607 1194612 225365 594510 349972 832513 856879 655768 268938 930541 1078181 658196 640412 370423 999999999 598677 412532 431680 396225 545564 567939 293263 256279 525337 596387 849814 629711 619057 449537 52071 762530 578805 381419 956418 516463 125077 315866 72535 215356 809986 1132565 351542 653160 750100 888339 436585 908924 553960 639084 560128 90024 830209 453128 529709 222737 692122 849588 730827 500798 350162 545023 498620 932273
430603 739617 810356 633217 831017 445572 711566 879685 297949 958552 472226 847861 469334 788866 403738 129656 810035 234371 786724 500333 535602 307272 202190 920501 677544 426783 761252 714798 1011821 978074 779934 712440 911853 976960 412691 423981 271114 517960 1010828 380931 890896 327972 940026 779944 389212 377842 429835 819901 945968 826895 458867 598677 999999999 520411 177291 725695 614758 873329 305622 737222 652932 172828 467688 196296 338696 559353 550168 466452 780452 221885 923056 185846 476885 284936 551188 707766 493347 1000286 554082 310512 828590 794984 575332 717825 97855 153196 215712 641222 552149 217223 137564 659775 287800 379651 1039586 546647 375689 524585 823665 612368
428164 263296 619455 622547 378819 527384 195836 469263 438622 679097 628675 334048 71207 431764 720109 398096 478894 408655 266438 87738 654733 380202 343746 545676 326223 315436 589897 213630 715104 527710 264424 626721 535614 457658 460406 153119 463796 494449 782144 305687 370686 215747 474701 445654 318258 472918 653158 675025 425757 319153 71839 412532 520411 999999999 455474 228966 142756 353987 368118 335623 149727 399622 514307 413453 309073 47992 372974 404506 265584 421264 554542 341779 339431 341529 341953 332404 450802 721089 76259 362307 372684 476519 55843 501215 427205 452339 341926 369692 451683 303666 386571 271406 420146 566837 519279 88295 162102 136942 309937 556057
255302 628430 883955 745953 813074 565671 650831 881683 408990 1010937 614743 788816 390287 807598 574076 192529 838957 66659 709934 466136 673966 139889 119537 937976 691152 270332 837911 667110 1060137 964189 718997 810326 928508 906289 517513 322546 394508 340871 1080958 229531 811174 239845 917637 806218 446035 200762 584469 907247 871405 774597 384788 431680 177291 455474 999999999 625589 578482 790152 142094 601133 602795 263194 580458 299433 392379 501390 386058 545561 720391 51106 943019 213512 315510 136718 392481 567223 582935 1054089 465712 388703 808796 827477 510766 778170 179119 278813 269150 484453 631948 189079 184738 527121 392252 520938 962952 508055 293698 505750 732159 711123
505103 53437 763680 820373 395872 747681 169189 507705 667311 774454 851141 240384 259133 522227 948981 612176 575984 566323 130253 301045 872013 514212 531364 599175 451329 401110 745435 223082 796578 512309 191526 805630 589814 306999 681942 305696 692762 534905 892103 418652 203200 399247 450085 548069 541495 573733 879730 830116 267676 253393 271762 396225 725695 228966 625589 999999999 260598 177746 504717 183775 208505 623039 731301 639718 537024 216203 382423 616634 195426 581436 611321 558320 393454 492641 348658 208705 660270 811716 173270 590854 386884 581932 191456 652539 638744 675999 566260 315413 648678 510500 599245 175059 649011 793712 350321 270548 350007 330305 110958 750151
