NAME : synthetic_000662
TYPE : CTSP-D
DIMENSION : 100
GROUPS : 8
RELAXATION_LEVEL : 1
EDGE_WEIGHT_TYPE : EXPLICIT
EDGE_WEIGHT_FORMAT : FULL_MATRIX
EDGE_WEIGHT_SECTION
999999999 219735 537329 177986 243502 208485 696585 468238 501930 181917 610183 418194 745279 467527 436591 257172 105984 182501 260533 531976 527935 538142 82626 346240 687326 146716 484252 571749 673206 753599 672675 442075 366248 763841 647099 265249 564099 793817 291075 402664 632858 611508 355106 586418 573163 671614 577529 393489 763740 479224 531304 337200 272717 373387 297503 658662 348323 379503 190194 685499 468584 425736 550503 484745 233309 485814 372413 705003 184673 333530 540803 350896 488285 464339 558976 516465 243416 318505 520553 248566 373962 9763 687765 249215 464784 433259 671081 758071 425620 502658 600549 678153 636024 327144 59846 390267 588308 383934 577297 745120
219735 999999999 438707 382184 460259 87501 485963 539977 282639 377781 679467 430530 792601 295483 390155 76576 257882 352850 97429 331819 395659 611124 137171 511060 667341 357747 346244 352563 497408 766403 452958 305578 393148 634052 503896 467046 346360 674398 502838 185727 463735 500498 170199 688497 434903 712828 400737 411691 562279 283564 312198 367815 123783 322996 186681 636001 516517 599229 64735 646736 293024 585003 463110 342111 242087 295652 461511 638547 389582 132701 350916 541058 313098 292723 601702 500890 167330 527578 600219 458355 164489 223551 612825 429030 489450 351703 560998 600783 236058 319249 596366 647687 486525 499796 277021 429946 466084 302350 404623 647965
537329 438707 999999999 581786 676360 525981 433773 385708 480826 560790 458358 243363 499246 657024 136353 362720 470496 719226 341288 622193 785286 423653 488944 561223 287600 586136 737704 461682 261766 418931 552016 705045 273163 234532 156065 624932 432942 257628 682858 388127 218895 76769 296024 531596 106950 427113 729152 255367 421949 285409 498245 283891 552762 759370 257565 259101 571659 828328 499839 243917 649788 591481 33882 131341 675362 624255 392300 207393 712803 508376 265866 639856 216952 655620 357931 196094 606018 689811 431116 644438 500559 546725 177634 551728 275019 104936 134041 270787 586497 241136 264146 256280 164249 572401 588259 295328 74297 732502 739881 211628
177986 382184 581786 999999999 95732 385306 830024 382050 662562 24083 511010 393144 654914 645308 455511 398131 134857 254862 393134 706313 703731 442335 250734 189050 654985 36639 661054 724066 770171 690247 829370 619119 340930 816317 717460 87331 712272 836023 122455 553157 725892 658522 482482 462284 644893 590741 755332 368881 883859 604081 692373 317072 450132 537936 393085 630780 187796 249776 364546 668515 646187 266666 584830 568099 395462 661986 287377 708983 191094 505909 657055 174744 595807 642129 486678 498021 419945 145479 420858 77330 543979 180017 699855 90889 420520 479247 712797 834624 601480 615693 562916 655020 712291 164610 148089 347561 646143 554893 755238 771470
243502 460259 676360 95732 999999999 450147 920547 448960 742792 115585 566682 479700 711874 704747 548413 484550 226907 251357 481615 774596 749221 502096 324081 220653 734886 105209 709828 808444 865439 758926 911984 669145 428878 910860 813093 84072 798218 929534 58840 637664 821310 753025 572937 503787 740594 653639 814091 456172 976991 695690 772416 406742 512705 569217 487270 712269 214890 154091 433531 752429 706690 285641 678470 663685 429483 726977 359945 797221 170262 576985 750238 166323 689862 701517 555893 583885 471459 89950 479395 46099 617408 242196 789671 147061 501423 574348 806637 930320 667318 709170 642624 737498 808016 193002 195314 431234 741394 593625 812539 863181
208485 87501 525981 385306 450147 999999999 545126 600527 315544 386381 742543 503160 862127 260892 472311 164054 279516 297690 184735 324540 338314 672404 138228 538247 748627 355140 290732 396409 576639 842945 487211 248246 461584 720472 589534 472592 396015 761408 499403 244106 545159 587987 253516 742081 521397 783136 370801 482608 628729 358640 343026 434541 65455 238834 272098 717460 542192 576179 30964 730350 261259 615721 549980 428816 156913 277352 515441 724752 349481 131576 427118 555072 395081 257760 670515 579973 80680 526990 659489 457049 175376 208450 699504 447502 560637 437382 648462 683721 217300 398640 674601 730282 571473 523058 255918 496388 553384 223832 371554 735452
696585 485963 433773 830024 920547 545126 999999999 790265 258125 817663 885625 638869 932723 475582 529114 439771 695182 837696 439653 379790 598069 841573 616000 894870 710766 815435 566848 170597 204586 846036 172651 557196 643533 420575 325357 903424 156997 474377 951444 302106 228938 417868 347672 947120 330583 860814 480911 639293 103955 227146 244805 637872 518913 688778 445135 685505 903697 1069692 540197 658246 465849 949185 465309 328589 688174 420943 763070 591145 874480 432558 188722 954071 256214 476457 785241 624847 594540 970085 844316 906595 392012 702312 556707 844475 687220 459645 442191 313122 428650 229814 697865 676505 301225 895298 756204 678515 379383 641490 495714 520279
468238 539977 385708 382050 448960 600527 790265 999999999 740471 358550 143289 151408 278164 833013 263016 495851 362331 620697 475003 847120 934621 71951 482442 247221 302301 409197 885510 760998 644156 310003 867110 844121 157569 584700 540877 369160 737281 581717 423598 620338 599158 445506 511547 159969 488773 209194 933344 153204 798929 586085 766936 176393 658176 823729 399859 286795 257037 570842 569869 335523 829498 237405 366317 462207 693216 824030 97456 403757 570230 665901 603047 332773 536954 830440 107244 202927 670595 414425 60883 403965 684284 476836 410096 302502 111084 330935 476942 650927 768399 564480 214784 314742 549914 270963 484462 118462 459281 820577 939145 496372
501930 282639 480826 662562 742792 315544 258125 740471 999999999 656178 864186 600106 948062 223512 513248 271672 533032 613005 284537 148434 352981 805108 419608 772762 764372 639703 315979 89035 376739 888825 172111 301579 582902 581300 452693 745595 102458 633262 784193 121422 368149 506520 228939 899556 413005 868990 259137 590348 357820 197096 29848 566208 274952 430963 341702 734186 779659 881053 320044 724428 213939 840581 514226 349516 442317 172412 683800 682130 663152 188095 241448 813796 266446 223856 770792 629331 349175 807984 800607 739402 143920 505211 649028 700691 658463 447388 554760 501182 170825 246820 720521 735172 427425 765735 557982 622037 462966 383379 272065 646284
181917 377781 560790 24083 115585 386381 817663 358550 656178 999999999 488499 369469 632111 647118 433448 389221 124250 274075 382932 704843 709687 419456 249767 173069 630930 53882 666169 715510 753137 666438 821583 623985 317423 795301 698016 89446 702877 814318 133933 544845 708560 637468 470627 441856 625782 567401 757107 345291 869392 591134 686023 293879 451621 548191 378010 606775 172903 268728 364189 644656 647636 251917 563175 550377 405821 661827 263565 685649 213244 503936 642693 169161 580597 643965 462914 474306 425265 153334 398155 89594 540907 185174 676836 73316 396466 458808 691274 815447 601180 601081 538851 631065 693373 150210 159396 323605 625899 563174 757489 748992
610183 679467 458358 511010 566682 742543 885625 143289 864186 488499 999999999 264107 145194 970230 360646 631142 504200 757176 609414 978383 1074924 72058 625719 349563 272220 541116 1025621 876169 719473 217080 979288 984570 288598 617875 604132 483406 850721 602315 532254 746280 677236 502042 636262 104006 565304 100348 1068319 275648 880308 696802 889297 312064 799168 966973 528714 271913 357431 671386 711769 323791 966294 309524 431446 558895 836368 958462 237786 407503 701738 802832 703640 427400 640688 967750 100614 262431 813454 517172 90860 520636 818657 618601 425098 425110 206120 431112 517907 702703 904258 668302 215219 298559 618287 376577 623502 250321 526327 963372 1074766 511483
418194 430530 243363 393144 479700 503160 638869 151408 600106 369469 264107 999999999 362794 713566 112921 374101 321075 592614 351427 715781 824627 207295 406723 326975 270207 409152 775017 614482 496287 342106 719289 735281 53553 460981 399346 413608 589857 467726 472440 482293 450734 310787 372222 309359 342029 282699 808378 25143 648844 437202 625363 81583 553661 738161 266472 242820 337615 622764 472286 276324 708987 349436 229780 310842 620027 698270 151076 317821 560859 546669 451850 410198 386067 711250 174186 104938 579851 473072 206756 440508 558947 427812 312532 338990 60000 179593 351896 513557 645905 413660 182366 264822 405733 342194 451785 54301 317652 726990 815522 391441
745279 792601 499246 654914 711874 862127 932723 278164 948062 632111 145194 362794 999999999 1075812 434835 736722 639649 898352 713893 1072712 1187331 212686 753459 494411 240088 684229 1137732 948066 748616 121549 1045633 1097820 400590 607674 625588 628585 920795 580223 677076 835272 710965 523244 725839 228170 602711 80282 1168683 380910 911432 766897 970866 427679 915088 1092714 626834 256505 502083 814707 831163 299102 1071021 450523 467415 618005 966497 1058609 375531 385257 845178 909226 761510 570865 704263 1073547 191629 319460 936386 661371 234103 665829 920045 754056 412129 569891 303286 501584 522173 707560 1007589 731044 235275 274737 644347 521544 762621 366198 556390 1085331 1176363 490113
467527 295483 657024 645308 704747 260892 475582 833013 223512 647118 970230 713566 1075812 999999999 651979 339695 538920 511468 362155 109482 132522 903425 398845 797475 923806 614030 92469 305633 596771 1036408 343858 84869 681825 792512 660167 732637 324666 842546 756578 270802 583402 697867 364532 983574 609879 995540 110027 697373 577966 395606 231207 658333 195518 238318 449680 892474 801831 818950 285296 892545 9734 873983 688099 531318 308650 55743 756818 864258 581518 167403 453062 815937 460334 3241 887434 768937 236551 785049 893631 715378 158705 466398 833346 708165 773497 597089 751943 720334 70708 447554 864583 898818 636118 783180 509496 719909 655786 186830 110915 844257
436591 390155 136353 455511 548413 472311 529114 263016 513248 433448 360646 112921 434835 651979 999999999 321829 355651 618501 298315 639805 771588 312589 403590 424879 277287 463749 722253 517325 383519 384474 619076 685011 136898 366045 290328 492539 491188 381320 550981 401286 337873 209750 292893 418093 229899 355795 738975 120757 536128 336879 536325 148215 512997 711142 206173 245898 435322 698403 442800 258948 646256 456366 131133 200536 607885 629497 257354 268455 601344 489358 344054 503915 280162 650000 262293 117687 552524 556381 315342 514127 493676 446317 251883 418568 158178 70505 259254 406667 582058 307808 212703 257974 294837 436311 481306 161416 209546 692504 747594 316856
257172 76576 362720 398131 484550 164054 439771 495851 271672 389221 631142 374101 736722 339695 321829 999999999 265009 412006 23524 353778 452205 565344 178326 501371 598827 379481 402622 326292 429378 703005 432813 364192 342550 558255 428941 478080 314178 598090 520585 155862 393452 423933 101598 649980 359141 656506 437585 357678 507435 223496 301301 319942 192904 397302 115713 567372 508130 631085 140252 575476 335407 570476 387777 266214 317998 328182 425983 564020 438122 172575 287855 542836 243254 337323 547788 435760 243458 542375 556706 475461 188505 263295 537671 429745 433960 278456 484423 528452 273117 252693 531715 577661 412315 494063 316960 380974 389582 373519 443706 571514
105984 257882 470496 134857 226907 279516 695182 362331 533032 124250 504200 321075 639649 538920 355651 265009 999999999 271561 258818 588518 614281 432158 141964 258765 591282 123651 568176 591300 640736 651075 697557 525569 267937 703265 596319 213130 578643 727921 256804 420718 597313 546832 347625 482354 522688 566548 648151 295991 750097 469411 562878 239496 344676 473371 260919 563653 262922 379626 253639 594008 538446 336317 478599 441248 336149 548514 266436 621155 245744 387593 523333 283187 463208 535861 454367 422829 332194 277537 414628 211752 422247 114505 607066 171364 363814 365717 604110 711858 487882 482281 502477 584686 588946 244431 130712 288508 529489 478998 649834 671143
182501 352850 719226 254862 251357 297690 837696 620697 613005 274075 757176 592614 898352 511468 618501 412006 271561 999999999 421641 601205 526617 686395 238842 443112 862818 220205 494073 693880 840105 919525 784216 457382 539496 943713 823936 319486 692378 975041 310119 535734 802149 792847 513587 715738 750408 829145 614716 567542 915028 634033 640070 511032 343461 332576 473876 835047 440955 319146 297976 864312 515886 518915 732911 660030 205904 546701 523272 886713 83896 426482 699663 411459 653681 508283 719405 693765 278760 341123 666319 285407 471001 172911 869994 345740 634502 615479 852734 932088 492939 664580 773963 855716 811329 417578 140864 558967 768290 366023 610022 927552
260533 97429 341288 393134 481615 184735 439653 475003 284537 382932 609414 351427 713893 362155 298315 23524 258818 421641 999999999 373090 475532 544104 184750 488487 575343 376406 425963 334134 418473 679554 441784 387645 320842 540479 412405 471128 320189 579345 515457 165727 381119 403807 94573 629994 341624 633653 458956 335377 503312 218780 313853 298802 216017 419638 92230 543891 495568 630042 159482 552226 357686 556111 365774 248669 336850 349262 407045 541598 443582 195338 280710 532936 232041 359828 525291 412267 264759 536266 535883 470345 209423 267305 515568 420060 411345 255519 464473 514265 295009 243717 508228 554273 396623 482271 320337 359462 370348 396557 465364 550837
531976 331819 622193 706313 774596 324540 379790 847120 148434 704843 978383 715781 1072712 109482 639805 353778 588518 601205 373090 999999999 218744 915150 455599 842839 901247 677919 192303 214962 522642 1021603 236670 193848 691139 729589 601097 793017 238830 781660 822980 239066 516096 652495 347080 1003016 559899 992754 110706 702748 483561 342816 144155 670730 264019 347273 449697 870501 848336 898590 342112 864263 100758 916247 655014 491699 404725 57409 779755 826242 665588 201084 389876 871022 411645 111638 889450 757379 322445 849908 907973 779947 168317 532566 793650 759878 775482 578010 702097 647253 108977 393674 851085 873472 575855 831524 580395 730217 609136 295857 123817 793898
527935 395659 785286 703731 749221 338314 598069 934621 352981 709687 1074924 824627 1187331 132522 771588 452205 614281 526617 475532 218744 999999999 1006096 472542 871244 1046374 669512 49621 430691 728361 1154784 452101 90567 788719 925025 792596 789745 452031 974987 804924 401763 715755 828538 490372 1079538 741528 1107316 137813 806645 701606 527987 357081 763468 276974 201488 566321 1014926 874278 844947 367701 1017588 141354 949908 815691 661414 323140 180596 852471 992679 605541 282298 585521 878149 592213 133114 996935 887208 284558 834999 994441 767222 284727 524535 962325 776505 884049 720296 883303 852221 200478 579905 983178 1022671 768604 853900 558828 825604 786805 160777 124488 975561
538142 611124 423653 442335 502096 672404 841573 71951 805108 419456 72058 207295 212686 903425 312589 565344 432158 686395 544104 915150 1006096 999999999 554166 289201 285624 471551 956923 821717 685174 263298 926562 915631 224020 604216 575310 419780 797153 594862 470973 685851 641363 475760 576326 107984 529594 152086 1002923 214791 843435 644359 830985 245405 729818 895507 466339 277267 297898 613890 641721 329000 899752 260208 400115 513075 764452 893358 165773 406442 632493 736153 656435 370899 591668 900886 82540 229845 742540 458125 23390 456279 753526 546576 418618 358252 154411 382656 499536 680195 838273 619331 209903 305421 586989 315342 551979 184942 495045 892525 1008978 506009
82626 137171 488944 250734 324081 138228 616000 482442 419608 249767 625719 406723 753459 398845 403590 178326 141964 238842 184750 455599 472542 554166 999999999 400348 668986 223374 426244 489152 602319 748395 590129 383634 358697 707894 585911 337456 481743 741507 368884 320348 563687 560212 278601 615351 512709 676596 508580 383487 685746 401743 449062 329867 203655 341381 236801 638958 404121 462117 114464 660225 398886 478235 506097 421653 213894 412063 391702 670033 259801 255252 465191 417682 416119 395736 562969 496936 192384 394933 539086 325112 294128 86997 649622 309338 459574 388015 620798 693284 351413 428463 586916 655822 572785 384854 140914 388905 533080 341429 509635 699916
346240 511060 561223 189050 220653 538247 894870 247221 772762 173069 349563 326975 494411 797475 424879 501371 258765 443112 488487 842839 871244 289201 400348 999999999 547834 225164 825872 819180 792973 551480 927880 783311 288386 786997 713500 136593 801868 794678 182692 653981 746721 633610 561619 283178 647788 441131 906445 309162 929485 669861 802222 278448 603440 718230 452214 529850 10652 325104 512295 575881 796818 79615 553171 590607 576391 805301 178929 635012 373691 643076 709080 86319 642319 794433 353195 420577 587327 168975 265903 174815 674955 351291 634898 99838 326962 473315 678148 830872 744884 666890 457748 557114 715190 27652 331887 272718 633880 730167 908382 716844
687326 667341 287600 654985 734886 748627 710766 302301 764372 630930 272220 270207 240088 923806 277287 598827 591282 862818 575343 901247 1046374 285624 668986 547834 999999999 674623 997303 749215 517901 135876 838800 960876 323465 367647 393042 660621 720526 342025 717719 662937 483721 293596 559879 374133 381494 191522 1005045 295299 679748 571543 783428 351789 790284 987360 483116 31480 557954 867451 718735 59013 917528 537786 253745 417242 879089 897157 376781 145570 829567 764186 552825 633979 503958 922012 204453 172079 828428 711953 306035 692267 765108 697009 172146 588684 234465 326718 284421 468361 853289 528635 92273 35330 413906 570045 721993 308412 331470 969669 1014712 251128
146716 357747 586136 36639 105209 355140 815435 409197 639703 53882 541116 409152 684229 614030 463749 379481 123651 220205 376406 677919 669512 471551 223374 225164 674623 999999999 627368 703949 764296 715404 808075 585622 356089 820295 717236 120236 693345 842189 145512 533061 720729 662872 467886 495719 643981 618351 723987 384416 872816 590884 669423 330671 419422 501861 384544 649483 224180 256210 335808 685420 615206 303124 591260 564157 359420 632396 313079 722148 161092 478350 646197 210133 586666 610833 512309 514008 386379 172008 450552 102035 517495 147668 711411 126161 440542 482306 718530 833543 572099 605387 582975 672987 710768 201063 112160 366250 648176 519559 723514 780567
484252 346244 737704 661054 709828 290732 566848 885510 315979 666169 1025621 775017 1137732 92469 722253 402622 568176 494073 425963 192303 49621 956923 426244 825872 997303 627368 999999999 397431 688519 1105293 428902 42611 739228 881800 748848 747550 416977 931210 764745 356256 674126 782242 442296 1031028 696228 1057710 135773 757072 669631 484285 323095 714057 228455 181230 516853 965845 829150 810609 319698 968958 102054 904243 767842 614842 288553 145918 803882 945065 570925 233121 543505 835032 547363 92222 947377 837745 241110 794509 945417 726146 237414 481291 914966 731993 834453 671434 837589 811771 155747 536041 933720 973809 725180 809064 517626 776182 740818 133759 125985 929748
571749 352563 461682 724066 808444 396409 170597 760998 89035 715510 876169 614482 948066 305633 517325 326292 591300 693880 334134 214962 430691 821717 489152 819180 749215 703949 397431 999999999 313276 878813 108894 386674 604802 527472 405957 804342 29418 580901 846463 170951 313675 474195 258909 920967 378983 870734 321916 608181 272341 181185 74436 591776 360707 519716 372486 720296 826814 951033 397371 704404 295910 882820 495563 332874 529235 251622 714046 653033 739826 273376 200566 866896 245742 306391 779291 628970 435707 868616 819705 801372 230182 575946 618909 754133 670349 447952 515913 437221 258370 220580 715405 717874 380008 814717 629553 643171 430788 471748 336162 604902
673206 497408 261766 770171 865439 576639 204586 644156 376739 753137 719473 496287 748616 596771 383519 429378 640736 840105 418473 522642 728361 685174 602319 792973 517901 764296 688519 313276 999999999 653772 364396 668018 514998 219201 125188 830657 286009 273321 884873 350031 46307 225508 328323 793032 155695 681379 632391 503301 162843 220191 378694 517557 573470 771426 380788 495079 802850 1019346 561062 462722 587533 834589 288135 204219 732712 548444 637750 390547 857875 498607 152092 863816 186437 596648 619290 457676 644578 897952 691952 842155 469534 680994 356546 762864 534669 322641 240379 124611 534951 178248 517614 482881 104340 799223 731875 544089 193966 731077 646120 315750
753599 766403 418931 690247 758926 842945 846036 310003 888825 666438 217080 342106 121549 1036408 384474 703005 651075 919525 679554 1021603 1154784 263298 748395 551480 135876 715404 1105293 878813 653772 999999999 970940 1067196 390025 496494 528873 678552 850490 465270 731798 782538 619449 429355 676080 318327 516096 116733 1122685 364927 815534 699313 909298 419086 890185 1079499 588471 160726 560488 876559 812274 192361 1030724 522043 385399 545945 961984 1013537 402875 274602 875529 872967 684796 634094 633072 1034409 203659 267660 920780 720409 286674 713801 878150 762948 304563 612486 289529 443593 419140 601155 966531 658575 171830 170941 549778 576995 779801 363342 466655 1066491 1131593 376814
672675 452958 552016 829370 911984 487211 172651 867110 172111 821583 979288 719289 1045633 343858 619076 432813 697557 784216 441784 236670 452101 926562 590129 927880 838800 808075 428902 108894 364396 970940 999999999 428707 711637 583595 474227 910686 129945 637715 951570 276951 377228 554404 367785 1027020 460360 969458 323776 714010 271850 282517 144194 699376 443387 576341 481207 810947 935456 1052119 492152 790952 334486 991711 585627 427675 607403 288381 822188 732990 835256 357963 286153 974720 341498 345554 881365 727930 515740 974369 925300 906565 313411 676274 698442 861813 774111 548955 589260 481333 315702 314591 811350 806245 448517 923161 729348 749723 512175 525796 338795 673983
442075 305578 705045 619119 669145 248246 557196 844121 301579 623985 984570 735281 1097820 84869 685011 364192 525569 457382 387645 193848 90567 915631 383634 783311 960876 585622 42611 386674 668018 1067196 428707 999999999 698724 856264 722739 705749 403879 904804 723698 328623 651239 751963 409058 989018 667769 1017896 161352 716987 658692 458973 312395 673290 186423 157939 479121 929400 786618 772399 277366 933778 94227 861653 734595 584316 251478 140393 761929 912171 532833 197513 520478 792928 519984 83161 907170 799863 199244 753324 903905 684756 207225 439245 882597 689569 794547 635809 808244 790191 133270 510276 895838 938005 699598 766576 476296 735443 711133 107063 154416 900147
366248 393148 273163 340930 428878 461584 643533 157569 582902 317423 288598 53553 400590 681825 136898 342550 267937 539496 320842 691139 788719 224020 358697 288386 323465 356089 739228 604802 514998 390025 711637 698724 999999999 499496 426949 365347 581695 510106 424236 462830 468826 345248 353983 316984 364267 321585 779787 28466 661899 432315 609409 29158 514864 693916 242588 296309 298889 573987 430620 329653 677791 320498 264986 320059 572533 670001 122785 368446 507311 514427 454929 368811 387721 679373 209058 157976 536547 426601 217884 390748 530167 375807 361152 290630 100887 192459 391100 543551 615662 414793 234705 318370 430468 300890 398637 39226 346419 685000 786174 437362
763841 634052 234532 816317 910860 720472 420575 584700 581300 795301 617875 460981 607674 792512 366045 558255 703265 943713 540479 729589 925025 604216 707894 786997 367647 820295 881800 527472 219201 496494 583595 856264 499496 999999999 133952 858204 499037 54120 916422 527956 214222 157836 469103 708975 199150 554589 840258 477837 354411 397567 587801 513968 733250 939566 471117 354668 797588 1062601 698419 308658 783809 808832 235063 292041 876113 748596 611929 222584 943038 670854 340654 868306 337557 791925 525689 381782 796766 922387 617642 878553 650254 772943 196414 784480 476102 338042 109130 115255 726073 346014 402661 333434 156684 800366 817222 515185 175535 905015 853341 120798
647099 503896 156065 717460 813093 589534 325357 540877 452693 698016 604132 399346 625588 660167 290328 428941 596319 823936 412405 601097 792596 575310 585911 713500 393042 717236 748848 405957 125188 528873 474227 722739 426949 133952 999999999 768255 376807 182397 825031 394246 97554 103068 336860 683208 74045 560259 711763 410611 286755 264636 461485 435074 600176 806069 350205 370829 723806 966742 568541 337569 651595 746636 175351 164561 745861 617451 547513 266168 829490 536924 211274 789963 203608 659490 505052 345550 664799 834434 584247 784618 516460 655836 231923 696721 429877 242476 116862 118159 593104 212808 397192 357937 25986 723185 702756 450879 81815 771158 724480 200053
265249 467046 624932 87331 84072 472592 903424 369160 745595 89446 483406 413608 628585 732637 492539 478080 213130 319486 471128 793017 789745 419780 337456 136593 660621 120236 747550 804342 830657 678552 910686 705749 365347 858204 768255 999999999 791286 873191 58892 633840 785420 700857 557358 419755 697514 571671 842660 391330 952087 676445 775441 346238 537456 620142 460869 639341 131022 209244 451547 681506 733516 203852 623648 626721 477973 749107 283909 731097 243827 592349 725891 92786 662474 729457 476387 515958 506509 67426 396886 38310 629824 267044 725936 74724 429349 526361 751779 886313 688558 683954 568618 665309 765519 108944 231689 362562 693205 639244 842537 802626
564099 346360 432942 712272 798218 396015 156997 737281 102458 702877 850721 589857 920795 324666 491188 314178 578643 692378 320189 238830 452031 797153 481743 801868 720526 693345 416977 29418 286009 850490 129945 403879 581695 499037 376807 791286 999999999 552345 834726 161439 285031 444810 240334 897216 349599 843744 347270 584234 255420 154392 95215 569507 364666 531969 352610 691726 809717 942603 394681 675408 315002 864161 466815 304655 533908 271864 692553 623675 735412 277608 171181 851676 217534 325198 753380 601964 440176 856179 795617 789597 235944 568731 589535 739250 645164 421488 486525 410304 273206 191985 687701 689047 350875 798220 622578 619807 401421 485057 361291 575603
793817 674398 257628 836023 929534 761408 474377 581717 633262 814318 602315 467726 580223 842546 381320 598090 727921 975041 579345 781660 974987 594862 741507 794678 342025 842189 931210 580901 273321 465270 637715 904804 510106 54120 182397 873191 552345 999999999 931826 576194 267331 182318 512298 697132 241258 532421 892363 486583 406090 447032 640425 527105 777059 984067 505562 333164 805322 1079695 738309 283929 833956 811313 251196 332805 916016 799486 617283 197069 970388 717237 392087 877682 384992 841878 514275 380353 838797 936064 609922 895419 698185 803106 177313 798846 476088 362565 123824 165955 775472 395185 388147 309411 206610 809638 845580 521961 209438 950741 905319 91310
291075 502838 682858 122455 58840 499403 951444 423598 784193 133933 532254 472440 677076 756578 550981 520585 256804 310119 515457 822980 804924 470973 368884 182692 717719 145512 764745 846463 884873 731798 951570 723698 424236 916422 825031 58892 834726 931826 999999999 675534 839921 758942 604182 462381 753834 623056 866284 450212 1003144 725027 813970 404994 563035 626975 511671 696902 175081 150639 480948 739561 758152 238581 682047 681352 486607 776745 340965 789837 228532 623756 776507 114805 714090 753361 530783 574595 525191 31135 447807 45131 663007 291005 784807 133616 487349 583571 810235 942978 716651 734827 625892 723063 821757 155817 247774 421221 750613 650381 865209 861498
402664 185727 388127 553157 637664 244106 302106 620338 121422 544845 746280 482293 835272 270802 401286 155862 420718 535734 165727 239066 401763 685851 320348 653981 662937 533061 356256 170951 350031 782538 276951 328623 462830 527956 394246 633840 161439 576194 675534 999999999 327164 427070 110125 779026 339973 755585 342353 471380 384872 132283 149756 445428 226936 421404 220805 632040 661168 781261 238091 627583 263038 720552 420044 260712 393059 236153 562414 594725 575299 148588 198201 698220 191401 269680 654559 518684 301036 697835 680701 630452 122402 407344 563314 585202 541319 338945 481545 467782 201292 182416 612087 635822 371408 647997 461223 502033 385097 381813 352484 573798
632858 463735 218895 725892 821310 545159 228938 599158 368149 708560 677236 450734 710965 583402 337873 393452 597313 802149 381119 516096 715755 641363 563687 746721 483721 720729 674126 313675 46307 619449 377228 651239 468826 214222 97554 785420 285031 267331 839921 327164 999999999 190128 293632 749090 112013 642145 626657 457384 203106 195003 373727 471257 546166 747464 338368 459591 756610 975314 528003 430088 574423 788313 246804 158710 701880 537417 591594 362297 817478 474834 130772 817788 150649 583037 576825 414976 615545 852661 647660 797407 448766 640847 327819 717266 490085 276423 214136 140799 519072 147756 478269 449080 72552 753078 691108 498162 154588 708911 639911 296767
611508 500498 76769 658522 753025 587987 417868 445506 506520 637468 502042 310787 523244 697867 209750 423933 546832 792847 403807 652495 828538 475760 560212 633610 293596 662872 782242 474195 225508 429355 554404 751963 345248 157836 103068 700857 444810 182318 758942 427070 190128 999999999 346690 583351 95211 457246 761801 325376 388236 309769 520236 357964 609575 817088 325459 269823 644127 904819 563282 240381 690035 660223 81009 167658 740316 660735 461531 179068 788385 557944 273630 713512 240881 696749 403580 246114 666999 765398 485858 720827 545146 620807 144767 627373 334572 181118 60917 205457 628209 259821 294125 258971 121171 645789 663353 364241 43660 787319 773452 149048
355106 170199 296024 482482 572937 253516 347672 511547 228939 470627 636262 372222 725839 364532 292893 101598 347625 513587 94573 347080 490372 576326 278601 561619 559879 467886 442296 258909 328323 676080 367785 409058 353983 469103 336860 557358 240334 512298 604182 110125 293632 346690 999999999 670756 271058 646008 446611 361660 408804 124322 255540 337783 264801 472089 114365 528657 569550 722768 234692 528047 357968 624057 325632 180608 410368 337729 457373 503120 537943 212473 186622 613277 142987 362866 544456 410558 327939 623543 571669 559235 206227 361850 473631 501616 431197 233479 405300 430725 293853 151125 504868 534379 318153 558437 414909 393104 308187 440787 455663 495734
586418 688497 531596 462284 503787 742081 947120 159969 899556 441856 104006 309359 228170 983574 418093 649980 482354 715738 629994 1003016 1079538 107984 615351 283178 374133 495719 1031028 920967 793032 318327 1027020 989018 316984 708975 683208 419755 897216 697132 462381 779026 749090 583351 670756 999999999 637406 202342 1086161 313018 950917 745744 926274 333705 802610 954793 558253 371281 289027 592845 712111 423456 980600 227307 508066 618544 818496 977620 227221 505001 652457 817444 760921 351160 695395 980888 183312 337676 807209 443292 102819 457992 838350 593891 519993 372117 260400 487543 605573 787386 920764 723001 309197 398661 694973 310816 589905 278120 603021 956744 1091292 607167
573163 434903 106950 644893 740594 521397 330583 488773 413005 625782 565304 342029 602711 609879 229899 359141 522688 750408 341624 559899 741528 529594 512709 647788 381494 643981 696228 378983 155695 516096 460360 667769 364267 199150 74045 697514 349599 241258 753834 339973 112013 95211 271058 637406 999999999 532260 669758 350512 315007 217278 425845 369743 535802 742849 276549 355390 657947 894431 499276 331271 601738 684763 135963 92974 676963 570597 486434 274173 755451 477254 178418 722375 149751 608934 464854 302985 598062 764043 536257 712925 460557 581930 239953 626734 379033 174517 142533 189736 541084 166270 368589 347866 68062 656218 628725 391251 51984 709996 681730 234786
671614 712828 427113 590741 653639 783136 860814 209194 868990 567401 100348 282699 80282 995540 355795 656506 566548 829145 633653 992754 1107316 152086 676596 441131 191522 618351 1057710 870734 681379 116733 969458 1017896 321585 554589 560259 571671 843744 532421 623056 755585 642145 457246 646008 202342 532260 999999999 1088460 301211 844109 689564 892100 349096 835523 1014814 546562 200001 449686 765428 752174 248564 990742 407175 396331 542294 890105 978378 306165 335353 779407 828989 686557 521912 627963 993278 113627 241782 857962 609951 175273 607945 839774 680575 358280 508822 223383 423352 462350 648785 927307 654984 163878 223027 577599 467393 691717 288147 487808 1006582 1096111 441171
577529 400737 729152 755332 814091 370801 480911 933344 259137 757107 1068319 808378 1168683 110027 738975 437585 648151 614716 458956 110706 137813 1002923 508580 906445 1005045 723987 135773 321916 632391 1122685 323776 161352 779787 840258 711763 842660 347270 892363 866284 342353 626657 761801 446611 1086161 669758 1088460 999999999 793623 584804 452498 253727 757525 305487 316049 542177 974046 910966 925807 394702 969856 109734 982527 761588 599453 409494 110123 860222 934347 687299 269114 500565 925873 520947 113203 982561 856633 344130 894870 994168 825252 249688 576335 902078 817818 868361 679736 812116 756964 165455 503682 951361 978160 686544 892536 618961 818410 718584 266800 15019 904052
393489 411691 255367 368881 456172 482608 639293 153204 590348 345291 275648 25143 380910 697373 120757 357678 295991 567542 335377 702748 806645 214791 383487 309162 295299 384416 757072 608181 503301 364927 714010 716987 28466 477837 410611 391330 584234 486583 450212 471380 457384 325376 361660 313018 350512 301211 793623 999999999 653274 432886 616196 56537 534316 716572 253066 267963 319757 600290 451676 301214 693033 336132 244549 312865 597069 683607 136949 341055 535766 530153 451295 391190 384705 694996 190382 129596 558612 451687 211546 417505 543963 403088 334636 316623 78045 182624 369004 526150 630337 412114 207093 289918 415580 323147 426703 40794 329348 706353 800433 412121
763740 562279 421949 883859 976991 628729 103955 798929 357820 869392 880308 648844 911432 577966 536128 507435 750097 915028 503312 483561 701606 843435 685746 929485 679748 872816 669631 272341 162843 815534 271850 658692 661899 354411 286755 952087 255420 406090 1003144 384872 203106 388236 408804 950917 315007 844109 584804 653274 999999999 284534 346776 660769 608624 786316 491494 657489 938898 1128877 620477 623834 568241 977351 449763 342111 776927 523731 784222 548774 945547 523976 226808 994821 289813 578732 779859 617979 683920 1019409 849011 958967 485568 770286 515425 888697 691093 470656 398759 240163 528620 268317 680292 644595 267089 932859 823576 693756 356407 740070 599623 465392
479224 283564 285409 604081 695690 358640 227146 586085 197096 591134 696802 437202 766897 395606 336879 223496 469411 634033 218780 342816 527987 644359 401743 669861 571543 590884 484285 181185 220191 699313 282517 458973 432315 397567 264636 676445 154392 447032 725027 132283 195003 309769 124322 745744 217278 689564 452498 432886 284534 999999999 212967 422472 353280 552664 218432 542007 678451 846334 345368 529323 387104 726945 319123 154386 513688 354099 547118 485059 661465 279894 68640 727308 69371 394896 599136 447792 424652 743226 643627 680307 254361 485828 451932 617388 491618 267098 359729 335742 328540 51980 534581 541226 240908 669323 539055 469660 266343 513916 464453 451829
531304 312198 498245 692373 772416 343026 244805 766936 29848 686023 889297 625363 970866 231207 536325 301301 562878 640070 313853 144155 357081 830985 449062 802222 783428 669423 323095 74436 378694 909298 144194 312395 609409 587801 461485 775441 95215 640425 813970 149756 373727 520236 255540 926274 425845 892100 253727 616196 346776 212967 999999999 593254 300161 447944 369027 753525 809166 910271 348482 742148 221487 869758 531879 366992 466133 177405 711622 697214 691364 214066 250702 843577 282101 231956 795169 651697 373537 837802 826893 769193 169559 534486 663749 730468 683349 469518 566544 503288 185482 260653 741960 753634 435879 795341 587126 648474 476581 399265 267428 657417
337200 367815 283891 317072 406742 434541 637872 176393 566208 293879 312064 81583 427679 658333 148215 319942 239496 511032 298802 670730 763468 245405 329867 278448 351789 330671 714057 591776 517557 419086 699376 673290 29158 513968 435074 346238 569507 527105 404994 445428 471257 357964 337783 333705 369743 349096 757525 56537 660769 422472 593254 999999999 488763 665888 224623 324266 288735 553871 403584 356362 654532 317291 278905 318753 543743 648008 125240 391988 480141 490974 449180 355967 381658 655828 236051 184566 508869 409042 237260 369940 508195 346774 383062 271770 129754 195633 406444 552580 592892 408252 263537 345818 436905 288599 370205 62162 355782 657655 763582 457037
272717 123783 552762 450132 512705 65455 518913 658176 274952 451621 799168 553661 915088 195518 512997 192904 344676 343461 216017 264019 276974 729818 203655 603440 790284 419422 228455 360707 573470 890185 443387 186423 514864 733250 600176 537456 364666 777059 563035 226936 546166 609575 264801 802610 535802 835523 305487 534316 608624 353280 300161 488763 999999999 207554 307858 758890 607477 634578 91956 768209 196086 680703 579184 445159 169320 214365 575507 756162 402938 87338 421582 620420 399405 192375 723826 624541 75628 590997 717775 521137 131036 272113 729111 512954 612249 471345 669033 686606 155384 398419 720092 769943 580162 588437 317634 550904 572320 180642 306114 758407
373387 322996 759370 537936 569217 238834 688778 823729 430963 548191 966973 738161 1092714 238318 711142 397302 473371 332576 419638 347273 201488 895507 341381 718230 987360 501861 181230 519716 771426 1079499 576341 157939 693916 939566 806069 620142 531969 984067 626975 421404 747464 817088 472089 954793 742849 1014814 316049 716572 786316 552664 447944 665888 207554 999999999 509632 956226 719552 651598 268636 969021 246630 797844 785031 652600 142477 290858 732845 961235 414510 272886 619566 711760 603776 235925 901402 818192 159058 657846 880449 593155 304051 367509 934953 619469 794242 674692 876587 888263 262827 600429 912349 969111 785380 697576 389847 726703 779856 51493 307034 965862
297503 186681 257565 393085 487270 272098 445135 399859 341702 378010 528714 266472 626834 449680 206173 115713 260919 473876 92230 449697 566321 466339 236801 452214 483116 384544 516853 372486 380788 588471 481207 479121 242588 471117 350205 460869 352610 505562 511671 220805 338368 325459 114365 558253 276549 546562 542177 253066 491494 218432 369027 224623 307858 509632 999999999 451662 460604 640493 244364 460434 444577 511971 279208 187242 418142 432055 343050 452731 481195 284639 265036 508956 202723 447520 440561 320892 352764 528097 460405 467604 293212 306047 428010 399616 326381 165286 386340 460596 380890 223196 416868 462145 338550 451021 354385 281812 296578 488150 549611 469059
658662 636001 259101 630780 712269 717460 685505 286795 734186 606775 271913 242820 256505 892474 245898 567372 563653 835047 543891 870501 1014926 277267 638958 529850 31480 649483 965845 720296 495079 160726 810947 929400 296309 354668 370829 639341 691726 333164 696902 632040 459591 269823 528657 371281 355390 200001 974046 267963 657489 542007 753525 324266 758890 956226 451662 999999999 540117 847069 687620 52186 886221 523816 225365 387868 848587 866038 356131 136444 803291 732726 524820 616154 474778 890671 194852 142465 797331 692185 296387 670227 733772 668367 158294 566700 210871 295398 265676 451349 821976 499751 72212 28270 390798 551271 694312 283380 306186 938341 983651 241858
