NAME : synthetic_000312
TYPE : CTSP-D
DIMENSION : 100
GROUPS : 8
RELAXATION_LEVEL : 1
EDGE_WEIGHT_TYPE : EXPLICIT
EDGE_WEIGHT_FORMAT : FULL_MATRIX
EDGE_WEIGHT_SECTION
999999999 440511 506956 1028378 122773 990626 353728 715886 219043 536274 344418 903311 797421 183294 307470 383794 1198456 388465 435123 816933 911627 843442 284845 1262411 963550 654282 662957 968681 207180 750959 960342 263822 847060 387471 815247 482343 591927 741110 147191 526754 125980 688652 709334 386915 873896 659959 290999 710298 104228 895815 995576 630038 852485 737939 456685 614799 512917 889429 607100 975845 1098509 637260 861266 695411 255188 1213386 1219233 876155 447878 679176 1138898 605747 830419 869370 502130 1006682 906260 903103 357831 902559 919928 492445 1158872 500166 645465 737274 343374 657526 984617 185408 403127 723801 1109912 888562 614120 535108 571599 590098 381874 725491
440511 999999999 283541 663305 363156 578492 90327 406073 478152 299656 116918 592425 361520 264707 183017 236407 886728 291644 474803 389548 858965 419951 350365 965164 586150 491536 473888 541844 486713 786186 820962 466424 614499 455995 392387 367156 602929 567567 303883 119404 343633 639648 298102 67737 536794 713715 273361 287216 365816 715425 641878 203509 483042 466642 301082 211955 654451 849462 287097 694290 758921 222888 769637 263808 493091 877361 917653 435758 551438 264675 872914 416036 683849 476905 445795 845951 475960 477150 455715 471523 558224 52568 797394 112172 620132 318371 335637 442539 575332 310433 78428 710106 802422 448660 191055 151178 347481 186557 248444 294109
506956 283541 999999999 529969 386895 533827 269069 211447 410577 29322 351076 396361 425818 403461 407970 123704 692714 129271 266842 568831 576282 424122 254076 759706 474112 208912 195352 541489 427371 521651 541942 369186 360264 275742 399331 112133 347201 289214 431854 216483 474539 362634 520603 323600 370381 460949 217130 493594 403300 443437 493774 423197 364626 232976 66856 460036 450545 567931 125287 473710 592357 257799 486099 334140 403511 706541 715278 528717 352855 489122 644291 134616 403561 399305 193255 571659 495596 481077 295212 494651 423696 300135 656639 194852 350208 526165 196037 171139 524262 321753 218328 437067 604214 529751 265268 182731 72490 219115 125106 480227
1028378 663305 529969 999999999 912437 193953 715367 319465 936903 501806 777501 180078 400539 893451 844503 647958 265572 658722 744439 604274 713915 308606 783000 352394 82685 490541 457311 280120 954431 811196 553617 891291 342788 773317 323128 599457 722609 456488 928802 544534 972645 648620 661005 730345 163254 807170 744653 622562 927065 447418 45512 621285 181088 330417 591688 680125 890217 729293 421293 233176 118605 444836 615666 437735 925470 225436 306565 445209 818727 651149 338561 482712 502777 196291 641676 526025 317850 292210 800970 324043 108691 633043 134221 559465 678217 637292 722872 432892 181879 846179 653584 715003 211923 425146 480283 518780 479921 476748 652168 585966
122773 363156 386895 912437 999999999 885087 272838 597260 151079 416140 290300 782841 706041 155559 276813 264949 1076853 266095 323757 751398 801638 743873 164246 1140108 850071 531926 540213 869354 149557 651922 841769 176215 724287 277527 715797 359689 483752 618990 141351 431360 157568 575070 651974 322395 755881 561875 169871 646842 21160 774317 878386 563776 738896 616482 334620 558993 429455 780849 492047 853611 979211 538581 745977 602494 182346 1093320 1097146 791635 350303 619804 1016148 483000 710248 759898 382638 886904 809495 803973 251057 806294 804421 415596 1041669 402522 533754 676403 221153 534889 878233 66397 310718 615799 988331 802008 519288 433794 449998 490149 261944 656702
990626 578492 533827 193953 885087 999999999 648679 354148 940258 510625 695298 316764 247688 833604 760455 633131 454146 659407 785922 428609 858672 163253 782260 540152 136648 568976 532128 87326 955982 922975 714162 901975 476918 804599 188618 628676 802862 563076 871703 469470 914269 750379 503011 645703 255158 901721 728258 466404 896166 598209 218046 484525 190440 403383 600605 541044 953814 869516 409232 406373 309307 358189 755393 319980 936144 399950 496173 263661 868291 499883 531781 535474 637564 136249 689980 695569 138802 119491 827166 145411 186763 537316 287090 492859 770185 474864 728094 497035 14267 819516 591442 824412 405868 241987 387624 455982 506784 402546 640595 428971
353728 90327 269069 715367 272838 648679 999999999 432545 390589 291979 82250 624679 444053 185040 140989 185554 923418 237509 412422 479464 829311 494906 271940 998258 641998 475615 464372 619079 398350 737573 810046 382332 623043 387461 466844 328825 552827 558074 223511 179210 265655 603121 384780 69044 576943 659822 195987 376200 275780 712360 689614 292604 534360 482145 265979 295032 584924 816958 311252 719206 803165 290627 746444 342952 407400 921558 951582 523092 483305 351733 895977 403157 671339 537623 400349 840717 554974 553698 382771 550969 607747 142770 849394 157701 577904 406778 267806 438967 644222 220850 62244 668705 836897 535035 263750 197526 340135 246811 195974 384261
715886 406073 211447 319465 597260 354148 432545 999999999 617642 182809 506811 192975 340237 596299 571756 332411 492559 339516 436532 537797 564028 294607 463579 565845 269799 221341 184441 386220 635078 585471 465729 572778 225178 460286 279337 283937 450724 241917 628684 292904 672375 410253 534558 466138 158938 553738 427986 498608 612980 346287 282396 455295 167144 78509 272225 508573 599886 566861 121415 288519 382787 241628 459944 291437 607061 498758 519405 438883 516652 510475 466937 181337 347007 219471 337569 474331 360598 338253 486071 362209 215333 394837 445193 293914 423213 526232 403426 145776 342215 531522 371133 487759 405179 431153 272987 256214 161924 241655 335461 471655
219043 478152 410577 936903 151079 940258 390589 617642 999999999 437144 426524 787343 791148 306028 422993 309065 1067924 281874 242048 866211 705038 814232 157998 1122478 884346 498141 516263 937714 18891 535088 772782 54618 698878 195311 787034 342576 386634 578950 291898 519944 302652 491067 775309 450462 774626 444056 220435 765309 166004 724405 898353 681616 775194 617688 346014 685283 293880 681105 532084 840584 987458 616678 665038 687986 36149 1095693 1082827 884766 234387 742160 988924 468719 651668 807835 331159 823590 883611 873898 162336 881346 832528 528456 1059158 489115 444937 796513 214731 522687 931550 173507 411904 516195 980665 892195 604670 511998 457329 568000 300530 770146
536274 299656 29322 501806 416140 510625 291979 182809 437144 999999999 373477 367041 413690 431403 431937 152977 663476 156931 282603 565665 564303 406441 281471 730727 447202 192265 174756 521548 454175 520038 522179 394576 333722 295398 382482 124345 350185 268767 460293 222415 503122 356440 523308 343638 341672 463499 246333 494742 432598 420761 465206 427371 338361 203986 91363 467110 463494 557350 105335 444900 563172 250577 471549 325853 428941 677250 686196 517223 368132 492560 616148 116496 384468 375366 201141 549929 477946 462316 316704 477319 395994 311887 627923 203986 347872 526953 222413 147000 500704 351054 238573 432511 574987 517109 261939 186197 48490 215848 154414 479294
344418 116918 351076 777501 290300 695298 82250 506811 426524 373477 999999999 697325 474205 161599 67004 264831 994550 314572 482491 472520 910083 536130 329965 1071089 701372 557865 546423 657032 431040 812965 892283 427847 703000 453295 508734 409300 628314 640197 199797 233159 235453 682852 366111 49741 645802 733031 258488 365889 287154 794132 754485 285971 596668 560115 347400 271839 647740 897195 385508 794866 870245 339610 828186 379161 448624 988794 1024004 541572 548274 335272 972503 485316 753584 593091 478498 922727 590472 592734 444574 585816 671367 160972 911712 219235 656161 393176 336593 520462 692223 253110 137414 746933 908947 556198 307968 260009 421781 301540 274526 381665
903311 592425 396361 180078 782841 316764 624679 192975 787343 367041 697325 999999999 431418 789032 762950 519805 299596 519204 579296 644979 545028 352443 639615 373793 183531 316489 285749 386056 805570 631701 397552 738529 165717 612332 352622 444906 544913 276599 821012 475213 864600 468588 671217 654968 75947 627292 612974 632854 799563 281806 134570 607620 166162 169686 450226 664964 715356 557911 313548 113302 200168 400431 443554 425056 772074 310721 326919 508599 649096 653032 287277 320754 327656 229057 475798 381887 394634 367132 641914 399151 130365 574935 277503 480809 498860 655241 577779 267736 302497 718041 562907 535143 212304 493409 435932 441248 334302 415403 521439 600142
797421 361520 425818 400539 706041 247688 444053 340237 791148 413690 474205 431418 999999999 625918 535561 486878 663376 528614 692327 213743 904237 92098 638264 749892 318898 549865 515078 188010 804117 913359 796596 763166 547575 696832 80447 537026 757923 581997 665046 274938 705147 739534 261000 424868 355597 868890 570742 222936 713059 675075 401567 237350 266330 416788 487619 293393 876267 906953 312935 543596 517357 175543 800004 103797 795450 624975 702730 103850 778383 254035 705854 489481 685793 213157 614654 795984 119557 129669 711479 114067 327056 313312 520520 304634 743982 236775 595604 473771 250250 644554 396099 818095 596384 104113 187494 279160 433779 223543 497325 185899
183294 264707 403461 893451 155559 833604 185040 596299 306028 431403 161599 789032 625918 999999999 127543 285452 1088536 315023 436560 633973 903472 679730 266427 1159415 822489 588710 587361 803547 305115 774322 917545 324362 762727 396094 651711 419327 595844 676196 39182 364171 80672 672711 526054 206114 748332 687096 222657 527244 144512 834241 865164 447563 713254 634099 372312 431523 570974 885903 478156 875111 975448 475650 835152 526446 335580 1093087 1113900 699287 482046 495897 1047546 525724 780418 720585 467578 956280 738829 738283 376716 734646 785033 315089 1026811 341443 637099 554019 302142 571307 828994 151996 243113 724840 1000688 712860 448521 380145 475117 431339 289328 543228
307470 183017 407970 844503 276813 760455 140989 571756 422993 431937 67004 762950 535561 127543 999999999 311081 1060675 356248 511949 517010 955467 600365 349720 1136743 768298 611718 602625 720074 424588 847580 946282 432831 763896 478148 573210 455920 663990 695801 160406 300119 188167 726147 405261 115284 712298 764643 285652 410284 268930 851304 821428 334597 663670 623000 397150 311083 666774 941122 450344 859284 937034 405904 877184 442843 449209 1055582 1089780 598167 570795 376679 1036459 540920 807497 659758 519760 978782 652978 656245 465154 648141 738350 223910 978713 286067 696482 434973 367280 578712 757668 254351 200826 786815 974812 613803 373718 326865 479763 368433 319359 430073
383794 236407 123704 647958 264949 633131 185554 332411 309065 152977 264831 519805 486878 285452 311081 999999999 816413 55268 239459 590479 645605 505346 152388 883018 587522 305448 302097 628650 323917 553502 638281 276779 478124 225943 478300 145020 369064 392135 311253 226764 353166 418036 519436 251963 490939 478306 97035 499949 280587 549918 613488 419994 476584 356443 88005 442498 422594 632396 229480 596742 714783 311349 566106 385462 309685 829621 838787 584336 319275 486025 765627 240325 499871 502889 214897 674020 575076 564909 232388 572982 540288 272536 776750 196352 392365 532850 111047 286305 624976 199111 158202 483162 727908 589734 304185 209834 192189 263619 12326 495683
1198456 886728 692714 265572 1076853 454146 923418 492559 1067924 663476 994550 299596 663376 1088536 1060675 816413 999999999 811164 843312 869580 645448 572130 927396 86835 344900 573635 552032 541462 1086594 799375 466527 1016496 374625 882322 584294 727534 770555 504018 1120248 767936 1163751 671010 922099 950893 350074 824963 907464 883406 1094323 408097 262611 874835 416527 460525 742332 933660 948450 669316 612743 227479 146984 681681 570191 688989 1048808 84049 42509 710665 901210 910033 144556 600415 487273 452728 742203 416766 583183 557744 913968 589431 343296 864735 186971 776341 712945 899875 865301 546590 443532 1013074 861427 716514 88547 690418 717876 736059 626895 704391 817201 847418
388465 291644 129271 658722 266095 659407 237509 339516 281874 156931 314572 519204 528614 315023 356248 55268 811164 999999999 184524 641728 599368 540061 124820 874019 603359 275191 277990 661248 298401 500132 602596 242740 460110 173802 513778 104323 315434 363090 335972 276912 375550 369928 573381 305087 498143 423736 99385 553043 284275 520986 621835 473834 493674 351299 69021 497437 368692 584881 250475 587517 717480 353563 523883 429202 276805 829915 831083 628140 265510 540063 751137 218561 465411 526219 164091 641474 610802 598784 183786 609158 552834 327510 784257 247214 341658 586004 69004 269345 650385 204164 213375 432397 722690 632293 350024 256191 184997 307340 43213 547556
435123 474803 266842 744439 323757 785922 412422 436532 242048 282603 482491 579296 692327 436560 511949 239459 843312 184524 999999999 822065 477943 689040 170312 891986 704948 269909 295124 802926 260648 338123 531437 187431 469350 48001 665008 158834 160822 343670 443565 457568 473209 253693 757422 481403 581796 252880 226348 736175 344893 483699 702224 657832 603359 414383 205520 681928 186532 457135 387880 616471 777619 521547 427037 598224 214689 879077 854600 794787 86056 724199 754512 261736 409821 649674 103498 581648 760541 744621 80095 759920 647867 511977 856543 428935 210508 769175 145911 312453 774980 288847 396376 292405 758050 796364 523848 432634 279162 478884 227185 729065
816933 389548 568831 604274 751398 428609 479464 537797 866211 565665 472520 644979 213743 633973 517010 590479 869580 641728 822065 999999999 1097621 299862 728943 956404 525132 730325 698432 347124 875518 1084084 1001787 850324 754685 815502 293674 679454 915444 774986 671646 364939 704318 914990 118003 431663 569237 1028998 653437 106857 752460 880869 610377 187860 480071 616194 619657 207308 1008488 1097490 480238 757315 722661 317801 995011 249577 878893 824619 909958 165913 906093 141303 918716 661984 884411 425185 761771 1004694 290531 313745 822763 283976 539187 338099 714601 394541 911981 84239 700812 657366 435671 699980 454991 993027 806534 188252 303868 390097 597574 350070 602525 96157
911627 858965 576282 713915 801638 858672 829311 564028 705038 564303 910083 545028 904237 903472 955467 645605 645448 599368 477943 1097621 999999999 851617 643503 647327 728383 375087 402463 918908 721925 204340 178977 652897 381757 524831 840105 500793 319812 322962 915760 785402 948371 230856 1077217 892025 603876 279719 681650 1044856 822786 266533 670502 985774 681418 487955 563594 1029480 448647 30230 623620 486662 669892 785015 104948 848174 671516 717344 631970 1001672 471602 1048648 506253 450002 222778 748505 437424 232550 910873 885368 553805 913789 672521 875845 761297 768279 268208 1075307 601338 442369 844489 762812 788836 188843 591297 992478 807791 747701 520081 765025 636567 1023086
843442 419951 424122 308606 743873 163253 494906 294607 814232 406441 536130 352443 92098 679730 600365 505346 572130 540061 689040 299862 851617 999999999 657583 658775 227315 514218 477803 125504 828630 879354 732011 781091 482621 699828 28195 530489 735499 533705 718386 317053 760132 704161 353068 486395 276728 842998 596139 314915 753127 610630 311109 323609 186444 365402 489788 381170 868027 856937 301178 462396 425792 206199 746702 157847 814510 532882 611819 156571 774445 345296 619398 462615 629942 126116 602487 726493 71517 60147 718197 71041 239703 376545 428773 343318 714279 328711 608838 437618 163436 679791 440678 782020 506867 143166 231208 310089 416459 253940 514448 277962
284845 350365 254076 783000 164246 782260 271940 463579 157998 281471 329965 639615 638264 266427 349720 152388 927396 124820 170312 728943 643503 657583 999999999 986856 728177 370609 381863 780515 173972 507898 677626 124937 566671 130292 630619 201252 330477 456804 273624 371879 304885 414489 647189 339373 621796 421015 77005 632525 184992 610985 745589 549774 618451 470373 191438 562263 318193 624212 374292 701533 838945 462930 583487 536034 157377 949867 945230 734342 221094 613585 858934 327775 546073 649979 218435 722675 727437 717032 115515 725363 677465 396431 907564 340881 375403 664803 62107 381169 773569 119412 276173 460948 839254 740545 453629 359708 305956 414727 143159 632967
1262411 965164 759706 352394 1140108 540152 998258 565845 1122478 730727 1071089 373793 749892 1159415 1136743 883018 86835 874019 891986 956404 647327 658775 986856 999999999 431623 624722 606782 627476 1141290 816183 469927 1069985 423754 933113 670631 785786 806405 548769 1190068 846990 1233273 701974 1008210 1028412 430170 850572 971740 969489 1158186 433074 348693 959536 500522 526744 805753 1018284 984007 673427 687009 286610 233817 763791 583165 773609 1101470 152054 48096 797427 944449 995732 146069 659106 514473 538736 793186 414803 669918 644539 965387 676180 428268 945024 266051 854011 746360 986266 924990 606018 529757 1077434 936599 739704 162901 777126 799950 814093 691623 784666 882991 933627
963550 586150 474112 82685 850071 136648 641998 269799 884346 447202 701372 183531 318898 822489 768298 587522 344900 603359 704948 525132 728383 227315 728177 431623 999999999 464970 429439 215550 901344 805693 579318 841045 347607 729976 240807 553735 700220 445461 858630 468230 902330 636728 578885 653564 133104 792416 684558 540366 863747 465161 87122 538652 111180 298692 538406 597479 861051 740750 358269 269784 198488 365636 626370 355463 875397 308104 384904 369127 783084 568637 403203 445035 509566 114019 604133 559296 243184 216423 755864 249040 60240 554006 212965 484921 661372 555649 669615 399455 122620 783674 580778 707721 283141 349992 400630 444574 431539 399877 592779 503911
654282 491536 208912 490541 531926 568976 475615 221341 498141 192265 557865 316489 549865 588710 611718 305448 573635 275191 269909 730325 375087 514218 370609 624722 464970 999999999 37065 606997 516996 365254 334625 445333 200971 308907 496882 173139 235369 87931 611034 410829 650730 190264 703133 532306 333568 333312 373503 671601 551724 245818 446233 610818 378554 166879 217453 654493 399717 370746 251009 346589 511102 413817 279686 481353 476755 609741 586030 652004 333778 674085 491145 75887 195837 437758 168746 368583 581491 559515 340890 582882 405043 503708 593373 395041 202182 702610 310910 76689 556165 475097 427097 268605 488145 646514 434367 372842 145933 390741 300047 651483
662957 473888 195352 457311 540213 532128 464372 184441 516263 174756 546423 285749 515078 587361 602625 302097 552032 277990 295124 698432 402463 477803 381863 606782 429439 37065 999999999 569949 535007 401551 347423 464501 184812 331308 460823 180918 271529 94050 611632 387220 652358 226372 674763 518162 298758 370361 377323 642465 559472 248978 413422 583956 341738 130848 215200 629275 433225 399978 221197 324559 482740 383213 303909 449031 496784 584346 566611 616800 363360 646342 477071 62065 209971 400712 192031 376357 544793 522676 362430 546246 369692 482722 563216 373478 239245 673076 320717 41392 519366 481065 412949 304434 465360 610932 405336 348666 126487 362694 298094 621275
968681 541844 541489 280120 869354 87326 619079 386220 937714 521548 657032 386056 188010 803547 720074 628650 541462 661248 802926 347124 918908 125504 780515 627476 215550 606997 569949 999999999 952408 968368 782415 903295 538928 816758 153644 644126 836317 612405 842359 442037 883741 793778 429775 607339 317433 939917 720524 394782 878630 663862 300788 423169 238010 446578 607983 477130 977896 927697 416602 483343 396395 331568 814507 278048 936959 486633 583465 181212 887410 430278 616470 564191 696303 172075 712028 767814 68489 65579 836657 74254 256573 496362 372854 468670 809149 399711 730221 531981 98349 805186 565716 869939 491900 158934 355416 435583 525790 379438 637387 357668
207180 486713 427371 954431 149557 955982 398350 635078 18891 454175 431040 805570 804117 305115 424588 323917 1086594 298401 260648 875518 721925 828630 173972 1141290 901344 516996 535007 952408 999999999 550183 791118 73281 717710 214052 801321 360920 404006 597841 288710 531991 296799 509016 783096 456747 792301 459228 233517 773921 162592 743211 916060 690215 791984 635896 363195 692411 306434 697765 548265 859279 1005655 630051 682944 700760 50700 1114104 1101591 896970 250738 750083 1007803 487217 670353 823939 350051 842086 897750 888399 181054 895397 849810 537492 1077045 501268 462705 804888 231834 541193 947399 179034 422045 533096 999291 904737 617287 525080 475068 581280 315714 779556
750959 786186 521651 811196 651922 922975 737573 585471 535088 520038 812965 631701 913359 774322 847580 553502 799375 500132 338123 1084084 204340 879354 507898 816183 805693 365254 401551 968368 550183 999999999 353558 487173 469325 378731 862124 420461 184764 360588 779553 737905 806572 175231 1042208 805167 673099 91063 562456 1014558 672557 392295 765766 944772 734067 521940 486487 979629 255393 174465 605716 606109 793557 766549 233568 838573 499629 861991 793431 1016194 303271 1010770 670584 424641 317481 797044 340391 412701 946069 923504 401588 947640 745923 814066 884600 714622 172228 1046890 480410 441939 909471 624915 709677 98595 732032 1011323 781345 704250 486583 735499 542349 999233
960342 820962 541942 553617 841769 714162 810046 465729 772782 522179 892283 397552 796596 917545 946282 638281 466527 602596 531437 1001787 178977 732011 677626 469927 579318 334625 347423 782415 791118 353558 999999999 718291 249571 579152 725085 498275 396824 253467 936785 728878 974317 285727 998983 865380 465348 404466 697035 963675 862601 121595 512434 915219 550755 387396 550499 964995 560710 203807 552934 321143 497992 704082 123105 757140 743202 539233 453211 887211 553081 973563 327580 407329 138792 617847 459206 59328 784175 757354 611528 787944 527905 827315 588505 718052 333898 991774 624546 378979 699901 792118 760111 293319 414641 875139 732296 689858 473872 694346 631924 937335
263822 466424 369186 891291 176215 901975 382332 572778 54618 394576 427847 738529 763166 324362 432831 276779 1016496 242740 187431 850324 652897 781091 124937 1069985 841045 445333 464501 903295 73281 487173 718291 999999999 646251 140781 754348 293760 333732 525296 316332 496211 333395 437078 764514 446170 728479 396153 197234 751928 194688 669994 851965 668582 732879 569108 303234 676877 254049 629443 492796 789043 938694 587781 611077 660971 34368 1045785 1030737 859226 184382 731048 935660 418686 597078 768245 277641 768994 851286 840279 107775 849340 788071 514807 1011858 465206 391255 783795 173892 472541 892798 178481 395594 464141 929536 865482 578508 484639 411390 539640 266999 754187
847060 614499 360264 342788 724287 476918 623043 225178 698878 333722 703000 165717 547575 762727 763896 478124 374625 460110 469350 754685 381757 482621 566671 423754 347607 200971 184812 538928 717710 469325 249571 646251 999999999 509612 475521 365617 402393 130527 789377 509303 831122 313448 758891 668187 222360 472705 559393 722446 743293 128040 297616 680446 303445 150867 394360 733355 578880 393235 330077 150506 330582 466805 278887 513465 677725 417359 385337 637644 526849 735386 292271 241597 162072 370828 369549 250544 536270 509800 541757 539805 290896 611055 419495 504623 349412 749220 505442 191936 462733 664110 565795 374530 291314 625693 497882 470828 287951 464502 475806 694226
387471 455995 275742 773317 277527 804599 387461 460286 195311 295398 453295 612332 696832 396094 478148 225943 882322 173802 48001 815502 524831 699828 130292 933113 729976 308907 331308 816758 214052 378731 579152 140781 509612 999999999 674840 176732 206227 386164 400886 450713 428989 301599 745055 456412 610132 291002 194840 725892 298603 529264 732034 645735 625749 444999 210346 666051 198473 503522 400160 654997 811760 523365 475027 599738 169607 915504 894881 797991 95888 711571 797071 292017 456403 668627 140167 629002 771278 756777 33032 770256 674128 496446 888664 420965 257995 758792 120500 344597 794185 246189 378046 338301 796280 800910 522343 429161 299511 478607 213696 721174
815247 392387 399331 323128 715797 188618 466844 279337 787034 382482 508734 352622 80447 651711 573210 478300 584294 513778 665008 293674 840105 28195 630619 670631 240807 496882 460823 153644 801321 862124 725085 754348 475521 674840 999999999 506747 715252 520267 690339 288881 732143 687106 338133 459014 276681 823676 568632 299574 724993 603510 322011 302510 186817 352509 464599 360682 845029 844527 277499 464213 438837 178005 735332 131394 787675 548349 623295 162405 750614 328157 625445 442863 619361 132848 579902 721814 97026 88177 692711 95524 246642 349529 446763 315125 695746 315647 582444 420193 187716 651789 412495 765257 516241 152392 203206 282003 394420 225796 487538 263243
482343 367156 112133 599457 359689 628676 328825 283937 342576 124345 409300 444906 537026 419327 455920 145020 727534 104323 158834 679454 500793 530489 201252 785786 553735 173139 180918 644126 360920 420461 498275 293760 365617 176732 506747 999999999 240302 260936 439686 321134 478594 274660 626192 392993 436251 353690 200830 600983 379205 418248 559228 527491 449025 275373 66172 559831 339395 488134 229329 500982 645068 369929 421512 446263 327510 753215 744483 640239 243958 593963 657879 127125 361170 492530 82826 537432 601961 585829 202178 601435 498524 393606 718307 295932 252976 633804 139826 180975 618048 301992 292450 343093 639708 640740 376577 290556 122779 330572 136611 589500
591927 602929 347201 722609 483752 802862 552827 450724 386634 350185 628314 544913 757923 595844 663990 369064 770555 315434 160822 915444 319812 735499 330477 806405 700220 235369 271529 836317 404006 184764 396824 333732 402393 206227 715252 240302 999999999 272932 604062 561077 634030 111547 866192 620512 568342 113764 379830 840303 504830 376759 677669 767687 612736 402207 305432 799881 177961 297614 445220 552415 731124 600588 281670 675195 354119 819176 774537 861739 157275 834105 662477 273051 295928 669850 158146 452082 805167 785059 234229 805850 640202 632641 817633 536222 63306 873001 297582 305905 790297 449477 525895 132129 691339 859319 611578 529343 324202 565374 357797 827427
741110 567567 289214 456488 618990 563076 558074 241917 578950 268767 640197 276599 581997 676196 695801 392135 504018 363090 343670 774986 322962 533705 456804 548769 445461 87931 94050 612405 597841 360588 253467 525296 130527 386164 520267 260936 272932 999999999 698853 478114 738638 192341 759064 612211 312626 350700 461427 725509 638935 158061 411034 670789 375604 168367 304300 718000 448634 324966 306352 281029 458236 464758 220075 525768 555575 547841 512539 680695 397259 731729 410967 154960 116937 440343 247799 282997 596410 572167 418881 598732 385525 575110 545292 465775 222903 755262 397842 126865 549442 562771 506992 262348 421666 672507 489686 439260 220416 448891 387168 702256
147191 303883 431854 928802 141351 871703 223511 628684 291898 460293 199797 821012 665046 39182 160406 311253 1120248 335972 443565 671646 915760 718386 273624 1190068 858630 611034 611632 842359 288710 779553 936785 316332 789377 400886 690339 439686 604062 698853 999999999 402417 43887 685570 562770 245025 782068 691060 239754 564840 126148 856851 899821 485685 749004 663858 396508 468240 567461 897186 511705 904965 1009117 513955 850829 565424 323692 1126451 1144889 738408 482711 532992 1076071 550477 800613 757645 482588 977094 777778 777052 378919 773624 820253 354249 1061874 379152 648174 591205 315667 597529 866943 154791 280623 734492 1032178 752023 487192 417450 502713 469254 313939 581425
526754 119404 216483 544534 431360 469470 179210 292904 519944 222415 233159 475213 274938 364171 300119 226764 767936 276912 457568 364939 785402 317053 371879 846990 468230 410829 387220 442037 531991 737905 728878 496211 509303 450713 288881 321134 561077 478114 402417 999999999 444823 578225 305117 185856 417880 674685 300128 280264 438977 617788 522548 206903 363950 359006 258029 244701 643802 779306 179320 579316 639519 111556 690188 171217 527161 757957 799346 364998 541225 273124 758074 335437 594992 360748 403929 748777 379673 376474 459029 376121 438993 102114 678712 31006 566674 313199 337745 351249 465058 369619 123679 653359 684135 373275 87974 39040 265322 68644 238576 271500
125980 343633 474539 972645 157568 914269 265655 672375 302652 503122 235453 864600 705147 80672 188167 353166 1163751 375550 473209 704318 948371 760132 304885 1233273 902330 650730 652358 883741 296799 806572 974317 333395 831122 428989 732143 478594 634030 738638 43887 444823 999999999 718955 593375 282543 825924 717172 277877 597474 138731 896489 943707 519862 792785 706871 437517 499091 586993 929037 555559 947949 1052962 556281 886021 606337 336473 1170261 1188198 776452 506672 564502 1118535 591506 838859 801000 518020 1015593 818754 818548 404992 814499 864107 393073 1105744 422075 680287 622806 350950 639198 909666 185577 323674 765301 1075632 790564 528938 460649 545037 512007 355353 615657
688652 639648 362634 648620 575070 750379 603121 410253 491067 356440 682852 468588 739534 672711 726147 418036 671010 369928 253693 914990 230856 704161 414489 701974 636728 190264 226372 793778 509016 175231 285727 437078 313448 301599 687106 274660 111547 192341 685570 578225 718955 999999999 879455 667653 503643 159370 450793 850060 596220 269542 603132 783809 560689 347865 339597 822510 283929 214998 434950 459866 643852 597223 174000 667582 460073 724539 672201 841999 267376 848931 556884 253095 188017 622841 206871 340582 770849 748351 332634 772410 576590 661675 732926 557484 48284 881909 370629 266938 737055 533422 566494 78584 595150 836725 614350 542600 318514 569120 408419 832637
709334 298102 520603 661005 651974 503011 384780 534558 775309 523308 366111 671217 261000 526054 405261 519436 922099 573381 757422 118003 1077217 353068 647189 1008210 578885 703133 674763 429775 783096 1042208 998983 764514 758891 745055 338133 626192 866192 759064 562770 305117 593375 879455 999999999 329592 597804 979798 570357 38781 651160 880626 659540 99593 513648 612155 562493 94539 941970 1073866 453735 784465 776952 295153 977731 247650 791087 885829 960667 256094 838680 33625 954681 630235 873247 469479 708947 1008825 365442 383646 748432 358911 581365 250810 781305 330834 870469 34654 626545 635216 507489 604961 371153 955819 851808 277917 269586 337962 561794 312392 531750 75106
386915 67737 323600 730345 322395 645703 69044 466138 450462 343638 49741 654968 424868 206114 115284 251963 950893 305087 481403 431663 892025 486395 339373 1028412 653564 532306 518162 607339 456747 805167 865380 446170 668187 456412 459014 392993 620512 612211 245025 185856 282543 667653 329592 999999999 601396 728195 264137 325827 321797 763820 708238 243943 549805 522807 328636 236781 653670 880578 345484 754644 824727 290621 806754 329434 469627 943241 981099 493913 552229 297569 932866 458157 727134 544591 466757 893453 540857 543005 451232 536232 624799 111558 864498 174552 643933 354589 336847 489788 642718 277731 105281 734660 865915 508096 258563 214946 392122 253746 262883 338909
873896 536794 370381 163254 755881 255158 576943 158938 774626 341672 645802 75947 355597 748332 712298 490939 350074 498143 581796 569237 603876 276728 621796 430170 133104 333568 298758 317433 792301 673099 465348 728479 222360 610132 276681 436251 568342 312626 782068 417880 825924 503643 597804 601396 999999999 659398 586818 559282 771355 346429 123810 537335 90311 169150 430362 595274 731747 614384 270366 188241 227116 334538 500324 353077 762605 345005 382264 433065 657248 580585 357485 320112 382419 154575 479393 453711 321033 293730 637717 325299 72953 514973 286261 426942 528467 580966 561146 271465 241066 689990 514711 574967 267370 418210 370565 386450 317324 354590 494256 526028
659959 713715 460949 807170 561875 901721 659822 553738 444056 463499 733031 627292 868890 687096 764643 478306 824963 423736 252880 1028998 279719 842998 421015 850572 792416 333312 370361 939917 459228 91063 404466 396153 472705 291002 823676 353690 113764 350700 691060 674685 717172 159370 979798 728195 659398 999999999 478992 954042 582404 418232 761728 881179 711312 498432 418363 912711 169315 251601 556845 618109 802907 713632 281388 787858 408643 881363 823551 972582 212459 947638 704575 380873 337814 771070 271140 463454 911835 890838 312337 912817 732178 744853 892200 649596 131557 986750 397646 407963 888731 536743 636110 112129 751531 969505 725134 643095 435858 678941 466683 941170
290999 273361 217130 744653 169871 728258 195987 427986 220435 246333 258488 612974 570742 222657 285652 97035 907464 99385 226348 653437 681650 596139 77005 971740 684558 373503 377323 720524 233517 562456 697035 197234 559393 194840 568632 200830 379830 461427 239754 300128 277877 450793 570357 264137 586818 478992 999999999 556141 186869 619014 709739 473196 573610 446960 166120 485260 390101 664812 326470 685132 809488 396536 612536 467552 227267 923453 928350 664568 289847 536765 850119 317905 561082 599101 244997 737747 664768 656088 187209 662297 637151 319681 872903 269188 416756 588309 82249 368290 720423 105707 199570 505825 818922 671799 384273 291621 280602 347766 92584 557350
710298 287216 493594 622562 646842 466404 376200 498608 765309 494742 365889 632854 222936 527244 410284 499949 883406 553043 736175 106857 1044856 314915 632525 969489 540366 671601 642465 394782 773921 1014558 963675 751928 722446 725892 299574 600983 840303 725509 564840 280264 597474 850060 38781 325827 559282 954042 556141 999999999 647284 844864 620831 83707 474926 576498 538291 102399 921646 1042124 421268 746127 738349 260835 944701 210075 779512 847502 921930 224707 818544 38734 916044 599499 839062 430753 683809 972626 329530 346928 730786 323048 542586 237218 743428 307576 842516 33004 608636 602534 470538 597050 356607 926918 813028 245962 237250 310991 531763 281332 512201 37435
104228 365816 403300 927065 21160 896166 275780 612980 166004 432598 287154 799563 713059 144512 268930 280587 1094323 284275 344893 752460 822786 753127 184992 1158186 863747 551724 559472 878630 162592 672557 862601 194688 743293 298603 724993 379205 504830 638935 126148 438977 138731 596220 651160 321797 771355 582404 186869 647284 999999999 794532 893522 564630 752573 633827 352457 557638 448474 801969 506154 871617 995325 547347 767069 609778 198654 1109840 1115011 797037 370612 619334 1034967 501843 730839 772154 403425 907551 818030 813151 271945 814692 818850 418377 1056836 410702 554912 676361 241199 553438 889566 81553 317039 636891 1005783 807915 526947 443137 467439 499199 278199 658309
895815 715425 443437 447418 774317 598209 712360 346287 724405 420761 794132 281806 675075 834241 851304 549918 408097 520986 483699 880869 266533 610630 610985 433074 465161 245818 248978 663862 743211 392295 121595 669994 128040 529264 603510 418248 376759 158061 856851 617788 896489 269542 880626 763820 346429 418232 619014 844864 794532 999999999 404204 798809 430336 268479 462207 849871 552998 282980 439612 221813 408079 586393 171497 637293 698340 469789 405330 765673 523073 855916 287535 310995 81552 497604 396293 130996 663592 636933 562295 667247 411453 717909 499827 609256 315136 872486 553375 274046 583948 719468 659106 308629 339975 753720 615695 578785 372371 579297 545133 817812
995576 641878 493774 45512 878386 218046 689614 282396 898353 465206 754485 134570 401567 865164 821428 613488 262611 621835 702224 610377 670502 311109 745589 348693 87122 446233 413422 300788 916060 765766 512434 851965 297616 732034 322011 559228 677669 411034 899821 522548 943707 603132 659540 708238 123810 761728 709739 620831 893522 404204 999999999 613447 159774 287850 554152 672346 845949 685399 389461 193972 119918 427464 571555 428022 886041 236643 301286 455924 775593 647478 316325 440677 458041 190117 599186 487035 330281 303440 760140 336110 84192 614430 163316 535466 632899 637656 684955 390106 204722 812319 627506 669513 196493 436974 463438 494655 441025 455853 617155 584934
630038 203509 423197 621285 563776 484525 292604 455295 681616 427371 285971 607620 237350 447563 334597 419994 874835 473834 657832 187860 985774 323609 549774 959536 538652 610818 583956 423169 690215 944772 915219 668582 680446 645735 302510 527491 767687 670789 485685 206903 519862 783809 99593 243943 537335 881179 473196 83707 564630 798809 613447 999999999 459256 531084 463419 58911 842463 981312 364437 719797 733015 213788 887778 185931 695978 846449 911530 272288 739190 66601 894352 536816 786308 425257 610155 928471 354997 367013 649570 348997 531539 153775 748397 231724 773389 115213 527554 545345 486259 513440 273633 859565 799509 290794 183115 241241 467554 221898 432300 95804
852485 483042 364626 181088 738896 190440 534360 167144 775194 338361 596668 166162 266330 713254 663670 476584 416527 493674 603359 480071 681418 186444 618451 500522 111180 378554 341738 238010 791984 734067 550755 732879 303445 625749 186817 449025 612736 375604 749004 363950 792785 560689 513648 549805 90311 711312 573610 474926 752573 430336 159774 459256 999999999 213128 429722 517905 766329 689792 247200 277402 278973 267753 576830 273371 767246 396395 452465 342869 683794 498317 441587 347695 458675 67393 504711 541956 233436 206619 650495 237302 75594 454711 315268 378396 579789 495145 560554 307170 177630 672499 472666 635474 340322 328310 303783 337697 326256 296646 482018 440670
737939 466642 232976 330417 616482 403383 482145 78509 617688 203986 560115 169686 416788 634099 623000 356443 460525 351299 414383 616194 487955 365402 470373 526744 298692 166879 130848 446578 635896 521940 387396 569108 150867 444999 352509 275373 402207 168367 663858 359006 706871 347865 612155 522807 169150 498432 446960 576498 633827 268479 287850 531084 213128 999999999 282305 583224 562865 492019 180262 241109 369770 318078 383423 369886 602766 479494 482346 513739 488430 587512 414734 153068 269205 275107 311358 397440 428212 404240 473841 430455 239119 460970 443834 355665 366876 604400 408424 102509 390323 552550 422771 423436 371978 504885 348103 320791 166500 313763 356835 549940
456685 301082 66856 591688 334620 600605 265979 272225 346014 91363 347400 450226 487619 372312 397150 88005 742332 69021 205520 619657 563594 489788 191438 805753 538406 217453 215200 607983 363195 486487 550499 303234 394360 210346 464599 66172 305432 304300 396508 258029 437517 339597 562493 328636 430362 418363 166120 538291 352457 462207 554152 463419 429722 282305 999999999 494454 391424 551945 192107 519167 648689 316035 480890 392711 337596 760926 762573 589638 291394 529989 684284 154000 411989 465884 147305 586017 561174 547179 228697 560062 486628 327630 716221 231702 319079 571217 131364 202655 590967 271736 226914 409043 653837 591728 318980 229590 115978 273664 82989 528282
614799 211955 460036 680125 558993 541044 295032 508573 685283 467110 271839 664964 293393 431523 311083 442498 933660 497437 681928 207308 1029480 381170 562263 1018284 597479 654493 629275 477130 692411 979629 964995 676877 733355 666051 360682 559831 799881 718000 468240 244701 499091 822510 94539 236781 595274 912711 485260 102399 557638 849871 672346 58911 517905 583224 494454 999999999 864178 1023827 412376 776790 791925 268200 933076 244689 702407 905325 970265 318392 760902 66030 951954 579526 834237 484143 641759 980071 409431 422765 667090 403276 590369 169965 806950 265369 809415 124091 546187 591681 543215 513701 288413 897041 858079 338270 235590 281831 509589 270705 454795 130517
