NAME : synthetic_000316
TYPE : CTSP-D
DIMENSION : 100
GROUPS : 8
RELAXATION_LEVEL : 1
EDGE_WEIGHT_TYPE : EXPLICIT
EDGE_WEIGHT_FORMAT : FULL_MATRIX
EDGE_WEIGHT_SECTION
999999999 104038 383744 431388 747810 437646 392892 861617 457966 180530 157502 378470 473458 156018 337398 288070 344092 349949 243420 205416 475447 411813 453668 265895 713038 965201 698112 235122 187497 121429 462563 459840 454223 738060 276665 104246 897443 820787 499104 325570 645951 889571 684564 137534 599119 692445 648679 326075 550738 459959 1000805 477224 929569 487356 686851 314832 287414 801442 471293 559800 325752 571112 911947 651799 86073 710735 727983 211571 176064 392612 614184 312485 236607 465014 377468 588719 77793 446652 700327 895426 193738 863543 831622 98567 606113 394115 375045 589057 244077 39240 709128 357693 469120 249349 265034 547058 295061 498200 680020 379189
104038 999999999 479121 337326 773794 518799 289919 809663 463720 97638 258563 477593 422972 93733 346620 186774 242981 433840 201618 103631 371577 406048 350032 161914 709298 901082 657432 339159 159608 60723 557770 386249 521631 652179 296096 23308 835638 786713 397137 224940 580634 855589 595256 159387 504513 621034 566344 365866 475798 554273 1026769 485291 955271 441463 716725 381892 221753 801380 475167 473222 429433 470464 930600 655491 161075 629165 653789 313534 73137 376219 667820 215994 263783 381176 385931 547376 174693 439161 677909 881455 248038 831789 785547 202109 609449 420597 277735 500218 210176 102172 723882 269443 391516 347878 332372 595150 381091 404857 612486 407854
383744 479121 999999999 743061 600166 128378 743651 982256 467744 514824 229358 43793 650687 538341 401000 665483 688547 98808 485677 582543 841247 479148 822071 631051 682975 1121897 799753 203798 442191 462034 78836 706032 213752 994008 357955 485677 1050701 882175 874108 669639 837867 942576 957630 366023 899145 899586 898592 300472 786832 76643 821789 471055 758397 647720 535670 194283 556633 742967 481852 833163 141424 900213 769121 607536 394694 952437 941377 182991 541323 500058 381939 644872 336529 740533 418560 712077 350139 504279 738834 875226 280488 911465 934376 291917 574361 365244 756562 867722 471058 410124 611567 741420 725420 136315 209050 358255 117166 881637 875192 352125
431388 337326 743061 999999999 785093 733012 114957 564183 475212 251410 561455 756057 261174 372467 415942 244956 113297 666873 260506 275198 201241 405224 204701 205375 633906 614672 466589 655542 300992 311533 815434 142459 695108 321616 416855 351138 558703 601031 267319 124339 315152 663470 260315 379627 167748 329952 246435 503712 192750 808774 1014498 496833 947570 289070 747746 580823 189311 725381 477227 147367 735688 159460 902023 613170 498401 308277 351601 615023 267693 357577 779508 121773 419343 86149 434923 376578 508096 419244 545846 751630 463233 649062 560833 518961 574884 505513 279927 167582 277377 438925 705938 336518 124630 633988 544314 700432 627557 365388 335091 502902
747810 773794 600166 785093 999999999 474230 866247 607442 322839 722611 687226 643873 534402 867303 429093 893322 818952 520704 605210 837717 975407 392578 970246 832596 217158 765115 468848 742853 622171 716759 598252 656799 386574 837583 478209 795120 705878 453830 1036236 807578 630820 483161 844336 619720 857342 691104 763643 422889 676961 587579 253403 299775 181957 508766 65598 472877 645270 201196 316082 765972 728227 919731 171738 186685 818894 783749 727741 687134 783791 437679 234294 772310 514080 720026 391782 468456 780210 370157 344497 341154 556888 454278 548229 722341 214261 354912 982879 796350 588495 786999 92608 1007795 681196 647231 510760 242222 554396 1106687 656902 369127
437646 518799 128378 733012 474230 999999999 753375 897402 382484 531309 302549 171980 597617 592764 344945 698398 697134 88545 472983 618146 858281 410029 841775 654838 572769 1043669 715816 311075 441647 487517 132007 672262 91820 951457 320214 530515 973067 785340 899210 678990 778717 842293 922809 378081 877522 842946 856878 241418 744898 121082 693411 380696 630143 589548 410462 152350 543766 625904 395083 802949 266525 892459 642002 497468 470493 905891 885368 272157 570305 440670 253563 649832 313706 715636 351074 638449 424743 428837 641490 761853 281968 810799 846170 361115 468728 285019 793350 838231 455701 470851 491631 788080 694125 222194 194050 233822 144060 922533 815574 275713
392892 289919 743651 114957 866247 753375 999999999 679062 547133 229038 539986 750089 361709 297654 467798 146962 56258 678646 290235 202482 111369 476125 104006 130820 730747 725411 578408 627016 311932 285042 819834 251582 728729 416354 453206 296992 671347 713570 170010 74530 430055 776881 350032 379384 243714 442563 352126 541167 307670 814465 1103742 569807 1035181 389418 823481 602207 229077 823820 551694 253996 714410 185529 993514 702843 445156 411539 461508 595232 216962 429493 834258 104834 444955 200479 494144 484081 464305 496140 650998 858991 472858 761647 675591 488743 661856 558873 165418 266298 309053 390339 792300 223812 236938 622428 559649 755218 633066 255265 449291 553180
861617 809663 982256 564183 607442 897402 679062 999999999 516227 713780 915913 1016409 388619 882688 590987 797445 667714 883533 618524 798362 746478 506566 757814 744106 391982 158191 182520 1010217 674182 755434 1024704 441877 813978 366422 648449 831478 101086 158042 811240 671180 249038 166239 416872 738430 501190 248740 358233 683642 371444 1014343 718182 516709 677096 374505 621013 789213 588205 423902 502927 437803 1052674 597653 610345 446251 947021 326362 251210 951812 764847 497283 768004 648978 685195 480060 566148 279484 933000 478675 273710 336507 758072 179039 59214 907653 452279 617710 844040 443011 617731 889018 519130 899169 448536 940598 788188 715405 878379 920746 232595 630256
457966 463720 467744 475212 322839 382484 547133 516227 999999999 402995 445816 503837 252309 557221 120594 570967 498007 368968 283409 518352 657585 71022 650837 509969 256734 661185 333979 528083 306269 404206 508530 362192 303575 602902 182694 486216 590609 416824 716639 485895 410938 480008 589320 321301 574711 476640 513717 177034 408399 498212 570545 23064 499665 234333 276468 277848 322942 343507 15058 486804 552030 621626 468989 193978 538648 552397 518825 467578 465117 118234 318050 450594 224534 421628 80505 258728 507496 60286 275653 445851 288417 449697 466940 460488 148164 102642 660050 520849 267377 495633 261518 685965 387118 444765 287144 243119 370269 784096 446195 116791
180530 97638 514824 251410 722611 531309 229038 713780 402995 999999999 314337 521134 329080 172689 294734 177734 174744 453000 122062 115363 328210 338707 310750 125139 636588 803483 565453 405806 103854 60193 591399 288764 517020 559032 257838 118209 738194 696754 368101 155703 483069 765389 504363 153385 418981 523546 471355 340290 378602 586283 973039 425652 901895 349115 669721 383195 125672 730155 412584 380290 489370 396593 871788 588667 253341 533945 556652 369106 62692 302374 644318 135584 236828 286517 330887 455852 257919 369281 594254 800978 249361 742623 691257 268230 543150 379251 273241 408893 136140 192519 664318 287235 294679 393958 337489 567690 405546 403491 514848 369170
157502 258563 229358 561455 687226 302549 539986 915913 445816 314337 999999999 221176 540933 309675 336062 444787 487774 214620 327942 361757 629008 421965 608047 417882 699060 1036541 740132 98341 272529 255544 307716 559714 341318 848479 272828 261525 966298 848878 655585 468776 726438 915703 801621 192266 726695 780785 755040 277109 648686 305998 933960 459692 864518 547526 622538 216673 390829 778681 460726 674926 175033 710798 857847 629275 168894 814573 819774 55337 326853 420415 515825 449829 232770 578954 370833 636460 123245 455530 715005 891014 160718 886946 877641 62561 586536 356705 532548 707094 319691 181031 667154 513673 574106 93194 176588 460653 160012 655101 762795 340265
378470 477593 43793 756057 643873 171980 750089 1016409 503837 521134 221176 999999999 677291 530343 430836 664355 695765 136259 501990 581205 844596 511316 824593 633495 723829 1154006 834066 177784 455352 465988 95911 726667 257377 1016026 383840 482092 1082764 919604 874467 676749 865293 980777 977405 376688 915025 926077 920680 332952 809462 98655 865330 508266 802093 675761 579313 227208 572102 785175 518190 852022 103018 911624 812906 648482 379898 975788 967554 169464 542871 529552 425480 653672 358836 758242 450967 743974 336818 537792 776656 916568 297477 949799 969505 282759 614451 401196 753371 886202 488411 401502 654402 734666 745185 129716 234643 401884 141089 876270 902621 387437
473458 422972 650687 261174 534402 597617 361709 388619 252309 329080 540933 677291 999999999 500956 253331 442304 328280 556842 230089 424590 461344 195477 461998 382429 372763 496514 237517 638246 286384 367363 708830 123429 533999 356302 293450 445301 427018 371398 526566 324318 188494 439216 337566 354980 326559 248917 263978 357405 156194 699795 755542 269501 689822 27929 504587 459627 204021 464307 248612 236560 693517 385429 642130 355711 558595 308803 290709 582905 384474 157480 570342 293680 321597 187117 248859 130084 546034 192084 290080 499379 391462 418474 362576 525148 320646 321193 510848 269740 230379 500404 450600 555142 147241 580715 442745 495055 536314 616576 225725 326241
156018 93733 538341 372467 867303 592764 297654 882688 557221 172689 309675 530343 500956 999999999 440352 160977 263804 505491 289425 97661 354468 498647 330296 169969 801249 964562 737855 372780 252033 153178 617014 447998 604016 693937 389323 72264 901428 869436 364450 249241 645970 938052 632453 250396 533321 680382 614267 456621 533982 614822 1120364 578882 1048861 521579 809896 463789 296942 893746 568524 517074 467237 483155 1024329 748531 164380 677134 709940 361190 117885 467269 756125 253529 355904 431460 479633 628417 198499 531364 765501 970838 333497 915306 862277 247602 702522 513640 231674 539937 299955 128843 817574 204624 448977 402746 413755 684894 450844 347292 675518 500622
337398 346620 401000 415942 429093 344945 467798 590987 120594 294734 336062 430836 253331 440352 999999999 469159 414454 305053 183132 409264 579099 86426 568873 410354 376278 723981 410610 424667 193130 288329 456085 331964 287697 606574 64354 368653 652751 513346 633344 399762 437976 579799 579702 200755 542981 500884 512179 104077 400409 446879 681147 140472 609727 247605 375040 207616 238825 464045 133940 463044 461706 572289 583985 314543 418529 561014 543078 364794 355120 99069 366743 365178 106403 381562 40192 314361 388500 119473 379125 562449 175522 550910 548134 344276 268758 91109 561916 498378 164880 375041 377486 581599 355152 349923 198057 287581 290305 689629 475222 86982
288070 186774 665483 244956 893322 698398 146962 797445 570967 177734 444787 664355 442304 160977 469159 999999999 132444 615821 288227 83150 193840 503065 170063 62160 788904 858459 675658 520835 281398 211152 743991 356171 691331 560910 435425 183953 800563 811299 211049 126420 550423 877743 495594 323211 390414 572720 491031 517866 429968 740240 1141064 593974 1070436 467737 842769 554657 256041 883216 579041 391882 613212 328960 1036505 748540 321211 552255 596212 499423 128258 461635 822045 150354 414104 320835 503404 571942 348917 530394 728551 938412 419168 858974 786610 386564 704195 555753 96092 408568 305397 274327 829869 116264 349097 534643 506908 745389 564593 226614 574576 546205
344092 242981 688547 113297 818952 697134 56258 667714 498007 174744 487774 695765 328280 263804 414454 132444 999999999 622638 235126 166193 165440 427194 154455 94109 691390 726021 554294 576624 255675 232251 764437 229145 672751 433255 397845 252704 668393 690131 219448 19049 419623 755205 369933 323663 269522 440340 359728 485679 298346 758954 1059320 520869 990134 355331 774451 545950 176683 785147 503329 260660 662611 227483 950383 659679 401728 421529 463862 542858 170009 381316 780355 49471 388880 188969 442088 454945 417585 448984 618281 827649 416764 738125 659449 438275 617622 505377 183137 279579 253983 344803 747288 232615 219384 568689 503444 701451 577400 291867 442781 499202
349949 433840 98808 666873 520704 88545 678646 883533 368968 453000 214620 136259 556842 505491 305053 615821 622638 999999999 406638 534584 781145 381318 763665 574766 588365 1023746 701020 233039 369262 405999 152934 618880 139810 904342 266675 444572 952583 783839 819461 604118 742916 844679 870776 299862 817790 805387 809034 202943 696916 144694 753322 372565 687138 552548 455280 97440 478063 651953 383114 747870 207710 825712 691806 513162 382095 861336 847416 187991 488286 404025 318033 576588 250731 657216 320704 614162 336365 405827 640686 781589 206057 813658 835568 272633 478459 266442 710029 782825 390561 382635 523567 702529 639331 139327 122792 279467 55520 838468 780192 253339
243420 201618 485677 260506 605210 472983 290235 618524 283409 122062 327942 501990 230089 289425 183132 288227 235126 406638 999999999 236453 400566 217366 388608 228160 514659 723019 458789 426189 57703 142114 556304 231863 440281 521477 163055 224854 654698 586080 452139 219179 405480 655020 477661 135675 413504 455920 427457 251129 320827 549324 853949 306317 783064 244954 554678 320656 71428 608137 292219 351321 494791 419772 751231 466824 328523 486654 493733 376592 184742 180321 546182 185695 159384 256558 215559 348710 316925 247358 476565 681418 205243 630725 590067 301869 421430 272722 379497 384944 18865 270717 543914 402667 247162 386382 283941 467601 369107 506603 440628 265355
205416 103631 582543 275198 837717 618146 202482 798362 518352 115363 361757 581205 424590 97661 409264 83150 166193 534584 236453 999999999 271723 453689 249165 72710 749526 873586 661955 439246 216595 133647 661116 358857 614907 596800 368785 101797 811895 795878 293854 151621 557212 863805 534937 246645 435713 588238 518407 447429 442106 657473 1088368 541016 1017201 447513 784282 476752 223633 843414 527872 420618 530998 387793 987088 703244 244924 581130 616344 416497 54343 416224 752033 157935 343262 337216 445937 554238 269015 483758 701135 909564 341281 842707 781477 303982 657882 491993 175451 442766 251285 194111 779631 176185 357526 451493 428223 676753 482745 304455 585251 481136
475447 371577 841247 201241 975407 858281 111369 746478 657585 328210 629008 844596 461344 354468 579099 193840 165440 781145 400566 271723 999999999 586565 25149 211285 833453 772742 664851 710316 418614 379240 918563 343640 837164 441736 563204 373212 725533 797829 66533 181870 500946 858268 373128 481321 264501 500762 398133 650944 381788 913767 1210517 680152 1142537 489272 933704 708231 340435 925578 661774 308913 801003 174969 1099261 809083 514733 450278 511622 684269 302269 539656 945438 214891 553153 284546 605487 577624 540708 605648 747079 952422 576553 845648 750141 573685 769047 670152 148114 308931 419423 465815 899881 210163 324769 715475 664233 866440 733603 175106 513884 664312
411813 406048 479148 405224 392578 410029 476125 506566 71022 338707 421965 511316 195477 498647 86426 503065 427194 381318 217366 453689 586565 999999999 579855 441639 303833 642847 325299 511088 246629 345619 528936 296996 340640 551311 149216 429017 571626 427056 645678 415296 369202 493738 532368 274374 510578 433986 459451 178694 350748 519198 638052 93716 567579 182432 347406 284903 252693 395359 76512 424491 546858 553584 534038 250411 495435 502697 476461 451215 401293 47649 380776 380000 190327 354614 60615 232929 468348 34956 294284 483652 261257 465076 462543 427482 204642 127150 590943 459144 202580 447924 326943 618613 321729 435609 281655 303378 372132 714115 405845 134478
453668 350032 822071 204701 970246 841775 104006 757814 650837 310750 608047 824593 461998 330296 568873 170063 154455 763665 388608 249165 25149 579855 999999999 191151 832906 788380 670798 688246 403739 360115 899664 346858 822773 460258 550523 350877 739760 804629 66008 169461 510911 866003 391658 464122 282470 513633 412977 637911 390440 895050 1207456 673562 1139021 489875 927254 692431 331003 925572 655557 321359 779389 195857 1096926 806362 491232 466680 526172 663233 281780 533354 934501 203705 538903 289817 596439 580968 517919 600127 749608 956148 559835 852574 759681 552075 765623 659746 123532 323741 407465 443073 896165 186033 329247 695253 647771 855682 715456 163113 525390 653380
265895 161914 631051 205375 832596 654838 130820 744106 509969 125139 417882 633495 382429 169969 410354 62160 94109 574766 228160 72710 211285 441639 191151 999999999 726757 811716 617256 500994 226462 169437 708801 302253 642157 526670 379784 166895 751837 752608 244695 81038 499094 819509 463869 276908 363459 525706 450750 464099 380743 704333 1079691 533006 1009172 407412 782790 507869 193882 821068 517779 352162 590576 315569 974738 686516 314448 513104 551786 473182 91033 399800 767107 95307 361300 273183 443705 512373 334931 468598 667365 877142 373311 800112 731004 363475 642256 498142 151569 372739 245791 260470 768270 178416 297635 504251 461517 689752 525502 280357 525121 489221
713038 709298 682975 633906 217158 572769 730747 391982 256734 636588 699060 723829 372763 801249 376278 788904 691390 588365 514659 749526 833453 303833 832906 726757 999999999 550102 254710 776097 549691 648679 704752 494644 481511 633560 439314 732384 489388 242681 898096 683930 428472 283572 648045 575662 676331 484725 567450 423317 494150 693811 389063 240184 328591 344910 230303 510863 532907 94313 242642 585729 788005 749884 273559 75499 794800 579882 518870 715924 699157 334520 390890 650111 481240 557875 336713 275795 764204 270179 128611 194200 544231 252492 332855 716785 112940 343347 869045 612534 502126 750058 127176 905085 517010 687425 531733 354482 603731 983109 450628 359720
965201 901082 1121897 614672 765115 1043669 725411 158191 661185 803483 1036541 1154006 496514 964562 723981 858459 726021 1023746 723019 873586 772742 642847 788380 811716 550102 999999999 329605 1133139 780448 851686 1168595 516740 962764 342456 777186 921426 71245 312791 833235 733310 320508 303592 407370 851413 510442 286039 375729 821524 431528 1158468 864068 664045 827312 489072 779192 927723 681018 578402 648724 471685 1182795 606694 759812 603965 1048573 322988 263953 1076488 847663 626587 924525 717276 810969 538640 703380 410032 1039875 618150 431190 478361 883058 324462 217248 1021547 608312 760527 889610 464774 725529 988692 677218 949220 516103 1069900 921995 869887 1014103 947177 289152 771949
698112 657432 799753 466589 468848 715816 578408 182520 333979 565453 740132 834066 237517 737855 410610 675658 554294 701020 458789 661955 664851 325299 670798 617256 254710 329605 999999999 832827 511475 599919 842507 327000 633602 385456 469769 680164 260447 135867 731382 553353 189258 202272 409557 569170 459166 236191 331717 501472 287515 832190 629938 335293 576057 216343 469033 606858 441179 318707 320884 375158 872103 545767 514890 289685 784158 332771 266771 773746 621834 319749 600126 525478 507878 380983 384345 110136 766205 296539 126418 295358 580710 183830 137712 736104 284996 435226 737066 394334 454984 728335 376440 785738 342074 760533 606870 541935 696434 831938 203185 447736
235122 339159 203798 655542 742853 311075 627016 1010217 528083 405806 98341 177784 638246 372780 424667 520835 576624 233039 426189 439246 710316 511088 688246 500994 776097 1133139 832827 999999999 370482 345920 273482 657878 372185 946296 363278 337450 1062691 937821 731511 557800 824312 1003787 898700 290527 821788 878995 853067 353271 746978 275271 982520 539795 914942 644083 677328 272157 488352 851289 543134 772075 94890 802009 914577 704020 212195 912763 918066 60505 410800 513328 550656 541224 325127 676059 456906 730785 174293 543657 801283 969682 252228 974445 970521 138359 663158 433004 603003 803912 418031 247096 732778 576426 672020 96029 244442 506358 189511 719614 860764 416742
187497 159608 442191 300992 622171 441647 311932 674182 306269 103854 272529 455352 286384 252033 193130 281398 255675 369262 57703 216595 418614 246629 403739 226462 549691 780448 511475 370482 999999999 99022 515361 287582 419084 575957 154031 182724 711949 636354 464370 237773 463172 705286 529998 81202 460472 513470 482585 237662 377296 509052 873840 328367 802490 299860 567901 290275 119048 641861 317078 403309 441926 458164 774866 496567 273225 542456 551076 322589 162297 217063 540931 208195 135654 307613 230798 401751 259782 279569 521561 723042 163522 680133 644297 244372 450587 275711 376513 436142 56627 216882 567550 390732 301580 335694 248430 464018 327309 506419 498329 265388
121429 60723 462034 311533 716759 487517 285042 755434 404206 60193 255544 465988 367363 153178 288329 211152 232251 405999 142114 133647 379240 345619 360115 169437 648679 851686 599919 345920 99022 999999999 539549 341006 481394 616721 240839 83971 785143 728087 413842 213242 531338 797015 563183 113009 479017 575034 527770 315570 431682 534975 969319 425999 897859 384635 660719 343762 170719 740882 415395 438380 430466 456153 871960 595363 198449 590026 609504 310606 82896 315496 619723 195306 211773 343720 327189 489783 199174 378584 617700 820842 208209 772828 729546 208130 549349 365371 306752 467673 149770 137731 664937 309340 349029 337629 295776 545310 356164 436871 564361 353358
462563 557770 78836 815434 598252 132007 819834 1024704 508530 591399 307716 95911 708830 617014 456085 743991 764437 152934 556304 661116 918563 528936 899664 708801 704752 1168595 842507 273482 515361 539549 999999999 771619 223421 1057262 419602 564486 1097665 916012 952254 745606 893967 973659 1023529 441056 968944 956953 961962 352601 849836 10964 804729 508620 744916 703643 536041 249330 627634 756666 521785 900278 195854 973444 762493 629469 471606 1014099 999108 259744 619387 554612 368950 720039 402748 809001 468620 760634 427501 550948 772123 893424 352230 942209 974548 370231 600526 408072 835297 935146 540888 488657 621438 820225 791879 214530 274228 361898 188052 960471 931167 396853
459840 386249 706032 142459 656799 672262 251582 441877 362192 288764 559714 726667 123429 447998 331964 356171 229145 618880 231863 358857 343640 296996 346858 302253 494644 516740 327000 657878 287582 341006 771619 999999999 619659 290366 353298 405808 453528 462463 409777 230522 198386 526677 251910 367481 213726 234788 195760 431988 90910 763570 878830 381773 813243 150625 624773 524847 172928 584995 361138 131123 725944 263167 765182 479123 539452 254894 268498 608348 330923 251513 677762 207104 369584 63690 339864 234149 537044 302686 403460 609292 429823 510537 430737 530632 443556 413732 410806 166472 241717 478674 573836 461732 24961 616208 497885 600258 588954 506052 227596 415097
454223 521631 213752 695108 386574 91820 728729 813978 303575 517020 341318 257377 533999 604016 287697 691331 672751 139810 440281 614907 837164 340640 822773 642157 481511 962764 633602 372185 419084 481394 223421 619659 999999999 890196 278585 536664 892668 697450 883294 655522 709151 753145 866477 368461 829982 774278 796911 191443 686015 212463 614126 298806 548638 522900 321936 140233 508332 534129 314974 750741 343880 853878 556231 406349 501560 842602 816742 323794 563655 376761 178471 623938 284011 668108 285178 562118 456823 354828 553858 670095 274034 721587 761473 392824 378878 213497 787378 786073 421875 490846 400203 789479 642762 277135 190262 144508 185339 917819 745430 207777
738060 652179 994008 321616 837583 951457 416354 366422 602902 559032 848479 1016026 356302 693937 606574 560910 433255 904342 521477 596800 441736 551311 460258 526670 633560 342456 385456 946296 575957 616721 1057262 290366 890196 999999999 637668 668229 310213 480437 498152 445746 206764 519631 68619 656650 177920 149441 95416 710116 207426 1048786 1015236 617100 960002 369648 824027 808525 458102 703945 596642 178964 1016114 269291 899951 651117 811987 53852 122412 898018 586016 513451 917653 441277 657686 273064 605018 370795 815849 543980 509062 666595 719835 520605 396092 815994 630697 677487 572172 154036 531977 751356 745729 634667 274433 906573 785107 845389 877264 613011 183184 682419
276665 296096 357955 416855 478209 320214 453206 648449 182694 257838 272828 383840 293450 389323 64354 435425 397845 266675 163055 368785 563204 149216 550523 379784 439314 777186 469769 363278 154031 240839 419602 353298 278585 637668 999999999 317076 706121 576054 613176 381450 481556 642920 604906 142471 557355 542274 542360 88118 430242 411197 731490 200988 659987 292660 420631 171574 229808 525836 196673 483386 405672 575965 638089 375724 356128 594961 583844 303986 314518 151333 387347 348512 42136 395425 102705 369770 324918 183156 443065 626520 112116 614291 607481 279930 330332 124612 530402 518583 144328 314978 433411 544092 374549 292909 149356 310068 242889 660071 518874 112619
104246 23308 485677 351138 795120 530515 296992 831478 486216 118209 261525 482092 445301 72264 368653 183953 252704 444572 224854 101797 373212 429017 350877 166895 732384 921426 680164 337450 182724 83971 564486 405808 536664 668229 317076 999999999 856341 809700 394999 235271 601110 878560 610272 178469 517529 640483 583529 384927 494851 561406 1048233 507679 976727 464081 737634 396569 243317 824371 497782 489398 429341 479724 952615 678265 149025 646444 672677 315803 83667 399456 685618 229382 283750 398441 408120 570146 168239 462224 701199 904755 264107 854849 807863 202634 632211 441376 271314 515586 233484 93588 746063 258026 410259 352607 346745 613688 391012 396188 632588 428374
897443 835638 1050701 558703 705878 973067 671347 101086 590609 738194 966298 1082764 427018 901428 652751 800563 668393 952583 654698 811895 725533 571626 739760 751837 489388 71245 260447 1062691 711949 785143 1097665 453528 892668 310213 706121 856341 999999999 259071 787804 674635 255548 262745 370259 781994 467423 228833 327559 750309 371133 1087564 818832 593872 778172 418774 716742 856512 614729 524693 578289 419540 1111763 564690 711377 539823 981292 281408 213996 1005846 784042 555428 858165 656857 740109 479773 632168 338791 971620 547067 367122 435799 812300 278638 159105 952164 541889 689623 836457 416630 656684 921697 616492 894851 454668 998895 850773 801969 942860 900593 226793 700940
820787 786713 882175 601031 453830 785340 713570 158042 416824 696754 848878 919604 371398 869436 513346 811299 690131 783839 586080 795878 797829 427056 804629 752608 242681 312791 135867 937821 636354 728087 916012 462463 697450 480437 576054 809700 259071 999999999 864294 689213 307350 68953 517020 688057 580540 338436 444658 593002 417436 905299 562183 411339 519405 348591 472908 694579 573760 266081 402127 501357 968158 671201 452958 305653 906759 431818 358062 877719 754417 432174 629881 661205 616472 515090 481377 241676 885746 394164 143890 188079 688169 48080 100887 850939 321278 519046 872834 516722 580513 852759 368316 921596 476828 859225 702281 585016 787086 966383 310084 533588
499104 397137 874108 267319 1036236 899210 170010 811240 716639 368101 655585 874467 526566 364450 633344 211049 219448 819461 452139 293854 66533 645678 66008 244695 898096 833235 731382 731511 464370 413842 952254 409777 883294 498152 613176 394999 787804 864294 999999999 233583 566600 924566 429866 521130 323049 564587 460262 700124 447985 948071 1273356 739393 1204976 554479 993084 751174 396129 990542 721454 373438 824180 228895 1162689 872187 528394 510268 573815 710350 332883 599256 998314 268327 599948 351029 661507 643862 558719 666106 813117 1018777 617380 912094 815871 597612 831555 724046 136348 371418 470959 484580 962133 188916 391165 744778 705553 919652 770004 114895 578696 717338
325570 224940 669639 124339 807578 678990 74530 671180 485895 155703 468776 676749 324318 249241 399762 126420 19049 604118 219179 151621 181870 415296 169461 81038 683930 733310 553353 557800 237773 213242 745606 230522 655522 445746 381450 235271 674635 689213 233583 999999999 424003 754866 383368 304946 284721 447322 369955 469106 303745 740161 1049276 508837 979812 350948 762175 528002 163375 777904 491639 271224 643635 245685 940999 650481 384264 432194 472180 523846 152170 369939 765062 35301 371545 194898 428259 452276 399406 438037 613787 823478 398334 737113 661255 419462 607946 490498 186741 291768 238041 326928 737114 232386 222720 549643 485196 686280 558665 300695 448382 483965
645951 580634 837867 315152 630820 778717 430055 249038 410938 483069 726438 865293 188494 645970 437976 550423 419623 742916 405480 557212 500946 369202 510911 499094 428472 320508 189258 824312 463172 531338 893967 198386 709151 206764 481556 601110 255548 307350 566600 424003 999999999 361718 221430 537245 273273 65742 142558 541419 122406 884658 813567 422355 756300 190377 618035 645489 360625 502906 402696 195874 881681 364325 697853 444368 728670 152939 107909 769949 528512 339385 719096 403801 510068 231251 427645 165122 721419 355073 306792 482931 579565 353399 249285 706539 424780 496049 595003 209387 409663 668568 539009 650394 201581 768983 630655 649666 724230 674025 37334 503627
889571 855589 942576 663470 483161 842293 776881 166239 480008 765389 915703 980777 439216 938052 579799 877743 755205 844679 655020 863805 858268 493738 866003 819509 283572 303592 202272 1003787 705286 797015 973659 526677 753145 519631 642920 878560 262745 68953 924566 754866 361718 999999999 562104 756552 632968 384696 493709 656841 476641 962861 560498 473063 525344 416871 509977 757059 642097 285507 465133 557436 1032009 725798 457533 353000 975518 474051 398671 943549 822799 500301 674453 727478 683632 577337 546937 309896 954215 460383 204489 174802 754994 31613 123688 918799 374502 581531 937466 570272 649463 921646 403606 987201 539945 923908 766589 634924 849986 1028375 359372 596449
684564 595256 957630 260315 844336 922809 350032 416872 589320 504363 801621 977405 337566 632453 579702 495594 369933 870776 477661 534937 373128 532368 391658 463869 648045 407370 409557 898700 529998 563183 1023529 251910 866477 68619 604906 610272 370259 517020 429866 383368 221430 562104 999999999 611173 109451 178584 80827 681719 181621 1015468 1034622 605457 976492 355264 825552 776478 411039 724243 584654 126715 971839 201151 918842 657828 755939 90679 165758 852544 527269 491183 906931 381565 621351 222671 582483 376211 762185 529302 528095 699505 680026 559853 440023 765979 633134 656081 504147 95510 489760 695698 753834 566815 232277 864043 749741 832375 840490 544680 208243 659469
137534 159387 366023 379627 619720 378081 379384 738430 321301 153385 192266 376688 354980 250396 200755 323211 323663 299862 135675 246645 481321 274374 464122 276908 575662 851413 569170 290527 81202 113009 441056 367481 368461 656650 142471 178469 781994 688057 521130 304946 537245 756552 611173 999999999 540960 589910 562933 206542 456454 435395 873117 341106 801643 364856 560925 231561 200248 664529 334365 484495 360725 535018 780540 515277 221337 622317 628383 241513 195246 257105 508818 279004 105946 388815 240938 461299 197697 309254 564425 758024 96427 729801 704781 170170 469438 264883 419141 517340 128085 174466 575768 422060 382217 255019 184619 435775 253739 549480 573121 251194
599119 504513 899145 167748 857342 877522 243714 501190 574711 418981 726695 915025 326559 533321 542981 390414 269522 817790 413504 435713 264501 510578 282470 363459 676331 510442 459166 821788 460472 479017 968944 213726 829982 177920 557355 517529 467423 580540 323049 284721 273273 632968 109451 540960 999999999 252742 143005 640113 182287 961632 1065359 593593 1003233 350161 830566 727165 342933 759957 572795 91425 900041 97363 949881 673943 665521 187506 254551 779564 433871 465238 891251 288524 567194 162092 553096 400759 675836 514743 566194 754464 618747 626228 515341 685913 643130 626812 394916 64963 428224 606358 770300 457739 189266 795973 695135 813920 782405 437465 274077 627532
692445 621034 899586 329952 691104 842946 442563 248740 476640 523546 780785 926077 248917 680382 500884 572720 440340 805387 455920 588238 500762 433986 513633 525706 484725 286039 236191 878995 513470 575034 956953 234788 774278 149441 542274 640483 228833 338436 564587 447322 65742 384696 178584 589910 252742 999999999 110248 604671 146400 947763 865815 488094 810644 253599 680610 708042 405134 554526 468437 192292 939253 348936 750511 505270 773390 96601 42476 825830 564348 402812 784494 431429 569150 252600 491936 229114 768981 420554 359672 521642 637394 381465 264155 757789 487676 561002 607769 194477 461830 712762 598851 666018 231422 826933 691611 715330 785162 675734 34223 568276
648679 566344 898592 246435 763643 856878 352126 358233 513717 471355 755040 920680 263978 614267 512179 491031 359728 809034 427457 518407 398133 459451 412977 450750 567450 375729 331717 853067 482585 527770 961962 195760 796911 95416 542360 583529 327559 444658 460262 369955 142558 493709 80827 562933 143005 110248 999999999 615471 112188 953521 954474 529024 895970 279426 745482 713342 365640 644465 508335 99152 921698 239903 838664 577090 724692 62978 113563 804032 502772 420251 830418 360783 562280 185169 511873 295413 726420 454111 448341 624191 624680 489004 374136 724102 552809 584832 514843 89257 437469 663844 673048 575376 181237 811790 689697 756786 781853 573118 134722 589225
326075 365866 300472 503712 422889 241418 541167 683642 177034 340290 277109 332952 357405 456621 104077 517866 485679 202943 251129 447429 650944 178694 637911 464099 423317 821524 501472 353271 237662 315570 352601 431988 191443 710116 88118 384927 750309 593002 700124 469106 541419 656841 681719 206542 640113 604671 615471 999999999 503480 343243 675256 186911 604202 351170 361045 106209 317657 501588 192025 563007 375213 662436 589783 352448 396082 664930 646924 292905 393751 202035 304648 436412 104177 478040 118148 411618 358209 204970 452620 616534 134003 626647 637580 302770 310437 79982 613529 598348 232430 365313 392563 623579 454395 267872 110238 229762 195216 743738 578594 63597
550738 475798 786832 192750 676961 744898 307670 371444 408399 378602 648686 809462 156194 533982 400409 429968 298346 696916 320827 442106 381788 350748 390440 380743 494150 431528 287515 746978 377296 431682 849836 90910 686015 207426 430242 494851 371133 417436 447985 303745 122406 476641 181621 456454 182287 146400 112188 503480 999999999 841370 883130 425147 820960 175417 652895 601159 263784 578640 404281 91698 813020 260196 767709 492507 630091 166867 178055 696426 418052 309916 726353 285922 450774 109415 401401 218898 627953 348228 386402 581379 514288 464939 369450 620972 463140 474804 472603 119514 329416 569267 588970 528246 85037 702320 577852 651245 670239 553416 144638 478588
459959 554273 76643 808774 587579 121082 814465 1014343 498212 586283 305998 98655 699795 614822 446879 740240 758954 144694 549324 657473 913767 519198 895050 704333 693811 1158468 832190 275271 509052 534975 10964 763570 212463 1048786 411197 561406 1087564 905299 948071 740161 884658 962861 1015468 435395 961632 947763 953521 343243 841370 999999999 794826 498144 734787 694371 525283 240514 620700 745712 511416 892455 200185 966989 752035 618535 470990 1005411 989949 259127 615190 545277 358599 714282 395050 801456 458948 750706 426601 540966 761409 882460 345719 931404 964079 368557 589657 397944 831932 927370 533742 486709 610511 817649 783970 212949 266623 351009 181899 957532 921837 386857
1000805 1026769 821789 1014498 253403 693411 1103742 718182 570545 973039 933960 865330 755542 1120364 681147 1141064 1059320 753322 853949 1088368 1210517 638052 1207456 1079691 389063 864068 629938 982520 873840 969319 804729 878830 614126 1015236 731490 1048233 818832 562183 1273356 1049276 813567 560498 1034622 873117 1065359 865815 954474 675256 883130 794826 999999999 547678 71507 728205 314278 717629 889192 311291 562043 974638 957421 1137497 115827 401521 1070721 962212 896403 929290 1034745 680808 439854 1014261 767479 942485 643050 664843 1031220 612063 506883 385896 809107 540730 662919 972173 441911 608313 1228582 1001596 837846 1040022 312190 1256382 902077 886497 758550 476224 793012 1349805 832329 622469
477224 485291 471055 496833 299775 380696 569807 516709 23064 425652 459692 508266 269501 578882 140472 593974 520869 372565 306317 541016 680152 93716 673562 533006 240184 664045 335293 539795 328367 425999 508620 381773 298806 617100 200988 507679 593872 411339 739393 508837 422355 473063 605457 341106 593593 488094 529024 186911 425147 498144 547678 999999999 476748 250195 253693 284075 345944 324929 20890 505077 560222 642169 446597 174736 557091 566030 530047 479330 487685 140562 301494 473536 242394 441849 100308 266392 525042 79096 268637 431325 304049 442360 465935 476660 129475 108858 683112 538844 290179 515161 239197 708918 406728 454562 297050 228321 377210 807140 457002 124363
929569 955271 758397 947570 181957 630143 1035181 677096 499665 901895 864518 802093 689822 1048861 609727 1070436 990134 687138 783064 1017201 1142537 567579 1139021 1009172 328591 827312 576057 914942 802490 897859 744916 813243 548638 960002 659987 976727 778172 519405 1204976 979812 756300 525344 976492 801643 1003233 810644 895970 604202 820960 734787 71507 476748 999999999 662738 243454 648519 819198 258824 491406 912167 892460 1073289 67989 334486 999885 906594 842789 861030 963521 610774 377238 944727 696033 876933 571719 603743 960628 542134 450981 353648 738119 502862 620200 901907 373493 536865 1158376 939955 766853 968776 242910 1185612 836782 818924 688733 408690 725476 1280167 776819 551070
487356 441463 647720 289070 508766 589548 389418 374505 234333 349115 547526 675761 27929 521579 247605 467737 355331 552548 244954 447513 489272 182432 489875 407412 344910 489072 216343 644083 299860 384635 703643 150625 522900 369648 292660 464081 418774 348591 554479 350948 190377 416871 355264 364856 350161 253599 279426 351170 175417 694371 728205 250195 662738 999999999 480407 455117 225228 436382 229390 259430 696117 411615 614616 328907 572987 320404 295944 587702 405936 149219 551668 319825 323535 214285 238836 106975 558512 174702 262961 472534 394811 395223 345181 534772 294693 309438 537616 291777 243318 515647 424154 581148 174050 583134 441176 477446 534675 644161 227644 315728
686851 716725 535670 747746 65598 410462 823481 621013 276468 669721 622538 579313 504587 809896 375040 842769 774451 455280 554678 784282 933704 347406 927254 782790 230303 779192 469033 677328 567901 660719 536041 624773 321936 824027 420631 737634 716742 472908 993084 762175 618035 509977 825552 560925 830566 680610 745482 361045 652895 525283 314278 253693 243454 480407 999999999 407684 598982 239851 271950 739694 662874 887797 237313 179350 756469 770478 719070 621757 730094 394055 178169 726880 455005 687121 339412 453246 717186 328871 350008 382613 494840 479716 562120 658676 193330 296287 933858 771398 537373 726085 106542 956221 649539 581671 446242 177431 488806 1059354 646684 309734
314832 381892 194283 580823 472877 152350 602207 789213 277848 383195 216673 227208 459627 463789 207616 554657 545950 97440 320656 476752 708231 284903 692431 507869 510863 927723 606858 272157 290275 343762 249330 524847 140233 808525 171574 396569 856512 694579 751174 528002 645489 757059 776478 231561 727165 708042 713342 106209 601159 240514 717629 284075 648519 455117 407684 999999999 391533 581658 292466 654728 277544 740245 644288 436963 366953 764910 750107 214730 426504 306607 303191 498251 161484 565679 224344 517827 323425 310654 552577 705058 135555 726419 742410 260598 398665 175577 650466 689868 303458 352046 460744 650420 545934 178693 50057 244176 93418 780632 682761 161065
