NAME : synthetic_000778
TYPE : CTSP-D
DIMENSION : 100
GROUPS : 8
RELAXATION_LEVEL : 1
EDGE_WEIGHT_TYPE : EXPLICIT
EDGE_WEIGHT_FORMAT : FULL_MATRIX
EDGE_WEIGHT_SECTION
999999999 601958 242929 413134 321833 505759 322366 516909 381220 474299 451848 305044 282953 173144 381840 319790 388257 191095 464654 476130 533083 509074 656330 472219 314373 287434 298637 514498 264632 789301 376701 465808 243490 517748 665087 513755 284610 757294 158143 567003 680073 584601 392466 618595 488077 579306 510323 498499 634673 175807 485779 628784 537991 201321 224225 487663 304090 772742 637327 217928 439956 635715 653908 349033 382403 360449 596196 433123 429773 372156 339181 606178 145957 738563 554621 271078 212467 149706 645556 130590 210181 370501 588097 274807 832909 73188 689165 533338 278202 151286 697664 375769 316155 513697 685950 196722 636700 388568 427541 370922
601958 999999999 432607 700466 298108 1093927 689746 1093307 331454 789407 658307 403427 323916 765947 252562 650325 736149 518471 138667 1000530 608075 696696 830923 1073418 538199 602297 878614 395652 606085 980696 857682 409322 785173 1082679 502578 961455 694687 250156 751252 782398 699614 1137059 946587 458554 230697 528065 941484 1081775 733082 723643 328358 731635 1041560 401125 611886 245111 342081 908664 552878 650372 338546 154688 838108 466329 946604 333535 404697 1034626 323541 955584 843309 963141 745773 188462 421347 472793 810601 608400 661735 474930 745170 833638 603128 595085 952920 533141 198376 1111235 847835 720066 143153 326828 635681 1012892 808135 411853 600972 990338 1029280 882900
242929 432607 999999999 310202 249554 675200 509674 668148 143028 397274 589595 333326 137180 412338 180949 490210 326062 87366 298812 567936 337336 360211 516956 674405 144463 183911 539601 272568 428253 666931 425934 225609 483951 653972 427504 536956 484733 535687 352552 439621 482288 705604 517454 378911 262062 352745 520111 660118 460370 302940 243913 455648 609924 157059 401898 258146 90563 624813 409519 217767 197878 422324 518880 416072 519986 124902 353717 638172 406944 537003 410723 566242 379662 530019 313818 351835 445378 182447 443527 184856 319047 403107 379535 429911 682065 210274 470247 686434 426435 393672 494691 352894 221911 581401 525957 103716 419461 604629 634680 450330
413134 700466 310202 999999999 559622 574863 735164 541964 369107 89628 853073 631139 446502 513392 458232 729541 63866 264237 582983 385934 206670 115074 244324 630404 169623 136496 624591 363869 670954 377750 243679 321333 625397 509554 429151 285419 697671 716912 397626 154171 320651 532166 393141 409405 480344 317106 258905 550649 247829 308557 400242 241325 395081 454400 633607 468497 383264 361151 362396 199383 371655 636103 241156 706364 411771 369202 426229 606052 716255 461900 265416 263331 474234 739804 375650 633436 518398 263430 299936 448195 289092 212494 270912 678359 421391 436410 665972 559630 371155 535038 717583 661315 100065 367738 281997 401793 328523 601459 607326 294104
321833 298108 249554 559622 999999999 826883 405823 834882 264724 645990 416621 130638 117196 474759 180729 370215 571589 309472 176473 770502 561239 604507 759808 791710 393283 429857 582592 415978 318422 911689 643309 391331 487137 831533 574462 767656 403873 504920 478864 686502 695317 893935 699814 521331 288632 538243 754612 818457 691102 472060 351465 687197 823156 128490 317942 297840 194041 862759 586707 436055 321822 379694 762817 216057 694261 246580 476356 752223 158422 691496 617610 812641 458841 465181 458756 190012 521228 374815 654756 191310 500330 625949 588494 310070 917775 249061 437405 851883 590727 424875 419661 107756 468528 795921 761395 167495 614308 703896 746047 655335
505759 1093927 675200 574863 826883 999999999 673644 58541 811626 550295 839309 800372 770164 387785 851752 701155 511174 588571 955297 221751 780521 683415 750517 122366 634948 562114 363188 889142 677834 805440 332877 837711 465729 102951 993451 373873 628216 1207385 348029 675772 889016 162788 181817 964122 935394 883118 400483 27872 805811 372726 894377 799471 270798 702214 637649 929755 762205 847669 933356 473439 851410 1097334 740460 821952 166032 797172 966414 140241 929491 138608 310642 530350 384861 1205191 915615 750796 341142 492753 872907 635725 357200 363416 845314 694277 898815 578944 1143759 57026 248766 452586 1169600 877875 551066 277393 811591 682685 903048 196250 149692 280999
322366 689746 509674 735164 405823 673644 999999999 708854 613986 795935 165688 286387 461701 301661 564422 42729 709970 493696 581473 733891 837685 827514 977485 585255 620980 606278 318764 768408 88471 1111668 672031 728073 208353 727956 929491 808768 46623 910542 405145 888699 985228 802750 635277 878112 680975 862235 811179 679344 948781 471570 718901 943178 803457 374486 107847 687055 525702 1093473 918575 539933 678287 785498 975457 235355 614973 591615 843165 549066 388253 575265 628611 919162 324187 867788 812031 217904 340290 471908 948140 325039 505710 673294 886258 95804 1153496 308640 843210 720229 526131 242055 821651 365959 637191 784365 1004149 415432 928720 488680 539902 651360
516909 1093307 668148 541964 834882 58541 708854 999999999 800779 510247 874039 817354 770836 415224 847231 734094 478108 580843 955088 172369 748573 647231 705646 179559 615852 542013 405642 869002 706786 754230 298287 818231 502676 45361 966003 323415 662801 1195305 359080 633941 851123 106717 155690 939119 925357 854753 351214 35090 766136 369699 878759 759890 215156 708213 665496 918870 756911 799710 903260 459038 836968 1088459 695208 844612 148359 787601 944436 192971 945111 145248 282831 478508 407124 1196683 893282 771405 370856 486590 837004 644932 349334 329481 812853 722885 849593 589753 1133048 18528 245941 480060 1162596 892118 527328 224164 768002 684525 870396 244804 202008 248958
381220 331454 143028 369107 264724 811626 613986 800779 999999999 458250 665561 384448 159731 552988 100068 587857 405655 224767 218822 687266 307748 375557 521828 816039 208459 276881 679637 156618 527398 674814 539491 126637 617044 783231 318514 633846 596127 395876 495350 461604 433406 829777 647246 265989 124838 273518 612539 795131 439065 441776 107091 435984 721377 239532 508934 118177 88298 615027 322754 342462 64306 288618 527069 472533 652489 22459 229206 780230 414659 674358 531944 632090 521418 396912 200514 424908 587512 320915 392742 296908 454436 513011 326730 525315 666782 337310 332358 819233 563413 529695 365770 370673 307466 692529 512458 202723 349732 747526 776940 571327
474299 789407 397274 89628 645990 550295 795935 510247 458250 999999999 922213 712011 534164 551909 547859 793890 86043 344498 672601 343335 259785 144686 211455 621357 258783 217518 653091 442900 737201 319532 220643 403666 668451 473108 488444 219062 756107 797273 431381 127166 341622 484128 372843 475877 567606 378030 189588 524227 255905 343969 484523 249647 337978 536929 698046 555393 472402 323637 415715 256404 458263 721148 204085 784424 395615 458720 498956 601815 801608 452923 255255 173865 513788 823457 449780 709829 549383 326849 330851 524487 317497 192936 318463 745865 382260 506595 748748 526824 378046 582147 802838 746149 178893 312997 265617 485325 373437 606207 604488 273656
451848 658307 589595 853073 416621 839309 165688 874039 665561 922213 999999999 286310 505862 463669 594997 142187 836511 595738 576439 892535 926776 934465 1089162 750076 719045 718555 483260 821957 187769 1230532 820040 789017 373985 892248 983429 957761 211284 898820 559210 1003270 1071745 966815 795405 930499 705251 931927 957563 844799 1046880 616741 762766 1041773 961092 436132 230070 714350 580760 1202810 985235 666921 727897 778962 1088617 201652 776234 644380 888792 714273 335088 738965 778353 1057929 482570 845448 865739 241351 504361 595512 1032683 411567 651655 818034 967958 177067 1261946 416709 835433 885623 683829 401460 799213 338022 753115 940719 1108276 486790 1003889 653805 705047 804080
305044 403427 333326 631139 130638 800372 286387 817354 384448 712011 286310 999999999 225816 422412 308962 247599 631082 367624 299141 779834 665383 692954 849830 747081 475295 495360 511573 539522 203304 998676 669180 510184 404943 821136 699987 802054 292724 627778 459353 770338 805467 889170 697500 646888 419137 655803 793621 796247 791949 477135 477969 787480 839534 177897 214665 428073 303835 958123 706875 475471 445067 504060 851367 88097 686929 364261 603726 707407 130223 672116 636396 869167 416898 582258 582980 70145 470981 405659 765371 195103 509868 657244 699424 191737 1015204 236773 561574 833012 582960 362956 535986 86537 533530 814142 858915 231732 730205 653518 700071 670925
282953 323916 137180 446502 117196 770164 461701 770836 159731 534164 505862 225816 999999999 453166 106795 432836 463076 209511 185251 687886 445394 487516 642641 751200 278339 320833 573480 316116 373785 794621 552092 284544 494041 762069 477765 669498 448408 479740 427823 569931 581963 819391 626842 424969 223012 429991 654080 758410 574665 401312 259378 570654 735133 93710 359999 227290 78788 745718 481270 341969 222279 355742 645713 313704 625193 138855 385185 712779 275475 631954 531598 703416 428765 456401 359935 265522 494985 290170 541593 165941 424783 531689 475412 370157 800960 219884 410967 788604 524975 415853 414900 224464 359010 707079 644512 88164 504598 670760 707797 570624
173144 765947 412338 513392 474759 387785 301661 415224 552988 551909 463669 422412 453166 999999999 554251 321892 470662 348014 630815 433182 669783 622735 754839 324690 458149 411835 127565 680271 291565 870697 387831 630065 119296 429904 825045 519957 255055 930003 121693 664313 812472 503935 333855 780998 661221 732086 526728 388701 754806 207991 656222 748508 503368 366016 250420 660738 477197 871067 789901 318127 610206 807790 749951 435375 313312 532620 762540 285043 552631 275973 342284 646100 39316 909562 718710 366896 48612 273853 781573 291413 235708 395704 729760 307673 930900 234059 861717 428435 227596 64935 867882 504936 429734 485552 795338 368746 782298 231677 277659 358900
381840 252562 180949 458232 180729 851752 564422 847231 100068 547859 594997 308962 106795 554251 999999999 533561 488277 267839 124879 748584 407662 473707 621538 842258 290932 351278 676725 237799 476050 774590 605138 220072 600127 834257 394185 710265 553325 375858 517652 559494 530371 886533 697792 341109 116938 365847 691159 837838 538939 479142 171080 535925 789000 200486 464821 122668 90619 715051 410785 398466 145526 253974 626589 396034 699446 91360 295627 804652 320711 713167 591430 721406 527554 358337 279636 359694 594207 360646 489768 271628 497922 581108 424204 471142 766570 323362 307471 865403 603513 520164 319570 281172 385932 760330 612473 185528 443067 765788 800273 631060
319790 650325 490210 729541 370215 701155 42729 734094 587857 793890 142187 247599 432836 321892 533561 999999999 707855 481169 544825 750432 822389 818037 969998 616918 607788 598062 351800 743407 61964 1107070 680796 704699 238961 751192 905048 818276 75868 873997 417708 882128 969498 825552 653218 853177 649519 841525 819116 705534 936571 478251 691536 931118 819133 348709 95987 656190 499832 1085316 897223 537497 652025 749384 968512 193020 634111 565636 816607 579954 346111 597593 638420 923085 340392 829793 787211 180645 363555 467664 931753 305560 512941 680116 868905 62685 1145103 296504 807067 746144 541779 259318 783550 325318 630494 798987 994045 392712 909642 519899 570963 663200
388257 736149 326062 63866 571589 511174 709970 478108 405655 86043 836511 631082 463076 470662 488277 707855 999999999 265075 612924 323258 270487 174977 285009 568773 197996 142257 576338 418125 651261 403892 179829 372860 585892 445903 491637 232272 670313 768320 351550 195115 381773 469962 329535 470081 522620 379638 208393 486859 305083 262943 448560 298563 336006 458001 612023 511699 407181 400649 425890 170363 416270 681960 279569 701577 348584 402651 484196 545418 725119 399920 202371 241060 432059 787386 433151 626286 471207 241021 362655 441317 239216 148631 334778 660032 460332 421412 714901 495789 312764 498262 762826 669082 104231 308106 330965 407743 392385 543274 547032 230310
191095 518471 87366 264237 309472 588571 493696 580843 224767 344498 595738 367624 209511 348014 267839 481169 265075 999999999 383047 482490 345538 338767 493659 591591 127352 127908 475298 333610 420172 637593 343220 282679 433731 566652 477405 460484 462274 620234 273750 409120 493195 618849 430140 432985 347184 388485 446020 573126 455481 217187 317918 449988 526830 192945 387183 342233 177226 607086 446530 133231 272353 508770 493492 442159 432645 208993 415981 556169 460546 450643 325333 505496 312287 616702 371027 369872 375664 96259 457352 185580 231915 322232 398217 425230 666321 185160 555641 599145 339857 340342 581842 404283 165909 498557 513531 143205 445843 525617 553148 364817
464654 138667 298812 582983 176473 955297 581473 955088 218822 672601 576439 299141 185251 630815 124879 544825 612924 383047 999999999 865530 519804 594261 738439 935393 415782 474968 746239 325975 494554 890969 724733 323207 657036 945073 464700 833343 580347 329177 612762 680353 631310 1000468 809212 414010 160798 460913 814846 943267 649915 585389 253961 647470 908717 264880 494221 174894 209292 826899 497721 515864 246501 204922 744209 375732 808697 214542 362043 896727 258759 816990 708380 846218 609287 289163 361799 364187 674649 471125 591345 339406 607478 701783 527785 485672 876006 397077 262476 972965 709460 587447 244092 239203 510202 880209 724521 273235 537846 853220 891509 747860
476130 1000530 567936 385934 770502 221751 733891 172369 687266 343335 892535 779834 687886 433182 748584 750432 323258 482490 865530 999999999 591437 484378 533854 322111 487350 413767 472647 733057 710790 583691 150214 684422 543733 131318 814866 152122 687451 1073590 335445 464367 684931 147236 101032 792663 811514 702843 179095 193949 598244 302971 752599 592119 71201 642165 667581 803097 658489 627389 747997 350173 714185 975217 523265 823846 126176 677525 803842 318057 900267 185347 157225 308829 410218 1083206 752503 746450 400961 398285 673357 590784 271547 179990 654373 725152 677640 543167 1015029 187171 208793 492049 1053035 844395 391022 61801 596820 607700 711248 349570 324493 117674
533083 608075 337336 206670 561239 780521 837685 748573 307748 259785 926776 665383 445394 669783 407662 822389 270487 345538 519804 591437 999999999 117837 223028 830242 218939 258503 791221 217526 760632 373029 450312 199301 769979 716150 228700 478495 807551 561108 566378 189444 147688 736698 598706 220124 377595 119565 449301 756699 131332 481330 279929 128269 595131 493253 730322 363027 367256 307590 156970 356819 274145 506562 230727 750721 616230 320390 251831 803454 717180 663322 470097 407334 630903 599020 208335 688927 685135 396832 112587 518021 470750 419094 65104 763837 359111 529344 522255 766274 565850 676139 587017 668995 247705 568908 205019 440781 122804 792831 803866 500314
509074 696696 360211 115074 604507 683415 827514 647231 375557 144686 934465 692954 487516 622735 473707 818037 174977 338767 594261 484378 117837 999999999 156883 743748 218115 221723 736881 321421 757721 307264 350545 291345 731868 612225 345837 363623 792596 672758 509524 86146 206834 627352 502547 337577 467247 237391 333911 658368 133323 420816 374690 126865 482487 515357 722913 453541 414497 268355 271660 305037 358176 609063 158715 773712 522647 382450 366401 720207 762919 574868 376878 290755 583429 706182 320028 705083 630385 361520 189776 523462 403088 320085 173915 763457 327573 521638 629905 664405 486073 639888 690553 710698 194976 457154 176896 461406 228795 716463 721679 402650
656330 830923 516956 244324 759808 750517 977485 705646 521828 211455 1089162 849830 642641 754839 621538 969998 285009 493659 738439 533854 223028 156883 999999999 829209 374915 371948 861192 439661 910360 153109 428681 421718 868579 665110 409800 388677 940917 772858 636459 90630 195659 662657 578359 421051 600301 322969 358604 723521 113187 547649 502936 111204 510769 672238 874371 585816 568161 116838 331358 443667 495103 727517 12630 930504 602596 531217 463000 811335 918098 661872 465816 258532 715964 816304 425531 861469 756213 506858 210367 678991 524140 402733 243066 916757 177070 674396 739527 720954 589492 778955 807114 866471 340340 491031 66731 618288 275744 817405 814366 481168
472219 1073418 674405 630404 791710 122366 585255 179559 816039 621357 750076 747081 751200 324690 842258 616918 568773 591591 935393 322111 830242 743748 829209 999999999 660279 591579 266850 912054 602005 898920 400959 859932 377961 221289 1030915 470736 541762 1209970 324612 748518 950532 285129 251713 996581 936309 923757 494249 145005 872163 376834 907613 865683 380908 673515 564826 932530 755859 932820 977200 494625 862764 1094061 820131 756780 226662 799150 992333 39730 877303 169058 367833 627694 333654 1200242 942877 690835 276102 496157 930154 601922 372375 428569 895304 618881 986743 543428 1143950 179323 266641 386022 1161770 829115 588353 382363 886749 663124 952807 97195 47210 348161
314373 538199 144463 169623 393283 634948 620980 615852 208459 258783 719045 475295 278339 458149 290932 607788 197996 127352 415782 487350 218939 218115 374915 660279 999999999 74194 582898 254236 546498 523451 337496 202782 553346 592980 374859 425480 589564 586240 364833 295504 366381 632805 460178 337069 328629 275151 404099 615231 328921 288075 265425 323567 516279 297491 514262 318817 213656 485483 332529 165661 227104 490831 376147 555601 470134 204672 332723 628523 551146 503248 336657 431374 420126 598017 282750 487293 478676 184807 331260 307482 287950 309266 274204 550938 543897 312361 528291 634361 395049 459413 570468 497328 99472 487466 389321 243578 324761 607561 627163 374804
287434 602297 183911 136496 429857 562114 606278 542013 276881 217518 718555 495360 320833 411835 351278 598062 142257 127908 474968 413767 258503 221723 371948 591579 74194 999999999 532719 327264 538453 512173 264283 276242 515355 518817 439709 359180 570926 659953 308537 284796 400794 558861 386323 405208 399509 334814 339921 541968 348273 225810 339464 342250 444730 319512 502501 390370 267041 487390 390455 100304 300421 562615 370675 569909 396845 270173 404417 561012 584475 431898 262465 383003 372794 670234 353829 496974 426690 141599 369820 311831 220730 236743 320133 545064 547315 302649 601340 560510 325230 422153 641542 528816 38748 415881 398619 267818 374803 543396 560159 300676
298637 878614 539601 624591 582592 363188 318764 405642 679637 653091 483260 511573 573480 127565 676725 351800 576338 475298 746239 472647 791221 736881 861192 266850 582898 532719 999999999 807823 343211 967661 465365 757556 114180 432507 951909 585896 276126 1052492 227375 771448 931687 507321 372358 908249 785817 857626 598278 373205 869951 316152 783395 863551 543617 483328 310212 785874 602303 976033 915272 435696 737412 929166 855292 505835 346471 659021 890100 231708 639609 291309 419767 726106 163394 1029136 846160 448066 106617 398095 902173 408626 337126 479923 852367 360152 1035151 353689 983917 414316 291310 158792 986519 597399 547283 531533 905857 491458 905846 171174 222326 426038
514498 395652 272568 363869 415978 889142 768408 869002 156618 442900 821957 539522 316116 680271 237799 743407 418125 333610 325975 733057 217526 321421 439661 912054 254236 327264 807823 999999999 682551 586804 583096 52143 756469 844503 161948 648803 748598 354405 604717 402864 307036 880007 713348 109773 169542 135356 622739 869215 337962 536288 72015 336812 753383 394699 662353 154598 243741 513033 173809 418417 94473 289287 447866 627585 724091 178341 82375 879111 558002 757227 587726 608384 645428 384765 43913 581490 709254 421635 267887 447073 540067 553072 207555 681008 557711 481206 308581 887474 648346 665681 370180 518812 343186 725111 412870 353810 211914 854133 877181 624699
264632 606085 428253 670954 318422 677834 88471 706786 527398 737201 187769 203304 373785 291565 476050 61964 651261 420172 494554 710790 760632 757721 910360 602005 546498 538453 343211 682551 999999999 1048682 632903 643336 229251 720675 844034 770688 89795 823340 375625 822944 907669 794087 615783 792321 592544 779695 770034 679933 875378 429407 631701 869964 778208 287947 43268 598702 439223 1025358 835484 481116 591646 698065 909105 167850 598362 505103 756404 563754 315501 566584 591729 870372 304061 781903 726301 133377 336833 410415 869866 243599 464384 630405 806962 16957 1085033 236113 755771 719882 502170 226809 735918 286475 571522 756891 933433 331078 847694 504918 555185 618517
789301 980696 666931 377750 911689 805440 1111668 754230 674814 319532 1230532 998676 794621 870697 774590 1107070 403892 637593 890969 583691 373029 307264 153109 898920 523451 512173 967661 586804 1048682 999999999 511007 572330 987776 710385 535906 431570 1073066 908113 749588 228710 309071 691729 648587 555692 750485 462825 405653 777625 249670 663032 652338 250271 543317 820798 1011097 735847 720752 94740 460388 572218 646705 871764 148991 1077857 675230 684323 601853 886839 1070079 738244 553874 275842 832868 956141 568726 1007210 865862 639888 336598 823097 635363 490890 383133 1056098 109046 814022 879773 767186 683169 901653 950006 1017962 477490 530369 176440 766948 404165 902021 891261 559674
376701 857682 425934 243679 643309 332877 672031 298287 539491 220643 820040 669180 552092 387831 605138 680796 179829 343220 724733 150214 450312 350545 428681 400959 337496 264283 465365 583096 632903 511007 999999999 534269 506813 266647 669604 137797 627370 923679 269577 347715 556296 296914 152753 645202 663190 557892 139561 307894 474190 203590 602548 467786 183993 516818 590098 654396 516003 535005 605378 210152 564524 826634 419930 723634 174975 530748 654677 382720 782480 233192 45940 260974 355101 934406 603318 645424 370850 268872 540118 474870 168564 31281 514569 645315 590844 434854 865589 315962 174723 434834 905070 725790 240808 155490 485803 476869 572127 392046 385932 53031
465808 409322 225609 321333 391331 837711 728073 818231 126637 403666 789017 510184 284544 630065 220072 704699 372860 282679 323207 684422 199301 291345 421718 859932 202782 276242 757556 52143 643336 572330 534269 999999999 708538 794335 202416 604667 706457 395798 552944 375677 310736 831113 662544 153314 178630 146968 579374 817994 327482 484151 83345 325362 706740 356717 621215 164255 208257 504443 196726 366453 76910 319069 428795 598181 672885 145962 133820 826969 539707 705414 537568 572574 594847 419856 88846 547748 658307 369758 270248 404502 488000 504565 205368 642683 552837 435580 345126 836722 596376 617093 400825 496933 293706 678296 402423 312642 223594 802096 825040 574895
243490 785173 483951 625397 487137 465729 208353 502676 617044 668451 373985 404943 494041 119296 600127 238961 585892 433731 657036 543733 769979 731868 868579 377961 553346 515355 114180 756469 229251 987776 506813 708538 999999999 524241 908476 637852 163937 973011 240592 777949 915247 599380 442994 861609 713630 822213 645404 472323 862407 324833 723464 856230 614679 400897 197704 715464 534072 985197 880260 427123 678251 847996 864203 393317 420085 595331 837620 341168 530887 374082 461143 765393 155296 944129 797228 339044 142791 374053 882493 328515 354019 514998 827462 246169 1045244 280282 904146 513373 342947 93936 900204 491394 537183 598591 906496 418829 877706 280990 332113 476370
517748 1082679 653972 509554 831533 102951 727956 45361 783231 473108 892248 821136 762069 429904 834257 751192 445903 566652 945073 131318 716150 612225 665110 221289 592980 518817 432507 844503 720675 710385 266647 794335 524241 999999999 936212 280449 681553 1175999 361833 595335 814626 75181 136520 911054 908055 824536 308841 76837 728643 361356 857489 722466 169993 703814 678658 900958 743670 757400 871778 440774 816667 1071670 654466 852870 137401 771045 918473 230697 947429 154092 256786 434556 417840 1179988 867174 778257 387891 474336 801797 643354 337597 297908 779950 736427 806624 589766 1114835 56812 240957 494109 1147063 893489 501552 180023 728136 677033 837263 278455 239267 220307
665087 502578 427504 429151 574462 993451 929491 966003 318514 488444 983429 699987 477765 825045 394185 905048 491637 477405 464700 814866 228700 345837 409800 1030915 374859 439709 951909 161948 844034 535906 669604 202416 908476 936212 999999999 706905 908637 375378 738996 407412 227247 961309 812715 53141 304185 112046 677872 971090 296636 662706 223106 298708 822367 556366 823004 290651 405621 448123 78759 538661 255539 363904 420943 787915 827533 340289 102657 1000707 710469 868668 683786 631182 788536 430541 118035 743253 849978 556658 200890 606711 660328 638377 175453 842724 479242 637723 357038 984092 764298 816152 433337 674723 443784 795679 361807 514261 134106 982017 999861 717127
513755 961455 536956 285419 767656 373873 808768 323415 633846 219062 957761 802054 669498 519957 710265 818276 232272 460484 833343 152122 478495 363623 388677 470736 425480 359180 585896 648803 770688 431570 137797 604667 637852 280449 706905 999999999 763779 1000369 404624 327535 553046 274172 226855 692053 753307 595857 30618 346065 463697 341382 680830 457933 122788 643671 727861 742808 624364 477127 634742 331780 648057 913726 377461 859244 254696 628729 711352 462624 911753 318896 180157 157200 489128 1019496 660961 781095 498329 397531 546666 607039 306360 144881 537495 783111 526232 569860 947167 337165 296745 569975 994322 854930 326435 102505 453521 600177 592135 486421 468104 161651
284610 694687 484733 697671 403873 628216 46623 662801 596127 756107 211284 292724 448408 255055 553325 75868 670313 462274 580347 687451 807551 792596 940917 541762 589564 570926 276126 748598 89795 1073066 627370 706457 163937 681553 908637 763779 999999999 908198 359658 851605 955237 756302 588727 857951 670260 837336 766697 633517 915818 427970 702231 910100 757109 357999 88504 675416 507984 1057261 894249 500862 660334 782564 938517 254462 568363 573671 825100 505102 404489 528739 583652 876178 278008 868700 791885 222621 293790 434261 918806 301955 461817 629327 857937 103536 1117401 278608 840192 674339 479871 195848 822913 376266 600653 738178 969458 394797 902010 444885 496034 605810
757294 250156 535687 716912 504920 1207385 910542 1195305 395876 797273 898820 627778 479740 930003 375858 873997 768320 620234 329177 1073590 561108 672758 772858 1209970 586240 659953 1052492 354405 823340 908113 923679 395798 973011 1175999 375378 1000369 908198 999999999 886831 750462 601539 1218754 1040822 352725 273664 450066 975172 1190569 661970 837415 321370 662770 1100300 572203 821164 278003 455956 822543 448012 736271 359723 125841 782819 700933 1047261 411345 310457 1173445 567575 1070232 921523 961980 902636 74476 353145 693363 969347 716490 571545 645652 850244 895083 529795 814740 854598 698908 68868 1213803 959286 895453 109839 561437 683611 1071653 732120 561367 504040 1137750 1169706 960256
158143 751252 352552 397626 478864 348029 405145 359080 495350 431381 559210 459353 427823 121693 517652 417708 351550 273750 612762 335445 566378 509524 636459 324612 364833 308537 227375 604717 375625 749588 269577 552944 240592 361833 738996 404624 359658 886831 999999999 546217 705114 430876 243103 698676 613393 639571 409110 340361 642575 89109 591607 636177 402590 354935 332372 610311 431673 752180 696464 209635 545921 769799 631117 493344 229234 477406 686763 287119 586282 214101 224871 525539 86032 875721 639746 417522 120870 183344 676425 287705 114245 275284 628624 389798 811773 231266 820291 375342 127773 165403 837159 533053 320626 381593 679332 339663 683265 252237 283027 246216
567003 782398 439621 154171 686502 675772 888699 633941 461604 127166 1003270 770338 569931 664313 559494 882128 195115 409120 680353 464367 189444 86146 90630 748518 295504 284796 771448 402864 822944 228710 347715 375677 777949 595335 407412 327535 851605 750462 546217 999999999 226206 600267 499594 407064 552580 305661 296918 649363 136244 457311 458932 130601 450130 592441 786324 538732 498345 207361 329628 353311 443854 691750 86986 849172 522653 468175 441203 728869 844870 580075 382156 224739 625406 786926 397437 778556 666197 417356 224437 594691 434322 320084 232015 829784 267537 587391 710324 650058 503015 688383 772943 791882 251681 427630 138634 538668 279197 732252 731455 400697
680073 699614 482288 320651 695317 889016 985228 851123 433406 341622 1071745 805467 581963 812472 530371 969498 381773 493195 631310 684931 147688 206834 195659 950532 366381 400794 931687 307036 907669 309071 556296 310736 915247 814626 227247 553046 955237 601539 705114 226206 999999999 824231 708748 251911 476570 172022 522465 863596 90585 618005 378468 95805 675255 636583 877780 461630 503177 221045 154193 495992 387212 576132 207982 891932 729254 449498 302035 926664 847966 781689 583669 444447 773335 653205 278280 832575 825166 541299 40664 664623 603774 526188 106849 910567 256096 676988 577821 867947 691508 821598 651183 802584 384504 651918 138253 585009 99990 921428 927975 608762
584601 1137059 705604 532166 893935 162788 802750 106717 829777 484128 966815 889170 819391 503935 886533 825552 469962 618849 1000468 147236 736698 627352 662657 285129 632805 558861 507321 880007 794087 691729 296914 831113 599380 75181 961309 274172 756302 1218754 430876 600267 824231 999999999 194125 939726 954440 849263 304548 141797 735902 421926 898229 729972 151979 765649 751846 946514 795986 746844 893538 489039 859073 1118285 651307 923601 202246 819000 951066 299680 1014227 227979 297888 418009 490567 1226485 899724 848295 462542 529590 814975 707839 395184 327072 798965 809699 792525 655703 1159336 106090 306409 567843 1195210 959665 537478 172651 727682 736012 855411 350570 308687 258710
392466 946587 517454 393141 699814 181817 635277 155690 647246 372843 795405 697500 626842 333855 697792 653218 329535 430140 809212 101032 598706 502547 578359 251713 460178 386323 372358 713348 615783 648587 152753 662544 442994 136520 812715 226855 588727 1040822 243103 499594 708748 194125 999999999 784619 772025 701994 246906 158439 626943 227854 723434 620539 172224 571551 572759 765128 607195 681117 751776 304847 681964 935526 569039 735940 27898 634786 789039 238328 821363 92042 129062 381038 312909 1043834 737943 659496 300297 338188 691721 514049 202061 182559 663499 630596 735100 462673 979162 174189 115538 394086 1010672 766449 372135 159217 637102 542619 721236 259587 243042 99994
618595 458554 378911 409405 521331 964122 878112 939119 265989 475877 930499 646888 424969 780998 341109 853177 470081 432985 414010 792663 220124 337577 421051 996581 337069 405208 908249 109773 792321 555692 645202 153314 861609 911054 53141 692053 857951 352725 698676 407064 251911 939726 784619 999999999 253230 101407 663826 942552 309420 624932 170031 310413 804457 504471 771924 239375 353460 471766 98030 502419 202692 326023 431375 734800 798104 287911 53932 965361 657941 836616 656298 627419 745075 401535 66095 690488 807490 515559 219508 556195 624644 614195 178651 790769 507746 588738 325933 957379 730423 769858 399551 621778 413060 777138 379494 463255 152512 944399 964129 690997
488077 230697 262062 480344 288632 935394 680975 925357 124838 567606 705251 419137 223012 661221 116938 649519 522620 347184 160798 811514 377595 467247 600301 936309 328629 399509 785817 169542 592544 750485 663190 178630 713630 908055 304185 753307 670260 273664 613393 552580 476570 954440 772025 253230 999999999 304739 730801 919284 503885 564307 98982 502177 844206 316307 581756 14951 184209 680262 338128 467281 109933 163847 607424 504350 777028 138241 201590 899833 409822 797734 656566 740211 632193 272103 202252 473770 698848 443409 437391 385520 578245 636196 376144 587270 726392 434577 208457 943794 686858 631166 242036 379330 428095 815360 578990 295443 380628 864721 896151 695888
579306 528065 352745 317106 538243 883118 862235 854753 273518 378030 931927 655803 429991 732086 365847 841525 379638 388485 460913 702843 119565 237391 322969 923757 275151 334814 857626 135356 779695 462825 557892 146968 822213 824536 112046 595857 837336 450066 639571 305661 172022 849263 701994 101407 304739 999999999 567075 860428 213645 560059 207188 213828 710618 496774 754539 289815 352357 383600 58048 434875 220514 409528 332788 743612 717391 292267 140057 894487 686223 760000 572959 526399 694510 494027 107411 690629 753773 459750 133671 537203 555272 526642 80134 780316 425231 560706 417407 872783 657208 728736 487213 643886 335465 683825 286580 449171 77412 878203 894010 605804
510323 941484 520111 258905 754612 400483 811179 351214 612539 189588 957563 793621 654080 526728 691159 819116 208393 446020 814846 179095 449301 333911 358604 494249 404099 339921 598278 622739 770034 405653 139561 579374 645404 308841 677872 30618 766697 975172 409110 296918 522465 304548 246906 663826 730801 567075 999999999 372775 433084 340937 656470 427325 153363 632083 727493 720009 606388 448590 605280 320129 624661 890345 347484 853185 274461 608213 684066 484472 900859 338599 184535 134146 494510 995615 633894 775205 507642 388065 516285 598533 306175 139888 507823 781992 498546 563702 922797 365401 307404 574394 971216 844047 305808 132432 423243 587180 562219 505638 489585 172240
498499 1081775 660118 550649 818457 27872 679344 35090 795131 524227 844799 796247 758410 388701 837838 705534 486859 573126 943267 193949 756699 658368 723521 145005 615231 541968 373205 869215 679933 777625 307894 817994 472323 76837 971090 346065 633517 1190569 340361 649363 863596 141797 158439 942552 919284 860428 372775 999999999 779930 358805 876100 773611 243251 692781 639106 913308 747914 820190 910146 455234 833553 1081750 713394 820740 145124 781171 945873 157923 924759 127070 287497 502493 382956 1189787 894931 748478 343239 477806 848004 627712 341246 338666 821367 696195 871182 571624 1127460 41168 234364 453636 1154795 872443 529663 249549 784852 671372 879065 210437 166998 256550
634673 733082 460370 247829 691102 805811 948781 766136 439065 255905 1046880 791949 574665 754806 538939 936571 305083 455481 649915 598244 131332 133323 113187 872163 328921 348273 869951 337962 875378 249670 474190 327482 862407 728643 296636 463697 915818 661970 642575 136244 90585 735902 626943 309420 503885 213645 433084 779930 999999999 553994 405108 6523 586190 617379 842626 489084 497078 177010 218283 436705 403583 622105 124524 876133 648531 451642 353369 849981 847683 703108 504346 354211 715490 707616 319069 811804 763404 489730 97701 635690 536392 444839 133646 879849 227796 640576 631036 782654 617680 769765 700533 798821 325434 563352 75106 564038 162561 848213 851814 527075
175807 723643 302940 308557 472060 372726 471570 369699 441776 343969 616741 477135 401312 207991 479142 478251 262943 217187 585389 302971 481330 420816 547649 376834 288075 225810 316152 536288 429407 663032 203590 484151 324833 361356 662706 341382 427970 837415 89109 457311 618005 421926 227854 624932 564307 560059 340937 358805 553994 999999999 530926 547576 362798 343726 386702 559413 389480 663568 616115 125519 486299 725263 542465 524806 224110 426164 617301 342993 597449 234255 163910 448511 169849 832885 568659 446779 209844 120927 590256 288258 35040 201943 544461 441732 723275 240366 772747 387594 124445 241626 796931 541762 234105 338093 590223 315711 599966 319496 340910 195143
485779 328358 243913 400242 351465 894377 718901 878759 107091 484523 762766 477969 259378 656222 171080 691536 448560 317918 253961 752599 279929 374690 502936 907613 265425 339464 783395 72015 631701 652338 602548 83345 723464 857489 223106 680830 702231 321370 591607 458932 378468 898229 723434 170031 98982 207188 656470 876100 405108 530926 999999999 403499 779021 344645 614671 84090 194399 581340 244847 420965 46062 236754 510409 565665 731582 129387 126081 872992 489075 759248 601763 654702 623477 339572 110053 524111 688967 411773 338985 403897 539332 573787 277233 628867 627441 444121 266350 897287 648755 635316 318517 451869 362257 750348 480211 309719 283918 843529 870293 640133
628784 731635 455648 241325 687197 799471 943178 759890 435984 249647 1041773 787480 570654 748508 535925 931118 298563 449988 647470 592119 128269 126865 111204 865683 323567 342250 863551 336812 869964 250271 467786 325362 856230 722466 298708 457933 910100 662770 636177 130601 95805 729972 620539 310413 502177 213828 427325 773611 6523 547576 403499 999999999 580374 612685 837095 487404 493205 179469 220185 430420 401265 621695 122234 871515 642095 448321 353741 843477 843941 696627 497870 349525 709191 707854 318706 806950 757010 483666 100865 630502 529919 438408 133709 874505 231168 635048 631218 776429 611158 763629 700347 794894 319203 557448 77084 559283 164767 841690 845305 520661
537991 1041560 609924 395081 823156 270798 803457 215156 721377 337978 961092 839534 735133 503368 789000 819133 336006 526830 908717 71201 595131 482487 510769 380908 516279 444730 543617 753383 778208 543317 183993 706740 614679 169993 822367 122788 757109 1100300 402590 450130 675255 151979 172224 804457 844206 710618 153363 243251 586190 362798 779021 580374 999999999 695500 734949 834862 699982 595549 752007 393610 742987 1007025 499377 886813 197210 713465 820162 381030 957516 254952 205607 267990 479405 1114295 769151 809017 471889 448545 667825 648030 329667 208512 655757 792283 642274 602848 1044096 226095 277467 561438 1086242 901216 417367 28850 575964 658019 711274 416525 388106 168921
201321 401125 157059 454400 128490 702214 374486 708213 239532 536929 436132 177897 93710 366016 200486 348709 458001 192945 264880 642165 493253 515357 672238 673515 297491 319512 483328 394699 287947 820798 516818 356717 400897 703814 556366 643671 357999 572203 354935 592441 636583 765649 571551 504471 316307 496774 632083 692781 617379 343726 344645 612685 695500 999999999 270118 319974 151292 781332 551177 312075 303821 447487 673627 259085 566452 217195 468683 634443 269113 565711 489894 698135 344681 545906 438503 195993 409808 247946 597175 74819 371840 500644 532104 286360 838862 132210 503350 725417 463283 324887 503198 212433 358044 668469 682894 53953 567903 589269 628846 527337
224225 611886 401898 633607 317942 637649 107847 665496 508934 698046 230070 214665 359999 250420 464821 95987 612023 387183 494221 667581 730322 722913 874371 564826 514262 502501 310212 662353 43268 1011097 590098 621215 197704 678658 823004 727861 88504 821164 332372 786324 877780 751846 572759 771924 581756 754539 727493 639106 842626 386702 614671 837095 734949 270118 999999999 586934 420676 989862 810987 441686 573213 695412 872781 195702 555540 486497 738089 526188 335700 524594 548733 828968 261480 783122 705829 145485 296513 371697 840542 217430 421641 587979 778500 57932 1049718 202049 752966 678842 459001 185496 737572 300652 534659 713624 899183 308744 820874 468017 517804 575332
487663 245111 258146 468497 297840 929755 687055 918870 118177 555393 714350 428073 227290 660738 122668 656190 511699 342233 174894 803097 363027 453541 585816 932530 318817 390370 785874 154598 598702 735847 654396 164255 715464 900958 290651 742808 675416 278003 610311 538732 461630 946514 765128 239375 14951 289815 720009 913308 489084 559413 84090 487404 834862 319974 586934 999999999 183594 665410 323509 460283 97194 172250 593007 513825 770607 133436 188191 896308 421997 792375 648632 727710 631105 280110 187585 481471 697679 438488 422442 387942 572556 627112 361212 593797 711468 435810 214198 937332 681442 632022 251706 390388 418206 806026 564190 296745 365760 862020 892771 687852
