NAME : synthetic_000653
TYPE : CTSP-D
DIMENSION : 100
GROUPS : 8
RELAXATION_LEVEL : 1
EDGE_WEIGHT_TYPE : EXPLICIT
EDGE_WEIGHT_FORMAT : FULL_MATRIX
EDGE_WEIGHT_SECTION
999999999 283631 434008 329825 142059 374819 226140 450297 578423 593949 567247 470038 232536 606403 102849 429225 310137 287418 344581 351525 526452 314702 401392 46147 448936 484288 281209 380342 562295 455445 537925 318010 444564 392620 418584 242778 479234 395276 576781 540779 522679 433307 301060 449773 298192 309266 551176 514526 136646 535364 369543 442209 208067 380053 365200 346763 220891 495580 419630 249630 187179 26401 318965 568371 349658 242913 536577 659535 308320 706353 551074 133741 228165 465402 616158 490380 569172 448868 461613 199862 387873 199385 376283 165377 347790 425389 535324 564482 457912 243541 578823 371546 572980 594323 600628 313402 231356 436801 380160 204301
283631 999999999 396397 590414 376638 318732 122472 603744 671735 690868 286346 578104 66754 605491 286881 674291 438632 229762 515877 588295 362008 235983 123986 324201 641044 526674 22385 651358 628045 509096 259683 595443 720100 292190 699621 79836 480462 613195 852530 559475 377862 154112 353066 256750 385355 511817 830841 609201 392064 284016 446495 185493 489244 577825 225914 433820 219048 229461 615730 497723 98245 258646 583962 847020 582013 488891 820176 687889 241352 422722 589417 193446 455099 352832 334020 631250 611616 402045 293469 91949 274502 460302 580471 281506 620314 617065 814491 691130 350656 254570 617733 139901 541549 679866 881554 595971 69025 218262 436138 473612
434008 396397 999999999 523518 575832 77767 292581 342537 996387 1013532 494728 890463 349532 209184 521107 843880 731054 598511 777178 468764 207177 161465 396025 473612 424190 876304 417358 598427 260881 160419 460328 582866 670276 116044 763097 326048 847124 449133 782250 170170 175908 491419 686217 238268 184083 367399 785760 273237 412182 372045 166793 352321 528741 813706 619263 179534 557520 393589 413865 673168 402080 430663 720099 793252 456284 668123 833832 295115 615630 639948 943348 319836 384687 746770 601694 344045 964166 17562 198760 418510 136465 618130 809331 563700 580864 407659 768409 371788 104342 594901 233466 305524 148962 1009704 839507 616615 347611 607892 773951 475679
329825 590414 523518 999999999 360997 510158 492739 288940 778589 788311 853498 677082 527525 594693 403922 444557 544168 611379 522601 79879 701260 502061 691379 311000 220914 739170 594156 75024 482465 433811 820147 85975 148157 556768 278640 526995 758555 141381 272198 526510 681043 744526 587832 666253 340720 161769 265506 413147 199637 785815 368176 708849 152014 508535 693872 348980 544222 765033 197808 353624 503866 355536 325614 275969 91419 356689 314237 599252 631707 1002368 798742 399305 150017 786154 921789 331159 811566 540985 655672 520156 564325 313208 496149 467827 61489 209119 248002 400571 602413 559505 527625 633569 605261 799005 319640 138808 525612 765569 646071 126457
142059 376638 575832 360997 999999999 516699 352454 553468 452918 466813 661521 344723 342118 743382 90384 300331 192147 281710 206715 409338 662661 454194 500504 103927 532153 383718 366884 386669 688606 587757 636145 314677 434632 532655 343024 358560 397810 465114 559025 676344 661142 509426 228012 579577 432070 399576 522551 635121 220323 650892 501156 553803 209884 237999 374327 477604 220789 603334 502661 121222 280418 150135 209573 542548 411952 112601 477141 791180 299071 788465 446852 270442 314063 441601 691230 596442 462146 590818 595990 284719 526740 89089 234337 128024 354194 510684 509187 672512 598548 220812 710244 489057 713321 470660 565080 286858 341636 471521 286386 243576
374819 318732 77767 510158 516699 999999999 215924 372447 926598 944077 436070 821685 272099 286760 455726 795107 663329 522167 713957 465205 191809 83830 324408 417024 444414 802972 339625 584923 325891 214058 400869 560292 658312 55901 731032 248458 771851 455987 777243 243860 171184 418366 613540 186754 174192 364016 775494 326371 373469 322761 188431 288059 493565 754461 541532 191753 483040 334199 429357 620176 326235 368335 674414 784953 453630 614440 812629 370918 538980 585231 869747 252448 363624 669043 538923 382519 890788 85435 157823 342175 73193 566298 751031 494362 563836 425001 757998 421798 93435 520698 305289 234094 225499 939300 829612 588619 270210 531205 701429 445036
226140 122472 292581 492739 352454 215924 999999999 481949 721396 739560 361049 619568 60439 498622 273096 650914 465861 306255 528645 480752 315302 133016 199150 272080 522572 590712 138431 559034 509559 390358 328256 510472 630668 205355 639956 42729 556643 499902 761694 447358 319708 265159 403478 227146 262885 397645 745283 487837 301781 310846 324712 221740 412704 580021 330415 311516 269769 277231 498191 470242 111125 207484 544788 759784 473246 462574 749312 576090 323101 509721 656861 99228 349409 457336 432441 508883 678253 301359 246517 126323 192660 423504 579502 295840 529892 498840 728335 568747 271226 307793 502989 147907 441269 732649 797755 519827 58202 339724 491187 385559
450297 603744 342537 288940 553468 372447 481949 999999999 1004922 1017846 799224 897424 538019 329740 551884 721248 744786 722391 751051 209669 549125 413244 662445 462142 92939 930526 617332 349168 199966 195599 763655 373409 405619 428335 567578 524596 929440 155535 486767 269525 518442 743452 751145 558764 222680 157398 505675 129806 333224 694289 184022 647104 389800 756367 781820 184025 660436 698544 99056 595904 551561 466491 595573 506685 197581 595692 587775 315605 743227 951080 996110 428208 240731 898486 893412 44540 1012838 356733 529221 571274 444498 543965 746344 615661 348674 88177 489935 120434 444618 688923 251761 580072 363515 1023305 555178 424164 535682 816832 827753 332332
578423 671735 996387 778589 452918 926598 721396 1004922 999999999 19675 890210 108591 680060 1182372 479781 409144 268431 445607 256928 842481 1028149 849807 774315 551919 975814 161193 651138 776267 1139183 1033867 880414 707504 795069 925973 610955 704121 234537 903089 886120 1118172 1038127 724735 320223 926410 876598 849107 836102 1087531 672672 943614 947888 849333 632390 278326 494826 924945 456420 880001 946920 424985 613182 573684 474226 857739 847824 422000 736525 1237956 439309 960804 131492 676636 764335 430133 859788 1048362 117584 1008962 958291 602689 914031 468437 292751 432690 749478 955896 829769 1124596 992398 418962 1157238 811524 1142228 21941 857294 660312 681030 599422 235643 681457
593949 690868 1013532 788311 466813 944077 739560 1017846 19675 999999999 909885 123980 698660 1198597 495964 410875 284369 465028 268152 853179 1046874 867615 793797 566622 987377 180652 670330 784306 1154011 1049343 900075 716118 801447 943959 614816 722668 253560 914114 890309 1134126 1056635 744401 339013 945334 892135 861692 839910 1101799 686096 963112 963242 868738 643143 284932 514501 940210 475186 899552 958595 434748 631623 589734 480689 861497 858754 432124 738587 1253432 458851 980269 148373 693716 777153 449249 879309 1061422 133029 1026221 977001 621309 932157 479472 299059 449914 757979 967688 833955 1137694 1010452 437821 1172658 830619 1159087 27571 859957 668301 699610 619024 254869 693028
567247 286346 494728 853498 661521 436070 361049 799224 890210 909885 999999999 812413 335649 679361 571241 956058 695527 456635 780914 837029 331362 386200 166045 609392 858377 731396 294642 920062 755607 649339 35569 870120 991493 382682 985120 330098 666900 848987 1122714 660252 366528 167480 593539 257120 579811 747163 1105505 762249 662036 136126 618194 152400 768452 848340 395394 615294 477050 101872 837708 782093 384530 543158 869853 1120378 828500 773075 1102948 774373 457112 152572 783176 457755 708198 483932 113718 814935 805303 489647 301086 377445 363419 746324 852878 556643 890742 836121 1088677 857794 399599 504682 724705 224108 600462 893202 1157567 875865 337071 297498 662524 745652
470038 578104 890463 677082 344723 821685 619568 897424 108591 123980 812413 999999999 581121 1074661 372050 340548 160416 358497 154881 738673 929679 746163 686422 443336 870251 124846 558389 679283 1030593 925465 799654 609089 703211 823069 529503 604737 197763 798562 801630 1010146 938056 645202 225291 829835 768230 742070 753280 979028 564769 855641 839422 759493 528816 192949 420447 816443 359771 793714 841188 324837 513241 465771 384356 775003 743537 320873 661371 1129558 355663 895084 146819 570638 657047 379643 792679 940709 149773 903351 859775 504103 811819 364757 207965 327328 651251 849965 745540 1016889 889772 323541 1048808 717021 1035602 125950 778879 563906 581937 530824 150070 576151
232536 66754 349532 527525 342118 272099 60439 538019 680060 698660 335649 581121 999999999 556960 255894 642418 432376 252899 502020 522850 348563 188305 169614 276110 574321 543511 79469 590248 569998 450796 305606 536691 660082 254952 651115 24709 505168 546745 792221 506948 358225 218473 360052 250432 321223 445223 772362 547771 330696 308810 384475 212362 433117 558607 270861 370666 224084 264042 548977 462850 68793 209487 544104 787961 516307 454513 767319 635698 268476 478680 608686 128604 389862 398104 394437 566334 630428 357277 278657 77389 239823 420702 559586 265621 559763 550331 755773 627543 318511 262018 563102 147635 497503 690130 823787 540454 2342 280534 446751 413375
606403 605491 209184 594693 743382 286760 498622 329740 1182372 1198597 679361 1074661 556960 999999999 702637 982114 914245 802432 949650 522191 354832 369948 599924 639499 422489 1071652 626328 664073 142468 165259 647010 670952 727593 320666 864537 533963 1047532 479234 816198 70071 317958 696394 881015 425211 312107 434893 832987 204400 547522 547121 247950 548230 648351 976605 827489 271838 757263 582034 426770 825024 605791 608929 854396 835146 509029 821622 906481 95839 820299 814932 1139120 510686 487780 954920 790862 304365 1159292 205191 379052 623145 340728 769111 970143 752470 656147 416646 816781 285371 282359 793781 85083 510162 80255 1197142 883558 715129 554959 816651 967829 589427
102849 286881 521107 403922 90384 455726 273096 551884 479781 495964 571241 372050 255894 702637 999999999 387964 211647 210113 259037 438199 587544 386029 410852 95656 545756 381450 276641 442477 664075 555436 546125 373425 498499 464669 428517 274049 377771 487204 627389 638471 589129 419359 199431 499332 398183 407101 594886 617216 227901 563813 470187 466089 261998 306980 298630 447805 144103 514614 516211 210965 191811 94055 299755 613970 438144 202058 559424 759313 229682 698349 448291 203413 323423 382337 601565 592484 466519 534791 519354 194939 456493 177633 306437 65876 409345 522683 580462 666915 531488 155618 678875 403501 664496 494877 640258 354917 255627 388551 277320 278386
429225 674291 843880 444557 300331 795107 650914 721248 409144 410875 956058 340548 642418 982114 387964 999999999 309778 532332 223841 521985 955541 742421 798234 383594 664349 453433 662726 415030 897144 817656 932457 359962 412137 819192 210186 658803 511260 585022 484303 912215 950631 797695 417310 877404 675771 568581 432590 832761 436483 951131 734397 853799 336816 154665 623332 710652 488570 902569 639290 180672 579739 444277 128035 453889 531495 188449 327730 1010412 543079 1075203 487294 562896 498289 644579 974932 765484 489666 860327 890798 582517 815866 230304 141011 400899 396864 650173 428298 838981 882886 471398 931875 789367 967707 431045 449565 306714 641953 733503 410312 396535
310137 438632 731054 544168 192147 663329 465861 744786 268431 284369 695527 160416 432376 914245 211647 309778 999999999 242495 91437 598510 779384 589431 554913 285641 724054 195029 420913 558293 871745 765539 678124 485931 594159 667097 451005 455004 224550 655830 706706 849795 785522 529057 111304 682775 608242 591631 663031 821575 411621 721725 679678 623660 392398 165444 325511 656844 221500 663232 694609 211427 363628 305365 296594 684390 601932 204177 589985 969614 247811 796301 255696 411454 506076 334801 693747 787395 270271 744219 709700 357073 656775 234129 174970 170331 527637 702734 652496 863242 734009 190935 888941 574094 875607 284194 697088 447417 432925 438895 111027 433112
287418 229762 598511 611379 281710 522167 306255 722391 445607 465028 456635 358497 252899 802432 210113 532332 242495 999999999 331875 638742 591390 439108 328966 300381 732427 297054 208154 652454 797108 679729 442002 583529 708357 507849 622222 277547 252669 682259 836482 747394 605712 289219 136924 486510 531534 592704 802417 762976 423994 498356 602492 403732 472063 403607 93655 583806 67182 435563 703580 381982 196713 264754 478015 821947 637063 372475 758183 875290 21036 553844 359719 304155 514536 178331 451363 758713 381885 607598 522368 180020 492569 368437 410702 153905 619315 708459 788462 828742 571080 62658 798878 369222 747374 452372 846183 563573 254471 201179 210816 485010
344581 515877 777178 522601 206715 713957 528645 751051 256928 268152 780914 154881 502020 949650 259037 223841 91437 331875 999999999 585575 843946 645054 635452 310286 719226 241448 499647 524628 894364 794465 762061 454245 550513 723668 386541 523221 290814 646179 653508 882895 847105 615522 202739 751496 638699 594370 606755 839350 421305 799894 707860 701348 375487 74241 416629 684286 304083 743520 690451 169958 433579 346539 235496 628423 590898 166075 523001 997800 338328 885490 288714 462158 510362 423167 783149 794896 297344 791472 774966 429787 715214 211510 84814 236572 496414 699570 597903 871205 790512 277080 916869 647348 917541 276848 636080 409504 502276 529829 186516 424878
351525 588295 468764 79879 409338 465205 480752 209669 842481 853179 837029 738673 522850 522191 438199 521985 598510 638742 585575 999999999 656932 469113 679478 342632 142364 792443 594974 142147 405321 364760 802662 165611 206833 515464 358214 518584 805837 63244 313614 455235 633789 741308 630976 632755 291433 101732 318608 335526 214894 758436 306696 688273 210091 577517 715624 290041 571897 744076 118150 419351 509448 375317 400543 324903 13208 421316 384319 522086 659566 988208 854195 394857 133307 816275 913183 251465 868245 485905 617088 527265 525381 374135 565793 503830 139014 129386 301505 320731 554950 591601 452227 613754 538167 862390 371806 217940 520754 777595 695606 165778
526452 362008 207177 701260 662661 191809 315302 549125 1028149 1046874 331362 929679 348563 354832 587544 955541 779384 591390 843946 656932 999999999 215242 296935 571948 628240 887609 384061 775823 452244 365604 301897 748279 849392 145735 911946 325022 842423 645829 969029 348478 36911 389599 707932 107321 365634 555597 966739 476279 553312 195773 369119 225523 674214 894433 579896 377365 571735 242110 615703 776024 416620 513201 841040 976479 645279 769126 1000230 450670 603360 460663 951085 393162 553503 701725 444887 551147 973209 194570 69908 425728 142774 725328 893353 610220 753889 610383 949237 575351 104943 609319 411718 225534 274646 1037701 1020871 773496 347743 531226 793805 629625
314702 235983 161465 502061 454194 83830 133016 413244 849807 867615 386200 746163 188305 369948 386029 742421 589431 439108 645054 469113 215242 999999999 255388 359385 473540 722630 256513 574984 398184 281299 350645 540672 648797 78729 698027 164629 689631 471195 773760 323871 208222 345331 534167 164316 194188 372087 766300 389012 340189 290739 234590 233915 460794 689956 457818 229647 401946 286253 454235 564004 243967 304081 626315 777803 458876 557499 790985 452049 455652 538408 789076 184125 352073 585319 481239 430841 810324 168994 157339 259308 73467 512137 687635 419353 550399 451870 748847 479562 145459 439832 383295 168356 309205 861842 820259 562260 186433 450697 622063 418990
401392 123986 396025 691379 500504 324408 199150 662445 774315 793797 166045 686422 169614 599924 410852 798234 554913 328966 635452 679478 296935 255388 999999999 443941 712928 622094 136647 756495 649934 535252 136843 705056 827318 280405 819605 165116 567083 696189 958994 566135 322513 96889 461712 191705 439810 593819 940633 644282 497596 169393 488807 77859 602577 699285 294038 481572 333418 108319 690216 621639 220835 377538 707261 955827 671689 612832 936903 690169 335279 311114 680887 293298 548529 409374 234679 683540 703312 396278 238022 215913 260033 583534 702474 403538 726681 689794 923905 734707 321699 365933 628856 90537 526998 780411 992425 709962 171054 234311 539772 580967
46147 324201 473612 311000 103927 417024 272080 462142 551919 566622 609392 443336 276110 639499 95656 383594 285641 300381 310286 342632 571948 359385 443941 999999999 451453 468385 320055 354648 587397 484613 580717 288583 415200 436890 375729 287495 470480 391688 546432 572610 567555 471154 292665 495911 328446 313729 518038 536021 133098 580705 398081 486932 176624 340437 384290 374682 233235 539848 421851 204626 226434 66624 272851 535996 342492 198249 496949 688351 320717 746425 534074 179701 229136 475750 654523 503859 551092 488926 507447 237187 432721 153489 335746 161474 321613 428654 502672 579209 501690 249645 607427 416895 609734 568789 566173 278188 275052 464103 365903 184682
448936 641044 424190 220914 532153 444414 522572 92939 975814 987377 858377 870251 574321 422489 545756 664349 724054 732427 719226 142364 628240 473540 712928 451453 999999999 915231 652085 270804 290022 285518 822954 306844 320520 499617 495850 564248 921773 79543 394775 362384 599355 787590 744118 627743 279409 139858 415684 220653 318364 761446 259122 706073 346119 715901 800170 252695 667570 759534 29628 556297 577179 469001 542487 415696 133248 557480 503309 403726 753462 1010925 978967 454442 222378 910581 946835 123411 994257 439450 602234 596457 514038 508169 704669 611347 276098 24273 400374 183070 523297 692333 343469 635563 455746 995183 464183 359694 572035 846910 815115 294367
484288 526674 876304 739170 383718 802972 590712 930526 161193 180652 731396 124846 543511 1071652 381450 453433 195029 297054 241448 792443 887609 722630 622094 468385 915231 999999999 505183 752379 1043882 932490 722927 680215 785432 795906 627989 568119 76492 848820 893227 1010873 900562 567179 190647 783339 776207 780388 847334 998524 599194 790632 848691 698464 587333 299719 336356 826979 320949 725938 885661 400766 479889 473382 476224 868949 795448 394561 764161 1135078 287584 799619 67546 560966 694919 269922 698687 972098 87862 887408 818238 466782 782211 428571 314209 322594 722076 893362 837999 1047175 861063 282921 1055483 666269 1024570 162001 877465 640185 544771 438764 104661 626745
281209 22385 417358 594156 366884 339625 138431 617332 651138 670330 294642 558389 79469 626328 276641 662726 420913 208154 499647 594974 384061 256513 136647 320055 652085 505183 999999999 653500 646527 527435 269782 595963 721328 314082 694373 96628 458363 621881 853848 579505 400166 152368 333162 278513 400596 521088 830881 626219 394977 300851 463142 202776 488364 562784 203856 449779 200280 244073 626307 487566 94032 255606 575354 847441 589117 478595 816909 708049 219351 426568 567659 200727 461667 330952 334952 645803 589885 423307 315664 83559 296545 451966 565863 266895 622069 628001 814707 706833 372900 235051 637271 161099 562998 659010 881081 594489 81812 201331 415496 475427
380342 651358 598427 75024 386669 584923 559034 349168 776267 784306 920062 679283 590248 664073 442477 415030 558293 652454 524628 142147 775823 574984 756495 354648 270804 752379 653500 999999999 546850 505175 887221 72576 73836 631078 227591 591478 778813 194536 202662 596711 755892 805148 614430 738917 415742 234784 191408 476825 259566 856557 441984 777452 180554 500107 738654 423236 585855 833616 252541 355049 561367 406661 307399 203064 155217 359936 242486 663496 672153 1067577 808633 463274 223211 823346 984544 389052 819712 615879 729421 576581 638267 324181 486593 503424 33140 264021 173927 453819 677307 597160 594322 702152 677662 797355 245475 116007 588440 816882 664799 178132
562295 628045 260881 482465 688606 325891 509559 199966 1139183 1154011 755607 1030593 569998 142468 664075 897144 871745 797108 894364 405321 452244 398184 649934 587397 290022 1043882 646527 546850 999999999 119203 721192 564040 605318 374877 759353 550056 1029697 354979 684607 106597 416279 742680 855566 498937 268396 331207 705255 70263 475924 631373 195958 612025 560371 911506 837477 216981 743613 654429 299021 753884 605662 570820 769345 705682 392571 751922 787079 116803 816645 900113 1111211 493536 399475 962572 862179 167640 1130026 266695 457789 624722 394968 698921 903285 721313 543504 288098 689661 143155 359797 777519 57490 559854 201500 1155740 754176 612200 567756 845917 939229 500680
455445 509096 160419 433811 587757 214058 390358 195599 1033867 1049343 649339 925465 450796 165259 555436 817656 765539 679729 794465 364760 365604 281299 535252 484613 285518 932490 527435 505175 119203 999999999 614328 507641 571556 266675 700287 430920 915386 328861 669032 95218 332231 626581 743006 395537 157319 272489 681025 113407 384746 530796 86613 502117 483214 817403 718508 110327 627651 547527 282417 663437 487150 461473 689792 685096 351559 660469 747465 204092 699048 797069 999986 377199 322521 843867 752979 188203 1019285 171231 358386 506090 285982 607655 810292 610158 494975 273872 664309 211446 264616 662247 123445 445912 174032 1049677 733062 550749 448553 727122 827886 424203
537925 259683 460328 820147 636145 400869 328256 763655 880414 900075 35569 799654 305606 647010 546125 932457 678124 442002 762061 802662 301897 350645 136843 580717 822954 722927 269782 887221 721192 614328 999999999 838165 958923 347734 956317 298706 660571 814027 1089882 626552 336351 155764 578486 223357 544306 712301 1073334 727140 629770 109465 582663 116906 737496 828291 386630 579726 458000 66842 802380 757086 357351 514261 843618 1087990 794022 748177 1072690 741746 444008 187972 776654 425728 674296 482300 143971 779411 798921 455590 268146 351465 328354 719930 832329 534639 858147 800739 1056441 822514 366314 487237 690974 189231 568493 884244 1125596 844935 306916 295207 650259 713483
318010 595443 582866 85975 314677 560292 510472 373409 707504 716118 870120 609089 536691 670952 373425 359962 485931 583529 454245 165611 748279 540672 705056 288583 306844 680215 595963 72576 564040 507641 838165 999999999 126741 602570 195314 540108 706239 227331 258771 601828 731220 748248 542206 702662 398824 236170 235671 495437 208795 814553 436110 731380 112119 433114 671033 415125 517338 787285 283705 284334 502674 344403 244335 251578 176648 288821 252340 680606 602954 1015345 736943 412444 198291 752883 929446 416177 748326 600428 697375 516861 607676 251803 420032 433144 42183 294981 219128 486316 653655 527217 607175 656405 675939 728397 287450 53284 535019 752526 592239 125063
444564 720100 670276 148157 434632 658312 630668 405619 795069 801447 991493 703211 660082 727593 498499 412137 594159 708357 550513 206833 849392 648797 827318 415200 320520 785432 721328 73836 605318 571556 958923 126741 999999999 704775 207276 662204 817679 250353 132525 661404 829163 873427 659768 812687 488315 304455 117577 535055 329732 929818 511774 849911 238593 516761 796753 493784 642593 906039 306811 384672 628412 470964 320849 129636 220022 390953 182790 721223 727489 1138217 838350 534037 297042 875503 1053861 442733 847794 687670 803244 642942 712063 362858 502449 556657 100778 318018 100092 502212 750500 650988 655022 774645 744994 816615 171663 148472 658333 879227 703298 246718
392620 292190 116044 556768 532655 55901 205355 428335 925973 943959 382682 823069 254952 320666 464669 819192 667097 507849 723668 515464 145735 78729 280405 436890 499617 795906 314082 631078 374877 266675 347734 602570 704775 999999999 767301 230329 759946 508982 825931 286158 132593 376299 608781 130999 226316 414994 822257 379739 408550 267075 244314 237151 529437 768651 517906 247143 474973 280907 483996 641476 316024 382598 701614 832441 504219 635131 854495 409824 523273 530788 861855 262809 408319 645011 487483 438215 883345 115974 103031 329804 20428 589069 766266 496840 608630 479903 804753 476102 66963 513033 349493 190068 251276 937579 876386 627941 253382 497259 696528 484047
418584 699621 763097 278640 343024 731032 639956 567578 610955 614816 985120 529503 651115 864537 428517 210186 451005 622222 386541 358214 911946 698027 819605 375729 495850 627989 694373 227591 759353 700287 956317 195314 207276 767301 999999999 660781 673178 417371 275638 795030 899142 843559 539479 852756 581068 430627 225149 690685 358751 950795 625432 859774 237876 336758 715660 603418 563514 913758 475030 246041 601522 442067 154417 246784 370039 255005 139336 875912 638189 1120874 672595 541527 382176 768872 1026920 609678 678634 780537 854886 610896 769238 254361 321767 470172 219980 486475 219328 677886 824001 559991 802195 787561 865735 632863 249813 149574 649939 814545 561676 287475
242778 79836 326048 526995 358560 248458 42729 524596 704121 722668 330098 604737 24709 533963 274049 658803 455004 277547 523221 518584 325022 164629 165116 287495 564248 568119 96628 591478 550056 430920 298706 540108 662204 230329 660781 999999999 529864 539806 793922 484917 334029 224287 384253 228376 305572 437764 775615 529753 332480 293899 366846 199460 438815 578576 293533 353997 248425 252977 539551 478663 91610 221100 557863 790733 511510 470520 774410 613634 293000 476106 633349 128213 386292 420959 395351 551610 655077 333462 255150 101671 215122 434949 579164 287245 561578 540427 758856 611296 293803 286409 541771 130706 473693 714339 827533 546252 23348 297588 471108 415877
479234 480462 847124 758555 397810 771851 556643 929440 234537 253560 666900 197763 505168 1047532 377771 511260 224550 252669 290814 805837 842423 689631 567083 470480 921773 76492 458363 778813 1029697 915386 660571 706239 817679 759946 673178 529864 999999999 859361 931254 989377 857822 505413 178344 736535 761317 784138 887450 988455 603463 733797 833745 644464 606838 356616 275207 813039 290282 668121 892152 435977 445714 464627 519202 908844 807619 428668 811369 1115637 239209 728535 116281 539108 699583 195749 628496 969592 138420 857086 773891 430555 744983 455552 370328 313880 747363 899097 877018 1043417 823599 253942 1037230 618294 996054 232430 920765 670143 506667 371155 114383 640523
395276 613195 449133 141381 465114 455987 499902 155535 903089 914114 848987 798562 546745 479234 487204 585022 655830 682259 646179 63244 645829 471195 696189 391688 79543 848820 621881 194536 354979 328861 814027 227331 250353 508982 417371 539806 859361 999999999 340175 414728 620008 764028 683042 632013 282719 102380 353857 284716 259913 761927 282833 698027 271145 639859 755308 270074 616079 753049 58041 481101 540657 417516 463787 356788 55550 482768 432264 471040 703238 1001211 911434 421293 167957 860491 930842 194538 925995 465642 611867 559254 520995 434681 628295 553078 197398 69532 337565 260529 541829 638108 404962 624879 502766 922801 405005 280151 544547 810698 750509 222989
576781 852530 782250 272198 559025 777243 761694 486767 886120 890309 1122714 801630 792221 816198 627389 484303 706706 836482 653508 313614 969029 773760 958994 546432 394775 893227 853848 202662 684607 669032 1089882 258771 132525 825931 275638 793922 931254 340175 999999999 753594 946813 1005925 780292 938054 604337 415289 53027 615428 461620 1057946 618773 979892 369915 610052 926012 603135 771389 1036070 389601 495279 760931 603174 418180 34620 325982 502649 174799 796923 855206 1270023 942038 665710 422050 1000611 1186199 517189 949534 799327 926130 775411 834501 481658 595177 683635 232461 399571 56356 564487 867946 777958 738209 904584 842885 907996 74873 272964 790449 1010515 817317 378992
540779 559475 170170 526510 676344 243860 447358 269525 1118172 1134126 660252 1010146 506948 70071 638471 912215 849795 747394 882895 455235 348478 323871 566135 572610 362384 1010873 579505 596711 106597 95218 626552 601828 661404 286158 795030 484917 989377 414728 753594 999999999 312069 661279 820442 403212 244341 366012 768502 152339 478057 532505 178417 521348 578284 908445 777719 202361 699542 560240 364133 756015 551521 544495 784452 771422 442038 752755 839197 128750 765853 801719 1078411 450654 417731 904686 769203 249462 1098269 171758 359779 569543 306586 700130 901757 690123 587885 354488 752078 244652 261031 735439 64467 475611 98154 1133338 819701 645551 504844 774371 906652 519357
522679 377862 175908 681043 661142 171184 319708 518442 1038127 1056635 366528 938056 358225 317958 589129 950631 785522 605712 847105 633789 36911 208222 322513 567555 599355 900562 400166 755892 416279 332231 336351 731220 829163 132593 899142 334029 857822 620008 946813 312069 999999999 416990 718262 130810 342486 532139 946189 441926 540491 231491 340601 254242 661277 895241 599365 350350 582294 275090 587871 772147 425058 511081 833890 955309 621870 765571 983523 413794 618630 497338 964852 390717 534805 722846 479815 518862 986832 162130 85887 435605 134834 720356 893544 615546 735010 582147 928704 540976 78867 620179 375113 245562 237795 1048348 1000282 758486 357187 556100 804922 614645
433307 154112 491419 744526 509426 418366 265159 743452 724735 744401 167480 645202 218473 696394 419359 797695 529057 289219 615522 741308 389599 345331 96889 471154 787590 567179 152368 805148 742680 626581 155764 748248 873427 376299 843559 224287 505413 764028 1005925 661279 416990 999999999 426140 286547 521333 662041 983242 733724 546047 235324 575213 164437 640705 684163 230947 566024 312814 168632 763345 627985 246221 407517 718998 999762 734681 618716 968058 786099 289710 279048 621335 346874 608332 332060 183476 767295 643644 492271 333547 233998 356011 596838 689344 396800 773924 763920 967053 821808 418585 338597 723519 186284 623819 728483 1033438 746690 220557 147533 495454 627221
301060 353066 686217 587832 228012 613540 403478 751145 320223 339013 593539 225291 360052 881015 199431 417310 111304 136924 202739 630976 707932 534167 461712 292665 744118 190647 333162 614430 855566 743006 578486 542206 659768 608781 539479 384253 178344 683042 780292 820442 718262 426140 999999999 606408 587367 606079 740305 812293 425759 630715 659905 534277 437630 276636 214814 638593 136197 569404 714515 293518 293851 287237 386877 761081 632142 284719 678646 945068 138945 688241 258107 370330 521785 230963 585484 791435 278384 697602 638081 282664 595956 298637 285733 135894 582088 721289 728217 865468 674659 98881 865735 492375 834247 330087 778718 511308 361075 328420 87914 466704
449773 256750 238268 666253 579577 186754 227146 558764 926410 945334 257120 829835 250432 425211 499332 877404 682775 486510 751496 632755 107321 164316 191705 495911 627743 783339 278513 738917 498937 395537 223357 702662 812687 130999 852756 228376 736535 632013 938054 403212 130810 286547 606408 999999999 350419 534588 930110 508926 498549 136090 374810 125834 617719 805660 472655 376336 470435 157302 610769 696785 319220 433192 768450 941853 622273 689272 951357 519281 497799 401845 846150 316696 516239 594442 366462 569212 868359 232593 47696 326242 114281 648815 805660 515617 713849 607312 912679 606111 143265 507541 467646 118548 347908 935289 983996 721583 249945 425427 691284 579537
298192 385355 184083 340720 432070 174192 262885 222680 876598 892135 579811 768230 321223 312107 398183 675771 608242 531534 638699 291433 365634 194188 439810 328446 279409 776207 400596 415742 268396 157319 544306 398824 488315 226316 581068 305572 761317 282719 604337 244341 342486 521333 587367 350419 999999999 189968 604739 231762 239297 482691 72538 427411 349944 664498 578677 52276 476118 480370 260810 513821 345257 304281 549257 613281 279676 510125 649798 361372 551510 732232 843637 227422 200780 701143 671466 246447 862731 201644 329151 364857 238389 457900 658089 453649 397189 257986 587296 306408 263621 509497 280757 358461 292002 892365 658733 433507 318885 601742 671552 294515
309266 511817 367399 161769 399576 364016 397645 157398 849107 861692 747163 742070 445223 434893 407101 568581 591631 592704 594370 101732 555597 372087 593819 313729 139858 780388 521088 234784 331207 272489 712301 236170 304455 414994 430627 437764 784138 102380 415289 366012 532139 662041 606079 534588 189968 999999999 418713 264781 181276 662602 207387 596582 233842 598987 661611 189459 527731 651839 110876 438544 441971 329146 441631 425866 89739 438295 475983 446884 613740 899259 845049 320991 85582 770923 828467 201774 861065 384617 517139 460911 425586 386601 589026 472443 222624 116143 401440 277827 453319 552545 371786 523085 443491 867782 472296 281995 443004 712236 679033 175463
551176 830841 785760 265506 522551 775494 745283 505675 836102 839910 1105505 753280 772362 832987 594886 432590 663031 802417 606755 318608 966739 766300 940633 518038 415684 847334 830881 191408 705255 681025 1073334 235671 117577 822257 225149 775615 887450 353857 53027 768502 946189 983242 740305 930110 604739 418713 999999999 635354 443566 1046451 625250 965436 343111 561079 893155 608112 738279 1021488 406964 451891 737266 577431 371278 21723 331567 459636 122762 819408 820651 1251013 894801 647750 414618 963340 1164860 539065 901756 803072 920820 750879 829626 442130 546141 648815 216810 417565 17504 591293 867455 742829 757316 890257 855012 858008 54134 240472 770690 980995 773943 359865
514526 609201 273237 413147 635121 326371 487837 129806 1087531 1101799 762249 979028 547771 204400 617216 832761 821575 762976 839350 335526 476279 389012 644282 536021 220653 998524 626219 476825 70263 113407 727140 495437 535055 379739 690685 529753 988455 284716 615428 152339 441926 733724 812293 508926 231762 264781 635354 999999999 418549 644196 163451 614181 496520 853053 809868 179689 706385 660393 228844 694169 576521 525430 705321 636049 322860 692693 716843 186672 783061 910360 1065491 459049 337147 932840 864989 100031 1083694 283038 471642 596025 398833 639844 844289 676873 474000 217977 619680 99073 377011 738800 122977 555874 250369 1104687 684548 544258 545464 827333 894106 437048
136646 392064 412182 199637 220323 373469 301781 333224 672672 686096 662036 564769 330696 547522 227901 436483 411621 423994 421305 214894 553312 340189 497596 133098 318364 599194 394977 259566 475924 384746 629770 208795 329732 408550 358751 332480 603463 259913 461620 478057 540491 546047 425759 498549 239297 181276 443566 418549 999999999 606563 299644 522593 120910 435593 501101 275714 357293 578490 288757 279062 304237 160570 310095 458351 213087 276541 453063 583831 444863 808493 664066 204354 96148 601796 724984 376118 680332 429210 497466 320553 410700 223544 427536 293719 229177 295637 426676 452202 465926 378295 503501 447656 531277 690716 495974 223050 328899 567320 497769 83785
535364 284016 372045 785815 650892 322761 310846 694289 943614 963112 136126 855641 308810 547121 563813 951131 721725 498356 799894 758436 195773 290739 169393 580705 761446 790632 300851 856557 631373 530796 109465 814553 929818 267075 950795 293899 733797 761927 1057946 532505 231491 235324 630715 136090 482691 662602 1046451 644196 606563 999999999 510489 98620 721681 861315 459009 511236 500658 66736 743501 771657 372383 514639 851759 1059446 748585 763322 1058213 642648 504417 269215 848449 409486 636454 567027 249844 705267 870872 364779 173608 372300 249953 728800 863537 565025 829653 740518 1029182 741760 271832 534206 596877 163821 467541 949519 1099843 828091 309357 382648 709164 689734
369543 446495 166793 368176 501156 188431 324712 184022 947888 963242 618194 839422 384475 247950 470187 734397 679678 602492 707860 306696 369119 234590 488807 398081 259122 848691 463142 441984 195958 86613 582663 436110 511774 244314 625432 366846 833745 282833 618773 178417 340601 575213 659905 374810 72538 207387 625250 163451 299644 510489 999999999 466834 402178 731060 646865 23962 547973 516884 247367 577747 413707 376421 606837 631484 293835 574604 682092 290341 622283 769339 916107 298413 243925 770478 715678 196768 935153 182997 345506 433116 260581 521893 724080 526114 428006 241547 608089 246604 264177 581650 209465 402930 240316 963866 678501 476070 382162 664398 744033 344053
442209 185493 352321 708849 553803 288059 221740 647104 849333 868738 152400 759493 212362 548230 466089 853799 623660 403732 701348 688273 225523 233915 77859 486932 706073 698464 202776 777452 612025 502117 116906 731380 849911 237151 859774 199460 644464 698027 979892 521348 254242 164437 534277 125834 427411 596582 965436 614181 522593 98620 466834 999999999 634425 762706 371862 463295 402946 56187 685613 674810 274383 420468 756407 979389 679322 666360 970984 641157 411110 304871 757891 320923 561468 486738 250865 663589 780309 349596 173530 273805 217084 633058 764971 466407 749220 683898 948356 708436 266031 437064 585340 75308 472164 855941 1018265 741566 213093 308872 614182 606327
208067 489244 528741 152014 209884 493565 412704 389800 632390 643143 768452 528816 433117 648351 261998 336816 392398 472063 375487 210091 674214 460794 602577 176624 346119 587333 488364 180554 560371 483214 737496 112119 238593 529437 237876 438815 606838 271145 369915 578284 661277 640705 437630 617719 349944 233842 343111 496520 120910 721681 402178 634425 999999999 369900 559043 378912 405633 689715 318134 210208 394521 234323 208977 360426 215682 211649 336675 673673 491676 911157 647396 313503 161695 642920 822974 434339 660626 546017 617951 407835 531574 164104 358915 323004 147450 327954 327308 509614 586344 416622 595430 560374 640152 652313 392752 107439 431599 640710 494126 59722
380053 577825 813706 508535 237999 754461 580021 756367 278326 284932 848340 192949 558607 976605 306980 154665 165444 403607 74241 577517 894433 689956 699285 340437 715901 299719 562784 500107 911506 817403 828291 433114 516761 768651 336758 578576 356616 639859 610052 908445 895241 684163 276636 805660 664498 598987 561079 853053 435593 861315 731060 762706 369900 999999999 489840 707176 371492 806806 688029 160506 491147 386585 195912 582793 584322 160831 468633 1018727 410985 956299 337783 505842 517906 496927 854239 800760 342526 828772 826334 489296 761688 213328 15015 296344 474629 697843 553811 876769 834997 346932 938085 705529 949855 299925 585954 384158 558650 602737 257778 424665
365200 225914 619263 693872 374327 541532 330415 781820 494826 514501 395394 420447 270861 827489 298630 623332 325511 93655 416629 715624 579896 457818 294038 384290 800170 336356 203856 738654 837477 718508 386630 671033 796753 517906 715660 293533 275207 755308 926012 777719 599365 230947 214814 472655 578677 661611 893155 809868 501101 459009 646865 371862 559043 489840 999999999 630335 154879 393081 772006 475589 233421 340553 571639 912413 712898 466086 851264 906465 80303 476138 390724 354472 587491 127513 373383 815517 413085 626009 513730 213855 500392 461651 497954 246303 705552 775961 878906 882457 576423 156286 833201 354456 766040 497935 937698 653490 272935 113655 270609 567509
346763 433820 179534 348980 477604 191753 311516 184025 924945 940210 615294 816443 370666 271838 447805 710652 656844 583806 684286 290041 377365 229647 481572 374682 252695 826979 449779 423236 216981 110327 579726 415125 493784 247143 603418 353997 813039 270074 603135 202361 350350 566024 638593 376336 52276 189459 608112 179689 275714 511236 23962 463295 378912 707176 630335 999999999 528307 514526 238514 553786 396935 354219 583151 614915 277382 550648 662364 313670 603769 767069 894343 279680 221483 753151 710630 201970 913259 196389 349573 416480 262177 497933 700164 504390 408259 233644 590863 257366 272712 561545 232746 397315 262458 941036 661601 454224 368337 651102 722321 321032
