NAME : synthetic_000739
TYPE : CTSP-D
DIMENSION : 100
GROUPS : 8
RELAXATION_LEVEL : 1
EDGE_WEIGHT_TYPE : EXPLICIT
EDGE_WEIGHT_FORMAT : FULL_MATRIX
EDGE_WEIGHT_SECTION
999999999 181280 499362 723396 674771 305003 642211 681624 596798 270414 957217 672327 235740 518507 833269 196362 950636 53142 537170 401727 407872 368020 530526 858005 334708 508722 898230 938304 465572 1131033 953953 821676 336048 979733 652038 703983 769718 455056 660908 511256 817174 293688 730890 425123 709753 838276 932496 851324 429532 857133 855139 766644 632700 800160 577899 551724 405813 440198 750579 822112 354245 515462 809785 147196 454466 764843 862460 410341 564320 1107615 133187 776873 587888 374015 806850 751706 302319 639378 712130 692833 1046210 730319 381241 928190 176166 529690 633117 643937 868385 746748 62991 417470 891254 274367 867408 102292 715401 459518 1060896 388363
181280 999999999 320115 644777 534327 277916 489948 510937 430666 297109 792752 491646 134199 477170 654402 246450 786897 161185 369375 280052 350252 233556 379745 676725 212057 436131 731189 762178 412590 967260 772744 642198 158895 820802 621594 530178 661705 278120 482936 330029 664739 287050 590764 336371 531644 693691 772913 670101 289882 709907 696239 620423 451759 651708 477474 511353 280938 403844 571937 640904 249977 334185 641836 107099 276811 628868 695151 280565 415637 946056 98600 605651 407255 193481 657004 632658 176204 458166 671771 526216 867548 549079 277843 746923 190322 348568 543726 488398 688886 566616 126472 419879 722581 185022 692409 79146 599181 309134 893672 325348
499362 320115 999999999 679371 324461 420280 253507 301818 270146 492235 494901 204742 310454 610466 334290 530921 490764 469213 228231 350823 405855 310905 308438 367323 332841 530492 429386 494670 545934 743229 459260 322330 196086 623035 743486 298565 630213 50507 163458 71288 506922 449765 486583 341891 268691 557838 576836 363938 206702 457159 415086 490979 164450 509536 505229 638327 246924 563513 300017 335791 375257 60419 340763 378003 138334 414288 393774 332313 335183 730942 404676 377476 135720 148620 509294 579309 323765 150268 770518 235924 581543 238959 386679 437967 472931 53588 577057 355994 369038 247743 439623 622955 417474 380046 375793 398640 559542 281788 660251 475336
723396 644777 679371 999999999 1003691 920362 931533 490123 444166 939986 1096222 631414 769167 227149 851825 549370 1096363 749322 459610 373590 975984 425030 372479 770206 435615 214933 1030883 670085 261503 671198 850819 831687 564783 524504 190018 527645 136030 690974 765609 613673 389714 931645 290076 939912 587098 349157 499656 752019 833156 1117897 1053920 332961 627889 357394 178238 204613 853178 296453 612879 733124 394839 626769 958722 747815 543990 1091572 1001995 381429 351595 635680 605864 525167 603448 586765 368730 183470 470299 674612 153896 888439 787411 712248 367193 808318 548816 644760 105375 375071 861434 771077 717129 363676 1012335 465052 932357 670808 167191 403024 648981 335213
674771 534327 324461 1003691 999999999 437368 75021 583904 580291 522294 325678 439092 439043 925294 370161 779533 316420 627305 548195 666096 349081 620786 631945 482938 634642 849945 289380 679807 858964 955125 530119 376490 483177 870105 1062657 565007 949020 320319 286120 390791 791204 469015 794347 287364 512219 848791 829656 492827 246799 184424 211681 789622 416998 801281 829606 954973 269714 870833 522469 477326 680727 377886 230367 527707 461717 95896 262933 649458 656783 953074 632916 630628 420143 443130 798457 895545 616043 371827 1092874 167818 718402 402803 697055 535646 721817 361201 901516 665211 405429 356148 612812 918371 294699 664453 334437 595261 878804 605248 869224 781496
305003 277916 420280 920362 437368 999999999 432914 700983 639817 85704 755913 625013 152639 753773 707314 479609 747461 252029 580285 549655 107500 499634 619836 774371 484900 713765 708334 914912 689990 1157172 856725 702434 378798 1026041 897519 707484 926850 370686 544044 471869 887290 32966 832647 150883 686608 926702 978331 774446 239257 619562 643711 853786 584507 880824 749194 788058 195925 678941 719846 748036 526021 467961 628894 187574 466566 512924 675656 546084 655904 1141954 345456 787598 551259 382233 883881 891772 450065 567578 949124 517953 999258 650484 553316 843250 436519 470842 817765 714305 746087 641227 259694 684371 707529 462810 712952 279492 860869 555461 1076130 602923
642211 489948 253507 931533 75021 432914 999999999 509066 505624 518596 324492 365260 408741 859765 316794 731692 316527 597584 474638 599900 357915 556152 559307 421856 572369 782362 275481 613463 794013 887521 477682 320217 422561 798341 995358 490662 874785 254751 213915 317951 716613 465652 719397 289698 438696 773995 757243 430196 214376 220519 215329 714619 342276 726425 758473 888739 247139 807876 450464 412579 617688 304920 199583 496886 391657 160795 243377 582536 583385 884242 587801 557338 345162 380184 723683 821021 556073 297511 1023779 107275 659123 333144 632594 478878 673305 287654 829994 590389 354122 290380 579391 859225 275493 606870 295261 556274 804683 535234 801536 718655
681624 510937 301818 490123 583904 700983 509066 999999999 90715 761325 610509 152929 565585 527234 362279 622626 611510 671378 145109 335675 702980 338386 189351 285114 376570 435673 546852 264633 482366 460009 374764 342106 352903 325402 620790 39232 395412 342834 305896 235421 208796 726800 222608 641910 97071 264958 278031 268027 507581 656873 581508 207928 167081 217381 356799 541944 545827 519122 125434 245988 389456 243095 482498 604910 240092 656600 520633 315993 177160 442213 554219 95256 170347 328763 214708 336428 396951 213751 622181 435993 383434 225771 378542 334155 577117 248808 409902 116469 371400 286464 635512 604709 527466 448478 444051 583324 332083 242820 383459 454934
596798 430666 270146 444166 580291 639817 505624 90715 999999999 694316 653773 190159 497676 450413 416167 532041 653472 589500 61652 245489 653218 247898 102741 358279 286109 358914 587822 355269 400954 536616 452830 396442 275659 391954 554951 124239 370473 301620 322745 198897 247910 663531 216652 596913 164539 292235 343889 342823 466436 676985 610115 222475 183729 244580 291463 468208 500637 435555 202444 317624 298908 210015 514556 528838 173325 661343 558237 225556 100491 515607 467555 183519 162967 259049 246189 315571 307416 230711 563803 448836 474040 273848 288704 413978 487068 222622 353143 86010 431869 329988 553215 519140 569704 358087 493150 500324 301340 152105 464274 367351
270414 297109 492235 939986 522294 85704 518596 761325 694316 999999999 841584 696037 196641 758652 789321 460511 833112 221162 633433 576952 182274 529364 663660 852153 509166 728405 793991 985110 697880 1220357 936599 783761 423739 1084527 899723 770925 958308 441892 623767 538369 939614 53311 877189 235081 754497 975363 1036547 851366 321910 703728 729287 901967 655033 930763 774521 792908 279523 681590 789427 824378 546060 535816 714242 192173 522771 595918 761235 576446 699996 1203516 342864 850729 619206 435328 934658 927467 473297 641539 955031 602681 1073536 726679 574174 921636 425622 540764 840120 764299 827958 720602 240323 675645 793074 475571 797228 274954 894793 595995 1140844 612470
957217 792752 494901 1096222 325678 755913 324492 610509 653773 841584 999999999 464829 728315 1083002 253160 1022166 10281 915492 652207 831209 673556 798452 740947 368311 824504 995548 67161 567118 1022969 828612 348988 272807 690528 796887 1202830 576149 1005708 522962 347684 529816 782896 788390 831003 608981 514433 844876 769483 386482 536437 180430 113999 807254 471986 804496 943198 1106675 571347 1046713 498109 391583 864075 517963 154140 814975 616614 285961 101446 810700 751782 838805 886822 607697 504741 643270 797465 946447 818126 428351 1216613 266643 548047 384985 871377 378787 963592 497245 1006869 722100 258922 325250 894256 1113220 84089 874867 168925 865249 942375 745510 749504 961376
672327 491646 204742 631414 439092 625013 365260 152929 190159 696037 464829 999999999 509424 634410 226924 657963 464961 650559 201230 402670 606454 385520 284528 192726 420248 543854 399540 289935 580227 544412 291649 207534 338230 437397 744360 127274 545521 254516 155221 163730 353907 654361 375014 539677 73910 413239 394317 182527 404934 503951 429295 360301 41312 366929 481496 654476 447512 610702 96431 153411 448116 162880 330921 567895 223004 506922 371378 381227 289971 535114 558473 192675 84440 298320 362889 487231 428595 69161 753945 284893 380653 84522 446467 260006 604841 155408 542954 258168 245826 140016 617508 688471 380920 486520 302992 570099 479889 307303 459944 533505
235740 134199 310454 769167 439043 152639 408741 565585 497676 196641 728315 509424 999999999 610273 630471 366806 721224 189033 436830 397405 216067 347144 469993 677324 333568 564943 671938 795816 544996 1025225 767271 621850 228883 888087 754958 576580 774254 260351 458626 347885 743238 169818 683413 206231 563686 779928 840083 674351 194709 621709 623233 706648 468117 734910 596971 644340 170338 537705 600264 646245 375926 346898 585206 88715 326375 529348 636714 393497 506245 1007764 220107 656028 429414 238700 738591 739646 299304 460523 803927 468288 889736 549276 402745 747840 315227 354524 666027 568312 667865 552237 174139 553159 666729 317357 652887 165313 708462 404189 946568 457655
518507 477170 610466 227149 925294 753773 859765 527234 450413 758652 1083002 634410 610273 999999999 860784 332136 1081011 551818 434566 259981 825629 304657 350280 808346 295466 91670 1015852 764297 67403 834791 901298 841704 446596 677309 144907 566125 326607 605390 736028 558620 515567 759299 401994 802389 614459 497733 641452 792441 717473 1067490 1019281 451376 616464 485098 184101 34324 727186 78343 650380 767847 248291 571419 933485 570014 474212 1019301 982871 278157 351574 801704 415898 595152 579328 482812 496155 343483 321941 656362 196378 842308 887450 718855 228828 861200 342593 591917 179028 417743 879883 769872 523394 137088 999831 292980 932479 483724 308731 337653 794426 153355
833269 654402 334290 851825 370161 707314 316794 362279 416167 789321 253160 226924 630471 860784 999999999 854939 255807 801242 426461 622421 654766 598791 511342 125905 630444 770520 195196 333218 805385 607128 160916 20177 520282 553674 971007 326206 755625 378554 172913 339301 529804 739851 579988 583733 265252 591794 522564 141576 468057 347980 256482 554668 245895 551361 707575 881278 511673 834284 245609 140599 663621 330699 163024 706585 421177 397627 178355 601072 516452 611477 736991 354543 287673 473903 544305 696099 632415 213146 979045 209671 350572 142488 665371 166432 798510 312354 767233 476792 38930 93994 772878 909098 174543 691044 84244 732887 694040 529440 523311 754206
196362 246450 530921 549370 779533 479609 731692 622626 532041 460511 1022166 657963 366806 332136 854939 999999999 1017177 240061 481432 294165 572692 284287 442974 850678 246175 340447 958082 887260 287891 1040478 949576 839835 336040 882777 459129 653137 615766 499217 691825 515717 713957 475269 613244 572853 675737 722341 838063 840104 536250 952209 931870 655885 623659 691330 426515 363848 526480 255375 717601 811190 238597 524286 868667 294941 437346 874539 922125 310886 470136 1012894 148748 714753 577553 383388 699900 608729 230312 644561 521151 756589 1004772 730795 257756 917294 58712 543045 469642 554785 885357 762084 221709 221659 947300 174695 905392 203808 571131 380272 979652 225996
950636 786897 490764 1096363 316420 747461 316527 611510 653472 833112 10281 464961 721224 1081011 255807 1017177 999999999 908638 650938 828548 664576 795310 739835 372508 821024 993829 65716 572442 1020688 835008 355537 275267 686151 801632 1201560 577482 1006845 518055 345262 526848 785600 779894 832420 600247 515703 847592 773765 390537 528972 170154 104779 809209 471223 806895 942423 1104913 563535 1044070 500155 394929 860889 514888 150172 808066 613610 275809 98365 808117 751145 844861 881264 610279 503288 638968 799977 947662 814232 427140 1215895 261080 555147 385814 868501 384646 958568 494150 1006467 722573 263015 325723 887661 1110015 84127 870803 171609 859070 943185 743423 755556 958476
53142 161185 469213 749322 627305 252029 597584 671378 589500 221162 915492 650559 189033 551818 801242 240061 908638 999999999 528670 411668 354738 372995 530936 832573 342833 534460 857738 923327 495561 1125879 927140 790535 320058 977315 688803 691240 787371 422839 628370 487596 817880 241544 736852 372981 692509 842670 929655 826892 383736 810486 811656 770116 610165 802715 596676 585588 357698 473591 732580 797854 368513 490603 769957 100737 437946 716251 822182 417707 565866 1103803 145034 766298 566420 353506 808773 765643 308318 613221 747164 652832 1028029 704182 396416 903108 210592 503392 655524 642630 837172 716907 36698 458339 851546 289910 831563 90332 730123 459572 1053422 414570
537170 369375 228231 459610 548195 580285 474638 145109 61652 633433 652207 201230 436830 434566 426461 481432 650938 528670 999999999 205151 597327 197939 89458 385726 235602 344967 585321 407776 379146 597911 483265 407576 214007 453577 550631 172167 402135 253034 309889 158170 307044 603443 263501 543127 197723 348054 405516 372093 415244 658853 598493 276341 182055 301262 293685 456094 447327 409551 238918 344840 254930 170731 506745 467190 115218 633489 553687 183985 108837 577169 409154 240217 147930 198533 303829 351171 253263 223857 566723 429272 523553 285148 249251 446762 433963 187020 361651 136155 446991 335322 492496 488489 568383 306742 498184 439822 331535 108552 524765 333940
401727 280052 350823 373590 666096 549655 599900 335675 245489 576952 831209 402670 397405 259981 622421 294165 828548 411668 205151 999999999 602395 51558 149811 590547 69302 185538 764141 598839 195124 747548 688343 604495 195178 590923 396948 369548 381718 345851 483598 302257 423413 563244 330155 567634 402353 438562 545418 577161 468052 807981 762230 368526 376959 403159 199567 288936 483745 215523 443032 549716 55594 314666 679462 386705 216205 759695 730183 21447 175980 720826 269349 424509 334964 225722 410861 354957 105044 411150 431695 584187 718984 484482 44102 651895 257488 335380 269282 260620 646277 528987 375773 286687 749178 130222 688006 323585 320371 96602 685550 131828
407872 350252 405855 975984 349081 107500 357915 702980 653218 182274 673556 606454 216067 825629 654766 572692 664576 354738 597327 602395 999999999 550975 650010 735635 542745 776875 631171 894090 759883 1148861 810536 652653 415931 1027322 970452 703514 968729 360737 502840 467792 900313 132065 858165 71058 673909 945014 980517 738234 201651 526445 559865 873664 568032 897683 800427 859580 159139 753631 702862 713799 587151 461109 557425 277821 482201 416452 600484 595391 684928 1136794 431241 782964 541468 407022 899397 928660 510115 543039 1018303 453650 967994 618147 612944 801950 525336 459209 871453 733467 693658 599315 357852 768100 632724 532669 649218 369167 900368 591761 1065428 672615
368020 233556 310905 425030 620786 499634 556152 338386 247898 529364 798452 385520 347144 304657 598791 284287 795310 372995 197939 51558 550975 999999999 164979 576810 38220 234961 731652 603008 238178 768530 675483 581626 144717 614347 444471 369013 429052 301421 452045 268800 449725 514003 363962 516113 394516 470535 567751 564635 417815 767224 725138 398652 355946 432158 250195 335034 432649 252753 436117 536383 65709 280497 645476 340640 182035 715086 697083 47087 197145 743404 234846 431046 311721 178198 438949 399119 65715 385822 481394 546265 720624 464469 76443 640814 239781 301207 320533 279217 624870 504834 336556 314800 717495 110247 660529 283392 365689 97079 702736 164454
530526 379745 308438 372479 631945 619836 559307 189351 102741 663660 740947 284528 469993 350280 511342 442974 739835 530936 89458 149811 650010 164979 999999999 460242 202006 259394 674170 450012 298782 603551 555381 492047 241234 449736 462043 225604 326097 325561 399347 241356 287053 639682 213555 601569 266910 314010 402933 445101 480395 747532 687925 240686 269553 272207 204277 369951 507948 332855 305181 419450 205138 254404 596121 484498 178270 719142 642799 132094 36338 578537 397848 275269 237269 242989 277934 280403 229849 312705 477271 517983 571060 369049 191018 516690 402790 272282 272911 114242 529662 421779 494240 416542 657016 272956 585146 440605 255630 71367 538404 265626
858005 676725 367323 770206 482938 774371 421856 285114 358279 852153 368311 192726 677324 808346 125905 850678 372508 832573 385726 590547 735635 576810 460242 999999999 612176 716717 316298 207326 759007 481883 98937 111930 527671 430073 905883 245997 663183 417037 232814 346950 422118 805834 487019 665085 193892 483489 401259 18976 538711 473874 382252 455367 228308 446847 641734 824956 583142 792536 159682 40924 638213 342570 288434 744492 414843 519488 303016 569228 456890 485653 748492 251345 274499 485332 438586 603572 621271 219395 906446 316123 237619 128641 634623 70693 797373 329182 694425 401169 109507 136839 800996 873717 295577 679090 203986 755784 606628 494098 397677 719540
334708 212057 332841 435615 634642 484900 572369 376570 286109 509166 824504 420248 333568 295466 630444 246175 821024 342833 235602 69302 542745 38220 202006 612176 999999999 234969 757996 641182 228085 805375 710986 613659 152100 650564 438453 407004 450441 318243 479750 296456 484999 497166 396183 512376 431538 503732 604208 600352 422058 786430 747927 432527 389420 466504 265535 327517 433089 236241 473239 571920 47176 307535 670911 318219 210523 729729 723058 75633 233170 779886 201716 469264 344526 192184 473628 424259 35989 417299 479845 568763 758637 497956 70381 676820 201696 328045 332929 316103 657462 536455 306788 290118 744412 72034 690111 254397 389628 135150 740232 146928
508722 436131 530492 214933 849945 713765 782362 435673 358914 728405 995548 543854 564943 91670 770520 340447 993829 534460 344967 185538 776875 234961 259394 716717 234969 999999999 928457 675364 62434 759007 809633 751316 379668 600134 213035 474521 278231 529706 649534 475067 434713 722924 321775 747310 522838 423123 561924 700783 652758 986141 934826 370689 527022 405464 103456 111198 666623 106643 558711 676244 189730 488067 847242 536554 392670 942767 895924 200706 259908 727001 391406 504929 491034 411227 416147 281096 266762 567894 246433 759186 798628 628360 164618 769569 334973 508287 129417 327048 789034 680174 502518 195407 912072 252894 843151 457011 243958 252179 714028 120368
898230 731189 429386 1030883 289380 708334 275481 546852 587822 793991 67161 399540 671938 1015852 195196 958082 65716 857738 585321 764141 631171 731652 674170 316298 757996 928457 999999999 520187 955813 787735 311506 213987 625312 746371 1135951 513281 942261 458984 280574 462932 723891 741105 768245 564365 451450 785875 716770 333683 482581 180430 90423 745919 405507 744485 876708 1039573 519544 979633 437257 335613 797303 451158 89552 757584 549740 268833 36066 743606 685432 795660 824272 548425 437745 577941 737820 883186 752107 361493 1150179 205492 513242 321081 804404 336155 899605 430460 940783 657351 207406 260656 835379 1046446 20747 809076 112409 804757 878242 678350 706508 894412
938304 762178 494670 670085 679807 914912 613463 264633 355269 985110 567118 289935 795816 764297 333218 887260 572442 923327 407776 598839 894090 603008 450012 207326 641182 675364 520187 999999999 728857 276255 227165 318860 603503 233587 833401 235944 544610 544290 405694 447949 283468 944114 381662 826006 232627 336419 215686 192671 692492 681197 589366 337125 330449 314785 582230 772785 735773 768891 195742 203156 653269 449553 495620 848027 485382 723755 509364 579677 430829 278416 814280 174942 366484 571207 303931 488596 660893 351052 819268 512059 123282 283473 640926 190283 841394 444507 616939 351209 313170 323701 888453 857379 499656 713051 408915 837828 503423 507310 191053 712793
465572 412590 545934 261503 858964 689990 794013 482366 400954 697880 1022969 580227 544996 67403 805385 287891 1020688 495561 379146 195124 759883 238178 298782 759007 228085 62434 955813 728857 999999999 820343 853725 786634 379387 661252 211598 520588 338009 539405 675432 496115 494896 696555 382504 735612 565475 484980 622375 743749 650072 1003093 956690 431099 559926 466154 165456 100231 659882 44265 602961 718229 180913 508748 872385 507809 410801 953217 922393 214196 305212 788584 356178 556503 521147 416134 476686 343221 254673 598192 259186 779027 852099 664291 161999 814511 289651 529372 187617 378281 826052 713434 465570 133910 940218 227726 875132 423513 306210 277881 773979 87342
1131033 967260 743229 671198 955125 1157172 887521 460009 536616 1220357 828612 544412 1025225 834791 607128 1040478 835008 1125879 597911 747548 1148861 768530 603551 481883 805375 759007 787735 276255 820343 999999999 479672 593811 811075 159487 858540 449793 535471 790065 676655 685625 328613 1184159 438251 1083310 475014 337060 202454 468251 948100 954473 861640 390653 581337 355055 655678 831799 989738 864332 448507 479361 802667 690410 770105 1064038 700092 999952 780286 732885 572604 36324 999629 369762 608138 788749 345070 498119 833132 611365 823868 787596 286878 554946 782749 451599 1004707 690212 660193 489323 583695 599064 1089481 954204 767644 875527 678879 1036349 528943 673083 85988 833134
953953 772744 459260 850819 530119 856725 477682 374764 452830 936599 348988 291649 767271 901298 160916 949576 355537 927140 483265 688343 810536 675483 555381 98937 710986 809633 311506 227165 853725 479672 999999999 158904 625429 460750 994043 335603 737291 508014 312849 443789 485436 888764 563027 739513 288507 544630 440773 111183 618455 486179 392179 526713 326741 513207 730968 916655 662702 888184 250983 139100 736558 438719 312028 837260 513449 550702 309463 667086 549841 490703 846235 325853 372978 582443 503804 678265 720208 314578 991226 370493 201830 223708 732443 42671 896153 424309 780274 488927 124698 216142 896187 970382 292218 778020 209461 851880 684968 591786 401517 816639
821676 642198 322330 831687 376490 702434 320217 342106 396442 783761 272807 207534 621850 841704 20177 839835 275267 790535 407576 604495 652653 581626 492047 111930 613659 751316 213987 318860 786634 593811 158904 999999999 505887 536882 951347 306036 735483 367700 163261 324133 510367 734814 559882 581596 245076 572362 505044 126327 463321 362849 272352 534749 227649 531696 687798 861998 507243 815856 225634 122826 646266 315952 176791 696704 404973 408255 195720 583117 496785 597276 723547 335013 270116 459831 524719 675965 616302 196546 959120 212971 342199 123019 647589 159239 783682 298058 747256 456666 46709 77773 761672 891180 193422 674947 103912 720901 673864 511115 509509 736221
336048 158895 196086 564783 483177 378798 422561 352903 275659 423739 690528 338230 228883 446596 520282 336040 686151 320058 214007 195178 415931 144717 241234 527671 152100 379668 625312 603503 379387 811075 625429 505887 999999999 667532 588199 371331 553031 171354 355790 182874 516947 398468 454548 375422 373785 551624 619481 519493 273098 639195 606656 478233 299817 507170 387235 477964 288990 388199 414533 490199 198905 190064 536426 253218 118480 578549 589603 183975 277433 790959 220828 447257 254068 47531 511290 514673 133522 313274 626100 428202 710182 402550 218142 596907 278734 207930 459489 340946 551945 428406 284963 436693 613555 186314 569361 234629 485209 177287 736196 298955
979733 820802 623035 524504 870105 1026041 798341 325402 391954 1084527 796887 437397 888087 677309 553674 882777 801632 977315 453577 590923 1027322 614347 449736 430073 650564 600134 746371 233587 661252 159487 460750 536882 667532 999999999 708439 324500 388667 666608 584440 559598 169432 1051402 278906 964828 363801 180525 48072 412840 829735 898033 809056 231166 469127 195585 496957 675629 869286 705167 347880 414416 645689 566273 711539 920580 561757 926940 732013 577039 417396 130129 847410 246832 487705 649580 185588 345759 679540 506537 678329 706479 310321 468705 625048 423366 848395 569452 504723 335838 539271 522149 940712 795151 725648 719847 634031 887245 374261 520322 125046 673815
652038 621594 743486 190018 1062657 897519 995358 620790 554951 899723 1202830 744360 754958 144907 971007 459129 1201560 688803 550631 396948 970452 444471 462043 905883 438453 213035 1135951 833401 211598 858540 994043 951347 588199 708439 999999999 659962 323577 742344 858897 687174 562376 902210 453408 947169 714116 529560 679980 888795 860329 1198691 1145741 500922 731563 530052 264449 111368 871157 218722 746205 866465 391375 700244 1056505 712711 605538 1155697 1104170 413199 454562 823368 556985 674624 698336 622303 541553 362801 466132 774480 66819 971133 954340 828560 370115 952477 478237 720295 216620 505256 986473 883141 662170 240598 1118967 437783 1046632 624938 337198 464022 831681 298242
703983 530178 298565 527645 565007 707484 490662 39232 124239 770925 576149 127274 576580 566125 326206 653137 577482 691240 172167 369548 703514 369013 225604 245997 407004 474521 513281 235944 520588 449793 335603 306036 371331 324500 659962 999999999 429719 342869 282466 236702 226727 734367 254968 640426 61840 285989 278597 228835 505264 629136 551380 235180 149565 239916 396021 581063 545089 556873 86366 207074 422486 242518 451797 620780 255027 634171 488095 349398 215447 434769 578688 80122 163245 343139 235663 370346 425429 193183 660915 412147 351636 192831 412895 295118 606125 244977 448704 155270 333859 253961 655815 641862 493624 478539 408766 604369 367910 275058 370019 491109
769718 661705 630213 136030 949020 926850 874785 395412 370473 958308 1005708 545521 774254 326607 755625 615766 1006845 787371 402135 381718 968729 429052 326097 663183 450441 278231 942261 544610 338009 535471 737291 735483 553031 388667 323577 429719 999999999 651089 690877 560274 261335 942521 176367 924328 491310 215494 365113 644482 806076 1045529 974508 210923 549625 229827 191992 313775 832209 380151 511105 628499 419142 572728 876441 768422 504302 1031612 915852 382021 295708 500089 642463 412748 533374 564433 240709 59691 486419 597629 289693 818651 658837 621181 391059 694621 602919 588238 150725 289260 760783 681825 752608 461194 922838 497514 838472 702086 70727 377285 513329 390161
455056 278120 50507 690974 320319 370686 254751 342834 301620 441892 522962 254516 260351 605390 378554 499217 518055 422839 253034 345851 360737 301421 325561 417037 318243 529706 458984 544290 539405 790065 508014 367700 171354 666608 742344 342869 651089 999999999 205893 107425 544308 399853 515795 299129 316631 592855 619894 414023 165649 468556 435784 524053 213846 544759 514266 634780 202994 553240 349172 386008 363135 100379 369505 329821 147781 413915 422988 329147 355517 776886 366945 422523 181963 126473 545299 602624 304105 200722 773389 258133 632024 288928 377857 487608 440675 100371 587004 386171 414333 294749 394354 606823 448684 357652 414340 355581 580408 288495 707679 464091
660908 482936 163458 765609 286120 544044 213915 305896 322745 623767 347684 155221 458626 736028 172913 691825 345262 628370 309889 483598 502840 452045 399347 232814 479750 649534 280574 405694 675432 676655 312849 163261 355790 584440 858897 282466 690877 205893 999999999 183392 509128 575987 525121 432362 226962 568344 543589 235730 306596 354681 288815 513818 141502 521795 603516 760429 351001 699071 236578 212520 517753 172241 197725 533753 270021 351706 246964 463035 414804 671925 568073 344819 162568 308463 517967 633978 476493 93430 876597 130102 466680 122248 524088 300019 634334 151871 670533 401641 209503 97283 600230 766745 265683 534463 213573 561022 622961 398375 590742 614105
511256 330029 71288 613673 390791 471869 317951 235421 198897 538369 529816 163730 347885 558620 339301 515717 526848 487596 158170 302257 467792 268800 241356 346950 296456 475067 462932 447949 496115 685625 443789 324133 182874 559598 687174 236702 560274 107425 183392 999999999 437756 499574 415295 406547 216217 487598 512725 340073 272647 511735 460695 420126 122820 439349 441867 584781 310409 517649 252389 310877 334493 13201 377367 404179 86809 477919 428532 282233 266212 671397 403046 316707 81560 138695 439432 508728 294607 130421 710695 284121 544026 220267 341676 416974 459600 33297 512726 284712 369815 246406 455097 583590 448695 353015 394260 408983 489698 223152 604264 431633
817174 664739 506922 389714 791204 887290 716613 208796 247910 939614 782896 353907 743238 515567 529804 713957 785600 817880 307044 423413 900313 449725 287053 422118 484999 434713 723891 283468 494896 328613 485436 510367 516947 169432 562376 226727 261335 544308 509128 437756 999999999 910446 113573 842450 283948 61995 127656 403147 709956 852188 770904 64207 374403 32448 332555 517090 746029 538458 288083 392688 477692 446938 670872 767553 421132 860822 702336 410487 252856 299418 684207 175470 378711 505495 21003 206574 515348 419525 541555 638586 398036 411651 456386 443124 680788 454956 349920 176512 527308 472014 781183 628713 703493 553084 614039 727552 225818 358398 279343 504524
293688 287050 449765 931645 469015 32966 465652 726800 663531 53311 788390 654361 169818 759299 739851 475269 779894 241544 603443 563244 132065 514003 639682 805834 497166 722924 741105 944114 696555 1184159 888764 734814 398468 1051402 902210 734367 942521 399853 575987 499574 910446 999999999 852995 181892 714968 948589 1003580 805663 271830 650637 676020 875452 613668 903134 762410 793622 228690 683492 748777 779079 536814 496124 661821 189525 490631 543205 708496 560812 675900 1168396 346758 814425 579541 404951 906490 908964 461818 597830 955274 550914 1029743 681455 564492 874892 435161 499707 829960 736496 778596 673101 253690 684575 740388 470630 745883 279437 877386 573988 1103601 609940
730890 590764 486583 290076 794347 832647 719397 222608 216652 877189 831003 375014 683413 401994 579988 613244 832420 736852 263501 330155 858165 363962 213555 487019 396183 321775 768245 381662 382504 438251 563027 559882 454548 278906 453408 254968 176367 515795 525121 415295 113573 852995 999999999 805908 316794 109176 240192 468373 678744 878379 804069 49399 383834 83691 219181 403841 710446 426331 334981 452139 381876 426601 705106 696586 377010 872311 742772 320550 177235 407235 597853 237414 374267 452657 94430 116679 429221 431791 437643 654633 501351 447519 358145 520384 584421 439180 238496 130649 584511 508518 700333 516413 748590 460158 663195 646975 122911 282124 392703 397472
425123 336371 341891 939912 287364 150883 289698 641910 596913 235081 608981 539677 206231 802389 583733 572853 600247 372981 543127 567634 71058 516113 601569 665085 512376 747310 564365 826006 735612 1083310 739513 581596 375422 964828 947169 640426 924328 299129 432362 406547 842450 181892 805908 999999999 608360 889147 918437 667936 135369 468785 495881 818775 501988 841396 762628 835824 96421 733347 636093 643767 558344 398959 488740 283742 428900 362190 532948 558531 635568 1072125 426277 719325 477544 359913 842546 881727 481925 475158 991750 383349 898075 548553 582693 731153 521403 395473 834721 679057 622630 528626 369080 755941 565119 511358 579109 370104 854996 547267 999384 649081
709753 531644 268691 587098 512219 686608 438696 97071 164539 754497 514433 73910 563686 614459 265252 675737 515703 692509 197723 402353 673909 394516 266910 193892 431538 522838 451450 232627 565475 475014 288507 245076 373785 363801 714116 61840 491310 316631 226962 216217 283948 714968 316794 608360 999999999 344439 320456 178284 473102 569062 490201 296384 106701 299394 449671 631297 514772 599678 41906 153436 452650 218872 390463 615567 255310 577919 426299 381372 263073 464121 589331 118809 135432 339406 294423 432015 445633 143010 717710 355328 336513 131094 446384 250346 625725 216283 505387 212633 274722 192252 658110 682170 431815 501440 347341 608393 428872 305875 391614 528945
838276 693691 557838 349157 848791 926702 773995 264958 292235 975363 844876 413239 779928 497733 591794 722341 847592 842670 348054 438562 945014 470535 314010 483489 503732 423123 785875 336419 484980 337060 544630 572362 551624 180525 529560 285989 215494 592855 568344 487598 61995 948589 109176 889147 344439 999999999 150730 464531 758207 913236 832466 73474 431812 48326 319668 495274 792855 529169 349836 454503 490783 497491 732437 798452 463251 919991 764229 428166 278055 304234 705114 237450 433072 544560 50403 167030 536107 477745 502821 698129 445891 472985 467261 502548 693506 506890 324203 212514 589091 533515 806046 618530 765483 568725 676027 752520 193885 384645 302228 505303
932496 772913 576836 499656 829656 978331 757243 278031 343889 1036547 769483 394317 840083 641452 522564 838063 773765 929655 405516 545418 980517 567751 402933 401259 604208 561924 716770 215686 622375 202454 440773 505044 619481 48072 679980 278597 365113 619894 543589 512725 127656 1003580 240192 918437 320456 150730 999999999 383356 783486 863906 776256 191284 424787 156564 459335 641488 822725 666015 307275 382219 600419 519634 677804 872549 513778 888899 700732 531106 371090 175678 800340 202311 441821 601547 145779 317734 632781 463459 653428 667451 308340 430137 580320 401514 802762 523285 471992 288827 510763 485340 893071 756235 696023 673876 604386 839636 343351 473263 153182 631508
851324 670101 363938 752019 492827 774446 430196 268027 342823 851366 386482 182527 674351 792441 141576 840104 390537 826892 372093 577161 738234 564635 445101 18976 600352 700783 333683 192671 743749 468251 111183 126327 519493 412840 888795 228835 644482 414023 235730 340073 403147 805663 468373 667936 178284 464531 383356 999999999 540099 489096 398033 436495 219680 427877 624803 808677 584495 777709 142733 29294 625463 336348 303113 739973 405427 532034 319508 555904 440881 471059 740181 232474 265617 477922 419610 584888 610309 214593 888791 325397 231490 125158 621260 77520 787288 323840 676883 383812 127562 141892 794908 859467 312943 667877 221282 749044 588191 480607 383559 705574
429532 289882 206702 833156 246799 239257 214376 507581 466436 321910 536437 404934 194709 717473 468057 536250 528972 383736 415244 468052 201651 417815 480395 538711 422058 652758 482581 692492 650072 948100 618455 463321 273098 829735 860329 505264 806076 165649 306596 272647 709956 271830 678744 135369 473102 758207 783486 540099 999999999 427702 429444 688884 366858 710183 654918 749554 44432 654686 501362 514789 469226 264488 398372 283220 303511 339911 448143 455681 512845 936770 388303 584024 342257 246391 710854 760462 396758 341445 899186 283546 768366 418218 490366 606585 479450 260288 727870 550124 506834 403860 367081 691112 479114 437458 476194 348493 735860 432528 864328 566645
857133 709907 457159 1117897 184424 619562 220519 656873 676985 703728 180430 503951 621709 1067490 347980 952209 170154 810486 658853 807981 526445 767224 747532 473874 786430 986141 180430 681197 1003093 954473 486179 362849 639195 898033 1198691 629136 1045529 468556 354681 511735 852188 650637 878379 468785 569062 913236 863906 489096 427702 999999999 94000 863939 495943 868454 951246 1094936 453466 1019966 565629 483977 830561 498607 186560 710419 593679 113669 176716 789352 766309 959427 807999 679375 514947 595029 863397 988447 772483 447909 1222043 229582 687583 440776 843379 506005 893823 478805 1020394 756272 371234 381335 794774 1075376 196962 824832 277581 774551 977619 734775 871110 931270
855139 696239 415086 1053920 211681 643711 215329 581508 610115 729287 113999 429295 623233 1019281 256482 931870 104779 811656 598493 762230 559865 725138 687925 382252 747927 934826 90423 589366 956690 861640 392179 272352 606656 809056 1145741 551380 974508 435784 288815 460695 770904 676020 804069 495881 490201 832466 776256 398033 429444 94000 999999999 786515 426634 788806 892177 1045084 462257 976922 482971 394651 789999 447974 100032 710922 546037 179281 82716 742584 703555 867249 792345 596504 451381 560398 783139 916451 737839 379411 1165011 179172 593604 359756 800149 412315 873159 427404 959345 685905 278008 298969 792173 1038040 104655 792827 183751 766143 908001 682674 778679 889510
766644 620423 490979 332961 789622 853786 714619 207928 222475 901967 807254 360301 706648 451376 554668 655885 809209 770116 276341 368526 873664 398652 240686 455367 432527 370689 745919 337125 431099 390653 526713 534749 478233 231166 500922 235180 210923 524053 513818 420126 64207 875452 49399 818775 296384 73474 191284 436495 688884 863939 786515 999999999 374213 35751 268376 453166 722651 474782 309162 422439 421721 430565 686839 725046 391523 864154 722015 357171 204852 360339 633457 204022 370609 471802 45664 152748 464331 421421 482842 643909 455281 427327 399175 484058 624887 441192 287002 140254 556358 488473 733462 564974 725907 498727 638594 679890 166529 311501 343481 443162
632700 451759 164450 627889 416998 584507 342276 167081 183729 655033 471986 41312 468117 616464 245895 623659 471223 610165 182055 376959 568032 355946 269553 228308 389420 527022 405507 330449 559926 581337 326741 227649 299817 469127 731563 149565 549625 213846 141502 122820 374403 613668 383834 501988 106701 431812 424787 219680 366858 495943 426634 374213 999999999 384416 471221 638141 408924 588402 135586 190387 419841 121612 330839 526851 186761 489953 375122 355558 279965 570806 520511 222501 46241 258770 381465 492537 395509 48075 744674 270806 421933 108556 420218 297125 569662 114284 535625 260369 269471 153528 577357 663614 387936 453861 316129 530421 482091 283546 497474 508620
800160 651708 509536 357394 801281 880824 726425 217381 244580 930763 804496 366929 734910 485098 551361 691330 806895 802715 301262 403159 897683 432158 272207 446847 466504 405464 744485 314785 466154 355055 513207 531696 507170 195585 530052 239916 229827 544759 521795 439349 32448 903134 83691 841396 299394 48326 156564 427877 710183 868454 788806 35751 384416 999999999 302773 485928 745064 509935 307384 415977 456666 449199 688838 755699 416334 873267 721925 391344 236874 324613 667000 197132 384912 498592 11501 174421 497872 430673 509124 651748 430175 429056 434398 470725 659879 458563 318049 166645 550555 489905 766033 600058 724231 533287 635574 712420 193384 343411 309335 478912
577899 477474 505229 178238 829606 749194 758473 356799 291463 774521 943198 481496 596971 184101 707575 426515 942423 596676 293685 199567 800427 250195 204277 641734 265535 103456 876708 582230 165456 655678 730968 687798 387235 496957 264449 396021 191992 514266 603516 441867 332555 762410 219181 762628 449671 319668 459335 624803 654918 951246 892177 268376 471221 302773 999999999 190562 675179 209709 482107 602161 229955 455060 799915 583042 368263 919072 845924 205039 191690 623577 451644 416120 441186 408527 313606 183025 301280 515789 273514 721820 705097 565310 201653 689758 411230 473915 73045 242198 722290 621006 562358 298862 859135 306851 784384 512718 145345 225791 611852 200583
551724 511353 638327 204613 954973 788058 888739 541944 468208 792908 1106675 654476 644340 34324 881278 363848 1104913 585588 456094 288936 859580 335034 369951 824956 327517 111198 1039573 772785 100231 831799 916655 861998 477964 675629 111368 581063 313775 634780 760429 584781 517090 793622 403841 835824 631297 495274 641488 808677 749554 1094936 1045084 453166 638141 485928 190562 999999999 759927 112005 666161 784707 280375 597694 958099 604336 501276 1048629 1006957 306306 368309 798113 450121 606003 602220 513203 497179 336256 354810 679091 162145 868822 895611 738997 259850 876076 376018 618058 171847 430064 899291 791204 557393 160445 1023233 327000 954261 517968 303217 362507 794669 187058
