NAME : synthetic_000195
TYPE : CTSP-D
DIMENSION : 100
GROUPS : 8
RELAXATION_LEVEL : 1
EDGE_WEIGHT_TYPE : EXPLICIT
EDGE_WEIGHT_FORMAT : FULL_MATRIX
EDGE_WEIGHT_SECTION
999999999 343484 112322 268314 553342 385287 517378 678658 651899 395987 413135 339686 652530 252919 341719 458688 327438 594240 313587 476727 314095 391339 383093 256173 449477 812254 271165 780442 488235 644809 548431 635239 648667 522192 278433 221401 415082 430805 341136 146652 648000 188649 818064 653309 489854 533220 461194 569720 507681 324695 315698 665342 413903 660382 305401 337897 149313 429519 370169 361766 278230 112932 478613 378361 657184 91518 795355 559974 648081 407730 325920 135653 232334 255972 699487 712186 471308 684056 247035 717190 447450 586749 707890 149760 467300 372682 274491 320180 456413 577686 99270 548679 289080 510127 92599 758243 151791 616420 324731 383673
343484 999999999 329828 599574 810988 728711 846286 859713 832326 313445 755570 671382 660758 268784 676840 791596 277378 929046 533616 795871 522242 426636 674197 158645 701021 808158 543889 1076800 151209 906234 798612 711042 635494 561932 496291 530928 98605 169526 627447 269379 869862 303503 1119228 589544 757297 876057 626326 745143 650321 663997 649887 625853 756823 986513 352131 486077 212029 772928 666225 254672 301262 289440 143659 599891 855505 429549 1107799 821247 979919 75633 647579 477992 566440 155575 960565 993928 508648 990209 584950 703849 725249 849248 969793 193913 132574 563723 608433 95926 461103 888636 373528 835594 575481 846736 251041 1047942 470055 749663 245095 682741
112322 329828 999999999 278518 659144 428230 519489 790776 764078 466930 447196 417981 751689 329706 356897 531482 230358 661580 425854 466591 426395 486914 483844 198919 387211 911844 379738 872405 481019 748781 655586 742607 744402 623234 192337 202458 378129 371981 444548 227064 757858 82066 907552 740036 594605 582860 573143 682041 618958 350150 329753 756896 465878 736153 194867 447181 119230 476400 337164 422947 173736 200998 473177 299132 768716 137385 879231 505044 718278 403080 413889 187246 249653 200139 802971 810150 570545 772701 321506 814109 401229 532860 811113 163585 461962 484912 353302 276466 549617 665450 49765 647228 246932 525360 119697 853026 148456 727880 235191 481554
268314 599574 278518 999999999 549928 168120 249269 742631 720280 647390 175302 239238 841610 506067 78379 315147 483551 422388 428758 210969 440752 605774 371922 477431 268497 994044 343422 683851 748942 620167 556292 787874 848503 711410 237602 88893 655889 649115 355834 405805 673541 341657 709536 874167 486171 320640 579459 656205 633901 77338 51239 875408 215425 510156 411602 504388 388770 217072 145283 621529 418935 370710 740046 265448 707009 176809 666405 345774 481612 668928 267742 140938 37034 478656 667744 647580 669871 578555 173567 910997 231172 368063 673907 411666 728695 493366 200846 554578 672020 476155 229871 500157 127602 247646 353894 675398 130646 731005 498195 356589
553342 810988 659144 549928 999999999 448813 642496 226945 215502 612078 485428 313991 533650 554499 541962 303580 880433 355803 277768 667886 290659 474469 182677 791191 815485 630811 283377 290583 910587 95293 23211 413708 566233 455044 753550 606795 906068 950435 215473 546083 129533 740019 338315 644798 65864 438747 250770 206953 279254 509261 542490 613408 411035 326794 853425 348253 686279 433895 687589 637823 830946 535650 898965 810714 181059 536069 357110 870944 359034 842706 282428 501553 534673 789950 150024 192525 458840 243342 382623 595396 767247 887008 159116 652247 889872 262127 351237 833964 505549 202535 624401 95069 672823 587580 617784 253132 579003 301175 875451 194214
385287 728711 428230 168120 448813 999999999 204225 664559 646236 713576 42357 150076 840830 582514 112567 165360 645771 255476 419469 219306 436138 639407 296049 624114 388380 981659 330874 530846 872815 501576 460957 763176 856009 717811 404576 256440 796151 799405 301858 497164 578129 499650 552122 898927 392626 155317 548678 597920 602700 92578 128446 890430 50183 345819 577966 514501 525862 49340 262277 700336 581865 464372 862946 417069 623035 301530 504255 425482 314722 792369 197508 251334 183860 624855 542688 508361 686219 425763 166931 911064 330318 439782 547440 535039 851683 475628 165400 697229 701906 330452 378490 379144 286894 161959 477674 527628 282708 684619 657790 274313
517378 846286 519489 249269 642496 204225 999999999 863541 846442 886779 162563 354293 1041444 748280 177683 341443 699223 367002 619081 71602 634912 828303 499506 716124 295611 1184546 529677 668209 996498 683600 656792 966945 1054783 916257 414662 317144 897072 881749 505970 651635 771866 571124 677681 1092698 590554 237509 752435 801216 806618 202540 202321 1087288 232550 461305 614441 710347 634446 208733 214178 865330 634904 616772 987851 373371 820579 425870 616818 275388 417536 916827 401617 386247 285058 717719 718214 669782 881665 569336 354961 1111715 226714 279586 721536 660509 976513 677445 362600 795202 892762 493087 473248 563783 293873 60709 602914 675344 376398 888656 719621 477311
678658 859713 790776 742631 226945 664559 863541 999999999 27649 594634 703431 520272 389735 590985 747911 528613 991192 579449 365304 883428 366846 451510 374199 880959 1011123 442960 420523 433049 927111 235889 209028 256906 430491 365322 919566 785057 958304 1018236 386995 622840 111731 865809 478485 523236 272997 665599 234266 115054 212648 714092 744188 480044 631002 538004 983428 376082 786133 655026 886006 637779 951779 625083 915708 991243 47477 688253 522874 1078064 575758 872345 480039 665393 721026 878985 250607 334566 395961 432045 569210 436132 969316 1096180 257000 738748 908589 311052 542476 905653 451888 422492 766228 319263 857327 810444 719888 390844 743944 143213 979271 393297
651899 832326 764078 720280 215502 646236 846442 27649 999999999 568942 685611 500603 374586 563572 727416 513955 963784 570573 338408 864650 339645 425493 353782 853340 988692 437098 395258 438917 900628 235578 195983 242134 414464 343137 894463 761130 930909 990659 364447 595215 112146 838837 485215 505931 256690 652645 206676 87451 186299 693491 723029 464058 613938 533332 956497 348470 758649 638298 864110 611456 924606 597569 889205 967205 48630 662682 526513 1057290 569629 845394 459348 640615 698020 851362 256169 338579 371868 431228 546735 424030 947831 1075769 263251 711143 882011 283606 520639 878027 427585 414831 739981 309585 833855 794146 692484 396640 719054 124957 951760 373560
395987 313445 466930 647390 612078 713576 886779 594634 568942 999999999 751611 600351 347333 143251 709964 707924 549069 838666 356614 857999 338652 144271 534477 413616 844007 496255 415929 900796 338101 701505 593777 407322 322702 256406 658848 615793 404878 482768 491588 249384 632729 496478 947661 287153 575661 830110 378164 486764 383105 684399 687348 317127 721735 868447 593416 265505 375522 744796 764521 59100 544268 283303 327174 764672 602081 479211 954847 955901 876895 297522 559264 506563 610412 410437 751076 804601 207794 834349 546772 391920 843301 982728 760454 314500 321612 350941 554183 393490 154177 748962 484080 666799 685065 865568 347299 864828 546246 466415 522763 552050
413135 755570 447196 175302 485428 42357 162563 703431 685611 751611 999999999 191926 883141 618846 105493 193045 658587 263398 461642 183114 478223 680158 337017 645040 367518 1023990 372906 550283 901370 534217 498419 805384 898181 759933 405006 263881 819788 819176 343954 530842 614940 515057 568494 940526 430850 147972 590903 638820 644866 98456 128102 932410 75695 357126 586585 556242 549700 58644 245368 736777 594077 497436 891724 406467 661313 326290 516811 394786 321834 820865 239639 277711 198176 645969 573356 534577 727979 446157 206125 953379 305935 407419 577675 562640 880417 517975 206859 719830 743011 355786 397522 412268 283015 119779 504821 549949 299359 726096 672477 314957
339686 671382 417981 239238 313991 150076 354293 520272 500603 600351 191926 999999999 695287 481644 228815 120235 648081 257703 277922 364873 295718 509346 147456 595412 501828 833305 193219 460587 805072 380972 322748 613838 712556 575272 460884 307248 751317 770485 152262 414093 440853 498613 492520 760894 252678 230077 399495 448780 453218 195615 228502 749026 132739 320844 598030 377260 488997 158666 373712 596414 588815 386264 794344 504017 480675 280666 461327 558962 309269 726282 48603 232526 229917 595348 428653 412788 547566 357821 96520 765341 453437 576313 434947 480761 783459 329783 65425 659191 568654 250914 372331 261116 365540 309527 428520 446433 298106 534661 652652 127049
652530 660758 751689 841610 533650 840830 1041444 389735 374586 347333 883141 695287 999999999 437493 881629 764260 881886 864261 422388 1034895 406933 265694 567866 748835 1086017 160159 511853 804148 668388 592062 510469 132829 43186 131595 930889 843122 751482 830098 545471 527251 479503 802458 851780 139185 535712 907118 305286 331911 259906 849349 866347 91260 827800 855568 911802 337223 688973 853824 981192 406127 866449 550731 658632 1028262 422198 710386 884408 1183196 881623 640718 646692 715758 808357 745871 624212 701473 181358 776034 689072 70273 1066874 1207257 632222 627983 655333 365577 678855 738282 208461 727550 751593 621713 919650 1002727 641357 762347 780173 250413 858647 591320
252919 268784 329706 506067 554499 582514 748280 590985 563572 143251 618846 481644 437493 999999999 570817 595791 445924 730984 278358 716984 264078 175666 441446 315704 701669 596006 312830 832545 356200 648841 539940 459436 423693 318610 520005 472558 367346 429497 395342 106592 603505 368962 877374 410964 506551 708256 357569 476362 382547 546623 547451 430807 595407 771878 474988 218025 252150 617146 621316 117939 429027 140099 344591 624754 587008 336186 875015 812893 774408 289305 445261 365133 469036 312964 702072 743184 263292 754751 417369 494395 700089 839650 711427 190738 335395 298647 429188 321153 229304 660341 342956 591796 541946 730030 211678 800294 402998 484461 424512 455207
341719 676840 356897 78379 541962 112567 177683 747911 727416 709964 105493 228815 881629 570817 999999999 275639 559051 365602 461379 153721 475511 657204 373740 555807 279132 1030048 372587 643085 825694 602969 551425 817855 891770 753495 299596 162876 734180 727264 367331 474006 669532 419051 664689 923959 481448 253464 605228 670402 660018 34125 27167 921635 162745 457484 483969 545988 466579 156813 151327 687720 494229 439184 816644 304734 709118 250571 616395 330304 424604 745505 268076 208895 110504 557035 646884 617389 715460 537869 194022 951655 225712 348353 652196 487550 805291 523579 211469 632922 722598 440740 308213 480698 177696 169898 429559 638952 208927 751181 574760 354929
458688 791596 531482 315147 303580 165360 341443 528613 513955 707924 193045 120235 764260 595791 275639 999999999 760196 137654 366360 374829 385177 605702 196714 713642 553558 890668 292543 369240 924598 342888 319745 667936 786550 653126 550613 396426 871360 889199 226547 532954 432107 610595 394459 844265 257953 144037 459687 480673 509487 249558 286674 826826 117933 204761 704391 468357 607862 136075 426739 708413 699275 505858 913801 576514 483935 394407 354151 587792 189421 846053 150531 344287 317723 713689 380507 343033 632741 263826 212318 833009 495551 600370 384701 600910 902968 406378 184420 778660 660664 165226 484178 222351 441522 284841 548302 363417 401577 573627 766673 173530
327438 277378 230358 483551 880433 645771 699223 991192 963784 549069 658587 648081 881886 445924 559051 760196 999999999 887850 628482 635588 624893 621460 709879 135560 482522 1038559 597438 1102372 402102 972227 874859 901878 864700 764429 290608 396181 258218 203526 668508 375048 970833 149638 1137835 836137 817234 801014 762512 878237 801463 560152 533059 864985 687338 964951 94217 624791 206051 694941 490720 492186 64903 367065 399368 374205 974506 367431 1109404 599616 945361 346202 644001 416252 462097 138788 1026923 1038129 709136 1003009 551563 935326 524971 626704 1035326 260449 390471 680187 583583 182107 673493 895774 276127 874774 405431 718287 271305 1082304 363960 909682 33375 709192
594240 929046 661580 422388 355803 255476 367002 579449 570573 838666 263398 257703 864261 730984 365602 137654 887850 999999999 489089 420399 507975 729330 310777 847899 627920 978503 422953 301413 1062214 358673 376957 756760 890549 762206 659721 509281 1008029 1023861 349080 670430 471686 738828 311586 955555 332054 129848 559925 556460 604741 348039 383733 933595 206969 95520 826691 590313 743007 208800 508498 842068 825561 643502 1051401 669528 532219 525742 254821 638038 59260 983705 286641 474759 432976 848075 378742 315126 747836 205760 347209 930927 563390 645132 379672 737887 1040581 520411 321049 914421 780576 158028 613171 261039 542140 306378 684671 311201 525054 651703 896258 290129
313587 533616 425854 428758 277768 419469 619081 365304 338408 356614 461642 277922 422388 278358 461379 366360 628482 489089 999999999 613804 18907 240320 179547 525564 687738 568674 89491 554667 634405 372853 264998 359117 436542 298398 566363 447575 629391 677248 140493 272142 345232 500519 599973 483069 228217 501831 155363 256472 207973 428466 447929 471564 410343 512442 618124 102002 425526 436051 572732 371421 586991 266926 622813 648850 346109 332455 601231 774406 523186 565266 230130 319948 398623 523944 427002 464888 269791 480549 267653 492654 659072 796808 436253 383687 613465 65554 256481 561272 294377 392405 403688 314967 523973 581407 357870 521980 395184 312048 618603 199052
476727 795871 466591 210969 667886 219306 71602 883428 864650 857999 183114 364873 1034895 716984 153721 374829 635588 420399 613804 999999999 628351 810255 512323 660198 224906 1182334 524607 719232 946829 717073 680251 968432 1045406 907077 348054 265055 841751 822248 512247 616577 797298 512503 731957 1077413 611885 290913 754784 813287 809485 185547 172360 1075351 258672 515789 548875 699629 583936 238756 146136 832477 571815 581461 938612 302129 842229 385837 673739 217904 474020 867927 409327 351863 248000 661981 755269 712801 869176 617743 346163 1104984 156000 227111 759307 614660 927322 675111 360211 739946 875853 534261 422541 595298 230891 120889 557986 723251 329443 897272 657288 491481
314095 522242 426395 440752 290659 436138 634912 366846 339645 338652 478223 295718 406933 264078 475511 385177 624893 507975 18907 628351 999999999 221416 198284 519215 697643 554780 105381 570159 620278 385390 276910 347707 420102 281732 571780 456477 618608 668225 159395 263779 352452 499602 615755 465176 243291 520322 149313 255919 200137 442858 461406 454433 427938 530857 617366 83186 420793 453572 584086 354635 584961 260855 608668 656237 349954 338079 618125 786053 541905 552065 248144 328244 409871 517496 439151 479277 251849 497439 282265 477156 670428 808766 448453 376956 599455 59104 272416 552597 275641 410315 406272 331249 533146 598002 353730 536928 402275 306254 614071 217915
391339 426636 486914 605774 474469 639407 828303 451510 425493 144271 680158 509346 265694 175666 657204 605702 621460 729330 240320 810255 221416 999999999 419068 491198 834251 425672 316481 764757 476600 561483 455104 286165 257781 142971 669384 593876 523742 594100 380746 261598 488812 536816 812184 268576 443553 737848 234624 342622 239311 627661 638048 274793 638629 748932 646957 139283 424464 663431 737933 186989 602476 285981 465318 769442 457904 457340 823789 937600 762176 426794 463786 470789 570215 488419 609816 666620 87680 704124 474985 327208 821772 962932 619154 364108 458686 218499 474331 491481 66566 625228 489524 536118 668866 798615 375663 727582 527594 327650 600167 439210
383093 674197 483844 371922 182677 296049 499506 374199 353782 534477 337017 147456 567866 441446 373740 196714 709879 310777 179547 512323 198284 419068 999999999 631670 639790 697519 130943 403917 791049 266317 185792 475572 589836 456773 570875 424709 764275 798898 46887 404866 301926 565627 445288 648652 116955 339271 264194 301873 315531 339895 370275 630265 270257 334058 676480 279842 524403 296005 513281 544580 657203 386749 779674 629498 336217 356108 435417 703867 343640 716923 105908 319521 354101 630832 319764 329454 438453 316434 201201 636880 595681 722063 327691 498880 769583 211030 171226 682969 469840 218910 446232 166104 492231 451508 457034 378000 396544 389634 707801 23581
256173 158645 198919 477431 791191 624114 716124 880959 853340 413616 645040 595412 748835 315704 555807 713642 135560 847899 525564 660198 519215 491198 631670 999999999 547159 904582 509208 1033418 302790 885347 782928 774613 730537 633959 342630 399282 181624 176187 587171 258150 870791 151359 1072202 700625 730894 777490 648516 766507 683541 548633 528668 729872 659116 916248 195883 507842 107783 671444 523612 356628 144415 258639 297216 443872 868244 324491 1051174 667421 902756 233556 581818 375815 448238 3350 940412 960707 578650 938802 501356 801045 576045 695351 949216 142420 286803 571086 530051 80180 540801 832947 248024 797709 432891 723997 174681 1009407 347268 790241 109869 634920
449477 701021 387211 268497 815485 388380 295611 1011123 988692 844007 367518 501828 1086017 701669 279132 553558 482522 627920 687738 224906 697643 834251 639790 547159 999999999 1242699 606445 917570 849464 880755 823009 1044885 1087682 954445 204799 243114 722933 683955 624256 595077 940725 397591 935883 1100413 752759 502404 841565 923418 895313 309094 273912 1108917 437459 722929 388618 752211 502328 425715 128482 805232 425867 562239 843321 108464 975379 377039 882647 120295 684758 776571 534727 371511 292019 549753 925596 896170 907948 813047 441966 1153685 68924 148269 931047 550792 832605 753211 469110 625727 900538 718764 360927 758868 166374 344200 503311 915812 306784 995529 510695 623607
812254 808158 911844 994044 630811 981659 1184546 442960 437098 496255 1023990 833305 160159 596006 1030048 890668 1038559 978503 568674 1182334 554780 425672 697519 904582 1242699 999999999 657729 875595 799744 671274 607948 222837 174152 290224 1090490 999597 895223 976344 681294 687269 549157 962229 921366 230555 646464 1034680 434325 424147 381989 997116 1016181 185151 964381 957606 1070856 491056 847963 990443 1135368 555328 1024987 710890 790858 1187129 485245 868277 963538 1337610 988666 781128 784902 871572 961704 901549 692838 775676 341414 864798 836273 104361 1221402 1361167 699581 786725 788929 507571 823270 889682 366725 832172 911399 724253 1076365 1142710 801285 833331 937747 329683 1014445 721078
271165 543889 379738 343422 283377 330874 529677 420523 395258 415929 372906 193219 511853 312830 372587 292543 597438 422953 89491 524607 105381 316481 130943 509208 606445 657729 999999999 533069 660251 376566 277448 445925 525481 387104 499220 370084 634973 672619 84064 274522 378343 459255 575347 569062 221760 421428 236050 321158 290487 339454 359941 559563 324243 459133 574603 184600 403412 349625 488335 420080 549379 258164 648898 574732 393351 268000 566319 689097 463226 585980 147321 246056 315110 508109 431588 453477 355892 447347 178611 582114 574502 710895 440293 372642 638763 151141 167099 556251 375446 349000 349522 292455 445199 492680 335046 505249 324103 389097 592080 142651
780442 1076800 872405 683851 290583 530846 668209 433049 438917 900796 550283 460587 804148 832545 643085 369240 1102372 301413 554667 719232 570159 764757 403917 1033418 917570 875595 533069 999999999 1187686 212976 311014 675317 840607 740145 917175 762527 1167911 1202415 450155 807522 327616 954230 48175 925127 326983 430718 539874 473014 562315 618465 655598 889376 480949 209522 1057608 635599 925720 491888 792950 923458 1045513 790540 1176151 945656 390492 736867 96991 937126 256352 1116092 458541 691272 683678 1032746 182785 102845 747967 105418 555346 859487 856004 945336 176064 902610 1166508 549862 521991 1086694 795765 209882 829318 241576 810658 607522 859267 42278 758682 556292 1103613 398680
488235 151209 481019 748942 910587 872815 996498 927111 900628 338101 901370 805072 668388 356200 825694 924598 402102 1062214 634405 946829 620278 476600 791049 302790 849464 799744 660251 1187686 999999999 1004699 895684 743847 635716 593333 644697 681809 147933 228410 744244 392283 953274 452099 1231962 570393 862457 1017073 700747 815726 714463 811592 798879 614731 898336 1113788 487067 568504 362894 915679 817379 289632 438338 418809 11636 746661 930006 576681 1226437 969759 1110754 80505 777035 623772 715191 300062 1057600 1099293 545885 1106948 723134 698200 875548 997725 1066976 338990 21648 652436 744162 226982 491677 1009079 524334 946379 726599 995474 397030 1156070 620103 803386 368731 802335
644809 906234 748781 620167 95293 501576 683600 235889 235578 701505 534217 380972 592062 648841 602969 342888 972227 358673 372853 717073 385390 561483 266317 885347 880755 671274 376566 212976 1004699 999999999 109083 464660 627992 527917 833527 683496 1001361 1045473 304290 641311 124319 830176 261036 712152 155080 462654 331038 260374 350025 571818 606889 676622 458526 305389 942254 439870 779949 478644 752276 729562 921471 630519 993069 884320 189388 622423 293531 927051 346065 937421 357055 585082 608637 884160 55067 110191 538081 196174 459722 648915 828434 941089 63971 746941 984083 354008 426894 928982 587610 201618 712281 122517 745826 625667 711530 172020 661112 346295 968103 273072
548431 798612 655586 556292 23211 460957 656792 209028 195983 593777 498419 322748 510469 539940 551425 319745 874859 376957 264998 680251 276910 455104 185792 782928 823009 607948 277448 311014 895684 109083 999999999 390560 543146 432680 755459 610447 894275 940263 214467 535322 118110 735960 358938 622032 70257 456874 229236 183952 256487 518359 550889 590392 424678 349694 850239 331082 678799 448059 695523 620814 826505 526204 884052 815265 164255 534980 379388 881152 381445 828723 288576 502201 539658 781602 162255 211543 437416 266293 386927 572186 776133 897750 171574 643105 875098 245097 356367 823896 484754 224851 622147 117019 677840 602647 610268 272780 580194 278383 869033 199704
635239 711042 742607 787874 413708 763176 966945 256906 242134 407322 805384 613838 132829 459436 817855 667936 901878 756760 359117 968432 347707 286165 475572 774613 1044885 222837 445925 675317 743847 464660 390560 999999999 173972 150921 908458 802817 806924 879466 461577 530416 348844 803641 722608 268242 424799 811965 214514 207380 160675 784348 805844 223393 743833 739626 918439 298402 699579 769847 931689 461773 877207 546791 733221 998862 290076 678217 758059 1133496 768905 704162 565768 674152 757497 771958 494090 573049 202467 653050 623937 184276 1018037 1155920 501861 641746 728237 294873 608240 777635 253216 612893 733719 505379 879712 923319 643158 633276 745474 119167 882448 499085
648667 635494 744402 848503 566233 856009 1054783 430491 414464 322702 898181 712556 43186 423693 891770 786550 864700 890549 436542 1045406 420102 257781 589836 730537 1087682 174152 525481 840607 635716 627992 543146 173972 999999999 138545 926954 845497 724192 804258 564735 518147 517644 791572 888418 96013 564672 928456 330639 367634 289029 860059 875430 49596 845292 885430 898646 345782 675842 871214 986041 381802 852206 543623 626248 1026223 461632 710905 919298 1187481 910034 611643 664098 719351 814455 727495 661740 737801 179804 809313 700753 70763 1071200 1212041 669908 614355 623441 383286 692478 715873 195330 757180 747149 652409 921535 1017948 631433 799006 781049 289726 840390 613088
522192 561932 623234 711410 455044 717811 916257 365322 343137 256406 759933 575272 131595 318610 753495 653126 764429 762206 298398 907077 281732 142971 456773 633959 954445 290224 387104 740145 593333 527917 432680 150921 138545 999999999 800314 711589 657070 730930 429106 401232 430846 677054 788319 193680 443697 793793 207075 275270 177895 721667 737437 174107 707986 763996 788624 207611 566615 733836 850206 311096 744778 422750 582632 897029 384831 578821 812068 1052076 785427 553335 526955 584382 677784 631153 568432 637844 55323 697470 562225 199821 935748 1076288 577260 506660 577510 247376 554025 631651 102308 635945 621401 534650 788083 879711 515547 699810 648584 225024 743064 479684
278433 496291 192337 237602 753550 404576 414662 919566 894463 658848 405006 460884 930889 520005 299596 550613 290608 659721 566363 348054 571780 669384 570875 342630 204799 1090490 499220 917175 644697 833527 755459 908458 926954 800314 999999999 154649 519965 486303 542124 415079 867934 192810 944806 928362 687768 552935 720998 819001 771463 312111 277754 942591 452791 747720 201175 610075 301215 452734 202003 615277 229042 385551 638525 107340 890565 233908 903461 325085 718974 571871 476975 254883 233506 345175 884424 873644 749722 812364 374041 995607 236608 353067 891426 353724 627806 630587 407309 421631 733943 707845 179881 718591 124950 441226 311943 906060 176133 877976 315311 561033
221401 530928 202458 88893 606795 256440 317144 785057 761130 615793 263881 307248 843122 472558 162876 396426 396181 509281 447575 265055 456477 593876 424709 399282 243114 999597 370084 762527 681809 683496 610447 802817 845497 711589 154649 999999999 579970 567494 400508 367312 725375 257551 790348 861481 541460 409527 602495 690697 655548 166224 136979 867962 302678 595315 322764 509141 318932 305597 148870 583132 331375 332748 673562 206257 752865 137802 749910 343984 568382 602876 326475 128699 78881 400805 733387 719952 665694 657740 224332 911025 228869 369776 740130 350915 662270 513122 256663 478117 660386 553220 157489 566662 76961 326196 295283 751572 69682 758042 412109 412831
415082 98605 378129 655889 906068 796151 897072 958304 930909 404878 819788 751317 751482 367346 734180 871360 258218 1008029 629391 841751 618608 523742 764275 181624 722933 895223 634973 1167911 147933 1001361 894275 806924 724192 657070 519965 579970 999999999 85978 717808 361254 967519 331896 1209543 672105 851110 947109 724843 843707 748882 724978 707014 711233 827901 1069692 347257 584394 270311 842170 705018 347134 301217 377570 147644 617152 953876 494622 1195543 842728 1060586 117686 730935 545079 625203 179780 1055908 1087060 604464 1079137 661360 791275 755389 870470 1065088 270789 140857 661321 687063 101884 555513 976116 426056 927368 614389 903265 323489 1140085 525257 847861 225131 771542
430805 169526 371981 649115 950435 799405 881749 1018236 990659 482768 819176 770485 830098 429497 727264 889199 203526 1023861 677248 822248 668225 594100 798898 176187 683955 976344 672619 1202415 228410 1045473 940263 879466 804258 730930 486303 567494 85978 999999999 753327 405200 1020137 310673 1242367 755143 892662 953227 783984 903211 811831 721998 700261 793128 835068 1091165 297434 642291 281492 847031 680696 424122 258296 415189 229870 576092 1010791 500591 1223773 802052 1078458 203293 755103 551933 621490 175863 1100415 1126062 677290 1109889 677033 872148 722804 829332 1109434 300141 224290 714928 705240 116512 630435 1004857 421665 964177 591737 893655 344524 1176776 520168 913730 173476 803866
341136 627447 444548 355834 215473 301858 505970 386995 364447 491588 343954 152262 545471 395342 367331 226547 668508 349080 140493 512247 159395 380746 46887 587171 624256 681294 84064 450155 744244 304290 214467 461577 564735 429106 542124 400508 717808 753327 999999999 358088 325884 525887 491882 618679 150252 364887 247262 303149 300968 333206 360517 603202 283247 378175 638371 242367 480236 309321 499906 499829 617196 340385 732878 606608 352797 320744 482265 695113 385323 670042 104357 288038 334182 586255 358682 373543 406490 363319 182291 615243 584157 714657 366968 453204 722768 181747 157052 637237 434322 265310 408984 210886 471142 461771 412493 423468 366351 385030 665411 60607
146652 269379 227064 405805 546083 497164 651635 622840 595215 249384 530842 414093 527251 106592 474006 532954 375048 670430 272142 616577 263779 261598 404866 258150 595077 687269 274522 807522 392283 641311 535322 530416 518147 401232 415079 367312 361254 405200 358088 999999999 616224 275823 849851 513539 490032 632621 390507 508358 427028 452136 449542 529838 515942 721853 388484 250559 169877 535734 516181 216522 346827 35123 381318 519037 610876 232378 839071 706518 718494 315028 384778 265660 368864 256150 696100 725807 347193 721051 337506 588209 594088 733352 705198 116350 370635 313550 355168 289131 322991 620242 236892 566499 435720 637541 114324 779068 297638 534840 359315 413852
648000 869862 757858 673541 129533 578129 771866 111731 112146 632729 614940 440853 479503 603505 669532 432107 970833 471686 345232 797298 352452 488812 301926 870791 940725 549157 378343 327616 953274 124319 118110 348844 517644 430846 867934 725375 967519 1020137 325884 616224 999999999 836620 374392 605986 188243 564221 254712 155577 257182 636466 668918 566991 540562 426797 952654 385930 769950 563344 813412 668506 925812 612155 941679 930895 65088 643122 414394 999193 465345 891829 406044 613458 655959 869176 145382 226622 450131 320483 502952 532580 894214 1015661 153029 728881 933571 306199 473103 904832 503504 313877 727536 214569 794017 716613 701836 285382 692000 229690 962502 317136
188649 303503 82066 341657 740019 499650 571124 865809 838837 496478 515057 498613 802458 368962 419051 610595 149638 738828 500519 512503 499602 536816 565627 151359 397591 962229 459255 954230 452099 830176 735960 803641 791572 677054 192810 257551 331896 310673 525887 275823 836620 999999999 989101 778440 675751 654938 643899 755480 687538 416775 392347 799759 539800 815355 117794 512892 121396 548532 373433 446452 91683 256851 445793 296980 845374 218083 959934 517860 796124 379104 495689 266619 317096 153669 884482 892205 622938 854216 402095 862051 424726 545851 892675 181986 435041 557303 434302 231355 596312 746935 126489 729246 283146 583646 161519 935041 216945 796646 158224 563560
818064 1119228 907552 709536 338315 552122 677681 478485 485215 947661 568494 492520 851780 877374 664689 394459 1137835 311586 599973 731957 615755 812184 445288 1072202 935883 921366 575347 48175 1231962 261036 358938 722608 888418 788319 944806 790348 1209543 1242367 491882 849851 374392 989101 999999999 973174 372956 441344 587915 520886 610486 641692 678733 937243 501952 216459 1090529 682305 964425 510759 813027 969590 1080053 831984 1220453 968774 436675 771211 71487 949624 260681 1159761 493985 724557 711491 1071619 229132 150853 796037 134907 588310 906689 872842 956504 221974 943011 1210715 596735 555353 1126987 843683 242199 863537 285633 835387 617278 898525 89434 789921 603509 1140030 438654
653309 589544 740036 874167 644798 898927 1092698 523236 505931 287153 940526 760894 139185 410964 923959 844265 836137 955555 483069 1077413 465176 268576 648652 700625 1100413 230555 569062 925127 570393 712152 622032 268242 96013 193680 928362 861481 672105 755143 618679 513539 605986 778440 973174 999999999 636755 983449 400049 453006 365550 893684 905512 51735 893007 957400 879274 384584 658911 918547 1006303 344203 830687 542962 561791 1031158 552254 724299 1000738 1205430 979105 556152 713199 739280 838725 697428 748595 822322 213330 888026 737879 134629 1089819 1230964 757017 597220 560335 437912 733667 676104 202164 829250 749149 727032 935824 1059975 622638 883978 794404 380991 809483 671261
489854 757297 594605 486171 65864 392626 590554 272997 256690 575661 430850 252678 535712 506551 481448 257953 817234 332054 228217 611885 243291 443553 116955 730894 752759 646464 221760 326983 862457 155080 70257 424799 564672 443697 687768 541460 851110 892662 150252 490032 188243 675751 372956 636755 999999999 398934 236722 226140 275965 448287 480679 609841 358030 320997 788596 310171 625157 382037 625270 596634 766892 477474 850877 745811 230477 470494 380268 811368 345935 792440 218430 435697 469967 729763 209986 237154 439605 260665 317508 600935 705976 828203 218606 593337 841446 225565 286559 776156 481782 192706 559207 92926 608159 537610 556805 293765 513144 320962 813024 129644
533220 876057 582860 320640 438747 155317 237509 665599 652645 830110 147972 230077 907118 708256 253464 144037 801014 129848 501831 290913 520322 737848 339271 777490 502404 1034680 421428 430718 1017073 462654 456874 811965 928456 793793 552935 409527 947109 953227 364887 632621 564221 654938 441344 983449 398934 999999999 603127 623530 653341 243357 275552 967817 119318 224972 732059 603164 677315 106501 387133 824356 737011 601843 1006842 551387 619766 453446 382971 508330 183419 936983 274113 402420 338956 778114 491148 436062 770824 332323 295214 976143 436579 515285 493446 682187 995690 546448 279242 849289 795552 263859 533189 349864 430855 176811 625786 438331 437993 717013 813096 315799
461194 626326 573143 579459 250770 548678 752435 234266 206676 378164 590903 399495 305286 357569 605228 459687 762512 559925 155363 754784 149313 234624 264194 648516 841565 434325 236050 539874 700747 331038 229236 214514 330639 207075 720998 602495 724843 783984 247262 390507 254712 643899 587915 400049 236722 603127 999999999 119226 54791 571489 594352 374362 530099 557416 761603 141859 556578 556154 724374 414230 726701 395447 689202 804212 230064 487189 607506 925065 580169 642159 351323 475210 550925 646440 377072 439049 208185 491443 411885 373469 810552 946669 386324 506805 681449 90416 394643 671461 256579 429219 554970 327622 678652 709022 491957 500839 550521 156978 748919 287768
569720 745143 682041 656205 206953 597920 801216 115054 87451 486764 638820 448780 331911 476362 670402 480673 878237 556460 256472 813287 255919 342622 301873 766507 923418 424147 321158 473014 815726 260374 183952 207380 367634 275270 819001 690697 843707 903211 303149 508358 155577 755480 520886 453006 226140 623530 119226 999999999 104399 636279 663523 416363 570571 533631 873258 261028 672736 595908 801209 527221 840254 511533 804252 895831 115337 585772 552536 997997 564611 759234 404088 567132 631483 764495 295673 370188 296313 445803 483268 390607 886208 1017757 304187 624444 796848 198478 459997 790606 350751 408060 659981 300118 764994 752082 607051 431513 644845 95257 865646 323905
507681 650321 618958 633901 279254 602700 806618 212648 186299 383105 644866 453218 259906 382547 660018 509487 801463 604741 207973 809485 200137 239311 315531 683541 895313 381989 290487 562315 714463 350025 256487 160675 289029 177895 771463 655548 748882 811831 300968 427028 257182 687538 610486 365550 275965 653341 54791 104399 999999999 626274 649113 335090 583188 596452 804903 176672 595469 609211 778707 425175 768322 435259 703061 856305 219539 538019 635486 979579 621786 660309 405228 527814 605079 681302 391227 459957 192950 522534 466660 326210 864929 1001276 400161 543178 695963 142435 449382 701431 246719 468241 603031 363459 731911 762667 532586 521918 602380 109110 786342 339094
324695 663997 350150 77338 509261 92578 202540 714092 693491 684399 98456 195615 849349 546623 34125 249558 560152 348039 428466 185547 442858 627661 339895 548633 309094 997116 339454 618465 811592 571818 518359 784348 860059 721667 312111 166224 724978 721998 333206 452136 636466 416775 641692 893684 448287 243357 571489 636279 626274 999999999 37134 890512 141712 437818 488935 514333 455654 140698 180655 664052 495676 417647 802269 327263 675500 234917 595633 363997 407290 731182 234145 189620 100510 549670 616525 589302 684376 513071 160851 919442 257993 382310 622029 472680 790926 490295 177451 624388 692725 413905 300671 449803 194750 185980 414604 612809 201833 717122 574061 321294
315698 649887 329753 51239 542490 128446 202321 744188 723029 687348 128102 228502 866347 547451 27167 286674 533059 383733 447929 172360 461406 638048 370275 528668 273912 1016181 359941 655598 798879 606889 550889 805844 875430 737437 277754 136979 707014 700261 360517 449542 668918 392347 678733 905512 480679 275552 594352 663523 649113 37134 999999999 904345 178133 474198 459041 529827 439492 175437 145483 663982 468296 414612 789870 290151 706437 224362 632313 334622 442937 718733 264384 183977 83811 529889 652182 626003 698231 550204 182522 936207 225511 354287 657807 460935 778517 511072 203527 605755 703771 450910 281047 485154 158456 196903 402988 649875 181760 742387 548384 352574
665342 625853 756896 875408 613408 890430 1087288 480044 464058 317127 932410 749026 91260 430807 921635 826826 864985 933595 471564 1075351 454433 274793 630265 729872 1108917 185151 559563 889376 614731 676622 590392 223393 49596 174107 942591 867962 711233 793128 603202 529838 566991 799759 937243 51735 609841 967817 374362 416363 335090 890512 904345 999999999 881682 930819 903805 376942 681841 907476 1010665 375668 856181 557369 605779 1043688 511197 731910 967399 1211229 954489 596495 700801 743420 840679 726741 710899 786544 206175 856674 732479 84708 1095156 1236255 719110 620079 603791 421461 725933 709839 208971 802524 762775 698482 943316 1052157 641439 847855 802175 339301 839386 653310
413903 756823 465878 215425 411035 50183 232550 631002 613938 721735 75695 132739 827800 595407 162745 117933 687338 206969 410343 258672 427938 638629 270257 659116 437459 964381 324243 480949 898336 458526 424678 743833 845292 707986 452791 302678 827901 835068 283247 515942 540562 539800 501952 893007 358030 119318 530099 570571 583188 141712 178133 881682 999999999 296117 622268 508811 558267 26074 312011 712499 623988 484483 888175 467220 588199 334742 454245 470014 266205 818151 181222 283560 227548 659672 497819 460580 679694 375984 178795 897793 378186 483003 502223 562932 876996 462412 167555 730330 699237 282114 416412 336630 336429 181516 506473 478354 323385 659765 697998 247356
660382 986513 736153 510156 326794 345819 461305 538004 533332 868447 357126 320844 855568 771878 457484 204761 964951 95520 512442 515789 530857 748932 334058 916248 722929 957606 459133 209522 1113788 305389 349694 739626 885430 763996 747720 595315 1069692 1091165 378175 721853 426797 815355 216459 957400 320997 224972 557416 533631 596452 437818 474198 930819 296117 999999999 908155 610081 809682 301024 602492 877998 903914 697732 1102686 762108 490610 598964 159775 733302 47517 1036865 339024 549009 517601 916171 313674 239735 756452 123982 415904 919493 658708 740046 312718 798926 1092155 532760 386240 979229 794562 128296 688937 234359 632546 400849 748234 224516 605347 627956 971337 317620
305401 352131 194867 411602 853425 577966 614441 983428 956497 593416 586585 598030 911802 474988 483969 704391 94217 826691 618124 548875 617366 646957 676480 195883 388618 1070856 574603 1057608 487067 942254 850239 918439 898646 788624 201175 322764 347257 297434 638371 388484 952654 117794 1090529 879274 788596 732059 761603 873258 804903 488935 459041 903805 622268 908155 999999999 629784 222893 627297 403022 539614 51536 372280 483275 280214 962564 322235 1057397 505426 885174 425024 600333 366340 394747 199183 996147 1000047 733958 955749 502368 969368 432627 532493 1004148 284292 473718 675097 535624 261232 704145 848621 230478 838044 321131 637327 275311 1040508 302850 913996 124404 672822
337897 486077 447181 504388 348253 514501 710347 376082 348470 265505 556242 377260 337223 218025 545988 468357 624791 590313 102002 699629 83186 139283 279842 507842 752211 491056 184600 635599 568504 439870 331082 298402 345782 207611 610075 509141 584394 642291 242367 250559 385930 512892 682305 384584 310171 603164 141859 261028 176672 514333 529827 376942 508811 610081 629784 999999999 418804 534223 644523 289733 592229 258856 556879 701500 369497 380829 689738 846708 622903 505903 330224 380768 471272 505684 491322 540466 171738 569411 355587 406721 730448 870484 500729 366844 548474 86127 349450 529602 192510 487249 435784 401596 586050 675857 356320 600149 449097 285156 609831 300200
