NAME : synthetic_000016
TYPE : CTSP-D
DIMENSION : 100
GROUPS : 8
RELAXATION_LEVEL : 1
EDGE_WEIGHT_TYPE : EXPLICIT
EDGE_WEIGHT_FORMAT : FULL_MATRIX
EDGE_WEIGHT_SECTION
999999999 306981 445352 803812 694771 761415 861302 654542 535982 753590 993787 602132 550836 1107068 998222 918479 995872 880636 887952 944482 770050 882745 450643 603632 958268 701711 1065571 1048770 872344 907500 987266 441791 797126 1081074 425173 398643 914771 599651 569196 487125 77130 598573 830917 428772 894396 738930 707761 1069491 714209 693569 557608 118686 632393 675740 119284 284212 731928 370263 650109 792905 226072 425936 127297 779812 452365 931770 924660 871738 1150400 963418 483926 562318 137950 512370 287100 609830 269181 1071037 433767 737406 851817 638084 577865 978988 753960 617729 633909 88617 420315 774813 961107 457086 515098 220352 1058966 756582 356089 840400 671339 892320
306981 999999999 560848 514420 570849 676228 740767 399579 486531 466384 814658 456530 300613 906182 740782 756037 845580 783505 857766 732338 832141 740336 148491 669690 683403 453390 919166 853392 625550 604694 720145 385178 630644 851479 267818 312293 797664 312708 511444 573962 346923 431089 545111 442316 810493 623912 621828 837876 410652 622255 339475 259119 591291 372696 189959 110324 656744 112452 343373 793988 323616 118992 183474 809904 514669 810592 624767 917707 949033 774014 530760 255918 193804 582916 37661 601404 46538 819690 168807 681176 629599 331280 372322 882810 694835 317678 327326 240904 386772 675256 677396 326735 367875 103227 822723 517242 269963 621376 385152 591738
445352 560848 999999999 842643 460061 452079 575967 647896 274200 795611 769560 440349 577368 902330 918732 681612 728392 561195 494730 783532 327228 623496 627024 167846 928128 666738 783306 842505 791430 989061 932623 273751 593632 931423 407434 319746 614990 681097 298081 58338 513705 471258 853399 173983 556635 476572 415042 925305 911475 385815 528947 360964 306609 879796 486966 455453 417530 520728 806669 383007 249515 642934 494582 350399 91289 634515 987148 431170 941357 760561 116931 758595 530191 92782 573254 249957 517143 967665 547588 397481 727628 815490 519163 643816 413525 735367 816162 406401 244506 481021 956233 374579 409047 551614 925371 688205 331559 713018 730015 962631
803812 514420 842643 999999999 504828 624756 594492 195428 601697 50944 518346 437028 274814 539701 274411 516298 602395 666309 835440 384193 960720 549659 367370 852550 184375 191430 664590 510364 222924 154884 233992 569086 439495 431478 446879 529735 637059 204328 597566 818393 856048 393842 36391 669108 708624 543450 595975 415658 301586 621521 313720 717200 655877 311694 696719 521714 632162 433567 231594 841622 708685 411089 691878 897291 756921 637591 144979 1001519 573898 466908 746977 318791 707464 804346 547193 709861 540765 356089 370701 677869 298487 267242 326161 736043 680707 203684 276003 721474 598257 597915 164868 468668 436006 617552 392554 213484 535682 303729 132561 124417
694771 570849 460061 504828 999999999 126102 171854 334827 190843 473424 316736 115770 344038 446045 483251 232128 301690 214250 338924 325731 466581 188322 517720 394666 520550 315812 370800 385673 368747 658822 509330 257068 133886 472691 305039 297794 228354 443295 162634 412328 770659 151976 498729 315122 245944 53879 91254 467469 709172 119166 272564 576144 175363 693134 648784 481496 127642 463566 593822 337179 486690 565433 650652 396400 371114 242915 641031 497661 486761 301782 343233 604642 685825 384574 605292 240029 554494 519238 430765 173042 287438 621036 236174 312368 176455 509909 626488 611112 284668 110518 562475 251479 203193 639023 469618 297689 343495 272916 446841 627310
761415 676228 452079 624756 126102 999999999 124812 460315 226062 595942 331796 234428 468465 465765 569252 244725 277174 119559 213235 388032 373865 179747 636401 343934 621567 438519 331615 408825 468080 777356 602743 321831 207674 524853 408518 380232 164261 569195 192553 396686 838483 275147 615926 345482 136112 81318 55331 523178 835248 70152 396473 643716 146673 818956 731623 579226 34555 573557 719830 227345 540802 682085 734691 295367 373508 183527 757116 387225 501128 336521 339665 728569 771482 363891 708775 203377 654809 591163 547098 69819 379347 746781 360770 217743 63210 635866 752131 683218 341125 35927 667775 349749 311669 734968 530928 413487 427641 365989 572459 745503
861302 740767 575967 594492 171854 124812 999999999 459082 335177 574827 213108 284246 494084 345442 487766 130866 152520 73526 264072 293875 478862 64267 677888 467105 556103 424133 210804 290792 406365 740043 528287 419856 155323 417926 476420 467506 56897 581260 302018 521076 937793 313030 578839 459500 116729 122733 164053 418488 839189 190530 426524 742663 269498 828329 819751 653206 159046 631911 727247 322121 646847 727780 821819 396012 495387 71200 714247 472437 378950 227074 462278 752251 857254 488498 775733 328072 725771 496294 594625 189383 314506 757960 389114 150626 177285 645657 764376 779315 443946 95316 607231 423328 374212 810753 429752 382123 513904 303760 568741 707879
654542 399579 647896 195428 334827 460315 459082 999999999 408043 151357 451872 249261 103981 520665 345392 417606 510946 524809 673527 345323 773977 429532 275350 659091 307339 55059 582011 473774 226008 346741 332839 374164 309109 453223 260523 338828 510079 128659 406134 622976 715831 204384 205986 474122 564232 381219 423124 439241 380316 444695 120062 555162 469390 369549 559868 371773 461328 295877 268391 664623 529046 328897 556877 715021 561644 515708 340398 822073 562057 404200 551567 305562 579981 609030 436669 519860 411996 421872 232479 504697 240215 300092 130916 608900 510132 188475 306937 567646 403850 439034 320498 275152 240578 499042 423391 121458 350442 235278 112199 318117
535982 486531 274200 601697 190843 226062 335177 408043 999999999 559387 506958 172364 364934 636885 647000 420978 481677 345608 373806 510047 378251 370101 484895 251051 663952 414484 545485 576517 521727 754657 663937 104128 322199 658119 234765 174520 384815 475786 33598 232507 613104 210330 606248 125727 358466 218940 173981 651636 734994 157592 300005 418892 105642 710234 513210 380321 195952 398780 620645 309111 314780 520741 517096 335584 183363 403001 746132 446173 677498 492434 159794 600763 554684 210403 514586 123303 457043 693802 392856 205058 454211 639201 278007 443165 220916 539424 642367 459595 116771 243026 696854 176170 175150 528988 651290 424798 219517 439543 507202 725574
753590 466384 795611 50944 473424 595942 574827 151357 559387 999999999 516996 398219 224718 550883 302565 506285 595340 645252 808221 387390 923154 534062 320405 810438 222862 157629 660505 516670 229649 195447 267987 522488 419569 451180 397378 481046 620223 154704 556965 772758 806549 354047 78735 622487 686874 514960 563984 435518 289423 588069 266922 666342 618179 293350 647263 471109 601065 383332 203621 808567 658069 365913 642567 861946 710752 622256 191788 967578 587296 465731 701873 282988 658874 759657 499789 670256 491564 385144 320177 646028 293513 240128 282045 719760 649870 161695 248782 670925 551106 570873 211055 421152 390907 569604 413749 193388 485813 296351 82310 167385
993787 814658 769560 518346 316736 331796 213108 451872 506958 516996 999999999 391913 525631 134181 326972 88280 102580 269444 460933 137986 691217 152189 717046 675421 419419 400897 148394 77684 297194 640304 377250 568919 196852 214988 575588 596591 208385 579904 477097 717804 1067386 397643 492028 631811 306089 292996 356637 219200 804764 388267 475466 876705 466206 803750 931417 747849 363822 702244 705455 533250 797321 770653 931603 607814 683401 194650 606408 677930 171812 51447 653038 756451 963418 687020 852006 529323 811336 310001 650335 400016 223886 740550 442462 278692 389189 634247 748378 906893 598492 297323 475392 536872 479270 900788 236046 338009 637729 223050 541940 609583
602132 456530 440349 437028 115770 234428 284246 249261 172364 398219 391913 999999999 236301 509902 478544 317124 399168 330020 441218 360881 525012 288644 402918 418778 491641 246544 471421 450302 351189 591568 492843 187797 195086 507453 193718 204821 341140 341732 162086 403243 676267 45335 438398 273045 361056 169619 186661 498981 608577 201792 164037 484811 220180 589633 545535 371014 225599 348242 492504 418310 409049 449999 546625 466081 349208 354308 579921 573882 552756 364245 330012 494960 580505 382587 491523 272877 442208 530587 315182 264197 290184 517231 130554 427880 272580 408440 522052 515728 220140 224886 524731 146445 91619 528353 495226 252477 246070 275889 357079 561444
550836 300613 577368 274814 344038 468465 494084 103981 364934 224718 525631 236301 999999999 608183 449247 478097 571066 552125 677429 433303 742084 476831 191815 611287 408844 154633 644202 557395 327833 413262 436431 308240 357978 551116 173331 258937 548987 110859 371372 559630 611849 193451 293914 406831 587714 396266 422757 537684 374479 437650 72277 453119 444584 353839 456067 267797 461751 193515 258609 650482 434565 245167 453196 691948 496068 557885 415385 801781 650632 481496 491494 260680 476939 550355 338138 485385 309753 525059 131857 500287 329596 281471 107864 644277 508880 175540 286028 464243 334102 454257 417359 204736 189850 397861 523170 216868 261136 322013 152910 388431
1107068 906182 902330 539701 446045 465765 345442 520665 636885 550883 134181 509902 608183 999999999 294616 222309 211643 396151 582050 175467 820951 286026 794978 809530 400516 466092 215354 60444 321340 636572 348734 692699 318553 135099 683534 714036 333143 643039 607952 851158 1178943 508584 507822 760705 429191 425953 490527 147624 839153 522326 568577 991671 600030 844187 1037137 849636 497961 794959 751127 662043 918692 848776 1036554 737028 815369 316848 598129 801626 43423 146163 785594 815004 1066475 820652 943838 663376 908041 245480 738246 533618 280508 787429 539450 386088 522388 689066 795794 1019144 723293 431449 455674 650896 592579 997839 172375 399565 752619 286575 593179 608605
998222 740782 918732 274411 483251 569252 487766 345392 647000 302565 326972 478544 449247 294616 999999999 368495 428250 559381 751756 198042 941572 426482 604703 876980 107281 296511 471110 285991 130621 344920 54122 658942 362321 167197 586530 648853 509580 435866 628976 879506 1060875 451580 238505 750717 601724 496848 564708 151861 573515 597095 444134 894890 658425 585805 905259 716786 590635 640678 504268 795799 853933 655167 902254 864562 827492 501946 305216 953588 320196 282928 806667 585292 924909 856236 777036 722496 756408 82597 576622 636516 195922 540434 431823 596701 632384 461543 549182 910572 691672 534547 161293 579850 527594 842111 126651 245693 673124 210554 369205 318755
918479 756037 681612 516298 232128 244725 130866 417606 420978 506285 88280 317124 478097 222309 368495 999999999 93527 195718 390071 170664 609299 66998 669546 587769 447609 371828 166127 164273 306881 651359 413355 487441 125737 287129 506742 519947 141397 545984 390502 629628 993086 329257 494758 546327 236283 205200 268357 288021 787156 300026 420634 800562 377929 781967 861716 682130 276179 643821 681578 452973 716819 722339 862456 526728 595890 133588 621227 602436 259960 96378 565223 722550 895489 598768 792863 441080 748917 368878 596241 313619 219222 715213 385258 230295 303546 605211 722535 832595 516101 209798 501575 463511 407229 837514 300202 315877 562803 212683 517891 619610
995872 845580 728392 602395 301690 277174 152520 510946 481677 595340 102580 399168 571066 211643 428250 93527 999999999 188164 370422 234306 613184 113378 762265 617163 517536 464541 73668 168691 386507 732014 477517 558446 215447 314656 591697 597687 124815 639402 449284 673595 1071398 416031 578828 607162 218299 263057 314906 320098 878538 342697 512358 877364 421822 874173 944604 768325 311519 733695 774041 453760 787824 814864 945774 528912 647065 106945 699834 590187 237927 146122 614304 816027 979633 640998 882121 480532 836755 412382 687650 339453 303909 807924 476485 178248 325987 698284 815321 911356 585071 247411 573033 545156 490547 924703 337965 407101 642154 299370 610161 700703
880636 783505 561195 666309 214250 119559 73526 524809 345608 645252 269444 330020 552125 396151 559381 195718 188164 999999999 194363 363787 425345 132999 731007 435809 629389 492613 226918 345940 479884 812828 600835 440131 226832 481011 516203 495761 63421 644113 312079 504168 957667 364366 651391 464375 43203 160426 172975 482862 905070 189115 482424 762743 261813 892760 848333 690489 151355 677375 791947 266085 660361 779339 851111 341189 487257 81525 787417 408628 425373 291474 452532 812161 887538 470312 817285 311440 764992 564432 644855 163736 388028 821713 445209 100257 147949 709435 827844 801799 460326 109162 680689 459618 415748 847375 495790 453333 543046 377272 635666 780657
887952 857766 494730 835440 338924 213235 264072 673527 373806 808221 460933 441218 677429 582050 751756 390071 370422 194363 999999999 557550 262063 326671 836189 336154 816949 651112 387502 535774 664997 986649 791450 477835 404149 674385 595478 547600 252642 780640 346644 437107 964094 484275 824752 460042 154944 293437 254687 676701 1047243 242289 605153 776523 268178 1029940 881663 753420 215683 762982 931524 117170 661968 878645 886275 181786 445851 266659 964513 220424 606940 485630 410992 935752 924248 403461 887181 278216 830197 758768 744826 179814 573544 957606 570557 206508 169145 847428 962683 820389 485911 237568 866425 534720 507715 902698 690029 622690 593243 561586 785647 954615
944482 732338 783532 384193 325731 388032 293875 345323 510047 387390 137986 360881 433303 175467 198042 170664 234306 363787 557550 999999999 761629 230916 619515 716437 283230 290917 286377 130810 161409 502438 244572 548498 192502 148123 519317 559304 311994 468763 485594 737519 1014543 350622 356275 627604 405523 324689 394107 141866 676750 427379 396831 831355 497553 678608 868976 679983 413829 621748 582802 610188 767207 673309 867922 681613 693248 303954 468423 764821 217446 88518 667287 642276 896672 710247 769997 562865 735834 203736 563959 457445 105108 618716 369882 398836 450866 517070 626884 856016 580580 352241 338785 493015 435021 825516 144677 224508 594252 111315 421943 471840
770050 832141 327228 960720 466581 373865 478862 773977 378251 923154 691217 525012 742084 820951 941572 609299 613184 425345 262063 761629 999999999 542302 856576 168466 986642 769325 641899 768725 833967 1115577 972462 459297 579269 895226 607157 531414 488739 852857 371146 283142 840140 569613 959177 389896 396709 445008 378687 894629 1113244 347813 674748 676328 304998 1088256 798247 721818 350937 761866 998805 159458 558843 887175 804952 84342 327335 506239 1101672 105322 850715 704743 304109 977086 842232 260900 853140 256736 794299 964981 765876 305285 748627 1017393 648589 464994 310814 917195 1020473 722480 449119 409489 1029050 551897 552411 847363 903631 761833 566253 734645 879259 1084974
882745 740336 623496 549659 188322 179747 64267 429532 370101 534062 152189 288644 476831 286026 426482 66998 113378 132999 326671 230916 542302 999999999 665531 523614 498842 389325 183413 229547 351872 691227 468587 445098 120673 353765 482150 484843 88137 555544 338225 570219 958404 309266 531446 495806 175255 151177 208485 354230 806816 238786 413462 764188 317688 798532 833163 659321 212254 629312 697435 386139 674539 717056 834551 459777 539719 88196 663552 536632 321659 162905 507947 729978 868844 538605 776362 379439 729250 432542 586698 247837 260674 729610 376554 186393 237221 617902 736467 798509 471898 145768 551184 433738 380262 816355 365542 340742 529668 251309 535799 659158
450643 148491 627024 367370 517720 636401 677888 275350 484895 320405 717046 402918 191815 794978 604703 669546 762265 731007 836189 619515 856576 665531 999999999 705559 540418 330401 835566 746173 496886 457358 580008 397425 548135 727030 250422 326704 733884 169702 502027 626922 494802 366651 399046 479068 763644 571467 585708 712666 290114 594030 252230 384864 581855 255562 336521 191681 623698 107663 203230 791133 418585 53851 330620 820284 563261 744081 476504 930747 836769 672188 570608 132701 342287 627942 179911 607618 181476 685429 92294 656378 514588 199144 289440 826488 667568 169209 197456 376646 410913 627699 531325 308989 328477 250893 695508 396740 299488 508532 240690 443594
603632 669690 167846 852550 394666 343934 467105 659091 251051 810438 675421 418778 611287 809530 876980 587769 617163 435809 336154 716437 168466 523614 705559 999999999 905547 664267 662703 752040 757840 1005696 900047 310769 524451 860208 460793 378973 495642 721521 256713 117027 674998 459702 856280 228841 422103 392498 323573 856666 973820 290451 549404 508016 219539 946277 629792 559609 311616 606376 861841 220570 390404 732107 636519 182560 159258 515070 996773 268130 845050 676567 138932 830778 673773 92458 688957 154648 630357 913557 617155 277905 681090 877121 528889 505814 291199 783053 879383 554170 294649 378098 941888 410790 423432 680360 861108 669486 408905 666434 757021 976542
958268 683403 928128 184375 520550 621567 556103 307339 663952 222862 419419 491641 408844 400516 107281 447609 517536 629389 816949 283230 986642 498842 540418 905547 999999999 269646 566709 387247 153494 237641 55326 658960 415158 274471 564949 637049 585472 371233 650773 894253 1016226 457133 148247 755711 672492 543916 608148 259140 474635 638852 420907 861895 691655 489996 857945 674111 638438 591478 415517 848628 834616 587707 854021 913627 837929 580381 198047 1008792 427261 371588 821008 502897 873277 874225 718122 753217 704504 180755 526873 685247 243630 450752 417613 677900 683515 384438 459498 872516 690970 588805 56282 569480 523247 786362 233927 240028 654401 256194 299757 211785
701711 453390 666738 191430 315812 438519 424133 55059 414484 157629 400897 246544 154633 466092 296511 371828 464541 492613 651112 290917 769325 389325 330401 664267 269646 999999999 534431 419987 173201 346314 288916 394119 270520 398583 295855 367726 472680 179385 408102 637606 764732 204566 192032 492915 533402 357702 406482 384733 417533 431028 151625 599263 464564 410466 610061 420796 443455 348047 309822 651447 565553 383923 607401 706082 578254 476784 333396 810879 507312 352334 565018 355575 631543 621009 490634 519341 464299 370815 285463 488523 185872 343405 149230 572175 492249 234219 350780 614111 425338 414085 290650 300775 257966 552037 369336 66571 384978 181650 146678 315654
1065571 919166 783306 664590 370800 331615 210804 582011 545485 660505 148394 471421 644202 215354 471110 166127 73668 226918 387502 286377 641899 183413 835566 662703 566709 534431 999999999 190827 444856 788654 522780 626307 289112 338243 664426 668084 168555 710631 512514 727269 1141421 489319 639251 670190 246540 328820 374758 346671 945978 400045 585946 946938 478200 942806 1016464 841272 366135 807323 843159 483306 855010 888259 1017780 557799 704908 148970 754793 607335 228966 198986 671251 887448 1051897 693929 955668 533644 910063 443685 761289 388131 367233 877440 550127 181910 373228 768569 884968 981694 651958 305552 622848 616987 562955 997849 367756 475233 713053 364249 679151 757869
1048770 853392 842505 510364 385673 408825 290792 473774 576517 516670 77684 450302 557395 60444 285991 164273 168691 345940 535774 130810 768725 229547 746173 752040 387247 419987 190827 999999999 288037 618464 339271 632492 258256 148339 626099 654717 283996 598669 547697 791655 1121056 450204 480497 700269 381382 366412 431684 155986 806067 463766 514610 932971 541032 808777 980580 793922 440452 741653 713441 610547 858844 800024 980192 685217 755291 269130 581810 753873 102529 86106 725705 772818 1010623 761375 891006 604729 853769 252920 686229 477352 234454 749415 484357 346808 466712 647799 757606 961031 663002 374049 443429 592142 533890 943566 176967 354003 693794 238496 552750 589131
872344 625550 791430 222924 368747 468080 406365 226008 521727 229649 297194 351189 327833 321340 130621 306881 386507 479884 664997 161409 833967 351872 496886 757840 153494 173201 444856 288037 999999999 345571 142475 529109 262006 231244 456985 518246 439691 333356 505735 753924 936708 322129 195011 621989 523087 390542 455300 216432 518587 486366 315817 767030 541658 522867 782876 593215 485106 521196 430253 695140 723622 549376 780348 760369 700362 436525 314417 855304 358439 245999 680804 498477 804731 731882 662567 604314 637441 198693 458309 531880 91871 466666 301765 535221 530034 372014 475111 784258 561785 435420 201437 449237 397093 724931 198624 116301 542956 103413 275818 314198
907500 604694 989061 154884 658822 777356 740043 346741 754657 195447 640304 591568 413262 636572 344920 651359 732014 812828 986649 502438 1115577 691227 457358 1005696 237641 346314 788654 618464 345571 999999999 292168 716716 586522 512112 586428 672077 779310 320912 751546 967557 951616 548044 161958 816577 855622 696061 750053 496769 277282 776014 461506 832571 810695 304654 793829 634375 785857 543507 269814 995879 838489 489658 787796 1052071 905188 778083 42025 1155985 664598 589806 896987 367305 797403 954913 632547 864272 638625 414835 485859 831810 432465 295279 477492 877009 834231 290058 302738 830478 744691 749522 186014 614532 586171 704643 471568 364089 672759 440438 260635 32171
987266 720145 932623 233992 509330 602743 528287 332839 663937 267987 377250 492843 436431 348734 54122 413355 477517 600835 791450 244572 972462 468587 580008 900047 55326 288916 522780 339271 142475 292168 999999999 667599 395073 220362 584074 651573 553475 410308 648203 895936 1047517 461977 197604 762100 643601 527627 594044 205249 528502 625748 440050 887409 683230 542845 890289 703896 622099 624150 465552 830030 853393 628867 886791 897181 841722 546911 251983 989100 373937 331527 822757 550458 907664 874194 755639 746276 738735 125651 559590 668540 223892 501230 432197 642994 665506 429352 509991 900484 700075 568823 107439 583023 533531 822533 179899 247731 672434 237817 340650 266876
441791 385178 273751 569086 257068 321831 419856 374164 104128 522488 568919 187797 308240 692699 658942 487441 558446 440131 477835 548498 459297 445098 397425 310769 658960 394119 626307 632492 529109 716716 667599 999999999 374287 695249 150035 73609 472994 416041 133886 251542 518546 207514 579669 100028 456950 297988 267236 686743 663343 256596 255579 323339 209666 635521 411033 277513 294517 303803 552235 408815 229650 428418 414575 427550 188518 490090 713760 537027 734939 546537 183633 520410 451912 242641 412023 216637 354034 715488 307416 308124 475987 566584 245712 539447 323586 475120 568724 361685 32787 333259 684484 103523 136209 424885 682657 420432 116078 461987 459409 689750
797126 630644 593632 439495 133886 207674 155323 309109 322199 419569 196852 195086 357978 318553 362321 125737 215447 226832 404149 192502 579269 120673 548135 524451 415158 270520 289112 258256 262006 586522 395073 374287 999999999 338883 381691 399742 202161 434872 295693 546213 870996 203820 424838 443867 269318 135167 204118 333928 687451 237140 297195 679897 305235 678420 737188 556560 228345 518559 577278 434965 601438 600331 737738 502528 504198 206733 562164 594340 360659 172468 476911 609451 770427 518334 667372 370532 623183 390124 472258 274219 171974 609195 261099 301689 270536 497363 615992 710461 404748 173948 463043 340517 283355 711788 336960 226814 441037 158986 416430 554355
1081074 851479 931423 431478 472691 524853 417926 453223 658119 451180 214988 507453 551116 135099 167197 287129 314656 481011 674385 148123 895226 353765 727030 860208 274471 398583 338243 148339 231244 512112 220362 695249 338883 999999999 656859 702686 421899 564597 633389 884921 1149183 494192 397087 775583 519469 467715 536734 15831 733031 569958 525898 970183 642441 742220 999685 809553 553125 744029 654737 739873 911099 779884 997952 813253 841260 409151 472268 889183 154357 190861 815036 727961 1024694 857216 888868 707673 859896 110384 682925 594670 229261 691263 503267 492701 586396 601691 699892 992457 727523 488961 327737 635266 577926 948693 40547 334270 735531 240964 505834 485831
425173 267818 407434 446879 305039 408518 476420 260523 234765 397378 575588 193718 173331 683534 586530 506742 591697 516203 595478 519317 607157 482150 250422 460793 564949 295855 664426 626099 456985 586428 584074 150035 381691 656859 999999999 87759 533166 273696 253718 394902 495684 178104 463468 241813 542688 357367 354344 645687 513744 356387 144230 313381 334205 485551 355843 177300 389878 167505 403745 542594 269721 286392 356164 569906 330520 547067 588567 680337 726946 541673 331099 370634 388765 389950 301101 357225 249456 654208 158864 416776 427742 416948 155750 615853 429657 328942 418920 336702 169394 407652 580961 60790 102360 334712 636297 340915 89920 415911 325832 561762
398643 312293 319746 529735 297794 380232 467506 338828 174520 481046 596591 204821 258937 714036 648853 519947 597687 495761 547600 559304 531414 484843 326704 378973 637049 367726 668084 654717 518246 672077 651573 73609 399742 702686 87759 999999999 522665 361352 201141 307783 473774 208740 544217 155292 516331 344833 324914 692819 599036 318987 219018 280618 279851 569756 352928 205893 355825 230688 490396 481868 208473 355771 355470 501108 243340 538624 672747 610460 757053 568757 245857 452376 391778 304299 340069 290180 282657 711523 238449 374291 476690 502292 219693 595919 389032 416532 503866 313678 84448 386991 657161 69035 124792 357015 686080 404456 47410 463579 411843 646735
914771 797664 614990 637059 228354 164261 56897 510079 384815 620223 208385 341140 548987 333143 509580 141397 124815 63421 252642 311994 488739 88137 733884 495642 585472 472680 168555 283996 439691 779310 553475 472994 202161 421899 533166 522665 999999999 633886 351323 558786 991451 369653 619335 507521 97722 178011 211212 424582 889370 233798 482162 796242 310857 879627 875284 709835 198563 688773 778470 329428 698382 784032 877478 404552 537692 19591 751686 469879 361978 234550 503672 806123 913093 525395 832616 365189 782558 509181 651132 219715 348699 809790 444773 99627 205080 697620 816379 833533 496004 141809 638334 479712 431009 867370 438744 426852 569301 339439 618431 747229
599651 312708 681097 204328 443295 569195 581260 128659 475786 154704 579904 341732 110859 643039 435866 545984 639402 644113 780640 468763 852857 555544 169702 721521 371233 179385 710631 598669 333356 320912 410308 416041 434872 564597 273696 361352 633886 999999999 481982 666473 651871 297232 233123 513193 681927 493493 526367 549766 266918 543465 179717 515732 554318 249880 492571 318693 565334 229566 150942 758834 517645 219309 487863 801912 602439 640589 330563 911474 683430 531654 599669 176910 504461 658663 346982 596133 336878 517160 167771 605639 364218 178001 211178 731784 613271 66810 183844 518011 440252 551848 365132 312741 300708 415889 531283 244699 355752 360787 72638 300206
569196 511444 298081 597566 162634 192553 302018 406134 33598 556965 477097 162086 371372 607952 628976 390502 449284 312079 346644 485594 371146 338225 502027 256713 650773 408102 512514 547697 505735 751546 648203 133886 295693 633389 253718 201141 351323 481982 999999999 252660 646305 203787 600117 157898 325453 187096 140399 627428 744296 124459 303605 451888 80586 720869 544557 406816 162794 420032 629122 289166 348351 540035 548251 322039 208552 369567 741196 432527 648152 464302 181698 614190 585684 227517 540548 114585 483589 672917 409736 174267 434627 649255 278257 409828 189704 546799 652822 492245 149366 209519 685761 193491 182510 557524 628027 413259 247343 419901 508898 721870
487125 573962 58338 818393 412328 396686 521076 622976 232507 772758 717804 403243 559630 851158 879506 629628 673595 504168 437107 737519 283142 570219 626922 117027 894253 637606 727269 791655 753924 967557 895936 251542 546213 884921 394902 307783 558786 666473 252660 999999999 558077 437486 826943 153330 498799 425247 361845 879382 906123 331695 506052 394370 252566 875954 518087 465585 362199 522920 798174 326452 278109 647475 525179 297901 64448 578347 963338 384744 889583 710777 73257 756558 561899 34464 589798 193631 532149 925381 543201 340443 686383 809512 492596 585842 356311 723721 810806 440448 226251 426552 924865 354922 382427 574840 880479 654342 327624 671687 710934 940142
77130 346923 513705 856048 770659 838483 937793 715831 613104 806549 1067386 676267 611849 1178943 1060875 993086 1071398 957667 964094 1014543 840140 958404 494802 674998 1016226 764732 1141421 1121056 936708 951616 1047517 518546 870996 1149183 495684 473774 991451 651871 646305 558077 999999999 671012 884706 505421 971524 815314 784765 1137251 742576 770689 623931 195214 709406 703910 159336 344100 809048 424921 688420 867869 302616 463534 164470 852847 526196 1008361 971287 942760 1222330 1036021 558421 596497 156362 584547 320652 686115 315528 1135233 489434 814464 920125 672926 646120 1056081 831033 663841 667961 160543 497366 851687 1016072 530530 588190 249089 1125940 821645 430290 909093 724298 938395
598573 431089 471258 393842 151976 275147 313030 204384 210330 354047 397643 45335 193451 508584 451580 329257 416031 364366 484275 350622 569613 309266 366651 459702 457133 204566 489319 450204 322129 548044 461977 207514 203820 494192 178104 208740 369653 297232 203787 437486 671012 999999999 396581 300135 397644 205311 229615 484589 564148 246316 121338 483172 265045 545811 533913 352892 268628 320407 448130 463556 416972 415431 534269 511327 380831 381320 537421 619210 551880 365011 364327 453443 566687 418797 467106 316285 420744 508432 281679 308407 270077 473437 86317 460222 316217 364012 478433 510856 240289 262485 487593 142790 84523 508742 478662 217105 244474 256474 311759 518197
830917 545111 853399 36391 498729 615926 578839 205986 606248 78735 492028 438398 293914 507822 238505 494758 578828 651391 824752 356275 959177 531446 399046 856280 148247 192032 639251 480497 195011 161958 197604 579669 424838 397087 463468 544217 619335 233123 600117 826943 884706 396581 999999999 679474 694083 534688 589969 381256 336133 616737 325973 741658 655101 347325 725480 547717 625239 460822 267981 835898 728450 444026 720882 893621 766393 618884 142584 996356 541172 440715 754863 354679 737497 811537 578511 710968 569976 319956 397177 671450 275691 303627 334560 717683 673403 237843 312389 747572 609670 587747 132325 481133 444890 648333 357849 202447 552999 282278 160511 129874
428772 442316 173983 669108 315122 345482 459500 474122 125727 622487 631811 273045 406831 760705 750717 546327 607162 464375 460042 627604 389896 495806 479068 228841 755711 492915 670190 700269 621989 816577 762100 100028 443867 775583 241813 155292 507521 513193 157898 153330 505421 300135 679474 999999999 472345 344632 296394 768179 754322 275407 355594 316506 206239 724879 425688 332005 313031 378070 645431 371611 202811 503730 431088 373577 89285 526103 813788 478288 801742 615504 91566 606764 469178 149246 463438 181981 404548 803566 392830 311574 563090 657583 345181 559115 328401 570463 659133 360666 72941 365942 782760 202422 235094 461639 766065 516181 180510 548711 558699 789719
894396 810493 556635 708624 245944 136112 116729 564232 358466 686874 306089 361056 587714 429191 601724 236283 218299 43203 154944 405523 396709 175255 763644 422103 672492 533402 246540 381382 523087 855622 643601 456950 269318 519469 542688 516331 97722 681927 325453 498799 971524 397644 694083 472345 999999999 192337 191443 521917 944207 201000 517192 777323 266576 931138 867383 714823 162713 706120 830543 237457 671704 811054 870548 312388 487372 112464 830418 372667 456153 331183 452073 848233 907429 464506 843547 309253 790129 605137 676198 162642 431231 859790 480232 87817 145792 747635 865766 817587 474798 136299 723867 484699 443859 870872 535596 495439 563741 420465 675541 823451
738930 623912 476572 543450 53879 81318 122733 381219 218940 514960 292996 169619 396266 425953 496848 205200 263057 160426 293437 324689 445008 151177 571467 392498 543916 357702 328820 366412 390542 696061 527627 297988 135167 467715 357367 344833 178011 493493 187096 425247 815314 205311 534688 344632 192337 999999999 69426 464241 758369 102691 325240 620258 175733 743343 697296 533123 94597 517116 643493 305219 526214 619293 699469 369905 390732 193795 676025 465906 464786 286478 360059 656945 735096 395075 658102 240557 606724 524856 484642 141338 303736 671462 288508 258947 140256 559851 677110 656647 323151 58354 588922 302428 256048 690519 469286 332271 391346 289883 493413 664222
707761 621828 415042 595975 91254 55331 164053 423124 173981 563984 356637 186661 422757 490527 564708 268357 314906 172975 254687 394107 378687 208485 585708 323573 608148 406482 374758 431684 455300 750053 594044 267236 204118 536734 354344 324914 211212 526367 140399 361845 784765 229615 589969 296394 191443 69426 999999999 533459 793185 33282 350486 589790 109592 775384 676497 524154 39013 520123 677306 245930 488491 630421 679511 306234 332224 229713 732237 406476 528200 353724 299832 681551 716251 330557 654106 173122 599870 594111 495592 82045 370420 703024 315919 272255 87203 593176 708047 628859 287510 69557 651507 295150 259009 679729 538685 388716 372322 356290 534602 718557
1069491 837876 925305 415658 467469 523178 418488 439241 651636 435518 219200 498981 537684 147624 151861 288021 320098 482862 676701 141866 894629 354230 712666 856666 259140 384733 346671 155986 216432 496769 205249 686743 333928 15831 645687 692819 424582 549766 627428 879382 1137251 484589 381256 768179 521917 464241 533459 999999999 717207 566725 513644 959065 638369 726441 987237 797059 550859 730785 639095 740004 901286 765427 985416 813038 834918 412398 457040 890452 168919 191662 809125 712620 1011901 852032 875221 703658 846749 98619 669432 592984 217947 675618 491626 497695 585107 586394 684253 980880 719120 487254 312674 625136 568028 935412 25410 320820 725079 230077 490606 470352
714209 410652 911475 301586 709172 835248 839189 380316 734994 289423 804764 608577 374479 839153 573515 787156 878538 905070 1047243 676750 1113244 806816 290114 973820 474635 417533 945978 806067 518587 277282 528502 663343 687451 733031 513744 599036 889370 266918 744296 906123 742576 564148 336133 754322 944207 758369 793185 717207 999999999 810348 445660 666908 818845 38666 595038 480509 832127 397431 116091 1024888 708625 294011 587345 1065854 841742 894072 315016 1175930 874486 753764 844583 158520 586637 903248 427116 857289 454205 653536 363902 872555 580879 96798 478039 988570 880148 200146 95369 651526 682735 816641 436918 563569 561797 495548 693953 471459 580180 582327 271049 284683
693569 622255 385815 621521 119166 70152 190530 444695 157592 588069 388267 201792 437650 522326 597095 300026 342697 189115 242289 427379 347813 238786 594030 290451 638852 431028 400045 463766 486366 776014 625748 256596 237140 569958 356387 318987 233798 543465 124459 331695 770689 246316 616737 275407 201000 102691 33282 566725 810348 999999999 365516 576346 79222 791308 667569 521756 38360 523520 694284 220502 471786 637089 670990 277360 304985 252870 759222 379998 559560 386483 271748 694302 708159 299845 653477 141056 598094 627217 502887 62842 402387 718905 332308 285671 73654 610203 723629 616616 273798 95295 681438 296086 265630 675708 571965 416484 366218 388158 555346 744712
557608 339475 528947 313720 272564 396473 426524 120062 300005 266922 475466 164037 72277 568577 444134 420634 512358 482424 605153 396831 674748 413462 252230 549404 420907 151625 585946 514610 315817 461506 440050 255579 297195 525898 144230 219018 482162 179717 303605 506052 623931 121338 325973 355594 517192 325240 350486 513644 445660 365516 999999999 451213 374706 425813 473909 283979 389477 227281 329602 579317 413933 303608 472369 622359 443846 492009 458229 731800 611725 434562 435667 332191 500180 493865 376964 418125 339466 514229 175708 428102 297754 353415 37412 576019 436616 245871 358115 469223 284537 382987 438559 155222 126074 429262 502010 199567 233493 287721 207629 434238
118686 259119 360964 717200 576144 643716 742663 555162 418892 666342 876705 484811 453119 991671 894890 800562 877364 762743 776523 831355 676328 764188 384864 508016 861895 599263 946938 932971 767030 832571 887409 323339 679897 970183 313381 280618 796242 515732 451888 394370 195214 483172 741658 316506 777323 620258 589790 959065 666908 576346 451213 999999999 517191 629579 126719 198203 614681 289132 588092 685656 118263 372905 134806 678279 351245 813180 845692 775066 1034916 847346 380098 509398 169369 415584 253518 498473 213596 965351 348030 621707 741118 582000 468350 861416 638117 543580 579213 46154 302649 656522 869174 340829 399106 207435 949577 650765 239238 729220 585080 814486
632393 591291 306609 655877 175363 146673 269498 469390 105642 618179 466206 220180 444584 600030 658425 377929 421822 261813 268178 497553 304998 317688 581855 219539 691655 464564 478200 541032 541658 810695 683230 209666 305235 642441 334205 279851 310857 554318 80586 252566 709406 265045 655101 206239 266576 175733 109592 638369 818845 79222 374706 517191 999999999 796599 616417 485741 112296 500617 703149 209412 407573 620426 620619 247676 226842 330177 797417 357207 637792 462132 193062 692083 658402 221003 619854 65312 562496 694019 489569 105390 462521 724624 346100 353844 122180 620027 728515 559418 219253 174422 730826 273826 258642 634547 642147 460305 325143 447932 576043 780202
675740 372696 879796 311694 693134 818956 828329 369549 710234 293350 803750 589633 353839 844187 585805 781967 874173 892760 1029940 678608 1088256 798532 255562 946277 489996 410466 942806 808777 522867 304654 542845 635521 678420 742220 485551 569756 879627 249880 720869 875954 703910 545811 347325 724879 931138 743343 775384 726441 38666 791308 425813 629579 796599 999999999 556541 444760 814391 363191 101160 1003836 673460 256731 548818 1042847 811681 885129 340542 1153193 880608 753150 815591 122999 547977 874036 388669 833041 416563 666894 332838 853826 580264 72404 459495 978378 862005 183572 68085 613600 653844 801696 455511 537124 538489 456940 703760 467575 549089 580735 264077 308958
119284 189959 486966 696719 648784 731623 819751 559868 513210 647263 931417 545535 456067 1037137 905259 861716 944604 848333 881663 868976 798247 833163 336521 629792 857945 610061 1016464 980580 782876 793829 890289 411033 737188 999685 355843 352928 875284 492571 544557 518087 159336 533913 725480 425688 867383 697296 676497 987237 595038 667569 473909 126719 616417 556541 999999999 190205 705348 266483 533231 797296 239985 308377 9103 795435 471300 890942 812700 895111 1080548 896819 497833 443971 44012 537424 168024 606044 156282 980872 331110 718267 771603 520006 499095 948351 734057 505203 515616 83976 397222 739788 856976 399488 454576 101589 974815 668905 306014 761280 565033 779948
284212 110324 455453 521714 481496 579226 653206 371773 380321 471109 747849 371014 267797 849636 716786 682130 768325 690489 753420 679983 721818 659321 191681 559609 674111 420796 841272 793922 593215 634375 703896 277513 556560 809553 177300 205893 709835 318693 406816 465585 344100 352892 547717 332005 714823 533123 524154 797059 480509 521756 283979 198203 485741 444760 190205 999999999 557474 90962 393501 685965 229432 192297 188418 700197 405400 724021 647879 807686 892989 711179 420704 322038 216856 473439 134533 492771 76777 791515 151075 578935 581733 390818 310376 790556 593226 345514 388990 199862 277239 581427 677251 230925 279605 157551 784617 478852 161516 571614 389190 616489
