NAME : synthetic_000146
TYPE : CTSP-D
DIMENSION : 100
GROUPS : 8
RELAXATION_LEVEL : 1
EDGE_WEIGHT_TYPE : EXPLICIT
EDGE_WEIGHT_FORMAT : FULL_MATRIX
EDGE_WEIGHT_SECTION
999999999 235844 632551 914803 423941 344861 538431 880888 279831 841845 514083 795595 881901 708136 207993 885496 655851 701706 949736 238891 657093 509086 112862 789807 369975 245982 348712 377117 397662 768580 245363 829324 448792 161172 60087 196936 597393 364209 342888 454053 324583 582868 675779 404417 728250 350970 211812 433329 185296 648516 191176 143978 901479 310874 772160 669222 816555 191489 242196 581584 223511 421023 297305 801396 949409 417660 212942 299677 752661 324636 164939 748476 344092 351069 564777 547058 302827 854310 822089 478934 504717 553629 429250 421153 401835 522452 692464 391758 683187 493070 199560 641738 225329 870818 484891 428641 593888 827557 448552 849424
235844 999999999 420999 679786 389030 275646 302592 769981 280379 630401 283817 612843 651332 567312 131343 778936 424904 513715 714010 297597 425067 475430 315451 644164 529429 438045 388975 454285 603343 533114 205761 754221 233661 360294 285676 118495 438243 375922 226774 219018 353554 442540 441097 604915 601279 392533 24183 252644 370143 461172 156856 367393 665814 365846 536723 553731 726118 221950 426863 372512 244913 435087 228678 688168 713872 379961 242809 162515 591327 111414 270503 551740 356089 248192 366922 371949 415759 618480 586266 405161 411092 354863 221913 433044 544576 303032 468838 447177 606641 275948 233859 572790 283765 638584 331413 528465 535893 717074 212709 616439
632551 420999 999999999 359973 737672 384396 230300 501205 473944 210111 166679 224189 285092 290647 539793 517076 132734 133577 439093 709014 327089 471573 729646 330656 782086 752138 783023 626686 909077 260391 436246 560392 392789 700170 690283 439181 190320 757784 332287 287799 521738 649911 191808 902096 344036 786719 442763 481973 693805 107216 458311 774988 403182 768523 261663 343055 508743 502640 735161 443635 653754 809142 395995 433662 447791 435122 502494 515119 255934 411173 573470 143722 500875 585045 479240 149096 648460 342869 317908 378547 341505 90151 203663 806071 771339 120608 90764 594259 456328 145301 506225 452201 696648 287498 218344 702189 454412 460885 267013 276425
914803 679786 359973 999999999 861608 733652 379329 770814 817092 289090 405316 448264 103624 601588 761271 789066 268476 427316 99098 911802 307463 830801 991054 603394 1127472 1079748 950592 981017 1242953 147722 766647 866835 521927 1016326 965358 742766 540182 913288 673473 468256 872585 676494 239106 1238566 652827 954046 703968 597706 1016175 441023 771560 1045940 96864 950230 143973 673852 809808 827554 1064252 465217 858494 948537 735349 725450 113830 793822 833161 698253 534441 614579 897283 381760 853890 734251 509752 509024 993989 82139 106757 738462 700790 445436 514320 944692 1121447 418039 269524 950465 792031 447177 833831 796468 903539 82008 577016 1058105 806367 746539 468433 84313
423941 389030 737672 861608 999999999 659776 529009 1153340 641681 926828 571549 956034 878125 943596 269399 1163350 679441 857069 850641 197551 554145 857813 381526 1015784 793051 663925 129586 786271 796532 724474 574705 1143136 356803 581371 414563 483549 810217 85744 615622 452063 707579 245432 661895 808026 982245 131213 383647 269502 608064 809147 512512 434516 805132 158602 728238 938855 1113920 559864 662957 400931 200475 89565 609839 1071895 843186 760807 584956 235070 954874 335564 570587 880948 718172 153962 358841 737824 721085 781935 754858 793223 800117 699675 575600 85519 825776 620880 748401 792068 995670 603913 572000 961588 206883 855171 711701 846714 923564 1101165 470885 829311
344861 275646 384396 733652 659776 999999999 427060 536457 93915 570894 354849 483487 668389 368938 391352 541624 469010 402571 798988 531650 575199 199787 457695 450760 397698 379913 637572 249070 528795 607369 100078 494804 461479 345332 403237 179758 276256 634188 69184 387230 138942 708455 514185 520329 384606 640790 276904 511045 330567 353991 161690 481125 756045 607012 609993 324539 475946 158414 361856 590339 488932 694942 51524 456610 804318 105345 144656 438161 423382 368305 218590 457988 121908 523699 599879 251189 264155 698112 667953 138607 159982 294273 234340 693508 388147 320217 468976 222783 346208 293953 154739 307747 516420 667895 175983 327846 265497 483010 363657 653404
538431 302592 230300 379329 529009 427060 999999999 719133 490522 399092 85612 453867 364390 501717 383930 733691 150620 363065 411948 541391 148176 586509 611746 554112 790921 722767 595078 670565 888741 231754 425861 758511 172742 652155 587195 380405 376283 563188 358213 89822 558117 419802 144667 887209 552288 598709 326668 262313 656387 327375 414181 666974 364028 588297 235456 534435 712409 476937 708972 216515 486635 608113 409561 645575 412472 516492 488202 329908 481559 237609 542421 370579 546619 383031 249646 305390 662079 315894 283690 491225 468837 236539 195462 604656 794301 147033 220482 648468 633370 155276 485545 616947 531741 346863 332389 750065 602715 674298 89892 322760
880888 769981 501205 770814 1153340 536457 719133 999999999 607616 482894 638600 323139 667858 218388 900229 18488 630076 373617 868600 1057237 828273 403185 993742 173555 800096 854610 1156936 627153 955690 733053 636505 137667 855680 851883 938492 707017 351040 1145884 553911 748945 590912 1125097 687612 939053 172359 1160397 781114 936431 828300 395170 696388 1013557 848669 1130400 732859 216848 93939 691026 836420 935552 1009294 1204997 585861 81841 881963 473513 672493 918430 248941 821883 739220 399362 564195 1002487 966284 426099 702000 793504 778802 403141 376504 484915 585311 1202894 762832 575992 564254 587898 216095 579107 684791 259354 1042290 689481 441657 662893 310717 53604 722546 695221
279831 280379 473944 817092 641681 93915 490522 607616 999999999 664085 426263 576741 756082 455335 373630 610823 549870 496485 877968 491888 636910 230153 391204 536596 310421 286014 601664 182640 436139 685965 75147 549684 495718 254820 334336 164134 369442 604675 143717 437499 73849 722919 591185 428403 465730 604597 273484 531015 238084 447765 130086 406347 833667 567896 688802 403046 538797 89580 267943 631187 456064 665298 82506 530300 882360 137960 66890 437135 513927 386818 132454 551822 77067 518838 634505 344570 176921 777007 746108 204874 237473 383904 307044 664376 306458 399809 556093 168562 404419 371654 80354 362431 476728 754090 269649 261466 314115 554962 417038 738435
841845 630401 210111 289090 926828 570894 399092 482894 664085 999999999 361227 163545 185562 332648 746310 501256 251631 179653 387806 914552 435614 608786 939733 319557 964012 948227 983096 797868 1099660 285815 636004 585657 571731 901933 899922 647177 314574 954991 528559 475836 701646 805308 287344 1090845 379346 986784 652460 661404 893140 219350 663999 984674 372960 971142 284152 412908 527885 703611 930629 585876 859065 1003310 591441 442632 401854 598675 700696 714162 256771 611896 773761 121603 677813 777628 627769 319723 832353 323054 315797 528219 485550 290095 413630 1000013 947342 327764 178649 761703 529424 354471 705908 542364 902677 209188 395158 868108 563146 461671 459974 219141
514083 283817 166679 405316 571549 354849 85612 638600 426263 361227 999999999 389166 368081 420426 388479 652674 141777 293361 455037 554882 227452 504506 599268 476840 733047 676072 621981 602317 840537 264353 367602 673933 227501 611110 567553 337456 292463 594679 287522 121239 490140 490746 168565 837251 469985 625672 307604 315936 611646 252200 366864 650481 409329 610012 267545 449846 628627 424998 661066 298183 499344 644566 343901 563599 458249 438600 432853 353068 406263 250730 493700 310394 476261 419592 327684 220465 601507 354733 323014 408615 384625 153858 120587 641400 732542 62865 188645 577607 547803 70162 432170 531394 543511 356814 247529 681657 517771 592579 100670 335865
795595 612843 224189 448264 956034 483487 453867 323139 576741 163545 389166 999999999 345936 176839 740133 341251 332365 99876 545640 909376 533654 476667 902047 156128 858038 862032 991907 684534 1002506 415871 565707 422113 616392 827788 855519 599113 207299 970053 458083 510290 600155 873669 384879 991285 218901 995585 631647 705101 814021 151678 606859 939388 525696 973897 415257 260275 364358 633081 843717 664212 855283 1023782 515644 279147 558891 486009 624772 727871 96461 623719 699541 86338 574065 802368 701447 248613 731432 471186 457966 408847 365379 260049 392283 1020907 835378 335381 258278 646010 372859 352616 632638 390711 895974 366646 314094 748474 418098 298773 488045 372090
881901 651332 285092 103624 878125 668389 364390 667858 756082 185562 368081 345936 999999999 503850 746685 686156 226459 332463 202607 905777 334127 748174 966545 501630 1065660 1028348 955895 911777 1188571 158377 712237 766210 525772 970226 935634 699639 453114 921596 612841 453696 806391 715175 220499 1182659 554083 959471 675282 609146 967143 352452 724885 1018454 192467 951266 154965 578704 708887 776221 1012028 495927 851010 962081 676133 624156 217016 719166 779075 693789 434116 601324 846933 283320 785862 740719 540676 431049 931885 151912 156846 658598 619014 374595 463475 958402 1056059 365750 200038 879191 696939 395824 781258 703930 896104 30060 502983 987124 717140 644621 447850 53447
708136 567312 290647 601588 943596 368938 501717 218388 455335 332648 420426 176839 503850 999999999 698640 232248 422727 176387 694714 861472 616288 311960 819810 81889 708859 731311 956287 531958 859089 538515 464407 271820 637755 709991 767765 520570 134344 941848 366921 530765 462079 906928 481517 845882 53712 959842 581068 719479 691570 183466 517523 848075 667711 932332 538931 83873 218481 527116 712720 717880 810939 999783 412031 144239 706409 341404 513310 708627 81443 609443 586246 220530 434733 791165 748084 209025 589545 609278 590044 261601 221232 266630 370378 997449 681300 357728 364119 492145 197000 360831 523670 214000 846916 519897 236057 589154 244088 172643 504488 519871
207993 131343 539793 761271 269399 391352 383930 900229 373630 746310 388479 740133 746685 698640 999999999 908830 523540 640493 781447 169655 477629 588596 240289 775457 564219 449830 257654 527878 605458 613679 305409 879886 256606 365198 234062 214153 569414 246208 351496 294118 441601 379551 528456 611652 732206 261204 119276 226947 384905 588604 243805 300402 732873 234999 617466 683641 853971 295300 443507 380725 115150 306209 340939 818390 778880 491522 320011 91795 721923 146711 318031 675504 450519 152525 359932 502266 471643 692283 660814 526620 536626 480541 347851 304422 589256 419463 577112 529451 731515 394981 307707 695895 156912 730425 462693 594344 656218 847147 298958 706586
885496 778936 517076 789066 1163350 541624 733691 18488 610823 501256 652674 341251 686156 232248 908830 999999999 646435 390297 886791 1064723 844164 402599 998303 190739 796780 854051 1165149 624918 952422 750434 641701 124090 868570 853163 942751 713722 363804 1154717 561195 762102 591926 1138173 704138 935520 184507 1168591 789617 948715 829122 410725 702173 1017075 866668 1138195 750272 225218 85995 695112 835948 950000 1017241 1214023 591463 91716 900119 475696 676135 928596 265889 832748 741971 416948 565431 1012951 980327 438820 700945 811371 796487 406951 381914 498868 597091 1211966 758808 589966 581146 585942 214646 592443 688596 258274 1049729 707690 451941 658634 309840 62250 735588 713303
655851 424904 132734 268476 679441 469010 150620 630076 549870 251631 141777 332365 226459 422727 523540 646435 999999999 257015 330211 686223 201558 587071 740210 457585 859960 811577 744477 717803 974511 139821 498187 693053 322771 749504 709248 476772 320366 713351 406658 235020 607730 555165 59086 970091 476280 748127 448835 411698 748449 239368 504221 791997 288546 736328 142096 475419 641087 559245 795957 337950 630936 758714 467761 564884 336168 537645 564684 477460 382023 380237 629176 246033 590417 533503 378381 267707 726764 229601 200406 491370 458469 195210 245844 755264 855369 150082 76768 689138 587509 178833 565406 581212 675762 215226 324771 795966 579635 591596 225127 194962
701706 513715 133577 427316 857069 402571 363065 373617 496485 179653 293361 99876 332463 176387 640493 390297 257015 999999999 519046 809844 457141 429308 806584 200635 789475 782446 892031 620647 928942 363565 477952 447235 520831 742819 761381 504794 135518 870266 369453 413837 527936 781862 314080 919070 229378 895709 532873 608767 731064 53345 514999 845678 491365 874091 363792 246637 392329 545846 764422 577185 755639 924167 429668 312044 530478 420963 539615 628204 125031 524115 614085 58374 503156 703272 612465 156272 659375 432894 413946 349000 306119 160195 292666 921315 770822 237260 191182 583812 364888 253252 546456 371675 796517 346236 227769 689593 387511 337406 390771 344643
949736 714010 439093 99098 850641 798988 411948 868600 877968 387806 455037 545640 202607 694714 781447 886791 330211 519046 999999999 921860 306918 910189 1017533 700046 1186965 1130100 949407 1047920 1295139 192007 822328 962115 530742 1062321 996883 788927 625149 909641 735607 496078 937506 646347 287161 1292166 746679 952705 737956 596808 1064818 528112 820447 1074685 48594 953137 189210 764566 905430 879886 1115447 449719 870598 939409 795523 821518 16046 866613 887850 710147 629923 636508 948069 476348 920544 735051 492209 587377 1054487 100980 132100 816048 780235 519568 571298 935447 1184196 479017 348679 1019335 882350 506455 887188 884543 915026 179165 651375 1126166 891543 843207 501541 175084
238891 297597 709014 911802 197551 531650 541391 1057237 491888 914552 554882 909376 905777 861472 169655 1064723 686223 809844 921860 999999999 614942 719551 183978 939739 601847 470065 111069 613951 599060 765604 435658 1026337 391583 389436 219827 352871 734709 126604 503541 452422 549420 407888 685628 610770 892212 113691 281200 330592 417716 757755 371552 237897 873765 76028 769439 840463 1005020 403709 470469 490051 55539 182140 480133 975565 917507 623250 428453 213558 888643 306028 398199 845159 564684 198004 457737 669491 541632 838593 808134 670140 686059 650031 517184 182324 637208 588523 743293 625439 877624 564448 414736 839370 15256 887659 625632 667511 795870 1003770 461225 863055
657093 425067 327089 307463 554145 575199 148176 828273 636910 435614 227452 533654 334127 616288 477629 844164 201558 457141 306918 614942 999999999 731954 716288 657021 933392 858139 645548 817811 1024329 175858 570296 882475 224070 783748 700072 517373 501290 607173 506291 208529 705443 381475 150562 1024120 669090 648933 448011 292034 790810 433752 553167 774843 258875 647497 179371 660206 832925 617795 845326 161867 563801 641194 556642 760087 302848 664175 630791 403529 581739 335603 680684 447326 694465 429858 206688 436240 806383 228374 200717 636047 611240 362959 343235 637336 938826 281840 275859 796323 765803 297028 627115 753119 608151 308016 473566 897272 742844 787644 223107 282097
509086 475430 471573 830801 857813 199787 586509 403185 230153 608786 504506 476667 748174 311960 588596 402599 587071 429308 910189 719551 731954 999999999 619152 381703 404463 451495 828173 227660 558591 725731 285324 324846 650544 453562 561711 374689 296866 828132 257070 565167 193236 905050 641212 543464 298102 831230 476176 706759 428143 397384 349328 628834 872546 795545 727603 234600 322813 319722 433362 772172 680737 888968 248214 334899 918324 97172 296656 637945 389562 565810 351899 487184 168642 723427 786599 322819 298930 812392 785471 96458 130074 392226 393058 887766 372709 453907 562330 187570 188117 435311 310311 144395 704318 755329 263183 277870 92813 354288 539308 746715
112862 315451 729646 991054 381526 457695 611746 993742 391204 939733 599268 902047 966545 819810 240289 998303 740210 806584 1017533 183978 716288 619152 999999999 901338 428448 293494 280288 470656 415168 843494 358072 940877 496807 219146 57729 303486 706722 307250 453559 523448 431181 578732 753848 427200 840743 281628 291732 461412 249966 753248 302293 61224 968953 241005 847200 781971 928981 303766 296683 619072 196400 356387 409851 914254 1015727 529164 324425 325998 862472 381299 269454 851290 452351 351359 594981 653531 389659 925673 893766 591628 617574 654676 526162 357480 467692 615250 783326 490298 795286 586806 311291 753570 175355 953190 593988 512067 705254 940417 522797 930601
789807 644164 330656 603394 1015784 450760 554112 173555 536596 319557 476840 156128 501630 81889 775457 190739 457585 200635 700046 939739 657021 381703 901338 999999999 783366 810627 1032895 606002 935084 559728 546269 266286 699941 791048 849487 601365 206458 1017142 448121 592159 540952 967136 514691 921282 85024 1036478 658785 784192 772176 226924 599049 929922 678033 1009829 559590 147109 208407 608982 792032 770422 888566 1074440 493893 123088 712935 419665 595046 781358 75621 680513 667807 226697 513500 862551 803221 277988 666870 621943 606311 340149 301101 325706 440386 1071998 753884 415413 390798 565916 237464 422783 605477 265577 925311 521526 314264 659508 304568 143170 566715 525564
369975 529429 782086 1127472 793051 397698 790921 800096 310421 964012 733047 858038 1065660 708859 564219 796780 859960 789475 1186965 601847 933392 404463 428448 783366 999999999 135852 706507 177410 155643 995093 365869 698417 762870 212411 382639 419434 655567 728442 454127 726956 262426 943676 899836 139238 701268 708166 512075 773784 184996 744849 381821 397270 1142034 667301 998016 636831 712343 315972 131924 901794 593041 781804 392212 737278 1190872 372083 302797 651158 780897 640045 258927 846988 286392 714974 895592 645599 133787 1086108 1054917 450392 493438 691950 615700 782502 48389 709883 865865 217571 584738 681381 306322 542567 589776 1064259 570121 142797 492694 754367 710333 1048812
245982 438045 752138 1079748 663925 379913 722767 854610 286014 948227 676072 862032 1028348 731311 449830 854051 811577 782446 1130100 470065 858139 451495 293494 810627 135852 999999999 572780 237796 166211 940382 316416 768497 669830 84949 250238 342362 654860 596387 420601 649610 269805 827974 844623 166874 733652 574314 417557 669100 67919 733349 309658 261529 1083430 533496 943600 668942 773185 252464 18595 807569 465413 648466 357140 784276 1132336 391358 249766 540006 795438 544324 182484 837500 297304 596638 796421 629590 154273 1030426 998481 470520 510082 663229 566287 649313 178666 663808 829114 272752 639441 633998 247090 595779 458626 1023228 555214 245915 544212 805087 636792 1005298
348712 388975 783023 950592 129586 637572 595078 1156936 601664 983096 621981 991907 955895 956287 257654 1165149 744477 892031 949407 111069 645548 828173 280288 1032895 706507 572780 999999999 724728 691857 808014 543347 1131307 430666 494604 324082 457909 826671 44989 605164 509882 660193 372367 735871 705195 989622 3696 376067 353515 523874 841186 479166 325478 902463 39303 811845 940147 1108036 514000 574628 503071 148797 76234 586097 1075109 943301 731493 538857 268934 978241 372008 509188 923082 675073 216377 464470 758489 651502 873523 844628 775568 789358 731903 600872 77606 743529 662775 807485 736495 982552 641303 525181 945145 125804 935289 720345 777196 902700 1103695 523465 909904
377117 454285 626686 981017 786271 249070 670565 627153 182640 797868 602317 684534 911777 531958 527878 624918 717803 620647 1047920 613951 817811 227660 470656 606002 177410 237796 724728 999999999 330933 856402 255453 533155 676771 265733 414596 335795 485469 736480 314829 620030 112467 894079 763224 315992 523870 727143 443477 706905 235156 578700 297605 461738 1005108 687473 859007 459421 541833 235260 221278 813130 589487 795156 261175 561846 1053353 199768 212291 602459 605046 563957 216481 678752 127387 679114 815100 483714 86583 947089 917003 275713 319155 537555 481806 794944 150853 569283 714033 40194 411094 542916 222823 368185 599686 913140 409517 79506 317493 580010 599238 899782
397662 603343 909077 1242953 796532 528795 888741 955690 436139 1099660 840537 1002506 1188571 859089 605458 952422 974511 928942 1295139 599060 1024329 558591 415168 935084 155643 166211 691857 330933 999999999 1104878 476837 853466 833942 244271 386096 508388 797281 721785 576857 815803 402373 978909 1009080 21704 853935 692748 582375 828854 233632 881978 475062 366430 1248689 653046 1108046 789233 867968 415670 179841 970966 604658 767980 513187 892330 1297619 518948 410066 696898 928953 708202 347097 985483 428503 746846 958123 779937 271157 1195191 1163339 598437 640716 819328 728727 769461 196484 825744 988730 371061 740204 796180 409126 697877 589821 1184583 704551 296518 647749 909748 802975 1167328
768580 533114 260391 147722 724474 607369 231754 733053 685965 285815 264353 415871 158377 538515 613679 750434 139821 363565 192007 765604 175858 725731 843494 559728 995093 940382 808014 856402 1104878 999999999 630844 810254 377691 874418 818439 600613 450596 771948 543648 320537 745722 556809 95799 1101472 592061 811523 557280 457114 875723 360032 630987 898637 148888 806062 3841 599864 755813 689286 925416 337720 711930 809856 603527 675366 196951 677464 696629 552092 485130 466971 758044 334120 729069 591755 382523 404372 862516 91044 60681 630395 596535 333508 379394 806096 992193 287208 175206 828324 715228 314463 696301 712471 757035 132259 464159 934854 714331 700089 321140 106296
245363 205761 436246 766647 574705 100078 425861 636505 75147 636004 367602 565707 712237 464407 305409 641701 498187 477952 822328 435658 570296 285324 358072 546269 365869 316416 543347 255453 476837 630844 999999999 592712 421464 266058 304262 91948 361097 542817 108543 367435 148950 648205 535234 471954 482994 546457 200104 455883 257716 426431 64185 383684 776903 511465 633874 423900 575472 67961 299858 557692 395522 603651 52377 556526 825806 188313 66846 364252 513596 311671 137781 530123 150346 447156 560040 321933 236256 721693 690229 237374 260004 348086 252381 602463 368607 348976 512773 243537 444552 319535 70063 404970 420403 707790 251676 333176 360382 583038 348357 690506
829324 754221 560392 866835 1143136 494804 758511 137667 549684 585657 673933 422113 766210 271820 879886 124090 693053 447235 962115 1026337 882475 324846 940877 266286 698417 768497 1131307 533155 853466 810254 592712 999999999 875399 777452 883876 673688 382655 1125517 528492 772762 518049 1144431 752059 835493 218200 1134591 761369 949240 751094 453882 656032 953089 937256 1101504 810626 224096 57986 637979 750987 971220 982510 1185906 546279 143325 974418 411730 616520 911496 332394 822395 675941 485784 493376 997465 997153 453509 614224 879508 861162 356221 343366 522673 598521 1184214 657598 611545 635934 496112 148763 607874 629793 187945 1011120 784827 445700 557149 235681 128952 745578 787053
448792 233661 392789 521927 356803 461479 172742 855680 495718 571731 227501 616392 525772 637755 256606 868570 322771 520831 530742 391583 224070 650544 496807 699941 762870 669830 430666 676771 833942 377691 421464 875399 999999999 589771 485871 346226 504766 395824 395755 107867 569296 269878 306741 836554 684129 434206 252606 89965 601954 478416 385010 556556 482485 428481 381528 654460 835360 451625 659390 138926 339865 437684 426520 777691 526910 564456 470181 179462 631467 125787 503984 536140 565929 214958 139065 429760 646350 447298 417186 563096 552700 374239 276984 434116 776686 285657 393084 664049 738010 277429 462904 713542 384382 504702 430332 753704 688617 807132 133379 479264
161172 360294 700170 1016326 581371 345332 652155 851883 254820 901933 611110 827788 970226 709991 365198 853163 749504 742819 1062321 389436 783748 453562 219146 791048 212411 84949 494604 265733 244271 874418 266058 777452 589771 999999999 170524 273814 621012 516032 374270 575594 261327 743053 779021 248058 718462 496347 338784 585802 31640 691863 245467 198524 1015062 455486 877754 654808 775792 198323 81628 726695 381996 569648 313154 777586 1063820 379244 203277 455696 768303 464003 128749 795794 287740 511689 714198 587329 179885 963573 931435 454838 490684 613191 506758 570287 249168 604479 772739 293068 640429 574413 196549 596843 377401 963300 515323 296112 545642 800519 564522 944262
60087 285676 690283 965358 414563 403237 587195 938492 334336 899922 567553 855519 935634 767765 234062 942751 709248 761381 996883 219827 700072 561711 57729 849487 382639 250238 324082 414596 386096 818439 304262 883876 485871 170524 999999999 256601 657476 346217 402890 500862 373454 594900 726769 395853 787251 325837 261501 460696 199992 708153 251173 84778 948439 284981 822075 727770 872665 247691 250929 614321 218810 399181 356422 859382 995936 472254 267713 324708 812714 364844 211725 807759 394699 363553 593941 606946 334892 902829 870699 535854 562793 612407 486703 399864 419523 578694 748243 433332 738669 549586 254753 696767 208496 923698 544978 458588 648208 885273 497419 901833
196936 118495 439181 742766 483549 179758 380405 707017 164134 647177 337456 599113 699639 520570 214153 713722 476772 504794 788927 352871 517373 374689 303486 601365 419434 342362 457909 335795 508388 600613 91948 673688 346226 273814 256601 999999999 403616 454662 154305 309249 236277 560002 505210 507256 545978 461147 109463 371113 276153 451588 38874 340913 741891 427832 603944 491006 652311 105399 328712 484760 309207 515461 128408 625751 790731 277541 124785 273033 559585 228699 163351 551703 240912 355352 482550 350501 300124 689897 657792 317692 333435 357789 238228 514095 430816 334755 504796 329197 524933 304743 116753 487239 337694 691396 290872 410306 445189 653424 294939 671727
597393 438243 190320 540182 810217 276256 376283 351040 369442 314574 292463 207299 453114 134344 569414 363804 320366 135518 625149 734709 501290 296866 706722 206458 655567 654860 826671 485469 797281 450596 361097 382655 504766 621012 657476 403616 999999999 810685 255353 398434 395158 774400 379031 786723 179417 830263 453517 585549 606822 100830 406588 740181 591504 804075 451788 159092 336204 427764 636579 590598 682975 868024 310073 273111 634787 285707 418364 575464 156070 475527 493102 193863 369734 657419 618769 75059 526720 531322 507471 213649 171063 140032 236087 865598 635874 229697 277709 448407 267283 229247 426695 261890 720436 462240 112754 554076 266480 302480 371831 455890
364209 375922 757784 913288 85744 634188 563188 1145884 604675 954991 594679 970053 921596 941848 246208 1154717 713351 870266 909641 126604 607173 828132 307250 1017142 728442 596387 44989 736480 721785 771948 542817 1125517 395824 516032 346217 454662 810685 999999999 597455 479886 666243 327387 702233 734293 977021 47250 365453 315583 544295 820222 478947 356647 863006 73600 775767 929499 1100149 518772 597009 461885 148844 60839 583018 1064062 903205 731049 543864 242767 960349 346995 520052 899151 679548 180906 422463 740928 666256 835466 806998 771072 782477 710564 581193 59716 763725 638196 778221 745943 976962 618017 530388 940649 139162 900323 706608 792250 899680 1092925 495046 874775
342888 226774 332287 673473 615622 69184 358213 553911 143717 528559 287522 458083 612841 366921 351496 561195 406658 369453 735607 503541 506291 257070 453559 448121 454127 420601 605164 314829 576857 543648 108543 528492 395755 374270 402890 154305 255353 597455 999999999 318536 202854 648012 449487 570203 391687 608545 232890 449689 364589 317890 151718 485053 691873 577279 546401 337385 502980 176495 403359 522619 456702 657666 63711 472385 740400 168734 172139 387396 409931 309319 245640 421628 188933 473633 533469 213390 320532 634629 604021 178986 185149 242825 166980 655910 448749 256763 412804 290603 380368 229221 177749 346022 488536 610473 144091 394137 309811 500382 294692 594721
454053 219018 287799 468256 452063 387230 89822 748945 437499 475836 121239 510290 453696 530765 294118 762102 235020 413837 496078 452422 208529 565167 523448 592159 726956 649610 509882 620030 815803 320537 367435 772762 107867 575594 500862 309249 398434 479886 318536 999999999 508753 376165 234446 815629 577842 513544 242650 194942 582302 370713 345616 579468 447688 501309 324284 550394 731155 410989 636826 207212 397453 527475 360553 671543 495432 485302 425268 242444 523609 147825 472597 431516 500972 301795 226098 323634 602063 402413 370416 473690 458669 266456 177652 524177 734446 177879 298385 602082 638372 170006 420758 616321 442502 436592 330224 698961 594943 700911 27248 412565
324583 353554 521738 872585 707579 138942 558117 590912 73849 701646 490140 600155 806391 462079 441601 591926 607730 527936 937506 549420 705443 193236 431181 540952 262426 269805 660193 112467 402373 745722 148950 518049 569296 261327 373454 236277 395158 666243 202854 508753 999999999 795996 652027 391566 463945 662959 345722 604707 237424 482594 200410 436923 894227 625014 748397 399319 514582 147888 251219 704323 517422 726433 148908 517699 942626 121574 122741 508613 528447 460584 161759 585136 27506 589132 708163 383246 131567 836577 806231 200803 241104 431844 369728 725748 249669 458519 607386 94777 379166 431646 135989 335636 534474 806443 307837 191972 284600 539938 487503 792201
582868 442540 649911 676494 245432 708455 419802 1125097 722919 805308 490746 873669 715175 906928 379551 1138173 555165 781862 646347 407888 381475 905050 578732 967136 943676 827974 372367 894079 978909 556809 648205 1144431 269878 743053 594900 560002 774400 327387 648012 376165 795996 999999999 519574 986770 953809 374487 450973 198582 764001 742863 597200 638214 604965 394941 560210 924177 1105062 658990 822440 221128 382468 330730 666340 1047435 636440 813708 681813 293959 897009 340234 693462 790069 798424 232077 177790 699457 846284 594378 572277 822756 816487 641867 545982 326718 967641 551723 631339 889191 1005311 546122 671371 979046 410874 688351 698825 965447 951132 1076850 402585 662608
675779 441097 191808 239106 661895 514185 144667 687612 591185 287344 168565 384879 220499 481517 528456 704138 59086 314080 287161 685628 150562 641212 753848 514691 899836 844623 735871 763224 1009080 95799 535234 752059 306741 779021 726769 505210 379031 702233 449487 234446 652027 519574 999999999 1005685 535114 739463 465276 392398 780060 298274 535297 807908 242491 730807 98980 534466 699939 593489 829630 299107 631038 744251 508691 623312 291183 587937 600918 473334 439072 382264 662264 298777 636064 521343 341784 324435 767499 186462 155083 545083 513526 251009 284261 740646 897581 194275 126620 736027 646271 220382 600525 639391 676168 202213 378140 841996 636732 649825 231297 178132
404417 604915 902096 1238566 808026 520329 887209 939053 428403 1090845 837251 991285 1182659 845882 611652 935520 970091 919070 1292166 610770 1024120 543464 427200 921282 139238 166874 705195 315992 21704 1101472 471954 835493 836554 248058 395853 507256 786723 734293 570203 815629 391566 986770 1005685 999999999 839672 706174 584399 833770 234788 872664 473080 380141 1245965 666240 1104597 775084 850833 412281 178810 974085 614656 781393 506665 876516 1294910 506641 405412 702788 916560 710958 344845 975895 417277 754712 962198 771195 260015 1191984 1160231 585857 628418 812170 724248 782791 177957 820896 982684 356183 723872 791488 405192 681777 601163 1179199 695697 278346 631932 893541 802162 1162295
728250 601279 344036 652827 982245 384606 552288 172359 465730 379346 469985 218901 554083 53712 732206 184507 476280 229378 746679 892212 669090 298102 840743 85024 701268 733652 989622 523870 853935 592061 482994 218200 684129 718462 787251 545978 179417 977021 391687 577842 463945 953809 535114 839672 999999999 993131 613580 764260 698153 236938 539426 865731 720370 964309 592447 64891 164828 542735 715082 767985 842925 1035665 430945 93774 758571 342382 526937 747202 122854 649891 598005 271122 436441 830847 797281 254370 587386 662169 643278 264087 228259 316192 412952 1033464 670742 407136 417784 483698 156256 408437 538145 181289 877443 570966 270838 575574 219550 123072 551247 571676
350970 392533 786719 954046 131213 640790 598709 1160397 604597 986784 625672 995585 959471 959842 261204 1168591 748127 895709 952705 113691 648933 831230 281628 1036478 708166 574314 3696 727143 692748 811523 546457 1134591 434206 496347 325837 461147 830263 47250 608545 513544 662959 374487 739463 706174 993131 999999999 379566 356904 525693 844856 482273 326333 905784 40867 815353 943602 1111397 516858 576270 506228 152092 75233 589309 1078571 946573 734577 541698 272623 981867 375704 511696 926775 677922 219854 467533 762114 653724 876934 848062 778819 792697 735579 604532 76783 745327 666470 811161 739053 985834 644995 528014 948387 128507 938843 723892 779381 905884 1107149 527145 913451
211812 24183 442763 703968 383647 276904 326668 781114 273484 652460 307604 631647 675282 581068 119276 789617 448835 532873 737956 281200 448011 476176 291732 658785 512075 417557 376067 443477 582375 557280 200104 761369 252606 338784 261501 109463 453517 365453 232890 242650 345722 450973 465276 584399 613580 379566 999999999 265183 349641 480077 146227 343323 689730 351265 560891 564452 734836 209169 406845 391055 229877 425308 228116 699273 737738 379831 231237 164201 607582 128085 253446 572027 350056 248056 383519 388830 401270 642562 610354 409618 418005 374780 242206 423449 528741 325502 492062 438338 613236 298020 221376 578319 266994 662652 345020 516329 539919 727981 236778 640552
433329 252644 481973 597706 269502 511045 262313 936431 531015 661404 315936 705101 609146 719479 226947 948715 411698 608767 596808 330592 292034 706759 461412 784192 773784 669100 353515 706905 828854 457114 455883 949240 89965 585802 460696 371113 585549 315583 449689 194942 604707 198582 392398 833770 764260 356904 265183 999999999 602248 565097 409479 522539 549498 356371 460916 731053 911594 474013 660834 160274 284077 353034 470343 857348 591280 616107 495361 136134 717121 144416 516865 625517 605177 138246 133642 510553 666361 520085 491440 624189 618426 459089 352412 349326 792813 372310 482782 698928 808484 361594 486089 781342 326046 586754 503692 780966 752741 886874 218548 561004
185296 370143 693805 1016175 608064 330567 656387 828300 238084 893140 611646 814021 967143 691570 384905 829122 748449 731064 1064818 417716 790810 428143 249966 772176 184996 67919 523874 235156 233632 875723 257716 751094 601954 31640 199992 276153 606822 544295 364589 582302 237424 764001 780060 234788 698153 525693 349641 602248 999999999 680807 244782 230148 1017924 484860 878988 634089 750837 191359 58714 739777 408063 598593 302119 754954 1066789 357158 192452 474312 751900 476494 120451 784949 264367 533473 728972 576437 148953 965460 933431 434100 471201 605801 504027 599144 219681 601770 768628 263566 615678 571808 187657 571999 405347 961176 503295 264478 520610 777355 569897 942735
648516 461172 107216 441023 809147 353991 327375 395170 447765 219350 252200 151678 352452 183466 588604 410725 239368 53345 528112 757755 433752 397384 753248 226924 744849 733349 841186 578700 881978 360032 426431 453882 478416 691863 708153 451588 100830 820222 317890 370713 482594 742863 298274 872664 236938 844856 480077 565097 680807 999999999 462250 792494 496435 822632 360819 239841 401725 494384 715460 543543 703748 874733 378896 326522 538368 379879 488876 578745 154381 474958 563119 104189 458551 655203 576789 104539 613591 436653 414583 311703 270101 109751 240817 871946 728010 192857 184877 542856 355895 205638 495346 356432 744322 362239 178152 649682 365510 353906 346554 356887
191176 156856 458311 771560 512512 161690 414181 696388 130086 663999 366864 606859 724885 517523 243805 702173 504221 514999 820447 371552 553167 349328 302293 599049 381821 309658 479166 297605 475062 630987 64185 656032 385010 245467 251173 38874 406588 478947 151718 345616 200410 597200 535297 473080 539426 482273 146227 409479 244782 462250 999999999 333600 773783 447321 634240 482050 637595 66708 295228 523463 331421 539767 110830 615804 822695 252415 86022 308230 561584 267445 128245 564214 207140 389014 521424 359116 261367 720858 688878 300109 320306 373905 261526 538623 392317 359148 528018 292233 507628 329067 77906 468488 356296 717834 294389 371654 424359 642818 330231 698870
143978 367393 774988 1045940 434516 481125 666974 1013557 406347 984674 650481 939388 1018454 848075 300402 1017075 791997 845678 1074685 237897 774843 628834 61224 929922 397270 261529 325478 461738 366430 898637 383684 953089 556556 198524 84778 340913 740181 356647 485053 579468 436923 638214 807908 380141 865731 326333 343323 522539 230148 792494 333600 999999999 1026141 286794 902311 805217 944806 323337 268131 679935 255779 401561 436057 935377 1073208 543135 341070 386984 894960 439360 277151 892365 460291 412010 656132 690917 377213 981879 949859 610418 639529 697160 571376 403071 439714 662972 832264 485685 809932 633976 328906 767337 231019 1005973 627942 494475 717713 960648 577527 983803
901479 665814 403182 96864 805132 756045 364028 848669 833667 372960 409329 525696 192467 667711 732873 866668 288546 491365 48594 873765 258875 872546 968953 678033 1142034 1083430 902463 1005108 1248689 148888 776903 937256 482485 1015062 948439 741891 591504 863006 691873 447688 894227 604965 242491 1245965 720370 905784 689730 549498 1017924 496435 773783 1026141 999999999 905705 146473 734892 881185 833740 1068922 404301 822349 893655 751169 798161 48947 826111 842143 661840 606202 587915 901592 452197 877810 687703 447337 550133 1009897 60314 88207 777710 742893 480727 526689 889710 1140072 435828 313838 977189 852040 462668 841224 852359 866831 165023 612047 1083643 857274 820868 453478 154234
310874 365846 768523 950230 158602 607012 588297 1130400 567896 971142 610012 973897 951266 932332 234999 1138195 736328 874091 953137 76028 647497 795545 241005 1009829 667301 533496 39303 687473 653046 806062 511465 1101504 428481 455486 284981 427832 804075 73600 577279 501309 625014 394941 730807 666240 964309 40867 351265 356371 484860 822632 447321 286794 905705 999999999 809902 913555 1079505 479621 535408 510584 121424 115415 555488 1048640 947648 699190 504318 258870 956909 359282 472440 907067 640534 218140 473903 737265 613479 874457 844937 745389 760569 713914 581844 116629 704482 647956 797086 699967 952756 625336 490585 914759 91238 931584 696281 739038 871540 1077016 513095 906458
772160 536723 261663 143973 728238 609993 235456 732859 688802 284152 267545 415257 154965 538931 617466 750272 142096 363792 189210 769439 179371 727603 847200 559590 998016 943600 811845 859007 1108046 3841 633874 810626 381528 877754 822075 603944 451788 775767 546401 324284 748397 560210 98980 1104597 592447 815353 560891 460916 878988 360819 634240 902311 146473 809902 999999999 600660 756089 692435 928609 341237 715759 813644 606378 675489 194370 679725 699700 555928 485085 470756 761244 333794 731662 595583 386050 406058 865391 88230 58311 632340 598331 335400 382320 809883 994992 289879 175949 830832 716170 317247 699417 713639 760865 128684 466200 937417 715760 700122 324802 102738
669222 553731 343055 673852 938855 324539 534435 216848 403046 412908 449846 260275 578704 83873 683641 225218 475419 246637 764566 840463 660206 234600 781971 147109 636831 668942 940147 459421 789233 599864 423900 224096 654460 654808 727770 491006 159092 929499 337385 550394 399319 924177 534466 775084 64891 943602 564452 731053 634089 239841 482050 805217 734892 913555 600660 999999999 180900 481899 650379 747312 792448 988818 372335 135104 775534 277801 465283 704418 165316 610146 535480 296774 371823 789246 773830 229463 522495 675495 654165 200030 165952 298892 378733 986770 606855 387454 424716 419276 118265 384127 476814 130489 825536 592872 228962 512434 161001 163550 523318 590831
