NAME : synthetic_000854
TYPE : CTSP-D
DIMENSION : 100
GROUPS : 8
RELAXATION_LEVEL : 1
EDGE_WEIGHT_TYPE : EXPLICIT
EDGE_WEIGHT_FORMAT : FULL_MATRIX
EDGE_WEIGHT_SECTION
999999999 489126 491029 484908 32308 170458 771904 458623 201847 290618 757312 507518 518174 412492 497353 440525 181765 608979 307938 614125 598257 165751 759011 321165 462885 151922 764849 761965 776123 746207 393544 88823 510619 304391 668170 420340 626780 367940 300329 189845 424466 642691 593822 392821 453850 799736 713840 555124 208852 110913 695922 590639 299429 573052 646442 615414 752566 595525 708296 856130 495184 311436 590588 872525 617514 373557 728976 143588 321953 726711 770245 231718 214270 871824 319208 394276 572865 552878 611006 761267 215342 955961 766617 372455 554505 387491 298244 718914 508676 350656 330687 710292 632713 783124 422338 414930 747226 746911 419348 408324
489126 999999999 737070 747885 491241 434501 681549 39196 527277 687048 381029 129163 64270 829129 602932 801522 665328 207373 616614 175288 768269 576186 270288 336749 143625 590256 611037 276545 308411 271267 628361 575957 95448 695952 269102 688361 769002 531015 354540 557183 65766 171136 252154 119335 329540 349011 357632 470400 307728 465908 283370 697656 289900 436069 577630 254115 444183 548577 454225 618044 658685 649111 460660 668291 141377 280431 682289 552381 534013 481213 653557 342066 606595 640357 187260 360864 110033 296595 166770 699615 342842 761563 278238 526586 163081 658647 191245 403051 651254 579294 193341 575205 643587 554532 311119 670974 258923 479694 839856 318556
491029 737070 999999999 24536 522930 653068 480488 697969 691822 254330 763365 660362 795735 289246 190214 180739 448454 710573 791288 910212 132327 335079 965761 400351 616468 611103 539557 929872 1039006 888310 882635 507575 688679 753846 996620 70832 174459 857220 383968 301724 681887 905642 650199 619683 450831 1084783 717141 400008 479846 600277 1015809 192794 450521 454591 400909 675804 689019 364860 611881 678468 116166 786163 450131 654942 797964 461151 413717 622988 210266 612085 505535 419135 683944 681944 666965 843060 753172 945958 902510 446290 660283 703482 975805 861147 680960 103715 599539 678751 140763 841390 550935 493679 312005 624696 848972 900166 959347 644129 300475 436551
484908 747885 24536 999999999 516533 649053 505023 708719 684695 238126 783507 674335 805770 265899 212695 156710 433939 727107 782379 920228 153286 325962 980075 411256 629791 600916 563728 945523 1051275 904692 874860 497362 701962 741756 1005495 66896 196235 852174 393765 295080 691613 917182 667772 629862 467478 1096226 737066 421531 484280 594895 1025222 217209 459858 475716 424805 693495 710658 388145 633886 702385 139406 776106 471890 679265 812232 473978 438248 614338 216923 634540 529994 425024 673915 706027 672110 843428 767050 950868 912697 470800 659707 728014 990072 856312 696238 101124 605872 699691 164411 834498 560039 517567 336480 648135 851103 891348 973405 666488 276969 451406
32308 491241 522930 516533 999999999 143507 800695 462474 169574 318111 772792 517680 516554 435775 528908 468542 192547 620618 275894 608784 630559 195386 759969 344797 474353 126257 791472 766074 771926 752537 361253 86259 518596 276556 658701 452196 659070 337137 325044 221468 427587 640201 608896 400292 476297 793230 730098 581871 224327 81412 687036 622630 319126 598001 674907 629775 772065 624154 730053 880056 527414 280252 616129 898001 622856 393695 758721 113072 353924 749101 798201 254072 184567 896154 315453 372199 579130 537214 606183 790807 198479 982305 767275 341857 565514 419464 302019 737600 540778 318564 341899 737117 663258 806872 403631 382692 747874 768481 442051 430692
170458 434501 653068 649053 143507 999999999 874563 414828 94804 460931 768144 495531 442969 578781 632580 610978 325561 601316 200896 517576 751721 335922 690150 400059 460540 171251 849731 709217 681863 705542 257138 211945 486387 262083 551663 583157 776241 206147 387608 356093 378953 559194 606550 373095 517471 694518 730299 645011 256498 64144 581538 731652 356752 649369 748096 623252 788264 699486 759560 919759 642991 224897 670682 947227 574878 427296 840953 128301 466864 781835 865758 311935 172450 938129 247251 233585 536705 412511 517009 870904 92722 1036364 696110 209243 545235 549459 268897 750179 652900 206951 337250 797594 754004 846579 272708 289651 677029 796167 584758 473691
771904 681549 480488 505023 800695 874563 999999999 653550 952130 679471 458975 554833 744011 761079 317230 658600 831186 525899 1065703 838725 379098 685396 788522 475243 540481 923130 102977 724590 900329 670566 1131651 834587 590893 1076229 937151 507539 340453 1066636 487017 639036 662938 801617 455113 609677 378239 959507 430277 233161 619901 850233 942603 289864 524222 248995 126603 469101 347692 176633 278190 233802 373396 1077490 224079 187640 650153 465080 68279 913427 478593 257915 42533 562788 985217 227522 738773 965660 624718 972356 828550 43400 828650 223014 798346 1066810 537339 512598 668252 366618 347463 1080940 585475 110134 170199 216190 940055 1163454 789114 284463 773227 413833
458623 39196 697969 708719 462474 414828 653550 999999999 508780 649517 378289 110314 100367 791585 565259 762802 632798 203194 602387 213548 730247 540090 303730 297628 113087 565614 586564 303619 347068 292513 620192 546262 83221 676906 305851 649165 731603 525269 315344 520022 35980 210086 237733 80417 294965 388183 350616 438139 271814 442003 321214 660723 250762 406294 546679 243578 432311 515885 435837 601396 620247 633460 431087 649087 161639 242230 651632 528974 494825 462586 626960 303860 585800 623382 169254 363069 121896 319735 205282 670049 324827 742656 312111 521391 152573 619469 160569 391078 613148 570112 154834 548633 609550 535769 317776 662203 292969 463493 802408 281690
201847 527277 691822 684695 169574 94804 952130 508780 999999999 475280 862596 590322 532351 576803 694144 625419 308988 696113 113657 600211 800069 360184 778703 481367 555036 119090 932889 800623 763458 798533 191726 201958 581075 168738 625592 621012 828181 179494 466315 390099 472996 645263 700635 467872 603982 771834 824392 725771 341225 102225 656062 789878 442416 733896 825548 717645 880748 775874 849777 1008200 696091 131797 754361 1033314 668138 514852 914804 81699 521461 871470 945753 390766 86795 1026071 340355 281532 630673 474491 600491 945803 184445 1121242 784265 185888 640025 588571 363605 843061 708699 149896 430402 879872 823420 934852 332220 215264 765372 886822 580869 559377
290618 687048 254330 238126 318111 460931 679471 649517 475280 999999999 837923 653327 733688 142081 362465 150666 197211 733904 562022 843216 384564 128308 948564 386729 604611 377179 711733 931445 994219 901315 658979 276019 671155 509414 914135 191947 424071 651809 361282 131019 622704 856434 691662 570211 498058 1028980 790276 523095 382183 399492 938707 420015 410534 565499 572008 717359 793220 524105 726943 836187 318045 550768 572143 829650 786786 459772 619478 398051 221522 736089 693876 346751 449785 845394 559110 681324 739300 823680 837738 653842 497298 895226 957684 657178 689284 173271 509164 770832 341576 623715 495525 658560 512301 770591 703019 670373 939106 764542 152947 463183
757312 381029 763365 783507 772792 768144 458975 378289 862596 837923 999999999 276404 421985 967114 577207 898004 900065 175106 965694 472663 727270 769688 355034 461275 307608 893324 358628 282897 476867 228694 993904 844251 295419 1024981 562256 746800 706284 901738 487195 732263 408920 417238 164015 396582 339865 538035 47740 367660 548795 778964 556797 631723 462203 311495 418704 145012 113138 425905 182805 290028 651717 992793 321545 355016 270751 392893 496504 864034 623525 201083 418118 534604 929638 312342 538454 740575 276254 660231 462704 495172 686039 437815 363638 898253 227899 730020 499564 94750 631557 942828 435208 356079 521946 254902 692135 1034919 359665 175894 979662 376650
507518 129163 660362 674335 517680 495531 554833 110314 590322 653327 276404 999999999 189590 793429 507094 749665 669436 105812 690872 287024 673812 557990 305899 272292 48770 631679 482162 278770 384009 248754 717513 596314 36245 755476 385152 620385 669338 625960 295696 529862 135413 260358 127679 122496 222107 435513 244370 351897 302261 512295 394052 595406 243066 312654 455405 135692 322553 430462 326224 491308 569925 719174 336723 539970 138185 202231 559114 598934 470690 353096 525702 311433 661376 513380 262076 470928 92832 425589 277153 574708 410883 633416 315836 622685 49706 594053 226990 281364 558812 666425 177004 447443 528720 426384 427504 758523 299071 353275 805074 224713
518174 64270 795735 805770 516554 442969 744011 100367 532351 733688 421985 189590 999999999 875522 665596 853268 697852 253891 613223 114480 830433 618511 247321 395655 207751 606293 671466 270790 261694 278332 614627 602527 154071 700577 205504 745101 831969 514276 412012 602930 114471 125099 306912 176061 393757 295851 403782 534517 351656 481797 221191 761034 346129 499510 641387 305482 494528 612750 510485 672166 720067 647951 524004 724567 159784 342412 745913 566345 590500 537554 715267 392743 615121 694716 201985 334334 145891 241621 107017 762808 350254 817401 253589 509008 216999 714669 227164 453821 713291 567673 246838 636983 707856 610726 279019 657905 234370 533941 885877 381950
412492 829129 289246 265899 435775 578781 761079 791585 576803 142081 967114 793429 875522 999999999 448733 111373 270343 871224 648142 984605 417659 262643 1090224 524315 744816 466101 807612 1071952 1136222 1040702 748258 375516 812142 574918 1054127 253746 461282 756260 499384 272596 764755 998445 825910 712215 628360 1170608 919375 634403 523900 515130 1079123 479874 551229 681622 666279 851834 914645 622335 844464 939664 387719 629654 684969 925463 927782 597263 696396 495710 343703 850919 781562 488591 534440 946498 698377 806766 880313 958226 979257 729959 625945 982577 1099393 762483 828108 253809 650434 895266 413620 719436 637502 757013 590880 878142 833098 752796 1080870 880849 12739 596513
497353 602932 190214 212695 528908 632580 317230 565259 694144 362465 577207 507094 665596 448733 999999999 352903 523617 541131 804302 778165 166726 381585 806350 282828 468555 641689 359130 763275 891077 718126 883827 544553 539246 794264 870925 196106 166986 837297 277339 336235 556772 763737 475850 493478 286312 941526 531842 210893 405308 593295 886292 102725 340421 266338 217908 500568 499307 176872 421788 493932 74960 808718 260424 476803 640538 323474 257314 640649 177711 421900 333970 339384 709932 499328 575679 781645 598771 848610 769445 291708 612724 535580 816582 839444 519178 196474 502438 490442 54854 836606 435683 309665 150400 436836 774149 909388 801457 453918 461191 285371
440525 801522 180739 156710 468542 610978 658600 762802 625419 150666 898004 749665 853268 111373 352903 999999999 335516 817968 709325 965709 306859 275905 1052967 477389 702048 524334 711272 1027717 1109869 992219 807337 424985 772306 649237 1042413 157656 350635 802389 454556 266705 739620 972604 766379 682394 564987 1148914 850511 550301 507190 549951 1065394 373206 513951 600883 570459 792474 836502 529355 763081 846806 286355 695860 601316 828304 886972 548306 592679 547366 281304 767072 681436 460526 596173 852152 691712 828366 839984 962967 959399 625725 643351 881194 1062545 807798 779482 168371 635123 820611 312376 773286 608213 662536 488810 788415 847145 816977 1044678 798038 121536 538784
181765 665328 448454 433939 192547 325561 831186 632798 308988 197211 900065 669436 697852 270343 523617 335516 999999999 765781 378266 795589 575493 146589 935605 441421 622341 195832 845630 934061 957051 914346 478115 113654 677286 314013 849651 381863 612655 488250 416266 192791 599875 822748 740328 562017 572803 981410 854237 641218 367690 261829 877551 597920 439081 672139 712974 763953 878581 662166 823538 955502 495010 361704 684837 960486 788230 507243 777537 227326 352602 838003 838529 366302 264463 968186 500497 559031 742247 729510 792305 811670 390847 1035571 943548 494814 713683 356853 474204 849211 515527 449266 493785 790669 672547 884957 594410 484099 924212 862448 273338 529814
608979 207373 710573 727107 620618 601316 525899 203194 696113 733904 175106 105812 253891 871224 541131 817968 765781 999999999 796180 323931 705250 647364 272141 347226 146269 736315 440176 222343 375945 177800 820616 697548 120521 861246 420356 678906 694336 727380 372627 615653 234297 278851 72277 228307 259742 434217 150523 356217 401379 617684 421678 618561 330148 306265 445112 57484 241061 431565 266123 421515 610222 824794 326913 477470 124914 274171 542958 704153 536664 292843 491365 401902 767035 444297 365515 565625 110135 495291 313601 552580 516199 568881 282386 723748 56154 655805 332792 200777 595302 769867 278733 415775 533128 364498 517960 862032 269966 284535 883267 279467
307938 616614 791288 782379 275894 200896 1065703 602387 113657 562022 965694 690872 613223 648142 804302 709325 378266 796180 999999999 667218 904148 456451 855177 594881 658415 185017 1046319 883940 826426 886699 100599 286717 678581 116808 678040 720555 933931 150844 579966 490842 567305 717902 805418 569232 716495 827379 929019 839393 453995 215518 708854 898525 555078 847032 939132 821214 988853 889386 960362 1119986 802893 40178 867671 1146104 757948 626899 1027936 168378 629818 982494 1059409 504395 113807 1138118 433282 317995 723504 514347 668980 1059086 279996 1234381 859819 159383 740454 689127 466366 950535 816611 87089 537692 993401 935695 1046715 377058 108986 841488 997038 650413 672131
614125 175288 910212 920228 608784 517576 838725 213548 600211 843216 472663 287024 114480 984605 778165 965709 795589 323931 667218 999999999 943557 725285 199162 510086 314239 686802 759812 251540 164472 280794 652080 695001 250905 764755 98455 859419 944081 549394 526479 712214 228722 63258 388247 290532 502075 186835 464883 638434 461216 564335 108426 872380 460512 599540 742370 380560 561204 716998 589731 744240 833793 704614 623439 801312 203813 455662 845802 644958 704810 616575 807412 505465 685961 767102 295128 361042 216139 206345 10335 860495 426933 892314 201126 542854 301789 828843 334181 522373 826531 609798 360929 729804 814180 688429 300024 695538 185278 608209 994673 493457
598257 768269 132327 153286 630559 751721 379098 730247 800069 384564 727270 673812 830433 417659 166726 306859 575493 705250 904148 943557 999999999 452545 972240 441205 635125 728293 453986 927593 1057802 881296 991790 625543 705944 874987 1035399 193750 43972 957776 431602 414046 720205 930220 638298 656826 452746 1108173 683870 360970 549053 703944 1051458 97995 497408 417077 326405 662381 638988 304077 559255 596344 114774 902171 405728 563009 806903 488029 310820 736079 286464 553910 410512 483982 800332 596154 728745 923527 765406 1005413 934973 340240 746440 599759 982489 960962 685211 219754 656990 636368 117223 948028 595651 415879 223483 552145 921972 1012325 967577 586492 428275 451715
165751 576186 335079 325962 195386 335922 685396 540090 360184 128308 769688 557990 618511 262643 381585 275905 146589 647364 456451 725285 452545 999999999 842854 308432 509473 276394 699105 832101 880144 806529 549250 173151 571364 422700 792293 264530 485904 532337 282493 46367 510758 742783 614183 463058 435403 911905 722921 495409 268458 276389 817730 462281 317278 528006 566503 638884 740388 515638 682166 810326 360744 451222 539835 814183 685982 378550 632902 288383 207265 695507 692117 246627 349032 822604 436253 553257 638758 696589 720394 666878 369009 888982 851563 537171 598439 234065 391678 712962 379011 510052 389741 644169 528887 740337 574771 565407 832595 720934 271673 394389
759011 270288 965761 980075 759969 690150 788522 303730 778703 948564 355034 305899 247321 1090224 806350 1052967 935605 272141 855177 199162 972240 842854 999999999 576268 351880 853325 695750 74647 123346 126652 847131 845265 280744 946387 250337 926233 963708 744778 598476 820696 335774 139619 343880 379851 520319 184103 366654 628199 575152 728734 232693 888284 540312 578328 715945 324388 462987 703695 514770 644781 872308 891143 598612 708844 167842 507786 811388 813597 775773 539051 751228 601863 862108 667226 448167 557428 213635 402535 193987 818438 597464 792846 10281 738576 287192 899609 461511 431491 859501 803067 453839 679015 805267 603404 496993 890661 13959 521211 1101419 529308
321165 336749 400351 411256 344797 400059 475243 297628 481367 386729 461275 272292 395655 524315 282828 477389 441421 347226 594881 510086 441205 308432 576268 999999999 224727 471049 451585 550672 640744 517016 656842 400556 295564 619476 598127 352889 448851 592073 26048 272099 282396 505999 307145 219643 133739 684990 414614 245002 144675 381050 616304 384398 57878 254093 349200 332381 438135 302021 388356 535272 327966 610231 273522 554446 409685 73056 445828 452996 199956 405939 465703 91568 524647 551396 293914 508177 362864 565876 502268 474124 355211 640715 585968 592548 304090 324526 220203 407873 324530 605900 154515 398520 369408 462130 494991 689583 568408 427191 536272 89035
462885 143625 616468 629791 474353 460540 540481 113087 555036 604611 307608 48770 207751 744816 468555 702048 622341 146269 658415 314239 635125 509473 351880 224727 999999999 590647 474894 327206 423998 297479 690443 551538 72212 718245 410725 574694 632731 602018 247687 481116 125979 295232 147846 91172 187892 473105 270839 326780 256016 473231 422548 559840 194298 293339 434270 162825 339308 405001 331475 498227 529059 685199 318092 542287 184958 156127 539082 559249 423910 357610 514192 262863 623349 519620 237587 456535 138269 432325 304876 557098 379277 635918 361675 599301 91760 547765 192069 298866 519151 638844 132465 435915 500599 430058 417967 730578 344419 362192 756437 183624
151922 590256 611103 600916 126257 171251 923130 565614 119090 377179 893324 631679 606293 466101 641689 524334 195832 736315 185017 686802 728293 276394 853325 471049 590647 999999999 916718 866797 851267 858076 283462 103564 628927 153441 722913 540765 760373 295062 451138 314591 529807 725818 729323 511094 602423 865357 851620 707004 347425 124642 752769 730889 444400 724095 797963 749256 896584 746948 855888 1006313 631958 175194 742015 1023941 727252 519038 878964 43436 464235 875146 922011 380283 73074 1022387 405419 393734 685743 581115 685756 911577 259873 1107768 859827 302078 680528 510446 408375 861505 647857 253449 459099 862193 780967 933127 439600 293196 840555 894228 469165 556818
764849 611037 539557 563728 791472 849731 102977 586564 932889 711733 358628 482162 671466 807612 359130 711272 845630 440176 1046319 759812 453986 699105 695750 451585 474894 916718 999999999 629631 810468 575179 1104976 835085 517397 1067940 857755 555179 419525 1033010 468037 653153 600313 718646 371939 552301 335452 870440 332738 209732 593276 832581 861027 358435 493264 201227 141334 382716 246324 187627 181278 142482 425834 1061715 179097 118130 565089 426127 156672 902330 497875 158611 60614 542710 974284 142859 689718 917379 543894 906183 749521 143820 794651 191432 705376 1032392 458454 554278 622835 268101 400060 1053398 539380 55097 231483 113435 886526 1139268 697199 183033 820122 377066
761965 276545 929872 945523 766074 709217 724590 303619 800623 931445 282897 278770 270790 1071952 763275 1027717 934061 222343 883940 251540 927593 832101 74647 550672 327206 866797 629631 999999999 197936 54717 883670 849814 260937 969285 316692 894655 916394 782339 574378 806404 338582 188378 291029 372200 479893 258503 297952 576313 568089 742407 302020 840543 520913 524278 658351 268907 392695 649756 448354 572925 831736 918400 543166 637666 146304 479435 750869 828749 747624 471772 686300 586963 881643 595214 462715 597886 193349 457883 244342 756089 616813 720452 82015 776657 249612 869738 464175 363049 817298 837578 443052 615913 751317 534054 538982 927099 82815 452285 1083527 494496
776123 308411 1039006 1051275 771926 681863 900329 347068 763458 994219 476867 384009 261694 1136222 891077 1109869 957051 375945 826426 164472 1057802 880144 123346 640744 423998 851267 810468 197936 999999999 249505 804290 858185 352271 926711 162962 993622 1053010 701778 660302 863759 371647 137793 448067 427481 605803 61168 485571 726270 612760 728761 136295 978664 597133 679607 820334 431703 582912 803609 630592 765879 952975 864539 701346 829168 255994 577937 918899 809379 840009 655661 864362 650373 849528 788458 456985 513727 293305 333713 166018 928198 591395 914369 116179 694714 378137 964795 488841 549792 942540 764697 501748 790282 904448 721981 452594 847383 117275 639598 1146736 607383
746207 271267 888310 904692 752537 705542 670566 292513 798533 901315 228694 248754 278332 1040702 718126 992219 914346 177800 886699 280794 881296 806529 126652 517016 297479 858076 575179 54717 249505 999999999 892599 834729 237073 967184 355775 855675 868774 792563 541505 778590 328410 218186 243091 353513 437490 310523 243271 527134 546780 734509 344205 792826 491636 474211 606464 219709 338032 599439 393920 518671 787781 919844 492402 583202 130950 444650 697822 821451 711196 417189 632061 560098 877354 541027 458331 611685 173430 485419 272395 702472 614090 666460 135018 787333 212997 831842 451096 308370 772491 845080 420729 562164 700829 479341 554570 935775 132415 397570 1052492 455427
393544 628361 882635 874860 361253 257138 1131651 620192 191726 658979 993904 717513 614627 748258 883827 807337 478115 820616 100599 652080 991790 549250 847131 656842 690443 283462 1104976 883670 804290 892599 999999999 382972 700577 203720 648314 811803 1019819 102726 644740 581022 586920 707722 838256 599417 770892 797943 960459 901605 512661 290614 678811 980590 611757 904043 1005212 851558 1027516 956619 1005989 1169100 887571 127959 925894 1199790 767707 680140 1097876 261609 712552 1029431 1122405 569072 213850 1188238 455451 291277 737934 477947 655352 1127970 315155 1290023 850665 109585 766187 779646 501504 987933 899820 52079 579417 1053404 1009632 1096424 352520 43530 833214 1041338 750690 728061
88823 575957 507575 497362 86259 211945 834587 546262 201958 276019 844251 596314 602527 375516 544553 424985 113654 697548 286717 695001 625543 173151 845265 400556 551538 103564 835085 849814 858185 834729 382972 999999999 599368 250956 743896 437296 658275 381075 378006 212789 511761 726346 681127 481468 534221 879266 800304 625879 296778 148384 772444 631083 384065 648234 710991 703061 836057 659715 788907 932656 531063 278745 664328 945548 705752 457325 787389 122425 366872 806292 836174 314032 176560 947483 401655 445480 661337 618339 692432 820578 280548 1026516 852682 387147 643202 407190 385705 803319 547828 348378 419436 780120 687004 860154 481847 395518 833280 827725 380070 489057
510619 95448 688679 701962 518596 486387 590893 83221 581075 671155 295419 36245 154071 812142 539246 772306 677286 120521 678581 250905 705944 571364 280744 295564 72212 628927 517397 260937 352271 237073 700577 599368 999999999 747833 348965 646595 702471 606911 317765 545508 113837 225842 157085 118346 255706 402377 267431 387740 309712 507508 358141 628941 260963 348879 491604 160936 350492 466315 358779 522753 600719 708248 372965 572860 115643 228137 595354 594561 495257 385771 561505 326034 654853 545021 246184 446286 68172 391920 241072 610931 399054 666117 290414 603246 69580 619387 220857 309264 590362 650022 183694 483294 564236 459089 400421 742191 272867 384438 823580 255116
304391 695952 753846 741756 276556 262083 1076229 676906 168738 509414 1024981 755476 700577 574918 794264 649237 314013 861246 116808 764755 874987 422700 946387 619476 718245 153441 1067940 969285 926711 967184 203720 250956 747833 999999999 783341 684479 908587 267625 600766 463651 641036 811806 861825 633036 748755 931593 985328 858396 488646 246869 814087 881978 588442 873421 950832 880010 1036578 899904 1000150 1153819 781995 78424 892052 1173706 836695 662768 1032391 166634 616613 1020414 1074533 528027 96156 1170499 508903 426958 798787 623892 765586 1064972 353114 1258630 951750 276156 805092 655659 528515 1000107 798749 203164 590216 1013643 934315 1080456 483814 190968 932966 1038044 575318 703278
668170 269102 996620 1005495 658701 551663 937151 305851 625592 914135 562256 385152 205504 1054127 870925 1042413 849651 420356 678040 98455 1035399 792293 250337 598127 410725 722913 857755 316692 162962 355775 648314 743896 348965 783341 999999999 943265 1037409 546551 612816 783418 315868 145107 485942 379074 598146 149822 557862 736080 535269 604936 30814 966536 546117 697775 840556 477391 655069 814609 686466 838879 924390 717134 721739 897031 297847 547547 944123 679884 788944 713198 905706 584986 712382 861765 356098 360905 313867 172379 108602 958935 466246 987398 248377 539125 400078 911833 407291 616959 918198 611285 445685 828166 911236 784605 301001 690939 238039 703823 1063639 587439
420340 688361 70832 66896 452196 583157 507539 649165 621012 191947 746800 620385 745101 253746 196106 157656 381863 678906 720555 859419 193750 264530 926233 352889 574694 540765 555179 894655 993622 855675 811803 437296 646595 684479 943265 999999999 232274 786891 333840 230914 630700 858509 622656 569656 420849 1037249 699659 393555 418756 529801 963594 232045 399002 445129 414009 648637 681066 371974 606667 689594 134633 715729 444566 672698 758565 418574 443441 552231 154609 610003 527861 360632 613522 695348 606858 776537 712686 885347 852116 477262 592831 728833 936122 790898 645045 34230 541545 666733 160295 770610 498597 505661 337383 630776 784457 829412 919061 641174 266027 400384
626780 769002 174459 196235 659070 776241 340453 731603 828181 424071 706284 669338 831969 461282 166986 350635 612655 694336 933931 944081 43972 485904 963708 448851 632731 760373 419525 916394 1053010 868774 1019819 658275 702471 908587 1037409 232274 999999999 982372 441657 445789 723668 927857 625785 660404 447264 1104746 664066 343606 564517 730588 1052347 75970 506081 398984 297366 649161 614179 280570 534260 561996 133299 933340 385504 526013 799988 490223 272343 766382 309384 527191 373523 498802 831879 560747 740149 940614 759838 1014683 935238 300526 766350 559542 973983 985257 677599 255839 667434 614003 126955 975100 602364 384269 192162 520934 936359 1041603 959638 559675 471980 450670
367940 531015 857220 852174 337137 206147 1066636 525269 179494 651809 901738 625960 514276 756260 837297 802389 488250 727380 150844 549394 957776 532337 744778 592073 602018 295062 1033010 782339 701778 792563 102726 381075 606911 267625 546551 786891 982372 999999999 583088 557480 493087 605290 749217 510889 697569 696309 870060 834281 447688 257342 577143 937062 542662 831831 941074 761090 940947 894057 924098 1089021 849109 190289 854611 1123148 669061 606904 1037411 260968 672989 948360 1054443 508835 239482 1108843 364726 188552 640966 377167 552727 1066147 238530 1214669 748213 8553 673864 753505 417622 900770 858798 67754 498641 982944 954515 1017092 249800 146146 730850 958357 760363 656564
300329 354540 383968 393765 325044 387608 487017 315344 466315 361282 487195 295696 412012 499384 277339 454556 416266 372627 579966 526479 431602 282493 598476 26048 247687 451138 468037 574378 660302 541505 644740 378006 317765 600766 612816 333840 441657 583088 999999999 246054 297959 524741 333166 236116 157412 703412 440470 259622 135947 365144 631841 379798 66898 272963 360503 358374 462698 311997 411395 555858 317398 594004 291286 573022 432493 98603 454471 434640 179730 428328 479460 75794 506510 571498 298566 507181 385440 573846 518932 483754 348112 658115 608096 583918 328744 304512 225814 432947 315914 594233 167276 414331 373557 482950 497117 676480 590345 450302 511277 113586
189845 557183 301724 295080 221468 356093 639036 520022 390099 131019 732263 529862 602930 272596 336235 266705 192791 615653 490842 712214 414046 46367 820696 272099 481116 314591 653153 806404 863759 778590 581022 212789 545508 463651 783418 230914 445789 557480 246054 999999999 492493 726009 579155 441315 395522 898060 685171 450210 251306 300141 807828 418998 287103 483964 520203 604247 699333 469375 639552 765460 318372 488125 495207 768482 660867 343806 586713 322504 161061 652270 645795 219518 386335 777465 428971 563851 613429 696829 706769 620655 378372 842852 829661 561797 568377 198636 378145 672900 335674 539718 366913 598261 482944 695846 580692 599452 810918 678205 282986 355838
424466 65766 681887 691613 427587 378953 662938 35980 472996 622704 408920 135413 114471 764755 556772 739620 599875 234297 567305 228722 720205 510758 335774 282396 125979 529807 600313 338582 371647 328410 586920 511761 113837 641036 315868 630700 723668 493087 297959 492493 999999999 233868 262639 63380 295812 409333 379193 442135 242352 406101 333996 654272 231808 414268 552281 270932 457536 518809 456070 622509 608668 598069 439198 667893 197493 233601 657367 493047 476093 482489 638160 279243 549834 644172 134023 335579 157756 309933 221471 677306 289209 761539 343837 489456 181425 600205 126231 416421 602984 536524 132378 560101 609759 555277 293571 628677 324553 485408 775368 277194
642691 171136 905642 917182 640201 559194 801617 210086 645263 856434 417238 260358 125099 998445 763737 972604 822748 278851 717902 63258 930220 742783 139619 505999 295232 725818 718646 188378 137793 218186 707722 726346 225842 811806 145107 858509 927857 605290 524741 726009 233868 999999999 347125 290447 481515 179157 413047 610957 475110 601910 143004 854620 460744 568463 711148 336298 510505 689344 544524 694591 823092 754449 591605 753528 154509 445656 813018 684923 704432 571023 768556 512763 729908 717479 324807 417813 177502 269556 56043 825694 467071 843321 142948 599040 265530 829172 351984 472821 813966 664040 364391 691852 788513 641702 357391 751247 125665 560397 1008976 478516
593822 252154 650199 667772 608896 606550 455113 237733 700635 691662 164015 127679 306912 825910 475850 766379 740328 72277 805418 388247 638298 614183 343880 307145 147846 729323 371939 291029 448067 243091 838256 681127 157085 861825 485942 622656 625785 749217 333166 579155 262639 347125 999999999 238855 201945 506066 123758 285442 385103 615472 489172 549862 301280 234502 372842 26095 194927 359973 203729 365954 546567 831435 254803 417688 195087 235659 470859 700253 486020 230800 421469 374042 766277 388338 384498 598187 172121 547616 377932 480957 526829 510494 354096 746323 89920 601454 339205 153785 530435 786680 271660 345105 461594 303865 555182 878424 342031 227589 838201 229422
392821 119335 619683 629862 400292 373095 609677 80417 467872 570211 396582 122496 176061 712215 493478 682394 562017 228307 569232 290532 656826 463058 379851 219643 91172 511094 552301 372200 427481 353513 599417 481468 118346 633036 379074 569656 660404 510889 236116 441315 63380 290447 238855 999999999 237018 468180 361297 384779 196260 390538 396713 591263 170788 360722 495816 252661 430206 460343 418884 585583 545355 597007 385614 626830 226215 170558 600729 477410 415153 444465 586926 223923 539112 606554 146748 369103 180466 367401 282862 621947 289458 720230 388647 508222 172181 539651 104521 389904 539604 547885 74766 509492 549354 515993 334455 639711 369781 450985 723154 215366
453850 329540 450831 467478 476297 517471 378239 294965 603982 498058 339865 222107 393757 628360 286312 564987 572803 259742 716495 502075 452746 435403 520319 133739 187892 602423 335452 479893 605803 437490 770892 534221 255706 748755 598146 420849 447264 697569 157412 395522 295812 481515 201945 237018 999999999 657606 292225 148340 262799 506228 610421 373331 161598 134401 259900 227991 305784 223339 254717 405244 352326 734730 157804 429768 354226 90837 364381 582141 285841 272890 360275 222316 653179 422473 360536 587553 312836 604343 492751 386948 459280 519197 530530 696940 233161 399538 290384 277566 339189 719107 207312 286191 314639 331835 562266 806155 515229 293507 640825 45606
799736 349011 1084783 1096226 793230 694518 959507 388183 771834 1028980 538035 435513 295851 1170608 941526 1148914 981410 434217 827379 186835 1108173 911905 184103 684990 473105 865357 870440 258503 61168 310523 797943 879266 402377 931593 149822 1037249 1104746 696309 703412 898060 409333 179157 506066 468180 657606 999999999 546516 781642 646798 744902 119167 1030919 638895 736071 877464 490502 643952 859389 690918 827016 1001784 866312 758191 890224 312311 624729 976846 822758 882991 716132 923911 688423 858500 849603 481350 510636 346860 320793 191515 986788 606325 975528 176519 688851 433270 1007652 520455 610619 992245 761107 541283 849399 959817 782792 450499 840464 178415 700402 1180797 656702
713840 357632 717141 737066 730098 730299 430277 350616 824392 790276 47740 244370 403782 919375 531842 850511 854237 150523 929019 464883 683870 722921 366654 414614 270839 851620 332738 297952 485571 243271 960459 800304 267431 985328 557862 699659 664066 870060 440470 685171 379193 413047 123758 361297 292225 546516 999999999 323328 505819 738808 555010 589055 417277 267087 380527 108986 98092 384406 152126 282488 606127 955178 278607 344052 261072 347005 463214 823240 575793 174259 390665 489392 889678 305327 505586 713665 258436 644605 454696 464420 650114 431510 375900 866895 198122 682607 462694 65099 586367 909053 395114 324124 482142 236759 667446 1000957 369562 154576 931922 329410
555124 470400 400008 421531 581871 645011 233161 438139 725771 523095 367660 351897 534517 634403 210893 550301 641218 356217 839393 638434 360970 495409 628199 245002 326780 707004 209732 576313 726270 527134 901605 625879 387740 858396 736080 393555 343606 834281 259622 450210 442135 610957 285442 384779 148340 781642 323328 999999999 388969 624760 745882 267810 291619 56241 111634 307581 289134 78575 213217 315631 285834 853599 51020 320324 470300 232305 216073 693036 302492 216962 220802 335007 765020 327255 507547 733570 435231 751638 628695 238946 596005 400996 638462 834289 348387 383365 436097 279613 264577 850488 353958 155247 178198 247800 710006 934577 625473 247738 647137 180947
208852 307728 479846 484280 224327 256498 619901 271814 341225 382183 548795 302261 351656 523900 405308 507190 367690 401379 453995 461216 549053 268458 575152 144675 256016 347425 593276 568089 612760 546780 512661 296778 309712 488646 535269 418756 564517 447688 135947 251306 242352 475110 385103 196260 262799 646798 505819 388969 999999999 243879 558615 507918 101203 393216 493867 406565 549341 446425 511606 667552 434500 471958 414273 692139 421848 174510 589754 322733 270307 532260 609769 65950 392589 685128 188267 376524 375332 466615 455610 618490 212182 780493 583709 448334 347758 385505 128029 514080 437562 461521 126099 541103 509335 594147 373005 546129 564646 549413 534223 218168
110913 465908 600277 594895 81412 64144 850233 442003 102225 399492 778964 512295 481797 515130 593295 549951 261829 617684 215518 564335 703944 276389 728734 381050 473231 124642 832581 742407 728761 734509 290614 148384 507508 246869 604936 529801 730588 257342 365144 300141 406101 601910 615472 390538 506228 744902 738808 624760 243879 999999999 634296 690039 344792 634509 723680 634133 789928 673877 755141 911311 597869 229194 654492 934512 603590 418377 812591 87124 422333 776058 844352 289918 150922 928700 280778 297216 562740 472060 562923 843631 138778 1021641 735279 261691 561617 496579 286662 753290 609537 244566 343819 779246 721341 837896 334041 316846 715994 792721 520956 461169
695922 283370 1015809 1025222 687036 581538 942603 321214 656062 938707 556797 394052 221191 1079123 886292 1065394 877551 421678 708854 108426 1051458 817730 232693 616304 422548 752769 861027 302020 136295 344205 678811 772444 358141 814087 30814 963594 1052347 577143 631841 807828 333996 143004 489172 396713 610421 119167 555010 745882 558615 634296 999999999 980764 565409 705926 848821 479070 652760 824456 687502 837038 941257 747946 729581 896373 297512 563444 951737 709804 809076 714019 910232 606704 742845 859921 381972 391684 317929 202186 117672 965568 495541 985887 229699 569688 405349 932504 430597 615459 934361 641983 465195 833136 922084 784680 331813 721375 221183 703296 1088774 601780
590639 697656 192794 217209 622630 731652 289864 660723 789878 420015 631723 595406 761034 479874 102725 373206 597920 618561 898525 872380 97995 462281 888284 384398 559840 730889 358435 840543 978664 792826 980590 631083 628941 881978 966536 232045 75970 937062 379798 418998 654272 854620 549862 591263 373331 1030919 589055 267810 507918 690039 980764 999999999 442178 323363 228523 573200 541626 206898 461801 500390 103036 900913 310456 469890 725053 420711 222203 732898 268708 456050 318078 441977 800767 501117 677845 884324 685381 949575 863393 254079 714556 512644 898561 939432 602538 246751 604417 540024 83325 934206 536030 318614 126989 454578 876775 1004776 884353 488626 491509 379114
299429 289900 450521 459858 319126 356752 524222 250762 442416 410534 462203 243066 346129 551229 340421 513951 439081 330148 555078 460512 497408 317278 540312 57878 194298 444400 493264 520913 597133 491636 611757 384065 260963 588442 546117 399002 506081 542662 66898 287103 231808 460744 301280 170788 161598 638895 417277 291619 101203 344792 565409 442178 999999999 292628 399306 324897 453212 353848 411908 566519 383558 573138 314168 591026 376582 74639 498363 422035 244432 431973 511947 72780 492583 583985 236042 451768 329132 508632 453134 525597 304445 679673 549708 542688 281469 368864 162330 419543 381151 560264 100455 441717 425414 493104 437398 646086 531541 450047 562719 117069
573052 436069 454591 475716 598001 649369 248995 406294 733896 565499 311495 312654 499510 681622 266338 600883 672139 306265 847032 599540 417077 528006 578328 254093 293339 724095 201227 524278 679607 474211 904043 648234 348879 873421 697775 445129 398984 831831 272963 483964 414268 568463 234502 360722 134401 736071 267087 56241 393216 634509 705926 323363 292628 999999999 142896 255414 235956 125542 162864 284699 341169 863659 24937 300354 423844 224928 246559 707029 343977 170592 227400 345659 778726 299254 492371 719982 391377 724017 589593 263762 593436 387354 588555 831262 303556 433024 423657 224236 320352 852393 340238 151993 227169 213028 692211 938688 576209 199468 694358 175984
646442 577630 400909 424805 674907 748096 126603 546679 825548 572008 418704 455405 641387 666279 217908 570459 712974 445112 939132 742370 326405 566503 715945 349200 434270 797963 141334 658351 820334 606464 1005212 710991 491604 950832 840556 414009 297366 941074 360503 520203 552281 711148 372842 495816 259900 877464 380527 111634 493867 723680 848821 228523 399306 142896 999999999 391560 319506 51296 239960 277580 285980 951120 119569 259304 565169 343212 105090 787472 361806 230568 125736 436252 859335 281806 618989 844614 533881 862112 732441 127463 703459 324189 726092 941391 445922 412982 547238 324287 260492 954585 465399 92770 105836 226530 821591 1036886 714623 262867 678792 291837
615414 254115 675804 693495 629775 623252 469101 243578 717645 717359 145012 135692 305482 851834 500568 792474 763953 57484 821214 380560 662381 638884 324388 332381 162825 749256 382716 268907 431703 219709 851558 703061 160936 880010 477391 648637 649161 761090 358374 604247 270932 336298 26095 252661 227991 490502 108986 307581 406565 634133 479070 573200 324897 255414 391560 999999999 190071 380935 209173 367032 571648 847982 274751 421527 182378 260530 487795 719425 512100 236022 434188 397674 784731 389693 396601 606118 165240 547037 370225 496497 541872 513489 334531 757948 91435 627516 354891 148970 555233 800200 290541 358970 482538 308164 561263 892146 323278 229204 864113 255391
