NAME : synthetic_000735
TYPE : CTSP-D
DIMENSION : 100
GROUPS : 8
RELAXATION_LEVEL : 1
EDGE_WEIGHT_TYPE : EXPLICIT
EDGE_WEIGHT_FORMAT : FULL_MATRIX
EDGE_WEIGHT_SECTION
999999999 722742 712717 446392 382032 469436 440283 312234 58930 171352 491358 531585 480390 145157 461859 155477 386431 232852 459819 359952 155298 485457 215095 274854 404276 334135 620836 460281 321495 764954 550875 698982 42728 607276 252157 575837 439633 425702 198826 561002 651156 202311 262507 295028 307316 112525 519346 423308 134486 283834 404342 444925 195441 399596 162844 324361 367950 303789 430927 673601 484385 539733 381656 234236 628504 406913 608597 594913 377953 592020 666091 207182 695555 273778 298086 558374 521155 447638 214860 555672 744329 617831 634616 83516 533022 205772 378707 522046 274954 192091 218415 421877 413118 765895 325810 523110 172569 260644 593788 418939
722742 999999999 559694 722851 392378 698755 448617 655511 698087 661454 402393 989254 259987 616728 468868 616189 985057 566297 1068845 664065 876370 780494 536548 646372 915423 629767 522848 277433 951551 708202 173509 458104 704799 810720 597401 806196 308866 682636 921424 479669 87730 797463 949919 922087 1018483 822864 219875 904849 822683 917981 940776 822074 665708 919389 880551 400458 362125 751496 887292 235197 259082 1191008 470356 514143 105565 574966 452967 242400 1060862 853865 247041 879394 120543 583665 1009320 737760 404489 403441 681718 1192357 776413 582771 251755 681515 1037127 530730 922751 330325 535965 884041 877933 960386 780558 699308 957742 812318 645077 937366 250756 790778
712717 559694 999999999 368769 398204 329060 289082 430257 734038 783944 776726 616259 435797 714557 259115 724042 726674 481384 792917 910778 842466 394862 516650 842991 613503 868614 92445 442151 735237 149405 535303 103607 672145 342280 462148 357986 611149 963341 867939 159138 488325 894056 797839 1004743 996203 821100 441494 585130 722185 994398 647406 470207 532585 1082587 857510 566042 478626 935368 557300 324886 429336 930317 343252 663103 571268 871243 133659 699738 870779 403076 312703 919899 440035 439854 881722 295702 234184 307308 525008 914682 230009 110605 736181 631132 682393 648705 643602 729899 738781 902914 721714 1113768 450008 140007 1037179 401899 769706 972373 707086 456069
446392 722851 368769 999999999 359311 39730 274336 141574 489939 579646 739960 274232 484180 516551 255497 529247 358043 276145 424988 753696 535582 60736 336932 669727 245448 716087 301504 474466 371380 354338 607233 416447 404171 162507 229398 133711 596345 817733 548427 287044 635234 648431 447004 734146 676739 534338 516971 219020 402425 721882 279127 108672 253229 845910 553718 488452 436421 733727 192579 539933 481755 562434 263909 520122 677657 755784 340899 744374 506827 163544 526681 639058 629741 219843 532509 115137 329228 320081 231683 548423 308969 258487 789030 366147 332485 491335 274846 725320 601048 613426 376889 867893 81310 358932 760936 99946 570939 681623 748581 87993
382032 392378 398204 359311 999999999 346431 119676 266593 380899 401713 404494 608305 133941 334865 154154 341979 592872 179223 676548 512999 534882 419999 168197 448279 525143 470788 311332 119718 561814 504803 251871 348812 351595 486632 205462 471009 245939 565161 573777 241610 307313 526451 571148 647515 689181 493756 172812 517012 452235 639225 549368 445598 277336 701849 544342 169479 87853 545534 501785 292323 133814 800142 96861 267715 327308 474843 268791 385616 677304 513185 284321 576843 331074 191292 639148 412437 166884 90898 291034 800468 530053 341495 430063 318432 650912 257971 530771 376076 340977 569469 495560 736547 402032 500866 682528 457676 386000 634432 390133 412406
469436 698755 329060 39730 346431 999999999 252208 158385 510113 595194 736387 307515 466467 530300 229895 542741 397771 283908 464443 764814 565881 82931 343216 682110 284893 726261 262887 458130 410395 317844 590009 378259 426843 150823 239675 127957 588123 827951 580751 251933 611449 670492 483967 760252 709546 561523 497454 257882 433878 748193 318649 145511 274320 867998 583650 485292 427284 750464 230987 509127 463557 601897 249689 526255 658209 761715 304725 731968 545949 167025 495717 666088 602249 226782 569401 89367 300102 298567 254954 587543 278109 218837 776279 387610 367909 498853 314571 717955 607884 641566 412578 891298 120961 321984 787953 114031 585599 710310 736553 127326
440283 448617 289082 274336 119676 252208 999999999 226023 453370 495583 523079 542305 217111 426385 34481 435531 566930 208967 647344 624263 583193 332663 232170 554427 479937 582283 198406 211501 549773 386299 340376 259138 402917 380104 207449 368794 361857 679088 615898 129950 360952 609916 581647 724977 739475 552165 245824 464572 479119 715384 508760 374427 286704 795193 595779 287888 207274 646313 444332 283551 213509 779024 58630 375259 406349 592056 169951 490202 676876 414115 271662 645319 359802 185647 658386 305133 84164 46432 289951 773853 410626 222705 533331 363874 593467 359769 494426 490996 452798 632360 503232 827392 334035 382789 758628 366237 481084 700515 495640 344074
312234 655511 430257 141574 266593 158385 226023 999999999 351746 438384 614105 344122 400211 374979 225532 387673 340932 139518 421806 612382 419641 193362 200759 528206 259957 575088 344641 386278 326146 458231 517588 446113 269522 303666 91089 275273 481757 676657 440590 301750 568684 512474 371337 605192 569713 408694 437995 250432 293453 593407 286284 189665 116804 709902 436285 364833 328330 592984 235672 509509 399566 553002 187176 382243 593861 617309 357385 638063 456907 302147 497682 512524 579462 87788 453525 247751 304539 262533 100381 548147 432212 324523 683099 229714 384374 352362 270090 607101 462217 489944 293670 733764 145809 460297 634008 234389 429465 559385 641223 155705
58930 698087 734038 489939 380899 510113 453370 351746 999999999 112427 441924 588979 465858 94500 478122 102691 445129 253309 517776 301116 182005 532476 221610 215924 462122 275278 641632 445678 379646 795968 524809 712256 91168 652054 281488 621479 404756 366953 229541 578736 630824 162721 315674 271650 320935 124953 503198 480272 191472 262025 462894 496441 236713 358982 183513 297654 353380 249380 486854 668058 470514 594069 395229 193381 600358 349144 623246 554855 429760 640327 661587 195954 680289 301460 342820 599466 530891 454748 259042 611232 781224 643988 592937 124346 591619 169501 437252 477314 222701 190946 276225 385131 462661 796199 305300 571136 114156 253772 553094 469080
171352 661454 783944 579646 401713 595194 495583 438384 112427 999999999 354496 698859 456576 69494 524837 60161 557355 318769 629084 189222 264746 626921 270282 103519 572833 162994 692085 437184 491294 861896 489412 748273 199572 742012 357151 713041 354585 255330 312544 625190 604474 136526 421886 262084 373692 202236 489146 589669 302492 257082 574656 597858 329831 300528 259141 274248 350542 156235 594730 670115 462350 700332 440762 151005 558423 239978 663361 487649 533340 735944 665772 222957 663083 373681 438413 684060 564663 486559 354636 719181 857247 703546 521277 225090 703405 146701 549015 400857 137320 235685 387657 334839 561483 860911 298005 666788 16805 278937 484463 568707
491358 402393 776726 739960 404494 736387 523079 614105 441924 354496 999999999 945656 342305 347702 557274 339317 856276 476619 936754 278905 616553 799300 417369 292214 834398 253937 700343 334617 799939 900749 275010 700544 497417 883679 524788 864172 165648 284401 664779 632898 386992 471141 753652 583259 725568 554415 345740 839600 622970 583058 847369 803332 552050 543284 612620 251516 316801 384048 834145 528184 349052 1029116 496505 263316 302042 180275 643272 167591 869302 902004 531369 571370 462441 526563 784590 811259 546613 486042 577471 1042572 933467 740121 184899 497783 970159 296145 823235 72267 220393 588488 701953 585059 759785 895536 616157 839720 342603 622875 160783 769527
531585 989254 616259 274232 608305 307515 542305 344122 588979 698859 945656 999999999 740346 652197 527258 665112 209899 471889 224725 887689 543848 227320 528945 801121 128367 857356 564574 727756 271213 553000 860155 680574 499325 289920 425565 264394 823477 953937 532183 559424 901566 717207 379604 762716 640083 573011 776401 109561 422768 749540 138824 168097 395204 901161 563351 702637 672363 834115 111543 813990 739008 346786 520243 694393 934975 917769 611636 981599 371476 229251 800789 667273 901295 429389 451014 320693 602856 586321 369150 321131 472397 512139 1026619 476861 68565 661452 161788 945901 766427 633842 349727 911368 208697 561296 779285 214365 696269 690146 984537 198493
480390 259987 435797 484180 133941 466467 217111 400211 465858 456576 342305 740346 999999999 398510 246469 401750 725343 306502 809247 521784 635688 544235 280498 474988 659074 480789 364325 20191 691680 566052 123584 358503 456879 597117 337711 585747 178043 562287 678255 300466 177401 591070 693412 716314 785053 587411 40683 650628 568929 709865 683254 575870 405892 745794 642418 183248 112729 580080 634884 216327 6999 931033 221378 306636 194702 459679 303162 276536 802785 630594 214035 658043 215192 324712 756458 522147 212342 171438 421733 932456 609758 410921 318351 429427 784289 311574 664490 294327 358783 656613 619992 783928 532832 559916 752187 579972 439812 716655 282668 543193
145157 616728 714557 516551 334865 530300 426385 374979 94500 69494 347702 652197 398510 999999999 455443 13089 525997 250964 602112 239999 274229 565835 201004 154100 528746 206162 622649 378687 463673 792798 443317 680015 160019 678437 291089 650234 316299 305728 322277 555880 554385 193760 407429 318165 403802 214257 433130 542636 279199 311423 533949 541448 270961 369061 273575 219939 289284 224572 545178 609172 403913 684889 371338 103653 516267 268003 594550 462246 522458 675080 604164 263149 609143 306651 437291 618715 496399 418349 296699 700592 789475 634147 499547 175462 662145 87597 508484 383096 129805 267645 361807 402398 503376 791721 353946 606189 56510 321518 460184 511116
461859 468868 259115 255497 154154 229895 34481 225532 478122 524837 557274 527258 246469 455443 999999999 464965 564456 229095 643319 657022 601241 311916 258371 586168 472250 615126 167380 242298 551588 352221 368890 237839 423254 351265 220864 341770 395576 712391 632160 100932 381627 636424 589641 749698 757281 572929 272753 454691 492469 739813 502254 359190 298842 823628 614545 322223 241708 676722 433002 289801 242397 776755 84179 407666 432289 626081 146930 521338 681156 388063 277168 668096 374387 198349 668286 276393 79608 75372 299140 769964 376289 188604 564075 383349 580911 391180 489403 524386 485850 653812 511128 855174 320577 348874 782925 343510 510652 722492 526966 330320
155477 616189 724042 529247 341979 542741 435531 387673 102691 60161 339317 665112 401750 13089 464965 999999999 537801 262761 613529 226936 280109 578710 211812 141121 541514 193092 632275 382063 475069 803655 442979 688158 172022 691051 303383 662943 313777 292646 328301 565208 555243 189421 417227 314569 406366 219354 435700 555552 289836 308290 546511 554522 284007 360644 278613 221567 293620 213570 558187 613590 407290 695056 380955 102087 515004 255632 603202 457265 531929 687960 608840 263205 611169 318682 445286 631059 504542 426443 309764 711142 801131 644587 493923 188315 674775 90177 521026 376569 120138 269415 372902 394648 516412 802476 350455 619094 45765 321268 454985 524167
386431 985057 726674 358043 592872 397771 566930 340932 445129 557355 856276 209899 725343 525997 564456 537801 999999999 421782 84215 744379 355594 343082 464191 660581 119710 720339 655247 708772 71049 699863 832972 767268 366056 450204 387665 417867 763173 809286 335191 628183 900140 545413 176452 571432 433887 396411 765199 153825 256579 558364 87194 264799 324003 716019 374241 637105 633682 673057 182255 850441 726003 212305 525821 593387 912341 792562 684339 926003 166125 399687 838591 479693 917396 401922 241767 451233 644010 602744 304794 208074 634209 616200 969808 358951 174079 560278 83597 871881 652481 444831 171879 721438 277110 706184 583980 354714 558990 494353 927169 271898
232852 566297 481384 276145 179223 283908 208967 139518 253309 318769 476619 471889 306502 250964 229095 262761 421782 999999999 505991 481320 374392 331513 61290 399714 369933 442444 389130 288890 385259 545318 411190 466598 194277 434322 48564 408586 352906 544110 408244 328214 483489 415012 392233 523367 530687 343879 346998 369351 276963 513020 389230 327095 99411 608150 386818 230750 212157 474974 360569 464941 307936 624925 150714 244002 490598 479641 375957 513552 498172 439240 455467 439533 510295 57131 462164 370602 291708 222684 117038 627458 538563 390937 558329 154910 503149 215376 367887 474013 324953 424724 316348 636752 283942 544973 555848 372616 307330 493492 515828 293478
459819 1068845 792917 424988 676548 464443 647344 421806 517776 629084 936754 224725 809247 602112 643319 613529 84215 505991 999999999 813733 408696 401547 548145 731516 179551 791827 725640 792777 138464 754670 917181 839283 442976 497156 471536 466797 846609 877727 380584 702691 983721 605041 222800 617136 461780 456334 849021 208422 326593 604364 145937 323841 408179 765027 426047 720529 717896 736307 236916 930853 809838 137455 607841 673509 996534 866723 758558 1009443 162941 441436 918809 530153 999916 485412 265827 508545 722924 684230 388991 126645 682600 683137 1053120 438972 167399 640610 154369 954045 730016 494861 241553 766528 343786 761752 625550 406350 631929 536878 1010505 337120
359952 664065 910778 753696 512999 764814 624263 612382 301116 189222 278905 887689 521784 239999 657022 226936 744379 481320 813733 999999999 426564 804600 424243 86718 761973 42228 822112 505758 677018 1006704 508609 858324 388641 914507 525340 887333 366897 66264 470590 752688 629046 237072 600173 324053 493684 367252 543690 778355 488120 327064 763832 781431 510930 264490 415496 350002 438846 114689 782653 735879 528587 875990 576501 249686 558952 101456 781645 443822 706658 913833 734934 341217 699069 538372 603672 851922 679480 603725 536697 897457 1013808 844033 463798 412061 892580 270397 738190 346807 172032 368216 573366 306252 743305 1004285 353048 845191 191532 381228 437772 751095
155298 876370 842466 535582 534882 565881 583193 419641 182005 264746 616553 543848 635688 274229 601241 280109 355594 374392 408696 426564 999999999 561324 366802 354403 418096 414188 752371 615577 284598 877375 703767 838978 183514 686862 382214 653371 586633 485881 48270 697263 805971 199587 185947 218868 156296 62510 674606 446358 134462 205692 405437 503704 310002 360557 19627 476489 523225 334497 463028 827091 639678 451905 525097 375310 780448 499310 747871 736328 282055 659004 819201 124361 850852 404875 177186 650719 666087 595374 320034 475903 843804 741273 773765 219938 525484 351161 382071 656645 396269 90113 194148 367916 482708 879728 236975 593610 274781 150029 734367 485610
485457 780494 394862 60736 419999 82931 332663 193362 532476 626921 799300 227320 544235 565835 311916 578710 343082 331513 401547 804600 561324 999999999 392713 719724 224608 767845 337773 534801 367831 356898 667445 453804 444144 125547 283739 92135 656810 869271 569397 333082 693027 687669 454180 766836 695713 566162 576544 193269 426899 754270 258592 78386 297436 884473 580110 547884 497049 779244 164638 591954 541689 538223 324411 575237 737313 810552 384546 805110 500852 109255 578520 670546 685012 276265 539186 108152 383005 378750 273682 520816 296776 287546 849763 408131 290270 545647 259860 785607 655504 643015 389872 904488 79386 363114 791942 41105 619132 709823 809315 78791
215095 536548 516650 336932 168197 343216 232170 200759 221610 270282 417369 528945 280498 201004 258371 211812 464191 61290 548145 424243 366802 392713 999999999 344540 422423 384601 424308 261310 421107 591849 373827 490734 183414 493948 109696 468850 300949 486052 405630 359302 457313 378091 413496 492994 521559 327468 321045 424426 288576 483572 439330 387558 141605 566284 376625 175980 174929 425379 417410 460520 283199 661119 174565 183320 453823 419014 402119 463271 524531 500223 452454 415513 492305 117149 476161 428731 309385 233883 164625 666417 591157 433337 507616 150954 557110 155736 416797 418078 264717 405191 341663 597119 344677 590723 526878 433811 257375 471916 464953 354099
274854 646372 842991 669727 448279 682110 554427 528206 215924 103519 292214 801121 474988 154100 586168 141121 660581 399714 731516 86718 354403 719724 344540 999999999 675629 60719 752833 457324 594070 932605 481294 796703 302318 831148 442435 803437 339105 152961 400492 684031 601080 181608 521283 291222 440391 293030 501654 691746 405096 290845 677965 695206 424982 274868 345521 294709 381357 106508 695940 691272 481480 798857 503868 180574 540933 145442 716534 445095 630495 828978 688912 285165 666817 456471 531125 769870 615064 537853 450603 818941 935633 771067 472338 325343 806706 195157 652329 350879 116485 307172 490369 315073 657413 930694 324602 760160 104865 333169 440360 665089
404276 915423 613503 245448 525143 284893 479937 259957 462122 572833 834398 128367 659074 528746 472250 541514 119710 369933 179551 761973 418096 224608 422423 675629 999999999 732688 546378 644370 160101 580840 773990 660449 373336 330703 327524 298214 722362 828148 409638 525543 828641 588866 263977 636756 523401 445146 697406 34908 294679 623590 34079 146239 282776 773666 437689 598329 579018 706125 62651 761810 658729 317005 446560 577734 851526 795858 581060 883474 283284 281570 749325 540727 837902 336301 342550 332615 551456 519914 258140 303587 514503 503618 928221 353385 135843 544443 41202 840200 646649 507765 224248 784738 164306 587352 654557 235005 570931 565960 885686 157572
334135 629767 868614 716087 470788 726261 582283 575088 275278 162994 253937 857356 480789 206162 615126 193092 720339 442444 791827 42228 414188 767845 384601 60719 732688 999999999 780040 464526 654201 965136 471377 816146 359882 876317 487170 849579 329050 101703 459844 710588 591902 234605 582001 334247 493957 353160 503459 747839 465296 335639 735958 746864 476055 292136 404758 307939 396742 130165 751067 695423 487557 859539 534865 208122 524342 89020 739421 415213 691086 876991 694253 339295 661006 499565 591144 812926 637253 561528 502080 879660 973153 802333 438098 380621 864630 229881 710347 318701 129839 363393 550527 333766 708047 962639 365549 808590 162270 384038 409629 716053
620836 522848 92445 301504 311332 262887 198406 344641 641632 692085 700343 564574 364325 622649 167380 632275 655247 389130 725640 822112 752371 337773 424308 752833 546378 780040 999999999 367903 658193 201727 473227 116034 580502 313322 371039 320742 534911 875921 778996 69724 444042 801616 715019 912443 906773 729713 376142 520521 634162 902146 579722 408137 442982 990385 767096 480491 394601 844085 493852 296108 358336 862932 251327 573516 518713 786030 69897 636366 793040 368928 282623 827995 407706 348603 797958 252102 153749 220893 436735 849774 254839 62598 675264 539597 628017 558107 573382 657891 650334 811429 637936 1021420 382144 195725 944973 352882 677982 880794 643228 389409
460281 277433 442151 474466 119718 458130 211501 386278 445678 437184 334617 727756 20191 378687 242298 382063 708772 288890 792777 505758 615577 534801 261310 457324 644370 464526 367903 999999999 674148 569434 133039 368141 436973 591416 321374 579004 169205 547531 658220 302476 196092 571434 674515 696600 764868 567225 59838 636669 549565 690083 668054 564196 388297 727372 622263 164456 92546 562080 621495 234498 25230 913733 210742 287567 207593 445938 308831 279043 784286 623229 231642 637960 235339 309094 737046 516469 214649 166926 404675 915587 610199 412280 321884 409814 770622 291889 648950 290040 341354 636446 601424 765322 520883 563624 732459 571176 420436 696567 284727 531256
321495 951551 735237 371380 561814 410395 549773 326146 379646 491294 799939 271213 691680 463673 551588 475069 71049 385259 138464 677018 284598 367831 421107 594070 160101 654201 658193 674148 999999999 722657 794078 766627 304758 483973 357158 450469 715446 741502 265312 624187 868333 474818 108596 500921 368873 325723 732090 194531 188995 487827 135397 292122 285852 645084 303308 589631 594353 603305 219953 831381 692954 240150 503683 536627 873953 728404 680385 878028 135671 438962 820140 408766 890912 374207 182712 474529 630255 581822 270803 246212 664095 624805 921174 302554 242823 503962 118904 819368 591767 373967 103707 650879 293994 728099 514144 386335 493794 424511 878698 291094
764954 708202 149405 354338 504803 317844 386299 458231 795968 861896 900749 553000 566052 792798 352221 803655 699863 545318 754670 1006704 877375 356898 591849 932605 580840 965136 201727 569434 722657 999999999 673564 252919 722550 263127 514655 289806 735651 1063534 895633 267857 634940 958652 801336 1059939 1024829 866209 577150 548311 748117 1048586 614602 435070 572512 1153274 894308 673991 590807 1017225 519448 473861 560057 889382 430300 757040 715033 978301 266264 837287 856923 324666 461479 969259 588947 494526 886835 248843 354888 416784 558543 868633 95923 163617 875529 681446 621492 737782 616750 859471 836638 947789 730421 1180991 428713 11012 1090033 348341 849216 1017356 844270 431658
550875 173509 535303 607233 251871 590009 340376 517588 524809 489412 275010 860155 123584 443317 368890 442979 832972 411190 917181 508609 703767 667445 373827 481294 773990 471377 473227 133039 794078 673564 999999999 446774 534772 720037 448044 709149 142664 536095 749226 413920 120525 625771 784577 750883 845028 649669 98240 767594 655285 746374 796550 697121 509554 756002 707567 227362 199751 587535 753181 254933 126874 1034228 343712 341029 79999 428282 407367 164442 897393 754137 259402 706157 191719 437729 840674 645096 326837 294385 528207 1038133 724282 524565 202044 513770 901862 357221 776616 211217 367816 710544 714877 796366 653718 666541 786671 703428 472900 764238 171868 664093
698982 458104 103607 416447 348812 378259 259138 446113 712256 748273 700544 680574 358503 680015 237839 688158 767268 466598 839283 858324 838978 453804 490734 796703 660449 816146 116034 368141 766627 252919 446774 999999999 660870 423518 457624 433738 536486 906735 869225 144703 389670 867279 817287 983727 994913 810461 357545 635361 727714 974273 693522 523704 534147 1048799 852374 508693 419762 894280 609005 222910 351671 976330 317666 616279 475898 809626 91168 610613 900450 481284 211233 904429 337930 434964 898567 366248 183624 261716 531636 964027 331790 172006 644942 621131 744036 606477 686206 648729 687031 891060 739285 1082375 496538 243346 1017555 468460 733011 959444 618301 504108
42728 704799 672145 404171 351595 426843 402917 269522 91168 199572 497417 499325 456879 160019 423254 172022 366056 194277 442976 388641 183514 444144 183414 302318 373336 359882 580502 436973 304758 722550 534772 660870 999999999 565380 210656 534149 431440 454832 222605 521657 630470 244269 259611 337392 338965 149708 496592 390238 127105 326064 376096 405750 152741 441742 194132 311210 345587 340456 396082 643904 460429 531905 344400 235219 613543 427508 570168 590257 375726 551232 635867 248242 671407 232560 306548 515846 484793 412706 172513 545230 701601 576246 631340 41284 504749 203910 350496 522516 287040 231033 204682 464456 372796 723572 367787 482182 197758 300296 589747 378930
607276 810720 342280 162507 486632 150823 380104 303666 652054 742012 883679 289920 597117 678437 351265 691051 450204 434322 497156 914507 686862 125547 493948 831148 330703 876317 313322 591416 483973 263127 720037 423518 565380 999999999 389193 34044 731625 978020 694686 334871 725494 809561 575644 891495 820566 690918 623959 296381 552443 879001 363142 192809 415446 1006838 705628 633497 570849 896231 268052 600005 593320 629597 390299 677060 782835 912538 375257 869323 613386 62366 586273 795448 704406 377255 659942 74973 406454 425724 393253 607356 185445 252296 912884 527999 358448 649502 369765 861863 758651 768252 513856 1027835 204608 271570 916996 97872 733118 835250 874457 202867
252157 597401 462148 229398 205462 239675 207449 91089 281488 357151 524788 425565 337711 291089 220864 303383 387665 48564 471536 525340 382214 283739 109696 442435 327524 487170 371039 321374 357158 514655 448044 457624 210656 389193 999999999 362544 398030 588868 411604 315102 512753 444208 376469 546757 537664 359002 377536 324783 271969 535786 348754 278675 79407 639859 396426 277588 251530 513161 314604 479088 338338 594778 153162 291499 526597 526883 366459 557368 476906 391927 468670 458894 533787 22684 451445 327690 291606 230657 86896 595060 501588 365678 602294 169425 459111 262106 328573 520785 371923 440883 298584 666619 235426 515099 577940 324837 346832 510438 559961 245001
575837 806196 357986 133711 471009 127957 368794 275273 621479 713041 864172 264394 585747 650234 341770 662943 417867 408586 466797 887333 653371 92135 468850 803437 298214 849579 320742 579004 450469 289806 709149 433738 534149 34044 362544 999999999 714592 951252 660848 335305 720137 778148 541669 858783 786604 658138 614185 264141 518925 846245 330973 158950 385194 975255 672190 613198 553650 866680 235613 600829 582276 600285 374204 652166 774053 887844 379245 855528 580432 48765 587116 762581 702543 351768 626027 70056 401842 414965 362459 578937 216554 261732 899465 497246 332581 623962 336886 844655 733462 735140 479826 995813 170858 297682 884027 64144 704507 801951 860410 168923
439633 308866 611149 596345 245939 588123 361857 481757 404756 354585 165648 823477 178043 316299 395576 313777 763173 352906 846609 366897 586633 656810 300949 339105 722362 329050 534911 169205 715446 735651 142664 536486 431440 731625 398030 714592 999999999 397825 633754 467818 263089 489722 689675 613754 720005 528970 187014 722215 557380 609995 740146 670663 442514 613584 588026 126080 160942 445148 712634 377214 184926 953385 341397 212722 204419 291243 477651 162836 805200 755083 378404 575492 332173 394667 736618 657838 381161 322721 465402 961654 770785 575802 206792 418599 856043 235531 717738 130257 227139 583178 626433 654089 626524 730288 649298 696140 338546 632690 164118 636673
425702 682636 963341 817733 565161 827951 679088 676657 366953 255330 284401 953937 562287 305728 712391 292646 809286 544110 877727 66264 485881 869271 486052 152961 828148 101703 875921 547531 741502 1063534 536095 906735 454832 978020 588868 951252 397825 999999999 528534 806268 655391 291149 662520 363066 541754 428000 580756 844612 552809 368001 829799 847146 576491 277457 473738 398462 487217 158484 848901 773026 569216 936931 633336 307609 579073 108133 832716 451987 767259 978454 773073 392966 727789 601235 662416 914534 730478 656055 602356 959214 1073528 900332 465924 478292 958540 330903 804156 355965 226938 422202 637955 317950 808759 1060759 388460 909964 257794 427778 445097 816637
198826 921424 867939 548427 573777 580751 615898 440590 229541 312544 664779 532183 678255 322277 632160 328301 335191 408244 380584 470590 48270 569397 405630 400492 409638 459844 778996 658220 265312 895633 749226 869225 222605 694686 411604 660848 633754 528534 999999999 726249 849909 239050 159715 237108 129259 110483 717544 440002 147566 224187 393399 507249 336196 384444 55150 522192 566160 374673 459077 866073 682042 412831 558402 422922 826357 545717 778061 784216 243654 662945 857804 150762 893215 434261 134299 663230 699468 630593 343043 438650 857395 764564 821822 256005 508128 398223 371479 704859 444520 115646 186957 387022 490104 898523 248846 599483 322837 159208 782320 492017
561002 479669 159138 287044 241610 251933 129950 301750 578736 625190 632898 559424 300466 555880 100932 565208 628183 328214 702691 752688 697263 333082 359302 684031 525543 710588 69724 302476 624187 267857 413920 144703 521657 334871 315102 335305 467818 806268 726249 999999999 396934 737341 672712 850204 852755 671333 315867 502893 583720 840211 557802 395714 390456 924353 711216 410810 325185 776258 477965 265570 294812 838931 184994 504388 464963 716339 56261 575281 757262 384031 251849 767727 370067 292424 753868 265289 88124 151251 387197 828513 310394 110762 615378 481254 619389 489600 548618 592351 580836 752608 594646 956050 363876 262713 883257 355573 610824 821587 581846 372345
651156 87730 488325 635234 307313 611449 360952 568684 630824 604474 386992 901566 177401 554385 381627 555243 900140 483489 983721 629046 805971 693027 457313 601080 828641 591902 444042 196092 868333 634940 120525 389670 630470 725494 512753 720137 263089 655391 849909 396934 999999999 740995 870606 866526 951736 754717 136725 817637 745245 861485 854349 734349 582776 875917 811352 334757 285085 707458 799856 171356 175589 1107227 383008 454273 95124 547360 374295 247278 980186 767579 180752 817435 76106 498312 932573 652092 319047 315716 597862 1107781 698739 502498 270992 604912 949688 467055 836656 318329 486766 819566 797383 916109 692869 626545 902423 725136 587790 875882 255848 703083
202311 797463 894056 648431 526451 670492 609916 512474 162721 136526 471141 717207 591070 193760 636424 189421 545413 415012 605041 237072 199587 687669 378091 181608 588866 234605 801616 571434 474818 958652 625771 867279 244269 809561 444208 778148 489722 291149 239050 737341 740995 999999999 383559 125677 259424 149144 624548 612212 295123 120604 582712 644939 396189 197542 185249 409817 482878 135625 623410 802838 596657 650994 552643 287176 693975 323555 779704 615943 481239 793821 797908 104771 799184 464126 373348 759683 684267 606765 416753 675450 943314 805949 646772 282882 708568 279559 557728 525148 266342 131333 375174 222414 614603 958826 161622 725063 153208 151870 612071 620080
262507 949919 797839 447004 571148 483967 581647 371337 315674 421886 753652 379604 693412 407429 589641 417227 176452 392233 222800 600173 185947 454180 413496 521283 263977 582001 715019 674515 108596 801336 784577 817287 259611 575644 376469 541669 689675 662520 159715 672712 870606 383559 999999999 396775 260613 236067 734067 297146 132577 383817 242496 382992 297686 543334 203260 566950 587869 516520 320182 854976 695744 278621 529434 493817 864350 661862 727943 849553 116153 535494 844819 307707 901922 397031 85513 557073 665145 607126 291713 297660 750346 689030 890874 272076 350324 463198 223459 781749 537189 272457 78517 546728 376226 805808 407989 477910 427409 318448 849180 375472
295028 922087 1004743 734146 647515 760252 724977 605192 271650 262084 583259 762716 716314 318165 749698 314569 571432 523367 617136 324053 218868 766836 492994 291222 636756 334247 912443 696600 500921 1059939 750883 983727 337392 891495 546757 858783 613754 363066 237108 850204 866526 125677 396775 999999999 190535 200693 750076 664471 346934 13176 624268 715119 488739 149785 199382 535429 607423 209432 680152 927201 721829 636339 666877 412850 818163 421449 894880 734557 472189 868825 921989 97137 924853 568016 359298 848177 801825 725075 505710 665620 1037156 912154 763200 378509 743169 404741 600938 641557 388300 128991 413007 150022 690068 1060919 35947 801645 278812 82556 730209 694122
307316 1018483 996203 676739 689181 709546 739475 569713 320935 373692 725568 640083 785053 403802 757281 406366 433887 530687 461780 493684 156296 695713 521559 440391 523401 493957 906773 764868 368873 1024829 845028 994913 338965 820566 537664 786604 720005 541754 129259 852755 951736 259424 260613 190535 999999999 197642 823114 555669 276822 181280 503053 631073 463799 335369 144947 618309 672325 383429 577001 980916 789403 458089 681393 507455 919481 582946 903772 860736 303966 786397 973364 155239 1000063 560347 196087 791288 822378 751435 471701 490011 985646 893427 894940 376142 607587 488024 483423 774499 511011 138079 307839 324372 616327 1027755 182683 724451 387697 114346 857786 617699
112525 822864 821100 534338 493756 561523 552165 408694 124953 202236 554415 573011 587411 214257 572929 219354 396411 343879 456334 367252 62510 566162 327468 293030 445146 353160 729713 567225 325723 866209 649669 810461 149708 690918 359002 658138 528970 428000 110483 671333 754717 149144 236067 200693 197642 999999999 625516 470552 150667 188109 436690 515064 293762 328864 59319 422407 474683 280492 484151 784615 591766 508976 493570 316663 725310 437538 719826 676430 339449 668302 777385 104722 802434 381246 238113 648803 633446 560151 308421 531378 839227 723594 713275 190195 561135 294219 412126 595484 334271 81977 227019 342650 489411 867799 226602 600986 212355 151671 674262 493554
519346 219875 441494 516971 172812 497454 245824 437995 503198 489146 345740 776401 40683 433130 272753 435700 765199 346998 849021 543690 674606 576544 321045 501654 697406 503459 376142 59838 732090 577150 98240 357545 496592 623959 377536 614185 187014 580756 717544 315867 136725 624548 734067 750076 823114 625516 999999999 688228 609380 743983 722033 610976 446361 774440 680987 214899 151407 607554 671896 192403 39209 971315 256299 338370 160796 475982 311450 260226 843464 659867 192376 694125 177093 364045 796874 549130 228617 199430 461948 972486 626260 426578 299572 469644 821522 345713 703570 291242 385169 693627 660674 813174 568315 570398 786002 611357 472344 752753 267132 578651
423308 904849 585130 219020 517012 257882 464572 250432 480272 589669 839600 109561 650628 542636 454691 555552 153825 369351 208422 778355 446358 193269 424426 691746 34908 747839 520521 636669 194531 548311 767594 635361 390238 296381 324783 264141 722215 844612 440002 502893 817637 612212 297146 664471 555669 470552 688228 999999999 319897 651330 66838 115421 287819 799410 465983 599556 575131 726547 28864 744476 649922 345483 434671 586129 844226 808346 557901 882139 318080 246707 731769 567980 823915 331316 376660 300772 533278 505986 262154 329786 480609 475807 927050 367309 134544 553056 75840 842418 657359 535548 253538 811642 139174 555023 683238 201340 586883 595112 884679 131267
134486 822683 722185 402425 452235 433878 479119 293453 191472 302492 622970 422768 568929 279199 492469 289836 256579 276963 326593 488120 134462 426899 288576 405096 294679 465296 634162 549565 188995 748117 655285 727714 127105 552443 271969 518925 557380 552809 147566 583720 745245 295123 132577 346934 276822 150667 609380 319897 999999999 333918 287589 369822 193722 479514 153427 435322 460780 418025 333927 741639 571740 406322 423258 361875 734773 540616 636747 717003 248640 524847 732332 249842 780582 294264 187588 517497 563261 498561 197428 421396 711200 617817 758298 141515 413916 330912 262632 649530 408790 219182 85289 492353 348246 750970 368627 459197 305532 283792 716608 351190
283834 917981 994398 721882 639225 748193 715384 593407 262025 257082 583058 749540 709865 311423 739813 308290 558364 513020 604364 327064 205692 754270 483572 290845 623590 335639 902146 690083 487827 1048586 746374 974273 326064 879001 535786 846245 609995 368001 224187 840211 861485 120604 383817 13176 181280 188109 743983 651330 333918 999999999 611093 702275 477061 161890 186206 529567 600486 212771 667055 920062 715311 624579 657187 407430 814337 423409 885232 732877 459997 856080 914698 84205 919148 557149 347112 836012 792646 716085 493789 653658 1025252 901314 762124 367245 730039 398383 587762 640423 385342 115829 399832 163074 677397 1049636 43371 788972 273719 71032 728662 681402
404342 940776 647406 279127 549368 318649 508760 286284 462894 574656 847369 138824 683254 533949 502254 546511 87194 389230 145937 763832 405437 258592 439330 677965 34079 735958 579722 668054 135397 614602 796550 693522 376096 363142 348754 330973 740146 829799 393399 557802 854349 582712 242496 624268 503053 436690 722033 66838 287589 611093 999999999 180248 298196 763842 424888 615237 600051 703390 95531 791392 683158 283339 473430 588287 874654 801831 613481 901998 252482 312569 779034 529188 865500 359092 317854 366538 581667 547842 274749 270781 547447 537439 946564 359567 128749 554902 25644 855806 654747 495511 211533 773219 197878 621179 640515 268133 573748 551335 903942 191374
444925 822074 470207 108672 445598 145511 374427 189665 496441 597858 803332 168097 575870 541448 359190 554522 264799 327095 323841 781431 503704 78386 387558 695206 146239 746864 408137 564196 292122 435070 697121 523704 405750 192809 278675 158950 670663 847146 507249 395714 734349 644939 382992 715119 631073 515064 610976 115421 369822 702275 180248 999999999 270821 839557 522958 554495 514877 745689 87167 646566 574177 460862 354735 564772 770535 797011 449485 825148 423815 155706 633449 618090 733204 277451 467145 186489 435175 418779 244807 444481 372159 361392 870148 373689 224006 533312 181762 796650 642285 588662 323334 856857 44156 441397 738169 94961 591912 653519 828637 34005
195441 665708 532585 253229 277336 274320 286704 116804 236713 329831 552050 395204 405892 270961 298842 284007 324003 99411 408179 510930 310002 297436 141605 424982 282776 476055 442982 388297 285852 572512 509554 534147 152741 415446 79407 385194 442514 576491 336196 390456 582776 396189 297686 488739 463799 293762 446361 287819 193722 477061 298196 270821 999999999 593715 325467 317183 309945 481860 284306 557322 407269 525601 232500 299563 589196 527766 443115 604874 400433 406246 547133 396841 608074 101093 372045 363495 370826 309699 26468 528607 548986 431582 649215 113319 418309 266906 275352 557786 373963 375503 220250 617110 232432 574041 517981 337041 322688 445167 606549 240165
399596 919389 1082587 845910 701849 867998 795193 709902 358982 300528 543284 901161 745794 369061 823628 360644 716019 608150 765027 264490 360557 884473 566284 274868 773666 292136 990385 727372 645084 1153274 756002 1048799 441742 1006838 639859 975255 613584 277457 384444 924353 875917 197542 543334 149785 335369 328864 774440 799410 479514 161890 763842 839557 593715 999999999 341780 563020 645688 168469 812813 961869 752057 786025 739450 441365 813825 365131 963611 707017 621886 989964 958674 236325 941508 659163 508998 957210 865185 787083 614251 815403 1140204 998314 728178 480400 885780 444667 739721 610220 390360 271274 552514 41775 810556 1153083 152962 921446 315931 232292 701244 815704
162844 880551 857510 553718 544342 583650 595779 436285 183513 259141 612620 563351 642418 273575 614545 278613 374241 386818 426047 415496 19627 580110 376625 345521 437689 404758 767096 622263 303308 894308 707567 852374 194132 705628 396426 672190 588026 473738 55150 711216 811352 185249 203260 199382 144947 59319 680987 465983 153427 186206 424888 522958 325467 341780 999999999 480209 529766 320717 482640 836244 646571 465761 537491 375871 783630 490826 761341 735742 296056 678178 828591 105459 857602 419039 188703 668843 678297 606787 336364 490557 861673 757009 772515 231954 544577 352999 401584 654530 392776 70845 213684 348603 501612 896539 217354 612623 270107 130617 733558 504616
324361 400458 566042 488452 169479 485292 287888 364833 297654 274248 251516 702637 183248 219939 322223 221567 637105 230750 720529 350002 476489 547884 175980 294709 598329 307939 480491 164456 589631 673991 227362 508693 311210 633497 277588 613198 126080 398462 522192 410810 334757 409817 566950 535429 618309 422407 214899 599556 435322 529567 615237 554495 317183 563020 480209 999999999 88935 398406 591309 398892 189329 828006 251546 123590 304205 305546 434531 288915 681892 650560 395679 482754 389627 277045 617727 561947 332383 259611 340595 835840 695627 510496 332748 294984 732752 132409 592534 243277 180322 485009 501861 600873 510612 670204 571370 588241 257445 541255 290091 520537
