NAME : synthetic_000009
TYPE : CTSP-D
DIMENSION : 100
GROUPS : 8
RELAXATION_LEVEL : 1
EDGE_WEIGHT_TYPE : EXPLICIT
EDGE_WEIGHT_FORMAT : FULL_MATRIX
EDGE_WEIGHT_SECTION
999999999 230915 452056 518763 239911 828454 701184 537139 871951 165329 329380 458318 326521 596414 270433 625173 674748 468420 533954 280695 680766 161949 635959 684307 407642 206965 323777 575078 624770 637640 170145 190584 504169 598011 302384 681438 248972 427578 405309 286897 584155 722690 253968 466458 189873 142125 212669 265491 391136 659926 340542 154169 574783 259551 288680 226285 611335 835692 750082 645997 702132 782836 529933 245027 622151 665825 483192 512707 290861 349950 379644 155460 583189 290621 492137 308363 109732 306478 762090 201956 393533 137713 704042 386444 470239 257947 624777 371281 746794 192503 889960 712735 437120 284876 687313 46582 656346 505569 351628 112923
230915 999999999 660325 611942 24222 1052948 916374 734259 1090062 193660 387398 666798 454006 823062 384474 853880 841642 616837 594480 244147 897025 351855 860073 851496 635120 374656 546400 733313 813803 842742 366911 185086 733079 821048 426841 911725 162958 569942 610488 233791 696222 935314 170019 496006 370935 113664 389038 425496 544454 885375 553513 385080 683459 441570 304665 406204 838374 1058692 972152 875742 932949 1009986 706408 406292 822406 710708 562251 743461 392695 379121 238479 367389 812884 364851 721931 299731 295214 510765 981650 415379 613160 108450 934902 617341 684947 130637 708989 571660 977688 94000 1103802 725083 601743 128010 833994 199045 858096 719255 463043 280176
452056 660325 999999999 790197 676113 613385 258068 562068 698899 606592 697712 471749 296069 417321 341383 407420 754279 659131 845505 716765 240303 308571 231450 760571 322589 294985 355997 705967 648605 591755 293462 634757 334078 191356 608347 342064 583429 646826 464623 727190 808411 613761 703843 825406 291949 592927 277496 262248 604914 473323 112325 331250 807249 227478 699375 260176 235458 632514 571362 402068 407916 548097 627315 529460 173109 972785 783505 287152 630392 735947 690633 419703 361310 400156 203929 515079 475935 440587 599831 250216 86747 586875 405821 241163 444664 617687 885121 471322 424194 643296 740345 1051102 178014 651142 815851 497842 620012 65448 323388 380508
518763 611942 790197 999999999 597747 744281 954458 362784 722949 423521 225267 388559 817307 598455 775674 647200 320062 156816 84536 384223 932291 637161 846339 328304 507002 690080 438872 223312 373938 461924 633259 427148 574622 825790 217373 799551 731243 147518 357632 401188 93641 566663 457449 172026 665018 513414 685703 741250 186609 627130 698022 506642 78490 711695 312627 691168 800302 735012 658961 682132 761665 739830 269892 288435 948994 185056 56276 627064 231018 244636 843570 413411 638131 806227 678668 823070 412539 350050 646549 618317 703812 524187 767035 570185 429297 719613 106273 332731 818614 517966 707606 277236 873171 731492 265649 497179 456218 808634 849119 621992
239911 24222 676113 597747 999999999 1056196 931321 731583 1091165 184438 372656 666495 475575 827474 406188 859351 834097 608120 577709 225183 911740 368145 872790 843956 640236 393089 549992 725098 809518 841209 382702 172668 738815 834064 417576 921339 187090 560901 609793 213832 683253 935213 150050 477691 388253 112168 406946 444964 536868 889187 568284 393564 670238 459445 288222 423978 850014 1061377 974610 881951 940554 1014445 700681 401370 839594 692208 547202 751005 381814 362167 258238 370017 819103 387934 732003 323947 295966 510526 983307 429493 626794 109495 942652 625434 685939 154125 693480 570323 986121 82276 1103752 704498 621788 149441 824016 204625 855876 734257 485381 296954
828454 1052948 613385 744281 1056196 999999999 533784 386954 101964 896301 831770 407043 876953 233777 895571 216908 473191 596051 828591 956179 522652 785185 439211 470746 421855 810193 506556 529208 376633 282575 767853 921716 331691 460968 721694 301657 1060505 628652 463323 974453 689063 182150 993027 887370 790487 944656 791995 813270 615817 168845 633170 680513 699599 765287 895634 780361 403338 25390 87752 212786 218039 67277 474763 687110 641955 899637 780296 347216 767024 877349 1190020 686185 265294 956005 416249 1052147 761352 554204 98596 709576 571644 946706 222449 464161 377629 1079627 777880 505491 235959 985920 155255 1003781 790824 1109530 563152 854216 291780 566061 911050 839074
701184 916374 258068 954458 931321 533784 999999999 651090 634247 847033 907349 581575 538634 428165 592469 391680 833993 805682 1022181 951822 22402 565471 115670 837666 447577 552938 522609 818437 717294 633600 549751 875832 395998 128707 805473 235810 840859 806960 599171 964181 950462 610621 947679 1023264 549856 843245 535550 517298 769668 455582 363042 565220 953061 485176 924376 518215 164963 558099 529521 365939 320232 468073 737728 731654 142808 1139335 960319 337803 835996 949681 944778 641108 365847 648350 275808 765126 707817 614509 563058 502191 308118 838139 314861 389051 543655 875562 1036373 621743 299250 893664 685278 1228579 388831 909002 912054 745626 660850 197119 559572 637481
537139 734259 562068 362784 731583 386954 651090 999999999 383992 553955 452627 95420 715612 245789 704014 294231 192359 209978 445927 591540 630483 563822 535965 198505 239966 607493 247093 171650 94232 115246 550668 575202 255624 526592 347841 458891 785990 241845 134488 610538 323140 220741 640047 500415 581921 620712 593998 637180 232451 265575 509473 423830 330503 592511 524807 589929 486813 380901 299826 329324 408178 377463 96422 333107 685736 531763 394727 314247 393669 496917 916771 381687 296652 755478 389117 821583 442419 230717 292137 505342 481166 626029 413966 322003 117451 793803 414079 165889 464406 653064 383537 633167 702215 818491 261917 547338 124983 554076 752126 591354
871951 1090062 698899 722949 1091165 101964 634247 383992 999999999 923013 836610 426888 950544 295715 963766 292763 427271 584257 807353 972066 622477 845341 536823 422955 473934 874767 548326 501021 349025 269641 828562 946797 394690 556243 730655 400406 1111451 622230 484327 990842 657700 163275 1015467 876849 853477 979005 857187 883130 616311 231484 708165 730100 669736 834856 907308 846837 498659 76783 130719 297397 315903 166175 459819 706573 738661 864923 764393 421290 776513 880865 1242336 723150 340673 1023212 497295 1113980 795247 581516 110706 771680 650081 982248 320757 528038 405230 1127532 743057 525728 337530 1017218 53878 969493 874714 1156124 514433 893370 268686 655478 985546 894184
165329 193660 606592 423521 184438 896301 847033 553955 923013 999999999 203697 496132 487266 674605 426376 711328 649749 423730 416068 115376 825772 327235 770996 659609 494035 371635 398227 540660 628412 666011 334781 28973 593923 735459 233344 796499 310785 376604 438711 122197 504844 763765 103314 329326 355187 90105 377947 430148 352586 732907 494271 281989 492556 424647 136242 391601 740462 899171 811988 737507 803142 860095 517716 221006 778925 540851 376842 616138 199414 207996 420083 222161 675534 434898 613874 418803 145483 342628 817582 360097 539781 101335 806056 497183 520025 296380 524138 397604 853049 102346 931866 572403 602421 308163 640351 120432 678873 655321 509375 273916
329380 387398 697712 225267 372656 831770 907349 452627 836610 203697 999999999 427791 651414 636966 599147 681550 495596 270160 212590 162709 885048 474699 812958 505194 487338 526031 394462 384838 505054 567452 475958 203555 579215 783677 112743 803428 514464 223964 375231 180942 313118 673342 233284 137908 503993 293536 526600 582651 220806 684058 590909 373027 299427 563747 89117 536247 773515 828987 744107 713278 788472 809489 387583 176281 868734 339999 174893 618260 72504 46354 621419 278951 656973 619032 643459 617853 240540 308070 741444 479260 617413 304978 792695 522879 462866 499342 321944 334747 843596 293602 834361 383650 738763 509053 467115 297091 572648 732630 678954 441182
458318 666798 471749 388559 666495 407043 581575 95420 426888 496132 427791 999999999 620764 214872 610766 262515 283991 232458 466223 549451 560145 472112 468616 290921 149450 514422 153388 239769 189194 179440 458371 519981 188924 454130 316132 411098 705567 247534 57454 567858 370646 268729 589277 500552 489125 554436 500450 542609 222222 256620 414817 334877 374573 497586 488684 495842 420527 406892 320242 296696 375656 381716 158935 281098 603489 569097 408523 244941 360938 473917 836971 304021 249689 663296 310643 733324 371697 156042 322582 411450 389133 558440 380748 230624 40738 716251 458881 99239 432541 591087 437266 665591 607656 742541 344822 473618 199572 468399 657311 503603
326521 454006 296069 817307 475575 876953 538634 715612 950544 487266 651414 620764 999999999 655280 69700 660827 892938 729299 846499 601213 524689 180319 527511 901287 497476 127408 468937 813821 809787 783337 184434 508925 557600 487389 602445 631724 329604 698943 587184 604288 866641 835687 559094 789311 152306 432434 132286 79723 656737 719066 243831 316930 860281 123231 615157 130018 528897 892658 819830 665280 688391 815817 748016 528910 413285 979814 790673 530451 603029 675419 413022 404706 612265 111977 463282 228769 413291 514714 843254 213292 307839 422006 687367 427226 610653 369625 922824 571803 712643 476094 984570 1034647 161065 401047 930831 367704 809009 360901 36595 214028
596414 823062 417321 598455 827474 233777 428165 245789 295715 674605 636966 214872 655280 999999999 668193 48877 411651 441688 678443 744725 409774 552767 313421 414258 188844 580042 278078 416986 294204 205668 535631 701238 99379 315506 524266 215535 826736 461452 262335 762203 567859 197794 774339 715362 559378 716798 562233 587416 437071 65648 413998 447107 574368 539143 690152 551516 265048 244285 165163 84025 163526 186971 341542 476641 494030 774186 622088 130637 567397 683318 956270 458517 63383 727841 213714 820692 535128 338645 188116 477901 358987 718099 169085 232962 176010 846105 658535 302222 220355 759895 329787 873682 587994 876201 495045 624020 232708 384563 690513 605459
270433 384474 341383 775674 406188 895571 592469 704014 963766 426376 599147 610766 69700 668193 999999999 678664 874286 698153 799535 538931 577153 144643 571151 883009 499038 96585 457392 789283 798098 780112 154859 446637 569077 530482 558849 666128 261823 664658 572065 540999 830481 840301 493669 736622 122535 366835 110564 83885 623464 733198 269616 288800 823152 130674 557256 117811 567480 909728 833353 686560 716755 836812 727770 488829 473024 932439 745647 548546 555270 620325 352883 367991 630347 61259 488748 173700 365520 491604 854712 199917 337285 356043 716294 435915 605180 301314 881798 552156 745422 409143 994760 982771 226666 333199 906061 308609 804611 406825 83329 157966
625173 853880 407420 647200 859351 216908 391680 294231 292763 711328 681550 262515 660827 48877 678664 999999999 456090 490409 726996 785154 374410 570208 278879 458238 219244 593735 313174 465115 338923 246816 552697 738450 121014 285976 568809 170491 849632 509611 308168 802339 616607 221604 812122 762586 574465 749643 575432 596405 484471 68097 417321 473374 623186 548395 732372 563603 232164 231834 163968 35174 114651 160610 390174 518442 467954 823061 670386 130473 611340 727895 977914 492585 48562 739121 204665 836104 569823 379903 192808 494049 357644 750335 120213 249243 223030 870810 707319 347169 171501 793930 332931 922537 582233 901575 540786 655047 272666 368137 695258 626493
674748 841642 754279 320062 834097 473191 833993 192359 427271 649749 495596 283991 892938 411651 874286 456090 999999999 228400 400385 654884 814158 730650 718327 9860 431857 778049 426309 111049 117464 212362 719436 664785 442806 712545 418167 626458 920579 276213 306614 673839 239534 292323 717482 489459 751848 729692 766384 813472 297254 408590 698110 586688 253432 771007 581683 764434 669031 457707 398889 489205 562897 489494 147107 438998 876405 439754 371066 501194 458623 531531 1047724 524698 470564 921584 579247 975300 569120 383540 376268 679970 672760 737432 569091 513767 309795 921627 318861 322167 615537 752093 401959 544054 890918 942186 90234 674255 191223 746074 929073 747232
468420 616837 659131 156816 608120 596051 805682 209978 584257 423730 270160 232458 729299 441688 698153 490409 228400 999999999 237542 427124 783738 554072 695424 238198 358892 605513 303134 117677 240068 316582 546392 437464 420007 677060 190719 643535 706870 47820 206517 446164 149315 423395 489083 292819 579294 506454 597471 650232 77285 471764 576606 412411 149099 614152 354360 599533 648484 588735 509377 525325 604853 587193 124515 223955 810237 336902 184755 473876 230257 309238 830596 331426 481669 737929 530332 775898 359112 223814 499812 519368 572439 514947 610219 428287 273164 704074 230933 188906 661805 525889 575334 433281 761627 722432 220258 460523 315641 670549 763662 555615
533954 594480 845505 84536 577709 828591 1022181 445927 807353 416068 212590 466223 846499 678443 799535 726996 400385 237542 999999999 355035 999876 666549 916369 408200 576452 719253 501464 307142 458377 546339 664793 413912 649480 893879 246495 875972 726831 219676 430957 369768 163755 651190 430749 110896 695292 505591 716983 773188 253192 709249 748159 545292 148738 747764 289819 724247 871360 819471 743074 761735 841128 823304 353972 324911 1008691 133354 62277 700125 244270 215544 831153 449360 715787 824511 747075 829475 434147 410240 730958 656792 760061 517186 846377 634654 506827 710666 123550 402183 898092 501862 791492 206908 915536 718829 338670 505955 540753 868577 876472 642663
280695 244147 716765 384223 225183 956179 951822 591540 972066 115376 162709 549451 601213 744725 538931 785154 654884 427124 355035 999999999 930206 442563 870509 664596 573853 486904 476684 543838 654220 706563 449865 92333 672374 836486 245165 885073 392554 379636 492861 19176 474458 809617 75892 252648 470560 179947 493323 545393 367826 798748 604678 387676 460371 539867 73812 506945 837138 956330 869666 813859 883833 926199 537990 269370 889660 467038 330591 701246 200258 140854 482624 314161 753511 543363 708309 514648 244005 406121 871235 473033 646635 192144 887274 588702 579103 368934 473956 450691 936092 157216 974958 482549 717744 371623 629618 235660 715285 762996 622189 388622
680766 897025 240303 932291 911740 522652 22402 630483 622477 825772 885048 560145 524689 409774 577153 374410 814158 783738 999876 930206 999999999 546595 96411 817947 425477 535275 500220 797383 697656 614906 530692 854597 375147 106679 783087 222576 823658 784785 577221 942659 928726 594303 926609 1000865 531550 822869 517694 500934 747413 439109 343522 543873 931239 467750 902385 500409 145403 546690 515314 349650 307289 456428 716611 709320 138828 1117193 937999 316803 813666 927429 928941 619183 347114 633696 253691 750229 686204 592121 548714 482384 287401 817891 302119 366655 522412 857984 1014480 599565 289721 873268 672986 1206303 377430 891441 891695 725029 642312 178056 546606 618579
161949 351855 308571 637161 368145 785185 565471 563822 845341 327235 474699 472112 180319 552767 144643 570208 730650 554072 666549 442563 546595 999999999 516893 739471 372713 52934 319202 644683 657508 645489 17921 352435 453742 476753 422135 587626 289330 521539 430575 448815 688339 712712 413367 612472 29315 292967 52158 107953 479929 618415 204272 144316 681521 97871 446030 64409 501410 796966 716488 583374 625204 730713 583880 348878 471896 799896 610416 443803 423624 501554 411644 225523 523304 191789 399340 268747 234727 347445 734953 77003 268266 285225 625796 321144 470045 318397 742823 408802 661697 342269 872370 856736 275186 351555 761432 207832 668894 368543 212106 72012
635959 860073 231450 846339 872790 439211 115670 535965 536823 770996 812958 468616 527511 313421 571151 278879 718327 695424 916369 870509 96411 516893 999999999 721997 339935 514826 421589 704092 601631 518495 499794 799969 281512 40793 707556 138114 802949 699151 489332 884141 838649 499644 873503 923473 506492 777375 496199 489884 663218 344453 313894 490390 841765 450385 837115 479625 49309 462346 424440 255516 221250 372099 623580 636680 203075 1030727 854948 223858 740800 856618 916227 556585 250705 630727 170632 744514 627817 512841 457451 446030 248686 773626 216762 290133 430046 834467 925514 514399 215178 827289 585875 1121954 397326 867814 796616 678068 545910 166906 554299 587615
684307 851496 760571 328304 843956 470746 837666 198505 422955 659609 505194 290921 901287 414258 883009 458238 9860 238198 408200 664596 817947 739471 721997 999999999 438312 786728 434263 120779 120473 213415 728171 674639 447423 716725 428014 628695 930246 286014 314666 683543 246759 290498 727281 498070 760545 739533 774970 821862 307112 409653 705359 595578 260829 779245 591368 772909 672721 454854 397504 491104 564228 488364 156214 448780 881480 445418 379652 505699 468433 540986 1057451 534074 473657 930496 584280 984618 578784 392494 374261 688402 679365 747264 570439 520288 315943 931371 324900 330856 616499 761954 396655 549578 898194 951968 92469 683957 191372 751688 937456 756428
407642 635120 322589 507002 640236 421855 447577 239966 473934 494035 487338 149450 497476 188844 499038 219244 431857 358892 576452 573853 425477 372713 339935 438312 999999999 406011 97171 387132 329062 287129 356408 521640 99913 318873 377014 316238 639423 359578 152808 590263 505672 341407 595849 587941 383143 530399 389485 423081 323285 253014 273752 258698 507281 375542 526729 381257 295181 430604 346969 243683 310219 375241 307042 314559 456548 691789 515120 130923 414997 532874 769646 273750 181503 556277 171788 641389 351178 179525 363261 301367 241234 531136 313522 82053 123136 657829 589824 174526 362285 574828 499680 782075 465160 687676 494213 436136 313743 319790 533903 420319
206965 374656 294985 690080 393089 810193 552938 607493 874767 371635 526031 514422 127408 580042 96585 593735 778049 605513 719253 486904 535275 52934 514826 786728 406011 999999999 361034 694213 701552 684778 59294 395571 480664 474139 475037 596560 289010 573662 475483 491988 740770 747382 452746 663906 26374 328927 19061 58538 531846 645485 201783 193943 734084 68199 494363 35231 504285 823249 744885 604193 640393 753399 631704 401766 449221 852588 663277 464866 476063 551782 402473 278118 545929 150464 412260 243007 286706 395872 765001 104863 269482 320024 640483 347081 509583 322710 795715 455883 673329 376621 904068 908627 234056 356170 811126 251244 708989 358299 159334 100930
323777 546400 355997 438872 549992 506556 522609 247093 548326 398227 394462 153388 468937 278078 457392 313174 426309 303134 501464 476684 500220 319202 421589 434263 97171 361034 999999999 358726 341322 327162 305168 425523 196332 395425 286483 411476 564743 292868 119811 493099 452424 402300 499485 501931 335763 438919 347132 390223 252270 339196 278414 185867 451444 346076 430273 342840 380170 512712 426637 339449 407323 464865 285215 219604 510255 623470 439276 226154 321959 439398 696125 180461 277890 510050 251005 582801 257124 91905 438329 258287 269318 440516 410669 133637 152353 579436 530317 116231 459429 481824 567890 708356 469129 607814 473567 347696 349932 369936 505385 354488
575078 733313 705967 223312 725098 529208 818437 171650 501021 540660 384838 239769 813821 416986 789283 465115 111049 117677 307142 543838 797383 644683 704092 120779 387132 694213 358726 999999999 153297 247902 634989 554926 422590 692131 308143 630541 817981 165478 242079 562797 159965 348409 606648 386752 667841 622138 684128 734108 189361 431201 636906 500513 170435 694289 470664 683995 655246 517849 446687 500070 578368 532427 80995 334356 843010 370903 269511 480635 347905 421504 943540 429730 468190 833260 550138 879692 467360 299111 430658 600801 621026 630271 584258 465874 275393 817125 249791 244947 634104 642938 484362 474737 827795 836584 117018 571202 237702 706922 849298 654540
624770 813803 648605 373938 809518 376633 717294 94232 349025 628412 505054 189194 809787 294204 798098 338923 117464 240068 458377 654220 697656 657508 601631 120473 329062 701552 341322 153297 999999999 99348 644542 647621 328743 596900 409224 509169 873698 282507 227192 673389 312658 195237 708549 530172 675919 700176 688156 731402 286602 293616 601165 516702 323606 686658 584134 684154 552372 364713 295771 372317 446957 383766 117503 408206 763680 523016 416011 386641 453985 546625 1003826 469797 353218 849245 466638 913623 526231 319858 278039 599555 569787 706315 453110 410868 206076 879723 401252 254752 500428 729392 336085 627226 793564 903321 202642 631985 84865 636087 846310 683413
637640 842742 591755 461924 841209 282575 633600 115246 269641 666011 567452 179440 783337 205668 780112 246816 212362 316582 546339 706563 614906 645489 518495 213415 287129 684778 327162 247902 99348 999999999 630788 688043 259778 517957 463083 417106 885002 352980 233193 725529 407819 107048 753996 609344 660302 729622 669590 707426 346864 196260 559399 512131 417833 660608 640047 663194 469722 273194 198828 278713 350848 285170 193236 445902 691612 618800 499422 314261 508915 611438 1016411 482967 267800 834937 398137 909931 548569 333236 184625 580261 518949 734297 357066 364584 175450 895530 497588 271084 403181 763880 268398 722524 748323 921566 300465 651834 28454 571113 819878 681066
170145 366911 293462 633259 382702 767853 549751 550668 828562 334781 475958 458371 184434 535631 154859 552697 719436 546392 664793 449865 530692 17921 499794 728171 356408 59294 305168 634989 644542 630788 999999999 360623 436525 459738 419443 569769 307147 514954 417930 456767 682373 696848 423236 613453 32946 304554 52451 108423 472984 601274 187788 134650 675901 90311 450542 60289 483885 779771 699540 565673 607299 713165 572917 344828 458364 798132 607928 426082 422868 504172 429557 220297 505710 204930 381425 285418 235445 336845 718247 59144 251114 297256 607884 303736 455349 335954 738598 397326 643782 354259 855961 856858 268556 369062 751883 216541 654450 352694 217679 88151
190584 185086 634757 427148 172668 921716 875832 575202 946797 28973 203555 519981 508925 701238 446637 738450 664785 437464 413912 92333 854597 352435 799969 674639 521640 395571 425523 554926 647621 688043 360623 999999999 621480 764419 246785 825069 314808 389919 462527 96464 511167 786860 74679 322063 379997 94203 402611 453970 368372 759027 522432 310873 498375 450127 126997 416661 769403 924191 837014 764937 831059 886348 535491 242189 806915 535605 378328 644371 209413 201323 417909 250512 703103 452106 642726 429250 174158 367608 842000 387582 568463 106400 834025 525841 544859 296804 525489 421085 881203 91153 954674 562084 627480 305529 651850 144686 700185 683880 529878 296675
504169 733079 334078 574622 738815 331691 395998 255624 394690 593923 579215 188924 557600 99379 569077 121014 442806 420007 649480 672374 375147 453742 281512 447423 99913 480664 196332 422590 328743 259778 436525 621480 999999999 270975 467291 227727 729933 429839 218725 689029 559512 283312 695624 671832 460038 629525 462869 488673 398391 164901 318291 352480 563491 440388 623259 452235 232778 343249 264371 143829 211591 280193 342079 409769 435120 756899 589811 58647 507474 625245 858854 373556 81624 628590 138857 721429 451024 271938 285998 378630 267497 629974 215238 133585 149280 750436 647768 251707 265144 674368 427008 851825 498287 781015 517374 534367 288225 311366 593119 507622
598011 821048 191356 825790 834064 460968 128707 526592 556243 735459 783677 454130 487389 315506 530482 285976 712545 677060 893879 836486 106679 476753 40793 716725 318873 474139 395425 692131 596900 517957 459738 764419 270975 999999999 679927 164582 762390 678303 470543 849766 822176 507538 837618 897004 466009 739709 455539 449120 641180 353353 273412 454096 824615 409603 804981 438931 57652 483249 439098 266703 243615 393696 611237 607505 183436 1010644 832104 212345 711836 826777 875449 523155 252123 590148 147122 703796 593137 487217 471391 406467 208748 735723 239818 262326 416843 794077 907815 493096 245208 789760 603778 1100142 359793 827443 788329 640594 545875 127451 514572 547665
302384 426841 608347 217373 417576 721694 805473 347841 730655 233344 112743 316132 602445 524266 558849 568809 418167 190719 246495 245165 783087 422135 707556 428014 377014 475037 286483 308143 409224 463083 419443 246785 467291 679927 999999999 692500 526120 143333 262791 264314 283275 567558 301077 218629 450511 317962 471814 527848 123638 571914 506490 298955 273141 501393 176969 478472 666643 719767 634217 600585 675981 697774 293595 79620 776222 379478 188502 507775 45864 159093 645833 202881 544544 588861 537202 608973 195208 197512 632924 410326 524943 327110 680254 417765 350516 519630 323645 222070 731264 335311 731312 446184 669410 535925 407311 284357 470721 637726 633470 404629
681438 911725 342064 799551 921339 301657 235810 458891 400406 796499 803428 411098 631724 215535 666128 170491 626458 643535 875972 885073 222576 587626 138114 628695 316238 596560 411476 630541 509169 417106 569769 825069 227727 164582 692500 999999999 876881 656339 446039 900627 777446 379550 899739 899398 583275 817976 577500 582471 625883 226876 397325 528159 782837 538158 841577 562417 109242 325172 293935 138789 84725 234801 553114 630600 341188 979850 816839 185458 731162 849062 997738 574733 163048 727188 190328 836070 651030 495380 327562 511700 329155 816209 79667 299538 370376 904429 867332 479394 82247 866073 450515 1076671 517797 937093 710533 718922 442534 284090 661937 654092
248972 162958 583429 731243 187090 1060505 840859 785990 1111451 310785 514464 705567 329604 826736 261823 849632 920579 706870 726831 392554 823658 289330 802949 930246 639423 289010 564743 817981 873698 885002 307147 314808 729933 762390 526120 876881 999999999 662994 653588 385743 807811 966774 323916 636822 296588 221438 307229 325243 630309 891833 489085 381397 796575 355958 441755 324190 789895 1069964 986197 865917 912219 1009938 777181 483796 730100 850327 686666 727336 501540 516101 131520 404328 804342 224982 688062 139098 351462 555277 1000878 365307 555505 209695 913102 601497 714906 41273 833693 620184 950299 235500 1132588 874466 488454 71444 927118 246781 904397 647199 329357 224412
427578 569942 646826 147518 560901 628652 806960 241845 622230 376604 223964 247534 698943 461452 664658 509611 276213 47820 219676 379636 784785 521539 699151 286014 359578 573662 292868 165478 282507 352980 514954 389919 429839 678303 143333 656339 662994 999999999 211514 398706 168566 460017 441269 259009 547671 460117 566702 620561 43160 496676 558854 382469 164035 586538 307104 569859 653397 622718 541292 544039 623147 615776 165218 182574 803064 332529 161008 480994 182438 264340 785627 296687 496596 702196 531185 735783 317880 206484 533897 491820 560151 468831 628266 423118 287899 659133 238383 185220 680054 478640 615742 423099 739838 676861 265188 417336 354544 662780 732631 518687
405309 610488 464623 357632 609793 463323 599171 134488 484327 438711 375231 57454 587184 262335 572065 308168 306614 206517 430957 492861 577221 430575 489332 314666 152808 475483 119811 242079 227192 233193 417930 462527 218725 470543 262791 446039 653588 211514 999999999 511168 352869 325692 531905 455821 449633 497831 462701 508002 179871 309280 395753 289559 354531 464784 433175 459652 442848 463751 376903 341128 418626 435694 166098 224041 607693 541515 371093 269550 306855 421540 784743 250141 288951 622361 323865 687100 315700 100073 379896 374956 379213 502064 423343 226440 87763 662930 437341 42171 475002 533967 494174 634373 587660 688601 355190 418642 251057 469287 623488 456867
286897 233791 727190 401188 213832 974453 964181 610538 990842 122197 180942 567858 604288 762203 540999 802339 673839 446164 369768 19176 942659 448815 884141 683543 590263 491988 493099 562797 673389 725529 456767 96464 689029 849766 264314 900627 385743 398706 511168 999999999 491892 828463 63819 265639 476446 178043 499072 550355 387001 816581 614959 399355 477700 546440 92412 513079 851331 974750 888032 830822 900380 944068 557166 287452 899878 479344 347138 717155 219432 157021 471953 328369 770276 543268 722833 510473 256708 423705 889798 481961 658246 190016 903763 603600 597225 360566 489581 468997 952391 150398 993919 491411 723911 361716 648021 241138 734344 774392 624324 392818
584155 696222 808411 93641 683253 689063 950462 323140 657700 504844 313118 370646 866641 567859 830481 616607 239534 149315 163755 474458 928726 688339 838649 246759 505672 740770 452424 159965 312658 407819 682373 511167 559512 822176 283275 777446 807811 168566 352869 491892 999999999 507890 546384 263946 714944 593767 734355 788578 211583 587634 724633 550659 15410 755027 401795 737916 790902 677364 606631 651774 730960 691956 226734 342881 959019 211015 149913 615401 306846 336332 924145 462868 614410 865713 676173 891821 475147 371324 590485 660343 721705 603984 736675 576960 410361 798898 90982 338031 787377 602319 637523 314776 907662 812726 175095 567631 397376 819537 899985 681355
722690 935314 613761 566663 935213 182150 610621 220741 163275 763765 673342 268729 835687 197794 840301 221604 292323 423395 651190 809617 594303 712712 499644 290498 341407 747382 402300 348409 195237 107048 696848 786860 283312 507538 567558 379550 966774 460017 325692 828463 507890 999999999 854506 716208 724294 823133 730891 763234 453129 155223 600431 587681 518807 715285 744324 722492 453600 169476 107900 244702 301519 199352 299555 545576 688964 718072 605565 326661 613421 717649 1098239 570540 258905 897683 410955 980664 640111 424701 84095 642651 550741 827025 307715 408631 252451 980160 596187 366227 346053 859656 168539 822371 781382 1007565 382531 740843 110803 582356 871768 755251
253968 170019 703843 457449 150050 993027 947679 640047 1015467 103314 233284 589277 559094 774339 493669 812122 717482 489083 430749 75892 926609 413367 873503 727281 595849 452746 499485 606648 708549 753996 423236 74679 695624 837618 301077 899739 323916 441269 531905 63819 546384 854506 999999999 328410 439645 126835 461685 510376 424661 831431 591655 383604 532608 511158 144831 476717 843472 994892 907774 838933 905484 958884 594174 308963 875159 542587 404667 718993 258923 215914 408135 325184 777244 491205 717129 451511 248775 438905 911794 454844 639822 137799 908487 600476 615604 297521 549041 490073 955779 90355 1021651 555086 686548 297989 697238 207412 764841 754568 576804 352052
466458 496006 825406 172026 477691 887370 1023264 500415 876849 329326 137908 500552 789311 715362 736622 762586 489459 292819 110896 252648 1000865 612472 923473 498070 587941 663906 501931 386752 530172 609344 613453 322063 671832 897004 218629 899398 636822 259009 455821 265639 263946 716208 328410 999999999 641751 415994 664307 720412 278344 754194 721257 506587 248537 700737 195074 673731 881281 880887 800146 796233 874290 874559 417058 296183 994328 214739 118428 717131 196061 121335 734269 410923 744712 755051 752847 747977 378022 410723 791973 614774 742838 428049 879077 634684 539566 617208 234443 420187 930778 405640 866256 246315 874767 622545 437626 432334 608163 856184 816716 578674
189873 370935 291949 665018 388253 790487 549856 581921 853477 355187 503993 489125 152306 559378 122535 574465 751848 579294 695292 470560 531550 29315 506492 760545 383143 26374 335763 667841 675919 660302 32946 379997 460038 466009 450511 583275 296588 547671 449633 476446 714944 724294 439645 641751 999999999 317756 22985 78661 505772 624939 192602 167582 708365 72261 475058 37123 493617 803074 723913 585974 624474 734549 605444 376608 451478 828645 638899 446407 452615 530849 414470 252522 526961 174641 397008 261671 263940 369539 743456 81913 258976 309516 624773 326600 484974 328201 770519 429690 658937 366476 882000 885925 247519 361618 784752 235311 684302 353720 185041 91651
142125 113664 592927 513414 112168 944656 843245 620712 979005 90105 293536 554436 432434 716798 366835 749643 729692 506454 505591 179947 822869 292967 777375 739533 530399 328927 438919 622138 700176 729622 304554 94203 629525 739709 317962 817976 221438 460117 497831 178043 593767 823133 126835 415994 317756 999999999 339135 385809 432881 778032 481969 290291 581720 389905 221034 354853 751614 949577 862738 773065 833537 903712 593252 292962 761657 629013 466946 644181 287281 294953 330478 258582 710295 365680 630110 335699 183860 398432 871216 342767 535658 12295 835860 519874 573782 206296 614242 458599 880407 50443 991670 656210 562970 218999 725052 99580 744690 647395 449978 228007
212669 389038 277496 685703 406946 791995 535550 593998 857187 377947 526600 500450 132286 562233 110564 575432 766384 597471 716983 493323 517694 52158 496199 774970 389485 19061 347132 684128 688156 669590 52451 402611 462869 455539 471814 577500 307229 566702 462701 499072 734355 730891 461685 664307 22985 339135 999999999 56290 524563 627614 182922 185097 728012 52532 498041 17418 485355 805211 727176 585616 621447 734957 620401 397273 433762 850333 660281 446373 474667 553695 421419 272647 527549 166829 393274 261742 286379 385267 747559 89355 250524 330653 621517 329292 494618 340445 791013 444302 654281 387511 886887 908268 225074 373912 801121 257941 694051 340422 166191 111779
265491 425496 262248 741250 444964 813270 517298 637180 883130 430148 582651 542609 79723 587416 83885 596405 813472 650232 773188 545393 500934 107953 489884 821862 423081 58538 390223 734108 731402 707426 108423 453970 488673 449120 527848 582471 325243 620561 508002 550355 788578 763234 510376 720412 78661 385809 56290 999999999 578166 652079 185736 238149 782506 48285 552602 50724 484630 827846 752525 603537 632912 753939 668386 452888 405224 906533 716339 466068 530957 609276 428410 327922 547976 145140 405001 255000 342569 435005 774647 133621 253484 376564 632430 356302 533766 361907 846372 492156 661605 432809 915286 964514 177829 395033 851115 309741 732701 327391 115606 158334
391136 544454 604914 186609 536868 615817 769668 232451 616311 352586 220806 222222 656737 437071 623464 484471 297254 77285 253192 367826 747413 479929 663218 307112 323285 531846 252270 189361 286602 346864 472984 368372 398391 641180 123638 625883 630309 43160 179871 387001 211583 453129 424661 278344 505772 432881 524563 578166 999999999 476562 516012 340020 207194 543742 297554 527448 618177 611547 528088 518332 596780 598624 170192 146854 762456 371388 192180 447577 167588 264577 754804 255799 468254 662042 494206 698662 281866 164331 523283 448985 518315 440933 601689 383832 261467 628313 280805 149018 653465 454927 613561 458976 696682 647364 296984 383737 351879 622104 690616 479156
659926 885375 473323 627130 889187 168845 455582 265575 231484 732907 684058 256620 719066 65648 733198 68097 408590 471764 709249 798748 439109 618415 344453 409653 253014 645485 339196 431201 293616 196260 601274 759027 164901 353353 571914 226876 891833 496676 309280 816581 587634 155223 831431 754194 624939 778032 627614 652079 476562 999999999 476800 511669 595602 603834 741640 616743 298721 178674 100794 89697 155012 127549 361595 529558 535761 797156 655382 190453 616134 730274 1021553 519459 112013 793006 269638 886304 595413 393248 126730 543506 419722 779712 161267 298425 221528 910787 678600 350750 206970 820262 268205 898741 646752 940689 496105 686439 219398 435676 754066 670909
340542 553513 112325 698022 568284 633170 363042 509473 708165 494271 590909 414817 243831 413998 269616 417321 698110 576606 748159 604678 343522 204272 313894 705359 273752 201783 278414 636906 601165 559399 187788 522432 318291 273412 506490 397325 489085 558854 395753 614959 724633 600431 591655 721257 192602 481969 182922 185736 516012 476800 999999999 220673 721991 140842 588784 166820 302590 649087 577576 421475 447457 572032 561803 426951 284982 877839 686763 287172 525368 627805 604211 311982 368780 330861 220249 438767 364794 353313 602079 139464 68260 476296 446868 194900 395393 520692 796641 394104 475983 532400 743785 951954 192850 554075 750936 386056 586579 166056 277953 275930
154169 385080 331250 506642 393564 680513 565220 423830 730100 281989 373027 334877 316930 447107 288800 473374 586688 412411 545292 387676 543873 144316 490390 595578 258698 193943 185867 500513 516702 512131 134650 310873 352480 454096 298955 528159 381397 382469 289559 399355 550659 587681 383604 506587 167582 290291 185097 238149 340020 511669 220673 999999999 544870 205230 368221 187429 462312 689212 604966 493004 548021 632344 439780 220578 504313 677885 486090 358678 310907 408223 512253 96384 430334 334931 339822 398455 144837 203247 619498 111832 258964 288130 549897 232281 338090 399131 610711 265368 592684 339182 752118 743953 370521 429095 617347 190904 533973 375352 351277 168937
574783 683459 807249 78490 670238 699599 953061 330503 669736 492556 299427 374573 860281 574368 823152 623186 253432 149099 148738 460371 931239 681521 841765 260829 507281 734084 451444 170435 323606 417833 675901 498375 563491 824615 273141 782837 796575 164035 354531 477700 15410 518807 532608 248537 708365 581720 728012 782506 207194 595602 721991 544870 999999999 749607 387911 731900 794254 688265 616650 658359 737684 701358 234127 334834 959328 201795 134762 618911 295216 321854 912176 455999 619877 857588 678272 882057 466104 368782 601070 655045 720507 592047 743350 577385 414603 787144 84503 337951 794236 589507 650260 304817 903857 800599 190345 557358 408132 819593 893381 673124
259551 441570 227478 711695 459445 765287 485176 592511 834856 424647 563747 497586 123231 539143 130674 548395 771007 614152 747764 539867 467750 97871 450385 779245 375542 68199 346076 694289 686658 660608 90311 450127 440388 409603 501393 538158 355958 586538 464784 546440 755027 715285 511158 700737 72261 389905 52532 48285 543742 603834 140842 205230 749607 999999999 540650 35521 442441 779738 704259 555921 586652 706225 626809 424452 381357 880867 689590 418131 508164 593202 465848 299042 500003 191731 358415 297924 323398 395688 726363 94815 209077 381746 586314 308068 487534 390395 815932 450860 616569 438721 867020 942751 178246 423830 811169 305620 686109 291400 159816 163663
288680 304665 699375 312627 288222 895634 924376 524807 907308 136242 89117 488684 615157 690152 557256 732372 581683 354360 289819 73812 902385 446030 837115 591368 526729 494363 430273 470664 584134 640047 450542 126997 623259 804981 176969 841577 441755 307104 433175 92412 401795 744324 144831 195074 475058 221034 498041 552602 297554 741640 588784 368221 387911 540650 999999999 509927 801020 894649 808521 762385 834693 868611 467309 214000 872338 408937 260171 656404 131179 74853 541649 283463 703432 569426 671023 554622 224308 352617 808476 464709 624236 233144 838463 550140 520511 422734 405546 391235 888274 212264 908278 436301 718633 429448 555815 248671 647533 740877 639478 401241
226285 406204 260176 691168 423978 780361 518215 589929 846837 391601 536247 495842 130018 551516 117811 563603 764434 599533 724247 506945 500409 64409 479625 772909 381257 35231 342840 683995 684154 663194 60289 416661 452235 438931 478472 562417 324190 569859 459652 513079 737916 722492 476717 673731 37123 354853 17418 50724 527448 616743 166820 187429 731900 35521 509927 999999999 469399 793933 716606 573056 607536 722733 618955 402939 416458 857549 666966 434103 482836 564310 437396 277759 515544 176378 379197 275250 295731 384891 737500 84707 234703 346562 607499 318802 488662 357650 796131 442714 639630 403498 877273 917001 210842 391116 801012 271994 687996 323242 165306 128184
