NAME : synthetic_000327
TYPE : CTSP-D
DIMENSION : 100
GROUPS : 8
RELAXATION_LEVEL : 1
EDGE_WEIGHT_TYPE : EXPLICIT
EDGE_WEIGHT_FORMAT : FULL_MATRIX
EDGE_WEIGHT_SECTION
999999999 129140 749864 461466 421142 793502 218289 124078 819949 651851 827312 513707 456509 173832 482796 492186 629537 469793 780628 276896 437580 781429 797090 443543 374473 286128 617605 383263 225892 836925 140295 237593 610257 437514 136860 456399 728902 74843 307710 65830 443281 184495 388589 750419 520942 260400 761728 438174 206165 589507 743146 877954 415098 477071 754259 319810 739204 336112 664676 776899 518735 766073 390457 86797 687336 354557 771396 213691 584452 470634 564161 820421 316692 68643 390368 778087 655025 394894 390168 184262 403881 150433 365849 465561 71978 498212 64030 506431 376801 522123 380570 658647 462551 259254 427548 533705 491988 451597 202548 749499
129140 999999999 845434 567252 532161 915313 344089 178147 938559 685228 858540 407687 572222 302755 564604 563650 676782 393799 797354 209323 346823 854263 865551 557800 494198 347308 698236 300606 342593 957994 192095 108508 658478 442959 134567 562655 835388 149348 425445 151893 545131 277776 460528 859348 405420 389324 816727 327240 281290 613255 834885 905830 452266 564726 853063 442645 849177 442573 783826 791226 489749 779765 519060 115943 752620 456936 827249 312961 582953 380440 601892 925581 445703 136242 517845 839847 644017 523723 518592 262964 389404 36756 475336 594106 126484 479904 171433 523948 282407 542237 254688 773275 359624 387810 428053 645134 617601 330872 315545 848727
749864 845434 999999999 844466 344539 331470 675245 668115 287224 431275 477710 1006593 772199 629312 971851 313938 358285 865395 546147 791845 903970 189333 224987 780138 720553 919951 181013 855158 533267 335947 854280 934622 357044 580347 882659 839566 108485 698394 463590 698828 859655 569693 951416 136456 1057352 613760 309715 980476 564966 482627 35204 519324 481710 283031 30995 689364 147441 798805 268082 558413 705068 558441 591906 833714 241410 823886 305859 798524 598794 917746 420402 124122 558652 806837 484094 267350 654837 581495 598239 582524 651295 879673 391678 488360 815096 661900 687662 521184 888595 507571 1013077 211188 962507 571439 599147 252174 664557 1035448 550458 34427
461466 567252 844466 999999999 534062 692279 273908 549457 747091 967949 1129339 972241 77038 356780 141430 740463 915932 929033 1118889 737144 899040 966766 995636 64995 133012 272004 804198 844452 442896 735839 386036 660426 897281 831797 457832 5830 766990 512144 449484 499842 32707 513590 193076 768103 972654 290913 1007975 893669 558802 933629 857513 1183596 763336 675673 831350 186216 752179 125513 621984 1120320 945589 1111639 253628 453508 913192 110861 1013856 254307 972115 932094 883258 848925 312143 431051 365596 1001472 1050970 263688 247281 543228 825539 567117 517154 359117 440834 915215 474611 872966 837872 882010 815731 656985 922115 337736 829566 595252 202837 896739 457615 825253
421142 532161 344539 534062 999999999 398335 332138 365774 411562 466268 610068 788216 470607 285470 648087 227873 401771 671948 620123 538576 686235 435063 462548 473810 402303 576170 270194 628844 196055 437282 513111 632510 385163 436593 547650 528584 308548 383120 119812 380338 542853 258187 614659 329278 824901 273376 476160 740085 272623 457756 346694 663882 331525 149310 342724 360322 318157 467094 261087 625110 577951 618625 285546 500409 380220 493337 481377 454578 536949 709491 393998 400520 226294 471515 173652 467504 615235 277103 291601 282683 477622 562993 57125 224176 480795 535236 363408 431078 651016 430765 739616 241979 737417 228609 446693 113035 391346 782476 218808 337368
793502 915313 331470 692279 398335 999999999 633951 759448 63905 728247 803819 1184342 615349 628766 833157 536204 651994 1061832 861396 936823 1081568 520699 556433 629504 599738 859830 456438 1025071 573136 45521 851826 1020270 644437 801914 902899 688943 225585 769899 490559 764965 717247 651941 850254 195014 1222738 568120 636013 1138215 670441 759180 365242 848065 692970 462554 301208 596367 184992 696738 137769 872082 941542 870255 479166 861438 555017 715775 633533 750552 865304 1103262 691015 241834 501531 830022 415272 597010 933874 468867 484162 679136 856951 942529 453662 362828 840905 897124 743890 769204 1048691 761455 1135777 176371 1134181 545913 816324 297625 489604 1180702 601338 297095
218289 344089 675245 273908 332138 633951 999999999 280953 672144 711862 880139 727426 249189 83342 345170 498586 667655 666685 858899 478873 644671 758587 782578 239436 162509 244869 589389 587465 181177 679247 221602 450535 648323 558695 282249 268196 624891 249930 218584 238169 265959 240419 289079 637850 738174 66516 776013 654379 285423 669764 678763 933970 495503 448542 670776 103911 623904 162454 520675 858999 671884 849682 180154 251445 686469 188470 783476 124114 700605 676644 624640 715979 132714 220373 219737 778270 778821 186748 178537 269389 551831 357539 294090 277218 232125 641308 211066 603761 587211 614105 598111 532012 675385 103809 555952 428032 273814 669853 189283 665124
124078 178147 668115 549457 365774 759448 280953 999999999 776906 530169 705579 462070 530142 206785 590735 387223 511922 386799 656803 204953 371072 678231 690900 520126 443232 406504 520406 312296 193674 800354 264373 269051 492938 314213 252126 543965 662402 49248 272012 59455 536181 107777 503308 687887 484416 297411 647869 398055 103274 466045 656975 755645 293165 386723 676563 383703 678559 427741 624282 652935 403846 642076 423135 204233 578861 449846 657973 319275 461358 401562 443214 751515 335172 192079 388505 667774 533244 424500 424702 86114 285889 213589 308726 469934 193565 379714 77576 382389 319132 398214 376866 607623 409246 275322 305107 477398 538913 429202 163417 672370
819949 938559 287224 747091 411562 63905 672144 776906 999999999 700378 764292 1188913 670054 660111 887312 523142 624425 1061650 827603 946266 1085548 475893 511138 683571 649473 903652 429562 1030247 596137 48909 886677 1041634 618551 793913 934541 743539 187907 791109 513312 787063 771061 669143 899757 153697 1230097 605750 596122 1146657 683728 737417 322070 806528 685716 455170 256288 641999 147867 745011 155316 838989 931392 837915 525583 891409 520270 765085 592731 791461 847078 1105706 670091 185650 539460 860408 452408 554571 912638 515024 530900 694244 853057 967276 468360 407865 870973 886921 767431 754736 1056051 745490 1151095 173036 1139736 579652 809463 303242 545130 1191904 623079 252983
651851 685228 431275 967949 466268 728247 711862 530169 700378 999999999 175470 670672 915870 632846 1056954 238414 76254 520386 154043 535081 579830 290071 274547 915001 836023 916150 271843 549058 530968 746168 790243 734022 86018 258712 782032 962154 513476 578161 520211 586096 968656 489362 993335 548681 732385 678375 177263 673620 452709 83093 397877 226635 237008 319326 459962 782163 552680 872803 615139 158924 325499 152964 738965 734396 192695 899370 188693 806635 190205 581123 88682 555387 659652 720493 633874 223855 228155 732302 744394 474476 334178 721580 460662 690416 723062 291831 592889 170866 591130 150744 749320 559416 639155 630600 278640 482633 853577 738802 524128 460856
827312 858540 477710 1129339 610068 803819 880139 705579 764292 175470 999999999 804278 1073317 802913 1224335 389241 213514 656421 107752 699118 722357 294118 262343 1073870 996538 1089898 367814 699631 698987 812703 965579 902600 232441 423134 957336 1123599 578658 753624 679855 761563 1132118 663055 1164450 611227 868818 842596 168174 819154 627423 246143 442591 54264 412443 460929 508695 944918 619423 1039456 710186 123160 456282 131598 892003 909811 253729 1066197 171955 978794 315880 718138 263487 594409 818068 895953 782734 212190 310825 884463 897748 649294 493616 894674 614403 830701 898530 432736 768181 336879 742798 317631 905686 650848 779557 794229 441599 602179 1001410 885862 694429 511606
513707 407687 1006593 972241 788216 1184342 727426 462070 1188913 670672 804278 999999999 970198 663826 971116 693067 706786 150291 707413 258248 103644 935479 930739 957216 887355 750798 827960 159380 650743 1220653 598752 335286 695661 433510 534302 967423 1038962 480208 721197 491178 951470 555568 865264 1070790 66176 755863 844920 83551 524597 588240 983386 834004 524996 741413 1025399 830977 1065791 846836 1046592 694835 348882 683524 884074 523606 824126 862824 856576 718811 490031 90607 622239 1116299 797176 542413 847705 886479 501304 885934 885290 522430 357610 416089 735890 929648 533447 378893 518701 511159 142968 530021 202975 1015993 52825 737188 413164 887514 996638 124061 620646 1023078
456509 572222 772199 77038 470607 615349 249189 530142 670054 915870 1073317 970198 999999999 327526 217930 684127 860584 915484 1068310 726353 891201 899828 929553 18553 87692 314297 739713 834776 400905 659003 403555 671579 842334 795892 475541 73596 692468 497832 395671 485820 103111 480451 255362 692720 975846 248946 946511 894241 525667 886432 786367 1127554 720458 615578 758197 147952 676736 140222 545697 1070565 916083 1062331 185720 463123 850812 140325 951911 266103 932415 923611 833039 773426 256219 437129 298757 937690 1012090 195004 179503 512280 796346 577014 458978 284859 447896 883292 459174 830746 832151 838419 825397 581807 918882 291833 795415 524882 126233 903053 419502 752086
173832 302755 629312 356780 285470 628766 83342 206785 660111 632846 802913 663826 327526 999999999 425915 426563 591586 593457 778324 409937 576447 696713 718656 319283 239866 299551 527275 518154 106915 673122 230024 411263 572111 475390 274492 351036 590414 183823 165795 173335 349300 157089 361804 607380 679816 92072 705237 594486 202150 588329 629150 856465 413159 384092 628193 179642 594584 245150 505321 778034 589864 768546 221736 232876 618373 270760 713222 180131 617320 607538 545042 682500 142966 201318 218374 710668 695484 224837 222389 186527 469869 323490 238682 291868 212327 558629 145955 520924 521746 531585 550373 507324 611226 85839 472815 391483 333164 616175 108718 622837
482796 564604 971851 141430 648087 833157 345170 590735 887312 1056954 1224335 971116 217930 425915 999999999 839478 1011295 949581 1203935 756887 909779 1083150 1110246 203758 251346 222880 916979 859609 526020 876904 372608 642432 992101 893877 437754 144393 899402 546656 550401 534524 116381 579530 109318 902508 961906 383768 1113814 889147 622958 1014241 982582 1278311 838756 782007 960617 287811 886762 185113 758983 1203848 994535 1194416 380869 449087 1021335 158290 1120556 271611 1038910 943403 969810 983476 421803 434918 488149 1111686 1115409 391518 374605 604349 875922 555334 623017 493017 442109 968919 513163 945518 845999 956857 796059 791168 924031 432364 888603 720304 344100 881575 534022 954571
492186 563650 313938 740463 227873 536204 498586 387223 523142 238414 389241 693067 684127 426563 839478 999999999 176681 553799 392348 481532 590211 291020 304978 684634 607547 723569 140375 541250 319832 563256 619207 641013 158930 273581 628996 734743 352829 427174 291200 431178 744085 309395 786870 386813 743414 455983 278755 666861 287677 236326 292776 443496 169285 83688 332359 556868 384775 654379 408011 397237 408504 390799 503770 578968 195926 681214 286970 606377 331648 604694 169403 424385 428870 557754 396525 287815 404759 496592 509401 308887 339945 599854 225428 452043 563361 364074 428322 233018 575103 226002 704835 359947 648608 407388 290781 257923 616222 722801 321696 330130
629537 676782 358285 915932 401771 651994 667655 511922 624425 76254 213514 706786 860584 591586 1011295 176681 999999999 557267 221957 546112 611140 232573 224234 860824 783196 882455 195602 574401 486696 670068 764840 735714 19586 278226 763412 910185 437827 557976 466460 564636 918603 457130 953390 473104 765971 629150 144372 701327 425000 129513 325638 267735 225256 252798 386330 731405 476827 826310 539452 229275 371243 224863 680427 714487 125774 853079 155768 769056 246982 616283 85338 482327 604956 697731 572609 180418 296898 673192 686071 447115 356358 713509 402096 625024 701463 332671 568028 195673 614809 176811 766594 483421 671130 580751 299046 409919 792109 764570 483605 386946
469793 393799 865395 929033 671948 1061832 666685 386799 1061650 520386 656421 150291 915484 593457 949581 553799 557267 999999999 561921 193026 73221 786989 781412 904629 829193 738626 685348 94051 558973 1095981 581867 359151 546591 287093 528341 923773 904123 417972 620380 430129 912377 462642 849631 936940 212911 683214 694745 169415 424789 437958 840799 688041 384535 608630 885562 770065 933022 804441 924749 549932 200151 538423 805579 504207 675877 823913 706396 683340 341084 61717 473089 978183 714803 514999 753642 736625 358818 805807 807726 427990 214133 414572 623298 835235 508513 228645 456419 361868 125312 380458 281304 889753 124127 656679 267310 764250 924037 236221 530272 883575
780628 797354 546147 1118889 620123 861396 858899 656803 827603 154043 107752 707413 1068310 778324 1203935 392348 221957 561921 999999999 623708 630301 374515 347153 1066999 987535 1053870 408903 612594 679034 874995 920686 831264 236407 354635 905134 1113078 639777 705875 672724 714991 1118556 629582 1136171 673984 772725 828482 243625 727887 589891 192196 511119 126709 369711 472548 576615 932784 680198 1020768 756251 15531 363149 24526 892522 859516 307334 1047136 251124 948317 227443 623430 235634 667685 812192 848876 787874 293535 207984 885981 897901 610935 417446 832588 614457 844206 850171 345433 725070 275220 656028 258640 821041 698639 685907 781173 370712 631667 1007555 794999 669931 578660
276896 209323 791845 737144 538576 936823 478873 204953 946266 535081 699118 258248 726353 409937 756887 481532 546112 193026 623708 999999999 166511 755324 758662 714824 641008 548091 621771 108598 392560 975003 391400 209471 530393 276842 342618 731951 808960 228943 464271 240754 719885 297778 657895 838625 287179 501468 690484 201653 269128 455053 773349 741340 328674 513309 806598 582746 831849 612209 799294 615327 287942 603544 628052 314045 645594 631288 701856 490341 398961 197886 462768 892078 539951 322885 589488 723062 449992 629452 629559 265188 206459 236173 484232 671416 316918 286066 267816 364543 115609 384539 224171 773488 205526 480223 257707 643055 742993 246636 362427 803453
437580 346823 903970 899040 686235 1081568 644671 371072 1085548 579830 722357 103644 891201 576447 909779 590211 611140 73221 630301 166511 999999999 837519 834229 879224 806450 694119 725925 59327 555063 1117586 538327 298119 599076 334827 479923 893979 935376 394906 622902 406536 880367 459020 807015 967163 155465 667952 751496 97784 425791 496808 881214 755812 422749 637790 922437 748583 962147 773642 943858 618752 267179 607136 794172 461026 725997 791519 763163 648696 406482 33644 526025 1013004 705470 475436 751890 791449 429519 795380 795772 425196 257601 363060 634583 833893 467780 290601 433793 415724 64727 435134 208576 912682 60049 645992 314178 784487 909490 164974 525299 920048
781429 854263 189333 966766 435063 520699 758587 678231 475893 290071 294118 935479 899828 696713 1083150 291020 232573 786989 374515 755324 837519 999999999 35956 904836 836301 996177 169502 796865 591176 524743 904180 928356 240960 502694 918264 961423 296121 717897 540140 721559 977109 597311 1046166 325716 992938 705109 130899 924472 578341 360952 155567 332221 426759 312800 219963 795370 336107 901564 445987 388273 603775 390453 714330 868187 111539 927971 124041 875670 477217 844875 314348 300858 661351 845739 601478 82174 517451 704849 720613 599284 580191 890586 464798 626343 851933 564726 717407 425458 835449 407554 979211 386365 897546 658015 523351 380075 804998 985630 599598 223759
797090 865551 224987 995636 462548 556433 782578 690900 511138 274547 262343 930739 929553 718656 1110246 304978 224234 781412 347153 758662 834229 35956 999999999 934160 864590 1018193 193645 795514 612469 560016 922294 936525 235193 499856 933927 990244 332018 731905 564627 736098 1005288 613720 1070895 361425 989377 730522 104964 922934 592530 349594 191421 298484 430214 334726 255500 822451 371943 927847 481681 361344 594307 364269 743886 883883 113819 954372 96276 898231 463997 840180 308513 334630 688557 862290 630889 54101 499546 734557 750141 613835 577851 902065 489646 658082 868107 556610 733170 419606 834939 400975 981887 421997 894272 683014 520649 412249 836550 985098 619461 259399
443543 557800 780138 64995 473810 629504 239436 520126 683571 915001 1073870 957216 18553 319283 203758 684634 860824 904629 1066999 714824 879224 904836 934160 999999999 81123 295874 743535 823112 396344 673388 387180 656347 842423 790141 459258 60687 702062 486716 394939 474623 87794 473616 237357 703108 961990 243789 949109 880776 518909 883974 793607 1128128 716597 617481 766738 140641 687185 122810 557160 1068987 908774 1060607 190628 447867 853760 121974 954708 250009 927776 911773 831517 783933 255874 422334 303360 941261 1007259 200388 184314 504943 788887 561871 459978 294184 432977 876565 448211 826768 819748 834845 810478 591991 906083 288120 789203 531598 141606 888673 413874 760636
374473 494198 720553 133012 402303 599738 162509 443232 649473 836023 996538 887355 87692 239866 251346 607547 783196 829193 987535 641008 806450 836301 864590 81123 999999999 276368 672482 749561 315270 644747 336644 596493 764611 709119 407215 127341 648901 412142 316750 400260 140836 393005 250530 653219 895241 162675 875205 812632 438261 803656 731676 1050800 635637 542795 709300 60260 637651 99241 513233 989288 828506 980788 130044 389157 780652 116096 881179 200266 846661 838619 751940 734158 179144 361282 237328 869327 926136 140815 123880 424672 708727 501877 384162 245454 372502 795928 373340 745765 748201 753967 748625 541965 835671 207422 708325 469237 140904 824173 332796 703259
286128 347308 919951 272004 576170 859830 244869 406504 903652 916150 1089898 750798 314297 299551 222880 723569 882455 738626 1053870 548091 694119 996177 1018193 295874 276368 999999999 826699 646612 405906 905337 156792 419968 862870 720253 216495 269565 868785 358228 459821 347167 241375 426876 114732 880525 739647 308560 1002169 668259 464296 861675 922829 1142433 684230 683637 915645 264313 866217 179781 756572 1051531 804665 1041168 381499 234424 917064 174038 1010529 121630 867437 727742 827469 959399 370518 226813 456006 1009432 939738 391496 376913 443013 689934 334759 534939 497020 231567 784251 331846 783578 629709 797696 573220 772942 704827 348594 711599 672708 415752 658938 401888 909990
617605 698236 181013 804198 270194 456438 589389 520406 429562 271843 367814 827960 739713 527275 916979 140375 195602 685348 408903 621771 725925 169502 193645 743535 672482 826699 999999999 678735 421979 474744 736993 779202 188994 399584 754073 798736 244525 557147 371158 559826 812949 433117 877409 279954 880188 536880 213704 805137 418260 309732 155503 418553 303190 143744 204137 629262 282518 734283 347387 418501 524518 415776 554068 704066 117030 760836 216897 706168 423165 738593 244205 300170 495535 680473 441119 198197 484616 545096 560247 438310 471458 733968 296049 475547 687167 481150 553655 340941 713670 328059 845195 289823 784956 489420 418583 236474 652215 862078 431266 203244
383263 300606 855158 844452 628844 1025071 587465 312296 1030247 549058 699631 159380 834776 518154 859609 541250 574401 94051 612594 108598 59327 796865 795514 823112 749561 646612 678735 999999999 495738 1061573 490043 266647 561161 296192 435012 839315 882966 337537 563836 349327 826536 399716 758396 914276 202538 609464 716822 127619 366779 466096 833486 736239 376075 585189 872686 691343 908828 719262 887310 602051 252514 590278 735269 412398 685416 737778 728455 595773 385640 89388 489069 962084 646353 424691 692577 754715 419158 736383 736927 365935 218047 320634 576664 774581 417680 267567 376413 380889 43440 400805 209275 857253 109535 586958 275365 728434 851022 190286 465973 870096
225892 342593 533267 442896 196055 573136 181177 193674 596137 530968 698987 650743 400905 106915 526020 319832 486696 558973 679034 392560 555063 591176 612469 396344 315270 405906 421979 495738 999999999 615532 321187 447151 467319 396223 351869 437066 504557 197096 82858 191836 440310 96459 467463 525094 676749 152675 598416 590346 136079 491446 530429 752799 320619 278377 534797 257250 513621 341926 441261 679614 522438 670555 252739 304373 511504 368437 606351 287033 531535 583345 444130 596450 160348 275707 196989 603820 611185 251144 255978 131005 404830 371210 142546 278975 284829 486798 171302 430586 508137 439193 568602 432914 598071 109851 397187 308064 375102 622875 30339 529732
836925 957994 335947 735839 437282 45521 679247 800354 48909 746168 812703 1220653 659003 673122 876904 563256 670068 1095981 874995 975003 1117586 524743 560016 673388 644747 905337 474744 1061573 615532 999999999 896809 1062479 663667 832037 947412 732592 235271 811950 532785 807263 761170 692677 895229 201640 1260215 613344 644531 1176094 709859 781239 370718 855188 723384 492533 305040 641824 194800 741936 176316 886226 970608 884975 524600 905636 567702 760815 641259 796037 889657 1138619 713554 233660 546759 874288 460363 603265 956377 514319 529573 719200 889208 985604 493271 408343 885115 926135 786566 795728 1086103 787096 1176163 206561 1170888 590626 847053 333143 533034 1219650 643410 301654
140295 192095 854280 386036 513111 851826 221602 264373 886677 790243 965579 598752 403555 230024 372608 619207 764840 581867 920686 391400 538327 904180 922294 387180 336644 156792 736993 490043 321187 896809 999999999 275346 745400 577374 72175 381978 819923 215132 393494 205708 360977 310406 268690 837343 592102 285014 893556 517210 339845 729312 851557 1016680 554042 593770 854988 296944 824599 265720 732803 917080 652869 906284 398752 77670 815133 275348 902827 137689 724094 571970 702134 912055 351240 73678 436624 906886 793668 406342 396261 317736 540707 184142 462752 498634 76118 634896 197431 646691 474157 662280 430766 737053 551427 307035 566914 621087 473135 513679 306765 849793
237593 108508 934622 660426 632510 1020270 450535 269051 1041634 734022 902600 335286 671579 411263 642432 641013 735714 359151 831264 209471 298119 928356 936525 656347 596493 419968 779202 266647 447151 1062479 275346 999999999 718472 479668 205530 656173 931453 250600 529739 255316 636106 374923 534674 956809 319722 497485 878836 251771 370711 656758 921688 946662 511100 651842 944262 547030 947308 537775 887491 823369 495629 811628 626897 208481 822747 549565 889824 407526 607919 329980 655870 1020458 554209 235219 625938 906435 659206 631750 626290 355048 414013 94664 575406 702534 224083 495520 277315 565848 235277 585361 155436 874406 293871 496267 461869 744989 723193 239239 419074 940218
610257 658478 357044 897281 385163 644437 648323 492938 618551 86018 232441 695661 842334 572111 992101 158930 19586 546591 236407 530393 599076 240960 235193 842423 764611 862870 188994 561161 467319 663667 745400 718472 999999999 265069 744289 891528 432876 538841 447861 545425 899749 437571 933911 468259 754188 610156 160594 688361 405572 126306 325205 286605 207569 236624 384357 712583 471349 807147 529579 242909 363538 237830 662644 695305 131380 833907 171786 749505 243708 605079 73512 480738 586550 678410 555316 193838 298039 655510 668251 427690 343192 695218 384159 608804 682196 323883 548653 184746 601171 166612 751605 474301 659113 561795 285894 396879 774938 751139 464086 384664
437514 442959 580347 831797 436593 801914 558695 314213 793913 258712 423134 433510 795892 475390 893877 273581 278226 287093 354635 276842 334827 502694 499856 790141 709119 720253 399584 296192 396223 832037 577374 479668 265069 999999999 554834 826021 626405 363184 426489 373664 824602 318315 813316 660365 490247 546959 421128 423294 273284 178218 554717 467095 109019 339570 601753 649645 658061 719093 668338 348275 141722 336806 644441 511234 391178 743805 432728 625982 147191 343045 192912 695884 553336 504074 562610 458524 221561 641145 648416 290290 78149 478018 400437 637874 503936 98648 388613 87861 336672 107968 491336 626093 394859 506070 20829 509337 767135 486345 376394 600122
136860 134567 882659 457832 547650 902899 282249 252126 934541 782032 957336 534302 475541 274492 437754 628996 763412 528341 905134 342618 479923 918264 933927 459258 407215 216495 754073 435012 351869 947412 72175 205530 744289 554834 999999999 453846 856177 205452 430033 199326 432306 321123 331032 875798 524300 341959 897338 451812 342356 716030 877235 1006977 545108 612899 885710 365037 863801 337896 779613 900374 616710 889236 461964 50076 823986 347278 907145 209487 699444 513438 695309 948170 406697 76163 489575 914534 765135 468896 459950 320632 509971 118322 494270 556337 67580 602955 200862 629915 415255 646800 360567 779372 488541 357254 542261 658589 542116 444671 332358 880774
456399 562655 839566 5830 528584 688943 268196 543965 743539 962154 1123599 967423 73596 351036 144393 734743 910185 923773 1113078 731951 893979 961423 990244 60687 127341 269565 798736 839315 437066 732592 381978 656173 891528 826021 453846 999999999 762412 506782 443744 494484 32616 507826 192720 763696 968071 285086 1002381 888954 553042 927801 852495 1177855 757508 670054 826559 180393 747787 120606 617842 1114503 939916 1105819 248510 449079 907635 106663 1008279 249755 966307 927013 877447 844541 306482 426434 360338 995968 1045170 258614 242161 537496 819864 562763 511498 354562 436270 909498 469203 867142 832884 876182 811441 652541 917240 331921 823812 590189 199707 892294 451799 820465
728902 835388 108485 766990 308548 225585 624891 662402 187907 513476 578658 1038962 692468 590414 899402 352829 437827 904123 639777 808960 935376 296121 332018 702062 648901 868785 244525 882966 504557 235271 819923 931453 432876 626405 856177 762412 999999999 686129 426897 684645 784861 557790 888867 35429 1085246 560234 410660 1004747 561765 554129 140639 622509 521001 297777 80648 624432 40768 733713 164445 651103 759534 650009 518873 808930 332455 757581 408008 748980 666394 952481 487903 92141 499684 780053 418207 371475 729122 508133 525072 576467 691371 867676 363057 407879 789341 715328 669688 578768 912871 567831 1024321 112970 992091 522542 643521 198936 578569 1055398 526360 75401
74843 149348 698394 512144 383120 769899 249930 49248 791109 578161 753624 480208 497832 183823 546656 427174 557976 417972 705875 228943 394906 717897 731905 486716 412142 358228 557147 337537 197096 811950 215132 250600 538841 363184 205452 506782 686129 999999999 279354 12340 497116 129018 456872 710000 496380 275892 692277 410817 139556 514917 689146 803968 341203 419907 705114 353807 699848 388654 636892 702087 449196 691249 405118 156649 620774 409643 702190 275099 510265 426745 490825 776480 321426 143035 383597 710598 581629 407667 405998 118879 332465 181861 326187 463367 144954 426629 38890 431592 338564 447330 374324 624615 427704 261252 353709 496010 516436 434877 168566 700668
307710 425445 463590 449484 119812 490559 218584 272012 513312 520211 679855 721197 395671 165795 550401 291200 466460 620380 672724 464271 622902 540140 564627 394939 316750 459821 371158 563836 82858 532785 393494 529739 447861 426489 430033 443744 426897 279354 999999999 274480 452927 167328 506270 445791 750688 166992 563413 664470 197141 493061 464101 734112 335726 232116 462462 265767 433779 365837 358403 675193 561349 667135 223414 383767 471372 392627 570190 338281 550206 649620 437715 519026 139476 354112 137253 562395 630446 218459 228233 199085 448648 453980 75519 216561 363809 522307 254153 445113 579652 450205 648626 351044 668904 118762 431271 228631 344215 700030 110831 457134
65830 151893 698828 499842 380338 764965 238169 59455 787063 586096 761563 491178 485820 173335 534524 431178 564636 430129 714991 240754 406536 721559 736098 474623 400260 347167 559826 349327 191836 807263 205708 255316 545425 373664 199326 494484 684645 12340 274480 999999999 484779 129152 445124 708053 506522 265341 698012 421151 143607 523747 690184 812146 349291 421559 705015 342071 697684 376319 632564 711377 461050 700594 394912 149939 625403 397304 707828 262940 520813 438477 498499 775287 312063 134448 375765 715582 592577 397646 395684 122307 344050 183058 323599 455090 137126 438144 27524 441067 349801 456574 382184 621385 438748 251992 364509 493344 505493 444109 164012 700496
443281 545131 859655 32707 542853 717247 265959 536181 771061 968656 1132118 951470 103111 349300 116381 744085 918603 912377 1118556 719885 880367 977109 1005288 87794 140836 241375 812949 826536 440310 761170 360977 636106 899749 824602 432306 32616 784861 497116 452927 484779 999999999 506371 160385 787202 950195 290282 1014335 872157 551317 931753 871580 1186329 759641 681775 847499 187242 771389 108510 642870 1119534 935305 1110622 267751 430445 920298 88861 1020532 232661 966420 913592 883089 868142 318176 409271 377709 1009432 1044760 278195 261420 534858 815369 543452 522687 377620 418666 906044 460264 868683 818572 878389 791533 675899 901816 338211 821576 609073 229127 873419 453067 841426
184495 277776 569693 513590 258187 651941 240419 107777 669143 489362 663055 555568 480451 157089 579530 309395 457130 462642 629582 297778 459020 597311 613720 473616 393005 426876 433117 399716 96459 692677 310406 374923 437571 318315 321123 507826 557790 129018 167328 129152 506371 999999999 506757 582312 583574 233056 583272 497291 45316 437873 561127 715558 260652 293161 576129 332995 572555 401518 516552 628208 435813 618269 345798 271067 505219 426672 592472 318743 460622 487045 400693 647817 253798 248581 292887 596720 538507 345069 348543 34720 316410 310853 201088 374884 254623 402951 120545 366033 413360 377795 483925 500137 503030 198179 316076 370214 466987 532948 67755 571666
388589 460528 951416 193076 614659 850254 289079 503308 899757 993335 1164450 865264 255362 361804 109318 786870 953390 849631 1136171 657895 807015 1046166 1070895 237357 250530 114732 877409 758396 467463 895229 268690 534674 933911 813316 331032 192720 888867 456872 506270 445124 160385 506757 999999999 896232 854368 341537 1064834 782844 547893 944622 958372 1217858 767357 737412 943499 264508 881067 156002 760997 1134952 906015 1125026 375957 346140 975548 134673 1072402 188309 959905 840657 905063 976753 392771 335034 470720 1067323 1034463 386746 370260 527823 789085 449175 581415 493697 341139 883019 426302 870974 742807 883739 687669 785740 818975 388162 806333 699687 374887 773568 470041 937602
750419 859348 136456 768103 329278 195014 637850 687887 153697 548681 611227 1070790 692720 607380 902508 386813 473104 936940 673984 838625 967163 325716 361425 703108 653219 880525 279954 914276 525094 201640 837343 956809 468259 660365 875798 763696 35429 710000 445791 708053 787202 582312 896232 999999999 1116356 572427 443079 1035352 588221 589551 170387 654298 554464 329380 106329 631794 16194 740525 153115 685453 794098 684507 523307 829157 366666 763796 440036 761679 701723 984724 523284 80972 510259 799810 426733 402681 764551 512492 529401 602231 724602 891085 385003 409585 809358 749843 692203 613691 943586 602911 1052561 111342 1023549 536646 677289 217223 575953 1085213 548007 102094
520942 405420 1057352 972654 824901 1222738 738174 484416 1230097 732385 868818 66176 975846 679816 961906 743414 765971 212911 772725 287179 155465 992938 989377 961990 895241 739647 880188 202538 676749 1260215 592102 319722 754188 490247 524300 968071 1085246 496380 750688 506522 950195 583574 854368 1116356 999999999 771710 905491 86408 556295 649624 1035247 899229 577065 787497 1075122 840642 1110679 847963 1085036 760275 412802 748918 901430 519803 881425 862235 917158 718350 553886 151463 681000 1164620 817121 541657 872802 946124 567043 904046 902197 551745 413060 407963 771075 954337 531825 441122 533860 570360 174114 589573 171319 1057068 95563 756886 469620 927407 1010401 83570 646426 1072566
260400 389324 613760 290913 273376 568120 66516 297411 605750 678375 842596 755863 248946 92072 383768 455983 629150 683214 828482 501468 667952 705109 730522 243789 162675 308560 536880 609464 152675 613344 285014 497485 610156 546959 341959 285086 560234 275892 166992 265341 290282 233056 341537 572427 771710 999999999 730205 686478 277932 642716 618740 896748 473238 399080 608151 104792 558325 198926 454160 829675 668728 820901 130519 306912 638363 225743 737084 189322 683987 698813 592928 650973 66589 275153 153373 729310 763483 134527 130769 266018 549460 406936 240995 214427 286806 635037 237909 583257 613694 591724 639990 465976 703243 48611 546688 364561 241559 707348 170598 602420
761728 816727 309715 1007975 476160 636013 776013 647869 596122 177263 168174 844920 946511 705237 1113814 278755 144372 694745 243625 690484 751496 130899 104964 949109 875205 1002169 213704 716822 598416 644531 893556 878836 160594 421128 897338 1002381 410660 692277 563413 698012 1014335 583272 1064834 443079 905491 730205 999999999 843190 555616 257362 274554 212696 367746 332560 340679 828078 451414 929130 546073 257454 502201 259889 761705 847799 97059 955946 11668 885122 367286 754810 228684 427820 696301 829060 649515 50876 397303 753226 767750 577617 499044 853483 491709 688373 833642 467037 698867 336190 757738 316515 910754 486334 811287 681695 441874 449907 863912 907107 600290 343510
438174 327240 980476 893669 740085 1138215 654379 398055 1146657 673620 819154 83551 894241 594486 889147 666861 701327 169415 727887 201653 97784 924472 922934 880776 812632 668259 805137 127619 590346 1176094 517210 251771 688361 423294 451812 888954 1004747 410817 664470 421151 872157 497291 782844 1035352 86408 686478 843190 999999999 470541 590528 959491 853217 503062 707336 997282 757312 1029260 768506 1000602 716423 364739 704790 815935 442873 813011 783742 854841 639659 503399 112428 615993 1085513 731143 462894 786405 881722 527252 818404 816796 465618 345173 333827 685878 867958 453556 386697 448570 507009 92022 526767 125166 973699 52097 670919 402468 843646 925832 67191 560021 994527
206165 281290 564966 558802 272623 670441 285423 103274 683728 452709 627423 524597 525667 202150 622958 287677 425000 424789 589891 269128 425791 578341 592530 518909 438261 464296 418260 366779 136079 709859 339845 370711 405572 273284 342356 553042 561765 139556 197141 143607 551317 45316 547893 588221 556295 277932 555616 470541 999999999 397774 553702 679318 220197 283465 573777 378281 579491 446059 533588 587975 390798 577822 388178 292543 481828 471018 565248 359594 416329 452526 364119 650068 295859 273522 328853 572184 493850 386957 391164 22119 271632 316417 216779 410493 278036 357672 143373 323340 383835 335846 467525 512440 472525 241730 270800 381523 509999 510401 109835 569660
589507 613255 482627 933629 457756 759180 669764 466045 737417 83093 246143 588240 886432 588329 1014241 236326 129513 437958 192196 455053 496808 360952 349594 883974 803656 861675 309732 466096 491446 781239 729312 656758 126306 178218 716030 927801 554129 514917 493061 523747 931753 437873 944622 589551 649624 642716 257362 590528 397774 999999999 451217 292578 177577 319931 509384 747452 591515 832071 637773 190337 245250 180455 715863 669605 255270 858227 268968 756587 117612 498477 68530 605929 631619 657944 616491 301419 175224 710184 720901 418760 252136 649202 442076 680009 659605 209755 533196 90926 508278 71491 667226 585464 556198 596337 197548 493367 834389 655749 480486 509432
743146 834885 35204 857513 346694 365242 678763 656975 322070 397877 442591 983386 786367 629150 982582 292776 325638 840799 511119 773349 881214 155567 191421 793607 731676 922829 155503 833486 530429 370718 851557 921688 325205 554717 877235 852495 140639 689146 464101 690184 871580 561127 958372 170387 1035247 618740 274554 959491 553702 451217 999999999 484471 458475 270293 66127 698070 180541 807148 295587 523452 676920 523579 604150 827900 207079 832607 270790 801216 567904 894081 390160 157902 565928 801776 494451 232567 622480 593924 610500 572022 626954 869623 390530 504134 809667 634116 680283 492874 867810 478662 995688 237214 940118 575086 573879 262508 681697 1015551 545963 69094
877954 905830 519324 1183596 663882 848065 933970 755645 806528 226635 54264 834004 1127554 856465 1278311 443496 267735 688041 126709 741340 755812 332221 298484 1128128 1050800 1142433 418553 736239 752799 855188 1016680 946662 286605 467095 1006977 1177855 622509 803968 734112 812146 1186329 715558 1217858 654298 899229 896748 212696 853217 679318 292578 484471 999999999 462856 514838 550291 999138 663197 1093478 758184 140011 488676 150912 946130 959819 303041 1120206 214557 1031913 350644 749631 315204 632975 872330 946591 836703 251991 334522 938556 951886 701103 535043 941747 668624 884045 948921 468672 819397 382377 779605 363696 943819 698579 811893 848399 484827 653899 1055225 920236 747906 553548
415098 452266 481710 763336 331525 692970 495503 293165 685716 237008 412443 524996 720458 413159 838756 169285 225256 384535 369711 328674 422749 426759 430214 716597 635637 684230 303190 376075 320619 723384 554042 511100 207569 109019 545108 757508 521001 341203 335726 349291 759641 260652 767357 554464 577065 473238 367746 503062 220197 177577 458475 462856 999999999 230852 501203 577870 551513 657948 559327 367824 250031 357751 558277 497389 316948 683805 378724 579209 214492 436041 150505 593663 469768 483735 468388 396454 294739 553862 562779 241238 170685 488930 299884 540254 486138 206106 357055 110350 412208 118749 552453 517269 481779 428652 123748 400496 679843 561737 306655 499129
477071 564726 283031 675673 149310 462554 448542 386723 455170 319326 460929 741413 615578 384092 782007 83688 252798 608630 472548 513309 637790 312800 334726 617481 542795 683637 143744 585189 278377 492533 593770 651842 236624 339570 612899 670054 297777 419907 232116 421559 681775 293161 737412 329380 787497 399080 332560 707336 283465 319931 270293 514838 230852 999999999 294696 495634 324685 597794 330589 478197 479020 472230 432167 563046 239350 624550 338858 563512 412368 655490 253077 378810 363786 538590 321903 330299 486945 424271 438046 302070 398139 599643 159210 372244 545662 434627 413432 310743 615383 305766 732121 286542 694332 350864 354547 176046 540533 759098 287630 291178
754259 853063 30995 831350 342724 301208 670776 676563 256288 459962 508695 1025399 758197 628193 960617 332359 386330 885562 576615 806598 922437 219963 255500 766738 709300 915645 204137 872686 534797 305040 854988 944262 384357 601753 885710 826559 80648 705114 462462 705015 847499 576129 943499 106329 1075122 608151 340679 997282 573777 509384 66127 550291 501203 294696 999999999 680296 118105 789866 243538 588780 728611 588674 579936 837176 271178 814580 336852 794549 624963 937028 446181 96589 551174 809677 474144 298308 682376 569390 586239 590618 671448 886818 392417 473559 818247 685148 692759 545075 905295 532019 1026621 188542 980597 567127 620202 244049 648122 1051233 553383 6124
319810 442645 689364 186216 360322 596367 103911 383703 641999 782163 944918 830977 147952 179642 287811 556868 731405 770065 932784 582746 748583 795370 822451 140641 60260 264313 629262 691343 257250 641824 296944 547030 712583 649645 365037 180393 624432 353807 265767 342071 187242 332995 264508 631794 840642 104792 828078 757312 378281 747452 698070 999138 577870 495634 680296 999999999 616683 109575 498771 934139 768345 925436 117316 342062 734676 134564 834489 167035 787998 780541 697168 712264 134030 312726 206490 824524 867289 127507 112614 364496 648533 452825 336424 234175 324252 735946 314930 687783 691027 696422 697322 521486 779035 151625 648582 437198 177429 771038 273594 674349
