NAME : synthetic_000855
TYPE : CTSP-D
DIMENSION : 100
GROUPS : 8
RELAXATION_LEVEL : 1
EDGE_WEIGHT_TYPE : EXPLICIT
EDGE_WEIGHT_FORMAT : FULL_MATRIX
EDGE_WEIGHT_SECTION
999999999 358335 474245 488096 623348 573713 554672 134777 554642 397801 266412 626955 225697 876701 440358 739935 475173 306103 215297 210029 22203 500535 431563 621231 291992 618477 767241 589145 235358 656833 320298 449743 259417 478016 729219 629553 524028 642457 852503 307791 873927 284763 559865 512247 528211 383195 507081 306640 231540 149715 633608 338473 275258 565024 644643 201847 848723 217463 682660 256239 83873 385042 787352 790208 574353 131047 448639 188140 565530 437426 301198 247792 485905 576630 263422 260480 363066 711290 94487 504739 144133 550378 278677 166023 348647 695200 107834 625167 195974 302174 617953 175370 530749 288466 593581 154655 258906 503553 653138 225335
358335 999999999 158110 160275 344375 339143 309091 487969 384808 375217 427381 334015 186229 645435 111658 522257 305354 173225 241397 537615 350027 225088 690459 389881 513693 650919 621474 323776 500391 614218 506951 193678 126102 714984 929953 851083 365808 659942 622932 124443 639131 77216 427418 281663 533846 736396 655608 663707 556794 385786 869842 582347 256148 207121 313633 530483 622183 190349 834820 448613 349668 512800 566437 570666 326188 426922 445853 455912 782750 79221 644275 445563 520931 222933 98007 500096 181024 580120 434439 625293 242610 316110 115561 192374 142445 420981 383745 647487 228566 306317 577767 196906 679134 607232 251007 252309 106047 338673 803035 226853
474245 158110 999999999 232422 187021 440449 164397 608813 265728 335908 582755 175923 257172 490634 46782 372945 205411 191730 296154 620771 460714 324447 726776 485989 666260 589206 490190 409065 646902 523851 531675 80843 280235 738902 923960 859025 256380 590948 468714 169411 483857 201676 319660 150337 474129 831380 644355 779121 637198 530567 884086 621434 274724 175562 170426 614776 468519 343100 811308 602138 441622 511191 415036 419473 178395 564423 397896 522502 792592 129342 731558 486567 476535 132844 242578 650211 150625 456629 533355 604887 383891 175886 272308 315556 294162 263229 521645 581730 298394 308169 492087 298997 665543 680434 265914 335724 220883 231913 780484 280315
488096 160275 232422 999999999 399310 208262 395264 607094 496977 526694 478645 378304 345175 701631 197528 596130 429169 330385 400932 682681 484459 94368 848454 253673 572991 798287 722067 177919 578673 747916 666928 303434 228959 874481 1090004 1011322 484948 804481 681701 282731 693539 231653 548507 382459 681010 871280 814853 783279 702812 474712 1029825 740455 415687 128244 315168 675134 682847 281408 992970 507520 495623 672474 634633 639316 407374 527061 595938 609035 942974 110920 785298 604335 672938 193139 230674 568464 326421 689028 573441 783260 351907 407803 209946 329524 157825 467906 485836 793269 386357 464830 713793 346628 838192 755615 107183 405823 259912 459117 961254 386702
623348 344375 187021 399310 999999999 604483 80815 756961 183817 357361 763754 30009 397657 305201 233782 198700 193147 317601 417806 733754 606370 493671 786683 645068 843590 541906 343904 565534 818081 441831 593254 174957 462796 784623 926945 880906 198570 533533 284074 320304 297948 377020 242581 121757 442349 948247 656079 917749 746735 701673 912183 690637 372627 299015 129855 729137 284603 523716 798112 780917 573582 546448 235384 240092 66783 728494 394459 626084 819699 310592 843812 569089 464793 225489 421702 825014 260893 326861 665232 608906 555599 94885 456692 479291 480955 76941 687004 529587 430454 381937 420634 451829 672936 780846 395184 471788 390152 191391 770022 404246
573713 339143 440449 208262 604483 999999999 603520 664929 703826 713986 457573 581761 501217 903087 403537 802499 632967 510346 556547 782983 577964 117256 982277 51664 549068 990047 930323 52744 579756 949380 817561 508950 338730 1017021 1248896 1161922 690375 998947 884088 461321 894532 389895 753784 590084 872989 942835 982239 830656 804368 503888 1175363 877039 586905 312847 508320 774869 885740 358905 1164280 491821 608731 838581 839701 844444 615477 564520 784805 732231 1093800 314951 872588 747839 859179 386723 366395 557236 519136 896817 667590 956362 430187 616032 321438 447375 239191 669987 531294 986602 535435 639227 913997 480936 1006400 860766 230457 541950 412749 664064 1132449 545067
554672 309091 164397 395264 80815 603520 999999999 686891 120963 277264 712986 101176 330138 340374 207035 213242 112672 249064 344598 655871 536707 488257 706021 647892 788506 476935 326946 569838 758365 387947 512444 119241 417510 704627 852504 803453 127223 471651 317073 260038 335097 326981 181211 43245 371851 870284 579191 844127 668341 642738 834043 609826 295911 315934 186932 651472 315551 474954 726332 727596 500395 466536 258076 262171 19774 665224 317556 547456 741451 293622 765473 488856 390251 249196 373484 767888 192248 297171 591230 532908 498701 17728 414330 419030 450851 141812 624756 465962 359543 302202 362159 387239 596775 701358 412644 401120 335485 114775 697543 331900
134777 487969 608813 607094 756961 664929 686891 999999999 679201 507733 268858 761206 359657 1003298 574214 866436 602682 439376 343774 179377 150600 606937 422179 708670 247289 695634 881730 687846 176714 752814 372622 583960 379318 477866 731207 626013 648187 722727 979124 442550 1001032 416657 678784 644130 619504 278394 550257 176625 197011 168576 621279 353790 400213 693007 779236 172718 974972 326839 710665 243404 192173 452073 913598 916229 706474 109037 548939 230532 569034 566408 223355 312627 572473 708646 390949 213020 496208 824555 118557 559931 255190 681819 397782 297354 458021 828011 134111 705011 327349 418912 715307 310105 571711 247972 713982 285776 391850 629362 683979 355422
554642 384808 265728 496977 183817 703826 120963 679201 999999999 202373 750193 211489 345182 324789 300301 188436 85766 269979 339707 617010 534242 586842 628130 750566 816060 358670 238124 674413 776561 267181 442747 195563 473059 618693 745495 704297 31185 351793 300719 300205 323211 380175 60365 115943 259140 827941 479110 821684 626178 665041 737276 540734 279654 431129 305603 613932 296194 522274 614929 759700 487151 382689 234987 237391 122776 676894 220861 506410 645461 388998 722151 435377 285071 367725 426625 791564 222645 195431 571983 430448 529729 103471 474515 446395 525990 208746 639890 346892 361782 264132 241293 406050 494441 650877 526628 401451 379744 52611 587225 331275
397801 375217 335908 526694 357361 713986 277264 507733 202373 999999999 633354 378121 240831 517447 344994 384941 164686 204411 204747 421470 375781 600225 430459 764960 682493 276954 374268 698327 631887 268557 240967 257353 410529 427363 589549 531040 173702 289032 494040 253096 517426 330846 179791 241635 161385 628972 310614 634071 428766 530901 559686 339128 146221 509001 452072 419211 488458 438953 475588 634835 319153 189310 429005 430589 290794 527940 71120 311631 467073 418299 523387 235410 146258 466916 367499 653583 200846 316869 392845 269259 418965 262478 420089 340553 493176 402727 497363 275149 232569 99884 229005 293582 330844 450036 591602 261466 315078 169441 444648 205456
266412 427381 582755 478645 763754 457573 712986 268858 750193 633354 999999999 757388 407535 1052703 537666 920520 664692 480237 429747 439607 286094 439346 680345 491620 95140 877305 981511 494150 126220 901031 586662 594444 302546 732156 986005 883168 722492 899307 1029060 455302 1047823 387160 770975 676020 779299 531682 773390 398860 459486 117512 882367 597274 491643 595781 740175 431964 1026929 240127 947616 34656 347258 649969 967393 971055 732193 162809 693706 451243 822104 489119 491422 514108 741299 638058 342055 99754 530631 929477 340435 770771 220781 714660 311840 304222 323554 840579 161522 882468 402602 533472 861502 347312 796964 513745 580148 371992 377648 697658 918498 432006
626955 334015 175923 378304 30009 581761 101176 761206 211489 378121 757388 999999999 401566 323561 222436 224112 213437 322858 425429 744899 610687 472494 805778 621336 839078 570059 372769 541661 815969 471367 611348 177247 455268 805414 952321 904472 224396 562223 303403 320990 315716 372246 270851 138112 469041 959276 680023 924473 758509 699417 935190 708201 383484 273651 99869 740028 304570 517307 824565 775690 580568 567431 258345 263135 90853 728527 418309 638338 842607 294347 855412 584208 489973 199459 415725 821550 266997 356664 672657 633393 552810 117232 448010 478594 467498 90241 686565 557984 436343 396465 449692 453654 697344 794220 369095 477296 387347 215107 796208 411305
225697 186229 257172 345175 397657 501217 330138 359657 345182 240831 407535 401566 999999999 659411 231148 523713 260923 81096 56247 365831 209121 396616 504247 552872 470879 511732 574008 496188 433026 507218 322359 224326 174014 529314 749990 667609 316415 527174 635301 87940 655830 114723 363440 288325 400066 574576 481023 524848 383279 320096 685043 396133 95341 381548 425585 359468 632164 198170 663254 415154 184470 337376 571207 574434 349893 336360 309407 274310 599195 258290 475967 259375 374206 374474 136190 446636 137926 522057 276413 456298 186976 326960 186606 104030 266175 469881 297186 512234 43783 147261 467924 60888 505201 429878 436592 78564 88869 292613 631440 43854
876701 645435 490634 701631 305201 903087 340374 1003298 324789 517447 1052703 323561 659411 999999999 537023 136875 401532 579562 661436 938309 856843 795644 918000 940565 1126109 550208 214138 860857 1092213 417568 748488 459591 757706 896374 961766 948867 355966 526429 24199 597946 10763 667340 338004 376742 503772 1146262 734745 1146048 946142 977983 986895 843753 603128 591298 397781 935696 28990 815284 819803 1066324 811496 675776 89806 87498 321658 995353 511817 827942 901131 615789 1040773 752764 548996 516795 713856 1104091 525039 255120 896772 683945 836332 338043 753953 754903 784653 233728 956596 532675 681606 588706 424142 719185 742720 966373 682798 722348 675063 373936 799377 651631
440358 111658 46782 197528 233782 403537 207035 574214 300301 344994 537666 222436 231148 537023 999999999 417875 231958 176415 275890 596969 428148 286551 717122 450604 622222 608112 530037 375438 604825 551213 524090 105906 235181 732954 927578 858299 287451 612094 514972 144030 530339 161067 351001 187552 491571 804977 648325 746591 614274 488835 881581 610363 264089 166179 208277 590616 514652 298611 819751 557729 413974 511217 460578 464965 222266 524901 410782 502727 791046 88766 707078 473768 489239 143848 199362 606985 147707 493976 504561 611345 342651 216976 226488 278196 247637 310007 481887 601831 274108 303690 517792 266448 670339 659806 246957 308771 182978 261592 788519 259875
739935 522257 372945 596130 198700 802499 213242 866436 188436 384941 920520 224112 523713 136875 417875 999999999 264820 444432 524648 804172 720020 690424 796771 843618 992020 458408 166276 764145 956725 332110 620467 331439 629273 779704 869184 845228 219612 439624 112692 465218 134828 537588 207857 245508 392191 1013685 624744 1010109 812661 843032 881597 717142 466255 497475 316077 801321 108800 684964 729872 933060 674677 551861 47522 50755 196196 859210 386455 693628 792857 501562 907990 620216 432759 423514 584449 969357 390816 175914 760266 573960 702658 207895 626885 620587 663718 147085 820788 442158 545045 452566 327833 583817 635490 834939 593196 585674 543418 237078 706374 514981
475173 305354 205411 429169 193147 632967 112672 602682 85766 164686 664692 213437 260923 401532 231958 264820 999999999 184466 259936 554169 455391 515719 593553 681160 731544 386545 322620 607039 693460 319429 400613 126625 388178 592017 745520 692971 61191 386503 377333 214752 398799 295488 122132 78325 274239 767694 469688 751369 565248 581020 722831 498325 202801 379479 290921 550350 373620 436621 623203 674607 411671 353995 312288 315238 127095 594895 209400 444275 630186 318853 662209 380703 285250 324733 341661 707560 137181 276811 499398 424715 444403 98526 390272 361177 444765 244641 557061 378040 280289 197614 286836 321649 488161 595124 471315 320854 294203 34215 593563 250167
306103 173225 191730 330385 317601 510346 249064 439376 269979 204411 480237 322858 81096 579562 176415 444432 184466 999999999 105713 430871 288802 397922 540846 561551 548023 481339 503688 496930 512677 457784 348787 146338 214512 558062 761681 687323 242714 492498 555507 49058 575759 127947 294824 207242 365179 643301 484924 601711 446650 398602 708857 433957 88847 339339 354436 425185 552566 255674 662598 490344 258237 343525 491845 495186 268814 417109 275516 330874 619459 228133 541907 297406 348862 318852 168846 524942 56972 454085 350563 452900 259985 245920 221010 176914 289927 389113 377460 479123 113538 134720 419522 139678 508074 488879 408322 154458 117064 217495 630873 90377
215297 241397 296154 400932 417806 556547 344598 343774 339707 204747 429747 425429 56247 661436 275890 524648 259936 105713 999999999 325215 195470 452736 449807 608177 484184 466982 558479 552251 439334 473299 266223 250730 225236 473628 693877 611388 309311 484367 637237 132583 658733 170959 348648 301509 358733 537638 425968 500000 341201 331866 629011 341739 62808 432151 460148 319487 633432 240408 608584 433099 155899 282493 572058 574911 363973 337981 269338 226982 542975 311329 436229 204504 328630 419705 190508 457224 158773 504174 247446 402701 214266 338623 239305 137919 320171 486317 302616 468771 27959 105505 433742 90983 450247 384561 490800 62034 144928 288344 576805 16015
210029 537615 620771 682681 733754 782983 655871 179377 617010 421470 439607 744899 365831 938309 596969 804172 554169 430871 325215 999999999 205158 705160 243050 830924 426583 552208 787331 796493 356090 630369 224214 574176 458841 298507 551888 446923 586237 581797 914698 453260 937889 460424 601231 612954 495715 214493 383798 221993 21531 327472 443510 180024 361438 742608 785227 8209 909342 424842 534897 417853 188041 310340 849294 851104 674089 276992 442491 110601 389690 615636 111064 189042 444923 740226 452162 392255 481902 729128 115589 401400 352795 646529 478191 353223 553521 796275 284629 564136 323032 356572 596073 340720 403413 78622 784733 289094 431730 573544 509372 340821
22203 350027 460714 484459 606370 577964 536707 150600 534242 375781 286094 610687 209121 856843 428148 720020 455391 288802 195470 205158 999999999 501083 419300 626186 313897 596801 745657 591486 257561 634633 301303 433447 256923 464180 714171 615483 503535 620630 832645 292995 854190 275096 538625 494089 506088 387718 488108 318559 226471 170140 620687 323734 254653 557113 630925 197092 828780 219700 664762 277031 62220 364370 767392 770199 556338 153249 426437 172482 550795 429246 301567 228127 463935 566083 257024 282536 345669 689597 90528 484685 147883 532010 276305 158010 349184 677616 129106 603367 177318 280486 595751 161890 511919 282808 589083 135770 248350 483379 635010 206122
500535 225088 324447 94368 493671 117256 488257 606937 586842 600225 439346 472494 396616 795644 286551 690424 515719 397922 452736 705160 501083 999999999 890119 166157 534403 875376 814631 99754 551166 832423 717498 391786 247713 921151 1146602 1062960 573152 883532 775850 348908 787469 282632 636545 473515 758142 880243 876016 779763 726112 458254 1078615 783219 477763 213576 406426 697251 777062 283510 1056871 471224 523222 732454 729000 733683 500867 515670 670723 643437 994586 197855 801704 650361 746016 283773 266307 535307 403444 780246 591605 847914 357252 500299 228741 356892 151948 561926 477571 871485 433868 529304 797236 384357 899912 781187 153672 445615 307808 546818 1025037 440122
431563 690459 726776 848454 786683 982277 706021 422179 628130 430459 680345 805778 504247 918000 717122 796771 593553 540846 449807 243050 419300 890119 999999999 1032588 669468 421957 730211 987254 598808 536517 196176 660406 644622 60216 309185 203875 601781 453854 896603 579404 920376 616801 590825 667760 418433 314305 213173 412918 225292 565645 202603 108116 453250 879375 870593 250118 889751 626829 311265 659990 376081 245862 835560 836007 720529 518603 410979 251246 149354 761000 245847 245372 370070 857989 624337 635185 576191 675097 342808 255176 561641 692024 662820 535214 744109 832860 521763 438426 462199 419829 512670 505919 221479 180203 940581 444860 588668 599804 291402 465033
621231 389881 485989 253673 645068 51664 647892 708670 750566 764960 491620 621336 552872 940565 450604 843618 681160 561551 608177 830924 626186 166157 1032588 999999999 580838 1040772 974834 79746 615749 998450 868898 556364 389743 1067836 1300342 1213067 737944 1049354 922158 512506 931762 441516 801450 636124 923637 986971 1033895 871933 852362 545398 1226244 927645 638490 349276 543775 822783 924122 407883 1215944 526179 658382 890240 879668 884449 659163 606429 835701 782220 1144986 362461 918871 798956 910318 423851 417966 591323 569344 942615 715396 1008008 478303 660910 372641 498043 290348 708443 574662 1037148 586977 690769 963363 532166 1058060 908945 260580 593095 464413 711837 1184113 596724
291992 513693 666260 572991 843590 549068 788506 247289 816060 682493 95140 839078 470879 1126109 622222 992020 731544 548023 484184 426583 313897 534403 669468 580838 999999999 910275 1042131 587276 70999 946369 602644 671432 387687 724942 978466 873296 787183 934437 1102213 528646 1121767 466890 831680 749851 819492 480203 786806 339348 444264 152318 868094 597650 546988 688578 827315 419778 1099625 323712 953765 66000 375850 673954 1039298 1042754 808014 163914 737864 461354 816057 578837 457451 534100 777823 728466 423775 34423 601262 988284 344968 790297 289903 788794 398895 371435 416984 920006 186034 917129 458622 583590 907167 410014 809394 494004 675050 423235 453923 763485 926100 489070
618477 650919 589206 798287 541906 990047 476935 695634 358670 276954 877305 570059 511732 550208 608112 458408 386545 481339 466982 552208 596801 875376 421957 1040772 910275 999999999 339982 972553 850161 133046 328618 508455 684677 381873 412351 402393 350065 31913 533134 529900 555533 607579 299326 458578 117329 715234 210471 772383 548553 765370 441863 390998 416661 764630 663566 554085 525173 707220 271685 872430 534630 244393 483687 482368 481133 747296 205835 466076 362422 688096 621788 383048 138428 711228 642939 878139 472477 295263 578196 167168 676340 459217 695321 604693 769805 552828 725811 18081 494499 364520 130658 557936 209135 540102 853818 513583 590800 367360 249519 471877
767241 621474 490190 722067 343904 930323 326946 881730 238124 374268 981511 372769 574008 214138 530037 166276 322620 503688 558479 787331 745657 814631 730211 974834 1042131 339982 999999999 896675 997435 207011 578533 429145 710787 702026 749440 741708 261953 314481 200442 537232 220892 618026 210671 342756 311992 984818 534757 1005026 791570 889933 780654 668010 495769 638015 470708 786137 192159 758461 607108 988637 691683 497917 167221 164053 316209 894959 345052 680346 697745 618325 881495 598293 361827 566723 664279 1015660 459721 58203 767090 484777 760793 314345 712568 677429 763315 308582 860923 322111 583552 465227 220275 634498 540000 802794 735069 620169 616491 288446 587704 553065
589145 323776 409065 177919 565534 52744 569838 687846 674413 698327 494150 541661 496188 860857 375438 764145 607039 496930 552251 796493 591486 99754 987254 79746 587276 972553 896675 999999999 613671 925533 816565 481343 342982 1019367 1246125 1161934 662819 979903 842419 447994 852073 382356 726382 559393 855235 964278 975770 857026 817676 531203 1177110 880785 577424 269560 464250 788477 844377 371913 1156585 527883 617487 832206 800002 804788 580701 590886 768539 739192 1093592 288364 889900 748816 844359 344116 364760 593235 500107 865406 681850 947563 445017 583187 324519 452575 244282 628697 555495 968214 533009 628842 891107 482190 999665 873421 182203 543510 407339 637030 1124753 539756
235358 500391 646902 578673 818081 579756 758365 176714 776561 631887 126220 815969 433026 1092213 604825 956725 693460 512677 439334 356090 257561 551166 598808 615749 70999 850161 997435 613671 999999999 892186 537468 643832 375198 654566 907894 802588 746881 875199 1068139 498881 1088435 445300 787966 718206 763092 414335 720214 276552 373541 116560 797157 528593 501822 687271 812476 349392 1065103 311235 885169 91947 318175 611163 1004210 1007453 778073 104314 683983 395305 745725 570833 387194 470710 719817 720634 405627 37642 567846 942452 278551 725509 263325 757187 389074 339468 420852 893593 136806 857735 415372 534492 853310 373029 742486 423023 683773 377411 428625 724291 857840 446013
656833 614218 523851 747916 441831 949380 387947 752814 267181 268557 901031 471367 507218 417568 551213 332110 319429 457784 473299 630369 634633 832423 536517 998450 946369 133046 207011 925533 892186 999999999 408870 446046 671427 502846 544265 534820 268737 109184 400967 502804 423117 585270 207635 379593 134885 812277 332606 852282 630583 796041 573942 487952 414072 695172 569316 630756 392933 705060 402579 901236 574467 322954 353761 352127 387725 787880 208506 531829 492266 637179 713118 446494 185473 634191 626398 916272 433638 163226 634374 284147 687519 370582 678746 608612 745641 440314 760391 115283 501126 368140 39567 561790 335632 631918 789055 529097 574138 292044 381810 473741
320298 506951 531675 666928 593254 817561 512444 372622 442747 240967 586662 611348 322359 748488 524090 620467 400613 348787 266223 224214 301303 717498 196176 868898 602644 328618 578533 816565 537468 408870 999999999 464304 479687 209354 431933 345495 414594 357825 725895 390211 749615 437035 412615 473237 275439 406760 186816 445714 222400 469553 362902 98178 260166 688125 674499 225715 719660 475169 365218 574878 242640 86422 662336 663382 527677 439126 237298 142664 277101 573471 305093 74741 223892 663515 452061 568974 381066 520815 259167 188102 420746 499084 496329 374287 578620 642913 426404 340127 283633 223946 376275 336863 210633 224863 754070 276440 410319 409713 334827 280229
449743 193678 80843 303434 174957 508950 119241 583960 195563 257353 594444 177247 224326 459591 105906 331439 126625 146338 250730 574176 433447 391786 660406 556364 671432 508455 429145 481343 643832 446046 464304 999999999 298305 668851 846647 784473 181589 510557 436313 145391 454223 207868 245121 88011 393286 787721 567278 747938 589002 527611 810786 557171 215911 256405 213364 568844 434770 355870 731955 609799 404568 437178 376924 380932 138027 553551 317696 470621 718762 194017 685187 425564 396255 209589 254271 651783 92298 390429 496877 526611 382211 123668 295459 304620 336122 249783 512137 501133 259830 240743 413300 277064 587974 628289 345930 300466 217579 155691 701306 235997
259417 126102 280235 228959 462796 338730 417510 379318 473059 410529 302546 455268 174014 757706 235181 629273 388178 214512 225236 458841 256923 247713 644622 389743 387687 684677 710787 342982 375198 671427 479687 298305 999999999 678350 911539 823349 449067 699020 734533 174222 752133 92974 505677 383946 571461 642577 649513 555882 479558 261844 836646 538704 268170 317725 439711 451046 733061 64294 832579 322793 275521 506680 675105 679062 436054 306972 480642 396243 755311 196229 558471 409233 547713 345637 46563 374064 251280 664026 346892 627809 124919 421415 19394 109593 99643 539735 264226 684510 201130 320820 632797 142877 673947 534095 335199 203444 97475 422373 800883 216462
478016 714984 738902 874481 784623 1017021 704627 477866 618693 427363 732156 805414 529314 896374 732954 779704 592017 558062 473628 298507 464180 921151 60216 1067836 724942 381873 702026 1019367 654566 502846 209354 668851 678350 999999999 254103 151616 594096 413475 875729 599474 899397 643470 576926 668280 392964 372207 171518 473132 281843 616343 158578 141588 469340 897371 875510 305182 868592 665161 251345 713013 416649 238184 816441 816553 717949 571493 398307 292660 91199 782603 306060 270938 347735 871290 654848 690572 588615 648536 392483 218699 602695 689745 695996 569832 777983 826097 572212 399064 488856 430776 482283 537207 174801 239330 963105 475892 616031 594842 232299 488162
729219 929953 923960 1090004 926945 1248896 852504 731207 745495 589549 986005 952321 749990 961766 927578 869184 745520 761681 693877 551888 714171 1146602 309185 1300342 978466 412351 749440 1246125 907894 544265 431933 846647 911539 254103 999999999 106621 728375 435348 945190 807855 967382 864304 691501 823712 487410 588008 279617 709133 534452 869849 125875 390755 674549 1093660 1036349 558764 937176 905787 142582 967103 662927 418159 895902 894647 861491 825585 536134 541691 163991 989767 544819 504067 462356 1055953 882725 944142 779875 707318 645900 321093 847566 835585 928006 806024 1010254 951162 825654 429525 713680 627235 541884 768671 258706 488024 1169408 708372 838801 737730 162937 706578
629553 851083 859025 1011322 880906 1161922 803453 626013 704297 531040 883168 904472 667609 948867 858299 845228 692971 687323 611388 446923 615483 1062960 203875 1213067 873296 402393 741708 1161934 802588 534820 345495 784473 823349 151616 106621 999999999 683787 430212 930428 731586 953436 782330 654674 771135 453973 484368 225219 603049 429048 767674 41001 292018 598798 1024277 982880 453966 922712 813408 170151 863439 566747 347838 876453 875764 814391 721956 486451 443516 68415 914870 438326 414117 419693 991830 797264 839030 711217 694160 543930 274231 752521 787259 840484 715974 922745 912767 723588 420439 629114 554836 524734 681016 210752 381740 1095452 619978 755779 689612 171108 625029
524028 365808 256380 484948 198570 690375 127223 648187 31185 173702 722492 224396 316415 355966 287451 219612 61191 242714 309311 586237 503535 573152 601781 737944 787183 350065 261953 662819 746881 268737 414594 181589 449067 594096 728375 683787 999999999 345898 331900 275299 354394 356493 63564 111194 244978 797487 458635 790522 595582 635869 715955 512715 248891 426439 314154 583098 327358 496635 600209 731381 456102 357019 266166 268556 133634 646834 198010 475643 623778 375536 691696 405316 266300 366310 402523 762341 197840 215620 540805 410845 501815 109590 451376 418389 505735 232003 610139 339515 331776 232965 239374 377301 474909 620882 520607 371164 354542 27174 571812 301206
642457 659942 590948 804481 533533 998947 471651 722727 351793 289032 899307 562223 527174 526429 612094 439624 386503 492498 484367 581797 620630 883532 453854 1049354 934437 31913 314481 979903 875199 109184 357825 510557 699020 413475 435348 430212 345898 999999999 510070 540567 532121 619684 291662 455997 127660 746694 242173 802422 578570 788388 470048 422186 431845 765843 657394 583502 502016 723931 293456 895313 558590 272796 462689 461134 474567 771937 218407 493850 392175 693853 652780 410140 158083 710235 656437 902592 480092 272406 604899 199076 695591 453934 708989 622284 782032 540207 749415 17758 512113 380494 114860 575319 240251 571060 856472 533042 604064 364988 273245 488392
852503 622932 468714 681701 284074 884088 317073 979124 300719 494040 1029060 303403 635301 24199 514972 112692 377333 555507 637237 914698 832645 775850 896603 922158 1102213 533134 200442 842419 1068139 400967 725895 436313 734533 875729 945190 930428 331900 510070 999999999 574173 23792 643964 314799 353049 483532 1122950 715080 1122100 922650 953971 968203 821427 578947 572917 380464 912041 8305 791867 803524 1042535 787341 653819 65746 63626 298496 971203 489506 804290 881885 594503 1017416 729412 528123 498310 690539 1080110 501077 237893 872698 664229 812473 314426 730966 730958 762541 214138 932482 515752 657417 564700 405945 695113 723513 943247 665225 698152 651443 349763 782564 627436
307791 124443 169411 282731 320304 461321 260038 442550 300205 253096 455302 320990 87940 597946 144030 465218 214752 49058 132583 453260 292995 348908 579404 512506 528646 529900 537232 447994 498881 502804 390211 145391 174222 599474 807855 731586 275299 540567 574173 999999999 593372 83153 331458 221302 413467 662511 532123 610711 470373 382921 752032 471722 133326 300318 338590 447012 571865 222298 710643 468381 272259 389940 512126 515767 279642 408196 324147 358926 663482 183439 563634 334352 397863 287812 127686 507855 77578 489881 363945 501029 238753 260194 178238 159437 243103 395047 366748 527406 130235 182193 464990 132987 555471 515804 364126 166398 79594 248839 678882 116624
873927 639131 483857 693539 297948 894532 335097 1001032 323211 517426 1047823 315716 655830 10763 530339 134828 398799 575759 658733 937889 854190 787469 920376 931762 1121767 555533 220892 852073 1088435 423117 749615 454223 752133 899397 967382 953436 354394 532121 23792 593372 999999999 662062 338331 372079 507097 1146376 738501 1144807 945950 973985 991307 845190 600820 582529 388682 935187 30862 810046 825562 1061735 809384 677610 88611 86841 316206 991956 513276 827442 905181 608511 1040814 752822 551824 508084 708484 1099986 520944 260283 895094 687663 831918 333263 748149 750723 777973 225686 953002 538078 678601 587309 428816 715426 746790 966781 673716 719461 670179 371762 804862 648728
284763 77216 201676 231653 377020 389895 326981 416657 380175 330846 387160 372246 114723 667340 161067 537588 295488 127947 170959 460424 275096 282632 616801 441516 466890 607579 618026 382356 445300 585270 437035 207868 92974 643470 864304 782330 356493 619684 643964 83153 662062 999999999 413870 292083 492138 660175 593549 591215 479579 328908 799589 508810 197130 283294 369306 453312 642249 148002 774899 403907 272521 449923 583743 587621 345892 363834 401886 379442 713916 155572 567315 372917 473100 292060 46972 449475 158989 571748 358036 566550 182218 329994 95264 119306 162349 453694 320827 605987 154796 249725 547208 119704 617526 530087 327166 175679 28924 329699 743060 157749
559865 427418 319660 548507 242581 753784 181211 678784 60365 179791 770975 270851 363440 338004 351001 207857 122132 294824 348648 601231 538625 636545 590825 801450 831680 299326 210671 726382 787966 207635 412615 245121 505677 576926 691501 654674 63564 291662 314799 331458 338331 413870 999999999 172465 204091 808276 430169 812376 608516 679568 688844 509343 286187 488446 365825 598897 309021 550430 558850 777967 487071 345182 250287 251611 182994 686124 179847 491232 597849 439013 702832 414840 235230 426584 459143 805503 254948 159286 567168 380464 550329 163637 509100 467040 566222 259691 651265 287135 373275 259884 180958 423856 444032 628452 583177 410559 409701 89762 531803 342715
512247 281663 150337 382459 121757 590084 43245 644130 115943 241635 676020 138112 288325 376742 187552 245508 78325 207242 301509 612954 494089 473515 667760 636124 749851 458578 342756 559393 718206 379593 473237 88011 383946 668280 823712 771135 111194 455997 353049 221302 372079 292083 172465 999999999 349114 827405 548005 800917 625585 602971 800748 570156 252717 315990 212650 608499 350933 439525 700537 689656 457253 430694 291817 295634 62465 624085 287581 504778 708099 276175 722705 447398 362822 255128 338959 728560 150773 306745 548013 502994 459954 38999 382118 379320 424107 185035 583962 448869 316825 260183 350562 346160 566475 659161 410991 358406 298446 91221 671112 288946
528211 533846 474129 681010 442349 872989 371851 619504 259140 161385 779299 469041 400066 503772 491571 392191 274239 365179 358733 495715 506088 758142 418433 923637 819492 117329 311992 855235 763092 134885 275439 393286 571461 392964 487410 453973 244978 127660 483532 413467 507097 492138 204091 349114 999999999 680967 232637 717551 496333 670903 489697 358852 304734 649691 558580 496001 476246 597371 355820 777205 444923 190523 425894 425659 378495 658986 90824 397054 400669 570908 580420 311701 51666 598493 528782 788574 355149 256682 500955 181800 571528 354350 581341 496537 654485 463759 633566 113947 386624 253996 100837 449466 243557 499692 737794 409739 476404 258696 328134 362001
383195 736396 831380 871280 948247 942835 870284 278394 827941 628972 531682 959276 574576 1146262 804977 1013685 767694 643301 537638 214493 387718 880243 314305 986971 480203 715234 984818 964278 414335 812277 406760 787721 642577 372207 588008 484368 797487 746694 1122950 662511 1146376 660175 808276 827405 680967 999999999 517566 144524 202449 445085 462917 325296 575874 943384 997649 219248 1117275 597086 621983 500827 391060 490445 1057977 1059546 888431 383992 641024 323438 450743 815495 105792 393562 629305 946928 644717 450915 695427 926903 302175 550618 523491 860782 661799 545443 729230 1010474 412503 729813 533005 570135 781528 541999 530355 182032 976535 496334 632298 785992 604397 552944
507081 655608 644355 814853 656079 982239 579191 550257 479110 310614 773390 680023 481023 734745 648325 624744 469688 484924 425968 383798 488108 876016 213173 1033895 786806 210471 534757 975770 720214 332606 186816 567278 649513 171518 279617 225219 458635 242173 715080 532123 738501 593549 430169 548005 232637 517566 999999999 593048 374639 656176 258675 205715 399464 814301 760404 387790 707641 652827 183198 761106 429026 143680 658357 658030 589693 624029 261720 325489 168244 712448 432348 260579 194941 776436 616476 752831 500679 483026 441909 50892 603229 562795 664596 549430 746001 687659 612849 227571 448538 350209 314485 507881 24560 352880 891300 450468 569591 464967 151667 437171
306640 663707 779121 783279 917749 830656 844127 176625 821684 634071 398860 924473 524848 1146048 746591 1010109 751369 601711 500000 221993 318559 779763 412918 871933 339348 772383 1005026 857026 276552 852282 445714 747938 555882 473132 709133 603049 790522 802422 1122100 610711 1144807 591215 812376 800917 717551 144524 593048 999999999 223853 326778 586976 387931 549826 869320 949152 221555 1117252 502382 723615 366293 344167 532043 1056368 1058550 863315 266281 661454 324797 559796 742414 167074 408392 666869 883211 567132 311850 657539 946893 252915 616763 431506 837247 574271 472082 632615 985939 302292 784840 488175 557559 817742 480449 610063 240906 890278 447517 565546 774727 702060 513529
231540 556794 637198 702812 746735 804368 668341 197011 626178 428766 459486 758509 383279 946142 614274 812661 565248 446650 341201 21531 226471 726112 225292 852362 444264 548553 791570 817676 373541 630583 222400 589002 479558 281843 534452 429048 595582 578570 922650 470373 945950 479579 608516 625585 496333 202449 374639 223853 999999999 348033 424591 169335 375108 761288 800705 29736 917157 446116 521388 437190 207595 308822 857414 859117 686350 296730 446518 121037 373019 634569 97135 194249 445161 757751 472198 410024 496829 733391 137082 394676 374185 658597 498890 373487 574550 808219 305408 560991 340172 367708 597001 359900 393497 57110 804501 307204 450813 583685 496504 356945
149715 385786 530567 474712 701673 503888 642738 168576 665041 530901 117512 699417 320096 977983 488835 843032 581020 398602 331866 327472 170140 458254 565645 545398 152318 765370 889933 531203 116560 796041 469553 527611 261844 616343 869849 767674 635869 788388 953971 382921 973985 328908 679568 602971 670903 445085 656176 326778 348033 999999999 768097 480366 394671 577501 696768 319584 951120 198909 830103 107122 232048 534506 890446 893786 662408 61285 587670 333745 705870 458068 390465 397463 630846 607365 289971 126543 453055 835985 223949 654453 146802 641970 276904 223718 317933 777313 44237 771307 306384 431694 756702 259456 679674 403699 581325 270980 312070 612543 800997 336878
633608 869842 884086 1029825 912183 1175363 834043 621279 737276 559686 882367 935190 685043 986895 881581 881597 722831 708857 629011 443510 620687 1078615 202603 1226244 868094 441863 780654 1177110 797157 573942 362902 810786 836646 158578 125875 41001 715955 470048 968203 752032 991307 799589 688844 800748 489697 462917 258675 586976 424591 768097 999999999 299919 620054 1047161 1011745 450907 960540 823691 210055 861322 574699 373627 913557 912961 845515 720200 518097 450260 92649 935470 424828 428296 453615 1016923 812404 834023 735205 732490 545409 308689 760772 818101 854182 728303 936255 945972 724277 459932 645423 577905 562909 695136 246151 374297 1116158 633858 772517 720793 212025 643123
338473 582347 621434 740455 690637 877039 609826 353790 540734 339128 597274 708201 396133 843753 610363 717142 498325 433957 341739 180024 323734 783219 108116 927645 597650 390998 668010 880785 528593 487952 98178 557171 538704 141588 390755 292018 512715 422186 821427 471722 845190 508810 509343 570156 358852 325296 205715 387931 169335 480366 299919 999999999 347056 771887 768898 184821 815031 523834 356879 580220 275085 170141 758383 759290 625310 439289 331939 151512 227101 652994 231113 137427 307510 751944 517135 563256 471130 610924 256942 229741 461113 596711 556654 429664 638324 741015 436130 405107 354143 316543 458537 398863 224178 149751 832485 337645 480751 507861 330361 357013
275258 256148 274724 415687 372627 586905 295911 400213 279654 146221 491643 383484 95341 603128 264089 466255 202801 88847 62808 361438 254653 477763 453250 638490 546988 416661 495769 577424 501822 414072 260166 215911 268170 469340 674549 598798 248891 431845 578947 133326 600820 197130 286187 252717 304734 575874 399464 549826 375108 394671 620054 347056 999999999 428035 429203 356653 574863 293000 579245 495618 208873 256786 513474 516163 314677 400007 214117 255453 530839 316140 471941 211878 279554 404902 227645 520000 125573 441372 297203 370152 274258 287954 279513 194544 356671 437406 365192 416955 89096 52990 374607 147749 423032 412652 496660 124425 176524 229218 547424 59965
565024 207121 175562 128244 299015 312847 315934 693007 431129 509001 595781 273651 381548 591298 166179 497475 379479 339339 432151 742608 557113 213576 879375 349276 688578 764630 638015 269560 687271 695172 688125 256405 317725 897371 1093660 1024277 426439 765843 572917 300318 582529 283294 488446 315990 649691 943384 814301 869320 761288 577501 1047161 771887 428035 999999999 195485 735671 574956 378783 984498 622613 555226 677373 531682 536499 323309 624654 572699 655787 956898 127920 850339 634595 651369 74650 302214 680873 313852 612543 641300 776720 441956 331480 301202 399291 272422 359431 581951 756929 425317 469482 664860 402437 836174 810179 97082 454472 311498 403651 953423 416368
644643 313633 170426 315168 129855 508320 186932 779236 305603 452072 740175 99869 425585 397781 208277 316077 290921 354436 460148 785227 630925 406426 870593 543775 827315 663566 470708 464250 812476 569316 674499 213364 439711 875510 1036349 982880 314154 657394 380464 338590 388682 369306 365825 212650 558580 997649 760404 949152 800705 696768 1011745 768898 429203 195485 999999999 779600 383115 503895 912256 762141 609827 639646 344673 349542 182837 733115 500227 683284 919143 254353 896284 638633 575048 122666 406867 813474 304458 456352 701964 715634 550845 204580 428663 485371 430526 170744 690131 652261 465392 452493 546184 469343 779064 841175 285034 504032 390317 300326 883122 444734
201847 530483 614776 675134 729137 774869 651472 172718 613932 419211 431964 740028 359468 935696 590616 801321 550350 425185 319487 8209 197092 697251 250118 822783 419778 554085 786137 788477 349392 630756 225715 568844 451046 305182 558764 453966 583098 583502 912041 447012 935187 453312 598897 608499 496001 219248 387790 221555 29736 319584 450907 184821 356653 735671 779600 999999999 906740 416787 540392 410416 180834 311581 846581 848432 669769 269427 441496 107754 396333 608602 116794 187943 445382 733768 444669 385423 476551 727936 107422 404492 344683 642293 470402 345639 545580 792063 276665 565817 316816 352824 596199 333619 407667 86831 777337 282477 424653 570093 514643 335027
