NAME : synthetic_000773
TYPE : CTSP-D
DIMENSION : 100
GROUPS : 8
RELAXATION_LEVEL : 1
EDGE_WEIGHT_TYPE : EXPLICIT
EDGE_WEIGHT_FORMAT : FULL_MATRIX
EDGE_WEIGHT_SECTION
999999999 857487 564785 1075989 260880 257061 760334 630372 641682 252931 495149 326772 710205 382201 717027 102224 313640 526837 521908 495515 423933 794967 496643 825375 277134 359477 873694 68310 663821 760274 782091 852741 847486 757955 767905 551794 784688 174431 1014801 522159 720110 365787 1004525 411416 533376 869465 677670 305745 961269 579959 923236 211379 862836 698054 531432 451100 728035 514871 692999 205342 975176 615134 325095 640400 736177 443379 774267 475961 982484 669504 1002247 673745 306382 146690 910270 613395 1028036 966958 583570 630716 986489 136571 825527 527747 501226 703918 367088 198466 1011853 626195 473059 833558 180472 610579 232936 347364 344706 754011 295871 745801
857487 999999999 428469 546686 798876 655167 546016 249248 470464 895910 629580 641147 162764 480807 637222 757475 786626 381980 353399 951386 783335 335636 410567 80342 580680 928380 69265 819690 199970 374520 147990 205227 384530 546694 94761 427178 213889 684550 343641 336269 373867 511525 224518 771757 1012908 367582 439084 775632 104119 592813 170623 675527 154931 184147 838464 738293 696882 363385 403758 688644 139723 312971 864267 713208 148893 424728 95346 671420 167692 699128 420876 481531 783319 823338 377968 257077 349082 341990 721747 401134 285880 720932 515673 520509 587927 153746 545310 668361 338743 409171 410606 40605 690068 768327 812476 791723 655003 364773 576849 300853
564785 428469 999999999 895021 411431 310688 729459 354943 595294 509703 629449 523397 271862 322583 769433 487292 657592 395842 333668 874048 714970 601755 105517 360055 346541 790289 405285 557557 255724 605590 293462 323551 669649 728531 339172 481171 259633 404267 459771 267433 575953 371972 484369 349686 933331 305173 595960 643694 512458 175976 409937 353439 353548 378904 813582 311769 817808 340891 579101 483012 568191 422166 458718 781239 396706 192748 334214 653177 484713 787197 777734 139290 650769 474178 346013 206257 473341 708421 755862 527281 441472 447120 746344 553950 159561 321046 436036 371382 727461 530690 148538 389937 385980 804912 433073 381187 551981 593957 392835 539519
1075989 546686 895021 999999999 1144367 984798 343726 547201 435809 1224555 616607 755610 644409 739277 438259 979919 843540 578518 616273 886750 769818 304092 826064 623410 841275 945797 612639 1014091 643784 323114 681476 751904 238889 346339 593737 528815 751967 942424 870337 662626 363055 730778 727119 1180253 933220 913990 398334 840427 551691 1070925 704951 977153 701264 516255 747317 1164184 475685 616651 384938 870652 463603 504933 1228343 558645 502572 782969 606662 654265 662923 524533 125827 991335 845639 1115654 924307 688854 872129 204736 608593 449425 813129 959410 265621 551562 1037457 580868 711651 948228 220640 452758 800009 582325 969333 627752 1144794 1173695 745744 331865 794300 366074
260880 798876 411431 1144367 999999999 159725 873798 622734 737645 98829 649559 477198 636921 405705 860535 262367 530779 565879 532060 737850 633253 842621 389764 745623 311289 609346 794173 303387 599926 821765 687118 732959 905655 871830 704117 624158 666803 235059 868293 499731 782432 421849 893435 152536 782230 704594 762509 519283 895923 359962 816392 173822 757665 679781 746320 197577 886725 530050 765632 356106 933151 642620 88323 812215 712606 383982 705157 645901 887474 834719 1048571 481197 522697 114771 744533 542105 881913 996398 762756 700550 852722 247655 923831 639798 292119 656688 460910 211849 1031496 698916 389167 766020 196444 800047 30356 86630 505283 812630 371152 783456
257061 655167 310688 984798 159725 999999999 720286 465583 582448 247366 512381 348390 496101 246934 714599 196202 435134 406413 372603 654615 525249 682897 257470 608780 160515 541977 657792 262398 455209 662394 555900 614689 746029 718418 560978 466949 546705 125365 767298 343072 623214 267140 772070 234951 706524 615822 605438 421953 755337 331543 692246 51127 632098 524840 637467 250797 745373 370414 607228 245571 785756 482962 244215 677433 558987 232064 563851 515388 758438 696749 888952 416850 427117 170973 656658 398758 780744 837471 632531 542312 743574 161230 767398 489616 251106 507897 312975 88584 873458 540979 245950 624917 90546 673924 163825 200926 378653 653159 225282 623787
760334 546016 729459 343726 873798 720286 999999999 390634 140228 941158 277607 433627 552309 478658 109747 671466 503745 339923 398536 548111 426158 216880 635484 595601 562569 602076 612332 694788 525665 171904 625045 720091 199144 2618 535863 260307 689136 650261 885286 462865 176071 453161 769552 941829 598265 861835 133764 501800 610345 893828 713980 700173 682033 406893 409076 938268 165060 393132 156772 557931 549378 310964 961596 225192 421145 566089 551855 312538 709034 195078 324716 855039 506484 823441 886156 545532 892108 342984 268557 202189 828736 658226 79156 236816 840040 483571 414730 664621 397818 199069 598127 563562 683338 294996 867930 920088 418171 181279 504111 245753
630372 249248 354943 547201 622734 465583 390634 999999999 272571 712910 392703 392062 172233 248250 453763 528339 537414 133274 109488 707898 538445 247752 278918 254562 355691 679372 291856 585427 137048 251302 256391 355324 315802 390210 184898 191652 310556 463776 534606 123065 224366 270058 453232 637732 769867 479170 258899 526386 350600 528854 379143 472426 330564 69048 602583 618438 509849 118037 234279 447726 347727 84606 700642 502305 107900 242462 198911 432101 407601 496216 437022 469729 534075 621210 507640 156630 544163 377000 498654 197203 483661 495178 395757 286612 490662 113713 297409 455336 409123 203347 253800 240826 477731 547760 629378 638402 405797 239568 338648 185058
641682 470464 595294 435809 737645 582448 140228 272571 999999999 808325 199585 319828 442920 339053 181312 547870 418727 201529 262034 516861 366100 195107 498664 505441 426538 538395 530932 578789 409570 145005 522937 621132 222991 138702 439691 120140 581676 518925 795196 327861 115657 315876 693842 802017 574473 751602 44458 413535 551589 756521 629263 564633 589242 305285 387263 798059 237448 255739 78091 436556 507791 188286 825007 242796 328987 426914 455432 243007 638073 229681 378025 724464 419558 693005 779337 420937 803471 366067 256850 75510 740931 530723 187465 115919 700995 377809 283214 530592 419735 69247 460252 479399 550129 300565 733126 781476 311055 145388 370921 184254
252931 895910 509703 1224555 98829 247366 941158 712910 808325 999999999 701644 526687 734373 485840 918701 291335 555234 646990 618044 747892 662979 925323 487817 843778 384024 612407 892416 311324 696489 901442 785728 831668 986689 939059 801189 699020 765596 291191 965269 590435 861567 495378 992195 216443 786289 800140 836260 545318 993647 446830 915217 247439 856489 771999 774217 268226 939922 615093 842299 399579 1029264 727160 88231 859944 805750 477562 802600 692414 986254 885127 1132803 573836 547432 123358 839770 638892 978889 1083436 807139 777104 950690 290049 995660 704772 384322 752091 526476 277978 1120322 774786 485521 863560 258201 840499 84011 151552 552229 892838 437538 867599
495149 629580 629449 616607 649559 512381 277607 392703 199585 701644 999999999 175030 559453 313386 221883 415971 226972 267829 324052 325382 166937 393951 524113 646720 354113 339053 681187 427599 515887 344516 646303 744459 420943 275037 577217 202953 692625 414999 925480 385098 312840 268383 844328 746733 385659 849909 244039 224380 721689 763539 771678 479348 722944 447973 209980 755928 238289 313387 275708 303052 690260 317322 737468 165253 480854 438092 591519 44192 795007 185225 573541 768140 229293 579196 883322 505133 935508 565552 127375 241006 875799 411631 352073 109226 694254 506374 207051 438693 619317 232896 481170 629189 453115 175613 637523 710858 151534 344334 287989 374142
326772 641147 523397 755610 477198 348390 433627 392062 319828 526687 175030 999999999 530964 205134 394667 241923 148559 261288 290614 352096 192397 491013 420244 636326 199437 291682 678735 261294 482506 449841 617047 708889 535565 431236 568314 249801 647862 242141 889299 330107 411124 156160 834132 583098 412668 785038 359033 136296 742552 631771 755211 310475 699447 459369 297720 597572 413253 279911 379617 128286 731943 343617 564593 335139 497529 333748 579828 168864 794850 358808 692046 661600 144074 404166 822387 452867 900874 667165 286067 322732 846392 236643 500144 204078 556528 495681 100024 268736 716710 316704 378635 629647 281243 325810 463853 542429 30891 445482 136582 451506
710205 162764 271862 644409 636921 496101 552309 172233 442920 734373 559453 530964 999999999 346668 623304 612763 679499 292309 243637 865833 695754 374887 247926 115174 436818 822643 163718 678171 48947 395597 87457 185007 438630 552216 68794 362036 138760 535866 366275 203168 378181 385475 304890 610073 928008 309905 424870 667223 259528 442941 224722 519700 168573 146685 768141 578073 680333 254767 396096 556385 300761 256452 701533 674501 144938 269262 68237 596750 273676 668309 521857 347866 675000 665776 336454 97940 376625 447872 669577 367430 318448 574525 545002 456111 429937 69758 431173 516265 460849 374045 250287 129214 537346 718969 651241 628998 550196 383941 444181 319593
382201 480807 322583 739277 405705 246934 478658 248250 339053 485840 313386 205134 346668 999999999 486630 280307 348724 161150 140778 557107 393945 439576 217667 459206 108817 489226 505494 339515 297884 416320 428526 514717 500992 476957 395913 221136 450772 217062 692417 145543 376811 49679 651078 463204 617800 580904 359379 335328 584915 450251 570190 238522 511759 315879 491000 461624 525681 134935 360298 209929 593599 243508 491142 473449 354109 130236 404621 332786 619254 485326 647507 461800 342911 382347 618770 258261 704491 601271 440756 295430 652877 246984 521720 258767 382496 327433 113454 213542 641557 294251 175146 460935 235674 488450 405523 443261 231878 407412 97554 382706
717027 637222 769433 438259 860535 714599 109747 453763 181312 918701 221883 394667 623304 486630 999999999 636562 434964 373685 436280 448523 344055 319216 669410 679735 554099 516418 701184 649412 590800 270221 701732 799209 308249 107704 616125 288274 761954 628814 970352 503103 263568 451896 861735 944584 495517 932531 200729 435595 708540 924603 801571 687463 764973 482812 309133 947154 59756 428627 234213 522892 652296 369588 948853 120484 502942 591918 632042 245471 803069 87383 432211 901521 439052 797340 959732 601598 978027 452731 172035 256560 914985 629672 183937 228011 863979 557108 401663 648709 507544 250543 629041 650760 665178 190062 850970 915438 373043 277697 490488 337446
102224 757475 487292 979919 262367 196202 671466 528339 547870 291335 415971 241923 612763 280307 636562 999999999 268816 425124 419741 476983 373615 695229 409693 727786 176860 353661 775762 70335 565698 661891 687014 761316 749133 669171 668882 453199 693643 83322 927744 421518 621594 263792 910332 397858 523891 788800 582140 257704 861435 527716 828874 145164 768669 596181 486049 428183 653226 412659 595671 114043 873684 513281 343339 570404 634402 349068 675777 403084 885947 596870 903118 606160 260776 168157 829369 516874 940782 866230 516532 532518 896749 40494 733657 436019 447233 603758 268654 116605 910580 528349 382141 734517 106371 549192 241526 342149 264653 655248 193992 645003
313640 786626 657592 843540 530779 435134 503745 537414 418727 555234 226972 148559 679499 348724 434964 268816 999999999 404873 438440 221429 110457 606726 557599 784276 315304 143158 826135 247222 631062 560464 765604 857212 641659 501152 715943 378440 795730 311589 1037344 478526 524833 301446 982390 659692 277587 929545 462226 13944 886926 748000 903652 387984 847998 603525 219094 683842 432995 427612 489632 190209 871582 482488 612037 339688 641100 473355 727718 191863 942315 372248 796551 793320 8126 434112 967494 600867 1049006 782122 280299 441721 994825 285848 578984 308191 669369 643154 248533 346929 834310 434526 517568 776573 350790 300555 510337 608228 131623 558329 264956 575839
526837 381980 395842 578518 565879 406413 339923 133274 201529 646990 267829 261288 292309 161150 373685 425124 404873 999999999 62925 576195 406332 278531 297394 385946 266668 546400 424750 474975 248087 256006 379554 477169 339977 338662 316404 85458 424822 372660 658584 129800 217086 161702 585049 611937 638292 584236 210434 394132 482090 555012 509338 399646 457980 198667 475864 603489 423317 54954 204460 331628 471313 88561 650323 396795 236468 226303 329614 304452 540684 397536 486781 528273 401775 542115 616663 240235 668888 443125 383202 142053 610047 396967 371355 169310 500126 243796 171629 373302 485878 142988 258724 373990 395109 433158 566497 598588 273299 246756 231149 222790
521908 353399 333668 616273 532060 372603 398536 109488 262034 618044 324052 290614 243637 140778 436280 419741 438440 62925 999999999 622459 452453 312439 236989 345836 249404 581467 388186 476045 196676 298405 330935 426529 377744 397420 277704 148262 370766 357729 608274 66903 261980 160644 544143 565617 684624 525879 266626 426645 456477 495292 466049 373100 411862 178382 529125 553576 486222 11146 255653 338436 457158 111406 613879 458660 217173 171817 289286 358073 504259 460144 516633 465429 434411 520125 559353 181097 619092 465399 442888 197364 561891 387461 424481 230257 443245 205155 192602 352198 503411 199677 199990 339527 374540 492892 535650 557453 307835 288020 229185 251904
495515 951386 874048 886750 737850 654615 548111 707898 516861 747892 325382 352096 865833 557107 448523 476983 221429 576195 622459 999999999 170094 711223 771872 962009 535695 140679 999521 437968 819130 659964 953252 1048860 727369 545594 892381 524639 991247 529867 1230543 672881 632473 507816 1161007 874073 62175 1135129 560409 235197 1045699 969354 1085504 606276 1033341 767930 139457 901149 417308 611312 594899 411117 1015634 638462 814055 328364 802531 685739 905774 281812 1114734 363125 870382 1011224 229143 632834 1171747 797011 1241478 875444 279554 566012 1184259 500256 627065 433870 890797 819950 447565 566071 930430 557843 730567 948029 568075 260443 714604 819091 325603 661661 481822 697663
423933 783335 714970 769818 633253 525249 426158 538445 366100 662979 166937 192397 695754 393945 344055 373615 110457 406332 452453 170094 999999999 560813 611044 792255 388138 176190 830248 357124 649129 511104 783181 878931 585740 423541 722667 358064 821747 406150 1060647 503821 479776 344275 991323 755685 232267 967811 410540 118421 879060 822855 915546 481205 863253 599458 113224 775978 333483 441307 442619 281367 852747 470884 716508 238182 634683 523929 735946 123108 945720 272558 736119 853535 117563 540864 1003921 627911 1071528 731533 178399 406117 1014190 385884 504355 270886 746560 650127 281890 439141 785594 398149 568898 778930 446221 192149 614400 707691 163054 511160 328096 540249
794967 335636 601755 304092 842621 682897 216880 247752 195107 925323 393951 491013 374887 439576 319216 695229 606726 278531 312439 711223 560813 999999999 525733 393875 544730 731633 403893 737550 361605 51911 434312 523244 68050 218033 342228 244285 502926 649301 678726 359133 81949 436685 556466 876253 768039 675193 150988 600157 393875 776383 505904 678095 480349 231341 579297 860934 378165 313233 118330 592007 333241 201034 925657 417356 231244 479110 357725 437721 494707 394744 208727 709851 606692 820263 694788 398368 684549 176338 443750 168282 621234 670553 180142 298548 737779 305695 428113 651602 227602 174469 497612 358102 673271 482518 844355 869872 488962 49719 503680 62912
496643 410567 105517 826064 389764 257470 635484 278918 498664 487817 524113 420244 247926 217667 669410 409693 557599 297394 236989 771872 611044 525733 999999999 355964 253087 693090 404646 479650 214718 523149 299498 358284 593680 634386 315982 381881 290117 326734 518533 173604 490515 267237 514688 368824 831728 382110 503089 543789 506262 258403 434776 290287 374651 317723 708530 343430 716268 242925 489507 389725 547176 334988 453763 677032 343467 87485 316038 547661 501698 683905 714058 244735 551037 428337 422150 156815 531684 649841 650701 433860 490110 369234 658261 450707 212068 276492 331053 298331 675464 436497 43021 376647 316397 699641 405437 382215 448294 511854 292810 462824
825375 80342 360055 623410 745623 608780 595601 254562 505441 843778 646720 636326 115174 459206 679735 727786 784276 385946 345836 962009 792255 393875 355964 999999999 551619 927283 49022 792893 162337 427080 69751 131079 448647 595993 69675 444342 133557 651040 290633 314135 420033 495779 199126 707727 1024055 290996 479131 772458 152756 518911 125271 633924 86702 201865 856697 671693 738763 356678 445808 669134 213616 331184 806550 745753 176890 384055 56609 686563 160116 735033 497638 403425 780227 779091 304745 212651 298361 419160 748210 432180 235548 689646 573266 539418 519379 142198 537487 631265 418348 439765 362911 41262 652253 796369 761306 732065 653498 416414 556728 350587
277134 580680 346541 841275 311289 160515 562569 355691 426538 384024 354113 199437 436818 108817 554099 176860 315304 266668 249404 535695 388138 544730 253087 551619 999999999 444097 599365 241371 389349 518321 513078 591432 604277 560617 492090 315057 524641 108330 762893 245027 478237 111448 736809 393050 592865 634690 452702 301370 684606 435237 655336 138138 595480 422359 496546 402185 585204 243748 458292 136881 698390 351428 399029 519365 460092 179467 499161 360692 710376 537477 753277 479508 308014 275536 674421 341983 775599 709005 476866 393107 728450 140654 613188 329767 358431 426996 152460 107029 749976 390764 218345 557710 128543 520245 306831 361349 230324 510067 66214 489388
359477 928380 790289 945797 609346 541977 602076 679372 538395 612407 339053 291682 822643 489226 516418 353661 143158 546400 581467 140679 176190 731633 693090 927283 444097 999999999 968885 306260 774181 683026 908681 999949 759907 599462 858823 513988 938036 416835 1179762 621432 649914 442999 1125502 750907 173967 1068952 582795 155510 1027960 867101 1046809 491732 991127 744794 229148 781789 499049 570605 613346 309471 1009718 621566 681998 403810 781998 610835 870707 296678 1085076 439315 911497 923402 147743 500739 1107352 743365 1191512 904463 345882 571405 1137681 382218 680443 435521 787067 785986 391587 454079 957998 563771 654327 919102 452431 345764 584540 692822 273974 682275 400942 706313
873694 69265 405285 612639 794173 657792 612332 291856 530932 892416 681187 678735 163718 505494 701184 775762 826135 424750 388186 999521 830248 403893 404646 49022 599365 968885 999999999 840491 210064 441428 111932 141831 453704 612920 110683 478248 164989 699430 274871 360063 438665 540851 163798 754010 1061412 304332 501681 814557 107796 560138 102038 682888 89559 233327 890986 717045 760670 398830 467071 715317 179218 364027 854397 773004 203041 432865 100875 721941 116191 760435 487017 439930 822309 828114 311841 261449 280698 407971 778571 459512 217350 737804 584028 572879 564091 183054 580581 679975 400881 467360 411932 52148 701023 826009 810055 779550 694914 431383 602891 366636
68310 819690 557557 1014091 303387 262398 694788 585427 578789 311324 427599 261294 678171 339515 649412 70335 247222 474975 476045 437968 357124 737550 479650 792893 241371 306260 840491 999999999 630575 701061 753984 829872 788081 692382 732593 493442 762382 153641 997358 483447 661144 316534 977587 448065 479723 859109 615902 238727 923796 593436 896101 212039 836051 653993 465899 482823 659837 468169 632782 145555 932510 563535 376344 572091 692572 417130 740080 407779 951747 601229 943625 675457 239769 194988 899667 583191 1010355 911118 515300 571602 965752 110760 761207 463983 513207 666001 309777 186490 957323 566698 451339 798106 174511 542675 278282 387788 277808 695281 246977 690491
663821 199970 255724 643784 599926 455209 525665 137048 409570 696489 515887 482506 48947 297884 590800 565698 631062 248087 196676 819130 649129 361605 214718 162337 389349 774181 210064 630575 999999999 376342 134738 229954 427723 525374 105981 321549 177187 489697 411703 154228 354785 336530 353838 582127 881293 342631 395229 618717 300889 430852 273604 476451 216957 130472 723670 553183 646721 207822 368896 507690 333430 221364 667569 636112 141849 225456 110631 552246 321835 631616 524071 349326 626493 623709 372228 58106 422441 453257 628578 334244 365380 527800 524677 414428 409371 65360 382626 471229 471810 340328 210970 170942 492587 678242 612890 596859 502111 364525 395422 302715
760274 374520 605590 323114 821765 662394 171904 251302 145005 901442 344516 449841 395597 416320 270221 661891 560464 256006 298405 659964 511104 51911 523149 427080 518321 683026 441428 701061 376342 999999999 461748 554129 87246 172736 370641 208692 528508 620453 715337 351910 40376 408204 597716 863935 716519 701559 100571 554411 439304 778074 543323 654041 513772 249084 527579 851610 329620 297383 70992 555870 382369 189441 906326 365851 256538 469135 386500 388011 537135 343850 242747 720225 560763 793124 723373 406894 721793 221851 391841 129566 658390 639215 149446 252669 734712 325843 393381 625323 274980 134379 491869 393522 646551 430713 821781 853678 445806 11835 473002 77132
782091 147990 293462 681476 687118 555900 625045 256391 522937 785728 646303 617047 87457 428526 701732 687014 765604 379554 330935 953252 783181 434312 299498 69751 513078 908681 111932 753984 134738 461748 999999999 98949 493690 625167 92165 447612 70640 607828 279180 287690 449172 469367 223757 642547 1015426 240910 501619 753185 219537 449534 142326 584506 83235 219181 855271 605187 759652 342074 470749 637135 283362 339318 744941 758015 205219 338715 77049 683927 202571 750446 556216 333926 760958 726843 261667 171472 289344 478696 754970 447820 231009 647889 610553 542150 452161 145228 517094 585381 481901 454821 312062 107427 605634 804139 704179 669421 636841 450476 525574 384634
852741 205227 323551 751904 732959 614689 720091 355324 621132 831668 744459 708889 185007 514717 799209 761316 857212 477169 426529 1048860 878931 523244 358284 131079 591432 999949 141831 829872 229954 554129 98949 999999999 579310 720320 184229 546420 68190 679980 181753 378811 544021 558043 160824 669163 1111006 162714 598734 844509 235445 453229 90145 648524 52658 316409 953033 626620 857422 437670 567112 720344 317713 438218 782222 856900 298956 412864 168237 781616 169156 849084 626087 321249 852259 784780 173736 256923 192633 547217 853846 546197 138160 721387 701741 640829 472995 243865 608892 654393 542323 553286 379778 170854 673428 903051 752924 704466 729899 543137 610356 477111
847486 384530 669649 238889 905655 746029 199144 315802 222991 986689 420943 535565 438630 500992 308249 749133 641659 339977 377744 727369 585740 68050 593680 448647 604277 759907 453704 788081 427723 87246 493690 579310 999999999 200971 401592 295935 563253 707127 727932 426347 127554 494656 599578 942669 781716 734378 179531 636267 430417 844384 554990 739253 534222 297252 591505 928077 364153 377883 155989 642981 360043 266606 989472 417709 293922 545896 416675 463352 536244 390803 156500 776587 642382 879431 752188 465836 732914 148312 452185 216771 669992 726319 141123 335717 805739 370119 480625 711306 203522 221410 565214 410937 732681 485958 906462 935001 530348 94380 559960 130888
757955 546694 728531 346339 871830 718418 2618 390210 138702 939059 275037 431236 552216 476957 107704 669171 501152 338662 397420 545594 423541 218033 634386 595993 560617 599462 612920 692382 525374 172736 625167 720320 200971 999999999 536091 258816 689140 648136 885760 461850 176312 451285 770309 940143 595800 861797 132995 499218 611372 892711 714534 698188 682397 406908 406577 936697 163316 391958 156507 555614 550672 310333 959647 222836 421388 564785 552085 309932 709868 192836 327093 854299 503897 821278 886217 544977 892616 345049 266043 201249 829250 656007 81722 234641 838762 483539 412651 662580 399912 198037 596948 564071 681267 292620 865904 918268 415719 182008 502061 246307
767905 94761 339172 593737 704117 560978 535863 184898 439691 801189 577217 568314 68794 395913 616125 668882 715943 316404 277704 892381 722667 342228 315982 69675 492090 858823 110683 732593 105981 370641 92165 184229 401592 536091 999999999 375039 161827 594176 355592 250370 359792 430403 268657 678861 954417 333065 415427 704266 194946 508077 194485 582394 149608 134565 787183 646646 674719 288418 383241 605480 231979 262360 769739 678602 114743 331400 15998 616943 226578 668859 469257 406011 712025 729679 352981 162471 364130 392980 679736 365602 302120 631559 519041 470150 497883 72919 469969 576605 401119 373015 316007 65655 598094 728134 717797 697536 584906 359503 493101 293519
551794 427178 481171 528815 624158 466949 260307 191652 120140 699020 202953 249801 362036 221136 288274 453199 378440 85458 148262 524639 358064 244285 381881 444342 315057 513988 478248 493442 321549 208692 447612 546420 295935 258816 375039 999999999 498522 413782 726210 215165 168410 203644 641489 683005 585947 662420 138489 369805 521213 638672 569497 452773 522113 245022 412763 678180 338019 140368 144012 347963 496296 114420 710708 315526 278303 307580 389620 244270 592119 314019 450489 613688 376969 587436 693391 321111 735811 419207 307540 79523 675256 430947 300634 95122 581569 305190 184750 421283 467617 76140 342349 426238 441865 356978 621507 664391 252086 202219 265494 201716
784688 213889 259633 751967 666803 546705 689136 310556 581676 765596 692625 647862 138760 450772 761954 693643 795730 424822 370766 991247 821747 502926 290117 133557 524641 938036 164989 762382 177187 528508 70640 68190 563253 689140 161827 498522 999999999 612114 241786 318754 513928 495258 226780 607894 1053290 173095 563077 782830 270557 400105 150349 580340 94946 282249 899615 567000 819077 381821 533566 654709 343460 395002 718057 812373 272391 345648 147223 728307 225720 806771 626615 275443 790552 716950 197792 195031 253740 548910 805732 506189 203814 653640 677745 591614 413008 205734 548096 586305 550878 512802 311839 174109 605282 855363 686266 640767 669883 517076 545507 451576
174431 684550 404267 942424 235059 125365 650261 463776 518925 291191 414999 242141 535866 217062 628814 83322 311589 372660 357729 529867 406150 649301 326734 651040 108330 416835 699430 153641 489697 620453 607828 679980 707127 648136 594176 413782 612114 999999999 845076 350834 580135 212663 830555 349598 581274 705478 548878 298712 788072 452761 749196 76469 688843 530036 519202 372253 652753 351983 557794 124828 804939 458662 322609 577180 567512 269137 600239 410889 808056 599998 858028 524966 303509 174159 746049 438968 858160 815715 527859 493023 814805 42904 706386 413678 372269 531335 235981 37348 857444 489922 300296 659800 40168 565888 222638 302898 270407 612748 148586 595355
1014801 343641 459771 870337 868293 767298 885286 534606 795196 965269 925480 889299 366275 692417 970352 927744 1037344 658584 608274 1230543 1060647 678726 518533 290633 762893 1179762 274871 997358 411703 715337 279180 181753 727932 885760 355592 726210 241786 845076 999999999 559559 710222 737043 147563 781362 1292680 172908 769709 1024494 319011 545211 173018 805971 205985 490152 1134398 733304 1029329 619414 736434 894910 408285 616097 905585 1033910 467431 583430 339971 963020 208968 1024451 746936 405167 1032224 933604 140591 436480 13620 668680 1033121 721191 58102 887371 858868 820988 586726 421560 789411 816754 651104 728583 546328 321846 834346 1082016 891413 826806 910853 705027 786626 639659
522159 336269 267433 662626 499731 343072 462865 123065 327861 590435 385098 330107 203168 145543 503103 421518 478526 129800 66903 672881 503821 359133 173604 314135 245027 621432 360063 483447 154228 351910 287690 378811 426347 461850 250370 215165 318754 350834 559559 999999999 317957 182317 508045 518103 734843 466450 329918 465930 440360 431785 427799 352329 370614 182661 586529 501801 553115 75430 315921 355256 454144 162612 577667 524246 218514 120864 259193 416735 474251 526515 556673 398531 473692 501608 501320 124131 570992 499154 506435 260814 516300 385640 484740 295457 383426 182555 230093 338452 532157 263815 140002 315448 360709 556391 506752 516205 351298 340887 242834 296630
720110 373867 575953 363055 782432 623214 176071 224366 115657 861567 312840 411124 378181 376811 263568 621594 524833 217086 261980 632473 479776 81949 490515 420033 478237 649914 438665 661144 354785 40376 449172 544021 127554 176312 359792 168410 513928 580135 710222 317957 999999999 367965 598324 826835 690123 686882 73280 518351 446384 746920 539769 614213 506292 231869 502606 815556 323305 260296 37575 515862 396208 155543 867280 349297 245078 433474 375784 356787 539504 330450 282489 694037 524851 752899 710522 380978 717339 257643 369988 89543 654048 598841 171398 216643 701358 308876 353142 585214 309479 94743 457896 388991 606390 411440 782131 815428 408009 34368 432633 74225
365787 511525 371972 730778 421849 267140 453161 270058 315876 495378 268383 156160 385475 49679 451896 263792 301446 161702 160644 507816 344275 436685 267237 495779 111448 442999 540851 316534 336530 408204 469367 558043 494656 451285 430403 203644 495258 212663 737043 182317 367965 999999999 690360 493001 568667 629022 341285 288255 615259 495746 610034 249418 552488 339017 441692 495618 487716 152145 347104 177863 617779 249547 509131 430754 377817 179860 440212 285364 655814 444586 645409 511114 295917 384936 666562 301122 748918 604417 395460 281971 696103 235307 502056 224447 425872 359808 64367 217762 647576 279461 224794 494467 238611 442440 418177 467354 182381 400296 69988 383488
1004525 224518 484369 727119 893435 772070 769552 453232 693842 992195 844328 834132 304890 651078 861735 910332 982390 585049 544143 1161007 991323 556466 514688 199126 736809 1125502 163798 977587 353838 597716 223757 160824 599578 770309 268657 641489 226780 830555 147563 508045 598324 690360 999999999 828966 1223025 265892 663391 970398 176014 607881 81486 803822 141713 396857 1054241 785515 921399 555079 628214 860321 263598 527468 943007 936256 366776 561500 255619 884711 64665 923035 605173 471446 978174 942731 250916 395166 146861 527848 942357 623019 96446 871006 735351 736298 632393 341323 734796 807008 506923 630909 532327 215931 826794 989733 913041 865178 851976 588305 748431 525064
411416 771757 349686 1180253 152536 234951 941829 637732 802017 216443 746733 583098 610073 463204 944584 397858 659692 611937 565617 874073 755685 876253 368824 707727 393050 750907 754010 448065 582127 863935 642547 669163 942669 940143 678861 683005 607894 349598 781362 518103 826835 493001 828966 999999999 921748 610678 819898 647203 860480 241694 757514 274775 702486 684270 868637 52751 977834 566622 816396 474318 910739 676157 134722 911927 711786 397390 676428 750338 833569 930520 1074376 378156 651570 266766 648489 524874 794846 1014102 867469 753243 774732 374328 982171 717447 196828 645062 544517 316998 1042480 753224 385002 734894 309651 908790 182509 67752 613187 853626 458891 814212
533376 1012908 933331 933220 782230 706524 598265 769867 574473 786289 385659 412668 928008 617800 495517 523891 277587 638292 684624 62175 232267 768039 831728 1024055 592865 173967 1061412 479723 881293 716519 1015426 1111006 781716 595800 954417 585947 1053290 581274 1292680 734843 690123 568667 1223025 921748 999999999 1196571 617604 291510 1106773 1024970 1147617 657368 1095507 829612 190286 950723 459603 673478 652564 465341 1075590 699943 855801 375077 864027 745943 967846 342453 1176534 408723 922115 1069993 284983 674479 1233325 858968 1303627 929998 330655 625655 1246433 549638 676731 494530 945920 882023 508939 617966 985132 617455 790684 1009870 618640 305540 757874 864962 386739 718645 540640 756399
869465 367582 305173 913990 704594 615822 861835 479170 751602 800140 849909 785038 309905 580904 932531 788800 929545 584236 525879 1135129 967811 675193 382110 290996 634690 1068952 304332 859109 342631 701559 240910 162714 734378 861797 333065 662420 173095 705478 172908 466450 686882 629022 265892 610678 1196571 999999999 734731 916070 391652 372803 231146 658294 214790 455072 1052979 561838 988988 536522 705903 770718 477407 563738 737085 977817 445266 458949 317772 882936 304302 974107 788165 233070 923606 777184 40841 344783 186021 709424 967411 676122 181880 748349 850735 753238 417982 378264 687632 674196 705029 682442 416922 331828 689864 1017341 729079 658429 809925 690145 668593 624584
677670 439084 595960 398334 762509 605438 133764 258899 44458 836260 244039 359033 424870 359379 200729 582140 462226 210434 266626 560409 410540 150988 503089 479131 452702 582795 501681 615902 395229 100571 501619 598734 179531 132995 415427 138489 563077 548878 769709 329918 73280 341285 663391 819898 617604 734731 999999999 456744 516188 761487 601480 590690 564252 282476 429611 813262 259633 261967 36730 472328 468735 177621 849167 277578 302277 436382 431355 287455 606094 260635 335305 721305 462881 722989 760810 412506 777476 321681 296743 69268 714512 563075 162440 156706 709564 357576 314831 558295 375286 67456 466611 450820 578476 338600 759454 802601 351971 101312 400310 145196
305745 775632 643694 840427 519283 421953 501800 526386 413535 545318 224380 136296 667223 335328 435595 257704 13944 394132 426645 235197 118421 600157 543789 772458 301370 155510 814557 238727 618717 554411 753185 844509 636267 499218 704266 369805 782830 298712 1024494 465930 518351 288255 970398 647203 291510 916070 456744 999999999 876221 734184 891506 375045 835672 592796 228947 670946 435530 415864 483485 176791 861836 472647 601038 343021 630512 459649 715926 191135 930719 375004 791540 779385 7778 423759 954078 588036 1036193 775854 284009 434421 982198 273693 576386 301825 655606 631532 236098 333856 827756 427339 503821 765159 338056 306294 499199 596209 120893 552016 251102 568159
961269 104119 512458 551691 895923 755337 610345 350600 551589 993647 721689 742552 259528 584915 708540 861435 886926 482090 456477 1045699 879060 393875 506262 152756 684606 1027960 107796 923796 300889 439304 219537 235445 430417 611372 194946 521213 270557 788072 319011 440360 446384 615259 176014 860480 1106773 391652 516188 876221 999999999 667798 162556 777334 184097 283425 928736 824204 768216 466270 479737 792561 89746 408371 958464 793498 245963 526338 191511 764406 111447 776490 429232 545998 883865 924457 391167 356586 320470 351837 806938 486775 262433 824741 569180 612499 671532 257811 647716 771259 332102 494987 509735 130426 792838 851969 910662 884405 755384 431103 680866 372179
579959 592813 175976 1070925 359962 331543 893828 528854 756521 446830 763539 631771 442941 450251 924603 527716 748000 555012 495292 969354 822855 776383 258403 518911 435237 867101 560138 593436 430852 778074 449534 453229 844384 892711 508077 638672 400105 452761 545211 431785 746920 495746 607881 241694 1024970 372803 761487 734184 667798 999999999 543365 382553 494094 554873 929326 190745 969247 500933 747409 559960 731598 591792 373699 923064 572307 332821 501230 780724 622098 933144 953670 140131 740386 455846 409294 382232 558506 884004 890866 692263 544097 491762 915884 701581 80555 495979 559116 415523 901907 694883 296371 552918 421626 938161 388501 297143 662293 766566 495209 713862
923236 170623 409937 704951 816392 692246 713980 379143 629263 915217 771678 755211 224722 570190 801571 828874 903652 509338 466049 1085504 915546 505904 434776 125271 655336 1046809 102038 896101 273604 543323 142326 90145 554990 714534 194485 569497 150349 749196 173018 427799 539769 610034 81486 757514 1147617 231146 601480 891506 162556 543365 999999999 723230 60462 326952 981632 715699 860904 477073 567358 779205 251032 456454 868403 870333 300279 480103 180236 811240 79281 858944 580172 410982 899284 863084 228654 313783 178661 501307 873420 556619 115332 789578 686029 664596 561857 265859 655598 725875 488527 564294 451378 150849 745770 921500 835305 791103 773724 533200 667442 468229
211379 675527 353439 977153 173822 51127 700173 472426 564633 247439 479348 310475 519700 238522 687463 145164 387984 399646 373100 606276 481205 678095 290287 633924 138138 491732 682888 212039 476451 654041 584506 648524 739253 698188 582394 452773 580340 76469 805971 352329 614213 249418 803822 274775 657368 658294 590690 375045 777334 382553 723230 999999999 662820 534960 594012 295913 715154 369431 595492 200020 802581 480823 261995 643473 570656 250996 586522 479016 786862 664498 885890 464836 379912 149335 699117 421765 819314 838054 596338 530286 779891 110254 751324 465980 302069 525163 287138 42239 876479 528206 272447 647287 39518 636108 168764 232043 339981 645405 197431 620854
862836 154931 353548 701264 757665 632098 682033 330564 589242 856489 722944 699447 168573 511759 764973 768669 847998 457980 411862 1033341 863253 480349 374651 86702 595480 991127 89559 836051 216957 513772 83235 52658 534222 682397 149608 522113 94946 688843 205985 370614 506292 552488 141713 702486 1095507 214790 564252 835672 184097 494094 60462 662820 999999999 284171 932574 661893 823784 422966 531409 720273 265193 410833 811152 828075 262136 419791 134022 761562 131168 818466 575512 366056 843448 802988 223093 254435 214615 496529 828225 515209 153175 729309 659890 617153 507899 216924 599583 665424 490408 522613 390919 123385 685308 876888 776172 734256 718766 503085 608782 437226
698054 184147 378904 516255 679781 524840 406893 69048 305285 771999 447973 459369 146685 315879 482812 596181 603525 198667 178382 767930 599458 231341 317723 201865 422359 744794 233327 653993 130472 249084 219181 316409 297252 406908 134565 245022 282249 530036 490152 182661 231869 339017 396857 684270 829612 455072 282476 592796 283425 554873 326952 534960 284171 999999999 657690 661062 541036 187074 251717 516741 278779 130708 755093 544163 38854 296112 150208 489039 347211 534306 399260 479597 600441 684200 479401 172653 498677 332469 546518 231039 436525 562423 398413 339554 525316 77075 365834 519986 358227 238453 299669 181255 542335 594548 688116 689904 471965 237387 407393 173677
531432 838464 813582 747317 746320 637467 409076 602583 387263 774217 209980 297720 768141 491000 309133 486049 219094 475864 529125 139457 113224 579297 708530 856697 496546 229148 890986 465899 723670 527579 855271 953033 591505 406577 787183 412763 899615 519202 1134398 586529 502606 441692 1054241 868637 190286 1052979 429611 228947 928736 929326 981632 594012 932574 657690 999999999 888264 279998 518164 465171 394380 892571 526985 829233 189195 690025 621045 801449 171432 1004466 224248 732216 952784 226825 652678 1087590 709164 1144605 739806 140694 443145 1085265 499060 487905 318212 854241 716203 377546 551881 794967 434897 665772 838944 559305 122655 727189 820911 267068 530165 434272 570755
451100 738293 311769 1164184 197577 250797 938268 618438 798059 268226 755928 597572 578073 461624 947154 428183 683842 603489 553576 901149 775978 860934 343430 671693 402185 781789 717045 482823 553183 851610 605187 626620 928077 936697 646646 678180 567000 372253 733304 501801 815556 495618 785515 52751 950723 561838 813262 670946 824204 190745 715699 295913 661893 661062 888264 999999999 983065 555595 807425 495561 877819 662570 187466 921076 686640 382542 643229 762540 792632 937927 1055385 328847 675759 309366 599137 496942 746728 992767 879008 745497 728482 401151 974825 719207 153994 617253 550765 337425 1018889 746052 364648 700551 333278 921876 227930 117427 628140 840971 468392 798377
