NAME : synthetic_000605
TYPE : CTSP-D
DIMENSION : 100
GROUPS : 8
RELAXATION_LEVEL : 1
EDGE_WEIGHT_TYPE : EXPLICIT
EDGE_WEIGHT_FORMAT : FULL_MATRIX
EDGE_WEIGHT_SECTION
999999999 978040 337397 1029206 742839 157911 702170 631566 601919 754285 709037 562894 147748 480363 155171 397455 929062 236654 145322 481042 998515 772169 724250 114899 500003 352426 822411 141198 153447 640382 644191 830819 147259 95956 193530 688239 819625 497587 165208 806854 789094 980211 301052 646547 849773 360543 579787 601807 470410 263044 552514 580284 456975 504319 574309 513278 549597 98169 580792 758598 974284 778230 536847 652166 958523 900263 186092 376406 669309 358770 142834 636514 968561 539614 876742 421792 298086 672976 413385 336246 903461 851039 198228 893608 348764 726168 459812 636033 832443 921746 843794 413708 474392 467009 672009 466198 280386 630966 183054 425815
978040 999999999 951412 51389 612902 924313 417547 406604 509596 223954 271908 813786 877418 853562 938859 665861 61225 1176360 892711 497056 79906 316331 669108 1077310 608999 625628 294173 860778 867489 447663 762981 149934 904335 886608 784530 735079 179432 498227 1122452 575723 188954 171886 908850 421541 495665 884471 446889 376861 633558 738090 434933 797008 714360 768443 810303 476659 821004 945684 430051 522384 116030 241904 580311 498053 45555 275988 796472 608731 457803 626731 1113270 502723 123641 674801 226867 895409 1023202 321962 564842 659181 267779 855551 938708 394102 710030 438994 518340 661209 156971 162796 150546 610426 520461 842621 528393 645187 851737 588787 836943 846840
337397 951412 999999999 998019 933699 183775 816775 547037 461448 748853 720401 826921 429522 760823 474509 287733 892626 330985 438887 510399 996825 850121 934234 322281 679252 424451 897078 255476 228831 758871 364161 825177 204362 299029 341986 920897 835537 583147 329924 586922 775985 894229 606338 751632 656408 71100 675760 620915 321175 450042 608744 291283 250925 755488 836643 584382 253133 240405 522448 564219 987488 817830 706973 495958 947338 970879 305965 479719 798297 469866 353352 483918 984700 322015 928858 717756 89901 631108 456876 478713 789434 547112 516660 734150 555885 852877 502430 846686 794442 952014 801482 563017 448116 170655 493005 310226 562921 432483 438941 136869
1029206 51389 998019 999999999 650900 974164 461418 451798 551737 275271 323279 858824 928796 900772 990157 713444 105449 1226604 944078 548183 89488 358969 707968 1128134 657588 676819 332542 911372 917799 494368 799143 201201 954428 937606 835684 775607 228410 549412 1173114 602293 240124 178401 959104 468879 518857 930531 496752 428193 678979 789455 486239 835983 758750 815233 854996 527949 861192 996177 477921 552985 135370 289419 628186 537146 84860 304799 847376 660120 502464 678120 1164181 542763 144547 716322 261730 943846 1070888 370445 615934 710537 288156 882146 989816 413296 760704 480475 569575 704100 204514 193838 196627 661278 570138 885701 565223 690506 902347 626960 888305 891196
742839 612902 933699 650900 999999999 797109 217084 635375 729120 489413 450443 266651 595803 347620 617006 706449 610802 979373 601282 480703 568657 302059 59053 857019 255518 515278 318818 707727 730562 232210 983179 505944 769624 693119 606210 134270 454800 382455 906905 942896 511950 744560 501849 258498 908950 896841 311258 448776 740455 499274 398962 968958 813698 271944 257313 395342 967968 776914 591583 869062 522601 392821 226837 764164 568814 356526 639851 457485 194423 465144 879327 754728 513074 839979 389500 416603 958619 557550 502847 455507 767280 1168317 589063 859194 397752 181650 473164 113760 577101 458443 590041 370716 567696 932177 809497 749673 481372 831809 560066 908837
157911 924313 183775 974164 797109 999999999 712941 544015 491108 705842 667317 660252 249700 588098 290916 283835 870116 254809 257536 438490 956559 765158 789550 182621 542374 322571 814720 89435 67523 651752 492884 784076 27502 119262 191069 766884 782829 485750 214128 674158 737942 900529 425645 650792 726547 202699 577035 560191 349232 298424 527584 426431 317388 592367 670665 494383 394189 59955 502231 633401 938967 752028 574818 537471 911556 891868 158939 367092 687173 352677 220591 522589 934550 401062 858697 540209 167619 605412 373331 347781 810955 696333 333333 783270 403310 744020 422760 700483 770935 893768 780601 434433 404074 310521 549933 342410 386743 501266 264924 269291
702170 417547 816775 461418 217084 712941 999999999 432406 535186 272439 233914 397859 567904 446483 611977 555207 405429 932872 578945 316276 389129 103324 265220 815542 224724 395495 142739 628020 645816 61964 802313 294776 686717 630018 528668 322754 246310 233634 865531 735553 296081 533716 539178 65581 696092 768025 141208 248877 573077 439189 219290 798570 653736 359618 393720 234152 803743 708691 396201 662218 347292 181943 187960 564326 376667 212672 555885 346057 42970 360279 844950 556670 338418 664804 215337 497852 859294 346348 360543 370345 550517 974434 597601 642645 365701 42680 318027 244029 362070 281532 375355 288542 398065 781745 609612 583679 494482 639635 526649 765228
631566 406604 547037 451798 635375 544015 432406 999999999 114951 229875 226364 702987 570655 697356 641051 267127 346739 798706 587844 207754 459367 403758 669653 714299 465878 308387 435978 497288 496942 403306 390699 295865 528507 535636 447215 702823 322244 289037 754176 308494 246582 356698 668173 378305 289208 478931 327883 186611 227181 447799 244409 407459 307955 632569 705739 265764 425430 577019 59932 234627 458347 331961 462181 132625 407601 492671 446167 327572 442902 341369 752260 126902 457547 276287 437117 707530 622634 102907 252330 382723 271904 543997 656500 283215 476716 474926 231017 610749 250409 437587 256059 388225 162959 437811 177571 238723 602685 215780 537319 440379
601919 509596 461448 551737 729120 491108 535186 114951 999999999 344661 340280 766133 567864 747988 639199 207911 448608 741305 585086 264559 567704 515149 758409 670261 534994 325858 549279 461594 455254 499581 276143 408687 480489 507400 434588 784103 436934 360415 705171 239161 359955 433393 690776 476966 254280 390943 417913 286313 144915 462965 330443 293463 212101 692329 770381 341024 313401 533185 139038 172147 569750 446322 538134 52471 515156 607359 424311 362286 540820 371799 708662 36734 569461 165425 552049 747623 543402 217855 284007 411962 328660 440009 661562 292964 514973 577861 282366 692308 356692 551668 360304 440042 187919 334302 88823 154195 625385 104538 540448 342743
754285 223954 748853 275271 489413 705842 272439 229875 344661 999999999 52583 637753 654423 662558 717013 461145 179625 955821 669940 273565 251096 203406 536986 854587 412539 401864 221405 639097 647032 275289 619251 78240 684791 663351 560829 589750 92433 278931 900299 493669 36231 277037 695978 245969 439434 685333 244212 152927 442301 515434 214211 637194 527010 581686 636565 255934 654089 724331 230585 424309 238635 113910 390455 353323 205991 267025 573594 385359 301455 403324 890236 351664 235999 504935 209023 695617 814808 127490 341423 436788 278204 757001 718793 373807 494737 309096 294488 503926 98661 208984 112762 394113 305234 659828 394481 454216 636302 442424 614281 657177
709037 271908 720401 323279 450443 667317 233914 226364 340280 52583 999999999 587724 605522 610736 667152 433855 230862 914942 620804 230555 290619 180922 495499 811308 360633 357184 209769 597552 606827 229192 616414 122408 645370 619425 515996 545115 116139 227567 857739 511570 88253 328737 643714 199878 465003 659050 192259 107966 422846 466183 163382 628362 508112 530433 586863 205176 642346 682980 213418 439884 271777 106390 339440 356625 249521 267986 530525 337046 258737 355060 846442 352644 267678 494143 215594 643168 782822 125717 298103 387290 321984 766215 667984 408791 442672 273216 249874 457705 150696 231620 164755 342132 272815 641480 400050 434687 584339 442138 565039 635750
562894 813786 826921 858824 266651 660252 397859 702987 766133 637753 587724 999999999 419843 92045 414622 669526 795866 789830 418563 502649 786640 501082 217563 669219 237959 467407 535656 574953 601158 368142 974601 680952 633891 542776 485531 150431 637632 413963 716078 1002391 669285 913829 274859 396141 992186 808845 398731 535851 725588 380643 465021 941334 779465 76261 12033 437661 929563 623513 646587 930561 743882 573211 249895 812313 773975 592988 521483 415185 356369 412120 683379 799182 734796 829896 609861 164401 827847 657566 488199 380992 904963 1180172 377073 970315 280420 385036 483790 165369 735787 677877 749843 327794 579775 873520 854478 731524 282546 856678 396270 841365
147748 877418 429522 928796 595803 249700 567904 570655 567864 654423 605522 419843 999999999 341767 71360 384300 833289 383696 17292 389567 889193 645357 576515 261247 357205 265288 695166 176560 202586 506937 673422 727794 225945 130846 136161 541152 709839 382187 311105 794281 690353 901076 176830 516391 822102 430352 455192 502245 458398 139565 443139 619325 472087 358220 430945 401779 595430 205562 513899 736325 860905 662390 394826 620254 853274 772361 158411 269191 532546 251311 284372 604402 854424 547338 754308 290696 414533 591463 326398 218583 838302 886418 99406 848327 205767 588631 365675 488377 740775 804501 753230 283261 407700 521099 648687 457900 139080 620133 41790 482156
480363 853562 760823 900772 347620 588098 446483 697356 747988 662558 610736 92045 341767 999999999 328760 629269 829744 703064 338356 490914 833955 549031 303498 583610 250118 433056 588423 505977 532556 406503 936716 713844 562595 469154 423734 240901 674679 413039 629489 986831 696173 939464 185497 432032 985040 748664 418478 544478 691016 325982 471400 897835 737013 86977 104030 438220 882815 547242 638716 916968 793313 611681 274070 796741 816195 651839 458984 387133 403607 380284 595981 782681 784573 794245 661741 72502 754916 664813 464454 343831 918908 1146203 289440 973438 238193 441226 469389 237898 761208 727798 775305 309980 560075 821313 836807 695674 202687 832123 323343 786958
155171 938859 474509 990157 617006 290916 611977 641051 639199 717013 667152 414622 71360 328760 999999999 453972 896430 375223 54114 456355 947252 694993 591382 254904 393145 334369 744163 231140 255288 552412 738517 788955 270775 179161 206511 547853 768448 441184 301459 864977 753127 968138 146316 564613 893422 483421 508131 565898 528346 202307 503926 682178 538644 362278 426346 462209 656592 238093 583880 807463 917231 718467 431405 691580 913114 820439 225834 333494 574362 315945 269200 675725 910409 615419 806193 267449 447708 658991 394749 280306 907715 950920 43436 919394 246337 629031 432100 505746 805398 859113 818098 335327 478111 579671 719796 527485 136992 690453 104865 539788
397455 665861 287733 713444 706449 283835 555207 267127 207911 461145 433855 669526 384300 629269 453972 999999999 608018 536195 400848 239062 709346 573902 720235 462351 467998 203341 618689 256302 248067 502670 307509 537474 272589 304987 248229 725706 548370 328297 497636 413298 488355 622679 531927 489795 452320 225214 415612 337896 74723 309701 337651 272288 110624 593276 676503 322182 264373 325373 235851 361482 699779 533612 485619 256135 660233 690047 229472 259548 544473 259035 500752 240780 697049 167753 645059 611566 357444 344353 203620 288617 528388 518469 482705 500804 392200 594779 238476 639756 509106 665241 516891 352019 164380 227464 274591 73611 469860 237450 364795 210337
929062 61225 892626 105449 610802 870116 405429 346739 448608 179625 230862 795866 833289 829744 896430 608018 999999999 1123140 848962 448397 132091 309139 665018 1026234 581818 577229 296466 808838 814570 427732 702049 115918 850768 836546 735612 727395 159262 458338 1070666 518520 143413 140488 873963 400034 440702 825256 415794 331055 573888 694612 393785 735787 654149 746109 793233 435535 759805 893333 372584 463340 156294 223955 555676 436841 81951 294345 745954 564098 443217 581996 1062604 441503 161519 613731 238202 867688 965462 265453 515769 616138 217152 797923 898415 342595 673336 431916 470607 649006 99386 184546 91179 572899 466059 781928 467418 585456 815075 527623 793399 786630
236654 1176360 330985 1226604 979373 254809 932872 798706 741305 955821 914942 789830 383696 703064 375223 536195 1123140 999999999 379354 684463 1205387 996956 959764 122532 735950 560979 1047158 317509 308911 870910 694421 1033866 272477 303724 407680 921073 1029233 718038 73791 905778 988813 1155296 518113 874839 966673 391258 804981 807062 597160 494927 767149 621904 551408 735928 801565 730574 584037 232067 756866 873123 1185378 993847 772437 785399 1161813 1125039 386624 595910 901768 579274 107790 771073 1180441 632591 1097041 638437 245540 859192 617330 563054 1064487 875622 413631 1031111 585079 958885 666366 871931 1024205 1137001 1034171 644793 657320 500594 793326 589080 510045 739459 419702 463761
145322 892711 438887 944078 601282 257536 578945 587844 585086 669940 620804 418563 17292 338356 54114 400848 848962 379354 999999999 405979 903709 657800 580423 256837 365917 282183 707480 187983 213561 518266 688589 742997 234697 139878 152890 543018 724443 396723 306204 811214 705919 917618 168124 528402 839312 441958 468305 517967 475051 154624 458155 633827 487649 359005 429845 416682 609437 210676 531012 753437 875012 676383 403785 637468 868196 784489 174041 284937 543003 267121 278052 621614 868450 563389 767337 284623 420696 608080 343148 233593 855320 901443 84263 865611 215052 598794 381995 492762 756769 818192 769281 295898 424886 534334 665785 474428 136253 636926 55829 495099
481042 497056 510399 548183 480703 438490 316276 207754 264559 273565 230555 502649 389567 490914 456355 239062 448397 684463 405979 999999999 521155 339734 502967 581215 270497 128835 386836 367018 376775 265333 502793 350811 415794 389790 287512 522408 344963 99270 627329 499750 308103 511792 464995 251002 494134 456387 177895 122613 261020 255023 99196 489338 338737 429876 506507 85975 490968 452456 148283 428176 501188 314328 275513 309695 478865 461479 300247 125721 307561 141996 616713 296750 496498 359281 423001 499785 563767 202934 67861 181771 456526 693948 465089 489195 269658 356274 24776 431377 353057 455328 365032 181033 87020 465508 352274 270860 400193 360405 351607 449312
998515 79906 996825 89488 568657 956559 389129 459367 567704 251096 290619 786640 889193 833955 947252 709346 132091 1205387 903709 521155 999999999 285812 626495 1101787 596612 647461 253183 888094 896972 428539 828770 173001 935152 909761 805982 695996 179473 507013 1148340 650568 221193 251223 904998 405298 572526 931702 443376 398584 683670 749736 447213 858901 766553 747507 782092 487916 880933 973502 474698 594579 46881 230835 564795 561199 53071 217455 821108 623793 431407 641753 1136735 564423 56373 733014 179785 880966 1064862 366272 588718 670850 346494 929835 943433 472699 710630 403700 540343 628308 211180 110506 208983 613540 556158 897170 594342 695490 851069 652661 847935 898571
772169 316331 850121 358969 302059 765158 103324 403758 515149 203406 180922 501082 645357 549031 694993 573902 309139 996956 657800 339734 285812 999999999 355880 883185 319150 442624 50266 684450 699484 148157 789961 204916 740142 693336 589345 419368 153010 279935 932451 692041 217973 442691 633229 130823 642057 795414 192442 240134 578475 510594 241765 795693 662620 462315 496794 271078 805840 767970 380561 620680 244301 93781 284525 535662 274453 128188 612757 401394 145693 417750 914680 530658 235542 660617 114807 598623 901256 305934 396564 435983 473554 946347 684405 576355 449792 123141 348777 345183 279656 178809 291808 362101 410093 794653 579712 589871 584686 618732 603605 783208
724250 669108 934234 707968 59053 789550 265220 669653 758409 536986 495499 217563 576515 303498 591382 720235 665018 959764 580423 502967 626495 355880 999999999 837234 256406 523334 375491 700201 724083 270391 1005299 558090 762071 681280 600020 76313 507737 403714 886596 978090 561300 797149 468234 298494 948304 901366 342100 483936 759298 491265 428394 987056 829210 235059 207280 419476 983793 765209 622802 904196 580622 444742 234664 795966 625363 415287 634730 465130 236817 470672 857483 785726 571111 860770 447014 374553 953714 597096 517808 455981 815186 1195456 560590 903167 386495 233480 492806 89199 627215 516126 640424 374690 589725 943424 841060 767931 454507 859605 543090 917995
114899 1077310 322281 1128134 857019 182621 815542 714299 670261 854587 811308 669219 261247 583610 254904 462351 1026234 122532 256837 581215 1101787 883185 837234 999999999 614898 454395 933451 218372 217490 753653 667813 932023 189848 192275 296830 798958 923881 606231 50327 856665 888618 1068419 399709 758926 908835 366140 690767 703435 530373 376450 658532 598479 499628 614021 680872 620460 563540 137690 667697 815811 1079452 885187 651703 717870 1060080 1011371 280996 484179 783308 466967 38401 702742 1074078 583224 985914 520724 256358 765511 513400 447468 984583 864427 294827 963122 463654 840273 561457 749406 928267 1028729 938983 527009 563961 478370 731864 524041 388334 683864 297770 438039
500003 608999 679252 657588 255518 542374 224724 465878 534994 412539 360633 237959 357205 250118 393145 467998 581818 735950 365917 270497 596612 319150 256406 614898 999999999 267905 364831 453150 475526 170993 762254 465970 514932 441719 351310 258154 429569 177130 665211 768278 446401 689369 314737 191546 754910 645039 168375 298839 513100 246068 227264 738189 578117 172119 240095 200146 732357 524915 410461 695696 559108 368520 38276 579083 573876 437269 384554 209837 184178 214454 640710 566627 550960 616660 433929 286433 703131 420447 269588 200547 671113 960775 375260 732668 151585 236774 254459 172205 511167 495410 525258 118383 352829 688502 622326 520766 270379 630052 317927 662167
352426 625628 424451 676819 515278 322571 395495 308387 325858 401864 357184 467407 265288 433056 334369 203341 577229 560979 282183 128835 647461 442624 523334 454395 267905 999999999 492149 244201 257399 335975 507223 478575 297826 262300 158983 524037 469531 163938 501396 563730 436695 636900 365688 331508 576318 382364 256386 249572 258816 140049 206448 475603 313936 391171 474023 171851 466852 329241 250154 497989 625290 432910 289596 377469 606445 569332 174486 58204 374461 55700 489291 362237 620080 362858 537408 424591 463804 327128 62028 89315 573346 714212 348164 590007 195037 429826 107447 440093 481607 576025 493406 150077 146793 420600 413207 264302 300083 401178 229823 394679
822411 294173 897078 332542 318818 814720 142739 435978 549279 221405 209769 535656 695166 588423 744163 618689 296466 1047158 707480 386836 253183 50266 375491 933451 364831 492149 999999999 734381 749213 194461 825171 204440 789823 743561 639524 443387 151779 329873 982712 714932 228308 434673 679494 179558 659858 841354 242706 282239 620066 560725 289813 833983 704732 501459 530576 320403 845588 818025 417768 645005 208880 107658 329175 566316 249998 77925 662758 451503 185652 467920 964935 562408 199625 699052 74241 640581 949521 335271 445082 486239 478132 975029 732874 587397 498549 150993 396880 375477 283631 142987 294353 411958 454425 837360 609487 631611 632231 651741 653434 827164
141198 860778 255476 911372 707727 89435 628020 497288 461594 639097 597552 574953 176560 505977 231140 256302 808838 317509 187983 367018 888094 684450 700201 218372 453150 244201 734381 999999999 26647 566467 513506 716975 61934 54149 102037 678369 711725 404520 261828 666200 672544 850314 352807 566908 708602 253982 494284 489630 329242 209008 450649 453791 319783 505667 585099 415236 426625 85448 449565 617406 867873 676987 485904 511451 845021 811974 72159 283676 600917 268271 255767 495859 862957 401239 781468 462373 255009 547255 299822 260171 768520 724066 270241 753925 314126 657956 348891 611165 710531 819890 721072 346490 345595 348623 530822 325169 307467 490160 183471 308651
153447 867489 228831 917799 730562 67523 645816 496942 455254 647032 606827 601158 202586 532556 255288 248067 814570 308911 213561 376775 896972 699484 724083 217490 475526 257399 749213 26647 999999999 584526 494115 725136 40908 76367 124372 703354 721723 419725 257850 654031 679915 851762 379077 583944 699307 228596 510525 499158 319307 232858 463386 432877 303695 531553 611249 429188 404682 80102 451335 607386 877951 688902 507648 504167 853016 826569 91478 300231 619760 285544 255631 488750 873269 386181 794576 488993 230072 551418 310451 280276 767098 703574 295112 748150 338534 676644 359831 635156 715821 831290 726014 366952 349367 325440 521505 314393 334103 478435 210118 285091
640382 447663 758871 494368 232210 651752 61964 403306 499581 275289 229192 368142 506937 406503 552412 502670 427732 870910 518266 265333 428539 148157 270391 753653 170993 335975 194461 566467 584526 999999999 760612 312910 625414 568073 466871 316072 269887 176561 803622 710688 304259 547889 485261 29359 678169 711776 87441 216702 525386 377362 172951 752757 604069 320881 365668 180517 755890 646880 361072 636852 389542 205912 136836 532845 409720 268790 494362 285258 42395 299097 783184 523872 381175 620361 262942 452517 799497 326790 304284 308426 551162 939549 539413 633788 306109 94007 264257 228732 371210 325148 385091 226693 349954 729975 578233 535576 437885 603234 465553 711818
644191 762981 364161 799143 983179 492884 802313 390699 276143 619251 616414 974601 673422 936716 738517 307509 702049 694421 688589 502793 828770 789961 1005299 667813 762254 507223 825171 513506 494115 760612 999999999 679172 497643 567635 541954 1019843 711009 601816 685504 250320 631765 651694 833388 740868 336697 304612 674881 555648 249769 616072 587727 73258 203149 898382 981081 587839 112409 550948 409886 260416 836312 722454 774170 268891 775699 883367 515197 560332 802817 562502 703141 268247 836995 145632 827565 918266 452904 493457 492756 594791 532365 213334 772732 437958 699275 844686 512604 930625 618994 823830 619942 651140 415802 193829 234655 243194 773418 177596 661141 231609
830819 149934 825177 201201 505944 784076 294776 295865 408687 78240 122408 680952 727794 713844 788955 537474 115918 1033866 742997 350811 173001 204916 558090 932023 465970 478575 204440 716975 725136 312910 679172 999999999 762978 740504 637539 617527 52888 348312 977969 531628 49789 239117 760587 284836 467146 760880 300499 229023 515276 588376 285043 702139 599302 630341 678578 326747 721197 802265 304365 466535 163576 113349 439781 410544 128082 227898 651040 459450 330674 477465 967484 411060 162072 572119 166796 751982 892194 197293 418648 509421 273853 803423 788842 386448 560920 324765 371129 536716 80261 145270 90083 460989 383160 731361 448693 527169 702706 501577 687205 730465
147259 904335 204362 954428 769624 27502 686717 528507 480489 684791 645370 633891 225945 562595 270775 272589 850768 272477 234697 415794 935152 740142 762071 189848 514932 297826 789823 61934 40908 625414 497643 762978 999999999 95102 163648 739636 760574 460463 226085 670489 717304 884458 402515 624846 719930 215867 551380 537918 340754 270926 503505 433101 315474 565608 644231 469668 402363 55020 484919 627205 916785 728627 547462 528030 890693 867118 131884 341129 660568 326449 228241 512894 912221 399024 834707 515857 194302 586719 349958 320740 797110 703803 312542 773298 375870 717477 399387 673012 751771 870760 761700 407328 384854 320100 542596 334702 361845 496200 239257 278977
95956 886608 299029 937606 693119 119262 630018 535636 507400 663351 619425 542776 130846 469154 179161 304987 836546 303724 139878 389790 909761 693336 681280 192275 441719 262300 743561 54149 76367 568073 567635 740504 95102 999999999 104724 654157 731669 414973 240141 716966 697715 884985 307457 571302 756870 304285 501269 511662 378906 195964 466333 507855 373187 476453 553393 428540 480405 83945 485150 666453 887185 693060 476522 558087 868493 821464 91007 292773 600085 275872 227019 542358 881804 454095 794518 421023 285802 578557 321930 259732 807524 778196 219605 798447 295583 657289 369559 592096 739289 836574 750396 343051 379038 401712 579380 375502 267505 540798 146569 361435
193530 784530 341986 835684 606210 191069 528668 447215 434588 560829 515996 485531 136161 423734 206511 248229 735612 407680 152890 287512 805982 589345 600020 296830 351310 158983 639524 102037 124372 466871 541954 637539 163648 104724 999999999 581083 627547 310452 344865 658470 595579 789860 292796 468738 688380 324967 397651 408521 322241 109324 361703 491522 339263 413543 495046 323817 470662 180027 393349 601471 782849 588379 383877 486755 765367 717386 36024 188267 500376 171606 330950 470875 777386 412381 689872 389202 353706 481203 219872 159045 718251 755285 234546 719474 215542 557523 266424 511212 639254 731909 650745 244859 286090 401981 513750 321840 236549 484037 119190 365611
688239 735079 920897 775607 134270 766884 322754 702823 784103 589750 545115 150431 541152 240901 547853 725706 727395 921073 543018 522408 695996 419368 76313 798958 258154 524037 443387 678369 703354 316072 1019843 617527 739636 654157 581083 999999999 568699 424130 847403 1010679 616473 856382 416222 345299 986916 893359 376365 520457 771052 471833 458562 996319 836021 185581 139104 443115 990061 737494 652304 937029 650647 504602 246931 824808 692107 487705 616708 466534 288710 469215 816572 813540 641192 874347 516211 313300 933339 638112 527536 448349 866922 1216066 513847 948672 365583 296265 509056 92123 683145 585490 696701 374048 607493 943895 869292 778838 411360 882593 511155 915891
819625 179432 835537 228410 454800 782829 246310 322244 436934 92433 116139 637632 709839 674679 768448 548370 159262 1029233 724443 344963 179473 153010 507737 923881 429569 469531 151779 711725 721723 269887 711009 52888 760574 731669 627547 568699 999999999 327722 970888 575566 83145 289764 731355 242974 514482 773337 268679 222665 533072 570342 267790 729616 618049 589992 634723 308443 746462 797169 321474 508511 156228 64722 401081 444069 146242 181054 643724 444419 283984 462362 958476 443041 151741 597329 120694 715977 898805 219917 411905 491422 326354 843897 765647 437135 534263 274259 362988 489746 131967 117513 142579 435913 388606 751120 484271 544979 675525 533865 668646 747466
497587 498227 583147 549412 382455 485750 233634 289037 360415 278931 227567 413963 382187 413039 441184 328297 458338 718038 396723 99270 507013 279935 403714 606231 177130 163938 329873 404520 419725 176561 601816 348312 460463 414973 310452 424130 327722 999999999 654908 591521 315143 545181 418863 168669 578225 535234 92927 136404 358039 242805 65162 586570 432821 344234 416722 25522 586473 488224 233339 518737 479215 281388 177724 402940 471938 407538 332897 122202 217410 139264 638981 390920 472974 457838 379683 432390 626930 252952 127743 164130 509622 792917 440586 560547 217018 270308 90976 332720 372539 424592 386045 116539 186055 555725 446719 367376 357923 458514 340932 536202
165208 1122452 329924 1173114 906905 214128 865531 754176 705171 900299 857739 716078 311105 629489 301459 497636 1070666 73791 306204 627329 1148340 932451 886596 50327 665211 501396 982712 261828 257850 803622 685504 977969 226085 240141 344865 847403 970888 654908 999999999 883670 934023 1109529 444718 808639 939251 381191 740087 749788 563245 426543 706353 614611 526521 662201 727805 668682 578322 177942 709184 845865 1126683 933131 702029 751574 1106051 1060637 327244 532749 833468 515681 37509 736713 1121434 609562 1034551 565261 254398 808680 559643 497004 1023191 876550 340099 997396 513939 890458 608073 798950 972325 1076611 982802 577028 606731 493312 763314 556217 436295 712955 347971 454076
806854 575723 586922 602293 942896 674158 735553 308494 239161 493669 511570 1002391 794281 986831 864977 413298 518520 905778 811214 499750 650568 692041 978090 856665 768278 563730 714932 666200 654031 710688 250320 531628 670489 716966 658470 1010679 575566 591521 883670 999999999 492504 435694 926842 684832 91546 518846 636370 494448 338652 698643 552148 315970 357278 929432 1006139 569934 353797 725442 358909 73898 669108 607280 767865 190328 599116 756600 642411 601446 749389 610805 894360 204153 672134 274126 696151 986656 676641 389853 523156 650731 316323 279973 890851 201328 754101 777489 519227 918559 456901 673705 452869 678067 426848 421164 150673 341490 861833 176173 770439 450257
789094 188954 775985 240124 511950 737942 296081 246582 359955 36231 88253 669285 690353 696173 753127 488355 143413 988813 705919 308103 221193 217973 561300 888618 446401 436695 228308 672544 679915 304259 631765 49789 717304 697715 595579 616473 83145 315143 934023 492504 999999999 244555 731949 275149 432709 711424 278344 188455 465499 551458 250442 653400 549514 614602 667764 292165 672008 757639 254712 425379 213362 124558 423272 363649 173805 264101 607693 421223 327764 439168 924459 363518 211824 522868 203838 730336 843677 147507 375897 472869 256233 761000 755016 359610 530813 330520 329464 532140 66958 192104 80842 430216 335614 681602 402859 477391 672419 454242 650289 680690
980211 171886 894229 178401 744560 900529 533716 356698 433393 277037 328737 913829 901076 939464 968138 622679 140488 1155296 917618 511792 251223 442691 797149 1068419 689369 636900 434673 850314 851762 547889 651694 239117 884458 884985 789860 856382 289764 545181 1109529 435694 244555 999999999 963757 519008 348231 824053 520993 409489 573916 766431 480350 697206 645476 858702 912245 520374 726577 931833 400750 395209 286949 352445 667429 406004 212270 434734 794181 635671 568663 652801 1106047 415274 293863 589813 378598 970937 974161 309781 575104 690750 120456 713484 975629 239342 761958 563734 536055 774393 178412 323963 164308 661709 505954 763263 424709 584458 901734 489325 863399 775226
301052 908850 606338 959104 501849 425645 539178 668173 690776 695978 643714 274859 176830 185497 146316 531927 873963 518113 168124 464995 904998 633229 468234 399709 314737 365688 679494 352807 379077 485261 833388 760587 402515 307457 292796 416222 731355 418863 444718 926842 731949 963757 999999999 503713 942000 605762 462714 554291 602503 228200 483967 784292 630255 233327 286833 443441 763208 377830 608404 862847 869830 674357 351244 742733 877546 751843 323326 340867 497847 326815 410779 727347 862055 699379 747792 121214 588218 663406 416330 285450 920238 1046611 104888 951387 201854 547514 440403 388144 791150 807471 804748 302420 511024 692372 777036 604287 65692 758536 174884 654504
646547 421541 751632 468879 258498 650792 65581 378305 476966 245969 199878 396141 516391 432032 564613 489795 400034 874839 528402 251002 405298 130823 298494 758926 191546 331508 179558 566908 583944 29359 740868 284836 624846 571302 468738 345299 242974 168669 808639 684832 275149 519008 503713 999999999 650777 702518 75872 192082 508913 383762 154979 735226 588983 347039 393927 168573 739618 648626 338053 611076 367572 179649 159715 508778 384482 256111 494758 283723 64614 298652 789353 500245 359457 601986 244445 475968 795205 299300 295138 311819 521832 916931 553595 605076 319063 105474 252449 258090 342084 304128 355990 233709 333614 716510 554176 519380 454102 581033 474744 699735
849773 495665 656408 518857 908950 726547 696092 289208 254280 439434 465003 992186 822102 985040 893422 452320 440702 966673 839312 494134 572526 642057 948304 908835 754910 576318 659858 708602 699307 678169 336697 467146 719930 756870 688380 986916 514482 578225 939251 91546 432709 348231 942000 650777 999999999 586575 610562 466460 380008 715201 531085 398401 415314 921657 994878 554766 434815 774280 346593 93560 594506 553067 749968 201852 522341 694757 676596 606718 714531 618272 947010 217700 598288 335778 633729 991579 745243 351477 528526 659360 230855 365269 915746 110666 758985 736879 516044 895255 389099 604977 383164 675145 432034 495864 177829 385357 876372 227221 794622 521325
360543 884471 71100 930531 896841 202699 768025 478931 390943 685333 659050 808845 430352 748664 483421 225214 825256 391258 441958 456387 931702 795414 901366 366140 645039 382364 841354 253982 228596 711776 304612 760880 215867 304285 324967 893359 773337 535234 381191 518846 711424 824053 605762 702518 586575 999999999 626845 562242 252143 428338 555492 233421 179918 735346 817941 534120 197550 262637 457009 494061 923811 758532 670238 424913 881667 913874 289718 439585 752210 431782 400276 412957 921330 251489 869911 711387 158672 565491 407627 446001 718611 498464 523669 663217 531898 805522 450784 815288 727559 890350 734219 527111 388615 112358 422032 240935 556668 361863 432985 73003
579787 446889 675760 496752 311258 577035 141208 327883 417913 244212 192259 398731 455192 418478 508131 415612 415794 804981 468305 177895 443376 192442 342100 690767 168375 256386 242706 494284 510525 87441 674881 300499 551380 501269 397651 376365 268679 92927 740087 636370 278344 520993 462714 75872 610562 626845 999999999 144117 438096 318821 87802 665718 516629 338743 398806 93501 668522 576961 280981 562510 410505 212593 148895 454049 414837 320616 422261 210608 129723 226347 722250 444111 403310 533770 299120 452296 719787 263403 219336 243561 506234 857109 501345 576275 267441 179354 177470 284731 342813 351111 356900 172849 262723 642786 499239 448227 407718 520584 413406 625123
601807 376861 620915 428193 448776 560191 248877 186611 286313 152927 107966 535851 502245 544478 565898 337896 331055 807062 517967 122613 398584 240134 483936 703435 298839 249572 282239 489630 499158 216702 555648 229023 537918 511662 408521 520457 222665 136404 749788 494448 188455 409489 554291 192082 466460 562242 144117 999999999 338373 363785 73299 557021 422713 470683 537031 111203 566050 575067 147376 420559 378867 196979 287552 316711 356878 352220 422592 233056 256580 250943 738678 308368 374363 422068 307962 567686 679805 121716 190146 285684 374793 725726 569619 434755 352552 291554 142141 428846 239913 334837 252940 252607 173662 555153 362106 349805 492332 390785 462475 545199
470410 633558 321175 678979 740455 349232 573077 227181 144915 442301 422846 725588 458398 691016 528346 74723 573888 597160 475051 261020 683670 578475 759298 530373 513100 258816 620066 329242 319307 525386 249769 515276 340754 378906 322241 771052 533072 358039 563245 338652 465499 573916 602503 508913 380008 252143 438096 338373 999999999 377419 353956 228536 85272 649455 731851 346989 230705 394703 211730 288236 678849 527133 526424 188513 632732 687381 304172 310763 567757 313586 568705 173962 677089 104376 638045 677515 400334 318113 243527 347454 472765 455436 556450 434454 452853 614323 267318 682576 476938 650566 483067 401371 175455 218642 202241 11914 539467 162729 437735 215193
263044 738090 450042 789455 499274 298424 439189 447799 462965 515434 466183 380643 139565 325982 202307 309701 694612 494927 154624 255023 749736 510594 491265 376450 246068 140049 560725 209008 232858 377362 616072 588376 270926 195964 109324 471833 570342 242805 426543 698643 551458 766431 228200 383762 715201 428338 318821 363785 377419 999999999 303597 573441 414042 307050 389629 262214 557207 278872 388967 634910 721858 523575 280568 515087 713716 638407 144877 131193 406987 113725 405870 499608 715491 477265 617548 302196 462749 457954 196484 79023 709592 828000 210397 729944 106252 464042 230522 402303 603118 666151 615797 150671 286833 495594 548894 380189 163394 530968 98866 461962
552514 434933 608744 486239 398962 527584 219290 244409 330443 214211 163382 465021 443139 471400 503926 337651 393785 767149 458155 99196 447213 241765 428394 658532 227264 206448 289813 450649 463386 172951 587727 285043 503505 466333 361703 458562 267790 65162 706353 552148 250442 480350 483967 154979 531085 555492 87802 73299 353956 303597 999999999 580390 434481 398536 466673 41795 584661 535624 194565 478470 421779 226814 219008 367717 410154 365711 380526 176654 215255 194580 692403 357334 416060 447540 331205 494499 659712 193710 155475 224580 448085 769359 504681 505404 282142 260367 107075 366453 307378 370258 320884 181567 178781 563135 412721 364470 423076 432847 402335 547988
580284 797008 291283 835983 968958 426431 798570 407459 293463 637194 628362 941334 619325 897835 682178 272288 735787 621904 633827 489338 858901 795693 987056 598479 738189 475603 833983 453791 432877 752757 73258 702139 433101 507855 491522 996319 729616 586570 614611 315970 653400 697206 784292 735226 398401 233421 665718 557021 228536 573441 580390 999999999 161894 865128 948488 575306 39313 485345 416265 315480 862729 734716 753402 299004 806019 896338 462414 531333 795152 531303 633257 294607 862642 135077 842804 874745 379781 509788 469687 560357 579905 270885 718079 494451 662644 840322 495795 908994 647780 844957 650208 623576 403101 121571 272922 219335 726376 209344 610267 160660
456975 714360 250925 758750 813698 317388 653736 307955 212101 527010 508112 779465 472087 737013 538644 110624 654149 551408 487649 338737 766553 662620 829210 499628 578117 313936 704732 319783 303695 604069 203149 599302 315474 373187 339263 836021 618049 432821 526521 357278 549514 645476 630255 588983 415314 179918 516629 422713 85272 414042 434481 161894 999999999 703250 786597 424113 154583 370463 296586 321793 762855 612367 594825 245044 715193 772482 313680 370118 646290 369619 537198 233047 761279 83690 723311 716119 335918 402010 311492 398477 538819 416367 571493 485452 501079 694446 341936 749596 558364 735510 563841 462548 255858 133371 244538 73465 570336 188098 458388 132484
504319 768443 755488 815233 271944 592367 359618 632569 692329 581686 530433 76261 358220 86977 362278 593276 746109 735928 359005 429876 747507 462315 235059 614021 172119 391171 501459 505667 531553 320881 898382 630341 565608 476453 413543 185581 589992 344234 662201 929432 614602 858702 233327 347039 921657 735346 338743 470683 649455 307050 398536 865128 703250 999999999 83603 368623 853544 558616 575327 858052 706616 526557 191330 739168 730540 565024 449565 339238 316782 335930 631105 725795 697841 753739 574825 147198 759900 592121 412900 304772 843185 1104204 328549 903584 205036 354383 410277 158814 680291 641029 694395 252871 505356 798168 780879 655332 225945 781726 330921 766425
574309 810303 836643 854996 257313 670665 393720 705739 770381 636565 586863 12033 430945 104030 426346 676503 793233 801565 429845 506507 782092 496794 207280 680872 240095 474023 530576 585099 611249 365668 981081 678578 644231 553393 495046 139104 634723 416722 727805 1006139 667764 912245 286833 393927 994878 817941 398806 537031 731851 389629 466673 948488 786597 83603 999999999 440150 937098 634340 649697 934108 739059 570193 250237 816199 770176 586896 531027 421222 352588 418595 695172 803195 729929 836199 604812 176336 838277 658715 493541 388154 904967 1186095 388927 971699 288538 379744 488020 158322 734390 673043 748426 332997 584453 881704 858589 737930 293930 861632 406949 849811
513278 476659 584382 527949 395342 494383 234152 265764 341024 255934 205176 437661 401779 438220 462209 322182 435535 730574 416682 85975 487916 271078 419476 620460 200146 171851 320403 415236 429188 180517 587839 326747 469668 428540 323817 443115 308443 25522 668682 569934 292165 520374 443441 168573 554766 534120 93501 111203 346989 262214 41795 575306 424113 368623 440150 999999999 576782 499708 211157 496857 461514 264988 198028 382206 451519 397489 344292 136881 222473 154616 653859 370602 455566 444903 366496 457911 631412 227460 127546 183199 484103 776037 462903 535579 241602 272843 83983 351284 348506 408545 361915 141426 172597 549458 426396 356784 382044 440613 360854 531622
