NAME : synthetic_000966
TYPE : CTSP-D
DIMENSION : 100
GROUPS : 8
RELAXATION_LEVEL : 1
EDGE_WEIGHT_TYPE : EXPLICIT
EDGE_WEIGHT_FORMAT : FULL_MATRIX
EDGE_WEIGHT_SECTION
999999999 751606 179805 220440 750277 525128 140388 432665 382021 482847 67703 228744 510137 694084 655813 596772 234999 705204 505169 410847 205250 610906 242803 117292 579186 371603 824901 372172 631518 562929 523688 506325 72726 531697 264123 389522 205815 727870 645303 586842 540879 488746 464137 392942 298634 612897 523317 481403 191201 378865 545236 80245 552854 138468 239910 442970 160977 282755 322363 345362 47411 703872 659735 635566 389840 458053 152183 101531 533462 612722 730359 154309 273613 319765 452285 550436 647270 265887 160571 471612 618395 417335 76909 771897 101723 415847 223013 551914 485329 455772 648179 267500 293736 560056 525553 436022 531063 264357 467594 543659
751606 999999999 734388 633364 123493 228192 857450 321967 465835 1019664 782462 980276 671110 843726 926199 386001 728958 197989 334597 433564 618256 250531 917650 767050 836954 729470 577140 881312 459513 619494 594922 624548 819565 1180333 962625 643813 949694 735051 118201 185567 1036869 275061 426896 369081 464664 152995 274547 884949 608868 968664 227482 689938 346263 751987 810676 656877 901038 551777 824894 478566 775023 870679 145014 723844 655434 299708 900677 652237 784048 441054 379441 642840 773419 440734 372617 413242 791005 695818 607121 1004851 460924 1027834 684500 95936 823017 512113 723870 960053 412396 445365 866971 498440 894621 298628 368142 873831 352718 907396 361210 1176681
179805 734388 999999999 359833 762499 525225 307087 444991 470569 661654 246345 316123 655508 853129 826745 675007 403611 642097 432618 324944 335134 543868 184675 296178 745352 193361 928587 551543 726482 695377 653112 642762 182547 692446 424176 534573 260285 868402 618343 552653 720480 459328 548672 367152 276141 583528 558057 657610 130455 556246 562690 128892 618729 45895 418981 588936 304273 188029 153765 264436 146956 865567 616914 781684 224118 436446 234858 204398 695737 704143 802279 287390 97190 300394 381051 635390 802695 426254 156979 650725 714210 590945 142865 776170 145985 293399 390939 730132 566896 545821 813356 329613 472619 486983 596155 264085 444969 440019 395940 708013
220440 633364 359833 999999999 600650 410165 251643 320333 189021 416005 201044 409600 296246 494904 482807 395939 100757 645114 482101 424165 29813 565491 463070 156641 394579 523743 607038 275689 419142 343285 303437 287577 286547 549846 335644 174944 409359 511667 547164 504005 453508 415540 265925 338586 278180 521117 369079 338965 283482 343535 407477 231848 364503 333089 178486 229336 306405 349102 513584 372208 267024 508840 579031 422558 511438 381604 353604 155482 341190 402688 529573 72582 455817 285175 437980 346694 443335 86865 232191 401562 405844 400714 217751 629193 322119 472733 92857 420220 288046 253501 460293 153192 263320 528931 334924 622798 520816 274162 450558 549076
750277 123493 762499 600650 999999999 237435 840680 321488 417854 960242 771032 977413 587081 743860 835605 289920 689059 313475 406968 491542 590851 345759 940541 746607 750279 787237 455660 826355 354941 526746 507871 540412 821457 1134597 936046 578844 954390 626459 196242 253586 970373 317501 361389 398193 486381 223006 232314 814236 632677 920632 205265 698258 266501 773103 771976 582989 889040 591015 870361 524239 780029 771245 244435 624844 718012 331466 902252 648791 700628 339854 260310 623786 814714 462106 433632 326344 693660 651129 620849 945629 358527 980344 690595 38238 832121 577834 685987 885129 342957 379474 773595 484884 853279 383539 293548 932026 434716 872507 425397 1127830
525128 228192 525225 410165 237435 999999999 629282 93776 260581 810141 554361 753854 503637 702250 761451 280773 508349 260080 212575 269483 392964 215876 704350 539277 667381 557756 541653 669482 362388 473069 438271 460078 594261 959755 735501 448357 725747 623941 138598 114094 834204 97231 250137 161558 249253 118176 104338 689641 395699 750707 59747 466852 215375 537016 588567 473215 672980 354987 634688 291704 550767 727144 180224 585592 493017 98599 675454 424970 610472 337408 355255 415186 578181 224928 219178 279860 645467 478818 386595 795304 357167 809100 460384 251805 600753 359633 502192 768820 244751 266539 709655 270565 673235 217992 220098 701565 253006 682938 215941 957952
140388 857450 307087 251643 840680 629282 999999999 535514 439467 362058 80681 165915 492303 645591 583391 647290 205001 830503 636533 546882 253278 738865 296405 95596 520511 500161 843732 275464 665678 559882 526809 501488 129571 391487 123883 382209 187450 707091 757946 703927 425143 607008 517541 513983 424340 727363 608673 398234 330826 253828 639556 220286 615432 261702 160213 429150 57225 422301 430656 482003 160380 650200 778514 610188 526127 574528 140408 214867 485030 651025 780598 216938 391993 443003 584442 597741 606664 249387 295743 352709 652372 284196 215194 866241 177036 555979 198237 457189 539657 505076 589219 359422 178128 690566 586064 542621 665180 136707 599510 404186
432665 321967 444991 320333 321488 93776 535514 999999999 191524 727072 460670 661236 450141 657953 703704 282723 419873 331212 219409 235850 301527 265219 619994 445759 608518 500843 553857 585777 358299 433427 394232 410135 502534 870102 642326 378462 634712 597406 227177 185728 754889 111921 208311 105516 170959 200862 120345 615664 314537 662959 117932 377100 214878 452666 498739 410515 579313 288248 565073 237346 459858 681254 259782 546109 443821 84075 583669 332011 550435 332518 385707 321802 506327 147806 202745 265092 600329 393120 299517 712288 350072 720745 369868 340269 511079 324341 412994 696400 211251 220733 656770 177106 583628 246571 206530 641358 263858 591415 206302 869315
382021 465835 470569 189021 417854 260581 439467 191524 999999999 554242 381123 592532 262356 474374 512692 214751 271438 517826 403385 388837 187061 456661 613323 343906 417406 589312 458032 415477 256344 260164 217492 226136 454018 718058 523008 188418 584434 434425 397722 370503 574820 303255 82147 264461 262486 378682 192004 429071 355084 504770 239331 360385 175993 459084 354353 219094 492882 378314 616925 361983 423260 496226 440530 368927 552109 273406 528871 288440 359186 234908 348475 231733 555663 252567 375168 169104 416748 233444 314896 539409 243871 564324 348027 448828 480044 464997 268946 508511 103366 75727 467627 143271 435450 436413 146826 713998 447439 455540 382796 712700
482847 1019664 661654 416005 960242 810141 362058 727072 554242 999999999 415493 466918 410199 433467 318113 691152 316584 1057144 897716 832954 441969 980690 650113 371727 313100 854365 774585 141420 665141 492072 485460 449243 491269 212906 278339 381665 519256 556875 948708 912798 67755 828922 599057 754590 689309 926272 745161 171744 650274 108946 793570 552033 695222 617963 256562 386526 390038 734907 792485 775261 516071 423080 986529 469133 869463 795204 488961 507754 321638 663851 801208 450104 751516 699037 852343 644392 425090 334915 603062 14845 654131 107792 541826 994439 539080 868070 326740 158155 617303 580850 360774 569027 189121 944936 667091 904674 935601 225385 865395 191727
67703 782462 246345 201044 771032 554361 80681 460670 381123 415493 999999999 211471 473619 646704 600052 593795 187661 750544 555868 466545 194789 658488 281417 59860 527574 438876 806792 308196 620142 533286 496510 475393 96722 467862 203232 356012 208580 691555 680797 625557 474196 528222 461814 434468 343980 649682 540194 421545 252746 311175 567930 143776 556315 203489 177436 407414 118677 343834 384268 401862 103469 654652 699829 596866 457363 496086 153025 134816 485149 603369 727844 150449 338335 362988 503762 545444 602616 225331 215632 404426 606852 350010 137018 795191 142734 478195 177105 489422 483696 451112 596844 286704 226381 609948 527675 497945 584552 196823 518831 478601
228744 980276 316123 409600 977413 753854 165915 661236 592532 466918 211471 999999999 657645 802918 729922 804596 370915 926495 721470 620141 405844 830279 205673 254344 675346 487528 1008837 416478 827772 725795 692587 667402 162418 417408 188800 548097 64903 871281 873146 813540 534422 715425 672961 619092 523395 840356 748399 542767 396939 361320 772810 295145 767783 274444 320150 594940 108929 483296 385247 554845 209339 805415 885462 774017 535884 685466 84574 329339 644295 812049 938554 361748 369077 545598 668191 755860 766981 415171 380571 461572 814455 367070 298124 999861 174939 605257 364001 590248 694904 661866 742863 492804 311307 776877 739139 483768 742392 260656 683624 440461
510137 671110 655508 296246 587081 503637 492303 450141 262356 410199 473619 657645 999999999 213972 258361 299636 289055 763358 665505 647478 320410 712380 751545 415892 166172 810290 375202 307624 258431 82613 80431 46752 568559 614848 517235 121433 675425 218100 631176 617608 401364 561796 254049 526392 511711 619271 410418 243029 567209 414090 465124 528031 325162 629289 341695 67256 548787 614816 809244 613511 557538 234484 681165 126313 786999 533673 622289 451194 113587 261235 394623 368803 750739 506518 637229 260885 157136 248343 517996 397265 248582 468225 513939 624242 609802 718086 297973 303071 263107 237153 206848 374995 387168 696657 303283 917212 709661 430745 645097 598614
694084 843726 853129 494904 743860 702250 645591 657953 474374 433467 646704 802918 213972 999999999 131713 457787 460021 958590 875736 861234 521951 915636 928039 586861 129723 1017034 396643 396081 389197 229579 264658 248577 743413 644404 634599 324451 833029 149120 821244 816008 391938 768484 453577 738835 725550 813747 602766 276900 774473 487504 657275 724278 503060 822641 485428 272523 697887 826713 1006390 827373 740909 27614 874434 119911 997659 741995 784277 649727 161625 404318 507638 566468 949833 720489 849500 433978 57703 429023 724147 425810 385351 525981 710272 782087 788616 931979 471529 278613 457499 438789 73053 588272 498737 904118 487933 1116969 920101 549156 856844 619823
655813 926199 826745 482807 835605 761451 583391 703704 512692 318113 600052 729922 258361 131713 999999999 545698 423200 1021394 914453 884570 512179 967942 876544 541210 95333 1003475 523568 313468 487414 308859 331381 303627 694852 523772 550295 334307 767943 278435 889512 875240 268638 815619 512337 771502 741874 877511 668736 187155 765962 388972 723468 699151 580073 791289 426262 293915 630681 829847 976732 842533 700541 112669 939457 222441 994241 786098 723783 630076 153729 497981 615396 549111 923834 741118 881824 513157 154553 403486 714547 312836 481039 418570 685672 873461 742422 946479 435830 159968 521339 495258 67120 602820 418784 949082 559997 1089739 957978 469706 891073 497464
596772 386001 675007 395939 289920 280773 647290 282723 214751 691152 593795 804596 299636 457787 545698 999999999 460938 516428 488140 518573 399007 493386 826134 552576 460860 769733 271350 566108 82067 236848 219489 253484 668737 880619 718773 314017 798740 354532 374977 385289 693300 370230 132680 387594 430510 374765 177669 534888 551632 667883 224066 572110 68168 668148 540637 305247 702344 553524 814779 515112 637739 484818 431272 337955 719934 355760 743067 502271 412641 58321 134070 445759 753671 412317 482167 50392 405663 416885 518040 677022 78799 726893 560305 327767 694461 606722 461983 601351 111503 142730 484038 346249 613438 498683 80691 903926 530740 643000 483304 869661
234999 728958 403611 100757 689059 508349 205001 419873 271438 316584 187661 370915 289055 460021 423200 460938 999999999 745817 581176 518315 125451 666095 468893 128320 344286 583812 640198 177888 468836 354896 322114 296498 284230 451688 257877 177281 386370 505962 646079 604257 357482 516286 339030 438599 373510 620732 460055 258744 354278 243164 501857 276658 440435 368344 82925 224635 262116 430654 553772 462936 281321 469097 679137 410303 582411 482354 333403 211974 298853 456620 591127 139076 500655 382565 535846 410557 415050 45662 303585 302320 455659 300924 263460 719334 328698 559970 12820 336679 360708 323684 413206 253720 165682 628831 410440 666597 619052 184564 548831 449662
705204 197989 642097 645114 313475 260080 830503 331212 517826 1057144 750544 926495 763358 958590 1021394 516428 745817 999999999 209480 317607 622779 98239 825785 750425 927438 591538 747146 915728 597465 729015 696144 719328 764527 1190643 947419 706243 885027 870080 141865 147346 1086069 229772 509421 317091 407119 144851 355846 945893 531791 988485 301335 631868 459279 669828 821325 733010 864631 454372 701883 378229 717237 984057 85178 840411 513390 263733 842700 615752 870550 574733 547753 632085 658712 387557 261516 527877 902432 722375 546583 1042410 595223 1044941 630367 292421 756385 373989 737777 1026040 502349 526212 968865 493417 905999 155732 471168 730775 204068 907717 246389 1192315
505169 334597 432618 482101 406968 212575 636533 219409 403385 897716 555868 721470 665505 875736 914453 488140 581176 209480 999999999 108508 455750 111252 616382 563696 819153 396391 753435 757785 568092 652648 612978 627281 560563 1010739 757134 582460 677748 816338 218708 154184 935021 117962 427698 145724 214614 186405 310891 808731 324871 818081 272320 428890 420571 460870 649330 620646 665996 244991 498836 169087 513008 898466 196264 765150 321177 136164 637180 422718 760729 542512 567582 453688 452425 200391 53281 478948 818040 566330 344726 883381 561384 871552 428864 404795 549466 177739 571340 890755 429818 440039 870976 330370 731995 55420 418790 540029 44471 726745 37848 1015591
410847 433564 324944 424165 491542 269483 546882 235850 388837 832954 466545 620141 647478 861234 884570 518573 518315 317607 108508 999999999 395502 219413 508214 481964 790293 297069 789639 696163 593446 648229 606056 614308 461197 929781 669655 550395 573876 819875 315512 248283 875754 175763 432739 131953 146151 281134 350017 761031 223707 746129 325400 332074 450683 354867 578781 594853 571556 138517 392878 65714 413676 881882 301321 757764 226482 172232 535585 337953 732262 567707 616548 382971 344748 143539 61111 499108 803901 510879 251223 819085 584751 796707 333938 494864 446461 90496 507281 842914 440260 441293 847512 282706 658388 162114 441728 441956 122288 647518 74019 937006
205250 618256 335134 29813 590851 392964 253278 301527 187061 441969 194789 405844 320410 521951 512179 399007 125451 622779 455750 395502 999999999 541382 446343 157752 423457 495674 619666 302457 427756 363268 322313 308845 274247 569324 345917 199812 400947 534020 528703 483330 481095 393007 267120 313302 249749 501658 358583 368583 254608 365975 394084 208377 362930 310447 198626 254058 305949 319308 488845 342848 250614 536436 558592 446551 482157 359046 345120 131038 369565 409967 533059 51478 430409 257628 410773 350766 469690 116218 203467 427653 414541 422164 194344 618198 306726 443072 116003 449717 289061 256338 488755 129415 283462 503446 333884 597102 493853 290008 423604 569812
610906 250531 543868 565491 345759 215876 738865 265219 456661 980690 658488 830279 712380 915636 967942 493386 666095 98239 111252 219413 541382 999999999 727556 661615 872940 498225 743792 839514 575440 687271 651025 670513 668682 1105496 857490 643494 787825 839790 149893 109407 1013345 154509 462082 229494 314526 129475 319795 878783 434605 907122 269453 536305 429987 571863 738832 675420 771085 356201 605880 280145 621251 940005 105595 800126 420824 187025 746242 524042 815054 551005 548251 546201 561512 296511 163553 495574 858457 646108 451320 966093 571091 962407 535381 334501 659306 279258 657272 960052 458894 477279 919212 412375 822901 58045 435958 639460 109673 821669 148332 1108560
242803 917650 184675 463070 940541 704350 296405 619994 613323 650113 281417 205673 751545 928039 876544 826134 468893 825785 616382 508214 446343 727556 999999999 341211 807740 303860 1064468 571780 867732 805720 766446 749007 184706 622518 376815 631597 141330 969582 802233 736890 715769 642717 694926 549136 455526 767509 727618 693304 309365 541318 737840 254301 775840 167438 450283 684588 260136 372479 187567 448867 196065 935594 801578 876220 366274 618636 161153 325197 766442 847574 957728 394891 189454 479863 565269 782298 883941 504658 321183 642438 854819 558529 265840 956089 141791 467638 458009 753587 715085 688728 877001 482462 473332 670306 750637 278760 626601 427780 580033 644721
117292 767050 296178 156641 746607 539277 95596 445759 343906 371727 59860 254344 415892 586861 541210 552576 128320 750425 563696 481964 157752 661615 341211 999999999 467858 485984 755768 255379 573472 477830 442246 419641 156552 448068 197712 299877 261320 633505 670586 619098 427052 523591 422298 433432 349145 641023 514377 364532 281062 272270 546768 180361 519888 255722 122815 350227 149771 369175 439386 419340 159748 594803 694230 538311 497779 490391 207003 144237 425296 558008 686154 124248 390817 365335 513145 503262 542981 167686 237010 359691 560155 317618 170136 772820 202400 503966 118239 434627 444399 410121 537117 268713 184394 616271 490560 553100 595719 165889 527733 455102
579186 836954 745352 394579 750279 667381 520511 608518 417406 313100 527574 675346 166172 129723 95333 460860 344286 927438 819153 790293 423457 872940 807740 467858 999999999 917710 473949 266366 408842 226131 242774 212473 623846 525930 505058 239908 707602 244323 796677 780987 280992 720421 419077 676354 648300 783899 576066 148854 678021 358959 630649 616813 490764 711919 360460 198583 571512 738978 897089 749323 625149 130080 845948 163008 905364 690811 660206 545321 58433 416638 541290 463086 842533 646962 786765 425238 111991 319286 626767 303889 401117 399876 603067 787805 670256 853535 356497 168175 429009 401715 69278 509165 369355 853774 469383 1009272 862708 419941 795918 503432
371603 729470 193361 523743 787237 557756 500161 500843 589312 854365 438876 487528 810290 1017034 1003475 769733 583812 591538 396391 297069 495674 498225 303860 485984 917710 999999999 1037258 740782 833939 837665 794192 790225 373623 882178 615346 692972 424975 1013928 611833 544879 912307 469806 657390 399878 339232 577772 621187 841643 243083 749443 608536 308744 705736 238461 608165 746183 493742 216210 125428 266441 340285 1032037 592547 934195 78704 459328 413870 373467 864925 809398 884671 454716 118538 358224 357335 738534 963696 599990 292904 843208 822999 784206 321202 791748 332108 219385 570992 916701 671681 659411 983976 447901 665246 441167 689092 144926 388655 633360 368278 898931
824901 577140 928587 607038 455660 541653 843732 553857 458032 774585 806792 1008837 375202 396643 523568 271350 640198 747146 753435 789639 619666 743792 1064468 755768 473949 1037258 999999999 682545 203678 294408 319563 349904 893258 984639 886559 464103 1015315 247819 607664 634468 752608 635799 381970 658910 698823 616940 443584 602878 811218 788841 482198 815387 338979 915817 706561 424786 900925 821434 1074182 786018 869782 422018 664977 310942 990015 624413 959816 740347 453329 227881 199632 670684 1012870 681760 751443 298728 371124 594915 772766 762939 215235 841801 802396 490405 926210 878034 645821 641651 366083 383088 457101 600241 760427 757781 350414 1168185 794617 801618 751636 965972
372172 881312 551543 275689 826355 669482 275464 585777 415477 141420 308196 416478 307624 396081 313468 566108 177888 915728 757785 696163 302457 839514 571780 255379 266366 740782 682545 999999999 549630 389703 374076 339069 396448 314794 239288 252236 456148 491131 808080 771489 179942 687544 465160 614040 551372 785249 607190 126328 523600 106525 654508 432914 563735 510552 132673 268521 318985 604560 692451 640225 411663 394705 845341 395309 748234 653848 414636 379753 248820 544981 683681 315020 645714 560059 713229 517607 369604 193536 474447 126709 537711 162617 421324 859678 445104 735828 188922 182397 484429 447311 330764 428314 105368 804378 534833 806101 796273 156366 726016 303745
631518 459513 726482 419142 354941 362388 665678 358299 256344 665141 620142 827772 258431 389197 487414 82067 468836 597465 568092 593446 427756 575440 867732 573472 408842 833939 203678 549630 999999999 183302 179955 216207 701798 863590 724756 304001 828104 276089 455762 467342 659642 450406 178491 461661 496075 456482 258713 501006 607807 654678 306073 616117 147709 715383 543751 281350 722176 618367 870962 585480 674978 416668 512383 270932 788039 434380 772276 542578 366504 25785 136345 477545 809651 479699 559845 95817 340406 423323 570144 651633 13318 712204 603485 393179 731757 680242 472093 560472 162432 180745 423085 397344 609594 580104 151790 964508 611081 644331 561730 849909
562929 619494 695377 343285 526746 473069 559882 433427 260164 492072 533286 725795 82613 229579 308859 236848 354896 729015 652648 648229 363268 687271 805720 477830 226131 837665 294408 389703 183302 999999999 43573 58401 625719 697429 593668 178132 739090 176436 591991 586645 480647 542341 226138 520944 521531 584170 373187 323374 596230 496222 427712 571010 275169 673346 415208 132209 616942 633175 848094 621870 609913 255165 644915 113006 807153 517377 684771 493448 183563 190537 317812 414118 788154 512605 630319 206638 173718 311223 549546 479312 175106 550708 557084 564615 664205 725141 362264 378330 228459 212707 247656 391826 466122 678060 258655 952689 697119 508026 636412 681022
523688 594922 653112 303437 507871 438271 526809 394232 217492 485460 496510 692587 80431 264658 331381 219489 322114 696144 612978 606056 322313 651025 766446 442246 242774 794192 319563 374076 179955 43573 999999999 36258 587728 686147 567268 145020 703501 220003 560965 552258 480060 504154 188943 479567 478301 551386 340694 321281 552922 480229 395507 529426 248710 631806 387007 107091 584014 589623 805574 578829 570437 289040 612708 152450 763591 478301 648754 451894 193161 181223 316279 373453 745489 469671 589374 182476 207440 277427 506462 472074 169452 536482 515557 545253 625220 682284 328592 383380 193840 174219 274085 348255 443362 639868 229040 909735 657434 482911 595820 671466
506325 624548 642762 287577 540412 460078 501488 410135 226136 449243 475393 667402 46752 248577 303627 253484 296498 719328 627281 614308 308845 670513 749007 419641 212473 790225 349904 339069 216207 58401 36258 999999999 568287 650433 536856 119816 680847 225693 586095 574160 443977 521276 209979 490494 482147 574937 365320 285162 547699 445405 420117 517148 278494 619291 357652 74911 558557 589650 796012 583548 553460 271238 636672 145508 763031 494051 626621 439656 160325 217086 352523 359157 736544 475258 601053 214162 190880 252855 499847 435885 205645 501264 503142 577536 607346 687736 303876 348224 217848 193683 249590 348234 410943 656637 256934 901971 671615 451717 608289 635517
72726 819565 182547 286547 821457 594261 129571 502534 454018 491269 96722 162418 568559 743413 694852 668737 284230 764527 560563 461197 274247 668682 184706 156552 623846 373623 893258 396448 701798 625719 587728 568287 999999999 509899 241872 449666 133372 786649 711343 651295 553600 553209 536060 456809 361000 678355 595443 514083 237507 383309 616251 132790 625455 136657 269518 501931 122023 326588 301223 395558 47588 751234 723065 692540 405827 523521 81194 173505 581844 683486 802473 224321 263000 383306 507304 622030 699261 320772 218225 481608 688616 412817 135843 842424 48689 454249 273455 578790 557376 527297 693125 339845 305161 615900 598045 413593 583100 266119 522730 525675
531697 1180333 692446 549846 1134597 959755 391487 870102 718058 212906 467862 417408 614848 644404 523772 880619 451688 1190643 1010739 929781 569324 1105496 622518 448068 525930 882178 984639 314794 863590 697429 686147 650433 509899 999999999 269043 566603 481198 769779 1097009 1052635 255286 961160 775378 876035 796185 1070734 909413 383329 720604 214168 952977 611050 875488 646554 371372 582244 388553 811549 794637 866517 548900 632377 1127914 681467 915123 927282 473440 591830 533148 859573 998198 559309 767588 811039 960792 831804 637918 485087 681611 223005 851864 154479 604867 1166567 550087 946048 457563 366143 795487 758024 571404 697921 286547 1062460 846121 898608 1043608 284069 975225 31952
264123 962625 424176 335644 936046 735501 123883 642326 523008 278339 203232 188800 517235 634599 550295 718773 257877 947419 757134 669655 345917 857490 376815 197712 505058 615346 886559 239288 724756 593668 567268 536856 241872 269043 999999999 424422 241746 719864 867927 816809 345718 721203 595146 630328 543519 838607 704050 364297 454703 172673 739855 344144 696047 378297 181285 461953 122897 546161 534822 605080 279875 633918 891938 622372 646224 688065 217364 334416 482099 713600 848869 320620 502807 560988 705543 668402 604862 302512 418863 272781 711703 181800 339028 963962 284307 679851 257038 404614 617060 580459 570043 465266 136130 810619 666101 643219 786985 87278 720462 283840
389522 643813 534573 174944 578844 448357 382209 378462 188418 381665 356012 548097 121433 324451 334307 314017 177281 706243 582460 550395 199812 643494 631597 299877 239908 692972 464103 252236 304001 178132 145020 119816 449666 566603 424422 999999999 561038 338397 584281 558915 393337 489264 218457 438261 408704 566533 370330 242215 450162 354149 421939 406791 313569 507896 243351 54392 439367 503625 688337 510027 436875 340881 628537 247717 673507 458060 506876 330180 182038 296279 434746 247526 630172 407056 548110 265371 270738 133130 400092 367142 291374 412962 392694 613444 489808 614466 184238 320500 235937 200054 299164 269604 305620 619825 285470 796913 625483 341699 557756 555956
205815 949694 260285 409359 954390 725747 187450 634712 584434 519256 208580 64903 675425 833029 767943 798740 386370 885027 677748 573876 400947 787825 141330 261320 707602 424975 1015315 456148 828104 739090 703501 680847 133372 481198 241746 561038 999999999 891910 839671 778107 586145 680397 666152 583911 487514 806150 728810 581421 353251 411658 749134 259790 757331 221524 347611 610623 137291 435696 320618 509399 174980 837431 848415 795568 476035 651824 55839 306877 672452 810814 932733 352989 306438 510645 624636 751238 793895 428294 343762 512822 814835 423023 265425 974884 128747 552667 377739 634428 687726 656547 776116 473200 352768 733114 729554 418950 696040 303768 640017 503589
727870 735051 868402 511667 626459 623941 707091 597406 434425 556875 691555 871281 218100 149120 278435 354532 505962 870080 816338 819875 534020 839790 969582 633505 244323 1013928 247819 491131 276089 176436 220003 225693 786649 769779 719864 338397 891910 999999999 729102 734410 524494 702269 389606 690528 696716 726960 520120 388381 772131 592528 572165 742396 411544 844349 551995 285002 762868 809452 1021700 796361 775242 174202 784915 97672 983475 680185 839349 665001 242907 296685 376560 583821 962225 686878 798131 344360 133041 466224 724916 547117 276253 638665 728357 664478 827816 898921 515350 410751 386531 379202 213548 568220 585055 836898 403843 1127510 860634 632590 803087 747675
645303 118201 618343 547164 196242 138598 757946 227177 397722 948708 680797 873146 631176 821244 889512 374977 646079 141865 218708 315512 528703 149893 802233 670586 796677 611833 607664 808080 455762 591991 560965 586095 711343 1097009 867927 584281 839671 729102 999999999 67366 972208 160086 377657 256061 352442 34975 220785 826228 494465 888785 166054 580106 319457 637544 725646 605998 798660 434403 706709 360670 665840 847121 57466 702329 538414 187904 792104 548013 740822 433236 408990 547394 655446 329056 254668 388456 765703 617250 496004 933869 453737 946978 575606 188082 711991 395375 639593 904668 368247 395253 834830 403065 810472 188589 333350 756390 241244 818552 243602 1095739
586842 185567 552653 504005 253586 114094 703927 185728 370503 912798 625557 813540 617608 816008 875240 385289 604257 147346 154184 248283 483330 109407 736890 619098 780987 544879 634468 771489 467342 586645 552258 574160 651295 1052635 816809 558915 778107 734410 67366 999999999 940169 98134 364230 194499 290682 32894 214799 798827 430235 847407 162323 519229 323241 573053 681750 585915 742510 367770 639359 293604 605205 841023 75382 698929 471956 129471 731635 491543 723864 443211 439513 497502 588264 267999 187570 390125 759340 578668 434421 898015 463440 904708 515459 250633 649914 329276 596861 878822 358580 380577 823729 355027 766670 132226 331389 689552 181476 771569 176902 1052891
540879 1036869 720480 453508 970373 834204 425143 754889 574820 67755 474196 534422 401364 391938 268638 693300 357482 1086069 935021 875754 481095 1013345 715769 427052 280992 912307 752608 179942 659642 480647 480060 443977 553600 255286 345718 393337 586145 524494 972208 940169 999999999 860012 611627 790367 730606 951606 762762 158852 701691 174696 813157 607121 703947 677534 307450 388739 455645 783936 854475 820143 576161 378352 1012733 442682 924127 826679 554662 558105 301157 660985 795930 494957 811879 738608 891484 648677 391462 368719 653185 73405 649461 174270 596263 1005655 601797 915631 368737 113998 628407 593173 318955 604738 248877 980388 676968 967181 974234 289092 903989 228869
488746 275061 459328 415540 317501 97231 607008 111921 303255 828922 528222 715425 561796 768484 815619 370230 516286 229772 117962 175763 393007 154509 642717 523591 720421 469806 635799 687544 450406 542341 504154 521276 553209 961160 721203 489264 680397 702269 160086 98134 860012 999999999 316235 96512 192884 125937 192932 724329 334457 758773 156373 421263 302780 477577 591558 522329 644810 278159 555217 207749 507204 792116 171613 655299 401751 33963 633620 393913 662313 424886 452016 403423 501440 169964 122418 362269 710953 494011 336639 814246 443915 815169 417367 323952 552401 264813 508107 805556 316239 329993 768522 263649 676254 135738 301948 614543 160685 678690 118712 962591
464137 426896 548672 265925 361389 250137 517541 208311 82147 599057 461814 672961 254049 453577 512337 132680 339030 509421 427698 432739 267120 462082 694926 422298 419077 657390 381970 465160 178491 226138 188943 209979 536060 775378 595146 218457 666152 389606 377657 364230 611627 316235 999999999 301908 321974 365224 157442 458203 429320 561211 211722 441467 101509 539138 420980 230599 571876 442840 692482 416108 505379 477945 427125 339129 614590 291872 610514 370336 363203 155527 266584 313217 631172 307698 408572 87447 396377 297215 392030 584405 166735 620906 429330 395384 562151 515355 338441 533267 22127 18493 459568 219152 498512 451936 71557 786422 472129 523361 413500 767494
392942 369081 367152 338586 398193 161558 513983 105516 264461 754590 434468 619092 526392 738835 771502 387594 438599 317091 145724 131953 313302 229494 549136 433432 676354 399878 658910 614040 461661 520944 479567 490494 456809 876035 630328 438261 583911 690528 256061 194499 790367 96512 301908 999999999 96426 222272 223906 663008 239930 678289 208859 324762 320020 382972 509757 478333 550106 193449 473151 133886 410718 760591 266794 631921 339801 69508 537143 299723 617936 435945 490512 316727 416696 73504 110861 367172 681204 421689 240149 740136 452861 733172 320983 409675 456003 219128 429298 745033 308659 311347 730109 185768 593599 190352 310045 542416 187608 592294 119573 879094
298634 464664 276141 278180 486381 249253 424340 170959 262486 689309 343980 523395 511711 725550 741874 430510 373510 407119 214614 146151 249749 314526 455526 349145 648300 339232 698823 551372 496075 521531 478301 482147 361000 796185 543519 408704 487514 696716 352442 290682 730606 192884 321974 96426 999999999 318698 288739 614949 146465 605692 287575 228618 366732 288514 437269 455540 457522 123024 394684 101835 314630 744947 362067 627363 292630 165088 441064 209550 590701 471202 547120 240907 335530 24348 165010 400353 668838 364805 143762 675263 485537 658151 225333 500717 359580 206482 362803 696798 334595 326257 707447 139137 518842 267255 349890 475419 248350 512256 179163 801347
612897 152995 583528 521117 223006 118176 727363 200862 378682 926272 649682 840356 619271 813747 877511 374765 620732 144851 186405 281134 501658 129475 767509 641023 783899 577772 616940 785249 456482 584170 551386 574937 678355 1070734 838607 566533 806150 726960 34975 32894 951606 125937 365224 222272 318698 999999999 210995 807753 460013 863795 156535 546778 315531 603038 699428 590842 767215 399434 671909 325716 632624 839206 62193 695652 504812 154900 758976 516338 727364 433038 420001 518420 620514 295523 220457 383739 757582 593345 462399 911452 453451 921606 542542 218502 678270 362055 613832 886995 357652 382269 824375 374684 784346 160733 326510 722446 211778 791013 209774 1070155
523317 274547 558057 369079 232314 104338 608673 120345 192004 745161 540194 748399 410418 602766 668736 177669 460055 355846 310891 350017 358583 319795 727618 514377 576066 621187 443584 607190 258713 373187 340694 365320 595443 909413 704050 370330 728810 520120 220785 214799 762762 192932 157442 223906 288739 210995 999999999 612269 428141 696520 54839 477812 111232 561523 542729 387447 657709 408148 683408 357153 556163 628213 272040 484871 563523 181120 675472 421952 520532 233516 266897 391931 624010 266513 308249 175799 546595 424342 406770 730354 253104 755988 468742 260116 610184 440035 456179 688892 147477 175398 614251 255946 625361 321439 116600 761512 353189 642162 308073 904526
481403 884949 657610 338965 814236 689641 398234 615664 429071 171744 421545 542767 243029 276900 187155 534888 258744 945893 808731 761031 368583 878783 693304 364532 148854 841643 602878 126328 501006 323374 321281 285162 514083 383329 364297 242215 581421 388381 826228 798827 158852 724329 458203 663008 614949 807753 612269 999999999 612599 210605 664137 533266 547766 619242 244638 231355 444132 686019 803763 710969 524100 272450 869568 298219 841051 691891 538364 470718 149961 502138 637335 395366 753760 619212 769060 490880 259015 252516 561604 160484 490719 251343 520524 849994 562330 811652 271508 82105 473893 439713 208078 480734 231678 850497 521486 917421 850008 282644 780387 363365
191201 608868 130455 283482 632677 395699 330826 314537 355084 650274 252746 396939 567209 774473 765962 551632 354278 531791 324871 223707 254608 434605 309365 281062 678021 243083 811218 523600 607807 596230 552922 547699 237507 720604 454703 450162 353251 772131 494465 430235 701691 334457 429320 239930 146465 460013 428141 612599 999999999 553236 432263 110986 492929 143143 394524 503192 350071 91558 263393 158123 190020 789965 497942 691278 228896 309434 312495 143864 624089 584496 676300 218030 202154 170808 271646 514546 720811 363898 51440 637566 596007 598010 115803 647165 224706 225450 341652 690944 446152 428555 743301 211813 465115 380289 471754 359197 345739 444980 287061 730934
378865 968664 556246 343535 920632 750707 253828 662959 504770 108946 311175 361320 414090 487504 388972 667883 243164 988485 818081 746129 365975 907122 541318 272270 358959 749443 788841 106525 654678 496222 480229 445405 383309 214168 172673 354149 411658 592528 888785 847407 174696 758773 561211 678289 605692 863795 696520 210605 553236 999999999 741182 451062 661397 511965 168761 374167 281195 640415 684480 685984 409856 482526 922300 498066 767802 724813 380170 413359 349645 649186 787925 364814 644656 617798 770434 618703 467062 272871 508032 101291 642583 59723 441717 952832 430829 774805 250739 235929 581350 543874 418188 495365 88350 867613 631990 796348 853886 117202 784162 208052
545236 227482 562690 407477 205265 59747 639556 117932 239331 793570 567930 772810 465124 657275 723468 224066 501857 301335 272320 325400 394084 269453 737840 546768 630649 608536 482198 654508 306073 427712 395507 420117 616251 952977 739855 421939 749134 572165 166054 162323 813157 156373 211722 208859 287575 156535 54839 664137 432263 741182 999999999 493282 160930 570556 583890 440989 686372 400726 679653 342148 574774 682813 217293 539117 546274 153172 697107 443818 574924 281555 295683 422862 621741 263824 277410 228033 601224 468339 417099 778735 301641 800360 485441 227310 627039 415864 497072 741467 202290 229465 669089 281231 667538 276299 170069 751274 312631 681617 274889 949200
80245 689938 128892 231848 698258 466852 220286 377100 360385 552033 143776 295145 528031 724278 699151 572110 276658 631868 428890 332074 208377 536305 254301 180361 616813 308744 815387 432914 616117 571010 529426 517148 132790 611050 344144 406791 259790 742396 580106 519229 607121 421263 441467 324762 228618 546778 477812 533266 110986 451062 493282 999999999 521604 102385 300676 461182 239677 202528 282224 266411 86020 736677 590565 654327 317432 392208 212447 77562 566892 595220 703444 159267 225894 251311 375726 528912 674054 297573 85436 540050 603390 492731 14097 717232 134000 335711 263884 607956 461315 436057 684658 228371 363992 484099 496337 392948 453095 339287 391122 622289
552854 346263 618729 364503 266501 215375 615432 214878 175993 695222 556315 767783 325162 503060 580073 68168 440435 459279 420571 450683 362930 429987 775840 519888 490764 705736 338979 563735 147709 275169 248710 278494 625455 875488 696047 313569 757331 411544 319457 323241 703947 302780 101509 320020 366732 315531 111232 547766 492929 661397 160930 521604 999999999 614733 522476 316615 668840 489661 755108 448688 591615 529359 374263 383589 654180 287683 702116 455206 438452 122357 183557 406190 694280 347621 414006 69150 448438 398723 462276 680710 141873 721023 510500 302307 647887 539113 439640 619346 80325 117874 521662 293433 599880 432651 29996 841606 463428 624833 415219 866901
138468 751987 45895 333089 773103 537016 261702 452666 459084 617963 203489 274444 629289 822641 791289 668148 368344 669828 460870 354867 310447 571863 167438 255722 711919 238461 915817 510552 715383 673346 631806 619291 136657 646554 378297 507896 221524 844349 637544 573053 677534 477577 539138 382972 288514 603038 561523 619242 143143 511965 570556 102385 614733 999999999 378376 562254 258444 216369 185449 291784 102129 834080 639845 755600 269626 452455 191741 179919 663768 693898 797792 260636 135165 312815 408333 626465 773455 394013 154781 607264 702813 545768 116264 788797 101560 331409 355860 690343 558322 534790 780414 322021 429148 515895 590734 298618 476463 395407 423531 662137
239910 810676 418981 178486 771976 588567 160213 498739 354353 256562 177436 320150 341695 485428 426262 540637 82925 821325 649330 578781 198626 738832 450283 122815 360460 608165 706561 132673 543751 415208 387007 357652 269518 371372 181285 243351 347611 551995 725646 681750 307450 591558 420980 509757 437269 699428 542729 244638 394524 168761 583890 300676 522476 378376 999999999 283013 213056 478370 561276 519763 280643 490030 756933 454485 616958 557603 299768 251392 325178 533101 669242 196382 513522 449080 601846 490265 447329 124062 346692 243458 530745 223698 289371 802172 317698 611552 86821 312242 442495 405261 429321 327909 84934 698892 492495 675005 685306 102525 615504 371202
442970 656877 588936 229336 582989 473215 429150 410515 219094 386526 407414 594940 67256 272523 293915 305247 224635 733010 620646 594853 254058 675420 684588 350227 198583 746183 424786 268521 281350 132209 107091 74911 501931 582244 461953 54392 610623 285002 605998 585915 388739 522329 230599 478333 455540 590842 387447 231355 503192 374167 440989 461182 316615 562254 283013 999999999 486013 554250 742698 557278 490364 290231 653034 193414 725204 492411 557030 384549 140221 278008 416270 301917 684460 452261 588967 259947 217766 182549 453435 372594 269645 431136 447086 618920 542816 661917 232887 303408 244517 212309 252672 317091 336461 655289 290852 851139 664282 376835 597830 568864
