NAME : synthetic_000529
TYPE : CTSP-D
DIMENSION : 100
GROUPS : 8
RELAXATION_LEVEL : 1
EDGE_WEIGHT_TYPE : EXPLICIT
EDGE_WEIGHT_FORMAT : FULL_MATRIX
EDGE_WEIGHT_SECTION
999999999 605515 306794 582278 386721 155707 283015 636284 519838 161332 358307 458820 641151 1046468 333881 391310 611222 617283 877734 543097 250207 103431 430946 713858 169330 702737 268616 305898 555703 808049 924114 563047 272107 570839 408021 651543 449300 80984 536463 828905 540282 493748 428847 319721 737702 609443 368955 117595 509327 442002 107046 627887 542730 950892 705101 259485 771623 27153 807029 748242 347354 836337 227447 165931 305158 264015 613807 550318 352515 19818 210885 362159 277383 769395 628871 450973 663959 328494 920575 537474 157018 736178 521197 288837 571096 468063 577666 221878 754892 279065 679679 174044 862561 145964 396113 348025 575906 722055 83243 663182
605515 999999999 496206 214823 294858 732744 421979 118397 523908 752213 293716 494146 256583 474161 680416 224569 313233 425659 405738 314260 408089 511562 493370 113213 768635 331131 750959 650274 737485 492712 318604 193818 558840 649634 252186 433104 362116 654850 319668 314996 69426 165930 176689 529079 415906 485143 663278 701246 421655 199109 567323 489369 282983 406911 184970 861615 756603 618441 403333 701921 432223 405107 576091 716595 594741 668149 234288 284517 342656 623399 815761 417264 368795 168261 402270 685425 402142 314909 351455 112456 652124 430096 126198 483074 520730 186973 675531 402445 714601 348580 538981 746002 298354 667619 618223 503063 243771 601283 522623 316796
306794 496206 999999999 586001 442205 458741 87100 467859 213046 365200 403902 152363 410710 970272 606878 370154 357110 714963 870387 604278 377242 301468 124322 607415 453453 450067 571924 573776 798396 875181 788565 363264 71148 777175 244021 363063 184773 387773 280696 794032 453869 335014 353465 35564 794212 308111 628372 421037 630585 297188 202016 751499 302712 899242 657435 525968 962742 333706 831160 925276 498627 848665 478246 472703 98884 185963 620747 308923 153582 310628 471750 90335 370041 659873 712616 700180 737693 382974 847449 486859 453989 799860 374417 477197 264832 455507 792233 180833 934884 190752 810116 337856 793272 448813 631893 42035 350940 866170 260975 411149
582278 214823 586001 999999999 196975 673820 499885 332690 677098 742700 224147 633566 464001 477255 547193 218522 510264 211220 297972 109528 337625 478913 624491 239505 722812 542092 649303 523087 552244 301372 430703 386119 633142 452966 368232 627365 507574 606755 496536 248767 183634 322332 238308 621536 219618 664959 517832 650165 226114 323004 582793 275714 464105 373053 145740 814394 543191 586012 245308 487912 298800 265505 473293 647223 676184 725627 34848 467890 444654 602016 777458 528911 305612 276703 187474 519260 189924 254005 356245 122689 574974 230175 294424 366252 687374 131003 479811 435665 500658 400252 324205 748141 300148 596209 461362 606778 437314 386460 508488 523423
386721 294858 442205 196975 999999999 478337 355968 383512 582325 547772 38344 527961 472297 670916 385965 105865 491213 272779 491019 167719 140750 283311 511694 377736 526148 553330 467202 356554 461296 442469 589663 379485 475336 393198 283712 592050 421944 409931 448834 445551 227669 293518 173657 476945 364958 603904 368677 453672 195849 262622 397379 311813 427019 569385 330811 618070 547702 389433 423558 502296 138309 450944 289595 453484 520576 553863 227409 433275 328599 406523 580541 408411 109341 428535 271914 396433 300040 63918 547295 189977 382503 367314 289348 189736 607362 109556 415908 269430 513358 252425 370744 555359 489803 402500 326566 471899 422678 429451 316038 523215
155707 732744 458741 673820 478337 999999999 438710 776488 671116 174702 458622 611099 792157 1149243 270181 510070 765254 662366 958364 613117 338522 223930 583023 835909 62534 856027 150417 255522 501862 857350 1049106 710902 416212 548133 556121 807236 604874 81145 691145 922406 664759 637014 558587 468059 795885 763997 317660 38142 551349 585354 256726 657466 696046 1046871 808519 142655 747683 131241 876864 735565 396027 910143 225060 41351 442814 379394 701798 703680 506483 148481 119662 517698 374782 890502 680447 400282 718143 430672 1025298 651589 108142 790926 661004 325809 723571 575499 547589 371938 739787 427331 701440 212516 967610 82862 367032 499060 727080 732697 229290 816655
283015 421979 87100 499885 355968 438710 999999999 407922 261086 378552 317746 198813 374673 895567 550702 283300 334011 628579 786621 517271 300424 249763 174799 534661 445392 427285 534076 516655 729532 788101 724467 311685 137944 701046 172825 368753 166696 361215 257383 712485 374647 267648 270035 122544 707177 332438 567074 400609 546090 223967 192490 666263 269487 820438 576185 527194 882738 307962 745169 843724 419618 763381 419551 445275 177850 246485 534685 276708 86700 292153 473763 82322 289014 588480 625798 634466 650654 297786 771418 403706 414112 712770 305289 404718 304419 369137 717392 103848 853625 103854 725013 359028 716212 413577 564123 116780 310655 781772 218472 387483
636284 118397 467859 332690 383512 776488 407922 999999999 448913 769611 372900 430900 144274 524785 760623 292879 210178 542872 503466 428929 474527 552594 436310 175682 804611 214185 814952 728604 839613 608308 321466 111623 536456 757576 238006 328528 304189 696017 237127 407233 163401 144316 227512 496755 532834 390950 749220 742129 531854 195197 579394 605936 199844 479184 289884 895762 872640 653305 513641 818483 521390 511224 646248 766038 565861 650671 352680 198698 321643 652322 846468 380269 436002 214156 520144 779859 520533 387777 412710 221979 707569 547436 115508 563327 435661 284294 782855 418155 831097 360430 656505 757268 368079 719740 709995 464832 150492 718986 553510 203767
519838 523908 213046 677098 582325 671116 261086 448913 999999999 564175 546637 62661 334477 973493 811086 487213 260762 844808 928106 725184 555864 507490 89400 619214 662577 334312 784230 777217 988595 978271 757041 339062 260338 953423 310801 199224 169525 600819 211862 838901 508068 363853 442197 204524 896288 117770 828159 633597 778158 354143 414609 891806 249070 924713 706667 729608 1126648 546750 911522 1083589 670101 920495 680289 685737 249857 347241 709507 250436 254510 523379 675712 183506 538481 662555 835481 894962 853367 533910 860862 559362 665590 905618 400624 662798 56178 557839 971387 363687 1094308 344551 950524 531722 813744 661332 824061 172087 299665 1010706 470624 304043
161332 752213 365200 742700 547772 174702 378552 769611 564175 999999999 518557 510162 752949 1203012 436986 545946 711191 775264 1038769 704189 411461 264522 482468 863032 127247 804803 325112 417032 668852 967394 1069866 684625 304837 703048 533267 728235 539656 171532 634022 988359 689673 625301 576389 362146 898124 670410 481244 156698 666021 574731 190666 782113 647997 1109548 862582 167293 904577 163738 968324 886862 503954 997662 361197 212936 317010 232184 774560 655174 461485 141524 115279 443951 438479 918743 788099 565096 823701 488701 1076823 692297 256430 896174 657004 441040 619734 625859 705880 352652 892353 409771 831824 40540 1018895 233057 522390 399196 688497 870563 235825 765069
358307 293716 403902 224147 38344 458622 317746 372900 546637 518557 999999999 491534 451863 692249 388822 82935 465990 311110 521059 205007 120679 255072 474760 384841 503705 532192 458991 357698 482497 479727 598310 358492 437171 420886 252388 563336 388204 387181 419852 470835 224680 271485 152796 438617 401583 571731 376360 431960 231932 236143 362872 349401 399964 593540 350639 596363 581344 362943 457180 537087 151943 483291 282796 436269 482368 516870 256342 406500 292404 378011 556829 371298 84005 437533 310126 411458 337828 29858 567441 196669 367180 404436 271985 191022 573021 117654 442589 231357 547939 214316 408307 524375 509575 385636 339815 433806 399314 466526 284658 500576
458820 494146 152363 633566 527961 611099 198813 430900 62661 510162 491534 999999999 332095 954608 748471 436166 262992 793841 894276 675497 495384 444838 28165 595170 604599 346966 722245 714627 927321 933646 747009 319303 205331 894127 265334 229490 132071 539751 199913 807888 471222 329802 396131 148095 851571 160835 765802 573399 723451 312733 354376 838882 234357 899380 673535 674155 1069686 485620 871980 1027602 610976 883082 617739 624748 201832 301563 666767 237570 199411 462974 620056 123180 479274 641574 785931 833096 805435 477328 838483 518888 603394 860105 368482 601737 112473 510667 911660 301867 1038128 285371 897748 479318 789100 599492 762432 112726 287045 957251 408192 312340
641151 256583 410710 464001 472297 792157 374673 144274 334477 752949 451863 332095 999999999 649604 823798 369113 75032 669584 647221 550874 531466 574312 345036 317340 809760 81460 855364 790049 933355 749293 424025 93436 481851 862141 238018 186518 226944 711180 134471 550358 282524 180661 299395 432433 672204 256959 820491 755312 643749 223446 564401 730138 108004 615555 434001 896273 993633 662425 657280 941324 603705 655453 699558 789176 501583 596204 487707 101871 292136 654206 843926 320755 496490 349147 649532 862620 653850 458498 545495 344810 740130 686063 184610 632600 310066 390013 886033 420288 953670 365182 783544 733537 505281 747715 790277 395424 65255 846454 562902 60216
1046468 474161 970272 477255 670916 1149243 895567 524785 973493 1203012 692249 954608 649604 999999999 1014395 657194 723934 580582 252453 559145 811022 944784 958079 363362 1195904 687854 1124886 993473 966274 462410 245555 635814 1032834 851689 726286 832277 825190 1079392 761632 234970 523516 637014 635635 1002868 452978 906558 979187 1123910 662559 673268 1027427 633735 724523 115526 341785 1288385 844863 1053700 354694 789882 773400 315870 950021 1123869 1068881 1141056 452851 723062 816776 1065760 1248968 889704 776152 313457 549253 963047 516169 721292 126310 511135 1051976 469620 597066 842424 957221 578562 877816 865500 801438 815778 644255 1202648 184127 1072838 917123 975720 674029 682467 967384 698450
333881 680416 606878 547193 385965 270181 550702 760623 811086 436986 388822 748471 823798 1014395 999999999 467774 821393 460483 790744 455304 292333 305410 722890 761202 331735 900303 144102 34573 232167 648424 969937 731588 591686 284943 594204 896402 694725 273270 759211 779478 612286 645482 534953 629295 602418 877646 50510 280411 358006 600353 431426 435858 750476 902621 692860 389798 480429 310525 696043 473305 252414 733790 131625 228884 630452 597894 565352 757925 584759 343653 385362 631670 328101 809649 486117 130232 524396 372915 899412 575282 183688 592895 654358 197820 854980 495317 280830 451544 476227 487268 468097 470040 845221 204749 113458 648570 764240 487083 347946 864613
391310 224569 370154 218522 105865 510070 283300 292879 487213 545946 82935 436166 369113 657194 467774 999999999 385503 357794 512642 239677 184646 292409 422684 325933 548977 449636 527782 435736 564603 505685 539046 275814 414844 499042 181198 486522 322413 433668 343526 448916 155513 189024 69866 405702 424354 501050 457738 479824 296289 156796 372839 405232 321182 566600 318196 642227 650621 401130 463435 603553 234869 483864 355157 492535 458238 507753 253340 327417 238322 410205 598605 321762 145396 380800 350037 494378 371293 94901 530946 146410 427558 430607 189252 270781 508299 87873 521627 218372 614958 182017 463732 545755 473069 443258 422631 394073 317575 524567 310697 418542
611222 313233 357110 510264 491213 765254 334011 210178 260762 711191 465990 262992 75032 723934 821393 385503 999999999 709565 712746 588680 530995 554234 278501 385737 777530 93674 840299 787092 947940 803189 499005 124146 427569 884337 227191 119901 173017 685141 77262 617167 326631 200073 318344 375043 724268 182933 822695 727659 673215 229923 526446 767573 71324 687197 495840 860972 1026805 634200 716558 976241 615580 717304 693464 766030 442814 540043 536772 63721 258802 622589 807690 269629 499003 420784 691904 871087 699652 467874 618223 388147 722450 737151 217854 636490 235037 421504 907107 395395 988306 344552 822865 688826 576462 727575 798060 336764 73130 885733 536890 54160
617283 425659 714963 211220 272779 662366 628579 542872 844808 775264 311110 793841 669584 580582 460483 357794 709565 999999999 338668 121821 374513 519992 779649 441453 720771 749201 591726 447878 386276 194986 607112 586406 746836 273445 535897 822980 678444 613872 685419 352149 387082 512987 406913 749725 142119 850608 417581 649389 111042 500569 653244 65808 656427 465166 320595 804048 332413 611550 238758 276765 271565 277933 438179 627067 792276 819199 198827 661204 595214 636464 778889 677472 361302 468706 32061 387161 65849 333697 481796 324847 554512 132576 491738 338251 863777 292402 300222 540903 289538 524850 113995 791327 436998 579520 351898 744111 636544 176874 562218 727945
877734 405738 870387 297972 491019 958364 786621 503466 928106 1038769 521059 894276 647221 252453 790744 512642 712746 338668 999999999 346109 629485 774330 890302 331252 1010964 709266 912553 773757 720014 211776 372368 598487 922957 604305 635889 831859 762696 896356 725364 98930 423655 564990 516951 905483 203205 889663 751177 937963 432856 584336 880707 386307 688527 140334 221461 1100641 593279 879803 103278 537871 565927 63702 744555 928198 964427 1020068 264797 689787 721384 897539 1067093 803453 600352 313394 309008 725697 272867 550846 190349 383592 854747 218921 527506 636972 926460 425055 629885 731010 549562 691447 392668 1045432 179318 877798 686688 886126 646966 430038 805716 705591
543097 314260 604278 109528 167719 613117 517271 428929 725184 704189 205007 675497 550874 559145 455304 239677 588680 121821 346109 999999999 293004 441090 662354 348980 667019 631179 569055 434539 443306 274769 537260 466026 641312 343497 415309 701434 557933 553826 563602 324331 269211 391375 285531 639511 197712 728886 421396 594091 117025 378935 563412 179339 534746 448124 248014 755649 444055 541951 265166 390745 219929 297178 398678 582281 686255 721581 115028 539588 477992 562835 723846 561230 270460 385630 110434 415073 133514 231574 444974 207678 508782 199600 371056 290917 742878 170621 370311 435980 403201 413533 234233 715280 392133 532045 361454 631173 515785 297063 478307 608584
250207 408089 377242 337625 140750 338522 300424 474527 555864 411461 120679 495384 531466 811022 292333 184646 530995 374513 629485 293004 999999999 148198 473532 503954 385424 608216 343173 258664 434037 560991 717681 439336 391324 400713 304242 612785 417623 269181 472223 586287 338678 353546 247024 408307 488625 604301 291784 313043 272370 308022 279206 395081 460633 710120 470013 477498 586130 250457 556871 550682 122451 586565 171765 315593 436597 449124 367430 467946 309232 269981 439833 372454 39315 557277 382781 345746 416473 94394 686819 316530 246789 487945 364583 108894 592089 238274 417006 197387 559769 212635 451154 422394 629099 264964 272921 414389 472195 501599 187929 572916
103431 511562 301468 478913 283311 223930 249763 552594 507490 264522 255072 444838 574312 944784 305410 292409 554234 519992 774330 441090 148198 999999999 418667 617482 257167 642186 287904 272394 505425 708578 829456 490017 290521 502153 336492 611028 405980 143977 483572 725847 444654 413879 335979 324488 636778 581625 328470 190379 414267 362414 144733 535160 483474 848158 603123 350302 699235 109075 704326 670784 254261 733264 177852 215507 332142 320868 510379 491161 299370 123221 306222 331994 173983 672703 529862 403791 564147 225307 819134 437611 168625 635897 437133 204774 553459 366231 512737 160151 678472 210120 589008 274209 761116 173645 339464 343179 509857 635000 48478 603534
430946 493370 124322 624491 511694 583023 174799 436310 89400 482468 474760 28165 345036 958079 722890 422684 278501 779649 890302 662354 473532 418667 999999999 596910 576443 365262 694856 689167 904242 923426 754858 324842 177718 873230 257043 253812 132889 511898 211088 805551 466668 327830 386305 120323 841389 188091 741020 545348 706605 306559 326312 823253 243524 899802 670348 646207 1050792 457785 864853 1009518 590444 877151 592456 596876 176336 276325 658102 247484 184469 434951 592089 103675 458832 644663 772720 809205 793271 459346 840455 512010 576190 849418 367215 579075 140578 499609 890327 278470 1019887 265522 882174 451949 790050 571998 738922 84569 296253 941139 381307 329437
713858 113213 607415 239505 377736 835909 534661 175682 619214 863032 384841 595170 317340 363362 761202 325933 385737 441453 331252 348980 503954 617482 596910 999999999 874519 378078 843450 733122 790328 461319 213759 280513 671070 692465 363712 503330 464234 759531 409000 233419 173654 273653 286648 639718 394113 566498 738703 805731 465017 311081 679481 507256 371458 305537 134283 967729 772167 725513 354965 715407 509022 346216 666390 817378 706178 781007 243222 371302 454150 732133 923140 526343 465210 55711 413088 750570 402314 409564 243547 188445 750480 410915 233706 567168 609561 268841 719292 514804 728281 461501 548888 857840 194532 767510 687799 612358 324753 608234 631475 374883
169330 768635 453453 722812 526148 62534 445392 804611 662577 127247 503705 604599 809760 1195904 331735 548977 777530 720771 1010964 667019 385424 257167 576443 874519 999999999 869781 205175 317905 562835 915648 1086624 732355 403218 610635 577345 810569 611955 116526 701852 971568 701819 662652 592671 458061 852653 761422 379699 73002 609740 610869 254943 717734 709991 1095533 854343 93253 810038 151393 931662 798099 452277 964185 285248 103607 424239 350280 751863 717520 519592 155557 58268 520699 419757 929644 737954 461952 775357 474893 1071125 693052 168713 848248 689282 382974 716621 619075 609930 391174 802310 448391 762530 167509 1013228 143052 429564 491874 744505 794597 251205 830089
702737 331131 450067 542092 553330 856027 427285 214185 334312 804803 532192 346966 81460 687854 900303 449636 93674 749201 709266 631179 608216 642186 365262 378078 869781 999999999 926376 866321 1014151 822493 451069 173896 520206 943566 308948 150594 266518 775552 170935 611039 362240 260708 380097 466857 746779 235158 898504 818632 725075 300839 619589 810295 160026 665517 502047 953891 1074410 725248 726506 1021832 683848 722087 774516 855503 533818 631871 564517 152423 350306 714563 900742 363149 574125 402102 728488 942290 731571 537886 592442 424379 809621 761168 266069 710896 297907 471361 967416 484825 1034222 432068 863195 782496 557419 815818 869743 428240 136066 926055 627078 39804
268616 750959 571924 649303 467202 150417 534076 814952 784230 325112 458991 722245 855364 1124886 144102 527782 840299 591726 912553 569055 343173 287904 694856 843450 205175 926376 999999999 145553 364913 783569 1056394 767248 540722 428557 617899 898757 693683 190119 770913 891553 681536 685554 588066 587374 732148 866393 194581 174928 484329 636008 375551 573359 769165 1016175 792514 249311 621484 241564 822026 616677 351489 858428 177664 114540 573005 520576 672073 776837 587213 270483 252553 616224 382476 895301 614955 269808 653471 436121 1005490 655010 120007 724123 702179 283078 833514 574767 423108 448005 619224 495827 609015 362763 949397 123265 255879 613740 792077 630451 315824 888348
305898 650274 573776 523087 356554 255522 516655 728604 777217 417032 357698 714627 790049 993473 34573 435736 787092 447878 773757 434539 258664 272394 689167 733122 317905 866321 145553 999999999 252902 638616 942932 697999 560010 293073 559914 861833 660173 249734 724714 758827 581815 612079 502405 596681 589099 843195 64478 261531 342341 566609 401084 427866 716136 882607 668444 382490 492161 283537 680857 481128 225741 718003 97263 214299 599349 569570 542614 723594 550202 316765 373388 597475 294905 782288 472135 148352 510608 340835 877045 546357 161005 580444 621566 167202 820842 466093 292075 417186 484922 452698 463750 448556 822250 183996 113478 615376 730255 487029 315761 830509
555703 737485 798396 552244 461296 501862 729532 839613 988595 668852 482497 927321 933355 966274 232167 564603 947940 386276 720014 443306 434037 505425 904242 790328 562835 1014151 364913 252902 999999999 535504 979523 840261 795589 116376 727735 1040394 850585 502636 897489 738187 677465 753627 634054 825408 517028 1037490 188441 512447 326286 718057 644431 333707 880602 850756 689274 614146 264296 534744 617217 273535 332562 657117 331137 460685 837567 817276 556656 887398 743059 567904 614951 805129 457187 828859 418059 104909 450112 480461 867419 625041 413719 502219 750602 325930 1026023 555397 92911 625772 272364 646654 337096 701183 820702 436020 166650 838389 881811 327609 552676 983032
808049 492712 875181 301372 442469 857350 788101 608308 978271 967394 479727 933646 749293 462410 648424 505685 803189 194986 211776 274769 560991 708578 923426 461319 915648 822493 783569 638616 535504 999999999 564879 679970 915024 419485 668546 922212 808774 808005 795862 276850 479848 622398 537522 910642 82075 964549 602908 844106 306007 624300 836417 213693 762280 352072 327310 999011 382521 803708 119852 328051 465159 151666 633099 821994 959692 996323 270078 765544 741161 827476 973730 825439 542637 465980 179296 560771 144532 506272 396698 422054 749494 75479 592107 532886 988601 424045 442806 710295 339372 685033 198446 981850 371443 774506 536739 899742 731293 223568 748627 809507
924114 318604 788565 430703 589663 1049106 724467 321466 757041 1069866 598310 747009 424025 245555 969937 539046 499005 607112 372368 537260 717681 829456 754858 213759 1086624 451069 1056394 942932 979523 564879 999999999 431030 856301 874417 551796 599408 624156 972174 547965 288352 384821 456819 495292 818012 519755 678433 944731 1018473 653946 502575 883200 671085 512671 264822 290302 1179726 922788 936820 445194 865287 717581 418440 879035 1031024 886911 969683 422950 509724 639549 941998 1134258 701616 678966 161132 575766 949925 554474 623287 190136 401669 964239 538130 419766 778215 733997 481654 901544 718357 877965 662774 701655 1062237 194866 981225 890733 786298 460084 754450 841223 466526
563047 193818 363264 386119 379485 710902 311685 111623 339062 684625 358492 319303 93436 635814 731588 275814 124146 586406 598487 466026 439336 490017 324842 280513 732355 173896 767248 697999 840261 679970 431030 999999999 433300 770470 155079 242259 193196 629757 128585 505421 202487 87235 206208 390292 600637 291408 727495 674762 554418 131934 494173 645240 91087 586026 378595 820982 906402 582866 596076 855028 510297 598868 608486 705508 459884 548295 412789 91547 225289 577334 769706 273907 403841 323686 568200 769185 575543 365117 521831 264058 653607 613320 95180 539536 329764 301070 794087 341181 867220 284181 699972 668578 474943 662471 696858 356813 51368 762891 482594 144789
272107 558840 71148 633142 475336 416212 137944 536456 260338 304837 437171 205331 481851 1032834 591686 414844 427569 746836 922957 641312 391324 290521 177718 671070 403218 520206 540722 560010 795589 915024 856301 433300 999999999 784757 307574 427249 255699 351810 351459 850076 512578 400769 407283 57538 835167 365787 618267 379655 655990 359989 165269 778498 373856 958381 713907 469402 976094 299188 878263 941917 513733 897908 467826 435181 45612 115100 667989 380050 217595 271793 415437 161397 391179 724344 747249 694310 774658 413190 909002 540844 426704 839546 439559 482868 315398 502147 797727 206000 950866 232892 836405 274383 853985 417856 629222 95843 422002 890048 244598 481502
570839 649634 777175 452966 393198 548133 701046 757576 953423 703048 420886 894127 862141 851689 284943 499042 884337 273445 604305 343497 400713 502153 873230 692465 610635 943566 428557 293073 116376 419485 874417 770470 784757 999999999 672836 984196 804479 531838 840725 625490 594181 685754 566220 807211 401164 990289 234547 551013 228788 655676 646449 218171 820037 736172 584429 674244 201645 553902 501337 188433 283334 541233 344677 507083 828849 822514 453408 826371 701231 585931 666442 770949 414954 727678 305471 162768 335955 425505 755233 537818 448017 386127 677602 301890 985957 474900 27127 598071 191863 608931 221267 731074 710023 472787 181441 814940 815191 217491 550631 915000
408021 252186 244021 368232 283712 556121 172825 238006 310801 533267 252388 265334 238018 726286 594204 181198 227191 535897 635889 415309 304242 336492 257043 363712 577345 308948 617899 559914 727735 668546 551796 155079 307574 672836 999999999 312770 142625 474986 169783 554648 213316 95159 131437 277072 586479 320268 596023 519822 477299 53315 342639 585711 156450 656374 418224 666293 831104 427797 607818 784592 395644 620568 466613 551690 342601 418978 401498 163824 90492 422482 615346 168069 273547 416775 525330 646836 542595 248338 603484 255151 502156 595340 132486 410837 327966 247051 693964 186209 795925 129104 643935 519657 549581 509748 573684 252647 174191 705208 327554 271725
651543 433104 363063 627365 592050 807236 368753 328528 199224 728235 563336 229490 186518 832277 896402 486522 119901 822980 831859 701434 612785 611028 253812 503330 810569 150594 898757 861833 1040394 922212 599408 242259 427249 984196 312770 999999999 205075 729953 143494 735744 444025 310073 423122 370117 842865 87428 903050 769105 780118 330053 555627 879293 167126 801850 615625 887409 1134847 676692 836437 1085654 708414 837142 765690 813825 430106 530116 654769 161933 313144 659845 833253 290062 584696 535554 806645 957847 815988 560978 731166 504789 778963 855434 333202 721003 153825 532087 1005860 451464 1097492 409441 935532 700515 691735 780473 884738 331408 190919 998201 585496 133829
449300 362116 184773 507574 421944 604874 166696 304189 169525 539656 388204 132071 226944 825190 694725 322413 173017 678444 762696 557933 417623 405980 132889 464234 611955 266518 693683 660173 850585 808774 624156 193196 255699 804479 142625 205075 999999999 526553 96073 675858 340347 197867 273474 205492 726808 186911 704107 566831 617175 184629 358088 727592 119475 767766 541727 692663 969416 473816 742819 924177 522707 752758 563409 609869 274746 369503 540008 125146 110008 458810 638927 96631 393639 511775 667933 763169 684818 379461 707752 390178 573900 736246 236414 526516 185894 389327 824260 246678 935289 207892 785986 516307 657721 575643 690498 168789 170299 846973 380913 227175
80984 654850 387773 606755 409931 81145 361215 696017 600819 171532 387181 539751 711180 1079392 273270 433668 685141 613872 896356 553826 269181 143977 511898 759531 116526 775552 190119 249734 502636 808005 972174 629757 351810 531838 474986 729953 526553 999999999 611501 855459 587415 556093 479756 400425 742463 689664 314201 46435 503293 504398 187483 615941 615644 979278 737817 209411 733450 54157 818918 715330 342897 850699 189856 85031 383041 332718 636144 623292 426533 80435 170877 441440 303240 814468 629243 397992 666041 358379 954600 577046 89596 738944 580511 276004 651982 502650 535297 291086 720841 346242 663873 199783 896705 71273 351696 429005 646142 700676 148504 736263
536463 319668 280696 496536 448834 691145 257383 237127 211862 634022 419852 199913 134471 761632 759211 343526 77262 685419 725364 563602 472223 483572 211088 409000 701852 170935 770913 724714 897489 795862 547965 128585 351459 840725 169783 143494 96073 611501 999999999 633283 316299 174357 281587 300019 715066 168694 763561 653372 638215 187706 449873 740017 37543 714442 504533 784560 993040 559932 718114 944551 565258 723133 629612 693281 368576 464710 526082 38624 185186 547306 731145 192553 442840 451032 670722 816222 682534 417660 649501 374212 652174 726494 204131 579770 201442 393207 862366 323693 956256 275740 796962 611564 603317 656168 743070 262300 88201 859339 463752 131365
828905 314996 794032 248767 445551 922406 712485 407233 838901 988359 470835 807888 550358 234970 779478 448916 617167 352149 98930 324331 586287 725847 805551 233419 971568 611039 891553 758827 738187 276850 288352 505421 850076 625490 554648 735744 675858 855459 633283 999999999 341361 478128 442898 828608 239509 795718 744267 898932 428295 502011 821474 409950 596108 124910 136639 1063147 644502 833710 157015 587448 540225 131155 717907 895220 890052 951491 221092 596955 642493 848540 1026089 722713 553557 214573 320220 729712 290355 500550 130128 309811 822590 257711 439507 609963 834712 363942 652152 665622 599816 621782 429688 991691 94749 844258 682433 806891 552875 476717 752936 608254
540282 69426 453869 183634 227669 664759 374647 163401 508068 689673 224680 471222 282524 523516 612286 155513 326631 387082 423655 269211 338678 444654 466668 173654 701819 362240 681536 581815 677465 479848 384821 202487 512578 594181 213316 444025 340347 587415 316299 341361 999999999 144823 113696 488063 399536 484963 596337 633747 368762 160960 507487 448108 282432 445845 204910 794946 713092 552274 403985 659952 365741 412509 506785 647939 550998 618409 210877 285747 301424 558506 749848 381384 299390 229300 367211 621323 373212 245507 398165 62304 583013 411648 112276 414675 512329 122511 619497 343549 672412 292395 501060 685247 342129 598759 552997 465582 253706 563956 457830 341190
493748 165930 335014 322332 293518 637014 267648 144316 363853 625301 271485 329802 180661 637014 645482 189024 200073 512987 564990 391375 353546 413879 327830 273653 662652 260708 685554 612079 753627 622398 456819 87235 400769 685754 95159 310073 197867 556093 174357 478128 144823 999999999 119865 366596 541280 342628 640594 601845 473148 51793 435090 569338 143515 572836 343882 753148 826956 511688 548803 776781 423182 556748 523724 628933 433898 513241 352362 148219 183247 509343 703299 252690 317448 325132 497245 681961 508299 277899 516108 200360 573970 552428 40026 452599 367612 222284 709000 274229 788767 216416 625461 613110 463957 584267 609623 338707 129460 688145 411474 229706
428847 176689 353465 238308 173657 558587 270035 227512 442197 576389 152796 396131 299395 635635 534953 69866 318344 406913 516951 285531 247024 335979 386305 286648 592671 380097 588066 502405 634054 537522 495292 206208 407283 566220 131437 423122 273474 479756 281587 442898 113696 119865 999999999 388638 455448 444143 526500 526191 356996 94229 393813 459310 256398 553667 307076 685482 711752 442086 480904 662973 304734 496277 418768 544576 447868 509451 272215 262211 207058 446710 639220 291034 208625 342359 394975 564212 411348 162649 509765 133672 483036 464052 119926 338954 457577 115877 589298 230169 674701 180674 516836 571576 452977 496742 492376 370799 249084 578833 345934 349570
319721 529079 35564 621536 476945 468059 122544 496755 204524 362146 438617 148095 432433 1002868 629295 405702 375043 749725 905483 639511 408307 324488 120323 639718 458061 466857 587374 596681 825408 910642 818012 390292 57538 807211 277072 370117 205492 400425 300019 828608 488063 366596 388638 999999999 829712 308323 652716 430911 664378 330364 212973 785617 324843 933055 691982 526139 994328 346860 866676 957578 530211 884072 502185 484785 69720 165036 656276 330628 186985 321465 472075 116557 402675 691717 747673 726089 772958 417246 880496 521908 471015 835306 406267 506311 258970 491065 821716 213340 967048 225989 844151 331920 826640 464118 658767 39082 374641 899837 281618 428630
737702 415906 794212 219618 364958 795885 707177 532834 896288 898124 401583 851571 672204 452978 602418 424354 724268 142119 203205 197712 488625 636778 841389 394113 852653 746779 732148 589099 517028 82075 519755 600637 835167 401164 586479 842865 726808 742463 715066 239509 399536 541280 455448 829712 999999999 883703 559699 780352 248089 542392 761104 183418 681842 337983 260156 938310 405214 734881 100190 348039 400383 140090 573831 762076 879635 918441 188984 685266 659272 757313 910371 743573 467861 405347 117215 527256 78715 428876 367973 340939 688861 18391 511666 470085 906986 342114 426685 631115 360466 604398 192090 910848 332642 713363 493988 818295 652002 237224 675254 732357
609443 485143 308111 664959 603904 763997 332438 390950 117770 670410 571731 160835 256959 906558 877646 501050 182933 850608 889663 728886 604301 581625 188091 566498 761422 235158 866393 843195 1037490 964549 678433 291408 365787 990289 320268 87428 186911 689664 168694 795718 484963 342628 444143 308323 883703 999999999 889080 725967 797338 350111 508180 903369 203251 869538 669999 833445 1151367 635634 885968 1104598 709234 889948 746033 774534 361886 461010 694721 200940 295431 615531 779260 250185 580532 603313 837094 949590 850058 564822 801052 542795 746480 895024 372741 713172 67253 558275 1010443 426385 1116007 393229 960979 640032 758615 745275 877057 271422 242850 1022921 550598 212518
368955 663278 628372 517832 368677 317660 567074 749220 828159 481244 376360 765802 820491 979187 50510 457738 822695 417581 751177 421396 291784 328470 741020 738703 379699 898504 194581 64478 188441 602908 944731 727495 618267 234547 596023 903050 704107 314201 763561 744267 596337 640594 526500 652716 559699 889080 999999999 325379 318641 597675 461763 389615 752413 866384 663473 439879 430984 347175 654829 422954 231178 693093 150620 276313 658577 632046 533727 759718 594233 380395 434152 646587 324415 785476 444341 83910 482306 363906 866369 555407 225441 549466 646422 188003 869985 476630 231064 465431 426007 496257 419797 512991 813169 248191 66172 669572 762750 437248 373678 863882
117595 701246 421037 650165 453672 38142 400609 742129 633597 156698 431960 573399 755312 1123910 280411 479824 727659 649389 937963 594091 313043 190379 545348 805731 73002 818632 174928 261531 512447 844106 1018473 674762 379655 551013 519822 769105 566831 46435 653372 898932 633747 601845 526191 430911 780352 725967 325379 999999999 538431 550109 219043 648154 658621 1023014 782537 164477 751928 93463 858820 736949 379996 891244 216769 60481 407371 347476 679045 666245 468860 110535 130049 479557 347956 860611 666027 409070 703271 403406 999367 622826 103208 776187 626621 311222 685863 547944 552342 335024 741793 390851 694225 191299 941526 78230 369622 461514 690177 728321 192460 779209
509327 421655 630585 226114 195849 551349 546090 531854 778158 666021 231932 723451 643749 662559 358006 296289 673215 111042 432856 117025 272370 414267 706605 465017 609740 725075 484329 342341 326286 306007 653946 554418 655990 228788 477299 780118 617175 503293 638215 428295 368762 473148 356996 664378 248089 797338 318641 538431 999999999 450510 551333 123013 613302 548817 364124 693121 354826 502484 338530 307294 162149 375904 327371 516213 701602 721053 231081 618983 524225 528266 667870 603057 265151 502597 130920 302217 169378 248515 553669 310567 443543 241090 459720 227422 802850 253740 255216 451897 318669 444119 180421 683238 503079 468512 255050 662820 601776 235682 458158 699063
442002 199109 297188 323004 262622 585354 223967 195197 354143 574731 236143 312733 223446 673268 600353 156796 229923 500569 584336 378935 308022 362414 306559 311081 610869 300839 636008 566609 718057 624300 502575 131934 359989 655676 53315 330053 184629 504398 187706 502011 160960 51793 94229 330364 542392 350111 597675 550109 450510 999999999 384893 553503 164397 603089 365766 701428 805336 459895 559256 756937 385838 570687 476599 577636 395642 470451 355382 170696 143606 457670 651687 220868 273343 364580 487735 642568 502514 238420 550264 206180 523474 552107 83138 410076 365795 208452 678021 222958 768609 165245 610938 563378 496278 533326 569751 305808 165365 673007 359686 266844
107046 567323 202016 582793 397379 256726 192490 579394 414609 190666 362872 354376 564401 1027427 431426 372839 526446 653244 880707 563412 279206 144733 326312 679481 254943 619589 375551 401084 644431 836417 883200 494173 165269 646449 342639 555627 358088 187483 449873 821474 507487 435090 393813 212973 761104 508180 461763 219043 551333 384893 999999999 673688 461008 939334 690796 334751 843952 134191 820048 815326 394905 845635 313381 271841 200149 176170 616462 468356 272293 108794 281273 265804 293792 735087 659949 540978 692146 333983 901164 516954 261760 762136 467566 349275 466847 457857 656403 164954 823103 220749 728936 179055 843668 252595 480139 242525 499565 776942 96509 579786
627887 489369 751499 275714 311813 657466 666263 605936 891806 782113 349401 838882 730138 633735 435858 405232 767573 65808 386307 179339 395081 535160 823253 507256 717734 810295 573359 427866 333707 213693 671085 645240 778498 218171 585711 879293 727592 615941 740017 409950 448108 569338 459310 785617 183418 903369 389615 648154 123013 553503 673688 999999999 712286 518252 385844 797074 267481 619396 283580 212577 281157 323472 432538 620153 824105 843984 264514 717360 639514 646454 775993 720136 388014 534257 95649 348066 119662 368566 540062 386180 549393 169147 550184 341086 913438 347222 244108 573821 225236 563417 58933 801204 497477 574913 323495 782757 694798 119570 579862 787921
542730 282983 302712 464105 427019 696046 269487 199844 249070 647997 399964 234357 108004 724523 750476 321182 71324 656427 688527 534746 460633 483474 243524 371458 709991 160026 769165 716136 880602 762280 512671 91087 373856 820037 156450 167126 119475 615644 37543 596108 282432 143515 256398 324843 681842 203251 752413 658621 613302 164397 461008 712286 999999999 676899 467939 794702 967921 565227 682732 918561 548041 687099 622289 695957 394198 488285 492949 7686 190405 554671 741786 212767 429293 413608 640741 802073 651340 400145 612044 341479 651514 693630 170188 566757 238746 365064 842276 325198 930417 273564 768695 627417 565776 656956 728968 288256 52777 831299 467211 120619
950892 406911 899242 373053 569385 1046871 820438 479184 924713 1109548 593540 899380 615555 115526 902621 566600 687197 465166 140334 448124 710120 848158 899802 305537 1095533 665517 1016175 882607 850756 352072 264822 586026 958381 736172 656374 801850 767766 979278 714442 124910 445845 572836 553667 933055 337983 869538 866384 1023014 548817 603089 939334 518252 676899 999999999 248583 1187339 733476 956446 240641 677880 664969 202627 842782 1019960 996748 1062985 345961 676589 746075 970437 1149726 823345 676765 266477 433918 848458 400658 623099 76866 423317 947404 354856 533020 734815 914589 483797 762317 780675 689649 734167 529667 1111623 111160 968981 803734 908775 629427 569464 873797 669635
705101 184970 657435 145740 330811 808519 576185 289884 706667 862582 350639 673535 434001 341785 692860 318196 495840 320595 221461 248014 470013 603123 670348 134283 854343 502047 792514 668444 689274 327310 290302 378595 713907 584429 418224 615625 541727 737817 504533 136639 204910 343882 307076 691982 260156 669999 663473 782537 364124 365766 690796 385844 467939 248583 999999999 946976 646176 711977 224556 588917 443488 221616 615560 784287 753621 816335 133091 469480 505867 724482 907210 586289 434614 149316 290249 662643 274402 379562 216837 175061 713193 277195 306109 509599 705341 237039 611547 532332 601776 486838 422568 863697 159092 733310 606404 670314 427997 479956 626764 493650
259485 861615 525968 814394 618070 142655 527194 895762 729608 167293 596363 674155 896273 1288385 389798 642227 860972 804048 1100641 755649 477498 350302 646207 967729 93253 953891 249311 382490 614146 999011 1179726 820982 469402 674244 666293 887409 692663 209411 784560 1063147 794946 753148 685482 526139 938310 833445 439879 164477 693121 701428 334751 797074 794702 1187339 946976 999999999 869890 243561 1019515 862670 538649 1052729 365963 177142 483922 398864 842975 802140 604723 243948 54218 599145 512368 1022875 822632 518352 860436 567700 1163797 786260 249622 933155 780624 468309 784801 712058 670604 480189 865877 537806 839264 204545 1105938 224948 495957 562104 831088 867566 342362 914105
