NAME : synthetic_000734
TYPE : CTSP-D
DIMENSION : 100
GROUPS : 8
RELAXATION_LEVEL : 1
EDGE_WEIGHT_TYPE : EXPLICIT
EDGE_WEIGHT_FORMAT : FULL_MATRIX
EDGE_WEIGHT_SECTION
999999999 864041 736946 388596 535849 310563 366271 473795 450305 222224 793527 264231 684829 392950 456062 303528 688426 356723 837415 252875 127840 867872 678684 229164 510727 530955 76784 536456 718144 899735 560904 717328 162586 409310 760052 632206 466513 250896 194036 789517 202544 376051 63804 788197 533758 157323 755886 194049 259799 115225 529857 219276 916624 628671 965646 587491 253528 307779 405091 598670 340897 699854 598406 1024121 440918 785333 380057 428690 475697 236116 136661 436018 720541 656420 782894 705909 627372 341160 205482 542870 434133 431312 355254 388687 365013 358749 442516 620813 65054 284098 597863 322055 437232 228931 501930 924816 354366 553609 182405 863721
864041 999999999 626245 475909 380316 942201 501703 409440 496591 1047277 505933 721161 328684 615870 559946 734398 549548 546805 72947 833658 874271 70297 365797 659031 537574 590254 940479 329796 546219 160582 304675 156835 869270 454941 241709 480432 427818 647964 942726 339424 1009051 903395 862410 386478 531037 851088 659803 669996 621608 956087 378235 1069234 63932 646530 138734 549709 1105308 810589 581941 497833 740501 179386 690812 162320 586604 91699 616581 437387 695573 1062319 734497 575484 657162 217629 95425 283040 523215 833179 779220 397737 510681 586378 760936 477044 501178 785785 453594 259735 927681 870094 266699 793095 539399 767495 403269 104441 915722 367203 702525 169885
736946 626245 999999999 525357 672684 585490 506502 434955 348186 793012 144494 473898 306636 347698 297228 846117 86186 435991 668705 531578 653161 569471 269319 685322 248789 888219 797679 493088 975908 516131 549007 511499 853682 525040 756288 867957 641661 506733 914524 858227 750584 500489 690240 252179 838367 837644 35453 616740 660448 756901 660422 843116 686404 114102 611250 894358 873083 910490 779463 858405 410921 491078 1010669 747790 303566 626364 793894 560076 274953 804110 684121 312887 1058580 595076 542574 349200 900152 464993 812895 706114 724818 314109 408084 513118 516711 419124 414645 607670 773755 536258 514986 452544 330378 516150 390436 591882 527705 678364 569627 765547
388596 475909 525357 999999999 206823 508763 36111 108753 180248 575943 514093 286330 339744 252710 251834 340019 446987 127576 453675 395169 405457 479982 348555 205173 283899 370541 465253 148135 496224 517935 176325 329226 417379 21359 406791 385968 144197 189012 490739 468146 539794 499596 387541 463364 328367 398765 556771 194889 168866 481209 195459 594433 530030 455763 578516 389491 630448 413597 254157 365541 343183 312659 490406 636839 263501 400074 269415 58831 383051 591078 263339 248333 557201 274914 394535 346274 407212 427007 341441 232332 204461 254893 369323 12817 29337 393249 111357 245245 451875 438451 209362 383334 212402 321867 153241 537377 501513 221766 231200 493880
535849 380316 672684 206823 999999999 709188 242825 246173 359757 746346 622002 490670 411073 454193 439252 355436 587590 332757 330851 596126 585353 413918 436552 309391 457269 239390 607761 181085 305571 482854 133338 283809 504579 190954 224364 195824 71351 388631 575996 265447 714925 705514 553340 537063 180410 487326 707068 353251 276217 643501 12599 754017 416815 625996 511072 226937 788940 430867 201660 186339 549998 281753 359302 523304 456362 289294 236290 148230 580351 761326 399207 440987 386595 167649 332127 393394 227683 633230 410261 33577 130755 449276 576110 217450 234711 600071 282713 124894 600774 640538 183620 589607 401138 522195 285525 470552 706207 17772 415695 333096
310563 942201 585490 508763 709188 999999999 473517 537102 447845 226563 690247 225183 670254 332847 399275 593141 571909 401448 939294 113595 183365 922453 648016 463812 441802 786984 321079 627195 959695 923749 674768 785370 473125 528480 915183 858561 639402 320890 495062 974330 190396 93173 247611 732225 772255 467462 591049 380587 475063 244966 699151 284421 1003611 472408 1008419 832974 306487 612703 649787 829477 208917 762958 876217 1102892 372962 884044 635646 566329 317355 233745 383039 379573 985805 772235 848677 706969 865694 124764 503394 728707 650345 369333 195883 500954 479453 175872 490727 749306 297893 72286 690110 154568 408773 187196 538937 972142 63411 725694 301762 995455
366271 501703 506502 36111 242825 473517 999999999 112872 158493 546822 504572 250514 341913 219751 224669 347116 430680 93516 482882 359934 375078 501894 346830 200699 261081 398273 443050 171954 529784 534819 206966 351688 408042 54963 441710 419901 179161 154864 480481 504184 509804 463499 360740 461944 358727 389551 536922 175035 167122 454398 231521 567531 557376 431570 599394 420472 603606 418093 276254 398497 307252 333715 516427 663411 234047 428687 287866 94941 351082 561929 246973 219167 587927 305934 417498 353101 439883 390898 338031 267917 232601 224940 333442 27510 10645 357285 99833 278204 428369 402948 235249 347224 185550 286898 151760 558627 465548 257853 201486 526614
473795 409440 434955 108753 246173 537102 112872 999999999 117541 640713 409641 313288 231250 228591 197760 448391 352560 137503 402215 426296 467176 400659 239998 311492 211155 453382 550282 93565 551494 426070 150174 253942 520773 98988 397611 441149 206987 240157 593328 478895 601459 508898 461755 354669 403654 502255 468174 286206 276225 554486 233576 666668 468968 380317 495640 460708 702677 522306 351349 427683 344760 233410 576052 571649 218364 346966 371055 126590 343232 655630 359182 203480 626653 240158 319502 240330 469853 436310 448592 278374 291427 213117 368323 100516 118217 393550 47407 226247 534076 464827 153728 393915 162361 358468 46678 455742 517072 255511 299616 462367
450305 496591 348186 180248 359757 447845 158493 117541 999999999 583371 358042 235313 239094 119827 80298 500419 274198 98209 500966 343534 412731 474608 228947 343702 103658 549975 523213 208136 663159 480117 266760 340356 532729 183928 512967 552337 311995 199437 600773 596276 541652 407190 423051 338090 505258 515129 378430 288174 315542 510363 347202 617809 559085 275696 561689 564964 652973 567863 433571 536138 243910 317328 670487 655988 101290 446299 446304 224061 225834 597653 361547 86809 732436 351795 402077 267863 578334 336593 477309 390810 384122 96973 264701 167581 168825 289726 77154 342039 503262 376404 262172 296724 45961 285178 97258 524724 419137 370428 267923 570328
222224 1047277 793012 575943 746346 226563 546822 640713 583371 999999999 882254 351239 821496 489301 559677 520266 766494 506809 1029437 263130 173560 1041320 806665 447259 610759 752845 175425 717887 940358 1059847 752266 893945 352341 597302 968565 853713 675465 400561 341914 1005576 43078 319427 193006 904887 755798 355531 802896 393588 474218 107021 739110 59050 1103996 678921 1135219 809708 81012 510870 627087 820422 386412 873987 815652 1209429 536976 975451 602275 624706 518245 15142 353026 538337 940419 850678 959785 851130 849542 330879 420681 756721 652908 530071 385490 572748 548594 374037 600675 818881 166231 258012 781730 340675 555369 300812 657801 1095886 289803 764068 345336 1066303
793527 505933 144494 514093 622002 690247 504572 409641 358042 882254 999999999 541465 216415 403060 337486 851660 118488 455760 556589 619472 728084 443847 186108 700136 282818 852965 861162 442187 914409 381300 490195 412665 889722 507918 665751 811374 605572 547339 956291 771663 839201 612469 755186 119683 798141 872364 169832 645583 669818 831876 610623 927724 562751 229713 474925 848808 960033 922188 760485 807352 496122 395646 975893 614807 354166 520477 780687 534910 372961 894633 718119 357761 1006453 514456 430936 249182 847575 565926 835020 655374 697503 363190 499988 503391 513526 516091 405090 535680 838749 632748 446637 544903 358768 589061 363029 459310 637348 624084 615064 657409
264231 721161 473898 286330 490670 225183 250514 313288 235313 351239 541465 999999999 471155 139854 209575 450282 430761 176593 715316 113047 187207 705768 455467 292958 262315 600064 323992 402302 759022 715310 449626 564529 397557 305297 691252 653123 422822 105839 449822 754221 308766 216097 216606 554641 575399 384126 491913 203421 290220 290539 479983 390548 781659 364560 795490 637792 424543 494037 462919 626832 87865 542699 703313 882801 188634 660085 457087 344765 212877 365068 244587 188227 799163 547063 628927 502627 665664 145890 383403 512782 448362 180734 110917 277683 257283 127185 267755 524375 300363 153430 465523 103964 204344 50476 319338 757686 215543 506527 124857 770272
684829 328684 306636 339744 411073 670254 341913 231250 239094 821496 216415 471155 999999999 339168 271019 677771 224627 328140 364040 574051 651690 281932 37758 542232 231862 646906 759270 236080 698592 258091 277883 204937 748908 327772 453462 596822 403526 435671 820458 557982 779429 613769 661224 128181 590042 730545 341672 508392 507367 749348 400287 856840 391562 317905 349549 637781 891928 752606 567023 594499 461336 185024 768941 468781 297311 319976 591451 344838 384692 835609 582732 291079 792407 298422 239199 45751 634000 549930 679510 443972 499228 301090 476178 331763 348444 498990 247145 319389 740212 601588 231539 515698 267057 521566 190321 319117 631558 411589 503059 459219
392950 615870 347698 252710 454193 332847 219751 228591 119827 489301 403060 139854 339168 999999999 70418 517049 295492 126485 620717 235156 327019 591588 320005 352667 122463 614837 458540 322026 748934 590937 378263 459945 506374 264779 625976 638627 396368 160829 566860 703839 446475 287557 352190 415600 577914 490621 370223 274723 335044 430032 442044 530148 678588 246759 675869 639929 563871 574475 485941 618063 125426 436803 729787 774514 48991 565976 490455 308067 132176 502767 338219 49150 807120 468013 521050 374474 659563 217673 471185 482449 450647 40916 145070 240510 229918 169993 181934 454614 435855 262927 379480 179302 76764 189348 216482 640064 300394 467192 221945 688518
456062 559946 297228 251834 439252 399275 224669 197760 80298 559677 337486 209575 271019 70418 999999999 551235 235450 141736 570456 304845 396381 531177 250326 388923 54668 622148 524027 287191 741552 525448 346335 406093 559534 258673 591475 630685 389139 212778 623173 676189 516871 346748 418707 345279 579858 542960 323664 319821 365831 498831 426731 600113 623378 209070 612352 640438 633993 613865 500434 613442 190376 382551 741029 716149 27003 516580 509783 300396 146409 573169 388634 21364 808155 428789 464576 308126 655550 280128 515700 469899 456091 30254 206296 239021 235314 229975 156635 421068 501938 330692 338604 244758 39438 259446 173054 577659 362476 450270 279030 644444
303528 734398 846117 340019 355436 593141 347116 448391 500419 520266 851660 450282 677771 517049 551235 999999999 774603 410326 686211 504461 415313 762020 688389 164426 597340 245004 347435 457507 434899 821079 447575 619629 184904 350176 561198 369161 309330 363042 242546 556174 505312 636743 355756 802933 267721 173839 874251 248985 185682 415514 356424 502934 772240 758911 861131 308027 531655 77436 158560 334035 537586 610642 295490 878464 550896 644115 122819 336073 641071 532900 213416 538704 421178 517813 676853 679325 352181 581057 99615 344179 224786 540335 561195 349669 338147 575998 446623 475069 354036 546740 499396 546613 516037 446291 493251 819880 622372 370206 325643 678547
688426 549548 86186 446987 587590 571909 430680 352560 274198 766494 118488 430761 224627 295492 235450 774603 999999999 367187 588472 503394 615869 496074 186910 616559 182337 805840 753455 407517 890215 450382 463050 428576 794781 445166 671110 782574 558481 448228 858606 772536 723509 494061 646562 193383 755020 778065 121504 553440 589510 719961 575397 813178 611000 116936 546004 810295 844938 841410 700358 773580 380083 407593 928595 678332 247706 544471 716348 478600 254567 778608 623568 253965 973849 509268 463000 268664 815206 447733 747630 621080 643603 257586 382714 435070 440591 398184 335664 521501 730389 515176 428807 427724 263542 476874 307225 523208 518864 592935 514109 683706
356723 546805 435991 127576 332757 401448 93516 137503 98209 506809 455760 176593 328140 126485 141736 410326 367187 999999999 538886 289604 333470 535596 322729 249676 187251 489084 431203 225760 623258 553742 274621 390854 434532 141811 519497 513261 271771 108793 502644 589474 466667 380371 335051 434327 451448 416959 463928 190008 224671 425602 320976 536090 606470 350729 628521 513444 571852 474825 362381 492012 219359 369758 605293 708924 145765 483679 369585 184830 258323 521564 263353 131844 680665 371103 456065 350842 533376 307288 380874 359459 324368 135869 244901 115912 103535 269480 94180 350304 412490 329345 288938 263865 105712 220988 151153 589438 385623 346836 175035 594413
837415 72947 668705 453675 330851 939294 482882 402215 500966 1029437 556589 715316 364040 620717 570456 686211 588472 538886 999999999 828362 857949 140399 401796 624070 554687 527762 913075 314414 474658 231582 277606 167219 830201 432332 170128 412851 385756 634402 902912 266478 992684 907299 840945 438683 469612 812364 703146 644057 587393 934507 330701 1047674 86263 678144 208672 484044 1083620 761197 530608 432207 743113 190745 624208 192653 596369 55250 565926 408774 711469 1044562 704611 584021 585949 181065 126372 319886 455453 835632 737865 344023 461428 594841 765087 456704 480846 790245 448654 218978 901906 867012 250392 794155 545689 759466 404441 176842 917420 316072 684209 102959
252875 833658 531578 395169 596126 113595 359934 426296 343534 263130 619472 113047 574051 235156 304845 504461 503394 289604 828362 999999999 134338 816826 555073 362989 352852 683435 289417 515238 851884 823071 561824 676914 410105 414896 801619 749066 526654 207561 446776 861082 220202 132303 190849 647379 665291 400804 543346 276052 370012 231561 585968 311582 894402 417730 905180 726735 342164 534083 545607 720797 123369 654892 778138 995070 280173 773130 534203 452784 256700 275234 291070 283964 882949 659622 741003 608125 757925 88539 422187 616192 541389 274622 123570 387379 365861 116471 380570 636074 264299 45594 578542 80067 307946 73945 431075 867941 119741 612525 194531 882696
127840 874271 653161 405457 585353 183365 375078 467176 412731 173560 728084 187207 651690 327019 396381 415313 615869 333470 857949 134338 999999999 867763 638797 303355 449477 624530 155092 545291 805385 886935 581537 720547 290316 426770 804418 710724 514007 227019 317853 848632 134857 249540 64338 740745 617666 284179 667896 233686 323205 104130 577154 205223 931473 540741 961725 675778 240245 430194 490609 679181 243212 700492 704737 1036509 375840 803654 471541 456527 381236 188455 213292 375087 820448 680325 786354 679809 712176 222083 322314 598954 504119 367856 251147 401486 377471 248750 427205 649990 129981 158848 609291 211479 387750 139081 484573 922344 226903 602864 174295 898323
867872 70297 569471 479982 413918 922453 501894 400659 474608 1041320 443847 705768 281932 591588 531177 762020 496074 535596 140399 816826 867763 999999999 317452 673117 503091 635900 944644 331857 606202 91186 319101 150779 886034 459858 303529 533777 452749 640768 959897 404989 1001827 877573 861060 324184 575781 867591 602193 674764 635341 954290 409912 1066869 119129 598253 99898 599866 1102919 839088 614386 548296 717003 168273 741629 187321 558152 140748 647925 448637 660416 1056213 742633 548315 716082 246376 86566 236507 576561 809121 799021 435413 541689 559128 735847 479234 502859 760220 441416 289356 930261 850935 273210 770611 514857 753768 386612 58304 891853 402838 699373 239996
678684 365797 269319 348555 436552 648016 346830 239998 228947 806665 186108 455467 37758 320005 250326 688389 186910 322729 401796 555073 638797 317452 999999999 547468 206701 669774 752051 258058 728563 288090 304260 242190 750549 338554 489132 625266 423957 428093 821125 592974 764232 588157 651843 115128 613949 732367 304457 507766 513723 738192 425354 843974 428430 281201 381252 663482 878689 762121 584162 621471 439427 221853 792370 503709 275740 357606 607034 359650 355235 820534 582187 271110 820387 331935 276859 82818 661559 526186 684741 469808 518190 280579 452784 339535 354225 474885 248814 350627 732205 580554 260702 493572 251379 505933 195800 352419 607032 438211 496314 496850
229164 659031 685322 205173 309391 463812 200699 311492 343702 447259 700136 292958 542232 352667 388923 164426 616559 249676 624070 362989 303355 673117 547468 999999999 436801 323550 298852 345754 502041 718747 355209 523458 213886 221354 533644 408643 242372 199772 287742 560355 420791 493026 257427 662555 314326 195293 712540 89735 37798 341291 304473 448440 706680 595477 772859 372659 482568 225189 187625 376436 378626 509639 415260 814835 387327 574690 171864 224622 477046 461809 94246 375526 522007 444064 586580 551105 408844 431291 137341 314320 205675 376719 403274 211420 193797 420070 299297 405112 293367 407742 400131 393589 354990 297103 352381 731307 482731 327036 171659 640928
510727 537574 248789 283899 457269 441802 261081 211155 103658 610759 282818 262315 231862 122463 54668 597340 182337 187251 554687 352852 449477 503091 206701 436801 999999999 653455 578598 292343 762319 489530 352338 387939 612535 287244 591425 651757 413533 266511 676882 681526 567810 382010 473093 294654 608059 595763 277355 371244 411664 552370 444669 652434 601458 172195 579250 667257 685987 661988 536907 636978 233929 364278 774122 689816 73880 502272 548835 326552 158007 624013 441245 75174 834433 426248 442360 272509 679206 319504 566083 489246 487698 81641 246224 271218 271565 268184 178190 424024 556424 375422 336289 287684 81904 311635 176250 546410 400397 466621 333290 634724
530955 590254 888219 370541 239390 786984 398273 453382 549975 752845 852965 600064 646906 614837 622148 245004 805840 489084 527762 683435 624530 635900 669774 323550 653455 999999999 585264 411733 190202 712645 371368 518891 429836 366244 372149 136669 248138 495793 485532 335725 732520 810566 572923 774153 60521 418104 921141 407471 313478 646055 248739 741646 612008 825633 727659 64639 772058 294809 137895 104623 678528 519178 123080 710025 632318 499578 153002 328521 747010 766386 411298 617430 199615 396966 560203 631851 109794 744612 339927 209279 166085 623150 704763 383351 387677 725090 476326 357094 588317 728751 422828 703909 582759 614024 498677 689301 802752 243707 489065 490665
76784 940479 797679 465253 607761 321079 443050 550282 523213 175425 861162 323992 759270 458540 524027 347435 753455 431203 913075 289417 155092 944644 752051 298852 578598 585264 999999999 613178 774595 976300 636998 794083 177204 485907 832125 693751 539313 323996 177490 857598 169834 399177 107439 860378 593585 180127 814722 270531 331676 81476 602287 156382 992715 687205 1042429 644398 187555 335455 465865 659550 392799 776636 642063 1100324 507197 861264 438046 504553 530318 186961 209586 503481 768562 732020 859627 781275 685842 377063 247983 613116 501098 498003 403505 465442 441789 402927 518326 695895 25123 311589 674451 365613 507638 282519 577739 1001599 373921 625473 256211 937432
536456 329796 493088 148135 181085 627195 171954 93565 208136 717887 442187 402302 236080 322026 287191 457507 407517 225760 314414 515238 545291 331857 258058 345754 292343 411733 613178 999999999 482840 372993 59995 181093 559639 128073 304901 375121 167620 320280 633479 389828 680148 601838 532693 364100 356059 541042 527798 342987 308090 626347 169257 739465 386184 454072 430547 407041 775543 534455 333648 367409 437911 164959 534318 491675 309414 259471 360426 123362 433545 732960 411004 294903 567607 146781 246460 226856 408590 529079 477530 214659 264061 304899 461696 147893 171846 486906 140828 133927 599364 555054 64159 486399 253855 445430 116250 389333 609332 185488 372826 369590
718144 546219 975908 496224 305571 959695 529784 551494 663159 940358 914409 759022 698592 748934 741552 434899 890215 623258 474658 851884 805385 606202 728563 502041 762319 190202 774595 482840 999999999 693735 427684 526940 619803 485117 304593 110867 353233 653184 673849 220287 918402 974087 756942 817951 187970 608263 1010638 579556 485410 833369 318131 930920 548000 931554 683290 130657 961708 479933 315127 132377 830495 535623 196125 629306 756788 466062 338089 442215 878747 954139 593609 741410 111887 407017 547797 672195 94006 904912 530077 273123 310989 748949 857021 508472 519979 879276 586037 379703 776846 897479 467863 862499 702714 779837 591009 650638 969379 298068 658186 404827
899735 160582 516131 517935 482854 923749 534819 426070 480117 1059847 381300 715310 258091 590937 525448 821079 450382 553742 231582 823071 886935 91186 288090 718747 489530 712645 976300 372993 693735 999999999 373517 201760 932631 499303 392948 617090 513056 661889 1006463 495611 1019011 870826 886717 264330 652168 914032 546784 709832 681076 978627 477261 1089745 198904 560112 95622 680461 1125555 898508 679481 629407 715347 210909 822161 233616 552247 227830 711643 495288 642580 1074456 780763 544494 802722 316647 152453 217506 659674 805546 849598 507425 606263 554942 731699 515062 537496 755088 461043 358404 960121 853687 322432 769674 515626 764867 402633 79521 887723 473708 724625 330419
560904 304675 549007 176325 133338 674768 206966 150174 266760 752266 490195 449626 277883 378263 346335 447575 463050 274621 277606 561824 581537 319101 304260 355209 352338 371368 636998 59995 427684 373517 999999999 172403 567264 154966 247732 321882 141244 360933 641065 330090 716024 654089 563342 403737 313258 548882 583977 367070 317581 656903 122948 770076 355727 513346 418998 359898 806030 525009 310226 317212 491018 163249 492300 463363 368004 224599 340579 132797 492521 767402 430002 353297 516364 98971 232625 260499 357402 581076 479960 166091 237563 363095 515437 180131 204073 540540 196329 76476 625091 603023 53620 537935 312171 490340 176217 377404 660173 133965 407394 320974
717328 156835 511499 329226 283809 785370 351688 253942 340356 893945 412665 564529 204937 459945 406093 619629 428576 390854 167219 676914 720547 150779 242190 523458 387939 518891 794083 181093 526940 201760 172403 999999999 736877 309080 253823 436993 311299 493668 810786 360741 855081 747486 711687 301986 458477 718371 546588 524050 485660 805127 277313 917969 218755 512888 249836 493094 954045 697034 478043 443820 584184 23671 633293 318301 432442 117374 509969 298836 545214 908920 591883 420757 630221 123703 65941 164621 478241 676893 651315 310557 404818 431641 604986 328642 352369 629937 297229 161803 779939 713259 123405 636546 383773 611171 246450 208456 759338 276260 550483 255864
162586 869270 853682 417379 504579 473125 408042 520773 532729 352341 889722 397557 748908 506374 559534 184904 794781 434532 830201 410105 290316 886034 750549 213886 612535 429836 177204 559639 619803 932631 567264 736877 999999999 434536 723584 550892 444486 347213 73912 731113 345825 536947 226036 864780 449037 18624 876573 244586 251592 255250 502253 326288 914367 751930 985882 492472 352221 159102 328768 515815 482231 723397 472066 1022342 550314 782858 295651 438156 609203 363336 171651 541961 601869 652485 799469 761099 536240 496942 96108 501402 381153 539864 500464 422425 402652 507959 502230 611915 190999 444506 613477 472742 532387 373333 558700 944297 516193 521340 284856 836994
409310 454941 525040 21359 190954 528480 54963 98988 183928 597302 507918 305297 327772 264779 258673 350176 445166 141811 432332 414896 426770 459858 338554 221354 287244 366244 485907 128073 485117 499303 154966 309080 434536 999999999 386761 374470 131918 209421 508115 450054 561134 517517 408821 452831 321559 415912 557079 215415 184371 502477 179223 615698 508829 459438 558619 381807 651705 424839 255280 355492 359667 292933 487346 615724 272158 378768 273101 43298 393655 612437 282942 256835 549502 253577 374199 332028 397451 444739 356514 217953 200762 264037 385620 27614 49892 409813 110618 224200 472755 457882 188554 401057 219329 341821 145132 517398 520080 205214 252529 472817
760052 241709 756288 406791 224364 915183 441710 397611 512967 968565 665751 691252 453462 625976 591475 561198 671110 519497 170128 801619 804418 303529 489132 533644 591425 372149 832125 304901 304593 392948 247732 253823 723584 386761 999999999 247692 293790 595745 793196 107524 935943 899862 775718 555738 317843 706942 791714 574978 500555 866764 230245 977832 246892 741243 378800 322029 1012901 631759 402668 271065 737725 270112 459279 338985 614193 166145 438379 350562 737874 983615 623456 599765 415821 165767 255287 416677 289512 826780 627958 222347 342558 609794 762476 414245 436124 787488 444047 171377 825021 844335 255153 783356 558744 728571 418751 346150 904586 206657 631815 119388
632206 480432 867957 385968 195824 858561 419901 441149 552337 853713 811374 653123 596822 638627 630685 369161 782574 513261 412851 749066 710724 533777 625266 408643 651757 136669 693751 375121 110867 617090 321882 436993 550892 374470 247692 999999999 242553 547412 611702 199405 828998 868886 665941 719036 101856 537311 902486 480597 387848 746871 208299 849003 493665 821396 619165 76797 881252 426859 227889 35134 722532 442752 211748 586280 645974 393447 257083 331483 768125 867935 502260 630593 195817 313869 466537 573271 42824 798863 456850 162910 208342 638177 749043 398117 410235 771667 475230 281506 693453 794599 365282 756081 591852 676236 481297 583213 865356 189643 556860 362833
466513 427818 641661 144197 71351 639402 179161 206987 311995 675465 605572 422822 403526 396368 389139 309330 558481 271771 385756 526654 514007 452749 423957 242372 413533 248138 539313 167620 353233 513056 141244 311299 444486 131918 293790 242553 999999999 319513 517163 336224 643762 638452 482477 531638 196716 426717 675069 282125 207749 573074 63666 684044 470297 585045 552027 254098 719138 386532 169210 224314 485594 303984 371212 578093 403682 339395 199368 89007 525572 690470 330077 388320 420925 210206 367534 393608 266455 566649 352329 89965 97302 395749 511934 156026 170091 535419 235472 168351 531536 571347 194655 523173 350044 452715 251318 510696 638130 88880 344553 398614
250896 647964 506733 189012 388631 320890 154864 240157 199437 400561 547339 105839 435671 160829 212778 363042 448228 108793 634402 207561 227019 640768 428093 199772 266511 495793 323996 320280 653184 661889 360933 493668 347213 209421 595745 547412 319513 999999999 410418 653522 361414 321512 226296 537317 469813 330968 530442 115509 190347 316938 378417 427898 705948 407588 735068 532279 463764 416086 359383 520998 183491 473495 601637 810277 203194 579635 355867 245744 278348 415473 177588 194792 694446 459803 559423 459492 559844 251728 310858 409289 342570 192701 209412 182325 159711 229300 200981 433033 304560 251923 384439 209514 188668 133703 259329 695511 319215 404977 68656 681303
194036 942726 914524 490739 575996 495062 480481 593328 600773 341914 956291 449822 820458 566860 623173 242546 858606 502644 902912 446776 317853 959897 821125 287742 676882 485532 177490 633479 673849 1006463 641065 810786 73912 508115 793196 611702 517163 410418 999999999 796531 344558 567370 256289 934929 510178 92462 936091 313626 325472 258834 574090 304991 987332 810195 1059753 549432 325001 197004 394562 576573 531195 797301 514064 1095224 612286 855981 360237 512068 662692 350525 239449 604841 646443 725736 873333 833569 593996 535152 165755 571499 450689 602011 547214 495525 475384 551996 573439 684943 198372 476400 687385 515579 597861 419886 630490 1018166 544103 592536 345111 907630
789517 339424 858227 468146 265447 974330 504184 478895 596276 1005576 771663 754221 557982 703839 676189 556174 772536 589474 266478 861082 848632 404989 592974 560355 681526 335725 857598 389828 220287 495611 330090 360741 731113 450054 107524 199405 336224 653522 796531 999999999 976032 967561 813091 662725 292367 715899 893680 615235 531442 900793 275204 1008793 332220 837337 472149 275615 1042814 619816 402410 231427 808777 376215 398952 409234 697259 271541 436309 409499 822094 1020378 653778 682344 331534 263371 362143 522482 234472 894790 635168 249694 356600 691860 834373 477517 497002 858924 523281 257708 853522 905229 348472 851109 641242 787205 505977 442917 969607 248690 680708 185836
202544 1009051 750584 539794 714925 190396 509804 601459 541652 43078 839201 308766 779429 446475 516871 505312 723509 466667 992684 220202 134857 1001827 764232 420791 567810 732520 169834 680148 918402 1019011 716024 855081 345825 561134 935943 828998 643762 361414 344558 976032 999999999 282199 163561 862028 732451 346774 760835 361675 445710 90962 707280 95279 1066329 636517 1095186 787816 122570 502189 603843 796221 343427 834859 800609 1171309 494053 938445 580650 589894 475719 56324 326789 495542 923069 814707 920834 809496 826652 289586 406331 726599 625810 487212 342824 536087 512019 331831 560721 783788 155049 216541 744147 298099 513032 258301 617411 1056057 252896 732580 308630 1031794
376051 903395 500489 499596 705514 93173 463499 508898 407190 319427 612469 216097 613769 287557 346748 636743 494061 380371 907299 132303 249540 877573 588157 493026 382010 810566 399177 601838 974087 870826 654089 747486 536947 517517 899862 868886 638452 321512 567370 967561 282199 999999999 312336 663855 789185 528899 503758 404689 497411 328106 694558 376875 966145 389056 958884 851253 399582 665652 672710 842116 164346 724360 908222 1061588 319747 852332 663193 558394 241562 326868 423336 329259 1010168 748582 808480 653349 880461 73083 553972 728407 663125 318447 142500 490045 471048 117618 461514 730215 374808 92572 662411 116615 364019 196665 502917 924404 29779 721024 322277 971253
63804 862410 690240 387541 553340 247611 360740 461755 423051 193006 755186 216606 661224 352190 418707 355756 646562 335051 840945 190849 64338 861060 651843 257427 473093 572923 107439 532693 756942 886717 563342 711687 226036 408821 775718 665941 482477 226296 256289 813091 163561 312336 999999999 758181 570209 219864 707385 200805 282244 93702 546128 206920 917464 579871 957176 626587 242964 367043 441896 633419 286560 692848 647957 1023944 401025 787578 420214 433839 423562 207995 163753 397919 766520 661044 777612 685776 664606 279377 260662 563950 462253 392046 298650 385529 361346 300051 425870 628003 83840 220563 595804 262935 404318 175497 484847 916972 290564 571062 162181 874563
788197 386478 252179 463364 537063 732225 461944 354669 338090 904887 119683 554641 128181 415600 345279 802933 193383 434327 438683 647379 740745 324184 115128 662555 294654 774153 860378 364100 817951 264330 403737 301986 864780 452831 555738 719036 531638 537317 934929 662725 862028 663855 758181 999999999 716779 846673 282458 621340 628850 842068 526608 945129 443068 309066 359173 763101 979179 876959 695053 718611 527036 287434 895806 497072 368102 404890 719118 472076 423171 918296 695679 366638 914853 412268 313932 145857 757320 607958 799804 569581 627409 374818 536624 454512 469352 556512 363674 438510 839781 668253 355053 579824 354086 604683 310872 341210 685652 536597 605911 540284
533758 531037 838367 328367 180410 772255 358727 403654 505258 755798 798141 575399 590042 577914 579858 267721 755020 451448 469612 665291 617666 575781 613949 314326 608059 60521 593585 356059 187970 652168 313258 458477 449037 321559 317843 101856 196716 469813 510178 292367 732451 789185 570209 716779 999999999 435486 871782 391839 297556 648800 190319 749293 554423 780102 668066 62642 781139 327849 128720 66807 650127 459009 179048 653883 591822 440071 155854 281525 709686 769834 406564 576684 229226 336448 499734 573669 94523 721099 355090 149468 128372 583085 676589 341131 348339 698006 429980 296674 594086 710868 364028 679284 540431 593870 447975 629478 783447 183807 471120 437068
157323 851088 837644 398765 487326 467462 389551 502255 515129 355531 872364 384126 730545 490621 542960 173839 778065 416959 812364 400804 284179 867591 732367 195293 595763 418104 180127 541042 608263 914032 548882 718371 18624 415912 706942 537311 426717 330968 92462 715899 346774 528899 219864 846673 435486 999999999 860841 226955 233012 255852 484830 332314 896416 736551 967430 480209 359488 155574 313822 502293 469480 704841 464421 1004421 534154 764841 281240 419622 595110 367042 154572 525584 593182 634417 781026 742584 523656 486969 80855 484663 364713 523669 488255 403836 384115 496441 483954 593956 191752 436343 594975 461617 515388 361515 540308 925847 508849 504169 269570 819961
755886 659803 35453 556771 707068 591049 536922 468174 378430 802896 169832 491913 341672 370223 323664 874251 121504 463928 703146 543346 667896 602193 304457 712540 277355 921141 814722 527798 1010638 546784 583977 546588 876573 557079 791714 902486 675069 530442 936091 893680 760835 503758 707385 282458 871782 860841 999999999 641920 688596 771118 694770 854244 719566 127517 641549 928128 883401 937529 810925 892600 424777 526275 1043407 779172 327910 661208 824659 592762 287136 813547 708028 338169 1092695 630525 576919 383922 934410 472959 838467 740456 757265 338548 419854 544420 547228 429031 446516 643001 790515 545166 550297 463627 358223 532382 424059 623233 531736 712947 591906 800346
194049 669996 616740 194889 353251 380587 175035 286206 288174 393588 645583 203421 508392 274723 319821 248985 553440 190008 644057 276052 233686 674764 507766 89735 371244 407471 270531 342987 579556 709832 367070 524050 244586 215415 574978 480597 282125 115509 313626 615235 361675 404689 200805 621340 391839 226955 641920 999999999 94485 292813 345699 405243 722726 520951 773043 452389 440909 300593 269751 450345 289654 507111 503750 830134 314063 591622 258527 235354 393671 408637 74435 303922 606923 463269 589421 524264 485617 341876 196711 365552 272537 303410 313995 195725 172574 330442 261359 428745 258023 321297 403934 303881 289966 208221 319640 732013 395579 370913 82476 674215
259799 621608 660448 168866 276217 475063 167122 276225 315542 474218 669818 290220 507367 335044 365831 185682 589510 224671 587393 370012 323205 635341 513723 37798 411664 313478 331676 308090 485410 681076 317581 485660 251592 184371 500555 387848 207749 190347 325472 531442 445710 497411 282244 628850 297556 233012 688596 94485 999999999 369425 270610 478555 669672 574051 735074 357925 513195 252598 175607 356928 373124 471865 413123 777819 366437 537661 166908 186824 462780 488981 123156 353845 513062 407085 548809 515125 391547 432697 172585 283377 180974 355960 398602 175785 159498 417055 266656 368534 324630 415392 362336 393132 330374 300757 318132 693524 489275 293959 175588 606254
115225 956087 756901 481209 643501 244966 454398 554486 510363 107021 831876 290539 749348 430032 498831 415514 719961 425602 934507 231561 104130 954290 738192 341291 552370 646055 81476 626347 833369 978627 656903 805127 255250 502477 866764 746871 573074 316938 258834 900793 90962 328106 93702 842068 648800 255852 771118 292813 369425 999999999 636726 113226 1011160 644177 1050092 702715 149263 411231 520095 713503 346360 786138 710987 1117644 478971 881213 495281 526999 484117 121071 247229 477629 834613 754449 871062 775468 742521 315390 316215 652622 546943 470736 352667 479232 455047 347952 517583 721038 64257 245499 689498 311124 488195 243103 576224 1010017 301269 661263 254963 967027
529857 378235 660422 195459 12599 699151 231521 233576 347202 739110 610623 479983 400287 442044 426731 356424 575397 320976 330701 585968 577154 409912 425354 304473 444669 248739 602287 169257 318131 477261 122948 277313 502253 179223 230245 208299 63666 378417 574090 275204 707280 694558 546128 526608 190319 484830 694770 345699 270610 636726 999999999 747610 416371 613427 507644 238188 782659 432376 204602 198331 538553 274372 369355 523331 443922 287697 238668 136730 567978 754119 393311 428551 398629 163569 327256 383364 239816 622176 408475 45691 132516 436874 564620 205902 223579 588652 270173 120560 594849 630253 174113 578533 388656 512063 273012 466904 695524 26568 406771 336800
219276 1069234 843116 594433 754017 284421 567531 666668 617809 59050 927724 390548 856840 530148 600113 502934 813178 536090 1047674 311582 205223 1066869 843974 448440 652434 741646 156382 739465 930920 1089745 770076 917969 326288 615698 977832 849003 684044 427898 304991 1008793 95279 376875 206920 945129 749293 332314 854244 405243 478555 113226 747610 999999999 1124383 729189 1162297 800653 36083 485233 621183 815003 433771 898810 796506 1230839 578567 994422 594012 639926 568178 57382 355475 578757 924081 867515 983909 884466 841893 384308 403801 761879 653218 571063 435033 592439 568251 425322 628868 833835 155812 311221 802679 390738 592803 340812 687120 1122376 347397 771789 367533 1079302
916624 63932 686404 530030 416815 1003611 557376 468968 559085 1103996 562751 781659 391562 678588 623378 772240 611000 606470 86263 894402 931473 119129 428430 706680 601458 612008 992715 386184 548000 198904 355727 218755 914367 508829 246892 493665 470297 705948 987332 332220 1066329 966145 917464 443068 554423 896416 719566 722726 669672 1011160 416371 1124383 999999999 709464 144253 566395 1160418 847358 616843 514742 802937 241787 705408 108155 649975 132015 652135 488259 759450 1119080 785223 638700 659856 262617 159160 345835 535894 895645 822619 430286 547480 649594 823652 532008 556208 848566 513905 302459 980743 931421 322266 855274 602265 827420 464940 125313 978093 402200 758763 148503
628671 646530 114102 455763 625996 472408 431570 380317 275696 678921 229713 364560 317905 246759 209070 758911 116936 350729 678144 417730 540741 598253 281201 595477 172195 825633 687205 454072 931554 560112 513346 512888 751930 459438 741243 821396 585045 407588 810195 837337 636517 389056 579871 309066 780102 736551 127517 520951 574051 644177 613427 729189 709464 999999999 655443 839017 759033 819370 707818 807762 297849 490289 946141 783544 208153 630260 718344 498579 161031 690008 584880 220235 1005940 575820 555663 363630 849969 351146 717623 658528 659818 218772 294179 443030 442157 305024 350124 580428 663004 422203 488865 338525 246861 404884 341010 630082 415626 634296 467076 768243
965646 138734 611250 578516 511072 1008419 599394 495640 561689 1135219 474925 795490 349549 675869 612352 861131 546004 628521 208672 905180 961725 99898 381252 772859 579250 727659 1042429 430547 683290 95622 418998 249836 985882 558619 378800 619165 552027 735068 1059753 472149 1095186 958884 957176 359173 668066 967430 641549 773043 735074 1050092 507644 1162297 144253 655443 999999999 688205 1198295 938075 712245 636349 801031 265932 829440 143645 639315 228095 746126 548309 734082 1150020 841543 630669 794621 344182 186434 306869 661948 892218 898910 531111 639855 641307 818486 577340 600760 842325 534545 387203 1027601 937575 372805 855140 599651 844286 478014 41596 974744 499253 795154 291730
587491 549709 894358 389491 226937 832974 420472 460708 564964 809708 848808 637792 637781 639929 640438 308027 810295 513444 484044 726735 675778 599866 663482 372659 667257 64639 644398 407041 130657 680461 359898 493094 492472 381807 322029 76797 254098 532279 549432 275615 787816 851253 626587 763101 62642 480209 928128 452389 357925 702715 238188 800653 566395 839017 688205 999999999 831683 359423 185170 51887 712759 496169 141800 661010 652978 460796 207434 340908 771544 823501 463480 637782 167742 369470 528493 618468 45165 783420 401138 193822 190991 644375 739218 402201 410150 760600 489068 332754 646343 772284 408240 741706 601052 655652 504082 651163 845172 226506 532354 438549
