NAME : synthetic_000332
TYPE : CTSP-D
DIMENSION : 100
GROUPS : 8
RELAXATION_LEVEL : 1
EDGE_WEIGHT_TYPE : EXPLICIT
EDGE_WEIGHT_FORMAT : FULL_MATRIX
EDGE_WEIGHT_SECTION
999999999 788317 707055 597502 390350 178481 688597 643227 682054 487000 910090 437443 928216 475732 813562 195944 286570 644640 677586 794698 229272 839219 201598 75095 599004 468383 87160 154268 532447 648465 497546 624968 360748 902537 507928 857232 596837 104076 552328 706181 841980 566082 432570 666479 343374 383294 640643 419365 566516 742449 873478 701908 625719 689983 842701 634913 881924 755707 70989 894063 64362 606879 578008 552709 933445 886174 348038 403350 480381 316749 158936 802047 445755 761099 135170 322066 204697 510572 676051 659285 546586 325697 836799 404222 150382 688798 459346 794103 914897 372395 892927 603406 575233 848803 812519 734316 409306 287613 821516 120736
788317 999999999 639280 694027 398079 611165 594607 261996 575781 321074 230831 789434 202213 728613 168714 677832 505306 679296 376693 911887 818811 880056 702705 856783 361574 353065 716890 771509 394310 801168 469478 449710 677605 270497 528167 239265 268838 882646 512142 811127 800070 526776 661681 122706 696223 1001547 147803 449283 231213 183520 576751 424706 575493 655365 107440 586237 871252 802647 725615 114439 851034 323356 224999 388518 152643 221877 440282 793028 747611 478132 895552 568466 392473 441678 798703 728206 808104 754922 480193 131734 244416 1053796 608916 703965 839501 246844 1021215 71513 819769 423528 786825 189833 232799 494687 261998 795830 473217 501790 93053 768883
707055 639280 999999999 141603 553802 626235 45069 755765 64010 631079 547621 353881 602425 275097 508904 511132 534655 87853 262706 275732 548782 241976 793745 729353 295040 429462 624301 575226 304711 205258 266935 197471 893770 500766 219483 482297 716814 737801 189017 187073 176096 168513 282241 596880 377264 630390 570206 729770 609314 460210 216006 218013 93510 28350 590875 80827 243601 164516 642596 664404 759594 781781 490716 294937 687518 528078 552445 385070 1021819 513048 691824 145406 402633 225870 814953 902932 870851 1045609 159112 559070 522094 767901 155404 325264 845826 392454 594699 702302 228116 604279 199007 527941 634575 250610 424765 161038 747293 549171 583171 601001
597502 694027 141603 999999999 519804 544496 155649 762983 165334 616716 643919 213410 694187 137359 588386 404832 472650 55280 335357 245418 418778 257579 709950 610545 332500 417324 519864 455554 312096 108156 247318 249799 827297 602742 183778 576544 718660 615858 184186 136558 244555 167698 165222 628402 255869 489013 598395 692789 615456 528278 356465 306523 129765 114707 665147 124180 289865 166503 538216 739197 644857 778101 509910 311429 767296 621992 507623 245974 959293 457782 563653 283472 380983 335720 715404 827527 776220 985251 243317 593160 530384 629168 296990 197672 742621 453787 453707 749518 317781 564957 297553 550869 640341 381439 516768 147336 706714 488560 653641 484278
390350 398079 553802 519804 999999999 213207 515609 291523 500189 119698 540427 505440 549603 477025 441843 305855 114270 538571 388686 765008 454129 770661 327742 459798 306719 136764 321893 391692 260795 618674 287304 383119 365519 543751 342858 497215 241178 486313 365168 656347 727423 385900 400973 276133 385040 648240 250624 176074 180202 376795 634136 433332 460849 552246 458522 473908 789723 678934 329159 505368 452955 281692 198390 277535 544842 518043 42967 493375 481694 95942 506152 580191 152245 489176 409826 394522 431788 502199 441685 270320 159746 671527 624141 421133 450671 342338 688054 405795 781192 52877 750717 216508 193736 579742 464217 662748 193698 106736 436944 382511
178481 611165 626235 544496 213207 999999999 598522 469649 587935 309243 744173 443438 758192 450948 646313 175651 120246 581549 540434 772778 303970 800794 167531 250620 457662 307246 123952 224000 394758 620606 379638 503774 290380 741342 409323 695230 421948 278407 448420 671640 782906 466067 386549 488927 322564 495109 463826 258274 388047 577282 761350 573382 535935 615150 669715 547285 833979 710784 124959 718409 240071 438268 406040 415086 757870 720837 171784 417825 423845 151934 311211 695474 293349 632973 211066 283419 252194 451929 560108 483340 371580 482128 735016 379375 250138 530394 554123 615657 849248 194190 822985 428553 396883 723843 654983 690945 254215 116233 648289 202068
688597 594607 45069 155649 515609 598522 999999999 711761 18946 589514 508252 359882 562180 278972 466277 492953 502457 109422 218257 318971 542342 287043 765673 715095 250401 388761 604300 562436 262817 236437 230531 152747 860673 462730 189241 442249 673293 725172 153606 225947 219039 134040 273759 551895 368002 637312 525329 691211 565655 416156 205760 175029 63250 62952 547759 53768 287615 208388 622437 621484 743182 738646 446403 252071 645315 488103 516297 388532 987456 479481 683202 130712 363709 188644 791990 872072 845921 1010708 114685 514055 478501 768613 153432 320574 824112 347763 607416 657377 265805 566725 235108 483337 590889 225870 384006 203411 709301 516504 539614 586526
643227 261996 755765 762983 291523 469649 711761 999999999 693426 171931 487412 788329 464018 749375 406706 595305 401648 767228 518554 1004496 743524 993221 506856 717710 462423 347381 591915 676345 455887 869215 515665 559694 442674 519209 579354 480127 50348 746217 584277 896217 930583 603922 673761 189008 672052 938487 202188 235695 147877 382007 760523 571844 671723 763162 366867 684560 999310 905402 594537 369488 699119 62731 265974 462302 402938 474342 329521 779772 493898 387284 779971 730280 387029 610488 614800 500085 606581 498338 609060 223738 234656 949810 774864 701755 653411 405718 979575 216381 968441 281895 935630 232543 122759 685737 482087 893022 254675 390423 348955 662681
682054 575781 64010 165334 500189 587935 18946 693426 999999999 572415 491736 364535 545250 283230 448328 486837 489909 122717 199561 337410 541241 305986 754779 710361 231775 372198 597179 558556 245764 251124 216552 134104 847451 446844 178839 425468 655207 721134 140768 243140 237194 122042 272856 533029 366206 641640 506533 675526 547512 397594 203781 157126 57238 80801 529580 51230 306108 227059 615221 603376 737481 720746 427931 234487 627511 471327 501862 392028 973616 466316 680941 128307 348077 173772 783363 859860 836382 996618 96076 495169 460407 770207 156023 320986 816014 328940 614146 638462 282047 551579 250884 464699 572729 216968 366941 221676 693876 503718 521247 581870
487000 321074 631079 616716 119698 309243 589514 171931 572415 999999999 502904 621530 499516 587984 406831 423850 230382 628575 426457 861661 572168 859555 381861 559849 353568 202581 427855 506731 326700 719781 372894 444207 368543 518039 434157 472689 121589 587628 447755 752621 807076 468368 511820 201029 502898 766876 185982 139368 90291 354638 677264 477127 541089 633814 401863 554252 872784 769061 432417 434622 546521 165477 181807 338550 473464 483387 157909 611068 461254 215357 615219 633278 235867 526529 480507 413272 487114 475768 499918 211206 134504 783400 678294 535965 521005 344548 807712 312057 853986 115393 822179 174945 90720 612414 453185 754549 164003 219915 380387 494835
910090 230831 547621 643919 540427 744173 508252 487412 491736 502904 999999999 794078 59037 719770 98597 760986 625863 612187 312003 820391 883668 770642 866838 969874 350822 441806 828616 855965 411481 741273 479548 399984 871408 54615 520517 67536 485100 992243 487391 733989 678695 493993 668485 312574 730243 1044547 318692 641417 416666 167641 416555 337874 514288 570843 123532 521129 747746 708871 841204 162864 974451 546323 342122 395778 164487 24679 576554 807969 956502 594664 987832 435393 468054 322272 949264 915156 971706 967025 401485 292740 384288 1128625 466190 718256 989913 229267 1044856 296330 678724 580845 647708 331422 428377 335530 127449 708092 666117 628006 138995 862176
437443 789434 353881 213410 505440 443438 359882 788329 364535 621530 794078 999999999 836760 81430 721141 271542 418094 268680 484925 359277 224788 412073 591765 431589 447708 453218 375962 283781 398447 221035 323351 398625 732911 761372 273972 727339 739098 430641 307643 281285 435903 304151 128486 697538 124590 277448 665602 655536 650543 651739 565302 474019 313775 327796 787199 314814 461448 338280 392801 858365 472426 786410 574382 408562 891761 770225 477330 36628 865993 417719 367954 490569 410952 517613 568378 717999 635440 894581 417685 668689 577546 416339 508521 87441 587804 576545 254430 831783 513109 536208 498513 615647 672644 579360 668357 316602 662579 433952 771545 316846
928216 202213 602425 694187 549603 758192 562180 464018 545250 499516 59037 836760 999999999 764254 119261 787648 642063 664508 359746 876263 915227 827891 872324 990565 389958 462516 848875 882998 446926 793391 517896 447377 866080 113471 562795 120157 467563 1013928 532145 788123 736567 540175 709859 301670 767058 1081369 313543 635679 410549 192740 475552 389724 565024 624999 99332 572470 805868 764631 860553 113404 992452 524914 352301 432767 107804 74570 587936 848914 944392 611506 1013742 493277 492459 378024 959403 912729 977809 953190 453276 288632 390439 1159102 524730 758695 1000265 263210 1085353 260613 737526 586266 706414 334815 419018 394374 178401 763255 660238 642747 119972 887179
475732 728613 275097 137359 477025 450948 278972 749375 283230 587984 719770 81430 764254 999999999 650320 291574 403852 192205 408806 324062 283319 363510 609540 481155 377960 405710 404368 327373 334487 173769 259154 321530 740764 685252 203474 652630 701392 484214 232399 230496 372874 226746 76198 643591 134110 358463 611906 638413 606878 582618 484622 395020 232392 249908 719321 233392 407112 281105 422305 791578 518242 753413 520337 342172 823779 696228 454516 110067 874219 397351 428505 409682 364159 437138 600583 732688 664852 901797 337491 612543 528924 492874 428804 73134 624321 506900 334566 775006 448820 513971 431278 562088 630176 497944 593208 259493 648303 420149 704618 358156
813562 168714 508904 588386 441843 646313 466277 406706 448328 406831 98597 721141 119261 650320 999999999 669100 528500 563240 253453 784630 795975 743274 768285 874477 273453 345962 732949 764392 328395 690868 400327 338899 775287 113921 447586 73599 398512 897351 419437 690906 656861 429092 593550 223359 648512 962674 225116 545898 322447 73541 415783 291250 461101 529093 83804 469754 727632 673229 745139 155796 877902 462748 243524 314857 179545 76988 478147 732111 863616 497474 895492 417196 374359 293008 850830 817982 873119 875199 353219 199009 285922 1039941 454448 641722 891510 145134 968085 240063 668098 482373 635693 233810 336025 332816 96495 669583 570594 530244 82596 769179
195944 677832 511132 404832 305855 175651 492953 595305 486837 423850 760986 271542 787648 291574 669100 999999999 193666 450208 499686 615443 148339 652883 320801 227360 426830 329004 115033 95389 359888 465195 312898 438430 462249 745536 315180 702308 545114 242934 360328 520522 649247 372811 239679 563211 157690 343229 533216 415489 482194 595740 680886 517842 430242 494311 712173 439222 692432 566543 133395 772592 250848 576807 454101 379161 810837 736417 265941 243701 594961 210556 226917 608429 295475 575914 310954 446549 373705 623784 486363 546207 435265 376162 642109 218451 337868 532675 390157 699484 721026 315879 698279 488066 498313 661072 651982 545539 416895 205526 692279 103651
286570 505306 534655 472650 114270 120246 502457 401648 489909 230382 625863 418094 642063 403852 528500 193666 999999999 501832 423577 712571 341887 729829 272751 352180 340158 187075 211604 277500 279386 561561 274967 393718 359291 621692 315195 575708 351481 377545 349159 606496 700216 368418 330725 385231 293887 536885 357622 237443 294052 458529 652040 459252 441803 527307 556164 454041 756732 638076 220930 608644 350616 384438 291455 299402 647914 602289 72672 400808 488904 31694 392946 589292 174232 518465 330888 370124 367483 513919 451517 374726 261529 557386 630582 339478 370273 410230 580815 517863 761759 123725 733556 317944 308006 609825 534822 619736 245201 16314 535017 268467
644640 679296 87853 55280 538571 581549 109422 767228 122717 628575 612187 268680 664508 192205 563240 450208 501832 999999999 310191 238070 472080 232122 748332 660741 320758 426515 565033 505739 311620 129113 255680 229748 859691 568498 195890 545367 724794 667037 182984 132368 201483 163360 212558 622480 305862 543933 593586 713713 619360 507280 303788 274784 103871 60121 642478 93835 254901 140688 583423 716613 693800 786626 507907 307344 742778 591156 530470 301194 990530 484250 616606 232181 393391 296445 759364 863171 818591 1015744 211275 586005 532819 684411 243003 249515 787884 434748 506908 738018 270957 586095 248292 547765 644544 333945 486165 126178 729062 517326 632446 533560
677586 376693 262706 335357 388686 540434 218257 518554 199561 426457 312003 484925 359746 408806 253453 499686 423577 310191 999999999 536780 600549 503447 695215 724405 83786 252427 590746 589460 146286 437437 189097 87982 754062 276536 214871 244541 486613 742103 177297 439368 425897 182284 362382 344312 434349 744840 321159 550663 380123 198295 250823 53304 207655 279877 332324 216489 496868 426617 606636 406443 739936 554963 256064 125839 432854 289046 406344 501479 868887 393341 721785 211864 250572 101088 750667 779805 790958 887980 103607 305910 297613 845006 256665 413517 788444 130088 738009 440730 453817 441184 420712 286044 404234 191056 184777 420839 572581 432791 322774 603252
794698 911887 275732 245418 765008 772778 318971 1004496 337410 861661 820391 359277 876263 324062 784630 615443 712571 238070 536780 999999999 582881 83589 933329 790783 557304 661141 727221 642194 549437 152243 490176 463240 1060965 771662 427678 756149 961343 789004 420420 109045 172977 401186 386657 859969 457764 573934 831353 937200 856631 734971 440315 493667 339059 256906 866552 327340 142942 111678 744918 940128 831643 1022034 745976 545413 963103 801724 751623 395136 1194064 699979 723035 392688 625799 498268 922780 1055619 988018 1220963 433473 823193 770400 736694 375632 397157 944633 665378 505989 972776 232254 809494 240269 785784 881744 502551 699495 116063 950483 728734 858582 674750
229272 818811 548782 418778 454129 303970 542342 743524 541241 572168 883668 224788 915227 283319 795975 148339 341887 472080 600549 582881 999999999 636758 413693 209207 537537 466393 194945 83651 473219 445312 412235 526849 568981 862680 393377 821710 693368 206128 438125 505326 655552 444748 268596 707032 175496 195459 676421 557055 629533 722495 744293 608134 484531 526339 845621 490232 685234 560759 206592 909135 252740 723863 593908 490425 946618 858990 414262 188317 696830 358618 145191 669080 429166 662235 364428 540462 433874 726730 565106 687837 578852 245464 695774 223563 376841 654500 250269 844017 731906 463352 714585 629861 646158 739635 767765 539008 556001 353351 826521 114944
839219 880056 241976 257579 770661 800794 287043 993221 305986 859555 770642 412073 827891 363510 743274 652883 729829 232122 503447 83589 636758 999999999 965009 841617 535742 657076 766936 689599 537954 191842 486989 438667 1084825 719967 428001 708508 952423 842168 412018 133045 98422 391578 415913 838438 496888 645284 811334 945625 845781 699296 374711 456072 321513 230574 826461 308661 59831 92006 785035 899021 880405 1015658 729895 530926 919442 753433 761807 448664 1216872 713980 779818 336259 625046 451596 963332 1084144 1026544 1242806 400249 800761 758641 805696 312559 435666 987744 633512 581352 943880 149249 817908 160047 768089 871064 443406 654051 110244 960680 745641 820288 721068
201598 702705 793745 709950 327742 167531 765673 506856 754779 381861 866838 591765 872324 609540 768285 320801 272751 748332 695215 933329 413693 965009 999999999 267892 611500 449581 221216 330615 552002 781723 544149 665857 159224 871474 576432 824937 467587 295397 614770 834562 949792 632782 549314 581380 477198 583222 562325 271169 471495 704439 924153 731945 703236 782644 777665 714670 999768 875774 207521 815668 230232 458562 524964 571908 854747 844887 296404 562229 283205 302094 359991 859971 444706 791063 111528 127501 105674 313183 723187 585619 482881 522293 900293 536718 147490 668071 656103 691346 1016621 286270 990478 537608 471801 882480 791180 855607 253056 262535 755966 298801
75095 856783 729353 610545 459798 250620 715095 717710 710361 559849 969874 431589 990565 481155 874477 227360 352180 660741 724405 790783 209207 841617 267892 999999999 648650 528515 141717 155031 581577 649777 539470 665610 425265 959605 541951 914931 671009 29040 587295 709087 853076 599146 448690 735619 354933 331107 708980 494459 637698 802438 907129 744626 653277 710071 907342 661390 887800 762092 131268 960819 47469 681880 642835 601460 1000075 945687 417056 395652 538642 381070 97514 833993 502532 802980 180987 381141 248163 568739 713675 726743 613624 254552 866271 413248 179936 745492 412622 864973 927931 444785 908041 670121 647292 888429 868011 740415 484280 354996 886385 128571
599004 361574 295040 332500 306719 457662 250401 462423 231775 353568 350822 447708 389958 377960 273453 426830 340158 320758 83786 557304 537537 535742 611500 648650 999999999 169999 512648 519040 67108 439912 128729 97672 671573 325596 174587 286222 425807 667549 151427 453126 468526 165249 320145 303214 379574 693761 275619 472321 317969 204662 328274 126838 218245 305400 341525 230090 537855 451639 528024 414265 662007 492620 196509 47740 445888 326388 322952 458984 787985 309751 651874 279840 166813 182716 668281 696408 707630 807711 147970 266039 231728 782993 324802 368737 706398 129023 695409 417773 506835 359460 474252 232936 342980 273829 230538 442096 493575 349148 327400 530397
468383 353065 429462 417324 136764 307246 388761 347381 372198 202581 441806 453218 462516 405710 345962 329004 187075 426515 252427 661141 466393 657076 449581 528515 169999 999999999 387009 424113 127402 522518 171093 249017 501700 435155 233657 389420 301753 551516 245181 552241 605200 265787 331553 247539 348343 648743 215741 306241 201846 274183 497477 296569 338729 431424 383465 351901 670409 566799 399408 443794 532741 360920 128200 142410 481891 417819 155156 450845 618332 155390 552847 444753 42276 352596 517207 527973 549619 638492 307022 223500 124329 704672 489053 365799 556944 223157 671734 384459 654244 189576 622920 166675 225841 443400 347749 552636 326341 192065 363386 425812
87160 716890 624301 519864 321893 123952 604300 591915 597179 427855 828616 375962 848875 404368 732949 115033 211604 565033 590746 727221 194945 766936 221216 141717 512648 387009 999999999 111304 445923 578126 410406 537848 374317 819290 421873 774342 543549 166115 465980 634278 764276 480128 354694 596463 270311 377652 569165 381672 501473 661084 787060 614754 541218 608238 765754 550760 807189 681194 18391 819840 149359 562011 501372 466123 859026 804497 278929 344481 503361 239796 188056 716029 362036 673938 196398 348700 260813 533079 589159 586293 473074 358446 751352 331521 222880 605244 442984 727680 835924 312578 812946 529322 512754 761692 728398 660102 376329 215697 744843 82757
154268 771509 575226 455554 391692 224000 562436 676345 558556 506731 855965 283781 882998 327373 764392 95389 277500 505739 589460 642194 83651 689599 330615 155031 519040 424113 111304 999999999 452453 498016 400934 523723 485381 839734 395163 796826 626646 162764 440780 556691 698422 450980 293886 655561 199905 271135 626017 480359 570668 690998 757748 604273 501331 555485 807430 508905 734463 608476 123190 867430 190912 652724 548487 471299 905787 831372 350016 249277 613591 298694 132848 683765 390863 661225 287767 457691 356454 643439 568356 639786 528061 282443 714575 258454 304548 627368 332496 791075 773053 394519 753022 581677 585382 743892 745837 586866 477799 286881 787473 33793
532447 394310 304711 312096 260795 394758 262817 455887 245764 326700 411481 398447 446926 334487 328395 359888 279386 311620 146286 549437 473219 537954 552002 581577 67108 127402 445923 452453 999999999 420089 75455 122332 621077 389546 134846 348593 414472 600442 129176 441896 480805 148276 269966 317203 320150 634447 286720 433308 308126 256408 376484 179983 216682 309050 389577 229705 547442 449555 461459 460066 595272 478085 197833 20447 494010 386850 270578 406120 741545 250034 585300 319644 111115 239082 604596 642171 646013 762679 180911 283104 221293 718621 363401 315708 642229 183746 640732 443266 527606 313470 496048 238802 333377 330477 294777 437186 452949 289626 373375 463409
648465 801168 205258 108156 618674 620606 236437 869215 251124 719781 741273 221035 793391 173769 690868 465195 561561 129113 437437 152243 445312 191842 781723 649777 439912 522518 578126 498016 420089 999999999 353925 354206 908734 697553 290026 674400 824249 650439 292338 60344 221064 275623 234418 736553 307876 470575 706516 788835 722008 632989 414646 403707 229789 177774 769142 221292 240492 119750 596041 843288 688722 882530 617845 419585 870288 720167 603052 257661 1041859 550039 588980 348888 484919 424807 774289 903576 838612 1068811 340119 701306 637490 625218 349761 246789 797597 559255 417930 857334 298370 661526 288646 658890 746757 455820 615111 98787 801331 577784 758380 529722
497546 469478 266935 247318 287304 379638 230531 515665 216552 372894 479548 323351 517896 259154 400327 312898 274967 255680 189097 490176 412235 486989 544149 539470 128729 171093 410406 400934 75455 353925 999999999 127515 631090 453484 63949 414823 471522 555831 77954 381375 440135 98626 194886 388601 250947 565039 357480 463378 368191 329455 382167 205172 173670 264993 464016 186680 503065 396211 427266 535014 558206 531877 266773 85640 568550 455101 285852 332109 757083 250209 532959 315942 138174 263848 583563 645014 631338 780203 181189 355762 283646 657289 356215 241640 619042 255194 567759 517164 494874 337391 465009 308447 393039 351347 358459 381692 480512 288198 448202 415996
624968 449710 197471 249799 383119 503774 152747 559694 134104 444207 399984 398625 447377 321530 338899 438430 393718 229748 87982 463240 526849 438667 665857 665610 97672 249017 537848 523723 122332 354206 127515 999999999 741978 363813 134259 332516 522227 681124 92336 361418 370972 94785 278562 399779 356093 662512 372794 555248 414402 278823 258338 81291 125878 208856 415399 136540 440191 355885 554759 489485 685356 588412 293966 106746 517542 377005 391668 416635 863518 366156 654380 197839 232527 137600 709891 761000 755951 884857 58800 362180 327570 769198 241225 330171 745836 205239 652452 509563 411155 435762 378885 330600 439543 223850 272722 347423 575126 405440 404229 540729
360748 677605 893770 827297 365519 290380 860673 442674 847451 368543 871408 732911 866080 740764 775287 462249 359291 859691 754062 1060965 568981 1084825 159224 425265 671573 501700 374317 485381 621077 908734 631090 741978 999999999 885824 674396 840091 415557 451988 707077 957938 1059113 726750 674319 564674 612907 742193 553501 230434 455755 720676 997283 797652 800697 886585 767388 813057 1114355 993688 362510 791896 384971 384173 541865 639278 829190 851915 350504 705943 133491 381194 518774 939779 509969 854264 253664 63026 207380 161679 800746 579147 495025 678671 982649 669599 277629 700139 814027 650483 1121044 313499 1092738 542287 447516 945086 816476 974592 205844 344604 746251 454728
902537 270497 500766 602742 543751 741342 462730 519209 446844 518039 54615 761372 113471 685252 113921 745536 621692 568498 276536 771662 862680 719967 871474 959605 325596 435155 819290 839734 389546 697553 453484 363813 885824 999999999 489558 46537 512298 980925 453737 687689 627091 458551 637713 337254 704248 1017606 338526 657379 435311 167197 362663 296311 473002 524827 166162 479026 695688 660406 832721 214889 966804 576079 347747 372314 218830 50063 577439 777158 976564 590118 972307 384010 457256 274896 949240 926822 975387 988543 359444 312452 392692 1108123 413505 688322 989556 214113 1013972 339109 625364 587272 594576 343544 449573 282222 95067 660452 682036 625235 177488 847978
507928 528167 219483 183778 342858 409323 189241 579354 178839 434157 520517 273972 562795 203474 447586 315180 315195 195890 214871 427678 393377 428001 576432 541951 174587 233657 421873 395163 134846 290026 63949 134259 674396 489558 999999999 454103 534882 555406 45617 318696 387351 58317 148195 451246 221834 530021 420361 518360 432005 379234 365824 215257 127120 212862 515847 139045 447546 336504 439632 588163 565598 594554 330080 139801 620312 496532 336550 287716 802961 294153 523883 294162 198343 268904 605183 683705 657587 827125 173337 417717 347595 635024 330059 198853 638467 303600 524634 578099 446744 391035 418363 371634 456799 348903 395621 321034 534253 329801 501208 414775
857232 239265 482297 576544 497215 695230 442249 480127 425468 472689 67536 727339 120157 652630 73599 702308 575708 545367 244541 756149 821710 708508 824937 914931 286222 389420 774342 796826 348593 674400 414823 332516 840091 46537 454103 999999999 470880 936530 420313 668161 618063 426637 602219 295519 665759 979783 294925 612056 390977 120711 362909 270778 446974 505010 141581 453961 687818 644506 787589 202133 921536 535719 301326 332091 214388 45859 530972 741749 932017 544172 929200 375067 412412 257971 902890 880688 928861 944401 334406 268963 346462 1067015 408327 652275 943238 169816 978676 309834 622070 540795 590438 297937 405987 280322 59915 643103 636685 579078 148163 804384
596837 268838 716814 718660 241178 421948 673293 50348 655207 121589 485100 739098 467563 701392 398512 545114 351481 724794 486613 961343 693368 952423 467587 671009 425807 301753 543549 626646 414472 824249 471522 522227 415557 512298 534882 470880 999999999 699361 541856 852748 892331 561804 625590 175366 622257 888261 180821 197556 107851 365313 732410 539667 631031 723051 368619 643989 960383 863791 546642 381147 653720 68971 230988 422180 416937 469910 279262 730101 478825 336938 731561 698388 340467 581374 573776 470362 569259 486198 573456 205152 194801 901022 743263 652722 612997 380279 929231 235031 932640 232447 900027 202140 82867 659924 466684 850849 218700 340418 349165 613428
104076 882646 737801 615858 486313 278407 725172 746217 721134 587628 992243 430641 1013928 484214 897351 242934 377545 667037 742103 789004 206128 842168 295397 29040 667549 551516 166115 162764 600442 650439 555831 681124 451988 980925 555406 936530 699361 999999999 600928 710170 856956 612032 456022 761807 361412 311711 734863 523434 664756 825013 919540 760747 663929 717732 931654 671611 889601 764369 157186 985951 68689 710712 667412 620135 1025141 967967 443469 394295 563418 405911 78398 845876 524381 818681 204667 406501 270156 593440 727946 752269 639072 226927 877156 418189 199503 766873 395079 891822 932416 472433 913359 695396 674707 903144 888800 742639 513313 380954 910799 140671
552328 512142 189017 184186 365168 448420 153606 584277 140768 447755 487391 307643 532145 232399 419437 360328 349159 182984 177297 420420 438125 412018 614770 587295 151427 245181 465980 440780 129176 292338 77954 92336 707077 453737 45617 420313 541856 600928 999999999 312724 362396 20795 186238 444275 265378 570190 414415 541232 436402 353893 321152 172062 95719 187401 491354 108746 425990 322252 483607 564663 610468 604071 326693 127264 595249 463830 363525 324608 833960 325883 569408 250395 215051 224197 647256 719094 698291 857367 127777 408976 349993 678828 287644 237835 681153 278122 560840 565985 417037 415345 387355 367289 461574 303322 361025 308993 558456 363043 478015 460280
706181 811127 187073 136558 656347 671640 225947 896217 243140 752621 733989 281285 788123 230496 690906 520522 606496 132368 439368 109045 505326 133045 834562 709087 453126 552241 634278 556691 441896 60344 381375 361418 957938 687689 318696 668161 852748 710170 312724 999999999 163747 293928 285340 754589 364070 528276 725502 829061 748398 637393 382104 400069 235736 163161 771387 224900 180176 61583 652330 845397 747548 913158 639090 438703 870304 714008 643682 317902 1090632 592887 649187 322346 516762 412823 830646 955027 894226 1117116 337695 718243 662434 684392 316174 302833 854791 565814 472436 870293 240407 701269 233148 679283 773459 432079 609942 42809 842700 622564 762141 588068
841980 800070 176096 244555 727423 782906 219039 930583 237194 807076 678695 435903 736567 372874 656861 649247 700216 201483 425897 172977 655552 98422 949792 853076 468526 605200 764276 698422 480805 221064 440135 370972 1059113 627091 387351 618063 892331 856956 362396 163747 999999999 341620 409755 767418 499551 691499 741897 903495 784677 617434 276952 375679 267005 175204 740529 253858 71186 102167 782643 812090 888526 957623 664937 470862 830747 662405 723677 471990 1189070 680886 800646 243309 577270 363866 959495 1064052 1019505 1213728 325290 729239 697536 845929 216071 439978 987096 555386 636066 865922 77476 777087 71145 701196 809903 347866 565322 122345 920355 715375 735679 727890
566082 526776 168513 167698 385900 466067 134040 603922 122042 468368 493993 304151 540175 226746 429092 372811 368418 163360 182284 401186 444748 391578 632782 599146 165249 265787 480128 450980 148276 275623 98626 94785 726750 458551 58317 426637 561804 612032 20795 293928 341620 999999999 186853 461703 270497 570828 432141 561970 456072 365152 308090 170839 75088 166607 502637 88060 405214 302071 497912 576270 623452 624292 345164 144942 606097 470752 383937 323207 853961 345596 578310 235965 235844 219620 663282 738118 715192 877489 120626 426011 369463 683535 271774 238594 696711 289669 558279 581820 396602 435991 367081 385468 481276 294989 366988 289130 579135 382478 489909 471544
432570 661681 282241 165222 400973 386549 273759 673761 272856 511820 668485 128486 709859 76198 593550 239679 330725 212558 362382 386657 268596 415913 549314 448690 320145 331553 354694 293886 269966 234418 194886 278562 674319 637713 148195 602219 625590 456022 186238 285340 409755 186853 999999999 572418 95026 384159 540574 563680 532025 523663 476339 357354 216499 261710 658828 221742 453269 327811 373035 729893 481248 677264 449055 280208 763380 644413 379155 139534 807473 322665 410041 400965 289672 406058 550459 669827 611969 834504 306213 542498 455380 499873 427189 51753 577408 448695 376463 705456 482328 438564 460719 490628 555085 476875 543813 307150 574174 347037 643088 321113
666479 122706 596880 628402 276133 488927 551895 189008 533029 201029 312574 697538 301670 643591 223359 563211 385231 622480 344312 859969 707032 838438 581380 735619 303214 247539 596463 655561 317203 736553 388601 399779 564674 337254 451246 295519 175366 761807 444275 754589 767418 461703 572418 999999999 595812 893862 31958 334447 110762 193003 577263 397105 521101 608442 202733 533145 837767 754852 604641 234309 728931 241035 123366 317015 273482 296038 318639 697239 644350 359169 777223 553111 289235 429594 676264 612553 686948 654491 442157 38405 128181 937974 596822 610512 717096 222275 919155 137411 798125 300858 765023 81892 117348 500249 293384 745116 358907 380882 181711 651163
343374 696223 377264 255869 385040 322564 368002 672052 366206 502898 730243 124590 767058 134110 648512 157690 293887 305862 434349 457764 175496 496888 477198 354933 379574 348343 270311 199905 320150 307876 250947 356093 612907 704248 221834 665759 622257 361412 265378 364070 499551 270497 95026 595812 999999999 314413 563949 531283 538745 576188 568918 437001 309306 356500 706862 315382 538585 412373 288301 775009 389058 666709 474541 334671 810556 705732 354888 108345 746330 294902 315266 493787 306594 489381 466613 601621 530742 774491 391114 570133 471338 413451 521327 61238 490977 503851 325023 732371 573597 413285 553190 514512 559662 564862 609285 391033 538059 309643 689415 228438
383294 1001547 630390 489013 648240 495109 637312 938487 641640 766876 1044547 277448 1081369 358463 962674 343229 536885 543933 744840 573934 195459 645284 583222 331107 693761 648743 377652 271135 634447 470575 565039 662512 742193 1017606 530021 979783 888261 311711 570190 528276 691499 570828 384159 893862 314413 999999999 862649 751005 821461 890096 842739 741498 589691 603719 1019219 591488 701835 589591 385074 1085922 378194 919322 776936 649082 1122238 1020063 609009 250245 863675 552397 233956 768009 609108 789167 510884 705358 579038 893865 688998 872130 766120 165512 785482 332434 510639 818187 87697 1031261 768582 658761 759040 814746 838970 855168 922825 569158 748885 548635 1001202 295082
640643 147803 570206 598395 250624 463826 525329 202188 506533 185982 318692 665602 313543 611906 225116 533216 357622 593586 321159 831353 676421 811334 562325 708980 275619 215741 569165 626017 286720 706516 357480 372794 553501 338526 420361 294925 180821 734863 414415 725502 741897 432141 540574 31958 563949 862649 999999999 323154 97995 184806 558929 374307 492822 581015 216287 505017 811962 726966 577816 255542 703505 248901 91579 287252 294998 300363 292616 665285 638579 330807 748670 531586 257358 409695 654788 599240 667998 650095 416973 26109 97975 908460 575725 578563 695692 203707 887434 168857 774475 278880 741429 49968 111082 483584 286317 716829 347823 353988 194702 622299
419365 449283 729770 692789 176074 258274 691211 235695 675526 139368 641417 655536 635679 638413 545898 415489 237443 713713 550663 937200 557055 945625 271169 494459 472321 306241 381672 480359 433308 788835 463378 555248 230434 657379 518360 612056 197556 523434 541232 829061 903495 561970 563680 334447 531283 751005 323154 999999999 225333 493823 800320 598784 636898 728312 537086 649966 965604 853747 380333 563722 470964 189960 318348 448636 601615 622271 185783 637798 323499 241075 566575 750489 327504 651719 379479 278928 371804 339704 613223 348881 270829 737919 794992 576185 417812 480151 804938 427808 956937 127856 926280 314262 217581 740172 591769 837130 24703 221641 515896 460153
566516 231213 609314 615456 180202 388047 565655 147877 547512 90291 416666 650543 410549 606878 322447 482194 294052 619360 380123 856631 629533 845781 471495 637698 317969 201846 501473 570668 308126 722008 368191 414402 455755 435311 432005 390977 107851 664756 436402 748398 784677 456072 532025 110762 538745 821461 97995 225333 999999999 276572 627713 432958 524273 616005 312335 537165 852912 757681 507950 344445 627689 175131 124059 315033 383375 398140 223026 644867 541266 272163 686347 591610 242796 476330 568319 502390 576924 553428 465679 123934 87250 851417 636573 563272 609013 279728 855014 227645 824805 195467 792207 100487 25290 557156 377470 745188 249972 286922 290984 562515
742449 183520 460210 528278 376795 577282 416156 382007 397594 354638 167641 651739 192740 582618 73541 595740 458529 507280 198295 734971 722495 699296 704439 802438 204662 274183 661084 690998 256408 632989 329455 278823 720676 167197 379234 120711 365313 825013 353893 637393 617434 365152 523663 193003 576188 890096 184806 493823 276572 999999999 396466 243225 403786 478100 137504 413451 688611 624519 673590 211179 806811 432743 180658 243815 241438 143807 411243 661562 815443 427235 822248 385027 301348 258218 783688 760421 808558 828857 301518 160174 226165 966403 425841 571095 824181 75840 896945 252217 636254 420084 603306 179794 293984 315813 101528 619086 518347 461053 125407 696075
873478 576751 216006 356465 634136 761350 205760 760523 203781 677264 416555 565302 475552 484622 415783 680886 652040 303788 250823 440315 744293 374711 924153 907129 328274 497477 787060 757748 376484 414646 382167 258338 997283 362663 365824 362909 732410 919540 321152 382104 276952 308090 476339 577263 568918 842739 558929 800320 627713 396466 999999999 201551 259862 244161 498182 255008 340784 336805 804616 564406 931421 801269 504192 358016 576849 403850 646906 594284 1115804 624260 882605 75477 487535 151468 965481 1018411 1013343 1135850 201242 539662 547413 973872 65996 524764 1000443 355369 810167 647281 263740 686999 234128 530289 651095 83048 319370 344560 821776 663633 498254 779275
701908 424706 218013 306523 433332 573382 175029 571844 157126 477127 337874 474019 389724 395020 291250 517842 459252 274784 53304 493667 608134 456072 731945 744626 126838 296569 614754 604273 179983 403707 205172 81291 797652 296311 215257 270778 539667 760747 172062 400069 375679 170839 357354 397105 437001 741498 374307 598784 432958 243225 201551 999999999 176758 237854 372885 183265 446819 382522 631315 446509 763063 607919 308922 160305 470385 316496 448021 493984 914776 430016 735280 158721 289571 59690 781950 821018 825216 934549 63628 358702 349764 850281 203626 409099 818796 179917 728422 490248 401243 486133 368115 339321 457186 150607 211405 378384 620228 469609 365250 620608
625719 575493 93510 129765 460849 535935 63250 671723 57238 541089 514288 313775 565024 232392 461101 430242 441803 103871 207655 339059 484531 321513 703236 653277 218245 338729 541218 501331 216682 229789 173670 125878 800697 473002 127120 446974 631031 663929 95719 235736 267005 75088 216499 521101 309306 589691 492822 636898 524273 403786 259862 176758 999999999 92728 539496 13175 331700 234499 559331 613647 680720 694742 409156 209465 640500 492507 458961 339505 928449 419768 623828 184557 310275 208718 728747 810770 782830 952158 113651 484183 437129 715136 213244 265430 760872 330934 566041 634644 321626 511058 292363 448114 549558 265635 387271 224028 654174 456159 529075 524759
689983 655365 28350 114707 552246 615150 62952 763162 80801 633814 570843 327796 624999 249908 529093 494311 527307 60121 279877 256906 526339 230574 782644 710071 305400 431424 608238 555485 309050 177774 264993 208856 886585 524827 212862 505010 723051 717732 187401 163161 175204 166607 261710 608442 356500 603719 581015 728312 616005 478100 244161 237854 92728 999999999 610378 79573 238986 147427 626591 684177 741358 787119 499357 300972 708208 550853 548695 359604 1015672 506957 670049 173748 402434 250157 800375 893850 857475 1039953 176685 570967 528778 742745 182899 302829 830449 408658 566986 717164 234727 601892 207835 537526 641295 278446 446892 140992 745155 542183 601968 582027
842701 107440 590875 665147 458522 669715 547759 366867 529580 401863 123532 787199 99332 719321 83804 712173 556164 642478 332324 866552 845621 826461 777665 907342 341525 383465 765754 807430 389577 769142 464016 415399 767388 166162 515847 141581 368619 931654 491354 771387 740529 502637 658828 202733 706862 1019219 216287 537086 312335 137504 498182 372885 539496 610378 999999999 548704 811343 755355 776470 74151 906620 427063 264714 378637 104568 116432 498268 795696 845068 526453 936214 500987 417366 376717 867395 814725 883306 853961 433916 192166 298782 1086948 538038 705273 908317 213234 1029838 173429 751789 492446 719424 242091 320037 415136 179040 751170 561587 555518 21704 809106
634913 586237 80827 124180 473908 547285 53768 684560 51230 554252 521129 314814 572470 233392 469754 439222 454041 93835 216489 327340 490232 308661 714670 661390 230090 351901 550760 508905 229705 221292 186680 136540 813057 479026 139045 453961 643989 671611 108746 224900 253858 88060 221742 533145 315382 591488 505017 649966 537165 413451 255008 183265 13175 79573 548704 999999999 318534 222060 568922 622846 689415 707783 421721 222266 649254 499610 471805 341566 940998 432245 630362 179536 323415 211999 739068 822744 793603 964784 119711 496115 449997 719042 206095 269757 770908 341112 565924 645864 308881 524051 279811 460531 562452 264851 394412 212008 667192 468478 538611 532827
