NAME : synthetic_000165
TYPE : CTSP-D
DIMENSION : 100
GROUPS : 8
RELAXATION_LEVEL : 1
EDGE_WEIGHT_TYPE : EXPLICIT
EDGE_WEIGHT_FORMAT : FULL_MATRIX
EDGE_WEIGHT_SECTION
999999999 702081 542551 744228 830213 662242 673992 751881 192678 371441 470145 130543 673479 476110 458196 171362 679782 825366 117186 56175 781850 418077 352026 807023 720698 148287 172216 532834 176027 297373 200214 735366 642669 655027 879836 817592 1084280 792777 874362 455748 639426 417144 894596 157958 927404 540767 692442 855894 420163 656088 145050 528523 524540 140250 239942 468609 152131 224444 746317 433011 702884 582443 875048 810352 672548 120466 348367 1055592 893637 414897 522838 985833 537378 981416 871874 753993 826125 787774 782591 1073204 686333 776449 595996 553474 505651 413612 581790 581210 983657 956359 601855 875614 218856 515181 987405 461347 137373 503824 483254 392540
702081 999999999 362113 77955 183750 118772 128894 325069 550520 354158 389158 755597 639150 376581 538953 535146 110836 150638 600941 710551 81671 304306 482113 107558 397269 642486 621018 409632 680147 406684 516777 235203 65339 64697 319555 181761 384251 90704 374278 507542 138825 322878 366285 563975 349434 570070 12259 157180 481922 436655 841227 290833 515413 821121 470391 237018 553449 568699 433751 307079 213788 137136 242567 235300 484760 692052 624529 362075 323011 289940 575669 321059 571616 329865 414643 186199 159445 343876 309142 374158 506911 588418 439140 434710 631969 416936 600293 594158 288531 346699 153323 658079 489170 186903 286570 404768 566619 549052 259361 312426
542551 362113 999999999 439027 374948 250247 248162 635946 488098 382632 526003 647967 833820 66508 189512 384832 433264 396915 425532 578066 406148 364191 201023 453567 676691 565363 557820 47641 615278 346839 439583 559996 348699 369041 362737 358718 696336 425780 717626 160836 425147 173096 716502 473440 708587 719367 361772 456088 579181 133648 647778 474943 668276 614377 323567 309034 440196 331264 715482 394017 527724 242145 396802 587618 719964 596137 309460 610989 679985 310960 714511 676492 718826 688872 748642 529979 389429 250924 636315 642052 194128 295741 646393 619236 748570 511393 762499 233228 551549 449525 209934 391813 343908 280782 574057 534674 418301 189638 390365 316599
744228 77955 439027 999999999 223693 196481 205729 264319 580732 381958 384567 786557 603991 450461 613117 582033 79963 179411 649128 747530 94990 332003 549405 77870 345148 671289 647959 486418 705083 446857 551774 173475 107343 90929 371144 226984 342478 85873 299929 581601 123375 386677 289956 598875 271479 549816 77259 153737 480428 514282 886257 283639 496888 868909 520362 275860 593045 627557 379261 327248 160450 206664 280116 159451 443416 722696 693020 350453 245275 329465 557961 253610 551854 258728 342812 116880 192326 412532 242225 353715 584357 664475 409041 411982 617666 421401 575296 671533 278540 382376 229353 731749 537735 235556 264961 400660 611690 624851 275790 351729
830213 183750 374948 223693 999999999 168088 156415 487276 701361 514343 570300 901360 821094 417755 564302 658922 289048 49035 719624 847705 129371 466952 549749 168337 568707 793199 774553 418783 835159 548239 661865 396763 243589 247797 150775 16430 327459 143708 505542 535747 321977 417999 487631 707834 449274 753738 195711 113284 661056 390745 960809 473530 698995 935081 590561 392170 690123 661521 602950 476281 383606 252221 58819 367000 663848 839321 679000 238014 433009 439698 759095 354183 755249 376610 553810 337887 34271 228796 462025 267250 451226 507995 622020 618437 814722 593847 784000 579745 176670 162985 228398 555080 611426 335048 202244 585610 692883 559142 433158 460847
662242 118772 250247 196481 168088 999999999 17223 433235 535907 354987 435265 734171 715189 275143 434252 491014 215563 167343 552299 679714 156616 310422 396028 203334 496430 627311 609563 297825 670404 381530 495213 346182 134780 151170 255326 156133 457805 175844 491748 403452 227383 252720 484774 540783 467763 629085 122241 214480 519004 317884 793820 347897 573820 768967 422767 233725 522261 499505 534430 324951 320175 87913 216612 353762 570940 672519 533097 398096 441724 276938 631257 426245 629960 438975 530338 302413 165652 241949 422137 421190 388171 470957 514097 501228 681650 448974 664584 479342 329249 310295 61073 543785 443533 176150 342266 449298 524887 439576 289018 297095
673992 128894 248162 205729 156415 17223 999999999 447218 550351 370939 452473 747715 732110 277052 434285 502656 229403 159966 563212 692416 158135 326784 401255 206438 511716 641548 624126 295491 685014 395539 509167 359495 150166 165854 238418 143611 454261 178016 503015 403796 242880 262091 495127 554484 476202 646298 133600 211189 536058 308972 804456 365056 591032 779013 434229 250014 535239 507564 549583 341722 334243 103846 202771 364171 587336 686316 536614 389433 450874 292411 648480 429277 647176 443084 542492 314201 156909 225821 435082 413845 378750 459557 530969 518320 698844 465965 681755 474840 321751 294783 72191 530686 455156 192552 336729 466491 536714 437798 306138 312293
751881 325069 635946 264319 487276 433235 447218 999999999 561375 394337 288568 749301 374073 623711 777711 623414 217817 441254 688418 735389 357909 360567 679197 325274 93324 636278 608807 679291 653074 484717 553486 90936 300389 282428 635463 491211 489314 344908 123394 747130 212430 520378 148497 593924 199369 366164 316991 400981 369434 738697 895878 226572 326041 890581 581246 359310 605905 712396 119468 334375 113074 397731 542316 143406 209654 689427 819002 561679 170650 395235 381238 326325 369483 304835 124834 149916 454907 668707 43613 548887 809716 899742 216767 244472 445090 344855 374754 864353 500420 642294 439721 976566 590986 362089 470965 301052 642809 801711 295903 409915
192678 550520 488098 580732 701361 535907 550351 561375 999999999 198774 277566 205870 500671 425459 475274 138784 509749 687681 169787 174931 632144 248815 344907 649879 528034 92193 74087 495713 135023 155975 48645 550746 486929 495873 777490 690963 923195 639984 684387 460229 467032 325418 705862 41119 741836 365196 539613 707614 232022 618303 334906 341259 340808 332886 172031 314031 77054 265713 553754 255981 519733 449326 752456 628690 482659 142028 414480 911958 708296 262824 349304 811361 362270 804271 680134 575038 691078 707590 593589 924549 665750 765301 404621 362048 346510 220950 409220 603146 838595 844069 479924 865727 156407 368485 836472 268672 128010 520147 307965 241011
371441 354158 382632 381958 514343 354987 370939 394337 198774 999999999 159740 404620 462869 335083 448213 229277 311773 495971 295146 367988 435793 50192 324557 451552 385392 289701 267255 407814 326013 91432 172647 366103 289692 297667 607024 505496 724427 442638 513043 422815 269793 211454 529926 218892 558111 339972 342896 511281 196627 515366 516270 168280 291980 505168 189953 122218 219753 324138 418715 62093 332692 267124 568415 439194 380704 340762 448409 716229 524260 81297 333454 615783 339040 610393 518529 382555 500697 557897 419678 727335 576159 678097 298820 261962 365995 130724 384525 563179 642690 665138 305614 774354 197500 179720 638925 163255 250611 484984 111886 67615
470145 389158 526003 384567 570300 435265 452473 288568 277566 159740 999999999 460734 308299 485708 607256 363893 304641 539786 422681 449160 463875 162418 484289 462180 250696 348076 320483 556561 364852 243536 278255 296357 326759 324522 688956 565583 710367 463615 411892 581219 261557 361976 436180 313413 479360 197826 376902 534809 96240 655093 612096 100930 143995 610219 340370 222972 332150 474437 278049 131987 271951 355234 628525 379416 223489 401060 605658 735020 446971 215842 197337 573307 198054 560307 403717 336414 548376 665543 324635 736996 719872 820803 141064 102429 246540 56934 238332 719856 662892 731490 401745 913861 343042 270551 648749 16116 375731 643015 148344 214627
130543 755597 647967 786557 901360 734171 747715 749301 205870 404620 460734 999999999 606225 581745 582308 263269 715000 890254 230744 76859 837114 454684 468217 855658 703013 116306 142178 644067 99151 353249 239979 748607 692404 701646 967130 890173 1128997 845383 872598 577168 671937 504367 896719 193550 937392 481722 744844 912497 388786 768589 192710 538493 478345 215494 327916 518666 214633 347284 723026 460903 719197 649303 950485 828645 635728 63861 478018 1116339 904313 466442 462146 1014631 477904 1006355 862178 777023 892940 885344 784817 1129750 804150 897274 567011 526060 431184 404726 517315 707403 1043138 1038412 676053 997229 306578 571794 1041875 448509 229694 628342 512939 444199
673479 639150 833820 603991 821094 715189 732110 374073 500671 462869 308299 606225 999999999 793896 909981 625792 532203 781179 669697 632217 697433 470717 782865 677328 281003 526005 501264 864859 512057 534947 525944 447164 587991 578189 957371 820565 862947 689860 454883 885346 500442 670010 489201 541771 553706 135612 627817 755265 281082 961638 793707 370805 172191 806347 622874 527308 574765 749725 264333 440053 446953 645369 879559 516610 165198 566565 891928 931961 532616 524140 151609 697120 138428 673069 413056 507985 792857 954937 415974 921587 1027358 1127836 201321 217375 176013 333763 91878 1026020 867229 983473 693182 1219550 619459 568444 841059 301126 625369 947678 447605 522291
476110 376581 66508 450461 417755 275143 277052 623711 425459 335083 485708 581745 793896 999999999 162664 318764 432752 433790 359057 511606 431115 323422 138916 475659 655915 500723 494060 73440 550838 289480 376825 553784 351718 371979 421543 401999 731125 449650 714081 131140 417980 124078 716158 409127 714396 674754 374087 488235 531145 192868 582906 445172 625381 550202 258602 278537 375077 266770 694274 354725 519943 244991 445871 590354 689246 530446 261360 655671 684201 270156 668537 696695 673929 706429 741037 530578 428059 315074 628616 684409 244846 346638 612711 582661 698990 465571 718875 242446 592787 506379 224149 445463 278600 261900 611809 492939 352052 178893 358900 271915
458196 538953 189512 613117 564302 434252 434285 777711 475274 448213 607256 582308 909981 162664 999999999 341867 593798 586168 352597 506014 590854 450750 131902 636560 802170 529257 531205 146260 578992 377742 429468 711926 513886 534067 539128 548028 885454 609871 872890 31567 576578 258949 876346 446718 876388 782484 536662 644264 634056 232709 529610 584295 738047 490807 306481 422425 406936 235030 839725 482976 677462 407505 583957 751818 822760 544113 140449 799561 845877 400742 773096 858414 781000 868690 897531 691591 578879 415172 785552 831225 239128 320413 742827 708543 793233 576222 828083 128276 740952 628161 386034 418244 319356 416462 763519 611460 366878 46189 498391 395569
171362 535146 384832 582033 658922 491014 502656 623414 138784 229277 363893 263269 625792 318764 341867 999999999 522564 654777 67686 195957 613820 268708 215302 641349 608584 188803 189339 382933 239163 141492 100981 593209 477895 491631 710587 646248 918918 625624 742280 329920 484772 246785 758689 105536 784441 490590 526023 687150 346896 507569 306152 396952 458467 286892 68655 306851 65278 127539 639392 290498 558978 412140 703725 662730 584524 212318 275962 885408 750615 254062 476563 829073 488089 827092 747292 603820 655244 623359 648865 903938 547481 644045 502803 461313 480853 313265 535941 470142 813850 785846 430539 744645 47500 348914 818898 360002 34793 387564 336018 232649
679782 110836 433264 79963 289048 215563 229403 217817 509749 311773 304641 715000 532203 432752 593798 522564 999999999 249349 590195 679554 166664 262789 515329 157758 286575 599094 574977 479096 630986 383688 483780 131119 85638 66068 429697 289258 415732 162270 284486 562321 44334 350317 283832 530453 283936 471902 101184 232366 400571 525926 823363 203723 418450 808345 464443 216686 527758 580058 323338 254120 104922 191146 347387 158251 375253 651210 659525 430395 252528 268561 479447 306655 473817 304894 318202 97834 260729 451862 207734 432990 596990 684317 334238 334432 538573 342335 498882 665934 358485 451271 227689 759251 480265 188504 344430 320740 550410 611147 202103 289952
825366 150638 396915 179411 49035 167343 159966 441254 687681 495971 539786 890254 781179 433790 586168 654777 249349 999999999 717457 839724 84444 447237 560975 119727 524341 779848 759985 442487 820103 537311 650275 351188 214417 215271 199534 59417 299460 96446 456717 556643 285277 419897 438619 696898 400446 718707 162896 67789 632438 425860 959228 441145 664407 935253 587124 374801 681744 666828 557902 453568 339861 243001 101079 318596 622131 827474 694735 231208 383985 424867 724973 309586 720393 330810 505235 291464 14772 273734 414824 253976 488968 550417 583557 582218 782006 566902 747399 610551 161947 203048 228151 600868 607474 319216 178030 555405 688101 584461 407833 446716
117186 600941 425532 649128 719624 552299 563212 688418 169787 295146 422681 230744 669697 359057 352597 67686 590195 717457 999999999 155873 678963 335872 238117 707528 670260 186512 196754 416994 233080 208837 147189 660156 544524 558576 764091 706497 985028 691217 808057 346500 552458 303323 825033 129208 851610 534095 592046 751754 395726 540849 241788 461849 506635 220228 130880 374292 95209 118574 699983 356811 626076 475650 762687 730208 640085 192432 260996 948488 817771 321657 518639 896656 531279 894765 811825 671416 717359 670668 714769 967968 573930 666539 559264 517181 515787 369769 578521 479027 877422 841754 491423 766488 111800 415297 883564 417415 46965 398758 403127 300312
56175 710551 578066 747530 847705 679714 692416 735389 174931 367988 449160 76859 632217 511606 506014 195957 679554 839724 155873 999999999 791403 416793 393982 813475 697919 107839 134865 571896 125100 303968 195883 725540 649102 660024 905755 835782 1089454 801082 858599 501538 637781 441739 880517 149113 916752 501683 700343 866273 390003 696102 165735 516188 489861 174139 263369 474228 157985 271014 721411 427825 694269 597053 894796 802987 642134 68299 401356 1068329 883197 420793 483086 983565 498127 977416 852826 748535 841440 819160 768222 1083943 729795 821997 568185 526006 461308 392226 541087 630748 995671 979629 620293 921746 241796 524330 997016 438884 161313 551981 479351 398271
781850 81671 406148 94990 129371 156616 158135 357909 632144 435793 463875 837114 697433 431115 590854 613820 166664 84444 678963 791403 999999999 385894 546868 50401 440060 724134 702689 453561 761795 487439 598079 267458 146416 141954 278673 134105 309048 20585 381124 560010 204947 393168 366009 645243 334967 638038 92945 75508 558136 459686 919959 363851 584192 898869 548134 318459 634016 641039 473891 387966 255431 206797 185166 240782 537848 773609 686696 280486 314480 371133 645035 271507 639862 286627 427699 208579 97388 333375 333075 292747 527231 599020 500677 500869 703186 494848 665530 632330 206921 287473 209027 658645 567390 267162 205687 479743 645802 595732 339399 393577
418077 304306 364191 332003 466952 310422 326784 360567 248815 50192 162418 454684 470717 323422 450750 268708 262789 447237 335872 416793 385894 999999999 334065 401362 361820 339881 317419 394145 376026 127258 220991 324574 239669 247478 564356 458602 674479 392539 476094 423367 221521 200001 490978 267718 515754 355651 292963 461356 221204 494517 562451 140040 304096 549731 221044 76826 265963 351967 397225 32228 290270 223110 521779 394746 372010 390834 466145 666370 481921 53435 351800 567920 355271 563372 485386 336836 452337 521991 382564 677223 558268 659558 292434 259995 390984 150635 398382 559465 592813 619757 264241 753716 232110 134272 588778 170507 292979 484308 67323 55368
352026 482113 201023 549405 549749 396028 401255 679197 344907 324557 484289 468217 782865 138916 131902 215302 515329 560975 238117 393982 546868 334065 999999999 587152 693561 404093 403764 182669 454402 248365 298399 622311 443701 462689 560458 534477 853425 563764 783030 115389 490688 165013 790522 318311 798769 653593 477097 610290 504825 304373 447946 472310 610681 413727 174791 319930 279323 131876 729960 365855 586959 345003 581602 672537 703908 424124 144250 787517 766621 288229 643547 802048 651963 808118 802224 611118 556777 451947 692273 814219 335941 430066 622656 586490 662044 449521 699369 258614 722155 645052 338396 530482 188533 328172 737924 487166 243602 175627 388818 278918
807023 107558 453567 77870 168337 203334 206438 325274 649879 451552 462180 855658 677328 475659 636560 641349 157758 119727 707528 813475 50401 401362 587152 999999999 411620 741228 718658 501121 776672 510397 618501 236888 164486 154012 319107 176091 277572 29865 337272 605494 200690 429756 320165 665746 286144 626942 115597 77937 557900 509936 947176 361256 574296 927755 577226 339303 657255 676147 443528 399458 230705 243190 219291 198894 514968 791870 728468 272965 267007 392900 635384 222970 629044 236916 385521 175640 134278 381833 296590 277977 577601 649223 484659 489022 695339 497996 651574 681234 200746 317225 251886 707901 595727 292457 189044 478258 672355 642891 348829 415414
720698 397269 676691 345148 568707 496430 511716 93324 528034 385392 250696 703013 281003 655915 802170 608584 286575 524341 670260 697919 440060 361820 693561 411620 999999999 594214 566369 717229 604627 476641 528059 174841 361654 346183 714180 571213 581992 428871 188686 772703 269124 543320 220775 564103 280720 284108 387754 488612 314852 788592 861949 221865 250761 860842 575318 379933 581810 709484 38900 331569 185289 448031 625226 236609 117559 646162 827937 654430 255875 405335 300898 417239 287723 394334 163037 236500 537444 736764 135009 642123 858948 952882 142707 179263 363901 307086 287294 898357 592226 726901 493370 1034521 581869 396272 563617 259485 623536 830413 304991 415749
148287 642486 565363 671289 793199 627311 641548 636278 92193 289701 348076 116306 526005 500723 529257 188803 599094 779848 186512 107839 724134 339881 404093 741228 594214 999999999 27856 568161 50501 246176 133223 632956 578697 587282 866696 782650 1013594 731766 759671 518466 555890 409474 783002 92288 822388 394440 631515 799621 283413 692340 273272 422764 382040 281261 242153 406174 126346 301908 616406 344977 603235 541051 843919 712646 534956 53471 447372 1004064 789173 355004 376071 898325 390938 890109 751292 660762 783184 792682 670864 1016407 735086 832436 462071 420161 357364 291461 434536 657349 930676 934674 570726 933065 222651 460666 928220 336698 162498 575228 396991 333147
172216 621018 557820 647959 774553 609563 624126 608807 74087 267255 320483 142178 501264 494060 531205 189339 574977 759985 196754 134865 702689 317419 403764 718658 566369 27856 999999999 562901 60957 230062 119912 606455 556843 564877 851572 764345 990004 709854 732196 518855 531545 398031 755695 85959 795514 368861 609897 778198 255697 686488 300540 396321 355146 307443 236612 385529 124485 308464 588559 321030 577027 522734 826030 686481 507442 80625 455825 982933 762363 335279 350755 872975 365422 864385 723560 635104 763687 780793 643609 994556 731395 829768 434299 392356 334436 263955 409594 659478 909458 918029 553867 930379 218348 440823 906178 308989 166929 576892 372944 313783
532834 409632 47641 486418 418783 297825 295491 679291 495713 407814 556561 644067 864859 73440 146260 382933 479096 442487 416994 571896 453561 394145 182669 501121 717229 568161 562901 999999999 618531 362617 447086 604825 394968 415344 396226 402449 741934 473254 763186 119802 469516 196392 762662 477372 755616 747080 409159 502541 604135 124651 629981 511304 697207 594865 326396 344501 441924 314517 755894 424976 572130 287991 437707 634178 756191 595250 274036 653398 726809 340719 741183 724065 746326 736509 793320 576146 434558 277189 680875 685369 171721 273328 681005 652189 772253 538059 790960 186840 595442 484508 257174 372473 345512 320988 619023 564292 415036 142551 425676 343783
176027 680147 615278 705083 835159 670404 685014 653074 135023 326013 364852 99151 512057 550838 578992 239163 630986 820103 233080 125100 761795 376026 454402 776672 604627 50501 60957 618531 999999999 290980 179981 656288 615685 623181 912463 825049 1046551 768546 776161 568602 587218 457748 800992 141847 843371 384863 668908 837289 290032 742640 281703 446970 379566 296694 292363 445412 176820 350041 624144 377835 628010 583475 886824 737430 536627 56810 493958 1042197 810577 395661 365566 926131 381122 916532 764468 687693 823978 840799 689469 1053199 785584 882921 467991 427192 338821 309700 421970 706968 968672 978975 614811 983549 273026 501076 964664 352023 212115 625024 429439 374319
297373 406684 346839 446857 548239 381530 395539 484717 155975 91432 243536 353249 534947 289480 377742 141492 383688 537311 208837 303968 487439 127258 248365 510397 476641 246176 230062 362617 290980 999999999 113688 451824 345912 357788 621520 537270 787272 497291 602183 355442 344681 176252 617841 159711 642953 405240 396603 562319 256522 480046 439927 259359 362787 424828 98738 171346 146876 233256 509604 150430 417515 296086 598113 521380 466895 291095 362355 764779 609129 117623 395426 690303 403634 687315 609194 462750 539766 554071 508662 779987 534287 635930 384512 345573 416941 202825 451005 499221 691943 688519 324557 734943 106323 220378 693072 243831 167018 418059 194580 95197
200214 516777 439583 551774 661865 495213 509167 553486 48645 172647 278255 239979 525944 376825 429468 100981 483780 650275 147189 195883 598079 220991 298399 618501 528059 133223 119912 447086 179981 113688 999999999 535154 454414 464749 733475 650949 893900 606989 675370 413497 442262 278122 694935 47249 727190 390498 506268 673314 249100 569663 345253 328801 360409 337290 124361 279809 53909 228088 556295 233488 502756 409668 711785 610502 493210 177465 375702 876704 693423 226970 376082 788413 387902 782962 674894 554735 653010 660929 583137 890825 617225 716911 412785 370531 380000 223892 435635 556963 803618 801729 438018 817297 110124 331997 803325 271876 100836 473950 284439 204587
735366 235203 559996 173475 396763 346182 359495 90936 550746 366103 296357 748607 447164 553784 711926 593209 131119 351188 660156 725540 267458 324574 622311 236888 174841 632956 606455 604825 656288 451824 535154 999999999 216145 197056 544599 400440 428787 255088 161196 680787 135823 459203 169126 578942 192126 417220 227661 313771 388245 656585 880408 210198 370028 870937 543681 305474 584978 669740 206906 304017 35510 318578 452263 83510 282432 686406 764975 485005 158311 349153 429461 279075 420024 264317 188686 61750 364667 579078 76861 476327 727671 815434 267053 283342 492776 347936 433849 791270 420197 553009 357742 889962 556137 296309 394157 311317 616439 732663 257255 367063
642669 65339 348699 107343 243589 134780 150166 300389 486929 289692 326759 692404 587991 351718 513886 477895 85638 214417 544524 649102 146416 239669 443701 164486 361654 578697 556843 394968 615685 345912 454414 216145 999999999 20393 370021 239408 441630 153069 369769 482324 92717 280041 367805 501661 362692 511875 53551 221770 418334 440472 783303 230347 456831 764665 414889 174876 492769 520251 399656 241767 187538 107340 301980 239427 438947 628726 587702 426861 332770 228425 516444 360853 513213 364975 403802 181288 222140 375779 292960 437740 511554 599721 386792 378619 571315 352485 544007 581745 353285 405426 142054 676358 432820 129405 349543 342138 508443 529100 194125 250944
655027 64697 369041 90929 247797 151170 165854 282428 495873 297667 324522 701646 578189 371979 534067 491631 66068 215271 558576 660024 141954 247478 462689 154012 346183 587282 564877 415344 623181 357788 464749 197056 20393 999999999 379184 244920 429585 145960 349686 502509 78957 298606 347475 511978 342418 505993 52468 216305 417590 459867 796416 226169 451205 778519 429540 186445 504438 537143 383869 247025 169379 127726 306549 219035 426797 637859 606795 421120 312416 240170 511313 343526 507478 346785 384220 160977 224129 390592 273761 430151 530928 618427 377403 371292 567350 353254 536894 602111 347616 410526 161938 694142 447061 144638 341503 340166 521654 549454 197678 262600
879836 319555 362737 371144 150775 255326 238418 635463 777490 607024 688956 967130 957371 421543 539128 710587 429697 199534 764091 905755 278673 564356 560458 319107 714180 866696 851572 396226 912463 621520 733475 544599 370021 379184 999999999 144579 425948 294134 656249 515357 457319 464022 637903 776634 597583 880088 330369 258551 774174 325128 998889 597762 824834 968431 642478 487538 752511 685890 749428 580095 528971 341358 107183 517735 804311 908041 670124 296592 582661 526949 883425 490710 881208 515895 704581 486952 184875 131074 611730 336776 369337 401069 756468 748417 935489 704275 913525 520859 265742 89634 301548 429247 664040 430464 305029 703359 745375 521867 543988 545486
817592 181761 358718 226984 16430 156133 143611 491211 690963 505496 565583 890173 820565 401999 548028 646248 289258 59417 706497 835782 134105 458602 534477 176091 571213 782650 764345 402449 825049 537270 650949 400440 239408 244920 144579 999999999 343794 149994 513221 519535 320541 404355 496158 696715 459364 750777 193445 126106 655492 374641 947463 469738 695875 921406 577790 383279 678388 647057 605952 468877 385934 241637 63476 373859 664485 828352 663168 253674 442221 429956 755718 367755 752206 389627 560846 342424 45073 215035 467151 283383 435480 493339 620855 616154 810691 587734 781763 563379 192993 166023 215790 541883 598748 325888 218642 580751 680324 542737 426741 450867
1084280 384251 696336 342478 327459 457805 454261 489314 923195 724427 710367 1128997 862947 731125 885454 918918 415732 299460 985028 1089454 309048 674479 853425 277572 581992 1013594 990004 741934 1046551 787272 893900 428787 441630 429585 425948 343794 999999999 294734 425027 855735 459788 702142 392187 941067 326973 845856 392982 243333 806156 717565 1224731 611957 798688 1205247 854600 615945 934003 950086 601074 668999 443529 515833 330080 349690 698965 1065136 990744 148623 337912 669656 858248 171007 848711 199865 477008 376814 307670 542828 446987 108653 775824 823219 695258 711831 921521 754103 860573 907145 160573 361962 515165 855011 873230 570028 125753 726313 949894 883786 617187 692122
792777 90704 425780 85873 143708 175844 178016 344908 639984 442638 463615 845383 689860 449650 609871 625624 162270 96446 691217 801082 20585 392539 563764 29865 428871 731766 709854 473254 768546 497291 606989 255088 153069 145960 294134 149994 294734 999999999 363567 578938 202795 408494 347609 654216 315264 634118 100752 71293 558584 480264 931750 363041 580720 911324 560532 327184 644093 655906 461952 392980 245340 221745 197433 223871 529027 781738 704212 275256 295364 380346 641711 251336 636057 266147 410867 195056 110403 352770 318482 284702 547814 619395 494621 496514 700638 496609 660459 652515 201836 298050 226717 678481 579494 277605 196497 479591 657228 615293 343459 402855
874362 374278 717626 299929 505542 491748 503015 123394 684387 513043 411892 872598 454883 714081 872890 742280 284486 456717 808057 858599 381124 476094 783030 337272 188686 759671 732196 763186 776161 602183 675370 161196 369769 349686 656249 513221 425027 363567 999999999 841692 296351 620306 34470 716450 100481 472746 369588 402496 490975 807931 1018616 347007 438448 1012645 697063 464805 727357 825964 192375 451926 196246 475486 554227 141057 300991 812814 925258 524668 88270 505915 489579 254065 476380 226234 53320 189770 471378 711514 93541 503446 878781 962539 329168 361651 552553 468241 473932 949958 474448 646020 511574 1031600 708009 457505 437944 424200 762938 892963 409652 522469
455748 507542 160836 581601 535747 403452 403796 747130 460229 422815 581219 577168 885346 131140 31567 329920 562321 556643 346500 501538 560010 423367 115389 605494 772703 518466 518855 119802 568602 355442 413497 680787 482324 502509 515357 519535 855735 578938 841692 999999999 545354 229394 844980 433569 844842 759023 505188 614131 611008 217477 535084 555633 713697 497326 289466 392797 394371 231316 810399 455588 646392 375941 556866 720312 795237 536208 156999 771731 814355 372701 750137 827186 757644 837321 866640 660124 549616 393564 754580 802884 232933 320725 715736 682052 772037 551761 804462 144488 712303 603960 354720 420222 303826 385590 734240 585896 356892 62638 469511 368405
639426 138825 425147 123375 321977 227383 242880 212430 467032 269793 261557 671937 500442 417980 576578 484772 44334 285277 552458 637781 204947 221521 490688 200690 269124 555890 531545 469516 587218 344681 442262 135823 92717 78957 457319 320541 459788 202795 296351 545354 999999999 326280 300654 488681 309494 433509 127385 273703 357210 526350 783493 160677 379407 769483 428633 181832 487297 547968 307293 211097 102616 185352 380750 183482 347883 608205 634335 473634 276703 231718 440168 346425 435246 342639 323861 122201 295682 468462 211376 476953 597340 688109 300320 296987 498276 298198 462339 655733 401350 484932 227620 766983 443605 162686 388281 277619 511689 596867 159076 252363
417144 322878 173096 386677 417999 252720 262091 520378 325418 211454 361976 504367 670010 124078 258949 246785 350317 419897 303323 441739 393168 200001 165013 429756 543320 409474 398031 196392 457748 176252 278122 459203 280041 298606 464022 404355 702142 408494 620306 229394 326280 999999999 626667 317522 633809 550783 316718 461448 407921 306720 543341 326980 501303 517085 178480 163478 290013 248228 581007 231667 424061 186782 459540 507606 568941 446971 309218 650815 601746 147115 544790 640123 549994 644999 641801 446220 418324 383211 530710 673301 365264 467299 491059 459842 576563 341685 594824 360459 581589 539233 191753 564526 200033 163594 592200 368963 281538 287996 240602 147855
894596 366285 716502 289956 487631 484774 495127 148497 705862 529926 436180 896719 489201 716158 876346 758689 283832 438619 825033 880517 366009 490978 790522 320165 220775 783002 755695 762662 800992 617841 694935 169126 367805 347475 637903 496158 392187 347609 34470 844980 300654 626667 999999999 736911 66291 504818 362648 381759 517896 802269 1039230 366141 469239 1032125 711320 474587 746306 838500 226248 468250 204627 474693 534411 131013 334420 836305 933584 495238 58948 517911 521354 221190 508402 192827 84822 186528 453366 698507 112297 472789 872826 954380 359697 390828 584575 491998 507046 949484 447230 623815 508499 1020956 723072 463173 409692 449053 780435 894787 423942 535376
157958 563975 473440 598875 707834 540783 554484 593924 41119 218892 313413 193550 541771 409127 446718 105536 530453 696898 129208 149113 645243 267718 318311 665746 564103 92288 85959 477372 141847 159711 47249 578942 501661 511978 776634 696715 941067 654216 716450 433569 488681 317522 736911 999999999 770738 406309 553489 720447 272361 601215 302319 371021 381648 297273 150976 327033 40418 229828 590791 279039 547020 455754 757224 655259 522038 131907 378594 923698 737041 274112 390373 834580 403377 828720 714063 600114 699457 700708 624821 937989 645516 743811 443287 400738 386609 257395 450290 574962 850659 846171 483020 844424 132414 378967 850533 305430 89334 492182 330389 251695
927404 349434 708587 271479 449274 467763 476202 199369 741836 558111 479360 937392 553706 714396 876388 784441 283936 400446 851610 916752 334967 515754 798769 286144 280720 822388 795514 755616 843371 642953 727190 192126 362692 342418 597583 459364 326973 315264 100481 844842 309494 633809 66291 770738 999999999 563319 347962 339126 565614 785169 1072432 400600 525061 1063054 733119 489892 777105 856318 289778 496018 225575 469788 491967 126278 396521 875853 942821 435190 33855 536893 579147 156269 566783 127178 150584 187764 415183 667965 157569 410737 854844 931912 415528 443785 642787 533691 567999 941677 391347 576337 498724 993601 746375 470824 352101 493200 808225 891607 448483 555912
540767 570070 719367 549816 753738 629085 646298 366164 365196 339972 197826 481722 135612 674754 782484 490590 471902 718707 534095 501683 638038 355651 653593 626942 284108 394440 368861 747080 384863 405240 390498 417220 511875 505993 880088 750777 845856 634118 472746 759023 433509 550783 504818 406309 563319 999999999 558045 703538 148845 850167 665188 282330 55289 675636 490017 420525 439153 615164 285915 327366 406309 551623 812521 496929 178446 437612 758527 894352 536362 408541 20174 689883 4081 670100 442602 472531 728804 862530 409679 889989 913491 1015002 150963 137943 79815 209261 45926 901369 825179 916518 598604 1109359 485652 468166 804669 186548 489772 821610 345693 403404
692442 12259 361772 77259 195711 122241 133600 316991 539613 342896 376902 744844 627817 374087 536662 526023 101184 162896 592046 700343 92945 292963 477097 115597 387754 631515 609897 409159 668908 396603 506268 227661 53551 52468 330369 193445 392982 100752 369588 505188 127385 316718 362648 553489 347962 558045 999999999 168393 469670 439673 832001 278627 503353 812266 461663 226458 543437 561630 424488 295304 205085 132272 254516 231660 473997 681249 619956 373430 320791 279594 563570 325183 559576 332928 408948 180603 171661 351716 302332 384944 510179 592969 427620 422835 619785 404739 588432 594356 299863 358612 152126 663909 480249 177342 297090 392510 557274 547765 247365 302104
855894 157180 456088 153737 113284 214480 211189 400981 707614 511281 534809 912497 755265 488235 644264 687150 232366 67789 751754 866273 75508 461356 610290 77937 488612 799621 778198 502541 837289 562319 673314 313771 221770 216305 258551 126106 243333 71293 402496 614131 273703 461448 381759 720447 339126 703538 168393 999999999 629856 492090 993142 434155 650500 971287 620875 393832 708710 709671 519835 463008 308595 277059 153023 268921 592826 849025 747442 205104 325302 446344 711554 241865 705562 263530 452848 252173 81217 341092 370268 217669 556001 618206 562224 565718 770931 567853 728866 674427 131527 244392 272375 667980 640443 341944 131811 550799 719477 645017 413983 468753
420163 481922 579181 480428 661056 519004 536058 369434 232022 196627 96240 388786 281082 531145 634056 346896 400571 632438 395726 390003 558136 221204 504825 557900 314852 283413 255697 604135 290032 256522 249100 388245 418334 417590 774174 655492 806156 558584 490975 611008 357210 407921 517896 272361 565614 148845 469670 629856 999999999 711648 555673 196901 111571 559549 341868 293660 300683 469178 334273 197785 365866 435278 718781 471716 252539 333786 610851 830833 534150 271527 139130 666696 147146 652551 475841 431190 640469 741438 408645 833158 772785 874717 178802 137338 170109 71082 194717 753908 758518 820868 479914 970784 338452 347238 744845 80142 349852 673636 230274 262897
656088 436655 133648 514282 390745 317884 308972 738697 618303 515366 655093 768589 961638 192868 232709 507569 525926 425860 540849 696102 459686 494517 304373 509936 788592 692340 686488 124651 742640 480046 569663 656585 440472 459867 325128 374641 717565 480264 807931 217477 526350 306720 802269 601215 785169 850167 439673 492090 711648 999999999 748204 597297 798298 711724 450309 434475 566218 435328 827482 523387 626970 341599 392836 671318 841108 719887 372673 609410 759556 441758 845961 728876 849766 745897 844057 618162 414715 194594 733422 645865 71090 166572 770392 745513 881349 643194 892705 195928 561408 414455 299123 259285 469722 398747 591866 664511 539675 204774 515051 448766
145050 841227 647778 886257 960809 793820 804456 895878 334906 516270 612096 192710 793707 582906 529610 306152 823363 959228 241788 165735 919959 562451 447946 947176 861949 273272 300540 629981 281703 439927 345253 880408 783303 796416 998889 947463 1224731 931750 1018616 535084 783493 543341 1039230 302319 1072432 665188 832001 993142 555673 748204 999999999 673283 655197 42024 372464 610399 296613 316549 886241 577951 847930 717377 1002784 955321 807868 227584 398380 1190275 1038671 556851 646227 1129760 661542 1125804 1015040 898764 959041 897978 927131 1209625 767597 848910 733647 691379 620327 555259 703338 640675 1119178 1078985 732861 944478 352700 654736 1124926 602512 274861 572084 627994 534710
528523 290833 474943 283639 473530 347897 365056 226572 341259 168280 100930 538493 370805 445172 584295 396952 203723 441145 461849 516188 363851 140040 472310 361256 221865 422764 396321 511304 446970 259359 328801 210198 230347 226169 597762 469738 611957 363041 347007 555633 160677 326980 366141 371021 400600 282330 278627 434155 196901 597297 673283 999999999 227091 666037 357108 166877 380421 490152 257710 110515 181043 274692 532117 290489 245048 476210 606081 634091 367111 184465 286214 480507 283484 469816 350371 241939 450277 585094 254391 636289 665274 763848 173520 154152 341227 142552 316718 686456 561979 635739 322465 852714 365645 199374 547945 117021 416313 614949 86466 193939
524540 515413 668276 496888 698995 573820 591032 326041 340808 291980 143995 478345 172191 625381 738047 458467 418450 664407 506635 489861 584192 304096 610681 574296 250761 382040 355146 697207 379566 362787 360409 370028 456831 451205 824834 695875 798688 580720 438448 713697 379407 501303 469239 381648 525061 55289 503353 650500 111571 798298 655197 227091 999999999 662303 451719 366966 411460 580358 259201 274939 356808 496636 757754 451276 159597 429000 720924 843039 496664 357336 61090 645800 56404 627268 412949 423446 674349 807631 369025 839738 862364 963619 109629 87016 122953 161939 94451 854985 773288 861692 543716 1057300 449204 413683 753767 133788 461030 776126 291144 353498
140250 821121 614377 868909 935081 768967 779013 890581 332886 505168 610219 215494 806347 550202 490807 286892 808345 935253 220228 174139 898869 549731 413727 927755 860842 281261 307443 594865 296694 424828 337290 870937 764665 778519 968431 921406 1205247 911324 1012645 497326 769483 517085 1032125 297273 1063054 675636 812266 971287 559549 711724 42024 666037 662303 999999999 350796 593490 286045 283440 886567 567211 837813 694631 975642 944127 812076 240579 358048 1166459 1029220 540357 657134 1114999 672108 1112122 1011261 886567 934531 865086 920408 1186909 729339 809395 736018 693524 634941 553771 715222 600258 1095971 1049655 707902 904462 332028 635499 1103086 601555 257934 532734 616171 518572
239942 470391 323567 520362 590561 422767 434229 581246 172031 189953 340370 327916 622874 258602 306481 68655 464443 587124 130880 263369 548134 221044 174791 577226 575318 242153 236612 326396 292363 98738 124361 543681 414889 429540 642478 577790 854600 560532 697063 289466 428633 178480 711320 150976 733119 490017 461663 620875 341868 450309 372464 357108 451719 350796 999999999 247758 116638 134618 608341 247144 508767 344926 635108 609502 563833 273273 269207 817999 699442 197009 478184 769917 487993 769322 705973 549496 587332 557432 603552 837168 494928 593825 481409 441645 491459 295946 535929 433349 746741 717304 362163 694361 21572 285490 752684 339433 103230 350396 287516 177247
468609 237018 309034 275860 392170 233725 250014 359310 314031 122218 222972 518666 527308 278537 422425 306851 216686 374801 374292 474228 318459 76826 319930 339303 379933 406174 385529 344501 445412 171346 279809 305474 174876 186445 487538 383279 615945 327184 464805 392797 181832 163478 474587 327033 489892 420525 226458 393832 293660 434475 610399 166877 366966 593490 247758 999999999 318072 366486 417759 95885 269965 146291 446225 364614 411693 455209 460778 597941 456617 53726 418720 522552 420575 521572 482368 303737 379072 447785 373048 611156 501055 600876 337359 311073 461967 222578 461260 520384 524615 543423 187844 692277 263750 57694 523528 234056 335935 450650 81350 76178
