NAME : synthetic_000118
TYPE : CTSP-D
DIMENSION : 100
GROUPS : 8
RELAXATION_LEVEL : 1
EDGE_WEIGHT_TYPE : EXPLICIT
EDGE_WEIGHT_FORMAT : FULL_MATRIX
EDGE_WEIGHT_SECTION
999999999 681715 222738 660191 419349 869477 598188 583677 340616 580156 848164 629628 130751 718440 865602 611112 635349 644589 640602 125646 901727 442626 520902 815445 772871 585190 323685 352486 228821 408879 320464 275047 339848 662253 257641 635265 469986 501358 43989 540707 274091 671812 92572 671888 826419 689394 611751 573080 512567 251447 440316 423459 115264 760675 699256 261438 792435 332139 926697 86632 556737 542648 358452 546723 459944 543089 831497 749944 257384 593892 349230 85850 601887 523461 188373 714934 509228 724831 313004 457004 235024 684482 565857 186696 578671 795267 542784 469867 134178 388843 203061 470374 882393 699480 599202 754647 451627 642536 655809 395066
681715 999999999 903839 71028 404604 609490 371635 346309 344668 379200 328835 866781 611940 51235 452542 373721 114902 392694 224642 775557 444985 480125 475641 543919 244510 96533 951803 507599 865764 709957 469715 716723 346697 400679 453682 98437 664747 511698 714822 435528 533324 69831 591418 19028 365984 257862 515925 571839 219558 863450 753664 735005 786124 156733 379877 756864 302253 866657 576265 634752 557190 733388 344431 800751 222002 200459 333947 114391 596524 635231 346092 657288 261954 220976 586889 74119 280600 472953 540254 523384 761016 59868 929412 848304 389132 641271 587590 239066 560949 623952 817944 366833 541217 562078 718596 604071 456357 753119 160627 288741
222738 903839 999999999 880037 624110 1051261 801645 790396 560970 782633 1063529 711035 312547 941077 1069809 798617 853129 829235 848765 171481 1109350 630372 707618 1003263 981907 807310 192079 521537 143148 523038 507728 351443 559750 845968 474958 854108 605298 680520 189730 716627 464223 894527 314831 894310 1037461 894174 791985 739788 733516 222264 538099 527807 139023 982504 903394 338979 996097 338033 1119369 286978 726262 660182 573881 639453 681877 763979 1045635 968755 405445 745984 571119 270368 806233 736964 360707 934909 715436 917555 475966 612556 277118 904705 604608 128111 779765 963745 704378 691683 346864 536621 209782 664253 1076206 875435 727909 926719 644113 765753 876625 616151
660191 71028 880037 999999999 427795 674026 421301 394357 319577 426405 399845 899733 579326 119705 521974 303246 45559 321710 153617 761595 515659 508573 514016 607592 189051 97000 914817 454858 831789 729915 422459 670284 320468 329654 449175 32020 692629 547157 690307 368215 539903 135545 572650 84025 435960 188741 563357 613454 245261 857073 774821 755356 768747 227630 440607 759655 243773 869770 644843 621201 597604 765473 309332 829785 205385 233747 404669 91824 551067 676505 342121 644468 191899 165227 548921 54898 220024 532598 490604 461504 719284 25899 952333 833783 436004 699522 625579 251764 533729 644575 809957 306359 608858 616043 756693 660840 485885 793461 221768 265696
419349 404604 624110 427795 999999999 464159 178900 166292 266479 160826 446530 476451 431462 416085 446882 587408 433071 622019 510668 461023 485258 86243 133512 404268 607732 330852 741729 498237 646598 305440 436815 603939 272259 638403 174185 421386 265676 144262 462858 580354 165409 357732 335045 387207 414481 566330 224647 228719 185228 510698 349082 330418 486524 407294 280304 379997 654028 484673 510060 339612 209353 342326 316920 403018 263727 205609 426379 512294 505404 282891 163058 354037 505376 397357 447999 469545 437039 310304 496776 584698 606892 441682 525437 529308 159702 414007 223327 178570 363507 219408 474156 474667 465323 311808 346872 369807 69586 389170 297725 261526
869477 609490 1051261 674026 464159 999999999 306212 332598 701633 317030 339396 542593 895340 577783 196712 946254 707826 974085 817917 879977 243759 426863 348578 68208 852670 608943 1192613 941964 1098138 568746 882230 1067762 707440 986294 638090 690275 476247 371150 913443 974038 595810 540026 792871 592484 273925 861401 259506 316979 501853 884455 582214 578831 913003 480627 238913 738543 911119 809857 109128 784251 327646 469024 744771 537310 636192 487697 317694 713067 965826 333466 606874 793018 839237 749820 911508 680247 808483 160959 948680 1012459 1070299 669116 682131 937009 313555 120121 355593 539987 827472 523091 864352 874536 99083 177538 400736 136147 418846 395257 452489 673078
598188 371635 801645 421301 178900 306212 999999999 28815 395455 19946 287534 516816 603137 360206 268282 658507 444473 689210 546137 636249 308692 187117 133402 240491 610185 336859 920127 635772 825018 414636 576167 769618 401253 703152 348420 428380 341242 175896 641621 675977 338668 305914 512907 352632 244113 596218 144776 209184 204807 674434 449224 435530 663392 305927 101750 535189 664863 631419 335825 518313 198385 390420 438761 464446 336257 198644 264159 485820 663483 271375 302375 532174 557881 459327 613216 445515 513981 145313 643224 707448 779047 425085 608189 702593 27010 290603 234175 237356 535289 336818 642164 573825 290837 197516 359611 248099 166256 388841 218026 367846
583677 346309 790396 394357 166292 332598 28815 999999999 369743 33126 286766 534605 583517 337081 282058 629694 416687 660399 517725 626836 319025 187807 144817 266146 583366 308825 904317 609901 809303 421377 550639 747882 375502 674354 330890 400736 352232 186731 626793 647516 329831 281726 496872 327282 249192 568057 169684 229318 176025 670185 457852 443192 652774 288985 116587 533189 637679 631954 357244 505433 216951 406033 412194 479055 307805 170009 264732 460660 640325 292303 278757 520252 529142 430517 591678 419941 485268 171687 618346 680214 759291 398830 620694 694363 43214 319407 251287 209197 515893 341024 636287 545597 312326 226060 379226 276910 165092 410266 195740 340651
340616 344668 560970 319577 266479 701633 395455 369743 999999999 385130 567739 708138 269194 385390 628519 345016 295932 381188 319048 445130 650035 346175 399108 635776 445578 248673 611037 240335 522735 497431 180938 399052 5897 398916 165886 294964 496108 409597 371349 319785 279584 345346 254006 336770 565975 373310 486443 494847 222627 548596 543382 522329 450035 445235 478026 471458 474881 578966 722605 306536 475404 580204 51502 625887 123938 249653 557485 409536 282209 546487 103423 330307 292066 194355 252227 374338 203673 540768 249980 318984 429574 343944 717445 516514 389579 671232 486049 175741 216303 423244 499757 215487 678262 569619 600876 626798 334789 645415 353515 56015
580156 379200 782633 426405 160826 317030 19946 33126 385130 999999999 307141 502514 587413 370199 287177 656325 447795 687582 547477 616893 328228 167212 115515 252501 615454 339611 902480 625406 807354 395729 565402 755186 390970 701849 331837 432053 323553 157936 623684 670976 319320 314829 495491 360173 264059 598426 137075 196425 202608 654519 430824 416859 644266 320398 120902 515246 669435 611596 351370 499801 184437 374810 429576 448352 331572 199432 283901 493574 650224 259303 289987 513394 557379 457136 598718 452737 510466 156931 631653 699183 763324 431335 591188 683037 10112 294132 219313 231961 519481 317375 622349 568034 306421 197871 346521 250791 146311 377222 228749 359842
848164 328835 1063529 399845 446530 339396 287534 286766 567739 307141 999999999 774921 822844 283333 146401 700904 442635 721240 553459 905485 120353 473696 418461 289479 552041 372693 1159232 786625 1065691 700828 736054 966776 572356 729491 590549 425387 622853 460450 889399 754624 611931 270728 757061 317168 67655 584535 392601 471484 347659 955882 733365 720831 928506 173544 204168 819921 610862 918304 270885 776552 467057 660130 593011 735759 458543 318834 26104 409410 849418 525026 508218 793865 588766 527278 817078 386403 590290 270368 808816 826744 993322 385872 883749 974987 314360 418243 504993 394787 758781 624294 920532 671993 247950 383238 614410 397234 451599 632012 217949 519331
629628 866781 711035 899733 476451 542593 516816 534605 708138 502514 774921 999999999 728833 866703 682623 1050417 908499 1086170 986380 561608 737231 392129 393201 537771 1083187 803734 895883 894650 816620 226860 837610 900867 712962 1103403 550364 896055 213686 355264 663804 1026090 437602 808997 605538 848187 713491 1042300 384191 308807 654484 492640 189704 207941 600670 822690 572908 380798 1130369 381276 648507 555108 318433 134394 758753 85652 737734 667889 748892 979292 848840 250473 614597 546193 977875 869637 774949 936759 902285 509651 874354 997961 864369 910953 151496 583141 492570 422623 283323 654693 678779 286042 501983 923288 622140 401289 160598 413534 414091 148967 728691 722459
130751 611940 312547 579326 431462 895340 603137 583517 269194 587413 822844 728833 999999999 654148 862249 490229 548508 522399 536797 255789 891895 477643 552494 835663 669958 516863 342041 223090 253859 502582 197587 179972 266403 539695 257303 551389 548243 542397 134004 414552 323242 614398 123945 605081 811340 581651 646533 622643 475944 382125 539793 520943 239771 712578 699791 379836 683561 460033 938762 176734 604471 627766 269998 643772 393047 505690 809489 665069 128650 654637 315297 191508 493723 428298 57629 634028 403297 741265 182444 326482 175917 604757 681110 311389 588188 835995 598158 429418 68004 464224 333801 352868 893795 735658 675669 793049 480083 720783 615657 324938
718440 51235 941077 119705 416085 577783 360206 337081 385390 370199 283333 866703 654148 999999999 412709 422899 164757 440624 272157 807921 401412 486410 473602 513755 275832 137608 995175 557141 907944 720809 517823 764087 387877 447862 482742 148879 669808 511799 752922 486446 554776 58617 627151 50184 325106 301202 504899 565884 234796 891146 763386 745426 820315 109820 355163 779295 334712 888436 537895 667495 552460 734637 389119 804147 261531 210767 290535 135336 643756 629112 376391 689515 311589 271769 631397 104600 331747 448683 588910 574525 806604 102901 937067 880743 380295 617638 584771 262439 600955 634873 846747 417911 504749 543816 714812 582373 462085 747166 142405 329412
865602 452542 1069809 521974 446882 196712 268282 282058 628519 287177 146401 682623 862249 412709 999999999 814406 561398 838130 673565 903631 54725 446662 376244 157347 687373 475836 1186315 861929 1091327 648397 806452 1020863 633832 848121 612509 543684 561609 413715 908799 857532 606209 386953 778884 437964 88086 710329 320110 398455 407794 935065 673879 664831 931392 306445 166598 792218 746392 880954 126399 786476 399795 581965 662766 656669 536178 384478 128306 544861 908583 440943 550301 800456 703182 628055 866037 517310 690313 178283 877652 915887 1037332 511950 806171 968904 290233 290084 436488 453463 795192 582161 905687 766386 101825 281340 525624 278600 429143 534631 311802 587779
611112 373721 798617 303246 587408 946254 658507 629694 345016 656325 700904 1050417 490229 422899 814406 999999999 258865 36238 153146 734460 813797 673031 709402 878135 242010 339899 769078 280334 706279 842432 292656 496245 340802 54209 510070 275775 837120 730093 623641 96918 624439 430885 549406 383941 731363 150472 783262 811156 453875 854207 888398 867345 725847 530369 707346 802986 224912 905517 932679 612855 792469 920090 297081 969361 329029 461708 703605 331274 399349 869005 436023 635964 112138 199217 438275 331913 150401 792284 326688 219900 565041 321579 1062056 797631 664093 949072 810307 427770 479423 767175 804099 142415 893443 854143 933471 906530 656643 976402 503299 328705
635349 114902 853129 45559 433071 707826 444473 416687 295932 447795 442635 908499 548508 164757 561398 258865 999999999 278671 112167 740781 557187 516374 528472 640739 174717 108517 880675 414006 799390 730559 384491 631859 296085 287465 436383 17749 698746 559347 663598 322657 533160 174599 549929 125481 476309 153991 583830 629476 256517 840481 776050 756139 745884 271505 471893 749111 223788 858998 682988 601311 612874 774110 279591 836085 191407 250145 446427 116629 513458 691958 331466 624887 147055 125597 515282 90832 176684 562536 451113 416959 683091 68476 954112 812382 457064 727731 638988 254588 506266 646130 792552 262611 645956 641123 769550 687959 494632 807774 255757 244761
644589 392694 829235 321710 622019 974085 689210 660399 381188 687582 721240 1086170 522399 440624 838130 36238 278671 999999999 168482 768377 835655 707798 742996 906074 237883 365921 794264 308946 733862 878585 325096 520563 376997 18116 546298 296067 872795 764326 656118 117718 660646 452626 584272 404141 754096 153327 815702 844936 484978 888732 924564 903514 759070 549331 735312 838835 212318 941081 957701 647920 826338 955633 333319 1005261 362283 491584 725018 340580 427674 903160 471659 670938 135392 230750 469569 345567 185079 821360 355224 239703 590889 338147 1098285 830912 695522 979577 844674 460378 513538 803155 838641 177608 919096 885452 968371 937308 691125 1011136 528144 364138
640602 224642 848765 153617 510668 817917 546137 517725 319048 547477 553459 986380 536797 272157 673565 153146 112167 168482 999999999 755671 668897 596432 618434 750483 133165 210859 851577 364517 777521 795049 350842 588661 317112 176037 478754 129888 773631 645645 662639 231485 585951 286721 563349 236881 588383 56362 681277 720669 348323 865258 841198 820626 754960 381065 580709 789729 155835 897808 795013 621269 703138 852669 285773 910116 249252 348047 558000 180335 476523 781867 383364 645162 52132 125310 494388 178769 133558 670022 407357 341511 648536 169697 1018906 824662 556277 833204 726297 335107 506841 713378 815815 202495 757712 743633 855014 792452 576556 895255 366908 280142
125646 775557 171481 761595 461023 879977 636249 626836 445130 616893 905485 561608 255789 807921 903631 734460 740781 768377 755671 999999999 944842 460913 537543 832637 886575 679907 337716 478107 255048 358884 445313 379115 445407 786153 327407 738896 437096 509514 131274 665900 297582 757306 192492 763891 875503 806245 620844 568366 587765 126963 379482 366737 39124 837657 737789 180924 909404 220775 949402 140836 554783 496917 470392 484425 557149 617688 886360 852806 380149 575796 431668 118409 719493 635164 313359 815639 626510 747993 438232 582271 323143 784823 474929 72822 613431 792415 533149 549594 255133 365965 81234 592907 906552 703989 562185 755253 475732 601767 729041 496493
901727 444985 1109350 515659 485258 243759 308692 319025 650035 328228 120353 737231 891895 401412 54725 813797 557187 835655 668897 944842 999999999 491553 423629 210422 672120 479163 1220393 878965 1125663 698994 825214 1046086 655131 844644 646318 539669 613245 462287 944500 862500 647292 383088 813505 432017 85450 702177 372134 451022 427527 980604 725558 716001 971505 292169 207697 838836 730995 929571 157353 824377 451610 635597 681190 710485 550812 401901 111055 529406 931766 494810 577591 839271 701831 633358 892604 505298 696212 231386 897218 927336 1065949 503171 860009 1011263 332372 342937 488649 474296 825550 630827 949893 775123 145207 335944 579966 332911 472868 589317 316984 606266
442626 480125 630372 508573 86243 426863 187117 187807 346175 167212 473696 392129 477643 486410 446662 673031 516374 707798 596432 460913 491553 999999999 78356 374262 691071 412114 765807 570421 671278 238334 509084 655415 351797 724278 226657 504032 184701 66566 486586 663363 169135 427810 368138 462058 430997 651937 170183 151768 263560 489058 278549 261791 491359 463317 284362 348342 738435 444618 489053 357473 132397 257749 397389 321392 349955 279678 450855 590529 565337 200316 243527 366955 591614 483600 502300 547788 522744 287198 564586 661459 649586 520945 450659 523742 161100 358458 139888 262812 411145 154811 459035 557781 445840 259048 260732 315875 24627 303372 357744 345933
520902 475641 707618 514016 133512 348578 133402 144817 399108 115515 418461 393201 552494 473602 376244 709402 528472 742996 618434 537543 423629 78356 999999999 296152 701390 420663 844151 631689 749597 282367 570253 728923 404936 758680 297912 514357 208038 42494 564872 709108 247482 416117 445390 456833 369602 672383 94144 102418 272140 559448 315947 302634 568673 433428 219810 416009 752260 506233 411864 435826 84724 262384 448967 334576 380774 280271 394207 589248 635044 163679 295880 445223 619990 513917 574452 547131 559418 210789 629440 717817 725645 522808 475966 599000 106601 284295 111979 284704 485363 208024 531972 603585 369106 183205 243131 240822 72479 279538 335812 389560
815445 543919 1003263 607592 404268 68208 240491 266146 635776 252501 289479 537771 835663 513755 157347 878135 640739 906074 750483 832637 210422 374262 296152 999999999 787733 541154 1139090 876014 1044262 536743 816588 1006286 641554 918364 578444 623240 445297 323489 859428 905912 543233 474252 736348 526646 222106 794485 213598 281137 433927 844841 554972 549334 864446 419533 170796 699071 845967 776583 120789 731161 288562 449749 678233 521772 568311 419524 265847 649082 902596 309341 542407 741184 771310 681615 849849 615358 740289 95573 883687 945247 1011160 603353 669838 892149 249820 132738 320613 472524 767678 483357 821852 806601 85533 144901 386437 125297 363824 388804 385855 606098
772871 244510 981907 189051 607732 852670 610185 583366 445578 615454 552041 1083187 669958 275832 687373 242010 174717 237883 133165 886575 672120 691071 701390 787733 999999999 280843 982294 492392 909681 903624 482738 716430 444253 235068 599460 187436 873394 733232 795540 336293 701782 314321 694088 262557 599391 95789 752405 801597 430241 993939 949329 929237 886883 381182 624373 912434 59019 1021525 813117 750697 785426 948795 416185 1010725 358884 421490 562559 142767 606860 864450 498457 774581 179095 251848 627184 172425 266685 717361 536487 455962 778555 186505 1127475 956163 625055 885439 812464 429192 639381 819703 944835 330684 780532 804132 943307 847690 669245 980919 404965 401585
585190 96533 807310 97000 330852 608943 336859 308825 248673 339611 372693 803734 516863 137608 475836 339899 108517 365921 210859 679907 479163 412114 420663 541154 280843 999999999 857631 426267 770713 633055 383415 628142 250910 377590 360302 93731 595899 452455 618338 383349 445832 108452 494995 88219 394986 259443 475396 521304 149560 769992 677890 658474 689929 216458 370755 667467 331929 777542 592851 539071 504878 669390 251693 733124 125525 141640 371312 184836 507785 583947 252505 561780 230637 154680 493830 143005 217703 459297 455397 455452 669294 113116 855350 752588 348797 622464 531624 155058 464816 547641 723896 299686 553560 534011 662476 581965 389677 700150 164042 192668
323685 951803 192079 914817 741729 1192613 920127 904317 611037 902480 1159232 895883 342041 995175 1186315 769078 880675 794264 851577 337716 1220393 765807 844151 1139090 982294 857631 999999999 491894 95132 696411 501316 274107 608069 808965 574141 885482 772009 823117 279729 676662 596807 956359 407446 945757 1142720 888558 934159 891415 814770 413110 716813 704416 298925 1054423 1020547 517290 985116 528761 1250233 408361 875965 834449 607601 820948 734697 844928 1144389 996976 375446 906182 651467 400555 803238 756536 365911 968880 720370 1048468 446563 558011 204477 940583 795151 315152 901376 1115150 858926 768981 401759 696623 394645 651904 1205849 1021182 898715 1075486 775266 939002 956078 666571
352486 507599 521537 454858 498237 941964 635772 609901 240335 625406 786625 894650 223090 557141 861929 280334 414006 308946 364517 478107 878965 570421 631689 876014 492392 426267 491894 999999999 426066 670131 61454 224238 234524 325211 352613 423147 692975 636389 356132 195095 458792 534571 313819 507429 793758 397661 722070 722053 454298 603542 712814 692297 462807 642196 716511 582616 493229 673488 960711 377962 702607 777321 199640 809262 328705 477749 779910 525458 119017 768154 338700 398146 314251 289638 166496 504837 239966 781083 46358 107659 287442 480412 871782 534296 629714 909225 707798 409604 235118 611699 554444 162138 916696 807179 810687 864772 563217 856319 568678 274347
228821 865764 143148 831789 646598 1098138 825018 809303 522735 807354 1065691 816620 253859 907944 1091327 706279 799390 733862 777521 255048 1125663 671278 749597 1044262 909681 770713 95132 426066 999999999 610736 426952 225711 520097 749508 479349 803202 683283 729162 184835 617462 502428 867462 312443 858932 1048315 817542 839989 798589 722321 347103 633843 620313 215957 963970 925490 435968 916456 460495 1155171 314026 782858 748485 522892 739255 646667 752604 1050529 915997 307130 815099 558554 307201 730826 676762 284762 886275 644757 953461 379774 504126 149308 857382 724321 246659 806244 1021936 766712 676920 310201 606245 320785 581556 1110767 927302 811009 981931 680447 852197 864236 578610
408879 709957 523038 729915 305440 568746 414636 421377 497431 395729 700828 226860 502582 720809 648397 842432 730559 878585 795049 358884 698994 238334 282367 536743 903624 633055 696411 670131 610736 999999999 614267 676409 501734 896264 333762 720524 92554 240518 445886 810092 218900 662271 378994 692635 650811 851409 329648 255723 490430 325082 46243 25624 397503 701648 500658 184954 945655 241133 657493 330638 250331 138043 546345 141377 546884 510882 676523 816439 621980 238037 412830 323784 779830 673010 548124 773792 698038 472121 648405 774674 643746 745282 224037 396976 387625 463715 216237 478175 451923 86035 316592 709743 620022 393552 205050 434040 262907 243062 595670 519927
320464 469715 507728 422459 436815 882230 576167 550639 180938 565402 736054 837610 197587 517823 806452 292656 384491 325096 350842 445313 825214 509084 570253 816588 482738 383415 501316 61454 426952 614267 999999999 247848 175221 342537 292614 391544 634116 575000 331059 220827 400651 490681 269410 467690 740304 390887 660745 660677 398710 568211 657623 636930 434328 597248 658579 535883 490922 630875 903060 334184 641226 718643 144023 752445 277601 423338 728211 499281 129001 707080 277718 355754 303897 258925 147202 474702 219055 721462 72870 160434 299934 448330 819618 506208 569513 848129 646680 353140 193217 553526 518412 156748 858841 746036 750657 803682 501772 796233 518390 218991
275047 716723 351443 670284 603939 1067762 769618 747882 399052 755186 966776 900867 179972 764087 1020863 496245 631859 520563 588661 379115 1046086 655415 728923 1006286 716430 628142 274107 224238 225711 676409 247848 999999999 394505 535055 431337 639284 726661 720783 250174 402869 503210 733769 301821 713903 963033 621405 823066 801898 620483 501743 711169 693218 348876 838536 862626 536375 715221 599111 1105060 345905 783560 804906 378881 816671 514424 648338 956200 745796 120363 834592 470909 355146 538487 506275 156477 722304 461887 911096 181979 283980 76467 696145 840814 410285 756922 1013085 777953 573240 244449 642826 460013 386372 1060102 912056 854684 969745 656454 899597 751991 449234
339848 346697 559750 320468 272259 707440 401253 375502 5897 390970 572356 712962 266403 387877 633832 340802 296085 376997 317112 445407 655131 351797 404936 641554 444253 250910 608069 234524 520097 501734 175221 394505 999999999 394764 169656 295470 501082 415305 370063 314583 283663 348444 253910 339078 570995 371123 492324 500583 227656 549736 547644 526584 449800 448834 483626 473966 472923 581222 728194 307228 481136 585236 46188 630588 126656 254488 562255 410118 277360 552112 109201 331040 289340 192733 248404 375287 200364 546566 244457 313116 425728 344986 721448 516608 395436 677128 491661 180865 214491 427911 500776 210487 683871 575515 606238 632694 340512 650816 357796 58535
662253 400679 845968 329654 638403 986294 703152 674354 398916 701849 729491 1103403 539695 447862 848121 54209 287465 18116 176037 786153 844644 724278 758680 918364 235068 377590 808965 325211 749508 896264 342537 535055 394764 999999999 564140 305027 889965 780428 673486 132379 678426 461909 602277 412725 763599 155156 830646 860725 499256 906655 942263 921218 776653 557029 747678 856950 205410 959187 968353 665960 842190 972686 351219 1022638 377906 505163 733836 343869 443727 919193 488830 688962 147056 245618 486605 351012 201758 834320 371412 252989 605929 345080 1116120 848507 709887 993325 860857 475549 531381 820621 856569 195695 930108 899697 984922 951227 707408 1027564 538954 381173
257641 453682 474958 449175 174185 638090 348420 330890 165886 331837 590549 550364 257303 482742 612509 510070 436383 546298 478754 327407 646318 226657 297912 578444 599460 360302 574141 352613 479349 333762 292614 431337 169656 564140 999999999 430945 342667 293070 299308 476772 114878 430686 167398 440637 569558 534283 391996 377094 260656 409825 379320 358243 344174 510648 447437 313221 633866 422826 682963 189679 358036 427394 213121 466408 245179 290795 573883 540920 338695 418259 107800 209842 456028 353563 276542 501090 369320 484278 341494 451177 432727 470302 551987 399973 331998 582208 358570 222359 189387 264372 364362 375987 638077 480860 458100 538651 225562 503715 402869 198749
635265 98437 854108 32020 421386 690275 428380 400736 294964 432053 425387 896055 551389 148879 543684 275775 17749 296067 129888 738896 539669 504032 514357 623240 187436 93731 885482 423147 803202 720524 391544 639284 295470 305027 430945 999999999 687001 545832 664425 337718 525534 156942 548813 108233 458663 171326 568352 615030 242837 836822 765845 746070 744921 254698 454559 743018 238253 853031 665239 598957 598604 761664 281662 824337 185808 235201 428962 114704 520316 677675 325034 622411 163770 133603 519713 83486 188013 545390 459245 429658 689087 57267 943785 810780 441396 710864 625198 243288 507391 635762 789217 274368 628217 624759 755952 671257 482005 793813 238106 242404
469986 664747 605298 692629 265676 476247 341242 352232 496108 323553 622853 213686 548243 669808 561609 837120 698746 872795 773631 437096 613245 184701 208038 445297 873394 595899 772009 692975 683283 92554 634116 726661 501082 889965 342667 687001 999999999 165665 510115 815203 234745 611312 424912 646613 569590 829699 241557 165078 448015 415027 112313 104203 474674 639202 419958 271674 919234 333678 565929 386314 161827 84740 547102 137343 524636 464335 597893 775196 659620 146022 401139 384224 764317 656113 587976 732447 688703 384054 676848 793557 701739 705452 269129 481491 314577 371546 125867 444205 490792 84074 402766 711568 529122 301516 129237 341489 208403 173234 537475 508896
501358 511698 680520 547157 144262 371150 175896 186731 409597 157936 460450 355264 542397 511799 413715 730093 559347 764326 645645 509514 462287 66566 42494 323489 733232 452455 823117 636389 729162 240518 575000 720783 415305 780428 293070 545832 165665 999999999 545127 724616 227466 453890 430492 493044 410597 700330 111645 85725 302995 524718 273526 260423 542017 474748 260517 380096 782901 467357 441760 415244 66248 222883 460461 293841 403363 313874 436040 624643 631765 138977 306339 422736 644419 537217 568265 582258 579712 243522 631042 726357 713151 557115 433982 568693 149084 295099 80786 310571 476361 168554 499326 618929 400140 198155 210221 253548 74908 249610 375568 405646
43989 714822 189730 690307 462858 913443 641621 626793 371349 623684 889399 663804 134004 752922 908799 623641 663598 656118 662639 131274 944500 486586 564872 859428 795540 618338 279729 356132 184835 445886 331059 250174 370063 673486 299308 664425 510115 545127 999999999 548515 317963 707643 132358 705673 868685 709741 655627 616319 551526 257517 475339 459245 107973 798475 742553 289479 812380 349299 970580 130016 600117 581085 384664 581945 492822 582050 873081 779091 251598 636115 387568 126487 621861 548525 189636 745181 529964 768753 313796 457210 201623 714989 593088 178524 622299 838812 585633 508022 157502 429864 212438 484999 926248 743270 639182 798323 495612 682067 694691 426687
540707 435528 716627 368215 580354 974038 675977 647516 319785 670976 754624 1026090 414552 486446 857532 96918 322657 117718 231485 665900 862500 663363 709108 905912 336293 383349 676662 195095 617462 810092 220827 402869 314583 132379 476772 337718 815203 724616 548515 999999999 591348 484516 488505 442595 778146 242106 789902 808545 472901 789035 855249 834206 653668 589362 736439 751239 321791 849369 970836 553146 789327 899556 268406 942796 339720 486490 754402 411547 312575 863014 420165 575289 181395 229512 359649 405359 167379 815956 240815 123160 473551 389887 1024373 725501 677737 965030 802983 439022 413741 740217 739218 105688 929668 866620 920351 921392 649830 964658 546378 319573
274091 533324 464223 539903 165409 595810 338668 329831 279584 319320 611931 437602 323242 554776 606209 624439 533160 660646 585951 297582 647292 169135 247482 543233 701782 445832 596807 458792 502428 218900 400651 503210 283663 678426 114878 525534 234745 227466 317963 591348 999999999 498630 205298 518088 578932 642035 337665 302338 320871 346975 264448 243371 325430 562854 440220 224590 739592 333721 656940 188448 285045 318704 327775 352969 343067 347850 591745 630335 427188 331416 203441 198006 566564 461700 357391 588821 481956 454734 442112 560754 488927 558674 437901 364532 315977 522131 275565 294273 261041 152923 309038 490863 613251 425476 357135 480978 180469 402802 452350 306708
671812 69831 894527 135545 357732 540026 305914 281726 345346 314829 270728 808997 614398 58617 386953 430885 174599 452626 286721 757306 383088 427810 416117 474252 314321 108452 956359 534571 867462 662271 490681 733769 348444 461909 430686 156942 611312 453890 707643 484516 498630 999999999 579825 52467 301722 324286 450656 509633 177881 837394 704789 686860 771136 108087 310117 723220 372075 832036 509350 617460 495795 676636 355377 745848 222152 152782 272721 181101 613557 572969 325850 639028 318824 259545 595505 143053 322143 403281 562985 562533 772164 129112 878464 830073 324878 571750 527582 208713 558416 576357 793680 406112 473343 493785 657973 534888 403501 691039 91256 290094
92572 591418 314831 572650 335045 792871 512907 496872 254006 495491 757061 605538 123945 627151 778884 549406 549929 584272 563349 192492 813505 368138 445390 736348 694088 494995 407446 313819 312443 378994 269410 301821 253910 602277 167398 548813 424912 430492 132358 488505 205298 579825 999999999 581097 736954 614340 538320 507507 420048 305501 416977 397824 196129 668121 613123 268948 717460 361465 844837 64776 489993 503932 277910 520302 370275 450573 740845 663222 244975 535605 256663 86884 527998 442696 170411 627144 435036 643975 282376 421457 283629 596493 563792 262871 494723 725572 480687 377302 79048 341021 255422 407014 800198 627128 552871 683617 374099 597780 563289 306955
671888 19028 894310 84025 387207 592484 352632 327282 336770 360173 317168 848187 605081 50184 437964 383941 125481 404141 236881 763891 432017 462058 456833 526646 262557 88219 945757 507429 858932 692635 467690 713903 339078 412725 440637 108233 646613 493044 705673 442595 518088 52467 581097 999999999 351961 272520 496903 552877 202461 850152 736178 717622 775200 147087 361870 741991 320005 851648 561045 623184 538269 714885 339228 782467 213234 182504 321129 133416 593572 616271 333358 645527 271855 223619 581610 93003 284603 454805 538868 527110 756601 76718 911666 836687 370104 622966 568766 223891 552762 606608 804999 370324 525439 543317 699741 585576 438210 734175 142408 280755
826419 365984 1037461 435960 414481 273925 244113 249192 565975 264059 67655 713491 811340 325106 88086 731363 476309 754096 588383 875503 85450 430997 369602 222106 599391 394986 1142720 793758 1048315 650811 740304 963033 570995 763599 569558 458663 569590 410597 868685 778146 578932 301722 736954 351961 999999999 623838 334142 413704 343349 918325 681174 669721 900613 218373 150153 779258 658410 874366 214373 751169 410864 602043 596297 677684 465461 317162 43906 456827 847998 464719 496280 767094 619655 548801 810304 429682 611553 205642 812442 841944 984574 425090 826494 943440 269900 350595 448766 390342 745574 577397 885244 689976 186161 318194 553364 330062 410366 569024 232045 521447
689394 257862 894174 188741 566330 861401 596218 568057 373310 598426 584535 1042300 581651 301202 710329 150472 153991 153327 56362 806245 702177 651937 672383 794485 95789 259443 888558 397661 817542 851409 390887 621405 371123 155156 534283 171326 829699 700330 709741 242106 642035 324286 614340 272520 623838 999999999 733216 774444 401245 917555 897559 876984 804224 411011 625870 844546 103163 952276 833544 673294 757107 908487 337881 966274 305506 399210 591142 189054 513182 835975 439623 697164 87955 180738 536744 199851 180166 716477 442210 360567 684476 199016 1075259 874468 607425 881273 780877 390024 555280 769721 867926 236671 797571 793452 909989 841159 631816 949910 408974 335890
611751 515925 791985 563357 224647 259506 144776 169684 486443 137075 392601 384191 646533 504899 320110 783262 583830 815702 681277 620844 372134 170183 94144 213598 752405 475396 934159 722070 839989 329648 660745 823066 492324 830646 391996 568352 241557 111645 655627 789902 337665 450656 538320 496903 334142 733216 999999999 79684 333431 631455 353785 345115 653582 445411 189104 485825 806106 566465 333343 525965 79737 267938 535134 343595 454735 334159 366783 630235 728639 133792 384174 534017 688223 585038 668519 589616 634798 142606 721416 805371 819371 568404 492365 679118 127372 190270 116518 355495 579471 270451 608286 685036 293247 89129 223823 146681 166620 247844 362596 471789
573080 571839 739788 613454 228719 316979 209184 229318 494847 196425 471484 308807 622643 565884 398455 811156 629476 844936 720669 568366 451022 151768 102418 281137 801597 521304 891415 722053 798589 255723 660677 801898 500583 860725 377094 615030 165078 85725 616319 808545 302338 509633 507507 552877 413704 774444 79684 999999999 373653 567479 276546 269267 603072 514900 267478 421580 853195 495523 401923 486455 19488 188653 545535 264299 482862 380109 445775 686040 715533 63396 391479 491423 722391 616190 650797 644380 660994 220247 716287 811997 791075 621088 412801 622317 186327 224317 39491 387119 557554 206433 548165 702880 364329 139616 150435 187151 160106 181418 425038 489114
512567 219558 733516 245261 185228 501853 204807 176025 222627 202608 347659 654484 475944 234796 407794 453875 256517 484978 348323 587765 427527 263560 272140 433927 430241 149560 814770 454298 722321 490430 398710 620483 227656 499256 260656 242837 448015 302995 551526 472901 320871 177881 420048 202461 343349 401245 333431 373653 999999999 661907 534292 515519 604703 249993 266668 545438 480259 654161 508418 450174 356713 520212 254975 584941 134415 30528 335914 327459 504719 435773 164216 470492 355241 254658 469537 284689 309410 343072 470193 513832 645664 257437 710547 660112 210648 495397 382474 47266 413124 404445 619327 372684 465144 400476 513127 452681 240667 551274 143243 180008
251447 863450 222264 857073 510698 884455 674434 670185 548596 654519 955882 492640 382125 891146 935065 854207 840481 888732 865258 126963 980604 489058 559448 844841 993939 769992 413110 603542 347103 325082 568211 501743 549736 906655 409825 836822 415027 524718 257517 789035 346975 837394 305501 850152 918325 917555 631455 567479 661907 999999999 330386 323977 152897 908302 773336 145945 1020416 115781 964792 244341 557379 456374 579717 425684 651752 690458 934657 948882 507101 560769 517583 220524 832100 742175 439751 909865 739337 768239 564451 708445 440881 878998 382360 100457 649305 785429 529101 628907 375721 361747 50117 711970 924168 706991 527707 752770 508372 561455 797963 596131
440316 753664 538099 774821 349082 582214 449224 457852 543382 430824 733365 189704 539793 763386 673879 888398 776050 924564 841198 379482 725558 278549 315947 554972 949329 677890 716813 712814 633843 46243 657623 711169 547644 942263 379320 765845 112313 273526 475339 855249 264448 704789 416977 736178 681174 897559 353785 276546 534292 330386 999999999 21077 418549 741108 531271 199826 991623 234426 675203 365467 274084 126510 592119 106612 592910 554056 708639 860874 661224 248762 459069 356544 826073 719237 586988 818181 744209 496183 689950 817922 675250 789866 178153 410440 422294 472541 237706 523181 491552 130249 328857 755288 639439 410353 199142 446290 303172 231093 636280 566164
423459 735005 527807 755356 330418 578831 435530 443192 522329 416859 720831 207941 520943 745426 664831 867345 756139 903514 820626 366737 716001 261791 302634 549334 929237 658474 704416 692297 620313 25624 636930 693218 526584 921218 358243 746070 104203 260423 459245 834206 243371 686860 397824 717622 669721 876984 345115 269267 515519 323977 21077 999999999 405677 724931 519627 188839 971276 233136 669885 347340 265422 132962 571045 123498 572499 535714 696312 841741 641730 246055 438299 339134 805261 698509 567603 799078 723241 487717 669749 797263 658481 770628 198417 400678 408541 471206 229989 503636 471900 111087 319449 734213 633292 405235 203733 443342 286409 238582 619446 545299
115264 786124 139023 768747 486524 913003 663392 652774 450035 644266 928506 600670 239771 820315 931392 725847 745884 759070 754960 39124 971505 491359 568673 864446 886883 689929 298925 462807 215957 397503 434328 348876 449800 776653 344174 744921 474674 542017 107973 653668 325430 771136 196129 775200 900613 804224 653582 603072 604703 152897 418549 405677 999999999 854639 765112 220035 907318 254981 980375 154530 589049 535545 471395 523546 565796 634925 910007 859350 359564 612227 445406 135042 716842 636584 296527 823194 624076 778536 421186 564866 289521 792513 512444 71883 641226 827330 568422 564881 249307 402199 112971 585450 937188 737668 600355 789617 505132 640234 747030 503053
760675 156733 982504 227630 407294 480627 305927 288985 445235 320398 173544 822690 712578 109820 306445 530369 271505 549331 381065 837657 292169 463317 433428 419533 381182 216458 1054423 642196 963970 701648 597248 838536 448834 557029 510648 254698 639202 474748 798475 589362 562854 108087 668121 147087 218373 411011 445411 514900 249993 908302 741108 724931 854639 999999999 274197 785220 440191 891493 432554 700118 504284 695001 459657 767954 324477 219969 181700 238510 718619 576434 411471 720484 418459 366852 697141 213140 429084 365532 669792 670265 874356 212553 908287 909903 330255 532738 539678 290845 653827 617515 867100 513670 401757 469534 665309 501254 438760 692926 110507 391315
699256 379877 903394 440607 280304 238913 101750 116587 478026 120902 204168 572908 699791 355163 166598 707346 471893 735312 580709 737789 207697 284362 219810 170796 624373 370755 1020547 716511 925490 500658 658579 862626 483626 747678 447437 454559 419958 260517 742553 736439 440220 310117 613123 361870 150153 625870 189104 267478 266668 773336 531271 519627 765112 274197 999999999 632392 681840 725543 244597 619883 262909 456071 517126 531673 400819 250053 178656 489230 753345 322465 392104 633890 600636 511108 706734 452963 570251 93526 727916 780326 875461 438362 679582 803765 124695 262477 300853 308074 632266 427807 742230 638382 200262 195928 412335 228066 265243 432958 219541 443322
261438 756864 338979 759655 379997 738543 535189 533189 471458 515246 819921 380798 379836 779295 792218 802986 749111 838835 789729 180924 838836 348342 416009 699071 912434 667467 517290 582616 435968 184954 535883 536375 473966 856950 313221 743018 271674 380096 289479 751239 224590 723220 268948 741991 779258 844546 485825 421580 545438 145945 199826 188839 220035 785220 632392 999999999 945401 110121 819159 205853 411440 321296 511475 303755 557706 572183 797831 850927 507918 416576 417996 188473 763242 664460 433956 810065 672972 623495 550997 690275 490995 779577 304441 212169 509409 640400 383306 518113 347957 215832 131673 661805 778788 561061 389960 607172 369048 426929 674823 511008
