NAME : synthetic_000283
TYPE : CTSP-D
DIMENSION : 100
GROUPS : 8
RELAXATION_LEVEL : 1
EDGE_WEIGHT_TYPE : EXPLICIT
EDGE_WEIGHT_FORMAT : FULL_MATRIX
EDGE_WEIGHT_SECTION
999999999 81600 45799 638580 371680 195993 407898 565951 839326 560824 647083 821082 355015 693952 801455 901568 845504 785965 474486 550427 1085252 627602 281141 525458 816832 671392 917478 92060 686797 513727 463165 414881 695404 1030113 800913 567693 1005898 487666 925728 813748 653632 696547 557015 793550 924815 853072 332892 1004347 254406 710258 408229 342040 494228 566994 556786 795880 377093 714114 904343 855045 901523 664614 434808 734662 232858 573420 936496 747712 967923 922287 141780 67761 253664 851807 1057832 227900 917168 974644 967358 1127891 368572 691639 1099592 1086490 866651 875672 523727 801084 852614 424870 702600 880804 60703 1193345 931224 231091 111641 301572 634986 802583
81600 999999999 108452 567089 366964 247245 445022 558210 845724 531043 649418 849274 334449 725553 799968 826057 851093 795902 440270 590819 1075841 620471 217880 471707 814188 675628 860385 127349 618255 538018 497360 441221 684400 992495 833614 518329 1007188 426986 876856 811894 588240 650221 511045 811131 884814 785378 343433 998343 296613 733105 333225 389227 422269 497992 505575 748021 402322 752623 916133 789621 827720 668579 455392 699472 282486 498499 871735 671069 963308 941765 142587 29230 219666 781364 1048114 172424 860835 953196 930997 1107387 412836 618260 1074417 1049977 904386 809608 510595 725711 811037 423744 632528 891904 21121 1165713 880758 228298 130026 223342 609459 728473
45799 108452 999999999 674653 416250 226057 441064 610465 880904 606606 689832 856036 400771 727897 844701 934504 887261 826767 520082 581068 1129564 671949 320632 568470 860267 713711 959939 134270 724649 551114 497139 452172 740165 1075689 834095 611666 1048417 528665 970012 857048 692998 741124 601533 832212 970203 891449 375134 1048192 287456 747418 441559 371032 529902 604513 600391 840276 415057 744952 944486 894513 935973 707002 473806 780313 262656 606873 976288 779489 1011567 960131 187276 104753 298916 888631 1102198 269450 959836 1020192 1012995 1173349 398768 726388 1145299 1132134 897429 914856 568884 834149 897840 468772 739593 921162 90764 1239115 975225 276114 156060 331660 680760 836768
638580 567089 674653 999999999 512554 678135 727525 545300 809006 393989 652810 953892 443202 881387 723486 273723 807550 796272 358371 836035 880528 577460 360724 216648 725554 680131 357033 608746 66502 716344 743590 675896 585957 609902 970478 244550 898969 188645 431229 729297 86269 301062 272325 856746 505020 225395 573447 841194 673057 833443 236834 739618 144823 78150 230049 342809 653394 943802 898360 239926 265699 674199 655331 417886 690498 86117 321292 145869 823109 969929 551431 571395 436582 214616 855484 418464 362773 695801 568808 828858 740989 60938 767892 666562 1059985 255694 495850 176990 437552 538805 68449 875034 583888 829274 422493 524222 583557 351028 448428 169767
371680 366964 416250 512554 999999999 254086 215671 194272 480514 226636 283078 519028 74390 412325 433143 779006 485424 433814 176834 329702 713636 256031 272254 307169 447642 310074 657691 283111 526917 222750 232761 163712 323988 692153 516872 313893 640227 324689 628109 445148 476271 406461 289007 459131 596514 664451 73178 633519 211192 394594 388593 243075 411556 436902 315371 502627 141848 461425 554806 649989 760661 302917 147491 401229 242405 495512 719858 656641 597688 590459 231372 343344 172763 685087 686182 250555 653541 608700 627773 760268 236684 573301 737043 744638 600190 673060 155249 687822 532364 57959 552476 530086 363805 833423 639815 141184 260208 372426 282641 675514
195993 247245 226057 678135 254086 999999999 215610 433644 673424 477858 492210 631233 277986 502447 648531 951681 680672 615992 411237 355209 940813 490678 332925 510326 665494 512573 891919 120221 711469 331470 272151 233792 563026 946220 608219 535906 845126 497935 874762 661159 667797 647512 516500 613904 849665 867772 189247 855213 63776 525976 480570 146051 545222 600381 531292 746524 199950 519079 730319 860747 942430 506447 260782 654262 36880 632697 937223 808842 817026 739419 141758 218419 241554 878175 914312 276481 889160 855119 881849 1003675 172968 737409 985526 998670 671606 883182 405727 853182 783867 291457 732903 707926 230511 1083098 884747 157504 126421 402372 536689 847902
407898 445022 441064 727525 215671 215610 999999999 305929 478348 413827 320892 415677 284768 286886 470304 994676 486664 417564 387433 146278 764147 347106 446817 522456 488587 333686 855313 321557 742524 128097 56919 61298 418383 839596 393165 525204 652346 539125 810019 482832 691652 602384 498725 405009 757917 877179 156969 675112 153723 313784 583285 83427 619886 651208 528489 692090 74133 307739 525485 860759 976066 328974 96274 570114 179978 705966 927543 870828 635812 526959 309162 415959 336478 899582 739234 404809 849934 709881 776157 848377 54617 788376 842353 885476 459890 883863 306552 903249 703716 204721 768141 504532 432029 941677 824645 252775 314999 539609 442578 891166
565951 558210 610465 545300 194272 433644 305929 999999999 305197 154649 114114 409125 229280 341715 244557 780975 308111 270994 200125 341741 519418 62261 426272 331070 257402 143634 573737 477014 535437 217612 282988 246221 130522 533991 425498 303025 452845 382753 513041 255901 482194 329008 274274 318625 452848 634408 245195 440203 379331 288239 503121 372218 490504 482714 315688 404890 257135 408882 388499 609707 752950 136703 210024 270574 413436 558971 664270 689161 405141 442585 425407 535827 349094 667861 491934 422545 566724 421602 470359 570335 352161 600801 552578 581037 515151 632127 57610 703989 402332 143827 563250 363419 556431 650775 529622 335257 454452 523345 144826 684674
839326 845724 880904 809006 480514 673424 478348 305197 999999999 425058 198029 229450 530225 279397 89763 1005470 10205 62722 497420 406746 301566 249683 731070 609846 95773 170441 717768 747357 782914 350311 426455 441578 223201 535398 276871 567419 174028 671215 617230 88858 732825 531609 542069 120804 512173 837857 506561 211568 610556 200435 804285 561645 781085 758440 584413 561437 473507 340303 89354 804574 969845 177606 412649 422040 643404 839586 835352 944134 173223 169480 705716 820675 648283 881491 281049 724029 707606 331930 489121 423042 532867 857246 445979 556223 347737 823929 362305 945408 505363 422807 810080 66580 840700 538246 639273 617477 729168 828525 360672 921396
560824 531043 606606 393989 226636 477858 413827 154649 425058 999999999 258832 560440 208469 496203 346069 626460 425196 405177 93580 481864 570617 183891 351421 185392 352485 286213 441545 482814 381113 355844 406985 352950 205178 472493 579266 149781 543167 246496 402299 354315 327978 188857 121664 463073 372339 482956 298800 506753 437816 441837 388413 461446 356396 336073 164075 279415 348356 562698 513607 460346 598969 280228 321131 177300 468687 415741 520043 536380 478723 579434 421483 514888 311629 514574 542888 368599 436107 425792 408746 579971 449023 447973 543709 527447 668984 483123 116034 549587 306134 211064 408949 489312 535174 634716 414896 339939 456221 436264 82994 530056
647083 649418 689832 652810 283078 492210 320892 114114 198029 258832 999999999 302359 332596 256387 156390 878145 202526 157793 313990 304629 449294 77703 535009 441392 173299 29625 640626 555631 638062 201020 280025 271209 117163 545433 325091 408533 358899 495665 563277 168994 585343 411584 380491 205543 483179 723509 314825 363012 431684 188947 616985 399856 604001 593115 422814 471832 296215 327534 277145 695553 847539 22594 237116 327797 465706 670772 742483 794932 324857 328477 510791 624969 450284 760716 423227 526225 632293 392098 485628 527547 374121 706557 524097 584278 414446 717190 171372 805899 447614 225724 665893 252052 645198 623373 582458 421619 535958 633459 220686 785043
821082 849274 856036 953892 519028 631233 415677 409125 229450 560440 302359 999999999 587237 130246 303589 1179502 238770 192230 605848 288339 504642 379613 791106 740188 316508 276991 922507 731849 940409 311633 359101 408226 394570 763296 52368 710207 352074 789874 830641 308365 887643 709008 681875 115681 732112 1021544 512248 421210 568692 125615 895908 492450 895503 891776 723891 758036 447029 148820 195808 991803 1147945 282130 395386 613261 595628 967210 1032781 1096819 387689 138218 707504 821068 689781 1060550 489820 767308 913114 561326 714564 642768 462766 1008413 672291 785558 120951 1012784 461825 1108243 715609 465449 968243 192668 838908 761457 851875 630872 721023 891376 520345 1087247
355015 334449 400771 443202 74390 277986 284768 229280 530225 208469 332596 587237 999999999 484314 473828 712481 534123 488404 133339 403826 742272 290865 205550 245269 486574 361275 614999 274544 461746 296487 306069 236300 351198 680892 587589 261448 682121 254599 597536 485174 412594 369570 239983 520646 579375 605893 130575 666674 249469 461967 314791 300341 337780 366534 259465 468796 210704 535027 609027 594263 696111 354001 221805 385290 275785 422460 667348 586079 632773 651139 214112 314725 119909 623259 714475 193896 611904 620677 617208 774479 298857 504120 744670 735905 672045 617169 177608 619490 510596 121875 486475 584013 335381 838355 607052 131693 248228 305696 280029 608476
693952 725553 727897 881387 412325 502447 286886 341715 279397 496203 256387 130246 484314 999999999 324293 1122652 289589 221274 524610 158931 579120 331036 683454 664845 341489 240575 897009 605776 875895 193228 230853 284923 369044 780018 108220 642940 437227 706939 817465 333321 822544 664714 613972 164603 730900 974466 395100 490061 440452 82311 798248 362443 808020 814024 654207 728180 323868 71646 285144 948188 1094574 242727 277103 584145 466538 884963 997808 1026657 452333 256338 584944 696985 578166 1009151 559820 654631 888647 595934 724723 701277 332858 938684 718844 810920 187866 970215 386127 1044436 701402 363534 903623 271908 714273 813937 837182 512429 596325 782972 473790 1025785
801455 799968 844701 723486 433143 648531 470304 244557 89763 346069 156390 303589 473828 324293 999999999 916019 85907 111985 424698 425747 294371 183618 668428 528852 18733 137416 629407 710431 695471 344524 424088 424669 140979 461957 345985 483984 208296 592417 531047 12661 645958 442531 459636 188222 429126 748112 470283 206880 587728 242000 731183 551537 702250 675439 501543 471881 451634 392161 177180 714814 880216 142919 391756 332301 621647 757298 746098 856946 168495 259140 663534 776476 593590 791861 269035 666989 619379 271706 411347 387487 524538 770512 396886 488673 424343 734192 298704 856948 417913 377339 722465 155870 796910 493943 552833 573669 689994 763518 276489 832659
901568 826057 934504 273723 779006 951681 994676 780975 1005470 626460 878145 1179502 712481 1122652 916019 999999999 1001910 1005492 613698 1094699 1005506 800471 629743 473251 913561 902566 354900 878864 252630 971503 1006354 940615 790663 659903 1202862 482229 1060686 459826 471779 918982 304886 474477 511119 1073596 582156 176609 843054 988183 946521 1065738 493362 1011248 410765 351790 473731 456644 920778 1188896 1092937 215497 44859 897609 917299 584698 964214 328187 237004 157341 979442 1173554 823190 833827 710144 126762 984488 688149 365996 812814 643460 915072 1011287 214370 844978 705057 1292428 203974 738831 100499 539834 799188 226557 1071862 844320 878430 452454 797928 854395 603477 659284 104341
845504 851093 887261 807550 485424 680672 486664 308111 10205 425196 202526 238770 534123 289589 85907 1001910 999999999 72258 498852 416400 291594 251625 734273 609647 90118 175493 712002 753583 780688 358584 435068 449227 222231 526821 286511 566559 165722 671555 610682 83682 730847 528410 541472 130841 504937 833732 512651 201524 617925 210532 805825 569903 781454 757761 583718 556589 480816 350483 91401 800209 966024 182586 419944 417981 650882 839121 830139 942038 163101 174601 711393 826201 652500 877670 270956 727995 701777 322556 481069 412859 541217 855337 436037 547125 356641 819420 364973 942655 499276 427835 807776 70122 846278 528157 632793 622920 735163 831423 359468 918462
785965 795902 826767 796272 433814 615992 417564 270994 62722 405177 157793 192230 488404 221274 111985 1005492 72258 999999999 469274 344148 363436 222593 692093 590430 126363 128262 733676 693905 775043 289808 364930 383001 214888 573704 234010 552232 235725 648316 639223 118062 723608 531304 525477 76561 539882 842063 454182 273141 552741 140358 774068 500968 757585 741188 568119 571801 416128 285567 121011 810501 971669 135471 355468 428424 585168 820785 846966 934964 234301 174261 654720 770177 604373 883547 342222 681164 724005 378623 523317 480096 471950 847154 498469 599122 313168 830762 328567 940372 524723 375856 802606 96287 789943 592876 660656 567733 676725 790899 349865 917570
474486 440270 520082 358371 176834 411237 387433 200125 497420 93580 313990 605848 133339 524610 424698 613698 498852 469274 999999999 481104 662411 248155 258097 142290 433285 343323 483563 400941 361362 359010 393590 330111 286392 555629 617576 137837 627392 184058 464373 434108 308814 236276 112209 518711 451067 489747 248907 596049 379846 482155 307004 419884 290561 289420 141581 335467 315497 585768 583881 473877 591943 336525 304445 260341 407711 361822 543043 504207 566492 642136 338021 425423 222135 513158 634605 275554 480041 519285 492943 673400 413013 417183 636094 612093 706381 496974 144421 527530 380315 186128 388229 559016 445447 725935 473723 262763 373667 345055 176172 512104
550427 590819 581068 836035 329702 355209 146278 341741 406746 481864 304629 288339 403826 158931 425747 1094699 416400 344148 481104 999999999 706990 359701 584325 622686 444410 304176 915172 466279 842466 126061 101002 170721 419870 849847 257270 614231 576385 650883 852879 437129 789836 667351 585862 308096 783018 962807 288356 616524 296463 212930 714480 210449 741211 762552 621281 746584 205186 163885 432444 941782 1071906 302393 182406 610757 318460 824557 1001507 981508 577298 414047 455413 561688 474428 990870 684846 546131 908315 689948 789440 813213 182301 896041 819703 888804 316397 964659 365968 1008131 739869 297231 869299 415483 577363 918014 870188 395537 460861 679931 486511 993182
1085252 1075841 1129564 880528 713636 940813 764147 519418 301566 570617 449294 504642 742272 579120 294371 1005506 291594 363436 662411 706990 999999999 457651 919667 727813 276534 431778 662792 995730 834593 637413 716483 719021 391444 384203 556670 673031 155680 797669 544016 281743 794878 579667 656726 415509 427539 828906 758597 90479 880858 501776 952285 845762 901755 853714 692450 555476 745444 635528 308965 790118 963307 437179 685888 464891 914939 935968 790667 990679 129848 385767 944816 1054382 861039 879537 27886 928933 651298 192694 372839 156453 818530 913452 214377 372537 606926 803488 565259 972698 466332 661027 857793 313519 1075043 277234 566043 854674 973671 1006867 487901 944494
627602 620471 671949 577460 256031 490678 347106 62261 249683 183891 77703 379613 290865 331036 183618 800471 251625 222593 248155 359701 457651 999999999 485147 368443 195772 103031 567597 538247 561119 242702 316166 290231 73055 495847 402766 332919 391658 425729 495604 194637 508575 334541 305306 279296 423554 646091 303756 377968 434384 266342 554727 419090 535076 519734 347854 398236 306606 401414 335726 618482 769842 97536 253909 255991 468668 598648 666777 718714 342890 396649 487343 598049 410766 683058 430251 483537 559630 367336 433596 513319 396704 630414 499376 539520 492147 640243 115123 728707 381218 203913 588930 310871 618646 598276 513889 397161 516024 581020 143418 707636
281141 217880 320632 360724 272254 332925 446817 426272 731070 351421 535009 791106 205550 683454 668428 629743 734273 692093 258097 584325 919667 485147 999999999 256742 679427 564183 642679 249148 406148 491461 483343 413971 536402 789819 788841 306984 875506 209107 663180 679032 372561 440395 304057 726158 680024 572022 296132 850792 344808 666301 147686 428703 218978 286943 292489 535815 379418 728882 812141 574040 625906 556919 410138 503916 353217 303910 655693 480906 819569 856495 195791 215882 110356 572062 891813 58550 643290 776029 730463 929694 439941 416489 889169 848297 871176 594568 370135 529622 604996 326155 422901 787054 231282 975688 665921 198487 225133 100329 434241 528082
525458 471707 568470 216648 307169 510326 522456 331070 609846 185392 441392 740188 245269 664845 528852 473251 609647 590430 142290 622686 727813 368443 256742 999999999 533827 469628 392504 469924 220629 501227 533131 467517 388069 540680 755049 57286 719466 70296 406441 536338 169204 187363 71581 646721 429675 360865 374355 673933 491488 618412 229069 545380 175781 151767 38773 279650 448943 727173 698654 350963 453612 463342 444120 272712 514693 230368 426914 362299 649833 764688 406541 465168 281147 378405 700873 299953 391859 560370 484389 708782 542435 274978 659413 599705 844377 373628 279880 385487 354111 326178 246968 674474 482731 738723 409365 353061 442362 309800 253940 370775
816832 814188 860267 725554 447642 665494 488587 257402 95773 352485 173299 316508 486574 341489 18733 913561 90118 126363 433285 444410 276534 195772 679427 533827 999999999 155337 622033 726008 695961 363019 442620 442515 147552 447487 360076 487711 196151 598317 521740 8318 647024 441173 463989 201768 417957 744471 486261 189719 604932 259180 739100 569655 707996 679153 505568 466627 469083 408839 179693 710646 877206 160652 409379 329034 638910 761329 740027 857581 151790 264716 678435 790962 606448 788875 250973 679264 611853 254476 398067 368808 542765 771598 378800 472948 436917 729700 310474 856216 409603 392300 722765 159969 811442 475635 543714 588445 705292 773810 280410 831561
671392 675628 713711 680131 310074 512573 333686 143634 170441 286213 29625 276991 361275 240575 137416 902566 175493 128262 343323 304176 431778 103031 564183 469628 155337 999999999 657954 579681 664127 209690 289423 287254 128474 549499 302381 435659 334766 524604 576901 150058 611605 433635 407839 177097 492485 746068 338599 344036 451177 168334 646593 414382 633128 621265 450288 489970 314637 312192 247982 717359 871320 7275 254502 345144 484940 699304 762305 821692 305281 298964 536220 650837 478463 784158 406310 554688 649329 386788 491144 517281 387683 733371 517783 585971 391185 738760 200966 831620 460857 252389 691933 222912 670963 616744 596613 447511 560607 662781 243695 810379
917478 860385 959939 357033 657691 891919 855313 573737 717768 441545 640626 922507 614999 897009 629407 354900 712002 733676 483563 915172 662792 567597 642679 392504 622033 657954 999999999 861705 290592 789931 847145 794493 531088 305016 956216 356995 737985 433919 119357 628939 291659 253015 375424 808486 235279 186690 730763 657757 863365 826005 564354 899324 472449 390765 364175 169506 788613 968105 798819 148369 310449 655039 762462 312923 890711 442191 127876 393859 655709 886471 798015 855922 672622 237751 644111 690578 11510 471950 292597 561976 888956 350060 491101 351055 1042271 152787 553177 352314 213828 651598 297018 781193 872758 524296 98455 737572 834040 671964 429640 322932
92060 127349 134270 608746 283111 120221 321557 477014 747357 482814 555631 731849 274544 605776 710431 878864 753583 693905 400941 466279 995730 538247 249148 469924 726008 579681 861705 999999999 650455 423010 375601 324418 607061 954816 713298 506437 914313 442070 860669 722779 612210 630604 492434 701959 851772 813558 241089 914041 170361 619494 391844 262224 468107 533325 497731 730615 286234 629147 812324 811626 874352 572938 343251 658969 155145 552702 891440 729590 877345 831038 63944 98334 189090 817535 968423 190717 860454 889762 891357 1042287 286532 665354 1016282 1010208 781427 833161 437003 778769 781228 334751 669012 788761 111713 1111174 867774 145047 27741 299605 553637 776942
686797 618255 724649 66502 526917 711469 742524 535437 782914 381113 638062 940409 461746 875895 695471 252630 780688 775043 361362 842466 834593 561119 406148 220629 695961 664127 290592 650455 999999999 719834 753725 688079 561540 549443 960354 232968 862244 213679 367724 700312 53362 259733 261953 838988 446843 167346 592136 800214 700984 822920 293874 761663 199565 120275 222681 287258 668760 940708 872012 176819 234386 658629 664677 377647 720895 152313 259164 161670 784470 947197 590871 620423 471231 167306 810293 462307 296451 646848 511111 775187 760511 78865 712361 605304 1050076 194328 490166 168578 382254 546600 27847 849394 634095 770264 358034 555075 624373 407561 425178 150910
513727 538018 551114 716344 222750 331470 128097 217612 350311 355844 201020 311633 296487 193228 344524 971503 358584 289808 359010 126061 637413 242702 491461 501227 363019 209690 789931 423010 719834 999999999 79748 98946 308821 738091 300660 489967 524282 533885 730417 356923 666907 541419 461387 282436 665329 837289 202090 547984 267695 196534 611230 211334 629064 644491 497773 621749 136780 238677 400046 815912 947791 205724 84200 487946 298561 710004 875450 862163 508596 409046 395977 510021 385209 866049 612873 461456 783239 593111 676178 726863 182687 775769 725100 780288 380161 838765 239914 886525 618700 180255 746928 378379 528195 824357 747183 320061 410603 590533 362341 870725
463165 497360 497139 743590 232761 272151 56919 282988 426455 406985 280025 359101 306069 230853 424088 1006354 435068 364930 393590 101002 716483 316166 483343 533131 442620 289423 847145 375601 753725 79748 999999999 70373 384798 811880 337831 529755 600426 556705 794519 436448 701759 595527 502133 349155 735276 881147 187489 626824 209690 257225 614407 138421 643845 668819 535069 681009 104243 255995 470495 862411 985470 285393 89151 552544 236754 728238 925961 888407 587384 470212 359046 468482 373426 906477 692137 445359 841103 671871 749276 806519 108578 804055 804037 855527 407118 885456 294035 917503 685099 207470 780073 449992 485148 903342 810292 295352 367491 578985 425249 903794
414881 441221 452172 675896 163712 233792 61298 246221 441578 352950 271209 408226 236300 284923 424669 940615 449227 383001 330111 170721 719021 290231 413971 467517 442515 287254 794493 324418 688079 98946 70373 999999999 362434 780208 393141 467493 614579 488334 748727 437311 636603 541658 440546 380774 697332 819533 117839 631123 170156 295407 544073 129559 573964 600537 471613 630918 38959 319260 496533 802276 920830 281867 36410 508959 202187 658720 868107 820258 592176 507968 300075 412898 304440 843147 693441 377621 789024 655642 716566 796828 106531 736540 788084 826817 467753 825371 245265 850603 642604 145277 714104 474218 430682 887289 763351 229761 312816 510426 381475 837581
695404 684400 740165 585957 323988 563026 418383 130522 223201 205178 117163 394570 351198 369044 140979 790663 222231 214888 286392 419870 391444 73055 536402 388069 147552 128474 531088 607061 561540 308821 384798 362434 999999999 430328 425611 344330 341056 451445 448427 149155 510756 316755 319342 284110 366029 628434 375312 315993 507216 295246 591626 491600 561271 535555 361516 364364 379580 440665 312529 597797 757134 126691 326223 219264 541481 617052 638488 722232 283421 385677 554311 663017 470512 669127 363734 540413 522215 294295 369571 440677 468745 634920 426398 471486 512752 618542 173851 725952 332390 274324 588946 289079 683686 525368 468170 464372 584105 628978 137532 702882
1030113 992495 1075689 609902 692153 946220 839596 533991 535398 472493 545433 763296 680892 780018 461957 659903 526821 573704 555629 849847 384203 495847 789819 540680 447487 549499 305016 954816 549443 738091 811880 780208 430328 999999999 807564 485485 494265 605436 190465 455751 527009 353483 485780 649198 111198 488858 760187 405350 900430 699006 761963 905270 684306 613498 502260 272667 789387 850230 597727 449443 615463 549993 743970 295864 933112 685436 428622 683550 416928 688721 892765 979638 777209 540619 371562 822183 293911 215314 64431 261432 886050 622972 189120 59111 882876 456935 545086 650107 186686 661044 565478 587102 999288 222722 207990 812432 927953 850475 409856 620574
800913 833614 834095 970478 516872 608219 393165 425498 276871 579266 325091 52368 587589 108220 345985 1202862 286511 234010 617576 257270 556670 402766 788841 755049 360076 302381 956216 713298 960354 300660 337831 393141 425611 807564 999999999 728442 404393 801361 867726 351816 907243 735980 699748 158486 772104 1048310 502741 472687 546886 137435 899906 466083 904957 905900 741158 789972 432083 103938 248004 1019740 1172592 306646 384774 644862 571974 979353 1063707 1114638 438649 188388 693143 804997 684673 1085807 541527 761504 947115 608529 757250 693641 436964 1026291 721711 831631 89723 1041122 475220 1128745 752072 465951 988196 244045 822171 811797 888588 620390 704252 888701 545577 1108669
567693 518329 611666 244550 313893 535906 525204 303025 567419 149781 408533 710207 261448 642940 483984 482229 566559 552232 137837 614231 673031 332919 306984 57286 487711 435659 356995 506437 232968 489967 529755 467493 344330 485485 728442 999999999 669765 127138 358709 490749 179610 133487 29000 612197 374776 352059 384932 621304 510908 591079 286285 556479 228795 191474 19447 229714 453323 707833 656665 336165 457826 429783 440775 215612 536615 273683 406645 386625 598400 726185 442533 509798 317667 376949 646278 345906 354991 503669 428335 651641 550481 298215 602130 544397 818127 359252 257268 401496 299320 322755 260683 632925 528097 681717 363563 380699 478702 365589 207499 383254
1005898 1007188 1048417 898969 640227 845126 652346 452845 174028 543167 358899 352074 682121 437227 208296 1060686 165722 235725 627392 576385 155680 391658 875506 719466 196151 334766 737985 914313 862244 524282 600426 614579 341056 494265 404393 669765 999999999 786248 624331 197028 816619 602591 648312 272781 508453 885908 673283 89920 782701 364929 931446 735611 895042 859581 688437 604131 645540 488497 156710 849047 1021096 341427 584693 484866 815872 942465 863695 1023137 82286 230093 869513 983249 801884 934019 146616 875181 726830 279901 465983 306203 706879 940087 352362 496531 451508 865474 506557 1014390 527148 583695 887806 165653 1003581 428064 647067 780043 894849 969488 466136 987861
487666 426986 528665 188645 324689 497935 539125 382753 671215 246496 495665 789874 254599 706939 592417 459826 671555 648316 184058 650883 797669 425729 209107 70296 598317 524604 433919 442070 213679 533885 556705 488334 451445 605436 801361 127138 786248 999999999 461888 600427 170816 252330 140950 701090 494240 372139 384803 742678 487827 666189 159415 551570 109907 112213 107990 339083 464996 766234 759405 369625 446517 518016 469133 342750 507271 178097 449973 331954 717856 822230 380727 424042 258628 380252 770652 259779 434841 630634 550671 778762 552445 249580 728715 664545 889956 391092 328178 365269 418799 354354 236076 734918 440107 806812 462480 341396 415264 247177 320112 355510
925728 876856 970012 431229 628109 874762 810019 513041 617230 402299 563277 830641 597536 817465 531047 471779 610682 639223 464373 852879 544016 495604 663180 406441 521740 576901 119357 860669 367724 730417 794519 748727 448427 190465 867726 358709 624331 461888 999999999 529127 352930 230066 368930 715305 117161 298865 700789 542106 838758 742439 609316 862914 523691 446677 371363 130079 748465 889091 694699 259349 427769 574968 714523 242484 868652 511502 247010 494392 542263 783972 796822 868490 673673 350695 525826 704474 107856 354089 173253 443484 849002 437851 373199 241637 951389 267959 503470 459697 116124 611823 381050 678578 886803 412751 22744 726702 832990 708535 369281 430157
813748 811894 857048 729297 445148 661159 482832 255901 88858 354315 168994 308365 485174 333321 12661 918982 83682 118062 434108 437129 281743 194637 679032 536338 8318 150058 628939 722779 700312 356923 436448 437311 149155 455751 351816 490749 197028 600427 529127 999999999 651151 446167 466757 193540 425738 750275 482726 194223 600378 251015 740283 564124 710185 682220 508483 472909 464295 400585 173996 716617 882811 155577 404415 334653 634301 764269 746577 861889 155870 258141 675682 788492 604992 794467 256457 678154 618799 262682 406199 376100 537088 775728 386718 481267 428830 735774 309604 861030 416732 389491 727190 153743 808942 483408 551058 585774 702263 773799 283303 836505
653632 588240 692998 86269 476271 667797 691652 482194 732825 327978 585343 887643 412594 822544 645958 304886 730847 723608 308814 789836 794878 508575 372561 169204 647024 611605 291659 612210 53362 666907 701759 636603 510756 527009 907243 179610 816619 170816 352930 651151 999999999 216035 208593 786853 420694 201418 542591 757007 654686 769814 274672 712898 181361 99225 169449 257671 618088 887350 822056 201515 284415 606038 612649 333552 675697 158969 283495 211482 739850 896221 551325 588309 429395 211360 770000 426833 295627 609627 484109 742758 710904 124577 682193 584327 996962 222055 436805 221902 352073 494443 81090 799203 603038 745043 346320 510668 585609 385545 373869 204054
696547 650221 741124 301062 406461 647512 602384 329008 531609 188857 411584 709008 369570 664714 442531 474477 528410 531304 236276 667351 579667 334541 440395 187363 441173 433635 253015 630604 259733 541419 595527 541658 316755 353483 735980 133487 602591 252330 230066 446167 216035 999999999 139610 600597 242381 312564 479639 541121 614734 600522 410295 646919 338806 278343 149245 100053 535655 734201 619703 283973 440396 429349 509987 117938 643419 358781 335263 420592 524765 699193 566764 640543 443886 352375 554478 477920 248011 397370 298408 537397 636074 337938 482216 412556 824789 305706 302360 415290 166819 398588 285228 598131 659254 556117 237957 497395 602928 497064 191146 390395
557015 511045 601533 272325 289007 516500 498725 274274 542069 121664 380491 681875 239983 613972 459636 511119 541472 525477 112209 585862 656726 305306 304057 71581 463989 407839 375424 492434 261953 461387 502133 440546 319342 485780 699748 29000 648312 140950 368930 466757 208593 139610 999999999 584591 376034 379138 360781 602354 489187 562418 297484 532001 247299 216398 42644 238933 427340 678833 631188 362063 486434 401882 413276 206149 515747 297719 430851 415083 578315 699591 428502 500999 304781 405074 629702 338967 372719 491561 426854 641437 525196 326681 594321 544326 789417 385167 228268 430466 301208 295519 289657 607276 519791 676465 375394 362834 464707 369482 183618 412251
793550 811131 832212 856746 459131 613904 405009 318625 120804 463073 205543 115681 520646 164603 188222 1073596 130841 76561 518711 308096 415509 279296 726158 646721 201768 177097 808486 701959 838988 282436 349155 380774 284110 649198 158486 612197 272781 701090 715305 193540 786853 600597 584591 999999999 616438 912539 467794 327323 550129 95356 818545 487573 809124 798362 627114 645283 417207 220799 124374 881796 1040771 183406 358744 501076 580750 876295 920378 997560 290533 131454 668643 784204 631848 952917 397128 709563 798947 450766 599512 543135 457721 909357 566723 673238 236629 902403 374793 1005665 600514 402086 866718 108180 803295 658973 736636 585181 687279 826131 414996 983652
924815 884814 970203 505020 596514 849665 757917 452848 512173 372339 483179 732112 579375 730900 429126 582156 504937 539882 451067 783018 427539 423554 680024 429675 417957 492485 235279 851772 446843 665329 735276 697332 366029 111198 772104 374776 508453 494240 117161 425738 420694 242381 376034 616438 999999999 406516 666620 425321 806901 652732 650868 818826 573974 504471 391341 163728 702796 802352 585857 367083 538933 491650 661655 195403 838790 578123 363144 588525 426642 676115 789063 872789 671315 458084 408903 713751 223794 236969 64490 335338 801596 522533 268203 170309 853044 378510 455717 560525 75566 570256 464849 571153 892217 324355 139658 711047 824616 739436 318123 531299
853072 785378 891449 225395 664451 867772 877179 634408 837857 482956 723509 1021544 605893 974466 748112 176609 833732 842063 489747 962807 828906 646091 572022 360865 744471 746068 186690 813558 167346 837289 881147 819533 628434 488858 1048310 352059 885908 372139 298865 750275 201418 312564 379138 912539 406516 999999999 733845 812256 852001 912410 460441 905372 366473 287548 349107 281989 804958 1042908 924163 39577 135305 741672 792382 415818 874311 308628 100082 214205 804351 1006907 752742 787038 630533 51842 807888 627298 196957 636213 468604 740681 901037 193485 671348 537027 1137253 37247 598640 166755 363302 674638 156961 903848 801011 709923 280926 710348 787005 574432 502826 137829
332892 343433 375134 573447 73178 189247 156969 245195 506561 298800 314825 512248 130575 395100 470283 843054 512651 454182 248907 288356 758597 303756 296132 374355 486261 338599 730763 241089 592136 202090 187489 117839 375312 760187 502741 384932 673283 384803 700789 482726 542591 479639 360781 467794 666620 733845 999999999 675199 140367 392228 427832 171663 462988 496433 385320 575681 84698 434998 573666 720528 826448 331873 117999 471745 172962 549292 791441 715630 637948 598659 201175 316847 186750 752751 731620 260960 726665 666202 695756 815528 168376 634383 796362 811613 581042 743556 216944 749926 603741 102227 616993 549709 336288 893859 712712 118741 222676 392876 350384 739049
1004347 998343 1048192 841194 633519 855213 675112 440203 211568 506753 363012 421210 666674 490061 206880 988183 201524 273141 596049 616524 90479 377968 850792 673933 189719 344036 657757 914041 800214 547984 626824 631123 315993 405350 472687 621304 89920 742678 542106 194223 757007 541121 602354 327323 425321 812256 675199 999999999 794580 411973 893517 757096 849484 807583 640480 532123 658500 547962 227391 774579 947545 349713 598527 423464 828518 890475 784565 959578 39492 310576 864869 976016 786273 861438 69815 856371 646455 192344 379680 223278 729593 878788 264082 406625 528217 789991 489066 946982 450173 579483 824853 228642 996610 344272 564762 774693 892709 941035 425636 919706
254406 296613 287456 673057 211192 63776 153723 379331 610556 437816 431684 568692 249469 440452 587728 946521 617925 552741 379846 296463 880858 434384 344808 491488 604932 451177 863365 170361 700984 267695 209690 170156 507216 900430 546886 510908 782701 487827 838758 600378 654686 614734 489187 550129 806901 852001 140367 794580 999999999 462367 491217 93548 546904 594907 508462 712279 137161 459892 666680 842201 934343 445199 198020 611889 34315 634954 916362 808856 756161 675773 171221 267384 242043 866025 854578 292602 859886 800703 836000 947679 116252 733365 931904 951569 612388 864970 356272 849681 743484 240359 723895 644365 281973 1030066 849981 150541 168126 425151 490697 842236
710258 733105 747418 833443 394594 525976 313784 288239 200435 441837 188947 125615 461967 82311 242000 1065738 210532 140358 482155 212930 501776 266342 666301 618412 259180 168334 826005 619494 822920 196534 257225 295407 295246 699006 137435 591079 364929 666189 742439 251015 769814 600522 562418 95356 652732 912410 392228 411973 462367 999999999 770321 395381 771027 769584 603926 658265 333269 151233 219710 884484 1035804 171829 277729 513351 491845 843921 930532 977394 373628 213487 590640 705433 566210 949254 481483 643929 817270 513625 644492 620316 365409 889025 636770 729113 227158 906086 338875 991312 626327 340312 850762 202590 723913 732169 762631 510918 606637 766618 409611 971281
408229 333225 441559 236834 388593 480570 583285 503121 804285 388413 616985 895908 314791 798248 731183 493362 805825 774068 307004 714480 952285 554727 147686 229069 739100 646593 564354 391844 293874 611230 614407 544073 591626 761963 899906 286285 931446 159415 609316 740283 274672 410295 297484 818545 650868 460441 427832 893517 491217 770321 999999999 572543 94471 176395 267296 492142 512517 849815 890239 470108 494527 639563 534563 501764 500703 165346 552695 339953 866669 945214 342279 340477 251194 451280 924979 204682 567338 788912 708595 937835 581667 285364 888129 821040 985605 488174 445638 392895 575776 434714 304289 865283 351124 965823 607172 342554 369578 114206 467977 395253
342040 389227 371032 739618 243075 146051 83427 372218 561645 461446 399856 492450 300341 362443 551537 1011248 569903 500968 419884 210449 845762 419090 428703 545380 569655 414382 899324 262224 761663 211334 138421 129559 491600 905270 466083 556479 735611 551570 862914 564124 712898 646919 532001 487573 818826 905372 171663 757096 93548 395381 572543 999999999 620874 661842 556981 740725 116080 374198 608614 892188 996039 409352 165456 627082 109183 708600 962822 879345 717890 607879 264176 360030 321350 923583 820572 379594 894783 785119 841257 926263 29999 800464 917537 953164 526547 915217 363229 916577 760700 251111 785975 587811 373903 1016707 876153 230357 261515 513816 500916 906991
494228 422269 529902 144823 411556 545222 619886 490504 781085 356396 604001 895503 337780 808020 702250 410765 781454 757585 290561 741211 901755 535076 218978 175781 707996 633128 472449 468107 199565 629064 643845 573964 561271 684306 904957 228795 895042 109907 523691 710185 181361 338806 247299 809124 573974 366473 462988 849484 546904 771027 94471 620874 999999999 82353 209423 412028 546552 864864 869201 375642 407772 626448 558845 441014 560975 88051 458237 263664 825607 931299 413139 426879 305520 359280 875049 277403 475921 729714 634009 874566 625999 197924 820913 743089 992877 393795 434935 310688 500058 448869 211054 844678 439140 893968 520018 396389 443786 208011 429096 309409
566994 497992 604513 78150 436902 600381 651208 482714 758440 336073 593115 891776 366534 814024 675439 351790 757761 741188 289420 762552 853714 519734 286943 151767 679153 621265 390765 533325 120275 644491 668819 600537 535555 613498 905900 191474 859581 112213 446677 682220 99225 278343 216398 798362 504471 287548 496433 807583 594907 769584 176395 661842 82353 999999999 174044 340965 577089 874848 847581 294498 342442 615019 581065 388970 612433 82961 377132 219743 786557 915422 475070 500413 358869 285121 827712 343859 394529 675139 566198 815443 663611 138705 758594 671787 995041 313289 430744 255001 432287 465619 135979 823673 513910 827330 441735 446140 507740 288838 398966 247682
556786 505575 600391 230049 315371 531292 528489 315688 584413 164075 422814 723891 259465 654207 501543 473731 583718 568119 141581 621281 692450 347854 292489 38773 505568 450288 364175 497731 222681 497773 535069 471613 361516 502260 741158 19447 688437 107990 371363 508483 169449 149245 42644 627114 391341 349107 385320 640480 508462 603926 267296 556981 209423 174044 999999999 243338 455952 718362 673581 335282 450786 444289 445943 234821 533314 255786 407933 373481 617383 742226 433954 497875 308661 371579 665683 333282 362739 523017 445716 670785 552016 285145 620923 561253 830777 358282 268098 390737 315796 327651 250147 649722 515879 699971 375295 375101 470034 348313 225183 373503
795880 748021 840276 342809 502627 746524 692090 404890 561437 279415 471832 758036 468796 728180 471881 456644 556589 571801 335467 746584 555476 398236 535815 279650 466627 489970 169506 730615 287258 621749 681009 630918 364364 272667 789972 229714 604131 339083 130079 472909 257671 100053 238933 645283 163728 281989 575681 532123 712279 658265 492142 740725 412028 340965 243338 999999999 627719 799116 645919 245956 417025 486803 597883 145115 741533 414484 275170 437004 522800 730916 666757 739110 543624 329922 532765 575597 161992 364245 226550 487972 728401 364807 425400 331223 876944 263881 387161 417259 95027 490450 307513 626586 757589 487733 138257 597238 702930 586207 260415 389208
