NAME : synthetic_000624
TYPE : CTSP-D
DIMENSION : 100
GROUPS : 8
RELAXATION_LEVEL : 1
EDGE_WEIGHT_TYPE : EXPLICIT
EDGE_WEIGHT_FORMAT : FULL_MATRIX
EDGE_WEIGHT_SECTION
999999999 741400 391620 681139 286615 691622 224698 225698 633977 206402 540711 294885 479206 514549 253604 480303 764557 661801 481419 576959 804271 642332 596219 530343 532948 527771 403979 714465 119815 668821 676480 592938 589889 338071 229515 688198 699995 516343 579669 159676 607572 629442 628368 409172 46637 293263 722994 548310 459412 285466 666126 131588 704854 302825 304344 452652 115757 630366 685038 633461 145184 343476 403482 126763 525174 642275 94554 662454 665222 438144 295528 458775 539229 584017 254045 364288 450429 162979 483044 689903 412426 398309 221644 250509 796299 441397 680802 716481 656907 201002 747334 391085 337993 484298 715484 443190 422758 610527 206686 471668
741400 999999999 350347 376153 498337 923170 628061 808419 263016 891221 651487 681900 694016 432323 501880 782478 29944 340838 506624 487329 293807 370979 609315 211198 227981 458562 341552 285385 673487 153952 85010 339481 254533 1051492 858625 88649 248804 689928 308688 581933 429669 365262 342716 642337 698752 589498 141050 730492 738710 658011 254230 765456 248631 813701 452046 313034 631491 608943 371746 225105 646244 864780 481842 802054 388970 335267 732740 295160 580334 413288 530004 460396 285435 791934 991106 768105 780005 896035 326201 607636 537503 697509 925193 669353 704355 364984 82636 227266 492778 647118 182467 454878 435826 815598 613028 356914 403021 289743 771665 292360
391620 350347 999999999 408546 171789 720544 300256 488571 288389 545987 488541 396962 461821 280002 156716 555744 372992 350020 342906 367104 453521 374138 490712 140529 164377 339279 26808 373222 326656 301078 285622 312641 237667 710935 532306 304891 366125 476397 280649 231954 353207 360113 321336 412688 348485 284420 341374 521735 488145 370881 336757 420573 351529 514566 130165 94657 281198 481855 409414 290963 301102 551222 235933 454998 284461 330026 391862 329811 514131 194822 240251 258085 196451 582397 643244 476342 517125 548819 184782 546049 295889 453466 585018 368583 665758 144755 289997 373110 427465 313964 373127 196906 143532 557897 564893 165909 196483 277219 451328 103826
681139 376153 408546 999999999 571627 1127386 687529 635423 562146 879395 328476 477912 869721 657236 536655 490529 403305 647756 234888 738560 657157 38925 263401 341941 272376 172556 425431 621236 674661 225731 405206 97121 524438 904854 691997 291762 129898 882269 128214 553878 701818 52504 633627 382953 654416 687195 496135 927531 896613 463586 122899 765681 584772 603544 398367 460993 608310 863245 6239 163942 658537 937330 641098 787956 155987 633668 625692 607093 212039 588897 387884 652830 518815 989003 885080 877471 924474 794638 227205 235833 702372 439329 788854 491882 328285 531223 407502 155656 777225 693868 542753 602561 355962 965511 238225 258652 262299 574186 605897 450771
286615 498337 171789 571627 999999999 575161 131174 454551 349648 396104 585572 419817 316920 235992 56993 607889 516331 375445 459892 310434 518803 535256 607302 301210 335828 474506 166499 428516 186516 470822 421873 474547 308315 624514 483677 467348 537693 340247 445791 152806 328909 521047 342039 480417 240027 115598 451400 384106 332390 396022 507851 271491 420831 505795 200361 186539 173079 394800 573165 462630 156835 379851 134013 311023 433275 355794 326494 376185 647213 152651 296345 185138 257390 440249 537061 306494 355072 449161 344426 678148 172129 504620 505058 378238 797695 157391 425804 544893 387616 148826 469898 109695 241241 396440 699809 315685 329176 324852 420723 207278
691622 923170 720544 1127386 575161 999999999 505030 917305 664312 584746 1154540 952607 259609 493886 625730 1148133 924887 601986 1034876 437740 739877 1094116 1181559 801724 862419 1048526 702136 677902 589187 972091 839451 1032629 668968 938705 916376 939464 1064014 245362 999188 675393 500263 1080203 588730 1038930 667370 467944 803397 200362 246891 933754 1040445 565867 704061 992774 775240 670992 647917 327383 1127771 990913 579536 383271 486305 591140 1002270 599864 781737 643677 1222115 542165 862232 480577 645425 138395 821809 327334 242514 786273 905263 1253179 425071 1051000 869855 906060 1372823 600410 841201 1062522 456001 516916 785713 524842 816394 207351 1274582 882846 902369 635059 896217 684831
224698 628061 300256 687529 131174 505030 999999999 436025 458293 275808 654137 448565 265711 307189 151217 643995 645107 466746 547212 358736 621106 649926 688529 432347 464594 572620 297193 530210 104887 600892 549972 590696 422967 551320 450443 598522 663758 299848 564917 170792 397214 635760 433915 534837 185172 70216 572430 336668 259237 429035 632912 158264 528703 503004 295166 315147 145942 405668 689646 589225 82697 252108 195875 200615 541358 448879 297308 477083 739003 248375 363427 249706 373191 381547 450559 197537 266306 373438 461797 768567 191037 546023 443309 402367 885865 274191 553772 672422 438625 26242 586199 197325 338936 306466 791883 428895 433093 430071 408471 335886
225698 808419 488571 635423 454551 917305 436025 999999999 769918 391061 397093 158983 699181 690188 403953 285820 835848 816380 403115 764065 939231 599979 469366 605934 581219 463564 510146 854657 335325 698506 761618 567393 720654 269620 56591 736906 695202 734912 568762 301745 782539 590055 783953 274370 253656 498705 828011 769362 683117 171881 662065 354567 836951 82550 363216 573861 295276 835025 640712 644221 353379 562350 586592 338737 491991 795996 138885 806545 550844 603024 280461 639445 673692 807874 271428 589974 675868 203417 496183 568032 610108 236074 161790 146573 655451 587794 766067 717770 842009 415814 861506 564101 372876 709991 593763 458867 419404 752768 37312 588541
633977 263016 288389 562146 349648 664312 458293 769918 999999999 734087 748912 685326 449917 187188 381685 837691 261441 85970 595937 226615 171007 541388 732537 234236 304311 570992 263601 85063 535354 352300 184158 488612 50862 969867 809315 300510 458016 439542 450635 484155 166795 530488 80036 692565 587407 400767 140480 477075 499814 659247 446384 614156 71200 801568 418463 196803 518460 346111 559844 399445 505456 660299 272084 655563 501480 74702 659000 46467 731910 210343 527932 231578 96572 536875 886305 550970 544831 796955 401819 763096 313422 737506 847239 656450 875805 192711 184758 446510 231265 482613 134929 261269 428652 576329 775900 408692 453667 31846 733119 184601
206402 891221 545987 879395 396104 584746 275808 391061 734087 999999999 744881 495184 438164 576111 390176 670017 910721 739165 687025 613579 895746 840470 802218 685836 703194 731516 550674 805023 219422 841763 817153 788034 698360 354019 368568 850858 886060 477801 771028 330625 661406 827140 706878 612967 225346 336815 846216 494799 397474 488604 852813 125788 804406 473610 488331 582240 275309 626033 882919 815677 245288 201624 468021 92798 723739 722039 290689 751955 871621 524005 498780 519186 648241 509500 237205 284563 368212 212276 670381 896258 448439 597067 295411 453021 1001895 548489 821169 899898 690601 251938 861544 472964 527254 388460 921860 631688 617809 705703 385811 602889
540711 651487 488541 328476 585572 1154540 654137 397093 748912 744881 999999999 252492 900351 767417 531301 168352 681320 824711 153310 854440 888050 308217 79597 518568 455395 192933 514913 826785 592796 501476 646884 316379 700252 653314 449178 563262 440555 925587 343328 484458 841221 306497 800107 131949 536001 686769 736328 968969 907833 256353 417127 661648 795789 335698 388398 578424 523737 963863 334715 429947 591179 868293 703423 666704 263510 806075 454784 794868 164268 678692 292308 738505 671890 1023166 668466 849301 920059 593977 349797 174654 754311 161179 558388 292061 260132 632924 650574 467977 915932 647714 781227 666607 353773 960520 199556 340372 297167 747746 381397 580222
294885 681900 396962 477912 419817 952607 448565 158983 685326 495184 252492 999999999 711444 642257 363100 195533 710643 744241 244452 724359 848405 443231 318278 491847 454527 305547 422198 770058 367391 559190 645643 414361 634555 428333 215394 604169 544859 742520 419546 281871 729697 433883 713888 121927 298563 497090 721051 782358 707742 26083 512539 422220 747137 133457 267169 490201 304772 814603 483329 499658 373478 633594 552504 421627 339017 723934 204544 726538 396840 550709 158982 599333 592661 829841 423856 632397 711270 343836 358709 416427 590375 103616 318407 46832 512403 521441 650006 568678 797247 435696 759086 522106 260018 749656 442362 325181 280578 673545 134347 500788
479206 694016 461821 869721 316920 259609 265711 699181 449917 438164 900351 711444 999999999 264176 369296 906091 700398 408532 776754 240930 565938 835862 924196 551063 608234 789114 444324 486890 363889 724664 609015 774353 441869 776322 708673 698358 811990 39721 741530 429877 305894 821875 385645 789058 445704 215606 589710 71038 55720 690644 786890 371622 504191 768253 517281 418334 411566 197584 870311 737838 347051 272284 230273 407690 742730 399659 560354 441962 962991 291525 608637 235096 408993 123329 663974 158022 103627 605633 646313 994170 168412 805914 684465 665867 1113953 348850 611426 812449 297295 283749 582211 267864 557806 127737 1015363 623335 642886 418352 673093 433892
514549 432323 280002 657236 235992 493886 307189 690188 187188 576111 767417 642257 264176 999999999 286944 820182 437148 164927 622906 87119 325516 628301 770489 317778 385042 616546 254497 237593 401420 481285 347648 568497 178366 851332 719566 445743 578035 257651 531901 388595 93311 615252 134606 682294 468947 240240 325925 298374 312901 617067 557701 464998 247367 738488 387773 199689 405906 206582 656537 507840 372422 479552 112129 507449 556399 149914 562130 187026 790037 91807 499633 57489 151634 360201 755669 366927 357660 673650 452388 822045 132636 716157 735845 604290 940868 135390 349748 573767 154991 333310 321451 126308 415629 389625 839499 442099 476242 155363 655905 207005
253604 501880 156716 536655 56993 625730 151217 403953 381685 390176 531301 363100 369296 286944 999999999 550903 522426 416679 409733 364518 552541 499256 555839 295747 318653 428516 160589 463669 171616 456740 430543 439711 336596 588185 436176 461305 514187 394411 413700 104471 378753 485067 383603 424099 207453 159226 470695 437668 380663 339171 482844 264478 452185 451921 150768 200227 137892 451635 538681 440198 144900 402864 189727 300214 392452 396557 280866 412602 599142 199098 240664 238874 286152 492402 507430 342758 399435 416254 310601 629652 229020 447673 465867 321954 748645 190313 434715 523973 440476 160580 493875 161925 193562 440812 651946 278173 285456 359704 369219 219905
480303 782478 555744 490529 607889 1148133 643995 285820 837691 670017 168352 195533 906091 820182 550903 999999999 812370 905211 278503 904825 990941 466013 246837 620998 567739 335342 582393 920243 561930 639828 764398 462680 787124 513076 327558 696671 593217 936504 482950 476214 903464 462023 877038 145574 490145 691118 849000 976890 903210 215448 566371 610864 893044 207819 433380 650298 500257 1001628 496726 570652 568877 823136 737984 605315 397573 885406 386152 881726 330048 728467 320645 781623 750845 1025064 548698 827230 906690 488985 461096 335188 779819 104086 436262 242107 394189 692304 768459 620168 974299 631218 891334 705187 412212 944913 357998 439384 391423 830738 284526 657080
764557 29944 372992 403305 516331 924887 645107 835848 261441 910721 681320 710643 700398 437148 522426 812370 999999999 335232 536568 487663 274881 399255 638717 235429 256316 488406 362766 274817 693849 182872 95770 368879 258788 1077183 885666 118236 274981 694640 338400 604922 428045 393858 340015 672089 721426 604159 130153 734326 746401 686624 282032 785068 239057 842191 478032 330075 653670 607241 398754 254338 666212 878703 492875 822258 418889 331413 758098 289802 608746 424232 558042 468425 293852 795260 1015197 779850 788587 920292 355641 635774 546977 727166 950854 697486 731227 378303 92337 252435 488227 664830 167155 467592 463038 823397 640725 385874 432221 289888 799002 309311
661801 340838 350020 647756 375445 601986 466746 816380 85970 739165 824711 744241 408532 164927 416679 905211 335232 999999999 672551 170013 161335 626434 812026 316008 387053 650931 323700 78544 554689 437997 266356 572827 126694 999846 851938 384907 543877 391663 534798 521126 104226 615328 33438 761154 615301 402382 206671 424612 461878 718222 532345 624993 102185 854504 477598 255392 548404 276685 645526 485305 524957 642763 271385 667280 582469 20436 697533 45680 814513 223919 589756 220452 154502 481261 909496 528257 508906 823787 481038 845900 297381 803376 880311 712108 959595 228593 266434 532044 153260 492440 183917 272912 493285 536261 859312 484593 527859 77296 780314 248243
481419 506624 342906 234888 459892 1034876 547212 403115 595937 687025 153310 244452 776754 622906 409733 278503 536568 672551 999999999 710001 735107 202291 148985 365267 302799 62882 368582 673497 504638 361534 496188 186331 547561 672688 459659 419677 318896 798661 204485 386112 693013 194719 648611 151083 464263 568830 584642 843129 790390 232388 290107 586178 642489 368661 259637 429609 434301 823433 240538 292152 496352 780656 567737 600186 119120 654146 411545 641996 192161 536472 191569 598238 520552 900076 660858 744745 808036 574102 196626 221361 622283 208752 559982 263469 339232 487596 499999 345161 768436 545667 629121 529679 219212 849260 244928 187976 147254 595428 375562 430004
576959 487329 367104 738560 310434 437740 358736 764065 226615 613579 854440 724359 240930 87119 364518 904825 487663 170013 710001 999999999 325071 710784 857493 397098 466245 703063 341524 248479 459669 553524 404952 651642 235663 909690 790204 512241 653606 221880 614615 462715 65851 697982 151972 768039 532781 288665 365829 254795 295546 699482 635196 511896 269843 816110 473473 285144 473787 126201 737581 585537 432157 490731 177493 554012 642121 164276 632368 208038 876154 177005 584641 125646 222988 312457 808922 373261 343249 731645 537909 908159 168275 800742 798443 685159 1026708 222428 406333 647356 80038 384825 350626 202816 502266 368218 925299 528670 563273 197852 730793 290796
804271 293807 453521 657157 518803 739877 621106 939231 171007 895746 888050 848405 565938 325516 552541 990941 274881 161335 735107 325071 999999999 644566 861588 371277 432770 701135 430126 90959 703237 432049 252500 600615 218772 1140661 979556 367550 536113 545991 564321 655161 260210 636053 190997 845379 757656 559309 161023 575339 620221 822421 534619 778687 102290 968086 583376 365374 688947 413205 653565 495078 673311 804091 428118 820611 629458 175664 829907 144076 848252 373437 689735 379667 267399 628446 1055863 689500 667685 967224 538531 877925 458151 893509 1018216 821918 983240 362909 249935 517411 284666 646241 114500 424240 589043 693287 887070 553364 600655 193951 902266 351100
642332 370979 374138 38925 535256 1094116 649926 599979 541388 840470 308217 443231 835862 628301 499256 466013 399255 626434 202291 710784 644566 999999999 249216 315948 245061 139420 391997 603949 635946 217534 392071 61509 501681 869134 656502 283995 134711 849281 96447 515091 676263 14214 610781 352284 615497 650854 483921 894593 861720 428103 117892 726839 568054 570431 359868 430539 569470 834727 42740 149680 620009 899310 608074 749036 117157 611605 587537 586941 209543 557536 349425 621684 493045 955795 847641 840659 888855 756835 191062 236695 669054 409345 752280 455662 338756 500269 394708 162073 752107 655909 530679 569349 317309 929982 243246 221086 223456 551697 569878 421354
596219 609315 490712 263401 607302 1181559 688529 469366 732537 802218 79597 318278 924196 770489 555839 246837 638717 812026 148985 857493 861588 249216 999999999 498671 430903 161649 515992 806618 636707 456219 614182 269841 685777 729573 522860 520679 383882 946814 301932 522483 838282 250313 789748 196594 586668 714336 705491 991110 936177 317768 364250 711664 773751 411990 406982 575153 566521 971979 269569 384457 631816 913665 716714 720386 232510 794292 514869 778954 84834 684884 325860 746949 662495 1047514 739872 885691 952039 662076 331020 98671 771046 235686 631142 353393 200925 635099 617563 411277 914133 684845 751461 678662 367604 993054 124461 330820 294264 734733 450837 574092
530343 211198 140529 341941 301210 801724 432347 605934 234236 685836 518568 491847 551063 317778 295747 620998 235429 316008 365267 397098 371277 315948 498671 999999999 71611 337034 136072 308642 466738 175333 155717 259173 189377 842250 653968 166375 262350 557232 221265 371046 360336 303803 297161 475681 488047 404982 230114 601634 586679 466594 240235 560204 277222 619558 244287 133230 421410 522435 340752 190368 440623 678986 321950 595235 267246 299552 522934 280703 498507 260109 334129 321214 177126 664118 779983 593768 621912 684981 169048 529919 383396 525786 715923 472761 644252 202264 160161 261428 436164 448635 270745 286864 234637 660987 543636 182187 229771 239324 568760 117240
532948 227981 164377 272376 335828 862419 464594 581219 304311 703194 455395 454527 608234 385042 318653 567739 256316 387053 302799 466245 432770 245061 430903 71611 999999999 269462 171373 375854 484258 138633 196720 187651 260595 829111 632241 157913 205128 617159 149818 377453 431354 232672 368702 423883 493809 446555 282483 662057 640498 430367 178689 579016 342862 585877 231891 191599 431091 590880 271545 130089 460611 715535 377962 610961 198502 370874 512791 350719 427653 320547 302092 383555 248181 724242 775804 638024 673112 680388 107230 458931 439824 476789 703202 441382 572786 262312 200825 209657 507351 477803 326456 340844 209976 713099 472300 131056 178678 310637 544676 179448
527771 458562 339279 172556 474506 1048526 572620 463564 570992 731516 192933 305547 789114 616546 428516 335342 488406 650931 62882 703063 701135 139420 161649 337034 269462 999999999 363189 645022 540003 309272 456029 127390 524507 733161 520154 370400 258451 808370 150859 419260 680473 131931 629222 213510 506790 587209 546528 853377 806888 291994 231032 625560 612314 431247 278289 418598 470428 820658 178099 238219 528820 813193 572000 642643 71835 633405 463443 617427 175134 533991 232740 597358 502568 912012 717620 769272 827805 629177 170003 206936 629302 270967 618749 321554 326880 481587 459588 285152 756659 573743 592080 533200 234988 869207 226732 174454 146341 573666 434890 415976
403979 341552 26808 425431 166499 702136 297193 510146 263601 550674 514913 422198 444324 254497 160589 582393 362766 323700 368582 341524 430126 391997 515992 136072 171373 363189 999999999 348594 332155 304457 272688 330530 213082 727677 552709 302392 375850 457313 297224 244653 326586 378115 294784 439457 359797 275254 323072 502637 472851 396116 347748 424917 327931 538305 155053 68341 291341 457481 425988 300556 305392 546054 216156 460767 306435 303644 409468 304341 537678 171011 266192 234854 170593 563801 656948 466651 503543 563113 204860 569644 277065 479988 602148 392864 689139 119107 276978 381022 401022 312802 352937 177360 170201 543961 588071 189049 221750 251461 472999 79188
714465 285385 373222 621236 428516 677902 530210 854657 85063 805023 826785 770058 486890 237593 463669 920243 274817 78544 673497 248479 90959 603949 806618 308642 375854 645022 348594 999999999 612495 401908 221622 554666 135562 1051393 893587 342670 508443 470200 517137 566950 182642 594023 103474 774867 667831 468798 144891 502881 539999 743985 501383 687737 37458 886630 503354 281858 599386 351153 618343 457294 582574 717123 337727 729653 574345 88469 742416 53131 800926 282480 612368 290340 180973 559048 965527 603785 586860 877346 477670 831586 369953 820735 929536 741457 941547 273504 220531 493415 224195 555308 112425 333285 512686 614627 842919 487654 533635 104020 817915 269515
119815 673487 326656 674661 186516 589187 104887 335325 535354 219422 592796 367391 363889 401420 171616 561930 693849 554689 504638 459669 703237 635946 636707 466738 484258 540003 332155 612495 999999999 622887 601396 580377 494794 450593 346606 631479 670977 399951 560104 121372 493608 622159 521341 466493 81873 173738 636817 434044 349269 351115 638222 94819 606546 406104 277062 368312 70419 510554 677646 599248 29927 276987 289386 128612 521313 535793 196594 559671 695949 331224 313438 344625 443884 473848 354987 265349 346709 272588 457674 723668 293647 469055 339443 320561 837177 343758 605515 683574 539707 81693 656329 281797 318743 383794 748227 420304 412719 509562 310124 388630
668821 153952 301078 225731 470822 972091 600892 698506 352300 841763 501476 559190 724664 481285 456740 639828 182872 437997 361534 553524 432049 217534 456219 175333 138633 309272 304457 401908 622887 999999999 181639 186589 322802 954773 751882 66496 106594 728974 158418 515046 506788 211406 429207 504290 630790 578426 271132 772798 761512 537214 102842 717648 364732 692622 365189 308283 569096 679663 221872 71860 599194 850511 496638 749459 242440 426526 642701 394589 426575 433142 418536 492144 331201 835367 907669 768351 797174 812415 202351 454204 557758 561102 829889 553954 553570 376088 183508 94583 578900 615041 317552 462059 337253 836121 460377 240059 279841 369912 663105 291279
676480 85010 285622 405206 421873 839451 549972 761618 184158 817153 646884 645643 609015 347648 430543 764398 95770 266356 496188 404952 252500 392071 614182 155717 196720 456029 272688 221622 601396 181639 999999999 349306 170483 995217 809374 121065 287684 605160 313815 516912 349253 383661 264150 620585 632479 508401 92134 645956 653751 620690 283211 691696 184205 774521 399423 235351 563966 528012 401793 242597 573340 782954 397857 729480 384277 258291 675727 221111 596667 329225 488935 375442 200470 707552 928798 684599 695196 834440 303422 626011 452885 673185 869004 627986 730744 282563 4453 271877 415416 570044 138827 371977 390137 730658 634728 326898 374874 208565 724428 214600
592938 339481 312641 97121 474547 1032629 590696 567393 488612 788034 316379 414361 774353 568497 439711 462680 368879 572827 186331 651642 600615 61509 269841 259173 187651 127390 330530 554666 580377 186589 349306 999999999 447050 834672 623475 250857 132937 787832 38040 460229 618777 47589 555752 336496 563930 590127 441402 833149 800330 396652 103870 672326 519562 545306 303420 370076 515094 775046 98971 114737 563389 840909 546636 696024 75464 557314 543469 534631 247643 496570 304615 560777 435716 894317 806577 780350 827711 714230 130124 277570 607574 394311 715018 421217 387354 439503 352352 158885 694879 597407 487988 507887 261858 868800 288253 162037 170481 497161 535416 361495
589889 254533 237667 524438 308315 668968 422967 720654 50862 698360 700252 634555 441869 178366 336596 787124 258788 126694 547561 235663 218772 501681 685777 189377 260595 524507 213082 135562 494794 322802 170483 447050 999999999 924397 760786 277311 426494 435940 409011 437798 184286 490245 109199 642094 543472 369442 154180 476066 488849 608479 412063 576556 116728 751283 367793 146902 474152 360373 522509 363782 465033 635945 245300 617383 455819 110312 611669 95008 687875 179063 477081 212638 50944 537413 843113 530371 532073 752745 354761 719296 293499 686772 801049 605936 833339 151110 172268 417366 256252 446422 163233 228504 377801 565844 732892 359881 404276 50111 683755 133961
338071 1051492 710935 904854 624514 938705 551320 269620 969867 354019 653314 428333 776322 851332 588185 513076 1077183 999846 672688 909690 1140661 869134 729573 842250 829111 733161 727677 1051393 450593 954773 995217 834672 924397 999999999 213043 986935 960199 815807 833675 486958 943934 858962 966417 539317 384545 621536 1050630 838855 742400 441287 926632 407290 1040328 317681 599489 782952 452124 949678 910097 905245 479088 555452 739589 368965 759538 980281 319496 999735 813101 776212 538161 794911 874205 859756 116926 631589 718158 178069 754161 827497 742355 493956 126333 413824 904228 777917 999645 981732 989689 525474 1078313 728902 619532 741212 852725 715192 679905 947375 299463 800796
229515 858625 532306 691997 483677 916376 450443 56591 809315 368568 449178 215394 708673 719566 436176 327558 885666 851938 459659 790204 979556 656502 522860 653968 632241 520154 552709 893587 346606 751882 809374 623475 760786 213043 999999999 788750 750760 745635 624247 332032 812583 646525 819117 329105 265283 516328 873194 777821 688356 228430 717505 350519 877438 119795 409995 614591 316797 854349 697279 698758 368174 551145 613020 328474 548120 831661 157838 844430 605062 634707 333356 667008 712785 812738 221994 589899 677203 166110 549750 621437 631652 288040 109957 202315 705929 623685 813827 773083 869115 428272 905347 593276 422820 709297 647050 511908 473545 790770 88986 630188
688198 88649 304891 291762 467348 939464 598522 736906 300510 850858 563262 604169 698358 445743 461305 696671 118236 384907 419677 512241 367550 283995 520679 166375 157913 370400 302392 342670 631479 66496 121065 250857 277311 986935 788750 999999999 168595 699314 220185 530689 461142 277663 379499 558108 647727 568700 207214 742060 738607 581056 168912 725461 305239 737012 389486 291327 582957 637553 287743 136664 605962 843774 474982 759652 301386 375212 670641 340284 492863 408501 456646 463492 294111 804451 933147 754958 776772 837736 245693 520633 534494 614015 861081 594869 619846 354037 122186 151174 530664 615002 253150 443161 367526 814497 526872 279590 323677 321423 700693 272126
699995 248804 366125 129898 537693 1064014 663758 695202 458016 886060 440555 544859 811990 578035 514187 593217 274981 543877 318896 653606 536113 134711 383882 262350 205128 258451 375850 508443 670977 106594 287684 132937 426494 960199 750760 168595 999999999 819305 126558 555450 609553 134311 534035 469386 666493 650291 375766 863839 845337 526033 34044 765296 471226 676770 398257 393778 610751 779770 124872 75302 650255 915778 581924 793273 206631 531915 660107 500805 340632 522059 423905 583558 430618 926277 925481 842108 878236 831599 216999 365434 643728 527198 838466 548632 456474 463940 289344 27469 682714 674761 421742 545347 362043 918185 368098 256807 282751 474507 662079 379217
516343 689928 476397 882269 340247 245362 299848 734912 439542 477801 925587 742520 39721 257651 394411 936504 694640 391663 798661 221880 545991 849281 946814 557232 617159 808370 457313 470200 399951 728974 605160 787832 435940 815807 745635 699314 819305 999999999 754105 460650 287701 835420 371160 816809 481823 245448 579983 45340 88560 721182 795349 410647 489943 802851 539994 425869 445141 162666 882590 745902 381949 309238 241216 447058 759529 384515 596027 427690 982935 297247 634856 236841 406838 107082 703612 196687 134210 644711 661169 1014345 180509 835525 723189 697345 1134320 355413 607323 818445 270626 319103 569472 279957 579449 149980 1035020 640090 662035 408482 708149 440112
579669 308688 280649 128214 445791 999188 564917 568762 450635 771028 343328 419546 741530 531901 413700 482950 338400 534798 204485 614615 564321 96447 301932 221265 149818 150859 297224 517137 560104 158418 313815 38040 409011 833675 624247 220185 126558 754105 999999999 441311 581103 83381 517728 351133 548464 561141 405756 799378 768793 400140 93319 653149 482205 552110 283408 334130 496550 738366 128824 87789 541750 816187 512914 678558 85866 519274 535534 496685 284345 461377 298108 525463 397975 860809 800361 752191 797251 706938 103379 314632 574162 408697 712170 422190 425241 403972 316993 149256 657149 572864 452203 474355 243813 838184 325871 139825 158193 459122 535535 324930
159676 581933 231954 553878 152806 675393 170792 301745 484155 330625 484458 281871 429877 388595 104471 476214 604922 521126 386112 462715 655161 515091 522483 371046 377453 419260 244653 566950 121372 515046 516912 460229 437798 486958 332032 530689 555450 460650 441311 999999999 481226 501378 488068 364046 117149 215222 565492 500691 428927 260768 522187 212107 554114 355020 157985 296256 55349 540090 556974 485481 110243 394734 285437 237861 400074 500983 176407 516328 578104 302692 196750 337781 387965 549370 412322 364866 437036 318810 339931 606544 314094 376523 363253 236926 721812 294151 521244 569581 540333 163276 591702 262402 198374 476990 630690 301600 291691 463154 268085 314538
607572 429669 353207 701818 328909 500263 397214 782539 166795 661406 841221 729697 305894 93311 378753 903464 428045 104226 693013 65851 260210 676263 838282 360336 431354 680473 326586 182642 493608 506788 349253 618777 184286 943934 812583 461142 609553 287701 581103 481226 999999999 664009 88640 763169 562091 328684 303556 320401 360017 704205 593498 553965 204802 829285 470087 263409 499217 179317 700375 544431 464859 549381 204347 596395 616268 99687 655263 143560 850903 180436 583038 149024 183218 377400 847087 432889 407482 766095 512081 882803 213028 799761 828979 693035 999915 211311 350238 601276 76398 423445 286038 219353 494163 433447 898601 507500 545780 140717 747969 264505
629442 365262 360113 52504 521047 1080203 635760 590055 530488 827140 306497 433883 821875 615252 485067 462023 393858 615328 194719 697982 636053 14214 250313 303803 232672 131931 378115 594023 622159 211406 383661 47589 490245 858962 646525 277663 134311 835420 83381 501378 664009 999999999 599262 345392 602266 636645 475670 880738 847608 418244 114271 713201 558322 561949 345932 417215 555830 821735 55779 142057 606093 885217 594225 735612 104412 600299 575513 576186 215201 543992 337115 608172 480809 941897 836228 826447 874681 745123 176882 243271 655153 402731 741541 445273 347850 486819 386402 161779 739944 641800 522422 555474 303469 915813 251077 206903 209830 540305 559579 408264
628368 342716 321336 633627 342039 588730 433915 783953 80036 706878 800107 713888 385645 134606 383603 877038 340015 33438 648611 151972 190997 610781 789748 297161 368702 629222 294784 103474 521341 429207 264150 555752 109199 966417 819117 379499 534035 371160 517728 488068 88640 599262 999999999 733491 581872 370064 214916 406157 437995 687911 520621 592123 118805 822932 447749 226740 515022 267304 631677 472644 491595 613881 238895 634372 561752 15335 664469 56530 794988 190491 560311 188910 128232 464392 876112 500320 484505 790350 459229 826566 267222 774772 846948 681125 941401 196230 264787 523718 151393 459535 198800 239597 464846 513268 840696 460712 502959 59658 747991 221124
409172 642337 412688 382953 480417 1038930 534837 274370 692565 612967 131949 121927 789058 682294 424099 145574 672089 761154 151083 768039 845379 352284 196594 475681 423883 213510 439457 774867 466493 504290 620585 336496 642094 539317 329105 558108 469386 816809 351133 364046 763169 345392 733491 999999999 406139 573639 704216 858951 792132 124405 439800 531679 747503 225280 294576 506904 398798 869767 388833 437540 467252 740065 606193 535447 265428 741488 322847 736836 276622 591067 184989 646797 606669 910633 543750 727039 801055 465535 318049 295016 652184 57815 436011 160120 390974 551885 624704 495331 835282 526114 746211 571593 269495 840866 320913 294500 246436 686202 254370 512912
46637 698752 348485 654416 240027 667370 185172 253656 587407 225346 536001 298563 445704 468947 207453 490145 721426 615301 464263 532781 757656 615497 586668 488047 493809 506790 359797 667831 81873 630790 632479 563930 543472 384545 265283 647727 666493 481823 548464 117149 562091 602266 581872 406139 999999999 251916 677476 515749 429911 285382 632834 125647 658313 325822 268618 406995 69590 589931 658032 598322 103231 335205 358293 136012 498611 595744 115249 615818 651917 391738 274266 413503 492771 554636 299977 341154 424981 209572 449638 677905 369625 401894 266898 252290 787531 394798 636774 681948 612610 163219 701316 344981 304994 460799 703152 410213 393470 563898 229444 426196
293263 589498 284420 687195 115598 467944 70216 498705 400767 336815 686769 497090 215606 240240 159226 691118 604159 402382 568830 288665 559309 650854 714336 404982 446555 587209 275254 468798 173738 578426 508401 590127 369442 621536 516328 568700 650291 245448 561141 215222 328684 636645 370064 573639 251916 999999999 521970 286026 221849 475754 621173 225288 470020 562151 309964 278433 203998 338093 688702 575027 148720 275701 131256 267728 548216 385231 360951 415857 758348 190915 394517 182912 321417 337089 520347 191925 240658 443644 460004 788879 120822 590476 512990 452038 907843 226535 511933 656205 368495 96184 531915 140954 352496 282073 811139 431114 442954 371272 469372 298575
722994 141050 341374 496135 451400 803397 572430 828011 140480 846216 736328 721051 589710 325925 470695 849000 130153 206671 584642 365829 161023 483921 705491 230114 282483 546528 323072 144891 636817 271132 92134 441402 154180 1050630 873194 207214 375766 579983 405756 565492 303556 475670 214916 704216 677476 521970 999999999 617511 638792 695572 373616 722603 108904 847018 465017 270533 607959 481618 492545 334306 607574 790075 399430 762421 474697 204803 732504 161878 688799 332661 562562 365628 200555 677121 976989 684318 683139 884205 389699 718136 447045 755321 925207 699890 822457 298239 89273 357926 359929 594885 46759 381167 461942 715550 726747 409721 457780 171571 790699 251326
548310 730492 521735 927531 384106 200362 336668 769362 477075 494799 968969 782358 71038 298374 437668 976890 734326 424612 843129 254795 575339 894593 991110 601634 662057 853377 502637 502881 434044 772798 645956 833149 476066 838855 777821 742060 863839 45340 799378 500691 320401 880738 406157 858951 515749 286026 617511 999999999 97327 761452 840114 437192 524534 838956 584172 470645 482559 175237 927833 790608 417777 314862 286520 471620 804799 418919 630619 462532 1027848 341863 677747 280747 448807 62569 725118 210293 133382 670543 706508 1059220 225846 876495 750492 736836 1179168 400090 647993 862678 294499 354356 604947 325285 623932 136104 1079986 685352 707036 446464 743635 484623
459412 738710 488145 896613 332390 246891 259237 683117 499814 397474 907833 707742 55720 312901 380663 903210 746401 461878 790390 295546 620221 861720 936177 586679 640498 806888 472851 539999 349269 761512 653751 800330 488849 742400 688356 738607 845337 88560 768793 428927 360017 847608 437995 792132 429911 221849 638792 97327 999999999 688259 819004 343359 556106 755349 531063 453449 403858 250961 897544 770560 336469 221360 264880 376329 764294 452273 545157 494040 979187 330115 615541 278314 453282 124757 628258 113008 47965 575560 670996 1009928 204209 805088 656357 661444 1129162 385754 656354 847255 353013 273038 633151 300174 573026 77011 1031881 645520 661468 468066 659219 470260
285466 658011 370881 463586 396022 933754 429035 171881 659247 488604 256353 26083 690644 617067 339171 215448 686624 718222 232388 699482 822421 428103 317768 466594 430367 291994 396116 743985 351115 537214 620690 396652 608479 441287 228430 581056 526033 721182 400140 260768 704205 418244 687911 124405 285382 475754 695572 761452 688259 999999999 493364 410232 721115 155958 241091 464127 286673 790802 468854 478865 355598 620517 528271 412060 321188 697921 198474 700457 393770 525446 133214 574622 566585 809751 430261 615313 693015 346951 335983 414939 567070 117990 327662 35795 514830 495672 625063 549395 772044 417118 733415 497453 234239 731794 440879 301673 257856 647470 143175 474706
666126 254230 336757 122899 507851 1040445 632912 662065 446384 852813 417127 512539 786890 557701 482844 566371 282032 532345 290107 635196 534619 117892 364250 240235 178689 231032 347748 501383 638222 102842 283211 103870 412063 926632 717505 168912 34044 795349 93319 522187 593498 114271 520621 439800 632834 621173 373616 840114 819004 493364 999999999 732407 464544 644811 364777 369482 577513 761133 119042 49875 617831 885014 556626 760043 175449 519412 626075 490306 327290 498289 390026 560583 412567 902416 891475 813090 851028 797568 183229 353835 618487 497597 804708 515496 450948 440037 285346 56188 667622 643408 420153 519523 328224 891221 358799 222945 248763 460963 628752 355914
131588 765456 420573 765681 271491 565867 158264 354567 614156 125788 661648 422220 371622 464998 264478 610864 785068 624993 586178 511896 778687 726839 711664 560204 579016 625560 424917 687737 94819 717648 691696 672326 576556 407290 350519 725461 765296 410647 653149 212107 553965 713201 592123 531679 125647 225288 722603 437192 343359 410232 732407 999999999 684981 433470 369749 457066 157371 542765 768863 693845 119582 212284 354076 42458 611213 607057 226049 634612 775462 405363 394838 407521 526041 466065 299448 239998 327845 234073 551197 801990 343755 525813 313302 376486 912582 425865 695735 778167 591045 132608 739416 354460 410477 358901 827064 513340 503385 586686 337812 477659
704854 248631 351529 584772 420831 704061 528703 836951 71200 804406 795789 747137 504191 247367 452185 893044 239057 102185 642489 269843 102290 568054 773751 277222 342862 612314 327931 37458 606546 364732 184205 519562 116728 1040328 877438 305239 471226 489943 482205 554114 204802 558322 118805 747503 658313 470020 108904 524534 556106 721115 464544 684981 999999999 866056 481530 263106 589257 378810 581802 420853 576645 725482 340178 726481 541280 105617 728330 62292 766320 280405 588716 296487 166171 582144 957382 614121 602275 867822 446136 796812 377726 794520 917343 720063 906042 263785 183085 456038 253993 553212 81732 331442 488307 631703 807761 457897 504486 98791 799980 248853
302825 813701 514566 603544 505795 992774 503004 82550 801568 473610 335698 133457 768253 738488 451921 207819 842191 854504 368661 816110 968086 570431 411990 619558 585877 431247 538305 886630 406104 692622 774521 545306 751283 317681 119795 737012 676770 802851 552110 355020 829285 561949 822932 225280 325822 562151 847018 838956 755349 155958 644811 433470 866056 999999999 384927 604827 358439 894547 609198 632959 421203 642945 639615 419726 470327 834071 211037 840721 495793 648851 285587 690559 706696 879953 341479 665806 750597 282434 491832 509818 668579 176626 229105 147139 589178 627285 778922 700995 892393 484610 883416 613827 385255 785774 535049 457611 413687 787107 96563 617493
304344 452046 130165 398367 200361 775240 295166 363216 418463 488331 388398 267169 517281 387773 150768 433380 478032 477598 259637 473473 583376 359868 406982 244287 231891 278289 155053 503354 277062 365189 399423 303420 367793 599489 409995 389486 398257 539994 283408 157985 470087 345932 447749 294576 268618 309964 465017 584172 531063 241091 364777 369749 481530 384927 999999999 223045 213299 577333 401148 329726 260172 540698 315292 395655 247509 457368 281428 459379 448384 296491 113177 352997 325498 640609 543933 491148 550151 448520 182050 478949 366134 329709 473226 238544 598099 259023 403876 413342 541216 298214 499607 279098 43785 591511 501180 143633 138533 406384 325916 233863
452652 313034 94657 460993 186539 670992 315147 573861 196803 582240 578424 490201 418334 199689 200227 650298 330075 255392 429609 285144 365374 430539 575153 133230 191599 418598 68341 281858 368312 308283 235351 370076 146902 782952 614591 291327 393778 425869 334130 296256 263409 417215 226740 506904 406995 278433 270533 470645 453449 464127 369482 457066 263106 604827 223045 999999999 337452 406022 460724 320052 339628 554107 188769 495562 356980 235374 467356 236481 591088 128951 334526 192164 102463 532934 706695 463660 488927 614365 252812 623089 250338 548117 658444 460079 741564 70715 239270 394241 339018 334776 295448 153792 238114 527844 640156 244670 282394 183344 536919 20766
