NAME : synthetic_000219
TYPE : CTSP-D
DIMENSION : 100
GROUPS : 8
RELAXATION_LEVEL : 1
EDGE_WEIGHT_TYPE : EXPLICIT
EDGE_WEIGHT_FORMAT : FULL_MATRIX
EDGE_WEIGHT_SECTION
999999999 282129 398027 566714 969031 678373 311317 273530 526010 469551 88603 906633 566585 300347 846373 864237 383290 898681 517877 804785 340886 583902 399401 632837 380116 336829 211659 308733 777153 289106 897739 306375 352280 263690 769959 553247 872442 694134 321338 489630 375166 553588 439309 288146 494797 253706 529990 790066 801766 829895 475587 607942 331070 520217 768460 451755 401014 640159 405040 770134 286448 270693 246647 679785 261076 346108 97038 501238 457637 472262 866868 866834 249078 781469 89188 225373 408401 911023 219557 117277 468459 292890 397230 838432 363336 202550 628132 736106 706916 444766 145563 455384 684580 258618 379289 551602 157365 409433 232986 552978
282129 999999999 338103 302059 688230 680269 520016 309724 398146 280823 328203 638547 298369 192938 569749 620655 409038 803348 727557 733995 315495 657712 230360 350796 596250 290171 304342 474720 592529 171038 744767 81771 288911 446400 584004 279535 627092 562742 558904 700191 257317 398037 157727 125488 549046 57955 305489 706225 585316 548066 483711 682425 95650 602269 689754 170476 286584 358379 191993 535844 413689 404728 426523 497792 285549 185634 273660 534515 607328 221747 725488 619777 197076 565339 208036 314248 137130 630601 89778 173249 288492 181068 365062 748673 534012 311560 643849 454658 426920 306790 139545 285125 405698 417637 97891 641372 388416 243786 334100 283926
398027 338103 999999999 380115 788277 342443 391798 596636 144320 615382 358070 662876 391228 519525 646430 563953 710120 503297 545967 416119 61161 347909 568432 537868 453284 61962 560442 310818 409083 497604 505563 419857 52033 319336 403629 537238 574702 299993 461435 524803 591825 190041 412065 457624 240351 381062 271078 396466 465524 680328 156042 370675 432115 305693 376182 423006 621808 521435 217247 464658 240546 246593 308350 319255 574522 522688 468142 214095 375123 530454 471758 573082 503420 447061 322181 574163 325184 731633 388584 381496 174529 158164 39854 443793 349675 222401 308651 592699 627992 109351 320582 622359 617951 279952 381161 344969 360920 147276 207001 385498
566714 302059 380115 999999999 422008 665152 725089 595257 318864 430238 587680 339998 15970 454815 286823 324593 676707 658544 909292 627577 407658 720701 427912 175625 797292 379962 601893 656077 366657 437436 538782 337237 362821 646152 357702 237349 329744 415757 782449 885289 485222 277716 192846 392171 617206 354580 121704 589046 318577 302000 526576 741615 325274 684208 581570 190564 505787 149528 184535 251940 583317 582092 629002 295756 571811 415997 574292 586336 749589 304816 535817 321526 481341 301078 480591 610400 164931 363504 390624 470584 209742 315232 419968 617759 706859 509872 650805 212616 260887 275886 422382 454262 257967 608366 230497 722822 631021 236160 516529 25239
969031 688230 788277 422008 999999999 1015074 1147058 923955 690388 665686 1001718 181723 416318 777810 142501 342162 970382 890898 1328329 908538 824004 1108533 705207 345257 1218966 797589 952550 1077151 569776 768294 710469 689014 779197 1068134 564514 455365 332737 705169 1204184 1304996 769958 637392 535378 734038 1013491 727745 517356 866177 461154 144689 920258 1126513 667998 1081754 869172 524302 776769 330738 606531 394961 1004140 1003488 1051010 570856 904108 723578 956519 978495 1163101 563466 734852 323866 822219 462379 888093 957111 562662 58725 765660 861012 613883 737040 827474 874453 1126572 931690 1015639 234052 300280 679187 823775 696798 327011 1030230 594080 1118234 1049652 652708 938493 427495
678373 680269 342443 665152 1015074 999999999 502866 918216 346290 957643 608446 853647 679659 857256 875906 710490 1033635 317896 526218 208876 370945 177413 910624 838815 518699 392460 872225 432652 479424 835678 450114 761947 391523 473328 480559 862384 722276 321515 572057 520965 931736 390746 745044 797739 196333 721039 543449 229895 583451 938711 206460 175377 774546 214773 209172 754762 961919 814671 543128 628244 408414 424179 477713 446754 897916 864016 766402 178849 360314 868558 403775 725976 835600 573640 624793 886442 656982 965331 724781 698901 464508 499481 316393 267987 420800 475827 54826 864863 925948 406908 643994 964793 921459 450830 720400 218054 573844 469103 445574 678944
311317 520016 391798 725089 1147058 502866 999999999 582610 532784 764110 224037 1041949 731441 603138 1009703 954246 687558 794709 210926 685956 338534 351716 696265 845102 76247 359561 517516 83551 793944 588523 860403 575849 379889 78957 789427 796482 964747 661762 73795 182796 681106 581507 666813 575856 309527 518952 640379 687689 857092 1022398 352591 370454 599293 294403 663798 680077 708444 840893 540555 854722 151334 147201 96921 708900 571715 641505 404969 338231 173921 739044 819331 962534 555853 838779 329654 530318 603488 1088590 495368 407323 548954 411000 361966 735726 84151 218042 448113 928580 930765 492939 394026 754486 913119 117266 611735 309580 153978 499852 208565 721171
273530 309724 596636 595257 923955 918216 582610 999999999 690957 288439 362105 913885 587839 146986 828892 919672 115530 1092462 784319 1011876 552327 845928 227773 581519 647818 536718 68206 581610 901764 160089 1050407 258026 544769 537084 893309 468860 924993 860863 582673 756371 169559 699701 410508 203282 748900 251772 614910 989368 893643 779340 711767 870573 271320 783048 970415 417695 179991 603381 500215 840292 552380 537400 519698 806277 24176 200445 177713 748320 730693 361812 1028405 916761 114465 873838 296609 58976 436430 871121 224767 219317 593220 447655 610283 1034896 636829 455558 872318 696162 628132 599248 276653 261606 601820 529596 364819 816913 429575 542382 487004 573283
526010 398146 144320 318864 690388 346290 532784 690957 999999999 651980 496165 547290 333392 590724 548180 432279 799536 405248 672361 340311 204421 418147 617972 492848 590592 195737 664886 450395 264779 568674 371924 476072 177082 462336 259313 524621 443534 171294 603683 653459 653982 54522 418083 523634 325789 451428 197163 309569 325561 599744 232786 436389 481474 393858 294758 425833 682412 468381 220349 334901 382367 389535 452077 176124 667483 580514 584897 289300 493815 547035 343000 443277 586742 308017 443143 677802 332320 636732 469381 488280 125898 246182 170822 350755 483770 364650 333852 521347 579671 92075 425137 665348 575516 423267 407084 429054 504046 154789 350981 332962
469551 280823 615382 430238 665686 957643 764110 288439 651980 999999999 546220 691775 417193 172518 593611 737742 307566 1048936 975030 992264 596194 937945 70527 344607 838363 570421 340112 733909 790156 180678 958128 202253 567894 698571 781153 223873 740053 801440 787363 946864 118886 637634 246564 188516 829607 254596 503191 960381 748736 524431 764018 962737 185175 881536 946547 244199 115035 375505 431644 679246 680814 669695 678710 707059 275840 123647 402259 815320 875080 126267 948136 730100 227784 731315 434546 338361 322761 618165 270526 358690 528979 460831 644514 998759 793719 575511 923158 454738 365538 566224 373225 31144 338872 676297 244919 920286 615752 500391 602089 405013
88603 328203 358070 587680 1001718 608446 224037 362105 496165 546220 999999999 924324 589917 381111 872991 866813 471187 847538 432661 748955 297495 502728 477045 675056 294863 300726 299577 221077 756350 367729 863593 368805 319086 175449 749812 607023 875839 658063 241225 404366 458130 530925 484804 359997 419189 312800 533087 737917 792773 866671 411029 526284 393285 438966 715440 497832 485014 678052 412674 769748 205848 189727 158951 660774 349601 422690 185074 429745 369618 535514 829618 871243 332406 772775 120717 313100 439578 943137 283593 187545 459315 286703 349165 786870 274882 140604 556496 772010 754357 424020 189904 534444 733658 173372 425659 468625 70551 400963 166645 577265
906633 638547 662876 339998 181723 853647 1041949 913885 547290 691775 924324 999999999 341160 767767 107904 160829 979673 710961 1208830 733670 707018 961300 714866 347167 1109952 683427 929945 966393 393342 753824 528956 660809 663575 964133 388800 467973 151127 536725 1104799 1187389 778661 492829 504275 712652 873006 687566 401724 691408 283502 210625 780076 977433 644045 940950 695997 496379 792115 317419 512747 225526 893375 895194 948728 406938 891691 719643 912121 836068 1035863 572527 554240 142555 803449 287132 820078 936993 502416 156738 724839 809535 493866 643186 700200 696911 1010770 834342 859386 241374 349096 554437 762367 721482 371744 924874 555819 975435 963100 542373 835783 355286
566585 298369 391228 15970 416318 679659 731441 587839 333392 417193 589917 341160 999999999 446286 283257 333033 667500 674496 917410 643440 417086 733184 416577 160282 804098 389093 596132 663424 381735 429338 554050 330011 372358 652484 372795 221896 337741 431709 787880 893179 474653 292926 182522 384578 629148 349672 136365 604956 331583 293158 538932 754279 317134 695926 597415 179415 494680 135132 191259 263357 590868 589254 635102 311582 564545 406204 571460 598697 759147 291442 551427 329209 474263 314388 481211 604354 161528 357662 386178 468426 222368 320836 431055 633725 714844 515440 664736 202280 246291 288145 421713 441643 242770 614993 223096 734685 634675 246164 522976 14638
300347 192938 519525 454815 777810 857256 603138 146986 590724 172518 381111 767767 446286 999999999 681954 779239 223342 995972 813290 924568 486485 812105 102214 434675 675685 465104 179458 581469 779030 22141 935393 122471 468133 542581 770315 323460 784026 755632 620867 785005 79812 590720 266038 68377 707399 140127 487547 897851 761362 633131 654257 837116 129823 752145 880848 272384 109424 456406 382852 703635 535872 523081 523152 686280 126331 57353 229744 699290 727298 218158 917392 775436 55523 741991 277776 181595 302430 724563 132731 196215 480752 361909 541211 940881 640609 431022 816576 549266 483772 499046 226643 155424 457749 524726 225318 789277 451512 436648 460296 431897
846373 569749 646430 286823 142501 875906 1009703 828892 548180 593611 872991 107904 283257 681954 999999999 237428 888015 769682 1187997 778525 683393 966314 621697 251003 1080745 657413 850142 938296 444635 669663 597703 581755 638708 930918 438439 371214 231026 570710 1068515 1164999 686225 495426 424733 631049 870994 614353 375859 736254 340258 105477 777767 984462 562962 939256 737563 415262 697656 225680 470206 266394 865147 865061 914216 434861 807512 631189 842333 836047 1021450 478274 616929 220300 721366 337765 762662 856167 437978 89430 652221 742867 472247 601544 685494 748262 986723 795967 874925 138997 242607 537212 700845 623894 266136 892582 480375 975768 917731 512737 801303 295727
864237 620655 563953 324593 342162 710490 954246 919672 432279 737742 866813 160829 333033 779239 237428 999999999 1000450 550527 1104466 577426 615773 831877 745973 407906 1017230 596250 923967 874466 237688 762016 368311 661660 575648 879100 234277 519946 11808 389438 1021654 1085134 805948 378837 515048 716718 751881 675711 334724 535421 128272 339987 661036 845932 649834 818462 541616 510881 824481 372261 459197 99540 803068 807391 865777 270159 896132 738821 886643 713488 925986 612056 393526 18296 805560 136866 775204 933041 485432 310858 710358 781081 411262 580113 597763 538287 912884 759504 721639 330976 442189 461686 726345 764809 458961 839359 555054 850429 895532 467490 755370 347361
383290 409038 710120 676707 970382 1033635 687558 115530 799536 307566 471187 979673 667500 223342 888015 1000450 999999999 1202908 884206 1124414 667021 960499 266587 637135 749501 650745 171646 692000 1000435 242868 1153707 345385 658139 646635 991799 518273 1004841 968142 681275 856638 201841 805141 485513 290190 864162 351907 709956 1100961 984698 827384 827201 985071 352878 897440 1082426 490366 193831 663368 601028 926570 665829 650633 629889 906525 136011 262126 286270 863829 840784 410096 1133589 995978 213291 965308 411911 158100 525709 920811 330254 334752 696802 558829 724811 1145934 745875 570364 987839 751112 670300 707507 391172 276669 643557 641356 448368 930865 536477 648482 601847 653283
898681 803348 503297 658544 890898 317896 794709 1092462 405248 1048936 847538 710961 674496 995972 769682 550527 1202908 999999999 842947 110745 557994 495041 1020072 827243 822950 565256 1061356 716071 325515 973918 192342 880647 553074 749094 332256 892481 560886 247995 867412 836284 1058517 411539 806314 928832 488411 856565 553560 109818 430518 858072 448113 492973 884898 525530 132970 811698 1086600 794604 620529 503806 672576 686280 748044 364927 1069394 984717 971440 456744 671396 935926 157830 568683 990866 431918 825426 1074799 726174 853456 873431 882519 521450 644813 501521 60710 718075 706936 365320 809888 900323 497032 820255 1064776 905123 718306 805252 534488 831428 559681 682164 680520
517877 727557 545967 909292 1328329 526218 210926 784319 672361 975030 432661 1208830 917410 813290 1187997 1104466 884206 842947 999999999 732563 504629 349018 907095 1041824 137844 530741 717513 257192 916539 799050 948528 785951 549290 281159 913671 1001042 1115630 767645 203067 28295 890751 725635 870038 786779 372817 729114 812702 746231 995336 1210506 452045 355127 809158 320514 723092 883233 917661 1034557 726708 1006345 327633 331464 301059 843185 775341 852355 608122 411464 182668 947956 903779 1114988 765063 978832 540575 729544 801539 1270582 706162 617866 717116 602747 509139 789636 202655 418593 477683 1118214 1129354 654578 604513 965229 1113113 311772 816822 308490 362110 675623 401866 908470
804785 733995 416119 627577 908538 208876 685956 1011876 340311 992264 748955 733670 643440 924568 778525 577426 1124414 110745 732563 999999999 466615 385292 957550 801636 712708 477398 976533 608299 340428 902427 257613 813724 467555 642697 344879 853599 588665 214725 758308 725655 991188 359774 755834 858905 378450 784444 513294 42362 450468 858305 343245 384253 820505 414790 46390 762704 1020141 771438 560619 513853 567667 581844 642577 349442 989401 918460 881847 347726 560656 885482 212907 594841 914710 446814 735600 990274 671584 865754 797837 797613 464206 566073 408739 59977 608439 608757 254882 799713 880832 428450 736533 1005577 882397 613158 747349 424209 728850 493697 582551 647256
340886 315495 61161 407658 824004 370945 338534 552327 204421 596194 297495 707018 417086 486485 683393 615773 667021 557994 504629 466615 999999999 346427 544294 554760 403559 29311 512074 260003 469068 465012 566413 396018 44909 263664 463412 540723 626237 360772 406258 481925 561728 247489 411180 428201 236800 351698 308190 449819 521799 709653 168783 370622 411099 295993 428650 423101 591996 541915 231119 516237 187642 191631 251322 377842 531014 495651 415232 219291 342065 521578 532123 624001 465121 502926 268991 526031 327897 766481 353897 334240 213318 136449 58332 497909 304167 161240 330508 619317 644679 154484 275851 600272 632360 223957 372704 335835 299939 171840 146603 409538
583902 657712 347909 720701 1108533 177413 351716 845928 418147 937945 502728 961300 733184 812105 966314 831877 960499 495041 349018 385292 346427 999999999 881802 884422 353442 374700 791363 295937 615382 792023 615284 735907 383077 341977 614608 883821 843620 456983 414680 344712 890768 471374 756163 761118 109644 686726 603437 402437 710089 1014288 194356 25011 753076 63771 380154 767717 920965 866173 565132 740744 297592 313519 351968 561721 828419 830378 678852 134665 190825 867946 569308 845515 780372 696966 550233 805527 670893 1054753 681125 631779 510959 482427 309979 443533 267581 390441 131901 931283 974357 445068 586772 939381 965188 330879 719128 43706 453587 494475 359072 728995
399401 230360 568432 427912 705207 910624 696265 227773 617972 70527 477045 714866 416577 102214 621697 745973 266587 1020072 907095 957550 544294 881802 999999999 370717 770079 519831 274254 668582 776753 110330 940861 148707 519200 632115 767814 251719 749363 774341 717998 878880 64878 608974 235860 123231 774460 195109 485304 927534 744828 561579 712989 906721 137584 824046 912438 237348 78531 397742 399550 679790 617710 606039 612351 689227 212517 54811 331917 762278 811436 143528 927638 739938 157653 726482 367220 273752 298742 654779 205901 289717 498660 411273 595146 967832 728273 512216 873798 484538 405972 529213 308126 58932 379312 611131 217213 862322 546870 463855 539723 403188
632837 350796 537868 175625 345257 838815 845102 581519 492848 344607 675056 347167 160282 434675 251003 407906 637135 827243 1041824 801636 554760 884422 370717 999999999 920222 525670 607631 784794 520351 424052 693143 344121 511434 767024 511758 120872 408159 588396 894155 1016188 435307 453206 193777 388839 778089 385217 296354 762480 449157 201210 690246 906328 322804 843452 755849 181744 446729 36296 323783 370463 714534 710383 748276 462329 560923 382127 613199 749786 893972 227271 696083 397488 477465 435700 556909 612514 241636 290470 422866 520954 377216 439339 577118 789249 839919 627184 822167 114728 90157 440901 489691 374373 82668 732129 253699 882820 729868 390593 640519 159894
380116 596250 453284 797292 1218966 518699 76247 647818 590592 838363 294863 1109952 804098 675685 1080745 1017230 749501 822950 137844 712708 403559 353442 770079 920222 999999999 426526 581461 143605 847647 661672 902865 651538 446440 153199 843652 872660 1027955 709071 75587 109563 752986 641178 742849 650400 334693 594628 709139 718686 916099 1095838 393250 368281 675089 304199 694833 756110 779837 915417 612909 917892 216589 215700 172123 766042 638302 715402 471053 368389 162932 815094 860315 1026210 627249 898300 404371 593754 678701 1160632 570427 480569 616140 484471 420597 765507 109637 293060 465030 1002299 1006242 557775 469534 828045 988807 189224 687925 309766 224319 569132 281412 794142
336829 290171 61962 379962 797589 392460 359561 536718 195737 570421 300726 683427 389093 465104 657413 596250 650745 565256 530741 477398 29311 374700 519831 525670 426526 999999999 499200 282978 458532 443418 563700 371249 20643 283149 452471 511567 606513 358690 425544 507586 539280 234341 382242 405332 265060 328649 283125 458308 506012 681936 193605 398754 385565 324980 437880 394098 569471 513112 202167 496756 209958 212375 269528 365214 514901 472050 406185 246137 370295 493667 531122 603895 446095 486790 260226 512989 298679 739885 332992 320416 189663 109683 76121 505720 329362 170065 353998 591215 615549 134804 260183 575269 603127 243449 344558 364829 309819 144897 160353 381287
211659 304342 560442 601893 952550 872225 517516 68206 664886 340112 299577 929945 596132 179458 850142 923967 171646 1061356 717513 976533 512074 791363 274254 607631 581461 499200 999999999 520354 888365 185184 1030584 269195 509296 475024 880167 500745 930048 836014 515434 689653 223269 678625 426232 219288 697326 248289 607901 956217 888567 807975 666067 815769 287182 728018 936402 435075 238913 626325 487814 840176 495412 480034 458243 791512 67664 236721 114627 699248 669149 397166 1006056 922397 130433 868457 247433 14257 438571 898088 214769 179015 575803 418880 570400 1002774 574357 402497 824694 721300 661650 574461 241133 315812 635903 469935 374599 760763 365442 521784 433983 581494
308733 474720 310818 656077 1077151 432652 83551 581610 450395 733909 221077 966393 663424 581469 938296 874466 692000 716071 257192 608299 260003 295937 668582 784794 143605 282978 520354 999999999 710741 564709 777385 538239 302846 47243 706307 744974 885110 578276 156927 231398 660979 499847 613579 545822 236602 482097 565795 608179 775305 956004 270968 317479 560461 234104 584342 626732 689678 778089 472200 775035 73211 74527 62135 626421 567708 613936 405731 261563 149102 696309 736599 883204 538809 757190 303705 533989 544349 1018969 463411 386294 472555 346115 279644 656583 59851 163300 377900 863043 872182 414326 360730 727455 855932 57684 561367 257176 161602 426067 144714 653919
777153 592529 409083 366657 569776 479424 793944 901764 264779 790156 756350 393342 381735 779030 444635 237688 1000435 325515 916539 340428 469068 615382 776753 520351 847647 458532 888365 710741 999999999 758383 173085 656711 438926 725681 9008 603337 249128 159420 865919 900468 826701 225427 544249 710974 548685 650389 292478 298238 110057 532795 464509 626602 653403 611525 303935 545966 851268 485545 401682 178382 645004 653023 716134 97788 877602 753101 823957 509383 734172 667417 178273 254801 789592 107507 690276 899952 480046 529594 677620 721031 313943 485434 433356 304737 738847 628434 496490 488804 585433 333289 659173 811441 593370 686986 561414 639383 768114 371098 615670 391277
289106 171038 497604 437436 768294 835678 588523 160089 568674 180678 367729 753824 429338 22141 669663 762016 242868 973918 799050 902427 465012 792023 110330 424052 661672 443418 185184 564709 758383 999999999 914118 102543 446269 526556 749692 315570 766998 733777 608311 770789 98809 568956 250556 47423 686937 117986 467264 875724 742067 623624 632966 817033 112208 732338 858710 257610 128946 444503 361400 685261 517709 505166 506998 665313 137989 58569 223974 678392 709823 212711 895854 758542 55371 722606 261328 188926 283004 714407 111621 181204 459092 339905 519536 918783 624054 412587 795240 538326 476469 476967 207724 166765 450749 507712 207232 769658 437867 414670 441530 414868
897739 744767 505563 538782 710469 450114 860403 1050407 371924 958128 863593 528956 554050 935393 597703 368311 1153707 192342 948528 257613 566413 615284 940861 693143 902865 563700 1030584 777385 173085 914118 999999999 814157 546578 801337 181857 775878 377830 205664 934147 936979 987917 351970 711591 867017 576695 801816 455856 224019 259219 692700 509764 619881 813185 629213 241993 714200 1013621 658140 552925 338777 720366 731330 795554 251663 1026425 913764 955755 539103 767805 836938 46339 386606 940882 266096 814998 1042956 642282 677375 825741 856889 457283 615186 518719 202102 793555 727005 484524 656666 756351 457998 793846 978252 765201 765361 723963 648324 863189 508978 708355 563146
306375 81771 419857 337237 689014 761947 575849 258026 476072 202253 368805 660809 330011 122471 581755 661660 345385 880647 785951 813724 396018 735907 148707 344121 651538 371249 269195 538239 656711 102543 814157 999999999 370496 505944 647976 249877 666967 637742 607527 758110 177918 472249 157186 55546 627834 56911 365080 785128 639557 545320 564578 760735 24717 679292 769146 166536 206470 359659 262874 583380 481652 471328 485949 564385 234589 104748 270854 614531 676112 166867 797167 658754 144262 620078 249560 276225 180503 633223 86837 189171 361731 262567 446461 826822 598040 377081 725160 455753 408344 385574 182164 204290 384364 480591 106916 718034 434714 321283 402335 315423
352280 288911 52033 362821 779197 391523 379889 544769 177082 567894 319086 663575 372358 468133 638708 575648 658139 553074 549290 467555 44909 383077 519200 511434 446440 20643 509296 302846 438926 446269 546578 370496 999999999 303659 432771 501208 585925 342084 446098 526408 541044 214342 373092 406862 273682 330198 263832 447029 485487 664805 197348 406770 383692 335495 427107 384648 571111 497919 187655 476147 229954 232689 290131 345197 522590 472579 418872 252249 386809 487371 514745 583338 451446 466237 273544 522948 288139 721634 336855 330284 169714 107960 76744 493946 348403 190088 355283 574619 601470 114163 268979 573843 589657 263945 337942 375305 329809 126933 180940 364962
263690 446400 319336 646152 1068134 473328 78957 537084 462336 698571 175449 964133 652484 542581 930918 879100 646635 749094 281159 642697 263664 341977 632115 767024 153199 283149 475024 47243 725681 526556 801337 505944 303659 999999999 720765 720864 889456 599463 142603 253832 621707 509361 590490 510082 277026 449291 562433 640304 784692 943509 301329 363886 528825 279554 616607 603733 649996 762367 461617 779565 81311 72809 19997 638224 523783 577328 360485 298824 194217 666936 761763 886968 498286 766052 265284 488545 525509 1009656 428273 346567 471878 332080 292326 689089 99905 139874 418823 849746 853109 417417 325776 690816 835811 39741 536316 303842 114392 421808 129657 642221
769959 584004 403629 357702 564514 480559 789427 893309 259313 781153 749812 388800 372795 770315 438439 234277 991799 332256 913671 344879 463412 614608 767814 511758 843652 452471 880167 706307 9008 749692 181857 647976 432771 720765 999999999 594425 245812 159713 861245 897382 817831 218927 535258 702279 546586 641880 283635 302608 106156 525855 461730 626151 644592 609825 307687 536965 842367 477010 393295 172057 640206 648060 711035 90260 869144 744253 816225 507302 731423 658410 186237 251161 781056 102150 682937 891719 471186 523779 669235 713158 306070 478025 428455 310307 734996 622453 496663 481014 577203 326438 651385 802451 584988 681975 552532 638085 762171 363422 610009 382309
553247 279535 537238 237349 455365 862384 796482 468860 524621 223873 607023 467973 221896 323460 371214 519946 518273 892481 1001042 853599 540723 883821 251719 120872 872660 511567 500745 744974 603337 315570 775878 249877 501208 720864 594425 999999999 521321 646565 838016 974222 316570 494795 131991 286164 774729 299606 340716 816962 545772 310984 693252 907153 226035 836419 807224 119143 326627 151918 321569 470941 678812 672136 701279 532331 449463 268415 520005 751087 867402 108499 773089 511007 370496 530158 486379 504272 213071 403651 335060 437065 399969 410999 574068 848945 802885 582457 838512 233148 161042 455534 417241 253515 135763 689319 184764 876264 667948 395234 600822 213589
872442 627092 574702 329744 332737 722276 964747 924993 443534 740053 875839 151127 337741 784026 231026 11808 1004841 560886 1115630 588665 626237 843620 749363 408159 1027955 606513 930048 885110 249128 766998 377830 666967 585925 889456 245812 521321 999999999 401193 1031985 1096224 809690 389997 519337 721906 763457 681864 343335 546695 139888 334410 672537 857702 654792 830080 553029 514901 827890 372737 467440 110075 813614 817832 876036 281899 901518 743028 893888 725090 937291 614594 403697 11197 810999 148662 783468 939002 491478 302651 716731 788400 421016 589141 608680 549198 923775 769324 733447 328541 440115 472044 734047 767353 457422 849718 560235 862101 905087 476956 765450 352156
694134 562742 299993 415757 705169 321515 661762 860863 171294 801440 658063 536725 431709 755632 570710 389438 968142 247995 767645 214725 360772 456983 774341 588396 709071 358690 836014 578276 159420 733777 205664 637742 342084 599463 159713 646565 401193 999999999 735159 753269 815069 165624 558329 687738 396049 617824 306385 174414 261989 646087 317706 467586 640493 456440 170274 563712 842565 557552 375538 311717 518194 528452 592675 136549 837229 740918 755740 356882 585009 687931 172744 405278 754931 252799 612984 848864 478757 659229 637950 659573 276257 417456 313481 202436 599446 521356 337074 585255 666454 261851 596431 817837 668573 562616 558467 482527 657865 319816 502997 436542
321338 558904 461435 782449 1204184 572057 73795 582673 603683 787363 241225 1104799 787880 620867 1068515 1021654 681275 867412 203067 758308 406258 414680 717998 894155 75587 425544 515434 156927 865919 608311 934147 607527 446098 142603 861245 838016 1031985 735159 999999999 175839 696470 651461 710739 601136 380771 550876 703140 760767 926945 1076435 426333 431632 631690 360487 736866 723995 722313 892202 598324 922124 221316 214951 156365 779763 574616 663776 407838 410691 228044 773359 893120 1029435 570374 908395 357994 527226 652963 1145541 523655 428748 613723 467219 433068 808650 151300 272589 517512 982071 977931 559968 425864 775072 959101 182335 653722 371529 172895 562530 269025 776967
489630 700191 524803 885289 1304996 520965 182796 756371 653459 946864 404366 1187389 893179 785005 1164999 1085134 856638 836284 28295 725655 481925 344712 878880 1016188 109563 507586 689653 231398 900468 770789 936979 758110 526408 253832 897382 974222 1096224 753269 175839 999999999 862456 706357 843387 758647 360347 701256 790115 737829 977408 1186164 436431 352745 781373 311572 714483 856596 889368 1009352 702247 986703 302666 305865 273673 825455 747275 824147 580041 398440 169204 920381 892586 1095375 736769 960643 512449 701739 775594 1247121 678116 589610 694869 577405 488563 782025 178472 391881 471090 1093615 1103477 632959 576563 936993 1087022 285197 789870 302934 333816 652357 375847 884055
375166 257317 591825 485222 769958 931736 681106 169559 653982 118886 458130 778661 474653 79812 686225 805948 201841 1058517 890751 991188 561728 890768 64878 435307 752986 539280 223269 660979 826701 98809 987917 177918 541044 621707 817831 316570 809690 815069 696470 862456 999999999 649466 292376 134203 785466 210848 534272 962932 799892 626416 730135 915776 175079 831144 946780 295374 30322 461859 439647 737035 615680 602890 602365 736849 157637 74309 297105 776394 807037 208278 972588 800454 126097 781166 357281 220547 346671 719644 209888 275143 538841 433669 615350 1004735 720009 510794 892215 549283 470499 563338 306234 92699 443808 604349 265351 868463 528667 499195 539984 460898
553588 398037 190041 277716 637392 390746 581507 699701 54522 637634 530925 492829 292926 590720 495426 378837 805141 411539 725635 359774 247489 471374 608974 453206 641178 234341 678625 499847 225427 568956 351970 472249 214342 509361 218927 494795 389997 165624 651461 706357 649466 999999999 397081 522660 380191 453802 157430 324895 275587 550008 287265 489125 474871 448200 313410 403465 676941 426700 209917 280947 430422 436632 498105 130873 675844 575300 605614 343496 547742 526928 328726 389482 591862 257344 467929 691033 314969 584266 475556 505390 110635 264756 220581 361361 535261 404384 382492 474171 538094 108829 442496 653238 535667 469927 393714 483154 544130 157369 393462 294249
439309 157727 412065 192846 535378 745044 666813 410508 418083 246564 484804 504275 182522 266038 424733 515048 485513 806314 870038 755834 411180 756163 235860 193777 742849 382242 426232 613579 544249 250556 711591 157186 373092 590490 535258 131991 519337 558329 710739 843387 292376 397081 999999999 208393 646699 192385 256831 721875 508969 393184 567846 779847 139781 707173 709626 13273 313265 204696 202283 444700 546966 540481 571047 460509 387916 223788 421145 624667 735441 129853 701775 510467 299189 490659 365303 432908 88062 478686 230284 327233 292357 279600 447536 758073 671245 451506 717680 301357 269565 339917 297201 267193 249099 558267 60021 747015 542689 276060 469212 168608
288146 125488 457624 392171 734038 797739 575856 203282 523634 188516 359997 712652 384578 68377 631049 716718 290190 928832 786779 858905 428201 761118 123231 388839 650400 405332 219288 545822 710974 47423 867017 55546 406862 510082 702279 286164 721906 687738 601136 758647 134203 522660 208393 999999999 654626 76705 419857 831525 695023 589658 596841 786089 68611 702601 814864 216510 164251 407039 314510 638887 494479 482826 490235 617998 180150 69570 237155 644146 688237 190188 849076 713600 90798 675515 246204 225125 236000 679164 82682 173055 412557 299472 481350 874127 605582 388985 758694 502157 446938 432223 185132 182142 421919 488288 161673 740580 428757 369224 416566 370033
494797 549046 240351 617206 1013491 196333 309527 748900 325789 829607 419189 873006 629148 707399 870994 751881 864162 488411 372817 378450 236800 109644 774460 778089 334693 265060 697326 236602 548685 686937 576695 627834 273682 277026 546586 774729 763457 396049 380771 360347 785466 380191 646699 654626 999999999 579593 502299 384137 635058 913978 93307 133862 644557 68276 360321 658315 815742 760951 457110 657256 215004 231070 281874 483458 730366 723618 587084 39309 191144 758354 532497 764324 677899 620178 452291 711572 561709 958559 575582 531934 407905 372905 201648 430815 230162 294920 141803 828980 868176 341427 483750 831704 858301 255732 609492 105697 379590 387541 263500 624269
253706 57955 381062 354580 727745 721039 518952 251772 451428 254596 312800 687566 349672 140127 614353 675711 351907 856565 729114 784444 351698 686726 195109 385217 594628 328649 248289 482097 650389 117986 801816 56911 330198 449291 641880 299606 681864 617824 550876 701256 210848 453802 192385 76705 579593 999999999 363317 757870 642847 585452 520413 711655 80816 628969 740765 203747 240943 397023 249449 592279 426695 415987 429299 555464 227598 144265 228841 568272 621128 222782 781888 674300 139338 622915 193035 257682 190437 670924 37969 137623 344952 222958 404652 801131 541932 321699 682142 493704 454938 359533 125288 253085 431930 424421 134187 667318 378140 298112 347690 335078
529990 305489 271078 121704 517356 543449 640379 614910 197163 503191 533087 401724 136365 487547 375859 334724 709956 553560 812702 513294 308190 603437 485304 296354 709139 283125 607901 565795 292478 467264 455856 365080 263832 562433 283635 340716 343335 306385 703140 790115 534272 157430 256831 419857 502299 363317 999999999 476293 280782 411682 410267 623686 361024 570053 466968 260594 559076 271229 125537 240295 492619 493882 547013 204241 590757 460625 557904 469812 645746 384728 444964 338368 501306 260611 440849 618508 187601 460566 393654 452257 96562 246746 310495 508524 612230 433577 529627 328004 382559 162495 394753 522592 378969 523229 269100 607958 565557 140649 434115 136900
790066 706225 396466 589046 866177 229895 687689 989368 309569 960381 737917 691408 604956 897851 736254 535421 1100961 109818 746231 42362 449819 402437 927534 762480 718686 458308 956217 608179 298238 875724 224019 785128 447029 640304 302608 816962 546695 174414 760767 737829 962932 324895 721875 831525 384137 757870 476293 999999999 408292 816431 339044 403822 790991 426262 23905 728357 991584 731877 529076 471497 563263 576831 638867 308031 966585 889735 864276 350792 570783 851689 178202 552783 890028 404498 718077 969803 638640 823428 772784 777211 431484 542134 392846 49134 612472 597329 270591 758610 840868 399596 715420 974501 842887 609040 715551 439291 721652 464086 572400 609179
801766 585316 465524 318577 461154 583451 857092 893643 325561 748736 792773 283502 331583 761362 340258 128272 984698 430518 995336 450468 521799 710089 744828 449157 916099 506012 888567 775305 110057 742067 259219 639557 485487 784692 106156 545772 139888 261989 926945 977408 799892 275587 508969 695023 635058 642847 280782 408292 999999999 433540 546370 723097 632198 700393 413800 508071 821967 413073 404044 80986 705997 712038 773030 152281 869564 728401 836789 596125 814608 623014 276673 145015 779456 20357 712889 899045 459063 422971 674085 731483 334263 509860 495757 413627 809277 674542 596489 400173 503864 372392 672390 772817 515246 745162 537079 730813 813500 393272 666323 343772
829895 548066 680328 302000 144689 938711 1022398 779340 599744 524431 866671 210625 293158 633131 105477 339987 827384 858072 1210506 858305 709653 1014288 561579 201210 1095838 681936 807975 956004 532795 623624 692700 545320 664805 943509 525855 310984 334410 646087 1076435 1186164 626416 550008 393184 589658 913978 585452 411682 816431 433540 999999999 821790 1033966 523978 981723 815589 381711 634121 189736 483933 355455 883675 881670 925674 509633 759437 579004 813915 881208 1051526 419284 708711 323464 677613 428346 750936 812465 427259 93735 623262 720014 506900 611451 720126 832418 1007902 805101 932496 94739 159629 573460 685288 555431 185966 906614 452514 1019626 917526 538044 814432 302125
475587 483711 156042 526576 920258 206460 352591 711767 232786 764018 411029 780076 538932 654257 777767 661036 827201 448113 452045 343245 168783 194356 712989 690246 393250 193605 666067 270968 464509 632966 509764 564578 197348 301329 461730 693252 672537 317706 426333 436431 730135 287265 567846 596841 93307 520413 410267 339044 546370 821790 999999999 216093 579160 161576 315402 578905 760429 671818 372696 565545 224590 238615 299932 394206 691530 664425 561386 59766 269694 684499 467687 673089 630495 530840 418691 680267 481183 865430 521530 492456 316867 303209 120900 387918 283817 273743 162385 737663 780119 250787 438021 768739 771229 270244 535039 198210 386087 300947 244905 534650
607942 682425 370675 741615 1126513 175377 370454 870573 436389 962737 526284 977433 754279 837116 984462 845932 985071 492973 355127 384253 370622 25011 906721 906328 368281 398754 815769 317479 626602 817033 619881 760735 406770 363886 626151 907153 857702 467586 431632 352745 915776 489125 779847 786089 133862 711655 623686 403822 723097 1033966 216093 999999999 777826 87780 382134 791332 945974 887640 587915 755855 321524 337383 374430 575936 853144 855337 703091 156759 205364 892196 573705 859863 805343 710444 575011 829922 694328 1073112 706127 656648 531933 506767 333119 443254 286522 415153 135430 951667 996174 466331 611768 964268 987312 353983 743273 60982 476158 516829 383814 750341
331070 95650 432115 325274 667998 774546 599293 271320 481474 185175 393285 644045 317134 129823 562962 649834 352878 884898 809158 820505 411099 753076 137584 322804 675089 385565 287182 560461 653403 112208 813185 24717 383692 528825 644592 226035 654792 640493 631690 781373 175079 474871 139781 68611 644557 80816 361024 790991 632198 523978 579160 777826 999999999 697192 775561 148027 202083 339628 264955 573829 502835 492832 508828 562457 248445 100772 294122 630162 697212 142269 797525 646335 159408 612956 273806 293434 174093 612594 111547 213846 364246 276160 460109 831891 620205 398701 738907 435275 385159 392060 206042 190248 360930 502868 95515 736146 458937 326960 423354 302660
520217 602269 305693 684208 1081754 214773 294403 783048 393858 881536 438966 940950 695926 752145 939256 818462 897440 525530 320514 414790 295993 63771 824046 843452 304199 324980 728018 234104 611525 732338 629213 679292 335495 279554 609825 836419 830080 456440 360487 311572 831144 448200 707173 702601 68276 628969 570053 426262 700393 981723 161576 87780 697192 999999999 402948 719072 861260 827054 521200 724428 233852 249762 288916 549335 765775 772041 615312 105141 146201 815566 584083 831150 719236 685922 487828 742166 623393 1026780 621916 569806 475268 430231 266334 470599 210534 327832 161928 896265 933598 408708 526157 881988 923157 267315 667593 39849 390369 452926 296591 690736
768460 689754 376182 581570 869172 209172 663798 970415 294758 946547 715440 695997 597415 880848 737563 541616 1082426 132970 723092 46390 428650 380154 912438 755849 694833 437880 936402 584342 303935 858710 241993 769146 427107 616607 307687 807224 553029 170274 736866 714483 946780 313410 709626 814864 360321 740765 466968 23905 413800 815589 315402 382134 775561 402948 999999999 716438 975609 725866 514934 474211 539729 553365 615281 306078 947757 873845 843509 326896 547244 839312 195780 558718 872016 408869 697258 950048 625563 825307 754923 757391 418190 523677 371367 72525 588574 574889 248252 755521 835496 383631 695851 960106 836777 585487 701629 416540 698501 448626 549698 601110
451755 170476 423006 190564 524302 754762 680077 417695 425833 244199 497832 496379 179415 272384 415262 510881 490366 811698 883233 762704 423101 767717 237348 181744 756110 394098 435075 626732 545966 257610 714200 166536 384648 603733 536965 119143 514901 563712 723995 856596 295374 403465 13273 216510 658315 203747 260594 728357 508071 381711 578905 791332 148027 719072 716438 999999999 315302 193847 211682 442459 560010 553586 584297 463568 395349 228282 432293 635943 748263 124334 705213 505867 307246 490004 378221 441458 98139 467845 241553 339227 299964 292079 458776 764027 684350 464717 727963 290392 256590 349002 310003 266000 235965 571465 72612 758919 555874 285661 482331 165878
