NAME : synthetic_000269
TYPE : CTSP-D
DIMENSION : 100
GROUPS : 8
RELAXATION_LEVEL : 1
EDGE_WEIGHT_TYPE : EXPLICIT
EDGE_WEIGHT_FORMAT : FULL_MATRIX
EDGE_WEIGHT_SECTION
999999999 726219 821315 249344 470617 447722 781139 214109 670198 870470 470804 150111 292905 920558 1006546 351267 467843 700167 73445 694247 535147 984248 683077 373051 389569 726529 759170 108311 296815 784729 616977 651173 365071 511661 501081 630913 409312 1025253 693093 652862 640549 837566 441886 422502 1068179 181354 373750 696468 844810 846521 319848 629700 770870 430479 874392 1011986 408078 633787 664192 1061771 874830 154020 224115 370997 346463 601647 504402 489713 511005 960154 768997 578648 638124 928217 323118 408005 616365 719153 528388 755715 907505 677363 493505 429375 359638 586457 642563 78510 666418 453180 400387 500916 258378 488087 757329 491256 608079 937016 724764 997785
726219 999999999 955620 573424 258581 347417 797096 853674 749049 969297 290473 638982 661335 575010 993056 799881 411814 976766 655901 411103 987636 706056 621000 370359 485545 176265 461819 667796 460569 977203 132741 976078 733155 632749 264014 358206 553291 394897 334914 476391 1001930 421389 336625 364400 952603 613953 585648 486922 405212 497637 600558 851821 652279 782606 984009 977777 319836 267822 138677 407248 334960 636588 507135 407925 779995 389354 251592 240297 810969 668044 165140 316617 547330 583039 457593 381165 644476 561002 378790 541628 806064 791673 344579 733382 955332 152865 183098 651324 905676 964450 379637 622642 662563 526082 559860 355313 181839 263772 328800 1001786
821315 955620 999999999 624151 871513 673231 175792 683718 209817 56264 733474 690237 535842 565488 227004 485004 1062997 183466 787246 561235 413438 496646 338559 891892 1044341 801954 541784 722283 905085 72881 960244 247212 456278 367369 741789 598681 1108679 923763 636692 483110 290968 645510 694149 967925 351637 670620 497660 484213 669404 572610 536306 192518 340578 393973 54249 247110 847589 688306 817034 976456 775247 687198 757776 948606 483100 566301 758517 880781 313352 508612 840850 641634 408805 565470 942199 667004 314738 414730 590148 454581 285412 173342 642882 392593 611786 935390 772526 784380 167890 494916 955425 380815 569114 464331 435681 632013 779278 949298 656797 208178
249344 573424 624151 999999999 354900 238832 552984 286871 445954 666845 285023 100981 110432 672671 784815 247610 473422 543006 187708 451246 455370 735069 437763 313007 433678 525615 513253 143764 294628 602979 496716 511044 205223 277390 314100 394295 490669 810416 460027 404487 517410 598296 242437 388932 832414 68371 134080 448062 607884 600673 87904 443767 524761 275052 673871 786693 301620 414793 477241 851898 650909 97067 139785 353864 230253 360809 323872 372399 341868 710811 572039 352345 389271 680187 332992 199048 377158 469983 292203 506443 668173 462512 271371 246660 382463 464456 445265 183277 491013 408321 370604 265091 95688 239211 507992 265944 418073 740207 493186 779087
470617 258581 871513 354900 999999999 198649 742331 616085 663456 899163 142597 399534 458682 655719 966867 599912 227814 845360 402264 429252 803337 767840 573335 115512 267027 313265 500265 422450 205353 874240 148421 829076 545429 509251 146452 351736 343689 609821 377766 451962 845463 519381 177465 141099 963899 379504 412912 483094 514180 570171 407748 726975 635309 607244 911048 958569 62605 288705 237194 635264 493842 397793 258849 166897 581405 355995 132372 19210 655502 732710 342610 281079 497354 664448 209511 207289 561901 546950 297783 551676 800029 698275 237096 565127 732151 116767 240111 397938 780545 762704 146146 496428 450257 407288 564931 246688 201140 497043 395184 969481
447722 347417 673231 238832 198649 999999999 544902 525696 464852 700515 63590 323826 315442 512290 771875 452659 408348 655741 374619 275061 641881 607346 379243 245730 417855 287490 347334 361340 299937 677993 301372 645290 385958 314008 84042 199658 493455 579273 252618 271825 666285 402076 21632 312258 777762 293342 239648 309445 405485 429498 253526 534490 447604 437949 712417 764912 185305 186096 239331 618117 427181 320565 231495 310131 432716 185355 98532 207567 474285 575383 333472 135589 305059 520785 326914 40776 363368 364049 112457 378665 611514 500146 54131 390478 613647 272244 206443 369503 588560 617093 305786 301651 320080 209591 388760 58621 180244 502043 281835 773512
781139 797096 175792 552984 742331 544902 999999999 685805 111666 174258 600352 636709 488480 393682 233704 486180 949284 302015 733827 393120 490139 341122 176670 780142 943318 636582 367844 674752 808059 228304 814922 350154 432875 275686 603640 439027 1013101 748002 469886 320713 396131 469912 566492 852866 291260 611034 418964 315354 493851 396914 468079 226109 164876 390529 190143 233769 727696 529518 658660 800702 600110 633138 672756 841090 477216 411341 620121 749055 323041 346408 673228 490102 252757 394380 843037 547049 185618 243214 448339 279998 152957 120607 506372 366188 649747 792618 615020 730100 245288 551275 843209 288275 522962 347091 260882 496242 626329 775259 487395 231362
214109 853674 683718 286871 616085 525696 685805 999999999 575779 737575 569638 216651 242188 913247 891820 201548 664462 535087 242673 713759 338061 948825 634067 540867 593907 812282 766447 197358 481932 634354 763889 477711 256132 450860 599360 667854 620910 1092876 735471 650912 457670 863781 528669 604034 976658 239751 349479 692361 876457 851715 301857 493614 720312 297267 737966 902587 555645 698834 763646 1135850 930184 218568 358741 556018 208678 630112 608022 634987 373816 931802 858846 634424 611813 919732 514531 485766 554370 692721 569357 738374 829367 569080 556455 320846 145565 731720 732135 244660 517853 248587 582291 444577 219638 474422 734460 550150 704526 1026803 769261 878965
670198 749049 209817 445954 663456 464852 111666 575779 999999999 236197 524341 526849 377351 433975 339053 377542 860722 259435 624281 367472 405857 412817 148500 690028 848305 601213 363332 564278 710876 229461 750466 290482 321726 171028 532090 394972 915911 756733 439481 284159 333238 475153 485995 764845 402569 501995 312651 294286 497834 414797 359745 149769 193263 282724 247636 342353 642279 483134 610876 809155 597703 523338 570418 748916 367588 360137 548815 672174 221427 409083 642467 433489 206895 436814 746898 460955 105237 235033 380417 283759 255065 45663 433197 255341 547069 725576 566124 620671 189246 456345 753545 184285 411866 257610 267550 422370 571019 763988 463229 333192
870470 969297 56264 666845 899163 700515 174258 737575 236197 999999999 759202 736701 582449 547891 171786 537960 1096385 238517 834122 567311 469547 468041 348386 925491 1081427 810529 540840 769920 942908 125483 981256 302804 505966 402383 765520 611119 1147353 913974 643966 493444 346011 639628 721769 1000685 300896 715879 537698 489567 663699 563251 578968 244605 335895 445663 17156 193201 878455 701479 830664 966456 770971 733552 798080 983626 535267 581407 782197 907486 365550 483594 847457 658831 422471 547038 979553 697150 337749 417417 611717 452648 254369 207013 666906 441109 667743 957560 786639 831094 223545 551162 989047 415888 616171 493803 433350 656281 796055 947553 661649 152289
470804 290473 733474 285023 142597 63590 600352 569638 524341 759202 999999999 360134 371018 532825 824274 510339 363149 719208 397431 298670 702930 637028 430740 211672 384113 255750 371253 394170 280611 740010 237823 708846 445847 376805 30528 220350 461179 556167 260118 311755 729601 409213 47381 269116 822942 331975 301312 345220 408873 447976 311046 597686 493614 499812 771501 816011 144296 178984 196118 591262 414123 357248 247465 276034 490595 217719 39005 148730 537642 603274 298523 149400 354792 541494 301707 91111 421480 406346 155405 414468 658304 560785 94501 453009 665520 208667 171762 392416 651803 675119 266278 364607 372288 271364 426612 104212 138134 467154 284516 826970
150111 638982 690237 100981 399534 323826 636709 216651 526849 736701 360134 999999999 154398 773639 865241 253553 469533 587137 97747 551450 459501 834515 533178 329784 412310 610668 614092 42828 283514 660603 547241 545988 241296 364134 390478 492463 456665 901942 557153 505426 543951 697640 322961 398196 921352 32918 224205 548991 706551 701523 170864 502111 620880 312088 742052 869200 339481 506388 556104 941718 745313 3940 143997 354009 241837 460277 397495 418395 388945 810856 655808 446462 488237 781143 319937 283051 467805 569462 389838 606871 759307 537742 363016 299042 338638 515068 528156 94481 544144 394628 377270 352904 121490 338290 607990 358920 497549 824773 589884 857758
292905 661335 535842 110432 458682 315442 488480 242188 377351 582449 371018 154398 999999999 672649 713925 141480 583563 438938 251673 472250 346257 715675 403906 423215 541056 591242 524268 188256 403151 507302 595857 403332 95518 223999 397526 430077 594725 859166 498059 408848 407795 622318 324744 499331 776784 136608 107322 450559 635599 609689 64448 348343 491864 166532 587680 719097 408471 470606 552884 904105 694067 151360 248141 464048 122730 390894 409777 475357 238301 696164 638871 404200 373090 679342 441471 280172 330145 454840 335494 498697 618516 385155 333799 145628 300919 563941 516132 248671 391876 305701 481035 214869 34527 232330 496000 325639 494378 803428 531946 705613
920558 575010 565488 672671 655719 512290 393682 913247 433975 547891 532825 773639 672649 999999999 490669 745732 883163 686422 853287 237235 831810 133889 302151 744252 915714 400201 165490 816435 810346 621985 652996 723842 671165 472119 515756 313855 993046 376611 277995 268292 767145 153660 529051 795140 405832 741001 567005 224835 171523 85549 619317 583733 241331 667005 565047 467042 675732 367454 461466 427504 268338 769717 731504 808194 729117 329058 526612 651945 632933 96391 413053 383659 302476 8730 834016 541637 384918 224714 405332 175639 305264 474689 458168 620859 932524 644858 433311 848359 620390 866646 795763 475070 700037 441861 182670 454985 465960 443722 264102 507611
1006546 993056 227004 784815 966867 771875 233704 891820 339053 171786 824274 865241 713925 490669 999999999 690353 1178928 410222 962850 582012 639867 379998 393536 1010993 1175862 822632 536133 901850 1041320 297179 1027167 474216 648265 508275 824458 642304 1246241 867276 658252 525515 517741 614139 793502 1082473 142231 840901 651140 507416 637632 531171 698798 400454 341867 595202 180547 28953 956360 731007 857485 917984 745160 861786 906367 1072701 685001 621901 840534 972148 518196 406516 852553 701939 469857 487178 1076016 777056 418624 434062 669565 452014 191764 329412 729774 581384 832457 1007442 816158 959321 389403 718993 1073682 521119 748410 579656 433436 720242 833314 924732 667865 24080
351267 799881 485004 247610 599912 452659 486180 201548 377542 537960 510339 253553 141480 745732 690353 999999999 714193 349493 336991 571961 209281 765907 452392 559347 663715 719489 613173 269915 529964 440034 737244 300106 77335 273637 535883 542746 710187 973092 610055 497462 292601 719724 463512 634042 776313 250828 221621 534991 735855 693716 199359 293406 535105 95982 539181 701042 548699 595043 686793 1020279 805707 252144 377608 595503 20166 501229 548792 616713 172801 752533 767312 528032 444429 751374 567710 419233 369437 521184 457001 570403 632406 368245 465152 127768 187581 705365 648079 335787 321879 164816 614801 270970 152626 329033 563352 456014 629125 928213 643538 677717
467843 411814 1062997 473422 227814 408348 949284 664462 860722 1096385 363149 469533 583563 883163 1178928 714193 999999999 1010052 422090 656730 923415 995533 787352 171106 91922 522868 727994 472080 186022 1055832 279946 982798 678645 695628 372524 578904 143527 801384 605171 674827 990740 744409 386883 96463 1185138 464725 574247 708101 737709 797637 550589 900670 855163 748119 1106765 1172749 223049 515784 446637 817995 706347 469722 336792 119569 698943 580575 359446 231390 810805 960497 542458 507882 713395 891891 150522 402247 764644 769184 516897 777171 1019495 890631 455150 715704 802060 267768 459672 419882 951871 863789 107612 682183 563238 603963 789661 463365 422468 674740 621349 1179617
700167 976766 183466 543006 845360 655741 302015 535087 259435 238517 719208 587137 438938 686422 410222 349493 1010052 999999999 679180 620761 234073 643132 407474 841769 976477 843675 622214 611868 836911 114106 956153 65289 346152 345240 734553 636653 1033006 1015958 688726 535251 107525 734492 674412 919391 533296 574539 437443 550842 757051 673483 460317 125211 445803 275049 231519 430559 809664 719548 842061 1068305 855684 584780 682676 891286 353783 597609 750825 857945 201204 647587 887548 661773 457775 688313 875197 638719 347550 494392 598083 543117 444516 214868 639042 296360 443653 927769 797431 677233 72745 321389 903685 356369 467811 452762 526641 627855 795050 1018428 715177 390702
73445 655901 787246 187708 402264 374619 733827 242673 624281 834122 397431 97747 251673 853287 962850 336991 422090 679180 999999999 624646 535165 921253 625363 310288 351836 653133 690716 67432 241838 756104 549776 635064 335236 460222 427738 559804 384184 951827 621223 586557 629589 766605 368517 366403 1017291 123309 318559 630102 773336 777885 266505 598211 712460 404764 839287 966598 339673 560714 591152 988334 801793 101114 151226 316556 328198 531629 431242 421451 483243 896025 695718 506245 576287 861082 272751 335101 562764 656401 457579 691012 854281 635488 421025 395255 383391 518748 569181 5122 638960 461022 344345 448654 218134 426421 693575 419085 534835 863862 652627 955467
694247 411103 561235 451246 429252 275061 393120 713759 367472 567311 298670 551450 472250 237235 582012 571961 656730 620761 624646 999999999 703900 339029 223221 510250 682775 244054 72755 593725 573660 594879 454387 638249 494627 315269 284688 78360 759844 408899 77222 86050 674321 150068 292028 565480 549916 518533 365206 77787 164233 155404 412125 498785 241419 511245 582957 567184 442786 153368 275930 459170 241786 547610 496642 574696 553039 93495 297294 428167 502862 304729 280188 149614 163000 245724 598240 304900 273456 151306 169536 132193 396494 412989 220935 459750 758050 439296 236041 619615 548160 716153 564264 312080 494559 243890 149566 217853 258395 397674 95979 590714
535147 987636 413438 455370 803337 641881 490139 338061 405857 469547 702930 459501 346257 831810 639867 209281 923415 234073 535165 703900 999999999 818535 530386 768037 871465 887680 728316 470137 738888 347553 936030 168823 258446 388943 725915 693403 915241 1112799 756769 620392 132882 841355 655551 843105 754641 459405 402309 649611 860936 797752 396142 264108 596037 205473 464096 658138 754571 760182 865641 1162896 945449 458489 586888 804782 225356 651062 740155 819425 202420 814628 934966 694551 551634 835687 776483 612665 450081 613862 623473 665703 642612 374427 644645 256356 219737 904685 824008 534749 254125 94391 823986 393388 361427 479042 653507 634402 810470 1086933 788351 621590
984248 706056 496646 735069 767840 607346 341122 948825 412817 468041 637028 834515 715675 133889 379998 765907 995533 643132 921253 339029 818535 999999999 314925 848092 1020952 530273 267587 877102 907203 561493 777863 689862 696346 498007 623717 417256 1097782 497163 394783 341072 735387 285977 626124 904505 278550 802895 615765 299667 304956 208953 670039 557670 230917 678355 484829 353812 781316 483932 587757 545786 401630 830580 812594 912728 751563 422300 636202 765989 630018 38047 545602 488542 346404 126968 933891 631491 396625 265097 495706 232742 213715 445627 553897 638166 947688 767490 556377 916547 584590 866765 903074 504364 746361 496225 227988 548755 586406 574948 386764 399667
683077 621000 338559 437763 573335 379243 176670 634067 148500 348386 430740 533178 403906 302151 393536 452392 787352 407474 625363 223221 530386 314925 999999999 621451 789807 463566 214854 574810 659614 372252 639210 434322 381622 183215 431376 262794 862587 608484 298158 145185 474905 327109 400822 691045 405139 503208 309497 147448 349580 270673 363770 292129 88152 368152 363318 385730 564356 353228 482423 660838 449281 529307 538013 684419 437428 234741 447598 578692 330786 300149 502318 313818 77010 306513 692335 387460 83840 87350 276175 137956 237598 193986 336240 325054 636551 617619 438585 620994 336323 565030 683335 190155 435860 203492 123821 326751 449696 617007 319127 396664
373051 370359 891892 313007 115512 245730 780142 540867 690028 925491 211672 329784 423215 744252 1010993 559347 171106 841769 310288 510250 768037 848092 621451 999999999 172978 425206 582887 343521 90373 885152 248779 816917 516792 524524 229360 431977 249696 724209 469411 517056 827185 616439 225082 77623 1022848 317385 404782 553334 613792 659197 384569 730660 692797 584561 935771 1005726 69586 383706 350199 750479 602849 328994 186645 64732 542692 426741 220498 131753 643872 814672 456786 361069 549120 752936 95848 234173 594993 609763 357535 622750 856115 719579 296501 549352 668422 220628 348043 306595 782297 715772 63564 511077 406749 433847 633653 303327 308610 612551 491148 1011000
389569 485545 1044341 433678 267027 417855 943318 593907 848305 1081427 384113 412310 541056 915714 1175862 663715 91922 976477 351836 682775 871465 1020952 789807 172978 999999999 577735 755310 408128 140000 1031029 352877 944201 636503 679088 399970 604438 77385 866919 639399 689583 948224 784397 397549 127488 1193081 413042 548024 726216 780229 830420 516900 873184 863466 707533 1090641 1171914 240126 552027 501031 887195 759900 413139 293894 108260 650059 599717 389618 276501 775463 987372 602728 533337 719021 924420 102231 402892 757703 781756 530053 795622 1025906 874447 469282 680146 735141 335164 507049 350371 922433 805832 121249 665591 516880 596301 806344 475862 468162 744978 659411 1174673
726529 176265 801954 525615 313265 287490 636582 812282 601213 810529 255750 610668 591242 400201 822632 719489 522868 843675 653133 244054 887680 530273 463566 425206 577735 999999999 287863 646964 510827 830637 261165 851605 645958 509406 225609 207324 652873 302714 166884 318897 882479 247092 287896 450258 777295 580635 497898 321705 232775 321578 526938 718788 484580 683457 825948 806198 358532 127674 76738 335716 183479 607502 503128 480159 699342 246200 223924 301663 697043 492308 47823 193304 394680 408385 520945 328097 499845 395345 264726 370692 633716 645714 257813 631686 892161 260552 84016 648107 771174 879530 458425 501563 601335 409498 389476 265625 120696 214612 154940 832512
759170 461819 541784 513253 500265 347334 367844 766447 363332 540840 371253 614092 524268 165490 536133 613173 727994 622214 690716 72755 728316 267587 214854 582887 755310 287863 999999999 656706 646305 583213 517141 646801 536350 345574 356608 150910 832426 393928 131319 116265 685818 113864 364587 637387 491287 581245 417048 79239 135321 87435 466928 504943 205496 544545 557221 518879 515249 218178 332084 446151 235163 610203 566343 647284 595063 163569 368790 498465 525898 232633 316424 221988 176689 173848 670993 376165 282483 129145 239856 88269 346139 408732 293209 494610 800615 504178 295849 685736 550744 749144 636531 345049 549033 292127 107642 289708 322452 407555 133141 547072
108311 667796 722283 143764 422450 361340 674752 197358 564278 769920 394170 42828 188256 816435 901850 269915 472080 611868 67432 593725 470137 877102 574810 343521 408128 646964 656706 999999999 287197 689793 570832 567642 268611 403825 424669 533903 446060 940385 598130 548238 562458 739480 359093 407399 960752 75486 265441 591806 748087 744141 211559 532393 662646 337676 774676 906508 360971 545350 590259 979433 785049 46763 163620 360379 260825 502259 430694 441555 416539 853577 691512 486461 530765 823948 321558 320634 508232 612084 431186 649666 799520 573363 402412 329790 330085 538946 563890 65918 572359 398851 385824 392916 154020 380896 650713 398766 532170 860491 630664 893779
296815 460569 905085 294628 205353 299937 808059 481932 710876 942908 280611 283514 403151 810346 1041320 529964 186022 836911 241838 573660 738888 907203 659614 90373 140000 510827 646305 287197 999999999 891087 337201 805631 498665 540880 303272 496494 205145 811601 540630 569474 810897 689812 281801 125699 1064479 279557 408237 608571 689062 726351 377025 733185 736609 569294 951844 1038424 152369 458543 436997 839062 685392 283725 155071 74768 515334 485269 297282 222024 636050 875316 544282 427415 591464 818933 38365 277692 622699 658747 411626 677426 896930 735896 353719 540683 617242 310022 431385 239004 782472 677884 103576 527411 380534 461984 686486 358473 392137 702008 564964 1039322
784729 977203 72881 602979 874240 677993 228304 634354 229461 125483 740010 660603 507302 621985 297179 440034 1055832 114106 756104 594879 347553 561493 372252 885152 1031029 830637 583213 689793 891087 999999999 972082 179194 421254 365030 751152 624396 1092354 971593 668170 512934 221175 690945 698208 962176 424368 643748 483257 519699 714496 621925 516195 159381 388911 354262 117532 318560 845502 712224 839425 1024317 818259 657826 740134 939223 440676 589076 767822 884871 273817 571033 871624 660849 436097 622637 928846 667437 332854 454281 604058 498144 353209 185641 652731 361742 552749 945737 794601 753612 118491 432686 948329 377971 539173 468648 479932 641628 797870 988877 690853 277123
616977 132741 960244 496716 148421 301372 814922 763889 750466 981256 237823 547241 595857 652996 1027167 737244 279946 956153 549776 454387 936030 777863 639210 248779 352877 261165 517141 570832 337201 972082 999999999 946662 677684 612161 221816 385975 420717 522427 385886 501653 967211 503127 284234 233225 1004233 526161 536995 522740 491389 570086 540413 833718 686297 735072 994648 1015140 210539 301019 191870 538057 440818 545387 407252 279007 718111 405674 205400 129282 775331 740555 270664 325771 562402 661498 330052 324730 645556 594236 370123 585977 847891 789643 319434 689524 877247 32342 221790 545546 887942 901485 249684 600390 590835 505234 602330 330577 196041 394799 391099 1032984
651173 976078 247212 511044 829076 645290 350154 477711 290482 302804 708846 545988 403332 723842 474216 300106 982798 65289 635064 638249 168823 689862 434322 816917 944201 851605 646801 567642 805631 179194 946662 999999999 308236 344133 726489 646361 997652 1040341 702393 552200 46304 760304 662808 894389 594693 536251 416700 572283 782121 704193 432511 142193 482547 236816 296370 493884 789546 725428 844092 1092235 877158 543924 650615 863394 307013 605814 742359 842715 173880 691653 896772 664717 476105 726370 843995 624652 365906 521635 598006 572019 497698 249250 633857 267568 380454 917278 799962 633471 105279 257145 877675 353646 429639 450019 556718 622783 794366 1034510 730637 455092
365071 733155 456278 205223 545429 385958 432875 256132 321726 505966 445847 241296 95518 671165 648265 77335 678645 346152 335236 494627 258446 696346 381622 516792 636503 645958 536350 268611 498665 421254 677684 308236 999999999 200024 469883 466105 689434 896176 533230 420474 312338 642485 398550 593399 724124 228664 148978 458420 658542 617489 137786 264739 466340 71585 509492 656352 498226 520558 616187 943582 728678 238829 343640 559087 58715 424425 483606 561285 148009 681405 693756 453609 369108 677000 536988 355101 300054 447083 382280 495589 573805 319907 394070 67076 264286 646280 576428 332924 303760 233823 575471 196138 121838 251793 489258 384498 559290 853228 566633 637714
511661 632749 367369 277390 509251 314008 275686 450860 171028 402383 376805 364134 223999 472119 508275 273637 695628 345240 460222 315269 388943 498007 183215 524524 679088 509406 345574 403825 540880 365030 612161 344133 200024 999999999 390345 307599 745687 724077 368839 233206 373218 456381 333798 600622 557226 336967 143318 266377 474764 422561 193718 221649 270002 199001 411922 509450 481382 382362 499978 774000 556568 360434 399397 581620 257310 265767 406795 520114 189813 481872 555417 320679 171936 477738 577307 302427 106159 247551 254116 296951 395907 195535 293935 149852 460506 584487 455830 456301 275898 403626 588060 13507 257281 107526 289723 282739 450912 700746 399863 503550
501081 264014 741789 314100 146452 84042 603640 599360 532090 765520 30528 390478 397526 515756 824458 535883 372524 734553 427738 284688 725915 623717 431376 229360 399970 225609 356608 424669 303272 751152 221816 726489 469883 390345 999999999 206562 477320 526630 240052 305875 748620 387606 72873 280808 817866 362128 323653 336647 386001 430451 336547 611914 490022 521857 778274 815168 160221 155387 165669 561253 386657 387568 277519 292699 516016 209584 16729 148690 556600 589215 268083 135395 354665 524464 322014 117507 428039 400931 155423 405302 654652 569958 98908 474068 693571 194609 141593 422733 666144 700503 280201 378596 400045 283496 418479 109827 107606 436656 262381 828036
630913 358206 598681 394295 351736 199658 439027 667854 394972 611119 220350 492463 430077 313855 642304 542746 578904 636653 559804 78360 693403 417256 262794 431977 604438 207324 150910 533903 496494 624396 385975 646361 466105 307599 206562 999999999 681529 430706 68002 118601 678745 206818 215515 487275 620177 459717 325881 136933 214214 230148 367082 511961 300691 493105 625903 629530 364429 90492 219653 477534 264254 488730 426117 496384 523068 42382 219504 351313 497219 383083 250946 71289 189878 322449 520447 232151 292693 208480 102749 202510 461975 439061 145928 440850 725033 368445 176083 554715 564071 695363 485921 301233 448471 216415 217656 144379 191037 393648 101882 649111
409312 553291 1108679 490669 343689 493455 1013101 620910 915911 1147353 461179 456665 594725 993046 1246241 710187 143527 1033006 384184 759844 915241 1097782 862587 249696 77385 652873 832426 446060 205145 1092354 420717 997652 689434 745687 477320 681529 999999999 939126 716784 765280 998954 861673 473429 203136 1266702 462041 611098 802379 857354 907771 576333 933621 937581 760950 1156030 1243037 317374 629370 576134 957803 835528 458044 352234 185148 697924 676198 467003 352466 831826 1064350 676487 610487 792790 1001749 170421 476833 827657 856909 605839 871751 1099321 940391 545394 736991 765093 405568 583428 383678 981596 844631 198408 732239 568151 666687 882189 551710 544700 814965 736731 1244399
1025253 394897 923763 810416 609821 579273 748002 1092876 756733 913974 556167 901942 859166 376611 867276 973092 801384 1015958 951827 408899 1112799 497163 608484 724209 866919 302714 393928 940385 811601 971593 522427 1040341 896176 724077 526630 430706 939126 999999999 363081 493078 1078648 281685 583513 740416 775711 870543 756318 468394 258910 351242 795351 898700 583594 918566 930996 843477 659302 395819 374641 52732 167929 898533 803308 775573 953519 471895 526142 596025 911571 464767 267432 458624 565863 380202 819253 619857 674891 521723 524214 474431 680652 801894 539442 866642 1155706 533964 385882 946749 944643 1122832 751369 720500 875250 644851 492094 544484 423398 137410 329555 884137
693093 334914 636692 460027 377766 252618 469886 735471 439481 643966 260118 557153 498059 277995 658252 610055 605171 688726 621223 77222 756769 394783 298158 469411 639399 166884 131319 598130 540630 668170 385886 702393 533230 368839 240052 68002 716784 363081 999999999 155325 736515 150010 265372 517545 621354 524572 393831 154822 152985 192467 434980 565179 318398 558243 659498 642867 400203 89669 201749 410423 196295 553473 483292 532595 590454 108826 249782 374008 558594 358331 204160 117029 232787 286724 561465 288754 341516 228525 167842 206761 471352 484651 201427 506050 792832 373501 164544 616111 615982 761394 518846 363510 516221 282476 224947 202328 191901 332695 33887 667346
652862 476391 483110 404487 451962 271825 320713 650912 284159 493444 311755 505426 408848 268292 525515 497462 674827 535251 586557 86050 620392 341072 145185 517056 689583 318897 116265 548238 569474 512934 501653 552200 420474 233206 305875 118601 765280 493078 155325 999999999 588350 223541 292044 580161 511994 472843 301873 43606 241566 200846 352783 412882 185512 431338 508468 513804 453696 209016 338032 543873 326842 501501 471830 581657 479186 97297 321001 454470 418652 312309 358799 176959 77727 275733 598110 292082 187735 95067 159538 108599 349445 329370 220745 380645 684759 482290 294667 581691 462582 636353 575678 231390 434450 176518 117074 213744 308484 483285 180016 531594
640549 1001930 290968 517410 845463 666285 396131 457670 333238 346011 729601 543951 407795 767145 517741 292601 990740 107525 629589 674321 132882 735387 474905 827185 948224 882479 685818 562458 810897 221175 967211 46304 312338 373218 748620 678745 998954 1078648 736515 588350 999999999 799565 682977 904295 639941 536939 432651 610259 821051 745371 443025 183698 526043 242751 338708 538026 803389 755574 871799 1130301 914438 542180 655931 871172 302314 637612 764176 859776 192030 736663 928217 693512 513209 769853 849193 643410 403764 562012 625441 612837 543983 293169 658155 280466 350660 937259 828068 628355 150936 225499 886865 381722 431473 476980 597983 647205 820675 1069120 765521 498133
837566 421389 645510 598296 519381 402076 469912 863781 475153 639628 409213 697640 622318 153660 614139 719724 744409 734492 766605 150068 841355 285977 327109 616439 784397 247092 113864 739480 689812 690945 503127 760304 642485 456381 387606 206818 861673 281685 150010 223541 799565 999999999 415303 660349 547316 664773 515248 191768 24093 83680 562062 618310 305046 654845 656417 593608 546918 232757 311269 334235 132196 693854 631764 678737 701096 237487 395956 513410 638991 247952 259661 266654 289904 161651 709617 437197 396345 240121 309178 192986 422551 520245 349946 604179 906492 497096 287085 761518 663424 859824 663276 454902 644478 393176 211014 349827 322471 311416 125293 627979
441886 336625 694149 242437 177465 21632 566492 528669 485995 721769 47381 322961 324744 529051 793502 463512 386883 674412 368517 292028 655551 626124 400822 225082 397549 287896 364587 359093 281801 698208 284234 662808 398550 333798 72873 215515 473429 583513 265372 292044 682977 415303 999999999 290869 798947 293423 253982 329028 417691 445662 264158 553721 468795 452480 733598 786507 163872 193955 234978 621065 434517 319855 222339 289627 443710 203833 85290 186849 491114 593786 332848 148818 326514 537596 307777 44634 384771 384744 132508 398360 632824 520981 72244 405853 620834 254490 205203 363424 607705 628237 284681 321293 327248 230167 408813 78314 175872 501814 293402 795144
422502 364400 967925 388932 141099 312258 852866 604034 764845 1000685 269116 398196 499331 795140 1082473 634042 96463 919391 366403 565480 843105 904505 691045 77623 127488 450258 637387 407399 125699 962176 233225 894389 593399 600622 280808 487275 203136 740416 517545 580161 904295 660349 290869 999999999 1089599 388725 482349 614321 655278 709621 461950 808054 759505 661591 1011229 1076356 127021 429018 373548 761860 632566 397796 257950 52323 617792 486835 268830 149332 721435 870010 475507 416010 617305 803867 104264 305817 668324 674181 421607 683583 923672 795276 359882 626838 735935 211936 380338 363319 859798 788490 22134 587216 481684 507822 695615 367827 341713 620359 535907 1083158
1068179 952603 351637 832414 963899 777762 291260 976658 402569 300896 822942 921352 776784 405832 142231 776313 1185138 533296 1017291 549916 754641 278550 405139 1022848 1193081 777295 491287 960752 1064479 424368 1004233 594693 724124 557226 817866 620177 1266702 775711 621354 511994 639941 547316 798947 1089599 999999999 893985 699057 483668 569158 464086 750841 500009 330158 680390 312924 114077 962602 703251 823012 824162 672499 917657 941624 1086630 767984 608656 832914 966416 609323 312018 800697 686732 474060 400427 1096729 790193 455285 416958 668271 418349 167570 408182 730008 657443 933431 988273 785207 1013301 500540 826992 1083542 568643 811071 607028 402537 721806 808194 849448 623893 166310
181354 613953 670620 68371 379504 293342 611034 239751 501995 715879 331975 32918 136608 741001 840901 250828 464725 574539 123309 518533 459405 802895 503208 317385 413042 580635 581245 75486 279557 643748 526161 536251 228664 336967 362128 459717 462041 870543 524572 472843 536939 664773 293423 388725 893985 999999999 195349 516424 673761 668678 143258 484618 590673 300205 721802 844129 320932 474820 527506 910718 713267 29090 130957 347105 237036 427389 369829 398088 374539 778920 626118 414361 456799 748530 317078 252614 439519 537801 357138 574704 731063 514805 331296 282207 353651 493866 498548 119337 528482 399985 368466 325354 106826 306744 576069 326950 468711 794990 557379 834027
373750 585648 497660 134080 412912 239648 418964 349479 312651 537698 301312 224205 107322 567005 651140 221621 574247 437443 318559 365206 402309 615765 309497 404782 548024 497898 417048 265441 408237 483257 536995 416700 148978 143318 323653 325881 611098 756318 393831 301873 432651 515248 253982 482349 699057 195349 999999999 343923 528851 502703 54444 326583 397474 198500 545689 652706 373106 373582 467230 802299 590124 220380 260409 456567 201490 285711 338063 427126 242863 594450 545720 306581 270269 573869 445797 212266 244207 352294 235843 394210 535726 331598 245108 152815 399581 506363 427491 314462 377643 382716 467223 131032 133033 125483 392680 235521 410494 706922 427663 645827
696468 486922 484213 448062 483094 309445 315354 692361 294286 489567 345220 548991 450559 224835 507416 534991 708101 550842 630102 77787 649611 299667 147448 553334 726216 321705 79239 591806 608571 519699 522740 572283 458420 266377 336647 136933 802379 468394 154822 43606 610259 191768 329028 614321 483668 516424 343923 999999999 211887 159750 395389 431130 165667 465367 505255 493707 488611 223782 350273 520073 305157 545064 514266 618051 517099 127534 351025 484330 447231 269944 357892 203374 98198 232216 636338 331993 206528 74110 197089 69420 325154 339948 256986 415577 722539 505367 308747 625229 478674 669915 610807 266044 476762 218440 81871 250894 327254 469828 172619 515272
844810 405212 669404 607884 514180 405485 493851 876457 497834 663699 408873 706551 635599 171523 637632 735855 737709 757051 773336 164233 860936 304956 349580 613792 780229 232775 135321 748087 689062 714496 491389 782121 658542 474764 386001 214214 857354 258910 152985 241566 821051 24093 417691 655278 569158 673761 528851 211887 999999999 106637 574599 640251 329002 672730 680482 616913 544206 230615 299935 311329 108199 702801 636275 675396 717040 247633 393445 507383 658697 267056 241938 269932 310068 179129 707725 441719 417499 262854 316963 216394 446135 543033 354378 621753 922191 486739 278638 768234 685798 877780 658990 472828 656904 408122 234595 355009 315242 287573 124607 651627
846521 497637 572610 600673 570171 429498 396914 851715 414797 563251 447976 701523 609689 85549 531171 693716 797637 673483 777885 155404 797752 208953 270673 659197 830420 321578 87435 744141 726351 621925 570086 704193 617489 422561 430451 230148 907771 351242 192467 200846 745371 83680 445662 709621 464086 668678 502703 159750 106637 999999999 553266 562122 233070 621057 580213 510302 590529 281983 379249 403898 214033 697633 651942 723016 676091 248644 441165 566452 595936 171146 339195 299123 250720 94279 749450 460206 347795 184410 324874 132823 339855 458663 375491 572397 881292 560973 349386 772893 604035 824357 710347 423452 635147 377360 147475 372912 381238 393635 179658 545427
319848 600558 536306 87904 407748 253526 468079 301857 359745 578968 311046 170864 64448 619317 698798 199359 550589 460317 266505 412125 396142 670039 363770 384569 516900 526938 466928 211559 377025 516195 540413 432511 137786 193718 336547 367082 576333 795351 434980 352783 443025 562062 264158 461950 750841 143258 54444 395389 574599 553266 999999999 357293 451800 201127 585967 701445 361644 406168 489607 840030 630700 167099 224140 431407 179559 328572 349443 423517 260254 648444 574599 339804 324245 626314 415213 219936 296943 406240 271373 447424 588449 374978 269705 165126 365260 508869 452318 262586 405659 364088 445168 182208 82438 177494 446368 261394 431353 738989 468855 692540
629700 851821 192518 443767 726975 534490 226109 493614 149769 244605 597686 502111 348343 583733 400454 293406 900670 125211 598211 498785 264108 557670 292129 730660 873184 718788 504943 532393 733185 159381 833718 142193 264739 221649 611914 511961 933621 898700 565179 412882 183698 618310 553721 808054 500009 484618 326583 431130 640251 562122 357293 999999999 342944 201462 246409 413737 694344 594396 716895 950714 736256 499255 581400 783149 290772 472637 628322 738816 120990 556498 762905 536596 335973 586582 771113 519727 225439 379445 473291 429851 378832 112074 515521 203073 434205 805830 672247 595579 54249 327868 793449 233331 380621 329036 414659 504322 670188 896084 592357 386290
770870 652279 340578 524761 635309 447604 164876 720312 193263 335895 493614 620880 491864 241331 341867 535105 855163 445803 712460 241419 596037 230917 88152 692797 863466 484580 205496 662646 736609 388911 686297 482547 466340 270002 490022 300691 937581 583594 318398 185512 526043 305046 468795 759505 330158 590673 397474 165667 329002 233070 451800 342944 999999999 447576 352455 328873 632494 389140 515929 636319 435544 616999 620780 756707 520985 282770 505505 638700 402045 220554 517840 362444 145171 243838 768030 460760 166287 92240 338502 117256 164723 233359 400174 407341 716890 667556 474335 708038 379104 638653 753386 277610 523947 288107 97866 391799 491722 611659 331364 349628
430479 782606 393973 275052 607244 437949 390529 297267 282724 445663 499812 312088 166532 667005 595202 95982 748119 275049 404764 511245 205473 678355 368152 584561 707533 683457 544545 337676 569294 354262 735072 236816 71585 199001 521857 493105 760950 918566 558243 431338 242751 654845 452480 661591 680390 300205 198500 465367 672730 621057 201127 201462 447576 999999999 447857 605447 562638 556255 660190 967525 750648 309738 414223 628561 89969 450752 536444 622386 80884 667072 730931 490163 370358 672117 607646 410489 284331 442644 418849 493368 537787 272277 439216 52258 269333 704202 618681 402661 235949 205053 644114 199948 193386 276940 484439 428944 605019 885451 590726 583025
874392 984009 54249 673871 911048 712417 190143 737966 247636 17156 771501 742052 587680 565047 180547 539181 1106765 231519 839287 582957 464096 484829 363318 935771 1090641 825948 557221 774676 951844 117532 994648 296370 509492 411922 778274 625903 1156030 930996 659498 508468 338708 656417 733598 1011229 312924 721802 545689 505255 680482 580213 585967 246409 352455 447857 999999999 203389 889500 716191 845348 983489 787680 738956 806089 993488 537126 595741 794969 919604 367346 500592 863138 672842 436908 564192 988657 708321 350270 433357 624856 469071 271124 216393 679550 445278 665037 970708 801231 836340 221740 547212 999335 425427 621189 505014 449796 668865 810198 964100 677485 159846
1011986 977777 247110 786693 958569 764912 233769 902587 342353 193201 816011 869200 719097 467042 28953 701042 1172749 430559 966598 567184 658138 353812 385730 1005726 1171914 806198 518879 906508 1038424 318560 1015140 493884 656352 509450 815168 629530 1243037 843477 642867 513804 538026 593608 786507 1076356 114077 844129 652706 493707 616913 510302 701445 413737 328873 605447 203389 999999999 949870 717488 843049 893908 724039 865684 905805 1067948 694935 610708 831081 963319 529714 381268 835052 690663 461220 463276 1072662 771572 416407 421051 660860 436174 172877 336517 721567 589308 847226 996093 802271 962960 405978 735486 1068104 522039 753622 576440 417937 712269 820534 903478 651275 52747
