NAME : synthetic_000569
TYPE : CTSP-D
DIMENSION : 100
GROUPS : 8
RELAXATION_LEVEL : 1
EDGE_WEIGHT_TYPE : EXPLICIT
EDGE_WEIGHT_FORMAT : FULL_MATRIX
EDGE_WEIGHT_SECTION
999999999 914631 109016 755748 230651 937815 896636 430464 997822 249149 433744 839924 287154 45324 701607 690447 536267 683950 236875 503789 573870 787189 308998 824682 808531 584212 157031 719094 248963 361841 363499 450198 498659 355217 754195 502335 597035 716114 402158 1102919 585349 173347 833859 125218 221976 830206 170945 970913 683349 244851 213092 812848 1052810 854967 263903 65778 771225 582368 489478 439446 892293 819274 508941 871352 167400 962959 756664 900258 629867 862710 415233 820160 142877 851012 302884 706949 984876 184673 119049 1039972 544196 922772 306000 427136 825593 697242 402825 468974 444695 1104924 733906 678704 665690 823115 348267 658140 444887 486308 258950 871165
914631 999999999 894983 688034 847369 286018 190461 556153 219804 769540 500015 238717 847635 883212 272114 488943 417570 595768 749620 428613 393830 588855 643629 135539 185607 331592 1066810 414623 873968 872989 613854 467671 416413 611306 593467 555408 669867 518725 623223 223067 704119 881997 114438 791917 718973 674832 770605 57781 326526 844435 742600 341828 234307 86678 764297 953226 537087 561461 459085 690505 211560 258511 601439 596139 962225 93117 760221 485262 655826 196692 713748 94499 1033675 689485 611812 258854 90027 731990 827129 127900 808725 104465 609176 514483 370270 610579 558803 477613 480247 190786 410646 623540 249267 192770 585817 748543 554565 466696 899658 218024
109016 894983 999999999 821285 124893 951549 899940 371724 1000849 161909 397738 793489 180140 138114 706956 617445 494085 598682 161885 469959 587675 702726 344865 818447 809031 564086 230762 749907 347003 458079 402886 446600 487530 299337 669075 546130 504681 761477 451607 1095117 489603 273248 804840 161526 265219 738957 226424 952394 634958 139034 268043 754649 1053325 828103 337686 81373 818548 503912 503533 348946 898192 771067 428689 922957 276367 952201 830055 938364 538707 820750 322329 800967 236788 913522 298332 668607 971206 176970 193837 1022376 628895 890909 304670 386458 763924 610377 351715 483896 415065 1085645 669429 738066 650239 825498 310411 733164 383197 502464 360569 877930
755748 688034 821285 999999999 873600 469338 520825 750109 578990 817049 656622 829066 915047 710466 445456 923346 691264 1002505 782988 647484 404256 1063156 489295 554521 502999 583877 838949 276519 541260 451866 433833 522240 543027 731761 1046229 303715 999367 171666 376524 723087 1016944 605202 710270 659778 557750 1148372 595398 712114 767670 881774 553294 893043 631645 706148 491873 820900 154909 901278 433018 900513 500644 829817 877086 167628 671338 653757 74074 277067 1011179 811382 901720 639078 784978 98142 589762 716056 686857 667457 637869 748644 261582 776172 579631 675633 923969 1022358 716248 438929 629897 804144 891371 95440 567666 495451 671722 125533 765481 425405 550341 484809
230651 847369 124893 873600 999999999 940827 878169 296927 977137 78187 349737 717968 56944 250539 691960 516381 432162 485646 104304 419417 586578 589536 384405 787417 785878 524900 351992 762955 448962 554973 440899 433465 462857 236076 555551 580681 386207 791085 497092 1057961 368532 379837 748374 235680 322020 620022 300121 905143 560599 14215 335102 667054 1026047 773603 415491 203906 849244 399205 506871 234839 879414 693993 323941 956933 395757 913638 891845 956133 420959 749668 206262 755627 361505 960772 300407 604754 929093 206493 287380 975192 708012 829801 309411 333599 672525 495777 288719 489386 373467 1035847 576521 784572 613164 804136 269856 798503 303707 508241 466388 860515
937815 286018 951549 469338 940827 999999999 99881 687983 110265 864560 603694 507273 957858 897809 249031 717023 562066 821001 836577 547005 364884 837691 631288 203198 172769 436353 1072726 249258 821114 783325 582242 508679 479018 718244 835181 467190 870748 325665 563230 253848 900924 853220 368004 813685 717999 926913 771331 282571 538334 942180 733231 603468 162704 348351 722791 990465 316257 757651 449585 845320 82805 521262 774841 339089 934793 214094 543166 216056 865639 471126 861642 296575 1028903 442196 653606 465368 243939 774904 828985 296634 660231 390375 646936 623465 634589 838598 674248 469832 575762 343074 650533 434659 356581 151772 672785 562492 693882 451968 842468 91343
896636 190461 899940 520825 878169 99881 999999999 611930 101243 800674 533220 407392 890646 859008 195035 621523 480595 726469 774659 471324 325976 739732 597239 107525 92332 360043 1038497 264618 804964 780720 553828 453341 416004 649113 738158 457145 780971 360148 544923 225089 812149 828752 268127 771458 681819 828720 735472 197013 443725 878315 700199 503855 157007 248633 701001 945280 366162 668036 408495 765559 21589 421475 690136 411724 910778 133626 594662 296366 774085 371457 783714 197230 997920 509584 602169 370338 166527 725345 793582 227837 680421 293860 596616 552039 534886 743678 602127 429054 506772 285263 553060 469942 274942 74486 608343 598634 616082 412850 828196 36867
430464 556153 371724 750109 296927 687983 611930 999999999 706152 222011 95680 423526 291722 417352 444082 267323 138644 292450 210896 141056 375407 385463 325098 512375 520841 252278 585833 561119 526363 595663 355066 229447 225426 75261 356462 449950 254299 621661 411954 772424 267878 488434 453285 337059 333848 450413 360044 613670 265144 292023 362425 383968 750208 479195 435698 445609 677529 179386 319972 161427 617106 400395 130486 785365 547294 628485 790937 751359 272923 453510 174218 467146 571445 819038 207341 308135 640909 260467 395763 683281 672639 533169 215152 75360 395368 310487 39559 311655 124786 742268 303548 654679 337484 540856 106130 714976 18543 326499 552468 600702
997822 219804 1000849 578990 977137 110265 101243 706152 999999999 899409 630432 456943 988162 960064 296218 693180 572084 799633 873958 566503 426376 802773 697634 194022 192040 455795 1139229 345381 901941 873066 653236 554267 515895 746436 804640 551209 862078 430671 641939 144245 894461 927800 322962 872656 782557 890224 836218 197871 519383 976944 800578 558742 58771 298309 799278 1046516 425216 749971 509370 856795 107209 475064 777551 448443 1009814 130646 652923 324268 852566 416043 876154 263820 1098236 552102 703252 446313 153100 826477 894319 195097 761445 321083 697765 648785 588160 815866 698372 529937 604647 235192 619550 540594 368797 175427 707302 669125 709246 513538 924663 129053
249149 769540 161909 817049 78187 864560 800674 222011 899409 999999999 271550 645052 99549 255433 615554 456181 355261 437807 34081 341356 513249 541707 329306 709374 708355 446741 390988 692268 432558 531291 383290 358716 385941 158285 508229 518941 347918 725558 441655 979781 336642 370502 671348 212317 279280 581414 269480 827320 486953 77707 297697 598789 948076 696359 381121 242413 783787 342032 435333 190423 802211 621534 266780 892178 402272 835462 839979 886034 380954 675518 166205 677612 390110 901402 232905 528676 851006 160739 272072 897397 668249 753582 242508 255494 606224 450134 211271 418652 295389 958296 510884 725940 535010 726758 192390 749292 230401 437371 453299 783486
433744 500015 397738 656622 349737 603694 533220 95680 630432 271550 999999999 406952 357732 411220 356471 315240 103904 364416 249821 72231 280205 447207 259082 438787 441064 175525 590621 466159 482020 537107 278015 134629 131396 116004 421843 358981 343558 526044 331151 708261 360325 456438 407112 322394 289822 520885 327522 557740 252893 348228 318908 391215 677728 430587 381494 462214 581852 253946 224955 255803 536440 387216 220548 689694 524690 563967 699507 657269 358177 428973 265705 407110 567647 724028 156003 273568 579976 250234 373576 627883 593415 493471 160308 20853 409435 383676 71271 217693 29570 689971 328255 561196 263766 460286 87500 626541 109401 231816 509074 518811
839924 238717 793489 829066 717968 507273 407392 423526 456943 645052 406952 999999999 703979 818166 384119 268807 303688 372346 634102 340061 452107 352361 628322 311640 358424 298862 996949 556562 866233 895732 619395 443237 388466 494173 359976 615949 461560 658752 650220 447601 497347 853536 139348 728935 683578 436891 727795 278716 158582 711591 711484 103802 472591 160030 757618 864017 693310 364605 480725 520006 425561 26014 422126 774285 926596 331723 894983 680349 441268 44877 547471 213444 974573 853920 554723 142631 323021 657145 777709 332775 884514 152809 556134 412797 131554 384721 441947 492636 400308 372796 185736 747784 269456 375650 491670 859129 414720 490432 893447 423852
287154 847635 180140 915047 56944 957858 890646 291722 988162 99549 357732 703979 999999999 307460 708943 487511 430095 447226 133014 423883 610643 550260 426234 796244 798376 532873 403114 790935 504514 609396 481238 455232 478896 241731 516180 618090 343189 825107 538954 1062260 322471 436145 744787 288902 369804 575151 351972 905229 548952 43058 385000 646057 1035183 770851 466757 257008 883336 369092 533879 199934 893237 679283 295438 991721 452645 917987 936245 984833 378429 738008 170193 757734 415657 1000210 332454 598608 931610 251906 342592 974927 757971 823115 342049 339655 649003 455821 291175 517531 383884 1033966 552844 824502 620850 817308 285438 844304 295108 536179 522425 875070
45324 883212 138114 710466 250539 897809 859008 417352 960064 255433 411220 818166 307460 999999999 664032 681539 514800 682068 237520 479510 534854 784291 267323 789659 771805 554456 183619 676409 209899 322052 320691 416595 466801 342418 751856 458329 600424 671621 357786 1067697 591356 135342 805728 91487 180183 831654 127845 939002 663169 264436 169252 796157 1015559 826038 218658 110639 726519 577182 450886 443057 854067 798312 505472 826306 147290 928813 711811 856367 632196 839122 420801 788899 156467 805692 272177 682713 951505 161280 74002 1007628 500826 895312 274174 406519 810420 696299 386899 430326 419648 1072955 720496 633413 633954 785885 328201 613391 432877 447254 222537 832786
701607 272114 706956 445456 691960 249031 195035 444082 296218 615554 356471 384119 708943 664032 999999999 520060 327296 615956 587762 304525 133587 654109 403572 142686 110023 198094 843932 173053 618925 606395 362839 261197 230049 470011 644142 284786 647598 274667 360941 409489 674731 637739 267130 576439 487349 743258 540963 314819 346012 693193 506435 454752 351567 266829 512247 750619 310774 536053 213975 604004 191453 386318 541560 399823 719639 281377 512852 327664 647939 366082 618300 201004 804081 471768 408681 282785 310264 531456 599068 373587 537309 341719 402739 376639 486467 635017 427525 234484 327997 439315 470034 367689 138079 122108 423768 486383 451659 218828 643275 170981
690447 488943 617445 923346 516381 717023 621523 267323 693180 456181 315240 268807 487511 681539 520060 999999999 238853 106900 457528 287831 519243 139996 574272 514454 547107 340899 842329 681533 790529 851835 590903 424921 387589 340277 124569 648545 194865 768191 640485 708675 230854 755452 375182 603913 597084 225795 626606 537570 179079 506618 626086 178197 719993 402458 694538 696471 816167 118509 501951 288395 635016 243349 192654 914877 814383 579980 977276 847178 172561 312756 318161 429608 833000 973219 465303 251657 578316 527338 663047 597477 901166 419012 471400 306526 170246 122689 303199 503353 329405 641041 83309 830752 382156 567745 369953 916854 250305 511182 817064 626219
536267 417570 494085 691264 432162 562066 480595 138644 572084 355261 103904 303688 430095 514800 327296 238853 999999999 311259 338934 49834 291040 377848 349862 378086 391350 129215 693282 467556 580446 627889 358037 186588 149769 197832 357494 409973 322910 543923 404304 634060 348334 558530 316213 426266 390302 459504 430210 475137 149030 428321 419159 289157 614242 341585 476628 561951 595769 214783 263900 285022 487553 283513 214417 699672 628030 490321 742079 649007 327382 327515 304113 328634 671262 747921 257341 174693 502321 353620 477255 544842 663374 398745 260462 109257 309106 331111 144398 264578 103215 604330 234340 597259 206099 411938 188086 678781 138466 272945 607666 472595
683950 595768 598682 1002505 485646 821001 726469 292450 799633 437807 364416 372346 447226 682068 615956 106900 311259 999999999 447084 355933 601318 104086 616346 619125 649975 428109 828746 771813 815599 888049 641604 489052 460042 355125 70423 716621 112456 853486 695558 815045 145505 771873 482075 613506 624793 158000 646438 644003 282806 473973 652920 275820 826866 509324 727899 679811 903811 113083 572940 250950 739418 347427 177139 1005319 822626 686878 1052486 943609 80174 416853 279417 535901 826436 1058111 499746 356133 685043 538620 675093 703118 957817 523981 507393 350656 260929 19853 331864 571224 384970 745141 187188 908366 479300 670774 398390 985968 273911 581550 841109 729904
236875 749620 161885 782988 104304 836577 774659 210896 873958 34081 249821 634102 133014 237520 587762 457528 338934 447084 999999999 321029 482758 550336 295258 685169 682428 423677 385099 660517 405285 501726 349215 329211 358966 141241 517320 485133 362906 692356 407578 957437 354578 345790 653866 185442 246682 594560 239598 807377 475552 106916 266020 592873 923446 678315 349671 239153 750584 346523 403850 205651 775604 611189 272413 858867 382690 813279 805945 854099 394774 662922 184500 656919 379504 867470 199781 513408 829737 128620 246627 877517 635364 737646 209260 235268 602045 460510 194637 386808 271916 939187 507660 691947 511767 700506 166945 715396 221626 405595 426867 756578
503789 428613 469959 647484 419417 547005 471324 141056 566503 341356 72231 340061 423883 479510 304525 287831 49834 355933 321029 999999999 251738 426204 301804 373293 379967 111342 660342 433074 534534 579270 308413 137123 104457 183602 404904 362114 357829 504332 354477 639040 380449 515605 334883 389473 346294 506624 388459 486380 191280 417160 374850 334571 611952 358391 429455 533888 557597 254323 217106 299534 476168 321738 242096 663086 587078 494681 696559 618945 365728 359613 314719 336273 635604 707116 215111 203292 509678 319444 437668 556513 613778 421446 217169 85917 355948 375760 132717 216486 60251 618227 283715 552926 197797 399894 159625 631312 147285 225859 561803 459659
573870 393830 587675 404256 586578 364884 325976 375407 426376 513249 280205 452107 610643 534854 133587 519243 291040 601318 482758 251738 999999999 658959 271285 272919 243605 179933 712948 186081 486035 479159 229256 156123 150834 382261 642539 167380 609530 252971 230053 543063 631453 504211 362031 449259 356358 744584 410011 441536 366449 589644 374242 499693 482983 369689 378805 625647 305867 505014 84706 535993 319705 447000 491994 411868 586142 413493 460703 378606 617071 445772 544877 310306 671952 456939 291206 322745 441274 410748 468083 503546 434098 447191 283865 300988 529258 621126 349510 105033 250760 569704 488635 312757 183110 254875 328110 411263 387384 87608 510707 298235
787189 588855 702726 1063156 589536 837691 739732 385463 802773 541707 447207 352361 550260 784291 654109 139996 377848 104086 550336 426204 658959 999999999 704414 634576 671672 480082 932686 818609 911593 979612 724972 562932 527141 452474 34081 787818 209916 906986 776328 799567 238475 870600 479850 713685 719311 89704 743813 631060 308432 577753 747863 248668 823129 505167 820407 783822 954141 208901 641492 354964 754956 330668 278827 1051455 923551 681880 1117272 979545 174804 396807 383274 543406 929824 1111940 590935 376868 675047 638123 774814 683646 1037925 504189 597927 436022 223997 94569 424072 642394 464151 717955 187635 970699 516090 691792 491392 1056450 367168 650649 937516 748252
308998 643629 344865 489295 384405 631288 597239 325098 697634 329306 259082 628322 426234 267323 403572 574272 349862 616346 295258 301804 271285 704414 999999999 536735 513143 334397 442103 410573 238366 278535 58145 186253 241783 276675 677600 201410 574379 416624 112805 812081 581662 238387 583058 189083 87155 774250 140088 696586 490820 392479 102959 635520 754243 598946 129332 366404 473811 503448 190034 443373 590827 613673 452811 578975 319088 677771 510699 595118 596327 638688 436866 551714 400684 576698 120453 485758 703156 178939 197718 762737 353855 673687 111358 268530 657654 634831 285564 169808 248155 828956 583518 400393 398909 525580 221928 421044 343546 184748 265457 569255
824682 135539 818447 554521 787417 203198 107525 512375 194022 709374 438787 311640 796244 789659 142686 514454 378086 619125 685169 373293 272919 634576 536735 999999999 51982 263376 971938 279693 758769 748997 500366 374965 330917 554636 632016 427312 673816 384249 502447 278247 705238 773785 173795 699819 617404 723878 670503 172799 336332 786591 638609 403362 238952 160451 650815 869228 405606 560978 347245 662900 120679 322847 584944 472607 855275 141182 626121 370651 666626 280337 682136 98281 934772 561324 524178 263015 168359 647337 728258 231088 675190 223120 519807 456589 434941 636436 505639 367126 413990 297034 447341 488199 175537 65124 518226 613004 515263 353546 783581 114174
808531 185607 809031 502999 785878 172769 92332 520841 192040 708355 441064 358424 798376 771805 110023 547107 391350 649975 682428 379967 243605 671672 513143 51982 999999999 268626 952559 229034 728456 712623 472860 362575 323962 556903 667167 389039 697984 333174 469714 299468 728179 747753 222622 683318 596274 761295 649805 217470 368035 785991 615890 446602 244714 211199 622146 855872 353665 584888 323222 675843 96355 367923 602940 421370 829641 174653 574853 322004 693112 329221 693330 146813 913371 509411 511825 295952 205357 635168 707867 269736 630288 275099 506580 460000 478455 667878 510220 343630 414493 334271 484037 438149 185256 21002 516039 563854 525520 328437 752599 81742
584212 331592 564086 583877 524900 436353 360043 252278 455795 446741 175525 298862 532873 554456 198094 340899 129215 428109 423677 111342 179933 480082 334397 263376 268626 999999999 737935 343790 572619 597049 320997 148266 92770 291270 464988 327619 450824 427356 351826 533820 477150 567593 252553 462970 399057 566669 448007 388678 188524 523669 425194 327843 502325 271758 462763 621660 476189 340518 184760 409059 364843 287701 343489 577228 644794 389799 640532 521025 453076 305137 425386 237223 707434 632390 282280 157739 407422 400745 502561 458500 594291 343043 280623 193223 355720 447703 242577 194781 151761 522369 309007 492689 88276 288581 257283 587664 257562 194625 599601 348474
157031 1066810 230762 838949 351992 1072726 1038497 585833 1139229 390988 590621 996949 403114 183619 843932 842329 693282 828746 385099 660342 712948 932686 442103 971938 952559 737935 999999999 843147 298398 400999 490794 599917 650407 510745 899169 619648 735408 826057 518174 1249651 719778 235504 988830 275045 356681 969691 303025 1122536 840346 365583 339574 969067 1195385 1009391 362150 149394 877927 731387 630036 579610 1032652 976300 656748 971294 169757 1111566 827123 1014852 769468 1019536 553090 972511 55218 936732 455679 863598 1134624 340910 244916 1191068 600089 1078169 457788 584165 981200 840786 559267 609492 600969 1256466 888742 772608 817546 966016 505298 728506 599676 625693 293390 1011155
719094 414623 749907 276519 762955 249258 264618 561119 345381 692268 466159 556562 790935 676409 173053 681533 467556 771813 660517 433074 186081 818609 410573 279693 229034 343790 843147 999999999 577667 534489 355721 340458 335858 567423 806100 225161 789845 105025 325581 485593 813444 615936 434200 599285 497208 906824 548574 443763 513016 767198 507639 627392 403588 429636 484859 776931 137956 682188 257066 721962 247594 559302 675005 233574 696286 391333 346947 194029 794866 536528 730948 362567 796175 298885 462941 453593 424183 574573 604295 488131 416826 499988 454340 486969 658999 791357 535589 273709 436662 548616 637824 209475 305587 224210 511945 336591 572647 254929 597742 227867
248963 873968 347003 541260 448962 821114 804964 526363 901941 432558 482020 866233 504514 209899 618925 790529 580446 815599 405285 534534 486035 911593 238366 758769 728456 572619 298398 577667 999999999 112970 260119 424595 480106 460508 881885 354044 752547 543292 260077 1027014 750951 75697 819631 220254 193478 972195 170787 924801 725485 461966 164444 869043 960258 834410 110394 312441 591341 703679 414884 601926 795077 851054 641001 679033 130117 899523 528971 733642 780289 877053 585631 784140 243945 639253 326613 723789 927029 284168 162079 988683 304360 910016 321735 486499 889546 832444 488423 396515 477237 1054967 810267 478985 633967 737833 421113 430219 544529 407388 27286 773183
361841 872989 458079 451866 554973 783325 780720 595663 873066 531291 537107 895732 609396 322052 606395 851835 627889 888049 501726 579270 479159 979612 278535 748997 712623 597049 400999 534489 112970 999999999 276476 454313 507878 536638 951647 324080 834633 482174 251160 1005618 836475 188664 832478 320983 266658 1045920 262130 919970 765884 567486 240920 911056 931836 843923 160595 425404 523796 775030 421723 689671 768253 883292 717868 601219 231608 886927 430336 670156 860095 901077 676188 787987 345787 549751 388765 753605 916504 375161 268141 979982 200139 921099 381686 545367 934264 905862 556392 406568 526660 1045637 861892 402219 645856 719001 489660 333427 614187 412771 108764 746615
363499 613854 402886 433833 440899 582242 553828 355066 653236 383290 278015 619395 481238 320691 362839 590903 358037 641604 349215 308413 229256 724972 58145 500366 472860 320997 490794 355721 260119 276476 999999999 178305 231412 315639 699858 143287 608323 358599 60041 772318 618316 275076 561961 245970 142027 798654 192853 664917 490914 448558 152282 636088 710615 575649 150711 422421 415706 529766 154783 485142 546064 606815 485099 520843 357071 641474 458450 538162 627988 625752 481124 524195 446727 519873 161863 477160 668254 236392 248937 729339 317580 651880 151821 290947 660207 660619 316229 136486 261502 795653 592086 343712 375436 483857 257533 371684 373056 147458 285960 524291
450198 467671 446600 522240 433465 508679 453341 229447 554267 358716 134629 443237 455232 416595 261197 424921 186588 489052 329211 137123 156123 562932 186253 374965 362575 148266 599917 340458 424595 454313 178305 999999999 55541 227016 540855 227749 477255 393082 219088 653149 494839 420024 398905 325855 252772 642136 303377 522870 312806 435747 278032 457911 607135 416265 315036 494392 449625 382477 90531 386297 451889 429625 354869 558095 498131 512761 566579 534035 490205 452518 392694 373827 566005 589603 149481 300624 534965 272859 359517 591179 476800 489625 144847 154215 482412 508742 198785 83540 107708 656693 417585 426851 218803 378899 171997 496975 243943 97190 451645 431891
498659 416413 487530 543027 462857 479018 416004 225426 515895 385941 131396 388466 478896 466801 230049 387589 149769 460042 358966 104457 150834 527141 241783 330917 323962 92770 650407 335858 480106 507878 231412 55541 999999999 240972 507242 261133 460269 401602 267697 607999 481244 475052 344183 375513 307028 609271 356782 472361 262510 463640 332799 406960 566838 362175 370456 539865 455868 358586 114365 386642 416641 375440 341477 562523 552680 465946 592559 526070 469518 397083 397099 322111 618042 603421 195825 245973 486702 317760 412167 541316 520052 434864 192823 152231 432505 479886 202247 117049 101859 606364 372608 448510 167175 341702 193809 529312 236803 123616 507140 397658
355217 611306 299337 731761 236076 718244 649113 75261 746436 158285 116004 494173 241731 342418 470011 340277 197832 355125 141241 183602 382261 452474 276675 554636 556903 291270 510745 567423 460508 536638 315639 227016 240972 999999999 422003 428148 299242 616568 375036 822605 305046 418243 513426 263750 270922 511793 291504 669083 335625 233565 298525 458588 793587 538246 376049 371564 673963 243744 314308 170191 652075 471744 181399 782853 474320 678245 766540 760779 323556 522087 170026 519616 496219 807007 156282 372184 693197 187262 323583 739145 630023 596576 165686 98235 470491 371947 53439 301748 142669 800020 378801 637006 379385 576004 60060 684892 90482 318932 485985 634214
754195 593467 669075 1046229 555551 835181 738158 356462 804640 508229 421843 359976 516180 751856 644142 124569 357494 70423 517320 404904 642539 34081 677600 632016 667167 464988 899169 806100 881885 951647 699858 540855 507242 422003 999999999 767013 176175 892344 752180 807487 205414 839764 482469 682192 690111 102185 713502 637773 300535 543736 718513 257437 827276 508544 792022 750219 940620 178285 621373 321063 752668 336998 246468 1039443 891756 686140 1098960 970872 141212 404796 349291 543130 896739 1097377 562887 371278 680919 606900 743534 692622 1014191 512689 570124 409761 235734 60547 395431 621390 440046 729507 185394 953120 506114 687561 462574 1036123 338040 630362 907649 745028
502335 555408 546130 303715 580681 467190 457145 449950 551209 518941 358981 615949 618090 458329 284786 648545 409973 716621 485133 362114 167380 787818 201410 427312 389039 327619 619648 225161 354044 324080 143287 227749 261133 428148 767013 999999999 702402 215476 101568 681787 717783 390834 529382 388237 283448 868716 331595 599592 515325 587545 289244 655275 609885 536537 259796 563121 272426 610116 147074 597304 445372 609001 578943 377846 471134 563612 340988 398052 716913 611928 598050 475760 571755 383040 288024 481417 593696 378445 384891 657593 268584 613958 278003 376869 683339 736345 414683 145642 334247 722857 631563 209475 348974 394970 368093 269369 466128 137595 375294 423601
597035 669867 504681 999367 386207 870748 780971 254299 862078 347918 343558 461560 343189 600424 647598 194865 322910 112456 362906 357829 609530 209916 574379 673816 697984 450824 735408 789845 752547 834633 608323 477255 460269 299242 176175 702402 999999999 861768 665884 892368 35989 701774 555496 540604 568044 234283 581762 721730 344583 373639 594610 372993 894788 583406 674264 586023 915395 113098 566459 157651 791561 435731 123872 1020823 745028 757797 1043063 971706 35386 504593 182503 599851 737765 1063454 454134 416430 759893 469299 602934 784681 925543 608781 463033 325571 362979 115926 292335 560749 369547 831514 277677 904034 517181 718985 352553 968868 237103 573964 776759 779533
716114 518725 761477 171666 791085 325665 360148 621661 430671 725558 526044 658752 825107 671621 274667 768191 543923 853486 692356 504332 252971 906986 416624 384249 333174 427356 826057 105025 543292 482174 358599 393082 401602 616568 892344 215476 861768 999999999 313983 574101 882741 592273 538636 603637 498757 993984 545975 545819 605505 797046 503294 725895 486986 534538 463968 777773 58230 757971 303083 779344 341308 660363 742774 166958 669002 490638 241985 190350 869937 640128 784916 467468 775772 205034 492655 550044 523714 592046 597759 586903 336707 605002 483100 546321 757186 873248 591863 314822 497390 645408 730140 110228 401230 327055 558042 239104 635138 297813 559876 323375
402158 623223 451607 376524 497092 563230 544923 411954 641939 441655 331151 650220 538954 357786 360941 640485 404304 695558 407578 354477 230053 776328 112805 502447 469714 351826 518174 325581 260077 251160 60041 219088 267697 375036 752180 101568 665884 313983 999999999 767451 676711 290856 581559 291431 186582 851874 232095 671567 530152 505263 189338 674635 700209 592770 159871 463904 369525 584518 171343 544794 535019 639525 542329 471916 371929 642286 398945 499093 684703 652892 541070 537111 470637 464672 221875 509544 670736 291156 284065 733383 262264 669975 211815 345437 700130 714779 373551 157695 312223 799454 636633 288369 395167 478378 316471 311646 429696 162128 283368 513125
1102919 223067 1095117 723087 1057961 253848 225089 772424 144245 979781 708261 447601 1062260 1067697 409489 708675 634060 815045 957437 639040 543063 799567 812081 278247 299468 533820 1249651 485593 1027014 1005618 772318 653149 607999 822605 807487 681787 892368 574101 767451 999999999 926815 1047216 337018 978018 894255 882333 947589 171127 549567 1056093 914602 550966 94139 309058 921377 1147233 569452 784458 622047 911725 239154 470587 823978 589086 1129091 144361 796969 463950 877460 402899 934226 305541 1211649 693644 802212 481551 133494 925219 1005509 117846 902414 295399 797968 724537 576271 829021 771388 642319 685557 116467 628363 684201 446006 289184 791072 812889 772295 627571 1050776 260202
585349 704119 489603 1016944 368532 900924 812149 267878 894461 336642 360325 497347 322471 591356 674731 230854 348334 145505 354578 380449 631453 238475 581662 705238 728179 477150 719778 813444 750951 836475 618316 494839 481244 305046 205414 717783 35989 882741 676711 926815 999999999 697464 589834 535968 569932 252756 580376 756349 378248 355449 595706 408975 927975 617774 676697 570659 937072 144491 584799 149715 822306 471493 140177 1043259 737233 791542 1058764 997227 65484 540269 170579 632879 724626 1083201 461214 449532 794140 466840 598226 819664 934507 644175 470462 341430 398793 146418 304329 578018 387435 866919 313644 921514 546132 749166 361017 982480 251739 591949 774544 809846
173347 881997 273248 605202 379837 853220 828752 488434 927800 370502 456438 853536 436145 135342 637739 755452 558530 771873 345790 515605 504211 870600 238387 773785 747753 567593 235504 615936 75697 188664 275076 420024 475052 418243 839764 390834 701774 592273 290856 1047216 697464 999999999 818906 161498 169983 926602 129487 934937 706529 393232 142594 847439 985402 835796 131091 236771 643238 661726 426551 547763 820592 836569 595333 735807 82027 914958 597609 781885 731118 868079 529256 789881 183682 702623 301193 712429 940887 233540 99339 1000879 376830 909630 298481 457815 865826 787863 452354 406807 456190 1067135 782204 537163 636423 758927 386316 498596 505984 420321 87397 798765
833859 114438 804840 710270 748374 368004 268127 453285 322962 671348 407112 139348 744787 805728 267130 375182 316213 482075 653866 334883 362031 479850 583058 173795 222622 252553 988830 434200 819631 832478 561961 398905 344183 513426 482469 529382 555496 538636 581559 337018 589834 818906 999999999 714319 651203 567298 700526 167328 212861 744458 676892 237134 345336 27976 709246 867614 567957 447528 410833 580716 286213 153888 489649 642799 896860 204830 779064 544206 541409 106644 604905 75836 959543 727061 533833 148148 204432 649374 755075 233968 794197 90724 532674 419301 267571 497231 460147 426791 391020 289678 298197 634750 186803 238602 494458 752830 449927 419712 846223 284780
125218 791917 161526 659778 235680 813685 771458 337059 872656 212317 322394 728935 288902 91487 576439 603913 426266 613506 185442 389473 449259 713685 189083 699819 683318 462970 275045 599285 220254 320983 245970 325855 375513 263750 682192 388237 540604 603637 291431 978018 535968 161498 714319 999999999 104980 766954 66351 847821 575112 247607 106695 710412 927595 734563 181333 177886 660108 504960 364713 386265 767237 709555 436453 763333 210585 838479 669585 784052 570343 748977 367960 697564 246293 752057 180690 592412 860811 76598 62335 916573 474665 803982 182771 319072 725925 628969 303911 344260 329391 981802 637881 576762 542687 697904 241908 573354 353662 361812 241438 746157
221976 718973 265219 557750 322020 717999 681819 333848 782557 279280 289822 683578 369804 180183 487349 597084 390302 624793 246682 346294 356358 719311 87155 617404 596274 399057 356681 497208 193478 266658 142027 252772 307028 270922 690111 283448 568044 498757 186582 894255 569932 169983 651203 104980 999999999 782152 53661 773228 537495 331994 29147 679459 838723 668990 106953 280402 555146 512248 273395 423870 676047 666747 452317 658416 245737 757911 571232 680060 593880 698216 411801 625732 317421 648849 133845 542459 782231 118668 111765 840516 389054 741865 129888 293376 698818 642105 295471 252868 287387 906492 617711 473069 471103 609453 228090 476825 352168 269019 220170 654593
830206 674832 738957 1148372 620022 926913 828720 450413 890224 581414 520885 436891 575151 831654 743258 225795 459504 158000 594560 506624 744584 89704 774250 723878 761295 566669 969691 906824 972195 1045920 798654 642136 609271 511793 102185 868716 234283 993984 851874 882333 252756 926602 567298 766954 782152 999999999 802427 715285 397885 607236 810111 333187 909102 592127 885675 820304 1041843 271077 723319 391024 844145 416324 331490 1139935 974510 767947 1201129 1069041 200493 480753 416696 632081 971510 1199013 657732 466570 759895 693064 828954 765565 1114085 587155 665392 507834 306251 140092 489851 723075 540177 796778 277274 1055301 605191 781379 556274 1137931 431871 732264 997463 837662
170945 770605 226424 595398 300121 771331 735472 360044 836218 269480 327522 727795 351972 127845 540963 626606 430210 646438 239598 388459 410011 743813 140088 670503 649805 448007 303025 548574 170787 262130 192853 303377 356782 291504 713502 331595 581762 545975 232095 947589 580376 129487 700526 66351 53661 802427 999999999 825211 578719 311548 42920 718721 892368 718948 115500 231814 601609 535228 327027 431645 729705 710098 470986 703208 198813 810839 603776 729377 609617 744150 416227 677051 264293 688521 173359 587800 834887 114136 58112 892794 408698 791050 171668 328433 736710 662957 323407 306492 328578 958671 652728 513933 522140 663063 257027 507265 377826 322680 195268 708246
970913 57781 952394 712114 905143 282571 197013 613670 197871 827320 557740 278716 905229 939002 314819 537570 475137 644003 807377 486380 441536 631060 696586 172799 217470 388678 1122536 443763 924801 919970 664917 522870 472361 669083 637773 599592 721730 545819 671567 171127 756349 934937 167328 847821 773228 715285 825211 999999999 380162 902188 796384 382497 198658 139414 815592 1010143 558741 614615 510228 746693 218551 300828 656664 608733 1015552 69058 785298 492332 706440 234539 770259 151471 1088732 705971 668031 314313 46589 788682 882023 70144 847287 129681 665184 572257 409123 658112 616561 529208 537811 134012 457497 653187 305229 219625 643437 780083 611879 517476 950200 230182
683349 326526 634958 767670 560599 538334 443725 265144 519383 486953 252893 158582 548952 663169 346012 179079 149030 282806 475552 191280 366449 308432 490820 336332 368035 188524 840346 513016 725485 765884 490914 312806 262510 335625 300535 515325 344583 605505 530152 549567 378248 706529 212861 575112 537495 397885 578719 380162 999999999 554652 566106 145205 550389 240820 619458 705933 649931 234974 370155 372579 456624 136335 278484 744690 776851 413297 826700 671156 333315 189241 398398 255946 819621 809455 405496 73471 416434 501892 626258 445816 780249 278409 408065 256682 169995 300268 283575 377322 250340 497970 124842 678339 208297 388693 335331 776054 256931 379996 752767 447365
244851 844435 139034 881774 14215 942180 878315 292023 976944 77707 348228 711591 43058 264436 693193 506618 428321 473973 106916 417160 589644 577753 392479 786591 785991 523669 365583 767198 461966 567486 448558 435747 463640 233565 543736 587545 373639 797046 505263 1056093 355449 393232 744458 247607 331994 607236 311548 902188 554652 999999999 345830 659075 1025387 769902 426755 217772 855244 389071 510685 223457 879909 687438 314010 963160 409839 911738 900931 960639 408499 743845 194572 753103 375565 968359 305365 600133 926744 215468 300199 972174 718883 825182 314564 331558 663996 483824 285639 493502 372633 1032453 567900 792267 611941 804431 270085 808015 298032 512317 479637 861193
213092 742600 268043 553294 335102 733231 700199 362425 800578 297697 318908 711484 385000 169252 506435 626086 419159 652920 266020 374850 374242 747863 102959 638609 615890 425194 339574 507639 164444 240920 152282 278032 332799 298525 718513 289244 594610 503294 189338 914602 595706 142594 676892 106695 29147 810111 42920 796384 566106 345830 999999999 708306 857202 694220 83747 274596 558806 540524 292674 448766 693738 694884 479826 660290 220184 779452 563068 687210 620907 725562 435695 649764 297728 646047 162958 570084 804321 137440 96684 863220 373075 767602 158852 322522 727796 670113 324209 272317 316154 929320 646845 471239 495556 628478 256845 467195 380695 287613 191071 672146
812848 341828 754649 893043 667054 603468 503855 383968 558742 598789 391215 103802 646057 796157 454752 178197 289157 275820 592873 334571 499693 248668 635520 403362 446602 327843 969067 627392 869043 911056 636088 457911 406960 458588 257437 655275 372993 725895 674635 550966 408975 847439 237134 710412 679459 333187 718721 382497 145205 659075 708306 999999999 576002 260525 763827 829530 765327 287228 512078 452718 520957 83677 353642 852720 915648 434936 955532 765978 349202 148139 481676 306983 952028 926276 546345 177570 426799 635445 764056 435428 922070 255674 549612 391807 32012 286420 410056 520442 392204 472438 97092 807083 325377 465251 468568 910953 371537 521951 896302 517254
1052810 234307 1053325 631645 1026047 162704 157007 750208 58771 948076 677728 472591 1035183 1015559 351567 719993 614242 826866 923446 611952 482983 823129 754243 238952 244714 502325 1195385 403588 960258 931836 710615 607135 566838 793587 827276 609885 894788 486986 700209 94139 927975 985402 345336 927595 838723 909102 892368 198658 550389 1025387 857202 576002 999999999 318795 857202 1100570 478941 783759 565349 897713 165194 492799 815474 495217 1067428 141251 705327 369986 883362 429662 918115 295151 1154926 599962 756481 478446 152151 879844 950479 175045 819138 327868 751286 695529 604059 842338 744457 585897 652754 200252 643505 596567 414375 229709 756533 724764 752310 569805 983090 187089
854967 86678 828103 706148 773603 348351 248633 479195 298309 696359 430587 160030 770851 826038 266829 402458 341585 509324 678315 358391 369689 505167 598946 160451 211199 271758 1009391 429636 834410 843923 575649 416265 362175 538246 508544 536537 583406 534538 592770 309058 617774 835796 27976 734563 668990 592127 718948 139414 240820 769902 694220 260525 318795 999999999 724034 889873 561314 475503 423014 608134 267568 176872 517397 632562 914374 177891 775921 530711 569163 122837 632151 67071 979184 719235 553898 175489 176594 670741 774041 206456 799242 77521 552375 443356 290311 524308 485090 439708 413545 263169 324811 633117 200444 225552 517710 753190 476232 431619 860818 267843
263903 764297 337686 491873 415491 722791 701001 435698 799278 381121 381494 757618 466757 218658 512247 694538 476628 727899 349671 429455 378805 820407 129332 650815 622146 462763 362150 484859 110394 160595 150711 315036 370456 376049 792022 259796 674264 463968 159871 921377 676697 131091 709246 181333 106953 885675 115500 815592 619458 426755 83747 763827 857202 724034 999999999 329222 516393 614959 305380 530823 692116 743001 557276 612355 212083 791840 494263 652749 699535 767537 518561 674076 312688 587433 229641 615031 818838 221149 146979 880036 293332 799622 223171 388203 785352 745591 396593 286687 373846 946348 708920 416562 523591 632378 329587 396441 454193 298165 137042 670242
65778 953226 81373 820900 203906 990465 945280 445609 1046516 242413 462214 864017 257008 110639 750619 696471 561951 679811 239153 533888 625647 783822 366404 869228 855872 621660 149394 776931 312441 425404 422421 494392 539865 371564 750219 563121 586023 777773 463904 1147233 570659 236771 867614 177886 280402 820304 231814 1010143 705933 217772 274596 829530 1100570 889873 329222 999999999 833401 583955 540948 430292 941947 842267 508943 934509 218396 1005770 822378 960402 620076 889460 403698 858788 159052 915875 345051 735400 1026400 222117 183255 1079742 609700 955200 349610 453003 839968 691638 422489 520644 476602 1143973 746206 743001 705668 871250 374910 723888 458202 538525 320602 921115
