NAME : synthetic_000307
TYPE : CTSP-D
DIMENSION : 100
GROUPS : 8
RELAXATION_LEVEL : 1
EDGE_WEIGHT_TYPE : EXPLICIT
EDGE_WEIGHT_FORMAT : FULL_MATRIX
EDGE_WEIGHT_SECTION
999999999 516347 522151 334955 413450 519903 427660 899577 404668 229632 678867 800178 558271 721651 732287 649248 754046 500806 584829 268717 408237 721820 693800 255413 201139 686392 338010 239520 610316 839524 289903 272862 354928 350771 100816 70031 577951 537561 322894 790833 551902 287335 359273 459567 348845 350603 285262 140695 545113 442307 668922 706051 676783 675371 609929 471152 254875 359668 607150 752041 669157 471554 458341 833384 365644 514135 416689 352291 164712 681298 115789 499974 228120 254754 15938 118787 561128 528489 579515 503872 92099 574534 275879 268470 476249 419074 232073 417715 721423 620252 403329 276081 374352 183251 494539 692853 808553 430897 394316 710017
516347 999999999 50055 850914 661211 903207 424152 946220 173704 391634 643557 871192 785439 587039 844573 819034 783379 707548 724954 569955 565782 213106 660321 585008 604118 449532 663836 277893 149969 918710 263654 406202 589863 402984 422855 581750 838807 37820 248864 300048 123897 247451 871023 655474 803720 393738 731146 379867 498747 205973 696555 466558 875949 706032 304082 189097 426279 301074 243937 304082 435348 319623 201872 814619 832217 459643 905276 394610 469685 305740 578292 976258 640382 385639 504643 629145 497793 444887 645456 51377 443646 108778 316063 307018 807778 862767 299909 228920 370959 854982 657515 305855 701935 397580 839751 179418 343196 904546 386035 370141
522151 50055 999999999 854575 633981 882769 387712 901128 212593 376732 597887 827887 753368 538277 803813 782245 738949 675683 687881 597988 603876 199678 614499 568191 593360 399588 643305 282787 108734 875371 289199 385470 564345 440687 425183 585021 808360 83589 231916 275403 172876 268868 871598 624254 793312 364457 720963 382704 455602 251165 653199 416544 840313 662687 254048 146909 455718 339282 194205 265943 385505 277526 161457 767830 823056 417359 899111 432496 490919 257808 574900 967118 629065 414533 511546 637743 453654 401237 605305 100787 443968 65945 344573 293289 783948 849954 296838 194349 322559 822241 630945 290771 680335 418621 816578 172558 310213 895633 427156 321213
334955 850914 854575 999999999 516014 428446 675012 1000914 734767 515366 866488 903164 613039 946392 822410 719790 891244 594290 695745 452270 606944 1054051 877327 400193 327390 954762 417073 573279 937384 930128 618377 540220 502506 627432 429397 269585 596677 872515 641452 1118350 884156 619725 56348 579380 238709 613113 252257 472006 771119 766066 825681 972560 717421 828903 908442 787560 531836 669115 918507 1071086 939040 757077 772751 983381 216980 752687 179207 632125 439124 988463 293456 261752 310386 550476 347552 231260 790024 774580 738634 838697 411332 903866 592868 580769 466238 282477 559184 728600 1019083 647981 506188 586755 426131 492747 460696 1026301 1129769 225412 675708 1005920
413450 661211 633981 516014 999999999 272136 271220 500378 656344 296538 359744 400185 148447 459823 325359 236154 376324 88535 184156 681954 814068 797666 368266 158577 227385 519622 99323 463094 662204 434728 580679 262899 74706 720903 390940 392328 185184 697101 417760 819980 758948 557406 488661 63697 301996 269855 264393 407940 307098 714417 310416 532406 265358 313226 539777 500123 639580 685166 583413 739305 508367 395189 482796 467590 336751 309228 426696 719216 566559 629284 314835 447629 221803 622269 424299 468083 325938 336690 226150 682017 368931 648662 605144 371599 158804 314094 414936 442010 631406 216340 10651 369070 96619 551796 193280 787203 799831 392562 753738 615910
519903 903207 882769 428446 272136 999999999 541494 624397 864229 513898 596156 537065 258513 711952 455291 352404 558941 291783 375593 766994 919545 1058385 599857 321457 329912 788770 239529 664837 923563 551239 768055 497533 326503 868850 548992 465405 211297 936728 654346 1087424 986890 751744 378795 316950 201514 527743 240725 581706 575132 916696 525990 800461 325277 524863 811164 758938 774474 861000 852287 1009534 778335 663651 741434 652381 213163 580582 265865 869636 683969 900715 404520 233878 296166 770449 535199 510608 593335 608151 462450 915813 522715 905777 775634 598021 116175 145971 623164 697929 903510 257888 270221 598207 202935 696936 83237 1044452 1070334 216186 910223 888000
427660 424152 387712 675012 271220 541494 999999999 550501 472494 201481 271887 463742 369781 294210 425742 394928 386975 293448 300802 655630 747495 532373 288785 283695 348933 280457 319039 322930 397495 510605 438508 154925 218253 613254 347007 451255 428145 461860 220538 549244 537639 408519 667187 244972 519318 79259 457231 333149 121295 533213 295055 297783 452602 303965 270069 243252 560384 544633 312315 468242 265360 124962 227164 444091 554555 86616 644166 608580 523246 359565 392367 687485 372474 528669 429211 532008 135120 102175 227116 456356 341111 389648 483711 213424 429933 554982 277859 195267 368122 436984 271795 205697 345305 476009 464363 525783 528919 622468 631246 353083
899577 946220 901128 1000914 500378 624397 550501 999999999 1021354 718549 303692 100274 388496 394555 178538 281867 164402 413490 317504 1162051 1277351 980393 287539 653890 726894 552880 596676 868244 865988 73166 986887 669404 546227 1156468 852076 888767 416425 983342 771018 948497 1068113 957500 964369 444129 766730 617521 751128 853941 449918 1081797 255618 547140 299178 246588 678341 757479 1092361 1093930 747406 848558 557789 628559 746077 151416 795809 490791 874017 1152566 1036367 740419 811840 857704 721939 1065646 907874 966864 448879 502209 331603 987215 835995 877972 1028487 758257 542748 746729 820401 729673 697130 367104 511020 751411 578222 1004114 558673 990767 893108 828284 1178351 684512
404668 173704 212593 734767 656344 864229 472494 1021354 999999999 360764 728703 936213 796387 698215 895684 850612 857066 720146 760545 403647 392215 378531 746026 544302 540998 581055 632857 199468 320810 983098 116514 394611 581654 229294 329151 474418 841266 171412 253906 471223 150831 118475 763275 667351 731879 415851 660767 289350 574255 60779 765848 600069 900680 774991 443478 293323 259638 127404 395373 477018 564849 403195 297091 904005 755488 532763 817260 220938 318333 465711 491958 896418 577422 220829 390331 504654 578881 526086 698928 132358 354521 278214 154895 286202 784211 797534 243699 297889 528355 867002 650158 290010 673402 249942 812736 340980 516855 825348 214760 524861
229632 391634 376732 515366 296538 513898 201481 718549 360764 999999999 465679 623479 440114 495258 567957 505922 561457 366215 422937 456757 559614 566426 481775 193595 218720 457905 276331 166929 437995 667440 286274 49987 221912 441181 145641 264096 481722 423906 144828 616075 473621 261604 520003 314585 417902 122621 346074 136686 321921 418161 471075 477352 549946 478826 393809 277915 373872 392736 404091 559381 440857 246430 261827 630974 448838 287937 529005 438078 325388 473126 221913 592416 253504 347615 229552 340798 336522 300280 387326 401951 140314 411206 317161 84648 425709 473249 118407 216357 505061 510250 289909 86095 316066 285948 455648 546050 619287 521404 468161 492400
678867 643557 597887 866488 359744 596156 271887 303692 728703 465679 999999999 240894 344490 128211 247600 289640 145814 306331 224694 922404 1019155 681684 17337 471395 548367 266939 453630 594249 563512 286691 707624 416058 364299 884389 609941 687614 404875 680451 485815 658562 766135 677151 844351 297406 661678 348630 619474 601307 155538 788336 85158 266965 351364 92047 378075 455472 832023 812142 446281 559935 267504 328644 444901 175359 696494 196899 786309 879505 790972 447179 617245 801828 557917 800555 683325 769742 149847 202976 135724 685708 599838 574426 754681 485206 483512 670497 549719 432355 412773 380623 368033 477370 456291 746924 513589 689806 610025 750813 900653 398582
800178 871192 827887 903164 400185 537065 463742 100274 936213 623479 240894 999999999 292650 352536 82516 187349 96025 313571 217255 1063568 1180988 922116 227348 553683 626621 505012 496791 776615 801706 47521 896222 574860 446316 1063185 754694 788620 326386 908739 683762 898967 991302 867320 867764 343904 670508 526842 652575 757975 372460 996908 174693 502640 215720 165206 618396 682135 996783 1003698 686022 799954 507066 551642 669562 144974 700399 411830 780533 1059543 938758 687875 711641 768672 621829 971055 808697 866611 374517 426650 239221 909910 738023 809953 936061 667129 449088 653679 728200 649395 651171 279449 410823 660611 479174 908266 467316 929214 848651 735803 1086541 637434
558271 785439 753368 613039 148447 258513 369781 388496 796387 440114 344490 292650 999999999 466761 210590 106783 301623 77913 119944 826963 961572 901164 346142 303038 364323 566414 224942 607017 766836 317159 726001 401926 220043 869180 539378 531155 63484 822412 550409 910420 890160 701718 575873 130498 378263 392420 365517 555984 358259 855481 269441 574721 118569 267601 620307 611945 787977 831449 673910 821950 559069 492880 595338 395708 407779 376634 488414 867409 713976 707418 454161 482182 350529 770660 569841 602668 373676 403276 217453 811083 517239 759285 752402 510199 157851 362128 558150 559020 696700 70653 157515 506653 197429 700242 180400 895517 880394 444603 901555 681078
721651 587039 538277 946392 459823 711952 294210 394555 698215 495258 128211 352536 466761 999999999 372161 417656 257275 420169 348312 944962 1024702 589898 134152 546215 620522 158862 545980 595000 484285 394647 697883 449118 447993 878763 640305 741893 528576 621826 476911 553990 710896 666944 930039 401509 757220 372637 707685 623343 178520 755054 213233 152625 479564 219683 294201 408253 839375 796472 363589 454022 165527 298961 401982 245750 792725 207604 883660 872901 812291 347331 677977 907283 636140 804109 723406 823507 161165 196146 250561 633827 635238 503050 750173 492743 597087 773917 556366 402735 302622 507114 466637 484214 555499 759482 628767 603552 499146 851848 888309 289962
732287 844573 803813 822410 325359 455291 425742 178538 895684 567957 247600 82516 210590 372161 999999999 104846 127856 237293 147998 998197 1120622 914074 238521 481740 552723 513501 419826 726700 788279 109582 847330 520876 377363 1009136 693072 716764 244268 882375 641808 899913 961677 819377 786242 272899 588770 480947 572652 699689 351409 956446 165583 514398 138021 157141 612119 656931 938482 955074 677140 802748 512703 526359 643008 208738 618352 387188 698097 1005972 875986 688186 639402 686401 545802 914815 741620 793369 357643 406244 199407 880154 674905 792225 883970 618879 366620 571191 677569 618065 658465 198314 336000 612995 400052 849657 384853 917654 854893 653293 1035014 643888
649248 819034 782245 719790 236154 352404 394928 281867 850612 505922 289640 187349 106783 417656 104846 999999999 211078 148491 94455 917413 1046410 912022 286345 394729 461642 540135 324728 670362 780982 210377 791056 462298 297925 944326 619861 627785 141153 856707 598354 909443 930781 764737 682565 194150 484880 435985 471609 631404 349300 910890 205644 544877 63818 200614 617587 636475 868100 898229 677752 815890 535944 509392 621033 302173 514010 377652 593282 941852 799569 700215 550320 582247 451256 847531 659744 701929 360625 401309 190434 849954 599626 779243 822823 566739 261788 466346 620902 590114 679741 99746 246503 561907 301144 779454 280302 911031 871599 548455 973567 664457
754046 783379 738949 891244 376324 558941 386975 164402 857066 561457 145814 96025 301623 257275 127856 211078 999999999 297891 196464 1011436 1121069 827498 131650 518797 594818 408987 475629 706758 708660 140958 824553 511750 408268 996061 699094 750251 349739 820679 607316 803101 904747 794903 860803 314282 666952 455941 639000 697843 285837 917472 92032 406720 260143 83429 523875 594384 934999 931240 591959 704006 411104 464861 582606 94404 699283 326534 784356 991907 883364 592174 674918 783438 595528 906882 761073 830610 285592 338687 175461 823672 684771 718358 867425 596604 458196 660240 659491 565409 555147 310817 386537 589532 465567 847383 482022 835422 752629 742813 1016628 541411
500806 707548 675683 594290 88535 291783 293448 413490 720146 366215 306331 313571 77913 420169 237293 148491 297891 999999999 101578 768922 898654 825604 311566 246734 315765 505030 183221 532755 690908 346818 652486 326258 150690 800085 473008 480855 134807 744507 472968 837555 812384 627516 562937 52934 369519 314527 342158 486615 292866 779528 243377 514986 184202 244274 549057 534797 721666 758667 600502 750815 496288 417392 518090 391307 402436 306803 489230 797955 651538 637130 403365 497170 308645 702396 511255 556482 309683 334038 171252 733218 452160 682471 680962 433987 177464 368203 483606 481351 630035 148075 99102 430180 168160 633275 208617 819165 809936 450049 830972 614382
584829 724954 687881 695745 184156 375593 300802 317504 760545 422937 224694 217255 119944 348312 147998 94455 196464 101578 999999999 850283 972961 818575 226207 336456 409520 457061 282471 584607 687040 254781 705477 377137 230015 863780 545349 571468 180424 762660 507328 818237 837430 678329 664482 126670 470536 344869 443540 552933 258256 821056 150410 463623 155194 149391 526261 542033 791444 813073 585144 725890 451376 415024 526624 290213 503045 284557 588831 860862 728041 610312 494418 592120 405887 768573 593942 649360 270941 308930 103478 756436 526972 684887 739907 478778 267452 465946 535206 496060 593105 161694 194713 473488 269656 702596 294661 817047 782513 548309 890980 577647
268717 569955 597988 452270 681954 766994 655630 1162051 403647 456757 922404 1063568 826963 944962 998197 917413 1011436 768922 850283 999999999 157544 780778 938425 524122 466763 877832 605617 363317 704535 1104263 308877 506357 621371 206587 313232 305167 845281 574036 483313 869911 544779 331620 500699 726325 575776 576512 526269 322500 776912 404115 923272 898157 945488 930437 770057 612229 144145 289205 744854 861022 860151 661961 605552 1085669 581226 740610 601185 214035 132676 821346 377342 690629 489376 184329 257688 259389 790296 748942 835975 534911 326682 662436 253985 453747 738294 645601 392539 577705 874853 888451 671896 462394 640706 192666 753265 744002 908105 631727 252058 866838
408237 565782 603876 606944 814068 919545 747495 1277351 392215 559614 1019155 1180988 961572 1024702 1120622 1046410 1121069 898654 972961 157544 999999999 763329 1035885 659413 609368 936839 745331 429747 712519 1223745 335666 609346 748486 163191 427619 454597 985030 559383 548561 859825 507324 365410 656686 852774 731291 670753 679153 423483 867339 368973 1030503 956963 1079373 1038349 813464 654278 187132 264841 776023 869154 919450 729543 651646 1188734 737875 828258 758671 171400 247599 850061 522214 848122 635180 220599 394855 415788 878366 832054 946741 521504 446852 669778 278838 535268 884121 801492 470641 633351 909556 1025828 804481 543458 782368 273699 901222 724151 908579 789198 184740 903972
721820 213106 199678 1054051 797666 1058385 532373 980393 378531 566426 681684 922116 901164 589898 914074 912022 827498 825604 818575 780778 763329 999999999 696259 752756 785027 431878 821019 482398 135465 968318 476480 567414 733358 603493 624710 784553 960392 207137 423123 100818 261104 460490 1070252 777261 984283 530906 912493 582322 565131 394401 752080 441874 973765 761322 303720 299451 636680 502720 236971 162361 424391 408303 316956 834858 1015206 534396 1093761 594914 682789 244049 772261 1158841 819920 596610 711139 837158 556932 511454 724318 246256 643093 155267 527632 485748 953467 1037851 495509 360945 300460 966676 796291 482041 855620 610680 987193 39894 166862 1087794 579186 308780
693800 660321 614499 877327 368266 599857 288785 287539 746026 481775 17337 227348 346142 134152 238521 286345 131650 311566 226207 938425 1035885 696259 999999999 483591 560693 278531 463262 611299 579005 272588 724838 432071 375693 901479 625777 701584 405557 697158 503091 671629 783004 694381 854359 305392 670245 365244 629394 617590 172841 805647 80703 277563 347118 86213 392846 472387 848755 829417 461325 572706 279904 345814 461924 158024 704877 214220 794359 896618 807132 460558 630702 808133 569444 817426 698449 783662 167159 220247 142644 702648 615381 590436 771783 502161 488155 677436 566642 449619 424636 379328 376821 494351 464608 763504 517648 704886 622065 758160 917869 410652
255413 585008 568191 400193 158577 321457 283695 653890 544302 193595 471395 553683 303038 546215 481740 394729 518797 246734 336456 524122 659413 752756 483591 999999999 77237 563340 91341 344906 620663 590466 453445 185410 110737 576305 244738 235108 326614 617495 336888 793766 665508 434547 386392 209787 239717 237438 174070 269896 371378 598326 441587 579969 421466 446438 541115 456153 489965 552342 567761 726821 548683 385896 438942 605315 273994 355339 361958 575492 411941 628075 157962 412786 90460 476669 266807 313171 390428 378822 351446 595239 220313 597836 468746 278209 242748 286044 301980 393479 646461 366415 148274 279154 131924 404159 269295 734963 787893 344422 612654 631997
201139 604118 593360 327390 227385 329912 348933 726894 540998 218720 548367 626621 364323 620522 552723 461642 594818 315765 409520 466763 609368 785027 560693 77237 999999999 629345 139853 343830 656550 662015 439905 227418 187553 541940 219268 166831 378640 633976 362373 833822 672688 425549 318445 283294 199964 292637 127638 253694 444146 590756 518582 646703 482578 523318 595301 494998 450152 531121 615386 773186 614040 440617 478416 682035 230182 425329 311240 542196 364663 679921 90122 373989 36696 442701 214866 240718 462935 447491 428541 607916 192936 629857 445726 300199 275494 259537 307936 432612 703458 422792 216756 303284 173947 369070 295340 763980 833771 302780 581890 689502
686392 449532 399588 954762 519622 788770 280457 552880 581055 457905 266939 505012 566414 158862 513501 540135 408987 505030 457061 877832 936839 431878 278531 563340 629345 999999999 588285 515489 332516 548983 601934 420929 485316 781956 593474 720676 629897 481792 394715 395787 571804 571692 947644 472129 795280 343972 735858 567299 213682 633790 348191 20329 603882 356406 146056 288565 757579 691301 212657 296019 17685 217638 287679 404609 830849 212764 921318 775205 747319 188590 668198 958903 652698 719111 684648 798630 195812 186618 353589 498999 594935 356125 658047 428661 672754 824931 486166 303774 146172 618524 523695 420091 607858 686091 706613 447133 343656 896636 784394 132503
338010 663836 643305 417073 99323 239529 319039 596676 632857 276331 453630 496791 224942 545980 419826 324728 475629 183221 282471 605617 745331 821019 463262 91341 139853 588285 999999999 433905 686828 529403 544235 258004 102976 666865 335688 306520 239941 697604 415020 854513 749944 524725 391279 162343 211331 292519 166352 361211 381897 687778 408694 602964 342915 411835 587517 521780 579287 643635 622356 781157 575323 434991 504298 566860 246931 375558 338004 666209 498626 676504 229959 370666 126536 567168 350708 377908 401250 401788 322561 677480 310916 667539 560087 359666 151915 236948 389490 460093 687119 283079 89251 359451 40780 494328 179927 805987 842309 309147 703694 672024
239520 277893 282787 573279 463094 664837 322930 868244 199468 166929 594249 776615 607017 595000 726700 670362 706758 532755 584607 363317 429747 482398 611299 344906 343830 515489 433905 999999999 374600 822023 120870 208065 388607 290325 145143 303909 648221 301588 120994 553808 329805 94761 593266 480771 538725 250849 466669 102134 440205 253960 614824 535813 716077 623329 408139 253157 244784 228512 389367 522527 497837 302062 244534 767015 564495 400220 632456 285713 235749 465893 304199 707456 380474 209154 228759 355113 450141 402680 537556 270623 167025 337050 160889 110167 585556 602388 49465 214435 515336 677178 456174 117443 474555 170843 613649 453376 576482 635812 310115 506358
610316 149969 108734 937384 662204 923563 397495 865988 320810 437995 563512 801706 766836 484285 788279 780982 708660 690908 687040 704535 712519 135465 579005 620663 656550 332516 686828 374600 999999999 848580 395735 435308 598152 549338 510624 669367 825637 169470 297967 180981 255195 373658 950013 642205 854695 395871 783471 469621 437233 355940 629084 346510 842071 638471 190106 165108 563127 447815 120731 157359 321417 274115 182562 724772 886367 404226 966931 541123 593823 163506 650183 1029419 690739 521838 601108 728065 430740 382723 595138 199906 526527 42793 451958 360396 818137 906445 379118 227394 229312 832928 660856 355774 720954 521824 851916 130074 204396 958811 534908 231333
839524 918710 875371 930128 434728 551239 510605 73166 983098 667440 286691 47521 317159 394647 109582 210377 140958 346818 254781 1104263 1223745 968318 272588 590466 662015 548983 529403 822023 848580 999999999 941891 619170 484793 1107794 796811 825570 343420 956254 730381 943748 1038812 913149 892822 381020 695073 572758 681269 801240 419974 1043817 222193 545887 226048 212709 664635 729650 1040168 1049458 732505 844486 551611 599163 717083 171733 723763 459346 801342 1104269 980528 733020 748300 784542 655376 1015046 848469 902576 421938 474138 285219 957415 779546 857163 981088 712779 470285 673998 773429 696824 695012 293963 445376 706370 509222 951515 485735 975836 892404 755422 1131748 681485
289903 263654 289199 618377 580679 768055 438508 986887 116514 286274 707624 896222 726001 697883 847330 791056 824553 652486 705477 308877 335666 476480 724838 453445 439905 601934 544235 120870 395735 941891 999999999 328814 506633 181193 222148 359894 765375 272899 222774 562456 266951 30941 647550 600795 624637 369532 554784 186414 552383 153630 732524 621967 836165 741192 478160 318762 168040 107744 443880 552493 584656 399426 315991 881774 646509 511498 704891 175089 207310 519339 382990 785733 475591 126708 275196 388141 560708 510877 657017 234712 248358 353568 58055 229113 696084 691922 170301 299482 576635 795865 573315 235639 585009 136302 722537 441377 599236 715197 193031 570259
272862 406202 385470 540220 262899 497533 154925 669404 394611 49987 416058 574860 401926 449118 520876 462298 511750 326258 377137 506357 609346 567414 432071 185410 227418 420929 258004 208065 435308 619170 328814 999999999 188637 488712 194253 300221 447119 440515 157904 609461 497460 302506 540105 273770 421120 78280 351257 186659 274038 453557 421215 439882 508667 429012 369698 271084 423329 436188 387988 546038 404304 216885 253998 580988 453892 241515 538011 485335 375226 452990 248776 595621 259050 396307 274289 379572 289262 255704 337960 422255 186545 412630 363126 108795 402221 471161 158604 208351 479430 472492 257460 106199 295746 335648 433776 550187 606769 525810 514201 466010
354928 589863 564345 502506 74706 326503 218253 546227 581654 221912 364299 446316 220043 447993 377363 297925 408268 150690 230015 621371 748486 733358 375693 110737 187553 485316 102976 388607 598152 484793 506633 188637 999999999 649954 322336 343165 259846 625334 344611 760948 685524 483037 482773 104964 312190 202612 259693 336491 280071 639713 331036 500062 334106 335776 488047 434303 570976 611610 526298 684239 472353 337812 416837 494590 347898 272609 438961 647985 501752 577409 266996 473639 193761 551955 364336 422694 299449 298813 241095 609217 301729 582260 532363 297175 220441 339840 340320 374536 585659 289379 68825 294833 127110 482601 253906 721062 745236 411739 681679 570456
350771 402984 440687 627432 720903 868850 613254 1156468 229294 441181 884389 1063185 869180 878763 1009136 944326 996061 800085 863780 206587 163191 603493 901479 576305 541940 781956 666865 290325 549338 1107794 181193 488712 649954 999999999 331790 413494 901084 397982 402506 698722 352298 212054 668904 750653 698383 540324 636028 313489 729889 211072 904291 801874 984017 912663 654419 496158 98311 101916 614531 706048 764796 580550 494834 1057340 712582 689485 752225 8610 194316 687957 464718 839608 573500 99713 335039 404673 739131 690249 824995 359658 356012 506592 129745 400200 814766 768991 336626 480450 748200 936976 712281 407686 706545 173054 836784 564755 746050 773703 48406 743079
100816 422855 425183 429397 390940 548992 347007 852076 329151 145641 609941 754694 539378 640305 693072 619861 699094 473008 545349 313232 427619 624710 625777 244738 219268 593474 335688 145143 510624 796811 222148 194253 322336 331790 999999999 159844 569447 446651 222199 691405 470052 211082 448177 425823 403192 267910 332807 43011 467561 374902 610336 613411 655704 617623 510981 370391 248767 312087 506566 651299 576027 376714 357721 772448 426341 433312 489951 330819 184393 580986 162885 567553 254283 232329 94367 219601 482103 444694 523714 415039 26369 475608 226939 169371 485244 469923 131671 317609 622234 606241 381944 177320 375762 160892 509085 596989 707986 496326 368010 611137
70031 581750 585021 269585 392328 465405 451255 888767 474418 264096 687614 788620 531155 741893 716764 627785 750251 480855 571468 305167 454597 784553 701584 235108 166831 720676 306520 303909 669367 825570 359894 300221 343165 413494 159844 999999999 543840 604246 376135 850312 621075 356774 290655 444812 285147 378234 226129 202426 563541 512331 668990 739818 649380 674679 655218 523983 315919 428327 658034 806922 703855 510479 510098 833798 299368 536231 347102 415685 221618 730554 77497 431176 185197 320122 85194 82184 580745 553391 578612 571306 142931 635024 345185 317682 433370 355907 290377 467485 766860 588997 381794 324483 338914 250499 448129 756722 864597 362808 458476 754706
577951 838807 808360 596677 185184 211297 428145 416425 841266 481722 404875 326386 63484 528576 244268 141153 349739 134807 180424 845281 985030 960392 405557 326614 378640 629897 239941 648221 825637 343420 765375 447119 259846 901084 569447 543840 999999999 875416 599663 971754 940633 742433 555318 184339 358300 445069 357825 589832 421453 899516 327230 638167 121233 324544 682326 668755 816387 869210 734891 884065 622535 552198 651915 442319 384326 438978 458614 899837 737966 769801 468540 442327 359224 801763 590604 610486 437021 465809 280258 862492 545944 816735 788228 555913 130493 331192 600119 614252 759882 51364 192112 553029 204969 729940 142392 953721 942760 412159 935565 744252
537561 37820 83589 872515 697101 936728 461860 983342 171412 423906 680451 908739 822412 621826 882375 856707 820679 744507 762660 574036 559383 207137 697158 617495 633976 481792 697604 301588 169470 956254 272899 440515 625334 397982 446651 604246 875416 999999999 282712 300743 90025 260493 894445 692324 833070 430400 760495 403671 536280 192812 734079 498330 913488 743559 335846 226604 429893 296547 273173 316898 468066 357254 239591 851016 860929 497293 932383 389456 480201 330542 604565 1004800 670420 390128 525224 648132 535125 482313 683271 39146 468454 131931 321727 339288 842548 893165 327580 266603 396301 892068 693225 338641 736039 408806 874283 169967 350553 933050 376804 396608
322894 248864 231916 641452 417760 654346 220538 771018 253906 144828 485815 683762 550409 476911 641808 598354 607316 472968 507328 483313 548561 423123 503091 336888 362373 394715 415020 120994 297967 730381 222774 157904 344611 402506 222199 376135 599663 282712 999999999 478260 341228 191989 652366 420061 562128 162482 489995 186012 330320 314650 515495 415043 650261 524451 293269 148323 365120 326328 284413 430787 377047 181375 135559 660582 592484 289181 670677 396944 353769 359224 352319 736362 397726 328291 316295 441635 338104 288111 445602 264687 233835 268352 273393 62684 560114 618074 95578 97582 403155 620946 413140 59096 453331 291377 591657 401621 488685 665096 415468 392975
790833 300048 275403 1118350 819980 1087424 549244 948497 471223 616075 658562 898967 910420 553990 899913 909443 803101 837555 818237 869911 859825 100818 671629 793766 833822 395787 854513 553808 180981 943748 562456 609461 760948 698722 691405 850312 971754 300743 478260 999999999 361088 543710 1130598 792244 1030456 562019 959954 650171 560239 491577 734959 401602 972558 743833 291981 338892 726323 597245 237299 100030 392176 424791 355679 799329 1062818 535131 1144872 690194 766123 211787 830575 1205052 867297 685631 781351 908246 549020 509661 719204 339260 707495 216761 615943 540393 978227 1079751 560002 401487 252006 972720 819895 535436 886487 693804 1012506 140479 73746 1135003 676406 264077
551902 123897 172876 884156 758948 986890 537639 1068113 150831 473621 766135 991302 890160 710896 961677 930781 904747 812384 837430 544779 507324 261104 783004 665508 672688 571804 749944 329805 255195 1038812 266951 497460 685524 352298 470052 621075 940633 90025 341228 361088 999999999 264701 911153 759663 868530 498204 796438 428247 619308 141736 816935 588355 985814 826385 425871 310724 402783 256358 362893 393608 558024 439985 322143 937911 894110 579484 960003 343709 468202 418102 632345 1036687 709384 366412 538070 654729 619276 566064 762271 81542 494208 220344 303944 390856 898413 931852 365541 343614 483979 960445 754189 391948 789529 400637 928961 221224 419642 965151 322607 484959
287335 247451 268868 619725 557406 751744 408519 957500 118475 261604 677151 867320 701718 666944 819377 764737 794903 627516 678329 331620 365410 460490 694381 434547 425549 571692 524725 94761 373658 913149 30941 302506 483037 212054 211082 356774 742433 260493 191989 543710 264701 999999999 646508 575512 614193 340484 543446 172291 521835 165237 702872 591762 810795 711587 449244 289711 193684 136443 416734 529606 554372 368518 286381 851449 637355 480886 698802 206005 222608 492597 373708 778018 461691 152709 273388 391309 530017 480062 628101 223556 236723 332008 86695 200581 676632 680429 144027 268882 548974 771831 550327 206794 565492 150332 703839 426577 577825 707011 223569 542254
359273 871023 871598 56348 488661 378795 667187 964369 763275 520003 844351 867764 575873 930039 786242 682565 860803 562937 664482 500699 656686 1070252 854359 386392 318445 947644 391279 593266 950013 892822 647550 540105 482773 668904 448177 290655 555318 894445 652366 1130598 911153 646508 999999999 552355 197795 609855 224977 491179 757298 797755 799067 964841 676500 801740 909788 796057 572020 704797 924062 1078950 932430 756422 780622 953881 171434 741619 123497 673163 477605 992052 300202 205447 295997 587923 373134 266351 776456 764683 713808 861861 427861 918123 626052 590516 424969 233276 574829 735684 1019356 606676 479291 595885 395520 526685 416614 1044006 1138433 170880 716900 1005742
459567 655474 624254 579380 63697 316950 244972 444129 667351 314585 297406 343904 130498 401509 272899 194150 314282 52934 126670 726325 852774 777261 305392 209787 283294 472129 162343 480771 642205 381020 600795 273770 104964 750653 425823 444812 184339 692324 420061 792244 759663 575512 552355 999999999 365016 262076 327999 437457 258453 726809 246735 483557 235371 249626 506028 484458 673955 707284 554949 707431 462117 369712 467592 404730 399521 267027 489000 748323 606384 594859 367749 506368 281538 653542 469182 522760 276476 294615 162930 680641 405924 632554 630324 381239 200793 373842 431519 430035 591416 200910 73221 377357 159289 585304 234502 769819 767142 453571 780695 575791
348845 803720 793312 238709 301996 201514 519318 766730 731879 417902 661678 670508 378263 757220 588770 484880 666952 369519 470536 575776 731291 984283 670245 239717 199964 795280 211331 538725 854695 695073 624637 421120 312190 698383 403192 285147 358300 833070 562128 1030456 868530 614193 197795 365016 999999999 477154 72583 442572 592256 777920 609914 810758 479302 611842 780683 691708 601030 706014 807021 965909 781559 625530 674802 760712 35708 583381 126798 700351 506633 867789 241939 174725 164423 603538 364772 316576 611634 608790 527938 806096 377474 829030 620881 500098 227807 70834 505963 629020 885215 409652 293659 503034 205734 531929 222377 963742 1026892 104840 742806 870579
350603 393738 364457 613113 269855 527743 79259 617521 415851 122621 348630 526842 392420 372637 480947 435985 455941 314527 344869 576512 670753 530906 365244 237438 292637 343972 292519 250849 395871 572758 369532 78280 202612 540324 267910 378234 445069 430400 162482 562019 498204 340484 609855 262076 477154 999999999 410391 254100 200430 476468 364053 362658 488683 372513 304011 231699 483650 476886 331506 490688 327603 148752 214228 518475 511348 165403 598500 536054 444222 390639 324294 649755 320710 453115 351458 457823 214350 177976 287628 418727 262735 379715 411491 140752 423010 520689 203703 172290 410985 462467 267320 133918 325384 398297 456515 518498 551861 581829 560879 396925
285262 731146 720963 252257 264393 240725 457231 751128 660767 346074 619474 652575 365517 707685 572652 471609 639000 342158 443540 526269 679153 912493 629394 174070 127638 735858 166352 466669 783471 681269 554784 351257 259693 636028 332807 226129 357825 760495 489995 959954 796438 543446 224977 327999 72583 410391 999999999 371431 537864 707706 574698 752031 475658 577611 714397 621073 539704 638746 738454 897013 721549 559127 604292 731281 102907 525678 188122 637532 446935 800692 173846 246385 92735 539560 301031 270829 557189 550183 488913 733608 306836 757279 553313 427836 231440 137138 433452 558475 820381 408042 254800 430902 174063 467019 236831 891611 957862 175366 679378 805971
140695 379867 382704 472006 407940 581706 333149 853941 289350 136686 601307 757975 555984 623343 699689 631404 697843 486615 552933 322500 423483 582322 617590 269896 253694 567299 361211 102134 469621 801240 186414 186659 336491 313489 43011 202426 589832 403671 186012 650171 428247 172291 491179 437457 442572 254100 371431 999999999 454441 337275 607676 587432 670529 615370 477963 333159 238945 282462 469997 612206 549710 349689 321292 767597 466711 418186 531952 311499 190123 545161 204104 608645 289626 216134 131998 258821 467812 427197 523284 372222 65962 433994 199107 138940 512443 508287 92180 282976 588599 624241 399557 147405 401816 150295 537829 554296 668271 537234 345895 578012
545113 498747 455602 771119 307098 575132 121295 449918 574255 321921 155538 372460 358259 178520 351409 349300 285837 292866 258256 776912 867339 565131 172841 371378 444146 213682 381897 440205 437233 419974 552383 274038 280071 729889 467561 563541 421453 536280 330320 560239 619308 521835 757298 258453 592256 200430 537864 454441 999999999 634204 197809 225545 412320 207285 268307 309676 680364 656643 329247 467668 203870 179341 297266 330656 627963 41519 719031 724854 644542 352146 499527 750789 461787 647766 547591 645274 19379 54893 159581 538081 460562 440943 600144 332179 459085 616566 396839 279866 338443 415756 311771 324109 397862 596734 492932 566947 524625 690976 745388 322820
442307 205973 251165 766066 714417 916696 533213 1081797 60779 418161 788336 996908 855481 755054 956446 910890 917472 779528 821056 404115 368973 394401 805647 598326 590756 633790 687778 253960 355940 1043817 153630 453557 639713 211072 374902 512331 899516 192812 314650 491577 141736 165237 797755 726809 777920 476468 707706 337275 634204 999999999 826347 652424 960557 835508 493486 348061 263785 115001 441325 508576 617958 461824 353144 963557 800081 592744 858184 202465 336680 508563 536479 939333 626846 229700 427263 534834 638490 585528 759699 157029 400904 314496 173995 345576 839496 844810 300184 356688 572665 926047 708000 349683 728460 274132 867398 355178 543350 868826 184868 570320
668922 696555 653199 825681 310416 525990 295055 255618 765848 471075 85158 174693 269441 213233 165583 205644 92032 243377 150410 923272 1030503 752080 80703 441587 518582 348191 408694 614824 629084 222193 732524 421215 331036 904291 610336 668990 327230 734079 515495 734959 816935 702872 799067 246735 609914 364053 574698 607676 197809 826347 999999999 349732 266644 9490 448919 507478 844141 839213 515227 637434 347140 377085 495020 164858 643729 237511 731739 900086 794294 523174 595028 740056 522846 815574 675256 750222 200032 251962 90447 735615 596910 636050 775541 504660 416785 611573 567681 475851 492906 299194 319901 497555 404707 756811 444798 757479 689325 693319 924637 478309
706051 466558 416544 972560 532406 800461 297783 547140 600069 477352 266965 502640 574721 152625 514398 544877 406720 514986 463623 898157 956963 441874 277563 579969 646703 20329 602964 535813 346510 545887 621967 439882 500062 801874 613411 739818 638167 498330 415043 401602 588355 591762 964841 483557 810758 362658 752031 587432 225545 652424 349732 999999999 608483 357662 162536 307964 777844 710930 227571 301584 38007 237814 307402 397732 846373 227520 936991 795096 767625 197862 686726 973406 669576 739340 704420 817990 207137 202019 360213 516325 614680 371525 678154 448844 684337 839320 506463 323992 149998 625292 536770 440267 621674 706420 718027 458550 346758 911679 804028 137531
676783 875949 840313 717421 265358 325277 452602 299178 900680 549946 351364 215720 118569 479564 138021 63818 260143 184202 155194 945488 1079373 973765 347118 421466 482578 603882 342915 716077 842071 226048 836165 508667 334106 984017 655704 649380 121233 913488 650261 972558 985814 810795 676500 235371 479302 488683 475658 670529 412320 960557 266644 608483 999999999 260945 680618 695270 904467 942608 740175 879332 599753 569482 679524 346188 505557 439692 579153 981973 831820 763663 572523 558832 467679 886048 688268 720035 424001 463810 253944 905411 634107 839273 865158 615205 251558 451797 666776 647190 743545 69972 274891 610888 313363 816365 262735 972034 935214 532145 1015159 728254
675371 706032 662687 828903 313226 524863 303965 246588 774991 478826 92047 165206 267601 219683 157141 200614 83429 244274 149391 930437 1038349 761322 86213 446438 523318 356406 411835 623329 638471 212709 741192 429012 335776 912663 617623 674679 324544 743559 524451 743833 826385 711587 801740 249626 611842 372513 577611 615370 207285 835508 9490 357662 260945 999999999 458090 516957 852085 847951 524494 646196 355584 386550 504484 159181 645483 246944 733164 908494 801682 532046 600442 740337 526997 823699 681854 755773 209514 261451 96131 745058 603965 645509 783999 513176 416483 612414 576079 485222 501338 295288 322845 506112 406944 764650 444045 766820 697898 694323 933212 486791
609929 304082 254048 908442 539777 811164 270069 678341 443478 393809 378075 618396 620307 294201 612119 617587 523875 549057 526261 770057 813464 303720 392846 541115 595301 146056 587517 408139 190106 664635 478160 369698 488047 654419 510981 655218 682326 335846 293269 291981 425871 449244 909788 506028 780683 304011 714397 477963 268307 493486 448919 162536 680618 458090 999999999 159550 640935 559542 69555 201771 133057 155272 164584 535359 815108 243882 902510 647171 643887 89552 615211 952253 624465 600844 605199 727311 257565 217934 427519 354061 518201 210585 535799 341674 698518 821444 388835 195700 111668 681439 541040 333903 615157 577534 733012 312427 261118 885148 652335 100156
471152 189097 146909 787560 500123 758938 243252 757479 293323 277915 455472 682135 611945 408253 656931 636475 594384 534797 542033 612229 654278 299451 472387 456153 494998 288565 521780 253157 165108 729650 318762 271084 434303 496158 370391 523983 668755 226604 148323 338892 310724 289711 796057 484458 691708 231699 621073 333159 309676 348061 507478 307964 695270 516957 159550 999999999 481553 403280 137119 283532 272031 130814 17505 627937 723949 270834 806150 489087 488113 213160 496035 866370 528407 441353 464284 589917 308796 255804 458406 230281 382047 148596 376303 206906 654653 742140 241240 62737 262794 679879 498226 200806 556173 420201 688209 287097 342452 796178 496365 254615
