NAME : synthetic_000396
TYPE : CTSP-D
DIMENSION : 100
GROUPS : 8
RELAXATION_LEVEL : 1
EDGE_WEIGHT_TYPE : EXPLICIT
EDGE_WEIGHT_FORMAT : FULL_MATRIX
EDGE_WEIGHT_SECTION
999999999 466285 614203 435137 156594 447439 36925 487969 228831 389379 518261 484339 241092 540853 611731 365897 393595 227476 544714 586066 591534 414878 390364 480981 475614 404112 268665 528133 495405 360594 435077 122073 195388 524343 327444 479424 524927 555973 193759 545604 644344 32966 375689 469799 431884 435293 319402 222562 262096 286230 562334 525496 501877 290952 617494 223087 172751 534305 282725 311060 410078 523153 390409 520904 526315 592303 347561 311602 278770 191107 460745 366886 404748 191105 440327 206783 75468 459184 512224 120407 556017 501263 207336 288828 345393 380581 429363 618562 465333 324152 181591 269938 67971 695165 395553 507789 429962 444933 299271 326728
466285 999999999 1053067 900274 389245 772906 492857 863143 694839 184378 856156 90490 509821 713376 874230 794077 814015 651565 995004 167100 1048721 813291 174021 423036 897025 79070 595420 986563 331123 326089 346417 544421 571458 144348 708779 932618 540099 692914 308993 720005 1099932 434897 300697 530460 240638 678974 485773 547748 728250 507939 996243 854665 955847 595192 1079463 527554 603700 115482 470499 738138 875528 156524 839813 721471 615561 1047864 791387 655008 540038 549078 642092 781435 479654 275495 530665 324336 484851 415278 554931 511140 645334 65020 270107 271926 443382 845505 875204 758477 263432 779705 436146 531609 523760 713708 754825 971883 779129 892220 743179 717627
614203 1053067 999999999 335911 664996 382702 603598 690380 412610 918645 771144 1043103 764154 981584 928769 259101 242006 573587 89874 1192168 117488 261087 1003668 848452 164447 979225 481977 144374 1101415 963525 1035433 511662 483902 1133560 646745 438409 795002 664636 744415 982905 113669 638598 983002 738965 1045250 519052 641989 518490 389210 595935 59461 352748 135424 744719 169228 541642 452082 1089926 632949 314931 337981 1133761 225504 944537 717087 104097 266806 428968 780926 676129 600963 579574 720611 787263 974929 732640 573210 1043937 764445 542383 723037 1071043 818186 901772 911301 285733 185374 674466 942561 294981 757093 559706 583794 852944 695215 208113 346435 469837 503810 347213
435137 900274 335911 999999999 555533 508017 407429 354474 212462 815600 435353 918631 490790 659824 593385 287060 309659 288523 246847 1008098 241744 367325 802867 839585 323434 839234 473307 192341 857134 721925 786011 391936 421218 943330 328920 114706 832914 768194 618833 660367 290320 467499 747144 770767 823257 605351 629094 476920 179423 578338 321607 534720 206188 447767 233188 498331 347543 968550 602979 297478 25699 939600 208903 620957 786441 251027 238041 453043 495822 406893 676910 250521 725306 626027 683368 621930 436415 778067 808212 432199 805245 936382 633963 685398 641445 102961 226291 805714 875501 196888 513120 541312 376895 953149 366786 132111 465349 135438 196496 375883
156594 389245 664996 555533 999999999 403496 193344 644536 343229 263703 673818 380370 372212 670695 760276 405919 424934 382970 611025 537660 668701 424978 375409 324445 507803 314300 215388 608481 524428 407699 479473 167136 182214 485337 483923 617086 374889 433365 80621 676064 718147 130794 411536 323654 439805 345201 183801 164017 376110 168262 607633 486625 574490 436165 704561 147719 222677 428640 148582 350522 529836 488612 457578 655966 389504 666551 407497 273874 412378 340917 346371 521519 256324 148136 542379 69223 120069 522233 365550 128613 420906 406501 202558 314691 437212 481717 490655 500019 321196 403381 294491 171582 222409 551954 551493 602702 401324 587528 447428 329112
447439 772906 382702 508017 403496 999999999 461381 789117 391677 607512 852321 738643 677508 964330 986865 220982 201450 559282 382516 932112 452954 146840 778897 482468 232449 694006 189701 419038 921701 795547 869845 327306 252406 884433 670063 618075 415351 285128 479712 968054 481884 453400 804651 362523 841574 137545 298520 242123 399453 266193 326909 83154 375595 702754 507819 255868 293032 779579 304814 221982 489715 888909 302292 937115 334455 443424 270668 136668 710258 604822 218883 649529 356389 550929 886059 455705 375355 902323 384251 329711 340728 773079 601448 709304 792829 405363 299855 306555 602986 317955 628594 241554 462865 475536 739170 457334 43380 619495 550972 149533
36925 492857 603598 407429 193344 461381 999999999 451194 206480 423650 482471 515083 218359 515208 579028 361710 390989 190597 530771 606269 574353 417084 406399 517613 471281 433401 289168 510656 499554 362657 436275 134271 212338 543265 291017 446664 559728 585002 229246 519722 627656 67768 380313 503875 442083 458888 352378 246256 238862 316998 553603 537226 486727 260910 597553 249509 175934 565018 315880 308653 382759 541189 378382 493507 558335 575876 338492 327413 254126 159816 488751 330095 439450 219558 424769 243321 101561 454970 546313 142683 587590 530456 228191 298613 334729 359062 418228 646471 501423 310205 169503 298121 32523 728172 359576 486582 440856 410951 264192 333098
487969 863143 690380 354474 644536 789117 451194 999999999 398768 851958 82663 914279 354311 352216 241567 586877 617397 264195 601237 915776 591553 671931 714470 968714 657300 827590 680054 546530 691523 582563 621654 535112 603789 849919 162827 261952 1003978 997540 671127 350371 635439 515831 612931 945263 698990 846425 791565 656569 389903 748666 673702 838433 559384 270237 570661 669496 528400 961458 756635 568639 354512 841065 530577 311293 988541 602086 535816 688931 329017 322945 899257 140256 884219 632064 451385 690435 540228 584782 987308 566210 1014750 917223 606306 596141 465309 425217 560674 1050033 942028 483242 428171 720602 423071 1161412 108547 484502 751696 222147 238574 640040
228831 694839 412610 212462 343229 391677 206480 398768 999999999 603308 460660 708440 353205 600213 598353 208970 241788 179593 332739 812706 370382 288415 612322 636645 306801 630766 292593 306629 692523 554448 624951 181951 225458 749732 282554 282040 642928 607440 406856 602845 424086 259945 575765 581210 643796 451095 432253 282239 33643 383114 369219 447020 286781 345399 391278 300934 146773 758245 402593 175905 186790 747548 190496 567830 609838 372908 166335 292389 373426 265813 510427 258616 529198 419371 566806 409469 223953 631385 621117 222020 632878 727731 434253 501211 498849 152582 231086 655840 663738 121146 345659 348682 180077 781714 349402 280102 356049 262137 160210 242161
389379 184378 918645 815600 263703 607512 423650 851958 603308 999999999 862718 131243 519539 778298 913198 661454 676652 607932 870513 351310 930262 666786 291021 244327 756982 112949 442605 870911 469888 413939 460918 430795 436385 323967 689731 868381 358335 508619 197297 784651 978682 356580 398452 346152 371325 503227 311860 400817 636692 341721 860017 687125 835772 601839 967555 378234 485959 173275 302833 607834 789981 334157 718970 776860 431297 927513 668233 500949 557082 529223 460690 746736 295960 220058 609116 194967 379734 525300 371576 392204 461269 167280 255815 327033 506291 745082 750342 574099 107064 666767 434970 370870 456136 536680 748097 866391 619060 834294 687786 573497
518261 856156 771144 435353 673818 852321 482471 82663 460660 862718 999999999 914018 348301 282542 158998 656657 687934 306754 681728 893946 673625 741118 698815 997760 732063 827680 731500 627655 655834 558235 588601 580521 653299 829221 193988 344612 1041533 1047576 691282 279828 717886 543171 588734 984480 674365 900951 831380 703635 455852 791168 752827 905569 639187 263102 653276 714508 580939 959563 795547 634342 434101 819268 604738 242461 1032940 684020 606386 745521 316135 337660 949180 205644 921254 643233 404876 713448 577715 544662 1026835 608255 1060370 913355 610537 584999 436349 501715 636425 1102668 957649 553730 429554 765647 457469 1205109 123165 566090 816412 304316 302805 702791
484339 90490 1043103 918631 380370 738643 515083 914279 708440 131243 914018 999999999 565719 789541 943358 784631 801515 687588 991328 239677 1048882 794419 256483 348437 882919 86691 571254 988237 420693 404664 432030 544721 559291 230783 755721 961184 467554 629831 304890 796128 1098508 451598 381523 465155 328172 633759 442990 527574 742082 472678 984957 818364 954780 651056 1083591 505586 602248 49966 433872 729950 893321 243976 837890 794906 549220 1046874 787866 630100 599077 593949 588422 822416 421155 296428 609322 311474 488986 500606 485345 508053 577556 39935 308871 338278 516549 855295 870951 693347 183333 782170 486507 501057 547250 634875 807021 979373 749604 923545 774737 700178
241092 509821 764154 490790 372212 677508 218359 354311 353205 519539 348301 565719 999999999 300750 397605 550623 582535 202371 680874 565688 708183 618059 361331 681613 655908 479389 507403 646176 370470 242034 298379 351946 430601 499306 208930 477215 746064 794936 365712 305759 761671 250674 270777 695864 354837 676066 551930 463181 374944 524010 722353 751043 633887 85517 716274 464164 386265 611436 515319 503890 471956 491484 543698 283866 759630 713186 515661 545063 40390 88099 700877 294073 628416 303808 215383 393063 316266 287488 737709 359976 790364 565675 264425 241921 150968 486273 584283 858556 618850 474121 85380 510393 214799 924122 245765 604599 654349 429667 296437 542460
540853 713376 981584 659824 670695 964330 515208 352216 600213 778298 282542 789541 300750 999999999 190958 809022 841844 420835 892448 703071 900498 885758 540138 968945 904691 709965 803460 845606 437804 387403 384870 645542 724936 645057 334873 594781 1041728 1095675 654371 6643 950094 551421 414088 993683 489048 974058 852055 761449 610745 824760 950963 1032882 846170 261630 891600 763731 671470 827298 815551 770626 650253 632331 780972 40991 1059519 908825 765722 836466 262120 360454 1001372 409763 925825 581145 184881 684108 615380 323159 1035115 657882 1090477 777207 529214 455022 274007 696438 818982 1159123 883873 716737 376490 810696 505664 1222211 294766 790584 936888 547624 477843 821747
611731 874230 928769 593385 760276 986865 579028 241567 598353 913198 158998 943358 397605 190958 999999999 801508 833535 428565 839141 881999 832439 884630 705099 1077374 882768 859735 850416 785718 622486 553954 564227 693788 770757 821218 316823 503460 1134750 1160800 762418 185407 876878 631118 582972 1081076 663643 1022389 931075 816596 598355 895712 908694 1045344 795944 324356 812228 824218 704103 984909 894434 774173 591047 809328 755274 163781 1137356 842738 752600 871662 358150 420818 1063131 355012 1015146 700890 363898 788659 679619 507172 1123444 715953 1166476 935970 657525 605168 431853 655388 788678 1219547 1014807 700286 482853 874504 559699 1306885 249116 724579 953345 463251 447212 837999
365897 794077 259101 287060 405919 220982 361710 586877 208970 661454 656657 784631 550623 809022 801508 999999999 32824 388562 211782 934996 277191 85257 750689 613927 109764 720125 235043 226089 860482 724194 797972 255349 225397 877515 488815 397913 580905 489813 485330 811717 321069 386960 740885 520350 797224 327405 400701 264153 203400 351348 202318 253858 184674 552354 323719 287792 196507 831827 385696 56418 269188 878335 83974 776799 519572 271991 51831 192351 575377 466181 404670 451023 488697 530283 766001 473741 317204 814784 552836 284004 534103 812133 564474 654575 688442 184584 96503 522024 691653 103765 526195 313392 347975 678721 552725 248533 178309 402283 354816 104740
393595 814015 242006 309659 424934 201450 390989 617397 241788 676652 687934 801515 582535 841844 833535 32824 999999999 421381 205309 957454 273683 57740 775761 617456 83714 739142 242370 228016 888808 752994 826994 280062 242938 900850 521322 422208 578175 477721 505023 844541 313883 413429 769125 518563 823961 316919 406124 276619 235754 358067 183465 226495 184980 585059 323547 299892 222305 848112 393884 82572 293313 902051 101422 809618 512439 267046 81617 193887 607663 498433 396286 482297 490899 553385 797915 491794 341755 844954 549320 306321 525185 830000 589520 681755 719435 208602 100931 506286 702286 134274 556631 320814 378352 667737 584894 258344 158108 429019 386584 107554
227476 651565 573587 288523 382970 559282 190597 264195 179593 607932 306754 687588 202371 420835 428565 388562 421381 999999999 487276 738540 509194 467064 530862 706054 484301 602426 425569 448384 569607 435962 498114 273880 346859 672409 113939 286459 739885 740918 417715 423373 562239 257568 462380 681437 541713 596263 527788 396892 190750 485839 536980 621089 440113 171203 514709 408099 276471 736858 492637 352866 269609 666957 362386 388237 726967 514988 344909 443436 210621 119278 642543 139779 620051 393054 403190 433584 276049 489826 723578 302919 754024 697522 382049 409910 353236 289837 401537 796642 690455 296457 231606 459276 160561 899499 185456 403702 527225 242604 97234 411368
544714 995004 89874 246847 611025 382516 530771 601237 332739 870513 681728 991328 680874 892448 839141 211782 205309 487276 999999999 1128248 70533 242486 935063 822751 150101 923336 446054 58833 1024879 886793 957649 450606 434339 1067993 557575 352014 781147 667528 688547 893691 109293 571173 907444 722357 972706 512439 610936 475740 306870 562264 83741 371910 47171 658072 125740 499422 391323 1039271 597198 262968 248201 1067371 155513 855200 710789 62134 203811 399190 696036 592779 593841 489716 696178 724486 889803 679859 510859 963250 751693 484572 720658 1017186 751149 829315 829382 197878 120378 686247 903350 220753 678398 524570 508683 858037 605414 122753 341512 381486 414912 312365
586066 167100 1192168 1008098 537660 932112 606269 915776 812706 351310 893946 239677 565688 703071 881999 934996 957454 738540 1128248 999999999 1177352 962019 207731 586413 1041109 244101 750063 1114085 270336 335735 318485 680515 717880 66518 774208 1024922 704677 859925 457365 709620 1229892 557751 305262 697110 220217 843367 650224 700418 845106 669429 1137005 1014589 1086692 646495 1203281 681696 740085 233946 632898 878592 984514 74774 972851 720273 782114 1177773 926667 809494 586974 624861 808653 855974 646751 404916 519542 477717 618983 381022 720624 651238 811613 200491 378826 329220 458561 965268 1010218 925308 422743 908907 508555 690633 634191 874472 808083 1092776 935561 980842 834679 866159
591534 1048721 117488 241744 668701 452954 574353 591553 370382 930262 673625 1048882 708183 900498 832439 277191 273683 509194 70533 1177352 999999999 312803 980608 890428 220506 978643 512229 63774 1061400 923524 992701 505138 495538 1115875 567283 332949 850879 738010 744714 901227 53856 619644 945597 791801 1014145 582907 677757 539469 341075 628537 141714 440202 94564 677445 57040 563201 446776 1097334 662724 325425 250302 1114544 211303 862002 781181 13411 262125 467169 719771 620605 664248 492026 764335 775792 912017 737851 563887 993907 821570 540878 791174 1073492 798849 871374 858452 222671 182012 756177 966868 269187 713473 590574 549900 928489 608381 109951 412036 369406 427976 379817
414878 813291 261087 367325 424978 146840 417084 671931 288415 666786 741118 794419 618059 885758 884630 85257 57740 467064 242486 962019 312803 999999999 787365 587662 97413 736734 224789 273987 909348 775432 849952 295632 244322 907677 570437 479947 539487 428204 505595 888716 347432 431082 789727 481529 839925 270382 381229 266973 286335 336123 201784 169089 230431 626656 365818 288848 242311 839647 373836 115344 351050 909811 158752 854663 468396 304502 136955 168987 645421 536324 351489 535560 459938 561249 832909 489040 355580 871956 509725 315698 478954 824810 601942 699497 750083 266330 153061 453221 683814 189002 585598 300863 408337 618787 635586 310502 103620 486389 438763 95887
390364 174021 1003668 802867 375409 778897 406399 714470 612322 291021 698815 256483 361331 540138 705099 750689 775761 530862 935063 207731 980608 787365 999999999 530375 859247 189980 590210 916959 179104 152804 176353 495716 544666 141556 568655 817285 636847 762391 301752 546776 1033775 365073 126693 611787 80460 711074 524974 538174 643966 530735 950560 862013 891971 444245 1003598 523055 554182 289191 499247 694534 779684 136799 780684 549643 695189 981874 736872 647737 385815 417310 693353 649038 550122 228607 356818 329830 434015 244477 644363 471732 727051 238714 186253 121670 273253 764682 819366 830512 394176 714416 300938 543373 432436 820590 606113 892074 775404 773114 627144 692729
480981 423036 848452 839585 324445 482468 517613 968714 636645 244327 997760 348437 681613 968945 1077374 613927 617456 706054 822751 586413 890428 587662 530375 999999999 684999 356940 379992 839638 709243 636341 692330 456570 418634 566081 808368 918607 119536 293462 316130 974860 931206 454672 626042 132906 610731 350517 214365 364071 666040 265157 789335 548586 798601 753517 937578 341788 492748 369637 236811 571200 814507 576991 689389 960123 208749 884325 639106 423570 721871 662498 281130 843213 127908 388483 815974 288763 432792 752632 140753 418011 233731 388363 443953 541837 709004 749471 710329 351694 166434 656900 597850 303477 545835 292354 875738 853304 509080 895294 763394 510623
475614 897025 164447 323434 507803 232449 471281 657300 306801 756982 732063 882919 655908 904691 882768 109764 83714 484301 150101 1041109 220506 97413 859247 684999 999999999 821783 317955 190692 970231 833858 907555 363534 325608 984564 577073 438090 635948 517532 588078 906998 251458 496291 850643 578471 906724 363832 477589 356186 293949 431513 104987 226881 148518 652165 275627 378999 305371 929078 468640 165003 312869 985757 127509 870873 562538 211062 140736 264521 678864 570120 445606 528057 557316 637099 871004 574154 425294 923545 605931 390025 571441 911993 672995 764210 796054 233189 97948 536541 778413 187955 634776 395417 456791 707985 636605 238485 191830 453828 436959 183786
404112 79070 979225 839234 314300 694006 433401 827590 630766 112949 827680 86691 479389 709965 859735 720125 739142 602426 923336 244101 978643 736734 189980 356940 821783 999999999 517524 917069 365460 329421 365580 473520 496240 211643 669149 878206 471251 618198 235013 716506 1029245 371772 309010 457376 268141 600168 406943 470498 664368 428890 921932 775677 885169 564645 1011149 449915 532263 134732 391430 664515 814126 221440 768647 713582 542571 977309 719527 577074 513152 507442 564604 736504 404054 213855 532388 247832 415392 432777 484033 438771 572963 97152 222447 255856 436083 779667 803183 684461 207287 710287 399845 452831 465233 649231 720341 905052 700664 839745 690724 641288
268665 595420 481977 473307 215388 189701 289168 680054 292593 442605 731500 571254 507403 803460 850416 235043 242370 425569 446054 750063 512229 224789 590210 379992 317955 517524 999999999 459938 732169 607170 681210 158588 79791 699710 539494 565971 359781 317545 293715 807788 555240 269448 615504 297686 651966 172313 165946 52422 314694 116309 422613 272428 419403 545181 558059 68384 151681 615741 151514 191337 449518 703434 309435 780090 317745 506852 259411 59596 543210 444061 219429 541147 257101 361818 708699 272442 193633 715774 334927 148258 340293 602780 411754 519858 611390 376714 331008 371175 460590 281525 449701 78534 298228 489168 611022 474012 186075 552441 446277 135079
528133 986563 144374 192341 608481 419038 510656 546530 306629 870911 627655 988237 646176 845606 785718 226089 228016 448384 58833 1114085 63774 273987 916959 839638 190692 917069 459938 999999999 997939 860017 929400 443814 438016 1052442 511215 294355 805721 702184 683675 846581 117473 556476 881972 745657 950376 543530 625882 484052 277492 575951 141880 417214 43556 617699 98300 507753 386009 1036915 609008 270165 196638 1051027 153069 807681 740198 67080 204417 418299 658705 558402 623747 439477 714754 713104 851543 677696 501904 931324 777109 480230 752162 1012269 735467 807600 796141 159989 129614 725196 910406 206879 650086 537722 486128 892774 555721 64255 376604 325551 370104 330579
495405 331123 1101415 857134 524428 921701 499554 691523 692523 469888 655834 420693 370470 437804 622486 860482 888808 569607 1024879 270336 1061400 909348 179104 709243 970231 365460 732169 997939 999999999 138090 72225 613853 675414 220590 571789 847533 814318 933012 459992 444220 1115254 478404 119717 786773 98646 868554 689546 679819 720499 688747 1052729 1003890 979246 436010 1075922 668212 667958 443595 660720 806236 836745 206236 875928 458892 869088 1064726 837831 786416 377190 450480 858828 660813 723409 377767 259092 490794 555282 115314 820647 598322 901195 394546 321999 212466 228634 839243 916274 1001319 571892 806543 348015 695973 517657 998758 588997 963262 912531 799701 665684 818449
360594 326089 963525 721925 407699 795547 362657 582563 554448 413939 558235 404664 242034 387403 553954 724194 752994 435962 886793 335735 923524 775432 152804 636341 833858 329421 607170 860017 138090 999999999 74713 480814 545915 271460 449374 717861 731117 831733 353443 394038 977374 346006 30519 695965 116534 752584 583010 555298 582542 575485 915174 876803 841159 316352 938681 545850 533332 440512 551296 670457 701010 261124 738069 397081 774686 926762 700460 659236 256271 316736 751055 535979 629654 268439 204868 385619 423962 117944 733060 468213 807009 390228 208608 96922 123624 701535 778472 899774 520878 668599 210492 578164 379893 917125 476028 825993 783754 670873 532820 686031
435077 346417 1035433 786011 479473 869845 436275 621654 624951 460918 588601 432030 298379 384870 564227 797972 826994 498114 957649 318485 992701 849952 176353 692330 907555 365580 681210 929400 72225 74713 999999999 555486 620534 260428 499749 775352 791682 899304 421610 391445 1046552 420718 68988 759451 107664 824661 651964 629217 652226 646578 987765 951244 911710 364077 1006130 619317 607773 461760 621140 744496 765881 247516 810143 401914 839696 996314 773378 733636 305085 379156 820693 588652 694105 337057 201070 453452 498663 68880 795377 542860 871994 411405 278177 165171 157209 770245 850664 967518 566458 740456 279432 650553 452462 977432 518200 893540 858354 727491 593939 760717
122073 544421 511662 391936 167136 327306 134271 535112 181951 430795 580521 544721 351946 645542 693788 255349 280062 273880 450606 680515 505138 295632 495716 456570 363534 473520 158588 443814 613853 480814 555486 999999999 79402 622367 386872 462752 472798 468076 239925 649772 555796 135471 494318 412522 544987 330679 259503 123377 213351 214139 456695 404114 411697 386635 538870 134442 59627 593671 226707 199017 366287 623035 295409 621660 453541 503818 247196 193209 386500 285635 369932 399848 355182 275602 558760 235938 61855 581169 454033 40265 480244 568464 309467 403936 466482 314727 331039 525787 483954 237450 301659 185607 139907 626338 458415 435760 308215 438755 311626 205262
195388 571458 483902 421218 182214 252406 212338 603789 225458 436385 653299 559291 430601 724936 770757 225397 242938 346859 434339 717880 495538 244322 544666 418634 325608 496240 79791 438016 675414 545915 620534 79402 999999999 663364 460682 505477 417547 394400 262616 729173 542892 201381 556874 355766 600595 252099 208474 56848 251560 158352 426055 331798 400994 465917 535878 77138 78924 606430 181850 171468 396317 665584 284999 701013 387201 492136 233719 116220 465603 365008 295991 465869 305265 317369 635297 248887 123095 650625 395699 77810 412002 587214 360633 463299 540625 331501 314448 449896 472605 241368 376916 123229 219309 559988 532269 441557 237851 487583 372901 148680
524343 144348 1133560 943330 485337 884433 543265 849919 749732 323967 829221 230783 499306 645057 821218 877515 900850 672409 1067993 66518 1115875 907677 141556 566081 984564 211643 699710 1052442 220590 271460 260428 622367 663364 999999999 707749 958839 682028 829183 406001 651651 1168661 496865 241144 668985 157629 801821 609603 649125 781882 624960 1079046 967331 1025880 580396 1140744 631383 681747 239132 589640 821104 919913 14851 912826 660552 754173 1116596 867384 758788 520992 558436 772142 789458 614693 347467 460576 428733 560590 325738 695503 594589 784605 195770 317078 262844 394837 902307 950670 895754 407770 848041 442168 643755 570591 857471 742086 1029823 885727 914605 768694 812005
327444 708779 646745 328920 483923 670063 291017 162827 282554 689731 193988 755721 208930 334873 316823 488815 521322 113939 557575 774208 567283 570437 568655 808368 577073 669149 539494 511215 571789 449374 499749 386872 460682 707749 999999999 284392 848442 854506 508379 336160 617884 354251 478736 790962 563458 710162 637676 510142 285678 597190 617156 729061 511323 135994 562087 520648 390249 803593 601983 458422 317164 700186 450959 297946 838958 575152 441719 556796 194723 161943 756168 90567 728238 470102 362811 528060 384227 475941 833274 414267 866447 760611 446930 447764 343761 361930 487572 910527 779217 390460 272754 571762 264584 1011127 71605 457675 636607 235201 143283 521186
479424 932618 438409 114706 617086 618075 446664 261952 282040 868381 344612 961184 477215 594781 503460 397913 422208 286459 352014 1024922 332949 479947 817285 918607 438090 878206 565971 294355 847533 717861 775352 462752 505477 958839 284392 999999999 922503 870454 671502 594326 374540 512372 745452 860485 826612 708555 713522 562273 253946 663799 430818 648147 315332 417445 308904 581952 427786 1011039 684480 402038 128905 953414 322389 554369 882899 344242 347425 552707 472799 403007 776812 194533 810469 664834 647102 679546 497233 757478 899484 502275 903543 974775 662590 696363 622711 213661 340992 911219 937955 301731 517743 628324 414265 1052269 301456 230308 575935 49216 190511 480708
524927 540099 795002 832914 374889 415351 559728 1003978 642928 358335 1041533 467554 746064 1041728 1134750 580905 578175 739885 781147 704677 850879 539487 636847 119536 635948 471251 359781 805721 814318 731117 791682 472798 417547 682028 848442 922503 999999999 182309 390015 1047332 886915 503714 723871 62157 716526 277852 213323 360714 668853 260225 737291 470192 763024 810927 901712 342449 496170 489134 247425 546401 808911 692443 661796 1029096 97700 843281 614183 389322 786390 714382 197963 871631 120298 470746 899574 358917 464336 848771 31549 438635 117276 507488 529559 634746 792222 736323 676556 235116 285968 640789 665671 294354 584078 186008 918392 827978 448771 905060 784352 476276
555973 692914 664636 768194 433365 285128 585002 997540 607440 508619 1047576 629831 794936 1095675 1160800 489813 477721 740918 667528 859925 738010 428204 762391 293462 517532 618198 317545 702184 933012 831733 899304 468076 394400 829183 854506 870454 182309 999999999 478294 1100627 766593 544317 830317 165030 838723 163032 250312 344723 626404 271022 610552 317894 658629 845894 792603 336673 469223 657418 284786 470723 746733 837974 573785 1076799 85290 728547 533117 318205 833758 744768 98410 858684 214631 563295 975625 446165 483441 948938 154411 444995 69119 669311 623217 735314 870558 666060 578561 68313 455181 571361 723634 286949 601554 190643 926107 736033 326203 862414 763454 392571
193759 308993 744415 618833 80621 479712 229246 671127 406856 197297 691282 304890 365712 654371 762418 485330 505023 417715 688547 457365 744714 505595 301752 316130 588078 235013 293715 683675 459992 353443 421610 239925 262616 406001 508379 671502 390015 478294 999999999 660166 794883 161505 352678 347639 370682 410224 230432 243278 440371 229775 687362 562828 650904 439707 778752 225416 297951 354046 200730 429587 593263 409781 534179 644371 423091 743056 484747 352809 405893 353626 399474 557455 279933 85015 509863 32325 184606 470790 387080 204042 455344 328820 145052 257089 402607 551207 568311 546364 272741 477359 281721 241754 261417 574148 571752 674634 479760 638260 493027 409732
545604 720005 982905 660367 676064 968054 519722 350371 602845 784651 279828 796128 305759 6643 185407 811717 844541 423373 893691 709620 901227 888716 546776 974860 906998 716506 807788 846581 444220 394038 391445 649772 729173 651651 336160 594326 1047332 1100627 660166 999999999 950672 556428 420731 999146 495670 978520 857263 765977 613052 829751 952625 1036342 847483 265301 891913 768407 675269 833915 820738 773637 651037 638915 783052 39960 1064775 909631 768198 840482 266947 364512 1006204 410133 931310 587153 191510 689840 620032 329629 1040612 662404 1095698 783827 535367 461514 280520 697911 820945 1163974 890182 719053 381966 815491 509874 1227668 294815 791294 940416 547336 479265 825191
644344 1099932 113669 290320 718147 481884 627656 635439 424086 978682 717886 1098508 761671 950094 876878 321069 313883 562239 109293 1229892 53856 347432 1033775 931206 251458 1029245 555240 117473 1115254 977374 1046552 555796 542892 1168661 617884 374540 886915 766593 794883 950672 999999999 672142 999417 828814 1067788 615153 719892 584945 394904 671398 157533 460647 144104 729909 69208 608639 497014 1146715 706452 371768 300744 1167465 260712 911276 813896 52152 310710 507682 772856 674178 697000 540797 804321 827671 964777 787172 615120 1047585 857088 590864 822211 1123699 851591 924943 912041 276467 228448 780669 1012575 321141 767329 633768 603449 956359 656959 160386 442619 413741 479729 421244
32966 434897 638598 467499 130794 453400 67768 515831 259945 356580 543171 451598 250674 551421 631118 386960 413429 257568 571173 557751 619644 431082 365073 454672 496291 371772 269448 556476 478404 346006 420718 135471 201381 496865 354251 512372 503714 544317 161505 556428 672142 999999999 358918 450191 410534 431074 302488 220405 293388 273346 585664 533179 529068 307931 646914 217418 191150 501561 265742 331293 442359 496216 416186 533563 510231 620026 371811 316771 289808 210725 450816 397286 384029 159428 440845 176018 78376 449248 492494 123712 540582 468907 180007 268721 342009 410980 454498 608281 433686 351234 182486 261119 99932 677120 421074 537878 438850 477715 331660 340249
375689 300697 983002 747144 411536 804651 380313 612931 575765 398452 588734 381523 270777 414088 582972 740885 769125 462380 907444 305262 945597 789727 126693 626042 850643 309010 615504 881972 119717 30519 68988 494318 556874 241144 478736 745452 723871 830317 352678 420731 999417 358918 999999999 690907 86078 756713 583066 563317 604527 578206 933796 886470 862130 346257 961943 552720 548248 415731 552398 686556 725875 230687 757503 425085 770905 948539 718763 668843 286183 343383 751874 564850 625374 268227 230236 384488 436096 127133 727099 479521 803210 365291 209647 96847 153725 724124 797723 898530 504918 688362 234361 582884 399271 909750 506260 849264 794383 698735 559454 699102
469799 530460 738965 770767 323654 362523 503875 945263 581210 346152 984480 465155 695864 993683 1081076 520350 518563 681437 722357 697110 791801 481529 611787 132906 578471 457376 297686 745657 786773 695965 759451 412522 355766 668985 790962 860485 62157 165030 347639 999146 828814 450191 690907 999999999 690220 226212 153702 298972 606917 199062 680778 422630 703156 758084 842059 281123 434497 492396 188983 484890 746755 678415 600731 979575 85199 784472 552787 328345 736028 660282 150955 811974 68098 430885 856979 315669 406776 813909 42438 379226 115961 504752 490651 599086 749909 674300 616286 228423 290447 578832 617193 232538 527159 228531 861318 766862 393735 843344 723806 415627
431884 240638 1045250 823257 439805 841574 442083 698990 643796 371325 674365 328172 354837 489048 663643 797224 823961 541713 972706 220217 1014145 839925 80460 610731 906724 268141 651966 950376 98646 116534 107664 544987 600595 157629 563458 826612 716526 838723 370682 495670 1067788 410534 86078 690220 999999999 780857 598030 599575 673909 600443 994095 924394 928270 431859 1033242 586178 601679 355499 570658 741763 801255 146186 820345 503383 773111 1016382 779087 708047 371826 423643 767085 648658 627665 291691 304203 400413 484366 176187 723455 525112 805106 305384 240563 143501 238435 794419 859977 906968 473833 752274 310790 610355 464504 900624 592211 920797 835298 780492 638947 746799
435293 678974 519052 605351 345201 137545 458888 846425 451095 503227 900951 633759 676066 974058 1022389 327405 316919 596263 512439 843367 582907 270382 711074 350517 363832 600168 172313 543530 868554 752584 824661 330679 252099 801821 710162 708555 277852 163032 410224 978520 615153 431074 756713 226212 780857 999999999 193226 212889 467809 180467 462284 198075 500044 716934 636200 213671 320098 670863 212784 307883 584095 808109 411350 951502 198747 574223 370115 158837 712836 615632 81985 706519 228296 490801 871768 381263 359888 865959 246713 316304 208657 670507 547411 659865 771067 503094 417830 204848 483301 408613 613513 174651 469845 351342 781518 574708 172936 702023 609611 229581
319402 485773 641989 629094 183801 298520 352378 791565 432253 311860 831380 442990 551930 852055 931075 400701 406124 527788 610936 650224 677757 381229 524974 214365 477589 406943 165946 625882 689546 583010 651964 259503 208474 609603 637676 713522 213323 250312 230432 857263 719892 302488 583066 153702 598030 193226 999999999 152202 459603 51064 582550 376215 585241 609731 723984 131591 285768 482225 36762 356911 604385 616301 475134 835582 207787 672099 424760 213259 591600 510498 169282 658455 96960 314959 726086 198944 253781 699698 195790 225563 238446 478897 374437 487164 620583 536655 496863 317686 306252 443218 477001 89205 374486 375834 708246 638951 315427 693983 571107 298652
222562 547748 518490 476920 164017 242123 246256 656569 282239 400817 703635 527574 463181 761449 816596 264153 276619 396892 475740 700418 539469 266973 538174 364071 356186 470498 52422 484052 679819 555298 629217 123377 56848 649125 510142 562273 360714 344723 243278 765977 584945 220405 563317 298972 599575 212889 152202 999999999 308380 101708 459585 324825 445351 505655 582310 23733 135545 573187 127585 214152 452186 652568 331278 739510 332478 535154 280032 109871 500003 404198 246664 519642 248757 309669 660966 223635 147101 664575 339053 103573 358195 557845 359334 467554 562272 385404 357472 403071 427636 293265 402089 66477 258970 505429 581711 491751 237441 544375 427944 172732
262096 728250 389210 179423 376110 399453 238862 389903 33643 636692 455852 742082 374944 610745 598355 203400 235754 190750 306870 845106 341075 286335 643966 666040 293949 664368 314694 277492 720499 582542 652226 213351 251560 781882 285678 253946 668853 626404 440371 613052 394904 293388 604527 606917 673909 467809 459603 308380 999999999 409858 348642 449731 260270 360497 359873 328020 173956 791885 430922 178851 153725 779502 171941 577038 632438 344227 156185 309086 392615 286934 530306 251051 556540 452814 586592 442665 257155 656396 646281 253577 654551 761346 466926 531771 522629 120793 211638 672611 696242 106002 372806 374543 211532 803507 349412 248109 361798 237749 153047 250986
286230 507939 595935 578338 168262 266193 316998 748666 383114 341721 791168 472678 524010 824760 895712 351348 358067 485839 562264 669429 628537 336123 530735 265157 431513 428890 116309 575951 688747 575485 646578 214139 158352 624960 597190 663799 260225 271022 229775 829751 671398 273346 578206 199062 600443 180467 51064 101708 409858 999999999 536477 347031 535625 577078 674144 82259 236374 514401 39047 306503 553701 630594 424743 806385 242187 623143 374196 167175 562986 476586 179433 613984 147071 311055 706937 200909 216104 690444 240140 182992 270794 506894 368572 481453 603144 485612 447226 335689 347909 392163 452966 38358 336532 413941 668263 588180 277836 645147 524891 250524
562334 996243 59461 321607 607633 326909 553603 673702 369219 860017 752827 984957 722353 950963 908694 202318 183465 536980 83741 1137005 141714 201784 950560 789335 104987 921932 422613 141880 1052729 915174 987765 456695 426055 1079046 617156 430818 737291 610552 687362 952625 157533 585664 933796 680778 994095 462284 582550 459585 348642 536477 999999999 303175 115642 708009 198536 482652 397311 1031576 573518 258586 319210 1079571 178962 914918 660751 129315 215162 369509 741212 634712 544265 555629 661535 732143 935125 674930 518456 998759 706893 486281 667632 1013262 764654 850774 867595 255742 138228 623267 883179 248959 710715 500278 535346 799796 669695 204578 289373 457045 473911 287959
525496 854665 352748 534720 486625 83154 537226 838433 447020 687125 905569 818364 751043 1032882 1045344 253858 226495 621089 371910 1014589 440202 169089 862013 548586 226881 775677 272428 417214 1003890 876803 951244 404114 331798 967331 729061 648147 470192 317894 562828 1036342 460647 533179 886470 422630 924394 198075 376215 324825 449731 347031 303175 999999999 375383 771406 496939 338963 364808 858379 385212 271485 519375 971896 325865 1004202 381373 429090 305688 217642 782446 675444 272699 700626 425563 633963 961808 538640 454863 982423 438650 409545 381308 853363 684125 791435 870580 434826 312965 321970 677523 357128 705742 323968 536323 502496 796420 464548 96695 655457 602773 211159
501877 955847 135424 206188 574490 375595 486727 559384 286781 835772 639187 954780 633887 846170 795944 184674 184980 440113 47171 1086692 94564 230431 891971 798601 148518 885169 419403 43556 979246 841159 911710 411697 400994 1025880 511323 315332 763024 658629 650904 847483 144104 529068 862130 703156 928270 500044 585241 445351 260270 535625 115642 375383 999999999 610937 139165 469083 352982 1003126 569292 231207 205086 1024960 116919 809117 696871 92153 167576 376369 648889 545799 580354 444933 673229 683871 842639 643596 471063 916650 734271 446929 708688 979724 708835 785005 782579 150851 88399 681856 872551 177840 632350 497512 463889 849218 560246 93586 333099 341592 368433 288668
290952 595192 744719 447767 436165 702754 260910 270237 345399 601839 263102 651056 85517 261630 324356 552354 585059 171203 658072 646495 677445 626656 444245 753517 652165 564645 545181 617699 436010 316352 364077 386635 465917 580396 135994 417445 810927 845894 439707 265301 729909 307931 346257 758084 431859 716934 609731 505655 360497 577078 708009 771406 610937 999999999 679119 510192 410031 696906 572977 511316 432016 571921 532438 235291 817085 683845 511717 575799 60081 101461 749612 225951 691662 383861 235653 465049 362465 340466 800353 402489 846929 651191 347997 326227 207782 460325 571998 907271 699340 465203 167092 559031 247090 984964 161892 570094 675316 368568 251598 560327
617494 1079463 169228 233188 704561 507819 597553 570661 391278 967555 653276 1083591 716274 891600 812228 323719 323547 514709 125740 1203281 57040 365818 1003598 937578 275627 1011149 558059 98300 1075922 938681 1006130 538870 535878 1140744 562087 308904 901712 792603 778752 891913 69208 646914 961943 842059 1033242 636200 723984 582310 359873 674144 198536 496939 139165 679119 999999999 606003 481885 1132506 707298 368465 247131 1138740 251161 852279 833975 69232 302508 515533 724771 629817 717170 481844 812367 804932 914708 773776 595766 1003484 872762 576044 844745 1106844 824477 891513 867198 239083 227255 811975 1008408 301428 728190 635939 571239 983199 597325 112691 466412 350040 427595 427833
223087 527554 541642 498331 147719 255868 249509 669496 300934 378234 714508 505586 464164 763731 824218 287792 299892 408099 499422 681696 563201 288848 523055 341788 378999 449915 68384 507753 668212 545850 619317 134442 77138 631383 520648 581952 342449 336673 225416 768407 608639 217418 552720 281123 586178 213671 131591 23733 328020 82259 482652 338963 469083 510192 606003 999999999 154269 550871 105001 237882 473450 635183 354944 742888 319099 558876 303680 127826 501758 408820 239561 533649 228520 295111 658112 204140 148401 656679 321872 108323 345926 536316 346703 456439 557860 407806 381203 397091 403937 316222 399885 51183 264902 491920 592076 515099 254348 562915 443423 195316
