NAME : synthetic_000357
TYPE : CTSP-D
DIMENSION : 100
GROUPS : 8
RELAXATION_LEVEL : 1
EDGE_WEIGHT_TYPE : EXPLICIT
EDGE_WEIGHT_FORMAT : FULL_MATRIX
EDGE_WEIGHT_SECTION
999999999 1237374 1117176 1063513 882742 73048 623973 574279 849023 1201665 467527 883016 760848 1169164 362251 281034 1071949 525634 707526 1128050 1011269 173110 947845 944282 877024 1077887 1212328 990030 1094228 517700 361431 923249 1088247 1250125 414535 1075710 336396 889056 1221792 878179 1048485 864590 829778 803410 507864 792544 952481 1083938 731097 888069 609464 172537 862977 796497 658062 413216 470751 394211 1249345 138596 1102992 553300 507825 463336 777719 318898 959476 973988 673756 464834 1295371 966036 528269 722304 493626 817857 933734 1178424 519127 574311 196202 715788 743438 755987 685333 1023424 428058 271387 457601 901801 316717 572061 927563 687788 1016568 930560 637764 828443 756889 716584
1237374 999999999 323689 205336 679071 1196481 859036 861032 603645 71931 913140 717619 868454 127051 927578 994164 260004 713529 855094 119777 441439 1105339 295897 302014 538773 219855 28608 254978 329519 757649 1010492 910195 343945 104174 936536 247471 929442 381472 215042 542168 326493 823169 721256 814712 778866 591058 587475 186944 646849 588446 759855 1104915 619525 833400 628749 862746 960690 855417 81153 1102989 158550 871044 812111 775206 793990 1000038 634481 498164 600988 943303 134207 280891 801183 542425 921055 420059 835247 97469 720490 794631 1122087 901470 529818 929860 890359 633976 811839 968586 831961 834363 941976 671755 778081 922864 320744 734686 727087 892317 828348 580314
1117176 323689 999999999 183386 823732 1062135 614303 632249 330370 364841 710603 862777 586355 396292 877880 924899 100398 609821 586947 333195 633978 960134 362467 373498 272678 142805 299947 350932 22956 729378 822394 599329 31616 243828 747903 110776 863731 461035 141573 274183 530193 521949 846326 526315 755577 684499 758473 383085 717867 302970 791870 960089 753090 545416 459303 707387 746873 723707 261980 978623 204769 647441 627213 691126 513424 830192 323190 198054 444054 734725 262756 248266 610348 554282 707378 373987 993734 371382 647462 583883 964337 627610 556567 646005 967058 313222 698867 848990 799962 983002 868860 618163 467459 654139 500401 896445 766030 595783 550010 400861
1063513 205336 183386 999999999 650564 1017171 653815 656830 401825 215544 712908 689979 665680 230935 780343 838806 84877 538432 650458 162934 451464 921601 191104 201843 336957 40992 176733 171565 175660 617709 813963 718407 187116 187134 739297 73010 774740 293798 182309 340631 346811 626666 678108 613755 642014 521984 579636 202077 563420 390053 653911 921298 581366 632182 431403 673211 758853 673192 189172 926426 46816 667421 614436 609506 591402 807987 447608 309678 405835 742215 231858 101761 602156 417526 719016 255177 819361 212240 558180 592160 934540 697272 413471 727110 815159 458600 635474 792260 691757 810654 784139 516877 587705 718091 317413 720593 624685 693258 625129 379862
882742 679071 823732 650564 999999999 881576 911971 874939 843085 609869 844573 39528 1017689 554996 523431 603630 724890 549966 969429 568730 244735 838845 461710 450695 803534 690316 670963 479701 809144 406232 871833 1152564 816065 760168 826763 716706 557698 363349 820641 808124 354443 1048375 60666 1000595 401599 165345 103666 497290 186354 862271 277227 837714 71822 1011806 656419 712831 900196 658949 743424 791838 652964 868630 751263 527362 964553 823415 958160 852242 629543 876866 804032 576410 758731 342531 875160 492402 170333 582491 490208 798390 878638 1015982 322710 1065813 259314 1002076 600462 693908 439192 160158 580214 444462 1052969 1015925 359139 80265 254981 1081015 980237 665463
73048 1196481 1062135 1017171 881576 999999999 553562 504674 785592 1164024 398191 885116 689179 1134010 358291 279315 1021181 482963 636409 1089898 993690 105388 910991 908149 816270 1029487 1170775 953056 1039236 499429 289851 850868 1032668 1204248 345874 1025577 325137 858422 1170845 817206 1023329 793580 831327 732775 493218 779635 944985 1049129 720713 824568 605012 105080 856102 725449 603030 355007 399005 344100 1204554 96476 1057946 483710 445021 428847 707792 250365 893348 913105 620867 393910 1248730 921543 464955 694434 423069 776446 945400 1141652 485099 508704 123482 643645 716855 683379 700639 957037 384657 228507 446576 913508 303331 540281 857442 615378 989650 934426 630875 756261 686151 661344
623973 859036 614303 653815 911971 553562 999999999 53897 286304 857816 158014 937746 144755 852616 583836 573880 616668 371336 86745 788821 878749 451072 652886 657055 341700 645629 830431 685057 593992 553070 264874 313634 582713 823573 211908 626344 543284 667090 749591 340120 842293 241422 891887 179518 573476 750787 916380 782907 728366 319799 694736 451722 851297 173802 273607 271859 159167 333242 833106 503977 700630 73563 179868 427580 154808 306166 360000 425211 305752 160028 857786 591555 164289 579514 130502 512742 1052791 845552 439875 114750 432289 115168 603653 167041 882379 419814 367316 423061 576898 1026696 531222 473079 303947 105565 800307 989769 694574 218283 133247 297381
574279 861032 632249 656830 874939 504674 53897 999999999 310940 855300 106801 899416 198649 846633 531437 520202 626210 328895 140507 784614 853857 401175 640160 643493 360550 651977 832509 674394 611120 507089 218531 367530 600662 831866 160352 635088 490440 646315 764039 359622 823823 293545 852413 230937 526579 715778 884105 773851 690006 347060 650162 401767 816112 226484 253692 218723 119383 280780 840021 452053 703473 20980 131138 379936 203527 255572 397820 449594 286126 114654 868121 587833 118329 547871 84337 496613 1011940 841471 395988 79283 384769 167174 572616 218352 835573 459553 317253 369181 527619 985232 478014 432678 353465 152957 782077 951849 651596 272155 185388 286976
849023 603645 330370 401825 843085 785592 286304 310940 999999999 616483 402223 876856 264964 623708 691773 714530 347540 415131 257739 555770 735824 680318 464230 472003 64926 383944 575456 484179 311130 588839 518116 331890 299014 552987 447428 358909 663579 517731 468860 61483 667881 231639 842192 212003 615124 679089 815163 569020 682365 39054 701822 680569 773239 230362 234843 439502 429537 476769 565455 714470 447241 328482 341198 499256 190462 538846 129472 139101 244463 421030 582731 368562 320833 505069 391734 359827 1005746 609991 477336 279115 674851 300903 521888 326309 897046 190389 474956 599064 642752 985732 660858 477236 213689 325528 627159 923223 687896 292839 225459 194040
1201665 71931 364841 215544 609869 1164024 857816 855300 616483 999999999 899708 648148 879162 55477 881786 951053 286550 682053 861139 74492 370530 1076060 253880 257961 551776 241385 76175 211698 366724 710781 992136 933507 380653 171550 919317 273360 886493 328352 273842 555563 256120 842211 653464 828482 730739 528408 516935 126699 586293 605574 703140 1075559 551796 846766 614187 839008 949466 826665 149585 1069338 172758 863747 796153 738338 805170 977495 660949 523072 584667 930960 205636 267531 786874 494162 910355 390462 764465 27971 682715 785389 1095398 908830 479329 940521 826356 666931 780004 935536 784449 764150 900221 631510 802382 928213 253283 664035 669839 908525 838236 569978
467527 913140 710603 712908 844573 398191 158014 106801 402223 899708 999999999 865261 300497 884915 449997 428480 692824 296282 243966 826774 853672 294417 668639 670280 444428 713397 885012 706223 688610 454724 116138 468378 679357 894412 53896 700390 406537 658278 836352 444266 837963 399404 815477 337206 470389 692760 866034 807271 658230 440111 600004 294999 791304 331807 285525 141629 56661 205304 900334 345963 758645 85834 106862 325168 310327 148770 499327 538014 315397 33848 933539 633811 112987 536926 36314 521876 969764 883238 354704 126759 279320 262062 562557 309785 775772 562123 254430 271894 461875 941438 391433 401249 460259 240290 797243 918380 606615 372380 291190 333172
883016 717619 862777 689979 39528 885116 937746 899416 876856 648148 865261 999999999 1046317 593145 526979 606085 764064 572492 997159 607817 281244 846794 500926 489917 838510 729683 709826 519183 848049 420493 887948 1183555 854859 799336 845403 755951 563335 402130 860166 843076 392374 1079571 53951 1030813 413470 197791 136684 536382 209453 896814 284856 845629 109935 1041631 685860 731373 920429 675796 782473 797136 692491 892402 774154 544809 994577 837944 993165 888861 659724 897135 843059 615261 782446 374002 896577 528536 132138 620863 510567 823664 887633 1043196 355314 1093421 238543 1037901 617992 704132 447406 120683 586091 467303 1085797 1042212 398069 53215 266497 1110587 1009369 697044
760848 868454 586355 665680 1017689 689179 144755 198649 264964 879162 300497 1046317 999999999 883063 725306 718070 612260 495617 58651 815960 955960 589095 704856 710955 329726 648864 840200 731066 569193 681546 399428 168881 556016 816732 354127 623764 685731 738067 727423 326427 904368 109083 1003432 63802 703667 853348 1010856 822585 838748 284812 819128 589844 953216 46594 361790 415346 290174 475445 829818 645403 711515 218059 318685 560523 74502 446302 283484 388324 390375 296836 844649 623097 300589 677249 269490 577540 1166652 871211 565545 245231 566242 52194 699550 61433 1010777 331700 505206 567811 711962 1142127 674433 591350 182270 85002 862489 1097044 815488 74005 41725 363917
1169164 127051 396292 230935 554996 1134010 852616 846633 623708 55477 884915 593145 883063 999999999 842469 913561 309826 654417 861527 68508 315089 1048619 223989 226037 559783 263120 127077 182657 395362 671169 973228 946931 408685 223245 901537 296666 849279 286555 318755 563826 200897 852717 599289 834988 690109 477682 461566 85297 536916 616175 656247 1048062 497721 852870 600252 816552 936173 800414 202174 1038628 194449 853835 779894 706244 809800 955436 678217 540409 569633 916879 259791 261819 771937 454613 897619 367491 709027 30607 650193 774374 1069866 910017 438115 944127 774322 689107 751589 905625 744113 708854 863862 597355 817139 927767 199998 608627 622639 916547 841699 559775
362251 927578 877880 780343 523431 358291 583836 531437 691773 881786 449997 526979 725306 842469 999999999 81218 810164 279622 666844 811266 653258 326454 631688 625866 693686 803835 905406 672931 855652 171307 419264 891889 853630 959314 407980 810444 45637 556073 955505 696539 700547 803270 473135 741195 154082 431826 590290 757836 369335 727774 247741 325192 500837 743065 458937 313383 492494 250662 954048 270942 812746 515107 406766 194091 706211 359111 819879 784031 457661 472391 1006778 678630 425605 387939 486307 525182 593658 856301 230691 482075 370484 698560 404800 749748 358824 882110 224247 202607 100191 562074 66638 263793 844146 682936 672358 576713 275518 799221 702147 509893
281034 994164 924899 838806 603630 279315 573880 520202 714530 951053 428480 606085 718070 913561 81218 999999999 862837 316192 659459 879438 733226 258243 698892 693721 723488 859883 971122 740630 902305 245143 378274 886606 899195 1020785 380932 864086 64726 628081 1010297 725926 777534 803710 552386 740706 231227 512551 671481 828519 450397 751952 328715 256916 582007 740486 487850 303108 464074 246871 1016727 196213 873395 502030 404548 233816 707269 316603 840042 816886 491699 446167 1067824 737603 424957 459406 464348 584299 667735 926131 281126 481433 304030 686394 477872 736174 426857 903500 239661 160146 178708 635938 56071 323543 850604 667506 748179 655158 356731 791952 699011 542552
1071949 260004 100398 84877 724890 1021181 616668 626210 347540 286550 692824 764064 612260 309826 810164 862837 999999999 552711 603236 243414 533723 922093 263205 274230 283354 46879 232813 250548 90884 654412 799571 650492 102254 207109 724469 13225 800001 363200 149843 286330 430945 563295 748991 556718 679909 588798 658306 286820 625111 329606 705836 921914 654596 575575 421866 670028 734730 678068 218189 933627 115496 638943 600421 629844 537796 800035 375630 238482 400886 719999 241922 152552 585847 467507 694737 291708 894649 288030 582173 568129 930883 647962 467356 673459 875806 380560 646549 801052 726942 884489 807204 547063 518549 671265 400392 796939 678521 633064 572998 365658
525634 713529 609821 538432 549966 482963 371336 328895 415131 682053 296282 572492 495617 654417 279622 316192 552711 999999999 440841 607717 566656 394280 430480 428546 414151 554653 687916 472202 587099 186781 344556 651835 583563 724681 286045 555182 257492 390921 701916 417058 567119 554339 524389 496059 210375 396478 569996 570390 363802 450052 324145 393744 495193 502173 180538 177597 352644 146898 723713 389755 577403 320537 201676 85539 459310 311762 544268 504586 178092 329366 770218 440411 210837 246880 325598 293483 683097 660379 70005 256718 416191 482650 272531 534463 515232 605361 98309 255248 229395 656338 260163 105516 584032 476895 529017 625318 323253 566378 464240 230271
707526 855094 586947 650458 969429 636409 86745 140507 257739 861139 243966 997159 58651 861527 666844 659459 603236 440841 999999999 795468 917333 535092 674538 679957 320301 636982 826602 703070 568327 626007 346650 227286 555855 809730 297807 614073 627144 701041 726374 317653 871051 157198 953273 98102 647699 805882 966338 797326 788749 284306 764868 535794 906121 89059 316328 356697 238160 416855 821421 589698 696927 160294 260390 503715 83542 391129 302704 390775 346399 242702 840326 599970 242608 630930 214356 541904 1115893 851485 510573 187835 514099 49775 653899 96436 955512 357455 447279 509645 654785 1090851 615790 538479 224412 68029 829019 1048359 762236 132645 51799 325420
1128050 119777 333195 162934 568730 1089898 788821 784614 555770 74492 826774 607817 815960 68508 811266 879438 243414 607717 795468 999999999 339068 1001645 180868 185717 491685 196544 104412 138872 330707 640682 918241 878444 343659 191728 845630 230365 814788 261902 269980 495694 224078 784413 607921 767274 661314 472798 481854 71440 527614 547806 640082 1001149 506415 785244 541350 764614 877019 752203 174729 995352 128953 792530 722778 664800 742486 903152 609842 472095 511486 858253 235377 197273 713850 424600 838083 315971 729500 56856 609341 713687 1020907 843714 411114 877124 772577 621473 705730 861438 714726 726405 828097 558739 748632 862030 209995 628734 607311 848585 774695 498423
1011269 441439 633978 451464 244735 993690 878749 853857 735824 370530 853672 281244 955960 315089 653258 733226 533723 566656 917333 339068 999999999 928802 284455 274394 683407 492454 436637 284619 623603 494573 911155 1064969 633207 529774 851168 523257 674930 219145 604255 688102 115502 961449 295632 924650 503419 224200 146837 269313 289749 745067 420318 927904 198737 939234 605394 744193 910113 705202 511115 898013 442307 853404 748966 581263 891683 875062 832021 707793 573612 887512 571002 402080 749640 319780 877532 380115 393938 343990 529296 774618 961181 966788 294162 1011666 486600 864255 646841 777959 554601 394334 694652 472679 949121 974620 134628 293593 387077 1008761 915164 592429
173110 1105339 960134 921601 838845 105388 451072 401175 680318 1076060 294417 846794 589095 1048619 326454 258243 922093 394280 535092 1001645 928802 999999999 824733 822649 711677 932200 1079081 866482 937288 440763 190527 753044 930379 1108707 241494 926954 285347 779156 1071422 712537 949270 691989 792885 630569 439642 722579 893221 964388 667758 719278 562238 1366 806026 623954 501860 252898 299647 249924 1109926 73716 963391 380196 340055 351146 604637 145838 788068 808423 521215 292459 1152492 827848 359826 619837 320893 686284 919821 1054608 406504 403326 46620 545097 643532 586944 683727 851811 297215 150844 399742 888325 262435 463288 754506 518012 913764 898013 584200 657726 584124 559852
947845 295897 362467 191104 461710 910991 652886 640160 464230 253880 668639 500926 704856 223989 631688 698892 263205 430480 674538 180868 284455 824733 999999999 11032 407070 229632 274249 42187 348819 461847 752356 796110 356699 338244 681858 255038 634204 102914 369585 411687 203751 694815 487308 665275 483377 331247 397463 140863 375285 468523 474639 824184 391624 681537 387942 593597 721604 576430 328948 815974 203202 645079 562394 484509 635302 732512 551033 423901 356061 701356 386128 118869 556169 247672 684057 146842 631451 230730 428839 564551 845899 724192 237326 763997 626735 580595 527837 682496 536243 621429 647312 377879 674587 737657 163616 533980 443541 749406 663174 355513
944282 302014 373498 201843 450695 908149 657055 643493 472003 257961 670280 489917 710955 226037 625866 693721 274230 428546 679957 185717 274394 822649 11032 999999999 415381 240511 280959 47072 359830 455665 752741 803823 367681 346779 682650 266039 629074 92503 379861 420014 195900 702257 476440 672029 476879 320778 386534 141896 365404 476915 465943 822084 380639 688160 390753 593150 723554 574826 337027 812932 213107 648077 563848 481004 641767 732032 560129 433635 358710 703131 394606 129606 558020 240690 686224 148482 620423 234165 425162 567477 844355 729654 229542 769882 616720 590269 525567 679706 529948 610430 642470 373556 682846 742722 155272 522949 434641 756225 669301 359702
877024 538773 272678 336957 803534 816270 341700 360550 64926 551776 444428 838510 329726 559783 693686 723488 283354 414151 320301 491685 683407 711677 407070 415381 999999999 319139 510564 424607 252297 577355 558899 391381 241071 489469 485984 294526 669041 467240 408596 4705 610746 293595 806538 276804 604113 641440 769611 506869 650123 61693 680754 711818 732749 295232 235796 464118 476904 494241 501476 740369 382320 376523 371901 499623 255239 573946 154655 96966 236690 466235 520299 306889 352827 471409 437947 313614 968861 545606 471009 318276 709945 364614 485977 391109 874227 203837 484644 619148 636390 950250 668539 463169 267524 388298 570611 883260 664105 357022 289930 184185
1077887 219855 142805 40992 690316 1029487 645629 651977 383944 241385 713397 729683 648864 263120 803835 859883 46879 554653 636982 196544 492454 932200 229632 240511 319139 999999999 191883 212042 136260 643857 817379 693249 148367 181015 742391 33941 796272 331768 152327 322462 387480 604158 716940 594857 668698 559460 620299 241025 599202 368755 686207 931954 620806 613551 436164 681733 757424 685459 188047 940116 69138 663665 617676 628609 574372 814482 419657 281903 412638 741704 221490 129867 604258 448632 717446 279742 859386 241788 578768 590456 943214 682741 446101 710239 850775 426593 650492 806514 717390 850326 804731 540044 561678 704924 358373 760835 657672 672664 608961 382100
1212328 28608 299947 176733 670963 1170775 830431 832509 575456 76175 885012 709826 840200 127077 905406 971122 232813 687916 826602 104412 436637 1079081 274249 280959 510564 191883 999999999 234184 304704 736001 982774 883267 319046 96190 908725 220135 906399 363242 198832 513988 321167 795651 711412 786670 757626 577149 581599 174809 631491 560614 742224 1078671 609775 805330 600825 835731 932404 829187 75291 1077558 129954 842574 784225 750698 765750 972806 607906 471219 573251 915091 134393 253421 773157 521649 892744 394595 829549 96470 696259 766265 1095400 873038 509909 901614 876971 608639 786209 943097 810448 827593 918583 648223 751247 894355 311836 728818 709769 864517 800035 552089
990030 254978 350932 171565 479701 953056 685057 674394 484179 211698 706223 519183 731066 182657 672931 740630 250548 472202 703070 138872 284619 866482 42187 47072 424607 212042 234184 999999999 339527 502730 791804 815610 348795 302592 720773 240840 675965 133110 343162 429122 190680 715702 509433 689095 523890 358667 408324 101153 406582 485362 510651 865942 411241 705843 423683 634084 758611 617916 291874 858092 175005 680056 600366 526694 660283 772993 563463 432291 392201 738688 350210 122016 593473 287563 720685 185642 648029 188609 471025 599765 887303 752525 275839 790879 656906 588858 569710 724553 576999 639857 689225 419969 691565 767211 154480 549075 478920 772844 689342 388237
1094228 329519 22956 175660 809144 1039236 593992 611120 311130 366724 688610 848049 569193 395362 855652 902305 90884 587099 568327 330707 623603 937288 348819 359830 252297 136260 304704 339527 999999999 707905 800142 587209 14515 254876 725586 102746 841241 445970 158316 253982 521732 507496 830561 509792 734172 667926 745800 377248 700041 284970 772134 937239 738227 528892 436375 684518 725318 700751 271822 955673 201754 626109 604667 668559 495866 807580 310515 181522 421100 712963 277001 232827 587900 534934 685757 354108 979323 371561 625155 561931 941627 609645 537820 629198 948586 304697 675980 826037 778237 968051 846257 596356 455030 635740 490738 882559 746647 580669 532313 377942
517700 757649 729378 617709 406232 499429 553070 507089 588839 710781 454724 420493 681546 671169 171307 245143 654412 186781 626007 640682 494573 440763 461847 455665 577355 643857 736001 502730 707905 999999999 467747 838616 707522 793012 428943 653422 182948 384771 796168 580891 532790 740838 368118 682821 26925 281997 452882 586579 227765 620957 145281 439745 366759 688927 356288 315686 507730 256896 786737 404245 647663 495967 376205 129614 646051 417545 718141 659884 344468 484778 840742 516095 389291 216715 488425 364163 516421 685166 116991 439638 477488 666308 233593 718351 329588 776678 201170 291603 74596 487467 201192 115082 768388 658321 503047 473493 154759 752803 650821 395926
361431 1010492 822394 813963 871833 289851 264874 218531 518116 992136 116138 887948 399428 973228 419264 378274 799571 344556 346650 918241 911155 190527 752356 752741 558899 817379 982774 791804 800142 467747 999999999 562555 791375 998032 75102 806448 373659 729486 945180 558917 908167 503846 835830 443420 477555 730882 906023 892815 687833 556129 609650 191365 825510 435707 382615 166967 109345 213149 1002671 252739 858836 197915 199721 344871 419638 61708 614813 653236 409523 104866 1038569 729695 213745 591382 134798 606164 981623 973991 388046 240637 167555 354690 616994 396514 768276 677262 272291 219331 456087 951730 354237 441926 568697 327490 868822 941046 622461 467351 396711 435278
923249 910195 599329 718407 1152564 850868 313634 367530 331890 933507 468378 1183555 168881 946931 891889 886606 650492 651835 227286 878444 1064969 753044 796110 803823 391381 693249 883267 815610 587209 838616 562555 999999999 572831 842085 521681 663282 853068 845984 738819 386960 999720 104516 1143719 156035 861878 987224 1135411 897767 979601 331914 971936 753861 1085289 150119 499882 583639 453433 642941 858719 811681 760937 386854 485228 721747 192954 612309 276766 412052 524234 462392 861722 698201 466304 810037 436246 685733 1307933 930384 721714 409991 727420 208072 830319 168612 1165927 294144 670007 736676 873818 1285002 842314 741851 132310 235492 958893 1232683 965455 96011 190072 487339
1088247 343945 31616 187116 816065 1032668 582713 600662 299014 380653 679357 854859 556016 408685 853630 899195 102254 583563 555855 343659 633207 930379 356699 367681 241071 148367 319046 348795 14515 707522 791375 572831 999999999 269261 716965 114572 838490 452734 171416 242594 532337 493482 836584 496364 733903 673339 754030 389057 704303 272128 774291 930349 744971 515467 430197 677771 715391 695182 286296 949747 214737 615893 596630 665593 482851 799723 296172 168000 415827 703334 290905 239691 579600 537664 675923 356364 986330 385154 622992 552617 934093 596831 541223 615885 952126 290208 671489 820668 777354 974667 843128 595369 440677 623150 500782 889955 749236 566818 519365 371687
1250125 104174 243828 187134 760168 1204248 823573 831866 552987 171550 894412 799336 816732 223245 959314 1020785 207109 724681 809730 191728 529774 1108707 338244 346779 489469 181015 96190 302592 254876 793012 998032 842085 269261 999999999 923103 197232 956341 435565 116544 492233 414338 761121 798172 759542 816120 657387 673447 263061 708321 532336 812718 1108408 696966 778554 616186 859882 938282 860308 23241 1113275 147710 843975 798312 793894 742471 993932 565381 433858 591676 922679 47952 284681 785122 583811 898293 436780 921186 192640 741436 771328 1121319 853860 575183 877620 957142 556901 822074 979005 867567 918103 966765 697473 709900 877744 401714 820415 781292 833227 778141 562817
414535 936536 747903 739297 826763 345874 211908 160352 447428 919317 53896 845403 354127 901537 407980 380932 724469 286045 297807 845630 851168 241494 681858 682650 485984 742391 908725 720773 725586 428943 75102 521681 716965 923103 999999999 731354 363529 663396 870149 486168 842772 453285 794460 391028 442250 679768 854382 821901 641005 485854 573642 242029 776659 385702 308130 114030 84515 172963 927884 292069 784313 139444 124868 300958 363807 95658 548980 581031 335607 65248 963533 655895 138653 531929 86037 535235 945364 901608 337370 168477 228917 314739 557651 361525 743189 612247 228039 222297 428530 916325 347036 388085 513756 291778 802829 898617 582939 425670 345065 360302
1075710 247471 110776 73010 716706 1025577 626344 635088 358909 273360 700390 755951 623764 296666 810444 864086 13225 555182 614073 230365 523257 926954 255038 266039 294526 33941 220135 240840 102746 653422 806448 663282 114572 197232 731354 999999999 801012 355825 146736 297589 419658 575713 741617 568556 678743 582218 648984 274553 619593 341599 702229 926756 646646 587380 427603 675237 742858 682111 207486 937509 102299 647559 607078 631479 549278 806025 388614 251333 405908 727867 233440 147056 592803 463979 702856 289901 886271 274809 583171 576100 936342 659052 463130 685013 870632 393782 649630 804616 726272 876467 808570 547015 531396 682097 389624 788271 674541 645230 584347 371905
336396 929442 863731 774740 557698 325137 543284 490440 663579 886493 406537 563335 685731 849279 45637 64726 800001 257492 627144 814788 674930 285347 634204 629074 669041 796272 906399 675965 841241 182948 373659 853068 838490 956341 363529 801012 999999999 564119 947013 671679 715721 766185 509387 703724 171516 456614 619947 764182 396263 700318 280546 284121 530980 704922 433319 271802 448009 210289 952160 234143 809022 473611 367941 173167 669208 313474 790637 761146 434857 428190 1003437 673420 387355 395463 442846 520021 634673 861643 217846 444027 328423 657608 414389 708500 402844 853501 190455 157165 121861 603264 22917 258958 809238 641161 685636 613911 305758 759723 663772 486454
889056 381472 461035 293798 363349 858422 667090 646315 517731 328352 658278 402130 738067 286555 556073 628081 363200 390921 701041 261902 219145 779156 102914 92503 467240 331768 363242 133110 445970 384771 729486 845984 452734 435565 663396 355825 564119 999999999 472360 471946 179698 742360 385813 705679 403556 228334 308297 202536 273667 528675 379033 778468 292266 720419 393828 564722 713641 537281 424281 762173 305360 647930 551614 429813 672948 701879 618374 500119 361487 691927 483071 213149 549241 168677 678519 161080 533650 301907 373660 567754 804943 750694 151567 794538 524567 654803 483404 631754 457560 522087 579490 318155 731332 760021 139438 438061 346792 789853 697047 375621
1221792 215042 141573 182309 820641 1170845 749591 764039 468860 273842 836352 860166 727423 318755 955505 1010297 149843 701916 726374 269980 604255 1071422 369585 379861 408596 152327 198832 343162 158316 796168 945180 738819 171416 116544 870149 146736 947013 472360 999999999 410606 491275 663285 852414 667717 821025 700496 742011 335841 744322 443283 836209 1071259 753464 686820 570396 819056 875908 827884 138710 1083462 168201 778094 746884 778006 654173 947785 463677 339352 550247 862310 123661 281456 731548 599520 836051 432024 986895 289304 729238 710446 1079484 767939 595774 787292 996012 448890 796207 950880 869641 980579 954888 691772 607454 793892 470733 886767 806978 737304 690629 513467
878179 542168 274183 340631 808124 817206 340120 359622 61483 555563 444266 843076 326427 563826 696539 725926 286330 417058 317653 495694 688102 712537 411687 420014 4705 322462 513988 429122 253982 580891 558917 386960 242594 492233 486168 297589 671679 471946 410606 999999999 615353 289378 811037 273133 607633 645979 774294 511181 654514 57013 684745 712686 737355 291613 238376 465397 476267 496043 504390 741656 385897 375765 372650 502501 251927 574460 150093 95899 239782 465806 522778 311271 353456 475818 437405 318284 973398 549527 474243 318280 710500 361711 490454 387784 878311 199671 486953 620821 639683 954751 671042 466791 262918 385622 575238 887861 668202 353116 286773 187267
1048485 326493 530193 346811 354443 1023329 842293 823823 667881 256120 837963 392374 904368 200897 700547 777534 430945 567119 871051 224078 115502 949270 203751 195900 610746 387480 321167 190680 521732 532790 908167 999720 532337 414338 842772 419658 715721 179698 491275 615353 999999999 898106 400512 867062 546711 295069 260982 155446 359113 672127 486689 948504 299621 882926 570393 742656 893268 712223 395613 926860 332685 826165 731272 598142 836214 878835 753054 622881 537934 871599 455516 312643 728671 329571 857971 329977 508800 229184 542889 745729 977416 920826 306535 962552 582349 779507 656608 799826 600357 508038 733418 485989 878270 932188 42063 408200 452525 951344 862843 547019
864590 823169 521949 626666 1048375 793580 241422 293545 231639 842211 399404 1079571 109083 852717 803270 803710 563295 554339 157198 784413 961449 691989 694815 702257 293595 604158 795651 715702 507496 740838 503846 104516 493482 761121 453285 575713 766185 742360 663285 289378 898106 999999999 1040139 63245 764714 883029 1030906 800293 876240 236762 871790 692672 980934 68139 397212 501225 395273 557518 776391 745337 670527 314188 399281 627299 97061 547502 201686 327314 420745 399766 784362 599993 379206 705876 371100 581845 1204409 837539 623855 322530 671292 160732 726002 146851 1066501 237942 579589 659264 779324 1181753 756951 641391 75328 193382 857032 1128527 864285 76375 108227 383001
829778 721256 846326 678108 60666 831327 891887 852413 842192 653464 815477 53951 1003432 599289 473135 552386 748991 524389 953273 607921 295632 792885 487308 476440 806538 716940 711412 509433 830561 368118 835830 1143719 836584 798172 794460 741617 509387 385813 852414 811037 400512 1040139 999999999 990006 360351 166486 161533 536727 164695 863748 231096 791719 101732 1000276 644543 680472 870326 624124 782439 743208 684220 844814 725996 493580 953540 785277 961005 861208 619487 847070 843094 598065 734932 337229 847242 500585 164310 625757 461072 777461 833801 998701 320731 1049313 199141 1007734 566701 650485 393588 143720 532140 419754 1049055 996759 400544 105783 213643 1068831 967142 658826
803410 814712 526315 613755 1000595 732775 179518 230937 212003 828482 337206 1030813 63802 834988 741195 740706 556718 496059 98102 767274 924650 630569 665275 672029 276804 594857 786670 689095 509792 682821 443420 156035 496364 759542 391028 568556 703724 705679 667717 273133 867062 63245 990006 999999999 706259 835408 987543 777765 825581 227348 815918 631225 934264 19102 345494 438083 335588 494713 773320 682961 658991 251697 336419 567194 36932 485645 219779 328371 371119 338886 786136 577366 316501 658285 309794 544601 1154048 821787 565874 259800 610974 114142 679350 120009 1009903 268220 517876 596023 719310 1130675 694231 585898 126310 146395 825493 1080521 809638 84332 46760 337638
507864 778866 755577 642014 401599 493218 573476 526579 615124 730739 470389 413470 703667 690109 154082 231227 679909 210375 647699 661314 503419 439642 483377 476879 604113 668698 757626 523890 734172 26925 477555 861878 733903 816120 442250 678743 171516 403556 821025 607633 546711 764714 360351 706259 999999999 286420 453965 605883 228571 647434 132125 438569 366399 712012 382131 330024 522428 269382 809451 399127 671278 514806 395468 146952 669563 425391 744478 686796 370851 499688 863919 540529 409327 236730 504668 389169 504304 704843 141219 460701 477988 687257 251995 739347 309016 803193 215976 292588 54176 474733 191436 142006 793298 678449 518278 466101 147074 775322 673570 422443
792544 591058 684499 521984 165345 779635 750787 715778 679089 528408 692760 197791 853348 477682 431826 512551 588798 396478 805882 472798 224200 722579 331247 320778 641440 559460 577149 358667 667926 281997 730882 987224 673339 657387 679768 582218 456614 228334 700496 645979 295069 883029 166486 835408 286420 999999999 175148 404171 65805 699359 196388 721577 100513 846764 491731 567065 749091 518368 643937 685309 532993 710668 595389 387648 799440 687234 796060 694759 464466 725797 704003 436644 601270 177205 721652 334104 327421 500478 343154 638177 758442 852919 157615 902316 299977 841868 458940 572755 334976 309586 477344 291971 888132 853927 280206 245527 162929 916074 815568 500129
952481 587475 758473 579636 103666 944985 916380 884105 815163 516935 866034 136684 1010856 461566 590290 671481 658306 569996 966338 481854 146837 893221 397463 386534 769611 620299 581599 408324 745800 452882 906023 1135411 754030 673447 854382 648984 619947 308297 742011 774294 260982 1030906 161533 987543 453965 175148 999999999 410910 225477 830190 343359 892174 89599 1000285 650044 741975 922528 693496 655483 852264 576480 880189 766891 562623 952551 862192 922893 808028 620585 899286 715727 515805 771612 336866 894127 456178 247950 490142 518205 805600 930370 1014476 312931 1062542 360258 961869 634075 744485 498428 247499 641655 466316 1028151 1017762 272501 147249 314826 1070090 971697 649910
1083938 186944 383085 202077 497290 1049129 782907 773851 569020 126699 807271 536382 822585 85297 757836 828519 286820 570390 797326 71440 269313 964388 140863 141896 506869 241025 174809 101153 377248 586579 892815 897767 389057 263061 821901 274553 764182 202536 335841 511181 155446 800293 536727 777765 605883 404171 410910 999999999 460681 565871 576490 963814 435155 795075 524208 734458 859491 716721 246157 953641 180444 779986 701489 621128 750534 873374 636339 500541 492914 839670 306793 200541 694470 369898 821434 286704 658367 99628 565039 699886 986251 846454 354000 883053 703421 654419 667232 820821 659792 655043 778658 512076 770535 862430 138691 557620 543243 860710 780934 487105
731097 646849 717867 563420 186354 720713 728366 690006 682365 586293 658230 209453 838748 536916 369335 450397 625111 363802 788749 527614 289749 667758 375285 365404 650123 599202 631491 406582 700041 227765 687833 979601 704303 708321 641005 619593 396263 273667 744322 654514 359113 876240 164695 825581 228571 65805 225477 460681 999999999 705709 130623 666708 139126 835710 480088 527215 713899 474688 696044 627349 578475 683167 565296 342962 789058 641217 803802 710955 455495 690565 755515 472640 573213 178804 688827 354128 328470 558496 304023 614223 705137 834389 166986 884864 251748 853037 415746 519273 274410 305558 417555 258362 886911 832955 341919 261867 97372 904188 802459 496086
888069 588446 302970 390053 862271 824568 319799 347060 39054 605574 440111 896814 284812 616175 727774 751952 329606 450052 284306 547806 745067 719278 468523 476915 61693 368755 560614 485362 284970 620957 556129 331914 272128 532336 485854 341599 700318 528675 443283 57013 672127 236762 863748 227348 647434 699359 830190 565871 705709 999999999 730470 719534 791785 246305 269515 478468 466084 515213 545976 753514 434283 365072 380245 534679 211039 577594 98787 106728 276675 458212 559840 366637 359862 527435 428701 374017 1026646 600782 510904 317696 713545 324705 543018 345410 925094 155851 512298 637818 676548 1007452 698020 508272 206262 351235 632107 942177 715359 303910 247373 225054
609464 759855 791870 653911 277227 605012 694736 650162 701822 703140 600004 284856 819128 656247 247741 328715 705836 324145 764868 640082 420318 562238 474639 465943 680754 686207 742224 510651 772134 145281 609650 971936 774291 812718 573642 702229 280546 379033 836209 684745 486689 871790 231096 815918 132125 196388 343359 576490 130623 730470 999999999 561087 253764 823374 477888 460740 652929 401033 802522 514658 675331 639767 519804 274866 778989 557037 829138 754107 460105 630010 860524 556527 531943 238331 633647 418032 372213 675748 254899 580461 602805 806744 240445 858593 195784 884063 346267 419439 162590 342787 303009 230440 893357 800254 466372 336721 34168 889006 786574 508171
172537 1104915 960089 921298 837714 105080 451722 401767 680569 1075559 294999 845629 589844 1048062 325192 256916 921914 393744 535794 1001149 927904 1366 824184 822084 711818 931954 1078671 865942 937239 439745 191365 753861 930349 1108408 242029 926756 284121 778468 1071259 712686 948504 692672 791719 631225 438569 721577 892174 963814 666708 719534 561087 999999999 804958 624644 501756 252815 300451 249499 1109599 72393 963058 380788 340236 350371 605241 146377 788449 808575 521041 293179 1152216 827485 360038 619057 321573 685818 918576 1054086 405760 403666 47985 545902 642734 587808 682431 852206 296622 149945 398600 887077 261208 462527 755119 518854 913025 896836 583083 658524 584790 559767
862977 619525 753090 581366 71822 856102 851297 816112 773239 551796 791304 109935 953216 497721 500837 582007 654596 495193 906121 506415 198737 806026 391624 380639 732749 620806 609775 411241 738227 366759 825510 1085289 744971 696966 776659 646646 530980 292266 753464 737355 299621 980934 101732 934264 366399 100513 89599 435155 139126 791785 253764 804958 999999999 945917 591460 663331 847455 612426 681021 763789 585420 810806 695018 480859 898475 779800 887315 780566 563729 824132 741684 505414 701269 276176 820724 420998 241876 524069 439323 738621 843877 953277 255010 1002557 287938 930729 553221 658073 409698 229920 552824 390063 983886 954421 298815 150561 225493 1015368 915192 597950
796497 833400 545416 632182 1011806 725449 173802 226484 230362 846766 331807 1041631 46594 852870 743065 740486 575575 502173 89059 785244 939234 623954 681537 688160 295232 613551 805330 705843 528892 688927 435707 150119 515467 778554 385702 587380 704922 720419 686820 291613 882926 68139 1000276 19102 712012 846764 1000285 795075 835710 246305 823374 624644 945917 999999999 355832 437458 327164 495272 792281 677767 677508 246947 337052 571630 47779 479641 238009 347474 382298 331665 805218 594778 317606 669789 303091 559360 1164158 839882 572122 261013 603155 98257 691179 101008 1016807 285211 520474 593892 723705 1140479 694863 593776 137716 130920 841280 1091614 817812 69852 41557 350512
658062 628749 459303 431403 656419 603030 273607 253692 234843 614187 285525 685860 361790 600252 458937 487850 421866 180538 316328 541350 605394 501860 387942 390753 235796 436164 600825 423683 436375 356288 382615 499882 430197 616186 308130 427603 433319 393828 570396 238376 570393 397212 644543 345494 382131 491731 650044 524208 480088 269515 477888 501756 591460 355832 999999999 249017 335934 265901 620282 519596 476225 257396 183429 265332 308997 378521 364202 329263 32461 316911 657653 348605 172796 315461 297422 243139 808555 597896 242895 176751 509108 364746 337926 412499 673579 424897 249771 391773 408022 785255 432778 248339 415472 370027 528569 736054 468267 424733 323846 58527
413216 862746 707387 673211 712831 355007 271859 218723 439502 839008 141629 731373 415346 816552 313383 303108 670028 177597 356697 764614 744193 252898 593597 593150 464118 681733 835731 634084 684518 315686 166967 583639 677771 859882 114030 675237 271802 564722 819056 465397 742656 501225 680472 438083 330024 567065 741975 734458 527215 478468 460740 252815 663331 437458 249017 999999999 192407 64086 862242 276260 716237 201836 104175 187096 405285 138918 556735 561070 269372 169745 902792 582640 125381 424418 177133 449298 831982 819382 224065 180385 261505 385850 450035 436699 634241 621062 114516 162317 320247 803145 259364 276228 550982 369567 703766 784588 469248 489318 395956 306954
