NAME : synthetic_000948
TYPE : CTSP-D
DIMENSION : 100
GROUPS : 8
RELAXATION_LEVEL : 1
EDGE_WEIGHT_TYPE : EXPLICIT
EDGE_WEIGHT_FORMAT : FULL_MATRIX
EDGE_WEIGHT_SECTION
999999999 607579 293656 423605 631775 415013 368951 680965 61682 467154 366947 330620 476804 329229 215358 632486 417451 86573 306359 423002 300862 417367 400345 383422 248438 384054 606527 522024 186631 297906 515227 541892 528661 655648 863653 426012 266278 169771 454016 666193 450079 651748 56884 220400 477414 282370 264266 56606 65841 442816 681845 357924 570391 469647 620602 525750 429714 649515 348569 246988 393870 171603 349636 536230 319382 325854 124964 436398 276906 263660 165739 181166 517812 555712 351901 560208 261368 176996 499529 342201 340288 443126 167497 301036 440382 581466 576541 379971 548228 60406 495562 468565 608686 683740 166146 348839 315555 432331 682622 845292
607579 999999999 671895 278679 549568 456009 750581 535924 572288 468773 880491 708612 298185 804859 586509 1177209 277091 679902 607939 1006733 667947 863947 638533 771373 844657 873904 80231 1061000 456918 327932 805625 90069 1034770 1102104 882351 616149 372944 624525 340340 1005541 420360 204857 652982 801777 1053944 345177 866177 663170 541780 353527 492962 840075 1137185 271830 592692 425756 461389 967996 947435 635412 970646 453644 259796 307025 858950 548151 696578 1031416 871658 389926 451953 655719 540433 836041 257878 1107612 866316 475277 379962 917876 726197 855810 441230 903844 194126 699445 804919 909519 710164 612260 1068084 539322 624085 953488 638371 268877 919923 878777 979664 902812
293656 671895 999999999 602988 881839 662976 661453 920696 246959 715223 226656 42917 667750 143419 503874 843379 595100 351750 594770 610804 10550 697223 688111 674978 448131 652993 705107 747975 419298 465963 808870 585025 775893 920236 1144882 709190 461463 463295 661449 954172 685202 791908 262492 454017 668703 458336 345809 288531 298068 655354 910281 175996 763918 649651 881637 756475 678392 940078 391387 539985 596979 276165 438661 727865 570923 602640 396765 598949 325710 291603 289559 474063 778951 849329 439068 775158 360950 421109 718539 555787 58885 728634 321575 465812 571363 864863 869449 629308 835337 233309 690114 733977 877343 976799 459708 487982 469322 207111 974275 1130692
423605 278679 602988 999999999 330906 180260 476958 346418 413566 203532 766039 645551 66172 705927 330656 918513 8127 473648 335075 770613 603467 593584 359872 497488 625692 610804 232269 803313 239300 138116 527177 274535 769326 826489 656421 338113 157888 381013 80872 727124 153543 233688 478817 575127 811898 148778 685597 479035 365414 87310 322347 740247 887895 47535 357919 190198 187895 690005 770437 373427 731728 329031 198316 124979 610036 272188 476526 803293 700321 326231 317811 410676 281596 558270 199951 851406 680097 253080 140733 680734 661868 581511 289864 689653 98248 435076 530088 654634 439163 452832 823463 269117 378414 678382 396435 123547 707767 799387 702898 666008
631775 549568 881839 330906 999999999 219678 452460 66094 650757 167004 998722 924500 274101 956094 438630 899793 338202 640478 369206 831746 884828 563616 305721 465424 742654 612863 474695 799178 464038 437487 395796 581087 738357 728000 333697 262687 426412 502648 250628 565424 199436 379072 687114 685591 853726 438443 854848 675372 595981 248227 105473 987032 902260 303727 56765 140773 204362 521991 935212 443282 790820 610272 526542 244305 660743 318461 619779 878839 879822 637102 595320 518904 121170 404547 528475 847443 842305 465240 190293 751026 938885 527253 562173 806227 421130 210598 347299 679525 249329 681691 857247 172424 101495 478218 516719 448389 825650 1057407 516109 353612
415013 456009 662976 180260 219678 999999999 326787 265955 431348 52735 781512 705517 164823 736912 239396 784648 183887 432523 198080 670509 666233 447196 190209 345757 554186 477938 400434 673258 244438 236817 351371 454302 627857 664449 506709 161576 215244 303040 119809 550746 50673 360592 471140 498132 702892 233268 650466 461347 376607 104627 269555 768183 767463 186334 220753 118637 15417 512416 733273 260979 629688 394087 343008 192761 500153 131877 418168 711511 672857 430884 378680 325275 121959 380343 345497 722388 639865 245656 115924 583366 719699 426179 345271 619389 277176 259729 349922 533548 259628 463050 710800 92748 225223 498331 318415 265514 638690 837941 523685 507344
368951 750581 661453 476958 452460 326787 999999999 517879 423552 350489 680010 696464 484953 670156 191211 459788 476792 316350 142642 383511 669097 120446 149556 20904 334107 160573 709202 351696 341774 444532 153516 723745 301342 352157 556727 191984 398966 203583 441031 302874 376856 685860 401368 282183 401666 429719 478539 377070 385186 424931 545821 691142 451737 500267 411317 429921 330840 281904 544311 138529 343311 478087 555795 519428 217594 205310 274351 433599 510866 560708 463304 187787 338610 192044 558764 400762 460564 324901 441465 309913 704453 105324 438545 388628 556990 294445 228344 227636 247223 428710 404793 294820 376676 315515 203690 500331 406917 770927 313846 524228
680965 535924 920696 346418 66094 265955 517879 999999999 695813 213992 1047401 963556 283753 1001486 495097 965881 354254 694969 429990 896000 923079 629599 370372 531120 802954 678381 457985 865180 506961 465611 460915 577069 804446 792477 351184 327297 460520 559438 270081 626595 235858 351159 737033 745935 918808 468812 911104 726757 641260 271559 50585 1033210 968117 311976 118056 164991 251295 583041 992417 503286 855012 646209 544713 241562 724684 375929 676476 942568 935103 664844 631888 577268 182895 468342 546366 913478 899220 510074 208641 814478 978484 593347 599309 866990 428666 272733 409739 744622 313530 728498 922589 232951 162683 536089 573934 468524 886429 1101741 575151 379951
61682 572288 246959 413566 650757 431348 423552 695813 999999999 484075 355815 286692 471657 305692 257106 691980 406703 146644 347856 478535 252972 477513 441153 439026 302486 445504 578409 582415 189578 279892 566290 501451 590224 717033 899579 462832 256467 220864 454216 723313 461085 634320 82946 279196 533956 266278 293986 100328 54783 444713 692253 337532 627852 460798 644675 535788 446548 705182 375339 295498 451109 122363 312497 532252 380773 357637 186540 488408 300056 210051 120903 236596 541440 606963 314453 619814 295048 185813 504699 400187 298335 501767 133259 350421 416656 618666 623936 441411 588455 40702 552654 494169 636670 736607 219882 324269 363368 406651 737331 884212
467154 468773 715223 203532 167004 52735 350489 213992 484075 999999999 833845 757818 170725 789618 285509 810277 208801 482235 233350 707898 718371 470392 204849 368086 598669 506753 406663 701139 297039 281369 352389 476709 651307 675898 462811 168272 263945 349756 129046 548521 50033 350646 523104 542132 737603 279594 699508 512792 429329 117658 220590 820840 798175 197243 171093 79715 37569 508319 781760 301558 666876 445199 382249 181529 536467 170912 465998 750693 722606 478427 429960 370227 79153 376939 384569 750311 688375 298391 98297 622146 772090 444716 396633 663608 301719 232425 338642 565974 241602 515649 744368 71990 180773 486752 364806 303617 682992 890675 515570 467093
366947 880491 226656 766039 998722 781512 680010 1047401 355815 833845 999999999 207603 826125 83566 572662 726482 758815 374101 659935 496963 234714 675912 751898 687522 378667 617258 904276 652387 544577 629168 833488 796981 700679 858714 1216782 783019 610851 514940 809967 938977 814675 977241 312019 412273 550297 617328 228509 326445 408778 800528 1046464 56726 638128 813549 986600 889965 796341 935133 224221 590428 497950 443775 631732 886924 523195 689450 409747 467317 194662 490880 451956 511664 884174 871283 632784 666876 249306 538844 860272 472795 194357 717590 476925 363096 755273 935381 906347 570980 897333 319978 572028 834397 972654 985934 504871 665125 357171 112524 973514 1192874
330620 708612 42917 645551 924500 705517 696464 963556 286692 757818 207603 999999999 710416 124834 542885 859530 637646 383751 633968 625957 42429 727634 727564 709393 468718 681146 743908 767467 461633 508682 845171 620953 798948 946096 1185742 749467 504380 500368 704326 986480 728023 832593 295589 479043 683504 501166 355370 320923 338747 698262 953198 152906 777936 692130 923919 799370 720931 973571 392435 577548 614667 319053 479211 770464 596620 643490 428445 610573 331915 332039 332475 509754 821143 885492 479527 792556 372072 463103 761454 575764 17588 760539 364481 481079 612592 905258 907128 653968 875054 270250 705137 775897 919208 1011977 496070 529979 482950 170863 1008349 1170895
476804 298185 667750 66172 274101 164823 484953 283753 471657 170725 826125 710416 999999999 767972 359557 936858 74297 520162 347283 802310 668445 604376 354553 504772 665670 628383 236987 823103 290319 201885 515613 312439 783436 828084 604749 326140 215343 415565 45028 714393 123288 202704 532945 613011 840507 210874 735560 531071 421568 60652 257258 802010 912206 29776 306938 135969 167157 675326 820399 396303 762527 392799 262591 60879 637136 280835 518580 838027 752110 392399 380972 443596 243031 543304 264048 871834 728817 301841 86267 712876 726601 587122 351901 730469 147058 401518 508444 677624 412308 510072 850704 241865 332504 656860 431338 189425 749046 862594 684583 618083
329229 804859 143419 705927 956094 736912 670156 1001486 305692 789618 83566 124834 767972 999999999 542865 768892 698432 355128 632847 535690 151257 680918 726426 679993 396306 626945 832104 685790 494815 567968 823071 719988 726631 880757 1191356 754257 554037 490030 755138 944135 766507 910193 279312 419760 591621 557405 260271 298999 360347 746798 997158 35374 683328 753415 948172 840868 752067 936447 280158 567523 530657 378624 560712 828837 535902 655057 395832 512922 230897 416902 388545 491762 845038 862165 561557 705414 279650 491499 808110 498516 112755 719237 416185 394243 687966 909030 892015 588697 873797 274930 613483 796605 937608 982362 482051 599593 392197 103267 973528 1170896
215358 586509 503874 330656 438630 239396 191211 495097 257106 285509 572662 542885 359557 542865 999999999 591395 328034 203296 91196 442753 510051 285997 185121 210873 315039 287791 557070 475406 151452 264820 315956 548331 449059 533638 648646 211429 218204 64390 322271 491708 285845 559952 263743 259424 481855 248604 416282 246450 209479 307120 506012 569944 557366 365677 418509 358022 251292 466838 497325 53765 403033 290214 370512 408951 279411 120373 181389 479256 441303 370043 274862 86389 318896 356515 373466 522776 404130 134032 347560 353368 553648 290450 248440 380327 393410 366339 367986 325020 332990 274308 492969 267618 401017 488572 79297 323460 399565 646132 494792 629955
632486 1177209 843379 918513 899793 784648 459788 965881 691980 810277 726482 859530 936858 768892 591395 999999999 916750 545933 589910 233866 853736 340380 607686 442559 399660 308499 1147915 116253 725382 851364 514316 1133295 161443 245825 899605 648634 805286 554436 894495 436615 835157 1139473 620477 412848 177271 834383 508874 596104 687623 878398 998896 768919 91325 948530 851885 889686 789727 466908 504544 545275 247311 799919 945547 976149 322672 656895 510878 259443 538253 893252 790719 523255 793473 521454 948351 72359 490153 706496 900185 293819 857905 372680 780921 378457 984718 708953 585831 268134 661599 668999 155410 752865 811271 541009 541647 910816 377621 838995 502345 850200
417451 277091 595100 8127 338202 183887 476792 354254 406703 208801 758815 637646 74297 698432 328034 916750 999999999 468407 334640 767196 595546 592945 361544 497385 621250 609294 232792 801411 233697 130517 529336 270463 768157 826849 663057 340625 151441 377525 87836 729272 158913 238329 472500 570994 808864 141491 679785 473015 358865 93456 330399 732789 885385 54995 364626 197448 192031 692406 764602 371520 728445 321325 190459 132959 607301 272409 471900 799469 694255 318108 310206 407366 287168 560802 192121 849404 674455 247794 148160 677301 653982 581529 282452 685070 93572 439863 533427 652401 443197 446078 820601 273543 384585 681598 392876 115458 703116 791719 705723 672232
86573 679902 351750 473648 640478 432523 316350 694969 146644 482235 374101 383751 520162 355128 203296 545933 468407 999999999 286965 338217 360316 345926 378005 327636 166281 305879 672345 435806 235386 359630 468466 618797 444897 576972 842682 410314 321659 142024 491549 602781 473876 706324 89675 133988 391828 342942 218563 63249 146031 478562 702052 378198 484249 517366 621776 549015 446026 590099 302517 216352 307976 256666 425748 577078 235012 323328 45094 354779 240385 349432 249420 137808 521635 507931 428203 473669 209641 220613 529780 255981 390419 376982 246403 223947 503934 561460 536920 295711 523257 130306 409643 470542 603872 630923 130996 414926 240276 457139 625396 819195
306359 607939 594770 335075 369206 198080 142642 429990 347856 233350 659935 633968 347283 632847 91196 589910 334640 286965 999999999 474554 600821 258660 93986 163442 373449 281716 567320 476979 218274 306306 235866 582351 436330 494516 558548 123350 262085 145101 304598 423830 248636 549695 353535 316387 505199 292479 491536 334973 298971 288494 447852 659287 569636 360532 341896 311968 205728 394475 569333 74793 433541 371044 419991 386828 303239 67155 258069 517630 518980 443823 355110 153751 248058 275477 422947 525962 477463 204415 313817 389028 644813 247899 325852 437121 414404 276271 280208 335498 241872 365484 512800 197143 319451 408092 156264 360310 456554 736087 418712 538961
423002 1006733 610804 770613 831746 670509 383511 896000 478535 707898 496963 625957 802310 535690 442753 233866 767196 338217 474554 999999999 621224 296313 526079 374909 176414 231727 989270 158603 550195 679441 500360 951923 221875 382057 918283 569073 635973 389680 764499 515669 720250 1002148 401096 206699 58028 662186 275437 378981 484218 749095 919173 537041 153843 807797 793602 786366 679443 528759 280270 410178 41095 594468 759498 850771 171825 538866 312369 54666 305704 686612 587615 359981 713615 524482 762101 170155 256440 532174 784565 89904 624119 344693 583650 145043 821016 675202 582031 159532 626945 450512 79311 665476 760049 596808 374411 737996 143806 609123 569243 877405
300862 667947 10550 603467 884828 666233 669097 923079 252972 718371 234714 42429 668445 151257 510051 853736 595546 360316 600821 621224 999999999 705978 694005 682792 458253 662163 702217 758130 422962 466812 816070 580718 785723 929709 1149851 714605 463359 470323 662849 962477 687774 790267 270901 463691 679133 459539 356359 297071 303414 656991 912106 183173 774372 649970 885270 758674 681650 948093 401732 546789 607274 277729 436900 728409 580475 607696 405369 609474 336219 289735 291453 481564 782719 856570 437236 785452 371494 425209 720283 565932 59584 737067 323781 476244 570176 870177 876126 638978 841059 240615 700533 738071 881475 984337 466993 487605 479809 210836 982132 1136097
417367 863947 697223 593584 563616 447196 120446 629599 477513 470392 675912 727634 604376 680918 285997 340380 592945 345926 258660 296313 705978 999999999 267307 102316 302176 67219 825729 235599 435949 549527 204183 832077 180984 248788 622016 308450 503079 274661 560748 263504 497300 805805 435596 263684 301942 533738 456192 409123 449680 544627 660427 696602 339170 618822 518606 549604 451275 260125 507588 232960 259817 553774 656498 639772 159226 323792 300834 350123 490632 642383 540482 248730 454007 228849 659450 284090 436111 417703 561900 241464 732969 48936 520298 341780 669844 386263 285737 137954 337658 472720 301036 412551 480514 317419 268205 607243 357337 776558 299461 581819
400345 638533 688111 359872 305721 190209 149556 370372 441153 204849 751898 727564 354553 726426 185121 607686 361544 378005 93986 526079 694005 267307 999999999 165330 448090 309696 587977 501030 298806 364929 169702 625343 447660 474360 465321 43075 325227 237224 309556 368795 237523 550022 447150 391665 548573 353706 576006 428067 391334 293965 396643 752512 601248 374232 268969 283174 190806 333733 650955 161853 485193 456739 480467 381047 355423 104822 346123 573643 604922 523329 440562 241675 189434 204834 483342 550020 560737 287563 299933 446391 738562 239878 409730 509242 450331 183483 195427 374460 147886 459428 552828 145421 239608 334202 247054 412490 528457 829629 351579 444999
383422 771373 674978 497488 465424 345757 20904 531120 439026 368086 687522 709393 504772 679993 210873 442559 497385 327636 163442 374909 682792 102316 165330 999999999 335356 147894 729703 335913 361795 465338 147088 744648 283236 331264 557294 207030 419722 220155 460711 285450 395615 705338 413910 285146 390429 450482 482392 389156 401942 444629 560276 700196 437259 520398 422797 447291 349404 266212 545938 157768 335222 496438 576436 538496 212474 225632 284734 425985 515214 579809 481798 202567 353292 183824 579405 384821 463972 344768 460000 304408 717012 84467 457499 387699 577825 300641 225128 217179 252698 442806 392610 310732 386904 303287 219262 521204 405616 780150 299362 523058
248438 844657 448131 625692 742654 554186 334107 802954 302486 598669 378667 468718 665670 396306 315039 399660 621250 166281 373449 176414 458253 302176 448090 335356 999999999 240159 833802 299934 393256 521014 481222 784920 331587 484457 890692 488188 480328 252810 632249 562785 600863 859371 224726 57063 232887 503979 154229 202646 311523 617882 818092 406186 328121 666761 713703 672809 565625 562207 210598 299669 152765 419992 591873 719142 145216 428597 150003 188539 188837 511412 414003 228911 621497 515127 594351 329369 133977 376553 662014 107738 469559 347161 412560 65332 664924 621721 560462 193071 576790 274121 252552 570457 687363 618346 237045 577874 84526 484566 601637 858107
384054 873904 652993 610804 612863 477938 160573 678381 445504 506753 617258 681146 628383 626945 287791 308499 609294 305879 281716 231727 662163 67219 309696 147894 240159 999999999 841268 195379 430985 551952 269211 835519 161360 271633 687690 352390 505374 261589 586166 322626 528592 831028 394723 207215 242850 535422 394341 367969 424299 570085 706268 640743 291908 640112 570689 586466 483876 323362 442439 238773 194048 532969 653373 668430 95126 348825 261593 284858 428985 624257 520891 232063 499033 295524 656277 244469 373947 412179 593810 174263 685331 116053 504176 276043 680276 445130 351077 72229 396638 435666 244718 454404 534595 383255 251767 610940 291114 720300 363306 648254
606527 80231 705107 232269 474695 400434 709202 457985 578409 406663 904276 743908 236987 832104 557070 1147915 232792 672345 567320 989270 702217 825729 587977 729703 833802 841268 999999999 1032191 440841 312945 751804 151563 1000657 1058082 806181 561987 353999 601416 281338 951022 360223 125804 655914 787476 1033766 329881 869553 663020 541698 295937 414097 867478 1113410 214158 519915 356475 403857 912201 952655 602820 951730 465816 272767 235694 834631 504236 684035 1017671 878159 415457 461353 632181 474497 780141 271602 1079788 867767 458150 313347 899590 761437 813633 445186 895273 168895 633839 745135 882083 647947 619049 1046639 478355 553264 893393 616107 257982 912250 911998 921525 828306
522024 1061000 747975 803313 799178 673258 351696 865180 582415 701139 652387 767467 823103 685790 475406 116253 801411 435806 476979 158603 758130 235599 501030 335913 299934 195379 1032191 999999999 609284 735118 425383 1017155 79599 229027 828878 542943 689034 438257 781204 388022 723899 1025805 514107 304838 118126 718144 426730 488901 575118 765146 895830 689861 106750 834084 753619 780800 679017 409822 438582 429900 155209 687366 829775 863768 207616 544118 398787 202914 458869 780668 677660 407094 689096 439051 832591 49180 406673 590389 789096 192208 767399 274164 666786 291647 868627 616731 502198 151942 568457 561740 102240 646429 714714 482579 425570 794569 295455 763908 448776 782693
186631 456918 419298 239300 464038 244438 341774 506961 189578 297039 544577 461633 290319 494815 151452 725382 233697 235386 218274 550195 422962 435949 298806 361795 393256 430985 440841 609284 999999999 129246 454137 407944 591783 684337 732346 307749 87078 171237 267824 638994 271693 471087 243086 346763 597028 111991 446443 240800 135808 257177 502676 527012 681077 284321 462342 346221 259816 611579 531309 205203 513773 160368 222389 349602 404034 198071 243315 576988 462001 225711 144108 202270 359769 493628 225293 654545 440798 18919 315795 461073 475555 441900 111839 455548 271968 458479 493788 457361 436763 224715 611300 315852 459217 626169 183737 188043 473004 594780 636814 723409
297906 327932 465963 138116 437487 236817 444532 465611 279892 281369 629168 508682 201885 567968 264820 851364 130517 359630 306306 679441 466812 549527 364929 465338 521014 551952 312945 735118 129246 999999999 532773 283592 713311 794989 743198 358914 46619 297277 197927 727858 239180 354997 350614 475665 726094 17263 562170 354437 235517 194295 448952 602384 809397 185512 451690 301166 250662 695865 646418 316771 642958 191038 115543 262309 531508 261014 371467 705842 573884 199759 179697 328512 358007 569452 118424 781116 558777 147414 257821 590294 524791 548783 152303 582328 144309 490393 556349 583267 480860 320039 740154 327272 461210 698968 310792 59471 599334 661292 716034 743986
515227 805625 808870 527177 395796 351371 153516 460915 566290 352389 833488 845171 515613 823071 315956 514316 529336 468466 235866 500360 816070 204183 169702 147088 481222 269211 751804 425383 454137 532773 999999999 794833 355182 333108 418551 189869 491447 345936 470786 199947 393789 702993 551566 432017 504827 520744 629395 528047 523098 455915 499657 844459 531999 537690 343654 422967 348519 164031 691748 271150 463239 604984 648209 533895 350971 271797 427284 553921 662288 679660 589288 335582 307151 40714 651115 470667 610863 440128 450686 440188 853895 156657 560941 531102 619305 195031 81911 341297 148819 575563 502318 281832 300772 172782 349194 581736 548418 924158 183725 380421
541892 90069 585025 274535 581087 454302 723745 577069 501451 476709 796981 620953 312439 719988 548331 1133295 270463 618797 582351 951923 580718 832077 625343 744648 784920 835519 151563 1017155 407944 283592 794833 999999999 996872 1075673 914456 608470 330200 578915 348675 994103 426750 274590 583640 745467 1001443 300106 794954 596116 476255 359067 538502 755049 1087788 283126 618377 447573 462403 958731 874532 599857 917410 380167 193051 337533 811827 527967 639711 973095 798214 308717 380573 610062 553152 828033 190596 1062484 796499 426814 398517 864383 638522 828836 374401 841748 177202 709010 803292 865215 713640 540467 1016733 543608 644943 951100 591672 224972 856979 791493 973941 929953
528661 1034770 775893 769326 738357 627857 301342 804446 590224 651307 700679 798948 783436 726631 449059 161443 768157 444897 436330 221875 785723 180984 447660 283236 331587 161360 1000657 79599 591783 713311 355182 996872 999999999 160946 752168 488108 666734 421466 740252 308518 678085 985468 529293 322783 192119 696770 472367 503009 575582 724123 837538 734016 182917 796757 690627 730418 632168 330352 495261 399362 206499 686483 814128 820227 209938 502613 403700 271898 506019 778954 675322 391250 632400 365497 817020 117552 451686 572927 742789 228527 800512 211259 660775 337700 840941 549010 429405 149296 501307 574526 179103 592475 650273 403307 410731 772296 345238 810459 369206 705187
655648 1102104 920236 826489 728000 664449 352157 792477 717033 675898 858714 946096 828084 880757 533638 245825 826849 576972 494516 382057 929709 248788 474360 331264 484457 271633 1058082 229027 684337 794989 333108 1075673 160946 999999999 670823 507713 748878 522856 783234 198788 711735 1024259 665165 467068 347089 779646 630210 638429 694041 767435 832422 889983 310903 846184 674575 750750 665064 235497 656000 480102 367332 800611 903889 855042 349507 554450 533012 430447 664275 890245 787750 495887 638750 324763 906850 246157 609408 666216 773085 385967 948938 246888 768503 496634 908872 521483 386485 292827 478948 707047 330938 608538 630613 307501 515568 851689 505113 967422 265868 618735
863653 882351 1144882 656421 333697 506709 556727 351184 899579 462811 1216782 1185742 604749 1191356 648646 899605 663057 842682 558548 918283 1149851 622016 465321 557294 890692 687690 806181 828878 732346 743198 418551 914456 752168 670823 999999999 437685 720875 702525 575675 472456 509055 702338 912056 837694 919275 739972 1031449 893354 846995 569884 399534 1217774 934811 634524 298564 468859 492583 435857 1100418 626364 881634 891292 844603 578001 767943 542263 808685 972131 1062379 936761 875221 705320 385196 394359 846853 869636 1014465 727002 518871 858240 1197846 573610 841984 944901 750728 282331 336644 759660 319677 921561 914702 419913 282125 363358 712010 765796 962900 1294609 405586 55923
426012 616149 709190 338113 262687 161576 191984 327297 462832 168272 783019 749467 326140 754257 211429 648634 340625 410314 123350 569073 714605 308450 43075 207030 488188 352390 561987 542943 307749 358914 189869 608470 488108 507713 437685 999999999 322576 268404 281207 389535 205512 517303 475171 431489 591623 349342 612910 457468 411191 266186 353878 781347 643705 347847 226826 244817 159453 351916 689147 196255 528166 467804 473747 347867 398265 109787 380794 616463 641084 528544 451534 276189 146645 220178 476544 591844 598178 298749 265463 489027 761132 278730 419583 549999 431864 155873 197906 417491 129052 483913 595791 104417 199274 343525 279568 402260 569283 857522 365497 421504
266278 372944 461463 157888 426412 215244 398966 460520 256467 263945 610851 504380 215343 554037 218204 805286 151441 321659 262085 635973 463359 503079 325227 419722 480328 505374 353999 689034 87078 46619 491447 330200 666734 748878 720875 322576 999999999 251626 201476 684971 227106 386193 321085 433476 681816 30780 529465 322148 207544 194254 448818 587724 764267 204708 434961 295684 230074 653814 614163 270246 599022 185835 157916 276089 486028 220531 330370 663676 543179 215903 171923 282840 337124 528835 160870 735209 524845 104151 257149 546545 519788 502909 140223 542584 185239 460406 518674 537252 447435 295296 695543 301587 440246 659366 265429 105694 559981 650377 675063 718602
169771 624525 463295 381013 502648 303040 203583 559438 220864 349756 514940 500368 415565 490030 64390 554436 377525 142024 145101 389680 470323 274661 237224 220155 252810 261589 601416 438257 171237 297277 345936 578915 421466 522856 702525 268404 251626 999999999 380438 505579 348610 613275 211395 198267 432454 280194 352205 191142 181787 365771 570308 515516 512925 419128 481310 421555 315239 485481 432981 77882 351130 279949 393033 467380 234427 184195 117144 422890 377723 367731 266230 31234 382559 386532 395903 483916 339833 152319 409247 299780 509825 289887 245680 318133 434445 420620 406945 286316 383942 230174 445240 331174 462215 515753 15838 356744 337223 593083 516873 680905
454016 340340 661449 80872 250628 119809 441031 270081 454216 129046 809967 704326 45028 755138 322271 894495 87836 491549 304598 764499 662849 560748 309556 460711 632249 586166 281338 781204 267824 197927 470786 348675 740252 783234 575675 281207 201476 380438 999999999 669746 80028 245223 510706 578602 801405 203484 708751 506859 402263 16129 251058 788591 871532 68511 277129 109874 122520 630866 793379 356408 724409 385289 276374 86944 597836 237763 486982 801510 726814 395597 372251 407484 204477 498803 278221 830058 701033 277218 61614 675423 720051 542746 341379 697355 176305 361283 464948 636844 369887 491339 811086 198985 298674 613474 396273 198968 716157 851847 640631 585981
666193 1005541 954172 727124 565424 550746 302874 626595 723313 548521 938977 986480 714393 944135 491708 436615 729272 602781 423830 515669 962477 263504 368795 285450 562785 322626 951022 388022 638994 727858 199947 994103 308518 198788 472456 389535 684971 505579 669746 999999999 591837 897861 691690 526999 497315 714945 716959 665825 687359 655094 670863 960098 487013 737056 509393 615056 547255 43590 762146 440531 488573 780668 842712 729730 417677 468230 558036 569509 751609 861654 765721 486806 495295 171583 845650 419968 696536 623270 646477 487114 992729 226092 740116 595413 819003 354850 219072 379230 320448 724509 486474 476866 464392 109240 504180 778763 608862 1040063 67080 420025
450079 420360 685202 153543 199436 50673 376856 235858 461085 50033 814675 728023 123288 766507 285845 835157 158913 473876 248636 720250 687774 497300 237523 395615 600863 528592 360223 723899 271693 239180 393789 426750 678085 711735 509055 205512 227106 348610 80028 591837 999999999 312530 506760 545217 753171 239288 692381 498797 406815 67812 231874 798613 818111 148532 213369 75737 46727 552421 775856 310284 679499 411765 335606 143600 550234 182161 462158 760693 713613 438263 397094 372154 128362 420504 337831 773033 682543 275925 65252 632761 742828 475332 364217 666164 251701 282287 385206 584131 289865 494888 761236 118961 227880 533674 364202 256773 685386 866288 561308 515211
651748 204857 791908 233688 379072 360592 685860 351159 634320 350646 977241 832593 202704 910193 559952 1139473 238329 706324 549695 1002148 790267 805805 550022 705338 859371 831028 125804 1025805 471087 354997 702993 274590 985468 1024259 702338 517303 386193 613275 245223 897861 312530 999999999 705361 808571 1041721 369756 915542 707973 590401 261351 303678 945365 1114587 194356 429955 283834 359224 856861 1000148 598525 962777 533467 353387 169448 838695 482965 710186 1036088 928423 500558 525747 642335 405213 726461 353114 1074537 911034 485793 252378 912413 849850 786617 503373 923331 222240 560843 683635 880107 582785 674703 1052377 421438 468284 829128 628860 312374 941418 996527 861150 729349
56884 652982 262492 478817 687114 471140 401368 737033 82946 523104 312019 295589 532945 279312 263743 620477 472500 89675 353535 401096 270901 435596 447150 413910 224726 394723 655914 514107 243086 350614 551566 583640 529293 665165 912056 475171 321085 211395 510706 691690 506760 705361 999999999 209351 457539 335607 213760 26755 115161 499604 738454 306248 552458 525167 674622 582457 485738 678059 296834 289214 376097 205286 393467 592574 319723 378114 134763 407923 223329 292143 203191 216269 572156 591580 395533 548845 213350 233825 556412 326833 303130 466169 211939 268996 491462 629737 616756 380098 594646 49449 476940 522432 661381 716808 204542 399323 281288 382555 712762 891823
220400 801777 454017 575127 685591 498132 282183 745935 279196 542132 412273 479043 613011 419760 259424 412848 570994 133988 316387 206699 463691 263684 391665 285146 57063 207215 787476 304838 346763 475665 432017 745467 322783 467068 837694 431489 433476 198267 578602 526999 545217 808571 209351 999999999 258641 458476 197521 184067 278962 564008 761317 433746 350345 615180 656772 616701 509372 522979 262771 242654 174466 390411 552885 665546 117741 371835 105758 230225 230891 483343 382650 173065 564435 467283 555476 340773 178847 329327 606869 122090 481944 305685 377315 121484 618669 566644 509967 175291 522244 256935 275980 513402 630726 575608 182432 533567 140886 513478 561602 806330
477414 1053944 668703 811898 853726 702892 401666 918808 533956 737603 550297 683504 840507 591621 481855 177271 808864 391828 505199 58028 679133 301942 548573 390429 232887 242850 1033766 118126 597028 726094 504827 1001443 192119 347089 919275 591623 681816 432454 801405 497315 753171 1041721 457539 258641 999999999 708834 331649 434915 537473 785750 944523 591891 95886 847513 812895 816820 710923 514830 330290 445152 84309 648478 809656 886958 203594 571037 363416 87010 361020 741039 641107 401935 737705 525099 812311 117802 313070 578689 818045 137283 681445 348225 635844 202892 866232 687298 585363 174201 638717 506878 21864 691058 777323 585517 417662 785071 200767 662724 554803 876017
282370 345177 458336 148778 438443 233268 429719 468812 266278 279594 617328 501166 210874 557405 248604 834383 141491 342942 292479 662186 459539 533738 353706 450482 503979 535422 329881 718144 111991 17263 520744 300106 696770 779646 739972 349342 30780 280194 203484 714945 239288 369756 335607 458476 708834 999999999 546567 338818 220683 198555 453908 591620 792192 196312 450501 303929 247553 683448 630939 300852 625695 182426 127767 271643 514366 249299 354365 688665 558738 199097 170175 311428 355050 557821 130705 764074 542911 130152 262174 573033 517054 533689 141222 565423 161114 483803 546238 566269 472731 306160 722908 322317 458359 687905 293646 76576 582488 651723 704233 739491
264266 866177 345809 685597 854848 650466 478539 911104 293986 699508 228509 355370 735560 260271 416282 508874 679785 218563 491536 275437 356359 456192 576006 482392 154229 394341 869553 426730 446443 562170 629395 794954 472367 630210 1031449 612910 529465 352205 708751 716959 692381 915542 213760 197521 331649 546567 999999999 207751 328020 696143 919794 263144 424399 730743 832495 767411 663712 716299 84875 417059 271564 414827 606425 793524 299295 536399 235110 255453 34724 494864 414762 337938 734681 664804 608406 445168 20850 433823 748223 244290 351815 500569 425570 135405 704376 756122 706784 343779 713519 254503 353495 683259 810941 771538 338320 612505 131983 338243 755614 1001798
56606 663170 288531 479035 675372 461347 377070 726757 100328 512792 326445 320923 531071 298999 246450 596104 473015 63249 334973 378981 297071 409123 428067 389156 202646 367969 663020 488901 240800 354437 528047 596116 503009 638429 893354 457468 322148 191142 506859 665825 498797 707973 26755 184067 434915 338818 207751 999999999 121629 495158 729904 324449 529411 524757 660955 574526 475665 652667 292193 268526 352779 220919 404531 590049 293308 363149 108327 388079 221320 310280 217138 193587 559036 567881 406723 524290 204792 229749 550463 302825 327990 440132 222230 250310 496986 611193 594411 353762 575072 72926 453997 508790 646254 692297 183101 405407 263681 401970 687638 872039
65841 541780 298068 365414 595981 376607 385186 641260 54783 429329 408778 338747 421568 360347 209479 687623 358865 146031 298971 484218 303414 449680 391334 401942 311523 424299 541698 575118 135808 235517 523098 476255 575582 694041 846995 411191 207544 181787 402263 687359 406815 590401 115161 278962 537473 220683 328020 121629 999999999 392255 638236 391962 629120 412219 590044 481724 391795 666961 411687 252121 453403 112303 283841 481829 369111 304744 176761 499985 338489 205640 103701 202440 486815 563807 286122 615269 326124 131188 451521 400997 351040 469716 101894 365960 376479 566805 577462 428859 537889 89108 554940 439767 582475 694763 183951 284494 380845 461430 697701 832687
442816 353527 655354 87310 248227 104627 424931 271559 444713 117658 800528 698262 60652 746798 307120 878398 93456 478562 288494 749095 656991 544627 293965 444629 617882 570085 295937 765146 257177 194295 455915 359067 724123 767435 569884 266186 194254 365771 16129 655094 67812 261351 499604 564008 785750 198555 696143 495158 392255 999999999 255409 780039 855619 82150 271681 108360 108195 616431 780676 340681 708948 379266 278409 101833 582166 221642 473164 786374 714634 393285 365852 392554 194721 484345 280387 814012 688152 265838 63629 660105 713818 526726 334468 683045 184805 350057 451415 620927 357220 481363 795340 186247 291147 599981 381609 200162 701899 844127 626674 578781
681845 492962 910281 322347 105473 269555 545821 50585 692253 220590 1046464 953198 257258 997158 506012 998896 330399 702052 447852 919173 912106 660427 396643 560276 818092 706268 414097 895830 502676 448952 499657 538502 837538 832422 399534 353878 448818 570308 251058 670863 231874 303678 738454 761317 944523 453908 919794 729904 638236 255409 999999999 1029620 997431 283744 161640 156522 256088 627413 1002262 519279 878088 634405 519848 208402 747389 389496 686576 964291 942406 646185 620728 590266 207235 509623 521292 944492 908864 507629 191892 835774 968582 626303 588879 882763 397926 316063 452759 770692 354330 726578 949298 253743 206633 582668 585299 445806 902185 1096108 621037 429753
357924 840075 175996 740247 987032 768183 691142 1033210 337532 820840 56726 152906 802010 35374 569944 768919 732789 378198 659287 537041 183173 696602 752512 700196 406186 640743 867478 689861 527012 602384 844459 755049 734016 889983 1217774 781347 587724 515516 788591 960098 798613 945365 306248 433746 591891 591620 263144 324449 391962 780039 1029620 999999999 681899 787756 978062 873218 783272 953826 272055 592572 534708 413441 596064 862886 548298 683624 417420 510972 231420 452262 423142 515677 875045 883155 596915 707180 283356 523139 841076 505490 138803 736231 450409 398460 723129 935554 914776 599236 899449 305354 613734 826229 966605 1001537 506865 634571 394700 80148 991412 1196268
570391 1137185 763918 887895 902260 767463 451737 968117 627852 798175 638128 777936 912206 683328 557366 91325 885385 484249 569636 153843 774372 339170 601248 437259 328121 291908 1113410 106750 681077 809397 531999 1087788 182917 310903 934811 643705 764267 512925 871532 487013 818111 1114587 552458 350345 95886 792192 424399 529411 629120 855619 997431 681899 999999999 921249 857771 877874 774183 511772 415151 516079 176745 740751 897125 955675 278808 636606 453471 170966 452434 833671 732817 481843 790286 545756 899837 67046 406452 662445 883348 228272 775452 379726 726097 298235 947248 722715 608947 234692 674334 601693 75569 746229 819512 585262 498854 868724 295014 750633 549845 888077
469647 271830 649651 47535 303727 186334 500267 311976 460798 197243 813549 692130 29776 753415 365677 948530 54995 517366 360532 807797 649970 618822 374232 520398 666761 640112 214158 834084 284321 185512 537690 283126 796757 846184 634524 347847 204708 419128 68511 737056 148532 194356 525167 615180 847513 196312 730743 524757 412219 82150 283744 787756 921249 999999999 336674 165730 190345 698522 815614 405281 768425 376262 236818 79679 644674 295114 518370 842013 746075 370365 365198 448036 271175 566433 238119 882573 724801 297282 115947 718076 708535 603516 337387 731147 117597 429042 533361 687075 438371 499921 858361 267493 361885 681906 434763 166237 749477 846677 708805 647734
620602 592692 881637 357919 56765 220753 411317 118056 644675 171093 986600 923919 306938 948172 418509 851885 364626 621776 341896 793602 885270 518606 268969 422797 713703 570689 519915 753619 462342 451690 343654 618377 690627 674575 298564 226826 434961 481310 277129 509393 213369 429955 674622 656772 812895 450501 832495 660955 590044 271681 161640 978062 857771 336674 999999999 171014 205518 465903 911118 416685 752932 614750 548301 285681 623887 298604 597731 842049 858899 649459 599263 494703 103236 350301 550444 801445 818943 461228 220761 715215 937661 480233 565820 776185 452310 154883 291867 638952 195674 673251 815406 152208 45011 421475 494540 469484 795525 1050447 459494 311623
525750 425756 756475 190198 140773 118637 429921 164991 535788 79715 889965 799370 135969 840868 358022 889686 197448 549015 311968 786366 758674 549604 283174 447291 672809 586466 356475 780800 346221 301166 422967 447573 730418 750750 468859 244817 295684 421555 109874 615056 75737 283834 582457 616701 816820 303929 767411 574526 481724 108360 156522 873218 877874 165730 171014 999999999 107605 573636 850655 378294 745399 481475 386056 121196 615205 247918 536202 828451 788972 500769 467302 443901 121476 444126 387946 829968 757286 351122 50096 700039 814474 522907 434920 737997 282064 279135 399835 645510 298981 570061 823793 142215 198621 545463 436979 308210 757306 940146 577325 482414
