NAME : synthetic_000848
TYPE : CTSP-D
DIMENSION : 100
GROUPS : 8
RELAXATION_LEVEL : 1
EDGE_WEIGHT_TYPE : EXPLICIT
EDGE_WEIGHT_FORMAT : FULL_MATRIX
EDGE_WEIGHT_SECTION
999999999 477868 408603 318801 531574 72071 304662 875992 329677 177542 646567 292141 568031 467548 185509 80539 643951 133564 800019 543191 411330 434520 449710 665267 73697 479697 693310 241019 435988 554004 300660 551055 216539 269034 1011662 477658 448724 94018 607899 772246 411428 739389 608457 898732 733766 459991 623798 378139 371575 261999 315103 764002 542181 204015 129111 756170 525176 773231 767192 198276 591860 650624 709642 229875 718768 308935 643012 802109 200081 112516 902476 725998 543853 161630 290744 671064 49375 710388 859451 699610 144940 285890 616161 355153 269036 562788 196463 270237 13190 186863 176727 356369 530510 339620 263417 654619 758055 976185 108601 329746
477868 999999999 264634 271142 690551 451618 667236 782458 440860 319192 814149 285917 300759 636817 624901 399159 683491 610573 726193 99379 172014 45537 814731 772430 461155 566346 753757 638137 76413 519226 708106 616705 681257 266819 831178 40904 30082 571275 886692 776206 667014 423486 742498 702804 430134 93982 290540 733810 187800 519194 670962 811283 213540 433169 448362 467889 47542 808568 561632 293950 297570 623989 243630 580715 975719 234297 199954 498973 664477 551789 822512 297472 859387 612777 535240 228638 459821 235939 721200 964710 430281 471051 794853 157633 344226 98275 419275 281590 486261 540217 581591 228339 463018 610140 285817 412426 286178 797571 482297 749068
408603 264634 999999999 404660 430616 348776 472723 555945 202738 238052 551759 400790 160016 381502 483906 355965 421097 516949 490215 363688 92760 257177 603701 507797 434894 303449 490867 467178 188779 260684 531501 352073 623213 361475 646750 229543 257237 494557 640765 521581 430356 330941 478829 522807 325181 335012 223834 526660 92101 577770 695472 550766 159031 257502 454790 348677 288213 549561 381147 321423 185905 369726 387593 398990 721897 358570 458916 394052 540273 428639 592513 358414 625630 569821 319066 325581 367755 408824 511120 712817 447542 252019 533995 141490 441992 279458 250917 379712 410035 552833 570027 389091 207434 386871 378962 250656 511030 611055 352704 574765
318801 271142 404660 999999999 740026 335577 599151 960046 481009 258302 866828 27353 518822 676179 502057 245651 793700 443228 892538 284423 337688 229704 751569 854355 266463 641793 858130 546068 284569 651390 611962 708345 473398 58166 1045806 297377 244336 395619 880274 909224 661852 671345 808736 919161 674091 200296 536247 673709 316118 255398 413112 925201 448371 400837 228199 708319 311913 928160 775394 138764 527661 762035 508870 512299 985106 46380 363796 745855 517814 425671 995812 568430 829668 401417 520540 499777 329696 492648 915183 968972 205844 476419 840572 267957 79652 368975 384912 49613 331342 298489 351006 49880 604644 591159 56117 631148 496097 1010496 382722 644981
531574 690551 430616 740026 999999999 465320 303732 441953 262339 483343 127432 723264 501869 65298 435936 547694 171856 540116 370980 789805 520314 674183 318569 136959 600834 130640 184727 363268 614231 247685 374689 123103 661413 682946 624609 658378 677938 557200 236946 284971 148702 602442 77311 557136 585611 746701 579327 287023 503571 790829 834461 250145 561736 349121 651085 578205 718130 264635 489969 608022 531831 246118 799467 322203 296072 702349 888335 619136 495400 451226 450575 739907 262326 651371 241083 730323 485593 827627 472181 290506 659554 265896 104577 542486 736664 708864 363566 696674 521966 717833 696825 747745 290892 202950 692301 488445 938701 595424 422975 402473
72071 451618 348776 335577 465320 999999999 264899 803960 257637 134350 583249 310930 508790 400645 176460 93903 572842 170330 727961 526632 362902 410897 416379 597462 135675 408442 623349 210703 400772 482208 277877 479937 275401 280141 940773 445603 423914 146061 558645 700933 352656 679353 541678 828884 672739 447859 568699 339666 323013 325510 387156 694054 490514 131947 186316 693422 497836 702879 698880 200718 534108 578556 673292 180930 667855 315941 629759 739823 213049 100706 830406 680431 500377 228551 224372 629431 22732 677944 788056 649704 196866 214458 553402 314558 300781 529389 124616 285983 67420 256850 248757 365613 459752 279916 279615 590468 736652 905369 49004 313452
304662 667236 472723 599151 303732 264899 999999999 731463 279667 362697 387415 575156 612178 256958 147037 358345 463741 258566 656296 755800 531144 633784 153217 437418 377815 328774 488146 70487 601149 455750 75229 383094 370446 542551 902421 649593 643897 289649 306900 586141 155193 762907 376238 814534 750550 686403 687539 74767 496825 558999 563480 553698 631731 234210 433515 758099 708668 568366 713482 461768 642885 512016 853658 88938 418810 575866 861069 804646 197507 195368 745873 831027 239267 376114 158005 796143 275120 868635 745177 398561 449515 222116 355828 511654 565082 724841 247969 549731 291864 470819 434635 625811 465607 117905 543531 653329 950627 870108 216679 113378
875992 782458 555945 960046 441953 803960 731463 999999999 546324 751916 438867 954570 484721 475565 841818 857165 270741 929993 76806 869050 634112 792686 759650 344354 929811 411415 273273 779245 718443 323856 806014 349020 1053908 914218 191145 741608 787349 932355 631987 173941 583288 440962 391686 184982 423270 870210 523310 726999 646817 1103877 1190722 242340 574528 672188 966927 388918 783624 222415 251441 862855 495897 227414 751017 721860 624884 914180 937069 399213 905810 831762 42362 650037 686728 1025451 615604 683655 826691 792044 87838 634548 966668 594668 456247 696299 991106 742306 679652 932063 870747 1055241 1052714 944746 359543 616300 930556 383041 922311 169720 777262 838433
329677 440860 202738 481009 262339 257637 279667 546324 999999999 229741 389752 466007 332665 201675 327679 317411 325023 395010 470358 538625 278929 419081 402121 373692 385809 163690 383527 289579 366149 225585 345986 233957 516363 424988 687381 413187 424640 390205 446088 450233 229388 485238 328067 580712 473777 488413 408722 326792 253776 567320 644571 453061 358860 125971 427226 484470 474122 459004 459971 354058 363514 321345 590318 219923 535821 441727 640782 531532 390999 296258 573054 556474 424504 481327 121749 527852 280367 610781 532728 524173 430262 61606 365846 286449 485489 476044 133546 439796 324502 510847 506392 486180 210635 184601 435969 378661 707901 652380 233346 388661
177542 319192 238052 258302 483343 134350 362697 751916 229741 999999999 609549 240177 394852 418931 305713 117914 552663 301570 678856 399046 233817 280098 515273 602359 196849 393362 612966 323746 266429 429501 393762 462997 393970 200477 868454 311513 292352 269665 625888 675011 405282 566241 553940 749276 561798 325022 447281 434635 194036 352702 458781 682105 364753 143903 220435 586555 364778 687295 611664 124962 417135 536373 539086 273790 728709 224636 503621 631574 347059 233169 783235 549489 580784 335438 263506 496481 146391 543634 722630 713246 216663 218402 582813 180700 255801 395072 127824 213501 181949 316555 331992 273213 393611 336058 208998 488255 605145 832628 163338 433257
646567 814149 551759 866828 127432 583249 387415 438867 389752 609549 999999999 849677 607065 190668 530620 668891 203322 639720 380457 913521 642891 799363 351523 96004 717719 248311 167520 454411 737736 339209 449272 212178 756701 809560 629712 780868 802600 662424 193457 265458 240075 687052 77683 586644 669113 872698 682095 348745 628135 907921 940750 204585 674129 472842 769565 655624 839965 224056 548816 733907 635592 297059 909847 426084 203217 829515 1010611 692231 584856 557673 435321 842756 256292 754772 359714 839466 602475 940227 490509 206210 779343 391378 31629 668266 861579 827487 487755 823032 636138 830894 805368 875083 390850 308299 818541 576635 1055162 605444 538609 467870
292141 285917 400790 27353 723264 310930 575156 954570 466007 240177 849677 999999999 521445 659027 475893 220016 781920 415984 886031 306087 338749 242926 727241 839691 239132 627948 845460 521079 292722 642796 586513 695407 446497 41471 1044938 309496 258011 368324 858817 899083 641459 677382 792964 918935 679385 220647 542759 649815 314442 235281 391484 913122 454211 381173 201095 712811 328409 916613 775401 117458 531827 753189 526341 488811 964377 52168 388380 751375 490853 399721 989701 582089 806936 374511 500598 514182 304296 511714 911907 947947 178801 458570 822988 267586 58681 384163 365382 26745 304762 273454 325060 74563 597479 570285 32050 632761 519545 1009477 358521 619099
568031 300759 160016 518822 501869 508790 612178 484721 332665 394852 607065 521445 999999999 468493 639138 512225 434531 676675 433725 384383 183588 317615 729958 541231 590825 372416 503784 615706 245025 270983 676501 394912 783107 486284 533699 259944 309743 654557 732272 501998 542166 171481 529578 405452 167230 392029 78823 657670 214628 721296 847731 549532 89825 412329 606227 195035 298947 542589 262462 462554 31352 355878 305093 546180 797409 472940 455480 238112 697282 587086 525657 238166 732579 728861 454402 233799 527722 339018 420638 792375 596778 390769 596655 255817 570446 259235 407458 504670 569777 705210 726139 491437 216497 513163 505475 113849 462820 499361 511567 719576
467548 636817 381502 676179 65298 400645 256958 475565 201675 418931 190668 659027 468493 999999999 380542 482453 206787 481675 401277 735680 468624 618177 300437 198182 536260 101073 236097 310733 560859 235044 330853 131060 604199 618892 651146 606189 622727 496408 264170 330395 108963 583912 141041 572803 568103 689178 547075 254134 449093 726104 772659 304925 521019 283853 586165 565039 666556 317478 490514 543419 499304 262453 759069 263767 340444 639099 835827 608268 441877 390433 488988 706203 269347 590961 176806 691371 421140 785119 495285 331453 594435 201001 164898 485793 671682 660945 298356 632392 458189 654105 634493 684996 267967 146806 627930 469146 892230 620092 358976 362907
185509 624901 483906 502057 435936 176460 147037 841818 327679 305713 530620 475893 639138 380542 999999999 256969 582655 111572 765231 702554 518900 585433 272456 572505 252671 430475 616585 76927 569406 540677 118337 494688 226418 449646 1001368 615845 597956 146043 450902 709537 292177 803351 511674 902432 793784 624305 707633 210692 480173 421592 416527 684818 637979 226894 307289 808164 670316 697901 786922 373226 667639 615871 838224 119970 562841 487739 806022 855339 64565 77156 860862 834555 377818 229222 227724 789217 175156 846138 844096 541929 326231 266814 499001 480573 454530 697920 233052 452823 172430 329860 289636 536636 536218 233914 446117 702331 910819 967462 142992 144278
80539 399159 355965 245651 547694 93903 358345 857165 317411 117914 668891 220016 512225 482453 256969 999999999 641350 213991 782601 462760 345477 355310 508986 676309 78941 477595 696421 301576 360900 533316 366504 549115 286080 192691 981274 400889 369747 172345 652001 767514 443077 683440 622742 863892 679330 379453 562302 433092 306570 249939 342140 766837 477757 200654 110083 704410 446611 774152 727740 118426 533821 636261 633810 274822 760741 231269 562477 749323 278920 180199 886494 655386 594280 222455 309323 598107 84426 632979 832915 742849 113442 286489 639748 284177 206913 486166 188064 196186 91049 200929 214117 279797 502525 370277 189560 606095 677950 945511 142872 399367
643951 683491 421097 793700 171856 572842 463741 270741 325023 552663 203322 781920 434531 206787 582655 641350 999999999 678359 199128 781191 513292 678271 490376 114885 706214 164474 70590 515719 608860 166864 537542 92907 802225 740453 452938 645953 678098 687230 383372 128793 313132 491015 134973 391496 472597 755932 503748 456316 509500 891157 957287 131771 512618 443110 750515 456089 700801 134829 345527 674937 459914 94441 739314 463423 406418 751022 870025 490862 645406 582797 282276 661630 426099 781910 363076 667831 595047 773502 302046 409333 754617 358450 208902 556199 806913 677531 454079 756588 636576 829606 818056 790715 224091 351405 753495 384988 895589 424223 538407 568693
133564 610573 516949 443228 540116 170330 258566 929993 395010 301570 639720 415984 676675 481675 111572 213991 678359 999999999 853189 676736 532994 567596 377525 677074 177565 520083 717228 188246 565879 618084 222866 587804 124102 397483 1081035 608838 581641 48619 561712 806619 400057 846211 616795 975713 838755 593310 738365 320998 493070 320921 304956 786553 660820 275620 225452 857550 657732 798644 852240 330720 702777 702639 839497 218067 673535 438386 776262 904357 83511 99019 951795 850262 487079 117694 315910 798051 155258 841774 925055 652397 247061 338782 608160 482138 383701 693657 275386 396417 124369 226154 180591 484189 605336 337191 389539 753159 891563 1046338 167398 237797
800019 726193 490215 892538 370980 727961 656296 76806 470358 678856 380457 886031 433725 401277 765231 782601 199128 853189 999999999 815883 571936 733438 689497 284527 854616 334771 212938 703127 659401 249601 731053 273342 977108 845344 254180 685598 729065 855687 571528 125967 509595 415123 326316 211276 396544 811611 480702 653972 581926 1030110 1114911 198233 523154 596099 892518 366422 730753 179984 229440 791699 448518 150645 714597 645290 574278 846992 889044 385409 829284 754972 104420 618305 621631 948884 538853 645233 750685 754366 110872 581939 892744 518080 394685 631467 920931 692943 603816 862997 794619 980016 976711 879234 288843 540588 861242 340834 883835 226765 700771 764124
543191 99379 363688 284423 789805 526632 755800 869050 538625 399046 913521 306087 384383 735680 702554 462760 781191 676736 815883 999999999 271234 122517 905352 871397 515303 665719 851595 722240 175791 616085 792340 715679 734987 300042 904985 135239 114468 634258 983841 871109 763243 485044 841847 777306 494564 86869 359555 824238 286601 539788 697347 908119 294674 523013 492993 533739 85436 904861 639430 348347 375945 719289 238565 668057 1074075 260418 105274 559185 737087 627321 909825 322655 954371 664267 629278 252945 531880 214152 803791 1062767 472649 566311 894149 253023 363716 135204 508431 310468 552963 576808 624360 235079 559464 704559 316186 491654 217276 872443 561802 832233
411330 172014 92760 337688 520314 362902 531144 634112 278929 233817 642891 338749 183588 468624 518900 345477 513292 532994 571936 271234 999999999 165604 670753 600489 421857 394775 583250 514927 96020 351124 582700 444774 627601 302884 708582 138081 164809 503241 723828 610952 508208 347511 570708 581597 346762 243996 218968 591390 39939 539577 671241 642372 132420 301528 430516 377586 197998 640623 437780 281441 197611 458633 323200 450343 808802 291434 368030 418781 569317 454608 672263 317707 703026 567367 385531 270419 378143 337651 582220 798798 419102 318601 624275 72256 386913 197527 290869 321299 415660 529656 555956 314485 296260 457805 321980 294013 429054 673420 378872 625491
434520 45537 257177 229704 674183 410897 633784 792686 419081 280098 799363 242926 317615 618177 585433 355310 678271 567596 733438 122517 165604 999999999 782963 762523 416136 553099 747969 601764 74245 516725 671855 607154 636390 222121 851086 68284 15583 527606 863021 776393 641804 452394 729514 722727 457584 78595 317609 701864 171665 474959 625952 807786 234837 400635 402840 494262 92648 806194 580063 248674 318630 624025 289019 546338 954901 190941 227643 527846 623265 511423 831920 339189 832245 567666 506988 271378 418147 281328 735179 943057 384746 444493 778749 132639 300837 142588 386158 237307 443228 494747 536069 189489 461764 582335 241320 431100 325759 816900 443427 712254
449710 814731 603701 751569 318569 416379 153217 759650 402121 515273 351523 727241 729958 300437 272456 508986 490376 377525 689497 905352 670753 782963 999999999 428440 521126 396202 492960 208811 746311 531744 154966 429715 468607 695274 943166 794834 792458 417607 202818 596394 196927 867523 372033 871829 853289 837862 807766 81135 638746 694009 675597 547940 760948 382340 576636 855144 854743 565782 789957 614641 761253 560169 990084 241947 308793 728954 1010585 900104 299495 337443 765777 958401 119289 492418 285625 929281 424901 1007909 790083 286241 594192 352945 323421 657802 714885 867087 397011 702056 436595 601614 558095 778899 555656 217702 695777 754066 1095644 913789 368848 146145
665267 772430 507797 854355 136959 597462 437418 344354 373692 602359 96004 839691 541231 198182 572505 676309 114885 677074 284527 871397 600489 762523 428440 999999999 733128 213733 71666 499109 696474 270268 505952 155725 798241 798628 534749 736725 764021 693818 287811 172307 282521 605647 61187 490872 587288 838502 613081 411965 591140 922435 970647 119806 614963 475855 781977 570967 793872 137343 458284 727191 568032 209081 846242 459150 295390 814174 964395 605448 631299 587813 343207 772356 344335 788122 374647 775026 618359 878983 394506 300451 789202 390397 112065 634978 857965 775479 489276 813487 656110 851992 832627 857167 325917 339898 809636 498523 998381 509933 556794 530343
73697 461155 434894 266463 600834 135675 377815 929811 385809 196849 717719 239132 590825 536260 252671 78941 706214 177565 854616 515303 421857 416136 521126 733128 999999999 541761 758188 312994 430111 606172 370015 613413 220469 223939 1057736 467221 431202 129419 681575 833704 484067 761904 677300 941325 757991 429437 639669 450881 383474 190232 264418 828870 554276 263149 55722 783280 508645 837294 805924 168021 612055 706793 700536 303511 792465 265508 610546 828115 255763 183845 958038 727884 617078 151748 359775 668610 115347 696857 908193 773295 73561 348039 687570 358085 206632 552209 252907 220886 86108 125433 135321 309165 577783 411901 214040 685028 732408 1022027 179183 396406
479697 566346 303449 641793 130640 408442 328774 411415 163690 393362 248311 627948 372416 101073 430475 477595 164474 520083 334771 665719 394775 553099 396202 213733 541761 999999999 219940 369875 489947 135632 403974 71667 644182 586685 574800 532658 555670 525871 360824 292550 199695 482923 176429 486257 467052 627802 450410 341600 381463 727177 793565 289796 431105 278702 586424 464123 591658 296574 394103 517367 402740 185776 668835 310560 426637 601014 762325 507610 494597 422820 431794 610582 370382 620204 204516 599774 430702 697055 417276 420535 590988 194004 231419 423500 649003 579932 289911 601993 472524 665157 654350 643585 167092 210931 598404 368161 808930 541976 374850 440624
693310 753757 490867 858130 184727 623349 488146 273273 383527 612966 167520 845460 503784 236097 616585 696421 70590 717228 212938 851595 583250 747969 492960 71666 758188 219940 999999999 545843 678948 237385 559417 150181 840114 804048 463312 716358 748025 729982 359351 103530 333362 552014 120983 420299 533339 825431 571734 470058 578586 945360 1003874 70706 582791 496322 804494 514097 771348 81426 395281 736485 528578 154292 808139 499642 364128 816113 940613 546066 677524 624365 274064 728472 413928 824770 406096 736612 645085 842797 323134 370397 809861 410590 183041 624812 868323 748061 508373 819814 685120 879961 864913 856771 294622 382707 816476 449296 965488 438293 585995 586736
241019 638137 467178 546068 363268 210703 70487 779245 289579 323746 454411 521079 615706 310733 76927 301576 515719 188246 703127 722240 514927 601764 208811 499109 312994 369875 545843 999999999 576441 488428 70105 430414 302293 490843 944278 624301 613025 219444 376534 641047 217269 773986 438043 850311 762984 648584 688123 138791 478165 490801 493077 613122 625203 213490 368657 774028 681613 626859 741322 411178 645514 555540 837892 69849 488520 526318 827104 821066 132191 129164 796263 824209 306283 305696 175506 784176 217174 849608 786711 468003 385739 228207 422782 486450 506523 703134 224264 496456 227942 401462 364305 576102 490578 164355 490016 668238 923852 911053 165586 111275
435988 76413 188779 284569 614231 400772 601149 718443 366149 266429 737736 292722 245025 560859 569406 360900 608860 565879 659401 175791 96020 74245 746311 696474 430111 489947 678948 576441 999999999 445663 645933 540768 646824 264301 778718 48527 70201 529998 812230 704267 593567 387506 666132 650474 391181 152222 252197 665753 112407 515422 659652 737431 165790 367141 426261 426674 108919 735247 507373 269599 248231 551882 273724 516210 900157 241112 275105 462470 613343 499005 757704 300401 786907 581181 464229 238660 411763 277263 661200 889413 410749 398971 718495 90002 347761 128720 354126 281554 442903 522753 558058 250842 390038 538548 284178 358820 349569 744321 426467 687710
554004 519226 260684 651390 247685 482208 455750 323856 225585 429501 339209 642796 270983 235044 540677 533316 166864 618084 249601 616085 351124 516725 531744 270268 606172 135632 237385 488428 445663 999999999 530213 128749 740631 601623 462953 480964 515509 615499 484611 261187 335015 354798 261555 362144 337926 595029 343830 475182 351746 780510 867966 292084 346244 351284 643120 331506 534819 289590 259537 544242 298136 110748 575974 423467 535853 606809 703537 373793 605200 519066 353863 504062 502591 706911 314159 504767 504916 608937 307359 533438 643156 279302 332185 400167 674670 510677 357594 618836 549422 731601 730617 642721 57239 338596 616624 241129 729599 428334 458821 568923
300660 708106 531501 611962 374689 277877 75229 806014 345986 393762 449272 586513 676501 330853 118337 366504 537542 222866 731053 792340 582700 671855 154966 505952 370015 403974 559417 70105 645933 530213 999999999 458004 320704 557540 977606 693901 683081 262696 343030 658633 226191 831094 444987 889578 819311 718489 750365 104448 546454 539352 523727 623661 690194 281260 425037 828278 751432 638933 787245 478584 706776 587183 905873 132859 453964 593809 897191 875051 147499 188443 819806 889519 265414 338755 226137 851107 282268 918317 820387 432272 443512 286007 418035 555932 569002 772256 292791 562388 287471 446674 403445 643435 538368 193060 555846 722994 993711 945326 234367 43269
551055 616705 352073 708345 123103 479937 383094 349020 233957 462997 212178 695407 394912 131060 494688 549115 92907 587804 273342 715679 444774 607154 429715 155725 613413 71667 150181 430414 540768 128749 458004 999999999 711846 654017 520732 581057 608452 595367 358906 221371 239926 482422 134673 442260 465181 683475 470015 385111 436008 798775 864544 219154 463679 350369 658046 456203 638406 225229 367412 586334 423426 131393 698214 374866 407111 666668 809031 496519 558174 491451 366254 630758 384418 689930 271953 627616 502141 729294 364430 404787 662476 265561 203581 480558 718200 621262 361539 669707 543722 736711 725312 707991 178697 267297 666336 369456 846250 489337 445685 491945
216539 681257 623213 473398 661413 275401 370446 1053908 516363 393970 756701 446497 783107 604199 226418 286080 802225 124102 977108 734987 627601 636390 468607 798241 220469 644182 840114 302293 646824 740631 320704 711846 999999999 439005 1203426 685836 651373 129567 663617 930351 518592 954126 737595 1096467 947856 648696 840188 424424 587932 284190 211032 909104 758694 394094 245751 968820 728783 921539 970550 388487 807582 826518 919121 340474 774119 480558 828368 1015197 174255 222250 1075875 940863 584577 71986 439992 884172 255552 916664 1047875 752174 267795 461531 725073 569504 401281 771056 391918 432818 213556 193219 133792 520130 725838 458609 426236 865756 952238 1168567 284574 322580
269034 266819 361475 58166 682946 280141 542551 914218 424988 200477 809560 41471 486284 618892 449646 192691 740453 397483 845344 300042 302884 222121 695274 798628 223939 586685 804048 490843 264301 601623 557540 654017 439005 999999999 1006813 286075 237621 350989 822190 857666 603687 645056 752242 881263 646332 213194 511183 616971 276666 253169 404320 871669 422212 342710 194140 678968 311652 875143 737966 81070 497991 711951 509961 455271 926943 41671 389640 718443 469067 372766 949122 559287 772031 367382 462395 492745 275687 498420 872505 910827 173128 418788 783102 231008 84559 364694 326801 18449 281107 277362 324390 87351 556667 533010 19880 596611 516559 971273 326562 591551
1011662 831178 646750 1045806 624609 940773 902421 191145 687381 868454 629712 1044938 533699 651146 1001368 981274 452938 1081035 254180 904985 708582 851086 943166 534749 1057736 574800 463312 944278 778718 462953 977606 520732 1203426 1006813 999999999 790965 842636 1077539 822554 365084 760063 427809 579835 128412 414808 924116 545431 905097 730496 1219661 1321973 432868 617799 811901 1088520 375205 821386 412840 271538 967168 533653 390440 741945 882507 815445 999442 955042 362063 1065916 982016 203801 633505 875292 1167808 773683 683381 963282 784728 157568 825460 1084999 742254 646319 777920 1088467 770837 816725 1025197 1008190 1182133 1187029 1022504 481158 785099 1024853 419999 912781 35841 920593 1012477
477658 40904 229543 297377 658378 445603 649593 741608 413187 311513 780868 309496 259944 606189 615845 400889 645953 608838 685598 135239 138081 68284 794834 736725 467221 532658 716358 624301 48527 480964 693901 581057 685836 286075 790965 999999999 55261 571617 859220 736907 641201 386113 708337 662567 392069 133274 252138 714279 159564 539217 687756 773035 173174 415526 459201 429399 60957 769968 521109 302778 257314 584837 233353 564479 946031 257339 229958 461634 658543 544599 781706 273241 834855 618877 512582 207059 455670 232938 680321 935627 442379 447146 762356 138133 366807 85280 402406 302119 485158 553705 592035 257770 424459 586779 305659 371872 301071 757247 472853 735549
448724 30082 257237 244336 677938 423914 643897 787349 424640 292352 802600 258011 309743 622727 597956 369747 678098 581641 729065 114468 164809 15583 792458 764021 431202 555670 748025 613025 70201 515509 683081 608452 651373 237621 842636 55261 999999999 541972 869493 774409 648780 441005 732085 714233 446632 82897 306626 711410 174470 490381 641513 807074 225381 410286 418295 483659 77447 805096 571977 263902 309455 622020 273443 556788 960350 206106 218805 516510 636531 524311 826867 324244 839998 582791 515046 256185 431584 266005 728596 948807 400259 451866 782450 138605 316042 127073 396030 252721 457286 510314 551524 203271 460068 590261 256781 422822 312891 808625 455666 723713
94018 571275 494557 395619 557200 146061 289649 932355 390205 269665 662424 368324 654557 496408 146043 172345 687230 48619 855687 634258 503241 527606 417607 693818 129419 525871 729982 219444 529998 615499 262696 595367 129567 350989 1077539 571617 541972 999999999 595881 815977 422422 825309 634412 968868 818785 549986 713137 356438 463352 277030 278337 800033 633116 266203 176849 839413 618664 811164 841678 286680 679507 705097 803660 236528 707874 392160 732632 885854 130614 106008 955996 819022 523786 94811 324499 764737 126927 804276 922827 687213 198442 337820 631077 448672 335196 656772 263159 349278 87794 184027 145110 437302 598363 355696 342405 736218 850026 1042468 156973 281547
607899 886692 640765 880274 236946 558645 306900 631987 446088 625888 193457 858817 732272 264170 450902 652001 383372 561712 571528 983841 723828 863021 202818 287811 681575 360824 359351 376534 812230 484611 343030 358906 663617 822190 822554 859220 869493 595881 999999999 458862 222591 839300 248498 773977 822531 928716 810671 240825 699864 865461 865655 397119 784635 482100 736947 814947 920129 416847 721948 741683 762920 471736 1022481 378987 111994 850065 1086646 855412 490398 501554 628734 970200 84199 679198 363422 955241 572864 1047568 680486 91798 751489 420035 176884 730895 857528 919449 498184 832348 595522 777714 740416 899028 526203 289832 826768 725135 1151441 797587 509772 345166
772246 776206 521581 909224 284971 700933 586141 173941 450233 675011 265458 899083 501998 330395 709537 767514 128793 806619 125967 871109 610952 776393 596394 172307 833704 292550 103530 641047 704267 261187 658633 221371 930351 857666 365084 736907 774409 815977 458862 999999999 432525 517123 224500 337034 498213 854906 560974 571730 612900 1017453 1085915 72273 587685 570572 877088 472739 787842 54320 341508 795380 522448 152391 798890 590847 452043 865378 953201 497808 771716 711413 170956 709905 516522 910675 491703 727831 723231 836428 235560 461076 880491 486475 284315 661350 927141 757364 581070 874352 765033 957524 946683 902706 314706 476813 871656 427051 963362 342477 667055 687382
411428 667014 430356 661852 148702 352656 155193 583288 229388 405282 240075 641459 542166 108963 292177 443077 313132 400057 509595 763243 508208 641804 196927 282521 484067 199695 333362 217269 593567 335015 226191 239926 518592 603687 760063 641201 648780 422422 222591 432525 999999999 672855 221340 680928 658167 706457 620797 145188 481658 673417 700719 398514 582222 261443 537618 658890 702146 413292 593786 524002 573502 371288 817257 186394 323448 629901 866781 703576 349283 318054 595159 775752 195313 514717 141805 752842 370043 839167 604244 308095 549394 197735 208669 510251 644634 705429 277497 614796 400304 593225 565790 678415 359281 72821 609498 558808 937245 729055 305561 255636
739389 423486 330941 671345 602442 679353 762907 440962 485238 566241 687052 677382 171481 583912 803351 683440 491015 846211 415123 485044 347511 452394 867523 605647 761904 482923 552014 773986 387506 354798 831094 482422 954126 645056 427809 386113 441005 825309 839300 517123 672855 999999999 610616 304569 18917 517322 135323 800614 382192 886964 1017244 579312 223176 577762 775840 53832 404875 567047 189580 628942 150526 398277 316815 704137 887813 626806 527862 75523 863132 754891 483170 211060 853256 900319 605438 255706 698615 359262 358935 886691 765564 546026 683838 418930 729611 349847 574249 663149 740968 874982 897179 638205 315982 655895 664710 114765 488941 397981 680068 873568
608457 742498 478829 808736 77311 541678 376238 391686 328067 553940 77683 792964 529578 141041 511674 622742 134973 616795 326316 841847 570708 729514 372033 61187 677300 176429 120983 438043 666132 261555 444987 134673 737595 752242 579835 708337 732085 634412 248498 224500 221340 610616 999999999 525664 592816 804021 604448 351935 557889 867113 911760 179314 597563 423108 727075 580342 766874 195727 477569 678891 558000 225600 832742 399085 277546 769790 937644 617908 570224 528459 394684 765088 295456 728502 317766 762228 562174 863487 433561 278032 735079 338578 74914 599605 808657 752660 437109 766529 598970 794872 774133 814061 313259 279639 762400 499590 979339 553081 499861 469922
898732 702804 522807 919161 557136 828884 814534 184982 580712 749276 586644 918935 405452 572803 902432 863892 391496 975713 211276 777306 581597 722727 871829 490872 941325 486257 420299 850311 650474 362144 889578 442260 1096467 881263 128412 662567 714233 968868 773977 337034 680928 304569 525664 999999999 290317 795707 417864 825628 604637 1098576 1205725 409283 489396 702686 969708 251065 693444 390664 143850 844078 405259 311801 620986 785607 783971 872835 829545 244369 966880 876956 219643 513704 816879 1057143 676302 560032 851115 663582 102526 790689 965161 638361 597707 651529 963516 643519 706147 899683 896093 1064757 1072551 895028 370630 696648 899537 291681 792807 95138 812127 926823
733766 430134 325181 674091 585611 672739 750550 423270 473777 561798 669113 679385 167230 568103 793784 679330 472597 838755 396544 494564 346762 457584 853289 587288 757991 467052 533339 762984 391181 337926 819311 465181 947856 646332 414808 392069 446632 818785 822531 498213 658167 18917 592816 290317 999999999 524100 140009 787101 380369 886297 1014731 560412 225794 568854 773233 39635 413353 548132 171829 627865 149153 379700 332338 693159 870126 629197 540256 72141 854038 746629 465528 227661 837435 894991 593396 269781 692307 374584 341858 869186 763450 534836 666198 418638 730878 359421 565804 664521 735025 872280 893311 642022 300368 642579 665891 99376 504559 384339 672187 861635
459991 93982 335012 200296 746701 447859 686403 870210 488413 325022 872698 220647 392029 689178 624305 379453 755932 593310 811611 86869 243996 78595 837862 838502 429437 627802 825431 648584 152222 595029 718489 683475 648696 213194 924116 133274 82897 549986 928716 854906 706457 517322 804021 795707 524100 999999999 384518 756803 247473 455428 612125 885775 306335 456951 406197 561870 120476 884392 653919 263409 390506 702553 311025 597805 1023296 173820 183056 592779 656020 548193 909670 381034 893881 577796 568632 310761 451517 292664 811379 1010673 385796 508741 851244 204488 278831 180450 441679 223880 470201 490137 537491 152069 540240 644092 229505 504682 303887 890302 485574 757344
623798 290540 223834 536247 579327 568699 687539 523310 408722 447281 682095 542759 78823 547075 707633 562302 503748 738365 480702 359555 218968 317609 807766 613081 639669 450410 571734 688123 252197 343830 750365 470015 840188 511183 545431 252138 306626 713137 810671 560974 620797 135323 604448 417864 140009 384518 999999999 734760 256315 755801 890085 613166 89120 480957 649484 177354 276339 604694 282270 499169 47771 420367 238061 619017 874366 491923 415709 210488 764061 651993 565318 160852 811401 782699 530222 166860 586352 275593 450895 869764 637902 465552 672738 288438 595668 225738 474723 529147 626742 748618 774299 502885 291347 590602 530928 140492 403795 512998 575849 793562
378139 733810 526660 673709 287023 339666 74767 726999 326792 434635 348745 649815 657670 254134 210692 433092 456316 320998 653972 824238 591390 701864 81135 411965 450881 341600 470058 138791 665753 475182 104448 385111 424424 616971 905097 714279 711410 356438 240825 571730 145188 800614 351935 825628 787101 756803 734760 999999999 558796 629523 624856 531225 684762 301231 506601 791292 774054 547551 734715 536099 688826 516460 911861 162119 352552 649914 929476 837026 250417 267425 737305 883083 167618 438398 207627 852028 349740 928873 749418 331411 523079 274879 317981 577036 639783 787212 315877 624329 365217 539579 500307 699846 493373 145008 618154 688407 1015213 874202 291399 119252
371575 187800 92101 316118 503571 323013 496825 646817 253776 194036 628135 314442 214628 449093 480173 306570 509500 493070 581926 286601 39939 171665 638746 591140 383474 381463 578586 478165 112407 351746 546454 436008 587932 276666 730496 159564 174470 463352 699864 612900 481658 382192 557889 604637 380369 247473 256315 558796 999999999 506669 635191 640109 171256 265233 393968 409640 220520 639609 461300 247926 231692 461361 359817 414582 787954 269771 387382 452048 529947 415157 683842 357493 675528 528111 354640 309083 338205 372156 599287 777079 383376 288482 608047 49546 359505 228420 253901 295100 375804 493155 517987 297947 299308 428166 295115 321339 457734 695043 339591 589047
261999 519194 577770 255398 790829 325510 558999 1103877 567320 352702 907921 235281 721296 726104 421592 249939 891157 320921 1030110 539788 539577 474959 694009 922435 190232 727177 945360 490801 515422 780510 539352 798775 284190 253169 1219661 539217 490381 277030 865461 1017453 673417 886964 867113 1098576 886297 455428 755801 629523 506669 999999999 159304 1015916 666820 449041 140867 916284 562911 1023611 958436 258755 737165 885123 761169 490532 977070 285440 614974 958244 404124 363907 1134309 812376 797082 222968 549850 745898 305566 746995 1075196 957244 137496 534798 877717 468058 176709 617359 437288 237660 273201 95933 152135 304775 746260 601584 233715 825898 749535 1183820 369322 558245
315103 670962 695472 413112 834461 387156 563480 1190722 644571 458781 940750 391484 847731 772659 416527 342140 957287 304956 1114911 697347 671241 625952 675597 970647 264418 793565 1003874 493077 659652 867966 523727 864544 211032 404320 1321973 687756 641513 278337 865655 1085915 700719 1017244 911760 1205725 1014731 612125 890085 624856 635191 159304 999999999 1074343 802183 519100 241505 1041985 715966 1084568 1069871 392372 866723 965699 914278 514836 977190 439809 774174 1085833 376514 383690 1217535 959479 789139 187385 597933 894771 364478 902083 1171745 955735 252191 600380 909386 602179 333638 768471 511098 390510 321321 142679 139232 462827 841547 633811 385753 946128 908425 1286290 418881 530506
764002 811283 550766 925201 250145 694054 553698 242340 453061 682105 204585 913122 549532 304925 684818 766837 131771 786553 198233 908119 642372 807786 547940 119806 828870 289796 70706 613122 737431 292084 623661 219154 909104 871669 432868 773035 807074 800033 397119 72273 398514 579312 179314 409283 560412 885775 613166 531225 640109 1015916 1074343 999999999 632152 566878 875054 537049 826462 20087 409067 805169 572247 193655 851064 568692 382609 882677 994339 564433 745115 694299 233082 766115 460111 894790 476464 779622 715790 887297 307656 392721 880278 481192 227514 687229 937101 799966 578822 887661 755785 950664 935433 922484 348692 450943 884462 483710 1012347 411923 656631 649202
542181 213540 159031 448371 561736 490514 631731 574528 358860 364753 674129 454211 89825 521019 637979 477757 512618 660820 523154 294674 132420 234837 760948 614963 554276 431105 582791 625203 165790 346244 690194 463679 758694 422212 617799 173174 225381 633116 784635 587685 582222 223176 597563 489396 225794 306335 89120 684762 171256 666820 802183 632152 999999999 413560 562114 260896 209247 626310 348129 410661 84174 439036 238110 557507 857560 403668 366767 297483 691820 578138 615483 199409 776512 699354 477403 170933 507002 266226 509572 850710 550013 410637 660882 200055 506730 170357 405465 440224 545927 661125 688307 416469 289474 543450 441932 198991 383488 584079 501842 733442
204015 433169 257502 400837 349121 131947 234210 672188 125971 143903 472842 381173 412329 283853 226894 200654 443110 275620 596099 523013 301528 400635 382340 475855 263149 278702 496322 213490 367141 351284 281260 350369 394094 342710 811901 415526 410286 266203 482100 570572 261443 577762 423108 702686 568854 456951 480957 301231 265233 449041 519100 566878 413560 999999999 308177 585160 474464 574738 576875 263889 440746 446610 624644 149521 584891 368471 628246 632232 285406 179233 698462 611865 439111 355978 119772 570729 154646 637270 658021 569348 313924 85874 444811 277494 389022 491921 16086 354438 198564 387185 380631 417113 332162 192331 349385 479882 716491 776704 109524 323974
129111 448362 454790 228199 651085 186316 433515 966927 427226 220435 769565 201095 606227 586165 307289 110083 750515 225452 892518 492993 430516 402840 576636 781977 55722 586424 804494 368657 426261 643120 425037 658046 245751 194140 1088520 459201 418295 176849 736947 877088 537618 775840 727075 969708 773233 406197 649484 506601 393968 140867 241505 875054 562114 308177 999999999 800551 495295 882797 831841 156756 625335 746341 691007 358515 847692 235424 583755 844332 306387 239494 996473 726502 672772 173829 410465 664380 167647 683982 941406 828631 22552 393933 739690 362595 160335 542911 296513 187145 141712 99188 133230 274409 611284 465165 180615 705342 710049 1052710 232094 450486
756170 467889 348677 708319 578205 693422 758099 388918 484470 586555 655624 712811 195035 565039 808164 704410 456089 857550 366422 533739 377586 494262 855144 570967 783280 464123 514097 774028 426674 331506 828278 456203 968820 678968 375205 429399 483659 839413 814947 472739 658890 53832 580342 251065 39635 561870 177354 791292 409640 916284 1041985 537049 260896 585160 800551 999999999 452136 523862 138279 657561 181017 362072 370629 704391 857869 663092 579880 47176 869385 763912 430993 264770 833764 917722 602153 308974 713528 413046 305945 857935 791511 545971 654503 449783 763424 398660 583100 697250 756849 899356 918526 677338 299610 647642 698396 105929 542769 344867 690391 870146
