NAME : synthetic_000943
TYPE : CTSP-D
DIMENSION : 100
GROUPS : 8
RELAXATION_LEVEL : 1
EDGE_WEIGHT_TYPE : EXPLICIT
EDGE_WEIGHT_FORMAT : FULL_MATRIX
EDGE_WEIGHT_SECTION
999999999 648516 955952 1066240 882177 1008292 819271 762720 241741 360915 736967 636953 695136 402771 689298 714785 418185 761668 934760 431191 964102 568321 152636 563515 548940 949685 691630 853161 1087056 573880 916108 1207413 538339 561512 693621 955285 950128 837586 970527 107099 475832 882101 1016431 802782 451743 302450 771112 498034 40125 935585 321286 467876 696398 863557 204858 182936 257103 711698 1028780 502009 862098 627690 818859 749456 614455 661619 948330 582879 312399 1227875 1033511 182659 415159 929401 648968 1040343 480536 596139 810114 1077422 437385 651321 294584 369593 206470 303696 908160 148032 958472 648118 122078 717041 905952 956340 954944 1119496 317670 742806 964064 766203
648516 999999999 792091 544040 725154 663368 638723 288920 706753 487188 411859 25240 795680 305142 163354 638960 288837 140423 392050 221505 464395 311099 661647 87713 194356 314990 170080 323475 516616 101207 819248 680473 479375 533491 655665 367653 813266 262822 327642 754887 369026 349639 380892 606406 537037 412209 134278 553460 686185 761128 510290 180670 677491 221946 641667 467433 425314 575227 698901 650390 496571 110307 294172 563271 84223 21246 430380 163067 469778 675929 527003 508377 250128 771109 454746 446889 180937 500916 684314 469660 689054 559721 354041 602194 641397 582099 774706 568339 865160 424182 566435 252692 782327 308644 858259 519331 331552 699130 773672 151847
955952 792091 999999999 551418 76490 260231 159220 1080369 781428 599687 381012 768542 357926 666412 635768 241238 935448 900403 575542 828270 502726 514781 832105 765352 633504 782605 629365 565260 652075 721550 91845 608602 431648 397002 266090 660622 38326 1026463 827435 1009964 539887 563665 808437 189279 504217 974758 874108 457984 989286 31152 636116 786278 269656 788148 772845 885409 749548 256606 238707 477320 334144 894524 567888 240849 713420 777172 533365 926011 654410 668425 517709 787925 726415 26647 363532 690635 845825 374921 146156 738922 568611 310130 829964 596981 771209 657191 54067 808288 106787 386246 982178 1044629 63244 862205 100149 734221 803151 223795 37281 714078
1066240 544040 551418 999999999 531325 296492 484239 766588 1007573 750159 361349 533790 796635 664896 408908 589403 815143 569599 152037 719241 102857 501609 1008805 584267 528506 326846 403878 227597 104959 548470 630718 142981 603841 624672 627909 199212 588635 662647 363089 1158991 603183 198549 315917 463174 716484 919007 536860 693689 1106295 526917 792136 665752 650453 389888 962758 914524 809161 523819 327606 780609 271284 648315 261780 472772 512548 522796 120767 706410 776502 165144 39407 887058 671644 547781 483167 170217 700243 567777 550722 206684 866977 567037 809895 828552 961639 854439 574457 937190 657672 464601 1026387 751612 587540 410043 650744 187530 779318 633984 515662 395497
882177 725154 76490 531325 999999999 257321 86772 1013987 713340 524614 317260 701187 314222 590321 571872 168979 860438 837794 536039 753640 470457 441300 760894 694709 561480 736475 565629 516585 627513 651300 104884 605254 355361 321866 197875 619960 88385 964916 781326 938496 463593 518296 767224 118779 430576 898406 812553 384777 916006 53474 561668 712458 205336 734770 701877 809140 673298 180123 246005 411039 289868 825704 515508 166929 645083 711013 497394 855222 578934 662011 495091 712711 651039 50447 288908 657945 772371 298485 72664 707595 504226 234159 753554 526489 700257 585222 51076 734308 144522 312890 906424 977104 61630 813572 137236 708010 726828 162375 83191 655061
1008292 663368 260231 296492 257321 999999999 242915 936960 885802 652352 288340 643866 560219 644436 500289 370683 874391 742437 353301 766336 268462 466029 913056 664807 555488 568284 493587 370889 400144 620773 346072 349792 476640 471104 409749 436835 298384 859325 611673 1083491 537664 358714 581126 237924 582599 946361 712058 545173 1046186 239464 694828 715865 427121 596233 857926 894228 765782 327805 37335 606490 170790 773275 386588 277074 599000 644492 305293 818444 696307 408620 266325 826822 683094 261238 359467 449432 767741 422631 299713 494504 701204 387618 811356 694192 856481 739692 291896 863560 366962 361420 1002771 909250 305210 652494 360377 483039 780971 396119 223315 548400
819271 638723 159220 484239 86772 242915 999999999 927612 666151 458743 232908 614673 320545 509281 486588 129231 776457 752778 469384 669122 411987 355618 705836 607990 475046 662451 480427 441914 574260 564544 183947 574722 283745 258607 167496 551357 175157 880276 707122 881955 383962 446480 697135 32622 371393 818614 728038 327984 854523 130416 498044 627079 184217 655277 647826 735412 600061 107599 244511 372551 224357 738962 437808 81747 558413 624789 434704 768534 510819 627225 446116 645158 567784 135203 204549 596374 686706 225574 66890 646863 467716 168499 674435 475394 646260 529411 136033 671307 227840 227080 835791 890505 144248 737284 220738 652215 646958 155162 152651 572143
762720 288920 1080369 766588 1013987 936960 927612 999999999 893824 721863 699545 313226 1069625 536995 446232 924484 345406 198549 623390 372856 708061 593569 827421 335854 470855 458711 452830 574017 708461 373339 1108065 886336 753224 808235 938798 568815 1102031 128840 440886 866807 633345 594098 504979 895266 792245 464583 230986 816766 792767 1049339 733465 373311 959743 378230 825760 587746 609755 862629 973560 907319 775739 197981 552434 852076 370813 303200 669721 201448 688685 864729 759986 678151 464025 1059689 741725 626934 322640 781649 972913 628146 929098 843530 497875 834738 826004 798727 1063609 733927 1154052 711754 651017 48254 1071247 396649 1147160 679963 491568 984107 1061095 390006
241741 706753 781428 1007573 713340 885802 666151 893824 999999999 258879 650363 688138 477858 406079 690371 545362 558888 840163 898411 524190 905463 515414 90998 619715 550527 967652 690385 821646 1050882 612225 726708 1140812 414171 414839 515857 939427 768538 940724 997628 245081 410438 847677 1031513 657462 303668 479205 840319 341135 256363 766120 219013 539222 512093 894884 68065 329054 287232 563329 899098 304689 765570 723330 790690 610401 647422 713389 899329 695578 246869 1172716 970701 216293 457259 755839 538068 1020935 576452 464193 641042 1064991 219820 501359 396714 191855 67835 153143 729610 165397 764609 548873 341709 845699 724846 995018 762220 1099253 402584 558585 796491 786947
360915 487188 599687 750159 524614 652352 458743 721863 258879 999999999 396882 465133 396406 186473 441264 360354 433917 626918 639602 356573 647708 257012 263629 405928 308412 718689 440438 563290 792003 386679 568793 885211 177775 202752 344873 682365 597229 741433 751515 431139 152142 589035 780805 441867 103417 416598 620684 149117 397024 577719 43066 348555 352559 652481 213304 296242 165573 351148 670790 201734 517018 531167 532826 388675 415801 489116 640680 521405 57274 915255 713794 188288 257839 573041 293926 763050 401932 235297 453553 807826 207249 291552 279014 115219 212101 107656 554299 213367 613734 298778 384176 674356 553478 753744 609355 841063 263965 396727 605431 542778
736967 411859 381012 361349 317260 288340 232908 699545 650363 396882 999999999 388788 476179 357694 254958 275571 589785 520567 283072 481084 262438 178428 659912 393158 271759 445830 248629 230684 421837 348589 416787 490721 242496 266054 307019 353065 404234 647678 489370 820765 261155 244528 489697 200331 355275 658047 495344 332898 776104 349926 439782 432238 331429 427033 610032 610174 486202 202444 317537 423178 125999 516481 217256 168842 335426 396429 266299 552689 431101 525589 323127 554320 394846 361039 123697 416880 487157 209216 288143 467164 506725 224042 523580 467879 608791 497550 367939 597631 460585 103265 720356 664551 376886 514604 453432 486725 493040 333524 361813 339610
636953 25240 768542 533790 701187 643866 614673 313226 688138 465133 388788 999999999 770552 284665 143649 613850 290059 164111 381801 214534 451296 285861 645169 73441 169579 319281 150328 310507 511005 78456 794839 671778 454345 508398 630451 362680 789367 287700 335153 742869 344756 337535 385815 582415 513120 409801 155552 528959 675072 737622 489201 169809 652261 228396 623593 457112 408783 550319 679118 626201 476127 129661 279940 538850 58988 25405 418326 177466 449309 669506 515246 492542 232987 747373 429754 443693 178454 475679 659753 468934 666024 534518 343198 579948 623277 561308 750607 552445 840849 399281 558428 276092 758123 319426 833968 517725 319335 673991 750526 147346
695136 795680 357926 796635 314222 560219 320545 1069625 477858 396406 476179 770552 999999999 549357 681138 207940 822376 931113 754829 732140 713950 486340 549754 734140 602290 918496 676749 706820 878953 699564 278776 894596 316958 262324 171154 828761 331861 1057787 960822 721941 437160 720098 965339 335655 297438 812910 914384 260499 720651 355872 414144 709284 147371 886273 492112 685649 561149 278069 555596 200067 526647 871673 691344 325533 712017 788984 729341 879280 451432 945665 757577 562877 624271 337971 367491 887872 769176 298800 260525 938716 259926 255007 674479 330533 490445 397651 304501 559471 305600 399061 756912 1025106 294703 981129 305246 952118 656972 165409 385925 784506
402771 305142 666412 664896 590321 644436 509281 536995 406079 186473 357694 284665 549357 999999999 293262 450510 278817 443292 532024 182819 563454 179384 373047 221096 150377 566310 294581 450505 684556 207216 659905 806896 250332 301891 450499 555821 674337 555426 593883 500151 127784 479368 631629 483159 258335 309912 439407 289212 442895 639143 205533 164490 466223 489772 343788 254460 146723 411319 671222 372601 482809 344800 416339 428231 241384 309528 546132 337992 164673 825511 633253 229839 75366 640760 306905 640432 221669 298569 528112 679761 393227 367368 168154 301304 343289 276985 631010 286471 707342 291889 366099 489898 633982 589346 701656 719755 138907 502188 661784 383279
689298 163354 635768 408908 571872 500289 486588 446232 690371 441264 254958 143649 681138 293262 999999999 504365 407069 266279 260482 310566 318207 203992 665375 177522 142888 277733 6727 181315 405237 139635 669693 550761 376763 426000 526827 266534 659139 394226 310432 790333 295505 210549 341142 453978 460443 510941 242644 464037 729127 604644 474968 257241 550186 215143 632051 521906 438290 435564 535667 564915 333239 272994 147358 415636 105834 145298 289178 319889 443504 557227 385516 522598 276227 615996 319888 351695 292410 382548 537396 388181 622379 431594 411295 548954 631368 547164 622306 579724 714389 287776 631573 413587 630836 316059 707311 430571 382027 565014 615355 106246
714785 638960 241238 589403 168979 370683 129231 924484 545362 360354 275571 613850 207940 450510 504365 999999999 728104 766169 548876 625522 506025 331431 591926 591870 455252 721354 499106 505230 671019 551718 211807 691741 202224 159309 39659 624886 236876 894651 764748 769572 323167 516431 764639 134355 263124 751135 745458 216765 748049 222348 395580 590768 61053 697894 532898 651061 515519 73143 373696 245946 318862 728771 492811 117608 555070 628574 521937 748357 416111 740831 550227 548548 518327 214757 185264 681291 652020 152451 96315 732186 340691 84060 605862 357582 531278 416387 194048 567236 258565 217003 744250 883370 193174 788696 253366 744504 581345 60671 252063 602279
418185 288837 935448 815143 860438 874391 776457 345406 558888 433917 589785 290059 822376 278817 407069 728104 999999999 364745 664643 108870 725102 423548 486383 231011 318945 602428 412523 587813 799980 267732 935630 955906 529074 580611 729233 652317 946500 422614 610876 523401 405028 616619 667392 747926 525707 131365 382139 562286 449656 906842 431820 158657 745032 508055 491334 242651 288357 684406 905847 634759 704161 226124 554313 694712 302597 308350 696080 170951 387202 957375 792574 343101 210231 910571 571934 733747 114907 575695 801845 758267 632346 644410 165790 535048 491802 486214 903654 395021 983198 550758 311070 299107 907578 585015 977288 807527 171594 780759 927111 437405
761668 140423 900403 569599 837794 742437 752778 198549 840163 626918 520567 164111 931113 443292 266279 766169 364745 999999999 425010 331171 509518 444825 789797 222371 333099 274711 272374 376322 516922 241627 935972 693014 616225 669666 785676 373421 924725 128538 267471 868764 508791 395762 330511 720159 677227 495959 32739 692703 797464 869251 648817 303027 808229 185756 773973 578733 555045 699349 779346 790255 585129 138645 356250 681643 220474 142933 471179 197215 607423 675546 561875 635670 383231 881273 580907 437223 281135 633980 803427 444956 829418 689619 469396 742049 773814 720074 888360 695385 980607 549317 667984 182625 897014 231504 973515 497112 451432 826771 878549 194038
934760 392050 575542 152037 536039 353301 469384 623390 898411 639602 283072 381801 754829 532024 260482 548876 664643 425010 999999999 570874 88935 383325 890021 433633 388630 215004 255948 81867 153508 399246 640711 291264 514214 545765 583846 85289 609161 527053 258439 1031313 488145 52659 232971 441442 622465 771404 392437 607654 974880 546744 679745 517665 607960 254142 848195 775756 678396 476977 390089 702522 246469 496943 116659 432792 362240 370810 49457 554575 658459 297388 137511 759380 530511 565000 404904 133830 549761 489760 535094 184319 781183 506405 668045 729745 847221 746622 584962 812554 675993 379424 886907 605340 596964 299485 668697 205613 637963 602245 543996 244442
431191 221505 828270 719241 753640 766336 669122 372856 524190 356573 481084 214534 732140 182819 310566 625522 108870 331171 570874 999999999 626057 315141 464576 144296 210927 533802 315420 491757 712039 171929 831025 861308 429538 482624 628962 567105 840202 418624 548828 538203 304073 521084 600347 640218 439304 200852 339928 471850 467756 799408 363270 53612 645916 442496 456351 248506 237783 579007 797501 552175 596415 201875 457463 587424 210898 237344 599035 172111 318090 866778 694600 311348 108690 803617 464799 650726 52520 473180 696412 679728 562142 541517 138319 466023 456458 426477 797591 369793 878611 442827 344944 324625 801893 529836 872564 727021 123093 679755 819233 357440
964102 464395 502726 102857 470457 268462 411987 708061 905463 647708 262438 451296 713950 563454 318207 506025 725102 509518 88935 626057 999999999 398789 905980 495572 429908 302030 312625 140930 165024 457385 573808 243464 504317 527868 543322 169011 537924 614721 344515 1056367 500362 115719 312773 387137 616413 824379 477205 595327 1004127 475248 689569 572445 566684 342556 860124 814356 707099 437201 304634 684656 188922 572262 171955 388419 423689 443377 39563 627426 673660 267623 69980 784537 573015 494653 385623 188075 610579 470903 478815 237212 769154 475595 711258 727800 859014 752368 517428 834425 606037 365254 926352 687976 529968 386992 598836 240364 680499 554883 469429 322946
568321 311099 514781 501609 441300 466029 355618 593569 515414 257012 178428 285861 486340 179384 203992 331431 423548 444825 383325 315141 398789 999999999 508345 260564 123968 472771 201088 306298 536343 220390 525071 640898 174132 225800 345405 425937 528940 571907 509393 658099 104980 332296 531714 325887 258453 481739 428262 260047 608089 485408 296527 271546 366783 418638 465029 432848 313110 273509 493846 360939 303440 397361 275934 274381 226916 303129 387597 418504 276026 665648 467245 387005 219994 490715 153692 506085 331108 189829 388892 551219 421270 249962 345346 354714 464033 364536 487200 435717 572349 128539 543758 552013 492641 518947 565902 584053 314944 390668 504438 310238
152636 661647 832105 1008805 760894 913056 705836 827421 90998 263629 659912 645169 549754 373047 665375 591926 486383 789797 890021 464576 905980 508345 999999999 573934 522763 939320 666256 810677 1043490 572441 784519 1145955 436418 448154 566377 923456 822620 883197 966212 177942 405622 838093 1004672 693393 334737 396794 793032 378019 172041 814272 220564 486770 565974 861167 59514 248562 236403 599753 929608 363352 780646 666243 778100 642936 610153 670573 895940 632923 232410 1173432 973364 154146 412204 805923 556649 1006894 517067 491266 688234 1048576 290012 537767 330331 235409 61180 176436 782007 94803 824839 562404 251133 779694 778485 959466 821861 1086002 341484 612796 843890 755964
563515 87713 765352 584267 694709 664807 607990 335854 619715 405928 393158 73441 734140 221096 177522 591870 231011 222371 433633 144296 495572 260564 573934 999999999 136625 390782 183346 357184 570583 44601 783276 724895 417467 472446 604273 424254 783052 336105 408110 669439 299364 385813 457532 576573 463376 343360 220607 484094 601659 734950 426613 96850 624761 301187 554335 383879 337609 533309 698573 578039 494362 138004 324063 528891 71915 98304 465605 160663 385053 727030 562340 420704 162650 742715 412501 507280 116143 446483 647088 535531 610486 509706 269894 521145 554088 497716 742571 480663 830188 384326 486117 292594 748984 392862 823556 583096 245896 650759 750576 213150
548940 194356 633504 528506 561480 555488 475046 470855 550527 308412 271759 169579 602290 150377 142888 455252 318945 333099 388630 210927 429908 123968 522763 136625 999999999 417633 144254 306775 539290 97731 647927 671460 285492 339967 468105 406672 649613 457178 447121 648693 176300 336220 482344 444243 345584 399426 321057 359605 588941 603511 338548 160678 488901 345357 490747 387204 295872 397121 586925 457552 385488 273862 271989 394875 112937 190287 408004 295012 304101 685130 499763 379896 143175 610187 276610 491598 215796 310806 511679 529948 502073 373240 281454 420700 490124 411357 608517 436846 695032 249322 498617 428606 614489 446284 688487 570845 250817 514225 620693 236563
949685 314990 782605 326846 736475 568284 662451 458711 967652 718689 445830 319281 918496 566310 277733 721354 602428 274711 215004 533802 302030 472771 939320 390782 417633 999999999 278288 220537 252622 375827 841223 431497 636977 680206 751816 133837 814464 343416 44876 1053939 570895 218954 66853 631955 731101 727196 244306 728789 988664 752848 752701 487511 776210 94988 908379 773133 707419 648254 605093 829205 448676 390720 228584 612077 335247 297171 263597 453789 720827 406254 331854 792441 535684 769843 551992 169930 495849 629414 725199 170552 893992 663547 659134 824791 907753 824857 786771 851015 879455 521323 876859 453517 798068 85162 872118 222711 633182 779231 752820 184164
691630 170080 629365 403878 565629 493587 480427 452830 690385 440438 248629 150328 676749 294581 6727 499106 412523 272374 255948 315420 312625 201088 666256 183346 144254 278288 999999999 176339 401523 144914 663616 545898 373351 422231 521845 263832 652840 400204 311675 792355 293904 205679 341219 447812 458139 515617 248466 461104 731500 598236 474532 262012 545264 217628 632425 525002 439990 430092 528953 562014 326512 279702 142173 409747 111809 152017 283957 326458 443548 552929 380145 524140 279187 609655 314824 348981 297955 378288 531486 386066 620275 426741 414752 547565 631726 546592 616098 581043 708244 282683 634899 420270 624671 318289 701159 427981 385336 559740 608856 109421
853161 323475 565260 227597 516585 370889 441914 574017 821646 563290 230684 310507 706820 450505 181315 505230 587813 376322 81867 491757 140930 306298 810677 357184 306775 220537 176339 999999999 234167 320879 621177 369591 447315 483251 537572 125193 596021 489155 265234 950133 411265 29625 259421 411476 552392 691815 344799 541078 893274 535039 602671 438324 561968 227017 770002 693928 597010 432158 408196 638384 231461 431611 34912 393321 285326 302476 108491 486497 579804 378811 205429 678382 448803 551323 346087 200410 472955 428743 504846 247379 713202 453607 586486 657061 769070 670737 567114 732045 660116 317891 805136 551250 578213 297253 652778 277811 556324 561825 536959 184902
1087056 516616 652075 104959 627513 400144 574260 708461 1050882 792003 421837 511005 878953 684556 405237 671019 799980 516922 153508 712039 165024 536343 1043490 570583 539290 252622 401523 234167 999999999 540340 728828 178876 660354 687811 708345 149127 688793 595904 281786 1184299 640973 205798 226614 550619 770615 912825 484666 752916 1127157 626582 832495 659717 731703 331436 1001355 925524 831131 602168 432017 844975 353202 613116 268223 553419 501213 495720 155691 674243 811809 160129 134529 912529 679691 647032 545518 82815 686011 631037 641143 105656 926957 639451 816176 879646 1000366 898687 672371 965960 757706 522747 1036038 699185 685278 329880 750675 82904 786553 719395 616884 364790
573880 101207 721550 548470 651300 620773 564544 373339 612225 386679 348589 78456 699564 207216 139635 551718 267732 241627 399246 171929 457385 220390 572441 44601 97731 375827 144914 320879 540340 999999999 740791 690081 382621 437296 565462 396415 739673 362377 397548 678430 268853 349995 442609 532981 436160 372769 234006 453705 612837 691074 411062 119388 586436 290955 548464 398128 336716 491745 654378 549862 450208 177116 286991 485875 41007 102674 428810 204722 371631 694854 525059 421364 161548 699084 370750 480672 153521 408451 604711 511915 587880 470289 284530 501497 548084 483329 699433 480947 787559 341982 504238 331653 706033 387436 780878 557906 257682 611057 706431 192987
916108 819248 91845 630718 104884 346072 183947 1108065 726708 568793 416787 794839 278776 659905 669693 211807 935630 935972 640711 831025 573808 525071 784519 783276 647927 841223 663616 621177 728828 740791 999999999 695790 413723 370512 224104 724760 56761 1063726 886063 962168 532132 623153 872079 216468 468192 962705 911605 421304 947390 106705 601580 793074 219712 838110 725007 861952 726709 252508 327588 422667 394693 916899 619420 255989 737637 806073 601555 942913 625360 754573 595427 756029 725401 84858 371452 761636 853873 361499 136248 811019 509043 292862 817388 549629 723340 613253 56484 770145 47587 398951 952877 1069795 43859 917981 41757 809987 792497 173412 127998 756087
1207413 680473 608602 142981 605254 349792 574722 886336 1140812 885211 490721 671778 894596 806896 550761 691741 955906 693014 291264 861308 243464 640898 1145955 724895 671460 431497 545898 369591 178876 690081 695790 999999999 731687 747205 731237 320235 646919 774747 459727 1298965 740769 340224 402091 559295 844859 1061392 660498 818605 1247413 589113 927656 807905 752192 508417 1098412 1057236 950476 632136 370263 900386 384815 781924 404086 579318 653453 659263 263706 841512 914148 63729 173905 1027433 814609 610934 608509 261627 841020 690989 638410 274956 989869 681539 952866 958121 1097239 987799 641653 1076548 714762 593307 1169149 875608 654970 507820 708423 231799 922276 729345 571372 529752
538339 479375 431648 603841 355361 476640 283745 753224 414171 177775 242496 454345 316958 250332 376763 202224 529074 616225 514214 429538 504317 174132 436418 417467 285492 636977 373351 447315 660354 382621 413723 731687 999999999 55056 200169 572215 434033 741966 675916 607876 125671 468444 692140 264966 113176 548988 601105 93766 574742 407393 219274 399739 216398 589789 381695 453780 317941 176905 493810 192529 351907 555246 422800 211149 396180 473523 504894 565744 227523 767998 565593 361780 321066 405162 124193 645597 460795 58243 287340 694087 266993 122196 403683 226760 380281 264242 390479 391087 460701 139242 552269 709192 391700 688967 455390 719818 379154 251943 433624 482771
561512 533491 397002 624672 321866 471104 258607 808235 414839 202752 266054 508398 262324 301891 426000 159309 580611 669666 545765 482624 527868 225800 448154 472446 339967 680206 422231 483251 687811 437296 370512 747205 55056 999999999 150688 608437 395580 795854 720198 623575 179657 502439 733348 245250 113464 594692 653889 74240 596276 375009 240322 454037 164642 637120 390846 491760 356280 151710 484413 157173 363036 610262 461064 195883 450011 527184 532174 620674 257543 787038 585751 390931 373970 370355 142377 678692 514967 56969 250925 728070 242774 90113 449844 223102 389318 272065 352372 413481 416720 166364 585611 764243 352194 735289 411813 750967 426700 203264 402925 531444
693621 655665 266090 627909 197875 409749 167496 938798 515857 344873 307019 630451 171154 450499 526827 39659 729233 785676 583846 628962 543322 345405 566377 604273 468105 751816 521845 537572 708345 565462 224104 731237 200169 150688 999999999 658540 256795 913892 794798 744307 324941 549913 796716 173962 244135 745299 766118 197242 725816 250326 377523 596912 24415 724905 507021 639140 504524 106929 411936 213217 356984 741940 523647 155300 571478 646326 558223 758448 401634 780067 588669 531925 520780 240202 207117 716768 658193 158379 126472 767624 306927 96087 600522 331061 505378 392333 215655 546932 268875 239304 728833 896687 212586 817326 264487 781052 577326 52665 280847 626921
955285 367653 660622 199212 619960 436835 551357 568815 939427 682365 353065 362680 828761 555821 266534 624886 652317 373421 85289 567105 169011 425937 923456 424254 406672 133837 263832 125193 149127 396415 724760 320235 572215 608437 658540 999999999 694029 463436 175574 1055346 530305 108663 147816 522603 676248 767432 340780 665956 995202 631692 720565 515582 682851 191025 885494 788239 702238 552207 473309 763520 330097 464292 150721 510420 356393 346829 131571 525211 695004 309032 199561 785609 542733 649774 470767 85162 538917 553821 616430 125566 837625 576950 676888 779322 884646 790019 669217 841308 760612 442928 897384 556024 681091 218999 753305 164212 648035 679900 629228 215920
950128 813266 38326 588635 88385 298384 175157 1102031 768538 597229 404234 789367 331861 674337 659139 236876 946500 924725 609161 840202 537924 528940 822620 783052 649613 814464 652840 596021 688793 739673 56761 646919 434033 395580 256795 694029 999999999 1051485 859332 1000553 546943 595552 841814 207066 499225 980902 899081 452515 982566 62678 632165 799734 256955 817262 763168 886672 750869 263022 277026 463850 365808 914065 597223 254800 733389 798962 567801 943537 652884 706692 554568 785415 736678 44704 375966 725971 859857 378808 146911 774567 553060 311838 835709 587212 761516 649104 43572 803054 69045 400722 981037 1065342 44210 893245 62196 770751 809646 210194 75600 740427
837586 262822 1026463 662647 964916 859325 880276 128840 940724 741433 647678 287700 1057787 555426 394226 894651 422614 128538 527053 418624 614721 571907 883197 336105 457178 343416 400204 489155 595904 362377 1063726 774747 741966 795854 913892 463436 1051485 999999999 320272 943973 631214 505096 383542 847654 798130 551158 152406 815967 870766 995321 759953 402381 936336 273702 873332 656548 653507 827882 896522 912154 706774 217445 473177 809822 345844 268832 575402 254730 716983 748773 660396 729837 489372 1007805 709396 513321 366130 761459 931597 509539 946570 817814 554659 856559 873339 829567 1015616 788417 1108109 677835 733670 147730 1024454 274078 1100988 560667 541717 955238 1003757 314394
970527 327642 827435 363089 781326 611673 707122 440886 997628 751515 489370 335153 960822 593883 310432 764748 610876 267471 258439 548828 344515 509393 966212 408110 447121 44876 311675 265234 281786 397548 886063 459727 675916 720198 794798 175574 859332 320272 999999999 1075660 605497 263805 64225 676546 767828 738074 239625 767058 1009086 797699 784402 504870 819172 107001 937201 791941 732510 691698 648354 867728 493538 392796 272295 656118 357827 311570 306547 455611 751173 429603 370826 817508 558803 814714 593829 199375 508026 670176 769706 189508 930544 705815 677902 859237 936633 856897 831637 876595 924330 562882 893439 440212 842924 48107 916992 240402 653049 822878 797576 210765
107099 754887 1009964 1158991 938496 1083491 881955 866807 245081 431139 820765 742869 721941 500151 790333 769572 523401 868764 1031313 538203 1056367 658099 177942 669439 648693 1053939 792355 950133 1184299 678430 962168 1298965 607876 623575 744307 1055346 1000553 943973 1075660 999999999 560709 978721 1120577 868413 510569 403708 878101 554776 74088 991909 388785 574217 743856 968768 237388 290034 353429 775276 1101635 540281 944295 734700 916208 816947 718758 767662 1042525 689354 389995 1321959 1125212 272191 518451 983751 724706 1140192 587634 664156 865852 1178420 462408 713550 401244 413348 239042 353377 959944 223253 1002120 727322 217758 821625 956423 1062293 999251 1219478 423564 790681 1021409 870086
475832 369026 539887 603183 463593 537664 383962 633345 410438 152142 261155 344756 437160 127784 295505 323167 405028 508791 488145 304073 500362 104980 405622 299364 176300 570895 293904 411265 640973 268853 532132 740769 125671 179657 324941 530305 546943 631214 605497 560709 999999999 437250 631712 359168 169428 434918 497352 184980 514950 513135 191604 274392 341901 509863 360743 358628 228121 284030 561353 281466 386356 435712 380684 303820 289176 366299 491084 442280 173411 767857 567844 293176 195853 514035 185581 610916 335313 170933 400511 655729 328316 239739 290476 253900 359708 259760 503547 337466 579581 176700 465499 588313 506344 611118 573881 688988 263275 376011 536611 399991
882101 349639 563665 198549 518296 358714 446480 594098 847677 589035 244528 337535 720098 479368 210549 516431 616619 395762 52659 521084 115719 332296 838093 385813 336220 218954 205679 29625 205798 349995 623153 340224 468444 502439 549913 108663 595552 505096 263805 978721 437250 999999999 250853 416912 575089 721251 363758 562155 922221 533895 628823 467690 574234 237628 796775 723405 625757 443665 396031 658443 229745 456869 64527 402504 314038 328521 80804 512697 606805 349215 177721 706831 478366 550952 363358 177219 501727 447181 510686 225791 735025 468517 616087 681044 795821 696293 568343 760163 660788 336307 834662 572908 579807 299427 653453 253039 585907 571827 534101 207312
1016431 380892 808437 315917 767224 581126 697135 504979 1031513 780805 489697 385815 965339 631629 341142 764639 667392 330511 232971 600347 312773 531714 1004672 457532 482344 66853 341219 259421 226614 442609 872079 402091 692140 733348 796716 147816 841814 383542 64225 1120577 631712 250853 999999999 667741 789277 792958 301841 784823 1055443 779498 815618 554294 821126 159368 972895 839986 773459 691549 617016 884665 477403 452702 274417 652370 401977 363427 277463 515726 784646 368705 328755 858451 602230 797528 601262 146726 561827 681077 761529 128332 952161 711151 725987 885361 972239 887463 816690 916854 908286 571468 943636 504389 828477 109556 900974 177898 700018 821172 776965 250567
802782 606406 189279 463174 118779 237924 32622 895266 657462 441867 200331 582415 335655 483159 453978 134355 747926 720159 441442 640218 387137 325887 693393 576573 444243 631955 447812 411476 550619 532981 216468 559295 264966 245250 173962 522603 207066 847654 676546 868413 359168 416912 667741 999999999 358708 792934 695419 317040 838668 159559 482153 597430 193547 623411 636044 713403 578589 94168 244499 369753 198419 707022 406515 55444 526325 592367 408238 737186 492478 610017 424565 626681 539966 166147 176794 569824 656751 206829 93835 620492 464822 156290 649325 465856 634509 517290 168514 655101 260462 197487 815325 858325 176859 706145 253358 627492 621404 171180 179316 539669
451743 537037 504217 716484 430576 582599 371393 792245 303668 103417 355275 513120 297438 258335 460443 263124 525707 677227 622465 439304 616413 258453 334737 463376 345584 731101 458139 552392 770615 436160 468192 844859 113176 113464 244135 676248 499225 798130 767828 510569 169428 575089 789277 358708 999999999 517949 666521 46893 485442 484025 133390 422265 250277 675583 277397 399615 268413 265019 597044 115087 464538 596562 525694 308971 458310 535160 615602 595364 160651 880864 678391 287997 333638 477660 237030 752196 479998 160525 358393 799770 162919 203082 377536 113888 275873 158605 456865 304113 512442 252043 485251 745858 455164 776425 508291 827705 359541 295236 512797 566192
302450 412209 974758 919007 898406 946361 818614 464583 479205 416598 658047 409801 812910 309912 510941 751135 131365 495959 771404 200852 824379 481739 396794 343360 399426 727196 515617 691815 912825 372769 962705 1061392 548988 594692 745299 767432 980902 551158 738074 403708 434918 721251 792958 792934 517949 999999999 512676 560517 329658 948040 401550 253759 757602 633719 415075 150370 252108 718531 975187 615786 779454 357314 657322 737874 411617 430444 798510 302011 361725 1067584 893431 275432 263345 948833 616817 850639 231559 602340 834067 878247 593826 670321 145335 498915 415909 439982 937380 314780 1009676 601154 186631 420628 939514 714013 1004378 926282 171669 797928 971237 555754
771112 134278 874108 536860 812553 712058 728038 230986 840319 620684 495344 155552 914384 439407 242644 745458 382139 32739 392437 339928 477205 428262 793032 220607 321057 244306 248466 344799 484666 234006 911605 660498 601105 653889 766118 340780 899081 152406 239625 878101 497352 363758 301841 695419 666521 512676 999999999 679989 807602 842962 644440 307357 788971 153884 774828 588401 557193 677650 749054 778530 556210 157190 325562 658206 208212 131902 438766 218576 604052 643516 529220 639177 383151 855401 560295 405288 291754 616295 779929 414095 821022 670212 477311 735474 774598 716339 863281 699088 955850 528456 680864 215244 872177 206376 948718 466208 457648 806122 851602 164030
498034 553460 457984 693689 384777 545173 327984 816766 341135 149117 332898 528959 260499 289212 464037 216765 562286 692703 607654 471850 595327 260047 378019 484094 359605 728789 461104 541078 752916 453705 421304 818605 93766 74240 197242 665956 452515 815967 767058 554776 184980 562155 784823 317040 46893 560517 679989 999999999 531350 438250 180282 450816 203650 678532 319846 445230 312805 222907 557966 100933 435387 619673 516404 269266 472406 549869 597294 622575 206361 857022 655063 334826 364374 431469 210654 739274 509992 127999 312401 787831 174056 160754 418531 149281 318278 201600 410263 350614 465613 230361 531997 771114 408424 778511 461435 813266 399003 248406 467277 570281
40125 686185 989286 1106295 916006 1046186 854523 792767 256363 397024 776104 675072 720651 442895 729127 748049 449656 797464 974880 467756 1004127 608089 172041 601659 588941 988664 731500 893274 1127157 612837 947390 1247413 574742 596276 725816 995202 982566 870766 1009086 74088 514950 922221 1055443 838668 485442 329658 807602 531350 999999999 969461 356585 505677 727755 902093 228546 219265 297188 747040 1066258 530326 901060 662579 858965 785692 653498 699617 988432 616292 349921 1267982 1073509 221853 454636 962796 686746 1080276 516413 632306 843731 1117207 461426 686276 332150 398834 230211 334146 940902 183659 989159 686503 144052 747657 938361 994340 985803 1159409 356043 774348 998205 805358
935585 761128 31152 526917 53474 239464 130416 1049339 766120 577719 349926 737622 355872 639143 604644 222348 906842 869251 546744 799408 475248 485408 814272 734950 603511 752848 598236 535039 626582 691074 106705 589113 407393 375009 250326 631692 62678 995321 797699 991909 513135 533895 779498 159559 484025 948040 842962 438250 969461 999999999 614974 756953 256424 757484 755221 861052 725278 231150 221175 463182 304210 863768 537250 212156 682624 746148 505181 895614 631810 648055 492496 765718 698188 21892 334961 663298 816309 350086 126059 711924 555811 286802 803500 579738 753599 638662 55268 787693 131184 356935 959034 1013699 68043 832119 124109 708410 776378 212014 31033 682995
321286 510290 636116 792136 561668 694828 498044 733465 219013 43066 439782 489201 414144 205533 474968 395580 431820 648817 679745 363270 689569 296527 220564 426613 338548 752701 474532 602671 832495 411062 601580 927656 219274 240322 377523 720565 632165 759953 784402 388785 191604 628823 815618 482153 133390 401550 644440 180282 356585 614974 999999999 361514 383332 683826 170762 271857 149993 390507 712879 214966 560082 546648 571680 429511 442500 513729 681877 532121 45257 957175 755959 154895 271589 609497 336770 801930 411276 276197 490004 846118 200676 330040 270796 103488 169602 72852 589586 173276 645741 341844 352373 685542 588182 784828 641635 880243 260236 428554 643155 574597
467876 180670 786278 665752 712458 715865 627079 373311 539222 348555 432238 169809 709284 164490 257241 590768 158657 303027 517665 53612 572445 271546 486770 96850 160678 487511 262012 438324 659717 119388 793074 807905 399739 454037 596912 515582 799734 402381 504870 574217 274392 467690 554294 597430 422265 253759 307357 450816 505677 756953 361514 999999999 615051 397990 472317 287344 252634 540571 747529 536876 545541 186060 403973 545661 159223 194045 545489 173515 317313 813887 641001 332645 90716 762075 423770 599603 61299 439345 657571 629758 555798 506762 173564 461787 472239 429056 757569 392389 840602 400046 389347 325885 762447 488695 834377 676429 151061 646662 775789 308325
696398 677491 269656 650453 205336 427121 184217 959743 512093 352559 331429 652261 147371 466223 550186 61053 745032 808229 607960 645916 566684 366783 565974 624761 488901 776210 545264 561968 731703 586436 219712 752192 216398 164642 24415 682851 256955 936336 819172 743856 341901 574234 821126 193547 250277 757602 788971 203650 727755 256424 383332 615051 999999999 748996 506482 648134 514348 130983 427712 207687 379834 762589 548057 178345 593274 668459 581997 777985 409682 801656 611272 538170 537464 244481 230743 740781 676275 178296 136515 791650 299431 118777 613289 330659 504824 393660 217517 550601 262687 262928 735514 917311 212997 841593 258844 804750 590819 46825 287320 650663
863557 221946 788148 389888 734770 596233 655277 378230 894884 652481 427033 228396 886273 489772 215143 697894 508055 185756 254142 442496 342556 418638 861167 301187 345357 94988 217628 227017 331436 290955 838110 508417 589789 637120 724905 191025 817262 273702 107001 968768 509863 237628 159368 623411 675583 633719 153884 678532 902093 757484 683826 397990 748996 999999999 833521 684971 626704 625823 633563 779463 456538 295953 220270 595871 251614 205156 303037 358998 649157 489794 386698 711626 452402 772635 519342 251469 402820 590271 714260 261419 837390 632436 570924 762361 833001 756583 785782 770908 879235 487455 786815 367757 796153 101350 871927 313336 546054 757589 761338 109943
204858 641667 772845 962758 701877 857926 647826 825760 68065 213304 610032 623593 492112 343788 632051 532898 491334 773973 848195 456351 860124 465029 59514 554335 490747 908379 632425 770002 1001355 548464 725007 1098412 381695 390846 507021 885494 763168 873332 937201 237388 360743 796775 972895 636044 277397 415075 774828 319846 228546 755221 170762 472317 506482 833521 999999999 264710 219885 542183 873673 304037 729026 655898 738187 586215 584506 648922 851789 627607 190501 1127746 926680 148415 391696 746699 503427 968015 508670 435478 629212 1010975 233040 480093 328721 175984 1681 118802 722624 100311 765375 510849 289510 777637 719043 933109 762379 1046790 334568 553305 784926 726443
182936 467433 885409 914524 809140 894228 735412 587746 329054 296242 610174 457112 685649 254460 521906 651061 242651 578733 775756 248506 814356 432848 248562 383879 387204 773133 525002 693928 925524 398128 861952 1057236 453780 491760 639140 788239 886672 656548 791941 290034 358628 723405 839986 713403 399615 150370 588401 445230 219265 861052 271857 287344 648134 684971 264710 999999999 135875 630065 919172 485830 735917 445066 659096 658055 439098 481377 794477 401939 238974 1072303 884330 128982 245906 858899 543699 873355 297600 510994 740573 907764 452875 575472 114066 361223 265551 298319 843242 164411 907685 534953 112057 540972 843639 775918 903011 951897 140708 691479 886813 591108
