NAME : synthetic_000997
TYPE : CTSP-D
DIMENSION : 100
GROUPS : 8
RELAXATION_LEVEL : 1
EDGE_WEIGHT_TYPE : EXPLICIT
EDGE_WEIGHT_FORMAT : FULL_MATRIX
EDGE_WEIGHT_SECTION
999999999 747183 858015 1002744 1013711 619825 356671 189825 773484 631758 219441 165170 955758 667088 580391 885282 806655 781670 1015680 814426 910891 763058 135959 952796 1123514 626069 216115 72788 617434 629217 445124 275719 369876 209489 372911 475054 418420 604206 610113 269513 832701 177264 158180 574867 732984 477663 814636 698924 626833 783478 878551 867364 710673 516270 937410 639543 319700 907350 799637 339601 510043 299914 388859 468045 392199 479385 862468 620346 761439 65952 936527 743816 878598 598785 893406 901133 170266 898991 590683 794287 245752 975072 789414 294309 455006 545458 359256 1012895 775770 459624 913174 810604 869129 537182 1022389 749102 820323 959415 321748 632038
747183 999999999 824094 565906 361871 277300 430907 712784 623473 231324 779661 659183 334109 173269 785716 331955 749859 906402 626645 996601 539502 132726 661062 534540 508625 431060 622390 674722 274401 800062 303807 612884 493741 816908 465829 886188 331125 370255 368469 547977 887043 898124 670408 182607 657752 312412 728535 478188 341234 922435 299814 131121 279307 690909 1035087 285434 627565 176555 827425 887255 794655 468024 837555 414860 403382 337737 664524 157134 271752 711045 344108 46333 558527 343374 642381 643247 837145 224703 646722 736240 855001 666679 827931 549782 579402 210591 442698 635177 88982 744696 916039 210923 679759 312199 463394 114627 588420 533246 745171 604815
858015 824094 999999999 462666 732815 987692 880032 672635 202232 954841 674366 936429 678973 928489 303653 595798 74993 179202 410006 263229 386531 948324 727385 437410 719146 404300 650048 819713 561721 257164 778545 588693 550268 712401 946119 497422 782294 1056001 1058566 628434 102623 856730 700831 821565 172211 879336 96540 345984 1047484 196811 625068 831085 546865 342466 226012 543697 540446 831958 74956 644853 385866 848337 545548 987356 617718 915975 197929 698522 1065455 888857 640623 780180 334584 498452 250837 257242 773532 739568 274328 89458 711518 312956 87813 954862 418931 713325 901307 396667 757609 414458 92052 659699 185234 567289 612069 717914 258496 446614 555564 260717
1002744 565906 462666 999999999 311232 820112 845388 862040 318867 775890 899833 1005355 278968 726672 646328 236749 417396 627867 71855 720636 100140 696839 870577 49971 258993 377099 794453 939585 426875 622862 701495 743829 633030 944820 906163 837330 720397 909549 909491 733277 562916 1079194 857644 665242 389280 778842 385982 310916 887111 646929 271337 504134 341316 607674 681508 399162 716867 483038 515170 936477 710026 845061 844226 901663 628169 816297 269259 522609 837616 1003240 247514 521195 150821 415350 213237 206083 995204 381794 509475 413032 963954 160106 524226 957590 582603 584424 865606 85280 477689 699191 537872 355068 279544 493922 165088 454446 240075 43700 799560 441137
1013711 361871 732815 311232 999999999 639120 757281 921497 546769 593182 976602 965311 64139 534670 831924 154736 671806 874204 383069 970424 351393 470671 899036 310709 148321 468727 837018 942365 400775 824271 611997 803372 675118 1020168 804661 993420 637669 732005 730094 763235 824159 1133250 896999 522814 609635 654874 641908 452520 702385 893045 143791 250347 314724 762338 958678 383174 795361 212351 768617 1050773 874644 779153 974113 768407 623241 686149 536340 409985 610573 993975 98619 330533 399468 439178 489109 484906 1057604 137647 679535 662841 1049912 464011 774682 878587 689737 488499 773373 396451 282269 843986 818269 204172 550321 480589 150454 287412 476352 303497 902883 614570
619825 277300 987692 820112 639120 999999999 263189 658143 801472 46077 728207 486547 609903 104977 865057 596219 913218 1027101 873620 1106103 775599 193391 581263 782371 785870 585522 576763 555330 436930 893490 237500 595299 515136 754327 259712 905846 250441 93021 91560 518088 1028639 792882 602470 167828 815506 151966 898869 655899 66998 1039938 567230 398445 492352 764705 1174234 460910 629873 443528 971883 856529 847115 321403 837126 174764 415210 140797 862711 307008 141622 566194 616603 312678 781990 492343 854144 857084 753943 501989 755699 898473 796819 896365 968988 351795 643283 274644 261664 880021 361457 788310 1075986 474635 876921 420492 735428 371779 788397 782902 737280 736278
356671 430907 880032 845388 757281 263189 999999999 411632 724584 276651 479979 233491 710004 317482 689887 662970 810610 876045 881809 941532 774295 417063 328000 799169 890210 516157 340689 292646 418536 727645 147797 374986 338978 501038 66457 686443 125607 258314 263847 299954 896608 530044 353013 248301 715756 126500 804744 597612 275686 885394 644424 560843 506847 593647 1032711 446296 419264 605204 846104 612702 652825 60328 609247 131271 262594 122772 803077 349020 404784 304471 702350 441913 762072 441527 812075 817443 494754 625389 615710 795866 543939 875433 840134 121404 478871 272552 21604 884091 484266 591945 959362 558251 814850 357837 810165 470635 737995 802817 510673 619459
189825 712784 672635 862040 921497 658143 411632 999999999 604890 656721 70239 314473 859623 676793 390607 779631 624947 591850 865653 626385 765474 761264 89622 812378 1014191 488258 90415 174915 521798 439528 438118 120222 246467 104150 454271 300003 416659 669172 674546 165743 643546 217753 59675 565312 557718 506228 635398 551532 683612 593774 779650 817322 607518 330173 747825 538324 147315 851717 612067 201076 320783 352239 214478 541468 313057 522020 693679 565171 794403 235430 834725 697801 727122 485104 729904 738092 136694 822904 411464 613279 143131 814719 601535 403628 286917 502205 423657 861146 719610 269813 724751 726303 698780 443905 905497 685815 659770 819941 133605 460056
773484 623473 202232 318867 546769 801472 724584 604890 999999999 765948 627439 820210 489050 735431 329158 401953 130763 327546 291006 423707 223622 749476 637610 279751 556662 217214 557394 722156 367572 304003 607245 498254 421675 670861 790956 524965 615285 875281 877326 515360 280813 813160 616843 633824 70422 705349 105747 147556 863709 346458 428986 629169 345193 304751 423347 347185 458673 631158 223179 639544 397629 702124 542580 819989 465115 743194 89061 504011 870534 790939 450861 579085 169219 309182 129433 138192 727431 540779 205651 119236 682197 217046 228397 814016 319482 527362 746186 281868 555545 396153 294175 458174 96106 385756 442505 516086 79085 289368 515510 145567
631758 231324 954841 775890 593182 46077 276651 656721 765948 999999999 726959 506441 563833 60025 843582 550833 880107 1000402 830216 1081348 733178 154771 583482 738739 739842 551273 572623 564896 399531 870099 224661 586522 498460 755311 283505 893963 241892 139093 137604 510119 998970 802030 602769 133413 782662 154840 864775 619513 112026 1013755 521592 353527 450811 743299 1145395 422602 618235 398806 941590 852722 829618 331845 828053 206560 397519 155112 824933 266860 138208 581095 570679 266647 740967 457462 814694 817397 758681 455986 729098 865448 797370 854925 939156 375584 622096 242003 278606 836857 315406 771731 1043928 429095 839319 388954 689568 326232 750115 739086 728587 706412
219441 779661 674366 899833 976602 728207 479979 70239 627439 726959 999999999 364639 913988 746825 379556 831721 633176 576284 898498 600544 801612 830707 153333 850672 1063740 531681 158298 225207 579282 429169 508098 174128 303026 45062 520387 255614 486815 737966 743393 231684 634936 186135 127000 634797 574616 576327 646805 589080 752968 575977 833746 881677 661900 335911 728158 594095 185160 915032 609332 134449 302539 420202 169501 609058 377790 591690 715070 630204 864628 276008 887608 763294 760248 537932 755128 763581 100625 882432 426444 622614 75631 841484 598014 464963 317732 569276 491294 893030 783472 260960 718587 784571 718771 503146 953007 748674 687819 858636 118803 481912
165170 659183 936429 1005355 965311 486547 233491 314473 820210 506441 364639 999999999 912670 550387 685716 853657 876556 886689 1029588 932032 921700 650368 229436 956368 1089027 640423 293715 140126 590008 731886 359192 352676 398535 365398 227977 614214 332071 456487 462488 308865 927147 338568 261261 477708 792037 359927 878993 720156 482678 891351 840625 787013 684341 606006 1045460 615784 403391 830216 886553 494421 625558 191314 528202 321226 377459 351409 906903 556689 626659 99310 899452 665216 897987 590092 928912 935757 333827 839455 662220 862903 404971 1003982 877778 139075 518017 478037 228175 1029116 704017 568778 1002231 761745 915925 514582 998002 684600 853701 961686 445383 689458
955758 334109 678973 278968 64139 609903 710004 859623 489050 563833 913988 912670 999999999 507041 768914 91363 615891 815853 350069 912119 303916 453034 839134 269508 180980 404606 775851 884868 340309 762119 563267 741085 613158 957719 760054 929361 588220 702878 701428 702552 768163 1072282 836296 482526 550324 612837 586525 389812 674857 834583 80298 239394 252207 698480 904979 321559 732207 209983 711792 986979 810839 728705 910022 729460 564253 645716 484299 361051 595056 937925 38366 297418 348561 376192 439744 436255 995935 114738 616376 606361 987040 423171 717404 830866 625669 438671 726920 362504 248535 779894 765975 151909 498711 420534 135782 245489 421033 263509 839176 551890
667088 173269 928489 726672 534670 104977 317482 676793 735431 60025 746825 550387 507041 999999999 835714 498195 853517 984023 783104 1067772 688649 100823 608396 691184 681793 524237 590010 598136 367909 859251 238761 597906 500059 777714 332871 899439 260562 197447 195432 523311 977839 833592 625284 120692 756872 191287 836509 588038 167965 998145 467928 293612 409536 736012 1125272 388809 625578 338831 919589 868847 827593 368668 837541 262298 399222 201059 789983 231561 139184 619764 515382 211070 699603 430114 776458 778668 785458 397853 713910 839053 819062 812388 917921 423913 615922 223847 322479 790332 259336 771285 1018716 376097 804671 368721 634567 273622 714407 691042 739075 686037
580391 785716 303653 646328 831924 865057 689887 390607 329158 843582 379556 685716 768914 835714 999999999 677553 279434 201914 619751 252321 548264 886351 460497 604230 870233 376457 392206 554979 515016 49614 630380 335452 355761 414294 751196 201211 623878 912657 916594 397504 255381 557104 430359 716061 259910 728921 301840 379525 913687 205660 695180 839822 552464 100360 359933 511374 284646 856886 233447 341303 82214 644225 241896 814433 451412 759959 400729 632829 973763 621410 733361 750625 495536 447320 453180 462004 475957 786664 152752 273039 409778 539128 221406 735611 221776 612990 709101 610069 746829 120832 339344 688597 398454 476653 753714 704950 406710 613683 262414 217907
885282 331955 595798 236749 154736 596219 662970 779631 401953 550833 831721 853657 91363 498195 677553 999999999 530463 727489 302332 823720 234531 461322 764393 212763 238244 315072 698022 815649 268091 670930 515178 660141 533617 875897 717590 839136 538306 687886 687204 626275 682291 994363 759529 452428 461368 576886 501819 298491 662848 746096 35165 269579 174755 607683 821439 245891 648429 253819 625119 900366 719948 675260 821605 697539 493192 612206 404482 317629 602881 871703 57288 288656 272282 294528 364195 361799 916285 152839 525030 520310 903869 360696 630240 781974 537647 390786 681297 312718 243056 689882 684402 122114 419357 348130 147278 224737 337316 209325 753075 460557
806655 749859 74993 417396 671806 913218 810610 624947 130763 880107 633176 876556 615891 853517 279434 530463 999999999 210503 372693 304263 332835 873610 673705 386551 668717 329361 594937 764417 486741 239209 705957 533576 485157 673315 876890 479977 710440 982240 984734 567723 152361 818064 648601 746881 97848 806453 31434 271673 973314 229588 558472 759622 473374 297334 292623 468840 487132 761920 98545 617405 359652 780826 517583 915753 548021 843331 148246 623534 990462 833801 577549 706170 278803 423511 204740 212503 733474 671232 216449 14896 676467 280051 106911 888862 358791 638737 831998 360492 684452 378291 166327 588858 139298 492967 558119 644455 195498 396051 515116 191777
781670 906402 179202 627867 874204 1027101 876045 591850 327546 1000402 576284 886689 815853 984023 201914 727489 210503 999999999 581381 96267 542372 1020562 662339 596657 878468 475604 592976 756834 632693 154803 799874 534952 537183 607770 939481 357925 797438 1083759 1087184 592453 82624 747087 632269 868400 266393 900844 241935 443024 1080930 19126 752691 936087 643037 285286 159138 621182 484013 944297 113230 517434 273794 834406 423586 995839 624380 934485 358630 764183 1123196 823321 777812 866024 487903 564155 414949 422521 669286 859968 271426 215874 597661 486411 103646 930751 397348 760797 896133 568711 852092 322189 163477 770299 348987 615431 766728 810472 401430 606195 461618 301810
1015680 626645 410006 71855 383069 873620 881809 865653 291006 830216 898498 1029588 350069 783104 619751 302332 372693 581381 999999999 671704 108269 758605 881487 92176 323335 391447 803486 955288 464914 591783 740954 749867 646433 943147 944288 815833 758147 961520 961779 746707 511981 1081008 866206 714851 359861 823114 341791 316844 940521 600229 337385 571491 386148 591634 623225 437112 718804 552140 468152 924918 688401 877065 829908 945848 652523 861085 225986 571315 898221 1020755 317685 581210 138540 443630 169740 161345 996030 450593 492138 370438 959334 97950 478161 990569 581063 628201 902515 14460 539429 683593 479715 416920 233465 525536 236100 513512 216487 93640 793188 425932
814426 996601 263229 720636 970424 1106103 941532 626385 423707 1081348 600544 932032 912119 1067772 252321 823720 304263 96267 671704 999999999 636994 1108211 703785 690805 972968 566935 640319 797470 722309 214697 875087 585704 605102 626643 1003282 359442 870656 1158789 1162473 649687 160620 759144 672567 950547 362511 975140 335618 537889 1157796 77650 848793 1029925 736630 348258 139473 712075 535306 1039017 205790 521832 306753 896483 436784 1064842 697269 1007497 451552 851693 1206889 861404 874076 957042 582742 653440 507405 514694 686815 955555 354088 310666 610187 575452 197691 987440 467115 843978 960947 658671 944619 363538 220049 865152 441132 700325 861882 902840 497030 700297 492998 392086
910891 539502 386531 100140 351393 775599 774295 765474 223622 733178 801612 921700 303916 688649 548264 234531 332835 542372 108269 636994 999999999 672226 777468 56206 336098 285191 700276 849431 358639 526613 634427 648165 541119 846530 837139 737776 651071 861835 862374 641508 482963 982094 763288 613955 293784 718478 301613 214032 842212 561497 268862 500456 284192 507628 610858 330947 619534 487988 431379 836445 610601 768907 744086 840968 544475 756646 188617 470445 809125 914353 266749 493329 54828 335402 138084 133556 897716 387356 409634 326515 864936 128269 439339 882470 484010 523821 795095 109797 455117 599090 468807 335244 201537 417526 225790 424967 144641 65792 700109 341160
763058 132726 948324 696839 470671 193391 417063 761264 749476 154771 830707 650368 453034 100823 886351 461322 873610 1020562 758605 1108211 672226 999999999 697397 666599 618984 548818 672660 693069 389529 905338 325314 674587 567310 863741 433680 967135 349618 278884 275485 602661 1006533 926730 712215 195956 779519 290573 853655 602706 245372 1035820 428083 220868 408317 788446 1154723 405088 697620 262969 947254 948502 886327 466536 910269 361106 468837 301860 794364 256528 142354 717611 467938 178971 690857 457033 773889 774969 875134 339025 754930 859652 904277 799383 946917 524718 671421 278196 422798 767357 219264 832551 1039925 341936 809509 410212 586382 247330 718177 665076 813566 719078
135959 661062 727385 870577 899036 581263 328000 89622 637610 583482 153333 229436 839134 608396 460497 764393 673705 662339 881487 703785 777468 697397 999999999 820607 1001956 493481 80224 94502 498847 507972 372083 140613 238028 173465 367056 388044 348302 586305 591817 139152 707989 238707 31942 502328 598007 430270 680627 564646 602529 665900 760408 773149 589811 388015 820284 518883 186982 810306 671681 287599 397042 267881 303247 456166 276722 442687 726570 521259 719893 162196 817421 650988 743974 473078 757504 765253 177807 791369 457309 661031 216257 839403 661981 314051 319588 451943 338536 878390 677614 341583 786376 698567 733323 418613 897680 646976 684552 827476 216221 496650
952796 534540 437410 49971 310709 782371 799169 812378 279751 738739 850672 956368 269508 691184 604230 212763 386551 596657 92176 690805 56206 666599 820607 999999999 282360 327130 744515 889730 380740 582813 656236 694033 583066 895683 860550 792905 674539 870770 870926 683321 535423 1029630 807713 624847 349962 735668 355188 261604 849320 615779 247928 482337 297815 561982 660083 352933 667420 465184 485029 889120 665883 797573 797637 858515 579034 773391 240283 481550 806073 953506 234475 489059 110649 366619 186744 180892 945758 363551 464508 380825 915233 153870 493338 910410 533719 540858 819558 100890 447500 653167 517132 325125 252249 446028 175660 421336 200714 9634 751249 395816
1123514 508625 719146 258993 148321 785870 890210 1014191 556662 739842 1063740 1089027 180980 681793 870233 238244 668717 878468 323335 972968 336098 618984 1001956 282360 999999999 536083 934313 1053874 506296 854350 743062 894172 769255 1108340 940891 1047975 767619 878859 877093 863454 817737 1230149 996287 663214 625482 793791 637402 498204 849692 897594 248402 398517 412884 814117 939995 484033 879097 359445 767243 1124133 923739 907250 1040083 910010 731434 826512 522584 541204 758672 1109581 189578 475092 390665 530068 468326 461947 1150860 283941 722381 662605 1134440 418376 775370 1010802 760020 618215 907377 337795 426306 901649 796465 332035 534286 586373 116624 426153 478896 272962 978849 653997
626069 431060 404300 377099 468727 585522 516157 488258 217214 551273 531681 640423 404606 524237 376457 315072 329361 475604 391447 566935 285191 548818 493481 327130 536083 999999999 417617 564241 159334 380387 391856 368726 256193 576670 581927 525008 401671 658154 660251 356567 457715 706008 480857 418361 232691 488787 313520 81838 647059 491918 326620 466922 176154 296404 605908 145646 346574 481345 398468 588331 408852 500445 506959 604988 266529 526821 288370 295203 661587 629349 372353 390425 257618 94152 296338 302049 623446 410708 226062 314847 600309 365046 398128 614166 224211 310948 537686 389912 378253 375380 494531 312153 300980 168658 422878 336323 221875 334069 442781 175005
216115 622390 650048 794453 837018 576763 340689 90415 557394 572623 158298 293715 775851 590010 392206 698022 594937 592976 803486 640319 700276 672660 80224 744515 934313 417617 999999999 169703 436373 438173 351317 61415 165396 194564 390542 347754 331132 594469 599611 75853 634678 296502 63252 476834 518091 424970 601217 486817 606429 597764 696279 727260 524447 313543 751788 454318 110567 762024 596229 280130 335408 283895 268668 471941 223207 443856 646363 474980 710733 238982 752267 607477 665617 404246 677590 685382 221724 735302 378494 582083 232970 759841 586913 354217 239524 411822 355282 800086 629750 276856 711471 639708 653100 357362 827785 596406 604870 751602 171067 416555
72788 674722 819713 939585 942365 555330 292646 174915 722156 564896 225207 140126 884868 598136 554979 815649 764417 756834 955288 797470 849431 693069 94502 889730 1053874 564241 169703 999999999 547580 602472 373268 231110 309069 229834 316594 474222 346766 545865 551673 209383 802170 237559 125000 503459 686008 410203 770125 639320 566526 760332 808113 794601 641315 481753 914721 570286 279574 834562 765168 356813 490744 233961 388127 410749 322532 414536 810710 547646 696680 69405 866291 671061 819253 531788 838827 846302 208108 826703 548022 751456 271163 918726 755628 247161 407467 472671 297632 953098 702999 435867 880112 738956 818210 467585 954071 676476 764810 896071 307207 583857
617434 274401 561721 426875 400775 436930 418536 521798 367572 399531 579282 590008 340309 367909 515016 268091 486741 632693 464914 722309 358639 389529 498847 380740 506296 159334 436373 547580 999999999 526770 276044 405216 276319 622029 479873 634404 293806 515967 517363 362466 617023 732484 496232 269304 391149 361096 468857 220370 501064 648482 261700 328683 94635 423599 765206 27834 402864 352052 557801 664315 531773 419950 598378 483025 225238 399482 425782 136860 503871 603891 319239 236407 353712 68988 419008 422532 657405 304388 372781 472461 653735 469061 557390 531466 321225 168424 438842 468117 232765 487102 652646 205388 440023 80412 408971 191362 351636 384290 516312 330892
629217 800062 257164 622862 824271 893490 727645 439528 304003 870099 429169 731886 762119 859251 49614 670930 239209 154803 591783 214697 526613 905338 507972 582813 854350 380387 438173 602472 526770 999999999 661071 380276 390482 463782 789993 241855 656167 944527 948275 439323 205767 606365 478161 740653 233614 760801 263962 372702 944109 160410 690705 847003 556143 134000 313746 520565 329338 861582 185462 388085 130244 683815 289270 850278 482855 792923 368936 649901 997988 669334 725696 763173 472778 458088 423171 431890 525458 787060 154751 234440 458684 507447 173169 777820 252514 635581 747280 581396 756259 170016 289842 690778 365186 495204 738322 714240 382865 592379 311953 211392
445124 303807 778545 701495 611997 237500 147797 438118 607245 224661 508098 359192 563267 238761 630380 515178 705957 799874 740954 875087 634427 325314 372083 656236 743062 391856 351317 373268 276044 661071 999999999 362046 277911 539514 204935 669690 27396 283946 287488 286078 808607 603067 387412 131001 608617 101457 695959 471007 283313 811632 496766 428937 361176 530239 951240 303858 393782 471517 754093 630603 609850 168734 603423 213146 179021 137432 679995 202321 362497 407251 554821 306359 626318 308277 683142 687811 549827 482363 530024 691062 580607 741036 749850 267747 409089 124924 166352 744043 344899 550868 863138 411374 692791 225059 662386 327145 610903 659429 504039 519861
275719 612884 588693 743829 803372 595299 374986 120222 498254 586522 174128 352676 741085 597906 335452 660141 533576 534952 749867 585704 648165 674587 140613 694033 894172 368726 61415 231110 405216 380276 362046 999999999 128911 216930 430050 313230 345358 621633 626473 77498 574618 337682 118627 480676 457447 445354 540087 434159 630569 540426 660953 710253 488878 253400 694009 420446 50940 742534 535355 274966 283939 321901 241848 505528 209591 468377 587303 460312 724519 300397 715529 593707 611547 365689 619938 627864 256736 708332 317128 520763 249037 703129 526177 403057 179296 404235 391627 745934 611649 223844 650740 610462 593677 329106 785283 575991 547982 701429 142112 356319
369876 493741 550268 633030 675118 515136 338978 246467 421675 498460 303026 398535 613158 500059 355761 533617 485157 537183 646433 605102 541119 567310 238028 583066 769255 256193 165396 309069 276319 390482 277911 128911 999999999 345728 403057 400190 269055 557612 561697 100393 558955 460931 228134 379664 396137 374190 484432 330251 560161 546843 533188 584998 361059 256980 693752 291976 133960 615909 510313 395855 331983 300297 344572 459810 101121 404390 508548 338238 633668 375591 588422 471143 510185 239290 532572 539748 382903 579543 279383 470914 377743 610683 503598 404641 139896 290357 359273 644085 486113 273386 624998 481551 517418 200558 662390 449372 457827 589797 251547 294410
209489 816908 712401 944820 1020168 754327 501038 104150 670861 755311 45062 365398 957719 777714 414294 875897 673315 607770 943147 626643 846530 863741 173465 895683 1108340 576670 194564 229834 622029 463782 539514 216930 345728 999999999 537081 273507 517170 759322 764876 269737 669231 144753 152618 667823 617028 602963 687781 634099 775933 606405 877519 921173 705549 376571 757054 637359 230110 955237 645992 130183 335129 440780 190329 628021 416880 616102 758189 669154 892314 271301 931649 801883 804961 581849 798874 807363 61696 924551 468825 663085 42917 885413 634423 475516 362579 606323 510823 937585 823300 297987 753621 827141 761615 545220 997809 789127 732018 903659 158272 525436
372911 465829 946119 906163 804661 259712 66457 454271 790956 283505 520387 227977 760054 332871 751196 717590 876890 939481 944288 1003282 837139 433680 367056 860550 940891 581927 390542 316594 479873 789993 204935 430050 403057 537081 999999999 738203 186149 231448 237385 357271 961526 549793 394705 285506 782153 153431 871158 663234 255614 948455 697361 596912 566108 656048 1096657 507702 476291 642124 911488 654529 711150 108215 658670 95175 328918 132320 869176 400831 398911 313904 754592 482166 826223 505837 877569 882840 523936 670423 680859 862158 579873 939982 905358 92263 542791 327118 44926 946915 526900 650300 1025022 609086 881025 421975 864848 517250 803678 863919 561591 685630
475054 886188 497422 837330 993420 905846 686443 300003 524965 893963 255614 614214 929361 899439 201211 839136 479977 357925 815833 359442 737776 967135 388044 792905 1047975 525008 347754 474222 634404 241855 669690 313230 400190 273507 738203 999999999 655415 934840 939659 390522 430992 400210 356360 779430 457562 757394 502994 549881 943305 352261 851625 962256 692842 233857 495070 638507 276003 986367 423769 162474 127506 631056 86458 817536 500376 781406 600466 729054 1030927 530277 896261 858205 686944 573569 651648 660503 331294 929359 328532 474054 252263 738373 411031 698585 313289 689326 702035 806833 864556 149804 516791 828727 598851 576346 931581 824303 600308 802123 176723 397424
418420 331125 782294 720397 637669 250441 125607 416659 615285 241892 486815 332071 588220 260562 623878 538306 710440 797438 758147 870656 651071 349618 348302 674539 767619 401671 331132 346766 293806 656167 27396 345358 269055 517170 186149 655415 999999999 288783 292762 268521 808964 577649 364723 156806 613591 105144 701591 481900 291382 808678 520712 456322 381292 524152 950271 321626 379467 498855 755339 611073 599989 142054 587180 205431 173421 137059 690029 227712 380100 379977 578981 333689 641059 321349 695236 700169 525820 508754 529055 695558 558609 755298 750657 243719 403674 149551 145314 760830 371948 540395 865637 436316 702501 237506 685356 353564 622235 678006 487462 522459
604206 370255 1056001 909549 732005 93021 258314 669172 875281 139093 737966 456487 702878 197447 912657 687886 982240 1083759 961520 1158789 861835 278884 586305 870770 878859 658154 594469 545865 515967 944527 283946 621633 557612 759322 231448 934840 288783 999999999 6007 544331 1090878 780821 610967 248432 884405 183780 969743 731834 34834 1095575 659361 490041 577748 812874 1234479 541222 661131 534803 1035482 870072 887307 318541 861184 136288 461712 154184 940413 391479 188037 545246 709257 405577 865714 566776 934896 938259 751352 594956 813531 967387 802229 980660 1031740 317473 692168 349048 249278 967480 454393 827213 1142568 566634 954268 490257 827941 463860 867204 871632 761556 800177
610113 368469 1058566 909491 730094 91560 263847 674546 877326 137604 743393 462488 701428 195432 916594 687204 984734 1087184 961779 1162473 862374 275485 591817 870926 877093 660251 599611 551673 517363 948275 287488 626473 561697 764876 237385 939659 292762 6007 999999999 549139 1093920 786702 616395 249357 886891 187673 972075 733638 30493 1099067 658498 487540 578363 816755 1237681 542486 665786 532198 1038415 875414 891622 324100 866178 142233 465515 158704 942075 392138 182722 551201 708122 404237 866631 568667 936208 939520 757073 593162 816824 969888 807780 981510 1034735 323477 695971 350766 254974 967821 453009 831577 1145286 565819 955970 492519 826895 463001 868732 871722 766520 803039
269513 547977 628434 733277 763235 518088 299954 165743 515360 510119 231684 308865 702552 523311 397504 626275 567723 592453 746707 649687 641508 602661 139152 683321 863454 356567 75853 209383 362466 439323 286078 77498 100393 269737 357271 390522 268521 544331 549139 999999999 625017 370110 133767 407556 483744 367905 570266 430284 553078 599555 623325 651590 452007 307263 751394 381382 119327 686199 581252 346033 353886 249166 319076 429742 147396 390936 603365 399436 648250 276851 679855 532163 610191 334069 629958 637341 297240 659915 354113 554043 307066 709396 573142 338497 209532 337622 317399 744237 553970 293052 697004 564842 611451 282872 758627 520552 555695 689989 219199 381099
832701 887043 102623 562916 824159 1028639 896608 643546 280813 998970 634936 927147 768163 977839 255381 682291 152361 82624 511981 160620 482963 1006533 707989 535423 817737 457715 634678 802170 617023 205767 808607 574618 558955 669231 961526 430992 808964 1090878 1093920 625017 999999999 811137 679176 865773 230781 910064 182489 412423 1085422 97953 709759 905557 615347 321225 148199 602305 524205 910039 59722 587112 334424 859145 490514 1011380 638325 945230 295153 752077 1116447 870100 729832 844758 429635 550217 349975 356878 730926 821244 281099 161980 662654 415275 59917 960422 420403 757224 917325 498780 826507 375204 85895 736248 283704 610292 708716 785638 347824 544785 517560 292561
177264 898124 856730 1079194 1133250 792882 530044 217753 813160 802030 186135 338568 1072282 833592 557104 994363 818064 747087 1081008 759144 982094 926730 238707 1029630 1230149 706008 296502 237559 732484 606365 603067 337682 460931 144753 549793 400210 577649 780821 786702 370110 811137 999999999 236473 734068 760751 647215 832388 768406 802736 744556 992768 1011697 820946 521216 892780 750788 362570 1049007 789664 239439 476730 471519 324143 644830 513981 652090 901004 759948 934237 240413 1048749 889290 942508 700216 940413 948808 85731 1028826 612575 807803 149603 1026420 777954 471330 500151 689995 534226 1076024 916318 442281 896036 934717 904833 652981 1122416 885562 872225 1037283 302979 667594
158180 670408 700831 857644 896999 602470 353013 59675 616843 602769 127000 261261 836296 625284 430359 759529 648601 632269 866206 672567 763288 712215 31942 807713 996287 480857 63252 125000 496232 478161 387412 118627 228134 152618 394705 356360 364723 610967 616395 133767 679176 236473 999999999 516482 575037 450834 656457 549680 626117 635530 757002 779462 585508 360153 789919 515019 161535 815533 643915 260128 365818 293333 271826 482387 278134 465155 705899 527031 739930 191193 813384 658233 728191 466338 738435 746326 167007 792656 432527 636171 194620 821318 634015 344490 297638 460229 364579 862659 682905 310933 758241 698253 712184 416569 890340 650933 666218 814820 184288 474457
574867 182607 821565 665242 522814 167828 248301 565312 633824 133413 634797 477708 482526 120692 716061 452428 746881 868400 714851 950547 613955 195956 502328 624847 663214 418361 476834 503459 269304 740653 131001 480676 379664 667823 285506 779430 156806 248432 249357 407556 865773 734068 516482 999999999 649366 132834 731870 488078 231850 882046 427412 312859 329763 616143 1012398 293727 506449 357587 808277 753587 706938 287174 718846 247011 279056 163423 695023 143604 257702 534249 481860 196715 617291 324835 687398 690554 680135 386814 597398 732200 708321 732230 805932 367490 495712 108614 260325 720371 242226 650595 910542 335471 709186 255597 597398 237069 620915 626187 620979 573241
732984 657752 172211 389280 609635 815506 715756 557718 70422 782662 574616 792037 550324 756872 259910 461368 97848 266393 359861 362511 293784 779519 598007 349962 625482 232691 518091 686008 391149 233614 608617 457447 396137 617028 782153 457562 613591 884405 886891 483744 230781 760751 575037 649366 999999999 708928 89134 181643 875484 284861 486299 675120 384585 244091 378001 374437 414232 680719 171125 577741 330716 687913 479552 818999 453306 745926 144633 527657 894267 755320 512479 614892 239541 326764 194097 202954 675161 594278 148207 83026 625553 281101 173488 797361 278665 541114 737229 350174 595801 333848 261848 506678 145709 395169 510643 555044 149445 359567 459772 102646
477663 312412 879336 778842 654874 151966 126500 506228 705349 154840 576327 359927 612837 191287 728921 576886 806453 900844 823114 975140 718478 290573 430270 735668 793791 488787 424970 410203 361096 760801 101457 445354 374190 602963 153431 757394 105144 183780 187673 367905 910064 647215 450834 132834 708928 999999999 795825 566340 186745 912409 554103 443483 437878 629100 1052592 388332 481967 488697 855512 704602 704836 178042 686884 122851 277955 38473 775824 259816 289681 428776 610029 329459 714697 401695 776089 780326 604446 519379 631332 791560 645336 829984 851299 239141 508403 194922 133582 827255 375009 645070 964322 463598 788989 320378 723414 368050 705177 738017 586971 621106
814636 728535 96540 385982 641908 898869 804744 635398 105747 864775 646805 878993 586525 836509 301840 501819 31434 241935 341791 335618 301613 853655 680627 355188 637402 313520 601217 770125 468857 263962 695959 540087 484432 687781 871158 502994 701591 969743 972075 570266 182489 832388 656457 731870 89134 795825 999999999 250949 959829 261021 530361 734577 450733 311216 319928 449825 494972 735761 129846 636681 380616 777037 537025 907020 542364 833076 116894 605698 972683 839525 548164 684376 247721 407374 173448 181284 747352 644013 224253 29842 692650 249943 138343 886358 362923 624225 826232 329727 661264 395391 188429 563275 108327 479603 527037 621712 165606 364679 529531 190079
698924 478188 345984 310916 452520 655899 597612 551532 147556 619513 589080 720156 389812 588038 379525 298491 271673 443024 316844 537889 214032 602706 564646 261604 498204 81838 486817 639320 220370 372702 471007 434159 330251 634099 663234 549881 481900 731834 733638 430284 412423 768406 549680 488078 181643 566340 250949 999999999 718964 460730 318129 494025 202972 316061 559462 199629 405974 501274 352755 632023 426600 582279 544035 684064 347947 604606 209507 356541 722977 705535 353917 434568 179934 165311 214580 220223 684301 418756 227609 258119 654138 284072 354765 695984 272548 382909 619112 314000 414253 403621 437873 327297 222871 246223 382003 373671 140476 269563 491248 162082
626833 341234 1047484 887111 702385 66998 275686 683612 863709 112026 752968 482678 674857 167965 913687 662848 973314 1080930 940521 1157796 842212 245372 602529 849320 849692 647059 606429 566526 501064 944109 283313 630569 560161 775933 255614 943305 291382 34834 30493 553078 1085422 802736 626117 231850 875484 186745 959829 718964 999999999 1093219 633599 458674 558694 813551 1230050 525570 668323 503131 1029332 883992 891370 335954 871385 161466 462290 162651 926612 372938 154272 569236 682406 378141 847971 554585 919186 922274 770365 565765 809944 958509 818772 962530 1026002 344131 692365 336356 268906 946864 426743 831719 1134979 541121 940686 480399 801395 438258 852700 849877 771531 793704
783478 922435 196811 646929 893045 1039938 885394 593774 346458 1013755 575977 891351 834583 998145 205660 746096 229588 19126 600229 77650 561497 1035820 665900 615779 897594 491918 597764 760332 648482 160410 811632 540426 546843 606405 948455 352261 808678 1095575 1099067 599555 97953 744556 635530 882046 284861 912409 261021 460730 1093219 999999999 771143 953396 660225 292992 154391 637391 489507 961973 132118 512953 274098 842904 420551 1006108 635416 945735 377682 779349 1137330 826325 796566 882320 507025 579814 433972 441523 667752 878067 284679 234999 594983 505098 122704 938033 407240 774696 905330 587518 868905 324760 175184 788028 367974 629762 785834 827224 420503 625317 462541 317636
878551 299814 625068 271337 143791 567230 644424 779650 428986 521592 833746 840625 80298 467928 695180 35165 558472 752691 337385 848793 268862 428083 760408 247928 248402 326620 696279 808113 261700 690705 496766 660953 533188 877519 697361 851625 520712 659361 658498 623325 709759 992768 757002 427412 486299 554103 530361 318129 633599 771143 999999999 234415 172134 621917 850262 242000 651912 219154 652042 906985 734416 659443 830719 673671 486518 588694 435665 296534 569954 862456 58830 257428 305083 295906 396865 394754 916046 118733 542430 547892 906752 395481 656738 764340 546287 371880 662220 347841 210837 701958 714359 92836 450677 342099 170015 195502 366920 244464 759095 479540
867364 131121 831085 504134 250347 398445 560843 817322 629169 353527 881677 787013 239394 293612 839822 269579 759622 936087 571491 1029925 500456 220868 773149 482337 398517 466922 727260 794601 328683 847003 428937 710253 584998 921173 596912 962256 456322 490041 487540 651590 905557 1011697 779462 312859 675120 443483 734577 494025 458674 953396 234415 999999999 293342 751203 1051353 328787 718113 45770 846082 980752 860271 595704 922150 544773 504295 468707 653321 252476 360229 834661 260917 123573 531113 393643 621168 620222 946374 125239 692323 747261 957307 628253 848567 680342 649518 322549 573183 582156 98933 815638 922659 172096 668674 388674 375085 137975 579662 478837 834873 640676
710673 279307 546865 341316 314724 492352 506847 607518 345193 450811 661900 684341 252207 409536 552464 174755 473374 643037 386148 736630 284192 408317 589811 297815 412884 176154 524447 641315 94635 556143 361176 488878 361059 705549 566108 692842 381292 577748 578363 452007 615347 820946 585508 329763 384585 437878 450733 202972 558694 660225 172134 293342 999999999 469614 762423 71150 480922 305456 555656 738327 581394 511935 665603 560729 318783 475576 386057 186283 537227 698271 227877 234263 290337 124822 367802 369634 743935 236798 402128 460209 735204 404126 557428 622215 382041 243180 526552 391101 211319 543255 638917 136778 401193 173760 314337 171083 309868 300158 590082 347832
516270 690909 342466 607674 762338 764705 593647 330173 304751 743299 335911 606006 698480 736012 100360 607683 297334 285286 591634 348258 507628 788446 388015 561982 814117 296404 313543 481753 423599 134000 530239 253400 256980 376571 656048 233857 524152 812874 816755 307263 321225 521216 360153 616143 244091 629100 311216 316061 813551 292992 621917 751203 469614 999999999 444139 422583 203012 770845 283766 334795 112519 550063 238339 716601 351358 660527 388183 536497 873834 550192 664564 657328 458561 357566 434133 442916 436331 706070 99570 286706 382356 521769 273968 645467 121421 513782 613285 583798 656333 91964 398380 606391 389800 379932 697733 614766 375185 571035 218315 166624
937410 1035087 226012 681508 958678 1174234 1032711 747825 423347 1145395 728158 1045460 904979 1125272 359933 821439 292623 159138 623225 139473 610858 1154723 820284 660083 939995 605908 751788 914721 765206 313746 951240 694009 693752 757054 1096657 495070 950271 1234479 1237681 751394 148199 892780 789919 1012398 378001 1052592 319928 559462 1230050 154391 850262 1051353 762423 444139 999999999 750475 643069 1054436 207680 657453 427515 992222 568882 1150729 778088 1087073 422829 900127 1264031 980685 866627 992636 559853 698293 473544 479193 818007 963749 421294 304365 743286 525328 207863 1089540 553896 903971 1053018 609193 973715 479112 143680 881129 409400 757201 835537 933035 484294 669056 616067 439349
639543 285434 543697 399162 383174 460910 446296 538324 347185 422602 594095 615784 321559 388809 511374 245891 468840 621182 437112 712075 330947 405088 518883 352933 484033 145646 454318 570286 27834 520565 303858 420446 291976 637359 507702 638507 321626 541222 542486 381382 602305 750788 515019 293727 374437 388332 449825 199629 525570 637391 242000 328787 71150 422583 750475 999999999 415104 348859 542819 674953 532387 447157 605969 510437 247771 426676 402349 157266 523348 627637 298561 244974 326821 65258 393743 397039 674479 293889 365924 454767 667987 442194 542960 558919 325400 194924 466632 440370 235775 490035 635079 193463 416790 102909 384576 193786 327580 356521 526672 319995
