NAME : synthetic_000411
TYPE : CTSP-D
DIMENSION : 100
GROUPS : 8
RELAXATION_LEVEL : 1
EDGE_WEIGHT_TYPE : EXPLICIT
EDGE_WEIGHT_FORMAT : FULL_MATRIX
EDGE_WEIGHT_SECTION
999999999 382595 395153 273772 125315 675930 261972 82086 354266 478911 480192 506549 276234 96486 470651 602284 251114 579157 253418 616727 180691 181318 306172 607029 630915 90075 420002 829372 303391 249021 246990 425363 439411 629034 764378 320304 372780 290710 492410 506019 429768 524024 227308 585047 514100 207379 513188 286093 284074 403960 479574 694503 129310 311511 358640 30116 67278 634673 388404 162619 369303 404743 488926 501828 474897 47154 579821 798583 395144 456062 506467 497075 443464 384049 208402 460550 403929 77527 79318 705417 525403 300725 196008 288443 436756 83229 95507 79148 242960 452753 330025 304721 839654 508010 658884 609420 329540 106173 355361 395614
382595 999999999 465179 642773 371930 296074 610054 373478 278234 121516 166690 155867 421405 310590 368719 449841 207679 607719 468647 670441 338065 202349 76431 271322 466349 399333 256521 773868 166149 233013 135634 714172 677687 581987 407335 70738 573864 502069 263951 618537 120689 142028 557869 218973 409507 549680 485388 422032 359846 699847 539064 484151 265640 116115 281301 359334 448174 667661 715639 449430 710151 165591 322980 680647 279482 336660 254236 417814 634319 287166 359352 667446 75630 655800 213555 461806 268641 459882 441536 322908 196891 89761 427090 322455 803359 397023 425321 386171 281737 504811 641066 114204 466967 559027 281264 439576 427183 434021 69649 697430
395153 465179 999999999 609002 506791 648773 627863 313321 641411 465552 413212 619050 650866 437811 763007 877004 515328 939604 644046 987260 539166 370797 424499 733801 899816 312512 256645 1165439 299877 248700 399828 810868 833972 961205 851471 404664 766210 166313 709189 888369 399213 569536 609816 539351 206563 585545 846598 658959 125838 788023 845069 935518 424652 497733 191953 371039 403797 999152 757285 557614 728959 601516 260925 895427 288984 394413 471110 810695 790072 707604 776977 889697 538626 775576 473868 87357 231262 417711 363003 698077 447625 393189 213054 618120 751950 476707 323877 470356 559823 813718 712549 488369 884211 115065 624873 873824 694639 319371 396244 777817
273772 642773 609002 999999999 281961 938838 69426 329019 523041 747663 753144 745573 348462 332247 607628 734711 468297 600674 278482 609949 338953 449002 567823 831163 764913 315553 689373 864608 577138 519774 510173 242276 314948 691682 992711 586639 322575 457452 684818 482505 701931 780273 120351 853591 766438 109380 592624 358271 524831 218698 508474 844513 377133 551893 622246 303048 224328 639587 161121 217947 125392 622680 754444 418711 744636 313181 853121 1048660 289131 631034 657230 423790 694276 241490 439652 688875 671245 209060 257017 963554 798085 567844 397571 433888 163088 246527 295191 257162 421024 497501 157116 547480 1078832 708437 923474 750138 401988 296177 624704 204893
125315 371930 506791 281961 999999999 666118 239988 201973 255933 485621 504243 464030 151062 78859 361901 494391 186352 453845 138524 491992 65822 202073 301136 549859 523942 214559 482185 705295 348560 317462 248829 354948 344687 506408 711229 325491 262298 414975 410775 383978 450606 504071 186118 589226 598719 180080 391470 160820 387455 337367 354277 594130 117470 272306 435237 140131 168021 509457 344744 78277 338226 341315 557033 390797 534096 112432 604356 768315 298958 363624 403677 383982 416270 302676 160725 563846 471618 167725 198097 687011 546583 309017 318618 176410 436454 53088 220526 49967 145393 327528 272304 268778 796896 621429 652622 504487 204398 230945 367700 332724
675930 296074 648773 938838 666118 999999999 905345 656552 515974 204185 237792 241023 694662 606662 555279 572121 490374 808697 751014 875289 626538 494612 371359 261698 573284 681299 392148 901342 405065 481528 429893 998599 951193 745164 260376 355712 844160 740145 406384 855521 267762 164960 852223 109643 500095 845019 680178 692955 581910 986153 765220 542633 561709 397146 462310 651014 740035 862401 1007400 742671 1003954 374561 407934 936000 367632 630926 190376 164644 910312 465300 519151 920942 254185 938386 505803 606995 417587 752508 729088 53526 201184 375441 685690 586674 1099332 693023 707937 682193 559469 733665 931501 399084 248087 707355 24287 550811 686654 715383 323933 984978
261972 610054 627863 69426 239988 905345 999999999 329769 467177 720152 731629 702381 285254 301647 545475 670718 424326 531254 213699 540888 290006 424743 537087 782500 700867 321392 681922 795185 561396 510887 481464 192306 252710 622927 944110 558708 253358 485690 630337 413488 679097 743932 58347 825178 771276 60378 525231 294621 533174 168289 439328 781792 346601 512245 619758 292087 227217 570317 129850 167333 107331 574938 750677 353087 736730 294166 832151 1007598 223291 574114 596234 357256 656257 179783 400668 703688 665850 212335 265950 926963 775695 540798 414821 376974 197552 215010 305361 226012 370436 428961 97258 508765 1033293 732531 891272 686958 336870 308833 598910 155857
82086 373478 313321 329019 201973 656552 329769 999999999 403412 453929 443965 512857 352410 150078 524550 653629 286723 653222 334586 693540 248917 175731 299015 620537 681147 26182 361598 898372 261932 195191 242045 502586 520766 695933 772401 305063 454729 214148 525625 585540 397505 514898 302224 558592 441508 279960 579401 361781 205457 480531 554493 738465 162753 325929 293231 61883 104808 710008 458911 244696 436093 428769 425434 583831 416889 94448 540631 790646 476759 497879 554935 578927 442069 463801 240236 380569 342614 120123 76676 691087 489652 285134 116781 349428 488764 164845 51869 159692 297528 526226 405646 317676 839585 425944 637541 658142 403165 60743 332695 471398
354266 278234 641411 523041 255933 515974 467177 403412 999999999 394772 444899 277832 196561 258911 123374 250217 126499 331194 266022 392717 190626 271235 253215 327534 277914 425757 505674 526137 374458 396814 249136 504046 442152 323538 486239 284886 334471 605752 163653 344854 396894 355441 408832 475153 654195 413996 214809 191292 516407 496390 261432 340704 241154 171096 498006 351415 413812 391813 535425 305427 543966 141415 580579 420037 542059 315236 529283 574916 404792 108477 152346 405074 272534 442141 170962 669538 508613 417221 433557 519215 473502 282958 508994 90515 661608 307105 442383 300718 112474 227446 457771 177721 583177 752431 510531 255541 173632 453545 322907 498614
478911 121516 465552 747663 485621 204185 720152 453929 394772 999999999 68665 192088 542793 418522 473665 536746 328837 720150 588660 784194 456674 298887 184573 291727 548589 478293 217365 868460 201198 277804 238691 832905 798725 684451 387535 161485 695254 540545 348571 737839 67338 110817 670128 106150 356766 659922 594959 543515 384452 817900 656197 549916 373556 237587 273828 452554 541101 779150 830361 563799 822663 267913 261745 801938 215579 435604 134512 353314 755118 386399 455563 788612 134438 775236 331178 439429 238977 554197 527621 244593 80121 179872 482136 443693 909974 505297 504976 494304 403097 622204 757055 235667 420476 540871 184022 522364 548364 512129 123551 814929
480192 166690 413212 753144 504243 237792 731629 443965 444899 68665 999999999 260471 577741 431839 532084 601524 364546 774172 617465 837091 483480 306948 211180 359836 614386 466657 158339 931670 182205 254963 255960 857151 830247 744441 448091 181747 729470 503821 413044 783623 53875 178021 684720 128418 290154 672094 650979 579591 344952 840744 705464 617923 388107 279151 224683 451979 538359 833940 847335 582305 836516 326322 194641 841367 148774 440154 100548 397680 785700 446924 517463 828818 198357 801422 358638 379496 182419 552348 519898 285377 45688 196050 455579 484657 916214 517196 493174 506241 438970 671152 776445 275280 471635 481057 214591 587986 589144 499112 137995 836691
506549 155867 619050 745573 464030 241023 702381 512857 277832 192088 260471 999999999 464982 420525 316623 354061 278100 570441 527029 636780 413497 337135 217981 115465 362455 539040 393868 688096 321582 388529 271342 773157 718233 515723 259572 224144 610575 656561 172139 614582 238967 97265 646004 225934 542231 643356 441879 461954 515698 762843 524223 358082 379104 196115 431474 487862 573802 625745 792093 535329 793714 137670 449204 696891 403146 459395 307037 306124 679140 225984 285472 681542 80643 711813 307019 609580 410674 583518 574351 241391 265200 241201 578178 355030 899765 501152 563850 491147 337613 492648 714617 202176 334456 708846 238950 337010 450755 573459 223102 763186
276234 421405 650866 348462 151062 694662 285254 352410 196561 542793 577741 464982 999999999 213058 260289 386254 214130 303379 72695 341133 113162 309186 366737 523890 416459 365617 590977 558729 452152 440045 330749 308864 257368 364597 682775 397303 152462 565930 358272 237783 524588 530030 228565 637311 722076 240687 254114 10831 528181 300189 203482 496573 232500 305945 557075 290544 311935 358439 339793 148037 350839 327809 667967 266870 638293 260202 673166 767936 215667 296835 311682 256185 441535 247187 222485 701806 585260 308265 346155 704431 614813 386113 469187 110163 472726 197685 371048 198445 139698 178118 262572 307209 779433 765918 685889 401874 58093 381264 441075 302110
96486 310590 437811 332247 78859 606662 301647 150078 258911 418522 431839 420525 213058 999999999 377378 508140 155664 507373 214912 551298 102298 125919 236166 516413 536408 169651 403474 748867 270827 238805 179832 432025 423456 546040 675585 257063 338716 362565 396305 450686 378710 448414 252945 523719 520619 241482 429468 221200 315461 413682 410144 598520 45113 224440 356727 93152 160670 565458 415601 153092 405088 311290 478192 466170 455641 56997 532338 719199 377713 359662 411256 458450 363556 380974 115402 490299 392761 167468 175246 631590 475226 239215 264250 199424 492927 86846 184088 75881 149207 380346 346082 218819 754939 552867 591577 514417 258596 195251 297502 408277
470651 368719 763007 607628 361901 555279 545475 524550 123374 473665 532084 316623 260289 377378 999999999 132510 249475 253828 332564 320242 296480 393847 361067 322285 162068 546132 613147 410199 487870 516646 366597 541972 462440 213383 463785 391002 360676 728832 150580 312951 489325 409387 488407 537265 764494 498785 125256 251221 638501 539579 218564 237004 363249 277952 613058 470502 526616 309587 591123 396511 606911 205983 685690 410798 644618 434288 605588 579453 433785 90726 54672 393992 340856 481512 294330 787872 618796 528354 549798 546631 553779 392651 631794 185494 731413 414810 561465 409992 228203 192107 516362 286159 568381 873032 555079 143745 213058 572628 424195 544842
602284 449841 877004 734711 494391 572121 670718 653629 250217 536746 601524 354061 386254 508140 132510 999999999 372113 276999 457022 339469 428990 513376 460326 313695 30215 675893 704702 334053 589986 628462 477199 647086 558819 181180 419999 487068 465501 854164 188484 379107 566240 451284 614680 579328 857835 626697 173645 376470 754565 647882 289289 115541 491265 380833 715493 601063 658964 315823 705413 526912 724711 286116 772818 488030 729144 564836 660264 557782 536861 169824 100688 470850 403195 589101 418441 894372 713957 660827 681539 551263 614751 492710 758178 317994 851358 547316 692086 542492 359380 275141 633387 389965 526448 983966 577522 26086 334143 703254 513545 654772
251114 207679 515328 468297 186352 490374 424326 286723 126499 328837 364546 278100 214130 155664 249475 372113 999999999 440068 262157 496465 136988 144789 154809 364938 398251 310802 396143 650731 259428 272731 131394 509158 470008 446985 525805 186461 366534 482082 241622 425099 311924 325789 368227 425254 539478 365261 334342 215355 390097 496043 356396 451958 125274 93925 378951 241470 316311 501119 518171 257487 517328 157199 472839 476903 438174 206729 459122 583401 426715 211361 271793 464566 236556 449792 46791 546107 395545 322991 328152 506570 400824 178156 386550 123450 621667 227047 330357 217826 74570 322213 441625 93847 610544 626957 479294 374166 225995 341335 229539 494642
579157 607719 939604 600674 453845 808697 531254 653222 331194 720150 774172 570441 303379 507373 253828 276999 440068 999999999 345682 66678 405362 575490 583333 567380 296267 667909 834073 264394 699144 708763 571234 438384 338426 119175 692672 615309 280392 867352 402585 132900 727450 662536 487011 789641 979462 508213 128600 293250 814261 447378 100177 380268 515063 502119 818671 591703 614295 61083 517932 442664 547802 453482 909904 241135 872464 559381 853864 822097 334727 344474 291726 225415 590269 392387 473042 980754 835003 609612 649393 798116 799988 611938 769739 323463 674945 500976 674268 501807 381995 127089 461521 508405 799286 1054129 808853 303041 250084 684558 654037 458192
253418 468647 644046 278482 138524 751014 213699 334586 266022 588660 617465 527029 72695 214912 332564 457022 262157 345682 999999999 372728 134290 329556 407059 591869 487176 343023 613389 607770 476536 452931 363566 247594 213869 421336 751782 435719 123905 542764 429007 255019 563676 586062 158137 687118 735329 172850 316352 81349 525778 235978 246542 568321 246198 356063 571017 273989 274660 395303 269473 98627 278762 391387 689405 252291 663555 249949 715426 832006 168658 368603 384284 245769 496845 187667 258951 702323 604714 267938 313075 763935 656960 422145 449374 176668 400043 170217 343364 174898 191601 228121 191755 355798 846915 758308 740784 473360 123510 352573 479502 236177
616727 670441 987260 609949 491992 875289 540888 693540 392717 784194 837091 636780 341133 551298 320242 339469 496465 66678 372728 999999999 449048 627812 643043 633780 356782 706468 892113 262464 755883 761544 627855 425639 324726 169198 757307 675172 287639 906966 469243 127461 789595 728464 501837 855234 1035622 524943 195118 331814 862656 437873 142560 438287 562976 562861 873473 631677 646408 36157 511313 471301 544280 518358 968404 218056 931902 600931 918199 888095 330128 410796 358350 204924 655208 386890 526760 1031871 892010 640380 683403 864790 863849 670877 810319 376568 668657 536077 710737 538092 434507 175408 462744 568768 863946 1102174 875319 365552 292846 720646 714749 449930
180691 338065 539166 338953 65822 626538 290006 248917 190626 456674 483480 413497 113162 102298 296480 428990 136988 405362 134290 449048 999999999 198767 273684 492955 458446 265613 482455 650009 344442 327656 229284 376284 348023 448673 654601 301786 252442 462875 347814 350638 429648 462330 232865 557038 610179 232381 332605 120363 415718 361787 307859 528308 119524 229393 445160 188299 231116 463222 381260 122729 380560 284993 559064 375426 531459 154549 581862 719444 302933 298712 337857 366065 373237 318740 125624 588759 475316 232085 257801 643533 523443 287925 364857 111068 487533 118392 275652 113603 82312 278283 304978 227723 743310 654221 614768 438790 156299 286534 345486 359552
181318 202349 370797 449002 202073 494612 424743 175731 271235 298887 306948 337135 309186 125919 393847 513376 144789 575490 329556 627812 198767 999999999 126122 445336 538283 201913 283997 794719 147267 133774 67320 556966 542499 590595 596693 139045 450730 345130 363374 542233 254373 344320 378087 404977 413294 365146 476582 314670 245369 539069 485474 585018 84795 153735 248543 157070 246045 636060 541239 278608 529613 260428 360396 574109 334074 136843 407494 619880 496847 347260 412688 564470 267497 504435 103565 405422 276567 258104 239824 524609 350963 119606 254081 252039 611629 210287 226790 199351 193582 452438 471989 144868 665374 483104 477650 513287 340966 236328 175707 533940
306172 76431 424499 567823 301136 371359 537087 299015 253215 184573 211180 217981 366737 236166 361067 460326 154809 583333 407059 643043 273684 126122 999999999 330907 480713 325047 252965 771229 129710 179288 59204 649315 619287 572570 475910 32225 518303 441162 285157 578730 157856 218238 486128 288337 403464 476738 467624 368841 309573 633883 505988 511335 191058 83308 255175 282975 371768 644234 645843 379264 638656 177762 327390 631378 289133 260319 308369 493764 574915 291058 363179 619228 143387 592379 148162 434503 257733 383451 365727 399278 249902 32389 360351 277317 729049 322944 350724 312012 228631 471542 572498 75735 540570 526544 355653 454199 380738 359726 74737 630670
607029 271322 733801 831163 549859 261698 782500 620537 327534 291727 359836 115465 523890 516413 322285 313695 364938 567380 591869 633780 492955 445336 330907 999999999 312574 646658 503213 639911 436991 503781 381431 831461 765777 491370 161646 339093 658818 771151 175047 634797 346936 182217 724747 292410 647992 725335 441517 518821 631161 823913 540689 282712 477880 296348 545118 590796 674143 616637 861099 615571 867092 208551 553349 728575 507142 560153 385447 257178 730515 241326 276456 712199 196044 769543 401032 721705 521529 682720 678296 237601 354716 355654 691104 415238 979714 591972 670707 582652 412089 512903 783245 303909 255658 821694 270333 291127 498115 680690 338323 825998
630915 466349 899816 764913 523942 573284 700867 681147 277914 548589 614386 362455 416459 536408 162068 30215 398251 296267 487176 356782 458446 538283 480713 312574 999999999 703655 722239 328596 610410 651126 500063 675466 586300 193166 408544 506582 494143 880280 202774 403448 580991 459219 644869 586151 875415 656911 199750 406665 778093 676620 315185 88042 518576 402579 735620 629189 688088 331132 734729 557043 754343 304647 789102 513219 744942 592978 669460 550221 565174 192295 126522 496069 416168 617827 444789 915185 732326 690125 710208 549805 625621 513088 784699 347533 881135 576814 720196 571870 387955 302559 662995 411832 514419 1005835 579918 26780 364227 731361 531400 683679
90075 399333 312512 315553 214559 681299 321392 26182 425757 478293 466657 539040 365617 169651 546132 675893 310802 667909 343023 706468 265613 201913 325047 646658 703655 999999999 378896 915622 284456 215461 268195 499190 522429 713929 798582 330679 460990 200670 550476 596077 420994 540614 298118 582592 451548 274627 597563 375305 211802 476660 568634 762107 186102 351870 308107 77456 94178 723949 451140 249936 426526 454308 440420 589663 434069 112831 562529 816290 479137 521623 577657 585481 468162 463076 264540 383782 358917 109174 58841 716297 512317 310777 106579 368868 473236 172879 26691 169219 318397 541173 401344 343665 865605 423156 662087 680919 417916 34694 357612 466945
420002 256521 256645 689373 482185 392148 681922 361598 505674 217365 158339 393868 590977 403474 613147 704702 396143 834073 613389 892113 482455 283997 252965 503213 722239 378896 999999999 1022838 138961 171053 265320 833846 825684 825342 604431 222239 734689 365412 520295 818511 156332 326909 643803 282819 153180 626093 720373 595605 208307 814456 752538 739925 367417 336196 79864 389892 465377 895125 806993 555151 789241 418659 77140 857225 55300 390783 218096 554535 779954 538447 611109 847077 318294 784295 371664 222161 26432 480541 437156 441769 190982 222719 337428 518649 850210 478549 403288 468443 463573 718331 743673 328685 629871 323695 368230 695460 616917 406277 191202 807908
829372 773868 1165439 864608 705295 901342 795185 898372 526137 868460 931670 688096 558729 748867 410199 334053 650731 264394 607770 262464 650009 794719 771229 639911 328596 915622 1022838 999999999 897836 922838 774823 688078 587184 204413 715263 800939 542949 1111390 520203 386633 893170 785332 751405 913321 1174574 772501 320408 548094 1039769 700263 361376 368702 748097 688151 1022721 838276 870398 228622 773429 703007 805742 608312 1094480 479732 1052477 803955 993901 865306 591364 486703 414777 467163 734161 648553 691592 1195671 1028933 866993 903215 875853 947275 802849 1013042 552005 930854 755211 924852 754704 608626 381332 722232 696337 816160 1277644 908411 352444 501960 935542 832850 712210
303391 166149 299877 577138 348560 405065 561396 261932 374458 201198 182205 321582 452152 270827 487870 589986 259428 699144 476536 755883 344442 147267 129710 436991 610410 284456 138961 897836 999999999 76637 128034 702852 689720 697245 565865 105691 596877 343925 413712 679859 138520 286168 518716 301413 280436 503315 588961 456688 194872 684396 615417 639320 231872 210636 125682 274160 358349 760224 682514 423861 667996 306878 216082 718606 187075 267234 278981 552407 644087 420555 492448 708307 240952 651218 232892 304891 136161 372718 338125 445455 227861 97326 280975 380868 740035 350973 310970 340374 325111 581375 615701 202030 613901 398120 384152 583880 478158 316969 99178 678713
249021 233013 248700 519774 317462 481528 510887 195191 396814 277804 254963 388529 440045 238805 516646 628462 272731 708763 452931 761544 327656 133774 179288 503781 651126 215461 171053 922838 76637 999999999 151292 665019 662143 719505 638221 164971 576219 269987 461672 675033 214347 360707 473093 377106 282786 455101 607015 446172 130302 645140 619238 687896 208423 249153 118091 218925 296764 769453 636070 387454 618200 354045 242031 702128 225876 220455 348146 628819 616419 458947 528633 693349 308638 617166 235806 273394 156326 311726 271825 522089 300196 149981 204342 385467 681508 309095 241381 299289 327151 586152 573582 239760 689236 356492 460438 625124 474257 246293 171168 638195
246990 135634 399828 510173 248829 429893 481464 242045 249136 238691 255960 271342 330749 179832 366597 477199 131394 571234 363566 627855 229284 67320 59204 381431 500063 268195 265320 774823 128034 151292 999999999 601217 577276 572670 530667 77269 479579 397370 313999 553620 202148 277374 431852 343994 408228 421251 462600 334275 278524 584798 487540 539320 134883 99881 249132 223835 312579 632307 593113 327075 584318 207395 342271 597529 309243 201267 355721 552725 532216 307801 377344 586395 200316 545834 108358 421305 264160 324248 307145 458433 297802 60190 311459 253333 671936 266626 293465 255638 198668 453442 521121 90403 598169 507474 413708 474170 352434 302774 118871 580847
425363 714172 810868 242276 354948 998599 192306 502586 504046 832905 857151 773157 308864 432025 541972 647086 509158 438384 247594 425639 376284 556966 649315 831461 675466 499190 833846 688078 702852 665019 601217 999999999 100964 549690 988741 676293 182063 675247 662112 305945 803303 833651 201110 933085 938898 225470 478710 313050 707987 24036 369045 762621 472415 603061 780163 454120 407096 460134 93677 279069 132832 636421 906957 209684 886901 445123 956554 1076782 110332 597816 596597 221110 744422 61919 501733 882669 821207 393395 448211 1011204 898325 661126 599016 418985 245954 355957 487084 365739 439188 374232 98694 602394 1087115 918636 988235 668442 335514 492166 719514 37393
439411 677687 833972 314948 344687 951193 252710 520766 442152 798725 830247 718233 257368 423456 462440 558819 470008 338426 213869 324726 348023 542499 619287 765777 586300 522429 825684 587184 689720 662143 577276 100964 999999999 451454 919271 648588 107721 711729 592688 205642 776576 786881 238119 894484 942766 264826 387299 258368 722600 114116 274380 674122 458334 562839 779823 465445 436484 359171 188919 278888 224862 580569 901157 110321 876542 448924 927418 1016850 45755 526877 516951 120589 698678 73461 471662 899550 815971 424729 478326 959088 868941 635515 627225 364576 345159 360632 515120 368649 396260 283751 157833 563683 1020433 945566 942902 581326 268633 522008 692453 127045
629034 581987 961205 691682 506408 745164 622927 695933 323538 684451 744441 515723 364597 546040 213383 181180 446985 119175 421336 169198 448673 590595 572570 491370 193166 713929 825342 204413 697245 719505 572670 549690 451454 999999999 600669 603114 381056 908236 343593 248414 702508 611963 573703 740973 975821 592149 116598 353779 835487 556616 185456 270566 543982 489263 821390 636477 673386 139839 624407 511976 651581 418149 898525 358840 857799 601683 814547 738768 442578 298052 230779 342673 550467 499736 487337 992678 830034 671093 704435 727955 764379 603631 809886 348115 779831 557608 724267 556244 404359 194420 562506 497045 706908 1073652 748493 206517 306631 735101 637276 566486
764378 407335 851471 992711 711229 260376 944110 772401 486239 387535 448091 259572 682775 675585 463785 419999 525805 692672 751782 757307 654601 596693 475910 161646 408544 798582 604431 715263 565865 638221 530667 988741 919271 600669 999999999 477955 813323 908189 326975 775202 452582 282222 886316 342529 735359 886981 573304 677215 760090 982091 680614 347410 635824 452870 659562 746669 831645 735403 1021229 777214 1028009 370033 639879 874535 595219 717286 437852 154190 885767 392422 412369 857761 333229 926862 560471 826583 626495 840803 833531 211616 427460 496387 834307 575153 1141267 752656 823422 743178 573680 655755 943432 459740 106639 928125 280488 394300 653783 833021 467378 984676
320304 70738 404664 586639 325491 355712 558708 305063 284886 161485 181747 224144 397303 257063 391002 487068 186461 615309 435719 675172 301786 139045 32225 339093 506582 330679 222239 800939 105691 164971 77269 676293 648588 603114 477955 999999999 548429 432467 308399 610798 127995 210039 509067 267043 373674 498509 499019 399678 293964 660360 538210 533720 212148 114228 229341 295344 384389 676178 670059 403768 661555 202175 295993 662536 257222 275761 280316 485610 603978 318604 391070 650538 145281 620034 176930 409842 228233 396797 375015 387054 222033 19975 356387 309283 748712 343817 356923 332823 259881 503764 597629 107174 537098 503792 338606 479938 412456 365305 43888 656748
372780 573864 766210 322575 262298 844160 253358 454729 334471 695254 729470 610575 152462 338716 360676 465501 366534 280392 123905 287639 252442 450730 518303 658818 494143 460990 734689 542949 596877 576219 479579 182063 107721 381056 813323 548429 999999999 658387 486425 160419 676109 680107 215592 789404 858834 239896 299417 152283 649084 182523 195837 580985 368587 458320 694299 395287 384663 317021 244751 211124 270551 472922 811110 129221 783901 372998 825408 909263 73159 420971 415347 124525 592240 123738 372180 825835 726880 375527 425231 851525 767012 536435 567551 257509 398888 289956 458522 295892 292157 195294 181852 459665 913822 880032 836215 486566 161069 466934 592295 190105
290710 502069 166313 457452 414975 740145 485690 214148 605752 540545 503821 656561 565930 362565 728832 854164 482082 867352 542764 906966 462875 345130 441162 771151 880280 200670 365412 1111390 343925 269987 397370 675247 711729 908236 908189 432467 658387 999999999 708188 796550 473932 630028 477386 631816 363851 451451 791640 575477 159236 651619 768497 929978 366647 495693 286220 275696 275706 923966 612458 447600 580990 603598 396452 786054 411753 308332 581641 893845 670297 691110 753867 782831 577501 647391 435743 253483 339282 287017 234117 784429 545384 415504 98356 560425 592142 373077 199910 369815 505999 740370 576688 486371 957656 252104 717613 855959 617279 191507 441077 640191
492410 263951 709189 684818 410775 406384 630337 525625 163653 348571 413044 172139 358272 396305 150580 188484 241622 402585 429007 469243 347814 363374 285157 175047 202774 550476 520295 520203 413712 461672 313999 662112 592688 343593 326975 308399 486425 708188 999999999 460869 378327 268541 571996 397568 673393 576238 274307 352026 591287 656028 367286 226331 366523 214122 537596 482980 556747 456049 698000 466871 707402 107685 586419 553534 542177 448351 474199 431469 558798 66341 113559 537177 214741 600289 286561 718240 531257 562504 569771 396157 427093 317101 617130 254161 825212 458963 571094 451161 265733 338585 620563 223597 427868 811563 407525 176065 326868 581960 330127 659085
506019 618537 888369 482505 383978 855521 413488 585540 344854 737839 783623 614582 237783 450686 312951 379107 425099 132900 255019 127461 350638 542233 578730 634797 403448 596077 818511 386633 679859 675033 553620 305945 205642 248414 775202 610798 160419 796550 460869 999999999 732922 698627 375414 819964 955258 399044 206683 230282 765958 315832 94608 490986 469280 504497 790748 523890 529530 158423 387703 353122 419238 483589 895613 111499 862633 495775 872131 891922 204915 395832 362870 94811 617313 262352 446976 939382 815228 522328 568089 852813 815346 603250 701708 301689 545120 423497 597840 426873 354993 122547 335975 508717 880556 1003383 852030 403921 201813 607250 652983 327126
429768 120689 399213 701931 450606 267762 679097 397505 396894 67338 53875 238967 524588 378710 489325 566240 311924 727450 563676 789595 429648 254373 157856 346936 580991 420994 156332 893170 138520 214347 202148 803303 776576 702508 452582 127995 676109 473932 378327 732922 999999999 171829 631652 162897 303305 619398 605874 526618 317305 786946 656289 591043 334750 228689 207281 402052 489328 787621 794027 528724 783636 285133 211126 788824 165535 388754 153786 420204 731972 406697 478395 776455 167110 747546 304924 376724 175738 503040 472687 310547 96600 142186 418113 432933 864916 464400 447650 453425 386175 621890 722864 224206 487785 477742 246263 554335 537165 454161 84174 782949
524024 142028 569536 780273 504071 164960 743932 514898 355441 110817 178021 97265 530030 448414 409387 451284 325789 662536 586062 728464 462330 344320 218238 182217 459219 540614 326909 785332 286168 360707 277374 833651 786881 611963 282222 210039 680107 630028 268541 698627 171829 999999999 689889 129030 467508 683770 534352 528533 478990 821292 610687 450443 404028 233105 377780 501203 589929 718973 843504 579788 841022 215046 372319 774883 326218 477748 211045 275869 745696 318775 381302 760195 89299 773428 343356 548344 347374 601441 583538 183303 173707 229876 561889 422626 939272 533772 566766 523111 394509 578078 767281 235642 328973 649497 156145 433966 523767 575267 190018 820228
227308 557869 609816 120351 186118 852223 58347 302224 408832 670128 684720 646004 228565 252945 488407 614680 368227 487011 158137 501837 232865 378087 486128 724747 644869 298118 643803 751405 518716 473093 431852 201110 238119 573703 886316 509067 215592 477386 571996 375414 631652 689889 999999999 774463 741264 26710 472815 238218 507663 178562 392231 725046 297242 457434 585429 256895 206149 529505 163802 110742 152542 517501 714676 328036 698033 253131 785242 951621 201122 515830 538740 329625 601719 170377 346597 681747 629204 192716 247505 872586 728170 491712 398335 318652 254973 168104 286163 178925 312663 379286 103429 454332 976090 718113 838718 630433 281646 291542 550203 169176
585047 218973 539351 853591 589226 109643 825178 558592 475153 106150 128418 225934 637311 523719 537265 579328 425254 789641 687118 855234 557038 404977 288337 292410 586151 582592 282819 913321 301413 377106 343994 933085 894484 740973 342529 267043 789404 631816 397568 819964 162897 129030 774463 999999999 397101 764872 661854 637128 473172 918820 734160 571612 478658 331752 352713 558599 647043 846689 933700 667175 926987 338154 303039 890916 260929 541732 96534 272037 851698 446895 510274 876866 202654 874507 432341 499514 308105 660217 632872 159164 92192 285750 580353 534002 1015753 610558 609281 599579 498295 700953 859625 331425 350603 600401 86197 561309 637678 616114 229689 916368
514100 409507 206563 766438 598719 500095 771276 441508 654195 356766 290154 542231 722076 520619 764494 857835 539478 979462 735329 1035622 610179 413294 403464 647992 875415 451548 153180 1174574 280436 282786 408228 938898 942766 975821 735359 373674 858834 363851 673393 955258 303305 467508 741264 397101 999999999 720333 868946 727837 242375 917848 894506 892109 491165 486716 165028 484918 545105 1040533 900260 665419 877460 571753 95684 984913 141393 495310 310238 664592 897163 691211 763859 976076 469054 894436 509889 128677 145787 560321 509581 552979 308146 372193 377171 659577 920514 584771 471258 575794 602618 860680 844125 478800 746910 216645 475884 848636 753627 470737 344293 909691
207379 549680 585545 109380 180080 845019 60378 279960 413996 659922 672094 643356 240687 241482 498785 626697 365261 508213 172850 524943 232381 365146 476738 725335 656911 274627 626093 772501 503315 455101 421251 225470 264826 592149 886981 498509 239896 451451 576238 399044 619398 683770 26710 764872 720333 999999999 489097 250779 485145 202485 412272 735764 286369 452382 566018 237313 181757 551987 181096 109931 164795 517271 696044 354189 680627 236425 772638 948200 227698 521832 548038 355473 596248 196800 340615 658409 610809 167934 222746 866866 715996 480688 373547 324607 256493 155040 261685 166032 313783 397850 127004 448768 975066 693205 830905 641643 295666 266697 538889 192397
513188 485388 846598 592624 391470 680178 525231 579401 214809 594959 650979 441879 254114 429468 125256 173645 334342 128600 316352 195118 332605 476582 467624 441517 199750 597563 720373 320408 588961 607015 462600 478710 387299 116598 573304 499019 299417 791640 274307 206683 605874 534352 472815 661854 868946 489097 999999999 243316 720781 481487 115646 287791 427689 384830 711729 520107 559071 184904 543354 402146 566250 327288 794978 314524 755801 485202 728004 697637 368473 215952 165061 297336 463665 422856 373055 880409 723408 557382 589195 670246 675013 497692 693289 231639 694432 443250 608256 441415 288299 104494 475201 391927 679499 959596 680254 197829 196164 619135 535689 489486
286093 422032 658959 358271 160820 692955 294621 361781 191292 543515 579591 461954 10831 221200 251221 376470 215355 293250 81349 331814 120363 314670 368841 518821 406665 375305 595605 548094 456688 446172 334275 313050 258368 353779 677215 399678 152283 575477 352026 230282 526618 528533 238218 637128 727837 250779 243316 999999999 535934 305098 193490 487180 239218 306253 562897 299947 322465 348650 346494 158846 358433 324518 672660 263342 642455 269207 674458 764105 217565 289944 303015 252139 440325 251216 225917 709101 590312 318903 356473 701922 616177 388934 478560 106949 481024 208003 381051 208570 140785 167683 269580 307848 774451 774023 684536 392352 47264 391315 443357 307461
284074 359846 125838 524831 387455 581910 533174 205457 516407 384452 344952 515698 528181 315461 638501 754565 390097 814261 525778 862656 415718 245369 309573 631161 778093 211802 208307 1039769 194872 130302 278524 707987 722600 835487 760090 293964 649084 159236 591287 765958 317305 478990 507663 473172 242375 485145 720781 535934 999999999 685982 720289 817292 299698 377856 128470 257181 305977 873985 662871 443984 638213 483796 249509 778010 257696 276112 422819 737461 677841 585816 654179 771428 435217 668101 348178 177094 182740 320962 268694 627113 386193 279893 137202 492382 678140 362244 229828 354830 434039 688661 611090 368397 803931 239873 559150 752375 570410 228721 294045 676838
403960 699847 788023 218698 337367 986153 168289 480531 496390 817900 840744 762843 300189 413682 539579 647882 496043 447378 235978 437873 361787 539069 633883 823913 676620 476660 814456 700263 684396 645140 584798 24036 114116 556616 982091 660360 182523 651619 656028 315832 786946 821292 178562 918820 917848 202485 481487 305098 685982 999999999 374055 763310 454769 589810 759780 432940 384227 471828 75111 260592 112729 626677 887158 224339 867767 424922 940426 1067323 114195 592387 594061 234597 732001 58793 486815 860306 801423 370401 425200 999842 882313 644847 575948 409902 231122 336075 464170 346046 427275 377071 75489 588826 1079526 895459 975336 668677 330501 469104 703369 14233
479574 539064 845069 508474 354277 765220 439328 554493 261432 656197 705464 524223 203482 410144 218564 289289 356396 100177 246542 142560 307859 485474 505988 540689 315185 568634 752538 361376 615417 619238 487540 369045 274380 185456 680614 538210 195837 768497 367286 94608 656289 610687 392231 734160 894506 412272 115646 193490 720289 374055 999999999 403209 420591 427882 731764 492806 514119 155545 440013 342857 466374 396241 829181 199160 793769 461050 790707 797862 259911 302849 268267 181972 531802 316272 384965 889316 751572 509461 549306 760844 734881 532711 671177 234940 594726 400932 574518 401919 292450 34459 377065 433092 785948 959917 762611 313349 151656 584746 578964 383225
694503 484151 935518 844513 594130 542633 781792 738465 340704 549916 617923 358082 496573 598520 237004 115541 451958 380268 568321 438287 528308 585018 511335 282712 88042 762107 739925 368702 639320 687896 539320 762621 674122 270566 347410 533720 580985 929978 226331 490986 591043 450443 725046 571612 892109 735764 287791 487180 817292 763310 403209 999999999 576005 439562 762269 689950 754510 410360 820245 633122 838837 334013 801989 601049 756574 654035 660940 496606 652402 240611 190514 583912 423944 704539 498687 943190 752789 757741 773670 512260 622774 543136 836679 418922 964951 646341 780421 640535 453090 390375 747618 449038 450320 1037407 552642 95377 446517 791527 552467 770091
129310 265640 424652 377133 117470 561709 346601 162753 241154 373556 388107 379104 232500 45113 363249 491265 125274 515063 246198 562976 119524 84795 191058 477880 518576 186102 367417 748097 231872 208423 134883 472415 458334 543982 635824 212148 368587 366647 366523 469280 334750 404028 297242 478658 491165 286369 427689 239218 299698 454769 420591 576005 999999999 183200 326245 116548 196281 574503 459277 194695 449600 275754 443239 493789 418304 82969 488502 675745 412627 335543 392265 484927 319909 419643 80152 470483 358529 204998 203932 587080 431138 194510 268945 196212 538011 131945 205113 120989 139847 389069 388644 176932 713174 539385 546523 495435 271109 216115 252961 449918
311511 116115 497733 551893 272306 397146 512245 325929 171096 237587 279151 196115 305945 224440 277952 380833 93925 502119 356063 562861 229393 153735 83308 296348 402579 351870 336196 688151 210636 249153 99881 603061 562839 489263 452870 114228 458320 495693 214122 504497 228689 233105 457434 331752 486716 452382 384830 306253 377856 589810 427882 439562 183200 999999999 336264 294486 378775 562839 610429 347026 608100 107944 410220 564587 371095 264436 370054 496768 519947 211013 282253 551469 144362 543710 112248 513808 340954 388028 381949 415219 312315 114699 407140 206492 708651 306142 375252 295917 166582 393448 534364 9480 530500 603290 385615 376386 311236 385464 151944 588234
358640 281301 191953 622246 435237 462310 619758 293231 498006 273828 224683 431474 557075 356727 613058 715493 378951 818671 571017 873473 445160 248543 255175 545118 735620 308107 79864 1022721 125682 118091 249132 780163 779823 821390 659562 229341 694299 286220 537596 790748 207281 377780 585429 352713 165028 566018 711729 562897 128470 759780 731764 762269 326245 336264 999999999 328735 397999 879647 747028 503986 726916 431484 132330 820034 131062 335070 295672 621966 734126 546179 618123 811103 351909 733628 346801 180975 54750 413302 366902 509956 262866 222799 258808 496936 781275 424449 331278 415007 439385 698193 687200 327589 693442 277860 438875 709031 589311 333274 211671 752318
30116 359334 371039 303048 140131 651014 292087 61883 351415 452554 451979 487862 290544 93152 470502 601063 241470 591703 273989 631677 188299 157070 282975 590796 629189 77456 389892 838276 274160 218925 223835 454120 465445 636477 746669 295344 395287 275696 482980 523890 402052 501203 256895 558599 484918 237313 520107 299947 257181 432940 492806 689950 116548 294486 328735 999999999 89052 648292 418381 187137 399418 391530 458864 524505 444800 36231 551321 776473 420789 450137 503703 519103 422405 411660 196693 434109 373830 101670 87824 681658 497324 275575 178645 291725 465879 105734 91024 99407 242355 464778 359324 287174 819672 484750 633535 606944 341619 102192 329075 424812
