NAME : synthetic_000721
TYPE : CTSP-D
DIMENSION : 100
GROUPS : 8
RELAXATION_LEVEL : 1
EDGE_WEIGHT_TYPE : EXPLICIT
EDGE_WEIGHT_FORMAT : FULL_MATRIX
EDGE_WEIGHT_SECTION
999999999 329423 334891 294821 736174 528755 462345 701039 484344 288411 336633 636484 160944 326598 390808 722458 207086 214900 286815 520176 601214 412264 621831 274202 197751 570956 221585 559430 487193 227974 312599 458974 427675 330659 174202 351461 856205 467624 323877 190567 337400 75844 285303 823070 485556 116320 519524 219047 325805 192138 580856 253451 552512 489401 635791 645128 333818 417152 379381 286406 30771 652771 449303 704937 549979 230061 306804 604357 720883 838841 620207 660165 430159 298422 351957 552051 243989 105509 478946 310533 145485 374448 317921 326408 266535 550103 640235 268649 104428 290560 101767 79971 317554 594116 234754 138183 230355 196910 402378 587255
329423 999999999 175651 607834 660642 401337 439036 770621 584095 403177 344054 487871 368166 650023 250850 407436 480191 373079 423336 432570 356691 667906 861690 480079 355042 242105 545900 298941 326783 557122 95515 663609 200925 514647 466438 220422 901430 424061 520710 257787 116473 310425 154281 866534 810893 216006 194273 415918 214475 403258 431230 557658 278154 511889 620728 558911 45428 88520 550497 536979 326329 554279 764778 386306 842366 556045 171277 805041 792500 870455 785474 644207 283674 55294 301173 752166 502930 316009 204106 89066 472801 449095 468987 508833 514080 591515 936947 590869 349244 600676 319975 322834 105366 513489 174715 272536 447073 308370 220914 904826
334891 175651 999999999 553668 832160 574556 596249 915206 714435 516867 486467 663333 289977 655723 420158 530895 408290 466584 531078 601628 526070 734489 940423 564513 446074 341862 513100 466358 501396 538737 80884 756561 376553 390328 504600 385292 1054424 584946 401332 170545 287965 355554 306365 1019490 809631 229380 318206 498854 44483 314796 606422 498722 441876 661437 782123 730388 132359 203430 416506 442809 316391 727020 782002 505149 884397 526049 329572 902988 936935 1026246 898271 806269 455704 214304 455235 849350 418542 374847 372512 254679 474856 580281 337434 605106 421389 739143 975098 550858 299419 543783 272771 287154 272461 683491 302779 350477 524226 209093 394493 917914
294821 607834 553668 999999999 986673 808448 717045 875728 670771 517808 600998 915792 264132 224078 681142 1011270 148803 448881 503435 790132 895621 455480 636517 440436 440913 848552 86778 854238 775325 122014 564758 557266 722486 272012 295601 643208 1033084 728917 252703 383518 631270 354370 580072 1003813 311924 394243 801962 422711 524901 245352 862790 55482 846883 720376 867170 905399 600969 691165 304894 162397 286844 916785 335808 992092 481260 88983 601141 674333 891927 1026117 726046 889687 719096 585939 630381 633020 155284 374718 772688 602702 201420 600947 310669 491944 169936 762013 544402 49154 261625 12764 290966 285266 610979 856035 529216 422036 409475 346884 695963 435360
736174 660642 832160 986673 999999999 260325 274026 318130 367013 468867 399790 203647 884080 858898 412079 630147 941138 539081 484317 232153 408950 669764 719375 559750 549649 684350 899900 454825 337711 872356 751665 562623 469821 1060299 694528 448583 341540 269663 1056285 835267 544885 660676 532096 315589 978037 713256 639950 564509 864888 920502 244492 964562 486454 271037 142444 101793 706060 680178 1107545 1021785 761696 108488 890085 643834 852742 899179 506514 600988 330185 298262 517439 132070 377018 617874 397478 578666 979260 632403 511155 577481 785263 387440 1035750 519160 1002499 260384 929324 943025 832616 988156 816317 800791 559701 149995 554829 600408 581604 876029 439972 995744
528755 401337 574556 808448 260325 999999999 149009 449871 351647 321988 214107 107813 660110 730134 157942 434656 735230 371756 346584 60993 201954 603881 726167 437324 373761 441371 724085 224819 78158 707139 493743 528904 210060 834902 539021 197974 544473 121300 833639 594405 286591 458049 283054 511398 874110 480628 390933 412628 609045 697967 55980 776189 252328 225402 254376 159385 446675 420608 880023 812635 549391 153006 796027 439738 802781 726846 256460 625579 469991 506646 565368 273029 119332 360977 178241 584655 770779 434610 258429 320581 612560 275226 803854 419142 791521 288514 892608 770818 613885 807237 593133 581035 302779 120093 315531 391229 440351 639017 180432 922738
462345 439036 596249 717045 274026 149009 999999999 338971 204551 202549 127022 230029 612394 609171 198849 571187 667118 268167 222550 95608 344159 460713 577176 308542 277086 545060 630500 354222 190725 606133 519296 380563 290389 788270 430063 219823 462487 28171 783621 572620 325698 386740 290300 427627 744373 446966 488166 299095 622821 648267 198113 692464 376339 84828 187214 188432 482871 484726 835960 747764 488270 201132 662322 572627 658523 630799 268908 477802 360594 431595 421457 211840 185119 387757 141063 435948 705239 358378 358200 350063 515963 135141 766008 281130 728532 161404 746849 674944 559934 717819 544822 528501 333748 140063 298950 327571 321131 610125 242090 784076
701039 770621 915206 875728 318130 449871 338971 999999999 216736 417446 429442 465057 861983 693934 537753 882469 879210 487580 414784 390551 648651 459722 435989 443450 506500 880993 793569 674485 516088 753725 842992 340608 628534 1027018 588433 556024 157967 360892 1017405 856897 661108 630426 617234 128145 773328 729481 825428 484581 935612 892039 473172 871179 700979 259389 207364 343739 812656 822410 1075953 958975 731431 366597 682084 889040 604571 787817 599447 315993 21878 152593 225748 199927 522376 717005 469822 312814 918618 600193 693726 681879 688370 339138 1018817 388894 944562 179480 664669 827114 805442 881150 799773 779315 666707 346592 612530 593339 482803 884016 580997 758586
484344 584095 714435 670771 367013 351647 204551 216736 999999999 203570 241988 415408 645286 508451 379630 774143 664489 271511 198597 293359 548686 303001 378496 231599 290843 732124 586378 556394 393608 549572 646766 197506 476607 810616 377904 385673 373008 232694 801270 643747 484138 414238 430304 340745 614650 517374 672895 268184 731050 675319 395892 661672 576559 128216 225843 327909 622946 647318 859568 744819 514775 349239 525331 774290 487752 581945 417395 273969 236564 359379 218656 242269 378147 528966 295486 234977 703976 384148 549141 498155 477471 135348 802085 178841 729754 107001 568477 623087 588731 675136 583393 562798 485178 298656 415562 380435 268469 668965 425003 628778
288411 403177 516867 517808 468867 321988 202549 417446 203570 999999999 113523 421723 448293 409781 259255 672808 482522 74330 26713 287005 476267 301240 469570 116976 90708 588393 431034 461795 321159 404471 453947 265396 348840 618760 227642 244608 570073 219057 611191 440256 320896 214870 257220 536424 552181 313832 527920 96636 530605 480531 377734 497028 472204 205654 353664 390262 437305 477367 667588 563877 317927 403659 475434 666013 498146 430427 253049 402651 438104 551100 384137 377305 279183 348339 170933 350337 521740 184402 422810 324702 316407 86932 605506 116059 546512 261768 591935 474374 392315 519386 384118 364382 315558 342598 228614 176867 119722 466578 299110 605691
336633 344054 486467 600998 399790 214107 127022 429442 241988 113523 999999999 318391 485385 516559 151930 565451 542573 157807 139957 189147 363200 412317 568045 230394 161265 497063 515321 351396 207649 495417 413550 362420 246794 661317 325077 147243 568651 131098 656824 448247 242206 261479 189773 533779 663176 321479 436920 198927 508988 521336 270058 572834 364051 175924 310037 308995 384609 405332 708958 622766 361906 317922 588116 560466 610396 517021 175496 487952 451259 542122 452781 334856 166977 289419 61087 438519 580266 234067 321336 256849 402044 110495 639083 224659 603144 252699 703608 561208 433113 600791 417801 401562 243393 258250 183784 200750 227812 484315 195149 719141
636484 487871 663333 915792 203647 107813 230029 465057 415408 421723 318391 999999999 766057 831446 258604 430847 842820 476087 445004 135991 205393 690430 793868 534405 479293 482443 831155 252127 164274 813279 582615 605189 287946 940161 643229 299873 530073 206539 939390 696218 377772 565855 384008 500004 971717 585613 440678 515026 700292 804039 58469 883917 284071 287905 257755 124473 532370 492993 984753 919960 656873 104321 891164 442723 887586 833664 357308 685878 482694 488585 616365 268281 217851 453272 285931 650108 878194 542288 316316 413559 719112 364592 907732 510646 898735 331319 974699 877713 720674 914718 699401 687791 396068 122586 420105 499035 541246 741987 271556 1014064
160944 368166 289977 264132 884080 660110 612394 861983 645286 448293 485385 766057 999999999 399503 509786 775318 118723 375391 447626 660433 697235 547186 755555 431388 357619 600739 233894 647048 607557 269082 308998 609326 522119 176275 310894 468403 1017035 614424 173611 121274 422012 233534 388764 983817 540122 181936 560125 379265 260888 38208 708413 208935 633120 646279 791033 789350 351922 443918 223580 169078 130645 794684 529621 753462 653550 248015 414428 751757 881820 999260 774701 815638 550752 360492 490088 700853 135293 263993 556699 387686 236836 533544 157224 484842 146149 709471 736057 265765 56619 253976 67790 84552 400523 738180 346676 285162 387961 83213 509930 656610
326598 650023 655723 224078 858898 730134 609171 693934 508451 409781 516559 831446 399503 999999999 636660 1022118 321501 361060 387278 696710 861935 244628 412906 301525 363756 887658 179634 833389 718096 134123 639153 357910 703917 476951 199210 606632 847438 628012 459209 493824 632255 342287 568717 821086 161148 442570 832624 317635 639644 400520 786099 252365 834547 588187 725863 792525 658930 738533 516860 371540 340253 808244 130118 1008158 263584 165644 582056 458783 707510 846511 519454 745628 667636 611523 563241 422175 348263 345023 768287 613753 181687 477102 503293 339868 370875 610816 338616 179852 365191 234768 387305 370072 615787 747724 517738 396433 290207 476227 664632 262204
390808 250850 420158 681142 412079 157942 198849 537753 379630 259255 151930 258604 509786 636660 999999999 414110 593324 279750 285869 181914 225322 560491 719917 372334 273703 352593 600350 203176 97868 590713 339842 514327 97142 682614 437931 41465 658075 179001 682494 437758 134380 326841 125618 623458 790996 328301 293749 327573 452996 547938 200237 643552 213051 280254 372296 310357 296139 286979 726699 667997 407592 307998 722204 408601 756786 605225 98916 637512 559409 624899 596556 395192 41030 205856 90845 589052 626986 308808 170870 165526 494909 258315 649268 374238 646191 359324 850930 648048 466885 678359 444057 434038 147800 263425 163142 259356 360101 483386 45375 857325
722458 407436 530895 1011270 630147 434656 571187 882469 774143 672808 565451 430847 775318 1022118 414110 999999999 887455 683677 699262 495469 233819 973689 1131894 783267 673239 191319 943763 217953 380672 948312 475896 926857 325920 913194 825002 430222 960546 543565 921368 661498 390347 683371 453495 929899 1181936 617042 216603 732413 575186 809811 410253 962772 201442 654472 679717 554180 425970 335124 944236 943758 725358 535064 1121634 28830 1168291 952517 441907 1043314 901930 919332 992322 694096 401674 425439 504527 997288 910288 677317 255407 412673 857102 667309 863447 788242 920909 722585 1263001 990282 755833 1004863 726764 728154 407989 538095 504406 625701 765832 711327 373886 1259946
207086 480191 408290 148803 941138 735230 667118 879210 664489 482522 542573 842820 118723 321501 593324 887455 999999999 408381 475318 727218 794375 510996 711722 436283 394511 716515 142345 747554 690730 187763 426560 592586 618768 161768 295449 552874 1036809 673670 146812 239962 521490 281163 479499 1005069 444491 277262 673809 397808 377618 96574 786699 93441 736252 687652 835400 851491 467431 559135 207465 81356 186147 859555 448729 866486 584409 156741 503485 726505 897640 1023705 762720 859350 633496 466436 558948 679024 39510 308791 660290 489315 199436 569422 181876 491135 65363 742105 659287 160513 132899 137696 161205 163611 500266 800590 432295 345267 396438 199747 600100 565437
214900 373079 466584 448881 539081 371756 268167 487580 271511 74330 157807 476087 375391 361060 279750 683677 408381 999999999 72916 344903 504374 299225 488615 107531 20734 579611 362341 481414 357180 339263 410507 293022 358032 544804 167282 254909 641792 280856 537038 374826 309234 142847 242205 608465 512134 251488 519880 48736 475779 407003 427645 425500 487078 279363 427272 456553 401797 454136 593674 489736 244785 468334 442508 673862 486707 362827 245901 437904 507814 623958 432642 451089 307937 320572 202240 384346 447546 112650 428871 304570 247864 161237 532588 139078 472249 335837 581932 407018 319142 449750 312250 292005 299192 407432 201739 116718 82193 397790 312918 578387
286815 423336 531078 503435 484317 346584 222550 414784 198597 26713 139957 445004 447626 387278 285869 699262 475318 72916 999999999 309679 502894 274628 445284 91101 92509 612926 416722 488483 347503 388040 470475 242125 374978 615600 210248 270602 569411 240735 607255 446807 344486 215685 279923 536258 527599 322075 552491 80796 542956 478630 402156 485064 498766 217105 364600 408845 456160 499244 664536 556546 316983 423112 449951 692293 471434 415348 277037 381706 434953 552332 367565 387691 305874 368871 197644 328916 514732 185553 448802 346780 302519 97515 604726 90457 539900 266791 565242 459000 391220 505573 384989 364586 338315 362169 248639 185465 98708 470602 325476 579534
520176 432570 601628 790132 232153 60993 95608 390551 293359 287005 189147 135991 660433 696710 181914 495469 727218 344903 309679 999999999 262947 556098 669921 398612 350058 495174 704458 284059 127717 683896 521554 475468 253127 836508 511144 216834 491018 70685 833815 604864 316128 446626 299955 457347 835829 485205 442539 381591 633404 697673 103265 761340 310475 165949 200336 131641 477926 461586 882864 806353 543257 134381 755180 500154 754087 706060 274467 567246 410955 454599 505344 220920 150727 387453 170347 527527 764044 420767 309477 347258 591027 228922 808989 374869 785979 227521 842443 750262 611289 789851 592755 578795 329597 82243 323908 382086 406721 646942 214853 878586
601214 356691 526070 895621 408950 201954 344159 648651 548686 476267 363200 205393 697235 861935 225322 233819 794375 504374 502894 262947 999999999 774979 916456 592340 498953 283961 817866 60936 159110 811747 450000 714190 175668 860019 663068 256922 730288 316056 863391 603095 275273 544291 316304 698889 1016166 518188 251154 551646 568073 735012 177190 854220 90837 425280 446517 324793 395183 331175 899569 863460 613230 307411 946268 241514 973474 823830 294486 821277 668142 689884 765086 461653 197605 342249 306019 777762 824578 529504 153603 310316 716265 453679 818702 587063 840836 490467 1066333 865669 662785 891720 636572 631003 296764 305012 366477 478355 583643 653030 200721 1080121
412264 667906 734489 455480 669764 603881 460713 459722 303001 301240 412317 690430 547186 244628 560491 973689 510996 299225 274628 556098 774979 999999999 209743 192847 314950 878660 387414 762894 617301 340054 691875 119152 648667 672662 239294 544090 608845 485798 657707 602826 608208 378952 541311 584470 316110 505239 818767 253026 732884 563132 656916 468734 773381 412153 528837 622523 692193 751496 718237 579119 439266 642041 225187 966205 199197 377046 543593 219193 471196 611633 274827 544718 579269 617287 471692 178286 546227 361601 721890 603513 315401 328663 684877 187917 571885 409993 291360 406962 496596 464073 507004 485202 598416 585742 500292 396980 220981 604986 599806 327418
621831 861690 940423 636517 719375 726167 577176 435989 378496 469570 568045 793868 755555 412906 719917 1131894 711722 488615 445284 669921 916456 209743 999999999 382055 506947 1057963 579729 915171 757743 531323 893775 205680 814328 873252 449023 711777 552306 605060 857290 812349 789695 585345 724550 538271 409717 711914 997487 447333 940652 769906 773064 659088 930617 506485 579338 700500 889617 941746 917232 774671 648992 722888 330120 1128070 199918 567671 722316 120586 437893 569871 210320 587305 730290 808883 629094 144057 744922 565751 888877 790315 521155 464805 889259 355552 769845 470631 234084 590568 705795 646759 716676 694907 782851 675845 689137 596252 418447 814656 763018 351398
274202 480079 564513 440436 559750 437324 308542 443450 231599 116976 230394 534405 431388 301525 372334 783267 436283 107531 91101 398612 592340 192847 382055 999999999 125043 685987 355304 575504 438036 320288 513198 192320 457530 587724 146313 353058 601325 328759 576895 455248 415546 217466 348787 570191 437378 340626 626016 65912 569586 457424 492739 430074 584089 288763 431351 491015 507570 561637 636407 515641 304792 506766 358895 774907 385054 351459 350747 339186 461553 590258 346522 452767 394854 427945 286373 285658 475582 192373 530136 411976 245927 175578 585003 54877 501639 322171 479749 393439 375262 444323 375962 354071 406224 446351 309266 215537 43881 469785 409744 488748
197751 355042 446074 440913 549649 373761 277086 506500 290843 90708 161265 479293 357619 363756 273703 673239 394511 20734 92509 350058 498953 314950 506947 125043 999999999 564975 354784 473744 354840 334160 390604 312724 348314 528247 166779 246482 660146 288020 520917 354538 295004 124340 227847 626660 517305 230845 505529 62023 455074 389844 429412 415385 478148 293426 440954 464986 382879 437040 577040 475804 227219 475930 450164 662716 499720 356058 233288 457978 526867 641681 453349 464999 303882 303113 200566 404387 433460 93917 417993 288619 240991 176835 514840 159270 457852 352355 595022 400272 301607 441238 293763 273826 284038 415282 185343 96022 95039 378157 304736 587228
570956 242105 341862 848552 684350 441371 545060 880993 732124 588393 497063 482443 600739 887658 352593 191319 716515 579611 612926 495174 283961 878660 1057963 685987 564975 999999999 787968 230495 367459 798877 293750 853312 256095 728615 697913 349838 985571 521012 737912 482779 270454 545552 337405 952209 1048804 458109 60493 626893 385803 633245 441015 797403 198406 629203 694958 591580 249088 157575 757512 766894 568434 577916 997946 164316 1063930 798150 336214 984559 902139 948013 948241 714286 359942 276139 438484 934276 735946 546276 187282 278451 713031 607145 677426 703193 744299 706250 1159206 832763 588112 840991 558663 563290 281106 560266 381233 497798 660006 531273 307232 1138023
221585 545900 513100 86778 899900 724085 630500 793569 586378 431034 515321 831155 233894 179634 600350 943763 142345 362341 416722 704458 817866 387414 579729 355304 354784 787968 999999999 778707 693278 48415 513128 482176 646535 297941 209668 563354 951283 642672 280614 343529 558635 273944 504164 921473 306933 329933 738564 335974 489739 227501 778765 81469 773070 633716 780650 818894 544013 631809 339299 195154 219705 830466 306396 925847 443095 14568 523958 606351 810259 943133 652346 803256 637537 518903 546352 562301 168901 292117 700120 532116 114671 514236 323828 407599 192234 676209 516951 47807 213702 89219 241100 229978 538994 769656 452596 341046 323265 315782 617423 425661
559430 298941 466358 854238 454825 224819 354222 674485 556394 461795 351396 252127 647048 833389 203176 217953 747554 481414 488483 284059 60936 762894 915171 575504 473744 230495 778707 999999999 163510 775486 391170 710669 132223 806777 634199 227382 765986 326920 810849 549156 226091 506907 274558 733617 990110 470385 192813 529701 508716 684495 213853 810994 32236 438191 477809 364795 336172 270329 845333 814549 569319 349656 923713 218414 959763 785441 255485 825418 694724 726783 774762 495012 185259 288576 291266 779646 776482 494706 94846 259406 680744 450367 764168 575805 791783 508704 1053723 826397 615141 849723 588170 583943 247401 338343 326162 442833 562550 599437 169116 1059716
487193 326783 501396 775325 337711 78158 190725 516088 393608 321159 207649 164274 607557 718096 97868 380672 690730 357180 347503 127717 159110 617301 757743 438036 354840 367459 693278 163510 999999999 681126 420519 555114 132140 779989 521498 139160 618513 163431 780097 533023 214259 421128 221261 584956 868452 425928 315134 402522 537321 645723 106056 739130 186614 274741 327783 237302 371869 342643 823751 765742 504791 229676 795141 381923 816196 697475 194712 664368 536854 581632 611652 347737 57239 289615 154962 619867 724641 401163 182118 249648 585413 294569 745839 429481 743981 346424 908521 740775 564723 772986 541918 531867 232057 197776 260978 353398 433227 579502 107577 926775
227974 557122 538737 122014 872356 707139 606133 753725 549572 404471 495417 813279 269082 134123 590713 948312 187763 339263 388040 683896 811747 340054 531323 320288 334160 798877 48415 775486 681126 999999999 532146 437255 643371 345580 177950 555386 911070 619997 328495 371588 559809 268622 501984 881819 272510 341995 747413 308083 518392 267342 762450 128841 771840 603853 749591 794420 559073 644449 387454 243545 232565 807028 263023 931579 396646 36994 520000 559175 769913 904213 606939 771684 626453 525961 530873 515801 216411 282352 700549 535640 95818 485177 369639 370881 240199 642415 472653 73567 240988 128026 266161 251930 541012 746003 449993 333422 291707 348625 611048 387534
312599 95515 80884 564758 751665 493743 519296 842992 646766 453947 413550 582615 308998 639153 339842 475896 426560 410507 470475 521554 450000 691875 893775 513198 390604 293750 513128 391170 420519 532146 999999999 703309 296314 437311 471714 305752 979479 506919 445577 189400 207159 316285 229009 944526 797386 197468 259458 447330 119024 340212 525609 511589 368365 587019 704234 649876 55105 140869 469340 473481 300744 646293 761161 451932 853130 524883 251108 848377 864807 950342 837797 728207 374995 134120 378676 794841 443621 330460 296549 174322 457685 511672 388148 549533 450993 665550 945927 554889 303358 556140 274267 283218 192045 603262 231533 297762 475339 237525 313620 899677
458974 663609 756561 557266 562623 528904 380563 340608 197506 265396 362420 605189 609326 357910 514327 926857 592586 293022 242125 475468 714190 119152 205680 192320 312724 853312 482176 710669 555114 437255 703309 999999999 608651 751847 300697 506242 490762 407746 738609 644936 586264 408489 522040 465776 434393 532778 792819 257724 761887 630930 578545 563292 725471 318629 420370 524801 694231 741113 799239 666381 488737 545709 343192 922659 290426 473645 518439 146959 352348 492658 170609 434303 525521 609743 423488 93629 630107 384422 683203 588811 393152 260789 756962 154834 656304 302475 371578 508135 554891 564626 559624 537475 580433 492907 489433 406645 234262 655885 557343 434574
427675 200925 376553 722486 469821 210060 290389 628534 476607 348840 246794 287946 522119 703917 97142 325920 618768 358032 374978 253127 175668 648667 814328 457530 348314 256095 646535 132223 132140 643371 296314 608651 999999999 687025 505015 104580 741849 267646 689682 431707 101282 374760 142478 707668 861857 342550 198057 406751 414985 560021 232497 679895 130659 373846 452224 369393 244819 210549 727769 687883 438442 361663 798100 317541 842468 653224 123450 734016 649969 706652 693696 473641 106392 173433 186236 685121 648918 363134 74568 137578 548784 354891 647513 464833 665290 451789 937271 694241 487118 718156 460969 455349 122567 328571 193954 311147 440108 480941 52003 935539
330659 514647 390328 272012 1060299 834902 788270 1027018 810616 618760 661317 940161 176275 476951 682614 913194 161768 544804 615600 836508 860019 672662 873252 587724 528247 728615 297941 806777 779989 345580 437311 751847 687025 999999999 452235 641149 1183580 790636 19673 257867 585808 405818 559403 1150980 583800 354552 696753 542464 349123 140029 882212 227617 789775 819787 965537 965605 488506 578157 48961 109621 302112 970810 600318 889020 740509 311534 585628 887522 1046203 1167828 921331 990038 723644 518252 666189 839475 129175 435966 713719 549999 359513 705050 55886 642439 106155 880527 811006 302850 228696 259255 244065 259771 564462 914439 520075 460754 545933 207388 679578 707094
174202 466438 504600 295601 694528 539021 430063 588433 377904 227642 325077 643229 310894 199210 437931 825002 295449 167282 210248 511144 663068 239294 449023 146313 166779 697913 209668 634199 521498 177950 471714 300697 505015 452235 999999999 407442 746400 445318 439756 364468 436493 156957 371639 715694 357150 276604 641127 131008 498758 330619 594889 283771 635673 425943 572011 617898 481979 554381 500148 372866 200228 631192 300049 811923 381491 206756 383765 441121 606013 736248 469278 594319 469812 422980 367342 390788 334128 151672 570374 420694 99943 307244 456281 199877 360384 466548 474284 249762 258444 298870 267765 245922 421130 570123 321555 200953 114005 365737 465423 440110
351461 220422 385292 643208 448583 197974 219823 556024 385673 244608 147243 299873 468403 606632 41465 430222 552874 254909 270602 216834 256922 544090 711777 353058 246482 349838 563354 227382 139160 555386 305752 506242 104580 641149 407442 999999999 682156 203719 641049 396783 105878 289433 85100 647335 762798 286856 289678 303495 416572 506566 241566 604642 232188 296722 400333 347193 265061 266538 685252 627115 367438 346095 696617 422121 738070 568677 58612 634885 577839 650464 599431 423891 82495 171808 90203 584982 586238 273036 178209 132336 459734 257522 607898 360663 605235 376598 832806 611130 425841 640116 402799 393023 115222 299008 121840 222495 336679 442142 58275 833207
856205 901430 1054424 1033084 341540 544473 462487 157967 373008 570073 568651 530073 1017035 847438 658075 960546 1036809 641792 569411 491018 730288 608845 552306 601325 660146 985571 951283 765986 618513 911070 979479 490762 741849 1183580 746400 682156 999999999 479330 1174278 1006731 788014 784446 750948 34953 917821 878778 933551 641190 1077636 1047781 553812 1029077 795267 393030 290731 406373 945005 945032 1232536 1116724 886390 425755 827045 971167 736632 945375 730760 438666 141171 43646 351432 271475 636089 849588 601284 448459 1076246 754057 800488 812398 846337 488259 1174126 546824 1102144 316675 786198 984363 960623 1038662 953900 933792 796202 427645 752280 744002 640372 1035934 698387 892209
467624 424061 584946 728917 269663 121300 28171 360892 232694 219057 131098 206539 614424 628012 179001 543565 673670 280856 240735 70685 316056 485798 605060 328759 288020 521012 642672 326920 163431 619997 506919 407746 267646 790636 445318 203719 479330 999999999 786671 569245 309254 392569 278598 444639 765688 445160 464763 314828 613035 650847 171601 702535 349555 111338 197316 178007 468467 465928 837915 753841 492542 187936 684660 545328 684075 643548 255817 505969 382325 446911 449364 221338 161533 374111 132331 464013 711347 365097 333836 335515 528489 158243 766534 304190 734158 185435 772953 687759 563042 729239 546669 531152 318729 127549 291905 331023 338612 608326 220795 807912
323877 520710 401332 252703 1056285 833639 783621 1017405 801270 611191 656824 939390 173611 459209 682494 921368 146812 537038 607255 833815 863391 657707 857290 576895 520917 737912 280614 810849 780097 328495 445577 738609 689682 19673 439756 641049 1174278 786671 999999999 263100 588623 399457 560123 1141869 564568 354193 704793 533101 360882 136142 881622 209030 794508 813276 959535 962323 495945 586244 60696 90393 296063 967985 581950 897507 722686 294038 586159 873283 1036412 1159136 908414 983956 723508 522291 663473 825625 112439 429377 718283 553113 345720 697741 72123 631704 88403 872875 792545 284236 223712 239954 241094 255545 567204 911141 519581 456081 535517 212457 680765 687913
190567 257787 170545 383518 835267 594405 572620 856897 643747 440256 448247 696218 121274 493824 437758 661498 239962 374826 446807 604864 603095 602826 812349 455248 354538 482779 343529 549156 533023 371588 189400 644936 431707 257867 364468 396783 1006731 569245 263100 999999999 330499 238081 312215 972440 643834 128065 445133 393756 146804 150861 637771 328834 531908 620649 758187 736358 235671 327368 296479 284140 164698 738421 622418 638600 734437 356769 338920 791391 877824 984294 801038 783002 478373 260890 438149 738491 254583 265359 455880 294148 316500 518633 215840 503823 261608 691553 822059 380442 130650 373871 106522 124637 309450 685922 280988 263609 411795 50643 428870 755451
337400 116473 287965 631270 544885 286591 325698 661108 484138 320896 242206 377772 422012 632255 134380 390347 521490 309234 344486 316128 275273 608208 789695 415546 295004 270454 558635 226091 214259 559809 207159 586264 101282 585808 436493 105878 788014 309254 588623 330499 999999999 293198 67157 753201 792567 244294 210647 356766 323108 459750 320047 586501 215860 401720 505171 443099 161799 163311 626489 588793 344923 439166 735402 375903 794600 566395 68353 721765 682953 756145 693323 528450 167938 75512 192047 670225 550471 287242 141547 36720 467389 351657 546273 434231 566082 481628 889909 605941 389053 626179 362180 357887 21492 397211 114942 235979 390018 379663 106797 874844
75844 310425 355554 354370 660676 458049 386740 630426 414238 214870 261479 565855 233534 342287 326841 683371 281163 142847 215685 446626 544291 378952 585345 217466 124340 545552 273944 506907 421128 268622 316285 408489 374760 405818 156957 289433 784446 392569 399457 238081 293198 999999999 233528 750993 503411 126569 490341 155813 355699 266541 511204 318641 503366 413974 560089 570334 325021 398728 454389 361298 103749 578479 454371 668090 537345 279560 251438 555371 650637 765963 562958 584500 364752 269451 280144 502113 318792 30472 432828 272160 174582 300048 390701 265820 341826 475954 630766 321735 177892 351863 169460 149514 275445 519428 181515 67731 174383 256411 343665 594451
285303 154281 306365 580072 532096 283054 290300 617234 430304 257220 189773 384008 388764 568717 125618 453495 479499 242205 279923 299955 316304 541311 724550 348787 227847 337405 504164 274558 221261 501984 229009 522040 142478 559403 371639 85100 750948 278598 560123 312215 67157 233528 999999999 715999 728446 206890 277742 289629 335063 426964 325568 537962 269862 359346 475761 431087 195429 220717 602717 551078 296977 430699 669655 440330 727455 511014 26709 659519 639107 721413 634792 499907 166159 99847 149752 607464 511106 224440 200002 68412 408055 295707 524588 369007 528796 438574 822764 551842 349456 575848 324766 317049 58393 382180 52013 172522 322866 358270 121313 808838
823070 866534 1019490 1003813 315589 511398 427627 128145 340745 536424 533779 500004 983817 821086 623458 929899 1005069 608465 536258 457347 698889 584470 538271 570191 626660 952209 921473 733617 584956 881819 944526 465776 707668 1150980 715694 647335 34953 444639 1141869 972440 753201 750993 715999 999999999 895618 844451 899868 608786 1042767 1014811 522080 998810 762666 358114 257252 375860 910084 910432 1199940 1085190 853177 395795 804589 940057 718560 915829 695834 422252 113605 32352 333439 238669 601792 814656 566340 428406 1044536 720577 766813 777496 815632 454132 1140965 515898 1070372 281963 771419 955227 927463 1009177 920419 900414 761321 395347 717381 709903 608718 1001950 663939 873860
485556 810893 809631 311924 978037 874110 744373 773328 614650 552181 663176 971717 540122 161148 790996 1181936 444491 512134 527599 835829 1016166 316110 409717 437378 517305 1048804 306933 990110 868452 272510 797386 434393 861857 583800 357150 762798 917821 765688 564568 643834 792567 503411 728446 895618 999999999 601849 993731 465944 790593 534195 929747 358459 992497 711717 839464 921077 818920 899379 616290 474195 496990 938621 91272 1168412 214312 292543 740915 492363 783390 923958 570412 856830 820071 772670 713644 470927 462133 505516 927506 774646 340071 609513 620010 464867 480100 721125 246758 284751 513363 324652 537909 522505 776394 879390 677825 556593 435515 620786 821023 123549
116320 216006 229380 394243 713256 480628 446966 729481 517374 313832 321479 585613 181936 442570 328301 617042 277262 251488 322075 485205 518188 505239 711914 340626 230845 458109 329933 470385 425928 341995 197468 532778 342550 354552 276604 286856 878778 445160 354193 128065 244294 126569 206890 844451 601849 999999999 408893 276276 229505 220144 527666 346182 459081 492820 631498 615881 217671 302606 399395 345397 110327 619509 563719 597919 657830 340042 232491 679726 750512 856229 682552 656316 369318 191920 315951 626251 306420 148368 383279 212183 261786 390838 323940 385555 322873 563488 749857 375182 144778 387856 118480 113755 223026 564980 165525 137021 298673 163221 328143 702408
519524 194273 318206 801962 639950 390933 488166 825428 672895 527920 436920 440678 560125 832624 293749 216603 673809 519880 552491 442539 251154 818767 997487 626016 505529 60493 738564 192813 315134 747413 259458 792819 198057 696753 641127 289678 933551 464763 704793 445133 210647 490341 277742 899868 993731 408893 999999999 567365 362689 594066 395508 751930 160937 571869 642835 544665 209483 118596 728412 728049 518882 532351 941140 193517 1004868 748267 275908 924227 846722 896759 888536 662860 303269 221953 378658 873868 695341 489705 133063 220612 659868 547121 647406 642785 705253 649549 1100167 784066 543407 794897 514086 517091 222154 510740 322602 440482 600565 494823 248495 1081101
219047 415918 498854 422711 564509 412628 299095 484581 268184 96636 198927 515026 379265 317635 327573 732413 397808 48736 80796 381591 551646 253026 447333 65912 62023 626893 335974 529701 402522 308083 447330 257724 406751 542464 131008 303495 641190 314828 533101 393756 356766 155813 289629 608786 465944 276276 567365 999999999 504628 407974 468607 404486 535682 297899 445308 486896 442415 498646 591410 478731 249803 500226 394706 722564 438363 334772 294203 404355 503902 626472 407418 468294 354641 364551 247707 350748 437311 128829 477586 350629 221723 178292 535226 110074 462816 345357 533630 378536 322664 424786 320190 298781 346026 439158 247316 149631 33514 411311 361420 530016
325805 214475 44483 524901 864888 609045 622821 935612 731050 530605 508988 700292 260888 639644 452996 575186 377618 475779 542956 633404 568073 732884 940652 569586 455074 385803 489739 508716 537321 518392 119024 761887 414985 349123 498758 416572 1077636 613035 360882 146804 323108 355699 335063 1042767 790593 229505 362689 504628 999999999 282303 642908 469567 484801 684782 809590 763265 173064 247649 373713 406770 304164 760815 767553 549328 875358 503151 359483 908770 957214 1050667 908421 833961 489790 248102 481874 855222 384892 377711 414474 288467 460608 598287 295454 612829 385916 761375 964584 525304 277441 514527 252850 269581 306266 715548 325586 359063 528022 178048 429904 901598
192138 403258 314796 245352 920502 697967 648267 892039 675319 480531 521336 804039 38208 400520 547938 809811 96574 407003 478630 697673 735012 563132 769906 457424 389844 633245 227501 684495 645723 267342 340212 630930 560021 140029 330619 506566 1047781 650847 136142 150861 459750 266541 426964 1014811 534195 220144 594066 407974 282303 999999999 746446 189930 670196 680303 825723 826248 385111 477093 188133 133983 162823 831846 530194 787555 659082 242010 452635 771514 911622 1030869 797999 850260 588894 397388 527333 721405 104137 296855 593761 425227 248798 566389 127594 511516 111204 742161 738864 253625 88826 234264 104998 119774 438258 775068 384814 320731 414503 105790 548118 653075
580856 431230 606422 862790 244492 55980 198113 473172 395892 377734 270058 58469 708413 786099 200237 410253 786699 427645 402156 103265 177190 656916 773064 492739 429412 441015 778765 213853 106056 762450 525609 578545 232497 882212 594889 241566 553812 171601 881622 637771 320047 511204 325568 522080 929747 527666 395508 468607 642908 746446 999999999 829713 244538 267896 269484 151008 475993 440141 926648 863355 600605 136991 851246 418703 855475 781743 298873 669464 492242 513917 605312 284480 159423 395494 232439 630450 821733 488458 267086 355630 667673 328442 849463 473304 841991 323109 944551 825644 663565 861368 641945 630668 338073 127883 362142 443993 496265 683618 213555 977196
253451 557658 498722 55482 964562 776189 692464 871179 661672 497028 572834 883917 208935 252365 643552 962772 93441 425500 485064 761340 854220 468734 659088 430074 415385 797403 81469 810994 739130 128841 511589 563292 679895 227617 283771 604642 1029077 702535 209030 328834 586501 318641 537962 998810 358459 346182 751930 404486 469567 189930 829713 999999999 802360 701903 849638 880112 549112 639860 265101 119663 241708 890365 373010 943019 514951 91911 560044 687749 888268 1019802 733590 872746 682379 538086 597986 643768 103816 341671 727467 556734 184475 582196 261550 483462 122168 748370 583525 75233 209383 45062 238837 234887 565854 830061 487975 386200 395360 291526 655812 481097
552512 278154 441876 846883 486454 252328 376339 700979 576559 472204 364051 284071 633120 834547 213051 201442 736252 487078 498766 310475 90837 773381 930617 584089 478148 198406 773070 32236 186614 771840 368365 725471 130659 789775 635673 232188 795267 349555 794508 531908 215860 503366 269862 762666 992497 459081 160937 535682 484801 670196 244538 802360 999999999 460860 506279 395545 313260 243103 827310 801419 560759 380838 928233 198252 969043 780324 253204 843435 721428 756400 795195 523998 200771 272892 303189 796757 764090 492986 76437 246937 677824 466274 745934 587284 778568 533014 1063446 820589 603463 841930 575931 572836 236617 367732 321866 440932 568860 582422 174509 1065251
489401 511889 661437 720376 271037 225402 84828 259389 128216 205654 175924 287905 646279 588187 280254 654472 687652 279363 217105 165949 425280 412153 506485 288763 293426 629203 633716 438191 274741 603853 587019 318629 373846 819787 425943 296722 393030 111338 813276 620649 401720 413974 359346 358114 711717 492820 571869 297899 684782 680303 267896 701903 460860 999999999 148011 210633 554477 563218 868314 768995 517681 229889 625676 656577 605279 632062 340612 401575 281233 366223 340075 171726 269392 458793 210749 363162 726730 383915 442626 422962 519617 119716 802641 248967 751241 79909 689778 675505 591499 722643 579988 561730 407558 174600 359293 363088 312211 653953 324510 739376
635791 620728 782123 867170 142444 254376 187214 207364 225843 353664 310037 257755 791033 725863 372296 679717 835400 427272 364600 200336 446517 528837 579338 431351 440954 694958 780650 477809 327783 749591 704234 420370 452224 965537 572011 400333 290731 197316 959535 758187 505171 560089 475761 257252 839464 631498 642835 445308 809590 825723 269484 849638 506279 148011 999999999 137065 665374 658056 1013855 916722 663550 160248 750686 687974 710354 778597 453134 462245 224983 254469 381613 24819 347282 571331 327751 437515 874405 530308 509773 532503 666878 267528 946579 386587 898787 118844 787004 821772 736911 869719 724145 706541 515541 141622 486164 506319 458014 794171 410534 854006
645128 558911 730388 905399 101793 159385 188432 343739 327909 390262 308995 124473 789350 792525 310357 554180 851491 456553 408845 131641 324793 622523 700500 491015 464986 591580 818894 364795 237302 794420 649876 524801 369393 965605 617898 347193 406373 178007 962323 736358 443099 570334 431087 375860 921077 615881 544665 486896 763265 826248 151008 880112 395545 210633 137065 999999999 604334 579933 1012366 931487 669512 23382 835811 564979 813935 819230 405319 587067 360522 365397 511182 144815 275257 516112 300062 556692 889019 543057 414007 475711 704383 315477 939313 456572 911627 229923 896248 863375 739073 906064 721571 706859 457926 51182 455463 507874 507512 778065 338354 949872
