NAME : synthetic_000097
TYPE : CTSP-D
DIMENSION : 100
GROUPS : 8
RELAXATION_LEVEL : 1
EDGE_WEIGHT_TYPE : EXPLICIT
EDGE_WEIGHT_FORMAT : FULL_MATRIX
EDGE_WEIGHT_SECTION
999999999 761192 463206 558135 804881 388648 693658 795086 828286 639662 491407 629185 295970 902434 300726 179032 591244 818451 163517 270123 407178 842920 743437 886009 192888 495635 1137477 152038 632135 318666 982881 542459 496113 605130 939721 418940 1052583 870668 865701 1094042 886724 508249 713300 268565 641653 946085 176161 883468 834374 681375 283281 604310 886437 356567 972932 1060189 585946 145931 695039 126251 467004 911041 250104 625313 650844 786296 240788 413692 294473 289262 272705 507273 469767 897393 704192 999960 285652 455840 716737 674727 917061 632987 517092 576045 310093 412886 999406 743696 619873 469868 529674 1021294 867229 703340 604288 897133 283860 549087 827004 1001655
761192 999999999 507000 958048 365026 724659 486144 159293 786252 127231 652336 151672 839157 735983 544760 624431 827701 1097470 741064 517139 373438 945895 31896 452667 610961 515047 672392 821635 252605 442644 679238 985530 639800 281452 338198 606662 765857 818729 1012638 646863 661931 410167 161080 956601 145194 747566 853854 766057 353210 391422 824159 857589 579618 944520 1145023 593362 407826 880685 894169 663722 752434 741716 977471 916217 167852 161301 549971 442447 860253 836604 856025 276889 372952 808997 206355 439834 569236 327365 80585 313403 859961 212388 758050 289139 599323 349940 563356 847372 745882 815419 648137 494564 295172 95270 994336 925754 717159 273154 339693 600491
463206 507000 999999999 451130 371182 227079 231080 449509 416897 440353 149373 458182 377142 457161 165699 285191 330641 610268 345401 407719 218570 510226 476927 436426 272356 35392 677944 429634 269687 295669 521005 480143 138627 236174 533029 103861 594193 460076 563440 633920 429129 98244 377159 534306 471363 496783 453506 450222 406710 237389 365954 359746 423233 475852 695298 603547 144548 512687 414097 337393 245470 465762 580609 415831 341360 439558 242028 105149 401355 377065 405886 256508 145848 475423 344158 569080 177719 402293 430892 263440 509178 523515 253854 526592 160952 281769 541517 399962 272513 309124 157142 578806 464817 414904 487512 527342 259114 479045 403288 540224
558135 958048 451130 999999999 761765 246299 572735 891432 468539 884185 311013 897312 262980 596591 464929 482050 178250 264304 402469 706713 628442 369419 928054 786400 483657 446532 955641 414565 717157 645741 739533 50232 324684 684342 935419 352730 769162 495670 357879 912790 632882 548732 824498 385270 911069 642702 404373 550821 800251 637617 274908 158064 693923 245936 434840 905596 570891 477857 222643 497579 205669 602984 456515 120590 792341 881636 517764 526401 269186 269684 292141 697373 589464 536286 787737 939141 446645 797804 881920 692219 524493 951265 209461 935453 397801 684713 845900 319491 285242 143730 327116 926633 877048 865955 47113 453060 311941 890727 802004 821500
804881 365026 371182 761765 999999999 583741 190928 213048 455432 405001 462161 440294 746096 380134 509587 628585 595397 826027 710893 652904 423184 635435 337233 99880 614026 352200 358860 796721 204236 535451 314996 802289 448190 216683 173684 465414 402399 480167 707106 321679 302202 298934 215479 905476 445568 385978 822372 417527 38488 134326 735783 623607 215050 840951 832794 275222 227750 876924 628113 680709 572135 384844 950478 682728 258203 207810 564500 391471 770539 746503 776314 350008 338316 462416 178143 198453 529513 528692 297419 134085 515313 526263 553603 580014 527668 456015 225279 554836 492054 637461 437306 216812 122679 290495 785500 595713 630170 541467 42204 251045
388648 724659 227079 246299 583741 999999999 412376 676497 451913 642711 135484 653925 173807 546274 219815 260435 206193 465521 227270 474422 382745 454888 695876 632944 257747 235046 848111 285956 495985 402307 656620 264435 147089 462344 752314 123331 711562 492393 482276 803462 550744 324025 603063 346685 667793 592878 296519 517269 621173 450298 168725 224007 580085 258444 598173 782937 365989 371124 311052 291577 78965 554494 407018 259509 563029 666543 279882 284875 197805 176390 210347 456340 351956 523525 571114 777026 203251 551893 651709 488101 536443 705533 128446 689254 152873 438435 720200 355217 235580 107264 173339 777825 686589 635653 289859 509087 104846 644435 619678 707893
693658 486144 231080 572735 190928 412376 999999999 363799 300590 478148 282200 508440 582575 274857 393796 514972 404572 640145 573870 602275 375679 463767 454577 221054 501652 201082 447802 656257 245561 481673 297644 614561 268747 229600 364145 304376 377822 334997 533078 403530 221292 205698 325563 750113 518091 302684 677898 291256 229122 94726 574378 432695 194030 670584 663350 375795 130871 740820 439706 567537 389530 282450 802232 491801 332217 355472 464800 296462 607088 583985 616064 346418 275974 330623 280351 369456 408025 532982 406793 172851 378868 591377 366292 624093 390753 428723 313146 373159 301261 453402 252677 365799 311215 394096 595183 439619 475767 578631 232494 309315
795086 159293 449509 891432 213048 676497 363799 999999999 656230 238517 580425 273353 815133 591788 534347 635940 742913 998608 741749 584095 387985 827209 136962 294914 621369 446765 515317 826949 181851 484911 523501 925101 566757 215366 189002 553370 609221 684948 896851 488434 514830 352866 82048 953448 273540 598998 857091 626485 196276 272572 801791 772646 427674 918248 1026659 435192 320766 896661 795590 682596 688227 596839 985225 832495 144992 9957 562427 416441 838207 813806 838240 288167 345627 670740 105396 287201 558268 415472 113794 202672 723026 352540 683643 420820 575856 390532 404068 736153 649974 753929 567377 339133 136939 116897 922729 797083 692118 392654 183075 441406
828286 786252 416897 468539 455432 451913 300590 656230 999999999 775336 337069 804002 612440 134592 565962 667916 300482 409956 674295 824073 624986 188989 754815 424103 658678 382839 511967 737866 544605 712263 288869 518690 333400 525233 607448 414691 302776 43512 261419 473150 195762 456267 625310 783252 814447 177346 747485 83521 487167 395084 612310 312720 286098 663676 379546 480693 406632 822868 255233 713555 383584 139314 849648 351258 632099 648746 646389 518609 633356 616849 651105 625454 531574 72363 580010 568880 568098 801991 707241 473337 92447 884515 334099 909048 527542 686096 430564 154078 218746 418722 299668 535519 575431 694664 466649 140887 552567 862068 495946 393803
639662 127231 440353 884185 405001 642711 478148 238517 775336 999999999 589658 35820 740485 746577 445613 512357 770301 1047790 631731 390588 269502 918372 120626 502445 499629 456100 745227 709318 233007 322761 715745 906919 578474 250104 427466 532001 803858 811994 980894 714406 679411 351124 191884 846530 41050 765719 742053 768682 405014 387749 724828 799676 608989 845664 1114386 662761 373105 763829 847388 548045 680890 753325 862884 856172 151001 235347 439159 358168 760229 737315 753859 186816 295920 808742 226996 524147 469533 200138 124756 312684 856790 121263 694024 182651 505696 234243 623362 813782 700157 740455 592661 573306 370241 123242 923592 910341 621252 155195 391499 654454
491407 652336 149373 311013 462161 135484 282200 580425 337069 589658 999999999 607490 309285 417763 243328 333081 181616 462173 340543 512250 358453 384768 621645 503206 324943 137357 712882 410961 407145 414797 521945 345836 14059 374770 634198 84306 579347 379747 429532 668252 416854 242476 514129 481875 620704 463507 425629 393766 500362 332199 303796 210490 444687 390316 558179 648648 260034 497357 270419 377067 110458 426190 540873 266526 485087 570625 321768 244911 333279 311787 345575 405689 294990 406013 476808 650651 239710 541372 574551 381970 426839 671598 105715 670716 194094 420897 586026 275179 142195 176458 39631 647800 572060 558740 343634 419453 222213 623524 500407 572728
629185 151672 458182 897312 440294 653925 508440 273353 804002 35820 607490 999999999 744326 778465 450952 509906 788797 1067620 630379 373655 274965 943596 150431 537980 497742 476002 781033 705827 264378 315811 750282 918359 596765 279269 462355 546464 838410 841259 1005099 750221 712252 372263 227640 844049 13997 798469 738790 799459 440718 419262 728414 817926 643128 849086 1138593 698580 399652 757031 868427 542889 695513 785326 857488 873643 184882 270469 438060 371020 763355 740874 755954 201929 312550 839015 262184 559501 474382 180310 159582 345243 886524 86204 710921 147470 513079 232637 659102 837989 721962 753691 612492 608939 405803 158795 937633 937916 626884 123029 427218 690012
295970 839157 377142 262980 746096 173807 582575 815133 612440 740485 309285 744326 999999999 715353 295267 255426 330533 525728 149204 478507 470987 581123 813102 801728 262531 393904 1021581 152369 633445 448127 829928 246907 320710 600187 910154 281143 882953 650571 591432 976917 723580 465919 736969 173622 758283 762383 147046 682961 782530 611774 16641 335166 753767 105409 687903 955485 521520 224050 426564 253716 229370 723382 237389 342693 688297 805245 313981 401290 24549 6716 38686 562441 472958 684777 710717 942274 271091 608941 773131 639782 691481 780175 278351 747216 241113 513356 892682 495688 393760 201322 346966 946417 841819 757354 308666 648957 123262 707410 779750 881319
902434 735983 457161 596591 380134 546274 274857 591788 134592 746577 417763 778465 715353 999999999 619453 732048 422935 541581 757545 859543 642159 314532 705890 325421 720977 421788 378237 828527 514098 741584 155381 646383 410320 502258 510757 483610 173019 129381 384734 340450 80625 468688 576574 888604 787226 47360 842003 54062 405355 359272 713014 438903 177859 776906 489989 352059 402245 914818 388555 781386 487015 8647 952097 481897 596860 585692 698228 548060 737735 719060 753536 621041 543244 94688 532261 457619 626550 806702 660921 434141 145783 862850 441263 898479 593350 698778 306819 287925 327851 531484 378151 417541 491113 650422 597883 244694 639915 853288 416380 266296
300726 544760 165699 464929 509587 219815 393796 534347 565962 445613 243328 450952 295267 619453 999999999 121697 403848 678783 208191 269429 176280 627824 519471 586810 107996 200043 836771 294251 356723 183117 686518 477858 241364 325546 655629 159024 759818 609467 669718 793316 594568 210687 453455 419330 464947 660416 323395 608316 541288 382352 279893 427964 587358 400640 795156 759793 286314 369691 504158 174502 283044 628093 452141 472632 399474 524719 80429 121280 315753 292375 311308 267877 189189 629494 433538 707060 24529 333113 481242 384116 658137 493473 317902 471377 67134 224149 698806 518493 385522 326839 273173 724522 583853 465734 509315 661097 175938 427608 535162 701042
179032 624431 285191 482050 628585 260435 514972 635940 667916 512357 333081 509906 255426 732048 121697 999999999 465080 723023 121246 226362 252996 706936 602529 707796 14782 318391 958464 197306 464664 198735 805949 482321 335067 435539 769282 253250 877496 711098 740126 915012 711783 330503 553967 334282 523511 774445 229813 716933 659207 503182 238799 484279 708151 353251 858368 881357 407427 260804 569608 52814 337372 740691 353459 518514 494957 626670 74745 237257 268931 250298 256299 354031 298258 734559 539519 825056 107553 358860 569585 500445 758887 534727 382377 495347 140441 278184 820458 601300 470964 361580 368681 844384 696993 554948 528935 750667 170421 457834 652446 822664
591244 827701 330641 178250 595397 206193 404572 742913 300482 770301 181616 788797 330533 422935 403848 465080 999999999 281063 427940 670579 538033 253153 796498 612612 461166 314847 777512 472885 577994 584410 562436 226372 192031 547052 768711 254065 595954 332967 276104 734583 455305 420660 682832 493407 801935 469757 475113 380119 633672 478147 334402 29932 515874 366542 393969 727516 424490 552492 104860 497765 127803 429780 562603 89586 659857 733407 475032 425537 348197 335994 368548 587136 476447 371349 642631 766047 393348 719490 748612 540482 368750 853174 85948 850881 342305 599744 668077 166340 107808 129217 179584 751018 714088 733073 192305 318505 308696 803916 636654 643269
818451 1097470 610268 264304 826027 465521 640145 998608 409956 1047790 462173 1067620 525728 541581 678783 723023 281063 999999999 658793 939881 819032 230702 1065818 818242 721837 591790 919530 677946 845179 861316 696958 294519 471872 816104 993118 534390 695653 414010 171613 882005 605265 696753 946228 645217 1080560 578669 668607 487700 862429 726622 536603 253552 691325 505999 182826 890634 689842 742106 203622 746615 395773 544754 715775 206460 930160 989590 744836 706576 533213 532382 556179 866550 756044 454137 903670 969170 665626 999995 1017325 797058 418154 1133608 364686 1131916 614242 880564 839568 273468 351638 361449 455208 941040 948567 1002236 222152 317022 554644 1084974 868229 803704
163517 741064 345401 402469 710893 227270 573870 741749 674295 631731 340543 630379 149204 757545 208191 121246 427940 658793 999999999 333210 367736 680087 717976 781429 132702 372921 1021669 86362 564902 319908 850775 392828 347285 533701 862209 277843 914896 715884 702184 977355 749873 413548 660431 215537 644056 802684 115349 734230 744246 579628 133634 440793 761172 237330 810129 948545 483744 167288 531566 106061 304754 766041 243951 462750 604420 732197 192592 329044 156915 143023 140569 467023 397275 744780 641623 909281 185164 479606 682848 589643 761174 655920 355350 615229 184585 398057 886276 582339 461459 306558 379922 922713 790818 667779 449351 736340 122774 578546 738995 882753
270123 517139 407719 706713 652904 474422 602275 584095 824073 390588 512250 373655 478507 859543 269429 226362 670579 939881 333210 999999999 232305 896997 504882 747548 223278 442518 1009082 384216 453528 121023 898690 708531 509427 436395 753650 428083 980097 867402 938998 969128 820711 396623 506983 521212 384828 895918 416448 856775 673774 554845 462059 693196 791075 570465 1063536 926415 473336 411658 772425 227359 546013 868005 516363 733609 441443 576741 195672 311483 489316 472917 473768 308008 328866 883084 511582 831355 277376 193877 487950 519463 916482 365958 584939 306050 328274 199353 871344 787336 654347 580076 540149 865000 683197 477154 753325 927335 394894 281225 663406 885521
407178 373438 218570 628442 423184 382745 375679 387985 624986 269502 358453 274965 470987 642159 176280 252996 538033 819032 367736 232305 999999999 728749 350302 516172 239022 247735 777435 449306 230649 112538 669353 646486 350415 208643 538330 285461 752370 667117 781653 737144 596522 173485 306133 583254 288961 675266 481163 645918 446477 322753 455357 565613 560748 576196 913025 695116 245009 512792 628512 296425 431984 650377 606359 617467 244293 379142 178263 114359 490845 467845 484944 101423 99731 676951 298622 608063 200065 183904 316590 289145 715868 322837 455003 312920 238285 63207 639388 618529 490358 485888 373711 637797 466170 301995 670576 742940 352165 266205 436972 653219
842920 945895 510226 369419 635435 454888 463767 827209 188989 918372 384768 943596 581123 314532 627824 706936 253153 230702 680087 896997 728749 999999999 914039 611595 701123 481901 690839 725818 696067 797546 469321 417263 388203 671786 793333 468922 464960 185395 72634 654412 383581 576050 787116 737020 955275 349277 727048 260485 669149 557277 586134 245975 475087 602907 199606 666198 545663 804443 155288 744085 376093 316943 807652 251916 784109 819044 705191 615152 597154 586875 618404 751411 646628 224337 742337 757718 622567 912211 865528 633777 187652 1018887 326894 1032260 574141 791918 618200 110600 242920 380963 359230 724378 757264 851727 350181 90437 559262 984585 676930 579838
743437 31896 476927 928054 337233 695876 454577 136962 754815 120626 621645 150431 813102 705890 519471 602529 796498 1065818 717976 504882 350302 914039 999999999 426893 588837 484307 652206 799420 220821 424830 652011 956040 609025 249925 321646 577185 738994 787510 980749 625333 632375 379739 130000 933441 146752 718200 831408 735373 327246 359870 798271 826398 551227 918377 1113148 572142 376094 860228 862475 643117 722396 711719 955928 885121 136708 137505 527867 414811 834472 810689 830756 251874 344682 778153 175172 422183 543990 318568 48701 281775 828969 220894 727345 294391 572707 330842 539943 815477 714208 785665 616967 475474 273893 63592 964016 894196 690720 273460 313631 575980
886009 452667 436426 786400 99880 632944 221054 294914 424103 502445 503206 537980 801728 325421 586810 707796 612612 818242 781429 747548 516172 611595 426893 999999999 693533 411906 261633 866036 303178 628711 230189 830218 489790 313157 185560 521418 314614 440907 684221 222903 244800 377833 311228 966929 542663 320535 889775 370781 99659 204641 792873 638871 147934 891327 803146 178944 300497 948599 628870 760463 609782 328313 1016229 695873 357403 291695 647503 473041 826275 802848 834294 447804 426542 415935 276510 153691 604948 628194 390459 228540 468945 623618 583783 679071 596856 552426 125751 544823 505440 672841 472781 144881 172166 385040 804908 559516 691290 641014 113304 152051
192888 610961 272356 483657 614026 257747 501652 621369 658678 499629 324943 497742 262531 720977 107996 14782 461166 721837 132702 223278 239022 701123 588837 693533 999999999 305860 944612 210675 449905 188357 793303 485443 326415 420760 754505 244049 865342 701945 735547 901219 699714 316098 539411 346903 511400 763099 242970 706600 644564 488901 245890 481053 695020 361886 854879 867329 393238 275316 565422 66931 333721 729623 367338 516706 480566 612084 60995 222639 276998 257627 265248 339905 283476 724853 524805 810407 95150 349018 555576 485741 749907 524052 377721 486167 131270 265625 806518 594831 463877 360487 359912 829903 682214 540884 530386 743400 171722 447960 637768 809032
495635 515047 35392 446532 352200 235046 201082 446765 382839 456100 137357 476002 393904 421788 200043 318391 314847 591790 372921 442518 247735 481901 484307 411906 305860 999999999 648845 455915 270624 329424 487572 478576 124761 237889 518123 113580 559832 425888 537195 604606 394525 105847 378008 555535 488850 461532 478516 414974 388794 217888 383753 344481 391361 489608 669773 575794 130980 540024 392726 370241 241831 430392 604393 402156 347731 436874 277110 136577 418359 394367 424545 275928 166815 440569 342119 548704 210846 430508 437198 253462 474982 544548 243039 551604 189752 310664 513422 372194 247956 307264 136585 555510 451686 421383 480572 495720 279699 503936 386412 510317
1137477 672392 677944 955641 358860 848111 447802 515317 511967 745227 712882 781033 1021581 378237 836771 958464 777512 919530 1021669 1009082 777435 690839 652206 261633 944612 648845 999999999 1103757 563040 889950 223102 1003800 701022 574579 338837 749642 239785 505748 759022 44675 324288 632387 554482 1192596 783651 341645 1124717 431908 345831 460199 1015016 798495 268600 1101361 851797 83858 553012 1188556 761137 1011273 808837 374800 1247531 848024 608708 515597 902147 728079 1045785 1023716 1056928 708759 686137 466620 526846 237296 852926 886444 624705 490147 509068 864355 772504 926424 838358 813970 138896 662605 672114 865434 676685 179037 378421 622872 963607 613467 921083 891548 358472 140284
152038 821635 429634 414565 796721 285956 656257 826949 737866 709318 410961 705827 152369 828527 294251 197306 472885 677946 86362 384216 449306 725818 799420 866036 210675 455915 1103757 999999999 650828 391317 928132 394625 419240 619795 948568 355920 989496 778276 740469 1059310 825493 499777 745431 139477 719292 874441 33181 802052 830285 665002 142916 481119 841295 204649 839767 1031662 569325 86471 572942 164764 358030 836908 158276 493448 688560 817449 271669 415280 146072 145776 123421 549641 483114 809415 727384 995153 271432 547469 765539 675973 821932 725659 409190 679528 269494 475074 969205 634281 520964 345160 450588 1007868 877178 750669 459598 788674 188800 645701 825143 964351
632135 252605 269687 717157 204236 495985 245561 181851 544605 233007 407145 264378 633445 514098 356723 464664 577994 845179 564902 453528 230649 696067 220821 303178 449905 270624 563040 650828 999999999 339867 494619 748582 393953 33667 308286 373319 582366 580237 761642 525796 448886 171963 107596 774338 273365 534852 680111 535689 220985 154892 620230 607926 385237 736413 894515 479319 155341 723769 641746 513824 512214 520989 808849 667131 88149 171928 393453 236736 656617 632196 657040 146792 167749 575947 77462 378491 380103 325328 172212 83014 624427 348947 512225 390171 394869 254618 428930 595673 493541 577214 399021 411693 235903 157358 750778 681576 510548 347767 210144 451158
318666 442644 295669 645741 535451 402307 481673 484911 712263 322761 414797 315811 448127 741584 183117 198735 584410 861316 319908 121023 112538 797546 424830 628711 188357 329424 889950 391317 339867 999999999 777768 655408 409903 319992 645156 332774 859451 755286 844328 849572 700795 276207 404700 530355 329008 777020 424437 740919 558024 434173 431579 609464 670059 549491 972368 807655 352400 441430 682419 227374 465822 749982 541699 655425 339988 476748 134365 194677 464079 443659 453269 198901 207853 768908 403360 718300 199304 160954 399488 401496 804373 336012 498624 299125 249500 95307 751836 687051 554923 509531 438335 749433 573570 386666 690817 821470 342974 259764 548205 765141
982881 679238 521005 739533 314996 656620 297644 523501 288869 715745 521945 750282 829928 155381 686518 805949 562436 696958 850775 898690 669353 469321 652011 230189 793303 487572 223102 928132 494619 777768 999999999 788529 511758 492961 402249 573024 88132 283927 538693 185146 108068 502807 529591 1003260 756713 122628 945511 209297 327241 351775 825341 581576 110193 901542 638186 200907 425367 1014418 539400 857781 607782 152418 1062799 628765 565554 519574 760327 594043 853453 832837 866938 625035 570412 246134 489628 329885 698396 812884 612311 411768 292090 836476 566932 884121 674090 718242 165617 440109 460029 659640 483332 281011 401728 604929 744767 395393 740441 842349 340438 119873
542459 985530 480143 50232 802289 264435 614561 925101 518690 906919 345836 918359 246907 646383 477858 482321 226372 294519 392828 708531 646486 417263 956040 830218 485443 478576 1003800 394625 748582 655408 788529 999999999 359780 715403 975726 378875 819057 545899 402085 960762 681605 578328 856158 350702 932228 692596 380916 600876 840766 676035 260754 207556 740981 211614 471062 952636 605570 451535 272398 492591 236874 652835 421290 170459 821262 915239 524413 548812 248701 253571 271210 720329 614336 586516 820677 982411 457953 810690 910657 727782 574543 968908 248689 949199 411245 700567 892558 369685 332291 171376 365542 971384 915953 894630 73825 501933 314957 905399 842022 868986
496113 639800 138627 324684 448190 147089 268747 566757 333400 578474 14059 596765 320710 410320 241364 335067 192031 471872 347285 509427 350415 388203 609025 489790 326415 124761 701022 419240 393953 409903 511758 359780 999999999 361702 620171 83191 570412 376371 434813 656373 407236 230271 500812 492850 609909 455715 434682 387822 486377 318144 314797 221238 433058 403075 564347 636226 246253 505699 278100 380157 124517 418799 551122 277991 472403 556967 320596 236428 344825 323048 356649 395135 284466 401495 463274 636950 239162 533778 561806 368066 423910 661736 118420 662121 195184 413128 573553 278086 145286 190513 33732 634450 558002 546026 356899 419982 230457 614818 486387 560807
605130 281452 236174 684342 216683 462344 229600 215366 525233 250104 374770 279269 600187 502258 325546 435539 547052 816104 533701 436395 208643 671786 249925 313157 420760 237889 574579 619795 33667 319992 492961 715403 361702 999999999 334618 339737 580020 562082 736335 535967 440394 138334 140988 742208 289363 525593 648768 520855 238033 144651 587063 576976 382875 702994 869514 491296 127334 693697 612939 485377 479206 509458 777628 635975 114175 205430 365369 204908 623428 598996 624075 135327 137458 559919 110530 399675 348652 320839 201705 85098 607255 361778 480078 396980 362100 239457 438420 569806 464607 544057 367737 429441 262138 186347 718342 660583 477390 352800 228348 457525
939721 338198 533029 935419 173684 752314 364145 189002 607448 427466 634198 462355 910154 510757 655629 769282 768711 993118 862209 753650 538330 793333 321646 185560 754505 518123 338837 948568 308286 645156 402249 975726 620171 334618 999999999 631667 478793 625908 865803 319058 430175 449742 250918 1064255 462392 503565 976075 556308 135225 302632 898938 796733 332959 1007627 986969 265226 388678 1025296 797975 819659 744486 513428 1105000 855641 315175 192292 699899 534453 934384 910091 938584 446881 471146 601482 242227 102315 677549 597421 302789 272958 654504 540790 727075 609821 682936 554974 251460 720186 664638 810090 610454 159859 72493 305072 959113 744301 791252 581128 133849 296323
418940 606662 103861 352730 465414 123331 304376 553370 414691 532001 84306 546464 281143 483610 159024 253250 254065 534390 277843 428083 285461 468922 577185 521418 244049 113580 749642 355920 373319 332774 573024 378875 83191 339737 631667 999999999 637501 457919 512330 705051 472195 201457 480657 445930 560074 527663 375373 465147 502215 331197 271645 280846 485548 376028 639627 679842 243776 441878 349781 299880 149052 492204 498163 332007 442786 543419 237651 176086 305664 281902 312919 345359 236751 481472 448017 661149 155984 465612 532015 365272 505860 605079 169788 598241 112851 346341 617072 359472 226498 209243 116199 665846 564914 515972 391591 503052 171569 551658 499964 609725
1052583 765857 594193 769162 402399 711562 377822 609221 302776 803858 579347 838410 882953 173019 759818 877496 595954 695653 914896 980097 752370 464960 738994 314614 865342 559832 239785 989496 582366 859451 88132 819057 570412 580020 478793 637501 999999999 285125 529487 213978 165860 583505 617362 1056549 844818 126462 1004961 219321 413047 437795 879690 611695 197261 948012 614576 247731 507537 1075967 557939 928628 656285 166283 1118531 653462 653685 605618 835482 672699 905830 886349 920747 711258 652958 243492 577643 397942 770194 899303 699816 499437 278136 924605 611970 972074 742605 802718 230877 456685 499840 703107 539915 343843 484402 692644 769173 381935 800806 930131 426417 184013
870668 818729 460076 495670 480167 492393 334997 684948 43512 811994 379747 841259 650571 129381 609467 711098 332967 414010 715884 867402 667117 185395 787510 440907 701945 425888 505748 778276 580237 755286 283927 545899 376371 562082 625908 457919 285125 999999999 255357 469031 202321 497542 657649 820346 851444 164696 787185 75536 510172 428729 650979 342580 297668 698456 363956 481417 445642 862931 277042 756506 422512 131557 887414 376466 667204 677793 689895 561418 671047 655143 689257 665361 573018 41888 612381 580952 611533 843251 740368 506922 49102 922526 372399 948675 570766 727946 435115 176593 257781 454657 342651 543937 598099 728190 490326 118785 593846 901866 519693 395463
865701 1012638 563440 357879 707106 482276 533078 896851 261419 980894 429532 1005099 591432 384734 669718 740126 276104 171613 702184 938998 781653 72634 980749 684221 735547 537195 759022 740469 761642 844328 538693 402085 434813 736335 865803 512330 529487 255357 999999999 723486 455356 634943 854768 737981 1017071 417490 738464 330848 741107 625869 598336 261400 547469 600484 133503 736771 609456 815420 171286 773817 403645 386677 809257 250189 849433 888550 744863 667402 605093 597564 627221 810234 703482 292689 810238 830257 662256 965547 932127 701653 251449 1078670 357830 1088794 612358 844834 689686 167129 291393 396740 408485 796535 829140 918064 330404 147772 584459 1041122 748722 650711
1094042 646863 633920 912790 321679 803462 403530 488434 473150 714406 668252 750221 976917 340450 793316 915012 734583 882005 977355 969128 737144 654412 625333 222903 901219 604606 44675 1059310 525796 849572 185146 960762 656373 535967 319058 705051 213978 469031 723486 999999999 282898 589831 522845 1147922 753422 306214 1080176 394422 311592 418261 970342 755924 224128 1056860 819754 53948 510281 1144182 720333 967810 764480 337560 1202898 806052 575006 488011 859325 685483 1001125 979046 1012253 670706 644847 430798 493169 220498 809248 850287 595633 451154 475073 834373 728447 894565 794197 775037 97789 622481 628821 821337 632117 160868 351731 592924 921433 579126 876470 858591 324638 95609
886724 661931 429129 632882 302202 550744 221292 514830 195762 679411 416854 712252 723580 80625 594568 711783 455305 605265 749873 820711 596522 383581 632375 244800 699714 394525 324288 825493 448886 700795 108068 681605 407236 440394 430175 472195 165860 202321 455356 282898 999999999 424748 504024 897097 720334 86393 841832 128389 325955 295779 719415 475173 97428 793841 566098 285757 352111 911929 437503 762823 500202 83875 957518 523826 528693 509093 670873 510949 746932 726642 760862 565283 496797 172714 460473 379163 604566 752892 588460 367027 225156 797533 458940 837297 576757 650012 234830 340401 352154 551602 377813 341714 411064 578687 639548 320544 637106 793152 337297 198722
508249 410167 98244 548732 298934 324025 205698 352866 456267 351124 242476 372263 465919 468688 210687 330503 420660 696753 413548 396623 173485 576050 379739 377833 316098 105847 632387 499777 171963 276207 502807 578328 230271 138334 449742 201457 583505 497542 634943 589831 424748 999999999 279203 614873 384833 502236 526658 473060 331127 173307 453502 450317 396610 567367 768234 553331 79820 578619 496386 382995 343103 476919 655470 507972 243639 342909 270044 95696 489613 465157 491827 175414 75669 505215 247496 496698 230689 345738 333232 176789 545859 443759 348146 457218 233252 231593 493603 468267 349704 407202 241896 513998 379235 317293 584282 580362 344304 409660 325530 500285
713300 161080 377159 824498 215479 603063 325563 82048 625310 191884 514129 227640 736969 576574 453455 553967 682832 946228 660431 506983 306133 787116 130000 311228 539411 378008 554482 745431 107596 404700 529591 856158 500812 140988 250918 480657 617362 657649 854768 522845 504024 279203 999999999 872757 231657 590146 775744 605443 213197 230875 723317 712742 425820 840720 986562 471583 258393 814719 742608 600548 619718 582539 903700 772228 65540 73025 480393 336737 759770 735433 759143 206878 265423 648161 45301 340277 477519 346593 84443 153382 698977 312709 618883 371957 496771 311066 431481 690661 595046 684786 504640 385579 185447 75425 857711 765024 613758 337770 199651 463049
268565 956601 534306 385270 905476 346685 750113 953448 783252 846530 481875 844049 173622 888604 419330 334282 493407 645217 215537 521212 583254 737020 933441 966929 346903 555535 1192596 139477 774338 530355 1003260 350702 492850 742208 1064255 445930 1056549 820346 737981 1147922 897097 614873 872757 999999999 857599 935703 106315 855327 940747 771620 178081 493171 925488 139503 819936 1124893 678197 129206 581844 304231 401864 896586 71362 488453 818286 943770 407535 537623 150869 170456 136338 682233 607858 855607 851625 1103318 395241 686942 897892 791510 859770 865085 449616 818776 381742 612442 1062067 659746 565140 366331 520024 1110954 994092 882716 423543 810573 275840 785170 936841 1052322
641653 145194 471363 911069 445568 667793 518091 273540 814447 41050 620704 13997 758283 787226 464947 523511 801935 1080560 644056 384828 288961 955275 146752 542663 511400 488850 783651 719292 273365 329008 756713 932228 609909 289363 462392 560074 844818 851444 1017071 753422 720334 384833 231657 857599 999999999 806624 752274 808886 444847 428220 742364 831105 650028 863027 1150572 701497 410813 770074 881125 556197 709125 794014 870707 886938 192040 271151 451795 384734 777289 754823 769844 215299 325835 848713 267715 560384 488371 191117 160177 353502 896493 81068 724278 148187 527068 246432 663001 849946 734485 767431 625385 610604 407331 160791 951317 948807 640878 127983 431284 694607
946085 747566 496783 642702 385978 592878 302684 598998 177346 765719 463507 798469 762383 47360 660416 774445 469757 578669 802684 895918 675266 349277 718200 320535 763099 461532 341645 874441 534852 777020 122628 692596 455715 525593 503565 527663 126462 164696 417490 306214 86393 502236 590146 935703 806624 999999999 888297 93923 407547 381172 759907 485252 173799 824265 515582 323386 432560 960797 432503 824265 534218 40009 998994 527217 615048 593541 738558 584700 784835 766046 800517 648615 575791 124980 546736 442265 668348 835624 674562 453225 169473 883648 488596 922573 636470 730398 283978 331417 375201 578841 423876 397868 490603 664917 643040 273044 685720 878124 419428 240334
176161 853854 453506 404373 822372 296519 677898 857091 747485 742053 425629 738790 147046 842003 323395 229813 475113 668607 115349 416448 481163 727048 831408 889775 242970 478516 1124717 33181 680111 424437 945511 380916 434682 648768 976075 375373 1004961 787185 738464 1080176 841832 526658 775744 106315 752274 888297 999999999 813785 856399 689945 140915 481331 860810 182471 833938 1053647 594692 77403 572972 197943 365065 850301 129000 489639 719452 847542 303923 443955 135669 140904 112775 581198 512550 819416 756908 1020818 300118 580643 797112 703228 829910 758840 415882 712574 294708 507816 991041 638636 529419 346215 465127 1032279 904949 782162 448279 792682 205122 678855 851564 984965
883468 766057 450222 550821 417527 517269 291256 626485 83521 768682 393766 799459 682961 54062 608316 716933 380119 487700 734230 856775 645918 260485 735373 370781 706600 414974 431908 802052 535689 740919 209297 600876 387822 520855 556308 465147 219321 75536 330848 394422 128389 473060 605443 855327 808886 93923 813785 999999999 445307 381332 681657 394079 225145 739566 438032 405931 412513 887908 338754 764853 453638 57143 920303 434310 620769 619862 688148 546299 704691 687008 721451 633214 548567 45295 560515 507550 613383 816101 689275 458397 98491 882627 405939 914104 576922 704605 359743 237584 290774 493892 354620 469249 532417 677963 549906 192431 614414 868097 455598 319927
834374 353210 406710 800251 38488 621173 229122 196276 487167 405014 500362 440718 782530 405355 541288 659207 633672 862429 744246 673774 446477 669149 327246 99659 644564 388794 345831 830285 220985 558024 327241 840766 486377 238033 135225 502215 413047 510172 741107 311592 325955 331127 213197 940747 444847 407547 856399 445307 999999999 171062 771999 661812 234205 878021 865667 262059 262554 909728 665270 710999 610416 409514 984778 720860 263415 192577 593645 421964 806933 782827 812341 367773 365712 490473 181583 165860 561770 541118 291089 159971 543593 525904 592083 583614 561759 475385 218483 590612 530055 675803 475734 191413 88285 286115 823908 626786 665824 547062 13684 250299
681375 391422 237389 637617 134326 450298 94726 272572 395084 387749 332199 419262 611774 359272 382352 503182 478147 726622 579628 554845 322753 557277 359870 204641 488901 217888 460199 665002 154892 434173 351775 676035 318144 144651 302632 331197 437795 428729 625869 418261 295779 173307 230875 771620 428220 381172 689945 381332 171062 999999999 601467 507361 241690 706959 756873 380335 96268 746368 524136 555832 442644 366228 817615 567207 239503 263837 443257 268773 636214 612178 642039 273463 227313 422276 185703 331704 400899 461541 312164 78266 471662 503593 428227 541522 395533 367744 321303 463827 380377 508525 310676 343210 240010 299627 664418 534333 496098 497451 169419 331276
283281 824159 365954 274908 735783 168725 574378 801791 612310 724828 303796 728414 16641 713014 279893 238799 334402 536603 133634 462059 455357 586134 798271 792873 245890 383753 1015016 142916 620230 431579 825341 260754 314797 587063 898938 271645 879690 650979 598336 970342 719415 453502 723317 178081 742364 759907 140915 681657 771999 601467 999999999 340442 747604 120839 696883 948136 510473 218309 432127 237617 228736 721115 239088 350613 674083 791918 297476 387229 36459 12489 41911 547356 458906 684573 697575 932412 255629 592416 758578 628005 692550 763843 278592 730653 226918 497244 885312 498632 393573 205362 342030 937422 830272 742833 321009 652383 109682 690917 768999 874733
604310 857589 359746 158064 623607 224007 432695 772646 312720 799676 210490 817926 335166 438903 427964 484279 29932 253552 440793 693196 565613 245975 826398 638871 481053 344481 798495 481119 607926 609464 581576 207556 221238 576976 796733 280846 611695 342580 261400 755924 475173 450317 712742 493171 831105 485252 481331 394079 661812 507361 340442 999999999 538896 362538 374166 750315 454389 558695 91823 514915 147622 445427 563246 59915 689750 763154 497524 453605 351282 340950 372442 616170 505470 382164 672492 792455 416482 746458 778527 570163 375516 881759 111267 878530 365197 627030 691446 170054 133435 136044 209456 776301 742723 762981 167049 317535 323935 831680 664997 665483
886437 579618 423233 693923 215050 580085 194030 427674 286098 608989 444687 643128 753767 177859 587358 708151 515874 691325 761172 791075 560748 475087 551227 147934 695020 391361 268600 841295 385237 670059 110193 740981 433058 382875 332959 485548 197261 297668 547469 224128 97428 396610 425820 925488 650028 173799 860810 225145 234205 241690 747604 538896 999999999 832762 661554 211678 318047 926940 513156 760537 540403 180480 981823 591822 458246 422734 658830 489543 777873 756056 789502 514856 462316 269872 384340 283446 600862 702691 509576 302260 322507 729223 505040 775187 580540 608669 152789 420916 408757 597776 408176 249951 316824 501221 705697 416382 656143 732992 246384 129299
356567 944520 475852 245936 840951 258444 670584 918248 663676 845664 390316 849086 105409 776906 400640 353251 366542 505999 237330 570465 576196 602907 918377 891327 361886 489608 1101361 204649 736413 549491 901542 211614 403075 702994 1007627 376028 948012 698456 600484 1056860 793841 567367 840720 139503 863027 824265 182471 739566 878021 706959 120839 362538 832762 999999999 680459 1038755 619245 245199 448491 343127 293836 784516 210621 352205 792955 908333 416125 505872 85861 108351 97148 667837 577479 735600 813471 1035221 376422 710439 878175 739274 735274 883313 336056 848022 346008 617596 976213 531773 449305 245702 425008 1036202 940368 862366 284126 679550 227909 809226 875955 961608
972932 1145023 695298 434840 832794 598173 663350 1026659 379546 1114386 558179 1138593 687903 489989 795156 858368 393969 182826 810129 1063536 913025 199606 1113148 803146 854879 669773 851797 839767 894515 972368 638186 471062 564347 869514 986969 639627 614576 363956 133503 819754 566098 768234 986562 819936 1150572 515582 833938 438032 865667 756873 696883 374166 661554 680459 999999999 838940 742764 909441 291113 888701 521158 490292 891065 347669 982410 1018540 868347 798675 698453 694364 721234 943446 836307 395317 941843 944904 786174 1096907 1064579 833264 346307 1211989 478905 1221314 735511 976133 796646 300632 422802 503968 539350 907246 953935 1050645 397325 245604 696874 1173663 873934 754921
1060189 593362 603547 905596 275222 782937 375795 435192 480693 662761 648648 698580 955485 352059 759793 881357 727516 890634 948545 926415 695116 666198 572142 178944 867329 575794 83858 1031662 479319 807655 200907 952636 636226 491296 265226 679842 247731 481417 736771 53948 285757 553331 471583 1124893 701497 323386 1053647 405931 262059 380335 948136 750315 211678 1038755 838940 999999999 474503 1115756 721007 934159 748537 350439 1177933 802589 525131 434970 823370 648972 979868 957286 989987 625210 604928 445391 443254 167500 776715 802586 543160 407120 492682 782350 715147 843523 764440 730745 62828 625571 620433 807501 613909 107973 298349 540822 916940 595364 851376 808234 274775 87036
