NAME : synthetic_000456
TYPE : CTSP-D
DIMENSION : 100
GROUPS : 8
RELAXATION_LEVEL : 1
EDGE_WEIGHT_TYPE : EXPLICIT
EDGE_WEIGHT_FORMAT : FULL_MATRIX
EDGE_WEIGHT_SECTION
999999999 77098 372121 414477 348200 534400 659336 455500 523725 453535 173980 89352 434874 406255 153973 418976 148191 312401 561668 117805 198315 555707 172632 160063 366031 256930 570501 448049 478882 297396 456961 451360 369313 301734 412307 280906 325485 29158 484287 447112 327343 430100 388477 510202 546524 300943 55583 700814 126370 457290 377204 364339 356983 382725 555031 326007 220571 214111 448001 400944 275884 228195 299555 322798 512191 217319 448009 550759 127291 286565 606018 160641 448872 220775 502891 366694 436799 393600 469165 312551 617903 576267 204323 451117 592613 354602 426510 160777 245790 652745 392866 444916 341076 684573 608043 435136 541876 407843 321481 561347
77098 999999999 377507 339012 402386 522855 615925 379262 476210 472711 173104 67297 468500 428258 102558 491868 111762 291516 534719 164101 201697 490186 114059 217502 310757 330980 505752 405683 544161 344109 383693 469180 434477 269207 372549 266490 370300 105396 541077 370670 397424 506886 320940 572315 522249 351869 25805 664156 106709 416434 437359 436969 340134 403587 493206 370803 182448 201494 509141 439146 335042 198756 297493 275105 571589 242738 426095 537066 198376 319507 531152 125036 407291 155283 568687 442795 360013 419883 493158 258631 678567 626583 127239 516099 525866 286573 474089 90565 308083 588453 318953 426394 405708 744698 662984 503475 544060 330784 244671 606570
372121 377507 999999999 493082 260304 899382 977041 537360 834377 823750 204666 439939 795452 96543 302167 462332 489220 668978 910686 483873 176708 480513 312810 508246 301936 520438 484857 261284 419162 205772 489443 109340 664333 186625 231579 131007 676559 365933 352423 536661 603771 550328 638166 804060 899077 228931 362320 1032726 481515 784478 690141 424371 717303 752865 816992 197945 558198 576509 362570 757410 273658 207924 668708 252762 392257 165446 157132 914119 450548 143882 624772 266369 257383 504522 780336 574374 587337 112814 149338 617022 910487 904195 421301 737613 518690 380623 767396 351834 568910 544536 456693 139834 642034 975810 921663 419645 913360 534792 501901 331780
414477 339012 493082 999999999 660122 664428 602777 46390 473172 713094 378274 374356 743048 584248 283598 802503 359308 464307 615118 489745 395957 212098 260193 547263 201924 669961 230205 309123 825169 590156 61726 601925 765704 306553 306908 369816 673964 440650 793414 43668 734117 836092 253520 897213 616136 607664 358927 677608 385310 466399 761877 748385 507581 656749 392400 606910 366396 435242 778251 725560 614512 310297 518672 241241 830637 465347 419362 668540 536930 535062 192552 306169 314185 271869 899174 781163 115737 591491 642302 326186 999488 928435 218152 846020 233081 112749 776427 255781 638650 304016 36494 434105 736738 1063750 973299 797116 727743 64985 133081 813716
348200 402386 260304 660122 999999999 858313 1007176 706485 871883 727893 282670 437472 673852 196281 390419 204173 496320 652809 901388 414656 264292 708252 412044 407858 507331 347173 716168 506328 169445 70493 676873 239611 485323 384309 471221 314946 550349 324236 139283 702138 420899 301914 720978 610217 884176 53037 377344 1046081 473754 804983 521954 174033 692745 661226 895456 63451 568724 553856 118428 631328 77058 352605 623780 449885 172850 194847 416642 876942 345994 134430 826196 359629 503395 557555 577485 356958 725967 170000 221800 658548 709055 731720 506631 544327 748049 558775 618744 435620 429010 785005 627051 399972 470622 770363 735317 159933 844300 681894 617938 220880
534400 522855 899382 664428 858313 999999999 279904 671829 262673 208054 694772 459462 299647 940596 612469 841148 412260 233000 112812 444168 722712 875927 611776 454663 773124 569575 894067 890132 943783 821465 726018 985139 519595 778822 864696 787962 369786 549165 980011 660454 551926 784250 420673 553196 90421 819471 537063 257494 417867 215381 478765 798482 183253 235238 400061 851032 349959 323004 932479 327851 781272 715336 236329 761583 998192 751529 939750 21545 514006 820017 809349 643404 893276 431753 588766 661582 580343 927860 1003528 341043 601704 476333 525335 552732 897123 701275 394701 571776 470252 968065 674868 942857 505403 640821 537470 888543 96653 606775 536868 1079004
659336 615925 977041 602777 1007176 279904 999999999 590327 142804 480744 781512 570536 569038 1040523 675028 1038024 511972 365177 167962 609264 810329 805384 664623 641751 769219 780543 822619 889917 1123953 955790 657502 1077874 765286 818004 874724 849888 612244 682979 1141322 580809 784313 1002086 359175 821371 191820 960244 638213 81169 533423 202224 729564 988768 339596 488771 222307 983759 438912 459307 1101020 590021 933259 771668 419714 778622 1166566 858385 972159 262540 689366 935427 689089 711167 894236 472924 852948 887843 491860 1034256 1105774 360792 878264 754898 557437 811656 814878 680019 659976 625217 687330 882190 626876 980779 745852 919754 815925 1073292 374720 537810 507650 1219830
455500 379262 537360 46390 706485 671829 590327 999999999 466332 733268 424538 410531 767944 629220 328496 847673 390846 481814 615335 525717 442340 215311 305101 583530 242261 709624 232802 343164 871394 636537 69657 645905 801331 351123 344409 415276 704250 482250 839795 11538 771839 879554 253403 930671 618172 654006 400129 667199 418328 467478 795725 793429 522706 679564 374259 653292 390755 461275 824593 752507 660523 356608 540229 284854 877027 511724 457836 674483 576175 581403 157638 351932 348360 298817 934215 822026 98764 636895 686678 339325 1031642 956724 255392 881021 228771 156782 805672 298540 674579 298928 81338 473318 772400 1095272 1003113 843022 739741 66464 156519 859381
523725 476210 834377 473172 871883 262673 142804 466332 999999999 426810 639765 434413 505284 898775 532476 915264 375564 249198 167106 484775 668511 681189 521861 523368 630346 667567 698882 751353 995116 818316 530745 935624 672033 675605 734806 707087 522328 548621 1007669 456022 682047 888248 222500 747734 180020 823816 499193 207536 399289 80154 641155 864311 238278 414817 137925 845849 303564 334169 969308 517090 799217 628865 315322 637500 1034367 717956 830567 254416 565487 795496 581697 568689 755539 330630 773823 779951 367826 893017 964029 219005 818223 703393 414643 728020 694463 542902 587351 482544 579876 763674 494303 838844 649582 867130 762814 946216 356102 408862 369272 1081978
453535 472711 823750 713094 727893 208054 480744 733268 426810 999999999 627247 405725 91976 845214 574388 673278 381016 252974 313685 339974 651824 913382 581688 324737 769613 402263 931043 875129 785598 704793 773377 893289 323715 741876 843658 732350 187139 457819 835090 721810 366043 602121 508033 345152 289499 697624 477340 465364 370208 355361 280096 637251 220211 70895 552171 734034 349042 287340 783539 125072 652314 670568 194938 743229 847362 662278 896948 228931 387345 718910 885792 597147 877184 444985 381290 476539 656819 828001 903472 398852 397739 277424 525321 347420 941617 717351 187892 546963 305379 1011251 712896 895652 314533 442116 337691 728525 137359 667088 580119 946631
173980 173104 204666 378274 282670 694772 781512 424538 639765 627247 999999999 235416 607673 259025 114335 433079 284864 464398 707432 290807 28940 454894 133196 325389 249304 378800 466255 297811 446922 213582 399378 297474 513236 147129 259840 108762 494648 174949 418664 419851 460237 485549 458725 656520 695258 229865 157768 833567 276932 585128 530090 381061 512641 556512 637824 233380 354819 372020 400340 572461 237689 83336 465153 193743 454655 89836 276672 709454 276117 166728 551187 79518 297373 309519 641374 464588 444770 253954 324280 420819 765128 738188 237735 592849 494581 281578 592484 164314 400463 543692 346095 272159 487200 831929 764301 420636 710788 399496 340341 458610
89352 67297 439939 374356 437472 459462 570536 410531 434413 405725 235416 999999999 404351 484638 168746 500632 58851 230733 477965 115391 263252 542060 177596 173041 371902 305152 558329 471005 566456 385384 424762 527528 391348 336384 438555 332768 311635 115404 573616 400862 361899 500632 306751 524366 464068 389784 77648 613627 41658 368723 388809 446678 277965 336920 468296 413603 131625 136604 536868 376752 365186 266038 231038 339665 601287 296196 493346 474425 172591 369726 566512 192323 472795 140945 524910 421918 375573 474181 548827 224041 628562 569034 156259 471790 576138 337800 415867 147096 264315 641044 359417 493473 362382 693902 608327 521183 477546 355179 262850 649473
434874 468500 795452 743048 673852 299647 569038 767944 505284 91976 607673 404351 999999999 806943 570949 600129 392616 302230 403174 317137 629830 934669 581688 287287 775903 334915 951851 874128 716390 658307 801404 856023 238564 733659 840518 715585 123749 433304 772172 756716 287134 521928 559431 253768 378941 648594 468127 556578 374947 430014 193664 568169 281253 94939 624213 686820 377246 307882 719123 43125 600464 660617 232190 743503 781329 630821 882882 320668 346913 680095 923745 588941 875657 471209 289331 396081 699325 787799 862076 445528 313114 201742 541363 256017 965461 733496 96134 550881 244862 1033584 738457 879565 233379 362713 258990 658948 227136 702954 611920 888888
406255 428258 96543 584248 196281 940596 1040523 629220 898775 845214 259025 484638 806943 999999999 368969 399642 538728 715270 962086 507776 230267 576846 383532 521913 397057 506352 580924 356252 338667 163254 583657 49690 650533 278314 327681 215438 684601 393505 263815 627915 587336 497690 712500 784879 948641 182465 409017 1091810 526021 843532 681403 369682 761691 774963 892025 143146 610626 618869 281787 766698 234221 286199 705646 346032 303182 189107 244061 956741 460488 126864 720787 332458 352143 568378 756532 541113 674010 26283 65255 679843 888222 895697 492124 718126 614858 472538 767822 419745 569481 639092 548094 224929 631207 951770 906884 348087 945279 622656 582500 235300
153973 102558 302167 283598 390419 612469 675028 328496 532476 574388 114335 168746 570949 368969 999999999 519218 202003 379470 612755 262279 141067 403169 23406 311674 212557 406216 417531 303181 549068 323465 316339 403622 523271 168935 270021 178370 470702 173215 528539 322149 480028 554329 344892 664061 602748 337412 105531 730781 205240 482787 530589 464934 429310 505662 524245 345367 263454 297106 506014 541100 336144 102975 394772 173139 563261 202868 328518 625178 280660 280797 468692 36521 304751 202356 656736 509439 336075 366158 433953 314859 771581 725633 123790 605064 440758 205857 573916 50783 399430 499456 255847 330630 495049 838171 759859 516960 640541 294502 227850 572904
418976 491868 462332 802503 204173 841148 1038024 847673 915264 673278 433079 500632 600129 399642 519218 999999999 555178 672849 907167 430503 424555 884177 542595 396935 678725 272750 894113 696716 123581 258721 830214 440623 372866 561618 659929 496085 486141 389906 204898 841358 314728 111860 806590 467692 886536 235242 466500 1062338 525810 839941 416969 54966 702047 616601 967310 264581 619168 581231 151625 557450 201627 514175 623897 621367 197201 360878 616823 861800 349800 325606 982784 497215 694353 639100 427213 214671 847462 373399 416796 721011 552918 603779 615138 407895 924126 713460 523612 553841 372169 967750 773229 601031 369509 607873 593274 70218 804610 811202 733071 335833
148191 111762 489220 359308 496320 412260 511972 390846 375564 381016 284864 58851 392616 538728 202003 555178 999999999 180050 423459 146059 313424 542539 204758 202537 388598 344913 559572 495801 624139 443822 414378 580416 414467 370579 465832 375727 314750 173785 632408 380392 392941 549272 256584 540150 410630 448518 129739 556202 31843 310388 405690 501724 229125 315576 412259 471876 73278 96039 595328 370310 423960 304119 194024 363926 659891 351407 530521 425978 216962 426285 548426 231436 498130 99073 545550 463100 343412 529322 603351 166600 640827 570362 148927 492436 574230 340891 417710 167429 289911 641606 349856 532394 385831 704686 614119 578047 438756 330692 236481 707883
312401 291516 668978 464307 652809 233000 365177 481814 249198 252974 464398 230733 302230 715270 379470 672849 180050 999999999 249520 245064 492752 669804 379039 276966 546844 418941 687758 661363 760501 607945 525453 758246 428017 546111 634451 555325 284099 331533 783010 470306 433766 640141 257650 518812 234143 609168 307501 394618 189253 170097 401082 623728 50073 207895 339348 637033 117735 99128 740215 299476 576960 482348 74205 531323 806118 526537 706958 246075 324563 598572 633093 410589 664258 206457 539130 530754 403846 704336 779280 145985 602187 502663 297266 490257 695682 481996 365461 339276 330784 766118 467505 709896 404031 658438 557170 708958 271104 415417 331404 870613
561668 534719 910686 615118 901388 112812 167962 615335 167106 313685 707432 477965 403174 962086 612755 907167 423459 249520 999999999 489363 736207 826800 607775 511637 748455 640769 844820 868591 1002252 857443 675389 1003829 609441 772083 847009 791098 456583 581048 1029757 604389 634517 860502 362402 656532 24234 858427 553086 158887 437089 148761 571348 860984 209061 327431 303834 886549 352633 348568 985344 426623 825136 714929 283832 745299 1051355 774110 932175 97432 565935 847297 741391 646661 872249 416460 689697 741565 519043 952118 1026558 310190 710719 586955 509873 650418 843898 668360 495797 567029 543662 914254 630970 937620 592175 751795 647998 948906 209024 553319 496434 1119856
117805 164101 483873 489745 414656 444168 609264 525717 484775 339974 290807 115391 317137 507776 262279 430503 146059 245064 489363 999999999 313790 653305 277017 57943 473912 199572 669135 562864 515438 378005 539735 555073 275961 418548 527858 398465 209114 118025 540486 515944 248302 410482 400141 410112 471106 375350 156773 639147 114378 409721 274652 379983 280343 269132 544539 407623 194916 150770 496146 283240 337744 345102 209135 434951 562141 322630 565771 462498 80712 382804 681883 275262 563956 244625 409613 317906 486918 492044 567956 299461 515390 463390 271626 356530 688329 449135 311737 254056 148934 751889 474395 562464 246993 581243 498905 464083 438472 469401 376205 635050
198315 201697 176708 395957 264292 722712 810329 442340 668511 651824 28940 263252 629830 230267 141067 424555 313424 492752 736207 313790 999999999 459996 158571 345498 254281 389448 470463 290744 430970 194202 413490 268535 526772 142622 252531 92258 515111 196531 398082 438211 471911 483079 485937 669869 723931 212166 185662 862503 304850 614061 545604 373892 540827 580991 665224 211798 383621 399805 382605 593845 225620 90309 492271 197182 434866 69446 258212 737553 293588 142474 564162 105226 289803 338144 652987 469697 467063 225707 295519 449599 778338 755522 264832 605426 499897 295305 611496 191550 417293 546113 362759 252130 501405 844999 779890 407734 737477 420461 364804 432999
555707 490186 480513 212098 708252 875927 805384 215311 681189 913382 454894 542060 934669 576846 403169 884177 542539 669804 826800 653305 459996 999999999 383185 707684 205840 809261 18140 224708 877543 639131 151418 576854 923912 324513 249318 393342 852939 576342 825113 225293 882880 940332 464585 1062500 828146 660780 502862 882491 563290 678179 927483 833885 715027 853154 587642 646897 564343 628733 824092 912740 683572 371798 718518 262858 864729 523799 350493 880398 682986 573912 176132 408166 229536 468415 1057958 909642 314068 592604 621102 536203 1168589 1110307 393618 1005694 39973 204322 957066 399639 798093 99152 202500 369952 895307 1234543 1150384 862395 936839 273691 340319 811256
172632 114059 312810 260193 412044 611776 664623 305101 521861 581688 133196 177596 581688 383532 23406 542595 204758 379039 607775 277017 158571 383185 999999999 328123 196938 426935 397884 293654 571628 344536 293356 416424 541653 167072 262056 185616 484278 193462 549772 298789 499697 577489 329018 681734 598612 359009 121361 722158 211502 474908 547691 488328 429075 513728 508548 365801 261857 300697 528092 552995 358853 107816 398681 162087 584823 222675 327974 623818 299848 299903 445578 53679 295584 193670 675420 531330 314004 381964 448181 305836 788899 740217 108916 623479 420367 184025 587947 40746 416949 480116 232561 331487 513257 855354 775635 539980 643278 271676 207275 591459
160063 217502 508246 547263 407858 454663 641751 583530 523368 324737 325389 173041 287287 521913 311674 396935 202537 276966 511637 57943 345498 707684 328123 999999999 524207 147829 723244 608035 491213 380405 596648 570537 218659 460819 572106 434141 169636 150939 525512 573797 190666 365428 453787 354829 491744 374206 206775 665657 171204 445976 219912 349494 305184 255698 591928 409778 245160 191347 477858 249348 331139 387367 227808 482576 543638 343539 602060 474254 62749 395188 739524 320693 608800 301507 352630 265435 544553 503934 579145 349425 461179 416305 329110 299678 743227 503903 267622 308046 91519 805931 531338 597218 189701 527450 448345 437347 436468 527345 434119 628496
366031 310757 301936 201924 507331 773124 769219 242261 630346 769613 249304 371902 775903 397057 212557 678725 388598 546844 748455 473912 254281 205840 196938 524207 999999999 612454 216951 121079 676729 437360 188247 408263 734792 124150 107999 194053 681051 383029 630164 243752 689264 734854 410142 876201 743982 458297 317673 837832 401757 603506 743068 628153 596126 703677 574815 447563 430709 483166 624658 748596 478670 166061 579878 57690 669233 319089 217969 782043 491566 373958 324933 209359 125199 341684 867691 708300 310885 408364 450513 438732 983927 937154 249626 816465 245681 93711 784826 225024 611784 295179 166156 232262 706797 1050574 972255 658842 817528 256081 261570 631518
256930 330980 520438 669961 347173 569575 780543 709624 667567 402263 378800 305152 334915 506352 406216 272750 344913 418941 640769 199572 389448 809261 426935 147829 612454 999999999 823350 676424 383393 345824 713806 555932 144538 525527 638562 481515 215656 233569 437394 700701 83585 221570 599693 283926 619243 331259 312270 798068 313073 589007 176080 234999 441067 343959 739681 371629 392620 338454 384209 291789 279581 456190 361143 562997 446651 360269 643277 590443 133686 384560 862121 403198 676100 442349 263768 118335 680661 483612 553050 497060 391316 389534 454824 217910 846973 610551 271944 417703 99528 904808 649496 634138 125181 457438 401886 326266 532077 658046 567219 556300
570501 505752 484857 230205 716168 894067 822619 232802 698882 931043 466255 558329 951851 580924 417531 894113 559572 687758 844820 669135 470463 18140 397884 723244 216951 823350 999999999 226545 885273 647399 169431 579400 939073 333335 253283 401548 869434 590746 831353 242898 897478 951805 482566 1078008 846219 669265 517995 899885 580037 696216 943109 844215 733051 870626 604487 654441 582019 646165 831453 929678 693150 382992 736208 273324 871052 533401 351109 898534 697732 581746 185299 421500 231181 486109 1073045 922857 331564 597306 623737 554323 1184286 1126844 410646 1020878 34434 220533 973596 415262 813469 82764 220543 370761 910520 1250321 1166604 871152 954913 291644 358416 814727
448049 405683 261284 309123 506328 890132 889917 343164 751353 875129 297811 471005 874128 356252 303181 696716 495801 661363 868591 562864 290744 224708 293654 608035 121079 676424 226545 999999999 672914 440838 278877 352896 808395 150911 38215 203840 771975 459397 612272 347168 757276 767961 530750 951517 863619 463852 407004 958859 504946 724223 822011 650824 711098 807373 692832 443116 544096 591658 617469 843933 495775 222232 689403 131950 652139 340964 126669 899745 566931 373482 386149 287758 5322 458442 938205 760433 423103 374091 397254 558532 1060090 1024311 364860 888893 260896 211033 874170 328522 690733 283272 275985 145729 781563 1126971 1054948 665174 930755 368875 382352 588787
478882 544161 419162 825169 169445 943783 1123953 871394 995116 785598 446922 566456 716390 338667 549068 123581 624139 760501 1002252 515438 430970 877543 571628 491213 676729 383393 885273 672914 999999999 239449 844434 370571 494087 553747 638617 484317 599011 451267 92793 866505 434146 231888 864968 591223 982746 219307 518375 1154260 597401 922956 537496 148441 794213 725754 1033910 230912 693064 664652 56934 673392 213144 520401 718606 619240 74859 361836 576143 963902 436711 303632 994566 520954 669746 698023 550464 337642 884859 314075 338099 790462 675130 727267 658779 531415 917302 726246 643414 590840 480924 953241 792922 558264 488845 728732 716682 57477 913828 843210 773813 220038
297396 344109 205772 590156 70493 821465 955790 636537 818316 704793 213582 385384 658307 163254 323465 258721 443822 607945 857443 378005 194202 639131 344536 380405 437360 345824 647399 440838 239449 999999999 606408 212018 489204 314794 404953 245859 534721 276434 205285 632338 425519 344692 659055 622039 841353 23483 319920 998204 423749 754104 521730 218667 650305 636099 835280 29623 516966 508876 188888 616792 71307 282151 585322 379825 241089 124829 358335 839285 317660 67433 755714 291561 438160 498160 593303 378362 657961 138978 207333 602372 725022 735278 442078 555327 678996 488330 612078 370043 415948 717349 556892 342930 471000 788516 744668 224686 814604 613078 551313 264089
456961 383693 489443 61726 676873 726018 657502 69657 530745 773377 399378 424762 801404 583657 316339 830214 414378 525453 675389 539735 413490 151418 293356 596648 188247 713806 169431 278877 844434 606408 999999999 596404 815295 306219 283882 373853 728993 481697 806410 77535 780952 870545 313177 949035 676864 625360 401537 733559 438962 526791 813497 776897 569063 716137 443052 620670 425680 493542 795293 782805 637063 324271 578693 237812 844583 482622 397727 729978 582000 547524 152768 333587 284153 330409 949246 822379 165872 593508 638414 387896 1052479 984605 269093 896219 171356 118188 832084 296251 688165 242293 65347 414196 786344 1117259 1028314 819991 789432 122361 194048 816859
451360 469180 109340 601925 239611 985139 1077874 645905 935624 893289 297474 527528 856023 49690 403622 440623 580416 758246 1003829 555073 268535 576854 416424 570537 408263 555932 579400 352896 370571 212018 596404 999999999 700046 295743 328316 239252 733858 439829 289259 645442 636759 541498 744184 833992 990937 230415 451048 1130976 569091 882512 731060 413643 805247 822899 923441 190415 651579 662717 314364 815918 282569 314481 750912 361062 327286 234138 232404 1000951 509362 175999 728147 367200 348354 605005 805245 588946 696660 73089 44395 717113 936997 945323 525339 767258 613703 489309 817454 454131 619047 632578 565487 212523 680830 1000320 956244 385525 991798 644129 610061 237543
369313 434477 664333 765704 485323 519595 765286 801331 672033 323715 513236 391348 238564 650533 523271 372866 414467 428017 609441 275961 526772 923912 541653 218659 734792 144538 939073 808395 494087 489204 815295 700046 999999999 657907 771076 618999 153169 352000 560843 791416 64424 285479 651878 143289 585943 473681 421079 768033 384717 591917 45433 349612 434027 284535 766338 514265 441321 373899 505957 199160 421477 586303 357240 689046 563779 502698 783331 541140 243311 529098 957777 526599 808492 512863 134216 160753 757743 627520 696013 539548 251910 246679 547584 81826 960100 720942 152335 524895 127142 1021542 749992 775055 28969 318745 257451 437018 460966 743826 649971 685711
301734 269207 186625 306553 384309 778822 818004 351123 675605 741876 147129 336384 733659 278314 168935 561618 370579 546111 772083 418548 142622 324513 167072 460819 124150 525527 333335 150911 553747 314794 306219 295743 657907 999999999 113226 69937 627157 310767 506015 350170 606394 625005 467046 801116 763834 336293 265912 879888 373964 635268 672445 512765 596144 672520 642946 323865 428872 465980 501116 701475 360219 73539 563701 68655 545096 200791 160986 790730 417302 250382 448319 145072 150725 355734 787366 611071 402068 287326 335756 465514 909725 876878 263503 738212 364436 194349 728097 207128 541501 406167 270220 165538 631270 976596 905957 537914 809309 348906 323852 510651
412307 372549 231579 306908 471221 864696 874724 344409 734806 843658 259840 438555 840518 327681 270021 659929 465832 634451 847009 527858 252531 249318 262056 572106 107999 638562 253283 38215 638617 404953 283882 328316 771076 113226 999999999 165947 736934 422885 580112 347193 719586 730190 516170 914258 841174 427817 372680 941995 473537 704231 785194 613602 684381 775386 682607 408231 516826 561859 583548 809687 458730 185359 659801 103156 619938 303183 113850 874933 530050 337746 402459 252600 37539 433805 900582 722223 418130 344124 372382 536863 1022857 988406 339704 851431 287177 201613 838734 298433 654051 315236 272054 130586 744365 1089732 1018411 629537 902637 363389 367542 561940
280906 266490 131007 369816 314946 787962 849888 415276 707087 732350 108762 332768 715585 215438 178370 496085 375727 555325 791098 398465 92258 393342 185616 434141 194053 481515 401548 203840 484317 245859 373853 239252 618999 69937 165947 999999999 603324 283560 436135 413457 564108 564260 507629 762117 780901 267758 256625 907761 373151 660321 637424 448605 604754 661883 686209 254095 440778 467948 431386 680822 294470 78252 563766 137829 475180 137284 167922 801398 384373 180744 517718 144953 202259 379165 745145 559046 458822 221677 276258 491440 870593 846529 292674 697678 433176 259309 701223 225824 508510 472441 333954 164013 593543 937257 871723 469807 810309 407235 370971 444221
325485 370300 676559 673964 550349 369786 612244 704250 522328 187139 494648 311635 123749 684601 470702 486141 314750 284099 456583 209114 515111 852939 484278 169636 681051 215656 869434 771975 599011 534721 728993 733858 153169 627157 736934 603324 999999999 319772 651179 693528 182688 417611 524870 236985 433213 524859 365460 615324 290550 442503 118849 450582 284108 135173 623281 563159 321081 249372 598787 82188 476746 553631 210706 643706 661917 511302 771228 391268 226173 557859 861853 484356 773069 406134 255044 293100 647474 665041 739006 409660 329687 257449 461307 206559 886200 648972 104234 457902 121678 952047 664245 766676 135998 391698 299369 541811 320202 642125 548273 766212
29158 105396 365933 440650 324236 549165 682979 482250 548621 457819 174949 115404 433304 393505 173215 389906 173785 331533 581048 118025 196531 576342 193462 150939 383029 233569 590746 459397 451267 276434 481697 439829 352000 310767 422885 283560 319772 999999999 459054 474058 306915 401492 417255 494133 565173 278410 82332 722601 149621 480768 362869 335310 374512 386938 582850 305501 245067 232514 421548 397600 250624 237599 313126 337235 486133 206093 451457 566144 108698 270957 631612 174642 459907 249562 484662 340849 465390 379363 455255 339402 602355 566214 232553 433552 613760 376985 418531 185604 231417 672626 418079 447095 324271 669180 595561 406838 551969 435666 350051 539628
484287 541077 352423 793414 139283 980011 1141322 839795 1007669 835090 418664 573616 772172 263815 528539 204898 632408 783010 1029757 540486 398082 825113 549772 525512 630164 437394 831353 612272 92793 205285 806410 289259 560843 506015 580112 436135 651179 459054 999999999 836001 498301 316598 860189 668159 1011588 191687 515857 1177464 608556 939144 602343 211991 820696 771678 1034276 186506 704122 684753 55203 729060 208463 483563 748640 573774 39870 329270 506944 999375 466278 258958 953244 496845 608655 696341 629374 410933 863234 241510 253071 796046 756791 800654 645751 605929 864358 688983 705877 574433 530172 895166 759490 488168 552043 812568 794365 134825 958258 818066 756325 130939
447112 370670 536661 43668 702138 660454 580809 11538 456022 721810 419851 400862 756716 627915 322149 841358 380392 470306 604389 515944 438211 225293 298789 573797 243752 700701 242898 347168 866505 632338 77535 645442 791416 350170 347193 413457 693528 474058 836001 999999999 762385 872085 242309 920356 607090 649544 391842 657413 408078 456428 785491 787014 511169 668222 365559 649503 379566 450188 820113 741438 655229 353296 528842 284599 873049 507510 460298 663175 567170 577910 168331 346397 352325 287900 924171 813464 88964 635134 685905 327788 1021121 945757 246142 870976 239570 156152 794817 290989 664750 309873 79968 475471 762497 1084661 992301 837532 728230 54932 145543 857289
327343 397424 603771 734117 420899 551926 784313 771839 682047 366043 460237 361899 287134 587336 480028 314728 392941 433766 634517 248302 471911 882880 499697 190666 689264 83585 897478 757276 434146 425519 780952 636759 64424 606394 719586 564108 182688 306915 498301 762385 999999999 236080 640432 200381 611704 409665 381344 793356 361788 602088 104052 288005 446966 317848 767018 450284 429592 367004 443630 245209 357376 536060 367510 641344 502567 443849 726588 573346 200119 466916 926667 480001 757108 491998 181164 110654 735190 564079 632066 531693 307759 311025 516531 134340 919936 681805 209272 486667 106254 979484 715986 717598 54794 373965 319644 376793 501633 717049 624266 622246
430100 506886 550328 836092 301914 784250 1002086 879554 888248 602121 485549 500632 521928 497690 554329 111860 549272 640141 860502 410482 483079 940332 577489 365428 734854 221570 951805 767961 231888 344692 870545 541498 285479 625005 730190 564260 417611 401492 316598 872085 236080 999999999 805713 363046 838536 321824 483244 1018429 517993 810087 330876 128009 662557 552247 955012 356836 605275 556629 263477 480653 277754 568835 582553 678953 306626 427011 700035 805479 332858 408011 1023017 538551 766174 641570 320614 125879 866872 471470 521243 709669 443409 502172 633953 307065 979925 757196 437722 581097 316841 1028811 809940 685726 288656 496963 487147 181774 737459 836271 751536 447528
388477 320940 638166 253520 720978 420673 359175 253403 222500 508033 458725 306751 559431 712500 344892 806590 256584 257650 362402 400141 485937 464585 329018 453787 410142 599693 482566 530750 864968 659055 313177 744184 651878 467046 516170 507629 524870 417255 860189 242309 640432 805713 999999999 761648 364781 669279 346681 429595 288139 214148 634031 752257 288495 465464 179531 683766 211089 278488 829846 553671 655686 430263 327854 422173 891723 544990 616358 422175 473533 623690 389419 381062 535085 167704 775593 718024 159681 710806 777005 115559 852206 758664 221106 723869 481612 321039 616387 294442 534549 552115 272421 626184 624583 911038 811592 823143 494179 190953 148660 915910
510202 572315 804060 897213 610217 553196 821371 930671 747734 345152 656520 524366 253768 784879 664061 467692 540150 518812 656532 410112 669869 1062500 681734 354829 876201 283926 1078008 951517 591223 622039 949035 833992 143289 801116 914258 762117 236985 494133 668159 920356 200381 363046 761648 999999999 632308 604791 560564 810327 512372 669376 135558 457381 512553 334539 856383 645418 555744 484743 613042 232037 552290 729357 444683 831367 664686 644079 925968 574073 385510 666309 1088041 668757 951653 636052 46402 257852 880029 761007 826792 646573 108625 141771 680055 66775 1098030 858710 161615 662870 264788 1160663 883707 917368 170028 175482 126319 536722 475449 870777 776548 797251
546524 522249 899077 616136 884176 90421 191820 618172 180020 289499 695258 464068 378941 948641 602748 886536 410630 234143 24234 471106 723931 828146 598612 491744 743982 619243 846219 863619 982746 841353 676864 990937 585943 763834 841174 780901 433213 565173 1011588 607090 611704 838536 364781 632308 999999999 841843 539908 182112 422879 150763 547620 840804 191440 303521 317806 870569 340945 332729 966664 402487 807718 705296 264148 738998 1032672 760234 924327 76945 546881 832690 747476 636156 867170 408867 665536 719103 522895 938164 1012895 305253 686638 563092 502764 626396 846281 665585 471606 557896 521748 916863 630699 929300 568930 727977 624109 929091 187039 555222 494926 1103177
300943 351869 228931 607664 53037 819471 960244 654006 823816 697624 229865 389784 648594 182465 337412 235242 448518 609168 858427 375350 212166 660780 359009 374206 458297 331259 669265 463852 219307 23483 625360 230415 473681 336293 427817 267758 524859 278410 191687 649544 409665 321824 669279 604791 841843 999999999 327137 1001006 427161 758232 507339 195440 650502 629561 844450 40662 521366 510043 170587 606709 52503 301177 583780 400672 225850 142793 381803 837626 311550 90688 775270 306606 461220 506734 575127 358670 672931 157398 222428 609157 706940 720163 454070 538185 700681 507191 599619 382813 405014 739713 574810 366355 456348 770008 728120 202180 809869 628931 564992 261446
55583 25805 362320 358927 377344 537063 638213 400129 499193 477340 157768 77648 468127 409017 105531 466500 129739 307501 553086 156773 185662 502862 121361 206775 317673 312270 517995 407004 518375 319920 401537 451048 421079 265912 372680 256625 365460 82332 515857 391842 381344 483244 346681 560564 539908 327137 999999999 685015 119195 437916 426355 411577 355256 407419 518519 346956 202183 214252 483540 437024 309487 193556 308043 278263 546139 221843 419637 551906 181319 297559 550436 120902 408287 180687 555097 422237 384043 399649 473613 282455 667589 620103 150796 502883 539289 300573 468475 105571 295788 600492 337337 418765 392533 734014 654583 477692 554281 353408 268756 582958
700814 664156 1032726 677608 1046081 257494 81169 667199 207536 465364 833567 613627 556578 1091810 730781 1062338 556202 394618 158887 639147 862503 882491 722158 665657 837832 798068 899885 958859 1154260 998204 733559 1130976 768033 879888 941995 907761 615324 722601 1177464 657413 793356 1018429 429595 810327 182112 1001006 685015 999999999 574497 248473 729479 1015053 360550 485066 302715 1026785 483057 492740 1134819 582626 970781 829873 438534 843992 1200732 906709 1036375 237130 717592 982390 769384 766365 963030 528675 845045 900149 568485 1084028 1156911 416322 858215 731460 617089 807220 893061 750359 650839 682009 701649 960884 700284 1044089 751006 894940 792563 1101872 344805 612803 576803 1262041
126370 106709 481515 385310 473754 417867 533423 418328 399289 370208 276932 41658 374947 526021 205240 525810 31843 189253 437089 114378 304850 563290 211502 171204 401757 313073 580037 504946 597401 423749 438962 569091 384717 373964 473537 373151 290550 149621 608556 408078 361788 517993 288139 512372 422879 427161 119195 574497 999999999 331246 377414 472689 236315 302651 441545 452289 95859 95196 570118 350153 400186 304832 190818 373088 635089 337378 532194 432776 185423 410247 575671 231195 506980 130332 516519 431256 373839 515286 590092 195206 614179 547413 170758 463347 595969 360107 394303 177308 259428 662442 373988 532877 355966 678553 589580 550360 437369 359358 265333 687716
457290 416434 784478 466399 804983 215381 202224 467478 80154 355361 585128 368723 430014 843532 482787 839941 310388 170097 148761 409721 614061 678179 474908 445976 603506 589007 696216 724223 922956 754104 526791 882512 591917 635268 704231 660321 442503 480768 939144 456428 602088 810087 214148 669376 150763 758232 437916 248473 331246 999999999 561290 789704 158396 337976 197128 782248 237157 259022 899143 439677 731041 582723 235179 603756 964601 659165 793708 213044 490289 735472 597781 518179 728053 281240 694673 700623 372172 836094 908676 169771 742191 629875 371766 648451 695752 521325 509647 434507 500303 766261 482310 800383 569428 792629 688590 872996 301096 404867 348501 1018191
377204 437359 690141 761877 521954 478765 729564 795725 641155 280096 530090 388809 193664 681403 530589 416969 405690 401082 571348 274652 545604 927483 547691 219912 743068 176080 943109 822011 537496 521730 813497 731060 45433 672445 785194 637424 118849 362869 602343 785491 104052 330876 634031 135558 547620 507339 426355 729479 377414 561290 999999999 391938 402906 244617 740407 547698 425340 355635 547681 155120 455612 599859 328504 699591 606441 526567 803489 500298 255154 558079 952962 536963 822391 502495 141679 205924 747101 659060 729027 520059 241278 214585 544554 90017 962814 723524 107137 527860 131554 1025812 748166 796153 51335 307663 234299 480258 417454 736370 642170 725931
364339 436969 424371 748385 174033 798482 988768 793429 864311 637251 381061 446678 568169 369682 464934 54966 501724 623728 860984 379983 373892 833885 488328 349494 628153 234999 844215 650824 148441 218667 776897 413643 349612 512765 613602 448605 450582 335310 211991 787014 288005 128009 752257 457381 840804 195440 411577 1015053 472689 789704 391938 999999999 654508 577948 913975 229223 566615 530716 156833 525134 155338 462895 577224 571046 214588 312113 576285 818861 299500 283765 929569 443561 648678 584680 419981 199584 792544 343462 394395 667870 549372 588719 560176 394352 873788 660511 496878 499070 332949 918831 719412 561300 342373 607694 583699 91280 766109 756475 678119 339934
356983 340134 717303 507581 692745 183253 339596 522706 238278 220211 512641 277965 281253 761691 429310 702047 229125 50073 209061 280343 540827 715027 429075 305184 596126 441067 733051 711098 794213 650305 569063 805247 434027 596144 684381 604754 284108 374512 820696 511169 446966 662557 288495 512553 191440 650502 355256 360550 236315 158396 402906 654508 999999999 186594 345084 679600 167781 142964 776431 285424 616328 532131 80154 581239 842436 572686 756967 196935 357539 643547 671398 460154 714030 255017 536727 548686 440783 750124 825365 183593 589431 482990 346693 490132 739919 529793 354376 389343 347992 810586 512532 759818 412126 642727 539756 741462 222994 456252 375323 911785
382725 403587 752865 656749 661226 235238 488771 679564 414817 70895 556512 336920 94939 774963 505662 616601 315576 207895 327431 269132 580991 853154 513728 255698 703677 343959 870626 807373 725754 636099 716137 822899 284535 672520 775386 661883 135173 386938 771678 668222 317848 552247 465464 334539 303521 629561 407419 485066 302651 337976 244617 577948 186594 999999999 530594 665454 290461 224526 721000 102622 585157 600857 139997 675623 785495 591551 826866 256771 318440 648833 834232 527602 809308 385961 364326 428159 607891 758010 833594 352315 404318 296588 462155 323243 882572 654709 173127 479903 245026 951589 654336 825342 270258 456330 353173 669120 188181 613969 524482 880827
555031 493206 816992 392400 895456 400061 222307 374259 137925 552171 637824 468296 624213 892025 524245 967310 412259 339348 303834 544539 665224 587642 508548 591928 574815 739681 604487 692832 1033910 835280 443052 923441 766338 642946 682607 686209 623281 582850 1034276 365559 767018 955012 179531 856383 317806 844450 518519 302715 441545 197128 740407 913975 345084 530594 999999999 860670 350032 401875 1001581 630492 827802 609227 412635 593846 1064599 723344 787459 392295 623227 802095 466786 560490 697521 337935 878189 856409 277706 890280 956500 246479 934421 825190 400466 829591 594953 482047 699368 473674 661450 661325 420431 798549 741488 986795 883200 989448 492235 328033 319545 1094020
326007 370803 197945 606910 63451 851032 983759 653292 845849 734034 233380 413603 686820 143146 345367 264581 471876 637033 886549 407623 211798 646897 365801 409778 447563 371629 654441 443116 230912 29623 620670 190415 514265 323865 408231 254095 563159 305501 186506 649503 450284 356836 683766 645418 870569 40662 346956 1026785 452289 782248 547698 229223 679600 665454 860670 999999999 545092 538002 177299 645159 93150 297202 614863 390442 224028 143573 353675 868822 347029 73647 768620 312382 440135 524159 615585 398539 678102 117628 181787 629343 747410 760697 465568 578824 686598 502961 639314 392974 443916 722456 573040 337265 496765 810344 768782 223321 844184 632163 573018 236144
