NAME : synthetic_000299
TYPE : CTSP-D
DIMENSION : 100
GROUPS : 8
RELAXATION_LEVEL : 1
EDGE_WEIGHT_TYPE : EXPLICIT
EDGE_WEIGHT_FORMAT : FULL_MATRIX
EDGE_WEIGHT_SECTION
999999999 69612 568340 278785 402144 363613 221588 486661 287969 421129 448869 240255 421393 193156 516864 450927 269061 421176 295293 642657 482459 160146 179795 472491 560453 531971 483357 570192 433186 253197 491387 446254 252024 445180 423505 314243 432145 338105 262707 451438 435919 455323 132892 462545 302311 394900 338242 302070 363174 218937 577469 557832 447307 444820 407799 661754 504355 585168 403842 577191 352108 224612 163615 495284 643831 372961 551995 472321 373104 574198 318407 195187 348005 135520 259106 314255 490441 404991 317929 160641 329339 246571 220363 482220 225119 522218 527499 303744 495571 318171 528852 504850 524900 161477 445158 489709 493923 495724 601541 340359
69612 999999999 586042 338068 448445 352070 265570 517144 247894 476822 442032 228584 368818 258843 466009 407042 316497 446634 248617 708887 474442 160876 249268 541700 545104 599600 440569 630817 486699 301889 477569 441653 270763 501961 434161 255637 489023 401524 256152 491660 427774 495028 167507 517001 232706 454974 309545 363113 397450 164291 554672 503005 438467 496973 475624 728004 567911 651490 384804 613410 282605 277346 181890 471315 709483 426428 602784 422540 309906 526270 343174 263250 360354 204747 212872 274167 539259 418277 249175 227148 284832 253997 179777 550116 197152 525725 595794 306097 439911 385314 556766 487196 574669 135833 498051 494793 463662 431262 546589 294282
568340 586042 999999999 413154 884249 931505 744099 129588 830871 852630 222678 377682 536416 487826 552559 982128 771765 959818 825732 911811 218351 728479 548014 708342 1127772 799891 1016343 931198 875304 363519 1059054 210661 810314 864268 982936 559644 853435 447760 830971 949371 1004259 208916 436429 893361 691228 801923 895578 730690 887748 531362 1140485 609999 235459 892351 538755 926305 482022 866203 311475 170369 711466 397319 406774 1057223 923471 342063 319268 527325 835572 549124 251459 515511 907964 540183 792146 448715 947923 168963 737344 614738 862946 333156 764113 759762 433546 125376 778823 288734 589901 503089 93490 283674 301304 468417 888521 1052759 377001 691553 634159 479815
278785 338068 413154 999999999 477572 604707 364120 292661 562660 439900 415961 309506 569450 99795 645602 725802 378696 572692 572857 529483 446294 410851 155091 323341 797563 411185 757198 524425 462970 77476 728714 405243 452977 451119 615403 502615 440339 74771 505920 544534 666311 228773 191002 480312 552836 388787 602570 320927 496019 415410 826462 700260 422614 480210 178633 546415 234036 477279 429469 350053 596928 72553 217326 748410 538021 104243 282279 601923 647949 684093 206315 119494 545431 170961 536845 439115 535927 304059 580031 230363 605712 251083 496712 364967 348787 431873 394439 289625 647779 102591 338609 502014 258326 318510 476111 688724 542432 692005 740912 478742
402144 448445 884249 477572 999999999 343970 182878 769239 448257 90148 825795 633152 817254 396596 914417 553532 133097 151075 479570 376118 859739 323443 336944 343044 461448 323353 568761 241103 74399 520907 410314 819906 222827 112104 241660 702399 106815 471433 313219 68102 351391 705863 489735 100996 636814 132447 417040 157774 96508 612733 516238 950726 827167 70130 441034 392339 573286 332274 796710 824455 686506 487667 535363 469437 366958 571999 724002 870750 617938 974038 645437 368748 222131 352813 461983 716238 92627 747594 625412 277894 486163 618500 429060 299678 626475 877003 339376 676599 887390 412774 815361 894010 708758 563281 76221 301615 893556 864937 994155 740745
363613 352070 931505 604707 343970 999999999 269222 848570 164199 426628 793309 580100 654401 505025 748559 211985 293548 223989 194851 716773 825232 203878 455708 636897 197078 646649 224941 585065 416946 603777 127818 793401 164827 452396 143821 535204 444159 640352 101467 333403 76777 810822 496416 444951 411584 447608 94062 400184 247545 476722 221902 766329 789163 414084 665300 733791 790887 668777 730634 934674 449789 570860 525032 147436 708881 708285 886867 712406 326245 814724 682020 489224 122246 433779 201784 600234 420663 766344 378254 383114 179909 603813 199551 610872 542514 877563 656855 657667 705407 596383 891571 832495 862938 485594 420140 168106 795305 642757 805768 606650
221588 265570 744099 364120 182878 269222 999999999 640398 309635 220957 659137 458134 634385 267459 731542 448441 52449 215733 336508 489491 693132 155178 209060 374479 446570 399313 472082 384494 226281 385749 380470 654652 104410 247912 251510 519917 235686 384963 191239 229887 315736 587902 323480 257580 462532 214533 306522 140549 146606 429856 485290 768085 659199 234478 397781 508105 526061 435207 622387 711642 513229 350992 366578 416168 485736 467614 639572 687910 466056 791306 495618 244681 184110 204919 310879 534569 273992 594280 456857 134243 353472 451587 271867 357134 446704 720386 404788 510241 704807 335180 686069 721874 618598 383045 236502 325003 715294 685977 811567 558230
486661 517144 129588 292661 769239 848570 640398 999999999 765026 732077 263662 340926 552684 376267 590196 922987 663206 854865 764540 782264 275922 644823 436834 579139 1045635 670689 956828 804108 755401 254650 976285 249275 715416 742268 886028 547557 731857 320490 747118 835611 918306 79580 354430 771943 660749 680168 823192 613343 780436 498212 1064130 649494 276299 772712 409333 796723 355691 736913 335522 106691 689290 289406 335732 981845 793988 213755 209116 557198 794896 600867 175465 402634 812317 435600 729334 442875 828455 149003 702887 507644 801261 280670 696803 631114 400117 206357 649451 256130 617646 377168 46150 346753 185604 418439 768495 957654 428389 705113 680117 480028
287969 247894 830871 562660 448257 164199 309635 765026 999999999 516007 668361 460344 496563 468854 588722 163257 353781 363694 32908 797242 698304 167269 434558 678242 322509 708841 195394 681638 513487 541081 262882 670577 226918 543422 300733 379624 532704 614347 135467 458079 234450 740723 413206 544395 248395 520967 78930 449686 359531 333970 318147 603880 662454 515646 664723 815584 777197 743941 596836 860530 285596 512440 429671 235659 792440 660087 839630 554377 172809 655170 590939 461790 252847 399624 42802 456312 536403 662122 214062 375686 45537 497716 68412 665797 413788 761121 713604 545393 543732 582594 804571 696428 812755 365385 520174 332297 649509 478559 642717 457060
421129 476822 852630 439900 90148 426628 220957 732077 516007 999999999 816799 637102 842410 372271 937974 632824 169158 241166 545861 290167 850313 374611 317035 258609 551459 233302 650105 165843 25413 493734 499418 809507 289466 27481 331428 732316 17535 420948 383840 144258 439481 663678 487054 43048 683328 55084 493350 128712 182466 638866 605772 978421 819585 42981 374496 307179 503925 243750 797438 777624 734112 462788 533826 556898 282383 526119 665585 893353 681017 994644 624559 343725 306549 343388 524440 732729 97659 727477 677540 274399 556575 612999 488056 211661 638802 857878 249825 669412 915764 361487 777769 890777 653051 577666 37233 391674 899944 904346 1022116 760939
448869 442032 222678 415961 825795 793309 659137 263662 668361 816799 999999999 213448 314171 448874 332998 806364 698434 868411 656834 945360 34016 600346 500190 739281 983155 826828 840358 929360 835751 341605 917051 14409 700798 834495 871217 349543 822148 478620 698150 884231 869453 319160 336692 859736 491905 773759 740784 688190 805406 342264 986009 391531 13120 851019 585076 962363 578265 892617 90674 359517 504675 364587 292565 902880 953619 397461 467466 305340 642195 337924 210135 476779 795984 474878 626704 238847 903847 128476 540386 548376 693536 207808 606408 779803 254576 106558 810393 149315 367766 518542 266986 89873 440689 307780 848965 935052 164813 469171 419245 264373
240255 228584 377682 309506 633152 580100 458134 340926 460344 637102 213448 999999999 260771 296127 336894 606235 501774 661413 451882 809844 245975 387397 332456 612692 771078 691514 640464 768025 653217 235589 704449 213312 490461 657940 659326 214475 645072 383958 484710 687152 656121 349478 152810 680000 320228 600555 530359 509613 602394 157638 776251 390838 210087 667001 487178 828179 528898 753675 164254 446823 348649 238813 106892 692867 815087 347303 489435 292757 459266 379586 175700 319620 584408 296674 419793 130537 716929 210229 363678 362732 489038 68382 396231 641608 59196 300872 679764 89268 338650 402307 371065 264619 459340 95442 666034 722179 262886 393635 431824 170922
421393 368818 536416 569450 817254 654401 634385 552684 496563 842410 314171 260771 999999999 543753 97824 590518 685196 803241 472530 1050269 325389 511838 567898 861200 815394 934197 621478 989962 853806 496330 759002 325775 627300 866573 771613 120502 853538 644126 582368 858932 728882 584382 395487 883551 255968 815537 575465 722502 762315 204563 799821 137450 301728 864768 745889 1069081 788905 993053 225120 657359 241107 497822 356562 722678 1053613 605410 732448 58007 400564 161715 419032 563308 704493 525812 455062 130386 907991 403777 302547 576800 503019 325310 455830 883771 223922 418692 925108 311950 78775 658818 568422 280163 702802 273202 865503 819018 194335 155171 180970 90953
193156 258843 487826 99795 396596 505025 267459 376267 468854 372271 448874 296127 543753 999999999 628906 631394 287016 479583 481243 513807 481749 312958 60593 317940 697780 395388 662140 481412 393142 124334 628919 440515 353587 387876 517793 459926 375921 146141 406579 461553 566564 320575 148303 414648 485815 326243 505143 245748 404385 366186 726839 679550 452923 409478 218575 532091 311668 457856 442100 444185 533109 91306 190197 649108 519337 203880 381846 583879 566260 675100 252303 28548 446878 71604 445651 416709 464266 355223 507222 133236 512790 254097 404460 345529 320139 485613 383882 305862 622404 127357 422334 527955 358117 274747 406466 590864 551716 650279 722023 453416
516864 466009 552559 645602 914417 748559 731542 590196 588722 937974 332998 336894 97824 628906 999999999 672500 782118 900893 563265 1139417 334308 609591 657092 946830 904482 1022381 702120 1083523 949867 570100 850010 346568 725058 961816 868082 217626 948771 719570 678862 956605 822283 632405 480992 979387 343307 909819 667373 816784 860118 301734 885765 59368 319881 961100 823804 1158092 856475 1082463 254838 690714 319974 575598 439223 810524 1143381 670772 782543 45288 479689 66531 477493 650032 801595 616166 547938 212462 1004892 442815 386918 670195 592126 395694 550981 972053 309724 428571 1012245 370708 56634 739145 598864 274038 753672 364314 961690 914172 178467 174970 95681 178496
450927 407042 982128 725802 553532 211985 448441 922987 163257 632824 806364 606235 590518 631394 672500 999999999 484816 434907 158528 921775 834183 323657 594959 822814 254142 843696 34233 794301 625203 703802 224613 810224 350626 659342 348048 485480 650245 776439 257472 545385 239785 901806 574013 654158 335776 647974 142235 588091 457711 464404 219121 674320 799088 623584 822756 939319 938172 871582 728097 1020398 352526 675509 587304 159318 914905 823322 1002795 645609 193553 738154 747925 623341 333608 561559 194182 579608 632430 813220 288026 532531 122308 650206 230607 804075 554588 904169 851306 693980 620724 742812 961277 823332 975820 513728 629321 344639 764493 530669 707649 571521
269061 316497 771765 378696 133097 293548 52449 663206 353781 169158 698434 501774 685196 287016 782118 484816 999999999 194122 382067 443461 732446 205619 226570 343361 457318 358953 506371 333673 173856 409576 394294 693244 134268 196317 248718 571462 184317 389608 228062 185963 329583 606246 361746 205191 514784 167208 342649 106691 117502 480636 501233 819404 699160 182088 388038 461820 519480 390411 665762 728652 565407 375132 406407 437497 438814 479931 646147 738258 514374 841318 526585 261446 191486 232231 358292 583145 222795 627155 508382 157077 396446 490640 320514 319691 493586 755023 366657 549139 756205 335636 709229 764091 627013 430285 184056 321639 761166 738390 862940 607860
421176 446634 959818 572692 151075 223989 215733 854865 363694 241166 868411 661413 803241 479583 900893 434907 194122 999999999 396599 521943 902247 291717 419557 490475 311606 474427 444373 379943 223398 600371 264585 864852 176700 261770 95141 683423 257575 582301 234574 115308 210702 799724 535936 244994 588886 280769 311935 277490 78319 604309 368276 929118 867533 214588 570513 537171 703428 481121 824616 922499 634535 565671 577058 328928 511395 674039 838839 859888 536058 964472 711156 454799 110852 420158 389230 720440 205608 809142 566594 347228 392745 662269 366884 449800 641280 934108 490299 720738 865906 526849 900712 925953 820365 577777 221865 150545 909817 823745 971254 737724
295293 248617 825732 572857 479570 194851 336508 764540 32908 545861 656834 451882 472530 481243 563265 158528 382067 396599 999999999 825327 686015 189086 450259 701803 343367 735017 192288 711639 543968 547045 286763 659711 257498 573315 333027 357380 562412 627278 167502 490519 262829 743567 415826 575010 221016 549236 105288 475783 391651 318433 333753 576487 650388 546522 681886 843777 791449 771556 582693 861893 255868 519655 428825 252968 820878 668248 847040 530083 140102 629788 589588 475958 285754 413432 36221 439129 568222 656773 184129 394710 37225 493051 76940 691223 402788 751815 739076 538500 517055 598028 803052 681079 819661 357970 550915 362663 630677 448593 614723 437399
642657 708887 911811 529483 376118 716773 489491 782264 797242 290167 945360 809844 1050269 513807 1139417 921775 443461 521943 825327 999999999 975768 643292 482495 206878 833101 119049 939855 148080 301745 604242 785457 934725 574093 264863 615890 953565 272632 472202 669105 410161 727437 703409 659430 277158 934701 276299 781165 354663 471681 857169 890184 1187504 951757 307969 373347 19121 452834 57518 952165 789102 985906 584789 703425 845555 17550 571859 641459 1094158 955216 1187992 735762 490512 596548 524584 800369 927057 323333 831346 937415 482106 839705 765564 761084 168300 829726 955481 135313 812952 1127935 427004 822515 1030597 642047 777085 300994 669265 1063566 1138252 1230676 961722
482459 474442 218351 446294 859739 825232 693132 275922 698304 850313 34016 245975 325389 481749 334308 834183 732446 902247 686015 975768 999999999 633241 533562 769392 1014312 857438 868073 961755 869375 372793 948507 41382 734308 867853 904484 370728 855538 507428 730593 918237 901503 336967 370703 893228 515890 806998 771387 721745 839383 369778 1016235 391649 36083 884695 613369 992630 601665 923397 109711 366375 526184 396646 326567 933237 984267 423186 483017 310586 667085 332481 240012 509757 829310 508648 656416 261489 937611 151532 564779 582261 722545 241824 637056 810743 284861 94661 840654 183318 373213 548778 273664 70844 457189 339649 882598 968007 159219 479250 416427 283646
160146 160876 728479 410851 323443 203878 155178 644823 167269 374611 600346 387397 511838 312958 609591 323657 205619 291717 189086 643292 633241 999999999 272085 512783 400937 548465 352564 539241 377486 402460 331690 599106 115467 401868 273288 392457 389931 455574 102636 353429 275790 608763 292700 409029 313406 369496 192269 289979 253670 312870 421003 639562 597440 383544 499213 662048 615250 588231 545598 732150 363086 370447 322924 340299 640099 512522 692428 568278 312045 672864 478391 301957 199779 241647 159416 430948 415983 564563 303427 209201 212798 403896 118377 503604 357994 679283 551453 459519 576140 419525 687712 647970 667170 296465 386559 334783 623117 543434 682200 446494
179795 249268 548014 155091 336944 455708 209060 436834 434558 317035 500190 332456 567898 60593 657092 594959 226570 419557 450259 482495 533562 272085 999999999 297852 645737 366414 624467 436170 336887 184525 577399 492638 299578 334306 460318 474877 321976 185086 359736 401417 514156 380199 179733 359836 481679 273787 463597 188966 344010 378904 677494 705047 503366 352786 232662 501256 343259 425418 486304 503335 530987 150833 225740 601549 486289 258879 433504 611814 546802 706921 309492 35622 390688 45103 415696 444917 406981 412205 497484 75412 479516 299095 373451 315976 347588 542330 358272 353972 645788 148037 482911 576214 411268 294849 350187 533663 593238 663180 748188 479235
472491 541700 708342 323341 343044 636897 374479 579139 678242 258609 739281 612692 861200 317940 946830 822814 343361 490475 701803 206878 769392 512783 297852 999999999 791149 91552 846512 240978 282439 398991 732222 728449 475657 248566 572471 772303 246190 265493 565713 402750 668496 501154 466111 277705 773833 210623 680997 236855 419739 676572 839853 997356 745943 297973 170318 223333 273018 157959 749223 594569 824167 381503 507814 779883 216704 366845 456115 901817 818943 992246 529397 298003 529455 342586 671719 734642 343076 624484 784285 318918 723306 564323 629735 59266 637938 748756 71590 609454 939709 220750 620692 825186 451876 589927 290620 639322 861409 961006 1039916 771133
560453 545104 1127772 797563 461448 197078 446570 1045635 322509 551459 983155 771078 815394 697780 904482 254142 457318 311606 343367 833101 1014312 400937 645737 791149 999999999 783859 238333 689303 534764 799952 69430 984084 346770 573060 220357 700727 568262 828540 298518 423459 131635 1007159 693320 556503 561181 586332 244997 561021 372876 655450 63645 913477 978251 526189 843238 847987 972547 792710 916019 1131192 588874 766714 721040 96432 822130 901617 1078930 872686 438120 970970 878819 680204 265872 627218 365277 778394 512629 961842 518769 571342 312502 798487 378071 755780 729746 1070573 798356 851186 856187 781143 1088644 1016735 1055823 675804 533471 165083 971985 776012 949519 779523
531971 599600 799891 411185 323353 646649 399313 670689 708841 233302 826828 691514 934197 395388 1022381 843696 358953 474427 735017 119049 857438 548465 366414 91552 783859 999999999 864648 163004 252782 485488 729776 816324 493071 214776 563521 839910 217255 356162 586947 373285 668195 592654 541770 238345 828669 199750 701580 259243 411922 743572 836857 1071202 833092 264898 261715 136910 357167 66652 833121 684733 879658 465756 585321 783822 126835 458316 543347 977165 859752 1070150 617498 372651 531421 409457 707577 809927 299284 713939 834574 372572 752785 646603 666834 50438 712670 839108 25358 693908 1012183 308934 712179 911777 540624 661255 257248 624958 944568 1026272 1114215 845127
483357 440569 1016343 757198 568761 224941 472082 956828 195394 650105 840358 640464 621478 662140 702120 34233 506371 444373 192288 939855 868073 352564 624467 846512 238333 864648 999999999 809857 641356 736424 217755 844281 372159 676269 354540 517850 667599 806765 280873 556794 242069 935106 607324 669693 367586 667590 165908 610810 472421 498306 196927 702350 833025 638890 850970 957154 967719 890580 761798 1053977 382330 707825 621113 147561 932480 855309 1034955 676121 222449 767494 781838 653420 347173 591928 227713 612985 645016 847430 319343 560722 155739 684362 263281 826045 588753 938318 873008 728211 649749 772080 995244 856705 1008136 547949 644864 343947 797018 557088 734853 604312
570192 630817 931198 524425 241103 585065 384494 804108 681638 165843 929360 768025 989962 481412 1083523 794301 333673 379943 711639 148080 961755 539241 436170 240978 689303 163004 809857 999999999 169419 591282 644508 920389 454862 138365 474853 884304 149658 483659 548778 265921 588703 728807 615255 140185 844941 175855 656506 268163 337540 789100 747672 1127089 933892 170981 404492 160603 513958 125839 922013 829987 895990 565267 661664 707258 134746 590517 696231 1038422 846807 1137255 725759 454294 463111 471780 690252 874081 177035 826835 841231 413337 721820 734197 653628 182031 777798 955880 188227 787207 1065322 428405 847749 1009367 690580 719593 165024 524656 1029405 1061462 1170760 905169
433186 486699 875304 462970 74399 416946 226281 755401 513487 25413 835751 653217 853806 393142 949867 625203 173856 223398 543968 301745 869375 377486 336887 282439 534764 252782 641356 169419 999999999 515385 484531 828714 286576 38399 315529 742332 36506 445450 379844 121515 425789 687548 504236 31546 688493 80432 487091 147924 170221 649729 590187 989280 838272 17736 399897 318055 529320 258194 814448 802028 739005 484009 550891 543819 292750 550278 690791 905448 680544 1007321 645403 364604 295630 361381 523958 746142 73244 748312 680904 290686 553033 631024 488733 233984 653048 878657 270466 687853 926391 385982 801173 908678 678105 591311 13324 373431 915848 911900 1032936 773491
253197 301889 363519 77476 520907 603777 385749 254650 541081 493734 341605 235589 496330 124334 570100 703802 409576 600371 547045 604242 372793 402460 184525 398991 799952 485488 736424 591282 515385 999999999 730549 331497 463128 507759 632354 436266 496221 149688 502720 585854 670499 207263 138456 535564 500308 445535 589593 368886 526448 353735 823313 625419 347635 532031 255624 621470 296138 551099 352087 331532 541520 34759 152510 742730 612200 126979 300897 526815 607670 607362 134488 152237 559286 181023 510837 365994 587191 236068 531840 253269 581857 174649 473209 438215 279028 366061 469641 212189 574218 178772 300378 426371 272919 256607 528692 704478 465010 623740 665604 406118
491387 477569 1059054 728714 410314 127818 380470 976285 262882 499418 917051 704449 759002 628919 850010 224613 394294 264585 286763 785457 948507 331690 577399 732222 69430 729776 217755 644508 484531 730549 999999999 917666 279210 522417 169728 642505 516591 760733 229186 379418 64889 937745 624216 508323 507272 530727 184056 499398 317912 592822 107643 861975 912426 477491 777995 801060 906460 742584 851498 1061767 538468 697344 652419 73324 775375 832696 1010313 816677 394221 916536 809790 611691 203331 558203 305186 716203 469680 893483 467277 503305 259150 730456 314208 699369 664408 1003276 743085 783632 803306 714118 1019357 952694 987021 609377 484509 133095 910566 728634 899258 719102
446254 441653 210661 405243 819906 793401 654652 249275 670577 809507 14409 213312 325775 440515 346568 810224 693244 864852 659711 934725 41382 599106 492638 728449 984084 816324 844281 920389 828714 331497 917666 999999999 698278 826886 869206 357565 814602 467044 697578 878880 869362 304906 331593 852394 498339 765939 742349 681001 801083 346722 987863 405222 27151 844116 573272 951638 564881 882233 101167 345424 512347 355265 288194 904631 943145 384653 453104 318299 648010 352174 199064 468566 793863 468304 629145 246466 897197 114737 546553 542223 696534 203067 607989 769530 256979 97943 799659 144414 380617 507773 252968 103306 426371 308311 841952 933613 179163 480897 433257 273422
252024 270763 810314 452977 222827 164827 104410 715416 226918 289466 700798 490461 627300 353587 725058 350626 134268 176700 257498 574093 734308 115467 299578 475657 346770 493071 372159 454862 286576 463128 279210 698278 999999999 316808 172943 507894 306347 481770 95012 242662 215158 669532 376295 317539 422294 298469 208554 239087 141721 427632 382435 754730 699007 289056 501148 592086 628060 522426 652134 793952 470389 428819 413534 311927 568337 557220 733082 683686 395180 788267 558939 334463 97663 284691 239167 544039 313237 652175 406218 224749 267117 497860 207295 453890 466759 772904 500919 555514 691349 434972 760146 754087 710627 403741 293417 242658 734404 655222 797243 561024
445180 501961 864268 451119 112104 452396 247912 742268 543422 27481 834495 657940 866573 387876 961816 659342 196317 261770 573315 264863 867853 401868 334306 248566 573060 214776 676269 138365 38399 507759 522417 826886 316808 999999999 353640 757249 13047 427890 411077 158700 463255 672420 507032 31267 710057 62394 520196 148340 206858 663406 628275 1002848 837605 50521 374947 281549 502185 220170 817314 784467 760899 477612 553860 581067 256509 534115 668275 917085 708495 1017978 639761 359407 331734 362817 551920 755660 96329 742598 704654 295729 583898 631939 515500 197969 661185 872998 232969 687826 940329 368622 787715 909666 656882 600534 42901 411830 920822 930290 1046554 784433
423505 434161 982936 615403 241660 143821 251510 886028 300733 331428 871217 659326 771613 517793 868082 348048 248718 95141 333027 615890 904484 273288 460318 572471 220357 563521 354540 474853 315529 632354 169728 869206 172943 353640 999999999 651129 348375 635049 189248 210391 116284 837217 549223 338732 540973 366165 237289 347074 152958 580791 274659 891035 868915 307981 636396 631398 768150 573723 818780 961390 582969 597741 586007 234008 605691 719073 890605 829291 468507 933271 731664 495909 75559 451889 333016 701761 300715 825103 512497 385093 322325 669952 319430 535717 631276 945346 578035 727244 828731 582977 931110 921118 869976 569610 315071 73584 895313 775302 931904 714156
314243 255637 559644 502615 702399 535204 519917 547557 379624 732316 349543 214475 120502 459926 217626 485480 571462 683423 357380 953565 370728 392457 474877 772303 700727 839910 517850 884304 742332 436266 642505 357565 507894 757249 651129 999999999 744277 576801 461889 741798 610223 563059 315635 772629 151292 708767 458507 616141 644215 96398 688617 248486 339318 752497 672393 972573 732331 896071 261049 654245 155457 430124 285440 609627 955680 556379 703889 178196 303282 282211 389655 475759 584063 430823 337512 111347 793909 404862 200713 473707 389657 282613 336096 789580 159672 455485 832901 291787 185051 582278 572209 345397 673793 186024 753650 699045 279243 190572 291796 88959
432145 489023 853435 440339 106815 444159 235686 731857 532704 17535 822148 645072 853538 375921 948771 650245 184317 257575 562412 272632 855538 389931 321976 246190 568262 217255 667599 149658 36506 496221 516591 814602 306347 13047 348375 744277 999999999 418458 400858 157975 456817 662457 494268 40125 697612 51712 510653 135514 199876 650397 622830 989827 825194 51904 367901 289655 496108 226356 804582 775154 748488 465867 541091 574310 264882 524366 660454 904039 697185 1004933 627950 347426 324070 350115 540658 742624 102546 730818 692515 282781 573462 619348 503974 197489 648175 861228 234404 675332 927318 359093 777385 897098 648628 587499 44760 407986 907957 917509 1033533 771387
338105 401524 447760 74771 471433 640352 384963 320490 614347 420948 478620 383958 644126 146141 719570 776439 389608 582301 627278 472202 507428 455574 185086 265493 828540 356162 806765 483659 445450 149688 760733 467044 481770 427890 635049 576801 418458 999999999 544822 539490 696920 246408 263418 458476 622237 367000 647693 314075 504159 488594 861926 774542 486252 463130 107289 488230 166419 422812 498883 356728 667420 147155 291784 786518 482184 107415 256589 676083 710724 756985 268837 153618 569043 214881 591745 513768 518562 360068 647310 257541 658535 324326 550440 313367 423526 483286 337054 359797 722398 59468 364484 566482 238519 392063 458082 708611 611953 766451 814992 553459
262707 256152 830971 505920 313219 101467 191239 747118 135467 383840 698150 484710 582368 406579 678862 257472 228062 234574 167502 669105 730593 102636 359736 565713 298518 586947 280873 548778 379844 502720 229186 697578 95012 411077 189248 461889 400858 544822 999999999 323263 173518 709627 395335 410427 355768 393386 115338 330619 224150 393388 321147 702506 694613 381226 576991 687097 699265 617333 639216 833378 400397 470022 424984 242530 663326 608999 788195 640062 307333 744023 581021 392259 126028 335039 155366 515588 400942 666567 332039 289495 173226 504974 133023 546718 450707 779750 594046 559775 639972 503598 790175 741526 763774 391477 385995 241437 710160 590838 743712 526185
451438 491660 949371 544534 68102 333403 229887 835611 458079 144258 884231 687152 858932 461553 956605 545385 185963 115308 490519 410161 918237 353429 401417 402750 423459 373285 556794 265921 121515 585854 379418 878880 242662 158700 210391 741798 157975 539490 323263 999999999 325936 773066 547550 136256 664707 194236 415938 225648 100976 655266 481806 990168 885062 108387 508101 424705 639982 372529 851297 892098 713027 552240 592357 444231 398815 639725 792057 913709 630532 1017753 708359 434039 212866 414373 477524 763524 90328 809987 648640 338897 491977 676477 448854 355449 676554 938786 391659 734918 926678 480869 881755 949954 776860 612847 116038 259144 945170 896669 1033251 785814
435919 427774 1004259 666311 351391 76777 315736 918306 234450 439481 869453 656121 728882 566564 822283 239785 329583 210702 262829 727437 901503 275790 514156 668496 131635 668195 242069 588703 425789 670499 64889 869362 215158 463255 116284 610223 456817 696920 173518 325936 999999999 877758 568220 450815 482831 468698 157704 434952 257144 553301 171749 838326 865446 419796 713154 743455 841781 683155 807330 1001998 518646 636951 598490 118565 717929 770441 947449 786858 385477 888607 753921 548694 139100 496261 274379 676847 416128 840083 446895 439709 241792 678333 275467 636699 619136 952746 680901 732769 778036 649780 961865 909229 924490 561859 426600 106537 871894 711149 877111 682797
455323 495028 208916 228773 705863 810822 587902 79580 740723 663678 319160 349478 584382 320575 632405 901806 606246 799724 743567 703409 336967 608763 380199 501154 1007159 592654 935106 728807 687548 207263 937745 304906 669532 672420 837217 563059 662457 246408 709627 773066 877758 999999999 327794 702579 662209 610766 793506 548622 723738 501888 1029765 691678 330878 705052 331001 717700 277434 658689 379052 124428 695543 240984 319369 948691 715332 139005 150314 596052 787615 649931 173804 344932 765002 385464 707666 465439 760782 192933 701027 453767 779501 283011 672344 554000 407500 278398 571093 274698 654198 304600 119560 406766 122163 413657 700480 909854 480897 732437 725178 504767
132892 167507 436429 191002 489735 496416 323480 354430 413206 487054 336692 152810 395487 148303 480992 574013 361746 535936 415826 659430 370703 292700 179733 466111 693320 541770 607324 615255 504236 138456 624216 331593 376295 507032 549223 315635 494268 263418 395335 547550 568220 327794 999999999 530078 363571 448758 468910 358787 470070 225331 709959 531271 337599 518674 356759 677954 424777 602845 310387 447449 406497 120772 46832 627501 664094 265338 437728 435880 469559 528570 185710 169143 473790 144481 379886 268614 570098 275881 393724 213891 451708 128935 344794 491558 171848 398320 531270 187394 474170 266804 396166 404964 409075 129671 517246 617691 414687 506143 573807 305113
462545 517001 893361 480312 100996 444951 257580 771943 544395 43048 859736 680000 883551 414648 979387 654158 205191 244994 575010 277158 893228 409029 359836 277705 556503 238345 669693 140185 31546 535564 508323 852394 317539 31267 338732 772629 40125 458476 410427 136256 450815 702579 530078 999999999 719917 91833 516772 171737 197498 679681 613101 1019268 862565 31077 406210 292785 533286 236769 840459 815142 770459 504924 576843 569190 267171 564464 699507 934865 711824 1036444 666863 386116 323118 386436 555263 774828 65681 769766 712445 317271 583651 656042 520184 225467 681205 900179 257950 712425 956470 399137 817486 933821 688027 619838 24841 393581 942816 942939 1062944 802662
302311 232706 691228 552836 636814 411584 462532 660749 248395 683328 491905 320228 255968 485815 343307 335776 514784 588886 221016 934701 515890 313406 481679 773833 561181 828669 367586 844941 688493 500308 507272 498339 422294 710057 540973 151292 697612 622237 355768 664707 482831 662209 363571 719917 999999999 670560 326035 582364 563919 162608 543933 355585 482750 695633 704326 953799 786749 877710 406594 766054 51248 484245 351108 467484 934032 626961 791637 312385 152367 409808 490420 493534 481789 436886 209940 254612 729380 527972 49522 456710 248848 381292 222765 779828 261289 595811 826182 408048 296086 613172 691225 495454 761934 249557 698224 579377 430299 235073 394344 239546
394900 454974 801923 388787 132447 447608 214533 680168 520967 55084 773759 600555 815537 326243 909819 647974 167208 280769 549236 276299 806998 369496 273787 210623 586332 199750 667590 175855 80432 445535 530727 765939 298469 62394 366165 708767 51712 367000 393386 194236 468698 610766 448758 91833 670560 999999999 506496 93047 213485 613830 638064 952422 777102 98062 319508 294618 449321 223957 758559 723725 721721 415607 495568 584078 271660 472740 610557 864854 680518 964707 577817 297849 331671 304279 524933 701775 152316 680602 668723 240376 563425 572354 486353 169596 606340 810980 212364 627721 890385 307593 725683 849856 598184 546787 92174 430621 863255 885643 996120 731778
338242 309545 895578 602570 417040 94062 306522 823192 78930 493350 740784 530359 575465 505143 667373 142235 342649 311935 105288 781165 771387 192269 463597 680997 244997 701580 165908 656506 487091 589593 184056 742349 208554 520196 237289 458507 510653 647693 115338 415938 157704 793506 468910 516772 326035 506496 999999999 445911 322826 410456 245988 681606 735397 486635 687052 798898 806172 730334 671682 915369 360966 558885 490440 162547 774733 703387 883446 633257 232252 733850 651217 494089 203508 433906 121135 533430 499909 727599 289218 397247 86030 563095 134378 661840 486527 831065 709077 613243 621883 610206 864190 772046 857693 434932 492013 259351 727268 553450 719980 535299
302070 363113 730690 320927 157774 400184 140549 613343 449686 128712 688190 509613 722502 245748 816784 588091 106691 277490 475783 354663 721745 289979 188966 236855 561021 259243 610810 268163 147924 368886 499398 681001 239087 148340 347074 616141 135514 314075 330619 225648 434952 548622 358787 171737 582364 93047 445911 999999999 200038 521003 606700 859419 690907 163892 293026 373606 425961 298820 669138 666733 633608 336898 405603 544073 352680 414245 568107 771830 601917 871817 497798 217270 296079 214795 448656 608983 218518 600672 583153 147850 493813 484323 408300 216590 513824 730958 264242 540701 797439 255845 659384 762106 552007 453931 161221 418049 772491 794242 903114 638781
363174 397450 887748 496019 96508 247545 146606 780436 359531 182466 805406 602394 762315 404385 860118 457711 117502 78319 391651 471681 839383 253670 344010 419739 372876 411922 472421 337540 170221 526448 317912 801083 141721 206858 152958 644215 199876 504159 224150 100976 257144 723738 470070 197498 563919 213485 322826 200038 999999999 559695 424938 892225 805266 166569 492878 488187 625703 426215 766518 846040 612109 491885 512920 374435 462946 596736 760652 817750 531361 922101 640840 378944 125623 347577 377360 671103 177598 740269 547677 273298 395194 598021 348008 382908 587171 866830 425701 656671 828739 448555 826418 866758 742349 523313 172728 220282 856410 796326 935109 691561
218937 164291 531362 415410 612733 476722 429856 498212 333970 638866 342264 157638 204563 366186 301734 464404 480636 604309 318433 857169 369778 312870 378904 676572 655450 743572 498306 789100 649729 353735 592822 346722 427632 663406 580791 96398 650397 488594 393388 655266 553301 501888 225331 679681 162608 613830 410456 521003 559695 999999999 651506 339589 334738 660463 581060 876176 647919 799676 264531 603701 193749 343578 201231 569517 859313 477851 635441 258462 304377 362533 329017 380878 510295 334667 291287 123583 703430 366291 206520 377652 354313 219536 278848 693259 98869 442307 736717 245846 276923 490292 528687 362735 605486 97270 661312 634424 318593 284700 383270 133721
577469 554672 1140485 826462 516238 221902 485290 1064130 318147 605772 986009 776251 799821 726839 885765 219121 501233 368276 333753 890184 1016235 421003 677494 839853 63645 836857 196927 747672 590187 823313 107643 987863 382435 628275 274659 688617 622830 861926 321147 481806 171749 1029765 709959 613101 543933 638064 245988 606700 424938 651506 999999999 890813 980327 582473 883067 905446 1010494 848381 914941 1153061 566854 790922 734309 83459 879662 929878 1108682 856288 410769 951954 894199 711111 310754 655504 360489 772843 571585 972949 498870 604468 299441 808588 380041 806880 731488 1077020 850425 859179 835531 816963 1106121 1014217 1084599 680848 589620 225689 964157 749094 925190 770655
557832 503005 609999 700260 950726 766329 768085 649494 603880 978421 391531 390838 137450 679550 59368 674320 819404 929118 576487 1187504 391649 639562 705047 997356 913477 1071202 702350 1127089 989280 625419 861975 405222 754730 1002848 891035 248486 989827 774542 702506 990168 838326 691678 531271 1019268 355585 952422 681606 859419 892225 339589 890813 999999999 378412 999871 877986 1206292 913648 1130329 314192 749768 324651 629589 490912 818257 1190950 728237 841778 98835 480795 81953 535778 699735 826983 663157 564585 263223 1042045 502182 394949 714068 602865 451544 571891 1020791 359425 485494 1061812 428704 63494 792289 657793 329391 812861 410540 1000809 933509 233972 152099 43710 226262
447307 438467 235459 422614 827167 789163 659199 276299 662454 819585 13120 210087 301728 452923 319881 799088 699160 867533 650388 951757 36083 597440 503366 745943 978251 833092 833025 933892 838272 347635 912426 27151 699007 837605 868915 339318 825194 486252 694613 885062 865446 330878 337599 862565 482750 777102 735397 690907 805266 334738 980327 378412 999999999 853401 592952 968863 588302 898731 79241 372536 494621 369735 292856 897299 959829 406716 479515 292337 633449 325025 217457 480656 793799 477083 620625 229030 905960 139357 531410 550114 686978 208694 601054 785809 248888 117989 816928 150681 354790 525199 280036 80575 452580 303588 851458 932220 152093 456641 406183 253507
444820 496973 892351 480210 70130 414084 234478 772712 515646 42981 851019 667001 864768 409478 961100 623584 182088 214588 546522 307969 884695 383544 352786 297973 526189 264898 638890 170981 17736 532031 477491 844116 289056 50521 307981 752497 51904 463130 381226 108387 419796 705052 518674 31077 695633 98062 486635 163892 166569 660463 582473 999871 853401 999999999 417443 323723 546658 266633 828678 819680 745935 500470 565242 538148 298147 567872 708501 916815 683937 1019010 661651 380957 292168 376350 527509 758346 55758 764540 686874 304877 554425 645853 493119 248322 665777 894843 283413 702885 936860 403663 818513 923376 695839 603726 7653 363748 929438 920455 1043493 785175
407799 475624 538755 178633 441034 665300 397781 409333 664723 374496 585076 487178 745889 218575 823804 822756 388038 570513 681886 373347 613369 499213 232662 170318 843238 261715 850970 404492 399897 255624 777995 573272 501148 374947 636396 672393 367901 107289 576991 508101 713154 331001 356759 406210 704326 319508 687052 293026 492878 581060 883067 877986 592952 417443 999999999 388320 132984 327689 606090 425823 751677 248401 390328 812723 384745 198777 295154 779900 778821 862725 375712 212612 577931 273643 647737 615862 470447 464629 724714 290268 710027 429716 605320 224966 523274 584928 240133 466819 824485 91355 450492 673306 286937 486413 411253 708731 719164 862872 918954 654967
661754 728004 926305 546415 392339 733791 508105 796723 815584 307179 962363 828179 1069081 532091 1158092 939319 461820 537171 843777 19121 992630 662048 501256 223333 847987 136910 957154 160603 318055 621470 801060 951638 592086 281549 631398 972573 289655 488230 687097 424705 743455 717700 677954 292785 953799 294618 798898 373606 488187 876176 905446 1206292 968863 323723 388320 999999999 464261 76591 969917 801753 1005006 602394 721833 861697 25927 587026 652920 1112838 973927 1206493 752618 508968 613277 543451 818970 945706 337066 847739 956437 501211 857934 783506 779774 186570 848384 971413 151979 830590 1146786 443864 836615 1047840 654206 795911 316861 683844 1081448 1157334 1249444 980461
