NAME : synthetic_000246
TYPE : CTSP-D
DIMENSION : 100
GROUPS : 8
RELAXATION_LEVEL : 1
EDGE_WEIGHT_TYPE : EXPLICIT
EDGE_WEIGHT_FORMAT : FULL_MATRIX
EDGE_WEIGHT_SECTION
999999999 955430 556678 434434 956021 411209 856466 813633 732062 343629 484869 694658 896367 769577 988897 886566 817441 627131 557029 724814 433462 223807 555871 634791 70657 611239 536199 939198 1057238 566379 477283 837918 845913 194224 393417 27154 649150 882617 1036311 611521 241249 64073 785797 234597 959037 263185 905031 1034240 432775 592769 323030 96952 458191 450757 25528 137457 899712 833697 172185 130870 324869 97711 629903 1051888 943060 818143 705539 319405 357233 657406 760721 629209 816522 948549 680892 830033 438064 604546 712789 378084 546860 247182 573438 875782 756841 941756 530315 455346 703292 330638 706512 975963 886116 489354 281767 393830 1024105 669667 160532 789553
955430 999999999 538262 754099 605567 568888 606664 494473 234158 777805 540353 574616 107594 325005 218901 97532 604913 359089 703782 233064 601186 846637 428041 367980 923901 539230 423443 561285 219734 624405 803601 136678 205042 763672 842965 935042 517424 324860 227598 739478 1089329 955138 266419 936909 492409 795009 496278 79482 554732 362673 1129188 883084 945704 607255 949402 830020 225272 305778 798141 868639 833294 891401 769295 120447 191500 141010 252895 732385 898166 437757 623876 474712 711698 209287 537919 745292 632634 786006 819455 1069590 778710 708416 810133 391263 209769 237207 511057 677152 390090 669564 249652 298554 733854 487606 845630 1059777 218787 496009 838725 417199
556678 538262 999999999 219456 885953 386099 822253 719156 407799 265424 91182 162573 442309 559775 478618 443861 794840 197070 682326 379086 124292 576244 160713 177332 561499 587812 227488 848409 552784 99045 265345 401627 549148 380950 683622 530157 94829 343424 526466 229362 769607 588089 529620 664662 819716 548901 785794 612670 161322 284995 838427 528841 799759 106371 563526 482422 614487 607772 466522 433001 630893 464795 781162 592761 630866 406088 370562 247694 705350 540296 768390 545923 863247 441508 646524 893128 123477 776547 867899 835815 733367 354314 283476 698866 337368 656151 60280 144810 169439 447119 357903 716737 920780 165665 613859 838580 516035 113205 400454 235878
434434 754099 219456 999999999 1029208 456358 951521 861932 598914 90870 224369 290210 660782 727981 694996 661308 918931 400291 746556 574178 174974 537497 342013 386980 465160 696115 385347 996397 769435 164096 70674 617559 741215 317569 685522 407659 279250 552284 742358 177183 672254 483871 709558 608747 980777 530749 939571 829876 249495 456069 750917 444833 791624 156365 449794 414339 806482 783661 414534 304171 619923 336927 844297 812166 829808 618234 561844 137784 686814 676587 880926 670948 968050 658911 764365 993897 131844 831759 935185 779376 779719 326818 154122 865441 548357 849779 244326 77050 386824 471913 552158 906041 1032316 305455 590051 788418 732404 304801 277829 434024
956021 605567 885953 1029208 999999999 593961 103105 167831 514272 995949 823265 1010395 673829 339658 818163 652162 141935 707557 418471 546671 857425 746257 725357 735445 892287 352286 660404 44460 825003 983644 1098492 643819 417465 830406 620785 950622 929155 876779 832788 1113544 948451 916939 389558 795543 119160 697238 112076 625162 780891 601685 941969 859200 657992 881539 936221 823676 380653 317058 791080 947607 664803 950353 394530 709930 417466 606693 544410 928001 684808 352713 203088 360397 203381 798225 279788 222064 902370 425760 372501 834433 465425 778792 1153990 218723 634714 372104 828902 965379 832609 636712 561091 322741 172678 734309 702942 813557 823396 920745 932807 915423
411209 568888 386099 456358 593961 999999999 506377 433344 335846 408184 297755 546376 532209 359345 654763 517447 471063 314202 299131 336640 303357 278396 267933 336563 366071 245526 205221 567456 712335 464612 527014 471443 436774 245292 317747 396658 467916 594824 697715 581114 520466 396815 374913 370386 570650 228549 520840 644686 232240 224678 563293 325543 434546 331968 399219 275388 488825 423520 240992 365305 283438 375379 398447 677614 533318 442667 316762 339276 356770 257051 427865 237071 512217 615475 317101 537603 345471 391582 487468 517510 347272 189196 599382 473984 395040 530627 327829 406622 443218 101256 322669 565459 577518 225111 285151 512317 684899 474417 345550 547586
856466 606664 822253 951521 103105 506377 999999999 116919 477185 912732 753515 955795 660617 305061 809341 638578 39254 654269 315387 508454 782815 644610 663209 682888 791879 261175 594814 105539 825432 918100 1021580 622734 405824 737235 517703 851904 873331 849941 829595 1046695 845348 816022 362388 692600 173189 596307 129931 638745 705973 542384 839364 759535 557168 808233 836207 725496 384205 302398 693446 852975 561979 854276 294782 719130 429702 583795 502669 844163 581798 281990 99984 281093 122086 785081 189291 150542 827743 325641 283318 732734 363201 687354 1082116 218932 600979 387507 763576 890995 786004 541384 519681 352453 127208 664615 600411 712165 819188 867326 839584 875319
813633 494473 719156 861932 167831 433344 116919 999999999 361164 830626 655487 846999 544550 188205 693734 522502 110469 544349 315653 392738 689753 615303 558787 572656 753551 202440 492995 135197 712022 816501 931033 505906 291363 674719 514827 805637 765120 733154 715177 946216 835292 780246 245544 676650 146905 563069 91573 531613 613300 435749 840884 717916 577048 713752 795603 678097 276223 188735 644345 793615 545962 799006 331518 609350 325233 466913 387782 763120 580193 185381 140846 196646 218195 668822 135680 251363 734681 358448 350349 743784 380118 621040 986167 120271 484677 286382 661699 797647 673350 486491 404757 264072 241813 566511 579655 725628 704545 757815 776676 760693
732062 234158 407799 598914 514272 335846 477185 361164 999999999 600766 374545 506066 220215 174957 365626 200661 461774 211732 490458 32537 428196 612846 257339 235788 695857 331726 222087 472016 406457 506043 659655 165169 142561 544548 612817 713330 428666 374954 399437 634867 855870 727042 128202 702800 427787 560959 404683 308897 365251 150811 895031 654953 719088 442829 724060 602479 208043 207148 569627 656165 600014 675751 567891 347839 232512 126837 37402 544959 666187 235495 460475 266651 557226 332614 351484 591033 467952 579766 631394 836725 563812 487370 690934 305201 124075 250973 360998 523850 320886 435999 50612 309373 597047 299407 611567 827573 387054 416168 628338 401227
343629 777805 265424 90870 995949 408184 912732 830626 600766 999999999 237505 367856 691605 712362 742733 689328 878319 418750 686403 579578 176804 454391 351917 411325 374951 653084 379536 965816 816523 237676 143982 643121 740575 235944 608805 316819 342448 608456 790792 268051 581476 393174 701313 521823 957178 452219 912614 855740 236107 451697 660378 355935 711391 172255 358934 328247 804728 771464 331548 213301 541263 246075 782212 846908 833265 638249 564925 68945 605564 646070 836045 635558 918956 704843 723698 942965 147904 767377 873280 691292 713429 254832 238317 846433 568430 848663 270829 128002 434144 407270 557630 900971 985147 301388 509081 701063 780071 366879 187274 496114
484869 540353 91182 224369 823265 297755 753515 655487 374545 237505 999999999 253745 454994 508874 517522 452093 724048 181431 595827 350025 61838 487562 117966 174297 482737 510379 165355 787754 589731 169240 286487 405660 516880 300574 592440 459166 182834 398898 565744 294033 688131 510667 486861 577231 765684 458658 727737 618236 70165 233654 754507 448048 708600 68732 489119 399514 582187 562298 381152 367907 539984 397853 694990 611189 605650 401147 337484 197956 614567 472438 693570 473637 786596 478192 572615 815483 94238 689191 782770 747457 644740 268237 330997 647607 331201 625432 45646 149895 219019 355971 327982 682078 846377 89046 523654 749568 554299 196962 335195 306354
694658 574616 162573 290210 1010395 546376 955795 846999 506066 367856 253745 999999999 468246 673959 451594 477266 931435 302865 839714 474118 277610 735354 298354 274992 708219 734915 370612 970375 524118 130406 298782 446270 638059 532040 846176 667579 83001 295868 494866 180074 918318 732809 633968 821907 932588 710070 904912 638815 323848 413773 990277 678429 962227 252796 704711 635007 700786 713109 622099 565690 792943 598732 937908 597159 705964 464407 471470 375526 867183 676536 910589 687405 1007258 422557 788676 1038321 259390 934767 1023118 994006 893185 511574 260765 809962 405468 738636 218651 242301 191258 609690 455917 803285 1061385 322293 774914 997717 487280 90043 534476 172584
896367 107594 442309 660782 673829 532209 660617 544550 220215 691605 454994 468246 999999999 360694 150237 22049 653013 277740 710549 204281 516739 809675 349840 280711 871372 550419 360297 629415 186438 524102 706698 60769 256933 702397 827716 874325 413917 221574 179677 635704 1048850 902421 300792 902431 566916 760748 562099 172428 478860 311144 1095298 831077 936528 519503 892803 777668 297852 359836 747680 800346 809129 825404 786118 157442 277729 93968 222727 651312 878191 451658 662696 485007 755894 124740 563118 789906 544389 799059 845784 1045993 784019 649916 708073 455262 140288 320920 421395 584412 286808 633269 212669 386250 786354 413796 816158 1038481 167517 391666 769238 309610
769577 325005 559775 727981 339658 359345 305061 188205 174957 712362 508874 673959 360694 999999999 510833 338729 293564 372357 390476 207202 553013 605917 400190 399368 720149 227079 343748 297922 535593 658752 793879 318788 122670 601166 556478 755819 593996 544961 535808 789134 845516 750006 60186 685264 260238 551217 231332 376834 480265 276443 869203 680566 646511 573232 756247 632644 144765 64177 597912 720405 564287 733151 446938 444646 197370 279471 204864 649030 618065 131010 302542 169381 395213 483819 213755 429231 596612 465763 494450 790836 465241 543299 837585 139218 297289 180058 506239 657424 493313 443051 221474 206397 428202 422950 587360 777150 524566 583971 697492 576146
988897 218901 478618 694996 818163 654763 809341 693734 365626 742733 517522 451594 150237 510833 999999999 172130 802656 362802 855184 345283 577976 927152 433117 354183 972237 697322 463978 773706 74481 540246 728577 200458 404010 795457 961120 965010 421634 156799 48244 630806 1160609 1002657 450844 1021053 707908 881178 707146 239826 557851 430103 1212824 933111 1072738 573368 988502 880145 438318 507480 852770 881567 936815 909563 933447 166299 409614 239268 361909 714300 1008164 599839 812931 632139 905979 40442 712644 939982 595981 945318 994935 1172207 927756 747703 709815 600573 263142 454971 476339 622925 309183 753992 349154 517322 935517 499626 939802 1166416 37430 396222 849253 279010
886566 97532 443861 661308 652162 517447 638578 522502 200661 689328 452093 477266 22049 338729 172130 999999999 630974 272797 690556 186370 513622 795403 344181 278007 860121 529884 350413 607761 205875 528099 708929 48715 235090 692907 810212 864887 420072 239401 200459 642119 1035395 891236 278796 887827 545687 745964 540377 168811 472867 298309 1080732 819678 918360 517607 882446 766284 276980 337891 735869 792710 792829 817203 765384 165349 258474 75930 205256 647233 861361 430773 640815 464439 733914 146691 541709 767924 542717 778614 824484 1029797 764219 639706 713253 433541 129776 301094 420087 584624 292725 618646 196142 366743 764305 407012 800665 1021951 188466 398519 761886 322202
817441 604913 794840 918931 141935 471063 39254 110469 461774 878319 724048 931435 653013 293564 802656 630974 999999999 631296 276634 492289 751535 605357 636831 660071 752729 225538 567399 139679 822203 889829 989183 612349 401436 699817 479261 813036 848698 836252 824969 1017768 806748 776812 352622 653610 199685 557106 150252 641511 674738 517662 801681 720501 521270 777372 797110 686763 386069 299144 654846 815090 522906 816012 260386 719742 434080 572990 485163 809610 543552 255218 61647 250461 108584 776853 154786 141195 796380 290783 257010 695979 326187 650495 1051390 224997 585849 393772 735706 859622 765060 503475 502158 364642 135282 635403 561229 675686 814219 843597 802097 856542
627131 359089 197070 400291 707557 314202 654269 544349 211732 418750 181431 302865 277740 372357 362802 272797 631296 999999999 574170 182248 242098 572385 72525 28886 609463 447080 109406 667719 430133 294602 455977 225400 352249 433202 631750 603770 221838 281264 409715 423138 800344 639857 336465 666465 632154 530263 602636 437305 201469 117455 856033 570458 748164 249062 626038 517620 417510 415451 490911 524796 595776 551107 667755 435113 434258 219745 174888 374509 670038 378024 614491 393273 712197 322361 493708 744290 274596 670276 746882 825346 637586 384904 480542 509912 149771 459082 156199 323428 139891 406278 161389 519910 763152 138302 592178 822284 397371 213467 493198 242277
557029 703782 682326 746556 418471 299131 315387 315653 490458 686403 595827 839714 710549 390476 855184 690556 276634 574170 999999999 509998 601929 336844 547624 601252 489022 164947 476440 412911 896387 763574 816519 655074 511334 473249 203177 556579 758931 836994 889894 879763 530170 510371 442268 377608 456707 293916 400633 763803 531335 460337 528060 460976 263792 630705 534786 435618 531406 437328 407609 577305 247769 571655 99316 824023 585022 617270 494034 618667 268078 266294 215431 229078 259518 820544 190785 273897 643142 96198 189078 428196 75075 435371 894327 420829 597677 559024 622860 703022 713176 279974 507955 559380 329088 517746 287770 409990 877499 762257 571054 816436
724814 233064 379086 574178 546671 336640 508454 392738 32537 579578 350025 474118 204281 207202 345283 186370 492289 182248 509998 999999999 405352 614922 232168 205295 691377 354235 203763 504484 390469 476850 633690 145989 170062 534999 623846 705236 397213 345707 381436 605125 857007 722612 160587 706132 460227 564072 437192 310523 345341 135190 898860 650515 732250 418636 717884 597599 235437 239382 565424 644181 607484 664988 590222 341481 255637 110521 19887 525662 675342 260719 489275 289877 586442 310652 378139 620144 443966 600878 656084 844489 582476 478607 662511 337671 94399 277497 334060 498509 288427 437696 22060 337681 627500 278513 616842 836204 368849 384304 615568 368948
433462 601186 124292 174974 857425 303357 782815 689753 428196 176804 61838 277610 516739 553013 577976 513622 751535 242098 601929 405352 999999999 458088 175424 236029 437215 532164 210937 823639 650548 168378 242036 466966 569665 257033 577422 407167 218697 455367 626219 277841 645559 463824 535460 544311 806266 435032 765801 679328 76842 282338 715110 404797 691537 29023 439650 359097 634575 608962 344742 312279 520134 343278 701168 673014 660406 461462 391651 136530 593328 504798 716966 501724 807325 538879 597926 834841 44977 692646 790657 716411 644948 233992 300324 690513 391682 678200 101977 108193 275710 344819 383308 733060 869462 130939 499477 720321 614899 237428 279536 356354
223807 846637 576244 537497 746257 278396 644610 615303 612846 454391 487562 735354 809675 605917 927152 795403 605357 572385 336844 614922 458088 999999999 511548 589419 153859 415331 465040 733605 987527 622058 598264 748927 701680 219946 173205 228090 670100 851439 971488 705355 243518 173579 634901 94122 762203 54712 706610 921619 419364 499566 285961 132629 259466 484332 200137 130610 746467 668016 123025 278749 102531 261691 406210 956010 795158 720912 595058 400230 152750 481065 546488 447271 595945 887239 479790 607980 483322 380743 489135 259947 323057 224518 690973 692800 671213 785204 530426 525803 683662 177226 601052 808856 665274 451204 60755 262411 958724 684372 286162 783633
555871 428041 160713 342013 725357 267933 663209 558787 257339 351917 117966 298354 349840 400190 433117 344181 636831 72525 547624 232168 175424 511548 999999999 79928 540287 436564 72447 687701 501536 259157 402353 296280 399875 362349 584202 532213 215526 340217 480445 389554 734511 570400 373293 605231 659672 472349 625148 506866 129055 124391 792715 501817 701428 186679 555428 449406 465314 450317 423987 452319 542907 478795 644346 507275 487804 287444 220096 304345 617897 381687 613259 390014 709449 392734 491219 740256 212126 643602 727569 767810 606122 315749 438077 539405 218318 508307 106184 266554 176055 352239 210145 565948 764828 66520 535707 766136 468234 215646 420685 279989
634791 367980 177332 386980 735445 336563 682888 572656 235788 411325 174297 274992 280711 399368 354183 278007 660071 28886 601252 205295 236029 589419 79928 999999999 620148 475636 131429 695387 423611 272983 439990 232175 374603 441697 654306 610830 194654 262120 401789 400148 814183 650206 361919 683329 658781 548752 630040 445035 204271 146109 871687 581735 771055 239707 634819 529334 439523 441060 503800 528575 616465 555925 695318 437164 453921 231294 199540 371009 691061 406902 643377 422098 741078 313900 522575 773160 264934 697412 774927 844192 663947 395648 460003 536361 161568 480436 143126 309930 112031 426263 185188 542229 792009 145974 611382 841764 389717 185317 496541 215404
70657 923901 561499 465160 892287 366071 791879 753551 695857 374951 482737 708219 871372 720149 972237 860121 752729 609463 489022 691377 437215 153859 540287 620148 999999999 551228 511970 876910 1038425 583243 514982 811815 802844 182249 322759 80947 655788 874892 1018931 641666 210419 31237 740352 168210 899741 196099 845112 1001883 424015 562836 286246 40905 389765 457973 46303 93950 854112 783957 126249 165943 254339 137465 560058 1024848 899304 789350 671743 338852 287517 603500 695171 573461 748508 931795 619559 761311 448892 534397 642426 323116 476807 224616 611126 820784 731121 895293 528334 475188 697604 277357 674250 926295 818003 474291 211204 336479 1006489 674543 187883 789076
611239 539230 587812 696115 352286 245526 261175 202440 331726 653084 510379 734915 550419 227079 697322 529884 225538 447080 164947 354235 532164 415331 436564 475636 551228 999999999 364365 330246 735218 678906 766633 496879 346787 478121 335288 603543 652070 692121 730094 804028 642742 578150 277444 482343 348548 362221 293945 598868 455916 329642 656535 515477 419882 559023 593165 476008 370180 278169 442471 595531 354059 599153 236183 659579 423530 458202 340025 584296 399062 101484 184985 65463 276217 664144 72577 305413 576599 248796 304309 569971 240022 426907 832460 280655 445622 400732 527641 639594 586610 285602 355218 409066 337299 423647 384027 554801 717885 650882 580525 686312
536199 423443 227488 385347 660404 205221 594814 492995 222087 379536 165355 370612 360297 343748 463978 350413 567399 109406 476440 203763 210937 465040 72447 131429 511970 364365 999999999 623961 527667 323694 450319 301739 361040 342509 522959 514486 287878 390651 509535 453223 696635 542878 324530 559159 600390 421714 563063 502896 143494 72171 749834 472012 639644 229727 532522 418670 425310 398352 389905 445197 486371 468220 572656 515759 454214 283646 187402 322872 560646 312833 542162 319120 637939 423734 420126 668515 253563 572550 655394 716427 536349 289625 495714 482310 220655 469195 168915 313744 240177 297036 182489 522646 694138 79999 483163 713092 496906 287996 415416 344679
939198 561285 848409 996397 44460 567456 105539 135197 472016 965816 787754 970375 629415 297922 773706 607761 139679 667719 412911 504484 823639 733605 687701 695387 876910 330246 623961 999999999 780789 946496 1065256 599727 373149 807047 616085 932652 889507 832914 788436 1076639 942578 902430 346487 787339 79419 683231 68105 581769 747405 563625 939999 842710 660943 847198 920127 805271 336282 273142 772106 925262 656149 929378 399645 666219 373624 562748 502784 898315 680860 320230 200743 331445 221610 753787 258781 245014 868502 430256 387584 835346 465529 754215 1118726 174419 591741 328413 791945 931306 791222 615842 519360 280621 203002 698996 692915 815202 779013 880572 909276 872926
1057238 219734 552784 769435 825003 712335 825432 712022 406457 816523 589731 524118 186438 535593 74481 205875 822203 430133 896387 390469 650548 987527 501536 423611 1038425 735218 527667 780789 999999999 614632 802966 244977 420777 863331 1012934 1033733 495959 228329 29716 703754 1223514 1069064 475522 1081055 710876 940190 715995 214634 627832 488221 1273484 998905 1122507 646648 1056082 945719 444992 523452 917505 952030 992209 979535 970213 128777 408825 280390 408590 787014 1062266 635451 837713 669755 927936 111791 744006 961745 669500 984012 1027041 1228619 970093 814287 783162 610938 317381 454665 549193 697210 383390 812647 397681 512776 952513 567999 997356 1221850 37239 470503 919869 351704
566379 624405 99045 164096 983644 464612 918100 816501 506043 237676 169240 130406 524102 658752 540246 528099 889829 294602 763574 476850 168378 622058 259157 272983 583243 678906 323694 946496 614632 999999999 188334 488707 646821 411295 745765 539243 118867 392475 586674 130424 793661 606759 628535 705136 918611 601921 884265 696243 232460 383547 867475 555304 859617 139962 577382 514447 712009 706770 504626 436661 687871 469825 862859 668631 726775 496976 468918 246992 760572 636164 861297 639967 955037 506082 739855 984221 138796 856066 951183 877904 810049 397677 187613 797870 429769 753272 154814 112078 238982 512864 455906 814495 1014011 255422 665931 883188 577404 144521 405894 271739
477283 803601 265345 70674 1098492 527014 1021580 931033 659655 143982 286487 298782 706698 793879 728577 708929 989183 455977 816519 633690 242036 598264 402353 439990 514982 766633 450319 1065256 802966 188334 999999999 666971 802210 379251 750601 451291 307105 580076 774988 147279 717927 531016 773329 665345 1048227 594711 1007794 877722 317861 519969 798356 498317 854683 220648 494962 472136 867663 848436 475338 350133 683889 381559 914022 854516 888851 670669 622355 202800 749113 745787 951484 740823 1038721 694257 834693 1064566 197599 901066 1004975 833995 848582 393257 96296 931937 601376 910582 300192 136692 425203 540820 611800 968157 1102943 370938 652506 844268 765738 332685 327375 458031
837918 136678 401627 617559 643819 471443 622734 505906 165169 643121 405660 446270 60769 318788 200458 48715 612349 225400 655074 145989 466966 748927 296280 232175 811815 496879 301739 599727 244977 488707 666971 999999999 227720 644219 768075 816199 384327 234481 235455 606012 988261 842909 260362 841663 542051 699980 531749 212864 424725 250674 1034532 771423 877553 471847 833893 718020 278457 326902 687773 744081 748700 768511 733025 214046 269199 39728 163717 599893 818034 399819 617882 431736 712773 168139 513900 746786 497106 744885 795416 985501 727983 591111 675137 425498 81085 308365 374991 540658 257622 572500 152766 374767 746900 358639 755468 978140 222886 364064 713305 300251
845913 205042 549148 741215 417465 436774 405824 291363 142561 740575 516880 638059 256933 122670 404010 235090 401436 352249 511334 170062 569665 701680 399875 374603 802844 346787 361040 373149 420777 646821 802210 227720 999999999 665603 669102 829418 563813 462084 423908 774740 944384 833566 70229 785945 314387 647532 305509 254167 504500 288881 974007 762294 763808 584997 835253 711662 65511 103516 677510 781367 670521 798248 569608 323401 97446 192539 179905 682800 728758 246922 418837 285475 507372 381638 336318 541109 610010 588277 615797 901851 586319 607456 832567 198743 234977 108584 503418 666337 448311 530421 191393 167682 532526 439862 689714 889430 413400 549137 755300 515317
194224 763672 380950 317569 830406 245292 737235 674719 544548 235944 300574 532040 702397 601166 795457 692907 699817 433202 473249 534999 257033 219946 362349 441697 182249 478121 342509 807047 863331 411295 379251 644219 665603 999999999 373830 171980 475634 693540 842702 486496 388672 210762 609709 295474 814734 216717 763811 842800 242355 401310 458418 147940 475489 279594 193122 103196 722801 665064 97116 120015 305527 132760 563866 858256 763042 625348 516106 180347 369879 502174 649580 480279 721941 755062 550651 741976 273512 545563 654077 468101 489402 58249 471201 719218 563135 765937 346141 309215 515652 197989 515946 805736 790706 295862 273256 474962 830434 493607 102416 606871
393417 842965 683622 685522 620785 317747 517703 514827 612817 608805 592440 846176 827716 556478 961120 810212 479261 631750 203177 623846 577422 173205 584202 654306 322759 335288 522959 616085 1012934 745765 750601 768075 669102 373830 999999999 400145 772745 911654 1001422 843647 327846 337099 598972 181842 658375 157305 602113 911336 522331 534957 326085 305593 117328 605839 368693 299812 701225 611956 283525 449634 71237 434347 247105 959978 753706 734320 605051 548205 65374 425485 417763 387139 448541 923070 383080 455164 610498 218293 322732 234819 163722 359134 839521 612269 698041 734300 630051 661425 760132 236838 615309 744293 515832 534798 112687 220687 988637 782609 453803 864186
27154 935042 530157 407659 950622 396658 851904 805637 713330 316819 459166 667579 874325 755819 965010 864887 813036 603770 556579 705236 407167 228090 532213 610830 80947 603543 514486 932652 1033733 539243 451291 816199 829418 171980 400145 999999999 622434 857312 1012535 584792 266727 83750 770310 248975 950363 263013 896823 1014027 408153 572418 347919 96297 470591 424131 44780 127544 884147 819991 161501 103829 330360 70764 632465 1030237 926723 797134 686100 292278 367739 646023 757173 618879 815714 924703 673969 830248 411199 607947 716798 398620 550071 226718 547516 864642 735115 926502 504531 428193 677819 320343 686615 962069 885383 465734 287642 413476 1000381 643074 133382 763400
649150 517424 94829 279250 929155 467916 873331 765120 428666 342448 182834 83001 413917 593996 421634 420072 848698 221838 758931 397213 218697 670100 215526 194654 655788 652070 287878 889507 495959 118867 307105 384327 563813 475634 772745 622434 999999999 273876 467896 222054 864240 682073 555889 759055 853403 641428 824470 586293 252406 331082 933252 623471 889460 198569 656773 577239 627567 635088 561262 523648 722063 555931 856780 553689 636095 397932 393228 335321 796851 593706 827596 604405 924258 387978 705677 955335 211888 854304 941425 929874 813763 448907 294779 730935 334958 666681 142704 214873 127348 535908 378172 730394 978450 242890 706428 932269 458723 25712 491379 154937
882617 324860 343424 552284 876779 594824 849941 733154 374954 608456 398898 295868 221574 544961 156799 239401 836252 281264 836994 345707 455367 851439 340217 262120 874892 692121 390651 832914 228329 392475 580076 234481 462084 693540 911654 857312 273876 999999999 199007 475701 1073485 904128 489264 945272 776467 810787 764828 371507 451189 380623 1132855 837764 1027439 445554 885405 786359 512025 559772 762626 766677 877009 796751 924774 313341 497551 270249 355949 588571 951168 604292 834979 630184 932048 133000 722718 965794 465773 931609 996360 1106153 905056 652087 555544 659101 251322 539318 354282 483921 179925 687491 339568 605378 971516 403357 873160 1103410 191667 248165 733936 123833
1036311 227598 526466 742358 832788 697715 829595 715177 399437 790792 565744 494866 179677 535808 48244 200459 824969 409715 889894 381436 626219 971488 480445 401789 1018931 730094 509535 788436 29716 586674 774988 235455 423908 842702 1001422 1012535 467896 199007 999999999 674611 1206063 1049433 475622 1065246 720006 924892 722885 232032 605672 473116 1257340 979657 1112050 621573 1035676 926600 452158 527206 898901 929535 978860 957419 965771 149200 418687 272636 398926 762543 1049608 631221 838338 664684 929804 87960 741754 963717 644138 978712 1024682 1214796 963120 794501 754180 617081 303840 464507 524581 670621 357032 797497 387127 524348 956417 546965 982866 1208541 12824 442371 897251 322569
611521 739478 229362 177183 1113544 581114 1046695 946216 634867 268051 294033 180074 635704 789134 630806 642119 1017768 423138 879763 605125 277841 705355 389554 400148 641666 804028 453223 1076639 703754 130424 147279 606012 774740 486496 843647 584792 222054 475701 674611 999999999 849346 660892 758321 781033 1049029 692959 1014599 807960 350558 513943 927703 619949 953939 249147 626974 586568 839659 836746 583401 481352 781329 514080 978987 772176 852365 617979 597930 307161 851192 764991 987557 767477 1080204 600583 866645 1108727 237439 970150 1068492 952821 921667 486102 81724 928225 552781 880349 284700 182241 349398 617759 584499 942377 1140370 382375 754772 960837 666802 244097 454799 352053
241249 1089329 769607 672254 948451 520466 845348 835292 855870 581476 688131 918318 1048850 845516 1160609 1035395 806748 800344 530170 857007 645559 243518 734511 814183 210419 642742 696635 942578 1223514 793661 717927 988261 944384 388672 327846 266727 864240 1073485 1206063 849346 999999999 188550 876989 160823 981024 297021 924737 1164747 625993 737752 83244 240770 326300 667254 223026 288808 987607 906488 310861 368536 289516 336483 569296 1197359 1037058 961638 837121 548900 265100 717980 745369 682401 773832 1120342 700454 777610 658930 538656 633185 175187 488548 422362 814184 923329 909327 1025426 733428 685412 898976 419871 842453 1045755 839596 670193 259413 198185 1193397 882260 394593 993587
64073 955138 588089 483871 916939 396815 816022 780246 727042 393174 510667 732809 902421 750006 1002657 891236 776812 639857 510371 722612 463824 173579 570400 650206 31237 578150 542878 902430 1069064 606759 531016 842909 833566 210762 337099 83750 682073 904128 1049433 660892 188550 999999999 770820 171705 926686 219730 871818 1033119 453021 594029 267451 72113 396005 483821 39495 125165 884523 813726 157416 180904 270800 149827 578188 1056001 929929 820539 702976 360963 296892 632445 718668 601914 769523 962215 645783 781350 473813 551709 658819 315001 494511 254954 627308 849279 762184 925572 556304 497616 726413 306997 705486 956025 838840 504276 227719 330231 1037012 701252 206095 816998
785797 266419 529620 709558 389558 374913 362388 245544 128202 701313 486861 633968 300792 60186 450844 278796 352622 336465 442268 160587 535460 634901 373293 361919 740352 277444 324530 346487 475522 628535 773329 260362 70229 609709 598972 770310 555889 489264 475622 758321 876989 770820 999999999 717967 299656 580521 278621 321749 466014 253518 905186 700071 693664 553422 774132 650299 113924 79201 615860 727236 601248 742445 503393 386540 160286 221431 162668 640621 658831 177010 362726 215469 455135 424273 271501 489140 577714 521030 553443 831930 517322 551464 811023 177180 245257 156339 479194 636665 449006 465743 178052 200351 486746 404522 621253 819369 464383 543993 702436 526889
234597 936909 664662 608747 795543 370386 692600 676650 702800 521823 577231 821907 902431 685264 1021053 887827 653610 666465 377608 706132 544311 94122 605231 683329 168210 482343 559159 787339 1081055 705136 665345 841663 785945 295474 181842 248975 759055 945272 1065246 781033 160823 171705 717967 999999999 822928 142061 766734 1011061 510031 592909 192907 170018 224505 569540 209103 194561 827865 745939 200512 326144 131236 301692 428945 1047543 877759 813014 686314 473904 129815 557302 592803 521604 629562 981182 541350 636908 566485 399948 502554 172805 345489 310550 760124 762800 764413 865271 620821 604685 776621 269189 692849 884980 697295 544288 98599 179818 1052472 774189 341440 875916
959037 492409 819716 980777 119160 570650 173189 146905 427787 957178 765684 932588 566916 260238 707908 545687 199685 632154 456707 460227 806266 762203 659672 658781 899741 348548 600390 79419 710876 918611 1048227 542051 314387 814734 658375 950363 853403 776467 720006 1049029 981024 926686 299656 822928 999999999 709897 56316 507904 731377 535443 984310 863707 713442 828138 941413 822911 269776 221535 788889 934341 692010 941227 457421 593466 302116 506717 461285 891118 723709 314645 256001 334496 294436 690248 282541 320332 850641 486870 455641 884168 516208 759697 1095875 122671 542412 256341 765441 912556 748654 630375 477175 204038 281700 678160 726242 865115 711069 842545 915964 824836
263185 795009 548901 530749 697238 228549 596307 563069 560959 452219 458658 710070 760748 551217 881178 745964 557106 530263 293916 564072 435032 54712 472349 548752 196099 362221 421714 683231 940190 601921 594711 699980 647532 216717 157305 263013 641428 810787 924892 692959 297021 219730 580521 142061 709897 999999999 654527 869444 389104 451983 334886 167107 261244 462465 241345 147619 691907 613305 127137 296642 89204 285007 370571 905483 740746 671048 544253 393033 158810 426440 499190 392831 553362 841507 427845 567319 464195 347357 456845 295500 289457 206889 684871 638733 623176 730550 499877 511358 646598 127582 550829 754177 622976 414619 65000 294140 912096 654177 298163 748157
905031 496278 785794 939571 112076 520840 129931 91573 404683 912614 727737 904912 562099 231332 707146 540377 150252 602636 400633 437192 765801 706610 625148 630040 845112 293945 563063 68105 715995 884265 1007794 531749 305509 763811 602113 896823 824470 764828 722885 1014599 924737 871818 278621 766734 56316 654527 999999999 520283 690120 500800 928081 809408 658260 788595 887102 769299 271006 205059 735447 883095 635776 889177 404049 603526 311030 494684 435995 845856 667455 267127 203233 283848 251774 686612 226822 280387 810481 433041 407246 828331 460925 709422 1058646 106837 523869 266661 730105 872927 724502 577296 452460 225009 249855 639401 670165 809422 713254 814992 865451 805306
1034240 79482 612670 829876 625162 644686 638745 531613 308897 855740 618236 638815 172428 376834 239826 168811 641511 437305 763803 310523 679328 921619 506866 445035 1001883 598868 502896 581769 214634 696243 877722 212864 254167 842800 911336 1014027 586293 371507 232032 807960 1164747 1033119 321749 1011061 507904 869444 520283 999999999 633935 441610 1202841 961028 1011354 684676 1027929 908075 255446 346297 875947 948093 904726 970771 823770 87662 209507 220341 330213 811179 968005 497768 666722 535721 749763 243427 590358 782704 709956 842329 868194 1140195 838877 787345 880499 419936 288559 253679 587821 753094 459234 744883 327914 305197 765446 566895 918621 1129623 226973 563870 918202 475253
432775 554732 161322 249495 780891 232240 705973 613300 365251 236107 70165 323848 478860 480265 557851 472867 674738 201469 531335 345341 76842 419364 129055 204271 424015 455916 143494 747405 627832 232460 317861 424725 504500 242355 522331 408153 252406 451189 605672 350558 625993 453021 466014 510031 731377 389104 690120 633935 999999999 215622 690098 387605 638441 103107 434513 337316 568624 537695 316545 324319 469911 351759 630646 636301 597598 413736 329913 180389 544567 428202 640570 424882 731461 517717 521246 759310 121789 623608 719351 679300 577833 203835 376869 616783 345684 612556 111093 185029 273664 285997 323600 665209 793170 67540 454101 680879 593706 265297 292361 367978
592769 362673 284995 456069 601685 224678 542384 435749 150811 451697 233654 413773 311144 276443 430103 298309 517662 117455 460337 135190 282338 499566 124391 146109 562836 329642 72171 563625 488221 383547 519969 250674 288881 401310 534957 572418 331082 380623 473116 513943 737752 594029 253518 592909 535443 451983 500800 441610 215622 999999999 785502 522204 649274 299904 587033 468892 353149 328660 437939 509158 507075 530393 552319 462268 382371 226519 117509 394535 579182 262920 498372 276282 595804 390913 377084 627640 324234 556109 630191 742109 526060 345752 561146 415618 171731 397025 230004 383278 257047 324473 115080 450783 648125 151605 509796 736515 460306 326244 480408 357965
323030 1129188 838427 750917 941969 563293 839364 840884 895031 660378 754507 990277 1095298 869203 1212824 1080732 801681 856033 528060 898860 715110 285961 792715 871687 286246 656535 749834 939999 1273484 867475 798356 1034532 974007 458418 326085 347919 933252 1132855 1257340 927703 83244 267451 905186 192907 984310 334886 928081 1202841 690098 785502 999999999 312190 294817 738010 303645 356042 1013147 928120 373614 448327 304951 416846 552914 1240316 1064051 1005910 879061 624776 260711 739288 740040 702222 758073 1172827 708459 758247 731177 521527 607369 120693 476776 486546 894652 936206 957107 1049086 799316 760737 961083 462090 885715 1064494 821144 729968 284762 145285 1244585 950293 473118 1058011
96952 883084 528841 444833 859200 325543 759535 717916 654953 355935 448048 678429 831077 680566 933111 819678 720501 570458 460976 650515 404797 132629 501817 581735 40905 515477 472012 842710 998905 555304 498317 771423 762294 147940 305593 96297 623471 837764 979657 619949 240770 72113 700071 170018 863707 167107 809408 961028 387605 522204 312190 999999999 382965 426725 77706 53409 813884 744466 85354 156232 235155 133467 536167 984312 858847 748723 630873 314150 277767 565074 663784 535682 720340 892674 584652 734419 419149 511704 620640 335691 453814 186134 593879 782831 690802 855205 493507 449227 661249 238333 633436 886829 789979 436093 192907 346543 967180 641545 172081 754081
458191 945704 799759 791624 657992 434546 557168 577048 719088 711391 708600 962227 936528 646511 1072738 918360 521270 748164 263792 732250 691537 259466 701428 771055 389765 419882 639644 660943 1122507 859617 854683 877553 763808 475489 117328 470591 889460 1027439 1112050 953939 326300 396005 693664 224505 713442 261244 658260 1011354 638441 649274 294817 382965 999999999 719673 432665 389971 790062 697561 380486 536299 172619 516250 263815 1064181 843382 842713 713929 653842 106724 517088 460457 478445 466907 1035198 454513 464912 723166 232401 312577 178772 197366 467869 945710 684581 809646 819961 746757 772071 877302 353680 725038 822851 528017 652071 202364 156473 1099311 899617 545415 981416
450757 607255 106371 156365 881539 331968 808233 713752 442829 172255 68732 252796 519503 573232 573368 517607 777372 249062 630705 418636 29023 484332 186679 239707 457973 559023 229727 847198 646648 139962 220648 471847 584997 279594 605839 424131 198569 445554 621573 249147 667254 483821 553422 569540 828138 462465 788595 684676 103107 299904 738010 426725 719673 999999999 458205 382356 650212 628006 369437 326632 548032 358445 729963 674653 674229 468742 405871 143025 620961 529197 743650 527230 834530 534857 624148 862279 25580 721570 819364 741943 673954 259878 274021 711370 398712 693577 98636 84418 267227 373681 396584 749676 896269 150308 526724 746297 610545 218955 294084 341824
25528 949402 563526 449794 936221 399219 836207 795603 724060 358934 489119 704711 892803 756247 988502 882446 797110 626038 534786 717884 439650 200137 555428 634819 46303 593165 532522 920127 1056082 577382 494962 833893 835253 193122 368693 44780 656773 885405 1035676 626974 223026 39495 774132 209103 941413 241345 887102 1027929 434513 587033 303645 77706 432665 458205 999999999 123854 888044 820268 158446 145686 300557 113456 606345 1047634 932169 813079 698452 330601 331838 642096 739932 613075 794301 948095 662223 807344 446730 580699 688699 354442 523109 242900 591239 860095 752894 929748 534720 467138 706645 315148 700019 962622 863836 488961 257403 369726 1023376 676705 173080 794845
137457 830020 482422 414339 823676 275388 725496 678097 602479 328247 399514 635007 777668 632644 880145 766284 686763 517620 435618 597599 359097 130610 449406 529334 93950 476008 418670 805271 945719 514447 472136 718020 711662 103196 299812 127544 577239 786359 926600 586568 288808 125165 650299 194561 822911 147619 769299 908075 337316 468892 356042 53409 389971 382356 123854 999999999 764206 696711 34766 149889 228667 137528 516907 930948 808483 695409 577995 279409 283250 519972 631660 492040 693356 839714 546539 709428 376697 494493 604062 366376 436681 134272 566304 738402 637394 805894 444713 411392 610653 193372 580370 839038 763008 383957 189998 374371 914105 594514 155557 704780
