NAME : synthetic_000438
TYPE : CTSP-D
DIMENSION : 100
GROUPS : 8
RELAXATION_LEVEL : 1
EDGE_WEIGHT_TYPE : EXPLICIT
EDGE_WEIGHT_FORMAT : FULL_MATRIX
EDGE_WEIGHT_SECTION
999999999 676735 668942 238605 684391 463131 515698 96434 153497 350577 186656 232637 200354 649757 313565 183976 128718 266732 306455 557051 426160 329388 300333 249423 728993 477191 349957 245114 321207 456442 478797 505866 787318 702566 650068 642107 557722 795272 105728 646215 297165 234948 341045 482236 287848 286458 421416 598783 580510 337660 353299 325235 709027 828890 460245 71257 104164 504469 553677 599752 579139 272188 601033 451793 280781 545829 281639 745486 447152 526612 87684 837406 575378 528770 265178 128179 347155 520984 222481 407096 265920 409286 240862 198201 289147 465646 567547 42766 22312 628155 419949 429786 371075 328708 258537 310343 307125 306504 565456 9504
676735 999999999 8491 603027 108307 523188 535481 597285 636646 507970 657249 819422 791126 131571 895159 580453 600588 432952 899656 134850 261755 853314 377373 926046 82668 834489 370591 736649 699571 350657 199283 714341 251854 271273 300861 39143 555095 158969 768669 36825 952537 680938 634038 432423 429036 408707 853813 300660 641649 917908 975228 914824 251055 182268 1114616 742773 602471 718873 455011 592968 443469 593049 584256 690702 701831 650438 820457 80397 579304 464963 706267 198086 579923 415089 749289 751328 1023000 600045 620376 336508 470688 462874 439835 731783 521070 241543 678146 719401 669546 426414 1066137 674641 866538 744344 499181 461275 967877 485839 647064 673135
668942 8491 999999999 596918 105174 519837 527824 589231 628294 502981 648827 812695 784286 126211 886726 573751 593451 426001 893048 129313 253397 847261 369759 918219 85023 830036 362119 728178 694164 346688 191209 706333 257398 273920 301754 34340 547719 166827 761140 32894 944351 674771 628987 429376 420621 400412 848657 300104 639564 911468 966864 906398 254107 190510 1106376 734856 594343 715392 447767 585837 442238 584559 582784 686733 696031 647831 811993 88778 571214 462717 698934 206213 572629 412919 740807 743125 1015308 597327 611907 328037 464252 458632 431799 725185 512579 235822 670543 711622 661650 420104 1057853 666400 858048 735864 492889 452784 960546 477349 639529 665387
238605 603027 596918 999999999 648029 234319 648213 263837 357931 134895 397631 229727 208958 624159 551061 66817 116697 187974 303438 468646 411698 250408 269308 422550 673869 291958 397950 473432 121183 289761 432945 694876 638449 540162 477928 564157 691450 682054 254482 567158 509976 78141 106723 277418 360058 332210 273264 428288 342004 317640 581020 561564 552911 716702 663133 297448 281625 274463 653778 739397 368038 448670 366301 221212 104327 307309 519267 654144 602675 310445 186005 720449 714577 326260 494018 366642 491802 283274 414560 450529 135919 202274 276514 140784 429153 362102 737344 258899 254178 709577 631742 618231 607502 549133 105354 415968 406863 427184 726592 229143
684391 108307 105174 648029 999999999 601765 459029 596839 620417 569708 635014 851531 821217 41985 869438 615443 626415 465849 933527 204627 258412 897120 396629 930379 65377 900070 348723 707171 754019 425682 216451 645273 357112 379091 405022 130558 472797 249044 783036 131863 942797 724182 693690 514385 412248 401320 910676 399325 729693 954742 955066 889769 359214 263124 1101229 745608 598866 795089 371631 506294 537852 557653 676622 762253 750637 734519 791440 166721 514294 552738 726239 281236 495955 503759 717365 742334 1030968 683471 592830 301982 512284 533535 443559 767050 486818 301040 599179 726999 673926 331054 1050612 614578 827432 702361 542676 429588 985871 451525 566973 682231
463131 523188 519837 234319 601765 999999999 759895 460806 554014 115024 593571 441120 428894 592294 776185 279205 334459 274467 498791 397523 436254 417111 339373 655610 604688 325349 482123 678220 244973 176232 419224 852617 469501 364745 297759 485697 800366 548999 488777 486958 744017 286833 172255 92453 474036 435963 368290 258577 149853 501802 812829 788328 383748 581679 897292 527454 477951 195888 736745 849857 147397 616193 141675 174073 273420 138769 735544 548181 737974 89000 420046 579951 826479 127404 698536 590280 718983 89135 596530 517233 228952 83640 396417 360859 574538 306160 875167 489189 474944 770045 866006 779954 819747 743083 217959 539696 626713 559402 857233 454045
515698 535481 527824 648213 459029 759895 999999999 425731 371912 664326 355090 746624 713553 418715 524746 584537 553648 493228 822148 513322 356120 835713 420671 694374 524406 939350 278391 375809 767850 624165 412936 190636 771689 746611 735864 527154 43380 694328 616382 531478 649072 695790 744596 710536 292444 327271 906854 701241 909652 853167 620772 545011 736054 715148 778015 539254 413465 903121 94485 91559 786440 251243 888925 853217 740193 892644 445573 613262 88066 765274 597621 732083 67142 732453 373878 487138 796496 847296 305848 254585 549113 676507 376614 693697 228901 516153 142961 545665 494667 173293 723921 184500 440432 322624 573840 232339 798524 222198 113202 520313
96434 597285 589231 263837 596839 460806 425731 999999999 94942 345846 134952 321301 288079 560790 333044 198083 148761 219219 398665 484638 340380 410852 228885 333652 644481 535961 256157 217415 369217 417566 398023 437127 729044 651646 604909 564447 468425 724557 202161 568748 357402 286950 370522 461058 192980 195778 490732 554537 593332 428814 394254 349098 655306 757346 521166 148991 17842 538298 458941 512234 557882 193062 602317 485049 333784 563086 279311 669325 362659 510890 172125 767198 487544 503948 237754 159254 435229 530747 152167 312585 239116 394118 157483 270789 197099 402094 489737 135661 80088 532300 475506 360061 359885 286689 243361 214165 402487 211528 484235 98451
153497 636646 628294 357931 620417 554014 371912 94942 999999999 439292 40015 385023 353277 581450 262967 292678 241840 301462 455538 536221 374897 482885 291796 333689 673994 623238 271748 126013 459611 498720 439751 352967 792392 721917 679799 607169 412456 774660 246473 611689 323284 375400 464650 549403 209044 228587 572411 630583 688036 487652 338626 281477 723315 806074 480893 167356 77163 632295 421976 451935 645419 121895 695668 579020 422329 658001 197572 712732 297660 600623 240943 817507 428075 590544 145704 127295 437884 625300 69455 321010 329106 484948 211495 349362 157897 465569 414360 176220 131199 502086 430807 276556 270898 191760 336090 199640 428039 185685 413292 160453
350577 507970 502981 134895 569708 115024 664326 345846 439292 999999999 478949 360690 342452 552715 662683 167743 221993 171345 429101 374029 366082 361463 246633 555452 584924 330479 390812 563258 194945 167692 365938 745134 511203 410362 346420 468901 706023 566636 385231 471191 636990 203482 126146 142526 373431 337159 346139 298092 253801 438701 702371 675288 424747 600953 793531 416704 363044 245107 650448 755418 234552 505350 256476 201344 207008 230494 620746 548779 635381 178410 314669 602799 731408 191370 583595 476840 626659 190011 483326 432964 118859 67561 291968 273619 467816 269594 772813 378865 361399 692404 759795 671242 704735 628949 103687 437824 541083 455640 756772 341676
186656 657249 648827 397631 635014 593571 355090 134952 40015 478949 999999999 415022 384056 595158 238055 332557 281343 338387 482604 561895 396002 515070 323449 341016 690614 660407 288231 89377 498032 534594 462644 319719 821400 753584 713180 629192 394010 798780 272493 633771 315724 413334 504332 587470 228237 252573 607672 664464 728007 515192 320111 257588 754170 829581 467989 188804 117178 671900 412688 430892 683140 104657 735242 618622 460199 698015 166854 734529 276136 639089 274293 841582 407680 628011 108123 132533 444417 665233 50680 333372 367946 523833 242353 384376 157120 495799 385697 203946 164473 494985 416366 244320 234474 151782 375614 207374 443845 189248 387037 194372
232637 819422 812695 229727 851531 441120 746624 321301 385023 360690 415022 999999999 33422 822693 461036 238980 226699 387485 82619 687271 599275 106338 455726 247270 884960 297506 550731 456080 206518 519456 635469 734340 868175 769547 706648 781306 789054 908813 147672 784688 363533 157483 270997 501153 495442 482132 220529 657478 504417 108907 453092 463376 782575 943479 488945 234572 333162 385633 778555 831841 585357 504802 550741 342971 169557 463049 464110 876112 679716 526259 149181 947981 807350 549483 473951 314375 284518 460126 454413 608406 350202 427953 426983 89592 518351 582524 799347 211415 254594 848702 471099 659334 553558 544159 324041 531373 186301 531746 797945 227049
200354 791126 784286 208958 821217 428894 713553 288079 353277 342452 384056 33422 999999999 791881 441338 211381 195318 358472 114990 659684 567968 132632 424940 241625 855632 312611 517810 428002 203352 497499 605457 703668 846341 748897 686884 753223 756043 883573 121191 756681 352657 142190 262021 484238 462218 449296 240345 637162 501480 142244 439587 444927 761232 918218 485970 206791 300126 388724 745144 799008 571006 472516 544173 343321 163052 460725 439906 849083 647157 512180 115966 923150 774482 532888 446276 287611 290821 454124 422567 575535 323576 409999 394379 68940 485163 555631 767628 181255 222449 815300 464631 628340 530018 515750 298557 497951 198938 498372 765810 194479
649757 131571 126211 624159 41985 592294 418715 560790 581450 552715 595158 822693 791881 999999999 828862 588473 596652 439437 904993 200054 225360 871830 366977 894439 106423 883067 310128 666366 733039 416206 191265 604141 383421 395564 415205 143427 433729 282841 749653 145961 904279 699324 675039 507406 374051 365016 890063 404353 724866 927057 915059 849248 377156 299532 1062008 709748 562174 783409 332617 468513 538328 516491 674865 748444 727593 727306 750595 200127 472687 548759 694444 317257 457360 500736 676318 704253 995631 676128 552402 261822 488248 520752 409344 739444 445894 287438 559536 692214 638607 296597 1011131 572748 785788 660623 519019 389105 952907 410682 527531 647932
313565 895159 886726 551061 869438 776185 524746 333044 262967 662683 238055 461036 441338 828862 999999999 497361 441857 552247 496367 798817 634051 566353 553436 256528 926598 753321 525362 163264 618799 750488 700591 401704 1054996 982318 937423 867247 553616 1036513 324689 871825 151643 534421 650182 789105 466244 490016 681026 887289 892935 528490 96101 20813 984652 1067490 253296 255586 319775 807863 603781 575545 886368 314833 914582 756594 576017 857212 80964 972577 436686 836235 374507 1079337 557457 833783 156745 185907 330564 834147 276701 567561 567613 718515 473993 477314 383425 727769 491853 293678 301308 688956 199208 353388 117418 203265 566089 439851 386743 418359 508320 322846
183976 580453 573751 66817 615443 279205 584537 198083 292678 167743 332557 238980 211381 588473 497361 999999999 55613 149657 319515 448429 368982 285039 224142 394503 646724 354832 342069 410501 183350 296185 398992 628068 642423 548852 490309 542327 627864 673189 222675 545716 470038 117533 172829 304712 299497 274516 327824 439293 400037 339438 534667 509211 559054 707790 628271 248992 215918 340593 593908 675432 400184 381855 417307 287428 157671 367562 460386 637703 536955 345570 151282 713218 650560 352736 431096 311563 474042 339049 348075 396743 112616 229817 217754 151925 363420 344271 671146 211125 196663 652850 593097 551414 547235 484292 90496 352795 399453 362792 660869 174852
128718 600588 593451 116697 626415 334459 553648 148761 241840 221993 281343 226699 195318 596652 441857 55613 999999999 168714 309295 471892 372671 292123 229846 349877 662441 390672 328737 356852 221555 339192 411254 584202 680719 590313 534052 563418 597010 703085 178980 567091 418647 142789 223178 356013 278620 259828 353206 482743 455160 333432 480702 453869 599059 737467 578688 195268 166351 390577 570918 643464 452355 338370 472895 337301 188576 422100 405038 662280 500210 398810 109405 744033 618548 403379 377445 256013 435089 394465 300716 385645 148642 282018 203296 149582 327709 371357 631998 158072 141050 634836 541894 507209 492272 432627 134589 325040 368686 331628 623707 119724
266732 432952 426001 187974 465849 274467 493228 219219 301462 171345 338387 387485 358472 439437 552247 149657 168714 999999999 468745 303232 223734 432513 82965 510604 497490 469727 222782 427219 304922 198447 249410 578199 520648 436750 386956 395378 535137 535295 343717 398961 562755 260575 262074 251008 202118 165959 460400 336169 421745 489088 610055 568118 442521 569545 726489 337829 233165 411552 483208 584462 345341 344743 412716 363398 292294 401208 496469 493589 464822 304397 276942 576607 560346 289849 446452 374240 600827 358242 331541 269930 58360 194977 122011 301497 300109 203304 602240 306586 267333 531068 684643 505958 572315 480979 87917 266828 537388 285469 585661 260535
306455 899656 893048 303438 933527 498791 822148 398665 455538 429101 482604 82619 114990 904993 496367 319515 309295 468745 999999999 766838 681802 97277 538077 255896 966169 298934 632747 514327 255018 592146 717306 799452 939736 839457 775322 861337 864160 985284 210135 864637 379000 226964 326538 566207 576752 564272 213270 727186 543274 33304 472738 495429 853542 1019945 481536 295872 409368 413746 857311 905864 645459 576840 596469 378330 226256 501264 511354 954893 752544 586321 227657 1023854 881589 613676 530839 371013 261113 505890 524899 690495 429372 495251 509354 167875 594975 661440 868288 279404 327669 928724 472734 725837 597953 602675 402132 610782 155116 610025 868640 301962
557051 134850 129313 468646 204627 397523 513322 484638 536221 374029 561895 687271 659684 200054 798817 448429 471892 303232 766838 999999999 176066 718779 257271 806098 211093 702175 289533 646573 564850 221864 107146 673695 268878 233494 231710 95753 541898 239955 644119 98576 842040 546665 499909 309761 337681 309383 719448 210393 525723 784385 872980 817616 222882 272753 1005704 625420 492159 591716 449417 586196 338765 513247 474815 560733 567022 529909 728364 190419 537498 349125 579367 282666 568624 300787 661437 642535 900377 478849 531302 274332 337471 331923 328842 599022 443071 106744 654433 599233 552119 446178 959247 622288 784126 667495 365365 383786 840452 409808 626309 552590
426160 261755 253397 411698 258412 436254 356120 340380 374897 366082 396002 599275 567968 225360 634051 368982 372671 223734 681802 176066 999999999 653980 144878 673145 304102 687863 114029 477225 527269 277867 69480 502705 444872 400175 381982 233249 390369 404589 524722 237845 692340 483489 477936 370116 167874 147488 683570 345401 583418 704929 713474 653557 393317 434468 853642 488477 343838 609923 310251 438066 435864 338848 550636 567423 516023 574818 560454 338527 367766 422520 469105 447186 417516 384232 490876 491008 773046 525296 361004 103529 278286 354385 185304 517928 267894 160309 492214 468828 416231 334311 804742 447943 611393 492775 309336 208216 727767 234116 466562 423872
329388 853314 847261 250408 897120 417111 835713 410852 482885 361463 515070 106338 132632 871830 566353 285039 292123 432513 97277 718779 653980 999999999 509173 341359 924196 203468 620562 560627 172742 528580 681151 834777 871433 769040 703478 814390 878678 926637 253081 817338 462023 173061 246920 491484 570384 551724 119878 657219 449465 87676 553767 568012 784704 961132 574930 339322 424585 317505 860588 923004 564507 600106 505438 284436 154713 407443 570429 902883 773100 505866 242166 963614 898270 537378 578853 419850 357282 415515 551715 677063 385117 424555 494933 143493 606834 612105 896574 313508 351692 926526 562875 759003 659891 648375 355254 613204 251575 616587 893416 322607
300333 377373 369759 269308 396629 339373 420671 228885 291796 246633 323449 455726 424940 366977 553436 224142 229846 82965 538077 257271 144878 509173 999999999 549714 434452 552678 144336 412296 387524 223627 182494 522797 501995 430269 390501 342069 461515 496656 391521 346115 585807 339281 344661 297709 138503 99214 542403 342768 489031 560598 621521 571118 431536 529846 749805 368193 237990 490495 403886 511013 384355 304869 471405 443662 373349 472362 489069 445153 401242 352924 330971 539137 487419 328174 429788 387929 645723 426631 304481 187930 140914 256237 81224 373309 248415 174494 537637 342781 294867 448957 704390 454417 556217 452534 170874 204296 592155 226656 518548 296279
249423 926046 918219 422550 930379 655610 694374 333652 333689 555452 341016 247270 241625 894439 256528 394503 349877 510604 255896 806098 673145 341359 549714 999999999 976935 542524 587990 330084 444246 688832 727751 620205 1029538 940174 883635 891526 731646 1043558 171857 895637 123446 373769 497509 696852 523883 529423 461150 832384 741104 285173 217802 250828 948664 1077374 244874 184772 332937 630265 753423 764850 789921 445619 779728 584817 402771 700900 294767 994857 611769 732838 243231 1085470 742859 745450 340154 208664 104225 690973 391554 642871 498480 621288 488278 301392 491562 712599 702310 206944 257082 834921 223843 555781 369542 411003 483079 530242 130215 518683 710956 253533
728993 82668 85023 673869 65377 604688 524406 644481 673994 584924 690614 884960 855632 106423 926598 646724 662441 497490 966169 211093 304102 924196 434452 976935 999999999 913227 402668 765136 774416 430984 251977 710479 308429 344998 380149 118998 537955 190955 824955 117897 994814 751241 710605 514371 464991 450537 929770 382574 724298 985820 1010636 946760 323251 201312 1154730 792399 647760 800125 436803 570916 525930 616866 666831 770888 774500 732834 849434 111639 579083 547562 765420 219768 560940 497711 776036 793699 1076146 682346 649936 359459 539518 542423 488670 798627 545466 315954 664474 771749 719875 393990 1104783 678910 888123 763539 568989 487230 1026508 510031 632223 726206
477191 834489 830036 291958 900070 325349 939350 535961 623238 330479 660407 297506 312611 883067 753321 354832 390672 469727 298934 702175 687863 203468 552678 542524 913227 999999999 688005 721638 171502 484896 695024 973076 793305 688536 621683 795733 982666 873676 429418 797682 660879 249042 210016 416349 652003 623491 86647 583909 292564 280882 750515 757415 708297 906644 778355 508441 552679 152601 945434 1030261 460123 728275 361077 151892 202365 254011 746024 868039 890260 408331 393283 905215 1005386 452153 741356 589592 560025 282753 687422 738672 411972 371951 568273 281687 717051 599422 1022666 475391 498371 999234 765325 896013 836875 805889 381810 707410 454048 717595 1013989 468496
349957 370591 362119 397950 348723 482123 278391 256157 271748 390812 288231 550731 517810 310128 525362 342069 328737 222782 632747 289533 114029 620562 144336 587990 402668 688005 999999999 366059 518927 348814 183492 400542 557881 507996 483345 344818 318311 517652 454179 349470 594185 459483 483414 432795 64295 68922 669384 442166 631972 659300 608046 545267 502921 546879 752633 404358 255143 633895 260436 367784 511938 224971 610600 586155 498873 616361 449929 449172 269979 487763 408680 560078 344582 456960 378843 394201 690624 570067 249804 57902 280866 398575 125648 478305 153865 255009 402608 391120 335931 311628 702307 340356 497975 378766 308807 94269 657015 120276 380824 349765
245114 736649 728178 473432 707171 678220 375809 217415 126013 563258 89377 456080 428002 666366 163264 410501 356852 427219 514327 646573 477225 560627 412296 330084 765136 721638 366059 999999999 565738 623859 545177 292111 908335 842122 802350 710215 409363 881554 308510 714840 273264 479658 579397 675395 309793 337533 662118 753749 809391 547596 254640 183948 842299 911687 409763 221513 200341 745724 448028 438450 771430 151592 819724 692593 525777 777932 84303 815021 289244 726472 328693 924246 417643 716522 20597 143315 427731 747254 116313 405705 454771 610494 331096 440730 220533 583793 372268 248655 224905 532882 356199 225701 145187 88383 460643 277908 448494 255684 381220 254151
321207 699571 694164 121183 754019 244973 767850 369217 459611 194945 498032 206518 203352 733039 618799 183350 221555 304922 255018 564850 527269 172742 387524 444246 774416 171502 518927 565738 999999999 362396 542231 805699 700580 597530 531594 660429 811164 761335 297739 662975 550210 86298 74279 319178 481014 453389 157096 486144 298423 256834 632158 626056 613792 795572 688989 364642 386431 190023 774917 858779 392287 559924 344667 141271 43032 257447 599889 743183 719490 333448 245182 797045 833910 364714 585995 442794 490923 253917 521364 570981 248984 254417 397657 145451 546094 458634 852686 328055 340859 830539 665872 728679 690387 646902 217960 535930 391990 546139 843328 311959
456442 350657 346688 289761 425682 176232 624165 417566 498720 167692 534594 519456 497499 416206 750488 296185 339192 198447 592146 221864 277867 528580 223627 688832 430984 484896 348814 623859 362396 999999999 248835 743829 348859 252775 194860 312362 661710 398970 517257 313997 753465 365184 291557 94331 360292 321099 510650 143561 312792 603861 805928 766126 263913 433266 915735 527441 431611 369857 587293 710551 163174 527771 273515 340055 373883 311677 694669 384155 617644 144773 446230 435177 688632 108314 642669 570788 770221 260528 522859 371252 191396 113046 300414 430226 471855 131913 751405 493065 460353 610510 876382 677150 769039 672331 206110 424918 692850 448569 729410 449090
478797 199283 191209 432945 216451 419224 412936 398023 439751 365938 462644 635469 605457 191265 700591 398992 411254 249410 717306 107146 69480 681151 182494 727751 251977 695024 183492 545177 542231 248835 999999999 567850 375997 335654 323192 167640 444202 336403 573255 172109 753458 508407 485868 343165 235388 211165 699318 291227 561253 738316 778238 719869 327305 366940 915857 543978 403230 603479 356816 490298 396756 408184 521135 565071 536327 557519 627998 273201 432000 391952 513463 379137 471244 349062 559226 552366 825724 506776 429157 167809 297026 341624 240610 550632 337349 118529 552222 521545 470885 366978 867796 515334 680409 562193 327762 277696 774542 303592 525146 475582
505866 714341 706333 694876 645273 852617 190636 437127 352967 745134 319719 734340 703668 604141 401704 628068 584202 578199 799452 673695 502705 834777 522797 620205 710479 973076 400542 292111 805699 743829 567850 999999999 939791 902766 882762 701624 194540 873061 589789 706137 545864 724077 799721 820317 384355 423697 925114 842579 998614 832416 494873 419557 895129 896033 647986 503586 420429 966311 284848 194095 906331 246244 990343 913704 770900 974970 333510 793727 136460 875456 593538 912323 184665 850365 280227 431907 714104 934842 286107 400163 626306 772594 456478 702272 278091 655184 92225 522942 483575 358502 595054 77067 295295 209479 644465 319013 740571 296153 116003 513191
787318 251854 257398 638449 357112 469501 771689 729044 792392 511203 821400 868175 846341 383421 1054996 642423 680719 520648 939736 268878 444872 871433 501995 1029538 308429 793305 557881 908335 700580 348859 375997 939791 999999999 104806 171772 247922 795916 132023 859660 244058 1082214 712976 626740 383135 602824 571446 836937 214446 536685 949903 1123045 1072920 86788 148856 1246291 858291 739372 651592 698158 836783 336622 780174 466178 641421 717794 560532 988206 197462 803335 385049 789731 136995 821769 342110 924244 888202 1115357 517911 794718 542368 532517 446879 581016 779047 710841 327510 914405 827160 786909 676586 1203043 890543 1048646 934407 551942 651991 1041023 678082 884767 781183
702566 271273 273920 540162 379091 364745 746611 651646 721917 410362 753584 769547 748897 395564 982318 548852 590313 436750 839457 233494 400175 769040 430269 940174 344998 688536 507996 842122 597530 252775 335654 902766 104806 999999999 66986 252137 775381 207942 769042 249702 999327 613282 523479 279122 544889 510221 732401 112271 435609 848600 1045486 999421 24027 234798 1162795 773820 663413 547453 682226 819477 233164 723110 366477 536646 616067 457742 919320 245441 767340 280351 698307 227907 802085 237380 859172 809630 1022879 414123 731596 502715 441695 344880 511236 680944 656706 259332 887228 741047 704043 673469 1121384 847399 985153 876066 458564 600051 945245 626083 859467 695852
650068 300861 301754 477928 405022 297759 735864 604909 679799 346420 713180 706648 686884 415205 937423 490309 534052 386956 775322 231710 381982 703478 390501 883635 380149 621683 483345 802350 531594 194860 323192 882762 171772 66986 999999999 274572 767370 266008 711982 273160 947233 549809 457434 212696 513728 477152 665491 51361 372852 783750 997005 953898 87049 295382 1109964 721241 617667 481378 678240 813196 168526 690602 305477 469791 551076 393174 877311 290708 749056 213682 640855 290294 794392 170403 820118 761191 964023 348539 694708 485507 386073 280132 471657 618552 626900 228627 873913 687385 652939 677887 1069893 823617 946636 841631 400676 572477 884171 598142 847599 642954
642107 39143 34340 564157 130558 485697 527154 564447 607169 468901 629192 781306 753223 143427 867247 542327 563418 395378 861337 95753 233249 814390 342069 891526 118998 795733 344818 710215 660429 312362 167640 701624 247922 252137 274572 999999999 549468 174417 732758 4678 920710 642112 594950 395426 401123 378647 814698 269615 606448 879357 945745 886693 233895 202257 1083346 708851 570266 681184 450831 589420 410361 569008 550473 652401 662770 614190 793621 105580 565675 429470 669659 216141 574991 379778 723494 719776 987753 563597 593919 315155 432178 424295 407004 693464 497193 202482 670114 684680 635526 429473 1035413 658482 842476 721580 460494 437182 931211 462290 639748 638267
557722 555095 547719 691450 472797 800366 43380 468425 412456 706023 394010 789054 756043 433729 553616 627864 597010 535137 864160 541898 390369 878678 461515 731646 537955 982666 318311 409363 811164 661710 444202 194540 795916 775381 767370 549468 999999999 713238 657723 553659 682172 739169 787517 749188 334983 369256 950214 734270 950196 895325 649705 573564 763896 732496 806756 579632 455916 945530 101167 49500 823378 291075 928185 895809 783570 933798 475686 631338 120336 803711 640157 749834 27149 769868 405950 525405 833101 888075 345470 290759 591340 716858 419301 736807 271850 550679 127713 587020 536538 164727 752716 204947 463788 350436 616364 275512 837836 265578 94830 562497
795272 158969 166827 682054 249044 548999 694328 724557 774660 566636 798780 908813 883573 282841 1036513 673189 703085 535295 985284 239955 404589 926637 496656 1043558 190955 873676 517652 881554 761335 398970 336403 873061 132023 207942 266008 174417 713238 999999999 878878 169748 1081954 759565 689892 457344 571782 546513 907457 292703 638503 999394 1112281 1055608 183997 34668 1245655 864329 732103 740729 612741 750100 433498 742414 571471 723034 771990 657050 964388 82724 737740 472707 812044 42848 737754 424751 895434 882468 1135900 610504 765458 489560 560574 508853 568705 819322 670775 331991 836884 837103 791158 579196 1199158 832023 1015627 895461 585049 610748 1071061 636065 805654 790431
105728 768669 761140 254482 783036 488777 616382 202161 246473 385231 272493 147672 121191 749653 324689 222675 178980 343717 210135 644119 524722 253081 391521 171857 824955 429418 454179 308510 297739 517257 573255 589789 859660 769042 711982 732758 657723 878878 999999999 736676 257054 217121 339394 525840 392814 389222 360715 660772 585430 242845 334857 330196 778003 913039 408763 87144 209155 487762 658001 698159 619755 368275 617909 438158 254709 546929 318929 834207 544101 563325 71394 920299 674140 574295 326286 166797 257116 531334 315544 511642 327540 450371 340509 153491 392357 546938 658190 70717 123955 733357 377687 515814 409272 396694 311332 415891 203550 411332 658913 104645
646215 36825 32894 567158 131863 486958 531478 568748 611689 471191 633771 784688 756681 145961 871825 545716 567091 398961 864637 98576 237845 817338 346115 895637 117897 797682 349470 714840 662975 313997 172109 706137 244058 249702 273160 4678 553659 169748 736676 999999999 925079 645144 597275 396485 405718 383155 817082 269063 606955 882549 950256 891263 231209 197585 1087752 713038 574620 682537 454926 593499 410310 573676 550605 654052 665565 615009 798234 101093 570211 430041 673451 211464 579147 380288 728134 724171 991765 564478 598547 319828 435410 426111 411320 696769 501864 205314 674438 688774 639706 433076 1039854 663091 847141 726256 463627 441852 934982 466964 644035 642344
297165 952537 944351 509976 942797 744017 649072 357402 323284 636990 315724 363533 352657 904279 151643 470038 418647 562755 379000 842040 692340 462023 585807 123446 994814 660879 594185 273264 550210 753465 753458 545864 1082214 999327 947233 920710 682172 1081954 257054 925079 999999999 473074 596147 774403 530563 544896 581329 895946 842074 408575 94552 140062 1005248 1114739 164188 226033 350516 739261 719527 709310 870215 413914 874812 691470 507562 803152 212505 1025939 562307 815326 324001 1124583 689356 821984 276423 201334 179793 788383 364573 644293 562490 699815 514081 404833 472823 757294 633660 261082 295491 803853 123259 490308 269061 339145 552730 521456 248282 504707 647134 304378
234948 680938 674771 78141 724182 286833 695790 286950 375400 203482 413334 157483 142190 699324 534421 117533 142789 260575 226964 546665 483489 173061 339281 373769 751241 249042 459483 479658 86298 365184 508407 724077 712976 613282 549809 642112 739169 759565 217121 645144 473074 999999999 123850 343688 415294 391663 211836 501061 369131 239843 551835 542331 626937 794195 618149 279438 303757 273457 709489 785907 429001 479279 406011 222352 46948 330085 513816 732274 642960 370092 160002 797675 760990 392075 499873 356854 432245 317283 438629 514276 212060 270569 334746 74112 470477 440180 774253 242391 254753 769877 591536 647011 604231 561359 182253 465756 340765 473606 766380 225725
341045 634038 628987 106723 693690 172255 744596 370522 464650 126146 504332 270997 262021 675039 650182 172829 223178 262074 326538 499909 477936 246920 344661 497509 710605 210016 483414 579397 74279 291557 485868 799721 626740 523479 457434 594950 787517 689892 339394 597275 596147 123850 999999999 244932 453058 421542 220013 412297 246040 330177 673054 659439 539957 723969 741986 394728 388321 167800 743066 836116 319115 553775 282621 114602 101771 208031 622659 674492 703649 260076 277413 724978 811466 290467 599961 467979 552756 193467 520901 531983 203791 181519 368565 196595 530609 394841 839435 356507 358034 793098 715192 723325 711706 655775 174697 512571 457262 525905 827365 331541
482236 432423 429376 277418 514385 92453 710536 461058 549403 142526 587470 501153 484238 507406 789105 304712 356013 251008 566207 309761 370116 491484 297709 696852 514371 416349 432795 675395 319178 94331 343165 820317 383135 279122 212696 395426 749188 457344 525840 396485 774403 343688 244932 999999999 436194 396923 454307 169460 218798 572992 835534 803122 296561 490307 932945 550980 476901 287887 678000 798359 97267 594255 180574 265903 340493 220170 740298 455781 698246 55245 454753 489127 775903 48845 695072 604757 769177 169088 582536 460110 222141 75589 367102 415306 544160 225942 833795 514078 490250 703765 897577 750882 819845 731889 223886 501998 683093 524189 813248 473854
287848 429036 420621 360058 412248 474036 292444 192980 209044 373431 228237 495442 462218 374051 466244 299497 278620 202118 576752 337681 167874 570384 138503 523883 464991 652003 64295 309793 481014 360292 235388 384355 602824 544889 513728 401123 334983 571782 392814 405718 530563 415294 453058 436194 999999999 39345 626907 469149 622743 604325 546798 485825 542157 602084 689755 340560 191212 610684 294414 383970 522226 178303 608685 560827 457139 603224 392707 506358 264020 491396 350621 614494 359556 466162 324040 330208 626687 559545 193888 119621 256927 391964 84494 427108 113416 286326 401131 328436 273003 356223 639849 316872 446509 332006 281403 65986 594932 88345 383714 288181
286458 408707 400412 332210 401320 435963 327271 195778 228587 337159 252573 482132 449296 365016 490016 274516 259828 165959 564272 309383 147488 551724 99214 529423 450537 623491 68922 337533 453389 321099 211165 423697 571446 510221 477152 378647 369256 546513 389222 383155 544896 391663 421542 396923 39345 999999999 602257 431860 585012 590602 567102 509100 508370 577667 706184 344754 197596 576583 322073 418541 482910 213506 569892 527425 431849 566270 418986 484224 302588 452137 341196 589344 394393 426833 352959 343576 630829 522003 223273 126293 222218 353550 57023 409388 151533 250999 439428 328435 274092 378338 657447 356056 477254 365846 248128 105095 592630 127669 421309 285490
421416 853813 848657 273264 910676 368290 906854 490732 572411 346139 607672 220529 240345 890063 681026 327824 353206 460400 213270 719448 683570 119878 542403 461150 929770 86647 669384 662118 157096 510650 699318 925114 836937 732401 665491 814698 950214 907457 360715 817082 581329 211836 220013 454307 626907 602257 999999999 623766 363771 194293 672465 683784 750629 941239 694068 443779 506406 224048 921223 996553 511486 683675 427969 206270 170515 322972 679591 894279 851519 455878 334508 941409 971641 495190 681226 525269 474316 343068 639179 723057 405428 398816 545570 223301 680250 613816 980458 413558 443388 980580 682710 848351 769987 748376 374324 677474 368295 684805 974249 413392
598783 300660 300104 428288 399325 258577 701241 554537 630583 298092 664464 657478 637162 404353 887289 439293 482743 336169 727186 210393 345401 657219 342768 832384 382574 583909 442166 753749 486144 143561 291227 842579 214446 112271 51361 269615 734270 292703 660772 269063 895946 501061 412297 169460 469149 431860 623766 999999999 349526 736419 946137 903613 127660 324456 1058628 669941 567517 448149 648028 780995 145444 644898 286788 432372 503962 365282 827965 304184 710114 180011 589687 321832 761391 132394 771736 710391 913158 317990 647246 448455 334716 232795 423685 569039 582546 187498 837381 636037 601784 653236 1018643 781645 898330 794904 349511 529364 834017 554757 811961 591643
580510 641649 639564 342004 729693 149853 909652 593332 688036 253801 728007 504417 501480 724866 892935 400037 455160 421745 543274 525723 583418 449465 489031 741104 724298 292564 631972 809391 298423 312792 561253 998614 536685 435609 372852 606448 950196 638503 585430 606955 842074 369131 246040 218798 622743 585012 363771 349526 999999999 537042 918861 903084 458287 668234 985963 638427 610974 140554 886164 999689 205164 759058 72805 165076 338634 42033 860154 653428 886370 177094 522705 662859 976281 226672 829939 708620 788923 63800 735627 666677 372407 233461 543668 439831 720900 444651 1023716 599943 595418 917694 960572 924974 947271 879243 356471 688144 688395 707211 1006305 571070
337660 917908 911468 317640 954742 501802 853167 428814 487652 438701 515192 108907 142244 927057 528490 339438 333432 489088 33304 784385 704929 87676 560598 285173 985820 280882 659300 547596 256834 603861 738316 832416 949903 848600 783750 879357 895325 999394 242845 882549 408575 239843 330177 572992 604325 590602 194293 736419 537042 999999999 502681 527170 863405 1034019 505329 328879 439976 404068 886919 937359 649074 608726 593036 372055 232694 495029 544442 971345 784314 590152 257074 1037389 913019 619754 564134 404285 282226 502998 557065 716895 447222 503750 535144 187698 625531 678401 900822 311689 359097 957501 498931 758649 630814 635950 419036 639958 176723 639848 900885 332855
353299 975228 966864 581020 955066 812829 620772 394254 338626 702371 320111 453092 439587 915059 96101 534667 480702 610055 472738 872980 713474 553767 621521 217802 1010636 750515 608046 254640 632158 805928 778238 494873 1123045 1045486 997005 945745 649705 1112281 334857 950256 94552 551835 673054 835534 546798 567102 672465 946137 918861 502681 999999999 76298 1049502 1144051 157245 285675 383692 822079 699126 671269 932417 405526 947320 772920 589180 881020 175832 1051318 532722 879488 396389 1155119 653382 881964 250617 235915 266288 862999 363358 653239 617662 762413 544721 486969 471907 795713 585802 323711 346327 784288 103150 448981 202612 299314 611777 526319 342288 506184 603196 361738
325235 914824 906398 561564 889769 788328 545011 349098 281477 675288 257588 463376 444927 849248 20813 509211 453869 568118 495429 817616 653557 568012 571118 250828 946760 757415 545267 183948 626056 766126 719869 419557 1072920 999421 953898 886693 573564 1055608 330196 891263 140062 542331 659439 803122 485825 509100 683784 903613 903084 527170 76298 999999999 1002036 1086704 233199 264784 336301 815570 624390 594973 900385 335534 926086 764672 583146 866908 101763 992077 456945 849693 382786 1098442 577100 848159 177558 198657 319826 844823 296961 587847 582066 731991 492038 483447 403954 745553 510126 303186 313999 709565 179151 372696 131034 223132 579710 460186 380766 438833 527123 334394
709027 251055 254107 552911 359214 383748 736054 655306 723315 424747 754170 782575 761232 377156 984652 559054 599059 442521 853542 222882 393317 784704 431536 948664 323251 708297 502921 842299 613792 263913 327305 895129 86788 24027 87049 233895 763896 183997 778003 231209 1005248 626937 539957 296561 542157 508370 750629 127660 458287 863405 1049502 1002036 999999999 211187 1169008 780225 666582 568427 669642 807381 255012 720455 389572 556424 631172 479728 920393 222243 759295 300613 707593 204726 790458 256379 859016 813859 1032777 435500 730716 494987 450465 360163 512067 693637 653127 258521 877314 748082 709772 658409 1126898 841197 984623 873948 468586 595762 956732 621862 849109 702539
828890 182268 190510 716702 263124 581679 715148 757346 806074 600953 829581 943479 918218 299532 1067490 707790 737467 569545 1019945 272753 434468 961132 529846 1077374 201312 906644 546879 911687 795572 433266 366940 896033 148856 234798 295382 202257 732496 34668 913039 197585 1114739 794195 723969 490307 602084 577667 941239 324456 668234 1034019 1144051 1086704 211187 999999999 1278309 897760 764640 772599 631591 768025 463598 771252 600383 755751 806468 687742 994791 102312 761335 504280 846364 18688 756534 456767 925272 914945 1170016 641721 795470 516848 595174 542796 601115 853989 699449 366255 857223 870808 824535 594170 1231546 856906 1044692 923796 619701 639435 1105543 664541 825640 824134
460245 1114616 1106376 663133 1101229 897292 778015 521166 480893 793531 467989 488945 485970 1062008 253296 628271 578688 726489 481536 1005704 853642 574930 749805 244874 1154730 778355 752633 409763 688989 915735 915857 647986 1246291 1162795 1109964 1083346 806756 1245655 408763 1087752 164188 618149 741986 932945 689755 706184 694068 1058628 985963 505329 157245 233199 1169008 1278309 999999999 388987 513711 873993 856003 827553 1027811 559109 1023782 829289 647630 945772 332888 1188732 689963 971842 478866 1288327 810035 981000 407057 363623 225451 935432 514093 800681 724429 857806 677314 546187 623204 921479 739636 422671 459422 941136 54095 605211 352906 456320 713243 675363 328814 656654 758252 467108
71257 742773 734856 297448 745608 527454 539254 148991 167356 416704 188804 234572 206791 709748 255586 248992 195268 337829 295872 625420 488477 339322 368193 184772 792399 508441 404358 221513 364642 527441 543978 503586 858291 773820 721241 708851 579632 864329 87144 713038 226033 279438 394728 550980 340560 344754 443779 669941 638427 328879 285675 264784 780225 897760 388987 999999999 149383 552824 587240 618349 647536 288636 663214 501253 322239 602125 237675 812885 463679 594041 119493 906613 594731 597981 239542 81506 286356 580641 234621 460025 336596 477262 303888 227289 321075 535731 573803 38550 73365 665533 348983 430269 328568 309609 327922 352584 262167 344174 575816 78352
