NAME : synthetic_000179
TYPE : CTSP-D
DIMENSION : 100
GROUPS : 8
RELAXATION_LEVEL : 1
EDGE_WEIGHT_TYPE : EXPLICIT
EDGE_WEIGHT_FORMAT : FULL_MATRIX
EDGE_WEIGHT_SECTION
999999999 530060 230350 825284 647364 387392 552757 228971 958577 220230 313894 853338 853253 467575 310722 1055034 986074 958649 656408 52901 571325 340761 413169 256217 733452 661988 456895 271271 222313 839614 171859 430758 724974 856724 445385 849873 353140 943997 1041399 773863 554133 367145 381772 659311 1175424 960672 856130 866347 820170 24411 598643 688173 639613 737062 988941 957335 257556 449587 181836 761713 913921 658856 708667 827074 576520 510119 729431 737004 1081354 114395 832287 972383 318006 816362 629893 476075 1022564 949341 486048 909658 530277 872899 1223234 683484 359450 730478 903332 1084545 396867 1045852 692486 678425 361012 791218 639680 862942 851358 339302 816317 771063
530060 999999999 412598 927114 498942 144886 231697 640204 834704 401181 534402 485067 519149 418497 220684 893226 790249 501009 569048 549583 217670 611571 539940 329119 231181 156659 406692 473849 510225 906738 657748 546157 202005 329236 518359 324791 498698 978250 865974 247747 60112 323408 196717 143114 888285 846334 328593 703012 584984 543088 617142 755930 136119 601706 911057 992172 673234 365096 354870 479268 845816 625710 372967 900494 46676 461857 227052 850239 714610 511159 492905 928888 433844 379101 835274 88339 623606 958687 706615 652254 398368 594248 880774 733230 194386 204307 661217 699280 524496 637479 879680 231987 189492 278026 641225 343866 930270 492637 905867 513285
230350 412598 999999999 651315 417071 301644 353103 231345 735319 18965 146008 636133 630593 237331 217728 829069 756933 760413 429699 209995 376658 215067 213740 85040 569118 506593 226546 77918 97632 654431 273165 229647 613705 710608 232004 699413 149883 752634 814092 656914 412992 147635 220494 555438 945322 738669 710152 637900 590141 254357 386355 495624 485981 508460 773103 766559 262989 221094 211891 535706 697974 439684 492823 643406 457052 281239 565502 563038 858391 137699 611046 762682 93708 617876 490407 333823 806263 751333 343657 679722 300794 644302 995952 485159 218315 587787 673078 864420 194872 831010 547628 494754 223489 690622 426269 704084 670508 136400 637619 542731
825284 927114 651315 999999999 467081 889792 715755 625504 378100 670076 518527 737322 684645 510958 828931 471386 497470 929813 384699 777976 740641 485355 438415 708303 931836 915545 523839 578218 608107 58032 723789 423695 1081015 1078940 433166 1059295 501637 147491 486029 1103540 888448 630554 760330 1049353 727529 363999 1078954 426476 535144 847572 309987 171257 906955 407253 318847 156271 614532 564653 863175 606527 281651 314671 683937 48979 953749 465323 930655 88816 814600 712503 689801 262350 566035 839351 222355 841543 845368 179746 343254 575594 532344 602815 849069 194404 785705 998695 550889 849654 457489 873729 167720 829994 792260 1160270 289255 1039355 41628 514940 25849 571115
647364 498942 417071 467081 999999999 510915 269081 566441 348460 428458 385219 307898 272056 179800 483215 427291 343535 491432 82415 622698 289071 429964 293258 416467 465714 455824 190677 390128 452934 432810 649791 280780 624847 611861 243757 592229 323969 487810 407328 642493 449568 298132 383945 602065 530611 357216 611875 229637 178738 671421 191003 309327 450233 106947 415039 501247 582106 205996 583073 170648 347436 153954 219706 430076 515166 142365 464726 409793 479240 546254 264619 429983 332753 380603 466401 424256 459710 463691 408636 267703 126835 243990 594301 281277 418238 535590 258052 497344 297629 488424 483479 364459 423615 701736 188194 572888 458925 334077 442480 153582
387392 144886 301644 889792 510915 999999999 277014 517377 858933 286674 439400 576748 599756 383666 86533 930931 835200 625636 566849 410327 277927 513846 469600 217124 367436 292355 369882 373131 396906 878155 523673 479739 337953 474117 460369 469410 417220 961256 907033 386537 181963 259470 131788 273010 964594 868087 473475 734086 633834 399417 586030 720265 270126 617842 924130 975445 551327 331857 210153 538494 853672 610959 445020 869940 190462 434222 363264 806794 812700 379476 574194 932470 347790 493078 767183 121893 730472 948081 627866 711946 390888 658630 974219 701321 104102 348919 716171 803144 451825 747806 818059 342543 97537 407000 617128 487184 899303 408052 871097 565735
552757 231697 353103 715755 269081 277014 999999999 574877 603444 352304 420077 310797 326029 232095 285903 665268 564965 408495 343178 550144 28477 493270 384001 297751 241707 204376 225003 380144 436881 689560 626261 383814 365473 394857 347520 378934 365910 753980 639213 390917 180504 209300 182812 335496 687877 614841 394615 472582 360757 573097 408970 546791 192756 370284 679418 767681 602585 188356 422566 261790 614729 405186 170804 684700 246099 261173 239067 645343 546701 486701 301229 698277 321140 265672 656904 166890 475352 731889 548906 435782 185108 381703 703325 521705 215767 291426 441240 542759 373971 496769 692201 148984 218113 445331 426525 373239 714340 366059 692947 290804
228971 640204 231345 625504 566441 517377 574877 999999999 823274 240032 181261 832970 817026 401956 430845 926658 876342 975424 547065 176074 600371 154543 278903 311539 799113 737738 397270 196332 138309 648825 99584 294656 842118 941850 325905 930447 243223 756399 919226 886442 643875 365667 451439 781963 1090230 821643 941399 755462 744901 245525 456451 511279 717246 632680 834630 768830 34288 411623 358307 715700 761967 526086 695499 635282 685569 425386 795575 540146 1039417 148672 801138 807462 258584 834641 415731 564233 1001341 768915 282817 832914 477532 809537 1160727 513783 446270 819123 820763 1051764 270574 1027943 478777 720775 450866 917532 496165 934271 656370 234611 620551 712823
958577 834704 735319 378100 348460 858933 603444 823274 999999999 750068 657051 466941 407824 508120 830667 106242 126878 645551 307750 924514 617531 669242 552836 752552 746319 760462 521521 687755 742966 320204 919418 535488 928510 868476 514471 847343 607464 285880 110701 934630 780390 638515 732386 919325 349465 18062 868745 134164 269839 982980 367573 344821 761097 241658 98625 292401 827440 546945 921853 378019 96495 301106 486549 329716 843714 458051 746784 392581 463775 848031 424648 152420 642702 601100 533616 766757 519944 241259 574418 255259 473029 306593 473435 328898 766566 826442 231435 503947 566490 545279 507004 656764 771999 997806 327265 817476 342257 620843 355920 337765
220230 401181 18965 670076 428458 286674 352304 240032 750068 999999999 164527 640222 636378 249131 201901 843021 769502 760479 443737 203803 374995 232457 232279 72105 563595 499700 237788 96626 110486 672879 275296 248041 602779 703347 249374 692607 168530 770762 827571 646627 403927 150822 211644 543670 955312 753698 702875 650950 600046 243885 403348 513906 478778 521526 789167 784707 272481 229424 193100 542777 714078 455592 496328 661913 446116 294500 559913 581842 864409 134853 616330 779490 110362 617745 509232 324202 810259 769094 362348 689483 310054 652848 1003781 503147 206830 579780 683416 869526 213359 834650 566545 491722 211706 679066 443046 698271 689088 155136 656278 551077
313894 534402 146008 518527 385219 439400 420077 181261 657051 164527 999999999 656667 637996 223683 359042 757877 700971 807654 369303 272510 447510 77340 104228 224258 656509 603284 220679 68277 91675 528273 267713 121576 730398 805957 147055 792222 62590 631235 748003 769831 523500 220213 337715 676951 910668 657243 805601 579761 563766 337558 290552 374581 584884 454556 679244 644738 199009 241414 352315 535979 604713 356202 522854 516195 575835 244201 653356 429711 858920 199513 623030 659771 102812 669535 345590 449262 823684 635556 198052 651997 299839 628297 979520 369611 345781 689158 640270 872175 92006 850747 404103 568987 351818 809866 331584 790846 541638 56412 507326 531942
853338 485067 636133 737322 307898 576748 310797 832970 466941 640222 656667 999999999 59117 433053 596197 480831 371857 192491 378235 843772 301669 715509 581755 597472 313288 355719 436282 639409 702500 691491 901773 572790 504004 409357 533048 388290 594423 712852 448146 496911 425096 489400 493579 515763 407289 483842 409732 343140 208327 875032 497323 600649 366368 331136 563779 723830 854753 422688 733067 138259 525359 447871 144699 693042 472266 422256 315207 697133 236555 773817 47521 607173 576510 141940 771952 456169 170135 676104 714430 217792 356876 160836 398007 572168 526445 395404 238458 232476 580891 195463 783641 255783 528581 560636 487665 355249 718550 600654 711509 167574
853253 519149 630593 684645 272056 599756 326029 817026 407824 636378 637996 59117 999999999 415074 611209 423402 314189 247044 335826 840085 321858 692530 556838 599371 363449 399462 420100 626681 690406 637525 890489 546480 553933 466602 507414 445478 575412 655761 390989 549632 459072 486411 506434 561385 369184 424729 466952 284602 151671 875661 457100 553150 407926 281104 504701 666542 836964 411976 743426 103238 467024 403118 155302 639603 510622 397621 365014 647912 228129 767960 26245 548455 564230 198043 729586 481644 188238 618445 680688 159924 339685 101915 377753 524829 540588 445946 179835 235148 557785 216662 738025 295974 543380 613519 443952 413165 664536 582821 658799 121825
467575 418497 237331 510958 179800 383666 232095 401956 508120 249131 223683 433053 415074 999999999 334898 596984 520560 589186 200567 443419 260419 284612 158079 244431 472828 434963 14141 214655 278443 495545 478038 154666 588139 626314 116453 609822 161370 577712 580109 618482 385345 133537 252167 548013 709399 513521 626099 402744 354979 491652 203021 339885 421192 273616 557663 591910 422267 53732 413788 313972 483944 230413 301704 487912 448812 52273 470386 432073 638334 367322 399530 557597 154542 454895 426359 331593 600089 565788 317975 444668 76178 413425 766350 319161 280885 522585 436801 649851 152436 627082 465147 375402 287227 669142 233516 601467 517502 167944 490830 313741
310722 220684 217728 828931 483215 86533 285903 430845 830667 201901 359042 596197 611209 334898 999999999 909686 819513 668950 529222 328907 295251 431862 399036 134830 426369 353265 320761 291622 311562 821552 439089 410787 419965 546002 396000 539297 342729 909649 888068 467417 244026 202610 105867 356384 967368 838285 545408 711715 624282 325199 532271 661943 330765 589265 888790 923856 464796 287436 145021 538115 816257 565306 456392 812458 267355 387048 422268 743820 832457 293868 586772 891848 273025 530506 693930 168143 757874 899832 551564 707423 357638 658181 988878 645114 70802 419760 708598 827318 380570 777647 747061 383592 67841 491335 566370 553328 841365 332389 811592 560282
1055034 893226 829069 471386 427291 930931 665268 926658 106242 843021 757877 480831 423402 596984 909686 999999999 109329 642423 399370 1022743 675841 773066 653713 840462 780380 803849 609837 785342 842163 413463 1022031 636569 967933 889961 613472 868849 706328 360667 33549 968767 836469 723880 808299 965601 267193 113682 890318 197972 309856 1079441 470255 450712 807245 324022 158080 364022 931696 631590 1008778 419205 194021 401833 529737 424327 897429 548825 781386 494163 423747 945932 444642 220037 737608 621431 637966 831521 497850 315079 680542 263506 554062 323053 399398 435120 843227 862333 245333 466725 666590 519818 608857 698437 848295 1032602 430574 836076 433076 719418 450950 381829
986074 790249 756933 497470 343535 835200 564965 876342 126878 769502 700971 371857 314189 520560 819513 109329 999999999 537481 332507 957498 573748 725874 598320 759998 671449 696329 532479 720578 780357 440299 968316 582006 859478 780789 554085 759667 645218 412662 77779 859715 732678 641459 716141 858450 236306 144403 781140 121219 205265 1010361 424392 437649 700358 249240 220659 419279 885018 549483 926075 312979 219592 352792 423140 448549 792579 475974 672508 500907 338038 880477 335314 278345 668319 512185 632070 731808 400433 368132 650591 154266 469362 213730 351717 416641 751448 753519 136148 378987 608971 424420 613191 590796 756190 923575 388316 727087 463809 657497 474010 277074
958649 501009 760413 929813 491432 625636 408495 975424 645551 760479 807654 192491 247044 589186 668950 642423 537481 999999999 566300 958309 387759 873395 745244 705586 275500 345711 589231 779093 839322 883806 1033096 738687 440424 293646 698663 275700 747414 902335 608890 414963 447816 613982 578787 476110 500222 663124 294290 529195 398713 978031 682421 791350 365091 523399 743910 912912 1000684 566444 813469 327142 711632 637203 288423 885475 471687 589197 279273 888677 276496 895086 240012 791226 717082 142826 957821 506199 170283 864348 889768 390358 515230 341733 436778 762825 605811 339929 414169 242482 741385 167189 972600 285464 605927 472888 675995 236595 910855 751319 903999 359483
656408 569048 429699 384699 82415 566849 343178 547065 307750 443737 369303 378235 335826 200567 529222 399370 332507 566300 999999999 625931 365232 400583 268162 444930 547655 535543 214137 388578 447882 351252 636998 252672 703744 694246 222250 674636 312740 410801 384991 722863 522583 332344 436329 678320 543878 312954 694259 211445 214186 680792 122213 228168 528952 85642 359568 424512 558278 242212 614344 240118 287413 72261 301259 348143 588497 150337 546593 328242 525639 548911 332630 365698 338540 460797 394052 490258 519499 389664 354100 294774 176233 287047 623531 199877 468848 616518 278883 548749 277498 548614 406306 446132 474723 781420 109699 655235 377161 324991 360159 214001
52901 549583 209995 777976 622698 410327 550144 176074 924514 203803 272510 843772 840085 443419 328907 1022743 957498 958309 625931 999999999 570663 292663 374500 252779 743485 673946 433772 237516 182397 794058 124921 392131 747994 872377 410058 864359 317088 899283 1010377 795993 568548 354480 387700 683336 1152818 925843 871816 836991 798149 71055 561153 644752 651838 708271 951049 912466 204802 430999 214387 745694 876277 623705 699618 781296 596257 482813 739553 690049 1068049 77032 820128 932280 290190 815536 579601 488970 1013716 906064 437076 887840 510080 853808 1205800 641388 369441 746244 880215 1073325 359214 1037865 642376 682248 371895 816968 602283 875216 805018 303672 769755 752411
571325 217670 376658 740641 289071 277927 28477 600371 617531 374995 447510 301669 321858 260419 295251 675841 573748 387759 365232 570663 999999999 521064 412460 317890 213235 177153 253440 406320 462185 713384 649728 412290 340401 366384 375957 350462 393857 775772 648952 364401 163052 234736 195501 313230 687454 629478 366143 485437 368662 591136 434960 572294 166573 387779 695787 789379 628485 216814 435145 265788 632471 428818 167175 708822 227518 288600 210590 671246 538218 508820 296384 716550 347966 245148 684819 161842 462827 752687 577368 440086 211624 384244 697408 546893 226519 263783 447100 532113 402365 483168 719606 121546 228113 419743 451404 344992 738394 393783 717599 297519
340761 611571 215067 485355 429964 513846 493270 154543 669242 232457 77340 715509 692530 284612 431862 773066 725874 873395 400583 292663 521064 999999999 136743 297234 731487 679548 284172 140723 135272 503038 252848 149661 807736 881693 186369 867645 127806 609414 766417 847086 600784 296884 414857 754204 944335 667351 881351 605593 605893 362592 303358 359332 661400 486009 680279 622301 159230 310150 410521 589500 607466 373892 586310 489982 653139 294913 728410 397622 908605 230108 679381 654135 179847 737301 292375 526584 879954 619152 145770 691952 360010 673799 1021180 360301 422093 765726 678038 924556 134815 907631 353974 642234 428038 887199 342511 865377 513008 127339 477570 581307
413169 539940 213740 438415 293258 469600 384001 278903 552836 232279 104228 581755 556838 158079 399036 653713 598320 745244 268162 374500 412460 136743 999999999 271784 625683 581847 161335 145405 192115 440732 370088 17634 725089 778582 49662 762906 64037 539860 644117 759756 517655 217251 349835 678180 811585 553126 778320 477216 469732 437251 186831 282409 565994 353783 576562 553691 290967 195646 425178 453662 501778 251983 456913 429667 576641 159625 622993 350656 771890 299574 544414 559281 128410 612537 298171 451749 744651 540556 168049 556440 230034 537164 885403 273597 367597 669526 543244 788135 19086 772551 348598 530674 374138 806018 227947 756540 456812 77925 424120 444660
256217 329119 85040 708303 416467 217124 297751 311539 752552 72105 224258 597472 599371 244431 134830 840462 759998 705586 444930 252779 317890 297234 271784 999999999 497315 431439 231100 156812 182090 705825 340016 285253 530808 634314 276870 624178 211992 799256 822499 574905 333242 119359 141966 471565 933100 757854 633821 644633 579332 277592 424199 545659 410127 516481 799887 813380 344280 210558 169512 511182 725460 467898 452773 695769 374170 295057 493534 621418 827141 194294 577714 795730 143446 562849 562161 253154 766453 793694 418127 667494 291431 626082 972695 531684 134831 509973 663962 829126 252831 789646 616891 430504 139629 606969 461667 631290 723943 200605 692583 524347
733452 231181 569118 931836 465714 367436 241707 799113 746319 563595 656509 313288 363449 472828 426369 780380 671449 275500 547655 743485 213235 731487 625683 497315 999999999 75231 466385 610008 661268 898504 837267 625464 190758 153527 588838 137227 605197 947950 749192 188678 185548 438258 356621 208056 716762 761215 153329 612896 477017 749774 635155 768462 97312 546420 836209 960816 829141 430039 570119 368355 782897 617196 262374 895749 197471 497054 4173 868920 517464 691402 339304 868201 554962 177762 894288 258312 417229 919115 790385 519269 417666 458702 685465 741579 374493 82507 535346 494609 615403 425953 925929 102120 372575 252348 645717 135210 924639 604215 907585 408812
661988 156659 506593 915545 455824 292355 204376 737738 760462 499700 603284 355719 399462 434963 353265 803849 696329 345711 535543 673946 177153 679548 581847 431439 75231 999999999 426786 552734 600889 886186 771184 583432 169953 204236 548756 192907 555433 943285 773926 188010 110685 383175 289602 162611 762965 774294 203806 626298 495205 677720 611640 748318 22517 546095 846179 956586 768650 387846 496251 385222 788219 601984 274832 882271 126386 465543 71060 847715 573872 624551 373862 873405 500693 232637 860858 185923 477533 917394 748900 548115 388742 487730 741704 722493 304518 87778 561538 554446 569993 488874 896575 105570 302101 245934 626680 201281 911655 553101 892095 424151
456895 406692 226546 523839 190677 369882 225003 397270 521521 237788 220679 436282 420100 14141 320761 609837 532479 589231 214137 433772 253440 284172 161335 231100 466385 426786 999999999 207550 271434 508989 471407 159415 578326 619746 122517 603530 158967 591609 592660 609373 374628 119454 238488 537282 719225 527065 619515 415122 364378 480889 216488 352889 412542 286195 571608 605809 418479 41620 400332 319812 497949 244552 302689 501245 437687 66398 463852 444415 644466 358015 403875 571715 146332 453662 435557 319481 604122 579843 324001 454068 80420 421503 774358 332469 266960 514509 446759 655135 154093 630864 475464 369942 273318 659384 247408 595992 530803 164461 503892 321182
271271 473849 77918 578218 390128 373131 380144 196332 687755 96626 68277 639409 626681 214655 291622 785342 720578 779093 388578 237516 406320 140723 145405 156812 610008 552734 207550 999999999 63885 584189 263950 162546 672305 756667 174130 743951 82643 684688 772864 713309 467130 172211 277530 616886 920566 689571 756269 599838 567985 295620 327983 427126 533357 471499 718093 698445 222630 216795 287033 527197 643000 387620 500220 572684 516543 248257 606650 489582 851898 160602 609486 703324 62920 638378 412656 390639 808685 685947 265743 657468 287636 627974 980877 418979 282346 637058 648145 861829 127698 834787 470270 527487 288154 750914 368888 745102 599114 68580 565560 528371
222313 510225 97632 608107 452934 396906 436881 138309 742966 110486 91675 702500 690406 278443 311562 842163 780357 839322 447882 182397 462185 135272 192115 182090 661268 600889 271434 63885 999999999 619358 200117 209748 711237 805118 228712 793318 135860 722737 830776 754202 509655 227586 317349 653068 982995 743955 804684 659325 631129 246083 378767 466240 580708 531756 768677 736201 167910 279821 275554 591062 693884 441918 562541 607133 554607 310724 657766 519361 915764 108012 673045 750566 126232 697932 425897 430921 871976 727230 277881 720504 351504 691631 1044499 461179 315944 683307 710788 925549 176913 897936 486510 582477 321093 788250 419898 796466 632223 123030 597648 592181
839614 906738 654431 58032 432810 878155 689560 648825 320204 672879 528273 691491 637525 495545 821552 413463 440299 883806 351252 794058 713384 503038 440732 705825 898504 886186 508989 584189 619358 999999999 748055 424843 1053434 1043362 428962 1023393 504727 108115 427998 1073820 865380 620520 747294 1024712 669663 306003 1043410 373106 486813 862515 292524 160188 878778 364141 261771 120091 640587 548731 865383 563499 223725 284578 645991 14328 931106 447266 897533 111383 760269 725738 644022 206678 565838 798347 261369 822706 794041 130678 366342 522922 509009 552694 791720 176861 774436 967738 498002 796006 459560 822166 213465 797234 780919 1131816 265518 1002000 27072 518476 39166 526813
171859 657748 273165 723789 649791 523673 626261 99584 919418 275296 267713 901773 890489 478038 439089 1022031 968316 1033096 636998 124921 649728 252848 370088 340016 837267 771184 471407 263950 200117 748055 999999999 386669 858699 973258 414751 963672 326484 855734 1013581 905454 670279 419179 481592 795472 1177803 918303 972744 847151 828483 180419 551942 610750 749679 722267 933067 868102 110907 479378 337092 791140 860049 620500 760709 734454 704229 507496 833503 639001 1115836 147146 872970 906665 326261 890744 511253 589876 1071505 868485 381806 917427 551579 890506 1243109 612885 469278 848075 906613 1125624 359538 1097234 574093 767015 472779 930338 592162 971299 755219 315795 719373 791670
430758 546157 229647 423695 280780 479739 383814 294656 535488 248041 121576 572790 546480 154666 410787 636569 582006 738687 252672 392131 412290 149661 17634 285253 625464 583432 159415 162546 209748 424843 386669 999999999 729069 778665 40045 762668 80567 523339 627202 762874 522118 224830 358035 683328 796420 535682 778421 460980 456233 454850 169247 266051 568074 338313 558929 537207 305751 195896 440654 443244 484149 234767 450266 413947 581985 150681 622866 336320 759890 317198 534675 541733 142371 607325 289861 457845 734530 523567 165476 542418 224075 524363 871582 256661 377073 671193 528811 776828 35039 762589 338443 529355 383642 810096 210355 755407 441318 94602 408929 433017
724974 202005 613705 1081015 624847 337953 365473 842118 928510 602779 730398 504004 553933 588139 419965 967933 859478 440424 703744 747994 340401 807736 725089 530808 190758 169953 578326 672305 711237 1053434 858699 729069 999999999 175154 697380 182682 690026 1112596 937252 50491 207935 513514 395022 66880 905958 942668 174357 794404 661324 736092 774288 912263 174793 716045 1015353 1125966 875057 537498 545342 551489 958023 768881 441984 1049073 156676 623945 188998 1010651 700914 712514 529506 1043244 628314 366576 1013707 281669 597493 1087138 893117 708479 550238 647845 868027 887123 395978 108748 723674 674502 711200 602412 1053156 271751 391269 81101 791762 217622 1078600 685364 1058000 591150
856724 329236 710608 1078940 611861 474117 394857 941850 868476 703347 805957 409357 466602 626314 546002 889961 780789 293646 694246 872377 366384 881693 778582 634314 153527 204236 619746 756667 805118 1043362 973258 778665 175154 999999999 742236 21161 756289 1087109 857413 134197 303887 586301 492357 233039 786660 884433 801 737816 599468 870830 786308 917930 224632 685257 962168 1099563 972855 583013 683919 495861 914190 764947 398796 1041335 284377 650304 155928 1018597 568120 826257 446251 998914 703686 268755 1047473 383921 461796 1055962 943728 626525 570724 567772 730378 890657 504443 126265 645947 535874 767942 460797 1078305 253834 501361 183343 795121 57590 1069825 754709 1054312 536437
445385 518359 232004 433166 243757 460369 347520 325905 514471 249374 147055 533048 507414 116453 396000 613472 554085 698663 222250 410058 375957 186369 49662 276870 588838 548756 122517 174130 228712 428962 414751 40045 697380 742236 999999999 725943 92996 523336 602449 729952 491453 201739 334850 653480 764384 515849 742008 432866 420691 469720 154854 268789 534015 307562 544233 537398 339374 161009 438919 404208 469095 213724 410244 418990 552614 110813 586328 347843 722241 333715 495253 531241 139349 567564 317291 430074 695330 520072 201611 507806 184242 487720 836522 255399 356622 636526 495067 738496 55401 723299 361844 491828 363219 778476 195374 717902 447325 106422 416492 394998
849873 324791 699413 1059295 592229 469410 378934 930447 847343 692607 792222 388290 445478 609822 539297 868849 759667 275700 674636 864359 350462 867645 762906 624178 137227 192907 603530 743951 793318 1023393 963672 762668 182682 21161 725943 999999999 741789 1066571 836316 145543 295976 573003 482247 236957 766913 863312 21481 716742 578378 864441 767683 898791 214053 664806 941084 1078994 961174 567264 678634 474943 893261 745501 378428 1021464 280918 632876 139936 999486 549213 816843 425095 977953 690204 247606 1029892 375424 442995 1035275 927521 605402 553138 546624 712149 871436 495603 120499 624798 517521 752565 442660 1060132 236044 492749 198542 776004 39182 1049894 740501 1034609 515498
353140 498698 149883 501637 323969 417220 365910 243223 607464 168530 62590 594423 575412 161370 342729 706328 645218 747414 312740 317088 393857 127806 64037 211992 605197 555433 158967 82643 135860 504727 326484 80567 690026 756289 92996 741789 999999999 603827 694948 727348 482135 176538 304070 639600 851370 608767 755969 524072 502685 377411 245578 346423 538012 397237 635835 617674 261598 182525 361586 473395 560791 306626 461596 493604 537920 182279 602206 413549 796465 240872 560519 620683 69743 610304 351201 411521 761200 604079 210916 591294 237547 566456 918146 337210 317777 642319 580168 809592 45528 788317 404998 514793 324174 770371 286569 738585 520635 14106 487751 469636
943997 978250 752634 147491 487810 961256 753980 756399 285880 770762 631235 712852 655761 577712 909649 360667 412662 902335 410801 899283 775772 609414 539860 799256 947950 943285 591609 684688 722737 108115 855734 523339 1112596 1087109 523336 1066571 603827 999999999 382076 1129031 933143 707208 829557 1088981 626686 268724 1087231 374767 504530 967147 377408 257562 938038 402054 202641 14210 748555 629504 962060 595153 196872 353154 688532 122135 999080 527101 947407 219260 747356 829813 666308 140633 662071 831576 366906 896965 794842 45634 474191 522543 580522 562237 755799 267956 858567 1021291 497299 786272 558342 821677 314861 848731 864927 1189027 344202 1042112 107338 617778 141565 555842
1041399 865974 814092 486029 407328 907033 639213 919226 110701 827571 748003 448146 390989 580109 888068 33549 77779 608890 384991 1010377 648952 766417 644117 822499 749192 773926 592660 772864 830776 427998 1013581 627202 937252 857413 602449 836316 694948 382076 999999999 937410 808783 705063 785816 935950 244751 122558 857777 177909 281404 1065782 463063 453593 777760 306495 180068 386364 925463 612749 990115 390026 205158 393203 500387 438168 869182 533072 750263 503251 391766 933419 412565 241912 723496 589028 643851 805821 464596 336461 679175 231240 534123 291157 374403 436243 820922 831284 213853 434536 656289 486762 617702 668418 825861 1001280 424286 803344 448859 707791 464608 353406
773863 247747 656914 1103540 642493 386537 390917 886442 934630 646627 769831 496911 549632 618482 467417 968767 859715 414963 722863 795993 364401 847086 759756 574905 188678 188010 609373 713309 754202 1073820 905454 762874 50491 134197 729952 145543 727348 1129031 937410 999999999 246391 551270 437049 117282 892930 949366 133401 800980 665579 785323 799321 936258 198199 729498 1023755 1142185 919104 569199 594756 556612 968926 789817 449204 1070055 201456 651673 187982 1035524 682279 758906 526205 1054268 667296 356278 1044819 323373 577301 1101956 927733 706989 575921 646546 848004 910487 440231 108616 723570 653532 746532 579973 1082338 281307 435798 63915 814688 183287 1099389 723326 1080052 596923
554133 60112 412992 888448 449568 181963 180504 643875 780390 403927 523500 425096 459072 385345 244026 836469 732678 447816 522583 568548 163052 600784 517655 333242 185548 110685 374628 467130 509655 865380 670279 522118 207935 303887 491453 295976 482135 933143 808783 246391 999999999 305665 192505 162671 828191 792460 303336 647908 527488 569149 578893 717821 88299 550274 858749 946935 675930 333235 385982 420859 794901 582221 313673 859786 65941 425038 181379 814093 655349 523146 432827 878651 421066 321854 808551 80416 565460 911906 685598 593266 356530 534950 821202 694069 201008 177986 602705 640742 503506 580033 850050 173107 197675 288563 600432 309328 889539 477628 866478 455604
367145 323408 147635 630554 298132 259470 209300 365667 638515 150822 220213 489400 486411 133537 202610 723880 641459 613982 332344 354480 234736 296884 217251 119359 438258 383175 119454 172211 227586 620520 419179 224830 513514 586301 201739 573003 176538 707208 705063 551270 305665 999999999 133402 463383 814218 644718 585929 527162 460089 389896 329960 461675 364673 399979 690823 721416 393817 92324 285053 394856 617320 363546 345582 611851 361670 185791 434963 547324 714538 284877 465943 691093 117521 471826 514675 235618 659442 697245 383223 548450 172321 508051 856596 443742 155401 468948 544661 718949 201277 683895 562418 355525 161986 593833 363760 573214 641025 172059 612204 406167
381772 196717 220494 760330 383945 131788 182812 451439 732386 211644 337715 493579 506434 252167 105867 808299 716141 578787 436329 387700 195501 414857 349835 141966 356621 289602 238488 277530 317349 747294 481592 358035 395022 492357 334850 482247 304070 829557 785816 437049 192505 133402 999999999 339524 861502 740838 491866 610527 519248 400155 454901 590131 268195 490753 794756 843742 483427 200090 239943 432248 723589 479221 352152 739321 239017 302476 352765 678492 729218 335107 482292 801633 237741 437593 647758 113677 657638 816303 513968 601809 261106 552322 884187 570575 35496 368240 603345 725558 333222 678451 695820 296698 40058 473388 485497 489920 768786 297183 741132 454639
659311 143114 555438 1049353 602065 273010 335496 781963 919325 543670 676951 515763 561385 548013 356384 965601 858450 476110 678320 683336 313230 754204 678180 471565 208056 162611 537282 616886 653068 1024712 795472 683328 66880 233039 653480 236957 639600 1088981 935950 117282 162671 463383 339524 999999999 922160 932651 232264 785316 656325 670064 740363 879156 158542 698235 1002773 1102601 815221 495859 479178 546509 942326 740570 435942 1019566 101714 587214 205169 976042 725520 649859 535971 1027067 575835 385126 970732 228175 624887 1065756 845739 710707 517009 650338 893517 854962 337125 136336 723954 702279 663433 632606 1012668 268059 332034 135581 760623 268023 1049264 634075 1027034 584823
1175424 888285 945322 727529 530611 964594 687877 1090230 349465 955312 910668 407289 369184 709399 967368 267193 236306 500222 543878 1152818 687454 944335 811585 933100 716762 762965 719225 920566 982995 669663 1177803 796420 905958 786660 764384 766913 851370 626686 244751 892930 828191 814218 861502 922160 999999999 364109 787210 344947 355266 1199187 649293 673620 773548 458340 424253 630651 1102130 726649 1090412 429254 445958 577791 520550 679037 878504 672349 719090 736386 227489 1076625 395419 486262 863256 539448 868256 848809 330772 581054 880723 265975 645417 309459 135331 652014 896701 797371 272641 268616 819772 340907 849198 662415 900287 955341 616167 729158 691588 862420 705110 409712
960672 846334 738669 363999 357216 868087 614841 821643 18062 753698 657243 483842 424729 513521 838285 113682 144403 663124 312954 925843 629478 667351 553126 757854 761215 774294 527065 689571 743955 306003 918303 535682 942668 884433 515849 863312 608767 268724 122558 949366 792460 644718 740838 932651 364109 999999999 884695 148402 285325 985059 367043 337502 774583 250269 80836 275007 825066 553519 927293 392860 82629 302141 500841 315893 856075 462948 761623 381440 481650 849562 441230 134451 645715 617378 524320 777402 537993 223911 569392 272919 480755 323710 489305 322789 774806 841071 248961 521903 567203 563340 496060 670926 780315 1012434 326364 833694 327520 622271 342257 352450
856130 328593 710152 1078954 611875 473475 394615 941399 868745 702875 805601 409732 466952 626099 545408 890318 781140 294290 694259 871816 366143 881351 778320 633821 153329 203806 619515 756269 804684 1043410 972744 778421 174357 801 742008 21481 755969 1087231 857777 133401 303336 585929 491866 232264 787210 884695 999999999 738056 599715 870225 786233 917897 224173 685367 962411 1099690 972414 582757 683287 496057 914386 764943 398898 1041372 283714 650145 155713 1018561 568723 825739 446575 999119 703321 269087 1047321 383383 462404 1056109 943494 626876 570577 568105 731015 890632 503911 125681 646280 536504 767665 461435 1078195 253712 500822 182596 795087 58173 1069869 754376 1054331 536637
866347 703012 637900 426476 229637 734086 472582 755462 134164 650950 579761 343140 284602 402744 711715 197972 121219 529195 211445 836991 485437 605593 477216 644633 612896 626298 415122 599838 659325 373106 847151 460980 794404 737816 432866 716742 524072 374767 177909 800980 647908 527162 610527 785316 344947 148402 738056 999999999 138470 890680 305735 336081 627019 129443 224382 384725 764603 434845 812214 244575 182553 233987 352492 378269 710729 356663 613276 412298 388516 759959 298413 264148 548378 472209 530694 637503 422613 335479 535793 150153 356471 187805 444164 312084 645382 692671 125054 423180 487765 450268 519507 522653 650495 864033 271427 687994 399164 536409 401223 204089
820170 584984 590141 535144 178738 633834 360757 744901 269839 600046 563766 208327 151671 354979 624282 309856 205265 398713 214186 798149 368662 605893 469732 579332 477017 495205 364378 567985 631129 486813 828483 456233 661324 599468 420691 578378 502685 504530 281404 665579 527488 460089 519248 656325 355266 285325 599715 138470 999999999 843922 334928 412474 497827 141242 362715 515510 759906 371552 739922 109996 318500 271570 220446 489371 587794 320990 477605 503418 311701 722262 162054 401736 509358 333838 597396 527625 315647 467943 568278 89698 290211 73916 415932 384797 554743 557742 84905 336545 475287 344709 599384 390232 559056 728993 313599 549525 513760 512809 509307 72015
24411 543088 254357 847572 671421 399417 573097 245525 982980 243885 337558 875032 875661 491652 325199 1079441 1010361 978031 680792 71055 591136 362592 437251 277592 749774 677720 480889 295620 246083 862515 180419 454850 736092 870830 469720 864441 377411 967147 1065782 785323 569149 389896 400155 670064 1199187 985059 870225 890680 843922 999999999 622874 711599 655283 761379 1013175 980444 272629 473092 190991 784654 938169 683221 730335 849905 589350 534395 745727 759419 1103716 138075 854514 996396 342363 835967 650533 491844 1044034 972831 507506 933368 553922 896266 1246284 707168 376639 744680 927189 1106498 421037 1067122 713264 696826 377896 800955 663923 878332 874008 363593 838886 794399
598643 617142 386355 309987 191003 586030 408970 456451 367573 403348 290552 497323 457100 203021 532271 470255 424392 682421 122213 561153 434960 303358 186831 424199 635155 611640 216488 327983 378767 292524 551942 169247 774288 786308 154854 767683 245578 377408 463063 799321 578893 329960 454901 740363 649293 367043 786233 305735 334928 622874 999999999 138958 601482 197947 390301 391611 462464 256278 590281 359135 315320 71752 406681 284990 644007 155523 633519 236377 646623 485748 452629 376434 292989 569207 275401 531823 641606 369602 234981 411671 224064 408367 737766 116425 482583 696842 393639 670574 202028 670703 294866 533170 489024 854298 41131 752075 314637 259515 288864 335415
688173 755930 495624 171257 309327 720265 546791 511279 344821 513906 374581 600649 553150 339885 661943 450712 437649 791350 228168 644752 572294 359332 282409 545659 768462 748318 352889 427126 466240 160188 610750 266051 912263 917930 268789 898791 346423 257562 453593 936258 717821 461675 590131 879156 673620 337502 917897 336081 412474 711599 138958 999999999 738854 272860 331028 271334 508121 393539 705951 464219 263995 155913 529008 150557 782963 294095 767043 100725 715131 573805 553785 297329 406108 688962 195005 670287 728081 261315 238384 472150 362409 485308 779905 28530 616295 832659 449763 745013 300994 757166 187158 666347 622819 991992 122817 881076 179443 360334 151043 433288
639613 136119 485981 906955 450233 270126 192756 717246 761097 478778 584884 366368 407926 421192 330765 807245 700358 365091 528952 651838 166573 661400 565994 410127 97312 22517 412542 533357 580708 878778 749679 568074 174793 224632 534015 214053 538012 938038 777760 198199 88299 364673 268195 158542 773548 774583 224173 627019 497827 655283 601482 738854 999999999 542965 845411 951452 748346 373006 473739 388073 786155 594270 277514 874532 109231 453508 93139 837800 588081 602936 382053 871170 482162 247924 847489 163539 493222 913046 733449 553753 377832 493651 755618 713379 282459 104352 566325 569830 553728 505418 884302 111996 279952 253317 617785 223487 904022 535322 883763 426285
737062 601706 508460 407253 106947 617842 370284 632680 241658 521526 454556 331136 281104 273616 589265 324022 249240 523399 85642 708271 387779 486009 353783 516481 546420 546095 286195 471499 531756 364141 722267 338313 716045 685257 307562 664806 397237 402054 306495 729498 550274 399979 490753 698235 458340 250269 685367 129443 141242 761379 197947 272860 542965 999999999 309667 414708 643884 307759 684777 199486 244691 131183 286525 364403 615247 227226 546001 366812 451075 631256 283730 328960 419170 434438 456155 529389 455871 372755 432907 213738 231758 215063 540576 244805 524908 621206 195940 477431 362894 485017 459140 448321 530344 790569 173168 641194 391155 409188 381542 164033
988941 911057 773103 318847 415039 924130 679418 834630 98625 789167 679244 563779 504701 557663 888790 158080 220659 743910 359568 951049 695787 680279 576562 799887 836209 846179 571608 718093 768677 261771 933067 558929 1015353 962168 544233 941084 635835 202641 180068 1023755 858749 690823 794756 1002773 424253 80836 962411 224382 362715 1013175 390301 331028 845411 309667 999999999 206408 834748 601653 969177 468357 75170 333631 574576 273822 923199 505777 836458 353556 558654 875957 520608 62035 679421 696000 503690 838940 617974 157028 569132 353751 533661 404055 554437 322725 827827 915237 329742 599623 592245 643003 467073 743943 833595 1086465 349267 912079 279041 649732 300433 427699
957335 992172 766559 156271 501247 975445 767681 768830 292401 784707 644738 723830 666542 591910 923856 364022 419279 912912 424512 912466 789379 622301 553691 813380 960816 956586 605809 698445 736201 120091 868102 537207 1125966 1099563 537398 1078994 617674 14210 386364 1142185 946935 721416 843742 1102601 630651 275007 1099690 384725 515510 980444 391611 271334 951452 414708 206408 999999999 760672 643684 976080 607068 205366 367198 701100 133890 1012870 541281 960298 230732 754936 843190 677414 144453 676084 843397 377072 910982 803834 51179 486425 531839 594524 572393 760533 282005 872768 1034377 506625 794159 572201 830511 323974 861756 879126 1202279 358401 1054330 117158 631614 152109 567618
