NAME : synthetic_000881
TYPE : CTSP-D
DIMENSION : 100
GROUPS : 8
RELAXATION_LEVEL : 1
EDGE_WEIGHT_TYPE : EXPLICIT
EDGE_WEIGHT_FORMAT : FULL_MATRIX
EDGE_WEIGHT_SECTION
999999999 1047302 237034 733917 447941 410225 79663 653080 346382 509056 790167 900428 773044 101044 311697 402077 765506 517900 377220 422053 657816 505824 258031 468052 413251 513669 1018819 644325 245764 687533 478855 315551 527526 604672 564387 685727 806713 686025 766805 822492 219839 788563 657104 220179 172460 871897 1060397 297879 724998 589135 567494 511613 979961 856368 691806 226566 387614 515643 239434 376607 313095 585649 436853 486191 962917 130130 653844 450592 368808 452318 1015093 342199 461153 913020 657303 565964 898068 895750 832581 401176 129401 777374 250857 312641 559851 558389 429002 1024703 866001 1029979 207441 852387 1098270 489189 771695 772317 883063 616329 400148 621348
1047302 999999999 1119433 516769 740404 744294 1053939 617720 743574 921905 277095 218776 461393 946284 770862 721013 283841 857885 782678 625251 863071 561821 841177 681885 730579 654052 99121 894494 849446 479830 816812 818183 709671 442685 531616 719621 475876 549996 310687 785845 880864 279510 531502 827529 1115352 264285 69831 919078 479430 579988 641342 535710 246169 832166 564146 896497 960818 907176 1053929 687630 737559 899467 735985 816149 743090 1055505 417353 862340 713571 595047 725838 777549 594238 206207 634070 504536 167777 814527 216695 1067608 994978 322418 915016 1156443 934089 758258 910784 25235 829358 142626 881129 208727 52776 558566 356224 618078 242483 828531 932385 426146
237034 1119433 999999999 708515 407242 387312 158848 606454 376299 739236 844990 1010638 930713 273931 487739 402330 853699 740962 346925 523515 523104 638322 456002 454048 398368 493751 1111117 499648 275109 687507 384615 302277 472919 694314 592821 597357 783130 857702 877261 708666 245712 891858 821214 362210 69567 990580 1146211 525663 714919 757918 533297 604376 1000997 730785 657574 225551 237010 373251 68808 524298 449127 441277 404483 390436 863056 112610 772138 673520 533992 548955 921586 342676 585255 953055 603566 614965 990567 775871 903790 195138 158420 896429 475173 75745 790677 473472 297620 1094981 741415 1131201 251057 946162 1172118 578865 901321 708865 918262 495790 263160 711494
733917 516769 708515 999999999 302603 330626 704627 111123 388637 884166 278050 538042 648572 644508 586525 332189 380231 834627 369299 405534 346760 465657 643098 267264 324131 222245 560001 378973 489601 82867 339754 426726 237459 343170 206313 202873 74844 661680 460517 293645 518440 445362 616185 554788 729763 551330 571499 762623 46729 607111 175467 360085 318377 345695 53980 520444 499110 411232 639811 512950 506245 390136 308108 336431 327699 684643 444075 798834 556351 385279 351788 393839 444927 311672 123184 244387 472059 345479 356494 600270 633447 497719 729950 722067 921603 261633 439349 492345 346534 599900 528120 447155 565071 358866 534932 120995 274550 315588 468698 345752
447941 740404 407242 302603 999999999 43361 408270 207909 136155 727000 463730 675998 678516 370689 399179 76613 505015 693895 70825 275937 271653 397649 431601 61122 50994 88727 750496 278377 204094 282188 101075 132393 79976 369518 212624 244921 377443 643957 554610 391778 228109 558132 597697 313431 427275 668684 777967 554510 307749 556341 127265 307502 596957 434077 253639 224265 220476 203345 338434 359972 311498 239471 16705 105324 519744 384093 475479 640288 398830 280308 569272 111616 348594 557555 210161 253386 636327 466362 533321 327291 336276 583893 510101 427369 773734 128520 174660 715259 442194 779089 241340 596298 792915 286086 604223 324593 521141 218644 192541 384131
410225 744294 387312 330626 43361 999999999 374765 242943 93324 685345 467246 667197 655155 329991 357371 39346 498242 653342 40392 243403 312457 368291 388495 66776 15525 108936 748641 317155 164820 300732 133117 96508 121271 354655 212710 287612 405203 615383 542098 434998 190853 548143 569722 270082 401238 657059 778444 511278 330623 525318 158259 284760 613685 477437 284432 190218 223269 231343 318903 321595 270119 274736 28163 138700 561404 354115 456688 598852 359340 251253 610023 69771 317317 568146 247220 246495 632114 509570 533311 328734 303196 569593 466752 414499 732456 171668 187572 719319 485543 775082 202839 590638 797019 261719 587207 362478 532603 259878 198414 370189
79663 1053939 158848 704627 408270 374765 999999999 616090 326181 581853 788768 920547 811618 130161 353807 373937 776225 586430 337984 432825 596427 531301 310758 437461 380509 482395 1032758 580381 217764 665934 424821 278265 485832 614172 550550 636920 778780 730176 786119 767963 187214 805258 697753 241478 98608 895152 1072123 368740 700555 631358 532883 520837 968185 798923 659197 184574 318030 450574 160809 406452 335755 521126 399385 431941 913165 50669 675263 518888 406709 461855 967439 311254 482304 907365 618214 559536 911406 840070 837517 323231 72040 800159 319239 234591 633110 508625 364570 1030549 808881 1047331 180410 865904 1105778 496742 798670 731695 875492 558011 333675 631268
653080 617720 606454 111123 207909 242943 616090 999999999 316933 862890 361332 614080 690924 570106 547802 254508 446621 819036 278154 378958 248679 465942 596291 188336 240161 143927 652506 278138 407408 142614 230508 338803 133801 369819 198272 117265 181326 687646 519444 250337 433780 510253 640644 493811 632495 620943 668563 719243 139000 619704 86824 357892 428975 302393 57275 431795 390484 300277 538196 484447 461897 282577 217002 226736 337692 591607 479712 775821 527922 365935 378395 311178 433501 415584 19338 249251 555025 317518 440163 490207 544131 555222 681209 615690 904409 150518 329811 592845 306610 689691 445641 524521 667498 348855 587788 122974 377921 210876 360082 377323
346382 743574 376299 388637 136155 93324 326181 316933 999999999 592567 470787 640120 596932 256009 264611 64277 478721 561853 91883 173793 405161 301506 295516 128747 86186 173198 735507 408356 109318 341675 221337 82770 209533 322156 224889 376597 460711 546521 509035 525619 140928 520470 502568 180010 373762 624027 769999 418631 378624 452157 230151 237627 642256 569256 349251 153366 269988 312619 312301 235065 178132 362947 119868 227662 646375 317261 411681 506325 270241 190414 692331 48151 247513 584392 324773 239845 615459 600035 527598 366391 259119 532107 375004 419158 640044 264668 252555 719263 577114 757032 145776 571560 796193 212201 543510 439585 551401 352871 252324 339068
509056 921905 739236 884166 727000 685345 581853 862890 592567 999999999 764456 711769 485206 471687 327988 650766 670409 64292 680326 484210 997700 427722 310364 700144 676013 732869 850340 1000307 579943 805809 812365 638601 791830 572571 679002 952355 934752 382505 615272 1102535 583088 648401 391680 436728 679797 668037 900250 213661 850048 343365 786491 526014 981178 1150370 869489 608819 808190 894848 721259 378667 415524 952221 710333 819030 1198654 626706 526274 87394 335514 500308 1232570 630185 439551 887541 877307 640620 754645 1174920 757318 865336 592089 599581 264937 814401 51710 854151 819441 907739 1157033 837496 565834 717485 960269 525322 566809 978982 875063 945222 804842 579796
790167 277095 844990 278050 463730 467246 788768 361332 470787 764456 999999999 260513 408934 689613 542197 444671 120320 704678 505790 373606 609949 348388 611609 404873 453617 378232 293539 638626 578554 218720 543175 542941 437354 203843 254643 473504 268227 452805 205302 570282 610224 181156 414727 574248 844347 277460 315757 708703 232979 433297 370397 286733 217453 621535 314549 624153 684206 636903 778740 456378 491274 636035 458996 543016 574737 786275 243708 689655 490932 343190 579125 502401 362888 129078 379563 230995 194676 616173 79084 791021 726517 241795 693541 880050 789807 490993 635314 252082 621471 328797 612017 169661 329791 305275 284261 396061 110746 569702 656029 191616
900428 218776 1010638 538042 675998 667197 920547 614080 640120 711769 260513 999999999 242646 801404 602128 635695 172308 647484 700540 489714 860403 395482 670343 614884 651961 600337 138582 886815 735551 473037 767852 721556 668881 317967 466220 729264 526494 333873 134453 830774 765127 119759 320174 682111 994452 45551 188490 731958 492347 375583 607329 406262 382906 882045 571535 785348 890456 867696 950147 525634 587807 877212 667057 769191 829120 931110 246586 658147 542778 462532 827432 682102 439606 295775 632987 422628 79225 876049 184454 995338 870192 125353 735484 1058766 720579 730168 850483 211197 881934 132893 761384 90905 250340 431783 146751 656570 313563 816532 865209 301109
773044 461393 930713 648572 678516 655155 811618 690924 596932 485206 408934 242646 999999999 682833 461370 617171 288660 421583 678315 423632 915261 297401 519451 622070 639879 625324 376908 934593 667392 568697 779147 678284 699725 323350 501820 807070 663436 104278 204383 934886 691729 233036 117113 572402 899107 197112 426734 548150 602538 186016 653450 371097 592790 987734 664645 716596 866494 881804 880013 407282 481795 909901 665145 782680 970287 834222 211830 444821 405416 407360 981859 644640 352125 497000 710076 449158 305604 992901 360270 962622 776342 169950 564942 991019 487313 768551 841562 452818 990162 357155 682676 283045 491444 393466 126247 768511 501423 864752 846912 314074
101044 946284 273931 644508 370689 329991 130161 570106 256009 471687 689613 801404 682833 999999999 223719 315888 664669 468605 301772 321033 604058 408029 182826 382346 330519 427741 918497 595240 167373 593821 417583 241079 450574 503684 467734 614154 716055 600203 667453 756676 149497 688620 568344 119667 224872 773827 959773 259135 632647 501590 483485 410584 881452 794322 605013 166240 357296 471259 249622 280296 213597 538665 357755 425018 890266 163115 554947 401469 277468 351280 939860 260282 361806 813065 576122 466799 797600 830927 731543 397540 120538 679057 207109 346980 523396 489780 386132 923666 803412 930330 132985 751923 997293 388152 674953 691539 783552 558320 362480 520389
311697 770862 487739 586525 399179 357371 353807 547802 264611 327988 542197 602128 461370 223719 999999999 323175 487771 299102 353199 184107 669715 209685 70436 375262 348221 411061 728778 672680 265850 515675 484981 315519 465876 339421 381774 629171 646955 376538 472033 779661 277272 497886 345718 129612 446286 569685 773710 176756 559674 278282 466781 258358 753411 826152 562816 304451 496365 570500 448738 85825 88250 625611 382538 491543 885490 382394 358511 241770 59450 210103 924445 303364 180013 671163 560473 356169 611156 853032 565850 568914 329346 477016 152086 555953 375540 526760 499157 750411 833259 734267 262298 566146 819143 245438 466181 668209 648163 617247 488545 353568
402077 721013 402330 332189 76613 39346 373937 254508 64277 650766 444671 635695 617171 315888 323175 999999999 468387 617294 64874 204058 348265 329148 358206 66466 26084 111976 721297 354477 157470 292883 172114 101085 145680 320770 190806 312556 405661 576263 508809 461915 186874 516221 530704 244279 409809 624018 752634 481669 326627 485988 167734 247563 601531 506145 289909 191853 256003 270681 335010 283738 235252 313395 59916 177505 582191 358379 420585 563940 322278 212272 628511 63073 278002 550738 261517 218577 603475 536242 507823 359769 303814 535333 438754 435448 697298 203605 224557 696222 513836 746292 195960 561189 773789 224014 551646 376679 516102 295241 232831 336717
765506 283841 853699 380231 505015 498242 776225 446621 478721 670409 120320 172308 288660 664669 487771 468387 999999999 608435 532938 344242 690679 279937 558184 443908 483214 428173 257754 716260 579472 308482 595807 558329 496588 162057 294194 563122 382285 337287 85183 673626 610136 65136 302292 545367 843205 174338 295901 641289 333565 330187 435458 255420 318199 725864 407865 628327 721335 695425 790884 403993 454309 705312 496652 597053 690242 781493 144809 601317 431206 314602 697370 518169 310408 221643 465785 252152 136869 724542 86915 826954 720527 122140 633913 897648 691177 558252 679663 262780 726763 278528 608399 92996 333567 279564 164069 500997 217999 645762 695436 144962
517900 857885 740962 834627 693895 653342 586430 819036 561853 64292 704678 647484 421583 468605 299102 617294 608435 999999999 651743 440339 965507 373209 295117 662877 643008 693165 786052 970127 560479 755039 783061 614311 755144 515917 630995 912541 882704 318544 551842 1062051 567007 585057 327417 417862 685027 603747 835967 220601 799027 280101 745251 474869 920830 1110858 822555 593528 790886 869601 717208 337998 383725 924210 677192 789473 1152770 628534 464821 67542 296337 453831 1184740 602178 389916 826630 834149 590330 690736 1133564 695340 854692 588809 535643 267476 815096 87272 819402 797404 843877 1117127 773267 550383 653890 896064 476241 502606 932897 815071 912535 785214 522286
377220 782678 346925 369299 70825 40392 337984 278154 91883 680326 505790 700540 678315 301772 353199 64874 532938 651743 999999999 259518 319938 386724 377360 107162 52339 148569 785077 320181 134496 341051 132099 61718 150339 385525 251154 312396 444030 633415 573618 456426 157438 581086 588569 254371 361402 688846 815723 498346 370505 540797 195370 310529 654073 496382 322006 153654 191449 220737 278541 326943 268409 272475 61548 138880 588648 315445 484305 594791 361849 271438 639083 50312 333959 608057 280902 282312 667710 530944 570680 294896 266087 599929 451816 374929 728573 189642 164057 757767 504999 810599 171079 625658 835433 286386 615655 395417 572644 269140 169198 401532
422053 625251 523515 405534 275937 243403 432825 378958 173793 484210 373606 489714 423632 321033 184107 204058 344242 440339 259518 999999999 541544 127774 247710 231716 229366 255702 600001 552288 250246 332364 375452 254655 323096 182715 199410 473653 463694 373913 355439 622344 278071 372920 329306 202621 504759 467509 639966 360729 376581 282030 305576 89575 577306 671817 386298 300419 443780 474732 466223 107543 118147 515407 260186 380445 714512 441431 248625 397395 151132 30557 749602 221830 74444 500552 393846 172190 478687 693395 410869 538995 380488 373053 334049 576749 525464 391115 423489 602672 677756 614824 272751 433137 676302 68370 378504 494997 474284 488161 425611 199529
657816 863071 523104 346760 271653 312457 596427 248679 405161 997700 609949 860403 915261 604058 669715 348265 690679 965507 319938 541544 999999999 655461 697261 309905 322500 293489 900982 35389 442399 391244 189471 371248 220355 592509 414074 145585 399422 896003 758856 190212 454889 752856 848831 573870 572792 864680 915951 818136 384118 815232 262198 554545 657938 207685 299291 438524 287616 150082 465361 631077 582574 82915 288350 182238 348528 555913 704134 911296 670403 540614 409811 370129 610933 658418 230815 466404 803250 253268 688681 349146 529822 793239 771014 501562 1044913 150911 232689 838469 218339 938367 472041 771646 911752 537642 822272 266523 621208 53426 265532 603317
505824 561821 638322 465657 397649 368291 531301 465942 301506 427722 348388 395482 297401 408029 209685 329148 279937 373209 386724 127774 655461 999999999 279689 347554 353679 362885 519504 669222 370680 384382 498411 381767 435108 147152 268936 571900 510165 247120 263382 715747 396021 288365 201859 290118 612287 366073 564103 362999 427799 159819 404903 108195 565179 767145 459768 420267 571483 599238 584872 130163 195568 636145 382652 502938 789690 547627 149607 347175 151767 117376 817376 349581 54729 476571 483133 222427 401480 783348 361117 665799 487875 271630 353975 695915 460458 504633 550781 541809 771949 526569 388066 356465 609684 119105 267387 571052 458325 602565 553369 157148
258031 841177 456002 643098 431601 388495 310758 596291 295516 310364 611609 670343 519451 182826 70436 358206 558184 295117 377360 247710 697261 279689 999999999 416264 381601 455554 798163 696838 269704 575364 508966 330834 503674 409343 441017 669793 706157 429092 541218 819766 273128 567551 402570 126769 407361 636919 843405 123710 618856 333892 512583 326474 821639 864351 615893 299237 498060 586636 425472 155694 136855 646341 415380 515932 932993 345919 427954 230430 128228 275501 974538 327132 250148 740447 607605 419506 681007 893891 636223 559582 299282 545048 87071 527818 361009 560114 509593 820791 872019 802786 256112 636110 889328 311986 532452 718310 716840 646035 494491 423683
468052 681885 454048 267264 61122 66776 437461 188336 128747 700144 404873 614884 622070 382346 375262 66466 443908 662877 107162 231716 309905 347554 416264 999999999 57454 45625 690104 321883 222745 234031 157897 160260 92386 309650 152116 254149 341319 591861 493905 404576 251209 497096 545146 307308 467491 607792 718208 539969 264737 507255 101512 252136 546961 450919 223754 253645 280064 260674 385584 325275 287129 289597 54142 160938 518919 419088 416884 612831 366555 231345 563911 126624 301356 502622 196060 192288 575471 478271 473302 386771 366516 523550 498961 479955 745114 159413 235755 656803 457997 718296 261285 535271 734509 232276 544686 310854 466792 256568 252781 323951
413251 730579 398368 324131 50994 15525 380509 240161 86186 676013 453617 651961 639879 330519 348221 26084 483214 643008 52339 229366 322500 353679 381601 57454 999999999 101888 734076 328430 167490 290987 146310 102851 124002 339171 198977 291116 398408 600713 526667 439652 194962 532847 554950 265335 410272 641656 764184 504801 322184 511085 154243 269362 602889 483076 279312 196390 238499 245647 330213 309802 260506 287396 34321 151592 563069 361639 441177 589294 348217 236506 610647 71072 303050 555845 245618 231663 617302 514128 519073 343743 309350 554099 461096 427268 722746 178961 203078 705641 490958 760259 205902 575687 783323 246420 571682 361037 520531 269574 213838 354731
513669 654052 493751 222245 88727 108936 482395 143927 173198 732869 378232 600337 625324 427741 411061 111976 428173 693165 148569 255702 293489 362885 455554 45625 101888 999999999 667843 310016 268286 194046 167793 204547 74426 305928 134243 219544 296587 602566 484485 369679 296528 484650 555424 350101 509967 596517 693560 579066 221967 522395 57559 261068 508601 417777 178138 298221 307310 267602 425023 355255 323581 285507 89280 168884 477678 462951 416254 645476 397693 250273 521177 172028 320776 469080 152967 182006 556067 442412 449941 413920 411212 516044 539431 515906 776676 143770 257088 628854 424245 698170 306819 517641 706396 244429 540360 266828 432552 241282 278482 318694
1018819 99121 1111117 560001 750496 748641 1032758 652506 735507 850340 293539 138582 376908 918497 728778 721297 257754 786052 785077 600001 900982 519504 798163 690104 734076 667843 999999999 930573 837161 510482 834566 814066 729889 419257 537992 761225 530039 471554 257046 842018 867874 231298 458755 798842 1100908 182709 50072 865939 518352 513424 663583 512165 326817 890579 602604 885888 970029 929825 1047809 648899 705938 929467 743979 834781 813989 1039027 370269 796299 669961 570929 801947 773640 558667 264617 670169 502793 121376 877148 218045 1076541 978032 258496 866862 1153744 858738 784521 924234 105140 888764 46899 866130 166865 115427 536736 284774 669952 295586 862283 942869 402049
644325 894494 499648 378973 278377 317155 580381 278138 408356 1000307 638626 886815 934593 595240 672680 354477 716260 970127 320181 552288 35389 669222 696838 321883 328430 310016 930573 999999999 436875 420208 188094 367699 235753 612861 435114 179423 433313 911908 782639 220962 447053 777746 864884 572013 551769 889835 946504 816346 415130 829010 283895 570499 691761 233411 330354 429053 266757 130023 444127 638208 586461 59446 294885 181320 379418 538260 724227 914446 676469 553224 441094 370464 623115 690400 260882 486897 831155 280333 717084 320855 515469 816505 768272 474537 1048219 166263 215876 869790 244274 967348 464543 798644 943528 552514 844440 301568 653053 70738 247116 624291
245764 849446 275109 489601 204094 164820 217764 407408 109318 579943 578554 735551 667392 167373 265850 157470 579472 560479 134496 250246 442399 370680 269704 222745 167490 268286 837161 436875 999999999 448272 253602 73803 284070 419382 334197 446809 563129 604150 602316 589631 31720 616755 563686 143274 266019 715976 873331 383081 483475 505501 321732 329299 751424 628074 446366 50185 230783 319620 216008 271604 197979 382892 191964 260988 723137 208154 498448 498257 294067 274487 773304 96457 316308 693483 412037 347635 716287 663987 632923 306462 149820 622156 333351 326527 630303 322630 240173 825381 637000 856407 38541 671637 901899 303768 628745 527289 660653 394615 225057 436584
687533 479830 687507 82867 282188 300732 665934 142614 341675 805809 218720 473037 568697 593821 515675 292883 308482 755039 341051 332364 391244 384382 575364 234031 290987 194046 510482 420208 448272 999999999 342390 392779 234539 260341 134346 256254 131333 579230 385488 367819 478758 373130 533578 496013 701220 482123 528042 692403 44423 524314 165604 280185 314799 420532 99390 484731 495530 428156 618849 438862 439007 420373 283252 340774 410556 651199 362335 721188 481784 309866 433883 355955 366271 282955 160946 165229 412563 424206 297564 600712 596472 422245 662434 709511 842182 278520 440107 454724 422353 547205 486182 382940 530674 280999 457817 200020 245404 351825 465679 263198
478855 816812 384615 339754 101075 133117 424821 230508 221337 812365 543175 767852 779147 417583 484981 172114 595807 783061 132099 375452 189471 498411 508966 157897 146310 167793 834566 188094 253602 342390 999999999 181822 107902 467244 301638 214997 411749 744930 649991 343835 268096 651508 698726 384741 420193 763010 858932 629113 357559 656712 176889 408313 652408 377994 286102 254240 160054 102811 318379 454173 399366 141917 115760 7436 488907 390351 574774 726689 491028 381036 544465 182371 448750 625006 223995 347135 723707 416897 616525 260789 354637 680436 581672 386823 860476 88861 99612 791577 387447 865593 284753 685434 868706 387114 702381 324532 587602 141045 129694 481246
315551 818183 302277 426726 132393 96508 278265 338803 82770 638601 542941 721556 678284 241079 315519 101085 558329 614311 61718 254655 371248 381767 330834 160260 102851 204547 814066 367699 73803 392779 181822 999999999 212054 403695 290654 373310 501134 624724 591122 515831 95733 601817 581618 204810 308870 706239 847256 448835 424876 528724 254721 320322 702577 554470 380934 93762 191354 256253 235826 303016 236311 315748 121825 189119 649940 258872 494447 554651 333011 272768 700684 40644 327291 651277 342142 313774 694720 590198 603417 284378 206778 614636 400574 339696 687990 248827 184079 793581 563342 836855 109505 651310 870931 294936 626279 456899 616883 322416 177291 420463
527526 709671 472919 237459 79976 121271 485832 133801 209533 791830 437354 668881 699725 450574 465876 145680 496588 755144 150339 323096 220355 435108 503674 92386 124002 74426 729889 235753 284070 234539 107902 212054 999999999 379746 205124 167138 311335 676354 556077 316237 307776 554779 629275 389254 498893 666967 752960 627235 251267 594877 68988 334856 545788 360890 185185 302800 263269 200119 404541 417648 377626 211861 93156 106640 440165 459282 490401 704588 458808 320636 489319 190873 391091 517106 133075 254892 621167 390568 511976 367043 413798 588331 584413 484609 837124 69713 205934 684440 368402 762152 321239 584314 761411 317403 613632 245894 479701 167613 233012 392148
604672 442685 694314 343170 369518 354655 614172 369819 322156 572571 203843 317967 323350 503684 339421 320770 162057 515917 385525 182715 592509 147152 409343 309650 339171 305928 419257 612861 419382 260341 467244 403695 379746 999999999 178574 484840 376710 320133 188195 617508 449633 198332 273883 384847 681834 303493 457951 504892 300515 265570 330397 93450 419129 670207 349367 468765 576746 569764 632796 253681 295760 591411 358404 469842 670863 619779 111676 493616 287178 152765 692208 364463 159516 332874 388731 126107 297933 679484 229672 680192 558778 214963 490158 740973 602757 447508 541315 420315 673454 437057 447227 252798 493609 117536 235161 458082 312485 542611 552924 17235
564387 531616 592821 206313 212624 212710 550550 198272 224889 679002 254643 466220 501820 467734 381774 190806 294194 630995 251154 199410 414074 268936 441017 152116 198977 134243 537992 435114 334197 134346 301638 290654 205124 178574 999999999 309425 265335 490976 350967 448607 365755 350442 443792 364762 596863 462397 566356 558408 178005 421436 151885 160769 417645 500617 191990 376387 432134 401837 525757 306697 304707 416648 206072 302994 522600 541856 290250 593202 350053 179139 553829 250580 241312 360876 216220 52786 423859 514910 321317 538775 484007 383298 528088 625677 717598 270866 386932 506668 504880 566524 370363 384413 584355 155010 409575 303048 327076 364628 404879 189288
685727 719621 597357 202873 244921 287612 636920 117265 376597 952355 473504 729264 807070 614154 629171 312556 563122 912541 312396 473653 145585 571900 669793 254149 291116 219544 761225 179423 446809 256254 214997 373310 167138 484840 309425 999999999 253917 800401 636645 150491 467890 627050 753213 556391 635117 737338 774078 793475 242873 728639 168389 465062 512408 198321 159065 459169 364201 244183 532331 574741 541157 202633 259469 208490 277191 604504 595494 864961 617236 465135 330524 356526 534827 514241 97927 361744 668058 224164 552587 450227 565673 672474 751256 592010 996211 128316 301570 695216 204702 800001 482651 639185 767706 453082 704992 126146 477293 125098 335636 493089
806713 475876 783130 74844 377443 405203 778780 181326 460711 934752 268227 526494 663436 716055 646955 405661 382285 882704 444030 463694 399422 510165 706157 341319 398408 296587 530039 433313 563129 131333 411749 501134 311335 376710 265335 253917 999999999 687647 466342 312011 592280 446492 643793 623118 804603 545637 535500 823661 87332 642162 250276 408760 258518 360736 126241 594791 571605 478154 714458 570076 569567 451123 382902 408054 308010 759292 468012 850777 612892 440948 319300 467717 495679 270053 190103 295292 454766 350359 342043 671473 707757 503744 793218 795734 969960 330694 511128 452482 359294 572651 601601 436392 521310 411226 543855 142293 235496 374569 541189 376057
686025 549996 857702 661680 643957 615383 730176 687646 546521 382505 452805 333873 104278 600203 376538 576263 337287 318544 633415 373913 896003 247120 429092 591861 600713 602566 471554 911908 604150 579230 744930 624724 676354 320133 490976 800401 687647 999999999 261793 936825 625721 294673 47285 495804 821122 288937 521626 447673 617568 99790 638471 341519 653988 989380 669481 651739 815741 846152 811288 334786 410346 881366 629238 749276 988737 756602 219643 340553 324584 364226 1006554 594664 299499 557110 706188 438804 386843 999555 419074 906675 700754 235624 467634 921576 387493 746055 797401 538768 992917 455879 614847 356440 584186 359691 195786 778029 555284 843813 798844 316047
766805 310687 877261 460517 554610 542098 786119 519444 509035 615272 205302 134453 204383 667453 472033 508809 85183 551842 573618 355439 758856 263382 541218 493905 526667 484485 257046 782639 602316 385488 649991 591122 556077 188195 350967 636645 466342 261793 999999999 752805 631599 33524 232202 548024 860197 115304 303227 610768 413798 271923 499168 273178 393179 805334 484543 652264 764685 751599 817483 393374 453896 767322 544398 651999 774347 796757 113775 552530 413063 328587 782312 552244 305694 296438 538763 302928 143584 805790 158318 868364 735864 37437 610126 926647 631381 620855 727881 294276 806661 263420 627502 102670 354295 298799 78961 581511 297980 711903 740505 172092
822492 785845 708666 293645 391778 434998 767963 250337 525619 1102535 570282 830774 934886 756676 779661 461915 673626 1062051 456426 622344 190212 715747 819766 404576 439652 369679 842018 220962 589631 367819 343835 515831 316237 617508 448607 150491 312011 936825 752805 999999999 608316 738720 889997 704866 754422 844944 846953 943391 340159 870041 316843 607898 554440 52848 270272 596850 471698 336395 648053 724546 691636 272781 407060 336565 158482 731336 725489 1015144 767233 612354 220151 502732 681300 581154 232682 499310 762605 74596 647743 539196 698307 789762 900603 690837 1146083 267019 412567 763008 56274 884370 623996 739883 829376 597865 825636 174265 547326 213258 446762 623685
219839 880864 245712 518440 228109 190853 187214 433780 140928 583088 610224 765127 691729 149497 277272 186874 610136 567007 157438 278071 454889 396021 273128 251209 194962 296528 867874 447053 31720 478758 268096 95733 307776 449633 365755 467890 592280 625721 631599 608316 999999999 646591 586225 149713 234506 744873 904334 381087 513412 526530 348832 358911 782833 645187 474273 27201 225123 325625 188916 291499 216497 391392 217128 275531 744876 176441 526656 503351 310543 303244 796113 124602 342054 725183 437595 379326 746893 682368 664292 291660 118387 650778 330147 299919 633990 341929 242793 856836 654369 886688 17906 702130 933287 333476 656376 552511 692313 408833 223608 466854
788563 279510 891858 445362 558132 548143 805258 510253 520470 648401 181156 119759 233036 688620 497886 516221 65136 585057 581086 372920 752856 288365 567551 497096 532847 484650 231298 777746 616755 373130 651508 601817 554779 198332 350442 627050 446492 294673 33524 738720 646591 999999999 265675 568979 877080 112306 275854 640265 398689 305037 495506 287745 361515 790980 472516 666411 771329 752249 830903 417602 475478 764918 548736 653145 754260 814150 139794 584972 439328 344955 760132 562344 327738 265013 529483 304899 113924 789629 127395 875953 753150 63086 638190 939280 664805 617983 732314 262357 791895 242088 643313 70796 324368 313119 106800 566133 268394 707103 746367 181409
657104 531502 821214 616185 597697 569722 697753 640644 502568 391680 414727 320174 117113 568344 345718 530704 302292 327417 588569 329306 848831 201859 402570 545146 554950 555424 458755 864884 563686 533578 698726 581618 629275 273883 443792 753213 643793 47285 232202 889997 586225 265675 999999999 460474 786921 276854 508618 433196 572420 68903 591185 294420 620392 942513 623071 611889 772251 800186 773027 296981 372410 834712 583110 702990 943544 722161 176553 340157 291045 318468 962292 550714 255098 523661 659145 391687 365372 953048 386438 864495 665267 210786 448324 883687 402637 698966 752622 518488 946120 447598 575989 331274 568760 312892 175438 731954 519583 796690 754783 270435
220179 827529 362210 554788 313431 270082 241478 493811 180010 436728 574248 682111 572402 119667 129612 244279 545367 417862 254371 202621 573870 290118 126769 307308 265335 350101 798842 572013 143274 496013 384741 204810 389254 384847 364762 556391 623118 495804 548024 704866 149713 568979 460474 999999999 326723 655161 840236 244384 537237 396083 407635 292143 771409 747491 520897 176639 373057 460076 319944 165515 94653 520558 297864 391845 826043 261862 435831 355092 171790 233090 871093 204791 242553 699440 502936 356877 677981 779387 613488 440556 204968 560268 197475 428307 487032 441101 382864 805114 755625 810751 133813 632302 878326 270467 557486 616784 671222 523478 368315 401417
172460 1115352 69567 729763 427275 401238 98608 632495 373762 679797 844347 994452 899107 224872 446286 409809 843205 685027 361402 504759 572792 612287 407361 467491 410272 509967 1100908 551769 266019 701220 420193 308870 498893 681834 596863 635117 804603 821122 860197 754422 234506 877080 786921 326723 999999999 971666 1138126 467015 731850 721701 554540 589708 1011308 779776 680746 220635 285290 422891 107644 491956 418469 492599 421903 426630 906088 64904 751849 617487 496581 532147 963244 347401 560979 957549 631601 613355 979688 823653 898751 259691 124656 876851 417774 142542 730920 508351 341973 1091340 790214 1118348 234858 934632 1167753 564672 878492 740866 923932 541233 308032 699066
871897 264285 990580 551330 668684 657059 895152 620943 624027 668037 277460 45551 197112 773827 569685 624018 174338 603747 688846 467509 864680 366073 636919 607792 641656 596517 182709 889835 715976 482123 763010 706239 666967 303493 462397 737338 545637 288937 115304 844944 744873 112306 276854 655161 971666 999999999 232771 694051 504977 334294 607798 387455 418975 896793 581393 766040 879822 864064 931537 495691 560542 877220 658816 764778 851178 907793 220015 615994 510235 441632 852378 667465 412903 328590 640093 415985 116320 893110 206504 983633 847094 94996 699513 1041033 676028 730289 842395 256272 897211 171738 740193 112151 295548 413099 106632 671301 342820 819225 855471 287321
1060397 69831 1146211 571499 777967 778444 1072123 668563 769999 900250 315757 188490 426734 959773 773710 752634 295901 835967 815723 639966 915951 564103 843405 718208 764184 693560 50072 946504 873331 528042 858932 847256 752960 457951 566356 774078 535500 521626 303227 846953 904334 275854 508618 840236 1138126 232771 999999999 913429 531899 562735 685583 551317 314485 894236 616688 921543 998225 952155 1082048 692854 748040 948371 772301 858761 809547 1076870 415546 845723 715182 610457 793766 806679 601572 265818 685621 534208 162901 878205 245135 1104973 1015968 306839 913341 1186819 908797 804955 950596 86819 891819 80483 903275 208432 67993 575422 334309 677079 300117 879272 970503 440863
297879 919078 525663 762623 554510 511278 368740 719243 418631 213661 708703 731958 548150 259135 176756 481669 641289 220601 498346 360729 818136 362999 123710 539969 504801 579066 865939 816346 383081 692403 629113 448835 627235 504892 558408 793475 823661 447673 610768 943391 381087 640265 433196 244384 467015 694051 913429 999999999 736362 366165 635974 430869 923213 987768 737326 405343 604981 702578 508275 257899 257864 764422 538407 636203 1056289 413097 501757 153911 218884 385970 1097241 448394 347145 837649 730845 532543 753973 1017552 723918 655393 379124 607797 52194 600762 265233 682944 622692 900444 995503 864628 363314 710736 964627 420208 587442 840911 816977 767460 604694 517373
724998 479430 714919 46729 307749 330623 700555 139000 378624 850048 232979 492347 602538 632647 559674 326627 333565 799027 370505 376581 384118 427799 618856 264737 322184 221967 518352 415130 483475 44423 357559 424876 251267 300515 178005 242873 87332 617568 413798 340159 513412 398689 572420 537237 731850 504977 531899 736362 999999999 565538 184214 324252 294855 392310 84832 517846 514505 436573 646118 483203 482311 421576 310809 355084 371170 683748 399224 765523 526164 354261 391942 389481 410543 276591 154724 209556 427468 392120 311793 618046 630324 451011 705921 733195 886203 285858 456763 454681 393225 557332 521712 401518 528832 325383 488339 167715 238944 349295 484274 302144
589135 579988 757918 607111 556341 525318 631358 619704 452157 343365 433297 375583 186016 501590 278282 485988 330187 280101 540797 282030 815232 159819 333892 507255 511085 522395 513424 829010 505501 524314 656712 528724 594877 265570 421436 728639 642162 99790 271923 870041 526530 305037 68903 396083 721701 334294 562735 366165 565538 999999999 562922 263726 646206 921988 608045 552699 720049 756656 711645 235260 310771 795354 541038 661453 934485 657107 189686 283079 225126 276315 957461 500154 208036 550633 637532 371368 412303 935825 416841 809219 601047 257772 379836 821857 361255 664431 704269 565063 926314 506024 515416 374264 620203 278048 228834 718692 542075 762369 704164 266506
567494 641342 533297 175467 127265 158259 532883 86824 230151 786491 370397 607329 653450 483485 466781 167734 435458 745251 195370 305576 262198 404903 512583 101512 154243 57559 663583 283895 321732 165604 176889 254721 68988 330397 151885 168389 250276 638471 499168 316843 348832 495506 591185 407635 554540 607798 685583 635974 184214 562922 999999999 299293 477868 366288 126665 348310 330881 266577 464542 408041 379753 269885 133828 175519 420438 510652 442060 699147 450986 296770 463621 225305 366591 448122 95422 204334 556774 388511 446057 435436 461164 532732 596745 549210 829511 122842 274583 616121 372179 696818 360122 521207 692944 285822 560606 209480 410713 213221 300807 341122
511613 535710 604376 360085 307502 284760 520837 357892 237627 526014 286733 406262 371097 410584 258358 247563 255420 474869 310529 89575 554545 108195 326474 252136 269362 261068 512165 570499 329299 280185 408313 320322 334856 93450 160769 465062 408760 341519 273178 607898 358911 287745 294420 292143 589708 387455 551317 430869 324252 263726 299293 999999999 495203 659463 351998 379158 501367 510840 544306 173437 205147 541494 294047 412031 682293 527220 174490 442166 212424 59367 711243 282782 87501 414885 375225 115732 390789 675216 321372 601976 466194 294708 410443 653593 561999 404547 472025 513099 664132 528640 355604 345431 586836 25644 306327 463265 390438 502295 479716 110463
979961 246169 1000997 318377 596957 613685 968185 428975 642256 981178 217453 382906 592790 881452 753411 601531 318199 920830 654073 577306 657938 565179 821639 546961 602889 508601 326817 691761 751424 314799 652408 702577 545788 419129 417645 512408 258518 653988 393179 554440 782833 361515 620392 771409 1011308 418975 314485 923213 294855 646206 477868 495203 999999999 597501 371744 791987 808739 729218 932539 667988 695271 707595 597582 649928 498407 958302 456997 907030 704557 547802 479682 663962 576164 96879 441549 414938 303985 575618 235007 912780 901209 423955 905436 1024306 1005319 578943 751534 227854 593617 373636 787924 312413 281673 510399 467423 396953 106882 631847 778618 408049
856368 832166 730785 345695 434077 477437 798923 302393 569256 1150370 621535 882045 987734 794322 826152 506145 725864 1110858 496382 671817 207685 767145 864351 450919 483076 417777 890579 233411 628074 420532 377994 554470 360890 670207 500617 198321 360736 989380 805334 52848 645187 790980 942513 747491 779776 896793 894236 987768 392310 921988 366288 659463 597501 999999999 323115 632210 494952 357642 672554 773024 737966 290003 449821 370594 159577 760364 778306 1062983 815438 662615 220992 543916 731893 628475 284458 551567 813196 48310 698636 554219 730421 842332 944070 707909 1194442 306923 438316 809679 10950 933381 661352 791191 874730 648961 878344 225572 595322 240918 471875 676466
691806 564146 657574 53980 253639 284432 659197 57275 349251 869489 314549 571535 664645 605013 562816 289909 407865 822555 322006 386298 299291 459768 615893 223754 279312 178138 602604 330354 446366 99390 286102 380934 185185 349367 191990 159065 126241 669481 484543 270272 474273 472516 623071 520897 680746 581393 616688 737326 84832 608045 126665 351998 371744 323115 999999999 474645 445700 357545 589001 493616 479574 338343 260478 282664 330610 637316 455794 783149 537284 369234 363316 349999 433208 360606 70730 237725 509183 330145 393631 546456 587592 521151 702111 669493 908940 207711 385653 539437 325550 641041 484887 481111 613344 346969 556064 111285 323086 265028 415281 354527
226566 896497 225551 520444 224265 190218 184574 431795 153366 608819 624153 785348 716596 166240 304451 191853 628327 593528 153654 300419 438524 420267 299237 253645 196390 298221 885888 429053 50185 484731 254240 93762 302800 468765 376387 459169 594791 651739 652264 596850 27201 666411 611889 176639 220635 766040 921543 405343 517846 552699 348310 379158 791987 632210 474645 999999999 199828 305374 165822 317883 243115 372439 214903 261653 736356 166601 548627 529605 337545 324626 788759 128786 366029 736945 434422 393199 765187 670501 680224 264469 113018 672284 354041 276396 659843 331891 221084 872281 641608 905664 43153 720690 949053 353590 678921 548571 703454 393955 200006 485943
