NAME : synthetic_000894
TYPE : CTSP-D
DIMENSION : 100
GROUPS : 8
RELAXATION_LEVEL : 1
EDGE_WEIGHT_TYPE : EXPLICIT
EDGE_WEIGHT_FORMAT : FULL_MATRIX
EDGE_WEIGHT_SECTION
999999999 850786 175569 900269 175128 133668 732529 415304 163606 565462 881968 555044 230673 750075 312646 609539 708248 470014 536393 714897 269243 468671 649303 673776 885863 724142 504920 893711 650595 214132 489199 192982 722918 646959 805063 828750 389171 779509 291750 476007 530178 230658 375790 656931 647357 330569 624514 239003 546373 439833 602591 522071 161718 501683 936535 619923 558318 524451 166686 512735 494381 355680 805554 675278 727793 165229 154315 296049 967096 717537 503784 793169 720210 249916 538937 364024 134007 281772 529914 541368 678939 523012 410240 195110 530608 576321 226823 148995 554595 159978 696839 145584 765912 97324 624751 581096 108894 389702 645390 655391
850786 999999999 1020892 110632 968175 728818 129469 632814 921585 727161 314194 912400 1001242 104069 948352 594579 668071 523708 394663 301201 649307 383320 672478 437649 171103 345981 728914 147133 690493 639075 495597 696215 312185 281948 105473 61228 468522 369234 645949 375060 349649 828011 552688 450556 210070 824302 804901 717373 505873 623554 466096 748402 770169 462347 92666 524874 316013 443826 727800 925942 597772 873995 374942 598275 870758 832392 1002635 581595 145387 592111 891015 198839 836065 1079845 435789 723023 864221 629040 462331 600193 236279 492040 801476 782151 890328 352196 637123 711620 535216 954045 659980 868900 289396 874688 275392 383934 912316 552317 680288 279984
175569 1020892 999999999 1064882 109594 292737 899893 574422 153045 638251 1028384 571729 239223 921499 289279 713564 859437 639770 711533 890101 403742 640972 736199 804990 1045577 898354 644730 1055458 733463 388698 660508 336216 870110 802795 978798 1001238 554429 918517 420344 647522 705456 351483 548183 786656 814741 448203 678219 397545 672427 599077 772705 658279 274737 642082 1104857 785333 720563 697898 335516 520725 654931 375505 943877 833667 771622 291690 79393 450344 1132527 821721 523718 968609 772044 168968 680116 508719 246017 453100 666716 646690 854250 693339 534038 286623 552753 751771 402373 324427 673773 110432 787317 252760 914601 207551 783981 755749 121018 561191 793905 830958
900269 110632 1064882 999999999 1002649 772477 171911 722326 953912 701325 222753 893646 1067286 192135 962889 561661 776363 615250 486123 409746 676391 444096 632838 397079 72934 455450 826178 43945 650954 694370 588034 732103 269408 277999 215842 171860 511335 304692 668832 433479 431043 901743 632699 413277 254985 907114 772326 790122 490213 715265 569264 846616 802957 463939 76816 629839 344653 537756 791221 913405 694014 880068 303597 705866 826944 899657 1054148 616402 68666 539926 878122 309471 791531 1138019 431516 809076 927910 701113 456094 579623 337228 588349 891085 809520 873837 446372 697827 768518 515383 989380 612486 933655 234057 934223 286149 481762 951341 634597 786029 381096
175128 968175 109594 1002649 999999999 247262 843114 589587 51586 532286 948240 462485 328066 872475 181812 614900 883250 638069 691411 867984 328109 597635 632451 717088 977362 882041 679220 989550 628825 360345 655132 272020 791841 732739 936062 954352 500000 834121 340139 602108 673456 396809 541165 698149 758877 497290 569493 413987 583507 614008 769356 695778 199703 562096 1048192 790825 658682 686037 339399 411913 668012 265977 858850 849113 662144 331713 173757 387328 1071049 722170 414229 936035 662953 276149 599968 538653 291611 450102 583947 549270 821012 690010 580052 198938 443244 728106 383367 310789 581539 15900 684092 301393 837084 250090 717682 738289 68016 556337 820517 802634
133668 728818 292737 772477 247262 999999999 607173 384930 208597 463049 748350 491983 350665 630446 309250 488286 678854 408899 447207 622179 142100 352080 536189 541900 755170 638394 501345 764049 539698 118304 421809 66136 589293 514599 690964 711192 261693 646136 166995 357477 426234 283667 310006 525479 522040 370098 532290 233519 416703 407402 535534 522483 88140 368599 812200 565322 428649 446743 154528 458965 455875 310134 672227 634102 638775 230324 286642 162559 839964 594775 441771 688800 626273 383315 405648 364556 223872 230245 397381 420757 573774 457776 434279 128430 465089 482321 149194 100693 427391 231904 580945 235005 632398 204017 493583 494994 185408 326848 622290 555625
732529 129469 899893 171911 843114 607173 999999999 558582 795750 606115 280318 787596 895510 75850 819109 478733 649376 454487 327630 297396 521561 272299 559688 331211 184040 346278 670273 178490 577401 524220 428637 571169 216557 159920 157076 142392 345541 290622 517387 261915 264776 730188 463526 341106 85214 738221 686607 618524 382684 553619 428674 691954 644231 334272 205265 492738 187184 381100 619576 799247 537962 744583 304105 576750 758666 727770 885805 455830 235872 490280 764499 234991 724750 967628 309460 642273 756320 529519 336282 477933 204348 433977 726476 654729 764861 292683 526468 598070 413420 829270 552969 761948 209987 763348 147704 332616 788913 466510 648599 244302
415304 632814 574422 722326 589587 384930 558582 999999999 568847 773689 809370 856332 437214 532536 692750 736212 295735 110026 238167 384713 456380 325508 809842 701374 742423 371842 138095 736332 820097 279504 138811 420403 674027 571513 547595 586565 362374 755535 479060 339528 293950 248223 120053 693793 492164 202331 857344 177440 625684 24674 220936 162683 472813 545200 725237 215287 469964 191514 250641 831351 80656 691155 779869 260175 962947 290109 516605 397601 775684 821303 809045 493669 941812 546321 565926 95979 335993 156337 577058 682134 401870 153669 168870 511957 828458 281525 241811 289500 652965 574053 839914 333159 701410 369195 535220 256802 521937 106869 237379 361379
163606 921585 153045 953912 51586 208597 795750 568847 999999999 485246 896946 427145 349824 826978 156794 564413 864189 609746 655657 830738 278246 554644 583903 665502 927553 846787 666407 940130 580810 325216 625203 225757 740771 682845 892148 909269 454305 782596 289410 558468 633686 393488 511641 646565 711889 493772 526156 396624 531923 592909 739485 684261 151519 510999 1000585 764390 610521 653375 318497 378613 645615 226867 807299 826553 621402 327864 205278 340048 1022405 671966 377548 895145 620518 312624 548823 525233 292177 423514 532582 498467 780240 660638 573846 147759 406257 690900 351473 283177 530076 43592 635284 302967 786072 251587 668489 703242 60073 527517 803051 763522
565462 727161 638251 701325 532286 463049 606115 773689 485246 999999999 547310 196356 795952 672489 386858 143100 1029818 739610 693735 809830 333148 526935 108479 307852 644919 848864 909605 668845 99783 513520 735401 398912 432554 446563 756388 748387 431657 423492 307120 518399 625777 744811 660072 289881 551749 823534 88347 674331 224168 789190 823725 933621 403943 290178 771600 878391 454341 727650 606447 228424 819524 281363 439667 966603 189685 693373 680938 377023 764049 219864 195111 810040 168633 790378 302462 791631 683750 629305 275952 128707 718912 767458 874770 371701 181569 701327 550192 550639 192702 528368 160311 695316 472262 657096 461270 737565 526492 676993 990240 730501
881968 314194 1028384 222753 948240 748350 280318 809370 896946 547310 999999999 743597 1080648 345906 870247 404611 928841 713751 594105 576246 624663 489556 459410 246782 149875 624994 932238 178837 476745 700728 690707 694271 159061 246744 406155 369450 509828 124684 609210 475913 521656 939636 700452 266598 321672 968181 604005 830649 374106 808816 705681 955183 754204 386683 297817 770421 349701 647964 809673 773223 801898 774680 107992 856055 640189 921914 1034424 585957 259921 351725 738564 498397 604657 1130835 348657 882699 940556 745149 364463 443618 484665 701903 971589 749306 728266 564948 715934 773493 387685 937246 427646 948578 117045 936984 279283 606938 908397 707807 925083 524230
555044 912400 571729 893646 462485 491983 787596 856332 427145 196356 743597 999999999 772807 849506 284508 339410 1135180 845359 824745 961709 401087 665163 292524 503421 839330 996212 984412 862569 277846 578222 847117 440628 626320 630454 932138 928558 557233 619848 380459 659454 765780 769460 754655 485035 725401 860946 157767 724213 406775 875586 947468 1006964 410409 457308 962195 995305 621351 849900 646458 54344 914930 201732 635862 1078368 213865 709040 632253 469481 957548 407816 51288 976877 226930 738150 478332 852902 687095 701696 451426 314226 877374 881884 926079 369647 27961 840517 616469 591642 378972 464476 337890 698913 667141 652351 640253 871889 482104 772461 1087362 882473
230673 1001242 239223 1067286 328066 350665 895510 437214 349824 795952 1080648 772807 999999999 897313 505617 837346 687093 530819 635437 806723 492498 623213 879600 889104 1064221 802206 463736 1067686 881141 380546 557326 415752 923170 837188 937226 968426 572020 987239 516736 633870 656036 189576 461408 873478 812797 257519 853089 289128 766731 459718 656675 471128 392389 713465 1091876 650726 739675 605171 276323 726465 514202 571080 1013550 677485 954956 168930 160122 502865 1130770 944630 722119 904395 948858 118575 749130 349048 140640 374185 743837 769371 797232 583006 340189 424709 750085 680248 370577 307174 778053 320190 926658 133857 963603 147180 809833 670498 291738 467955 619226 764383
750075 104069 921499 192135 872475 630446 75850 532536 826978 672489 345906 849506 897313 999999999 862628 549034 592531 424403 295068 231375 559050 281549 631094 405513 228562 279801 634075 214204 648624 537363 396814 601221 292404 229967 84204 83432 372678 365779 558035 274132 246052 724017 449215 414607 125468 721701 754754 613319 448329 524472 379040 654480 676104 392710 196025 441011 233668 346025 624287 858185 501978 793883 378382 520729 829880 728435 901090 488126 243225 564944 823859 159454 796339 976815 371868 621357 760561 524971 398813 543823 147272 396263 701402 690613 825908 254454 534191 609314 480134 858035 626349 765125 284694 771605 211225 289681 814975 449310 597572 190633
312646 948352 289279 962889 181812 309250 819109 692750 156794 386858 870247 284508 505617 862628 999999999 495628 987652 716365 739448 905783 307506 611670 493803 626276 925621 928763 802097 942434 486586 424523 727330 292179 722776 685014 935998 946058 500987 748641 305030 612009 702867 542785 617668 606418 740001 641859 406964 530006 496152 715712 839658 821618 223896 500302 1018632 873050 632449 747144 449067 232246 764995 105577 771086 943299 491352 477667 355203 384769 1031296 596446 238816 954115 496356 457558 535226 661752 445314 539310 513449 437341 841702 763534 718629 190371 267843 768719 457979 403624 484522 186673 546189 456497 768312 405704 678932 788397 216654 634867 929976 832423
609539 594579 713564 561661 614900 488286 478733 736212 564413 143100 404611 339410 837346 549034 495628 999999999 966554 683490 616084 709273 346464 449667 84593 165630 503306 751868 874302 527865 100950 505924 674109 422331 292257 319288 633207 620812 375328 280516 321291 438654 541878 754313 617184 148475 434315 820368 211153 667876 117633 748007 748933 898870 451789 199896 633445 808336 348528 657039 611577 368973 769703 392192 297279 899108 281262 711826 743494 360863 623137 108617 334598 695053 248538 851123 196000 770988 711506 607081 173892 68199 613739 702651 859192 429429 323655 615582 538302 558910 85555 607891 103712 722334 330458 691857 339992 655378 594769 632521 934644 631502
708248 668071 859437 776363 883250 678854 649376 295735 864189 1029818 928841 1135180 687093 592531 987652 966554 999999999 291192 356729 366877 734723 517891 1047139 892193 820983 323203 223468 804931 1060020 568304 294581 709049 827542 728085 563554 608566 598806 911806 754724 529776 435062 513035 380999 890085 615379 429602 1116858 469267 849597 272194 227467 218898 766135 766821 749359 162800 643533 310504 545703 1114832 223511 980817 932066 72900 1218842 568226 794888 666509 809769 1034700 1090089 476047 1193879 804328 776857 350902 614435 448635 794850 922791 446448 264072 348584 804318 1107227 371949 532137 585046 880999 867896 1068304 609072 841135 651894 691336 328514 816018 363133 67925 405125
470014 523708 639770 615250 638069 408899 454487 110026 609746 739610 713751 845359 530819 424403 716365 683490 291192 999999999 129339 278724 446349 245150 761934 627803 638509 271386 218488 631008 773985 291872 28857 428449 586234 483210 437580 476720 310418 669538 465256 258658 192526 341791 98893 622587 393066 309962 826273 249255 568266 100071 132935 241586 492470 485620 615963 156688 385711 81531 304506 826885 90674 698402 692821 233313 928992 372019 590558 376017 667215 759458 801112 384971 904799 633746 500537 204328 415418 188408 515595 635929 291871 53849 277893 527841 817436 171801 259956 327416 598269 622190 786544 414940 609855 442891 446116 147319 570207 82312 251713 251407
536393 394663 711533 486123 691411 447207 327630 238167 655657 693735 594105 824745 635437 295068 739448 616084 356729 129339 999999999 178583 443226 167574 698614 535495 511271 191209 342646 502776 712602 331102 101919 447719 476834 375149 311384 349043 267716 561177 456197 177671 78518 450799 174138 533399 272539 433112 782025 346470 498465 229405 132973 364384 520301 416563 487070 194615 286917 53936 381579 814388 210349 703120 582952 286137 879403 469361 672833 365315 537905 679109 785113 268969 851949 729893 422932 329622 508646 266165 442594 578076 166050 107801 406828 549472 797386 45305 310293 387451 530909 675642 716048 510443 495590 529482 337949 49039 625575 168009 338080 129376
714897 301201 890101 409746 867984 622179 297396 384713 830738 809830 576246 961709 806723 231375 905783 709273 366877 278724 178583 999999999 602153 300367 793864 593542 457382 48883 450689 439682 809868 507826 250797 616835 500886 413888 197066 242019 412889 581582 611238 303960 203367 618969 348918 597365 289630 586987 897358 519633 594927 368322 178514 466953 691219 520203 384091 229198 360761 201554 559528 958059 328113 860305 597862 297316 986459 643322 850899 523412 443676 750357 926571 116255 955791 905044 514363 480666 684118 443072 538823 685152 99088 231065 544062 717600 935329 139897 488524 565920 628593 852295 800835 685219 503682 706606 381845 136870 802751 339955 381473 79503
269243 649307 403742 676391 328109 142100 521561 456380 278246 333148 624663 401087 492498 559050 307506 346464 734723 446349 443226 602153 999999999 304857 397519 405892 649333 628349 587486 661940 402309 182886 450438 76872 466596 404657 630049 642337 193509 515778 26304 304687 398794 414144 353825 388563 439310 490419 409894 341508 277164 475008 556203 610738 129937 238436 725256 599308 334789 459624 273834 380549 513864 259922 541419 679656 517031 367134 415009 78766 744984 452691 355374 646664 500531 517773 276444 462252 365061 303937 264080 279239 534638 486032 542965 133364 373134 467949 220718 218475 285953 315765 440687 375936 511332 346089 390539 492116 283860 371668 686276 527068
468671 383320 640972 444096 597635 352080 272299 325508 554644 526935 489556 665163 623213 281549 611670 449667 517891 245150 167574 300367 304857 999999999 531613 382662 445093 331641 457121 446101 545368 255866 230175 330950 348841 246898 338885 360294 112757 430027 311962 14021 100653 460905 211591 377724 190264 479644 615277 349411 332246 329071 299737 481304 406820 249802 471436 358684 144494 207598 347342 658956 335560 560753 454418 449607 711949 455643 619576 226905 507790 517730 628121 343309 684382 697139 259128 393435 484116 260991 277050 410506 230056 255246 482962 427726 638284 175872 254759 328338 364245 582688 550671 489661 378097 492239 211415 210646 537461 220419 490375 223248
649303 672478 736199 632838 632451 536189 559688 809842 583903 108479 459410 292524 879600 631094 493803 84593 1047139 761934 698614 793864 397519 531613 999999999 236500 570964 836406 947697 596859 18132 567966 753708 470224 364655 401127 715146 701222 452055 339222 371359 520972 625132 811069 691903 222132 518010 882529 144673 730632 201020 822751 831267 972161 488140 282060 706363 889969 433116 738474 669378 331367 846843 388230 351629 980413 198983 764492 773907 424290 691814 115298 299720 778686 165255 882956 280328 839362 759907 675228 257581 127755 698286 783071 926098 460220 282569 699197 602258 615008 167928 627399 52411 771136 399123 736793 423321 738626 621100 707757 1013537 716062
673776 437649 804990 397079 717088 541900 331211 701374 665502 307852 246782 503421 889104 405513 626276 165630 892193 627803 535495 593542 405892 382662 236500 999999999 337695 639734 836784 362457 254629 522312 612222 480964 128184 180817 488265 470115 348575 122867 386118 369251 457136 773946 582137 19915 305094 822835 375374 673602 133659 708070 666228 861245 531023 176412 470016 729722 248710 583777 633936 529488 718110 528871 144816 821121 433503 743396 820851 386645 457714 159657 494491 560071 398609 923266 143518 754952 753286 598077 145294 197038 494717 634834 845754 519801 486127 523877 546801 588502 141854 707391 222727 762819 164844 742101 211721 566644 683976 594506 870536 520548
885863 171103 1045577 72934 977362 755170 184040 742423 927553 644919 149875 839330 1064221 228562 925621 503306 820983 638509 511271 457382 649333 445093 570964 337695 999999999 504830 853862 29220 588994 686222 612541 710026 213174 244730 271475 230401 497695 236890 639245 433106 448489 905994 644987 355119 255913 919352 712507 794457 441448 737652 606407 875322 778104 425449 148880 669089 327827 564491 788079 861954 721465 838534 233489 749276 762493 898614 1040178 595235 121051 473920 826689 365835 726951 1128510 390516 825063 923840 705828 413288 526920 375589 616940 910020 781152 820689 474986 693652 760677 463981 964736 547697 930379 172851 926921 261672 513521 929376 648860 825637 418500
724142 345981 898354 455450 882041 638394 346278 371842 846787 848864 624994 996212 802206 279801 928763 751868 323203 271386 191209 48883 628349 331641 836406 639734 504830 999999999 424128 486499 852151 521951 245283 637800 549017 460746 240858 285835 442803 630036 639036 336782 231739 613090 351636 643027 336859 573576 936745 518521 636579 353249 154737 438644 711017 560272 426159 195728 403558 201290 564635 990589 308132 887786 646506 255523 1027529 642089 855383 549666 486630 795760 959726 153355 997348 904156 556298 467446 684399 446966 580201 725466 146691 219803 524624 739316 969515 160449 499641 575755 670214 866236 844816 684656 552372 709282 428043 143755 815835 340581 342633 120497
504920 728914 644730 826178 679220 501345 670273 138095 666407 909605 932238 984412 463736 634075 802097 874302 223468 218488 342646 450689 587486 457121 947697 836784 853862 424128 999999999 844797 957795 406383 242283 544621 803095 700100 634722 676999 500319 885792 611147 471043 410822 294131 257761 829821 611367 206386 992358 272101 763640 128721 272195 24628 589216 682914 819528 231921 600599 289412 353062 956546 132434 811293 909523 223817 1098441 353398 576778 532729 874080 959047 936032 566351 1078010 581245 702923 141180 398721 283577 714621 819960 492726 237835 125691 629775 956708 379995 368107 401424 791040 664469 978001 392190 827858 438057 663219 345106 613813 243554 155552 449289
893711 147133 1055458 43945 989550 764049 178490 736332 940130 668845 178837 862569 1067686 214204 942434 527865 804931 631008 502776 439682 661940 446101 596859 362457 29220 486499 844797 999999999 614928 691385 604496 720740 236347 258591 250014 207601 504709 264677 652834 434623 442918 906432 641915 379438 255876 916593 737718 794762 462264 730630 593229 865856 789979 442187 119663 655127 335506 555465 791366 884134 712372 856940 262070 733675 789359 901163 1047955 605437 95273 501238 848848 344386 753854 1134569 408165 820715 927615 705880 431709 549364 361401 607251 904550 794409 843486 465009 697242 765807 485854 976665 574620 933843 197888 931984 272040 502367 940233 645000 811664 404837
650595 690493 733463 650954 628825 539698 577401 820097 580810 99783 476745 277846 881141 648624 486586 100950 1060020 773985 712602 809868 402309 545368 18132 254629 588994 852151 957795 614928 999999999 575022 766243 473942 382786 418663 732709 719023 463766 356942 376051 534931 639596 816344 702622 240211 535037 889216 127726 737636 216041 833384 845100 982211 489086 296250 724494 903406 449114 751861 675115 318101 858340 381054 369058 993660 181292 768754 772831 432099 709863 130473 287124 795755 147880 882058 295878 847905 763098 683860 272638 138341 714582 795957 934134 460022 268955 713896 609780 620391 182662 624202 61687 774412 417214 739166 440483 753049 619400 718642 1025672 731885
214132 639075 388698 694370 360345 118304 524220 279504 325216 513520 700728 578222 380546 537363 424523 505924 568304 291872 331102 507826 182886 255866 567966 522312 686222 521951 406383 691385 575022 999999999 303820 141158 544143 456648 590966 615177 191476 611593 207825 264112 317132 252500 193147 508795 439614 314792 592290 162667 412686 300160 417338 429221 200652 346463 726377 448543 359778 328603 111708 551976 344816 412754 637895 520085 699317 222756 363727 145077 759956 605375 530263 580557 681783 443652 379096 279378 240052 123637 378748 442918 465895 339884 361254 236924 550463 368033 38277 74458 431813 344600 606379 247867 583723 240704 429544 378261 294946 210401 514812 444319
489199 495597 660508 588034 655132 421809 428637 138811 625203 735401 690707 847117 557326 396814 727330 674109 294581 28857 101919 250797 450438 230175 753708 612222 612541 245283 242283 604496 766243 303820 999999999 437343 566099 463215 408859 448176 304226 649816 468164 243236 169066 368713 113976 607773 369370 338714 822635 273589 557957 127959 114310 264731 503627 475116 587746 148874 367652 52703 324998 830406 111219 705373 672705 232168 924299 396953 613210 377803 639378 747123 803801 356260 899307 658965 488109 233165 439713 207605 504317 628651 263189 36230 306307 537837 819261 143466 273968 344407 588642 639234 776656 439658 588376 466006 425983 118510 587492 99504 260981 222578
192982 696215 336216 732103 272020 66136 571169 420403 225757 398912 694271 440628 415752 601221 292179 422331 709049 428449 447719 616835 76872 330950 470224 480964 710026 637800 544621 720740 473942 141158 437343 999999999 535439 466674 666950 683544 228549 588427 101101 333923 415525 346044 330964 464002 486859 428339 470431 284904 353535 441281 548508 566841 75870 310335 776322 584745 387557 455161 210466 412001 485669 271773 614306 659322 577343 295152 341254 115729 800288 529077 391654 673551 563586 442311 348009 412322 289995 264154 337666 354711 559197 473564 487555 101849 413147 478404 178592 154384 362820 258101 514822 301098 579458 269609 448780 496577 219494 348635 655967 545818
722918 312185 870110 269408 791841 589293 216557 674027 740771 432554 159061 626320 923170 292404 722776 292257 827542 586234 476834 500886 466596 348841 364655 128184 213174 549017 803095 236347 382786 544143 566099 535439 999999999 103034 371923 349131 354494 84409 451993 334838 399624 786802 559982 143885 214519 821057 502980 679415 230543 676336 600211 826862 596390 229774 341861 665257 204490 529165 654100 648863 676484 631444 106613 754938 561047 766244 875384 426928 331506 279949 613611 451146 525963 971877 192044 740763 783439 595975 210480 313797 402367 582695 830940 593012 607526 455755 561142 616225 251299 780480 348432 791716 45677 778854 140147 499159 750455 569252 814618 434749
646959 281948 802795 277999 732739 514599 159920 571513 682845 446563 246744 630454 837188 229967 685014 319288 728085 483210 375149 413888 404657 246898 401127 180817 244730 460746 700100 258591 418663 456648 463215 466674 103034 999999999 314051 302305 265172 186640 394603 232953 297441 692945 458432 187142 124522 722587 526688 583922 224024 573493 500622 723847 533673 186247 337820 565426 103658 427013 564231 644738 573493 602498 209611 655776 599931 676404 800979 352946 346300 339883 609691 380552 566375 893151 155656 639884 696684 498720 181562 318777 314841 480349 729721 536447 608484 356198 470083 530280 253991 720213 397677 704310 131938 695358 37295 399620 685610 467223 713208 342885
805063 105473 978798 215842 936062 690964 157076 547595 892148 756388 406155 932138 937226 84204 935998 633207 563554 437580 311384 197066 630049 338885 715146 488265 271475 240858 634722 250014 732709 590966 408859 666950 371923 314051 999999999 45013 439454 441277 630970 333955 281543 757606 479323 497903 206783 744495 838881 649265 532221 536016 367123 653153 742556 474918 187596 423634 313227 356217 669427 939695 505493 870822 451585 494373 913982 768648 953208 556473 246629 647345 905571 94417 880376 1023140 455227 640654 803822 563049 482143 627693 145758 400785 714783 759724 908257 266676 583287 660368 564162 921238 709753 807356 359674 818431 295216 292623 876337 476372 577893 186985
828750 61228 1001238 171860 954352 711192 142392 586565 909269 748387 369450 928558 968426 83432 946058 620812 608566 476720 349043 242019 642337 360294 701222 470115 230401 285835 676999 207601 719023 615177 448176 683544 349131 302305 45013 999999999 455039 413611 641457 353885 312652 791131 513534 481211 207853 781634 828992 681731 524716 575839 410794 695793 758645 472990 143395 468011 316361 395747 698022 938694 547010 876906 421941 539335 900183 799557 978597 570967 201775 627758 904171 137613 866050 1051518 450241 678659 833443 594498 477167 620077 185395 441796 754463 773685 905416 305049 609836 686045 555686 939794 692714 837438 332301 846410 288388 333415 896136 511607 622591 228017
389171 468522 554429 511335 500000 261693 345541 362374 454305 431657 509828 557233 572020 372678 500987 375328 598806 310418 267716 412889 193509 112757 452055 348575 497695 442803 500319 504709 463766 191476 304226 228549 354494 265172 439454 455039 999999999 425605 199373 111374 211070 433009 242592 338222 260483 474895 519309 327817 263322 373095 393856 524941 303634 183259 550683 446924 169909 296879 299889 548552 394824 448013 451712 534957 620185 412123 543318 117289 578533 459087 518465 453155 595088 630956 207224 407467 431514 249582 215576 325580 341440 335832 498035 320450 529979 284329 206649 265261 291124 485708 478950 439193 392963 430868 238602 314656 443884 257471 562122 336005
779509 369234 918517 304692 834121 646136 290622 755535 782596 423492 124684 619848 987239 365779 748641 280516 911806 669538 561177 581582 515778 430027 339222 122867 236890 630036 885792 264677 356942 611593 649816 588427 84409 186640 441277 413611 425605 999999999 498178 416007 483835 858502 640183 142777 297846 897272 483147 753002 253581 758548 684527 909681 643787 278097 381104 749594 285603 613402 722765 648738 759942 651698 26327 839163 526659 834348 929679 485780 357565 237418 614018 525228 491061 1029394 240591 819850 848752 671525 251849 319162 483693 666861 910365 635674 604064 540096 631386 681831 264578 823808 312017 857560 81606 841380 223919 583488 797768 650086 899011 517342
291750 645949 420344 668832 340139 166995 517387 479060 289410 307120 609210 380459 516736 558035 305030 321291 754724 465256 456197 611238 26304 311962 371359 386118 639245 639036 611147 652834 376051 207825 468164 101101 451993 394603 630970 641457 199373 498178 999999999 310634 408221 440441 374310 368373 436476 516542 384517 367318 255744 497214 572124 634546 145610 222538 719830 616895 330205 475056 300102 362276 534848 249068 523578 698492 491598 393190 435122 91330 737494 427986 335871 651370 474723 539113 260555 487157 390483 327796 246377 253810 540589 503450 568468 142059 352504 478963 245386 244776 262845 328534 414796 401437 497104 370710 382685 504846 299688 392089 707374 535080
476007 375060 647522 433479 602108 357477 261915 339528 558468 518399 475913 659454 633870 274132 612009 438654 529776 258658 177671 303960 304687 14021 520972 369251 433106 336782 471043 434623 534931 264112 243236 333923 334838 232953 333955 353885 111374 416007 310634 999999999 107589 473044 225497 364541 179021 492968 606742 361677 321104 343041 310326 495209 409755 238953 462393 369982 130475 219304 357742 654315 349146 558894 440398 461096 702640 466676 627575 227448 497675 505348 623134 342175 674741 706415 247081 407243 494445 273495 265580 400737 230067 267692 496845 429472 632733 183187 264582 337177 353357 587286 539241 500188 364231 501748 197565 219422 542683 234416 503078 225935
530178 349649 705456 431043 673456 426234 264776 293950 633686 625777 521656 765780 656036 246052 702867 541878 435062 192526 78518 203367 398794 100653 625132 457136 448489 231739 410822 442918 639596 317132 169066 415525 399624 297441 281543 312652 211070 483835 408221 107589 999999999 478956 203170 455304 200558 476467 714106 369123 424312 289990 209772 433593 490645 343400 442016 272642 208478 129577 388356 759077 280279 657261 506007 364111 809269 487293 674867 320048 487868 601939 728470 263454 780900 741932 347310 378168 522298 281925 368008 506903 148799 183093 461705 515495 738866 75605 304823 382783 457205 658019 640714 525818 420029 537592 260171 113505 610095 203806 416195 130312
230658 828011 351483 901743 396809 283667 730188 248223 393488 744811 939636 769460 189576 724017 542785 754313 513035 341791 450799 618969 414144 460905 811069 773946 905994 613090 294131 906432 816344 252500 368713 346044 786802 692945 757606 791131 433009 858502 440441 473044 478956 999999999 278389 760851 650666 100567 815833 111687 664866 271217 467117 306896 359254 598627 919922 462790 590895 417576 142846 731717 326431 576348 884654 495568 922417 65631 282677 395581 962650 856076 718437 719363 909482 298663 630473 164450 106670 200672 631054 689294 615009 393623 184027 399819 743408 495996 227603 196072 682976 383231 852508 98828 823630 147753 661861 483483 335928 282811 446184 580171
375790 552688 548183 632699 541165 310006 463526 120053 511641 660072 700452 754655 461408 449215 617668 617184 380999 98893 174138 348918 353825 211591 691903 582137 644987 351636 257761 641915 702622 193147 113976 330964 559982 458432 479323 513534 242592 640183 374310 225497 203170 278389 999999999 574202 390096 274695 745136 172348 505901 130886 228205 282387 393797 425202 645139 255451 355500 150365 213236 733837 160881 601933 664972 328480 849726 295319 503754 287828 690744 701326 709192 443018 827388 556398 445946 182312 335288 95399 457016 564385 336746 149031 271388 429575 726694 218841 161132 230431 533522 525267 720893 336687 589675 358097 422988 212092 473516 17873 333353 302983
656931 450556 786656 413277 698149 525479 341106 693793 646565 289881 266598 485035 873478 414607 606418 148475 890085 622587 533399 597365 388563 377724 222132 19915 355119 643027 829821 379438 240211 508795 607773 464002 143885 187142 497903 481211 338222 142777 368373 364541 455304 760851 574202 999999999 310396 811473 359103 661588 114647 701114 664868 854340 512968 162344 485528 727918 247515 580800 620270 510462 712623 508956 164669 819408 420210 729187 803353 371584 474708 153207 475415 567579 385600 906205 131490 745376 738249 587312 130401 177423 498863 631263 836081 501154 467415 523434 534109 574079 121959 688566 211867 747903 182384 726381 215882 565896 665638 586970 866992 523307
647357 210070 814741 254985 758877 522040 85214 492164 711889 551749 321672 725401 812797 125468 740001 434315 615379 393066 272539 289630 439310 190264 518010 305094 255913 336859 611367 255876 535037 439614 369370 486859 214519 124522 206783 207853 260483 297846 436476 179021 200558 650666 390096 310396 999999999 663918 635710 539024 328036 489765 388898 634062 560403 268140 290201 454059 108529 326344 536559 733113 480468 669164 317068 542551 715459 645693 800716 371841 320379 463552 698902 260738 682832 883202 249512 571327 673147 450227 276302 423135 190542 380308 657869 572085 701475 245491 442932 513647 360728 744912 518722 679052 225827 679251 95222 288412 704115 394906 606404 220531
330569 824302 448203 907114 497290 370098 738221 202331 493772 823534 968181 860946 257519 721701 641859 820368 429602 309962 433112 586987 490419 479644 882529 822835 919352 573576 206386 916593 889216 314792 338714 428339 821057 722587 744495 781634 474895 897272 516542 492968 476467 100567 274695 811473 663918 999999999 898221 152512 723278 220383 420829 215173 450885 651248 916961 403928 618972 390986 217930 825188 269627 671190 922968 421811 1005303 166100 376110 459607 964260 918173 810268 694927 990367 374859 679987 106354 206316 225874 684110 757708 599010 355988 86182 492019 834395 477945 282271 274055 744521 483772 921153 197511 854513 247732 688936 457212 436442 272662 361763 560182
624514 804901 678219 772326 569493 532290 686607 857344 526156 88347 604005 157767 853089 754754 406964 211153 1116858 826273 782025 897358 409894 615277 144673 375374 712507 936745 992358 737718 127726 592290 822635 470431 502980 526688 838881 828992 519309 483147 384517 606742 714106 815833 745136 359103 635710 898221 999999999 751105 307730 873477 911848 1016185 465321 377267 844507 966193 540478 815627 680352 205121 905148 305817 496151 1054122 107176 761586 728177 459805 832928 257456 179733 895120 95770 837227 387440 871470 748332 710525 361343 213406 805765 854965 952856 429437 155682 789647 629631 624247 275028 567843 183964 760071 539872 718982 543753 825910 573304 762238 1076372 818112
239003 717373 397545 790122 413987 233519 618524 177440 396624 674331 830649 724213 289128 613319 530006 667876 469267 249255 346470 519633 341508 349411 730632 673602 794457 518521 272101 794762 737636 162667 273589 284904 679415 583922 649265 681731 327817 753002 367318 361677 369123 111687 172348 661588 539024 152512 751105 999999999 571267 202107 380705 291780 320038 500457 809061 388275 481240 318617 81135 692380 257623 543035 778994 437547 858280 123747 342866 307186 851240 765809 674444 615364 842024 385781 530274 132154 166191 89010 533253 605420 508279 302960 202696 361149 697005 391173 129804 132905 592136 398657 768805 166135 715181 194770 552111 382881 346873 179734 406845 475276
546373 505873 672427 490213 583507 416703 382684 625684 531923 224168 374106 406775 766731 448329 496152 117633 849597 568266 498465 594927 277164 332246 201020 133659 441448 636579 763640 462264 216041 412686 557957 353535 230543 224024 532221 524716 263322 253581 255744 321104 424312 664866 505901 114647 328036 723278 307730 571267 999999999 636241 631336 788263 399324 82858 556580 690927 234754 539752 522499 423461 655509 401899 277161 781814 391690 628451 690784 269925 556003 196611 388214 587495 360877 794729 80695 666427 634060 503936 56598 95498 500845 585902 755982 386618 385389 498204 441718 473219 33666 573926 218778 644171 275183 619588 237122 537817 551427 520603 818806 516518
439833 623554 599077 715265 614008 407402 553619 24674 592909 789190 808816 875586 459718 524472 715712 748007 272194 100071 229405 368322 475008 329071 822751 708070 737652 353249 128721 730630 833384 300160 127959 441281 676336 573493 536016 575839 373095 758548 497214 343041 289990 271217 130886 701114 489765 220383 873477 202107 636241 999999999 200691 153226 495102 555065 715696 191673 473040 180103 274902 851450 56176 712506 782550 235552 978682 314328 541048 414194 767236 831152 828665 478984 956978 569651 574470 114628 360302 177829 586572 695191 390599 137762 178772 533950 847677 271411 262836 312852 664183 598454 851710 357315 702395 393735 536855 243816 546314 115641 215116 349192
602591 466096 772705 569264 769356 535534 428674 220936 739485 823725 705681 947468 656675 379040 839658 748933 227467 132935 132973 178514 556203 299737 831267 666228 606407 154737 272195 593229 845100 417338 114310 548508 600211 500622 367123 410794 393856 684527 572124 310326 209772 467117 228205 664868 388898 420829 911848 380705 631336 200691 999999999 288559 616342 549277 554179 65165 417574 97571 437397 933799 153490 813873 705029 155284 1010470 502226 722952 480877 611275 811637 905899 294404 983532 762851 555889 315319 546448 320822 575535 709955 232140 79581 369894 649666 919815 144499 388155 458586 663680 753460 849019 545374 614711 575066 463902 101068 701665 213201 219925 188444
522071 748402 658279 846616 695778 522483 691954 162683 684261 933621 955183 1006964 471128 654480 821618 898870 218898 241586 364384 466953 610738 481304 972161 861245 875322 438644 24628 865856 982211 429221 264731 566841 826862 723847 653153 695793 524941 909681 634546 495209 433593 306896 282387 854340 634062 215173 1016185 291780 788263 153226 288559 999999999 610171 707542 838619 244462 624614 310870 372899 978604 154062 832580 933333 227269 1122354 367805 588968 556673 893691 983675 958410 582960 1102070 589228 727521 159877 412546 306806 739246 844418 512124 258608 130978 650885 979300 400860 390954 422251 815642 681191 1002566 405519 851299 452470 686914 365038 630909 268171 151427 468501
161718 770169 274737 802957 199703 88140 644231 472813 151519 403943 754204 410409 392389 676104 223896 451789 766135 492470 520301 691219 129937 406820 488140 531023 778104 711017 589216 789979 489086 200652 503627 75870 596390 533673 742556 758645 303634 643787 145610 409755 490645 359254 393797 512968 560403 450885 465321 320038 399324 495102 616342 610171 999999999 367613 849091 649156 459168 524867 239750 374532 542870 223014 669176 720089 570001 300168 292920 188579 871376 560306 359542 749328 560734 399546 405659 451713 283313 317562 391979 383657 634891 539807 518846 41321 384197 552280 234681 187935 403172 186689 536272 295103 641209 253872 518041 568924 154221 411038 710113 620956
501683 462347 642082 463939 562096 368599 334272 545200 510999 290178 386683 457308 713465 392710 500302 199896 766821 485620 416563 520203 238436 249802 282060 176412 425449 560272 682914 442187 296250 346463 475116 310335 229774 186247 474918 472990 183259 278097 222538 238953 343400 598627 425202 162344 268140 651248 377267 500457 82858 555065 549277 707542 367613 999999999 523652 608447 165243 457147 457927 465708 573190 416258 304016 699217 467620 567036 651589 210628 531977 276134 431240 521865 438254 751598 38046 589549 577052 428780 32878 165203 428735 503068 679731 363241 433341 417951 372259 412092 114444 550830 301630 586510 275137 566683 186960 456819 521833 439507 735991 441083
936535 92666 1104857 76816 1048192 812200 205265 725237 1000585 771600 297817 962195 1091876 196025 1018632 633445 749359 615963 487070 384091 725256 471436 706363 470016 148880 426159 819528 119663 724494 726377 587746 776322 341861 337820 187596 143395 550683 381104 719830 462393 442016 919922 645139 485528 290201 916961 844507 809061 556580 715696 554179 838619 849091 523652 999999999 611222 390508 535782 817573 979964 688904 939436 380388 681054 901566 923162 1089257 660865 62130 615478 944743 273848 866241 1168574 493344 815654 954212 720530 518860 647985 326926 583330 893810 858598 941638 444285 726033 799563 583248 1034415 687450 959147 308802 963615 339794 475018 994177 644915 765357 370239
619923 524874 785333 629839 790825 565322 492738 215287 764390 878391 770421 995305 650726 441011 873050 808336 162800 156688 194615 229198 599308 358684 889969 729722 669089 195728 231921 655127 903406 448543 148874 584745 665257 565426 423634 468011 446924 749594 616895 369982 272642 462790 255451 727918 454059 403928 966193 388275 690927 191673 65165 244462 649156 608447 611222 999999999 481015 151563 453252 979166 136526 853835 770160 91522 1066235 505031 730473 526319 669468 873591 952360 345059 1040062 761312 616687 302453 550643 341051 635560 767249 293744 113476 342562 684452 967490 209502 416204 481300 722876 775006 909223 548177 679874 582533 528617 166108 722816 238475 156566 250589
