NAME : synthetic_000696
TYPE : CTSP-D
DIMENSION : 100
GROUPS : 8
RELAXATION_LEVEL : 1
EDGE_WEIGHT_TYPE : EXPLICIT
EDGE_WEIGHT_FORMAT : FULL_MATRIX
EDGE_WEIGHT_SECTION
999999999 563668 732544 590606 878803 448366 704494 497772 410426 803306 577858 780847 891512 295653 724031 425929 810477 942614 520368 521933 202566 728137 357914 157045 352311 692979 604276 479021 283824 725871 702899 736284 473524 231929 419333 523368 39563 754448 187578 119321 606010 416511 617094 959314 126516 871359 571078 591683 218321 478374 836411 640381 608388 363923 944389 695920 305361 680033 663762 253203 31571 402349 907695 444032 486649 599861 1090598 913002 958597 265387 449999 474343 318192 474018 799268 619467 386458 364229 400259 247220 122271 494226 346394 909521 864424 628532 458045 300933 742372 841559 280891 78727 520713 892569 770269 601250 706998 765196 669485 820621
563668 999999999 927675 742010 1025574 570706 504336 548520 743327 1075219 787925 993633 576933 381487 474276 621502 1066051 1146363 142625 902665 475797 973355 239098 483246 818874 780688 208694 116225 777861 328067 1031816 836269 96845 464234 850434 861227 568225 750424 733157 488372 287687 418955 148120 676080 451313 803782 599808 88313 715364 612166 959133 155386 501850 824727 632503 391856 634363 401332 1017637 789003 538977 643833 870363 562911 873372 921624 796902 1163180 700114 454995 163698 432781 262090 764063 694300 816209 554815 646616 912556 626335 461969 785904 251662 1167839 834446 845360 268903 293486 617497 952145 843158 487291 376673 1003518 996447 380190 651346 461858 304203 1074299
732544 927675 999999999 185831 150870 363960 553300 379360 330670 173792 158752 66531 717549 595753 610307 335596 152647 224160 789432 316403 580629 83314 899670 617176 486327 182843 776106 937321 545749 780116 228608 148243 901985 565033 416228 259851 771961 294810 660281 823111 700375 511352 844840 701636 691222 391059 338736 1009242 570699 320671 135389 862521 472232 474671 733372 673390 427458 646186 266958 631630 713943 340271 362939 371839 334353 211633 779944 237816 668847 547156 768650 495877 861271 261791 429723 119651 400670 370997 575407 485634 801605 244729 897002 244805 339357 104066 658880 701514 456637 151288 749820 719492 563591 184830 75356 601654 373426 675270 740612 158100
590606 742010 185831 999999999 304481 180646 401999 194253 238579 341259 75652 251623 589045 416140 457288 167609 327758 407779 604355 318017 416772 237625 719607 457773 423843 111380 595473 752356 463882 611789 337909 146246 716638 397047 374504 247746 630004 217838 557928 667702 522787 325655 662705 595536 529773 344448 164367 823412 468001 137381 250902 681196 305171 415586 616053 509108 292278 481431 350568 546377 567705 188865 352194 188397 316146 255290 696338 421682 570314 374843 582828 311015 682582 177076 332763 80621 225166 230745 534946 353791 642901 176762 717686 427153 313098 114570 473343 520431 330328 253310 667240 564440 381804 305989 255176 427691 248278 523616 567872 335247
878803 1025574 150870 304481 999999999 483682 597564 482940 480997 225386 301010 131877 729493 720020 653402 468856 194884 142657 883970 459353 717961 197661 1022690 756897 635843 245054 855872 1047965 696349 837150 334075 189804 1010662 699867 564127 407771 918332 311043 811120 965217 775063 620701 927517 692855 830201 361101 425775 1110404 721448 440928 69920 942713 539809 623946 733645 727794 573486 702217 383118 782192 858960 480555 309019 491233 480522 351435 747715 213499 654927 678869 872660 594545 986374 411654 435026 259485 529436 515073 720814 632880 942209 395267 1021170 228307 303304 252137 758273 823274 484092 83990 899950 861467 650946 62032 154069 672778 410501 713878 805616 191837
448366 570706 363960 180646 483682 999999999 336259 68081 230256 504531 217312 428146 541047 236438 380765 71120 496005 587519 438009 376724 255058 403055 539209 299972 394876 258166 446121 573613 406100 492530 468872 309364 538827 230606 378019 317903 486179 306082 465283 507942 384920 151917 507266 577987 366706 424778 127057 649257 384310 43372 426101 527955 222485 391926 581928 404622 196695 378161 463593 474828 421324 114658 459351 7906 357754 363662 698846 594891 564544 203430 408656 156021 502698 215942 364143 247645 62344 151553 513923 248178 480173 233795 537520 598640 416065 275233 305531 339902 322439 425545 589079 407742 237994 479166 428602 306342 267907 443046 440572 504488
704494 504336 553300 401999 597564 336259 999999999 268716 563170 726004 475464 616418 204973 411956 57042 405527 705944 736500 370377 695971 505714 625789 614995 548895 730706 371808 299620 573507 736538 242346 739695 418228 532806 476066 712774 629617 735161 287948 776303 716962 216970 288998 371070 255636 588082 305365 244793 592146 705278 347166 527697 378896 113786 728071 249015 133796 526173 111952 751536 797714 673218 450350 375324 333748 682974 653841 386146 782635 254606 442779 399654 232334 598004 533860 194870 480120 381837 487406 849623 567828 683753 545897 620518 792510 344848 514465 298372 456965 121737 514588 904308 639227 190613 557899 628606 132178 187136 122440 221771 711162
497772 548520 379360 194253 482940 68081 268716 999999999 295425 533360 249261 445545 473294 253562 314536 136905 521342 598323 410162 436194 297955 429984 546296 344063 462901 243134 404352 565032 473614 436822 512180 298112 527906 270564 444411 373947 534282 263960 528707 546298 336172 138247 469891 510133 404990 374378 75522 630985 449776 83592 420062 489068 155088 459836 513863 343758 263568 316708 512443 540951 469185 181634 416095 66786 419595 412113 631758 615921 497299 239469 391188 116770 513191 273515 304146 271469 122536 219620 581960 312598 516615 288976 546210 621372 372833 303014 279628 348360 257179 416362 653817 449874 190917 469720 449421 249405 209751 377818 387478 529067
410426 743327 330670 238579 480997 230256 563170 295425 999999999 394984 191524 372901 766588 363783 609961 159183 400536 532835 627166 159768 298691 317946 644401 322289 186272 349326 656395 716321 226858 718357 308140 374807 688937 295519 150199 124532 449082 452455 331722 512023 605073 352734 709434 794458 394755 580177 328531 810550 241327 216498 449849 731958 450119 179060 804109 634261 120830 608058 281499 311207 395939 116875 590773 234524 133329 197549 907972 503634 776031 293611 581002 377710 601660 70013 552142 230826 205456 97525 301217 166023 495645 86096 638409 500987 551487 229592 500147 464769 529436 459256 432073 411414 460505 505358 360917 534410 458078 672972 664364 410646
803306 1075219 173792 341259 225386 504531 726004 533360 394984 999999999 287315 118306 891031 721476 782928 459539 30503 170551 940947 303746 683710 103635 1020989 713186 497806 356598 936569 1073229 568384 949181 129992 319784 1040306 674044 419581 281281 841233 466689 693397 906999 863901 656291 1003168 872436 786936 553517 503319 1153369 610719 463233 261907 1022028 640891 484596 905738 843694 511834 816273 184160 650096 790366 449377 515086 512345 334873 205529 944970 110728 838447 662734 913041 649612 980118 340003 601468 261980 527640 466708 556393 561006 890353 317418 1016697 106215 498512 230655 808718 828039 630406 281626 758231 806173 722787 285572 100270 767601 547205 848215 907495 35204
577858 787925 158752 75652 301010 217312 475464 249261 191524 287315 999999999 217266 664426 441226 530123 178713 278945 380951 653918 245664 421879 185881 744429 458616 369620 169231 653588 788676 417702 678892 266885 185225 754818 406545 312707 175488 617400 286421 521968 665358 584466 368982 718465 670971 532581 410281 233801 866486 431337 175958 261481 738015 375176 360041 691704 578452 272660 550761 276109 502564 557980 181588 409832 225152 247156 179785 770427 379102 645320 389522 625955 364080 705235 122660 406633 41654 245530 214112 475277 332606 643326 114837 741269 382098 373527 58938 521576 547669 405978 269367 623298 561638 440135 317604 214359 492843 323758 596436 632813 287603
780847 993633 66531 251623 131877 428146 616418 445545 372901 118306 217266 999999999 775523 657783 673460 395899 92381 164324 855687 330718 637217 66361 961380 672066 513340 244688 842604 1001757 577359 845297 205062 203507 966767 623067 439167 284377 819994 349906 696407 875490 766696 576660 911371 754688 746345 435368 405142 1074863 608373 385026 149168 929037 537780 500967 788790 738133 477644 711049 252216 662633 763811 396654 398710 436046 354167 222292 826733 171304 720393 606726 834170 562155 922404 306883 484348 181208 462182 423890 592661 533698 855242 287310 958369 178589 380699 159061 724931 763957 516358 168500 778216 772280 630122 183736 23023 667705 434204 737958 806417 95879
891512 576933 717549 589045 729493 541047 204973 473294 766588 891031 664426 775523 999999999 595864 169306 609851 867641 872134 471928 894491 698351 796156 744456 739286 935657 535818 375163 672178 940950 249994 921732 572016 634083 669151 916547 826651 919313 426354 976505 889344 318080 483768 428876 101086 769925 379874 442450 656785 908045 550122 662464 424835 318694 932946 57286 206746 730808 215333 939113 1000539 859954 654834 448132 538658 883479 844209 221888 931932 133861 636654 523709 430060 737179 733839 294858 662697 586531 692328 1054589 771096 855808 744352 752515 943851 435183 696378 450319 619626 262329 645921 1104881 821543 371113 679135 791051 290669 346684 130367 276783 871383
295653 381487 595753 416140 720020 236438 411956 253562 363783 721476 441226 657783 595864 999999999 428698 263026 717356 819908 279357 522220 114680 624667 303961 147212 445141 491154 337628 354960 414882 442976 661614 544112 325712 91901 470275 484692 324142 515369 405081 308703 320171 132590 372249 665240 176130 616634 327766 446767 360242 279102 662335 396172 324436 449513 648916 401912 252891 384960 642368 446514 264092 273930 665128 228997 492277 549806 797148 819363 666560 74231 222630 189150 266444 392102 529537 476766 195702 268759 548525 249900 276368 414780 301642 821305 622320 500130 176233 106649 464306 661251 531038 227382 225315 714919 655582 305671 445566 469822 385221 726527
724031 474276 610307 457288 653402 380765 57042 314536 609961 782928 530123 673460 169306 428698 999999999 451196 762954 792809 347171 746650 529383 682537 605058 570768 772892 428846 266066 552169 774757 190944 795173 475062 511927 500095 758697 681196 752766 343036 807427 727377 188280 314464 334640 238979 603907 350364 297814 560875 740002 395437 583601 339689 160614 770923 220430 86914 565486 72948 805975 832470 692517 495413 421441 377507 732407 707748 371592 839583 247425 467482 385385 261041 591923 584017 241241 535930 421823 530406 891380 603586 693902 596953 611625 849504 393614 570297 295031 461021 173017 570170 935846 655467 203385 612657 685622 127456 243373 66334 178798 768191
425929 621502 335596 167609 468856 71120 405527 136905 159183 459539 178713 395899 609851 263026 451196 999999999 454524 559165 493985 307126 249531 361710 565768 290165 328137 267073 510128 613754 345507 562315 410890 311275 581281 231058 307544 250795 465048 339788 416711 500114 452490 208634 568488 643033 362359 464533 181005 696511 331278 65500 418172 589926 291984 324344 649334 475628 142776 449232 400984 419023 401836 45242 490402 75780 287129 302319 761176 556343 627541 211619 457951 223253 526527 148848 416380 215951 68109 87759 447124 201164 475341 168514 562558 558405 447906 237452 362400 369642 382526 420918 536441 396939 306071 473506 392862 376793 319772 513883 509590 463624
810477 1066051 152647 327758 194884 496005 705944 521342 400536 30503 278945 92381 867641 717356 762954 454524 999999999 148039 930449 320153 684324 93102 1018515 715323 513058 335019 923034 1067270 582438 931794 154295 295689 1033678 673406 435318 291690 848783 442250 706464 912048 849111 647212 990463 846969 789381 526039 487661 1145260 622284 453976 232500 1008907 623589 499974 881168 825534 515073 798243 208077 665227 796475 447333 486266 503875 349848 217664 917610 103837 812489 660666 904604 637989 978143 342183 576729 250224 522431 467434 576394 566242 894437 320081 1014588 104024 470604 220795 798562 824005 607926 252228 775269 810424 709500 255144 77366 751701 525288 827880 891236 10177
942614 1146363 224160 407779 142657 587519 736500 598323 532835 170551 380951 164324 872134 819908 792809 559165 148039 999999999 1006398 466987 801537 215105 1123812 836296 658485 373446 985334 1160129 726474 974123 300488 321027 1124274 787228 581351 433206 981547 451970 848992 1039033 906266 733033 1055928 834714 910588 502378 549323 1229306 762980 544158 210595 1072233 672239 645544 876075 865068 640856 838984 354635 810236 926410 560953 446955 595369 495565 362039 885556 93395 796361 770433 989325 713582 1085302 468876 577582 343410 624721 587939 724388 695872 1019174 448389 1121090 110060 444545 323204 877560 925656 625110 226326 921836 936013 776214 197447 172458 804836 549446 854255 940242 138835
520368 142625 789432 604355 883970 438009 370377 410162 627166 940947 653918 855687 471928 279357 347171 493985 930449 1006398 999999999 786830 388196 838268 276206 407464 724414 638951 101219 205037 692909 238732 904626 694439 165011 369961 746342 740102 534580 608060 668829 472966 159520 286578 97194 566475 396299 664745 458410 230031 635481 478042 817173 120962 359733 728566 529082 271656 526589 275266 894184 717522 491489 520878 730271 430397 759703 796210 693746 1026033 585388 352898 70857 293557 276782 640339 556167 680227 429592 529641 827158 529110 441574 661371 285580 1031276 693604 710395 132481 221045 479228 809929 788556 441668 234139 861135 859436 241827 509556 347024 196398 938428
521933 902665 316403 318017 459353 376724 695971 436194 159768 303746 245664 330718 894491 522220 746650 307126 320153 466987 786830 999999999 448331 264778 794163 464841 194384 412854 813809 872461 266276 869208 185459 417527 846295 449213 115957 70306 557453 531991 392517 634423 759267 509938 868295 910236 533174 654662 452287 968722 314626 352889 451432 890626 586187 181099 926687 779812 272340 752865 142010 346564 514617 270465 648414 382286 35305 108436 1014134 413417 886854 450671 740622 530245 750782 162882 650752 267840 361976 257246 261943 300900 623444 150207 787280 406198 614807 245806 659214 621168 643243 466236 455116 540427 613138 500835 311379 682964 563974 811622 816716 329969
202566 475797 580629 416772 717961 255058 505714 297955 298691 683710 421879 637217 698351 114680 529383 249531 684324 801537 388196 448331 999999999 594427 346287 46190 343091 509883 451794 428356 305232 557007 606515 557885 406227 29714 379107 423221 237412 558989 290647 253250 434006 216716 483224 761284 113127 672333 372565 530928 247469 290499 667600 507239 406578 349149 749520 510829 178104 492044 579526 332189 172628 240643 712171 249637 415457 495109 891619 788074 758692 63257 325940 273856 303238 343992 597252 461721 196106 217035 439919 153086 226675 366808 339934 787736 668810 478518 290914 182591 539808 669909 417243 152840 328072 722753 631070 411292 505912 575501 499157 694069
728137 973355 83314 237625 197661 403055 625789 429984 317946 103635 185881 66361 796156 624667 682537 361710 93102 215105 838268 264778 594427 999999999 926360 626789 449583 260351 832959 974188 515050 846451 147332 230637 940575 582542 374495 221207 766935 376319 635782 826509 760309 554435 899686 783222 701038 474368 400007 1052304 548817 361195 205961 918471 538266 437026 813755 741518 428363 714018 190150 599870 712597 355909 445069 410916 289092 156360 863069 194893 751012 568904 811699 546393 886244 255432 511013 158518 429529 378185 526683 481919 807738 234264 922608 196722 422439 128002 706206 731309 534247 224195 714371 724065 619190 246578 46767 664263 450271 748192 804249 101968
357914 239098 899670 719607 1022690 539209 614995 546296 644401 1020989 744429 961380 744456 303961 605058 565768 1018515 1123812 276206 794163 346287 926360 999999999 331664 668955 788908 377297 130669 613830 514679 951277 843193 142679 349674 717566 768858 352535 795877 542027 262063 426680 409631 350275 835688 273057 879992 615654 240936 546844 582285 963388 367872 567342 677625 801742 539539 524235 537601 925653 604652 339906 571622 937483 531580 760836 839408 965379 1121252 850731 358281 221155 451518 43806 684825 779344 780543 499222 557541 743562 494910 241496 707795 12885 1122536 896511 803219 317903 199425 705027 961180 637043 291250 436770 1014784 958622 483364 711080 616419 471790 1027883
157045 483246 617176 457773 756897 299972 548895 344063 322289 713186 458616 672066 739286 147212 570768 290165 715323 836296 407464 464841 46190 626789 331664 999999999 341496 553187 478125 425245 294952 589202 630112 600289 407044 75012 386087 445996 191342 604634 262326 210118 466757 260175 503987 804227 74312 718435 418553 531868 232213 334294 708163 527973 451419 349088 791152 548504 202062 530758 600029 310310 126730 277069 757876 294771 430859 519832 935013 819159 802495 108369 341674 317790 287909 373340 643352 499115 240062 248710 429429 164076 185394 395792 323912 818105 714516 514147 320823 191485 585489 711083 385897 107947 368270 763625 664873 450594 552100 614997 531625 725198
352311 818874 486327 423843 635843 394876 730706 462901 186272 497806 369620 513340 935657 445141 772892 328137 513058 658485 724414 194384 343091 449583 668955 341496 999999999 533632 774060 766704 74050 857052 378723 554845 747468 356147 78484 229000 383552 638715 200409 470570 737063 483325 815934 971168 396239 766421 507226 872390 134144 391903 616033 839660 616964 13364 976740 784977 211164 760492 331286 152293 352415 282931 775640 397025 163212 296461 1088367 607738 955194 371574 666332 522386 625261 248345 736419 405158 351525 243369 119073 195314 466173 255074 660006 600580 736936 395511 610911 525624 709305 627981 264879 388869 601410 669471 496202 682047 641323 832686 800334 523011
692979 780688 182843 111380 245054 258166 371808 243134 349326 356598 169231 244688 535818 491154 428846 267073 335019 373446 638951 412854 509883 260351 788908 553187 533632 999999999 612447 806138 575152 603509 391526 55712 768180 487238 480844 343304 732046 122628 668668 763004 532869 381261 683572 525608 622717 241808 181123 865830 578973 219562 178739 699363 298953 524937 554079 495344 400424 468610 416923 657756 668562 295352 242098 264833 416214 332678 613980 411600 495404 461335 629109 350892 754868 285544 253816 146174 313869 339014 642724 461737 736389 282082 788463 421010 204563 174463 513995 590199 274141 173548 778618 660986 405941 226687 257689 431403 190619 493271 567503 339834
604276 208694 776106 595473 855872 446121 299620 404352 656395 936569 653588 842604 375163 337628 266066 510128 923034 985334 101219 813809 451794 832959 377297 478125 774060 612447 999999999 297040 750579 137515 914115 666572 259019 429318 786834 760802 621921 563419 740198 566728 84208 303890 73024 472005 478158 603389 437714 294819 697720 481550 787130 86917 317221 776686 431945 183200 567798 193239 909624 783974 574216 543486 671942 439199 789670 809779 596938 1013907 493722 406440 166110 290958 377632 658971 492977 674697 451836 560186 882700 580304 534512 678372 386770 1020680 638387 706941 163479 303682 417062 777729 863688 526257 213817 826711 849004 185726 461147 254646 98425 930282
479021 116225 937321 752356 1047965 573613 573507 565032 716321 1073229 788676 1001757 672178 354960 552169 613754 1067270 1160129 205037 872461 428356 974188 130669 425245 766704 806138 297040 999999999 717913 428467 1016572 861715 40792 423659 807376 838762 477776 793014 658092 390701 364483 427741 251107 768802 379284 861083 626128 112747 652490 616760 984415 263691 549708 774078 728870 475913 600183 480290 996584 718085 457790 628477 924102 565712 840885 904739 893875 1167693 789261 422722 181285 455905 162748 747059 754497 821076 545646 623043 850807 581406 367800 769719 143553 1170736 885570 847406 297674 251555 677840 979627 759827 406987 417884 1032432 1001902 442739 699293 550270 395462 1076115
283824 777861 545749 463882 696349 406100 736538 473614 226858 568384 417702 577359 940950 414882 774757 345507 582438 726474 692909 266276 305232 515050 613830 294952 74050 575152 750579 717913 999999999 842990 451422 601650 701525 323250 151299 293908 313103 672992 126640 402966 720984 472450 786993 983616 341141 800543 526448 826136 67522 410967 671906 810951 623819 87233 984978 778606 210600 755474 404783 85905 287062 301895 815493 406829 233654 364909 1104877 678733 970636 344147 631149 517403 570526 295078 761234 455830 354844 257754 134854 174161 401092 306088 604193 672055 775333 450273 587233 484855 727295 682629 205748 327423 592406 726461 561300 675267 664858 831649 785458 592479
725871 328067 780116 611789 837150 492530 242346 436822 718357 949181 678892 845297 249994 442976 190944 562315 931794 974123 238732 869208 557007 846451 514679 589202 857052 603509 137515 428467 842990 999999999 945476 653526 392304 531340 858990 809640 746659 529536 847625 697774 123088 373783 180061 350364 599409 540682 447451 406812 795963 519972 767239 174858 308299 857885 304773 109426 646234 135143 948732 885594 694994 601718 611976 486925 849210 848512 468873 1014653 377786 503963 301941 340694 514936 708097 432101 692383 514381 626924 970887 669192 664988 724879 524244 1023419 584557 726322 268920 429299 363138 754941 974003 649312 258191 799460 855186 187423 427324 149794 57914 937912
702899 1031816 228608 337909 334075 468872 739695 512180 308140 129992 266885 205062 921732 661614 795173 410890 154295 300488 904626 185459 606515 147332 951277 630112 378723 391526 914115 1016572 451422 945476 999999999 370945 986615 601630 300343 184151 739420 512468 577851 812302 848337 618362 976136 917011 701856 617703 500467 1104901 499640 432607 352135 996735 641875 365365 943865 845321 428960 817627 54168 530148 693301 389032 591540 476125 219518 112061 1003125 233599 886859 595954 868126 623157 908885 269545 645333 259947 477009 394726 428545 469939 798850 247004 945662 224431 567363 225802 772620 766236 659752 370785 634230 714863 702397 388685 182048 758943 575469 861494 898571 162530
736284 836269 148243 146246 189804 309364 418228 298112 374807 319784 185225 203507 572016 544112 475062 311275 295689 321027 694439 417527 557885 230637 843193 600289 554845 55712 666572 861715 601650 653526 370945 999999999 823819 536280 496417 350216 775603 146942 701254 810398 586353 436342 737993 553477 670979 247435 236821 921495 610860 269131 123029 753464 351588 545219 585963 544736 438357 518399 402503 685829 712876 335068 231276 316333 425494 327302 632907 364850 520613 511496 684813 406588 808693 307347 281827 151972 362678 376860 659317 499869 784557 299929 842543 375321 200366 171898 569700 644205 313559 118250 806773 707696 461183 171682 219533 484437 232818 538300 619227 299370
473524 96845 901985 716638 1010662 538827 532806 527906 688937 1040306 754818 966767 634083 325712 511927 581281 1033678 1124274 165011 846295 406227 940575 142679 407044 747468 768180 259019 40792 701525 392304 986615 823819 999999999 399177 785064 810396 475651 753192 648125 393159 324530 391316 217460 730104 366891 820434 587790 124922 637131 581784 946653 232055 509312 754308 690940 436394 574543 440238 968079 706320 450351 597815 883616 530920 815333 875042 855918 1133533 749975 395658 141287 417525 165695 717108 713749 786467 513256 594464 835375 559136 367762 739612 155107 1136896 845208 813384 257937 225632 637076 941567 754160 398879 377676 994225 967411 401962 659020 511175 357307 1042411
231929 464234 565033 397047 699867 230606 476066 270564 295519 674044 406545 623067 669151 91901 500095 231058 673406 787228 369961 449213 29714 582542 349674 75012 356147 487238 429318 423659 323250 531340 601630 536280 399177 999999999 386757 419682 266304 532728 316614 277550 408255 187076 463744 731654 136132 644811 345560 523170 268416 267689 647906 487705 376920 361277 720139 482796 176923 463627 577017 355421 201740 226877 685728 224800 417300 489736 861935 776919 728983 33569 310233 244152 307533 335736 568508 445614 173613 208246 457236 162148 249576 358694 344301 777171 642378 464037 267122 173622 510494 649560 443951 179320 299249 702676 617859 382716 477678 546769 473436 683024
419333 850434 416228 374504 564127 378019 712774 444411 150199 419581 312707 439167 916547 470275 758697 307544 435318 581351 746342 115957 379107 374495 717566 386087 78484 480844 786834 807376 151299 858990 300343 496417 785064 386757 999999999 156476 452784 592171 277923 535506 742279 487243 834244 944409 448069 718937 478530 909515 204790 366599 548436 857527 599427 65165 954305 779368 220015 753696 253535 230607 415858 263378 722403 381626 85853 219732 1056846 529369 925448 396116 692864 519152 673770 197869 698646 344700 345065 232386 162928 226023 528053 198774 709477 522126 685389 330894 625848 560071 678870 561444 340619 447529 600925 600646 421246 678025 605884 820999 803631 445220
523368 861227 259851 247746 407771 317903 629617 373947 124532 281281 175488 284377 826651 484692 681196 250795 291690 433206 740102 70306 423221 221207 768858 445996 229000 343304 760802 838762 293908 809640 184151 350216 810396 419682 156476 999999999 560848 461893 415803 630161 702633 458066 818041 840722 517726 585044 385170 930868 330646 290357 392830 839828 521162 216732 857942 717542 245265 690339 157831 378669 511961 219281 580398 324057 76080 76494 943957 391831 816968 416295 697948 473384 726166 102094 580500 199225 311021 215934 316248 286152 615709 84977 762920 387241 546056 179616 610205 587410 573890 406422 493857 531572 555810 444465 267612 622584 494132 746598 758358 301849
39563 568225 771961 630004 918332 486179 735161 534282 449082 841233 617400 819994 919313 324142 752766 465048 848783 981547 534580 557453 237412 766935 352535 191342 383552 732046 621921 477776 313103 746659 739420 775603 475651 266304 452784 560848 999999999 792218 207177 97787 628322 448496 630489 989244 149680 908309 608045 590453 249490 516857 875964 653390 641253 395566 972824 721406 344869 706499 699428 273955 65104 441840 945516 481677 522231 637326 1120951 951109 989626 299463 463786 506485 315249 513125 834664 659013 424482 403792 423400 286499 111148 533192 340441 947436 902212 667966 480621 318415 776548 881083 285291 98242 549413 932118 809256 628676 743056 791970 690961 858936
754448 750424 294810 217838 311043 306082 287948 263960 452455 466689 286421 349906 426354 515369 343036 339788 442250 451970 608060 531991 558989 376319 795877 604634 638715 122628 563419 793014 672992 529536 512468 146942 753192 532728 592171 461893 792218 999999999 755513 809667 479902 389376 636362 406930 668165 127774 188487 838090 668224 278930 241599 648884 248794 631159 439052 420198 481816 395701 539308 752347 727303 377269 153321 310556 532837 455055 491535 506294 374975 502608 611905 344385 766589 394416 134926 267830 368096 422823 751793 540949 780338 394560 797420 517853 109996 297007 495340 603296 173155 227400 872020 711737 376318 269987 366422 377695 103192 402852 502439 445602
187578 733157 660281 557928 811120 465283 776303 528707 331722 693397 521968 696407 976505 405081 807427 416711 706464 848992 668829 392517 290647 635782 542027 262326 200409 668668 740198 658092 126640 847625 577851 701254 648125 316614 277923 415803 207177 755513 999999999 303769 724590 493930 765696 1030011 281899 881124 591680 769858 90635 480605 781566 789633 667882 213698 1024706 797637 273976 777246 531423 66835 202144 378321 903745 463967 359364 488823 1156414 803963 1021832 345823 601590 546446 500743 401735 829187 562118 406187 332852 216949 217290 309840 416295 531002 797652 862040 560983 581105 449529 785840 790782 128476 251510 611905 837065 681478 695998 732661 858553 789757 716562
119321 488372 823111 667702 965217 507942 716962 546298 512023 906999 665358 875490 889344 308703 727377 500114 912048 1039033 472966 634423 253250 826509 262063 210118 470570 763004 566728 390701 402966 697774 812302 810398 393159 277550 535506 630161 97787 809667 303769 999999999 584844 440701 565844 966223 141550 918986 621733 502564 336979 543731 917770 587712 633137 481903 944634 685860 398276 674148 775511 370285 119939 484663 962325 502275 599141 706348 1098792 1015455 970743 307058 402632 497795 228466 571082 836607 706389 449344 452194 518720 346004 33536 592530 249516 1013003 919021 719339 440691 271321 772803 920982 381106 103755 526860 973376 866728 600445 749525 759696 644445 922106
606010 287687 700375 522787 775063 384920 216970 336172 605073 863901 584466 766696 318080 320171 188280 452490 849111 906266 159520 759267 434006 760309 426680 466757 737063 532869 84208 364483 720984 123088 848337 586353 324530 408255 742279 702633 628322 479902 724590 584844 999999999 255126 157141 409415 479871 519579 361723 375274 673169 416813 705973 169010 235357 738372 375333 113214 526946 115870 847203 762600 574882 489441 587896 378607 737377 746908 538700 937840 426624 380958 205683 229295 419278 600556 409281 602886 399744 511377 849827 547529 551609 618715 434541 945180 554191 635866 147965 313865 333134 696071 851110 530419 146963 744479 774116 102650 377368 189833 65181 856030
416511 418955 511352 325655 620701 151917 288998 138247 352734 656291 368982 576660 483768 132590 314464 208634 647212 733033 286578 509938 216716 554435 409631 260175 483325 381261 303890 427741 472450 373783 618362 436342 391316 187076 487243 458066 448496 389376 493930 440701 255126 999999999 360059 544578 304704 485591 206057 498457 430831 193245 558271 381762 193417 484104 533806 306747 272456 284676 609618 522713 385481 239763 536435 144188 485914 510793 674969 745086 542320 153866 257671 58012 378165 356789 396970 397727 147967 257293 597901 298345 408652 377025 410163 749344 494091 426457 154290 214061 332119 554590 622403 354654 120077 607911 578435 203674 314223 364704 317364 655540
617094 148120 844840 662705 927517 507266 371070 469891 709434 1003168 718465 911371 428876 372249 334640 568488 990463 1055928 97194 868295 483224 899686 350275 503987 815934 683572 73024 251107 786993 180061 976136 737993 217460 463744 834244 818041 630489 636362 765696 565844 157141 360059 999999999 528266 493386 675596 507271 229607 730692 544535 858986 24023 389706 819530 484383 249381 614249 262517 969339 813704 588413 599223 744443 500045 842662 870074 648810 1082627 553083 444671 167096 354427 358868 716847 565097 741195 507262 612255 920774 620769 535145 736985 361193 1089033 711178 772904 209378 318231 489468 849845 885725 538370 281272 899100 917129 258675 534154 315990 158806 997914
959314 676080 701636 595536 692855 577987 255636 510133 794458 872436 670971 754688 101086 665240 238979 643033 846969 834714 566475 910236 761284 783222 835688 804227 971168 525608 472005 768802 983616 350364 917011 553477 730104 731654 944409 840722 989244 406930 1030011 966223 409415 544578 528266 999999999 841138 332629 465928 756869 956473 579754 629263 525024 362287 967168 56330 296256 773201 299254 939861 1048584 927936 688238 394298 576894 903005 849253 132613 901883 42477 698398 614535 487947 825891 754024 272272 662960 629662 728931 1090121 818649 932768 761739 843174 914957 390359 695250 532602 699797 267131 611302 1157560 892560 440560 638036 772262 366355 347261 219691 373693 849599
126516 451313 691222 529773 830201 366706 588082 404990 394755 786936 532581 746345 769925 176130 603907 362359 789381 910588 396299 533174 113127 701038 273057 74312 396239 622717 478158 379284 341141 599409 701856 670979 366891 136132 448069 517726 149680 668165 281899 141550 479871 304704 493386 841138 999999999 778279 480362 489811 274563 403198 780524 516930 498111 405223 823693 571751 275285 556845 670278 339459 96065 350993 820907 360931 498664 592218 973169 893211 842688 165589 326593 362551 229551 447281 697944 572925 308848 323009 472374 232850 113672 469638 263845 892022 777588 588328 331938 175599 636120 782975 394545 51618 400748 835762 739185 479256 609478 642345 543130 799276
871359 803782 391059 344448 361101 424778 305365 374378 580177 553517 410281 435368 379874 616634 350364 464533 526039 502378 664745 654662 672333 474368 879992 718435 766421 241808 603389 861083 800543 540682 617703 247435 820434 644811 718937 585044 908309 127774 881124 918986 519579 485591 675596 332629 778279 999999999 300288 892076 794543 401820 299891 684129 313439 758782 376274 436348 607158 416850 649911 879453 843208 503412 71567 428344 657421 571868 391580 572279 293984 613248 680772 433838 854626 521439 110554 387549 487113 548996 879128 665428 888463 520720 882980 585998 57837 413824 567230 695419 186529 281187 998817 824036 445725 305433 455161 423625 171402 396964 526628 527399
571078 599808 338736 164367 425775 127057 244793 75522 328531 503319 233801 405142 442450 327766 297814 181005 487661 549323 458410 452287 372565 400007 615654 418553 507226 181123 437714 626128 526448 447451 500467 236821 587790 345560 478530 385170 608045 188487 591680 621733 361723 206057 507271 465928 480362 300288 999999999 684740 509237 115764 359846 524355 141408 502526 476893 345065 320422 317370 508709 598611 542949 225386 340607 129545 441116 410047 581141 576399 448192 314789 448220 170267 584019 291439 237520 244936 188670 268708 625728 374395 592122 302082 616214 583523 297329 278933 332883 419487 202083 353963 714433 524864 226894 406451 412405 264282 141008 363912 404247 494441
591683 88313 1009242 823412 1110404 649257 592146 630985 810550 1153369 866486 1074863 656785 446767 560875 696511 1145260 1229306 230031 968722 530928 1052304 240936 531868 872390 865830 294819 112747 826136 406812 1104901 921495 124922 523170 909515 930868 590453 838090 769858 502564 375274 498457 229607 756869 489811 892076 684740 999999999 761455 691437 1044478 231955 589701 879211 711416 477377 697641 488003 1088207 829154 570144 715909 958672 641391 938221 993834 874807 1243541 782501 518206 240787 516319 275274 835852 782543 896156 628966 715109 959774 683701 480288 858099 253701 1247703 922700 924474 352256 349563 705762 1037898 872524 519147 463403 1089573 1076890 468497 739366 545550 388098 1153711
218321 715364 570699 468001 721448 384310 705278 449776 241327 610719 431337 608373 908045 360242 740002 331278 622284 762980 635481 314626 247469 548817 546844 232213 134144 578973 697720 652490 67522 795963 499640 610860 637131 268416 204790 330646 249490 668224 90635 336979 673169 430831 730692 956473 274563 794543 509237 761455 999999999 396104 691103 754708 594441 146075 954291 737448 188985 715478 456019 92494 220020 291131 815289 383765 280137 405278 1080767 721448 946136 292686 571941 479704 503652 311324 746497 471530 327745 245547 198350 137831 334076 326302 537089 715925 773886 470791 535177 423443 706577 700212 205290 259900 550694 746674 594073 634501 649796 794264 738133 632433
478374 612166 320671 137381 440928 43372 347166 83592 216498 463233 175958 385026 550122 279102 395437 65500 453976 544158 478042 352889 290499 361195 582285 334294 391903 219562 481550 616760 410967 519972 432607 269131 581784 267689 366599 290357 516857 278930 480605 543731 416813 193245 544535 579754 403198 401820 115764 691437 396104 999999999 384211 564690 234906 387534 587853 427306 207198 400203 430453 484348 452508 109623 431169 51211 337134 330127 696609 552276 563293 242365 450697 190619 545507 190080 350959 204874 94393 153244 510636 263927 516867 205390 580469 556270 388217 233212 345650 383060 317676 384253 601369 442228 270205 437779 385816 332634 254317 459632 469883 462334
836411 959133 135389 250902 69920 426101 527697 420062 449849 261907 261481 149168 662464 662335 583601 418172 232500 210595 817173 451432 667600 205961 963388 708163 616033 178739 787130 984415 671906 767239 352135 123029 946653 647906 548436 392830 875964 241599 781566 917770 705973 558271 858986 629263 780524 299891 359846 1044478 691103 384211 999999999 873909 470635 604864 668467 657878 532534 632321 396053 757694 815016 434699 254515 433421 468172 347004 690095 272745 592272 625149 807806 529565 928049 379838 367639 220264 475406 472380 709046 593211 893465 366271 962352 286199 242725 221637 692728 764067 414744 19727 877283 814251 583612 56236 171808 603569 340610 644307 735907 232201
640381 155386 862521 681196 942713 527955 378896 489068 731958 1022028 738015 929037 424835 396172 339689 589926 1008907 1072233 120962 890626 507239 918471 367872 527973 839660 699363 86917 263691 810951 174858 996735 753464 232055 487705 857527 839828 653390 648884 789633 587712 169010 381762 24023 525024 516930 684129 524355 231955 754708 564690 873909 999999999 403713 843195 479529 253342 637563 268638 990583 837719 611823 621229 753554 520812 865233 891145 643231 1100337 551343 468488 190445 374252 378264 738463 573577 760060 529269 634887 944693 644535 557251 758440 379084 1106968 721142 792017 232192 341919 498611 864385 909514 561655 299406 913161 935183 271540 546242 316439 161466 1016250
608388 501850 472232 305171 539809 222485 113786 155088 450119 640891 375176 537780 318694 324436 160614 291984 623589 672239 359733 586187 406578 538266 567342 451419 616964 298953 317221 549708 623819 308299 641875 351588 509312 376920 599427 521162 641253 248794 667882 633137 235357 193417 389706 362287 498111 313439 141408 589701 594441 234906 470635 403713 999999999 614288 361167 203954 413265 176292 649544 686695 577669 336691 374530 219971 571795 550397 488980 707936 354689 343352 368639 135600 543565 423471 212590 385457 268978 373638 735909 456675 600707 436694 570771 716220 335906 419651 253986 388638 141359 460750 795298 548030 132449 509492 547139 132970 150136 225482 268942 629805
363923 824727 474671 415586 623946 391926 728071 459836 179060 484596 360041 500967 932946 449513 770923 324344 499974 645544 728566 181099 349149 437026 677625 349088 13364 524937 776686 774078 87233 857885 365365 545219 754308 361277 65165 216732 395566 631159 213698 481903 738372 484104 819530 967168 405223 758782 502526 879211 146075 387534 604864 843195 614288 999999999 973481 784478 211652 759773 317935 165507 363400 279102 767019 394326 150132 283558 1083594 594482 950677 375675 671226 522011 633887 239423 730418 395055 350193 240714 123224 199655 476982 245299 668817 587286 728588 384715 613764 531739 704530 617002 277347 399050 601614 658101 483681 681734 635646 831184 801362 509915
944389 632503 733372 616053 733645 581928 249015 513863 804109 905738 691704 788790 57286 648916 220430 649334 881168 876075 529082 926687 749520 813755 801742 791152 976740 554079 431945 728870 984978 304773 943865 585963 690940 720139 954305 857942 972824 439052 1024706 944634 375333 533806 484383 56330 823693 376274 476893 711416 954291 587853 668467 479529 361167 973481 999999999 263725 774432 271299 964062 1046729 912862 694533 440886 580081 917422 871152 165006 940269 97446 687338 580979 478874 794363 767811 304454 686833 630134 733480 1095808 816831 911102 777045 809793 952868 433414 719901 506460 675490 285800 651054 1152879 875295 423678 680516 805474 344811 369207 187038 333648 884300
695920 391856 673390 509108 727794 404622 133796 343758 634261 843694 578452 738133 206746 401912 86914 475628 825534 865068 271656 779812 510829 741518 539539 548504 784977 495344 183200 475913 778606 109426 845321 544736 436394 482796 779368 717542 721406 420198 797637 685860 113214 306747 249381 296256 571751 436348 345065 477377 737448 427306 657878 253342 203954 784478 263725 999999999 574184 27697 851411 829106 664403 517535 507119 399902 762189 751670 426059 906837 313749 452132 318395 262611 530866 617257 326547 589410 435140 547348 901621 604744 652368 632570 547185 915889 477998 623604 245308 414971 255349 645524 925796 623185 186756 690079 748633 103345 317901 76988 92044 831413
