NAME : synthetic_000671
TYPE : CTSP-D
DIMENSION : 100
GROUPS : 8
RELAXATION_LEVEL : 1
EDGE_WEIGHT_TYPE : EXPLICIT
EDGE_WEIGHT_FORMAT : FULL_MATRIX
EDGE_WEIGHT_SECTION
999999999 588190 444851 153241 402331 243757 824614 563850 421205 484667 951966 725292 449454 578349 516189 516080 626540 109824 834855 104926 575965 594943 125679 293932 513331 498664 475840 423450 390801 198420 676152 780967 202808 201061 316240 521844 166763 485438 568309 506262 250661 208191 513204 588534 345121 338362 695829 821735 479721 215605 525902 119666 479557 682830 571349 785469 786408 790945 923560 575254 896450 195627 208488 318169 422500 382714 842991 439417 671999 766854 383624 449693 678855 401948 729607 340988 492797 742286 775496 846437 502702 621928 441768 428124 559895 597762 648526 485284 155111 448364 656816 375713 942813 378515 849869 544098 339049 278361 496679 199649
588190 999999999 637359 447821 808545 361420 327723 210651 510386 128047 370047 520707 712471 205480 152987 403973 404577 497980 493199 553843 355633 88373 525279 399311 88558 155171 447005 543205 552864 567611 671769 319695 630263 534758 296080 78273 422252 828370 615603 91626 593209 677035 76515 20269 372992 274387 279402 252631 838219 495321 191994 636253 157588 106293 619801 509969 198256 456951 752930 634848 667830 659874 609718 750504 702863 637570 557523 595246 257902 179309 218590 418220 107845 229491 147589 278132 245101 504145 501542 320995 277967 630381 459399 432415 372379 297660 665369 204923 741759 290262 604057 317541 771537 625444 266779 328300 656444 550974 406774 450313
444851 637359 999999999 376586 245464 512375 683806 752007 128619 511803 977904 403015 881220 483173 489340 820351 373494 372391 565526 341526 841110 700026 533332 274005 616144 483307 213008 808548 785285 246442 254102 624700 259056 249168 547386 618064 445942 211427 153750 607217 678618 288997 573612 651176 654812 403108 544692 764987 227787 604877 709502 351605 637350 741321 154768 487209 797617 531927 529451 150962 537005 640359 645244 250120 855759 69242 532196 840542 850644 769195 556508 228795 744555 602674 774729 565747 402642 435616 479975 727325 378547 208614 185745 763338 837866 428642 223656 679956 528033 349551 265549 647242 546257 799120 817501 361152 129114 688392 806517 555625
153241 447821 376586 999999999 424245 152637 671456 460166 313831 336578 816521 589669 513449 425109 364295 466236 483445 50196 688007 109388 506482 466853 171113 154695 380600 347074 347747 432216 408740 164258 574309 627771 213046 141065 212440 388016 71252 483277 469932 372675 314263 249591 371513 450688 291645 186568 542822 672948 484183 229925 418603 191093 360419 547545 473588 643636 645429 643719 801073 480850 764097 307692 291381 347350 489605 329763 701830 464136 569211 624125 261870 316957 544911 292858 593095 236833 340033 603123 633494 693886 351443 518861 318632 396047 496532 446836 549668 379857 306837 297509 542883 299825 820832 427034 704050 396262 308071 315347 449642 179040
402331 808545 245464 424245 999999999 576730 912472 874439 348451 680859 1170162 648434 845832 691073 675616 888103 612752 391271 810262 331825 930704 854060 523539 409463 765537 664931 441610 822906 791707 261417 478618 854904 213919 290049 634458 770195 491572 100812 392451 756646 651895 194303 735953 818330 712186 540591 770956 975733 86363 611407 831642 282671 765836 914821 392434 732625 989363 775610 757021 384526 776344 579085 606830 84165 818293 197213 777454 841464 981517 962717 671129 445974 915624 709498 954356 657905 601281 681044 725315 952454 585641 443038 406744 811013 920629 653124 448617 795384 408273 543855 505097 724040 772029 780033 1023064 584095 156058 680382 870644 579727
243757 361420 512375 152637 576730 999999999 641593 321303 426904 282296 714678 647065 427649 410386 330883 314605 527646 189229 711651 252683 354324 355266 163861 250238 279039 312551 432936 308108 293280 316790 679310 608773 364469 292161 72653 288447 87442 634955 581961 273114 255624 397555 291783 358056 142796 181292 532230 608555 636398 151612 282469 327500 237183 447623 585998 684403 556666 667320 875328 595795 822679 302343 258566 498929 408659 473463 742580 349138 430158 540163 145221 397321 442448 158248 495048 97240 347124 652107 674145 653086 371706 624612 413647 250963 343924 461683 658273 241980 389368 326666 636006 147364 895425 335031 628065 430264 457843 230573 298672 95610
824614 327723 683806 671456 912472 641593 999999999 531334 564887 359669 389108 367860 1032495 246940 313000 730930 318595 717952 241625 757291 676424 402509 797546 555324 410165 331331 472761 867650 874373 730911 590348 59950 791914 700408 591125 400480 675082 895219 588635 409978 893139 842082 366998 344329 689558 487750 141837 155095 911135 790135 518555 832604 482391 332611 591679 305818 269699 229835 543689 606980 442156 941995 900139 880280 1020624 716356 325535 919483 544722 248172 518482 466595 344167 543992 316564 579883 337313 333549 302882 51851 338752 573124 505996 758575 695617 259534 599425 532446 977869 390675 518955 636506 558020 942797 213467 328523 758842 857721 734336 737010
563850 210651 752007 460166 874439 321303 531334 999999999 635468 273721 436893 716553 550668 402116 327984 205527 594811 504621 702962 567956 145538 128825 464364 482379 158031 320070 594853 373926 393591 614585 839274 528957 670648 584620 250707 162485 406275 916238 766546 164871 480327 709637 216098 191358 249588 349213 489293 426314 921789 402409 43058 646418 114794 214680 770868 714860 325979 665655 952721 784603 872146 570253 511645 803084 547040 734039 764667 424565 109245 324796 203385 560642 203859 167315 253846 225588 410833 704146 705973 516434 446492 791923 595845 261196 164369 491800 827742 80344 702452 437415 777037 199155 971860 473959 415459 506355 736367 428611 213555 378809
421205 510386 128619 313831 348451 426904 564887 635468 999999999 386174 849407 327840 827100 355467 361198 721863 267492 326465 473829 317646 734081 575777 483383 176757 493838 355740 93264 733082 714190 237463 260577 506844 278758 222928 449465 495046 375467 334696 156733 485018 627894 323059 448731 524761 565336 290883 423921 638601 348963 541685 593672 357198 520755 613658 160556 404034 669031 435616 503821 169267 486718 609365 602206 326713 803416 151565 456004 770303 730670 640649 446829 101393 617169 494526 646449 464819 274024 354157 395369 606265 250322 205171 59267 674482 733351 306402 235925 566833 536117 221340 235619 549701 522775 739650 690174 237683 198871 627952 709762 486882
484667 128047 511803 336578 680859 282296 359669 273721 386174 999999999 493031 447757 682014 146233 60946 426908 324024 386443 461906 438008 403308 190523 441169 272079 116749 47939 330025 526934 527784 443489 567690 330161 506603 410558 232828 114728 324277 700528 501434 109168 533740 554373 63393 139899 340852 153381 260871 337072 710239 430518 238337 519671 171097 234268 505717 457047 315070 420035 685380 520214 611074 583923 540671 624124 667917 509894 511191 577313 353575 291295 164976 298528 235793 200933 273699 224281 137232 439251 447449 371181 172863 522172 337964 426413 412691 226155 557824 227963 639761 170486 503994 292986 704916 590395 367785 232869 528432 499941 423480 377501
951966 370047 977904 816521 1170162 714678 389108 436893 849407 493031 999999999 743349 982810 496547 494924 623549 663232 866516 630721 923474 540134 359717 875227 764113 438646 505231 770306 806068 828655 936350 949118 435838 999320 903429 643466 430264 785207 1180144 922022 445834 913753 1046586 446488 365861 681536 643915 474940 240691 1192014 827844 457812 1005937 479851 269383 925778 691549 181131 616860 932750 941522 831230 997065 940932 1116553 981294 989426 714592 854866 368002 208884 569988 749496 273114 561884 223429 620956 575931 712598 687448 339732 599523 920744 792596 695478 566751 568208 951898 494808 1102946 631276 876673 627122 947124 909829 179364 626799 1015446 863615 637137 793406
725292 520707 403015 589669 648434 647065 367860 716553 327840 447757 743349 999999999 1074488 316175 389551 871777 124761 619105 171709 628276 850884 608259 756751 435401 559081 399858 251393 944549 936167 560227 230589 312072 606059 540179 634415 554096 631311 600870 264305 552987 890368 650896 500715 540758 757621 467064 272459 502907 620146 790985 684463 679802 618853 591971 265756 86836 588026 150909 237762 278218 176017 897326 876536 645407 1054702 459345 129722 990633 778575 559497 591885 275602 600746 636921 602488 637982 318811 37761 81805 419524 285841 228838 288384 857636 860401 224902 246346 675676 855456 321937 165179 720943 257444 982042 564125 222573 516498 875326 866442 731968
449454 712471 881220 513449 845832 427649 1032495 550668 827100 682014 982810 1074488 999999999 823913 739314 361814 955248 509138 1134327 544050 448788 660595 347975 658977 625175 721989 851466 176968 159932 639455 1087274 1010351 652181 632245 452645 635282 453694 933538 983376 624162 202682 654528 665523 699895 343061 608717 942609 960841 926576 287220 540897 566281 554961 758189 987036 1111293 873176 1090458 1300538 994202 1250236 268927 240969 762316 27745 824730 1169254 128402 617837 867770 517321 817346 748529 488505 801396 457960 771441 1079725 1101058 1032281 798049 1031817 826887 289560 421762 885261 1063017 513584 463275 754250 1052208 396242 1320592 92920 960218 857606 786280 200824 346519 345069
578349 205480 483173 425109 691073 410386 246940 402116 355467 146233 496547 316175 823913 999999999 85745 570712 199222 471158 315675 510644 540346 292329 558659 311179 246475 102184 273778 672254 671772 488942 473422 203303 551158 457537 371578 240460 433141 689478 429898 241343 665869 601249 188462 225286 485163 243925 122033 284842 702841 561832 372453 586852 311753 287845 433860 314377 318486 273904 550886 449471 470702 704558 667060 649280 808625 501154 366868 722231 462869 289331 309374 254403 294920 347101 309218 366390 93091 302091 305138 274260 105917 436412 297428 572633 552226 92181 470195 368763 731135 149910 403584 438730 569909 731611 334794 132981 535068 636545 568254 505600
516189 152987 489340 364295 675616 330883 313000 327984 361198 60946 494924 389551 739314 85745 999999999 487486 266911 412788 401299 458956 461535 231135 484616 274272 169999 18397 294242 586560 586413 451789 521432 277891 515119 419161 287734 165765 362462 686541 462658 163587 585301 564314 111968 170007 399667 177871 203643 313374 697804 481448 294934 538687 230250 252967 466863 396379 313889 359232 626772 481882 550934 629423 589121 624941 724485 495445 450309 636624 399911 287103 223770 266335 257146 261467 285426 281430 92124 379673 386835 330676 125595 478553 308192 487040 471860 166264 513789 287339 670848 139857 455324 352985 646184 647244 352577 180298 520580 553990 484296 426486
516080 403973 820351 466236 888103 314605 730930 205527 721863 426908 623549 871777 361814 570712 487486 999999999 747080 496925 883646 557948 87679 331196 394145 548583 329664 474517 705390 188218 217809 630382 957223 722918 674367 606636 273332 337900 396891 949373 869907 332808 348455 702305 384553 386686 176022 436016 673155 631713 950409 308805 212375 623220 259675 420188 874154 883865 530272 843471 1109412 885919 1037809 453186 392313 808072 363588 786091 937454 233437 256530 530169 285266 669014 409305 237519 458345 257054 553475 865472 874311 719354 587657 905168 695869 96694 61090 652933 940505 203570 624767 562538 903181 173134 1129180 299223 620291 650970 772415 293443 20442 317035
626540 404577 373494 483445 612752 527646 318595 594811 267492 324024 663232 124761 955248 199222 266911 747080 999999999 517751 212346 535407 727332 490746 645972 332671 436893 276269 175873 821661 814298 479210 286053 258647 532152 454729 511456 432398 518622 583783 270222 430478 775244 580188 378713 424250 634221 346569 191041 428189 600938 674218 561635 595680 495035 484030 273356 160335 495972 170933 362341 288779 296553 789263 764474 594109 936211 415919 218737 868350 661358 466636 467297 186433 491872 512184 500188 514218 194073 124486 150142 366414 161480 259277 214202 733351 736356 107301 289091 551695 765187 200998 213766 596633 382099 862516 487424 98693 466288 757365 741685 615184
109824 497980 372391 50196 391271 189229 717952 504621 326465 386443 866516 619105 509138 471158 412788 496925 517751 999999999 725322 63657 542836 515863 161179 185160 430079 395790 371973 444942 418213 139305 586088 673046 177444 124767 254697 437634 101966 457631 479575 422244 306831 208335 421693 500722 320948 235522 587383 722479 456633 235291 463664 142828 407654 597440 482972 677174 695623 681338 823445 488763 791797 283586 276851 311354 483996 318798 734948 472224 613850 674310 309089 343874 594687 337515 643101 279603 384144 634826 667142 741526 393131 530952 339793 420782 531191 488070 559975 424300 259991 338729 560316 335848 842971 426882 754048 434344 288683 316685 479379 192886
834855 493199 565526 688007 810262 711651 241625 702962 473829 461906 630721 171709 1134327 315675 401299 883646 212346 725322 999999999 746350 846313 580242 844237 541319 554934 417012 385485 987014 985077 691534 399688 201291 743931 667011 682131 547435 715868 768736 434172 551160 965625 791550 499100 513129 799244 532523 213800 394502 787530 862366 678869 807924 623974 536716 435908 86115 500611 44588 302302 448925 200538 989585 959982 799479 1117595 616447 84539 1036498 742665 475260 624125 398676 547302 662755 533818 679366 364541 134567 89917 291538 342330 400541 424186 888305 860698 249970 417323 680320 976231 393257 336681 754073 316407 1041529 454363 291768 670503 941797 882251 804071
104926 553843 341526 109388 331825 252683 757291 567956 317646 438008 923474 628276 544050 510644 458956 557948 535407 63657 746350 999999999 605742 575897 200464 207354 489186 442761 377242 495568 466591 95808 571321 709660 118472 96176 318286 496367 165279 403453 463439 481129 341839 145188 477336 557703 381959 284908 622842 771348 400888 283691 526817 82474 469699 655061 466460 692246 750433 703135 821031 470328 797215 299258 305047 250368 517822 281475 748994 518991 677158 728196 371120 353628 652791 400740 700117 343153 420402 647321 682459 783821 424735 517207 341757 479220 593623 517736 543623 487617 229882 370406 553181 398897 840134 466839 805570 459154 242855 359784 540035 248110
575965 355633 841110 506482 930704 354324 676424 145538 734081 403308 540134 850884 448788 540346 461535 87679 727332 542836 846313 605742 999999999 274091 458916 567106 293897 451110 706556 275894 305129 669883 956439 674461 718793 643499 298875 300324 440927 985069 875615 299087 429524 750928 351942 336612 230987 443348 633058 566005 987829 378658 168067 676440 232432 353608 879922 854576 458443 808141 1088290 892664 1011003 532013 470989 853252 451117 813252 905782 320555 172133 461462 287364 670837 342229 239568 387599 277567 537319 840937 845428 660066 572654 906414 701780 178844 27049 627564 942158 176463 694929 555197 898081 207047 1107718 386747 549062 634760 805760 374442 105512 376805
594943 88373 700026 466853 854060 355266 402509 128825 575777 190523 359717 608259 660595 292329 231135 331196 490746 515863 580242 575897 274091 999999999 515557 446394 88717 228917 520071 486445 500908 603255 752561 401231 664105 571055 283773 83952 428666 882361 690932 97510 562494 708298 127275 68105 332658 313471 366618 302720 890653 471436 121469 657939 120692 99356 695193 598327 215074 544661 841131 709877 756193 640098 585650 790404 653806 693442 645628 538258 170617 207306 211413 488998 91305 202812 145740 261280 321933 592270 589913 388369 356427 709208 528450 373328 293147 384377 744584 147604 744253 360764 686243 276503 859786 577828 299874 410608 706155 515505 336828 434297
125679 525279 533332 171113 523539 163861 797546 464364 483383 441169 875227 756751 347975 558659 484616 394145 645972 161179 844237 200464 458916 515557 999999999 324449 442295 466253 518334 299493 268305 293975 743919 760828 315673 284630 232258 451850 128378 601733 638425 436616 145719 329520 455202 521704 228818 316174 680351 771692 597743 89926 430156 242634 395504 609937 641948 806164 720094 799659 971636 648374 932084 146239 120474 439690 322835 477999 864647 319339 569512 703932 308253 486740 604284 313779 657447 254279 484145 768017 795926 812156 502347 688545 489725 303891 441041 596881 718590 389719 239156 451051 713921 267710 991448 267102 791917 553973 442961 159363 374355 85707
293932 399311 274005 154695 409463 250238 555324 482379 176757 272079 764113 435401 658977 311179 274272 548583 332671 185160 541319 207354 567106 446394 324449 999999999 358535 261128 194108 557188 539456 178620 431164 505387 241625 146634 275277 362461 205353 437070 331901 349556 464288 291341 326518 408868 388859 134738 418072 585685 444601 371828 439453 278033 368775 505526 335906 492018 584452 497629 647234 345563 609482 462282 444918 352441 636484 251717 549830 595617 584774 558993 283354 162382 506188 328907 545771 292472 218538 449998 481983 585365 218714 376018 167918 498048 564094 310599 409014 407939 436308 165053 393231 375622 667073 569447 626813 252095 259764 458368 535636 314981
513331 88558 616144 380600 765537 279039 410165 158031 493838 116749 438646 559081 625175 246475 169999 329664 436893 430079 554934 489186 293897 88717 442295 358535 999999999 162219 444232 457701 465905 514622 684318 395785 575626 482380 210842 10284 346568 795134 616097 9002 505116 620116 58391 80389 284659 225021 343535 341087 803076 408132 125993 571466 72433 169597 620401 560685 277810 515649 795784 634642 717172 573976 522722 701688 615052 606985 612187 509630 238478 262539 134042 411468 165566 140972 216682 191425 253900 547689 551532 407182 289484 638362 449223 348505 306429 334669 674076 126173 664883 284933 620732 229486 815051 537503 352624 348581 618250 462472 329895 364916
498664 155171 483307 347074 664931 312551 331331 320070 355740 47939 505231 399858 721989 102184 18397 474517 276269 395790 417012 442761 451110 228917 466253 261128 162219 999999999 292497 570258 569588 437816 524540 296235 501184 405077 270056 158971 344295 678184 462429 155200 567085 550146 105468 170839 383003 160523 221415 328845 689023 463204 285604 522869 219003 258014 466671 409727 324549 374583 637456 481494 563330 611031 570750 612766 706969 487023 464286 620120 395893 298387 207309 263114 261432 246180 292622 264272 93212 391364 400066 348579 128276 480409 304233 471720 460623 178419 515862 275898 653434 135103 459574 337062 656985 629811 366499 186362 510406 536043 470790 408149
475840 447005 213008 347747 441610 432936 472761 594853 93264 330025 770306 251393 851466 273778 294242 705390 175873 371973 385485 377242 706556 520071 518334 194108 444232 292497 999999999 740603 726032 310026 251880 414334 359299 288931 440343 443719 398676 423594 171933 435847 658257 406311 393388 463269 562278 269980 332479 552704 438891 564306 554945 429061 482120 546278 176245 320589 591559 345808 453343 190411 420612 654006 638801 418693 829487 244524 375294 782000 682659 562614 421698 36487 551008 470147 575280 451316 202610 272864 311344 515115 172970 200120 38712 669685 709188 215768 235743 533087 604070 159578 203115 537816 473128 761011 606239 148179 291709 650646 695527 506527
423450 543205 808548 432216 822906 308108 867650 373926 733082 526934 806068 944549 176968 672254 586560 188218 821661 444942 987014 495568 275894 486445 299493 557188 457701 570258 740603 999999999 37851 584065 987343 849688 613181 568367 310214 467553 362690 898984 889041 457673 196193 629004 502574 529392 188270 479334 787127 788252 895908 212001 365769 541945 385956 583070 893021 972303 697550 944104 1177363 902329 1118195 302277 246414 739144 175969 761141 1029144 52061 442265 693078 362957 704739 573174 327238 625593 308840 630876 945395 962224 864158 660815 932549 721747 113370 249170 741735 966006 340751 494892 622881 943716 234175 1197458 112509 785301 722971 733621 149545 171420 253616
390801 552864 785285 408740 791707 293280 874373 393591 714190 527784 828655 936167 159932 671772 586413 217809 814298 418213 985077 466591 305129 500908 268305 539456 465905 569588 726032 37851 999999999 556757 970512 853942 583453 542461 304042 475959 340655 869528 870658 465155 158790 597517 507764 540081 186940 469373 788632 800909 865902 183255 381742 509898 395291 598819 874573 967108 714057 941725 1167152 883403 1110740 264546 209168 707748 153596 736010 1024431 56160 467915 708167 362854 690540 589300 330925 642460 305741 625623 938499 956959 873086 654384 915448 705582 133209 278862 737908 948423 353728 457902 614238 928994 237938 1187257 82032 800674 715760 706496 114083 199679 229746
198420 567611 246442 164258 261417 316790 730911 614585 237463 443489 936350 560227 639455 488942 451789 630382 479210 139305 691534 95808 669883 603255 293975 178620 514622 437816 310026 584065 556757 999999999 482463 679042 63371 32931 373049 520338 233879 319760 374498 505961 437001 112734 492175 574745 455338 293416 591576 764094 320067 373533 572023 119940 508130 672627 377248 630384 758351 649841 740038 379897 723647 393925 400834 188768 613355 185671 685317 610232 722451 733815 411799 292897 671996 448730 715179 396503 395932 582879 621008 762684 392272 429404 272110 558036 660510 479239 453944 535045 298721 340535 470051 463700 758698 561026 804248 414925 149745 452632 613614 332134
676152 671769 254102 574309 478618 679310 590348 839274 260577 567690 949118 230589 1087274 473422 521432 957223 286053 586088 399688 571321 956439 752561 743919 431164 684318 524540 251880 987343 970512 482463 999999999 531913 507666 475147 691462 682352 634508 408949 108007 676463 888458 541667 629624 690118 812442 521800 475148 712604 429721 801162 800864 597051 728825 761132 105217 313581 781439 381488 278721 104184 305216 867637 862468 500580 1063784 323005 338660 1026667 920421 752032 673106 288321 767889 721510 781637 703019 431376 268270 310608 641038 396343 55459 265821 920489 959970 387050 30599 781568 776258 402420 72500 789496 294398 999186 772513 343657 383210 887613 947405 745430
780967 319695 624700 627771 854904 608773 59950 528957 506844 330161 435838 312072 1010351 203303 277891 722918 258647 673046 201291 709660 674461 401231 760828 505387 395785 296235 414334 849688 853942 679042 531913 999999999 739309 649118 562979 386709 636118 836126 528716 394306 862850 789406 347174 338108 667566 447131 87478 195989 852207 759133 511566 783352 468097 343658 531771 255719 299360 181610 499483 547088 400024 906332 866949 824450 997129 658401 282335 901098 554265 274340 493374 409464 354795 523125 335644 553886 289457 278999 251668 109185 287091 513680 448185 743108 691914 203161 540374 521022 932955 340335 460234 616330 514865 919419 257007 271772 701917 830072 724673 704377
202808 630263 259056 213046 213919 364469 791914 670648 278758 506603 999320 606059 652181 551158 515119 674367 532152 177444 743931 118472 718793 664105 315673 241625 575626 501184 359299 613181 583453 63371 507666 739309 999999999 96211 425266 581600 278371 286100 401045 567046 452179 50179 554605 637063 498391 355905 651925 827266 282757 401180 628440 93779 566310 735003 403271 679525 821550 703086 773902 403582 764493 394895 411251 134463 625283 191356 733152 635009 779142 797099 468987 345962 734178 503831 777851 449412 458078 630817 670424 824502 453166 456991 320695 597249 707920 538328 478013 590642 269219 402173 503495 511792 791991 579196 867603 472812 139694 474706 656807 366558
201061 534758 249168 141065 290049 292161 700408 584620 222928 410558 903429 540179 632245 457537 419161 606636 454729 124767 667011 96176 643499 571055 284630 146634 482380 405077 288931 568367 542461 32931 475147 649118 96211 999999999 345531 487986 212067 342794 367264 473687 429583 145162 459390 541989 432590 260642 561642 731687 344544 359865 541917 140991 477205 639847 370292 608061 725423 624820 726748 374267 706270 394415 396276 219940 606666 194031 663720 596754 692112 700908 381485 269185 639277 419452 682316 368527 364646 561430 598527 731530 362087 421078 251891 537010 634916 450367 447465 505389 315522 309771 457997 438161 745696 551263 771546 387072 167140 441384 590321 315057
316240 296080 547386 212440 634458 72653 591125 250707 449465 232828 643466 634415 452645 371578 287734 273332 511456 254697 682131 318286 298875 283773 232258 275277 210842 270056 440343 310214 304042 373049 691462 562979 425266 345531 999999999 220628 155572 686286 599936 205687 302551 461618 230848 290901 123798 171930 491376 546625 689329 201094 210889 395850 164814 377691 604128 663121 488490 638485 868020 615298 808001 363795 314561 559277 437048 515631 720392 357243 359899 473281 77495 403894 372041 85722 425206 25131 321594 635287 652984 598498 350788 638080 426941 229419 292405 434053 672888 170721 461741 313062 642091 100373 888096 360135 562643 412770 506885 267118 260466 154276
521844 78273 618064 388016 770195 288447 400480 162485 495046 114728 430264 554096 635282 240460 165765 337900 432398 437634 547435 496367 300324 83952 451850 362461 10284 158971 443719 467553 475959 520338 682352 386709 581600 487986 220628 999999999 355091 798627 615457 15583 515345 626405 53810 70372 294905 229611 335562 330809 806803 418241 132258 578717 81927 160988 619752 554363 268255 508439 790478 634102 711108 583929 532813 707021 625229 610023 605481 519502 239067 252667 143638 411351 157355 151252 207864 201428 251366 542129 545280 397134 286838 636879 449592 358110 313466 329425 672543 134657 673700 284214 618237 239684 809681 547697 342568 345189 622225 472751 338492 374778
166763 422252 445942 71252 491572 87442 675082 406275 375467 324277 785207 631311 453694 433141 362462 396891 518622 101966 715868 165279 440927 428666 128378 205353 346568 344295 398676 362690 340655 233879 634508 636118 278371 212067 155572 355091 999999999 553534 532198 339508 260120 310276 347983 422060 221489 189418 554278 660129 553899 166749 366286 240617 314980 516074 536004 678612 620296 671288 850471 544172 807093 274209 245858 412697 431133 400680 737122 396470 515449 601306 217759 365402 512099 240387 562886 180698 356305 641327 668358 692522 373992 579109 373221 324944 429584 468637 611055 326261 319508 322719 598557 233907 870420 364715 685675 425836 379179 253292 379871 111562
485438 828370 211427 483277 100812 634955 895219 916238 334696 700528 1180144 600870 933538 689478 686541 949373 583783 457631 768736 403453 985069 882361 601733 437070 795134 678184 423594 898984 869528 319760 408949 836126 286100 342794 686286 798627 553534 999999999 337202 786136 736091 279124 759392 840206 774858 571736 755859 973235 21025 687026 873181 367272 804199 934176 336192 687153 999108 737691 683479 325375 712930 669493 693012 175014 906234 191161 727092 921068 1020699 971317 713662 436072 936214 755479 970723 708369 604608 635814 680823 938521 583772 381540 393726 877742 977248 639351 380424 839162 505824 548868 446437 780668 697167 863801 1024257 571318 180135 760588 932911 650055
568309 615603 153750 469932 392451 581961 588635 766546 156733 501434 922022 264305 983376 429898 462658 869907 270222 479575 434172 463439 875615 690932 638425 331901 616097 462429 171933 889041 870658 374498 108007 528716 401045 367264 599936 615457 532198 337202 999999999 607740 783483 436691 564702 632560 718472 434314 458974 693306 356834 698343 726368 489588 653413 711995 4324 350986 747227 406217 376473 19576 384530 760282 756306 403801 959480 220646 389897 926793 854471 717845 589075 205980 717468 637456 737905 613464 370537 300073 345153 636630 338037 56066 174219 827325 877076 354061 80458 703533 669053 331244 112795 699440 393684 896263 750687 297018 281260 784544 858874 643612
506262 91626 607217 372675 756646 273114 409978 164871 485018 109168 445834 552987 624162 241343 163587 332808 430478 422244 551160 481129 299087 97510 436616 349556 9002 155200 435847 457673 465155 505961 676463 394306 567046 473687 205687 15583 339508 786136 607740 999999999 501582 611649 52881 85227 282841 216104 340410 344208 794089 403937 131570 563450 73995 176570 612045 555695 283552 511559 789905 626251 711926 569213 518436 692929 613668 597984 607555 509523 246974 267622 128507 402966 172890 138246 223441 186894 246399 542043 546480 408135 282021 630309 440585 349190 311016 328836 666041 129256 658135 276646 613126 228089 809221 536027 357148 341499 609279 459554 332513 359918
250661 593209 678618 314263 651895 255624 893139 480327 627894 533740 913753 890368 202682 665869 585301 348455 775244 306831 965625 341839 429524 562494 145719 464288 505116 567085 658257 196193 158790 437001 888458 862850 452179 429583 302551 515345 260120 736091 783483 501582 999999999 458374 532514 585091 232217 433166 787577 845707 730298 104041 455963 369667 443929 661510 787053 934239 776512 921148 1110556 793718 1066331 107208 50556 567802 177188 622116 992701 197109 573143 765028 377985 625378 653800 364668 708234 316539 601326 898940 923962 901031 623962 833027 631419 251967 406044 715830 863498 419387 299430 575887 856453 287091 1130494 128142 856615 679966 584485 55113 328194 161569
208191 677035 288997 249591 194303 397555 842082 709637 323059 554373 1046586 650896 654528 601249 564314 702305 580188 208335 791550 145188 750928 708298 329520 291341 620116 550146 406311 629004 597517 112734 541667 789406 50179 145162 461618 626405 310276 279124 436691 611649 458374 999999999 601067 683284 526480 402713 702037 876799 272185 417942 667873 88708 607673 781253 438595 725789 869438 751077 811971 437547 806497 390762 414303 110237 627180 219807 778746 647161 818574 845277 509642 394376 780125 542371 824586 486220 508179 676598 716823 874662 503337 492752 367612 621499 738744 588249 511542 629367 243320 452336 542267 544051 829685 586433 916640 522486 161962 486082 684133 389161
513204 76515 573612 371513 735953 291783 366998 216098 448731 63393 446488 500715 665523 188462 111968 384553 378713 421693 499100 477336 351942 127275 455202 326518 58391 105468 393388 502574 507764 492175 629624 347174 554605 459390 230848 53810 347983 759392 564702 52881 532514 601067 999999999 82708 322560 198759 289483 316828 768481 431914 184254 559741 124902 180457 568980 502819 274029 459169 737393 583519 659062 593061 545285 676191 653687 569397 554775 554081 290921 253670 154532 361905 180176 177026 223628 216089 198308 489342 493599 369645 233629 584765 401187 396320 363849 276279 620346 181306 667295 233871 565008 269830 756665 575864 338018 291478 585281 493627 383550 383595
588534 20269 651176 450688 818330 358056 344329 191358 524761 139899 365861 540758 699895 225286 170007 386686 424250 500722 513129 557703 336612 68105 521704 408868 80389 170839 463269 529392 540081 574745 690118 338108 637063 541989 290901 70372 422060 840206 632560 85227 585091 683284 82708 999999999 362201 281348 299352 262374 849686 488498 174366 640176 145221 97969 636776 530234 198835 477051 773153 651739 688097 654299 603101 758895 690889 649715 577726 581453 237818 182396 213721 433858 97477 220510 142439 271793 262060 524346 521810 335614 295448 648224 474644 417923 353808 317460 683320 189653 741362 305587 622742 306333 791773 613693 272236 346898 667105 541735 390048 445104
345121 372992 654812 291645 712186 142796 689558 249588 565336 340852 681536 757621 343061 485163 399667 176022 634221 320948 799244 381959 230987 332658 228818 388859 284659 383003 562278 188270 186940 455338 812442 667566 498391 432590 123798 294905 221489 774858 718472 282841 232217 526480 322560 362201 999999999 295431 601692 624575 775383 154984 223753 448464 217479 432007 722601 784085 547628 756164 991697 733137 930629 320954 262062 632049 331259 616187 840880 237255 347959 538018 175966 525938 423760 145663 478129 120583 442753 757652 774017 690558 473068 758528 546980 109195 214956 553476 792955 187498 466868 436682 764687 56293 1011766 253478 630358 535545 599210 183100 158496 145820
338362 274387 403108 186568 540591 181292 487750 349213 290883 153381 643915 467064 608717 243925 177871 436016 346569 235522 532523 284908 443348 313471 316174 134738 225021 160523 269980 479334 469373 293416 521800 447131 355905 260642 171930 229611 189418 571736 434314 216104 433166 402713 198759 281348 295431 999999999 364863 487247 578991 330255 306536 366356 234910 379212 438585 503144 467694 488018 698131 450731 642228 462403 428503 478209 589944 385984 561364 524217 450332 444472 155996 233505 378671 203942 421973 181426 168865 471055 492883 508147 190951 469287 260108 401081 443389 282980 504543 277106 492978 145595 470603 267923 718232 515954 520668 248978 393730 411660 425709 271682
695829 279402 544692 542822 770956 532230 141837 489293 423921 260871 474940 272459 942609 122033 203643 673155 191041 587383 213800 622842 633058 366618 680351 418072 343535 221415 332479 787127 788632 591576 475148 87478 651925 561642 491376 335562 554278 755859 458974 340410 787577 702037 289483 299352 601692 364863 999999999 237515 771350 683559 466086 696085 414055 329411 462340 238892 315570 178514 487326 477958 395227 826360 789093 738496 928036 575195 281009 837812 530737 287109 425847 324989 339340 460056 333722 484653 203267 245948 231834 182664 199638 450315 364846 684088 648013 117837 479778 469590 847075 253052 402651 552954 504710 850708 297410 186866 617078 757409 672826 627537
821735 252631 764987 672948 975733 608555 155095 426314 638601 337072 240691 502907 960841 284842 313374 631713 428189 722479 394502 771348 566005 302720 771692 585685 341087 328845 552704 788252 800909 764094 712604 195989 827266 731687 546625 330809 660129 973235 693306 344208 845707 876799 316828 262374 624575 487247 237515 999999999 987027 747051 424189 851701 407389 212467 696847 451518 121250 377565 695023 712564 594686 909771 861100 931850 952582 785787 477259 840211 416454 107174 469352 537209 223787 482059 182061 529909 374970 471916 447151 113033 390678 687335 579810 675497 588235 340745 717190 447624 976820 432578 640115 568670 710066 875624 61331 405003 819685 803559 638617 700182
479721 838219 227787 484183 86363 636398 911135 921789 348963 710239 1192014 620146 926576 702841 697804 950409 600938 456633 787530 400888 987829 890653 597743 444601 803076 689023 438891 895908 865902 320067 429721 852207 282757 344544 689329 806803 553899 21025 356834 794089 730298 272185 768481 849686 775383 578991 771350 987027 999999999 683912 878748 360784 810366 944215 355915 706293 1010908 756076 704457 345333 733506 661342 686488 165263 899172 202608 746715 916912 1026893 983292 718822 450184 946026 759943 981336 711759 617025 654890 699860 954001 596999 401781 408162 877301 979459 654506 401101 844209 494117 560881 466537 782701 718169 858234 1037497 586211 185613 756135 933681 648401
215605 495321 604877 229925 611407 151612 790135 402409 541685 430518 827844 790985 287220 561832 481448 308805 674218 235291 862366 283691 378658 471436 89926 371828 408132 463204 564306 212001 183255 373533 801162 759133 401180 359865 201094 418241 166749 687026 698343 403937 104041 417942 431914 488498 154984 330255 683559 747051 683912 999999999 372864 331887 351129 569350 702098 832538 683121 817939 1014371 709902 966996 169247 114671 527868 265301 553757 890922 236933 502801 670002 277824 530354 562365 269770 616602 217220 497894 798305 822262 799105 521202 745743 539746 216070 358940 612455 777487 333964 316619 474039 765038 203441 1034391 198028 760713 578113 523278 86556 288662 59055
525902 191994 709502 418603 831642 282469 518555 43058 593672 238337 457812 684463 540897 372453 294934 212375 561635 463664 678869 526817 168067 121469 430156 439453 125993 285604 554945 365769 381742 572023 800864 511566 628440 541917 210889 132258 366286 873181 726368 131570 455963 667873 184254 174366 223753 306536 466086 424189 878748 372864 999999999 605846 73103 217356 730692 686568 332329 640331 921467 744268 843155 541804 484371 760613 535171 691080 737722 417412 150736 327316 160518 520389 207633 126181 260743 185783 374623 673583 677451 507694 410251 752845 554940 252453 181927 460406 788680 40704 666965 398527 739608 169998 940790 460149 419550 471134 693316 405973 216464 345123
119666 636253 351605 191093 282671 327500 832604 646418 357198 519671 1005937 679802 566281 586852 538687 623220 595680 142828 807924 82474 676440 657939 242634 278033 571466 522869 429061 541945 509898 119940 597051 783352 93779 140991 395850 578717 240617 367272 489588 563450 369667 88708 559741 640176 448464 366356 696085 851701 360784 331887 605846 999999999 550482 737530 492063 748832 832658 765611 858722 493383 843573 304298 325788 198507 539009 284652 804236 558994 755656 810238 451915 410147 735234 479669 782587 420920 495297 701860 739341 860854 496725 545164 391473 539392 662679 587607 567827 566197 179848 443035 588368 470946 877211 497728 886908 526026 233334 397910 604513 307183
479557 157588 637350 360419 765836 237183 482391 114794 520755 171097 479851 618853 554961 311753 230250 259675 495035 407654 623974 469699 232432 120692 395504 368775 72433 219003 482120 385956 395291 508130 728825 468097 566310 477205 164814 81927 314980 804199 653413 73995 443929 607673 124902 145221 217479 234910 414055 407389 810366 351129 73103 550482 999999999 218257 657737 625807 332669 583862 856456 671265 781071 519546 465552 696880 545698 620480 678610 437956 216530 321361 98590 447436 211263 82140 265472 141448 305140 609895 616413 478280 340598 680396 481842 276187 241676 396510 716232 57114 626515 326406 668342 161373 875972 468473 413389 402420 624763 398602 258774 313693
682830 106293 741321 547545 914821 447623 332611 214680 613658 234268 269383 591971 758189 287845 252967 420188 484030 597440 536716 655061 353608 99356 609937 505526 169597 258014 546278 583070 598819 672627 761132 343658 735003 639847 377691 160988 516074 934176 711995 176570 661510 781253 180457 97969 432007 379212 329411 212467 944215 569350 217356 737530 218257 999999999 716113 568132 115785 506108 816034 731435 724595 737505 683807 856355 752042 743231 609547 634621 212141 110405 302422 519231 11647 299779 47524 356387 343705 570571 560794 309549 374350 722797 561158 469716 375774 377252 757086 246509 834461 392519 691427 375834 833709 676425 202245 418505 762699 614806 427968 530287
571349 619801 154768 473588 392434 585998 591679 770868 160556 505717 925778 265756 987036 433860 466863 874154 273356 482972 435908 466460 879922 695193 641948 335906 620401 466671 176245 893021 874573 377248 105217 531771 403271 370292 604128 619752 536004 336192 4324 612045 787053 438595 568980 636776 722601 438585 462340 696847 355915 702098 730692 492063 657737 716113 999999999 352499 751100 408276 375041 15749 384245 763490 759736 404684 963106 222048 390920 930704 858769 721713 593369 210304 721605 641748 741945 617690 374745 301694 346763 639770 342200 54261 178497 831468 881369 357758 77234 707854 671451 335540 112667 703653 392141 900000 754301 300956 282656 788277 863105 647437
785469 509969 487209 643636 732625 684403 305818 714860 404034 457047 691549 86836 1111293 314377 396379 883865 160335 677174 86115 692246 854576 598327 806164 492018 560685 409727 320589 972303 967108 630384 313581 255719 679525 608061 663121 554363 678612 687153 350986 555695 934239 725789 502819 530234 784085 503144 238892 451518 706293 832538 686568 748832 625807 568132 352499 999999999 547994 76367 248720 365043 157874 949595 924406 726371 1092965 541321 58517 1020247 766010 520771 612354 339210 577910 654550 572010 663506 341557 51605 10277 357488 313305 315307 358981 879114 866599 232000 331341 682892 921426 358501 250994 742898 265865 1018404 512665 254429 597216 914784 880488 773596
