NAME : synthetic_000461
TYPE : CTSP-D
DIMENSION : 100
GROUPS : 8
RELAXATION_LEVEL : 1
EDGE_WEIGHT_TYPE : EXPLICIT
EDGE_WEIGHT_FORMAT : FULL_MATRIX
EDGE_WEIGHT_SECTION
999999999 898008 664210 687416 553011 583931 596762 501496 893137 210187 723132 220248 618109 291447 937794 999597 728145 468367 658631 874591 883643 952371 684691 558790 290619 960910 497418 928125 677954 289944 752538 449439 843726 540294 533125 843602 654811 720659 977790 57002 642668 823829 545114 618758 675694 604702 621435 227714 565751 856969 662387 856855 901792 963942 790758 535710 940154 384500 595575 620460 138942 779563 400311 629431 742128 853988 507801 122271 692301 679088 496810 979613 662083 535326 676167 279399 740978 141253 612847 621881 92149 488057 847366 770531 675294 740589 151838 739820 505864 851089 53872 407862 444558 880223 278254 237730 230526 954752 520581 567154
898008 999999999 644427 525116 668571 709619 336616 806840 157840 897995 177352 687344 800523 962989 79247 389424 186118 497876 273697 60064 215940 181216 416566 350926 836924 77538 686540 528121 429241 668524 568916 454613 462474 364220 440340 577975 257712 514488 286958 846156 620857 493733 710146 788600 227479 797533 796677 670298 513655 465650 358925 344132 27442 82414 572114 451791 396806 717749 533636 377535 781860 192877 664518 897735 325986 71652 642557 929237 900522 410735 698223 337235 635404 421438 462396 814684 232110 903412 407215 304222 905970 409968 413881 342491 624560 192212 824504 564835 883789 562756 947514 491772 455372 18074 647674 697465 747082 156153 378559 620834
664210 644427 999999999 121265 891337 105991 609715 238548 757014 813139 518755 488715 170132 906308 622308 465702 484118 654769 617544 587485 793015 558780 794313 554098 412131 720829 864238 1036449 215437 664003 120696 528285 266929 429214 291165 1021145 444541 142164 509368 611725 920135 229401 916138 157846 558969 172402 165032 530049 177686 276502 722290 867745 666999 725905 152994 681065 953559 803020 817695 292278 646119 687560 264992 267829 320227 658067 156996 769454 257938 234225 174442 477362 9177 641231 824681 802551 682263 567043 261236 398983 735075 479206 303066 312763 23286 636099 515948 946704 306875 1015438 714491 505904 505613 634962 613870 443494 699400 788075 501316 865456
687416 525116 121265 999999999 832838 208978 523092 335277 643066 810243 408564 487978 288288 901588 501175 362526 371562 592336 521750 467528 681976 438365 706984 471447 470868 601044 812311 938755 99626 634372 78106 466529 170149 348200 221845 932473 340678 34387 394405 631743 850203 140890 861608 275937 457362 288709 283544 518789 128338 182260 632738 764481 548282 606145 111744 608472 847900 764894 745512 192764 644537 580485 295050 386877 199700 542167 201043 780926 379186 118656 244144 367072 112669 566507 741026 783797 579406 610769 165329 299739 747314 409522 195266 191578 99984 530384 548443 864981 409941 925251 740240 453657 445164 516280 586118 452789 681782 671181 424678 802076
553011 668571 891337 832838 999999999 871659 359355 870004 568703 400417 561388 492645 950558 408431 741600 970603 595969 240718 407401 684759 526252 815599 265297 386431 730722 692576 56962 415779 758142 286671 910549 366427 912317 492976 611267 311166 558759 852315 895841 537865 99794 916888 42042 944242 477978 939315 950742 435740 718050 923580 310002 429605 654930 692719 940155 240948 483346 169773 136371 655967 422269 479158 688523 1011164 742327 598781 766085 489477 1055824 745454 796756 927520 884119 283479 225497 294551 437246 661416 675027 570559 491022 424524 885553 779600 887304 478126 609412 212555 916932 323596 572090 385464 388206 652632 327488 546945 323795 629285 416223 48592
583931 709619 105991 208978 871659 999999999 624929 132601 807926 748293 566889 430130 93568 841622 696725 567041 536986 643520 643399 655563 838085 643199 806483 566614 316173 787040 838776 1058795 286176 622904 226034 520596 369150 445481 308115 1032096 485966 237269 603380 534453 911412 332923 892355 82858 593754 88461 90895 478096 202692 379456 738335 899569 730108 791984 258984 679322 988158 766233 812812 337692 583274 727487 198810 188260 395165 714192 105616 695244 202161 303066 88217 575140 110028 642706 832138 749809 716090 476167 306278 436754 660838 481443 401654 395144 127507 674876 432749 950336 202888 1028293 631910 490257 497663 698298 572571 379238 647671 845172 509522 850903
596762 336616 609715 523092 359355 624929 999999999 672221 297138 566302 202874 411692 716162 627416 399960 611581 236614 161269 65194 338293 288132 461522 184714 59155 618554 382964 364321 434699 433339 338571 596279 154390 569224 180973 320150 411461 205571 534532 537103 551382 344052 580061 398017 706733 120573 707948 714472 377072 433387 579354 113461 292189 330977 384908 619727 121527 383099 382126 239855 331383 467574 183494 491316 798642 394359 276182 526112 607651 826084 417352 573149 568167 601130 85511 218108 479004 144246 635461 357767 229461 588220 153037 536962 430928 599091 151205 559225 342435 739081 405823 641295 201030 168261 318898 326200 441634 417942 359839 118384 316384
501496 806840 238548 335277 870004 132601 672221 999999999 889375 686516 650576 391459 119527 778260 802844 696807 626080 658847 701847 756337 912941 758874 845295 613097 213990 884243 830310 1105299 399692 599644 358560 545800 500032 502258 377151 1065555 565983 365869 727388 458854 922854 464592 884968 123068 663213 106454 123760 446320 293973 510713 783223 959054 825010 888998 391522 705046 1049504 744376 831061 429305 529436 798869 185972 142127 507312 802450 164287 620041 196122 414449 108685 702236 242587 673512 864855 705952 781227 377602 399968 515570 586407 520569 530206 512764 260062 746234 351025 976256 77642 1064066 544286 507456 523851 793897 551167 335683 608273 932501 553845 856230
893137 157840 757014 643066 568703 807926 297138 889375 999999999 856248 241044 699500 901146 909249 233504 547061 272976 446668 234522 211380 59455 338709 304026 336164 883461 136173 597116 371879 543708 632327 696811 445325 605773 400891 512306 430161 323812 638327 444791 846411 504843 633610 610706 889811 234916 896305 897948 670404 605653 610487 267633 191718 131364 134434 705309 387091 238972 650058 432758 470508 764704 113677 727683 995101 451607 105165 727422 903473 1006318 524643 781673 494920 747839 369670 347041 762196 154585 922973 502104 374121 884911 420443 558884 475318 739322 156156 844978 431752 963846 413768 938281 489820 453919 153546 623061 721620 711448 64094 383516 520119
210187 897995 813139 810243 400417 748293 566302 686516 856248 999999999 736605 325048 797304 93383 952272 1077191 753163 409655 631482 888200 833190 989509 596484 547356 486192 949058 343788 808257 777210 229509 883078 449909 948458 576017 617937 709682 686493 840678 1035846 233353 498855 935957 380711 795993 670895 784037 799856 292016 682215 961627 597298 776362 895359 951106 920199 470553 849379 236836 481978 698499 167134 745113 551540 821923 817082 841737 657697 100918 881801 773452 660217 1048344 809249 487147 575068 106973 702204 350390 700160 667046 119936 507161 941819 850531 819848 717503 340765 607770 702271 720676 200983 423394 455748 879952 256793 370396 151932 920263 529421 428288
723132 177352 518755 408564 561388 566889 202874 650576 241044 736605 999999999 510546 660145 807606 216937 412961 41989 354589 158015 152840 274266 261021 348257 194427 663170 248213 567073 542063 309050 508028 468920 287230 402932 186870 274977 556472 85453 408088 334467 670491 536995 422996 600560 648845 83606 655261 656981 495587 364636 410758 274695 360550 186635 252203 482844 324207 440661 577179 436460 229669 611100 173414 496118 754096 231227 153115 487599 760340 765668 290136 542340 367509 509583 285553 391570 660770 180917 726065 261312 135524 735537 236411 362618 262672 502068 126918 647154 512045 725958 545599 773411 320159 284601 160340 481780 520129 584696 282010 208328 517231
220248 687344 488715 487978 492645 430130 411692 391459 699500 325048 510546 999999999 490193 417913 722347 782170 512106 321589 467622 659926 698435 732839 538718 364166 239597 753879 447395 798872 465428 210834 559221 257356 634663 324730 314756 733836 438110 519480 757740 164190 560061 618425 501968 486868 471721 477461 491847 57035 361133 647939 498238 694415 693451 757269 596692 384152 783057 354342 483482 401492 157954 587838 231328 533294 523280 648857 334606 294836 585931 464723 343517 760586 484589 369315 543079 320008 553381 224013 395784 402916 262181 281323 634089 552746 494915 543742 147683 634510 428569 736910 273572 211051 245983 669888 165421 56068 218911 758436 316999 487509
618109 800523 170132 288288 950558 93568 716162 119527 901146 797304 660145 490193 999999999 889877 784822 633731 629756 727288 736153 745640 931617 726516 896594 657547 332997 877792 915008 1150529 373839 691995 286248 606571 435044 537574 401031 1121468 579483 311994 679489 573398 994822 396443 969158 12354 687227 13408 5743 542112 296219 443827 829416 992654 821508 882775 312632 766146 1081419 836614 898006 430716 636386 821047 264513 98707 482212 806782 191191 735085 109946 391488 153803 647134 177573 730666 921036 809299 809440 496761 399202 530316 701121 570588 472873 478940 193351 768427 466697 1037860 158781 1118136 662168 573724 583762 789608 642182 436064 709076 937740 599855 932190
291447 962989 906308 901588 408431 841622 627416 778260 909249 93383 807606 417913 889877 999999999 1021066 1160649 827028 466928 692026 957371 881344 1064201 633589 615022 575326 1009697 355038 823965 865821 300956 974977 523913 1037126 655196 705586 718987 762937 931641 1115323 321939 508139 1025688 380512 888735 737720 876582 892501 382815 773376 1050238 644579 812721 958361 1011396 1011925 522356 879626 264589 510512 784342 260190 800781 644920 912539 901451 903518 751010 170790 973087 861370 753524 1130108 902352 544731 606553 148412 757126 432661 787490 746862 199374 584044 1028921 935607 912821 777631 430286 620854 791729 731900 270516 501950 532221 945071 336042 463756 230023 973305 603193 444346
937794 79247 622308 501175 741600 696725 399960 802844 233504 952272 216937 722347 784822 1021066 999999999 319080 210261 560061 339945 64174 292572 107258 493502 406062 853066 119432 757005 605224 411038 723095 535597 503814 415717 397858 451287 657087 284429 485848 214511 884264 697262 450194 782868 772638 283724 783130 780576 710816 509241 417009 433248 422398 102931 124259 533898 518622 471423 782028 607728 377915 827899 270216 674248 883200 302754 150108 639691 977272 880205 393718 695240 266960 613553 485466 539421 873345 307657 932208 404767 324367 952341 453005 366118 311096 601111 263477 853746 643598 880425 641766 988705 537020 501537 91514 698352 726784 800509 219669 425203 694314
999597 389424 465702 362526 970603 567041 611581 696807 547061 1077191 412961 782170 633731 1160649 319080 999999999 375527 747929 570965 337624 604218 212023 758102 587842 823397 437364 970817 913937 327890 863998 347539 647744 198828 509439 467445 951779 415772 330982 105264 942603 949957 237339 1008444 621726 496113 637389 628310 794235 449651 189956 686390 727637 416442 441930 324627 730210 785948 963056 848945 381592 924054 551981 639034 728233 260620 449138 559209 1072676 702942 323077 605935 52241 459522 688725 802555 1022710 577510 948121 386771 418267 1041781 583633 167491 229441 442547 523272 877543 919945 769868 938383 1053462 660985 634568 394038 824850 763180 930642 538743 574087 927947
728145 186118 484118 371562 595969 536986 236614 626080 272976 753163 41989 512106 629756 827028 210261 375527 999999999 382077 196936 148612 310454 237241 388938 220198 651073 261622 599163 583626 271942 526289 429783 303511 360991 187870 254838 598391 74284 369479 301706 674291 575136 381392 634488 618242 121237 625446 626380 501752 336124 368777 314800 401393 200716 266069 442633 356761 480245 603475 473483 199473 621397 213777 478693 724917 189956 177369 462141 771727 733938 252906 517453 331558 474942 316582 431791 681449 222832 722900 230728 118210 745672 247331 320651 220868 466686 168587 644253 552958 702312 587569 779419 331934 297855 171006 496824 517157 601359 308303 223997 552694
468367 497876 654769 592336 240718 643520 161269 658847 446668 409655 354589 321589 727288 466928 560061 747929 382077 999999999 225283 497574 426020 615611 219922 161959 555365 542770 226715 477430 517819 188012 669948 126754 674661 253856 371068 415116 332161 611598 682997 430837 267892 677603 271696 719873 277182 716916 726856 272670 479514 686259 195140 388489 491997 544476 699437 67346 472625 222793 172217 416128 331538 335577 473110 796450 508058 436794 538272 460275 835312 505515 574699 708528 647238 77908 221490 318604 292553 533575 434478 336154 444818 183889 650371 545322 649510 310715 464198 319666 714904 416909 507106 153567 149211 480137 190161 366436 266065 510646 178580 210863
658631 273697 617544 521750 407401 643399 65194 701847 234522 631482 158015 467622 736153 692026 339945 570965 196936 225283 999999999 279915 231209 408271 194226 103632 664780 317936 418270 418906 426920 403714 591253 211431 548128 200034 335297 413269 185927 529105 490259 612010 379008 563129 447613 726071 75872 728876 733999 436351 445289 557262 118877 257509 266790 319823 611327 178741 347687 444052 279269 329251 531115 121120 525910 822702 372517 211522 549078 672309 845541 409530 599054 525164 608663 148035 235632 543628 86343 691609 358463 222034 652438 195078 511823 407539 604772 86022 614373 358372 771633 404799 704038 256792 221701 256222 390413 493652 483078 296376 157613 361917
874591 60064 587485 467528 684759 655563 338293 756337 211380 888200 152840 659926 745640 957371 64174 337624 148612 497574 279915 999999999 267148 137847 442751 342358 796702 133560 698051 576414 372890 659089 509636 439641 402501 335212 396337 618952 222864 455893 238310 821330 644798 433669 725671 733620 220634 743073 741662 647389 462432 405800 378849 390411 86613 138679 512299 458035 449278 719944 552300 327864 763904 222760 620423 843327 267937 111595 592293 913175 844329 354659 648004 285868 578518 423760 488628 809786 256174 871509 356432 265099 888344 389080 354013 283087 567254 207866 792865 597594 833639 604626 925300 472984 437433 58203 634180 665765 736410 215796 361051 638011
883643 215940 793015 681976 526252 838085 288132 912941 59455 833190 274266 698435 931617 881344 292572 604218 310454 426020 231209 267148 999999999 397131 261138 334827 893416 194203 558390 312655 582349 613790 739178 441409 654912 415734 536436 371667 352148 679511 502703 839245 456824 681174 568010 920576 250322 926083 928691 665190 635399 660267 236820 132725 189996 192057 749758 362731 182188 619119 391808 502832 751767 115478 745342 1023816 495396 157159 753170 886049 1038320 563329 806397 552195 783844 351474 301657 735892 145075 922445 534473 401457 869395 424936 608977 521341 776283 167232 845443 377934 985998 355030 926804 487400 452742 210181 609134 724781 692083 105717 387421 477894
952371 181216 558780 438365 815599 643199 461522 758874 338709 989509 261021 732839 726516 1064201 107258 212023 237241 615611 408271 137847 397131 999999999 579371 454978 834934 225415 825319 709282 359293 763368 460422 540445 327806 416965 436544 755974 303543 417636 107255 896934 780078 365093 855883 714175 340984 726429 721840 729609 471401 326945 513495 524708 207345 230028 453069 582958 577434 838159 685275 353226 853279 360583 650525 825176 251946 246906 600098 1004183 815332 344509 654332 160047 550527 545699 625137 918679 393099 930744 374496 330723 976865 482508 278519 248078 536389 342926 853884 735321 836268 741347 1004902 566804 533767 188775 732819 729028 837904 326867 461033 769699
684691 416566 794313 706984 265297 806483 184714 845295 304026 596484 348257 538718 896594 633589 493502 758102 388938 219922 194226 442751 261138 579371 999999999 240797 766679 431472 298140 263172 615449 396824 779220 302328 742230 365220 504161 226848 378733 717238 671035 649642 204574 756511 307177 887563 269396 887850 895173 491885 617652 751446 75700 179947 399539 431183 801356 154680 256419 369001 130891 514615 546261 223691 660862 976017 566549 345063 705641 662957 1006505 598828 750281 710283 785757 174615 45938 493371 186604 753418 541780 410062 652133 326477 706013 601733 783802 237104 683258 164239 908425 221922 720314 345686 323039 402233 408001 579982 468935 364040 296961 216840
558790 350926 554098 471447 386431 566614 59155 613097 336164 547356 194427 364166 657547 615022 406062 587842 220198 161959 103632 342358 334827 454978 240797 999999999 563430 406177 383076 493687 384932 317852 546057 109480 528915 124964 263454 467529 172880 484831 521076 510802 384214 536820 422490 648216 123555 649216 655922 334388 377043 539689 171881 349681 349808 408757 571155 146225 440666 383481 278741 281915 434905 223760 432538 739594 356578 298328 467261 579833 767487 369903 514050 547374 545633 103117 270837 467471 189842 588103 306472 186074 557968 94948 499933 393756 544242 181879 510767 393981 680169 462636 605526 153706 118183 332858 297475 390197 396191 396581 59334 347243
290619 836924 412131 470868 730722 316173 618554 213990 883461 486192 663170 239597 332997 575326 853066 823397 651073 555365 664780 796702 893416 834934 766679 563430 999999999 910850 683521 1029371 497952 445373 519739 469068 640259 483344 402070 970138 579561 505159 829570 253397 799657 611528 737653 335270 648552 319719 336888 295703 375355 652716 717839 909883 849279 915001 557049 614090 1000370 583998 721456 481835 341922 778480 186350 338873 590632 814157 270314 411489 401766 506380 237842 816633 412570 592920 775662 521765 750590 163784 461099 532866 378788 469726 657912 608515 428474 728969 145441 872236 216420 972266 331085 423166 451583 821164 403373 189299 433052 936466 507167 726985
960910 77538 720829 601044 692576 787040 382964 884243 136173 949058 248213 753879 877792 1009697 119432 437364 261622 542770 317936 133560 194203 225415 431472 406177 910850 999999999 716130 502196 505922 720490 642604 513393 530444 433765 516413 565863 331335 589367 332273 910286 635120 563356 734577 865844 285410 874894 873913 733624 591166 532619 384080 326886 61603 5161 644136 490624 363311 757673 556243 454954 840728 214925 740299 975113 401492 107871 719956 985928 977351 487533 775605 385458 711840 465010 476099 861353 258482 972427 484717 379101 964095 473777 481178 416063 700715 232093 893501 566822 961133 549219 1009330 553153 516476 90763 703443 766819 799695 104022 440349 644121
497418 686540 864238 812311 56962 838776 364321 830310 597116 343788 567073 447395 915008 355038 757005 970817 599163 226715 418270 698051 558390 825319 298140 383076 683521 716130 999999999 469164 742319 238154 890358 347132 901155 480225 590540 366657 555796 833567 900707 483911 155291 903294 54731 909210 484776 903428 915467 390363 693851 912827 332138 470170 674846 716652 921330 242867 529419 113296 167453 641612 368344 501300 651373 972070 734618 618352 733552 432516 1018754 730714 761386 929582 857357 282659 262839 237697 458159 608394 658500 562596 434252 408630 877069 771902 861533 494490 558715 266390 874397 378483 515572 359846 367628 669964 282074 502548 269256 659174 405291 89846
928125 528121 1036449 938755 415779 1058795 434699 1105299 371879 808257 542063 798872 1150529 823965 605224 913937 583626 477430 418906 576414 312655 709282 263172 493687 1029371 502196 469164 999999999 841906 638431 1005638 565177 943777 613364 751807 114840 598576 943711 814008 898649 316575 965015 447279 1140935 481677 1142484 1148728 749788 863392 950876 322242 186763 502547 499242 1022705 415557 143381 571426 333058 747169 789379 372012 922033 1233272 773258 464831 960782 888518 1260389 823816 1007662 862276 1027569 437773 256280 701306 362063 1008678 776922 639543 883427 584768 901217 804398 1023576 415147 941201 203229 1169973 97431 958174 608846 585493 521092 658325 841917 701978 401272 552391 380936
677954 429241 215437 99626 758142 286176 433339 399692 543708 777210 309050 465428 373839 865821 411038 327890 271942 517819 426920 372890 582349 359293 615449 384932 497952 505922 742319 841906 999999999 583700 164333 395383 171308 266042 161431 839450 243332 102185 334222 621071 767958 163410 789358 361686 360232 372105 369653 486302 122625 184441 540433 666048 451601 510974 186431 526674 748831 705426 662601 103218 615905 481325 312254 472163 109009 443384 243688 759933 471456 19066 296476 318681 206357 483842 651311 738748 481389 620392 84025 205555 727572 334055 169416 114105 196355 431609 550726 775742 477008 831536 731737 390457 375732 419563 538128 440262 639478 572959 343416 724387
289944 668524 664003 634372 286671 622904 338571 599644 632327 229509 508028 210834 691995 300956 723095 863998 526289 188012 403714 659089 613790 763368 396824 317852 445373 720490 238154 638431 583700 999999999 711347 222973 753431 355716 422427 556951 462053 661043 815168 261786 364350 746704 292318 687399 441386 679771 693056 154186 507659 766225 382436 572440 666179 722660 746105 253687 653149 144885 306619 494221 151030 519800 427764 741769 607160 612930 520342 272293 791938 576651 540389 831577 658266 262970 386377 158712 477747 379589 501721 447527 257287 283494 740114 642486 665355 489612 323298 453684 639339 563407 323525 203035 231660 650476 50407 266671 79375 696002 302337 289067
752538 568916 120696 78106 910549 226034 596279 358560 696811 883078 468920 559221 286248 974977 535597 347539 429783 669948 591253 509636 739178 460422 779220 546057 519739 642604 890358 1005638 164333 711347 999999999 544363 149146 423937 299838 1003654 407274 62148 399448 697722 926553 110207 939543 274297 524105 290250 280803 592561 203919 157595 704407 828309 593616 647760 38261 684775 909581 842711 821620 264896 716658 642215 354302 380992 245480 593580 251401 850019 359995 181969 283862 363121 116008 642533 814387 859579 644418 667596 239687 369723 816096 486790 190208 226568 98530 593601 609565 938652 427570 995834 804652 531761 523098 561998 662788 521087 757205 719850 500853 879370
449439 454613 528285 466529 366427 520596 154390 545800 445325 449909 287230 257356 606571 523913 503814 647744 303511 126754 211431 439641 441409 540445 302328 109480 469068 513393 347132 565177 395383 222973 544363 999999999 557007 139333 244846 519763 239495 486777 593764 401335 392534 557137 395309 598603 228238 596727 605811 225079 352763 569069 248849 441660 455664 516182 574609 159925 531749 317165 292285 295720 327559 332415 360222 680072 397068 405819 416093 474718 715571 384253 455725 612682 520685 128247 319165 379645 296495 481244 311464 229498 451436 64644 536509 433793 522800 291357 404840 431901 606867 518525 496582 46827 22959 436575 194561 288212 298003 506024 79543 337612
843726 462474 266929 170149 912317 369150 569224 500032 605773 948458 402932 634663 435044 1037126 415717 198828 360991 674661 548128 402501 654912 327806 742230 528915 640259 530444 901155 943777 171308 753431 149146 557007 999999999 420932 332173 958113 364617 136516 254491 787157 912127 39883 945817 423001 474044 438578 429653 657296 278421 13279 666613 759597 489063 535568 130356 674724 833471 871467 806902 261857 786642 572078 461096 530137 175716 500610 371041 929485 507614 176804 413770 214840 260879 631449 782267 909322 583823 776112 251711 342859 896773 493462 49674 140890 243817 529395 710547 906076 572025 947851 897253 556942 538899 459163 708562 606299 810526 618172 496506 875377
540294 364220 429214 348200 492976 445481 180973 502258 400891 576017 186870 324730 537574 655196 397858 509439 187870 253856 200034 335212 415734 416965 365220 124964 483344 433765 480225 613364 266042 355716 423937 139333 420932 999999999 139191 592066 114770 363501 460216 486448 502770 423979 525391 527789 166419 529900 535633 314302 252463 432643 294235 457543 372466 437516 450740 261073 547619 456469 397708 163200 436334 300331 329755 622902 257852 332618 349308 587218 647298 252672 399020 475918 420719 218621 395782 514235 279355 539226 184555 91811 560092 74701 398213 294704 419281 248770 460307 518657 573019 586733 591695 153247 125128 347129 319732 333333 425866 453122 77382 458415
533125 440340 291165 221845 611267 308115 320150 377151 512306 617937 274977 314756 401031 705586 451287 467445 254838 371068 335297 396337 536436 436544 504161 263454 402070 516413 590540 751807 161431 422427 299838 244846 332173 139191 999999999 730961 189689 243638 446979 476226 632154 324281 639768 390836 288018 394056 398787 329064 113661 345170 433422 591639 455545 520888 331122 391401 680603 546670 528502 87684 459212 423266 224310 489436 209034 427911 216933 606169 510270 155809 269995 446521 282867 350768 533644 577337 409020 495721 82370 139454 574803 189959 323953 238006 282582 370494 420262 655542 451620 725828 586912 232880 223337 425709 376697 299165 478371 556804 210187 581434
843602 577975 1021145 932473 311166 1032096 411461 1065555 430161 709682 556472 733836 1121468 718987 657087 951779 598391 415116 413269 618952 371667 755974 226848 467529 970138 565863 366657 114840 839450 556951 1003654 519763 958113 592066 730961 999999999 599114 941542 856617 818734 211473 975194 339249 1112685 484805 1112412 1120209 681480 844485 966497 299805 239139 554751 563712 1024482 361287 234863 474074 252032 739779 706212 399812 879943 1198798 783478 509226 930301 794483 1231254 822361 973455 901410 1012577 392268 200869 602927 377661 934181 767562 633933 792162 550896 918996 817242 1010511 432894 870897 103841 1125822 19117 869790 559545 541745 567924 583032 780930 614130 471683 522943 281936
654811 257712 444541 340678 558759 485966 205571 565983 323812 686493 85453 438110 579483 762937 284429 415772 74284 332161 185927 222864 352148 303543 378733 172880 579561 331335 555796 598576 243332 462053 407274 239495 364617 114770 189689 599114 999999999 345244 354862 600659 549579 377785 595259 568428 116900 574049 576544 429071 283274 374406 303036 424203 269807 335535 425979 317884 509095 549149 445042 152304 550483 243316 410796 672163 189149 238565 403622 701208 686280 225326 458009 376947 435434 275322 417888 619139 238845 648694 183636 50414 674472 179349 331405 225462 429426 191570 570015 542000 641042 590343 706369 263354 230964 241675 429702 442905 535219 367116 161523 518367
720659 514488 142164 34387 852315 237269 534532 365869 638327 840678 408088 519480 311994 931641 485848 330982 369479 611598 529105 455893 679511 417636 717238 484831 505159 589367 833567 943711 102185 661043 62148 486777 136516 363501 243638 941542 345244 999999999 367760 664827 866271 106506 882071 299663 462107 313500 306995 548866 158563 148391 642360 766873 538518 594503 87851 624551 848669 789467 761166 203222 675467 581183 329317 409969 188814 535884 235182 813052 397704 119918 277272 337906 134439 582099 752626 811950 582702 645047 178953 307609 779560 427947 164520 174753 119273 532203 582389 876953 439547 933694 773604 476488 465947 506674 613318 485411 710369 663427 440665 820263
977790 286958 509368 394405 895841 603380 537103 727388 444791 1035846 334467 757740 679489 1115323 214511 105264 301706 682997 490259 238310 502703 107255 671035 521076 829570 332273 900707 814008 334222 815168 399448 593764 254491 460216 446979 856617 354862 367760 999999999 921221 867825 294158 935003 667187 417886 681245 674399 762412 455401 250160 601792 628483 313594 336802 384695 658036 683736 902968 769518 359390 890198 457994 643220 776951 240661 349665 577166 1040757 759412 323803 628454 54273 501969 618241 716282 973096 486898 940783 372925 368825 1011474 531700 209332 221264 486189 434118 866599 830425 803306 842564 1031284 613434 583517 292943 779919 746050 886075 434105 516378 851453
57002 846156 611725 631743 537865 534453 551382 458854 846411 233353 670491 164190 573398 321939 884264 942603 674291 430837 612010 821330 839245 896934 649642 510802 253397 910286 483911 898649 621071 261786 697722 401335 787157 486448 476226 818734 600659 664827 921221 999999999 623094 767613 534228 573324 625598 560005 576442 176908 509384 800408 622639 818462 850699 913434 735897 497971 903448 373125 568108 563614 115608 733126 347029 591017 685247 803845 454904 161743 652338 622122 446710 922737 609292 494140 644275 282878 695547 126970 555858 566733 127726 436643 790476 713557 622121 692644 108519 715408 469791 825132 110874 358299 394909 828465 241716 180946 214814 907356 470123 547370
642668 620857 920135 850203 99794 911412 344052 922854 504843 498855 536995 560061 994822 508139 697262 949957 575136 267892 379008 644798 456824 780078 204574 384214 799657 635120 155291 316575 767958 364350 926553 392534 912127 502770 632154 211473 549579 866271 867825 623094 999999999 920982 131356 987551 454024 984300 994477 504340 743424 922559 266651 347765 604104 634630 953431 241778 392324 264779 105481 664740 508227 428062 738068 1061998 737998 549463 806145 585760 1102442 753513 841847 904043 912357 284211 159184 392393 389646 743711 687322 569850 585421 442198 880884 774748 913693 437267 686639 113514 975157 223808 665036 421314 415429 606244 398681 611977 412153 562103 425701 75731
823829 493733 229401 140890 916888 332923 580061 464592 633610 935957 422996 618425 396443 1025688 450194 237339 381392 677603 563129 433669 681174 365093 756511 536820 611528 563356 903294 965015 163410 746704 110207 557137 39883 423979 324281 975194 377785 106506 294158 767613 920982 999999999 949275 384472 490390 400306 391006 644057 258393 47388 680811 782176 519941 568501 90552 681601 858106 868716 815533 261684 772462 594372 435456 491008 192154 528551 341357 913046 467826 172943 381602 254686 223757 638384 795404 901003 603660 751154 247003 351294 879929 494676 86819 160951 206494 549905 687568 919678 535575 965542 877068 553719 538050 489480 700662 587281 800959 648721 500708 881377
545114 710146 916138 861608 42042 892355 398017 884968 610706 380711 600560 501968 969158 380512 782868 1008444 634488 271696 447613 725671 568010 855883 307177 422490 737653 734577 54731 447279 789358 292318 939543 395309 945817 525391 639768 339249 595259 882071 935003 534228 131356 949275 999999999 963264 517342 957634 969567 444944 744606 957266 351783 469790 696698 734732 969910 278234 521111 161215 178404 687823 418937 521045 705727 1026692 777195 640500 787014 473592 1073157 777195 815473 965909 909139 320081 266911 277252 479018 659534 705827 605166 477941 455305 920188 814497 912964 519399 611574 244700 929116 352969 560450 410753 416448 694125 336710 557193 319448 671203 449311 90626
618758 788600 157846 275937 944242 82858 706733 123068 889811 795993 648845 486868 12354 888735 772638 621726 618242 719873 726071 733620 920576 714175 887563 648216 335270 865844 909210 1140935 361686 687399 274297 598603 423001 527789 390836 1112685 568428 299663 667187 573324 987551 384472 963264 999999999 676595 18504 8139 538231 285224 431850 820053 982376 809659 870831 301028 758017 1071008 831869 890304 419329 634322 810228 259654 111027 470000 795197 182712 735062 119516 379378 147845 634935 165252 722235 912374 806374 798948 499038 387781 519378 701006 561791 460662 466619 181078 757641 467125 1029592 167297 1109207 663405 566312 575756 777746 637461 433137 705777 926141 590712 925373
675694 227479 558969 457362 477978 593754 120573 663213 234916 670895 83606 471721 687227 737720 283724 496113 121237 277182 75872 220634 250322 340984 269396 123555 648552 285410 484776 481677 360232 441386 524105 228238 474044 166419 288018 484805 116900 462107 417886 625598 454024 490390 517342 676595 999999999 680903 684647 448742 392140 482880 194456 308777 227446 288334 542227 242084 395388 499842 352970 267137 555787 135658 495307 777242 298841 178305 504904 702218 795472 342192 557347 451036 549927 204949 311373 589794 123350 693280 297793 159994 679534 190399 436797 333213 544656 83132 614676 433635 735837 475321 723930 267841 231148 209406 420308 489610 519736 289377 155526 433658
604702 797533 172402 288709 939315 88461 707948 106454 896305 784037 655261 477461 13408 876582 783130 637389 625446 716916 728876 743073 926083 726429 887850 649216 319719 874894 903428 1142484 372105 679771 290250 596727 438578 529900 394056 1112412 574049 313500 681245 560005 984300 400306 957634 18504 680903 999999999 17318 529587 290839 447648 821097 985658 818231 879855 317770 756431 1074640 824451 887869 426145 623272 815060 252543 100254 480794 802641 182209 721687 118925 389492 142689 649765 179416 721267 911860 796409 802836 483494 394738 524648 687729 561628 475468 478559 195688 762385 453289 1028256 148800 1109248 648785 563380 573962 786383 630025 423205 696314 933621 591301 921311
621435 796677 165032 283544 950742 90895 714472 123760 897948 799856 656981 491847 5743 892501 780576 628310 626380 726856 733999 741662 928691 721840 895173 655922 336888 873913 915467 1148728 369653 693056 280803 605811 429653 535633 398787 1120209 576544 306995 674399 576442 994477 391006 969567 8139 684647 17318 999999999 543511 293330 438392 827772 990354 817756 878902 307040 765292 1079017 837606 897410 427467 638612 818313 265406 103338 477914 803331 190083 738156 111670 387376 154096 641881 172557 729626 919853 811150 806973 500670 395920 527479 704155 569313 467636 474359 188223 765720 469929 1036925 164327 1116783 665715 573289 582978 785840 643180 437895 710754 934274 598355 932100
227714 670298 530049 518789 435740 478096 377072 446320 670404 292016 495587 57035 542112 382815 710816 794235 501752 272670 436351 647389 665190 729609 491885 334388 295703 733624 390363 749788 486302 154186 592561 225079 657296 314302 329064 681480 429071 548866 762412 176908 504340 644057 444944 538231 448742 529587 543511 999999999 390560 670507 456100 652786 674264 736727 629311 337313 740204 298314 430206 412808 130156 557424 279939 588371 533722 627019 379172 278821 639819 483459 392929 769274 525295 326594 493542 272903 520755 262508 411402 399096 249062 260366 652628 565380 534467 516086 191528 581215 485182 685173 277910 181434 218014 652520 108399 112528 170006 730944 293324 431322
565751 513655 177686 128338 718050 202692 433387 293973 605653 682215 364636 361133 296219 773376 509241 449651 336124 479514 445289 462432 635399 471401 617652 377043 375355 591166 693851 863392 122625 507659 203919 352763 278421 252463 113661 844485 283274 158563 455401 509384 743424 258393 744606 285224 392140 290839 293330 390560 999999999 291608 546455 699513 532631 595983 239598 503662 787304 640698 640491 136878 516904 525135 189675 389460 220356 513480 130469 655208 403551 131598 186005 441288 169524 463610 647302 655799 515043 500173 106461 234165 621906 301790 287194 234165 170276 472623 432651 769081 371411 839190 619144 334015 330391 501206 458931 328899 553608 644357 323674 690375
856969 465650 276502 182260 923580 379456 579354 510713 610487 961627 410758 647939 443827 1050238 417009 189956 368777 686259 557262 405800 660267 326945 751446 539689 652716 532619 912827 950876 184441 766225 157595 569069 13279 432643 345170 966497 374406 148391 250160 800408 922559 47388 957266 431850 482880 447648 438392 670507 291608 999999999 675884 766299 492412 537726 136266 685626 839389 883827 817409 274193 799877 578987 473931 538342 185281 505363 383270 942760 514514 189671 425480 208612 270688 642358 791757 922234 591537 789055 264527 353710 910051 505401 51802 149726 253503 536937 723641 915412 582258 956061 910489 569424 551100 462833 721462 619556 823538 621589 507978 886388
662387 358925 722290 632738 310002 738335 113461 783223 267633 597298 274695 498238 829416 644579 433248 686390 314800 195140 118877 378849 236820 513495 75700 171881 717839 384080 332138 322242 540433 382436 704407 248849 666613 294235 433422 299805 303036 642360 601792 622639 266651 680811 351783 820053 194456 821097 827772 456100 546455 675884 999999999 196687 344928 384543 726126 128764 284828 383139 174715 440121 526408 169531 600635 911176 490916 288808 639116 654150 939353 523657 685498 639367 713636 129506 116998 499129 127244 718510 467761 334917 639646 262659 630668 526191 711167 170996 645238 239560 848665 293270 702065 294725 267383 343309 384291 534821 459242 331059 230227 262021
856855 344132 867745 764481 429605 899569 292189 959054 191718 776362 360550 694415 992654 812721 422398 727637 401393 388489 257509 390411 132725 524708 179947 349681 909883 326886 470170 186763 666048 572440 828309 441660 759597 457543 591639 239139 424203 766873 628483 818462 347765 782176 469790 982376 308777 985658 990354 652786 699513 766299 196687 999999999 319477 324653 843290 321145 90985 548230 304241 575769 719651 187808 781320 1080040 591329 278857 806442 841261 1101703 647516 856562 676123 858701 326192 207718 673289 185519 915175 606549 468769 829202 444606 716187 621248 853302 234710 841653 255452 1028121 222338 894885 488264 458340 335996 578638 729493 646590 233347 408568 383221
901792 27442 666999 548282 654930 730108 330977 825010 131364 895359 186635 693451 821508 958361 102931 416442 200716 491997 266790 86613 189996 207345 399539 349808 849279 61603 674846 502547 451601 666179 593616 455664 489063 372466 455545 554751 269807 538518 313594 850699 604104 519941 696698 809659 227446 818231 817756 674264 532631 492412 344928 319477 999999999 65729 597542 443223 370179 710043 519313 396004 783223 176486 679202 918342 349765 56521 660758 929469 922397 432937 716328 364227 657938 414806 445156 809953 217684 911379 426197 317796 906971 414056 440623 367471 647427 182655 832447 544685 901686 539239 950650 494407 457800 32038 647260 705664 745119 129184 381308 606888
963942 82414 725905 606145 692719 791984 384908 888998 134434 951106 252203 757269 882775 1011396 124259 441930 266069 544476 319823 138679 192057 230028 431183 408757 915001 5161 716652 499242 510974 722660 647760 516182 535568 437516 520888 563712 335535 594503 336802 913434 634630 568501 734732 870831 288334 879855 878902 736727 595983 537726 384543 324653 65729 999999999 649297 491925 360020 758921 556364 459722 843429 215616 744714 980070 406605 110441 724711 988425 982395 492574 780353 390059 716914 466673 475683 863077 259293 976032 489529 383432 966714 477001 486294 421217 705806 233896 897112 565565 965863 546989 1012261 556139 519454 95345 705920 770479 801896 100267 443422 644237
790758 572114 152994 111744 940155 258984 619727 391522 705309 920199 482844 596692 312632 1011925 533898 324627 442633 699437 611327 512299 749758 453069 801356 571155 557049 644136 921330 1022705 186431 746105 38261 574609 130356 450740 331122 1024482 425979 87851 384695 735897 953431 90552 969910 301028 542227 317770 307040 629311 239598 136266 726126 843290 597542 649297 999999999 711807 922833 876098 848216 289240 753957 656195 392546 404707 254365 601089 289331 887923 378500 202553 320502 344794 149503 669220 837625 895360 660764 705631 266243 391299 854037 515752 176473 230631 132200 608821 647812 962087 458615 1016109 842897 563824 553730 566332 697859 559028 793205 725153 528015 907970
535710 451791 681065 608472 240948 679322 121527 705046 387091 470553 324207 384152 766146 522356 518622 730210 356761 67346 178741 458035 362731 582958 154680 146225 614090 490624 242867 415557 526674 253687 684775 159925 674724 261073 391401 361287 317884 624551 658036 497971 241778 681601 278234 758017 242084 756431 765292 337313 503662 685626 128764 321145 443223 491925 711807 999999999 405495 267107 137191 423500 398742 278785 519181 839945 502801 387053 575355 525431 875316 512588 615632 687889 673077 43276 162251 375104 234964 599188 445622 331917 510931 201878 646155 539981 673700 260569 528609 271979 764555 361152 574228 198265 182534 434518 257506 426360 330594 451182 183926 201018
