NAME : synthetic_000345
TYPE : CTSP-D
DIMENSION : 100
GROUPS : 8
RELAXATION_LEVEL : 1
EDGE_WEIGHT_TYPE : EXPLICIT
EDGE_WEIGHT_FORMAT : FULL_MATRIX
EDGE_WEIGHT_SECTION
999999999 702290 587268 42257 387804 171952 669833 423349 677145 552038 253111 149192 337109 278742 593514 313040 177700 537182 250469 147506 666290 559937 393823 168664 424614 406075 373602 637759 490115 343009 414674 578576 186421 780082 205440 280394 475533 805321 174511 580950 556141 524857 738742 274249 362300 278070 437405 468061 195392 585459 92172 238357 572372 580056 435125 327785 162086 604613 258655 453959 650366 23200 56973 375514 589356 548191 740473 264623 619489 144899 661467 538407 869009 338098 370817 377094 357905 569665 469639 542015 145042 215345 172238 126772 383574 500042 208792 763524 216827 157456 338865 309921 161343 559339 267380 395439 445699 754562 432320 472412
702290 999999999 714635 662061 410045 726612 97393 309488 326193 840336 533622 757572 524407 787450 828510 876932 751852 348658 884968 555765 874304 173032 458689 599286 297372 767493 549402 505707 252468 549023 414894 165606 554416 222226 844176 421900 889716 339774 705429 122619 186116 217103 229972 429681 1044675 805322 1119596 762626 685250 661446 625972 709796 393439 873686 1126133 999611 825267 370705 688466 337026 995177 722583 736213 626770 945628 548626 364646 849724 395141 817829 996316 363917 336869 1038098 468142 467269 759746 214408 671761 270386 582935 761089 605349 672279 626487 211119 851047 211885 864655 688615 825697 535210 698703 164512 968961 961752 627348 82245 704307 396561
587268 714635 999999999 560648 365357 436854 622603 666397 433908 167984 702657 735525 298586 858500 127536 900301 760878 833469 526201 530993 159795 553352 783601 672081 647906 228707 249109 1007743 490350 802038 339398 721984 445132 608251 520691 540078 292149 536452 423825 654969 713726 514686 561629 517175 886843 392890 950246 161435 396627 57302 607848 363121 325352 189920 928854 638534 549262 356441 808763 403902 306049 605918 643231 875057 275698 967465 450666 457908 929222 561821 302405 350718 615278 816523 768633 313167 917988 501139 970978 445785 623539 417463 425428 686529 881425 646565 789805 599796 794925 434457 351111 761879 433949 566590 751815 471631 148632 702095 162956 329002
42257 662061 560648 999999999 346568 165332 628209 387909 635572 536186 232969 176066 300541 298749 574699 342321 200230 508870 269767 106413 647581 518158 371166 154847 387990 390632 339220 618577 447965 329035 373993 541334 146093 737834 223835 240320 469254 763454 162441 541137 519159 482809 696490 233152 404338 277036 479522 449267 177854 555695 72065 223645 532054 565617 477379 357782 185672 563815 264667 411958 642455 65119 93940 370555 580898 533448 699170 273727 594012 171174 652923 497389 826878 379875 348356 337916 369188 527435 466992 499823 121170 212316 138439 132578 378452 461484 245320 721280 254366 142076 335330 293308 148392 517754 308788 406640 416481 713330 409594 431796
387804 410045 365357 346568 999999999 342641 340264 301257 289853 451061 380271 505014 114372 597023 453337 665157 517535 468118 500287 259023 513088 237401 430654 383335 282563 359806 143984 643670 157634 467315 33951 370065 202013 411673 465469 196956 482132 419658 320360 317504 358059 193288 365801 178180 749157 402749 823660 364535 294499 327544 352678 309180 188837 485897 817990 622782 459715 217961 520452 79092 603179 411003 439682 549002 548669 610584 352670 454330 563920 458556 606633 151038 487330 713708 418955 59976 626221 214492 638329 169745 340151 367558 234386 429246 554017 288048 587461 396236 597881 309291 417222 429814 317762 245607 641014 556367 238688 431231 304413 88288
171952 726612 436854 165332 342641 999999999 672593 497335 621156 382527 388523 317457 249556 449539 427020 474410 348167 641104 159254 217290 499267 563095 519321 317905 491180 237141 266832 769452 484013 489125 358058 634630 175914 754285 122867 331520 304596 753055 22287 613908 614821 521391 708111 314240 455996 113134 524065 302683 51153 445354 235383 73865 500462 409397 508544 280180 125422 537785 428158 420755 478832 184061 220633 535391 417633 691019 677295 128434 732407 131755 489752 478046 825069 397272 497369 306662 529601 553570 632174 512209 277999 48281 121992 295308 543229 548477 356903 738877 360669 39064 170017 451401 28497 567092 327043 257716 308312 762807 275294 410142
669833 97393 622603 628209 340264 672593 999999999 318300 229398 754030 533131 742845 453441 788884 739149 875199 741558 399650 831847 522420 782397 110798 482598 587767 301123 690042 472807 570778 188584 566468 339253 211060 506900 153653 793333 393508 811482 257923 650744 134333 224563 151203 145596 396130 1023249 742278 1098789 679802 627974 568461 601705 647734 298943 786744 1101746 950525 779261 274393 692196 262713 908723 691432 709481 649056 861099 599019 271460 791191 461702 773939 909181 272818 271769 1007925 487679 393763 773884 129575 705837 184311 564127 703097 554046 657300 649979 217786 835591 139114 848616 635953 757161 546207 645562 110521 936991 896602 543362 91008 622790 312765
423349 309488 666397 387909 301257 497335 318300 999999999 455735 737267 224483 453925 385423 478049 747583 567458 445247 167653 643660 289176 810849 238190 169145 295486 21786 622115 430391 343229 226719 248325 329504 159440 325232 466298 598770 166813 738421 545666 479906 191234 136140 234762 442758 186843 744067 598702 817959 645506 469674 628379 336778 507736 428616 772235 827766 744020 568811 434755 379289 282803 882891 440447 446567 331878 824283 323508 520443 625708 264403 556851 888429 381352 580542 747328 170826 354447 455942 289221 396621 307539 287763 541199 380248 370118 333310 101394 547031 450101 560963 458574 637436 228590 469169 227300 681713 753348 533339 380733 586209 357906
677145 326193 433908 635572 289853 621156 229398 455735 999999999 586835 624445 787272 372197 866025 559349 941592 796014 585417 772849 542485 589899 228062 622645 651055 434220 560400 366790 766974 233187 688608 266337 411133 491832 174347 742944 446100 673165 131903 599137 327090 416124 221088 128444 436234 1038917 658471 1113494 529987 570583 376752 634927 573765 128068 615870 1107692 897602 743234 88705 779477 226511 736710 700329 727930 774541 697722 773461 67318 718421 663256 744021 734477 143188 206382 1002676 619996 314700 877568 168323 849438 153792 613663 637487 522098 707085 777586 376152 873176 166442 884210 591589 654793 658232 598952 242476 929988 798587 397907 286841 481642 211314
552038 840336 167984 536186 451061 382527 754030 737267 586835 999999999 722250 699653 351975 830775 58988 856250 729607 903861 423072 539225 121257 670817 826363 672763 721727 145970 309305 1066472 598483 825732 434488 821061 457009 759745 430924 587871 139024 697559 377546 764172 809029 628600 711762 564422 798420 301031 854372 93627 358422 221287 597053 313764 467911 35022 827666 519036 469972 503365 799448 509524 154845 566065 602979 888444 110999 1010557 611051 356718 1000908 486674 156464 482971 776952 717745 808149 391545 905319 626567 986521 570662 625854 347513 419303 668630 895649 738725 736076 749739 738329 395300 243762 785309 390736 682365 660406 332050 214585 838911 151194 443851
253111 533622 702657 232969 380271 388523 533131 224483 624445 722250 999999999 236423 405209 255833 749520 343673 223222 292735 501734 183835 820461 437548 141279 87863 236529 583880 454381 385701 395177 103751 414220 381162 265568 672655 456001 184968 681056 734255 379125 413513 357800 418526 641980 202128 526741 501511 599105 629411 383469 680608 162349 429946 558459 755074 612154 578758 414845 577974 159643 408235 847502 262173 254301 172771 785758 302505 691749 505706 368633 398005 856303 513211 780815 541051 118270 408166 253140 473550 268404 470989 112040 436804 305327 159004 178899 323249 327506 655901 341708 356264 555062 63860 365336 430437 481143 638870 554692 602586 577961 464178
149192 757572 735525 176066 505014 317457 742845 453925 787272 699653 236423 999999999 473778 133426 742216 166370 34527 524811 355420 246082 814909 637890 366546 158652 462192 553849 514319 583253 578515 287948 535432 613119 314423 869126 316895 352857 616094 910291 322456 635206 589735 609353 832057 356259 290784 415972 364115 616868 344455 731696 152618 386596 693676 726852 375804 391282 267722 722484 149200 560762 791569 133592 96867 286180 731397 480895 853031 389144 591028 247157 803273 655223 967642 308270 345004 505741 225403 659995 367308 642101 179336 357007 314390 85638 294081 546878 93476 852262 107179 306383 478170 269170 309719 634076 255002 510604 592336 820379 581477 592834
337109 524407 298586 300541 114372 249556 453441 385423 372197 351975 405209 473778 999999999 583843 363599 639643 493123 552413 401070 242489 429583 351754 486962 382669 369752 247893 49476 718870 271963 503620 116428 476397 160875 513494 370801 243467 369768 504065 227785 429491 462296 307631 465889 220174 686505 293553 758780 261050 198668 275783 329584 203408 251041 386976 748233 525607 373310 288229 521935 190760 499834 359461 393370 577943 442941 671549 427742 349320 649436 375971 504574 229498 577227 639592 471155 61200 631162 325893 673123 276946 334708 265880 165818 410062 584105 391376 545457 498930 553886 222423 303771 463571 228832 359942 567465 444413 153261 544232 201220 162406
278742 787450 858500 298749 597023 449539 788884 478049 866025 830775 255833 133426 583843 999999999 871842 92102 101377 505319 484627 343633 944681 691646 348637 215343 491536 684815 627794 521013 643489 255678 629550 630311 423080 926722 448040 420139 749458 982170 453233 668560 607281 669803 894303 430106 325528 549385 386499 746322 473545 850628 254367 517088 784729 858612 411097 505983 398831 809739 99581 642033 924924 265542 229708 214661 864658 412059 933067 521664 552720 378270 936576 742812 1032640 377045 331699 607653 103958 723777 270283 714987 256885 490066 433389 173909 220952 578224 152141 909900 162968 435926 611559 256324 440078 685194 343347 640526 712694 857937 708256 685151
593514 828510 127536 574699 453337 427020 739149 747583 559349 58988 749520 742216 363599 871842 999999999 901403 771157 915089 478346 568493 72884 662205 846827 705337 730883 190613 317238 1082356 593478 852272 432973 820937 484158 733494 483856 605132 197959 663928 419905 759585 810388 621325 686327 581640 852495 353092 909739 125527 398303 184452 632341 355726 446045 66146 883768 576867 521089 479295 835508 504809 178541 608821 646088 918367 151535 1031589 578031 411215 1011976 537042 175303 466376 742801 773312 829591 395434 942697 614102 1016135 558142 657630 395311 451230 706358 925349 741020 783049 724486 785953 436064 298143 811740 432499 674559 714656 390996 214988 821446 171560 434589
313040 876932 900301 342321 665157 474410 875199 567458 941592 856250 343673 166370 639643 92102 901403 999999999 147880 597210 478816 406880 973673 775681 440739 292344 580166 711441 680620 605890 723825 347686 696589 721137 479605 1010241 448435 498189 762756 1060851 482185 757182 698016 751751 976297 505762 250133 563268 303741 776722 506283 897681 313646 546183 853940 881736 332411 477018 400653 881065 191144 715812 937427 294764 257308 302211 878875 496100 1008182 525734 642666 380867 949891 813803 1113952 316575 423735 669677 172885 804816 345204 792639 327980 509371 480717 235949 307872 666899 125934 993374 129256 468035 625481 348049 470253 769929 298231 633535 758145 946214 744294 753400
177700 751852 760878 200230 517535 348167 741558 445247 796014 729607 223222 34527 493123 101377 771157 147880 999999999 506011 389929 259024 843954 638515 346800 153815 454982 583668 535181 556193 582316 264076 548813 603554 332580 871481 351236 355984 648483 917054 352071 630023 580156 611881 835729 361603 305165 448609 376387 645672 372900 755181 165783 416027 706361 757305 391436 424500 302092 733921 117868 569756 823913 164167 128555 255747 763520 452315 862302 423072 568557 281537 835482 666630 972374 331426 326002 521932 190925 663710 334392 648613 183028 388831 337255 88940 263523 540744 105686 854597 119983 335100 510669 248953 339016 633911 282291 545048 616351 816910 608697 605733
537182 348658 833469 508870 468118 641104 399650 167653 585417 903861 292735 524811 552413 505319 915089 597210 506011 999999999 776422 424547 978502 357380 159458 380020 185564 785417 597856 183454 373631 249751 495337 189048 477406 552920 730551 322687 899402 652912 625973 267912 175550 370208 542159 345079 810765 748202 880260 811633 619980 794351 445161 661232 580624 938777 897289 864931 694528 580749 408818 442662 1048012 549693 545836 307196 988784 200508 645150 767663 97047 679747 1053940 534481 671192 832283 180041 522024 449136 418036 330676 449975 392280 687402 530910 451494 304426 210804 611664 538733 625952 603574 791744 257188 613947 343141 773693 898808 700972 430665 752688 519441
250469 884968 526201 269767 500287 159254 831847 643660 772849 423072 501734 355420 401070 484627 478346 478816 389929 776422 999999999 355231 544089 722297 640877 418988 639767 298972 409469 887322 643267 593477 513639 787376 331492 911373 45974 481333 302372 904543 181174 770891 766782 680645 864675 466261 376267 133740 431413 369445 205788 549019 339390 199776 648974 439754 405919 124974 90102 687334 495557 578887 469806 247182 270928 622123 415688 798655 826126 68418 863273 109918 483329 630521 978270 294983 618027 460556 580807 712402 713118 670032 390651 135371 279619 371365 630243 702305 352913 896187 350280 196458 180414 560078 186545 726160 238292 156008 424542 922039 366711 563395
147506 555765 530993 106413 259023 217290 522420 289176 542485 539225 183835 246082 242489 343633 568493 406880 259024 424547 355231 999999999 640174 412727 304353 141277 286884 400058 288844 554336 344416 287585 289884 438473 85956 635494 309985 134401 498700 667564 203789 435116 416778 378454 595423 126789 504895 327333 580467 446848 203145 515553 93662 248563 447804 571745 580697 455540 279892 476405 279746 316297 663814 169025 189570 349892 602113 481717 607738 343120 515172 268730 672523 409153 728116 485526 283094 264188 389119 424838 447761 400869 92812 264518 121537 171695 356921 356882 330716 618813 341910 180923 376667 247526 190976 411908 414873 474647 382417 607077 397183 347025
666290 874304 159795 647581 513088 499267 782397 810849 589899 121257 820461 814909 429583 944681 72884 973673 843954 978502 544089 640174 999999999 711870 915135 777595 793500 262353 381894 1148148 646681 922892 490314 876859 555445 764002 552124 672494 252160 685065 492520 812184 867465 672432 718198 649057 919641 421997 975220 198394 471136 214917 705021 428346 484850 107809 948074 637412 590734 515067 908218 558981 175932 681460 718688 989929 174455 1099939 600931 477939 1075121 607155 167134 510405 762540 838525 898341 456815 1015505 660576 1087569 605051 729767 466547 523583 779209 996850 799037 854779 756292 857452 508854 365016 882361 505194 724856 781613 445847 277767 861563 242994 485835
559937 173032 553352 518158 237401 563095 110798 238190 228062 670817 437548 637890 351754 691646 662205 775681 638515 357380 722297 412727 711870 999999999 407320 485271 217956 594517 376451 539037 80561 483263 242000 187875 396209 235153 683299 286059 716778 307519 541381 107260 189778 44134 206101 287059 915255 636057 990862 591066 519313 502811 494009 540932 245987 704629 992895 840302 668618 234851 597170 164163 825477 581731 600708 568264 774684 547529 288517 683158 436348 663176 827182 207295 344908 898011 408330 294251 685083 62919 634679 110253 458608 594776 443846 552701 570191 149333 729984 218373 742750 526110 654062 458376 535831 15134 826857 791596 456784 199837 532292 227702
393823 458689 783601 371166 430654 519321 482598 169145 622645 826363 141279 366546 486962 348637 846827 440739 346800 159458 640877 304353 915135 407320 999999999 228783 189793 695203 535982 250185 390692 94144 463053 294194 374508 633221 594976 243667 800498 714810 507441 350365 272700 402510 611351 266823 651352 631005 720822 732736 507385 753270 302250 552266 584202 860415 737916 720026 555021 594947 250683 433014 960699 403414 394999 168159 899596 184805 688107 640899 227786 538587 968358 536813 748573 674637 23025 473283 303399 457564 227565 471774 250278 567287 422544 296584 168233 265348 452389 617280 466668 484466 680999 97848 494216 396254 617815 773937 640223 536084 677153 502461
168664 599286 672081 154847 383335 317905 587767 295486 651055 672763 87863 158652 382669 215343 705337 292344 153815 380020 418988 141277 777595 485271 228783 999999999 303541 530000 429725 469344 431499 174912 416368 454833 226959 718965 373689 205999 618477 768769 311773 477098 431475 459836 684233 214886 448609 430693 522495 581881 321193 656705 82918 368225 570094 704186 532650 491759 330705 594536 139591 426695 789142 175674 166438 218499 727308 379988 717998 428203 456393 313118 798857 527711 821675 456609 205834 398728 248542 512567 316246 500831 48542 365725 254144 74941 226167 388401 252035 702083 265823 289658 487434 141289 297639 480376 394934 560782 523571 663327 534920 471105
424614 297372 647906 387990 282563 491180 301123 21786 434220 721727 236529 462192 369752 491536 730883 580166 454982 185564 639767 286884 793500 217956 189793 303541 999999999 608791 413930 363234 204936 266661 310140 154357 317423 447682 595249 159664 726053 525239 473172 177057 131626 213347 423145 178113 751488 590567 825774 630412 461697 609161 339995 498583 407023 756728 834557 742408 566760 412986 393349 261786 868361 442478 450384 350913 810147 345206 499076 619611 281707 555455 873648 359793 561258 752056 190418 336759 472772 268013 417356 285776 292454 534196 372588 377622 352587 86737 555556 431371 569364 452244 627697 245084 462853 207478 685536 746038 516296 366412 570863 337251
406075 767493 228707 390632 359806 237141 690042 622115 560400 145970 583880 553849 247893 684815 190613 711441 583668 785417 298972 400058 262353 594517 695203 530000 608791 999999999 218099 940097 516432 687630 352629 723778 321297 724317 297998 463805 122370 684562 231597 676937 709046 550570 675426 440863 667118 167408 727397 70854 212779 258632 452778 167802 432950 175053 703970 409841 332310 471936 654480 430488 265501 420258 457268 747110 204622 877787 599197 230558 881991 347522 273306 433608 763386 592131 675871 300846 759820 560491 845232 506843 483864 204797 278729 523177 754476 638090 592498 711897 595342 249400 122484 647487 244766 603955 530120 252387 163589 779313 82357 379269
373602 549402 249109 339220 143984 266832 472807 430391 366790 309305 454381 514319 49476 627794 317238 680620 535181 597856 409469 288844 381894 376451 535982 429725 413930 218099 999999999 766256 298800 553052 134532 513297 205136 518734 383699 292355 340327 497451 246326 461233 500461 332551 470253 269160 714883 291682 785806 220941 215929 227342 373480 209750 240521 344303 773024 534414 392237 279470 568590 212389 459962 395286 430429 627066 404836 720448 417220 352338 694762 397275 463866 228150 573166 662803 520372 84055 677952 343469 722427 290960 381496 274716 201432 453889 633277 429884 582386 505062 590123 245311 291584 512973 250030 386050 591500 434980 104533 562660 160721 166296
637759 505707 1007743 618577 643670 769452 570778 343229 766974 1066472 385701 583253 718870 521013 1082356 605890 556193 183454 887322 554336 1148148 539037 250185 469344 363234 940097 766256 999999999 556966 298818 672591 361171 621651 721464 841650 478608 1048352 827713 757615 444185 352216 553470 715768 502050 845668 881187 907392 973152 757142 971172 547967 801623 763867 1101028 931782 959112 799834 764192 441229 623964 1205269 644746 631044 306904 1144711 110044 825296 890235 110578 782443 1212290 717552 839175 886426 272104 694671 435949 600430 272032 633395 497441 817452 671334 528201 300251 394031 656099 708409 669686 734644 930821 328172 744401 524509 838048 1023385 870556 587243 915731 700156
490115 252468 490350 447965 157634 484013 188584 226719 233187 598483 395177 578515 271963 643489 593478 723825 582316 373631 643267 344416 646681 80561 390692 431499 204936 516432 298800 556966 999999999 455500 165292 232552 320004 291509 604911 226332 638796 339290 462161 166126 226681 37404 253568 222592 849212 555547 924811 516153 439541 442920 430337 460489 207055 632747 924874 762227 591825 208810 552897 88982 752581 512450 533872 541439 700322 549410 299784 603092 461927 587198 754930 161436 390227 827366 387181 215608 647551 81483 616748 81131 399796 514828 365851 494589 544426 165843 668983 274739 681236 447457 573663 425718 457025 87980 755599 711035 383899 279026 456741 161362
343009 549023 802038 329035 467315 489125 566468 248325 688608 825732 103751 287948 503620 255678 852272 347686 264076 249751 593477 287585 922892 483263 94144 174912 266661 687630 553052 298818 455500 999999999 501033 385917 368813 714333 548365 270686 784236 788845 480815 436843 363837 472594 689194 291175 565319 602259 632994 732760 486353 777629 256999 533013 636308 858658 652116 660608 504633 651687 159414 484090 951181 347991 332508 85939 889420 205186 755282 602742 304723 486514 960023 589664 827643 595261 80971 501238 210841 528339 171234 535259 211128 537333 409065 229422 89190 348839 368290 698031 382420 458099 656996 40533 466883 473568 542679 735517 654803 624809 680763 546982
414674 414894 339398 373993 33951 358058 339253 329504 266337 434488 414220 535432 116428 629550 432973 696589 548813 495337 513639 289884 490314 242000 463053 416368 310140 352629 134532 672591 165292 501033 999999999 387997 228263 398231 480775 230820 474823 397528 335821 329944 377549 198205 351139 212130 774733 409827 848839 350946 308503 299036 383493 318480 158516 469022 841994 637306 478089 189959 553862 77867 588037 437849 467602 582877 535191 642024 327125 464438 590456 478166 590765 124373 467605 736428 451780 55323 659877 210561 671976 160556 372680 379330 255774 460838 587864 308733 616561 383381 626690 326651 419304 463645 334505 251869 663753 560653 220198 429620 291454 57825
578576 165606 721984 541334 370065 634630 211060 159440 411133 821061 381162 613119 476397 630311 820937 721137 603554 189048 787376 438473 876859 187875 294194 454833 154357 723778 513297 361171 232552 385917 387997 999999999 458783 363981 743678 306526 844774 466692 615325 84179 23401 214627 355011 321173 903442 727757 977218 734234 600550 675357 494344 633294 430892 855849 987205 893488 717558 422402 530777 318155 973138 596696 604680 461941 918006 389244 466342 762419 253835 707106 976692 388870 482256 906138 304964 429830 596722 250768 506445 294393 446436 675148 513444 529531 461435 87253 706062 349970 720049 595579 758995 375129 606133 172742 839855 884864 607729 245678 674018 393462
186421 554416 445132 146093 202013 175914 506900 325232 491832 457009 265568 314423 160875 423080 484158 479605 332580 477406 331492 85956 555445 396209 374508 226959 317423 321297 205136 621651 320004 368813 228263 458783 999999999 603585 289859 158419 426704 621105 156611 439407 439141 356737 560167 139409 547150 273471 621661 363949 144444 430732 168744 183871 386041 490147 616482 445381 272435 418215 364517 271681 586603 209590 239989 434575 525310 556507 554510 303686 571858 267216 594601 352153 686939 513602 354791 192334 473928 395574 532128 362029 178419 217054 55173 249230 441442 372563 390544 587387 400053 136909 314358 328350 147424 398551 441039 428627 296613 595654 312622 285991
780082 222226 608251 737834 411673 754285 153653 466298 174347 759745 672655 869126 513494 926722 733494 1010241 871481 552920 911373 635494 764002 235153 633221 718965 447682 724317 518734 721464 291509 714333 398231 363981 603585 999999999 877131 516281 840458 122782 732000 287771 378142 259784 48891 513923 1140388 806664 1215951 699215 705727 551099 721800 716576 293825 789339 1215198 1034359 870389 256734 832291 334377 910522 802679 825058 798166 870415 752577 176032 862567 611557 868084 908504 291651 118276 1115855 636941 452551 918949 210656 858024 242705 689942 777484 643608 784593 799494 367908 960145 16884 972514 720785 810300 691557 729380 242513 1043622 953678 564548 151477 648142 353121
205440 844176 520691 223835 465469 122867 793333 598770 742944 430924 456001 316895 370801 448040 483856 448435 351236 730551 45974 309985 552124 683299 594976 373689 595249 297998 383699 841650 604911 548365 480775 743678 289859 877131 999999999 437318 319474 874835 145153 729012 722882 642205 830978 422819 369229 131005 429918 368809 172511 538968 293683 175418 620905 450692 408275 157605 49224 658705 453941 543440 491588 203334 229035 578660 434972 753549 798037 78232 817303 69801 504589 600004 947395 295873 572139 428908 542062 675730 670549 634963 344785 110573 239522 327863 586770 659026 322772 861700 321627 157556 187705 514641 148299 686663 232146 194286 409121 883136 358585 532296
280394 421900 540078 240320 196956 331520 393508 166813 446100 587871 184968 352857 243467 420139 605132 498189 355984 322687 481333 134401 672494 286059 243667 205999 159664 463805 292355 478608 226332 270686 230820 306526 158419 516281 437318 999999999 576739 562770 313566 300822 285570 256500 479789 23501 629745 431890 705296 494550 302862 511120 208212 341318 373709 622421 708537 587244 411303 394362 334144 224692 727932 300851 316464 352058 667965 428105 513265 459949 418691 401450 734517 328879 616461 617032 228640 232004 435712 307737 441881 294947 173688 374692 213452 268425 357061 223195 444292 499414 456911 292580 471382 232874 303190 283391 547314 586715 396696 475724 437249 279354
475533 889716 292149 469254 482132 304596 811482 738421 673165 139024 681056 616094 369768 749458 197959 762756 648483 899402 302372 498700 252160 716778 800498 618477 726053 122370 340327 1048352 638796 784236 474823 844774 426704 840458 319474 576739 999999999 793548 307292 799106 829585 672863 791619 554361 677848 200318 729263 145167 298070 337436 537378 251248 547209 144373 700180 386327 364156 585532 732752 552690 175480 485156 519932 836960 116131 980316 707263 241479 995363 383053 187399 551578 872938 592585 780165 423215 833395 681908 934495 627824 575141 260294 378195 599902 844644 758680 638591 828609 638807 328956 137973 744898 321450 726289 540226 194014 275936 900366 192336 499741
805321 339774 536452 763454 419658 753055 257923 545666 131903 697559 734255 910291 504065 982170 663928 1060851 917054 652912 904543 667564 685065 307519 714810 768769 525239 684562 497451 827713 339290 788845 397528 466692 621105 122782 874835 562770 793548 999999999 731028 385052 477565 316925 112329 555501 1167545 789000 1242413 648856 702485 479507 758780 705272 257136 724212 1237526 1029349 874990 217994 892185 351758 842469 828449 854928 874360 808367 849502 86634 849567 719219 875575 838777 275042 79556 1133280 715362 446548 985997 261277 942198 268441 734049 769172 653056 828401 876597 454100 997956 129170 1009388 723352 783190 761779 730776 319055 1060582 926759 521043 273638 604116 343106
174511 705429 423825 162441 320360 22287 650744 479906 599137 377546 379125 322456 227785 453233 419905 482185 352071 625973 181174 203789 492520 541381 507441 311773 473172 231597 246326 757615 462161 480815 335821 615325 156611 732000 145153 313566 307292 731028 999999999 593300 595749 499550 685825 295652 473351 123599 542284 294768 30544 430074 230156 64179 478784 405622 527675 302446 146163 515984 426954 398503 480026 188944 226183 530063 418457 681290 655512 147095 718059 151119 490484 456000 802915 416828 485766 284566 530205 531427 627385 489941 269982 61524 101951 294391 537808 528928 367039 716595 371545 22988 176202 442473 14162 545518 346065 273703 291956 741034 263665 388054
580950 122619 654969 541137 317504 613908 134333 191234 327090 764172 413513 635206 429491 668560 759585 757182 630023 267912 770891 435116 812184 107260 350365 477098 177057 676937 461233 444185 166126 436843 329944 84179 439407 287771 729012 300822 799106 385052 593300 999999999 92534 140637 274317 310005 922060 698632 996995 680627 575046 605995 503570 603065 353088 798549 1003543 883061 707854 341800 570185 255001 917963 600949 613931 517866 864935 465871 382234 739273 337717 699569 920560 313320 405580 915985 356910 377218 646284 169355 571969 216840 460316 650800 491974 549834 518398 90337 728672 272812 742239 575348 723920 419526 585652 92343 847156 855935 549619 189534 620837 326354
556141 186116 713726 519159 358059 614821 224563 136140 416124 809029 357800 589735 462296 607281 810388 698016 580156 175550 766782 416778 867465 189778 272700 431475 131626 709046 500461 352216 226681 363837 377549 23401 439141 378142 722882 285570 829585 477565 595749 92534 999999999 212264 366622 300875 880084 709213 953839 721330 581570 668182 471494 615095 428847 843905 963889 872067 696178 422481 507772 309972 960416 574099 581749 440701 904715 374456 473237 742825 247132 685494 964260 385638 496326 883070 282867 417492 574678 252503 487359 292946 423369 655855 493984 506192 440376 70961 682667 363663 696657 575758 741543 352356 586333 174799 816938 866119 596457 264964 661095 386232
524857 217103 514686 482809 193288 521391 151203 234762 221088 628600 418526 609353 307631 669803 621325 751751 611881 370208 680645 378454 672432 44134 402510 459836 213347 550570 332551 553470 37404 472594 198205 214627 356737 259784 642205 256500 672863 316925 499550 140637 212264 999999999 224599 254769 882757 592653 958380 547960 476941 465381 462705 497685 216623 662585 959150 799476 628788 211493 577443 120485 783104 547014 567556 558350 731800 553348 285737 640451 454543 623952 785039 174283 362860 862525 401033 250167 669347 55763 629852 80911 430158 552210 403047 524823 560873 159440 700535 242915 712996 484781 610091 444890 494371 53880 790946 747929 414267 241625 488975 186884
738742 229972 561629 696490 365801 708111 145596 442758 128444 711762 641980 832057 465889 894303 686327 976297 835729 542159 864675 595423 718198 206101 611351 684233 423145 675426 470253 715768 253568 689194 351139 355011 560167 48891 830978 479789 791619 112329 685825 274317 366622 224599 999999999 475945 1100000 758764 1175468 650530 659211 504609 683253 669159 245200 741601 1173771 987997 825237 208467 801324 289486 862980 761504 784898 773965 822326 739897 141630 815141 607051 823399 861156 242891 138954 1073298 613484 405106 890921 172089 837885 198210 653350 730465 598834 748139 775725 347597 922273 38172 934403 675092 761773 664450 683532 215698 1000898 905231 515726 171560 599296 304941
274249 429681 517175 233152 178180 314240 396130 186843 436234 564422 202128 356259 220174 430106 581640 505762 361603 345079 466261 126789 649057 287059 266823 214886 178113 440863 269160 502050 222592 291175 212130 321173 139409 513923 422819 23501 554361 555501 295652 310005 300875 254769 475945 999999999 628392 412464 704015 471127 283587 488831 207954 320919 358708 598988 705856 574496 398755 381005 346947 212138 704767 295509 313649 371406 644894 451376 503127 442511 441320 389824 711283 314779 611424 612108 251458 210362 450388 303993 462400 287081 178575 356403 194580 273133 376638 236221 446396 497110 458649 275191 450613 252730 285789 285623 541629 568020 373428 480314 413767 262540
362300 1044675 886843 404338 749157 455996 1023249 744067 1038917 798420 526741 290784 686505 325528 852495 250133 305165 810765 376267 504895 919641 915255 651352 448609 751488 667118 714883 845668 849212 565319 774733 903442 547150 1140388 369229 629745 677848 1167545 473351 922060 880084 882757 1100000 628392 999999999 500208 75627 737860 503566 900141 421546 527261 930867 815960 86808 312029 337599 964475 408031 816258 840232 339236 315348 538765 789142 737259 1101577 441703 869587 325923 854263 898999 1231176 96413 630907 733395 421246 929733 593181 903994 461801 469469 522342 373984 545455 835032 199596 1123708 185311 470406 554707 553579 466974 913087 138059 506253 764233 1104218 723908 832106
278070 805322 392890 277036 402749 113134 742278 598702 658471 301031 501511 415972 293553 549385 353092 563268 448609 748202 133740 327333 421997 636057 631005 430693 590567 167408 291682 881187 555547 602259 409827 727757 273471 806664 131005 431890 200318 789000 123599 698632 709213 592653 758764 412464 500208 999999999 559988 238261 129037 415351 347961 95637 531901 322479 536814 252655 169097 571011 536626 481607 375761 286064 320143 647584 316126 803962 707867 66414 840933 186421 387700 518782 864843 424825 609277 354741 634971 617193 743927 570040 391132 64991 218546 404143 655471 640644 439982 792278 440973 146552 62382 564490 136816 642088 362889 157415 293306 833277 232976 453971
437405 1119596 950246 479522 823660 524065 1098789 817959 1113494 854372 599105 364115 758780 386499 909739 303741 376387 880260 431413 580467 975220 990862 720822 522495 825774 727397 785806 907392 924811 632994 848839 977218 621661 1215951 429918 705296 729263 1242413 542284 996995 953839 958380 1175468 704015 75627 559988 999999999 798249 572710 965899 497087 593900 1004442 869992 42274 350763 402599 1038395 474300 891322 886268 414403 390940 601127 837758 798121 1175852 498730 936130 392712 900562 973175 1306400 136775 700855 806728 476623 1005297 648909 979296 536882 534118 595470 448153 607451 909679 271637 1199278 257489 540675 611659 623332 536677 988657 198599 549737 831484 1179565 787640 906069
468061 762626 161435 449267 364535 302683 679802 645506 529987 93627 629411 616868 261050 746322 125527 776722 645672 811633 369445 446848 198394 591066 732736 581881 630412 70854 220941 973152 516153 732760 350946 734234 363949 699215 368809 494550 145167 648856 294768 680627 721330 547960 650530 471127 737860 238261 798249 999999999 272792 197982 507694 230625 405402 127896 774724 478331 402499 443100 710709 427722 239138 483574 520900 796509 184312 916940 562455 301068 908659 417296 243543 413544 728318 662941 714534 304586 817573 550804 894504 495500 534553 273591 327845 581095 803634 650668 659406 687926 662753 310605 191168 692299 307201 601836 600945 311255 136784 766963 60236 367140
195392 685250 396627 177854 294499 51153 627974 469674 570583 358422 383469 344455 198668 473545 398303 506283 372900 619980 205788 203145 471136 519313 507385 321193 461697 212779 215929 757142 439541 486353 308503 600550 144444 705727 172511 302862 298070 702485 30544 575046 581570 476941 659211 283587 503566 129037 572710 272792 999999999 401219 241563 47036 449438 387772 558215 328830 176359 486871 441990 373142 467975 211749 249226 539614 406155 684249 626352 164501 713352 181650 477815 427562 774885 447364 486229 256397 547041 507024 637439 464244 277147 75866 89532 310410 547215 513673 393259 690479 398300 38248 173685 447239 37590 524032 376604 284706 262560 718565 238086 359798
585459 661446 57302 555695 327544 445354 568461 628379 376752 221287 680608 731696 275783 850628 184452 897681 755181 794351 549019 515553 214917 502811 753270 656705 609161 258632 227342 971172 442920 777629 299036 675357 430732 551099 538968 511120 337436 479507 430074 605995 668182 465381 504609 488831 900141 415351 965899 197982 401219 999999999 597344 372965 270163 245488 946651 665692 563338 300198 795144 358423 362982 605348 642174 853377 330738 935793 393579 481526 889232 574221 359564 297928 558463 834201 739459 280009 904559 448891 947940 394077 608343 431850 417928 677211 859425 602363 791544 542769 797613 437922 380101 737933 438804 516407 767355 508554 139839 646748 182568 281992
92172 625972 607848 72065 352678 235383 601705 336778 634927 597053 162349 152618 329584 254367 632341 313646 165783 445161 339390 93662 705021 494009 302250 82918 339995 452778 373480 547967 430337 256999 383493 494344 168744 721800 293683 208212 537378 758780 230156 503570 471494 462705 683253 207954 421546 347961 497087 507694 241563 597344 999999999 288415 541465 627652 500918 419917 252783 569934 203227 408457 709187 105272 110668 300104 647429 461574 700535 345743 527392 236435 719227 502659 817593 412930 279285 356244 311309 511586 397245 491047 52897 283030 183170 80487 307909 419217 239403 705001 251250 208467 405196 221604 215994 491592 345591 478568 460577 683138 463756 440682
238357 709796 363121 223645 309180 73865 647734 507736 573765 313764 429946 386596 203408 517088 355726 546183 416027 661232 199776 248563 428346 540932 552266 368225 498583 167802 209750 801623 460489 533013 318480 633294 183871 716576 175418 341318 251248 705272 64179 603065 615095 497685 669159 320919 527261 95637 593900 230625 47036 372965 288415 999999999 449295 342355 576500 324748 191688 487776 488184 388247 420963 253115 290362 586649 359151 730160 626404 145992 755399 201432 430853 432039 779616 464432 531356 264058 592602 523616 684471 477745 324122 65187 130831 356186 594250 546090 430115 701831 434179 81758 130516 493762 77014 546756 395774 252875 237644 738692 201431 365627
572372 393439 325352 532054 188837 500462 298943 428616 128068 467911 558459 693676 251041 784729 446045 853940 706361 580624 648974 447804 484850 245987 584202 570094 407023 432950 240521 763867 207055 636308 158516 430892 386041 293825 620905 373709 547209 257136 478784 353088 428847 216623 245200 358708 930867 531901 1004442 405402 449438 270163 541465 449295 999999999 498621 996071 773931 624320 39412 705310 152283 620555 595500 625815 720903 578035 752000 177199 592839 668668 626591 619514 47451 333823 888798 577007 197944 809019 186091 804459 136577 528115 513711 409170 618002 725079 372318 775064 282785 785148 473151 526870 601622 479798 260770 816341 670632 271342 376747 355106 100859
580056 873686 189920 565617 485897 409397 786744 772235 615870 35022 755074 726852 386976 858612 66146 881736 757305 938777 439754 571745 107809 704629 860415 704186 756728 175053 344303 1101028 632747 858658 469022 855849 490147 789339 450692 622421 144373 724212 405622 798549 843905 662585 741601 598988 815960 322479 869992 127896 387772 245488 627652 342355 498621 999999999 842083 530094 491507 533456 829530 543770 122163 593380 630028 920485 86023 1044465 637913 374870 1035822 508855 122633 515087 803414 733220 842059 426439 934789 659695 1018597 603738 657573 372375 451323 698182 927747 773637 760470 779662 762244 424098 262998 818283 419062 716302 677918 338062 248938 871082 186090 477384
435125 1126133 928854 477379 817990 508544 1101746 827766 1107692 827666 612154 375804 748233 411097 883768 332411 391436 897289 405919 580697 948074 992895 737916 532650 834557 703970 773024 931782 924874 652116 841994 987205 616482 1215198 408275 708537 700180 1237526 527675 1003543 963889 959150 1173771 705856 86808 536814 42274 774724 558215 946651 500918 576500 996071 842083 999999999 317796 384837 1030812 494790 887583 854181 412536 392269 624929 806981 823114 1169079 473965 956393 376795 868573 966338 1303041 112461 717360 798127 504833 1004725 677120 976634 543397 515071 587007 457777 631532 917319 285757 1198628 271458 527785 586280 640108 523057 991329 181616 517397 814015 1184015 766855 898765
327785 999611 638534 357782 622782 280180 950525 744020 897602 519036 578758 391282 525607 505983 576867 477018 424500 864931 124974 455540 637412 840302 720026 491759 742408 409841 534414 959112 762227 660608 637306 893488 445381 1034359 157605 587244 386327 1029349 302446 883061 872067 799476 987997 574496 312029 252655 350763 478331 328830 665692 419917 324748 773931 530094 317796 999999999 175946 812254 540004 700926 536401 316637 328107 674944 490009 863297 951092 186530 946745 187196 550809 755104 1102825 217871 697007 584709 608564 833334 758588 792387 472810 260251 396484 431349 682993 810268 357735 1019004 350368 315107 287441 631593 305904 843368 187756 199631 545921 1040112 483241 687789
