NAME : synthetic_000098
TYPE : CTSP-D
DIMENSION : 100
GROUPS : 8
RELAXATION_LEVEL : 1
EDGE_WEIGHT_TYPE : EXPLICIT
EDGE_WEIGHT_FORMAT : FULL_MATRIX
EDGE_WEIGHT_SECTION
999999999 458412 367287 385789 442598 484193 968633 448766 646886 401151 527256 283540 372109 928703 503488 392347 827135 326077 195788 564692 626365 960443 741093 502166 627072 406304 138968 862145 749611 356471 806967 410019 834805 430578 613516 424121 505096 637751 216284 623472 293440 810438 477660 332315 772892 355009 434277 792460 499823 344311 497044 366623 337374 322291 726118 496680 508698 402711 857551 644272 527701 487072 421568 660931 572036 167636 997978 366916 48205 904737 913480 617294 744193 198730 419795 337507 726253 411395 339526 648552 235163 568712 301086 318867 906223 510074 674261 435383 911880 389043 271465 577519 465238 276996 342109 502067 300111 800720 320806 582809
458412 999999999 188331 496752 170873 26450 579679 85164 189026 508611 710822 331905 142524 580065 739109 595994 541815 313322 564658 733086 249891 659359 405791 651406 335409 78906 565246 491973 343821 625827 444892 128625 597726 358206 161917 644990 734648 179459 434125 577077 503383 495382 383673 126892 529474 391891 561208 395386 592057 335193 622532 195994 475597 190953 337152 517079 293466 451505 551038 327143 87174 727928 363890 274477 113642 308692 682070 316827 480859 611051 601842 319331 394566 265043 597672 589329 278558 565248 400614 502233 585504 632271 583025 224289 499071 84630 254675 502139 507084 670295 417951 575363 356923 469755 283538 65816 469971 437470 533493 466365
367287 188331 999999999 308754 75952 201569 766740 120050 348739 568729 522694 376099 246592 565918 553256 629028 480264 126637 526426 544758 437077 611577 377455 463075 268698 210408 438319 680301 530987 447749 633005 65694 508894 463755 288183 460008 548415 329753 269412 410202 325126 453351 501790 132566 441223 203691 620080 426085 404752 147051 434362 295921 290152 48710 525453 333900 166485 525900 504334 280904 274674 542718 464660 462664 276529 199775 644880 128978 372057 557165 560034 256698 378466 228726 410682 410685 451646 614363 460356 363505 557349 448212 410148 291805 540080 183125 317199 314387 692555 678173 240160 398663 187406 490064 95544 186614 499592 434249 556020 312848
385789 496752 308754 999999999 352118 510215 1075423 425783 649269 747826 214112 574866 523176 687975 248874 766422 550656 184006 581162 238349 743552 675546 526305 157069 414877 506081 346772 988513 839722 182345 940367 372406 523417 703409 579938 161271 243001 627531 169721 250411 107352 561024 748595 411266 476999 105233 791021 628051 119540 161711 133666 558813 48418 312559 833843 120247 304573 726804 592033 446434 583391 240486 699890 770387 581091 306135 720056 183623 352461 621732 643086 414941 541839 407293 104818 150637 755239 774144 656337 320017 620810 185310 178453 533838 733403 483462 569416 54613 1000731 774300 121939 196419 206805 635265 213263 490904 654209 597580 691227 256568
442598 170873 75952 352118 999999999 174193 730922 86180 297321 617633 562351 426144 270623 495076 600705 686049 419126 182588 597040 580441 417099 548012 306925 499688 204460 219989 513484 651701 497362 506334 607906 55062 457337 495729 228592 510032 595044 275416 338591 406232 385302 386774 529359 171357 388595 248418 669900 350233 433856 195297 468204 324830 341989 120833 497238 352722 126599 569811 439495 211692 248360 591549 498449 438384 231545 274964 579031 169138 448004 494724 494580 190774 305991 293200 456660 469204 403888 666943 507780 335998 626610 467838 473038 331497 464200 132781 243315 346872 653795 741472 302679 406340 187617 548698 149426 143226 556040 360783 614937 296224
484193 26450 201569 510215 174193 999999999 565210 88537 164154 530391 723970 356108 165553 560150 754460 619496 527256 327884 590998 745205 242915 642459 388868 663642 324454 102380 589633 480575 329546 644011 435102 138481 586217 376106 135647 660783 749757 153558 454375 579385 521317 478964 399367 152178 518428 405039 582844 372852 602322 348514 634012 217628 491036 209369 325622 524926 292229 472282 534681 313795 74678 743640 382380 264955 88268 332891 663930 328473 506014 595103 584605 308272 376471 291373 612203 607313 256904 587688 423118 499208 611660 640218 602326 248299 475115 67806 231291 513075 491127 695059 435766 580500 361754 494471 297106 47904 494175 417567 557850 466469
968633 579679 766740 1075423 730922 565210 999999999 650731 444218 763547 1289094 714279 602440 862013 1318781 876390 925388 892748 985706 1309681 346442 985037 786463 1228289 798868 588677 1099347 111217 235867 1202356 166012 703269 1013453 599230 523106 1224570 1314324 470045 1005774 1115845 1080860 860954 569604 685287 959634 970236 795374 680203 1164657 913723 1197970 602038 1055275 769537 247470 1082692 827387 703093 905817 770527 492562 1307519 612052 313917 500016 859200 980051 893217 1005483 961398 931800 785233 761682 777032 1177173 1166414 338795 820883 713700 1009299 985551 1197185 1156632 650302 697306 598668 600548 1076671 82051 981933 995947 1129048 914280 823239 862284 587855 806262 760540 858069 996389
448766 85164 120050 425783 86180 88537 650731 999999999 228942 563819 638765 377250 202332 527217 672164 642016 472790 246153 580892 658951 331322 595755 344681 577576 260798 144236 539382 568351 415756 567660 523443 54364 522143 427284 172765 579417 667092 210778 385331 492315 444950 431608 457200 130122 453389 320604 616581 357626 514812 264651 547319 257985 409639 140880 413509 436508 208568 511138 486600 257787 163134 661955 431433 353427 156544 285866 622135 242695 463124 545082 539586 245175 337484 272264 528950 530627 331657 617049 453901 417754 606392 551793 529141 274362 468219 65483 227656 426109 575143 707152 359746 492152 273416 508942 214101 66591 512884 386360 574611 381201
646886 189026 348739 649269 297321 164154 444218 228942 999999999 638559 859473 487245 300580 508425 897512 739213 522020 473802 741536 876668 204197 613673 375591 796376 361169 247202 753773 381227 223859 796488 348669 283118 599795 464786 79257 805928 892018 26450 612890 671639 673833 462292 473021 315918 538420 544972 688701 306687 728394 490342 764272 340333 636663 366878 239074 642945 383685 575073 515124 336371 128252 887972 474329 203460 76103 497010 624003 465820 669886 575868 555410 346464 354643 451342 753601 759422 107673 699504 539638 567689 758538 756300 757975 382554 382887 166455 180017 643229 363978 825070 588683 685701 473520 626606 441149 162445 621900 375149 685787 552272
401151 508611 568729 747826 617633 530391 763547 563819 638559 999999999 919802 192638 366441 1087691 902738 113365 1034448 615690 283674 955707 496095 1159420 908268 886143 819928 429913 528598 653394 609605 755690 601529 563565 1074484 180987 654626 819162 903765 645934 586912 948791 675927 995384 196540 446281 1005925 680174 52787 903201 867334 642788 874414 312790 702223 524453 572256 837845 734400 65571 1050227 820772 517185 886514 169272 526675 588397 444784 1185811 650245 449005 1108147 1103404 805140 899788 354788 805685 733590 662175 62167 110107 928667 263116 931926 699803 289460 1003063 592573 761209 787446 736176 218394 625942 917413 742077 125132 610963 574359 101234 945312 110942 871999
527256 710822 522694 214112 562351 723970 1289094 638765 859473 919802 999999999 762180 732473 823831 78121 919590 674276 398042 709424 38878 957525 782046 688269 65681 589227 718866 435930 1202625 1053516 180095 1154422 585838 620665 899044 787800 104202 68664 836896 337120 309654 246088 701527 945569 622990 593760 319005 957823 803267 144165 375662 101164 764469 241851 525980 1047940 237573 496106 908123 719507 623167 797368 86085 894168 984489 793064 497037 828858 396071 483282 733966 762967 593231 708069 601220 119521 190490 966239 936875 838725 432375 749311 166193 230133 735216 899713 694775 765250 217353 1213907 907278 314701 250608 396479 799527 427291 703194 821060 759176 847686 387614
283540 331905 376099 574866 426144 356108 714279 377250 487245 192638 762180 999999999 191389 904162 756071 265248 844315 428964 274543 795890 392383 970848 721634 721545 629491 253745 422493 604086 517115 611855 548633 372640 882339 147262 488112 666509 755674 489243 425071 761846 516147 807339 194670 255120 813892 498067 244264 726347 693867 456607 705793 146986 531941 332117 486106 655902 541805 154719 861696 631941 359559 740619 138895 427021 426176 268861 998761 461625 329536 918808 915562 614995 714712 169393 644238 584568 534174 240990 85454 736754 281548 755554 556370 107851 830974 413038 586514 609774 668239 339782 454828 733929 551217 139673 421594 396203 138079 762615 201780 681035
372109 142524 246592 523176 270623 165553 602440 202332 300580 366441 732473 191389 999999999 721386 746190 453948 674957 345509 441924 760398 256591 796492 543799 679912 462979 63622 498015 499993 378025 615811 446250 215959 723540 225753 296743 651395 743412 300107 415770 656708 499744 632195 258839 116237 654681 425866 419128 537878 633297 372545 656168 55669 490625 218907 356542 573234 396309 310655 687539 459747 172427 732840 229352 290491 235745 259551 821132 365017 405313 746612 739669 447441 534216 175477 613725 581958 361826 422738 258107 603876 458004 684584 565700 83739 640632 226139 396771 542827 541647 531099 419866 642635 433972 330673 324774 208076 329220 578931 393094 557627
928703 580065 565918 687975 495076 560150 862013 527217 508425 1087691 823831 904162 721386 999999999 893542 1169174 152556 615240 1091870 817986 712571 126210 188467 762263 302060 658169 973536 842880 703315 869985 827697 541150 233152 935742 455308 832430 884714 487763 774539 520023 776632 127028 955951 654482 233336 628017 1140430 201772 683836 606702 727390 775858 711565 614013 730868 596481 423729 1031528 106702 285135 592729 893007 942367 709030 522668 763373 119060 577690 925709 124593 86049 311410 190369 787555 772636 838465 568865 1142779 978591 391515 1121685 662217 862263 799461 169126 495561 338339 644997 783546 1232706 719233 574407 495375 1035787 591773 514298 1040096 142611 1101634 440602
503488 739109 553256 248874 600705 754460 1318781 672164 897512 902738 78121 756071 746190 893542 999999999 893176 745429 426654 675605 106562 981367 856074 751364 131666 647933 739104 397124 1228402 1082930 147114 1178578 618174 695051 897454 828773 95015 9487 876083 335617 384288 247047 769784 944692 641748 665461 352540 937645 862732 209738 407649 166157 773354 263522 549911 1074651 299990 547395 896561 790264 681278 826256 16666 891560 1009940 828288 498716 902758 431728 457049 807081 835122 650600 770043 602273 144092 171503 1002960 914835 828545 503025 714876 242253 202936 740140 962394 731344 815412 266999 1245579 872444 327043 323800 447518 779857 458126 737975 802410 822720 823616 454273
392347 595994 629028 766422 686049 619496 876390 642016 739213 113365 919590 265248 453948 1169174 893176 999999999 1105173 656066 229039 957031 606426 1233353 985791 893247 890442 517277 502265 766441 721751 746917 714778 634031 1137914 291685 748766 816286 895378 744578 598753 984895 682928 1070512 309855 517123 1070201 711796 87872 991122 884418 681628 885916 403909 718874 581971 684758 866562 795360 177337 1124386 894793 614652 876599 279439 637718 684356 476778 1262398 693684 436915 1180584 1178746 876426 979470 402932 811119 729622 769456 57363 199617 979247 196681 951701 692256 371863 1094571 677991 850612 811004 849541 106523 645529 947567 790054 139597 656813 660854 130013 1027792 75987 919024
827135 541815 480264 550656 419126 527256 925388 472790 522020 1034448 674276 844315 674957 152556 745429 1105173 999999999 503517 1002452 667076 720890 133309 146513 613818 214869 614813 856108 888822 737980 730877 864731 471745 94161 898643 453235 688438 736456 497371 654330 368301 645392 64824 925486 589235 81090 502481 1087026 247353 536222 490237 579424 730624 578857 528842 759060 451718 319980 983530 45911 215305 576461 745671 903417 724782 513815 667659 172910 463578 818062 77662 92442 229356 167908 708775 629361 701085 604373 1085304 924344 242411 1035207 511255 727886 745614 281185 459459 342097 504353 844061 1158317 596256 423998 371717 967599 485049 479353 975165 166979 1033819 296747
326077 313322 126637 184006 182588 327884 892748 246153 473802 615690 398042 428964 345509 615240 426654 656066 503517 999999999 511335 421883 559546 636649 432374 340263 314849 323337 358616 804709 656899 324134 756382 191894 508807 542346 409583 333393 421882 453792 164630 333216 202719 492369 585062 230727 446931 81061 663759 508125 288174 28036 313585 386234 163546 129495 650168 231013 191808 583674 536351 338342 400260 416083 540679 586476 402670 180958 675674 40882 314558 580823 591913 308203 440457 261049 284425 286980 577745 652267 514048 327841 547375 339621 290686 368350 620678 307420 420548 197456 819002 686512 120917 306182 140083 517518 33183 312466 532193 498404 580295 264639
195788 564658 526426 581162 597040 590998 985706 580892 741536 283674 709424 274543 441924 1091870 675605 229039 1002452 511335 999999999 747798 666583 1135177 903459 690757 794565 495122 279258 874847 791542 531892 819702 554277 1018087 392811 726564 605229 678660 738737 411942 818773 485770 979377 432056 451764 953944 548455 296675 937606 693774 532380 688474 411666 532754 478021 760631 692420 682554 315630 1029359 807198 613935 658940 380592 701335 672724 335480 1170167 552001 230736 1080005 1085269 783001 903012 308752 608469 519220 801032 266991 278372 838155 40115 763007 479378 363931 1049044 633609 807472 631132 942174 197869 467104 773300 651399 172649 522256 620973 195351 957258 176030 773332
564692 733086 544758 238349 580441 745205 1309681 658951 876668 955707 38878 795890 760398 817986 106562 957031 667076 421883 747798 999999999 981108 770596 689359 81707 594355 744430 474735 1225044 1074522 218967 1177589 606756 609013 931396 803627 142742 97765 853547 371219 299386 280550 697586 977667 649430 586124 341605 994268 807038 150993 398250 112408 793941 270573 550846 1070156 243588 507089 942911 712673 628600 819118 117969 926800 1007348 811850 529446 817524 416732 521094 723985 754250 599368 710064 633435 151665 228641 983885 973648 873280 426915 787718 155824 268670 765985 900612 713198 775730 233577 1233655 945665 345334 243707 408486 836006 449901 722472 857340 759652 884833 387057
626365 249891 437077 743552 417099 242915 346442 331322 204197 496095 957525 392383 256591 712571 981367 606426 720890 559546 666583 981108 999999999 817127 574581 899407 542155 244072 754480 247837 125420 859725 197225 378476 793914 315165 267673 886519 977509 226085 661544 821364 739466 663115 307256 341596 729657 639503 540723 510806 841633 582876 871314 262456 718962 432075 99984 766825 532043 430540 716897 522799 169099 969297 327149 35033 211492 512820 828154 566013 661332 777949 758712 526319 555152 431864 842288 824333 175484 558185 415934 734638 673444 882064 812557 311860 581730 295716 381381 751440 285549 704159 655535 823414 604668 519671 531260 279282 507956 578811 568026 706728
960443 659359 611577 675546 548012 642459 985037 595755 613673 1159420 782046 970848 796492 126210 856074 1233353 133309 636649 1135177 770596 817127 999999999 253630 724757 343802 734878 987982 961650 818059 853320 943721 599327 161585 1017558 552774 806065 846851 591046 785981 472401 773323 164297 1041796 716375 198632 633260 1212147 312445 649592 622938 691675 851988 706375 660260 843478 570484 452982 1106672 109199 338911 684574 857839 1023064 816720 617649 800668 46948 596587 951206 55834 58615 357241 267153 839551 748257 825049 683104 1211655 1049392 358647 1167633 616259 853759 869995 295291 575298 436321 626963 905805 1288926 727395 532275 503646 1096606 618358 594936 1103377 238559 1162843 419152
741093 405791 377455 526305 306925 388868 786463 344681 375591 908268 688269 721634 543799 188467 751364 985791 146513 432374 903459 689359 574581 253630 999999999 623603 117681 481737 790867 745175 592859 708065 719574 354239 227700 763996 307020 680084 743167 350868 594657 407554 605817 90518 788231 469225 174366 454097 961049 127247 544290 426503 587868 599136 543361 425553 613099 451717 240874 854352 146125 96865 433235 748353 769601 578269 368717 575247 277547 396596 739459 207079 196081 124687 25983 599851 619769 674367 460088 961723 798470 275099 933464 537842 693952 618901 211449 321668 195814 489877 704652 1046481 541822 450246 323424 850872 407053 341309 856173 71546 916945 302484
502166 651406 463075 157069 499688 663642 1228289 577576 796376 886143 65681 721545 679912 762263 131666 893247 613818 340263 690757 81707 899407 724757 623603 999999999 523715 663030 425699 1143372 993029 179872 1095882 525221 563964 854770 723996 104123 122642 773506 299318 253809 210828 638999 900671 568333 533799 259906 926355 737904 79381 316544 35755 714442 191804 469347 988496 172280 430678 870516 658718 557609 737492 133202 850566 925647 730913 453576 771383 335181 460981 675511 703456 527613 643131 557021 82429 176990 903415 906946 800474 371435 730865 115525 219185 687660 835004 632366 699806 153240 1152470 888186 267977 192603 331194 768490 368194 641356 789109 694665 819822 324042
627072 335409 268698 414877 204460 324454 798868 260798 361169 819928 589227 629491 462979 302060 647933 890442 214869 314849 794565 594355 542155 343802 117681 523715 999999999 404566 673434 742296 585018 595306 709108 256884 262335 688069 283068 571981 640152 334734 476984 333291 490033 184811 717215 374387 194107 337807 872444 214820 445347 308855 488074 518570 428801 317392 598117 351775 123205 769815 235817 34448 383280 643639 692213 552805 330723 462780 376202 278916 623664 290273 291389 16202 128515 495898 511950 560851 461071 870474 709846 212575 825954 448878 578765 531535 318599 257695 202388 382506 717078 945152 424433 364807 209119 753148 290118 277320 760429 185991 819385 216307
406304 78906 210408 506081 219989 102380 588677 144236 247202 429913 718866 253745 63622 658169 739104 517277 614813 323337 495122 744430 244072 734878 481737 663030 404566 999999999 523830 491894 356706 615694 440525 167479 666294 283877 235607 644114 735563 243622 417555 617925 495791 570629 312965 97673 597576 404365 482561 474282 610613 348716 636914 117742 478216 193855 341274 543785 346582 373455 626122 399518 122179 726660 288642 275000 177773 272999 758780 336462 434437 685585 677768 388786 471560 207863 601916 580407 319959 486358 321726 555913 513696 657432 568559 145921 577446 162699 333338 519729 522241 592920 412430 608933 394653 392332 298246 144484 391804 515649 455507 513600
138968 565246 438319 346772 513484 589633 1099347 539382 753773 528598 435930 422493 498015 973536 397124 502265 856108 358616 279258 474735 754480 987982 790867 425699 673434 523830 999999999 994444 875626 256139 939621 492927 848412 569456 710779 332289 400576 741475 202104 597045 240084 849692 616448 438870 792509 355924 556181 859973 444014 367304 429773 499080 301905 401136 854463 466682 550421 536696 891554 696153 641861 380465 560330 788502 677750 256783 1029012 395887 95049 932311 946481 666454 798238 322616 345663 249130 840869 530332 475968 650146 318112 513165 207314 452819 973734 604030 755304 401177 1039657 475391 261577 542589 484423 403489 384331 599472 427645 856084 437156 583474
862145 491973 680301 988513 651701 480575 111217 568351 381227 653394 1202625 604086 499993 842880 1228402 766441 888822 804709 874847 1225044 247837 961650 745175 1143372 742296 491894 994444 999999999 157900 1107563 55539 618914 972697 488030 460024 1133672 1224379 407676 909263 1047308 987212 825707 458825 589433 914615 883814 686290 650382 1082897 827108 1114285 495728 965496 678579 154971 1004358 756661 592451 874273 716679 406175 1216530 500855 218476 425581 758746 961933 808548 900098 932473 905954 727674 721699 673052 1088470 1072153 285246 711273 602485 948214 874410 1119530 1060270 543317 685365 522033 552050 993545 100225 871705 903099 1055664 838162 712029 775434 508935 695053 728758 747053 929233
749611 343821 530987 839722 497362 329546 235867 415756 223859 609605 1053516 517115 378025 703315 1082930 721751 737980 656899 791542 1074522 125420 818059 592859 993029 585018 356706 875626 157900 999999999 967476 126753 467826 819602 430378 302341 988764 1078459 250286 771969 889913 845656 675904 415226 451939 760047 734572 651239 505616 930393 678010 963045 387498 819418 533909 40078 849958 599474 544544 726211 560011 256695 1071709 442870 90419 268714 629329 822011 657859 783315 785581 761152 570259 570166 553415 941323 931358 134962 671141 536317 790338 797637 964892 922536 436955 554110 366231 397978 841865 165557 822030 760568 899391 682661 641999 626523 354151 629170 581743 687845 771593
356471 625827 447749 182345 506334 644011 1202356 567660 796488 755690 180095 611855 615811 869985 147114 746917 730877 324134 531892 218967 859725 853320 708065 179872 595306 615694 256139 1107563 967476 999999999 1056092 513388 697781 754904 733690 78112 148646 777237 200058 402770 122808 743114 802376 518132 655477 264886 790553 806795 223321 312060 194526 638401 168971 434936 955806 284266 480778 750323 772987 626033 712527 130827 748523 890004 723745 361128 898520 340753 310294 800366 823169 594415 722996 462882 113215 37155 898651 767860 682746 495099 571536 285369 55996 602349 913842 630603 738267 226627 1132141 729470 208331 341079 386237 632744 357279 634250 655308 779169 676857 434692
806967 444892 633005 940367 607906 435102 166012 523443 348669 601529 1154422 548633 446250 827697 1178578 714778 864731 756382 819702 1177589 197225 943721 719574 1095882 709108 440525 939621 55539 126753 1056092 999999999 572813 946179 433998 426041 1083714 1174733 374933 857287 1007284 936284 802608 406090 538192 886252 836043 635785 631338 1036843 779361 1067356 440709 916169 629252 112078 959950 716490 539851 852740 684999 360428 1166471 446845 170432 385991 705433 946613 761707 845172 911945 887080 694084 696918 618608 1039451 1020913 261145 660097 548098 911956 819639 1075231 1008237 488106 675000 480299 524521 947029 138664 819600 852582 1013396 795155 657551 727695 466143 640880 708039 693607 890156
410019 128625 65694 372406 55062 138481 703269 54364 283118 563565 585838 372640 215959 541150 618174 634031 471745 191894 554277 606756 378476 599327 354239 525221 256884 167479 492927 618914 467826 513388 572813 999999999 512040 440782 224241 525243 613187 264441 332650 452551 390716 436854 474790 117520 443241 267173 615953 384951 464097 210932 495532 269907 355424 91805 463943 388466 180435 515091 490413 261097 212745 607846 443427 402411 210888 243804 629037 190040 420524 546656 545006 242547 350941 246959 475172 476338 386007 613608 453590 388958 582251 503648 475282 276674 497918 118031 264779 374641 628328 692262 305609 447834 230277 497572 160048 120921 504049 403723 563778 346237
834805 597726 508894 523417 457337 586217 1013453 522143 599795 1074484 620665 882339 723540 233152 695051 1137914 94161 508807 1018087 609013 793914 161585 227700 563964 262335 666294 848412 972697 819602 697781 946179 512040 999999999 949149 527213 647471 685791 574325 646793 311022 624853 157549 979190 628515 68884 492653 1126527 339108 489670 491122 531283 778904 557698 556122 838534 413668 342612 1027120 132007 273759 641871 697142 952877 800442 583687 683002 208512 467934 820404 118046 153430 278395 251925 736309 590552 671037 687500 1122333 964845 203440 1052797 454759 701796 788710 374554 518935 421658 472781 931783 1183686 586874 371365 369867 998833 495834 538728 1008461 259485 1064665 267831
430578 358206 463755 703409 495729 376106 599230 427284 464786 180987 899044 147262 225753 935742 897454 291685 898643 542346 392811 931396 315165 1017558 763996 854770 688069 283877 569456 488030 430378 754904 433998 440782 949149 999999999 489465 806245 896574 474643 563306 868871 654125 853519 47671 331499 880312 617745 227196 743927 820541 570375 836372 170906 663276 427647 393915 773242 620468 115416 909142 683368 349433 882332 12863 346083 421600 402032 1039940 569608 476776 968953 960037 672389 752415 297962 780007 726237 481960 243130 115281 826058 388284 878726 699888 174503 838258 442490 601430 733183 564239 391879 586795 847927 649450 224786 528544 423043 207059 793296 260458 776565
613516 161917 288183 579938 228592 135647 523106 172765 79257 654626 787800 488112 296743 455308 828773 748766 453235 409583 726564 803627 267673 552774 307020 723996 283068 235607 710779 460024 302341 733690 426041 224241 527213 489465 999999999 738561 822932 53087 556873 592791 611762 396041 504784 282154 464178 476890 706334 256889 654358 423783 691252 344858 570516 313627 315234 567432 305960 593702 450355 259599 140249 819880 497541 273278 68272 455306 567184 397642 631703 511565 494169 268100 288169 424820 684681 696536 185102 713756 550210 488506 747287 679993 697994 380446 349098 107314 117232 570768 442529 827841 527602 607974 397915 627376 376481 111761 625755 316326 689710 473283
424121 644990 460008 161271 510032 660783 1224570 579417 805928 819162 104202 666509 651395 832430 95015 816286 688438 333393 605229 142742 886519 806065 680084 104123 571981 644114 332289 1133672 988764 78112 1083714 525243 647471 806245 738561 999999999 92039 784992 243093 343370 153152 706597 853269 546739 610510 261681 856139 786329 160270 315586 124541 679219 169856 455338 980071 236720 465163 809791 732028 604409 732162 82949 800722 915233 735818 405851 852074 340920 379608 754656 779929 573168 697152 509813 60328 86671 910756 834622 740989 447881 645110 215362 125943 646808 889491 639529 730687 190208 1151786 803079 232041 280927 366322 697874 365344 645523 719765 751626 744844 392219
505096 734648 548415 243001 595044 749757 1314324 667092 892018 903765 68664 755674 743412 884714 9487 895378 736456 421882 678660 97765 977509 846851 743167 122642 640152 735563 400576 1224379 1078459 148646 1174733 613187 685791 896574 822932 92039 999999999 870455 334122 374982 244908 761084 943744 638317 656430 347103 939074 854923 200991 402479 157335 771161 259090 545811 1070487 291641 540327 896901 781331 673567 821766 21697 890802 1005904 823085 497152 893548 426198 458917 797936 826064 642955 761962 600896 138417 171327 997642 916491 828685 494065 718033 232832 204148 738400 954269 725951 808570 259741 1240882 875720 323886 314587 440403 781157 453154 732784 803592 814489 825492 445655
637751 179459 329753 627531 275416 153558 470045 210778 26450 645934 836896 489243 300107 487763 876083 744578 497371 453792 738737 853547 226085 591046 350868 773506 334734 243622 741475 407676 250286 777237 374933 264441 574325 474643 53087 784992 870455 999999999 595930 645820 654778 438196 485245 305639 512592 523639 696666 286378 704841 469516 741139 342937 616103 350403 265029 618759 358457 583182 491435 310068 130117 866788 483725 227469 66425 484780 602468 444383 659145 552341 532647 320017 330363 444084 732061 740121 132417 706369 545003 541326 757007 731784 739724 383165 367366 146656 155856 620285 389557 828286 569913 660513 449250 628890 420937 145035 625202 352748 689215 526349
216284 434125 269412 169721 338591 454375 1005774 385331 612890 586912 337120 425071 415770 774539 335617 598753 654330 164630 411942 371219 661544 785981 594657 299318 476984 417555 202104 909263 771969 200058 857287 332650 646793 563306 556873 243093 334122 595930 999999999 410026 91092 649664 610246 320496 590422 154145 627763 672730 285890 168218 288220 439068 121376 246076 758609 281519 353873 571837 690351 501922 519527 321124 557970 692477 538040 163102 827236 198089 185577 730347 745029 471329 603881 266790 219822 166872 711153 609236 502091 450212 451435 353932 151013 404630 785297 450420 581067 219246 937253 604579 60411 361873 282624 470413 194680 450968 490496 661836 524109 383453
623472 577077 410202 250411 406232 579385 1115845 492315 671639 948791 309654 761846 656708 520023 384288 984895 368301 333216 818773 299386 821364 472401 407554 253809 333291 617925 597045 1047308 889913 402770 1007284 452551 311022 868871 592791 343370 374982 645820 410026 999999999 357673 402690 909222 541511 287225 273568 996482 532174 183130 306003 222446 704689 295581 441555 895354 130381 290810 916469 414073 366993 652299 386940 868388 840260 621832 508366 519230 300718 595590 424809 454869 343116 430891 594261 290565 381868 777679 984104 847079 133366 857474 144030 418459 694493 614992 527321 533175 195887 1035298 1005909 352219 62445 223338 847804 341429 542531 863609 474557 908909 119947
293440 503383 325126 107352 385302 521317 1080860 444950 673833 675927 246088 516147 499744 776632 247047 682928 645392 202719 485770 280550 739466 773323 605817 210828 490033 495791 240084 987212 845656 122808 936284 390716 624853 654125 611762 153152 244908 654778 91092 357673 999999999 649803 700960 398119 574870 152476 715640 697099 208710 193189 203620 526315 67164 312433 834763 227598 370781 662366 684939 518844 590225 233266 648908 769221 600957 252908 816840 223004 255059 718655 737647 487300 618545 357023 129759 85996 775845 696118 592794 422307 525807 278259 89804 493660 806690 508122 620722 161965 1010052 681824 85557 302512 282717 557694 235894 511532 578429 675810 609198 357022
810438 495382 453351 561024 386774 478964 860954 431608 462292 995384 701527 807339 632195 127028 769784 1070512 64824 492369 979377 697586 663115 164297 90518 638999 184811 570629 849692 825707 675904 743114 802608 436854 157549 853519 396041 706597 761084 438196 649664 402690 649803 999999999 878310 553390 125856 501784 1048130 182532 560098 482413 603811 687694 584601 502007 697932 471347 302280 942406 55718 175770 523695 768699 858923 665600 458710 647163 192278 453954 805054 116563 108245 196765 107963 679639 646636 711476 541814 1047975 885399 270940 1010687 542365 735259 705929 223685 411564 282367 518503 779726 1128235 593631 454012 369158 934426 470474 431287 940627 102236 1000628 315717
477660 383673 501790 748595 529359 399367 569604 457200 473021 196540 945569 194670 258839 955951 944692 309855 925486 585062 432056 977667 307256 1041796 788231 900671 717215 312965 616448 458825 415226 802376 406090 474790 979190 47671 504784 853269 943744 485245 610246 909222 700960 878310 999999999 369224 910508 661418 236035 761142 865217 613050 881792 206142 709020 467667 377141 816075 655144 133768 934023 710649 364722 929618 56138 335496 436516 448543 1062514 611125 524050 994343 983860 701337 775415 344350 826407 773552 479468 256966 153902 862314 424722 922618 747417 216743 851697 466787 619198 777335 539820 413763 632753 889894 688506 261098 570061 447029 241200 814016 288932 814490
332315 126892 132566 411266 171357 152178 685287 130122 315918 446281 622990 255120 116237 654482 641748 517123 589235 230727 451764 649430 341596 716375 469225 568333 374387 97673 438870 589433 451939 518132 538192 117520 628515 331499 282154 546739 638317 305639 320496 541511 398119 553390 369224 999999999 559842 311589 498583 487733 518900 257300 543294 163458 381701 102783 438132 457125 291335 399026 607332 377677 204458 629189 332770 372075 240362 182993 745333 248847 353969 663967 661624 359966 464163 144258 505401 482768 402577 496091 336427 494727 476537 568908 471415 161553 597964 182685 355709 428166 617426 578360 314898 526453 319565 381655 208780 171903 387253 514822 447721 445349
772892 529474 441223 476999 388595 518428 959634 453389 538420 1005925 593760 813892 654681 233336 665461 1070201 81090 446931 953944 586124 729657 198632 174366 533799 194107 597576 792509 914615 760047 655477 886252 443241 68884 880312 464178 610510 656430 512592 590422 287225 574870 125856 910508 559842 999999999 436801 1058025 295545 456686 430760 499660 710033 507861 488759 777490 373998 275348 958332 126937 207495 575361 666043 884012 737363 518722 618517 243144 406207 760350 144898 169802 210242 200019 669168 551934 626736 629484 1054070 896224 162942 988153 430320 655147 719900 349411 451375 362565 428907 877690 1117294 531167 343293 309858 931284 432145 471103 940615 220033 997211 220860
355009 391891 203691 105233 248418 405039 970236 320604 544972 680174 319005 498067 425866 628017 352540 711796 502481 81061 548455 341605 639503 633260 454097 259906 337807 404365 355924 883814 734572 264886 836043 267173 492653 617745 476890 261681 347103 523639 154145 273568 152476 501784 661418 311589 436801 999999999 726475 544869 207442 56706 232621 465201 96157 210545 729041 157945 218385 652415 539900 366379 478365 343158 615405 665882 476148 236306 675210 79282 332945 577804 593907 334849 466313 328690 208711 228545 650557 712740 582156 297020 586483 261260 241870 444825 654221 378849 473700 117075 895500 732913 94386 237297 132649 575481 108385 385897 592059 523726 635819 230379
434277 561208 620080 791021 669900 582844 795374 616581 688701 52787 957823 244264 419128 1140430 937645 87872 1087026 663759 296675 994268 540723 1212147 961049 926355 872444 482561 556181 686290 651239 790553 635785 615953 1126527 227196 706334 856139 939074 696666 627763 996482 715640 1048130 236035 498583 1058025 726475 999999999 955591 910344 690598 915887 365305 744786 575349 613161 883752 786011 113637 1102952 873462 568379 921270 216242 570330 639826 490384 1238591 698996 481374 1160816 1156163 857697 952570 403473 845245 770008 709132 31895 162766 979005 270082 975746 734929 342219 1055003 645242 813504 832010 772120 193078 669092 963762 791803 158300 660094 626977 137273 998032 121331 921704
792460 395386 426085 628051 350233 372852 680203 357626 306687 903201 803267 726347 537878 201772 862732 991122 247353 508125 937606 807038 510806 312445 127247 737904 214820 474282 859973 650382 505616 806795 631338 384951 339108 743927 256889 786329 854923 286378 672730 532174 697099 182532 761142 487733 295545 544869 955591 999999999 659172 508219 702197 590475 638698 470171 531429 565694 326571 844460 225638 181922 396454 858452 751372 507512 325035 624881 318403 477590 798029 282366 255821 213213 102165 628909 726433 771582 370664 960477 795864 400834 963851 658304 786706 619259 114034 313352 142547 597204 599466 1062198 625317 571805 421304 862419 478602 330269 864128 80626 927154 422673
499823 592057 404752 119540 433856 602322 1164657 514812 728394 867334 144165 693867 633297 683836 209738 884418 536222 288174 693774 150993 841633 649592 544290 79381 445347 610613 444014 1082897 930393 223321 1036843 464097 489670 820541 654358 160270 200991 704841 285890 183130 208710 560098 865217 518900 456686 207442 910344 659172 999999999 261997 43787 671911 165774 417242 927943 93573 356132 846164 580847 479391 676802 209451 817397 866415 665325 425369 695992 275793 463317 599419 626484 449694 563945 525716 110114 207582 835887 893175 775681 293875 733719 69584 247674 649436 755711 566506 624743 90887 1087636 888860 241395 120687 257848 754256 312470 576802 773424 615314 809498 244819
344311 335193 147051 161711 195297 348514 913723 264651 490342 642788 375662 456607 372545 606702 407649 681628 490237 28036 532380 398250 582876 622938 426503 316544 308855 348716 367304 827108 678010 312060 779361 210932 491122 570375 423783 315586 402479 469516 168218 306003 193189 482413 613050 257300 430760 56706 690598 508219 261997 999999999 288828 413873 146737 155258 672341 203035 185882 611326 524599 334407 421715 397745 568715 609183 420640 205412 662928 30630 329610 567119 579790 303551 436139 288360 264300 275057 595368 678722 541606 305786 568993 312184 282624 396350 619717 323955 427534 171124 839205 710066 117106 278195 121259 543422 51679 330327 558470 494059 605764 241436
497044 622532 434362 133666 468204 634012 1197970 547319 764272 874414 101164 705793 656168 727390 166157 885916 579424 313585 688474 112408 871314 691675 587868 35755 488074 636914 429773 1114285 963045 194526 1067356 495532 531283 836372 691252 124541 157335 741139 288220 222446 203620 603811 881792 543294 499660 232621 915887 702197 43787 288828 999999999 692419 173855 443060 959332 136539 396107 856364 624172 522003 708158 166421 832615 896984 699686 437015 738191 305745 457828 641939 669417 492077 607377 539440 84991 184894 871515 897445 786059 337016 728570 91188 226684 667397 799261 600981 665148 121372 1121664 885097 250965 160445 296924 758633 340238 610470 778642 658948 811752 288601
366623 195994 295921 558813 324830 217628 602038 257985 340333 312790 764469 146986 55669 775858 773354 403909 730624 386234 411666 793941 262456 851988 599136 714442 518570 117742 499080 495728 387498 638401 440709 269907 778904 170906 344858 679219 771161 342937 439068 704689 526315 687694 206142 163458 710033 465201 365305 590475 671911 413873 692419 999999999 523372 263796 361227 616306 449815 255714 743076 515408 212951 759386 174016 297437 280969 277533 876354 409093 404494 802219 795077 503058 589245 180847 645081 605932 389890 370230 205858 656304 423816 725802 586341 49472 691524 280312 448683 582206 546879 485349 449954 687885 483021 286284 368256 261805 282296 633309 346327 608431
337374 475597 290152 48418 341989 491036 1055275 409639 636663 702223 241851 531941 490625 711565 263522 718874 578857 163546 532754 270573 718962 706375 543361 191804 428801 478216 301905 965496 819418 168971 916169 355424 557698 663276 570516 169856 259090 616103 121376 295581 67164 584601 709020 381701 507861 96157 744786 638698 165774 146737 173855 523372 999999999 286955 811463 165268 312275 682794 618782 458707 562737 252623 659274 747026 566103 263166 750033 173754 304251 651803 671187 427075 557087 365861 123715 133030 741116 727429 612427 355253 572394 232931 150930 495889 746791 470210 569856 100417 982119 725937 77116 243526 219999 588504 195661 475839 607775 613913 643834 289869
322291 190953 48710 312559 120833 209369 769537 140880 366878 524453 525980 332117 218907 614013 549911 581971 528842 129495 478021 550846 432075 660260 425553 469347 317392 193855 401136 678579 533909 434936 629252 91805 556122 427647 313627 455338 545811 350403 246076 441555 312433 502007 467667 102783 488759 210545 575349 470171 417242 155258 443060 263796 286955 999999999 524747 354351 213514 483783 553044 329180 277884 538268 427624 460103 291973 154772 693583 146112 330049 605805 608740 305311 425963 180536 410214 398389 465530 568679 417029 404859 508734 466245 393001 253710 583943 206363 355450 326378 697843 629759 227004 424286 222272 442741 106024 205377 452875 481296 508543 350935
726118 337152 525453 833843 497238 325622 247470 413509 239074 572256 1047940 486106 356542 730868 1074651 684758 759060 650168 760631 1070156 99984 843478 613099 988496 598117 341274 854463 154971 40078 955806 112078 463943 838534 393915 315234 980071 1070487 265029 758609 895354 834763 697932 377141 438132 777490 729041 613161 531429 927943 672341 959332 361227 811463 524747 999999999 849744 604545 507436 749300 574700 251204 1062987 406520 66494 273917 611929 849125 653603 761296 809256 786067 582955 591180 531847 934193 920073 162625 633573 501573 800031 765464 964967 909547 410446 585195 368637 417358 838574 185795 785790 750209 902079 684119 608250 620678 354878 594715 605937 652570 778107
496680 517079 333900 120247 352722 524926 1082692 436508 642945 837845 237573 655902 573234 596481 299990 866562 451718 231013 692420 243588 766825 570484 451717 172280 351775 543785 466682 1004358 849958 284266 959950 388466 413668 773242 567432 236720 291641 618759 281519 130381 227598 471347 816075 457125 373998 157945 883752 565694 93573 203035 136539 616306 165268 354351 849744 999999999 265335 810323 495392 385821 599596 297864 771385 789880 582677 393368 616184 208314 466955 518449 543253 356179 470960 486562 177946 258996 750616 869392 740087 211843 731537 115292 292842 599358 663009 484109 532832 65636 1004583 882176 225401 81285 169529 731530 248497 495835 748713 522948 790703 155881
