NAME : synthetic_000599
TYPE : CTSP-D
DIMENSION : 100
GROUPS : 8
RELAXATION_LEVEL : 1
EDGE_WEIGHT_TYPE : EXPLICIT
EDGE_WEIGHT_FORMAT : FULL_MATRIX
EDGE_WEIGHT_SECTION
999999999 62687 529373 610294 738393 594811 450684 500454 348186 599789 733134 522053 685393 318855 363344 632969 593493 764741 742025 679441 209835 1034499 86697 743068 302950 785005 680886 186488 903853 191098 415253 489108 717183 754474 180046 591276 706043 521334 879501 1006480 567219 479538 638771 680415 109616 769034 810530 349446 655057 388448 239476 570778 115722 509076 209385 659034 984475 860805 672577 672321 800624 408087 682909 312024 434453 898157 64625 409949 686591 500456 365212 395306 314853 719766 455881 805743 389681 825526 676867 467744 751650 316653 567064 171742 650765 883533 131780 166056 110564 467878 671431 680485 427393 311968 531332 620886 78800 745722 1089772 424996
62687 999999999 531168 557685 677466 533104 443612 444568 291156 555110 716162 460665 633454 259459 303582 630892 539308 734368 686839 622267 174582 979437 70369 685893 248902 753180 627644 234738 845834 148855 367487 449879 686540 739480 134231 556931 688093 503662 828412 954754 536344 425007 624323 617983 98947 737036 778959 371699 593454 384795 214481 513370 89196 447702 151871 606002 934920 818626 669583 623748 787988 399981 633841 314011 381123 836950 124549 416910 669359 467144 347091 378101 263606 709976 393243 795875 333206 762841 661445 435691 691431 265037 508319 122729 592852 825141 116641 150032 167093 420653 658645 618947 407151 266054 471046 617864 45978 688576 1034346 362697
529373 531168 999999999 547978 791303 848540 108127 538564 501303 444602 269885 800815 583993 524193 543066 107905 560975 398787 1080642 662994 392199 900965 599708 707528 714344 426866 1044007 422534 848339 425930 417927 349704 367662 275345 443522 333440 255350 164205 711986 824710 291221 510847 181681 812102 432374 416586 444104 223820 752579 149277 339820 904983 444615 791261 626574 582917 776037 587395 148186 531042 303920 146178 543907 217902 480223 927548 560401 123321 235627 297615 223314 199599 442134 217180 675057 296852 765469 969784 215493 284116 780948 738515 621493 632387 657730 839923 647338 383419 483357 422985 193505 923321 201969 403367 831308 99517 485532 1061069 954808 702360
610294 557685 547978 999999999 248811 421303 457386 124330 271937 117460 480277 416496 76412 312123 276931 564393 32721 361076 670196 115169 414279 427118 608312 163388 521080 359069 665315 677711 319900 422556 202429 202148 329236 512925 431003 239193 454930 386818 271765 397197 272084 135229 454682 302339 520692 346417 379741 618386 236426 472434 414715 534495 501891 414851 505628 49140 381062 312767 577985 92860 566369 445532 95559 500058 176617 379834 674435 543947 451495 250472 387806 387687 295459 542242 307562 596969 501143 443035 464056 268462 234249 542547 130487 553255 115838 305767 632314 479831 667449 157521 486502 464833 363548 303774 454291 549804 531758 633122 483248 373928
738393 677466 791303 248811 999999999 296933 695121 270959 398716 364867 723496 336723 247101 420726 376021 812879 230918 586891 508377 137720 580050 370979 708056 131451 543899 578174 528204 850830 204735 575127 399285 441638 563309 755753 576482 487444 699588 633038 328256 405804 520887 299941 703202 115680 673791 568525 594060 833467 90341 700428 598884 428919 649406 343110 573648 229043 426960 470761 826794 305823 807524 677187 298043 712869 344415 160376 801946 773249 697648 494565 610222 616740 451615 789200 303340 839666 485249 201661 711219 507667 34274 557166 185373 627561 134148 180014 716338 647877 820385 374851 734427 294331 598242 477278 366840 798172 666366 462149 414256 363422
594811 533104 848540 421303 296933 999999999 740858 340189 351179 523664 873276 73967 468041 339940 309886 904561 389100 778328 250521 367766 515143 667186 535509 403543 319725 778828 245824 753877 499877 493637 435634 533001 741796 905755 485366 626730 844813 718808 610154 700514 644268 360056 822219 182145 572422 765433 800342 809864 222347 719574 555977 131986 545067 86798 390457 436462 716131 719985 929835 511088 961456 708164 509973 698399 375817 408985 649672 787517 836038 589093 630082 649855 414313 918713 174797 987471 236524 256853 842945 584543 329687 322279 291045 440129 337411 475183 525438 571770 698354 448503 858899 86220 647879 452607 82420 888840 542256 218832 708178 172909
450684 443612 108127 457386 695121 740858 999999999 436145 393178 363199 292609 692705 501468 416381 434943 189914 466972 377766 972527 571154 292138 834906 513598 619769 611520 404353 936208 376073 767493 326127 312569 255502 337673 309288 344184 266588 269121 105389 647546 766710 224263 407834 195311 709531 346737 391200 425854 208264 651492 64825 240400 797019 354888 683137 526731 496188 722747 544341 227129 452961 351728 43803 466137 145068 374919 836720 490083 102010 248441 209462 116126 91473 334165 269267 567136 355161 659626 868398 234372 188996 687074 636031 520642 536801 562863 757063 560207 293614 422942 322226 223973 816280 97702 295463 723189 175871 397639 952996 890158 594311
500454 444568 538564 124330 270959 340189 436145 999999999 153800 191113 533189 318566 199374 191027 153396 578220 98400 445354 589907 180332 318261 534931 490692 243609 397295 449541 574502 588903 405827 319679 129092 198207 405709 565725 325038 286582 504878 391729 392935 515892 305011 29228 485976 273585 419723 434976 472948 562684 215836 433886 330829 437444 398090 314311 382285 167805 503611 431821 599520 211662 621361 413165 217136 442101 74332 426631 565063 506649 496633 255202 342345 352087 190928 581176 196925 647807 382022 432316 504450 257628 272215 419134 86697 430913 155095 386911 511972 386159 568033 116419 521847 400770 338480 210336 355917 562701 423192 558757 589779 258872
348186 291156 501303 271937 398716 351179 393178 153800 999999999 297943 572744 299607 348348 43546 41807 567088 250407 528041 579491 331326 184401 688658 337248 394964 276065 539279 545633 452937 555723 176495 120806 233337 482458 603111 178033 348297 542857 387432 543609 668153 347902 136799 503149 363285 275192 523352 564700 465754 323072 368516 213588 405424 251295 289959 238305 318759 652870 560362 596570 348482 658440 358339 356719 350099 99051 558978 412789 436422 529499 278959 279959 301706 63880 600703 176387 678466 290440 521702 531026 262126 408052 300573 220109 282927 302664 535602 360390 251051 422480 165291 541002 431030 304746 101498 330157 551456 272140 560075 743364 202399
599789 555110 444602 117460 364867 523664 363199 191113 297943 999999999 363239 508532 139426 341482 318321 451488 143179 255313 774147 228343 391693 479090 614502 264827 570406 258481 763151 634676 404838 408892 189456 124072 218264 395950 421490 122701 337595 280705 298311 424671 158656 182804 338506 418300 498997 244063 281842 543915 352568 389540 377360 627567 485258 504832 535034 140816 392374 265214 462969 90680 449810 359358 103886 431661 201401 486637 661399 457505 334038 154544 315351 307305 296174 424903 387977 479937 567277 560468 346755 181411 347806 594010 235913 576239 233095 395530 645847 450147 638611 136686 369587 574509 277034 289080 546123 437322 521612 739721 535347 448468
733134 716162 269885 480277 723496 873276 292609 533189 572744 363239 999999999 845704 479892 610007 609009 187315 506243 172139 1122287 585782 547263 721363 786342 609000 836855 197371 1102187 668164 714334 579282 455855 345627 169845 32787 597401 247516 29928 212528 539203 629487 230249 513765 97346 781397 624940 194708 204369 485284 715751 357279 502022 962331 627447 839469 768300 494498 573024 376613 166403 420008 88180 330490 429673 437265 506195 826675 777860 375652 46815 294330 369273 338501 532869 84962 717469 116702 862982 922209 58328 311617 702599 862112 595285 790790 594964 713311 830367 568920 714801 428508 76393 931871 309295 501564 881665 184161 671198 1091940 769568 765809
522053 460665 800815 416496 336723 73967 692705 318566 299607 508532 845704 999999999 472624 281945 257806 863070 383776 763602 281209 382781 452532 706754 461684 427447 246479 766750 256723 683933 541417 428992 396665 501038 724273 877733 419496 602362 816585 679396 631478 730726 615468 333592 788122 228513 503685 752541 789518 748613 252192 666790 495919 119038 476355 12983 316745 439471 740691 724929 890454 508910 933643 657815 509712 640126 340585 464769 576252 732728 806288 555483 579405 601247 360637 885513 129202 957788 165663 326851 811467 547129 366970 250235 287540 366187 349676 516713 451514 506278 626556 417288 825436 158516 602638 399502 37827 847357 471449 260556 750968 105658
685393 633454 583993 76412 247101 468041 501468 199374 348348 139426 479892 472624 999999999 388415 352610 587136 101744 339913 712168 112601 486853 356279 684623 129931 594051 332128 713843 746700 266028 496667 273996 252580 316723 511689 505717 256917 457473 419994 195407 321308 296054 211617 469745 326186 593940 321909 349279 675169 262131 524074 484007 588288 575893 472470 581470 33884 304750 252647 595814 59890 562266 495066 50982 559249 252658 351243 749348 593678 457511 292048 444370 440237 370600 549810 372710 595186 569601 448584 472866 315930 223491 614946 186371 629437 134077 256142 708720 551346 739802 225374 497941 500866 412382 376841 510004 573416 606725 671949 412744 440526
318855 259459 524193 312123 420726 339940 416381 191027 43546 341482 610007 281945 388415 999999999 44707 595354 289015 570236 557944 364252 178130 724002 300554 427726 233592 581927 519831 438016 586675 162524 162552 274191 524349 639884 159677 389760 580082 419379 583239 706859 387541 177013 537446 374088 256302 565950 607422 470186 340301 385939 216142 380959 230649 271189 195400 358023 693161 603645 626292 390782 694883 379127 398713 358784 141964 580973 383060 450900 566070 317517 301019 325360 82687 634626 168038 713806 253509 529161 566620 298471 432938 258313 248923 241277 333980 565789 320961 240637 400571 208552 575303 422893 332458 120975 309391 579846 245648 541803 778171 179292
363344 303582 543066 276931 376021 309886 434943 153396 41807 318321 609009 257806 352610 44707 999999999 608050 251772 556754 537834 322016 217314 682696 342472 385268 252127 566510 504709 481133 543274 204688 153697 266260 512089 639775 203119 379353 579198 427351 546264 668550 382026 143763 541720 331305 300166 550797 591604 504320 295950 410093 250874 364311 274806 248203 228896 321199 657005 576222 637103 359714 695326 400135 366733 389901 117137 536278 427447 477635 566428 314694 321749 343474 104447 639390 135219 716179 256615 487769 568707 299926 388340 275696 205371 277826 291067 522147 360437 281896 445064 191949 579525 390451 346042 142773 288532 592394 290355 518268 736483 161485
632969 630892 107905 564393 812879 904561 189914 578220 567088 451488 187315 863070 587136 595354 608050 999999999 582790 343102 1144269 678686 481947 876448 700328 715647 799684 370839 1112705 530431 843809 515936 468927 380675 322721 183551 534034 330284 182349 186731 688645 791989 292964 552664 125788 847985 532807 363807 383336 330454 785327 246118 430307 972361 542887 854502 716354 592272 738995 544176 40338 529785 202137 233482 541783 321004 529381 937666 666377 230995 166693 324010 302516 273772 512716 117459 734721 190958 844010 1001151 144712 321608 798268 824393 655672 726627 678912 838435 747495 481442 590712 462195 116371 974547 262914 475167 895706 15727 584966 1121018 927964 769444
593493 539308 560975 32721 230918 389100 466972 98400 250407 143179 506243 383776 101744 289015 251772 582790 999999999 391703 638339 105540 402254 441185 587643 162290 492437 390472 632820 669051 323505 408115 193983 211867 358592 538984 415413 262163 480245 402121 294538 417914 292393 114320 476296 275165 507305 377558 411487 619715 209524 477699 406671 501788 487371 382154 480636 69462 405279 344735 598097 125424 592973 452213 127512 500223 159212 370440 657921 549950 475877 263769 390553 393029 279619 565781 275569 622911 470179 420221 487566 278320 220253 513497 98089 529293 96864 307341 609941 468920 654972 155051 509105 434116 371327 291732 421570 567936 515379 601720 496762 342329
764741 734368 398787 361076 586891 778328 377766 445354 528041 255313 172139 763602 339913 570236 556754 343102 391703 999999999 1028614 451730 559808 549611 801601 463245 803827 28149 1018463 740659 551738 586950 407690 297930 47861 197160 603487 182183 164005 273553 369511 457377 198040 433641 221500 660611 655510 22716 48299 585836 594934 434932 525276 882604 650750 759629 752262 361749 401232 204749 331440 282491 237032 402553 289148 507364 441722 673077 818503 477051 176837 268033 408965 383412 505672 256502 641367 272892 812278 788472 198669 298704 561942 828502 488491 785034 467850 553068 840603 599646 771048 364811 227568 825778 347085 483842 801107 335384 693048 993099 597469 699268
742025 686839 1080642 670196 508377 250521 972527 589907 579491 774147 1122287 281209 712168 557944 537834 1144269 638339 1028614 999999999 606185 718800 858550 665310 631645 439077 1028649 73544 920920 693580 691410 677425 779646 992309 1154628 679062 876444 1093565 960485 835779 910261 892584 608524 1067999 397339 751099 1015438 1049827 1013774 454231 943838 765923 179582 724701 289907 535060 681895 935052 961450 1171598 758413 1210441 936596 756402 911289 620106 569293 784250 1007620 1084162 834914 858252 881069 638918 1165114 409995 1235732 353873 372128 1090249 827768 542634 426760 540565 570922 578833 670243 638739 764747 852255 695320 1105101 215101 883511 677823 249345 1128558 709507 50563 890255 378732
679441 622267 662994 115169 137720 367766 571154 180332 331326 228343 585782 382781 112601 364252 322016 678686 105540 451730 606185 999999999 497776 361407 664439 63638 539390 444598 612747 767445 225499 500002 295729 315658 426439 618054 505268 351040 561893 501981 249857 358998 385864 204970 566826 214834 600031 434139 461880 724920 152486 583162 506724 493616 578393 384733 544883 91426 360816 355321 691200 169406 669958 557423 162726 605182 252300 265577 744060 655328 560116 365399 496061 498456 371168 651812 301910 701987 500643 337718 573933 382186 119605 557585 119719 596568 34664 206921 681559 565414 748332 260109 597481 392732 476176 388469 418861 664231 602775 564316 414635 370252
209835 174582 392199 414279 580050 515143 292138 318261 184401 391693 547263 452532 486853 178130 217314 481947 402254 559808 718800 497776 999999999 841396 242702 560290 322925 578797 672400 271253 722922 33990 212908 279274 511989 572217 52151 383127 518535 335961 677966 805605 361775 292812 458513 547390 107792 562679 604541 296279 507069 243419 52395 539264 94194 440808 234753 463413 780181 651176 518385 467925 622766 248971 479155 194399 245508 739605 269998 296083 500511 292900 182889 213833 128658 548625 345807 633667 381244 704926 494313 261172 586657 346752 396965 246597 473327 704692 284373 68059 253170 263570 494295 599381 238490 110619 475598 467645 134076 708123 897489 347020
1034499 979437 900965 427118 370979 667186 834906 534931 688658 479090 721363 706754 356279 724002 682696 876448 441185 549611 858550 361407 841396 999999999 1024556 299510 895785 526150 889091 1102979 167633 848959 629211 601907 556940 746666 856571 569951 709724 740079 189017 104632 612733 554961 750755 485052 947620 526918 525829 1022857 455157 867332 840236 799004 928287 712420 906177 377989 164778 348682 873043 389066 782649 836239 376067 910384 600397 296162 1098991 933130 718537 631528 794236 786157 720758 804750 653842 819017 847680 494518 738933 660216 339812 912297 480776 957972 394149 192184 1042793 906788 1094565 581592 767732 653095 754813 730866 737682 865509 956522 809176 56538 719987
86697 70369 599708 608312 708056 535509 513598 490692 337248 614502 786342 461684 684623 300554 342472 700328 587643 801601 665310 664439 242702 1024556 999999999 727738 228235 819821 601947 272632 885079 214671 425368 513675 753742 809783 198496 622871 758193 573874 880029 1005201 603751 473719 694666 639038 167552 803629 845667 431665 621177 454220 284442 498402 159556 448767 145271 655740 988203 879223 739195 679086 858355 470032 688585 382019 432194 865586 119036 483785 739532 533813 417379 448413 319264 780288 412874 866202 317262 776386 731742 502963 724765 238564 547428 96786 633484 863504 48068 220185 193884 478567 729013 619726 477211 326897 466458 687448 116124 672081 1078677 371864
743068 685893 707528 163388 131451 403543 619769 243609 394964 264827 609000 427447 129931 427726 385268 715647 162290 463245 631645 63638 560290 299510 727738 999999999 597863 452409 644837 829294 162635 563150 355707 365161 443828 640561 568641 385446 587042 544502 206655 304844 423324 267583 599372 234344 663126 443819 466850 780848 181337 635820 567785 533137 641690 430797 606813 124645 313592 339334 725245 189556 690345 608843 179370 661839 314808 222019 807689 707308 587364 411348 550709 551068 434223 679684 357632 723741 554855 330142 602795 431186 101295 615249 181477 658847 94775 145252 744309 627744 811392 316971 627839 416549 526716 450556 462075 701696 666348 587187 352002 425194
302950 248902 714344 521080 543899 319725 611520 397295 276065 570406 836855 246479 594051 233592 252127 799684 492437 803827 439077 539390 322925 895785 228235 597863 999999999 815339 378763 483634 740132 289872 396143 507352 757898 865564 273250 623164 806992 636565 781680 897764 619249 393467 758310 453786 323391 799401 840765 599344 453559 566138 375205 270179 299157 234214 99245 560934 893725 827080 834260 608427 919574 569428 614361 513873 369053 690996 347113 617636 791717 548192 497168 526274 304472 853688 242730 935807 89437 572125 790161 526191 567682 25259 420912 132267 505061 716431 209087 349740 413249 441060 795810 400208 542581 335516 244099 784818 276198 444029 945834 180696
785005 753180 426866 359069 578174 778828 404353 449541 539279 258481 197371 766750 332128 581927 566510 370839 390472 28149 1028649 444598 578797 526150 819821 452409 815339 999999999 1020503 765030 534170 605180 419678 312022 69148 220832 621422 197664 190910 299725 348426 432503 217798 439529 249602 655754 676061 16252 25927 612555 590395 460755 545721 885783 670506 763232 766506 355932 375685 179382 358485 276446 257604 428197 281967 532293 450466 658719 839606 504077 204365 286069 431994 407145 519808 282155 646271 293813 820908 779822 226263 317717 552156 839832 488084 800584 462533 536516 858073 620474 793869 374803 255069 823722 370605 499534 804406 363287 712453 992146 573191 705632
680886 627644 1044007 665315 528204 245824 936208 574502 545633 763151 1102187 256723 713843 519831 504709 1112705 632820 1018463 73544 612747 672400 889091 601947 644837 378763 1020503 999999999 862348 722180 643438 650724 757091 979998 1134128 629999 859066 1072984 931449 851145 933725 871939 590257 1042797 413478 696854 1006646 1042683 964826 463998 903696 721209 140702 671026 262726 476719 682135 954266 965785 1141722 756052 1190043 898661 755319 866364 596410 606807 720458 965104 1062389 810925 820755 845097 602150 1140396 384797 1213773 297540 415184 1067089 801007 562302 364287 534832 509182 582983 698152 573134 714337 791418 673683 1080309 236084 850286 640756 220533 1097062 652973 110305 924182 343262
186488 234738 422534 677711 850830 753877 376073 588903 452937 634676 668164 683933 746700 438016 481133 530431 669051 740659 920920 767445 271253 1102979 272632 829294 483634 765030 862348 999999999 991795 276815 475626 511744 695987 682817 278355 589344 645180 471212 931133 1058473 555244 562717 570839 812103 183223 750248 788786 205704 775776 312192 263006 745918 210246 671171 385973 726412 1026823 875592 570668 719380 720504 341993 731635 234444 515391 1010641 174561 300142 624478 501913 336110 358388 399893 634552 597763 717659 567050 966195 609837 468175 857892 499509 668208 355566 743976 974241 314962 203205 83150 521462 596941 840073 395172 379006 698432 521522 213323 921070 1159435 580991
903853 845834 848339 319900 204735 499877 767493 405827 555723 404838 714334 541417 266028 586675 543274 843809 323505 551738 693580 225499 722922 167633 885079 162635 740132 534170 722180 991795 999999999 725501 517465 517033 544505 743718 730669 516945 696570 684134 199155 222633 558031 430181 721818 317742 825528 529826 541912 937710 291565 788994 729961 631583 803848 547625 759054 274660 261432 379215 848147 317340 788159 760533 304568 819858 477431 148542 968424 859210 700716 558074 706799 704681 596653 792106 497413 823528 686897 336534 718674 581449 175193 755198 337904 812077 253090 24744 899088 790374 973825 476661 745845 486098 677870 613165 571472 830909 827684 644703 209565 561522
191098 148855 425930 422556 575127 493637 326127 319679 176495 408892 579282 428992 496667 162524 204688 515936 408115 586950 691410 500002 33990 848959 214671 563150 289872 605180 643438 276815 725501 999999999 224565 301123 539090 604631 18341 408437 550382 368575 689748 817069 389178 295975 491332 535982 100076 588997 631017 322382 498991 276988 86149 511837 79346 416973 200827 471610 793845 671014 552345 481530 655548 282943 492282 225343 249292 735306 253771 328155 532590 319147 216500 247340 128991 581994 327577 666885 350426 691678 526829 288381 583675 313495 394550 213125 473897 706498 254519 78676 248385 276924 527322 578673 271123 121019 450452 501627 112721 682226 904743 323341
415253 367487 417927 202429 399285 435634 312569 129092 120806 189456 455855 396665 273996 162552 153697 468927 193983 407690 677425 295729 212908 629211 425368 355707 396143 419678 650724 475626 517465 224565 999999999 112824 361833 486912 235356 227495 426124 283458 465520 593033 228336 99864 392080 398853 320267 403646 445267 434247 343833 305673 212846 510092 303203 389016 349492 251411 569300 454637 494655 257069 542622 286436 267726 313661 62359 552736 478317 378257 413909 161649 213754 225423 106739 489708 267514 564467 409846 558942 417196 150478 398385 420853 215789 388221 276648 500953 456403 277583 465812 53244 429631 506875 215983 103635 430919 453207 336500 652525 685461 310532
489108 449879 349704 202148 441638 533001 255502 198207 233337 124072 345627 501038 252580 274191 266260 380675 211867 297930 779646 315658 279274 601907 513675 365161 507352 312022 757091 511744 517033 301123 112824 999999999 251182 377271 315873 116038 316179 195007 422375 548670 116172 174148 289279 467632 384313 295810 337885 422841 405795 271963 258233 616962 373435 494407 454563 242975 515164 372520 401322 212873 433166 243949 225841 308507 160708 581219 548605 342590 305303 56995 192585 187750 207864 385759 372301 456757 522635 622601 310629 66535 432120 532253 275371 488897 308325 504976 549485 332730 519391 84501 325901 597900 161587 188593 536582 365260 412584 751677 658309 420439
717183 686540 367662 329236 563309 741796 337673 405709 482458 218264 169845 724273 316723 524349 512089 322721 358592 47861 992309 426439 511989 556940 753742 443828 757898 69148 979998 695987 544505 539090 361833 251182 999999999 199481 555628 135179 153842 232506 371811 469666 150248 392385 197534 631058 608032 54326 93814 545913 565153 392781 477750 843106 603058 719853 705116 335270 416274 222115 316383 257496 246863 360048 265797 463516 397999 658873 771246 438305 161603 220192 362875 338012 458663 249700 600519 281023 768166 764151 182085 250862 540189 782662 453788 737491 439766 543707 792759 552261 724808 320365 211003 792193 301460 436330 761579 313283 645292 957967 607092 657035
754474 739480 275345 512925 755753 905755 309288 565725 603111 395950 32787 877733 511689 639884 639775 183551 538984 197160 1154628 618054 572217 746666 809783 640561 865564 220832 1134128 682817 743718 604631 486912 377271 199481 999999999 622838 280243 61148 236350 566160 653250 262287 546111 115708 814143 646979 219876 224925 495222 748484 374104 525937 994163 650501 871402 795522 526721 595985 400064 156632 451829 55915 348930 461323 454356 537939 857622 797620 386830 73899 325274 392406 361379 562044 69734 749358 84065 893112 954676 78052 341419 734614 890823 628066 816821 627507 743172 854324 591291 732230 460463 85876 964582 333755 530074 913596 183167 694224 1124454 794019 797138
180046 134231 443522 431003 576482 485366 344184 325038 178033 421490 597401 419496 505717 159677 203119 534034 415413 603487 679062 505268 52151 856571 198496 568641 273250 621422 629999 278355 730669 18341 235356 315873 555628 622838 999999999 424377 568461 386832 699531 826616 405903 302327 509617 533762 97356 605220 647286 334969 498727 294444 103956 499581 73418 407302 183069 479919 804457 684515 570528 492393 673823 300922 502908 241002 256226 736821 243666 344411 550727 335525 234829 265678 135818 600333 321773 685215 335778 688203 545059 305131 586069 296637 397632 194786 478356 711283 237409 86817 244529 288185 545634 570803 289392 132551 439844 519762 101246 670902 912171 313992
591276 556931 333440 239193 487444 626730 266588 286582 348297 122701 247516 602362 256917 389760 379353 330284 262163 182183 876444 351040 383127 569951 622871 385446 623164 197664 859066 589344 516945 408437 227495 116038 135179 280243 424377 999999999 220052 170438 381705 500135 42783 268844 215811 536297 483386 181413 223590 465299 471123 307032 353464 720256 475978 596897 570082 262698 457028 287533 340468 200351 335503 274259 212748 365498 267813 607455 647905 367155 214186 91003 253673 235158 323530 303619 475698 363373 635933 681871 225404 124501 470463 648005 348190 603164 355028 510060 660608 428857 608845 189199 247324 684359 199203 301999 639001 316503 517163 845124 624712 528741
706043 688093 255350 454930 699588 844813 269121 504878 542857 337595 29928 816585 457473 580082 579198 182349 480245 164005 1093565 561893 518535 709724 758193 587042 806992 190910 1072984 645180 696570 550382 426124 316179 153842 61148 568461 220052 999999999 184825 525524 620026 201146 485067 75990 755263 597540 185870 201538 465987 689752 333417 473775 933034 599538 810258 738742 470840 564703 368343 167582 397612 117061 305638 407704 413009 476825 805930 751615 355792 20798 264548 341540 310954 502965 95907 688219 143327 833073 897508 39961 281689 679413 832248 568199 761593 570070 694713 801976 541383 689980 399316 66146 904135 280989 471747 852452 176773 643283 1063550 759006 736199
521334 503662 164205 386818 633038 718808 105389 391729 387432 280705 212528 679396 419994 419379 427351 186731 402121 273553 960485 501981 335961 740079 573874 544502 636565 299725 931449 471212 684134 368575 283458 195007 232506 236350 386832 170438 184825 999999999 551491 667646 127789 365972 123000 662617 412720 286266 321800 313465 600721 161640 289703 790789 414919 671283 561955 419865 621734 440162 211206 366845 287031 129817 379724 236769 343162 765343 567854 206935 165749 139199 156767 126130 337959 217126 550502 299994 671954 817330 158373 134906 620834 661737 470377 581223 498934 675796 618118 356561 509547 275548 159786 787979 97475 302736 712873 171125 458669 935983 794580 588661
879501 828412 711986 271765 328256 610154 647546 392935 543609 298311 539203 631478 195407 583239 546264 688645 294538 369511 835779 249857 677966 189017 880029 206655 781680 348426 851145 931133 199155 689748 465520 422375 371811 566160 699531 381705 525524 551491 999999999 127724 424462 406815 563167 438928 785615 346879 352303 839099 387991 682321 670618 739322 768660 633970 775049 225249 112096 181881 686602 211788 605927 650693 199725 729270 447986 342393 943156 746694 533108 447123 612899 602695 565108 621203 549708 642038 748801 509213 553010 477192 294278 801345 362294 823822 284115 209300 903890 740688 929755 414442 581564 620899 570181 569098 666905 677416 800729 790163 243090 618302
1006480 954754 824710 397197 405804 700514 766710 515892 668153 424671 629487 730726 321308 706859 668550 791989 417914 457377 910261 358998 805605 104632 1005201 304844 897764 432503 933725 1058473 222633 817069 593033 548670 469666 653250 826616 500135 620026 667646 127724 999999999 542497 531491 666310 521300 913215 434905 429785 962144 479979 804570 798268 832051 896075 734686 896626 349461 60752 253189 785706 339335 686520 772464 327385 854188 573804 368353 1070280 867097 630361 570712 737930 726463 691816 713822 660716 722887 858986 559008 651370 601653 371976 916370 476865 946370 393609 243470 1027818 868412 1057477 542121 680403 698662 693105 696556 764361 781932 927749 862308 142143 728849
567219 536344 291221 272084 520887 644268 224263 305011 347902 158656 230249 615468 296054 387541 382026 292964 292393 198040 892584 385864 361775 612733 603751 423324 619249 217798 871939 555244 558031 389178 228336 116172 150248 262287 405903 42783 201146 127789 424462 542497 999999999 284256 184323 563704 458272 201874 243316 424778 499285 266632 327928 732126 452875 609223 560329 299469 498727 325527 305971 240845 318188 233639 253492 328054 276163 645239 621973 325232 191773 71977 219192 198174 315834 276953 487241 343236 638005 712539 199617 100798 505469 644342 373100 590295 387378 550575 643238 402765 578623 198266 218472 705483 161581 290122 651418 278704 495050 863088 667483 536526
479538 425007 510847 135229 299941 360056 407834 29228 136799 182804 513765 333592 211617 177013 143763 552664 114320 433641 608524 204970 292812 554961 473719 267583 393467 439529 590257 562717 430181 295975 99864 174148 392385 546111 302327 268844 485067 365972 406815 531491 284256 999999999 463154 301699 395783 424541 463567 533589 244733 404795 303370 451799 374900 328390 371319 182035 516281 433613 574845 215980 601917 384313 222999 412997 47346 455007 544043 477534 476008 230966 313184 323219 166993 559084 208161 627491 384847 460892 482969 231356 300535 416157 115925 418265 181659 411891 497114 360455 543962 90530 499456 423754 310243 183733 370405 537086 401661 578888 610277 266121
638771 624323 181681 454682 703202 822219 195311 485976 503149 338506 97346 788122 469745 537446 541720 125788 476296 221500 1067999 566826 458513 750755 694666 599372 758310 249602 1042797 570839 721818 491332 392080 289279 197534 115708 509617 215811 75990 123000 563167 666310 184323 463154 999999999 747977 531378 241112 264757 390003 683608 260037 411327 902171 535251 780823 684845 477952 613656 419510 126488 411103 164256 233782 422576 340116 447897 820985 682108 279845 55340 233211 277454 246331 457321 97709 658941 177507 790843 896515 39062 242090 686179 783526 557001 704135 570429 717460 739505 475795 617821 373745 37867 886632 220249 423372 822828 115771 578941 1040800 802183 701829
680415 617983 812102 302339 115680 182145 709531 273585 363285 418300 781397 228513 326186 374088 331305 847985 275165 660611 397339 214834 547390 485052 639038 234344 453786 655754 413478 812103 317742 535982 398853 467632 631058 814143 533762 536297 755263 662617 438928 521300 563704 301699 747977 999999999 630060 644351 674264 822743 65927 704194 575359 313971 603951 236548 497883 299938 540807 568256 866713 379359 868108 685216 374608 703509 337505 238366 741819 776481 750432 524020 612048 624147 423891 839515 226209 898052 386116 160689 761415 529974 149325 463914 192318 551688 193270 293042 640924 613010 771754 389322 781940 182241 611935 456016 255554 832665 614021 352969 526305 274766
109616 98947 432374 520692 673791 572422 346737 419723 275192 498997 624940 503685 593940 256302 300166 532807 507305 655510 751099 600031 107792 947620 167552 663126 323391 676061 696854 183223 825528 100076 320267 384313 608032 646979 97356 483386 597540 412720 785615 913215 458272 395783 531378 630060 999999999 660145 701511 278914 595973 286725 130346 573228 27357 491079 224454 569822 887970 756815 571753 575714 694143 303393 586925 215067 348907 834112 164708 318116 578281 392410 256198 286591 228903 614626 414541 700633 399315 783237 569147 359353 683085 343306 494271 211451 573965 806569 214991 56490 148314 371298 564768 658491 318091 217108 520389 519995 54145 747381 1003558 399587
769034 737036 416586 346417 568525 765433 391200 434976 523352 244063 194708 752541 321909 565950 550797 363807 377558 22716 1015438 434139 562679 526918 803629 443819 799401 16252 1006646 750248 529826 588997 403646 295810 54326 219876 605220 181413 185870 286266 346879 434905 201874 424541 241112 644351 660145 999999999 42178 599462 578843 446910 529800 871579 654470 748895 750314 344825 378981 182531 353056 265366 259429 414235 271413 517843 434900 652233 823779 491375 198045 269907 416737 392163 503613 278920 631572 295368 805416 770179 219746 301640 543042 823918 474927 784341 451268 531451 841842 604611 778480 359013 248748 811233 355554 483285 790159 355709 696371 979274 574863 690593
810530 778959 444104 379741 594060 800342 425854 472948 564700 281842 204369 789518 349279 607422 591604 383336 411487 48299 1049827 461880 604541 525829 845667 466850 840765 25927 1042683 788786 541912 631017 445267 337885 93814 224925 647286 223590 201538 321800 352303 429785 243316 463567 264757 674264 701511 42178 999999999 633821 609179 483219 571185 908522 696130 786197 792329 374339 371706 177218 368587 295026 256939 450852 299766 555609 475359 669633 864917 524827 216716 311885 456518 431285 545640 289266 669814 293319 845643 795545 238705 343417 567249 865220 509369 826494 481004 545376 883973 645847 818530 400041 267013 843828 394860 525454 827226 376627 738142 1012802 571337 729683
349446 371699 223820 618386 833467 809864 208264 562684 465754 543915 485284 748613 675169 470186 504320 330454 619715 585836 1013774 724920 296279 1022857 431665 780848 599344 612555 964826 205704 937710 322382 434247 422841 545913 495222 334969 465299 465987 313465 839099 962144 424778 533589 390003 822743 278914 599462 633821 999999999 773530 158266 254071 834210 300971 736980 501572 663100 921666 749305 370156 634381 527257 191144 647522 120598 490361 986314 363961 110441 445277 391979 230983 236704 402241 440498 637816 520606 669278 983171 427802 362641 832248 620436 649088 490059 709271 924144 479239 250946 277375 464811 410406 893066 269062 367477 771849 323220 331404 1004216 1078986 643211
655057 593454 752579 236426 90341 222347 651492 215836 323072 352568 715751 252192 262131 340301 295950 785327 209524 594934 454231 152486 507069 455157 621177 181337 453559 590395 463998 775776 291565 498991 343833 405795 565153 748484 498727 471123 689752 600721 387991 479979 499285 244733 683608 65927 595973 578843 609179 773530 999999999 649400 530781 352750 570751 257387 484908 234898 493867 507673 803222 314160 802351 628999 309805 653438 284098 244410 717989 722062 685155 461720 557582 567916 380343 774559 213444 832429 395816 217209 696404 469263 116396 466893 131086 538904 128368 267092 627917 574097 740853 329698 717256 240286 553791 409713 284704 770103 584939 411890 500803 273098
388448 384795 149277 472434 700428 719574 64825 433886 368516 389540 357279 666790 524074 385939 410093 246118 477699 434932 943838 583162 243419 867332 454220 635820 566138 460755 903696 312192 788994 276988 305673 271963 392781 374104 294444 307032 333417 161640 682321 804570 266632 404795 260037 704194 286725 446910 483219 158266 649400 999999999 191034 766189 297041 656489 477434 514798 763533 591620 285048 480220 416104 33171 493426 80258 366693 847839 426138 72858 312806 235815 92190 84775 306216 332877 544797 418532 620099 864510 299094 208459 695505 590110 520236 483335 571162 776814 501383 235614 358128 325793 288721 798110 112578 267452 695264 233284 338887 927234 923236 565230
239476 214481 339820 414715 598884 555977 240400 330829 213588 377360 502022 495919 484007 216142 250874 430307 406671 525276 765923 506724 52395 840236 284442 567785 375205 545721 721209 263006 729961 86149 212846 258233 477750 525937 103956 353464 473775 289703 670618 798268 327928 303370 411327 575359 130346 529800 571185 254071 530781 191034 999999999 586639 126864 484563 286957 463408 769289 630122 467095 458966 575461 197023 470894 145383 256525 756802 294491 245012 455207 262461 134042 165211 151482 499707 383773 585139 432029 734700 447892 229196 602664 399098 413807 296873 484979 712987 328416 75443 261424 258646 446461 639000 192786 121638 520677 416143 170323 753610 896654 391042
570778 513370 904983 534495 428919 131986 797019 437444 405424 627567 962331 119038 588288 380959 364311 972361 501788 882604 179582 493616 539264 799004 498402 533137 270179 885783 140702 745918 631583 511837 510092 616962 843106 994163 499581 720256 933034 790789 739322 832051 732126 451799 902171 313971 573228 871579 908522 834210 352750 766189 586639 999999999 546582 123408 361742 555556 846454 840924 1001160 626562 1050073 760086 626909 732022 456255 535435 617194 829045 922202 670505 681947 705737 462858 999791 244915 1073493 181394 365642 926673 660331 461633 262415 404769 402115 461705 606916 477182 585438 680061 533877 939709 169628 710168 501621 81528 956703 533302 175230 839468 203053
115722 89196 444615 501891 649406 545067 354888 398090 251295 485258 627447 476355 575893 230649 274806 542887 487371 650750 724701 578393 94194 928287 159556 641690 299157 670506 671026 210246 803848 79346 303203 373435 603058 650501 73418 475978 599538 414919 768660 896075 452875 374900 535251 603951 27357 654470 696130 300971 570751 297041 126864 546582 999999999 463758 200750 550951 872190 745354 581310 559802 698835 311178 570734 229183 328411 809775 176141 333476 580663 385309 258212 289144 207955 620805 387568 706692 373547 756611 572486 352889 659343 319696 471036 191989 551690 784567 205451 61446 171186 355108 569479 631138 318799 199577 493205 529651 43751 720554 984049 372231
509076 447702 791261 414851 343110 86798 683137 314311 289959 504832 839469 12983 472470 271189 248203 854502 382154 759629 289907 384733 440808 712420 448767 430797 234214 763232 262726 671171 547625 416973 389016 494407 719853 871402 407302 596897 810258 671283 633970 734686 609223 328390 780823 236548 491079 748895 786197 736980 257387 656489 484563 123408 463758 999999999 303799 439131 743633 724421 882220 507483 927317 647910 508621 628975 333768 473642 563278 722080 799710 548484 569499 591665 350480 878308 122112 951136 154497 338554 804594 539488 372821 238472 286731 353331 351288 522957 438803 494104 613627 410961 818220 171498 593613 389380 42195 838797 458614 270751 757185 93790
209385 151871 626574 505628 573648 390457 526731 382285 238305 535034 768300 316745 581470 195400 228896 716354 480636 752262 535060 544883 234753 906177 145271 606813 99245 766506 476719 385973 759054 200827 349492 454563 705116 795522 183069 570082 738742 561955 775049 896626 560329 371319 684845 497883 224454 750314 792329 501572 484908 477434 286957 361742 200750 303799 999999999 550079 885896 798523 752317 586096 848177 483695 593853 420490 337271 728577 259987 524996 722215 488361 415158 445397 246706 778064 272897 861894 181337 631864 718639 462652 592978 118953 425404 54028 512068 736494 143266 253643 318320 399664 721722 475046 465597 270307 323155 701899 176996 536883 958736 227324
659034 606002 582917 49140 229043 436462 496188 167805 318759 140816 494498 439471 33884 358023 321199 592272 69462 361749 681895 91426 463413 377989 655740 124645 560934 355932 682135 726412 274660 471610 251411 242975 335270 526721 479919 262698 470840 419865 225249 349461 299469 182035 477952 299938 569822 344825 374339 663100 234898 514798 463408 555556 550951 439131 550079 999999999 335823 285486 603142 79490 578537 486893 75062 545620 224896 345965 723243 585554 469469 287213 432157 430298 344271 561392 338827 610623 535780 429020 483723 308278 208879 581665 152732 598599 106669 262020 678804 528897 716583 205494 507775 471806 404392 352914 476934 578133 580566 642408 434140 406651
