NAME : synthetic_000169
TYPE : CTSP-D
DIMENSION : 100
GROUPS : 8
RELAXATION_LEVEL : 1
EDGE_WEIGHT_TYPE : EXPLICIT
EDGE_WEIGHT_FORMAT : FULL_MATRIX
EDGE_WEIGHT_SECTION
999999999 378851 891963 719149 442511 966627 541878 459688 505066 1096553 507962 179850 547417 713445 573232 423089 364173 459726 184162 915609 329777 385752 427787 688693 933591 218752 687908 31200 1123326 649144 877006 460931 1196619 385984 316381 853402 718211 611465 831558 483324 573212 814631 737327 1102201 858479 292300 913378 836992 323046 1030855 892374 870930 900834 216255 362271 681149 870382 644595 835525 805643 738940 1192437 262783 1200010 778278 87592 793204 89598 850665 876976 775922 794604 360617 555728 570125 140761 667041 756515 304658 1143351 495535 674138 265314 690008 1078386 822416 802062 896961 672849 266203 610581 696124 267009 1076022 799381 97229 762006 581872 747427 614731
378851 999999999 745793 340370 475424 660616 592153 241576 127452 853051 656939 330554 503308 681782 296393 566432 402013 92910 308469 555965 390011 24381 143903 311351 746887 501262 310717 409895 945849 473303 750241 121274 983380 568338 215358 972320 821735 450875 778973 524173 652404 447628 878163 870630 480230 331845 535301 474336 370042 851170 545580 771201 928467 205943 583795 753181 532388 769634 839205 428343 375502 1004560 116246 992009 699345 447823 674379 330848 490321 853155 560792 433692 129291 425967 317796 269874 638404 498380 233339 953833 419121 484458 219201 662866 828634 595706 851742 518729 709114 359987 506387 662293 245516 925092 588842 288192 406872 207784 703310 237793
891963 745793 999999999 774697 477550 434211 441775 506735 714529 310607 590973 713058 355752 265942 467805 591974 537036 686390 707895 638706 571511 721504 601890 717207 100726 789616 715117 912525 235019 272743 44986 639439 334258 648823 606854 612964 526624 299612 208074 458795 473726 655908 616250 288688 847840 599944 879448 635154 573299 151155 569928 106017 413785 712874 705736 455744 529914 556958 333958 842711 626414 306971 779097 331155 166082 884868 105755 922389 625531 282750 216922 618919 634202 343034 435952 896735 289229 317411 608308 261713 396431 262370 651448 281361 314305 216599 429027 867009 389098 631107 281415 269174 638311 185577 192898 816574 589928 684227 234828 705004
719149 340370 774697 999999999 711302 492923 810445 412799 216536 748497 917577 652782 682526 826328 348640 837343 662418 268887 630689 287863 664550 335704 349920 59951 731144 826213 62062 750143 909356 548220 797968 289404 900799 855250 496344 1183850 1037800 550912 889075 751947 876668 178810 1110999 779264 141146 617898 196348 214859 645361 825350 316157 841014 1081399 533901 883498 958086 329055 1004146 985035 95281 157680 949389 456376 914757 801605 787172 745602 666293 234602 975639 557824 195315 402571 565693 387706 603123 794203 458989 518034 902689 604578 539662 525003 814657 719179 566968 1029274 179442 897424 657071 637503 809105 546316 920162 582855 628087 203018 153921 833870 115942
442511 475424 477550 711302 999999999 698855 118634 298562 531908 737571 209459 266791 123044 270990 387517 147473 85170 478106 270857 763157 115665 458051 374190 655830 541838 312100 653988 456915 712444 304738 453626 438177 805314 192579 261308 496927 346325 267073 389364 49725 177002 703905 406754 731774 840468 169979 891296 707636 128562 626424 711380 437087 476719 326539 245443 279769 674878 297998 400406 805384 634088 784521 436759 804775 342151 417346 372551 495759 711786 436234 433868 669025 349312 208188 355369 491858 224828 467880 246142 738697 132407 334872 275453 247529 727156 482308 387600 874525 246389 178943 212811 253926 250148 653575 447635 390100 628938 561702 305418 598561
966627 660616 434211 492923 698855 999999999 735159 507986 562036 267820 887127 819439 596365 632217 393642 845503 708468 570120 803510 246465 733075 639706 549270 454023 345723 962152 452542 995444 465271 396705 475520 541134 423008 890702 652632 1017873 903287 432370 626672 711509 792068 320393 992787 304542 502784 723949 515352 286448 722582 404337 187269 535813 839922 750846 940822 821531 164460 907914 751364 521323 341328 486305 750713 439287 554142 998831 474418 955985 268621 710405 284308 297717 612917 490788 398201 906306 627638 231452 667603 446682 567998 367226 703023 635128 237929 246548 834301 507888 749150 768363 505072 624024 706781 505745 285566 871210 294952 490899 616786 487492
541878 592153 441775 810445 118634 735159 999999999 399997 641724 730511 155548 373734 143035 193007 472602 154606 201810 589352 381023 832117 228307 574041 484028 753135 522283 378728 751200 552382 670500 341369 409120 547269 776023 212403 379199 381919 231698 310935 308525 68911 66408 784932 300555 718225 934384 286258 983299 784376 243905 592804 774984 378151 362826 444024 268804 161385 736107 194584 293679 902967 719438 743254 555316 772728 284591 504103 337402 602862 786129 338497 454775 748311 464715 264767 436568 604197 155547 511091 364558 701249 207218 369524 393990 170956 724775 499872 270296 966867 132061 288188 230160 181258 368501 602072 461685 499592 708468 664758 230158 700581
459688 241576 506735 412799 298562 507986 399997 999999999 248201 649398 505953 314892 282905 451245 118731 429456 256464 201932 297443 496936 266138 217760 100260 357358 516641 471799 355534 487991 715586 234139 509286 155058 765992 454497 144670 778785 630206 209500 541386 339512 465721 419704 699992 660595 542697 234502 594293 429933 249267 620411 457851 529675 704395 245769 491026 553249 428654 592381 611550 506827 345521 778000 278121 772548 459694 491618 432818 458018 437958 618970 336971 388447 129309 187244 110437 416622 410943 299266 160471 727273 199300 248788 195093 434434 628499 378461 637345 577390 498397 279372 268240 432123 199611 688581 363787 365758 349397 264808 469106 300952
505066 127452 714529 216536 531908 562036 641724 248201 999999999 777171 729645 438512 530964 697632 246740 643848 470735 56256 416301 433726 466958 119662 157867 183985 698872 611856 183315 536206 894333 450819 726474 94559 916670 654975 291702 1023092 873339 438356 781583 577358 706009 323013 938511 799285 357578 414886 412802 351508 447069 801813 429593 756799 951962 317900 678179 798569 421217 829850 858399 308144 253692 947388 243297 927187 696911 571050 658216 458171 368429 862339 511194 312285 194825 430868 279730 396720 658460 432216 312948 897325 446855 454139 313691 681619 750760 538160 885442 395949 745875 450681 510903 678748 336860 884615 539329 412487 289364 82145 713334 110341
1096553 853051 310607 748497 737571 267820 730511 649398 777171 999999999 884959 928137 616517 571774 558506 870598 776499 770936 917172 514100 807961 829659 720463 703117 213422 1039429 701392 1121959 218400 451679 354541 732390 155234 924486 783752 920332 837072 491173 516524 731883 771961 583360 926825 41068 769855 818858 783157 550981 803703 196754 454427 412177 711454 891198 980181 764771 427487 864564 640088 785723 591789 222634 922275 171515 473839 1109307 400817 1105793 534094 582599 320975 556457 773989 551786 544967 1066019 587535 355625 792878 190142 625302 424424 834241 584272 29927 274154 737882 775683 696324 858358 524786 571927 829704 283501 299090 1008188 545702 717921 543340 723133
507962 656939 590973 917577 209459 887127 155548 505953 729645 884959 999999999 372050 290875 330177 596817 93246 258947 674263 387179 969710 266944 642998 573959 863123 675273 304997 861326 509729 814355 491036 555445 637966 924618 122537 443435 346251 212309 457751 433981 179785 119259 913123 233656 871585 1048620 325692 1099908 916197 286953 741057 915807 517734 418763 475313 161928 195965 878178 136748 380008 1012194 843543 886806 594417 920269 428417 448566 488522 584508 919820 439568 608932 877988 538846 405333 564054 602263 301745 660130 424119 846973 336105 520095 440387 311399 879797 654637 315507 1083071 224884 305164 382638 323169 413464 741447 616705 493760 837896 766180 366082 803560
179850 330554 713058 652782 266791 819439 373734 314892 438512 928137 372050 999999999 367733 536510 433511 279631 185533 384145 22253 802770 151821 325661 316072 610594 757832 173451 609345 199481 945363 477275 697372 367272 1022085 260658 173928 715300 571471 438524 653952 310760 413874 712949 605590 931375 793652 113173 848662 729570 143524 853575 769443 691159 736358 124786 261859 523337 742201 503757 665304 746141 636132 1015044 238523 1024762 598767 181899 613608 229487 740430 703006 607298 686899 253365 380546 422033 233504 489755 598999 155218 966352 316926 503787 131192 513206 911557 654996 641098 831605 505795 87971 431669 518752 117075 896663 629304 126379 650347 501885 569744 538836
547417 503308 355752 682526 123044 596365 143035 282905 530964 616517 290875 367733 999999999 182385 337654 256381 184465 482728 366577 689522 219279 482225 377355 623894 418865 434259 621888 565108 590771 200201 334088 437125 682292 308478 307041 501339 356664 168162 292807 117680 206755 645386 435119 609609 801242 257695 848631 643418 224381 503810 631998 323571 425420 397438 363766 275733 593074 333498 336149 772978 582097 662572 492208 681851 231179 531941 251637 590145 644552 355773 320974 608265 374287 123255 300071 576274 136665 369596 299299 616303 84886 229229 338282 161513 607139 368191 354477 832485 216221 281662 94249 162963 317816 534441 331713 482785 568666 542776 210039 576852
713445 681782 265942 826328 270990 632217 193007 451245 697632 571774 330177 536510 182385 999999999 478335 347524 351270 653173 538603 779965 384693 659910 549858 766462 358398 568393 764368 727798 484222 285178 227239 606041 596541 405284 489411 388441 273111 275794 118757 233896 211120 758922 363547 553228 932434 432068 975206 749521 394336 413324 715384 187753 255986 578311 461429 194920 674151 292839 160920 911481 705945 556635 674588 591366 100042 685975 171895 763914 746390 173391 350993 720396 553635 267229 439230 754501 47071 435644 481537 517251 263551 302966 519957 23509 571273 385683 210758 960062 124680 448574 189621 19542 498663 411908 346679 657105 683165 698060 37156 729130
573232 296393 467805 348640 387517 393642 472602 118731 246740 558506 596817 433511 337654 478335 999999999 528450 361728 222612 415782 383250 376576 272497 162641 289034 455426 589588 286967 602309 653102 208758 480631 178530 686988 559706 261845 838050 694318 204438 548081 420925 538900 316405 771467 574738 463591 350908 511249 321512 361317 559279 340621 513703 733991 357249 600296 613071 310333 667111 637944 436601 247439 709725 366099 695693 461321 609117 415307 563766 327279 632633 267638 281934 221516 217777 39119 516754 445568 202913 278703 659129 265688 208560 311193 466158 535068 299843 680695 494999 550286 396069 289056 460841 317689 639087 295894 477585 241919 224333 487659 252370
423089 566432 591974 837343 147473 845503 154606 429456 643848 870598 93246 279631 256381 347524 528450 999999999 174934 588008 294256 907891 177559 553296 490162 784419 667221 233690 782694 427621 823108 449927 561372 553721 925514 57802 354678 436237 295733 413196 461838 139056 158287 844190 326096 861408 970968 234599 1023226 849873 197630 743094 857493 532488 484571 382220 114445 260994 821465 224806 431449 932416 772411 895861 501428 923061 438398 370678 486531 496251 854942 483935 576279 810332 451071 355328 498454 511169 309604 614894 334708 852895 279864 479934 348688 325562 862370 624027 383063 1006249 267351 212116 350530 335804 321842 756109 587961 402685 770353 684589 384680 722312
364173 402013 537036 662418 85170 708468 201810 256464 470735 776499 258947 185533 184465 351270 361728 174934 999999999 415316 187483 744596 34815 386516 315702 609701 591408 263069 607992 380953 771525 328508 517773 379513 856655 198495 186741 573108 423178 288698 468451 133704 254953 674650 476191 774747 796412 84858 848924 682531 43626 682180 698350 507750 561839 242214 239194 361329 664528 367797 485237 757510 601449 842580 354689 857663 414390 348093 434619 412835 688913 519413 461595 641998 280500 226832 335470 407018 304403 477806 169013 795155 151214 357926 193661 328056 763285 510574 471890 831912 331315 97987 258876 333349 167542 718014 479458 306429 602319 509684 384244 547388
459726 92910 686390 268887 478106 570120 589352 201932 56256 770936 674263 384145 482728 653173 222612 588008 415316 999999999 361998 464449 410951 76737 105878 230665 678023 557594 229694 490926 875635 417696 695370 48058 905624 598745 235458 971133 821050 401400 741341 524198 653095 357842 884858 790536 409974 358640 465117 383275 391030 781889 452739 722268 906045 265276 621997 747325 439560 776097 813454 362002 284307 931521 202057 915165 658023 522157 623969 419133 398786 820276 490248 342109 138570 388083 250786 359835 612713 419250 256692 881041 398072 424190 258048 636305 745630 521274 836872 448132 696318 394495 468872 634055 280887 860865 518505 365209 314339 122405 670605 157026
184162 308469 707895 630689 270857 803510 381023 297443 416301 917172 387179 22253 366577 538603 415782 294256 187483 361998 999999999 782884 155193 303432 295093 588738 750026 195603 587500 206383 939182 467316 693523 345563 1013652 278304 154865 728767 583740 429020 655304 316438 423837 692211 620333 921277 771593 109162 826620 709216 144269 846822 750393 689260 743841 102879 281950 533249 723653 517370 670839 723982 615371 1008390 217944 1016712 597740 195730 609687 225356 720285 706727 596198 666515 231821 372206 405579 223455 491657 584796 137079 959399 311473 493223 110312 515451 900071 643530 649820 809570 512939 92863 426572 520519 98231 892166 618755 119252 630196 479972 571145 516858
915609 555965 638706 287863 763157 246465 832117 496936 433726 514100 969710 802770 689522 779965 383250 907891 744596 464449 782884 999999999 759783 541163 491145 270907 565511 967140 270291 946504 708135 501585 674034 455170 669145 941912 629109 1166227 1034652 524495 805282 790298 896236 114365 1119372 550999 261431 731426 269275 82331 744268 639767 68788 729467 1016364 704900 983461 951056 109281 1021974 921904 289068 180507 732424 665759 685613 722567 967202 649242 882684 65665 893244 440682 122341 558043 567503 409898 824204 762142 345480 648841 691740 633606 479085 673036 776191 484255 424388 990515 262618 881170 776200 613357 767092 685860 741012 455852 818674 153782 351741 774422 331019
329777 390011 571511 664550 115665 733075 228307 266138 466958 807961 266944 151821 219279 384693 376576 177559 34815 410951 155193 759783 999999999 376165 315245 613465 624800 232923 611830 346252 805866 358378 552514 378095 890083 190854 177126 591963 443107 318504 502260 161965 277025 685834 491182 806939 800504 60694 853687 695384 20081 716237 715727 542522 590396 218260 224892 385179 682971 383795 515843 759822 611523 876803 334040 891295 449065 313451 469304 380216 702630 551692 491512 654239 273581 256877 352923 376795 337966 503378 157330 829233 182993 387423 175184 361385 794221 540424 498483 836603 359452 63890 292666 366982 148316 752727 510137 274436 614912 510949 418060 548875
385752 24381 721504 335704 458051 639706 574041 217760 119662 829659 642998 325661 482225 659910 272497 553296 386516 76737 303432 541163 376165 999999999 119624 302942 722537 497891 302157 416925 921514 449064 726126 98990 959447 557381 199892 954928 804314 426896 756169 506432 635032 434401 862225 846959 476449 319099 531654 460010 356111 826820 528478 747435 907587 202197 574964 734758 514052 753539 817818 425821 361043 980317 125682 967998 676143 451513 650481 342587 475503 830903 536513 418825 109551 402787 293509 283098 616851 474744 218880 929584 397777 460105 208685 641229 805392 571606 831925 514899 689489 349414 483361 640448 234320 900720 564550 292825 390675 196745 680979 228980
427787 143903 601890 349920 374190 549270 484028 100260 157867 720463 573959 316072 377355 549858 162641 490162 315702 105878 295093 491145 315245 119624 999999999 301098 604546 486644 299608 458196 803712 329450 606683 64126 845693 505608 148261 865627 715700 307896 641564 419491 548166 397273 780685 735531 487715 268135 541752 415357 295827 708808 464744 628985 801517 214041 533776 641561 442769 672058 709591 445176 320420 863629 203703 853560 559939 476065 531632 407567 427341 718636 419764 372608 67292 287394 177556 357071 508549 364921 169850 812849 292569 340689 184884 532399 697402 456872 731228 524614 590490 308290 368379 530597 201979 781447 447578 330577 337504 196033 568671 234015
688693 311351 717207 59951 655830 454023 753135 357358 183985 703117 863123 610594 623894 766462 289034 784419 609701 230665 588738 270907 613465 302942 301098 999999999 676254 783565 2125 719864 857418 488330 739683 243715 853806 804319 449036 1125221 979644 490991 829266 695576 819450 156648 1053652 732436 187050 568963 240695 190997 594599 771938 286799 782035 1021474 495007 834482 899577 293078 947179 925099 149870 112755 899556 427279 867209 741804 752778 686311 641671 210382 915759 500543 161773 357914 506375 328056 579673 734537 402773 470704 852159 546743 480020 480968 754894 674177 511507 969729 223562 838402 609379 577739 749281 500934 865583 526004 595262 159267 109003 773922 73978
933591 746887 100726 731144 541838 345723 522283 516641 698872 213422 675273 757832 418865 358398 455426 667221 591408 678023 750026 565511 624800 722537 604546 676254 999999999 851031 674234 956368 199214 288624 145709 633176 265284 722690 633504 713614 624510 323697 308763 530114 560561 596493 714553 196390 790465 645237 817518 572084 623688 104286 497113 206391 513434 741688 779178 551442 458959 651153 434674 791178 577062 262201 794465 267025 260520 935107 188053 955354 560302 382496 187915 561336 645948 377874 429439 923744 375553 274800 638297 211812 443128 268744 681331 371282 214718 165173 529493 806253 482911 680647 332831 358939 671728 189464 159681 852092 536688 657984 330044 674047
218752 501262 789616 826213 312100 962152 378728 471799 611856 1039429 304997 173451 434259 568393 589588 233690 263069 557594 195603 967140 232923 497891 486644 783565 851031 999999999 782283 212705 1024540 591151 765358 539964 1115669 184036 340213 644136 517196 551285 686112 336895 391941 881542 525933 1037010 967043 239713 1022024 896374 240600 938061 929649 745689 717411 295759 147875 493125 899898 440516 664738 919584 804961 1096580 400781 1115730 650316 146065 684641 305513 906213 715415 724298 853933 425799 489536 572182 341942 525781 734215 319519 1050547 414255 620302 302813 545282 1026354 773240 615164 1004957 500220 194611 518476 554024 284762 964886 742495 243743 816390 675021 605053 712102
687908 310717 715117 62062 653988 452542 751200 355534 183315 701392 861326 609345 621888 764368 286967 782694 607992 229694 587500 270291 611830 302157 299608 2125 674234 782283 999999999 719083 855482 486210 737575 242394 852023 802682 447585 1123212 977662 488890 827143 693690 817519 155988 1051712 730663 188675 567428 242231 190208 592979 769959 285714 779915 1019372 493910 832929 897576 291746 945259 922995 151786 111239 897683 426595 865409 739680 751832 684187 641118 209554 913638 498461 160649 356599 504327 325984 579174 732462 400721 469249 850266 544783 477895 479656 752811 672467 509474 967662 225101 836371 607895 575656 747191 499561 863569 523933 594395 157730 107882 771813 73177
31200 409895 912525 750143 456915 995444 552382 487991 536206 1121959 509729 199481 565108 727798 602309 427621 380953 490926 206383 946504 346252 416925 458196 719864 956368 212705 719083 999999999 1144770 673289 896437 491955 1220023 387231 344082 853662 721216 635222 846275 495954 580558 845734 736526 1126927 889358 312644 944226 867995 341010 1052784 922886 888628 908778 245879 359283 687483 900616 646465 845940 836410 769998 1214305 293768 1223090 795317 70596 812743 109514 881605 889187 801099 825584 390966 578581 598385 166487 681743 783847 331520 1165473 516384 698760 293126 704307 1104180 847927 808997 927833 682377 283460 631147 710841 293331 1095962 824184 127879 792863 613071 762318 645905
1123326 945849 235019 909356 712444 465271 670500 715586 894333 218400 814355 945363 590771 484222 653102 823108 771525 875635 939182 708135 805866 921514 803712 857418 199214 1024540 855482 1144770 999999999 485507 261749 831336 129348 880458 829371 772870 718169 518715 392811 692329 695340 759847 803064 177560 952629 832202 972863 731137 807031 95179 643204 297410 551413 937080 937382 658677 610064 762148 499735 960483 752293 72763 993155 117137 386579 1118957 340003 1149486 716559 433926 385611 727909 844890 569277 628185 1120023 515310 464292 833017 40273 628467 467167 876202 503206 243083 356296 601577 963503 599686 864731 514224 491686 865156 86093 357400 1044941 708862 849137 448808 862392
649144 473303 272743 548220 304738 396705 341369 234139 450819 451679 491036 477275 200201 285178 208758 449927 328508 417696 467316 501585 358378 449064 329450 488330 288624 591151 486210 673289 485507 999999999 277967 370027 548122 497317 344914 666016 533124 39874 341263 314827 401743 473929 618532 454105 648408 367223 690324 465623 352836 390579 440161 306032 535967 453177 549532 449519 399926 524011 439363 629891 421309 550719 508975 552352 253943 657907 207442 667240 463547 427432 133147 435461 362339 101676 172076 635139 261878 169723 350197 500426 178704 30146 393080 277976 436583 182097 494995 675325 379656 406815 113172 270101 384557 454680 152625 564943 398016 432958 287640 459715
877006 750241 44986 797968 453626 475520 409120 509286 726474 354541 555445 697372 334088 227239 480631 561372 517773 695370 693523 674034 552514 726126 606683 739683 145709 765358 737575 896437 261749 277967 999999999 647843 369474 618710 600606 568050 483442 299918 163148 431206 437210 685974 572763 331336 876420 584738 909758 666708 555757 186101 605375 61456 369372 704842 675633 413989 564878 515922 288973 868964 652729 334493 776924 364824 127383 865789 83839 911427 657942 238365 243029 648462 634631 336724 446770 888653 254497 344773 600466 292193 382904 272343 643319 244278 358923 249827 384255 896884 348705 613566 268207 232350 628594 200353 221748 804827 617970 700835 194373 723449
460931 121274 639439 289404 438177 541134 547269 155058 94559 732390 637966 367272 437125 606041 178530 553721 379513 48058 345563 455170 378095 98990 64126 243715 633176 539964 242394 491955 831336 370027 647843 999999999 864470 567913 206981 928550 778845 353368 693427 483195 611702 354166 844525 750660 428808 329092 483378 376072 358490 737242 436583 674321 859453 255285 594446 704016 419476 735952 766506 384379 278104 888254 214222 873553 610000 517035 576064 429189 389968 772623 445729 333745 114206 340434 204557 373157 565995 378520 228662 837657 352764 377105 237265 589440 707734 478283 791546 466251 651614 367701 421129 586987 257435 814925 473957 364394 302073 135909 623051 173665
1196619 983380 334258 900799 805314 423008 776023 765992 916670 155234 924618 1022085 682292 596541 686988 925514 856655 905624 1013652 669145 890083 959447 845693 853806 265284 1115669 852023 1220023 129348 548122 369474 864470 999999999 982004 891567 900913 841137 585211 514121 790618 806643 737853 927399 121537 925033 909823 938291 705808 888897 183562 609650 414101 680248 999987 1038831 778227 582301 881384 625759 940317 743488 86436 1043344 19087 496849 1200089 439091 1214678 689089 560916 429064 710166 894042 641588 668162 1179837 623054 486375 897969 89151 708293 524868 940615 613725 185159 388917 727448 930893 716178 945748 597944 601748 932675 215353 402690 1113036 697782 861993 562739 869781
385984 568338 648823 855250 192579 890702 212403 454497 654975 924486 122537 260658 308478 405284 559706 57802 198495 598745 278304 941912 190854 557381 505608 804319 722690 184036 802682 387231 880458 497317 618710 567913 982004 999999999 363302 467451 334580 459532 519262 192818 211967 873142 352215 916181 991355 240166 1044494 880857 209890 799875 893961 590260 534028 374104 56937 309596 859042 259241 485262 950530 799813 953199 493262 979783 496088 326254 543244 464168 886985 539384 625920 840440 460311 399960 532100 485367 367358 659403 342213 909990 322796 527450 349159 383358 915559 674129 431466 1027417 322167 208369 401989 393605 323108 813811 638801 377324 800720 701531 442439 739486
316381 215358 606854 496344 261308 652632 379199 144670 291702 783752 443435 173928 307041 489411 261845 354678 186741 235458 154865 629109 177126 199892 148261 449036 633504 340213 447585 344082 829371 344914 600606 206981 891567 363302 999999999 757664 607190 310658 596690 310606 437937 541351 662816 791761 635239 123185 689524 556743 157050 734814 595601 608521 725796 108425 387650 540581 568812 554276 640707 591359 464749 895466 185188 896517 525243 347292 518411 323230 567154 662801 464979 514177 97041 264171 254679 290681 443563 440178 21696 845271 228891 366760 51081 468436 764478 509962 643644 672384 500769 160727 335660 469960 56853 792280 489911 224716 477126 342603 515808 380495
853402 972320 612964 1183850 496927 1017873 381919 778785 1023092 920332 346251 715300 501339 388441 838050 436237 573108 971133 728767 1166227 591963 954928 865627 1125221 713614 644136 1123212 853662 772870 666016 568050 928550 900913 467451 757664 999999999 150614 648501 404902 448589 319926 1137604 119703 893225 1301235 652646 1347397 1131219 610586 733754 1102618 508557 224299 809342 496330 225922 1061550 211551 280265 1274167 1078914 836345 926002 889947 465122 789931 545426 930758 1129540 340974 739062 1099496 845942 620611 799805 947405 404283 823409 741390 812346 580703 687233 766174 390240 926565 771723 184960 1331535 288649 641347 557845 399783 739598 687216 733233 838919 1060960 1042364 401098 1077201
718211 821735 526624 1037800 346325 903287 231698 630206 873339 837072 212309 571471 356664 273111 694318 295733 423178 821050 583740 1034652 443107 804314 715700 979644 624510 517196 977662 721216 718169 533124 483442 778845 841137 334580 607190 150614 999999999 511639 327211 297998 169332 999280 90549 814776 1157902 503688 1205192 994970 461399 663350 973042 429800 226071 661101 372209 83607 932513 78260 224635 1129083 937977 787035 776923 832809 364853 660805 442820 791905 994510 292602 619867 961593 695340 478352 656654 804714 276590 696697 591091 755529 433384 556761 616588 268215 839126 657206 129640 1189089 154908 494562 421633 279516 590140 635978 617957 696576 922468 894471 295728 929748
611465 450875 299612 550912 267073 432370 310935 209500 438356 491173 457751 438524 168162 275794 204438 413196 288698 401400 429020 524495 318504 426896 307896 490991 323697 551285 488890 635222 518715 39874 299918 353368 585211 459532 310658 648501 511639 999999999 344810 279851 373226 489103 595140 492974 657425 327955 701331 483483 313026 424230 465249 321408 530489 418455 511198 428273 425819 497747 434164 635696 432008 585152 479504 588940 258973 618794 223747 631695 482875 428444 173017 451024 335100 61886 165718 601325 246930 202698 314701 535152 139318 69333 357803 265559 476322 221957 482429 685892 360277 367200 90656 259113 348091 483834 192247 528502 412474 427684 283367 456740
831558 778973 208074 889075 389364 626672 308525 541386 781583 516524 433981 653952 292807 118757 548081 461838 468451 741341 655304 805282 502260 756169 641564 829266 308763 686112 827143 846275 392811 341263 163148 693427 514121 519262 596690 404902 327211 344810 999999999 352603 315645 800706 414625 491252 983803 547801 1022462 786376 511136 336514 737839 104456 213604 690149 574588 266059 696489 369534 126569 968801 756338 463190 781407 506206 87479 804729 156224 880351 780395 88446 364623 762208 653194 354171 509916 868778 164553 461999 590687 429295 367914 349999 630589 142254 521860 386659 221392 1008288 211110 566138 273196 135456 610570 313307 351326 773249 727683 772148 84208 800237
483324 524173 458795 751947 49725 711509 68911 339512 577358 731883 179785 310760 117680 233896 420925 139056 133704 524198 316438 790298 161965 506432 419491 695576 530114 336895 693690 495954 692329 314827 431206 483195 790618 192818 310606 448589 297998 279851 352603 999999999 129040 736330 361475 723363 878857 218488 928868 738143 176470 609370 736041 408900 428561 375750 249095 230143 698398 253219 354584 845399 668345 764884 486460 788947 313535 452226 353044 540238 741228 393653 438468 700604 397356 225765 386761 538745 189626 482547 295729 720485 157020 344494 325144 210452 723394 485836 338264 912235 197757 223728 211929 218321 299755 629425 449383 435567 660545 604000 269810 640418
573212 652404 473726 876668 177002 792068 66408 465721 706009 771961 119259 413874 206755 211120 538900 158287 254953 653095 423837 896236 277025 635032 548166 819450 560561 391941 817519 580558 695340 401743 437210 611702 806643 211967 437937 319926 169332 373226 315645 129040 999999999 850701 234382 756919 1000792 337087 1049685 849675 294536 623134 838256 398527 328304 495215 264016 109469 799016 128217 273419 969295 785595 767728 609523 801945 309930 526750 372821 640241 851118 327943 509383 813934 526158 329578 502717 647000 185159 571101 422058 728246 273616 429019 448613 192932 768240 552865 228886 1033261 110530 332263 289051 204898 422416 622188 514046 540211 774154 730529 246855 766501
814631 447628 655908 178810 703905 320393 784932 419704 323013 583360 913123 712949 645386 758922 316405 844190 674650 357842 692211 114365 685834 434401 397273 156648 596493 881542 155988 845734 759847 473929 685974 354166 737853 873142 541351 1137604 999280 489103 800706 736330 850701 999999999 1080291 616832 194087 651270 223785 36050 668889 682363 137996 736414 1005958 608252 910726 916354 156337 978464 909769 202490 76853 793036 559899 752938 714657 870690 647822 776963 55799 889111 443621 38616 462576 522198 349571 717192 734892 342065 562051 748691 579863 456699 581905 751805 553573 439828 968918 211102 849279 695033 579759 744030 597294 781279 464293 718417 76815 240890 758826 217735
737327 878163 616250 1110999 406754 992787 300555 699992 938511 926825 233656 605590 435119 363547 771467 326096 476191 884858 620333 1119372 491182 862225 780685 1053652 714553 525933 1051712 736526 803064 618532 572763 844525 927399 352215 662816 119703 90549 595140 414625 361475 234382 1080291 999999999 903986 1234315 551609 1282684 1077332 510564 751138 1058686 518102 285098 705623 378061 171336 1018427 108836 304729 1203463 1017099 870899 823879 918520 455231 671928 533353 816379 1077575 372374 708996 1042965 754678 558137 734576 835766 365361 783859 645152 840989 507219 643058 666365 358077 929232 746975 203878 1266370 243664 535909 506064 369537 639489 719784 707686 727292 1003515 964789 386203 1000845
1102201 870630 288688 779264 731774 304542 718225 660595 799285 41068 871585 931375 609609 553228 574738 861408 774747 790536 921277 550999 806939 846959 735531 732436 196390 1037010 730663 1126927 177560 454105 331336 750660 121537 916181 791761 893225 814776 492974 491252 723363 756919 616832 903986 999999999 804990 820835 819641 585112 803686 163054 490056 386833 681459 899780 972329 744412 461660 845331 613075 819322 621978 182957 935826 136107 454089 1111742 384221 1114694 568653 553823 326850 588792 786899 552416 558723 1076782 571853 372256 799872 149129 623946 428167 841803 566992 68452 282393 712089 811798 677230 859211 519667 554664 835985 244886 302822 1015461 576249 742623 523275 749481
858479 480230 847840 141146 840468 502784 934384 542697 357578 769855 1048620 793652 801242 932434 463591 970968 796412 409974 771593 261431 800504 476449 487715 187050 790465 967043 188675 889358 952629 648408 876420 428808 925033 991355 635239 1301235 1157902 657425 983803 878857 1000792 194087 1234315 804990 999999999 755780 55225 221505 781648 876237 315559 924960 1184293 675046 1021371 1076590 343879 1128902 1087705 56417 227572 983580 595785 940792 896788 927693 833731 802885 236726 1071805 633415 229438 542593 680625 501505 739256 904106 531648 656931 940249 727224 635016 665352 922972 739931 632562 1139775 38499 1012960 795823 746931 916288 686193 975330 655367 768335 258496 292901 936001 255294
292300 331845 599944 617898 169979 723949 286258 234502 414886 818858 325692 113173 257695 432068 350908 234599 84858 358640 109162 731426 60694 319099 268135 568963 645237 239713 567428 312644 832202 367223 584738 329092 909823 240166 123185 652646 503688 327955 547801 218488 337087 651270 551609 820835 755780 999999999 809657 663410 42591 740516 691482 580108 646687 158225 265642 444706 660905 444399 569492 713093 575650 901950 273356 912241 488774 290940 500923 332738 672035 602063 498750 621486 220153 268779 332495 323284 385008 498232 102050 853337 203753 394612 114949 409158 803183 547011 556505 792525 416163 45222 318535 413645 88008 783749 519768 225493 582942 463978 463794 501956
913378 535301 879448 196348 891296 515352 983299 594293 412802 783157 1099908 848662 848631 975206 511249 1023226 848924 465117 826620 269275 853687 531654 541752 240695 817518 1022024 242231 944226 972863 690324 909758 483378 938291 1044494 689524 1347397 1205192 701331 1022462 928868 1049685 223785 1282684 819641 55225 809657 999999999 245455 834958 899698 330287 960025 1225391 730234 1075154 1123413 362959 1177883 1128910 108720 269371 1000263 650744 954638 935888 982847 870642 857112 257699 1110734 667346 261542 597304 727135 548562 793392 948260 565707 711208 958426 776085 675453 720152 966532 753276 663114 1183667 17140 1058837 849996 791403 959475 740810 999832 688064 823443 294784 347522 977387 310063
836992 474336 635154 214859 707636 286448 784376 429933 351508 550981 916197 729570 643418 749521 321512 849873 682531 383275 709216 82331 695384 460010 415357 190997 572084 896374 190208 867995 731137 465623 666708 376072 705808 880857 556743 1131219 994970 483483 786376 738143 849675 36050 1077332 585112 221505 663410 245455 999999999 679009 655489 102306 718646 993708 628146 920083 911703 123508 976913 897899 235019 98968 762566 585004 721158 701110 890719 632176 802074 19778 874818 425780 42749 481642 520215 352270 743107 727428 325140 577028 718883 581189 446572 598987 743454 521123 418575 960074 234291 843579 707687 573931 735237 613168 755131 445063 740329 80536 269472 747722 248880
323046 370042 573299 645361 128562 722582 243905 249267 447069 803703 286953 143524 224381 394336 361317 197630 43626 391030 144269 744268 20081 356111 295827 594599 623688 240600 592979 341010 807031 352836 555757 358490 888897 209890 157050 610586 461399 313026 511136 176470 294536 668889 510564 803686 781648 42591 834958 679009 999999999 716589 701183 547934 604953 200816 242130 402119 668952 402961 528820 740641 594265 877563 315528 890538 455283 312043 472211 369590 686569 562938 485741 637670 253552 251931 338879 363415 347389 493802 137261 829587 180630 381422 155921 371196 789317 534515 514195 817862 374226 57844 292930 376260 129153 755646 505178 262985 598492 491668 426954 529615
1030855 851170 151155 825350 626424 404337 592804 620411 801813 196754 741057 853575 503810 413324 559279 743094 682180 781889 846822 639767 716237 826820 708808 771938 104286 938061 769959 1052784 95179 390579 186101 737242 183562 799875 734814 733754 663350 424230 336514 609370 623134 682363 751138 163054 876237 740516 899698 655489 716589 999999999 572861 233754 519376 842684 856773 597525 537265 700243 454466 880761 669368 161588 897983 180000 313472 1028627 256636 1055526 642105 393139 291641 648850 749713 475838 533673 1025399 439513 374123 738790 113006 537034 372001 781944 430241 212268 264951 554914 889427 533966 774097 423722 418236 771337 101553 263385 951374 627203 758820 379997 773471
892374 545580 569928 316157 711380 187269 774984 457851 429593 454427 915807 769443 631998 715384 340621 857493 698350 452739 750393 68788 715727 528478 464744 286799 497113 929649 285714 922886 643204 440161 605375 436583 609650 893961 595601 1102618 973042 465249 737839 736041 838256 137996 1058686 490056 315559 691482 330287 102306 701183 572861 999999999 661026 949446 678414 937535 889446 41439 962921 855362 335160 180293 670058 650403 625587 655724 938983 581683 865701 83190 825641 373246 125134 532027 511367 363014 809469 699082 279897 614374 628170 580299 416409 641818 712381 424500 355835 925597 321886 818959 736611 552804 703002 652421 673890 387740 795146 140269 349792 708753 335858
870930 771201 106017 841014 437087 535813 378151 529675 756799 412177 517734 691159 323571 187753 513703 532488 507750 722268 689260 729467 542522 747435 628985 782035 206391 745689 779915 888628 297410 306032 61456 674321 414101 590260 608521 508557 429800 321408 104456 408900 398527 736414 518102 386833 924960 580108 960025 718646 547934 233754 661026 999999999 307921 709513 646869 364218 620188 467291 228718 915066 699464 369474 789140 407420 95374 853653 98591 910955 710719 176909 292946 698482 651157 348627 477905 892313 222923 394349 606190 331771 383599 305905 648293 207972 418023 305283 325713 946725 302697 605215 272884 197071 631469 224273 274301 803709 666586 736752 151681 761367
900834 928467 413785 1081399 476719 839922 362826 704395 951962 711454 418763 736358 425420 255986 733991 484571 561839 906045 743841 1016364 590396 907587 801517 1021474 513434 717411 1019372 908778 551413 535967 369372 859453 680248 534028 725796 224299 226071 530489 213604 428561 328304 1005958 285098 681459 1184293 646687 1225391 993708 604953 519376 949446 307921 999999999 802578 580107 224438 908024 299917 96605 1165338 956962 613289 908656 668530 293799 854756 369073 965070 988788 131036 576406 967345 799263 522723 694918 966904 293510 671517 714561 591265 510136 549954 748746 270481 720724 600106 103277 1210658 230979 650994 445593 274164 724691 465405 564333 862375 931414 954025 248327 985095
216255 205943 712874 533901 326539 750846 444024 245769 317900 891198 475313 124786 397438 578311 357249 382220 242214 265276 102879 704900 218260 202197 214041 495007 741688 295759 493910 245879 937080 453177 704842 255285 999987 374104 108425 809342 661101 418455 690149 375750 495215 608252 705623 899780 675046 158225 730234 628146 200816 842684 678414 709513 802578 999999999 382797 602927 655218 599696 722616 626036 531639 1003525 119444 1004936 623181 262581 621909 214945 640727 750842 573114 585453 146889 369848 355888 183909 531499 544707 104568 953403 326237 475184 61525 556210 871484 617731 714014 713285 572851 170154 437708 559219 79665 898441 598209 120399 551146 386030 607421 421939
362271 583795 705736 883498 245443 940822 268804 491026 678179 980181 161928 261859 363766 461429 600296 114445 239194 621997 281950 983461 224892 574964 533776 834482 779178 147875 832929 359283 937382 549532 675633 594446 1038831 56937 387650 496330 372209 511198 574588 249095 264016 910726 378061 972329 1021371 265642 1075154 920083 242130 856773 937535 646869 580107 382797 999999999 356216 903540 294652 536059 978662 836326 1010125 499874 1036666 552841 293880 600138 445408 927055 591955 679305 879054 483620 450800 574657 473546 424018 709371 366053 966925 373075 579675 366581 439686 970874 727746 476961 1058027 374545 227502 456754 450062 341923 870549 692898 367783 839653 729587 498569 767557
681149 753181 455744 958086 279769 821531 161385 553249 798569 764771 195965 523337 275733 194920 613071 260994 361329 747325 533249 951056 385179 734758 641561 899577 551442 493125 897576 687483 658677 449519 413989 704016 778227 309596 540581 225922 83607 428273 266059 230143 109469 916354 171336 744412 1076590 444706 1123413 911703 402119 597525 889446 364218 224438 602927 356216 999999999 848934 103482 187310 1048712 855695 729246 715837 771107 290935 631659 366556 749376 911105 251118 537666 878577 625287 396288 575106 756459 194025 613318 525871 694675 354832 473196 554561 187465 765308 575916 122119 1107402 72391 441486 338137 199197 528752 579222 536602 649664 839555 816505 221433 851285
