NAME : synthetic_000093
TYPE : CTSP-D
DIMENSION : 100
GROUPS : 8
RELAXATION_LEVEL : 1
EDGE_WEIGHT_TYPE : EXPLICIT
EDGE_WEIGHT_FORMAT : FULL_MATRIX
EDGE_WEIGHT_SECTION
999999999 220844 460561 662582 331120 205914 282378 253612 323049 553117 746416 109328 265045 686852 446669 177083 197302 192026 578623 244989 367791 394494 564845 413898 585528 738815 408241 495738 435836 292116 684486 621243 806328 525258 623575 462827 491228 621259 760573 533327 476106 737540 353484 174521 564892 176607 547497 154204 414859 704264 649106 436264 717521 391625 146801 260338 717364 573743 592099 278383 483365 318262 328392 496566 189850 539499 552511 688270 259896 355833 405702 832411 254378 395787 251787 454977 581839 683580 179306 644766 412674 252100 258119 643652 415772 262222 311835 803967 43080 713020 169813 365006 492339 734645 108332 375349 772443 542165 742067 537895
220844 999999999 449074 874321 548602 424168 342350 271989 541353 601266 943461 265857 477775 901970 667506 77772 286649 389919 708467 430667 576582 562537 763851 627624 732875 948759 606017 691905 430704 478877 889129 822189 997110 746076 781955 425487 579736 842075 973340 501692 484882 950857 552236 220842 769972 285437 610613 340432 492880 900692 862016 577236 928814 612258 243744 428413 919357 523535 812920 259137 693933 529395 549223 631503 377306 658160 637650 881512 479112 436583 324117 1034243 447772 463917 464747 645975 533432 881276 325281 853502 431032 448216 356056 811734 629007 353508 484850 1007131 177845 933227 98955 513237 585641 954408 312875 589789 947883 592143 948949 704475
460561 449074 999999999 792877 688133 518350 192809 679788 676103 186971 780037 368564 514552 839604 731599 498554 649001 428940 408461 686305 552866 411758 641706 775825 465508 1082677 526181 897710 859569 426083 767106 1002630 802692 787627 529405 866159 241503 868644 884245 78228 50380 1065857 765163 604449 939695 297696 215906 605832 872089 1090883 790066 891660 1057192 699439 315472 366196 780358 130614 844068 684709 848688 705840 641939 368295 401753 349887 271719 1082539 621344 189407 771856 1198190 433422 850259 508932 869339 135305 1068572 330710 1000667 68298 441368 715525 578077 779568 718325 756995 861243 452239 982624 368586 820001 254156 935221 553297 591671 711212 182642 828903 493771
662582 874321 792877 999999999 419937 458523 655190 846746 416918 697616 163068 613592 397812 53158 284419 839663 760748 485741 465305 596875 297876 382458 153919 415590 399996 480143 282645 527424 980273 411208 77148 518195 238444 229935 354657 1033870 585087 204706 99513 859286 760354 439847 523927 790663 474962 624179 659051 625523 852402 579845 19439 725943 456249 334344 654956 474703 112321 914647 208737 888639 428065 472146 370837 450503 502163 500792 601687 594393 451546 607788 1024936 603593 432867 859455 411035 552240 915692 562526 571852 458978 726877 430504 764444 310141 419277 774461 621656 166850 704115 290423 792992 691028 572554 168875 611518 287581 306717 690145 94969 325967
331120 548602 688133 419937 999999999 170350 497524 442651 12346 698193 554462 350545 185290 423726 142146 490769 357080 259194 589414 178910 224000 382410 394450 89143 558144 413004 295008 215701 561573 291548 471356 314929 628489 219028 562176 617115 595618 310413 504343 766340 681496 408004 120213 401096 252588 405907 674154 229063 434234 402998 401830 325712 390210 86206 410559 332927 510789 817362 282135 487236 162695 53836 69617 519480 286409 581177 646509 394502 73384 516187 620227 517256 266456 439852 186208 201344 822979 380771 361419 322146 623413 257634 348739 553873 92401 358885 203738 584567 372710 387774 498319 277956 589164 436361 238193 189660 642816 687187 513558 476672
205914 424168 518350 458523 170350 999999999 327232 404626 158579 540661 553961 188825 68356 481190 250643 382463 322657 90016 472561 219620 170795 262406 373708 259064 457439 577648 226018 380424 564375 152767 485714 485275 619101 326177 479062 607761 445620 421570 555731 596578 513484 567969 255351 339142 422877 237281 520512 193564 481212 573306 444418 425936 553639 201402 246652 173666 520631 647235 392638 442359 332545 189885 136780 394211 116811 451442 501227 564275 103835 351080 578503 686163 115918 475126 56633 356180 652966 551100 191233 489666 454331 107725 349028 486268 262543 357743 282925 605491 248506 520514 355526 360495 441105 530386 161927 171007 601795 529439 541033 389421
282378 342350 192809 655190 497524 327232 999999999 522671 485651 274765 676065 180763 330278 696681 551874 366685 478298 238947 373924 495846 384803 280064 513838 585902 408873 898325 374331 705395 706467 255417 644369 812435 714559 614089 465505 723138 237443 700751 752139 270738 197318 884109 572354 443659 749852 108591 275576 418859 697163 900519 648878 703626 873333 514947 136511 190447 665316 320215 674451 536349 659170 513438 454963 303376 211620 320053 296041 891368 429471 94481 643082 1011062 253040 678066 323120 676557 326217 878294 137960 813727 134094 260052 540492 504305 589500 544553 566642 751606 284114 811986 244774 632137 243321 781196 365840 419278 643680 264262 707335 402090
253612 271989 679788 846746 442651 404626 522671 999999999 441310 797359 956666 362092 472907 859168 583839 197415 86258 429666 830863 270054 574628 639113 777716 494384 834019 780579 629714 506509 183993 530589 884088 637484 1023302 661666 867618 210085 743132 752158 938450 744245 704920 793833 388445 79775 597958 424312 795444 221223 222530 703202 830350 333812 765696 526087 387652 509438 920732 774981 724296 45747 543094 400966 477615 748661 434823 792930 804430 679201 396175 604458 178509 842575 490308 192547 460698 455418 784302 687022 432846 686206 643521 485806 115913 882548 493763 108092 290204 1003069 239652 817982 316924 283635 744823 878999 242701 567466 1004349 786757 935479 779637
323049 541353 676103 416918 12346 158579 485651 441310 999999999 685860 549175 339930 172989 422235 142548 484575 355444 247178 578103 180365 213645 370710 387239 100558 547423 423227 284710 228033 563670 279303 466794 326786 622809 220719 552231 618491 583371 313367 502686 754302 669294 417427 129781 397807 264298 394585 661862 225677 439078 414914 399026 334036 400197 85179 399814 320590 506063 805405 284824 485608 174110 60949 59691 507817 274419 569426 634368 406617 63816 503894 619265 528424 254111 443857 173862 213215 810990 392662 349751 332911 611297 245288 349579 544660 103972 359700 209218 580847 364929 393521 489540 284585 576951 438180 232215 180302 635226 674852 510097 466365
553117 601266 186971 697616 698193 540661 274765 797359 685860 999999999 651872 445979 513073 748623 704621 636619 750326 453907 255684 742796 515197 345932 543912 778999 321429 1057112 467388 913893 981209 408219 656905 1001102 661066 744979 384437 997370 114830 812446 779257 206754 136851 1033314 795899 718194 937763 376519 40487 676926 965363 1088596 699042 954293 1030684 686242 410161 367496 662102 252310 791815 810855 847612 728595 639351 247188 430419 203906 104429 1085295 642525 199649 914050 1179808 432010 948090 512137 895010 248841 1066208 384859 985296 172910 440861 809798 436622 783324 814584 812398 735094 558332 927843 509208 884233 126345 855347 624372 558202 558562 11315 714999 374728
746416 943461 780037 163068 554462 553961 676065 956666 549175 651872 999999999 677605 486847 201283 430278 920500 872439 556923 398904 724225 383187 397150 181595 564743 331416 639663 338838 684797 1104097 464651 88930 681109 76728 387160 271214 1153640 548802 367486 168746 836972 740159 598099 666746 893100 636778 671070 611484 737985 988220 742641 181515 872523 616502 472723 707814 519274 50748 890513 371640 995767 585208 608176 495886 413573 566605 447980 548710 757433 571928 609493 1132182 760948 496550 992064 499753 705962 889724 725490 622895 621938 719345 497029 885953 218660 568795 895661 758171 83298 784945 445234 853631 831574 535574 307917 714921 390051 156650 646576 93131 286266
109328 265857 368564 613592 350545 188825 180763 362092 339930 445979 677605 999999999 225110 644774 438479 251049 305900 128384 474290 318009 316339 302496 498218 439256 486181 762992 340581 544291 544935 213050 624438 660738 731801 511972 528743 570304 381903 606187 713055 444578 377850 755310 405557 282525 600291 72172 438948 238242 519547 747309 602455 523574 739621 390227 60459 166189 653959 489653 577636 384330 512416 354449 325549 392795 112147 432758 443189 734966 277645 247469 506707 867110 182622 502144 213174 510293 496861 725609 71711 672688 314386 183789 363825 553561 442144 368705 388583 741854 127489 708221 179414 451975 383087 707845 185315 335656 686977 434913 684931 446396
265045 477775 514552 397812 185290 68356 330278 472907 172989 513073 486847 225110 999999999 424197 222803 442039 390997 100019 418114 278047 103988 206965 306062 266997 397412 568645 157854 400936 632130 106721 420642 492258 551206 290719 415053 676016 410581 383083 496254 592175 503089 553831 291002 406640 428829 257122 488878 261041 544159 580494 384780 477175 543430 185085 276507 150640 454718 645036 355002 510345 337748 220415 128596 342877 124656 402757 462475 574889 138272 335208 646309 683729 82740 539621 13260 384623 649839 558062 205194 486231 447820 74183 415995 419902 271178 424885 336221 540386 306323 488929 401523 415103 404408 482788 230211 112118 533686 502105 477333 325533
686852 901970 839604 53158 423726 481190 696681 859168 422235 748623 201283 644774 424197 999999999 283236 863642 772917 516403 518183 602468 328626 428097 204767 408088 453053 438462 322440 509503 985228 448222 123290 488105 272855 217825 407745 1040697 635582 171788 80782 907167 808261 396818 520227 806711 449422 659970 710321 638506 851021 544584 49843 717586 415514 337540 688900 512827 151955 962631 182321 902071 411457 474008 381564 501738 534599 552935 653533 560953 463026 653155 1037674 559800 466689 860022 437228 538503 963921 528346 607101 425069 773060 463549 771772 362854 411368 781882 621393 184180 729064 244438 823707 687453 623170 116188 628712 312223 351982 740973 116778 378254
446669 667506 731599 284419 142146 250643 551874 583839 142548 704621 430278 438479 222803 283236 999999999 616608 497912 321178 547201 320845 189587 362149 291375 134716 502318 353827 247053 265314 702462 306570 343412 308064 506350 79757 490910 758785 593238 175221 364017 808188 715429 334392 239514 538680 247938 478730 674399 366876 568719 391640 265575 442951 327713 58167 494359 365578 383380 862155 146091 628051 170023 190906 118289 490599 346954 553271 634969 393809 194123 546298 761810 475213 299381 576976 231779 278419 866324 369803 427571 281536 663823 292006 490806 470915 138906 500958 338454 451020 489667 269889 605092 406634 584209 296410 367500 146428 537518 694377 379249 415239
177083 77772 498554 839663 490769 382463 366685 197415 484575 636619 920500 251049 442039 863642 616608 999999999 209080 363635 717154 360524 544365 553539 739226 565797 734639 883036 581676 621742 365113 459784 860630 752949 978265 696072 779216 367643 601790 791826 937631 557437 529609 887244 483974 143073 702554 289409 641460 273021 416441 829736 826172 499901 863934 559883 247108 417194 892893 584050 762686 190331 629625 466791 498820 637375 356081 670599 661695 809740 424316 458004 277439 964684 424778 388012 428786 574687 593667 810758 318979 787445 471674 423719 278293 804609 566819 275746 411363 979878 136074 878067 130122 436605 606156 908477 252592 552401 937587 626799 918695 697438
197302 286649 649001 760748 357080 322657 478298 86258 355444 750326 872439 305900 390997 772917 497912 209080 999999999 355848 763156 187685 491452 565580 694309 411857 762011 707026 548574 435416 246812 455290 798925 567487 939874 575996 792534 285496 686944 667058 852235 718189 668827 717799 309710 67254 524035 373818 744698 135355 223829 637939 744272 290977 690850 440070 341828 440263 835834 753865 639032 130174 463911 316767 391373 681034 364166 728533 748101 615580 309944 553064 264765 776073 414657 201276 379151 385325 762662 620508 373531 611827 605906 409480 71113 805019 411503 71120 218057 917693 196915 735350 304113 229577 687437 793415 161722 482716 924116 739400 849812 703762
192026 389919 428940 485741 259194 90016 238947 429666 247178 453907 556923 128384 100019 516403 321178 363635 355848 999999999 410557 293282 188106 209837 375851 347140 406196 660919 218087 470438 602623 101416 499413 573855 615077 390629 437952 638901 363491 483078 585126 507150 423471 648599 343891 355498 511097 157586 435755 244096 540746 662051 474316 504123 636289 278939 176821 92104 530392 558272 455020 461462 420296 279705 217045 329232 27326 381790 421211 653627 193823 261705 593661 772313 62420 530374 89650 445710 563817 639771 106786 575123 364494 60246 396407 454262 350806 403877 361033 617883 228530 588667 307457 435881 360180 580821 198314 207966 580932 442628 559033 350174
578623 708467 408461 465305 589414 472561 373924 830863 578103 255684 398904 474290 418114 518183 547201 717154 763156 410557 999999999 692157 369572 211220 317614 653201 67846 881025 302257 794963 1009424 320035 413998 855263 405383 565149 128968 1040837 167013 613301 537116 452670 362151 850403 704921 752764 794633 427843 215248 654221 950045 938130 470439 895232 854501 548255 470286 322911 413813 503208 598046 856968 711091 633427 520986 82222 399238 58955 151329 941008 555704 282314 980977 1007794 359009 940680 423870 789647 501012 916532 402698 823681 359622 366317 806879 181476 657909 814217 753629 482175 601778 725291 609522 832109 154597 631223 608724 410569 304998 251697 468325 143410
244989 430667 686305 596875 178910 219620 495846 270054 180365 742796 724225 318009 278047 602468 320845 360524 187685 293282 692157 999999999 361026 481664 554741 224437 675161 525312 428332 261370 383418 372350 644183 392432 796171 396096 692401 438245 656588 484011 682992 762577 692780 533192 124919 242894 343259 388670 727300 92752 269102 470027 579153 211558 507639 264970 374398 385075 682935 807325 456696 315602 277228 132177 228577 613717 313950 670299 714491 451172 154198 545079 445006 604187 334586 268982 270186 215553 814680 450655 362568 429624 629882 326749 170035 693998 223951 180194 70797 759792 275671 548062 408957 142600 653450 612266 137806 339666 798051 731482 689498 603114
367791 576582 552866 297876 224000 170795 384803 574628 213645 515197 383187 316339 103988 328626 189587 544365 491452 188106 369572 361026 999999999 173308 203108 283659 334562 542172 71075 425395 729043 129457 316910 492591 448676 235324 339013 775245 403660 316851 397146 627710 532464 519905 343269 509933 430292 333664 484814 358742 630118 578370 286218 544359 515823 179646 360731 194476 350742 682566 291499 612975 343672 272739 154407 305715 206032 368516 446268 578117 208166 364388 749233 664638 139440 628677 117089 421370 685995 556217 280414 470938 484581 135504 511297 334668 288360 520586 410085 436587 408337 429952 495560 488774 394705 399603 332210 43371 438112 505023 374333 252720
394494 562537 411758 382458 382410 262406 280064 639113 370710 345932 397150 302496 206965 428097 362149 553539 565580 209837 211220 481664 173308 999999999 235242 452435 197102 712285 121697 593060 812272 111686 365097 665713 440701 399059 229209 848622 232413 468514 476559 481004 382505 687603 495487 563860 603203 279982 313543 448875 742461 751664 378739 684018 685773 351470 319805 136382 385257 536570 446841 669715 515611 424115 315692 137147 205254 198838 272984 751134 344856 225333 799951 836114 152143 734697 212672 583681 538491 729496 237357 643684 344974 158502 603624 251077 457049 611520 542472 471632 425129 583979 467475 621045 222712 524367 406544 216649 385436 336256 428038 144068
564845 763851 641706 153919 394450 373708 513838 777716 387239 543912 181595 498218 306062 204767 291375 739226 694309 375851 317614 554741 203108 235242 999999999 422938 255439 580443 157955 556621 929837 286172 130732 582801 245597 276887 220946 977388 431180 303257 242588 706713 607832 545601 512472 712683 528688 496578 505554 560877 822418 657477 155389 719448 554518 320543 531524 344274 156113 761940 292834 816032 459887 447982 329981 296970 386560 348945 449026 666079 400687 459171 952209 707524 316177 823721 318829 568151 762760 637458 446638 537271 576578 316231 711632 187933 427445 721130 595409 244156 603533 411106 675724 671770 418670 314565 535310 215435 248929 536343 193623 175176
413898 627624 775825 415590 89143 259064 585902 494384 100558 778999 564743 439256 266997 408088 134716 565797 411857 347140 653201 224437 283659 452435 422938 999999999 615606 325834 351954 141804 590541 370794 477437 226813 640941 190550 611845 650274 673547 267016 488196 853976 767884 323774 115343 463630 163960 495044 753224 295569 445598 315100 396381 310412 303865 106782 499399 417069 517406 905390 241937 539990 73565 99123 139687 588032 374439 650588 721959 308114 161619 601329 667893 428158 349563 457387 269868 145271 910862 292763 450278 233673 710582 340870 389650 596803 4734 399682 221045 582415 454334 323627 582747 280548 666302 397067 314796 243066 670715 768142 510531 530690
585528 732875 465508 399996 558144 457439 408873 834019 547423 321429 331416 486181 397412 453053 502318 734639 762011 406196 67846 675161 334562 197102 255439 615606 999999999 827225 264233 757189 1008808 308712 346760 809544 340786 513265 64178 1043932 225249 555424 469792 514206 421057 795058 676329 757593 750222 448133 280946 645865 938511 890552 405979 872582 800838 509246 490475 325330 345994 565911 541781 863043 669519 605094 488716 105818 399198 118699 217591 895021 531866 322296 990911 954353 349237 931377 404977 755692 564195 869312 416016 774030 412265 355484 800722 115362 620339 808621 733166 414711 612638 665752 634505 812202 212190 567033 603566 372891 245870 316783 400579 87594
738815 948759 1082677 480143 413004 577648 898325 780579 423227 1057112 639663 762992 568645 438462 353827 883036 707026 660919 881025 525312 542172 712285 580443 325834 827225 999999999 592716 274802 827678 659753 557246 149912 710730 316550 800817 892518 944582 280067 491121 1159900 1068383 44924 400414 767124 182993 814843 1025768 610016 659614 136267 464015 493754 26607 383569 822616 716693 589822 1213273 287615 825707 255520 420767 443874 834103 687998 895672 983158 164025 486367 899259 939103 127226 649257 683124 575252 326248 1217824 133000 767089 95709 1015397 641328 665962 767399 323582 674888 490548 612719 778451 198530 908160 510426 934996 344454 636704 499557 786720 1047041 552983 740325
408241 606017 526181 282645 295008 226018 374331 629714 284710 467388 338838 340581 157854 322440 247053 581676 548574 218087 302257 428332 71075 121697 157955 351954 264233 592716 999999999 493728 789902 130224 284363 554426 398314 277990 268108 833777 353391 347204 381227 597965 500296 566916 414344 561377 493120 343102 434294 418779 697039 638669 275116 614992 566141 246244 376102 192261 313389 653435 325201 666103 408846 343763 225396 243628 228714 306238 390466 640192 277118 337033 801378 717495 158261 694349 169437 491467 655914 616782 291714 527365 458305 158300 573330 265713 356681 582338 479636 401274 446240 462604 518745 558530 343221 409976 387297 108895 375833 457813 345712 181668
495738 691905 897710 527424 215701 380424 705395 506509 228033 913893 684797 544291 400936 509503 265314 621742 435416 470438 794963 261370 425395 593060 556621 141804 757189 274802 493728 999999999 558297 506891 596018 132189 761525 297949 752057 622433 810853 346073 585814 975879 893907 292501 142255 497792 95338 607239 889695 352031 394294 209238 507998 233050 261903 247965 604548 548131 635501 1025474 328665 551408 99594 191976 277914 729170 497143 791590 860805 192576 276709 730396 664568 343015 482067 414827 401837 51456 1031602 189407 567589 182461 834502 473232 391444 735035 137086 400262 217495 691561 531247 358457 664485 237435 804134 470062 388139 384852 801439 902884 620567 671939
435836 430704 859569 980273 561573 564375 706467 183993 563670 981209 1104097 544935 632130 985228 702462 365113 246812 602623 1009424 383418 729043 812272 929837 590541 1008808 827678 789902 558297 999999999 701687 1026107 678004 1174243 774899 1038662 65235 926555 857441 1065893 921457 886594 849894 475513 263616 653617 608181 979433 371124 170555 725954 962571 335717 818030 647779 571639 686681 1064395 949140 831716 175263 621454 511607 610775 927237 610796 973529 987863 698164 532423 788386 157190 864096 661010 144629 620965 508213 958734 714283 615043 739590 825820 655605 218265 1049726 588594 208709 369500 1142644 423631 904246 492501 321995 927994 987364 406740 715002 1165638 970638 1072657 949626
292116 478877 426083 411208 291548 152767 255417 530589 279303 408219 464651 213050 106721 448222 306570 459784 455290 101416 320035 372350 129457 111686 286172 370794 308712 659753 130224 506891 701687 999999999 414303 593626 519159 361941 337337 739389 304070 446049 510334 502065 408861 640894 397060 456866 530190 213149 382867 337191 631098 681476 402417 577831 633854 280258 245933 65529 442255 556396 420282 562824 439681 326874 231132 241461 103731 299290 355785 677385 243303 239728 695038 778715 40691 623061 108631 491339 560290 659050 161495 582045 357998 46823 492042 352847 375133 500002 435209 530288 326598 558458 389575 513128 297734 526950 295358 165894 480334 397386 475880 249049
684486 889129 767106 77148 471356 485714 644369 884088 466794 656905 88930 624438 420642 123290 343412 860630 798925 499413 413998 644183 316910 365097 130732 477437 346760 557246 284363 596018 1026107 414303 999999999 593170 165606 298275 295087 1077331 547477 281416 123157 829591 731097 516785 581350 823534 548104 626138 617309 663744 905590 656332 94319 786271 533393 388056 660210 474018 39974 884378 283912 924448 496424 524769 415671 410892 512322 455342 557249 670388 493863 587425 1061062 680439 441817 910593 433833 617786 884616 638758 575545 535258 703140 440980 808522 246734 481408 818371 674967 119789 724559 366431 803023 747147 534522 237773 644316 316970 229861 650299 62969 282216
621243 822189 1002630 518195 314929 485275 812435 637484 326786 1001102 681109 660738 492258 488105 308064 752949 567487 573855 855263 392432 492591 665713 582801 226813 809544 149912 554426 132189 678004 593626 593170 999999999 756597 306220 794359 742923 893021 316322 555766 1080787 994430 177403 270118 629980 63467 719637 973580 481793 509715 88329 499594 343844 143378 315309 721187 642825 630398 1132127 309477 682078 154529 306880 363736 797333 601133 860137 938338 85774 384864 827341 791966 212088 574998 533404 495923 182346 1137641 65955 676215 74453 937368 566412 521967 769322 223068 530536 349464 671800 658328 285745 790854 362459 884954 420833 514974 449436 814429 990424 604539 722144
806328 997110 802692 238444 628489 619101 714559 1023302 622809 661066 76728 731801 551206 272855 506350 978265 939874 615077 405383 796171 448676 440701 245597 640941 340786 710730 398314 761525 1174243 519159 165606 756597 999999999 463872 276938 1222585 565125 441869 227421 854543 760054 668431 741916 957793 713007 719434 620630 806213 1061523 816676 257248 948076 688146 547707 757815 569542 126691 906611 447171 1061459 661937 682293 568444 434535 622501 459483 556682 832089 643014 641421 1197514 830286 553507 1064620 563827 782514 904969 799896 673435 696379 745268 554841 955979 225685 645028 965579 832004 112295 843604 514396 904930 906083 551941 373118 780834 459252 116981 656968 158004 314334
525258 746076 787627 229935 219028 326177 614089 661666 220719 744979 387160 511972 290719 217825 79757 696072 575996 390629 565149 396096 235324 399059 276887 190550 513265 316550 277990 297949 774899 361941 298275 306220 463872 999999999 491980 832543 631293 96001 297689 862869 767788 289036 304039 617957 254345 547806 712263 445978 635216 381015 210498 499774 289953 137676 566222 424612 337625 917601 66844 706169 198403 264371 197326 517732 415257 579158 667680 389193 273865 599593 839217 442849 361349 645638 301110 322560 921154 360743 495573 261831 719398 354805 566047 464180 193708 576207 407328 395556 568312 198497 681618 470741 621204 217464 447256 196056 510736 735239 323982 425843
623575 781955 529405 354657 562176 479062 465505 867618 552231 384437 271214 528743 415053 407745 490910 779216 792534 437952 128968 692401 339013 229209 220946 611845 64178 800817 268108 752057 1038662 337337 295087 794359 276938 491980 999999999 1076691 289412 524195 416966 578366 485176 766455 682003 792887 737059 496518 343962 671157 959198 872552 362853 883031 774749 505099 538384 364071 289968 629975 513371 898792 660491 611725 492642 165820 434456 182679 280208 879079 544007 381766 1029135 927995 377906 954094 424161 754929 628184 851878 460412 753802 475362 383090 826826 52706 616561 835162 746631 354292 653335 630876 684372 825687 276339 523357 631962 373057 182604 380125 345276 89643
462827 425487 866159 1033870 617115 607761 723138 210085 618491 997370 1153640 570304 676016 1040697 758785 367643 285496 638901 1040837 438245 775245 848622 977388 650274 1043932 892518 833777 622433 65235 739389 1077331 742923 1222585 832543 1076691 999999999 949354 916715 1121177 924396 896246 914346 535756 288311 717771 629611 998167 416560 235756 791189 1016478 400919 882636 703214 591025 719513 1115155 948656 890567 187195 683590 568414 663295 958651 644747 1002313 1010535 763389 583635 808671 117173 929304 698911 209701 664348 572098 958479 779501 641576 804038 837035 694071 269427 1090263 648510 259422 429597 1194789 445084 966262 497587 385554 951644 1046393 447216 763692 1209477 987080 1125404 988317
491228 579736 241503 585087 595618 445620 237443 743132 583371 114830 548802 381903 410581 635582 593238 601790 686944 363491 167013 656588 403660 232413 431180 673547 225249 944582 353391 810853 926555 304070 547477 893021 565125 631293 289412 949354 999999999 697735 668958 289450 195927 919990 698696 663366 829913 319769 81203 599036 893547 979984 585870 867614 918090 577715 359261 272625 555183 342086 677294 762266 740526 629605 534012 136697 342956 108389 61308 977804 544489 143916 875957 1068026 332368 879050 411184 795016 341015 957667 313501 874542 194312 341155 741045 339502 677984 746860 724502 631492 504374 813103 482169 799132 13241 741251 548024 446919 470258 106119 606892 265865
621259 842075 868644 204706 310413 421570 700751 752158 313367 812446 367486 606187 383083 171788 175221 791826 667058 483078 613301 484011 316851 468514 303257 267016 555424 280067 347204 346073 857441 446049 281416 316322 441869 96001 524195 916715 697735 999999999 242273 942443 845801 243039 382321 711171 279058 639415 777697 539038 710983 375171 187116 565986 254995 232451 659458 510362 316799 997635 29169 797077 252042 351872 293236 575799 506940 634899 728724 390226 368800 679459 928771 406225 449698 723953 394055 380673 1000646 358067 586701 254528 800359 443731 653050 488563 269164 663183 488003 355690 664312 115482 777096 545380 686796 130090 542315 281671 508957 803250 288275 470304
760573 973340 884245 99513 504343 555731 752139 938450 502686 779257 168746 713055 496254 80782 364017 937631 852235 585126 537116 682992 397146 476559 242588 488196 469792 491121 381227 585814 1065893 510334 123157 555766 227421 297689 416966 1121177 668958 242273 999999999 948597 849818 447528 600769 884750 521273 723410 739829 717509 931675 606022 111488 797120 470169 418140 754415 573467 130406 1003668 257173 981068 488775 554765 460911 532665 601670 578273 680136 624520 542297 701376 1116921 606892 532369 940785 509437 616579 1004233 591260 671191 489232 819158 530016 852126 367343 491393 862225 702151 121955 802356 292707 892442 767923 656102 147769 706174 385230 325344 772460 76291 404567
533327 501692 78228 859286 766340 596578 270738 744245 754302 206754 836972 444578 592175 907167 808188 557437 718189 507150 452670 762577 627710 481004 706713 853976 514206 1159900 597965 975879 921457 502065 829591 1080787 854543 862869 578366 924396 289450 942443 948597 999999999 98933 1142559 843018 670733 1017822 374411 243691 680793 941875 1169050 857426 966640 1134328 776899 389940 443215 840542 55566 918322 746199 926791 783986 719797 423400 479972 395908 306059 1160759 699555 263326 825809 1275895 510716 919096 586748 947284 58286 1146732 408694 1078384 144503 518756 785873 628880 857730 788220 833158 919180 522285 1056873 428960 894980 302658 1005364 628559 667179 757658 206687 890590 551645
476106 484882 50380 760354 681496 513484 197318 704920 669294 136851 740159 377850 503089 808261 715429 529609 668827 423471 362151 692780 532464 382505 607832 767884 421057 1068383 500296 893907 886594 408861 731097 994430 760054 767788 485176 896246 195927 845801 849818 98933 999999999 1049705 764745 627982 931157 305742 165624 616071 890384 1082757 758511 900941 1042577 686645 329365 352722 742621 154372 822099 712630 839985 702825 631519 326858 396819 304058 222390 1075742 617241 169149 805306 1186078 420704 869867 498661 868030 155991 1060360 331720 988783 63567 429041 733501 534743 771805 736926 763570 822027 472107 960560 399596 829455 208899 906847 563086 572735 666168 132295 792289 454264
737540 950857 1065857 439847 408004 567969 884109 793833 417427 1033314 598099 755310 553831 396818 334392 887244 717799 648599 850403 533192 519905 687603 545601 323774 795058 44924 566916 292501 849894 640894 516785 177403 668431 289036 766455 914346 919990 243039 447528 1142559 1049705 999999999 408642 776008 197567 804264 1001049 614687 683542 178429 424224 518581 34682 369718 814280 699696 548560 1196444 253445 839295 257667 421463 432221 806251 675385 867252 956685 204930 481173 880608 956184 163904 632935 705765 561285 343624 1200675 172521 755272 110309 998161 625282 680428 731569 322119 689640 503799 569296 778106 154832 905939 529902 910043 300448 638016 478037 746561 1023438 510511 708686
353484 552236 765163 523927 120213 255351 572354 388445 129781 795899 666746 405557 291002 520227 239514 483974 309710 343891 704921 124919 343269 495487 512472 115343 676329 400414 414344 142255 475513 397060 581350 270118 741916 304039 682003 535756 698696 382321 600769 843018 764745 408642 999999999 367418 218691 470876 774967 211808 331179 351108 505043 207072 382760 194261 465400 428513 621208 891227 357250 434182 154653 71497 189435 632474 369394 693185 752411 334798 154221 605574 558132 482203 366331 342182 288483 104776 897757 330772 434518 304717 703851 357554 279135 674085 113176 288963 106160 690515 389185 433027 522312 167334 693366 512391 245958 309847 761298 784694 618760 595941
174521 220842 604449 790663 401096 339142 443659 79775 397807 718194 893100 282525 406640 806711 538680 143073 67254 355498 752764 242894 509933 563860 712683 463630 757593 767124 561377 497792 263616 456866 823534 629980 957793 617957 792887 288311 663366 711171 884750 670733 627982 776008 367418 999999999 584383 344581 715866 172133 278205 702263 775044 357910 750063 480513 308220 432431 859174 703569 682615 105966 519983 365953 426734 670621 358813 714018 724663 680475 345914 524770 240001 839735 417052 251912 393968 448425 712674 684406 353495 671580 566091 413107 135227 809626 463738 132795 281500 943116 160072 785475 247745 296800 665094 835087 179399 506705 933954 707542 877029 705596
564892 769972 939695 474962 252588 422877 749852 597958 264298 937763 636778 600291 428829 449422 247938 702554 524035 511097 794633 343259 430292 603203 528688 163960 750222 182993 493120 95338 653617 530190 548104 63467 713007 254345 737059 717771 829913 279058 521273 1017822 931157 197567 218691 584383 999999999 658068 910398 429897 489068 151672 455909 326234 167916 252285 660683 579416 586339 1069331 267523 643213 91172 247957 300287 735501 538398 798327 875611 147992 323437 763948 758717 267939 511569 510028 432578 146132 1074774 129246 614006 88299 874273 502991 483772 713830 160360 492845 307785 633569 603014 271335 734702 332679 821934 394439 459986 387277 764997 927071 564477 663046
176607 285437 297696 624179 405907 237281 108591 424312 394585 376519 671070 72172 257122 659970 478730 289409 373818 157586 427843 388670 333664 279982 496578 495044 448133 814843 343102 607239 608181 213149 626138 719637 719434 547806 496518 629611 319769 639415 723410 374411 305742 804264 470876 344581 658068 999999999 371751 310331 590253 807056 614963 595401 790693 435253 42504 152325 652432 420909 611648 442500 568602 415747 372044 348617 132568 381451 380926 796121 334774 180277 558211 922967 194225 572046 247194 575586 427767 785083 53297 726826 242325 198535 433980 526954 498284 438461 459404 740383 184866 746049 188308 523849 322370 732578 257346 360504 664048 365582 688186 419924
547497 610613 215906 659051 674154 520512 275576 795444 661862 40487 611484 438948 488878 710321 674399 641460 744698 435755 215248 727300 484814 313543 505554 753224 280946 1025768 434294 889695 979433 382867 617309 973580 620630 712263 343962 998167 81203 777697 739829 243691 165624 1001049 774967 715866 910398 371751 999999999 665068 956579 1060691 660844 938811 999271 658318 407890 346848 622058 291010 757632 811123 820765 706630 613570 208586 413526 163570 64129 1058214 620987 191672 918402 1149226 409214 940460 488810 872600 287946 1038353 374498 955652 190598 418057 802087 396136 757624 807308 796192 694721 555807 892953 516208 869432 91109 817863 613056 528052 518510 37253 675117 335265
154204 340432 605832 625523 229063 193564 418859 221223 225677 676926 737985 238242 261041 638506 366876 273021 135355 244096 654221 92752 358742 448875 560877 295569 645865 610016 418779 352031 371124 337191 663744 481793 806213 445978 671157 416560 599036 539038 717509 680793 616071 614687 211808 172133 429897 310331 665068 999999999 296834 561186 609154 285868 590986 308723 290868 334855 700820 723613 510493 263577 357026 196641 257053 573203 259047 625662 658829 543030 175627 477380 399513 693870 296821 286462 250031 307588 731334 541420 292180 514436 552625 290390 155717 679733 296165 164258 157658 782400 183070 614849 316238 214203 597424 663255 53074 347985 794529 665670 714457 581640
414859 492880 872089 852402 434234 481212 697163 222530 439078 965363 988220 519547 544159 851021 568719 416441 223829 540746 950045 269102 630118 742461 822418 445598 938511 659614 697039 394294 170555 631098 905590 509715 1061523 635216 959198 235756 893547 710983 931675 941875 890384 683542 331179 278205 489068 590253 956579 296834 999999999 555539 833841 166077 651052 518457 561533 631688 945000 977669 687018 248816 465992 380940 493310 869463 555778 922460 953895 527654 422913 766163 308174 693548 591344 32365 535142 345838 986483 544160 582105 573454 827123 584371 156886 962506 442931 153766 230849 1018119 419895 747388 525381 165623 892555 840889 345969 608065 1066936 954250 946743 869634
704264 900692 1090883 579845 402998 573306 900519 703202 414914 1088596 742641 747309 580494 544584 391640 829736 637939 662051 938130 470027 578370 751664 657477 315100 890552 136267 638669 209238 725954 681476 656332 88329 816676 381015 872552 791189 979984 375171 606022 1169050 1082757 178429 351108 702263 151672 807056 1060691 561186 555539 999999999 562028 390670 146005 402424 807767 731087 691967 1220312 373667 746752 242820 392930 451936 882096 689315 944823 1024545 29892 472379 915619 849508 139816 663233 582022 584230 255058 1225860 22438 764090 121443 1025676 654660 587302 845103 311320 595237 420810 725530 740291 319801 873384 421785 971739 463668 597046 535072 881937 1077962 661259 802980
649106 862016 790066 19439 401830 444418 648878 830350 399026 699042 181515 602455 384780 49843 265575 826172 744272 474316 470439 579153 286218 378739 155389 396381 405979 464015 275116 507998 962571 402417 94319 499594 257248 210498 362853 1016478 585870 187116 111488 857426 758511 424224 505043 775044 455909 614963 660844 609154 833841 562028 999999999 706763 439857 316059 644949 466508 130810 912877 190125 872467 408631 453828 353794 452285 491443 504057 604385 576242 434743 603936 1008650 588092 422658 841122 397958 532824 914139 544518 562367 440998 723642 419967 747070 319843 400046 757106 603159 186035 690869 276347 781755 672209 573488 161082 596087 273780 322741 691336 114155 329625
436264 577236 891660 725943 325712 425936 703626 333812 334036 954293 872523 523574 477175 717586 442951 499901 290977 504123 895232 211558 544359 684018 719448 310412 872582 493754 614992 233050 335717 577831 786271 343844 948076 499774 883031 400919 867614 565986 797120 966640 900941 518581 207072 357910 326234 595401 938811 285868 166077 390670 706763 999999999 485737 400959 576701 595471 826222 1009049 544448 372826 314854 273196 393356 818840 525356 877087 925044 363345 340727 756257 461874 529519 541853 191414 471469 188102 1016884 378601 572782 408842 837655 533634 224550 878012 306831 229496 143294 892787 456849 590685 582940 71665 864190 694259 338394 513920 968186 942980 820901 795386
717521 928814 1057192 456249 390210 553639 873333 765696 400197 1030684 616502 739621 543430 415514 327713 863934 690850 636289 854501 507639 515823 685773 554518 303865 800838 26607 566141 261903 818030 633854 533393 143378 688146 289953 774749 882636 918090 254995 470169 1134328 1042577 34682 382760 750063 167916 790693 999271 590986 651052 146005 439857 485737 999999999 358421 799077 691114 566467 1187799 261751 811015 234908 399961 419274 807496 663310 869068 956576 171585 463591 873437 926360 153520 623781 673710 550216 313270 1192292 138729 742616 79640 989828 615901 651674 741650 301817 660759 475493 591431 757513 178508 886587 498920 908481 324395 616326 473272 762595 1020628 530651 713892
391625 612258 699439 334344 86206 201402 514947 526087 85179 686242 472723 390227 185085 337540 58167 559883 440070 278939 548255 264970 179646 351470 320543 106782 509246 383569 246244 247965 647779 280258 388056 315309 547707 137676 505099 703214 577715 232451 418140 776899 686645 369718 194261 480513 252285 435253 658318 308723 518457 402424 316059 400959 358421 999999999 447703 334053 427772 829983 203445 570167 164187 137805 64889 485316 305672 548093 623447 400261 136359 517893 704209 499433 266248 525112 191834 250608 834683 380064 385679 302210 632440 258146 434568 490767 111507 444701 287609 499668 434472 321846 552623 359107 569664 354577 309868 137706 569365 675647 428374 424033
146801 243744 315472 654956 410559 246652 136511 387652 399814 410161 707814 60459 276507 688900 494359 247108 341828 176821 470286 374398 360731 319805 531524 499399 490475 822616 376102 604548 571639 245933 660210 721187 757815 566222 538384 591025 359261 659458 754415 389940 329365 814280 465400 308220 660683 42504 407890 290868 561533 807767 644949 576701 799077 447703 999999999 188629 687615 433187 631210 403832 572642 414896 383346 391121 155128 423545 420173 795372 337833 217646 517269 927375 222310 541904 265405 570066 440734 786067 84966 732689 265898 225376 404697 568084 502334 408506 444517 775652 148207 763519 147670 505042 362430 757211 238828 384225 704677 399442 721803 460892
260338 428413 366196 474703 332927 173666 190447 509438 320590 367496 519274 166189 150640 512827 365578 417194 440263 92104 322911 385075 194476 136382 344274 417069 325330 716693 192261 548131 686681 65529 474018 642825 569542 424612 364071 719513 272625 510362 573467 443215 352722 699696 428513 432431 579416 152325 346848 334855 631688 731087 466508 595471 691114 334053 188629 999999999 500107 496804 484209 537747 488299 361168 279234 240853 76551 290971 329575 725159 275038 184568 665981 833454 68008 620422 147233 527668 501193 708659 103918 636095 298714 76459 485052 387453 421156 492109 452229 588063 289275 622018 335391 527658 268777 592479 287151 229116 520957 356324 536231 280410
