NAME : synthetic_000325
TYPE : CTSP-D
DIMENSION : 100
GROUPS : 8
RELAXATION_LEVEL : 1
EDGE_WEIGHT_TYPE : EXPLICIT
EDGE_WEIGHT_FORMAT : FULL_MATRIX
EDGE_WEIGHT_SECTION
999999999 233507 720697 341484 360801 552355 92083 137628 127668 502122 316458 345174 201629 417868 140172 358700 906259 749103 618173 523871 291202 310467 547266 405027 191284 458222 724191 554843 738308 519090 284519 508871 194292 377914 204522 580382 556516 284099 573131 535789 532143 736185 372849 674748 118544 621799 763145 712988 51892 751079 659957 239567 231039 343526 333808 704578 202738 207847 402265 167837 75994 598629 271662 434977 496707 279836 831653 631044 432331 395164 511011 807495 557295 368429 427247 517189 509797 507179 356810 351302 788843 515442 714487 258936 385939 604735 663059 89407 1007948 749115 752529 330889 303505 259938 451568 391326 564896 611729 412340 579410
233507 999999999 511539 173903 326389 478129 142351 368990 272461 581331 386325 118598 410538 186051 248094 152745 876797 693903 714588 374366 109951 228171 748543 458877 48470 343471 722909 747796 548924 332772 250685 717634 390727 334653 107623 501139 724775 166649 377734 432592 421018 522133 221858 565634 214415 491247 620338 506712 276939 578666 749675 135253 341583 211759 460725 690805 126564 174153 567643 395287 263095 706413 212662 513166 468120 342383 834052 586934 341901 194093 470461 596924 702503 342145 468787 728796 291695 396526 305248 285394 596954 675361 796084 486413 152670 685825 613150 301553 1010106 786109 675673 405610 95575 474575 663118 172915 463802 654619 182194 357775
720697 511539 999999999 564479 773097 439767 641067 856853 783603 770352 658708 455632 837929 393711 654919 497996 750002 569382 889897 271995 429608 458867 1111667 665466 559814 360790 705902 1093941 105607 213161 514016 1100138 807512 771860 607609 433056 1027300 618083 154930 370730 352920 33147 597822 375940 640718 301889 299584 17495 771023 182910 903185 615846 688502 399879 769406 659769 625770 537733 897571 888474 714946 904459 682407 729284 530204 635266 789168 540299 408232 504137 507876 86824 967935 515921 650712 1116483 221273 356927 479921 462266 121484 972308 922278 934250 382843 841722 539326 757312 923351 827104 507360 672566 422105 899168 1057498 338624 376430 750958 341524 165450
341484 173903 564479 999999999 208623 636140 258100 454770 310701 753916 557614 118503 540827 170873 404917 66584 1039294 851914 886288 503674 264426 397432 886573 632291 177857 494095 892573 891192 628304 435379 424204 849839 528000 208132 136981 656652 879865 71886 464039 582227 567905 564963 49180 706318 368893 624022 738844 564985 366863 674766 922188 105241 504980 369024 624387 858757 140512 347266 722178 470387 396792 876627 131781 685328 637090 513467 1003397 750174 501492 72333 637232 641782 864979 514251 642634 858536 352164 545146 475431 454167 670366 833068 969334 598197 190503 858776 774338 426940 1178309 959372 826737 576735 233727 601079 792821 262954 612685 828418 232791 399030
360801 326389 773097 208623 999999999 803439 318619 417875 259698 850202 654670 322393 551565 379430 478225 275160 1198006 1018521 973300 694420 435314 548536 885484 739706 298975 669776 1034732 899893 835539 636085 557997 840239 551283 18997 225831 827039 913535 165365 669097 758934 747072 773245 179961 890840 444072 813605 936317 773569 356501 879228 1013663 191347 580558 538135 691777 1006323 209898 469768 761780 417145 435161 956208 114834 781151 784219 612291 1145737 908839 667338 272747 789783 849976 917973 653131 756570 844381 559652 722742 622138 605019 878364 874777 1066244 575120 396208 955118 936393 447679 1323188 1082513 1001976 671972 413271 599442 782002 462556 790124 946193 438833 607647
552355 478129 439767 636140 803439 999999999 521442 654433 668420 348230 312697 527825 559999 527100 422720 586285 404245 216110 455498 188880 373072 258046 738234 272837 505480 145675 286883 711332 373440 288787 268446 741277 526698 812498 578580 28713 626633 644401 323604 73939 93763 472082 685011 140759 434758 149413 266963 422757 600477 328935 465184 612225 387149 267942 410914 243915 595812 353530 527158 690517 501587 474327 688768 325359 105329 316641 389031 121344 136229 619905 78826 501544 555562 188676 248599 760007 398943 104365 195949 205449 414766 573765 482519 659005 476615 405811 139738 533748 554130 395141 202387 316723 402414 605037 712218 397764 63701 311322 448602 435664
92083 142351 641067 258100 318619 521442 999999999 226653 153373 531968 336050 253148 283650 325840 161174 268905 897582 728775 657084 464424 213309 265976 628810 421447 99201 409647 724813 633096 666475 446516 256529 593210 269902 333346 123155 548143 624658 209007 497894 493540 486862 654625 294430 632691 125988 570932 709248 634473 134825 685818 696613 162818 264537 284025 380185 699978 127076 168244 467493 253573 138729 642010 213389 462789 482144 293802 834918 613354 391787 306641 492125 727554 615826 349726 439195 602654 425761 461479 327392 315994 716290 579721 748417 349620 295020 637128 643625 170123 1012499 765359 723819 353403 219540 345334 536784 306253 524059 628528 323179 494287
137628 368990 856853 454770 417875 654433 226653 999999999 159781 532296 376080 476326 158466 550764 232829 482681 977293 836239 628404 649752 427940 431238 468512 460649 324421 577444 786908 485383 870650 652679 395136 422434 175480 436703 322135 683077 512470 388970 707750 648407 647347 872986 477737 784931 229278 740190 882637 848717 92525 879225 672422 349539 285095 472230 350896 774285 314855 331631 374304 36087 155122 602008 357810 472443 584043 350880 888693 717686 546016 515930 602360 943677 534025 465871 487146 426546 647294 623194 464319 463785 921457 482045 729684 157255 521654 626115 750874 120767 1060511 790167 848607 385044 441109 188590 364246 528947 675744 656105 549340 716999
127668 272461 783603 310701 259698 668420 153373 159781 999999999 627935 444108 357888 294758 434131 267215 350191 1031727 870636 740572 617710 362338 416747 625865 532685 224012 562124 851200 640305 815545 596124 400319 581122 298538 278324 191723 695800 657505 240622 645460 644712 638816 794590 326573 784091 242166 724008 862605 778289 102526 837747 783058 207810 357917 437397 455555 830709 178648 315812 509424 165492 201361 719124 200922 561478 619683 407333 959024 753339 542079 377893 632488 869248 668156 489207 554872 585835 564155 613473 472650 463851 864756 621434 838375 316420 416744 729484 784772 200260 1135477 876562 870240 458389 362609 339998 522836 445143 674885 739229 451762 629789
502122 581331 770352 753916 850202 348230 531968 532296 627935 999999999 197693 682126 381998 718226 372166 730323 481166 404043 135397 499197 520672 388376 413377 125394 579306 414431 286503 379907 717160 580549 341762 429895 358086 865248 641927 367275 284457 727670 631208 404961 420581 800719 800111 475329 406160 497087 608253 754409 529114 677016 168344 683316 271671 446994 181763 293798 652151 407182 229870 562934 426773 137684 744362 69356 245063 241654 370939 311858 368915 771243 270458 840729 208344 277543 126539 449531 664486 413684 322807 347060 760932 235351 216893 454568 664731 105513 340245 432165 533877 259036 451093 179302 557148 391946 417607 604862 409047 132549 656555 721738
316458 386325 658708 557614 654670 312697 336050 376080 444108 197693 999999999 491932 253968 535011 179367 537281 601303 465898 328676 393053 337015 219008 453392 88592 381999 302642 412504 435358 629457 450363 163689 445565 221775 669281 444253 340400 376317 529995 507018 336039 343959 685378 603262 453192 211260 437598 573413 644859 351195 609058 365216 485630 91190 283320 110814 398252 454645 213041 238865 410667 244625 320282 547399 128422 221258 44169 517433 348925 256185 578521 244321 738566 332437 146143 112311 463012 511878 326449 178793 197620 678472 321722 414538 349816 482908 303196 382491 260995 692620 433168 487355 19383 372621 293448 408843 432411 354642 295694 481061 576589
345174 118598 455632 118503 322393 527825 253148 476326 357888 682126 491932 999999999 528601 76262 365578 58763 932056 742266 816977 386678 166401 304737 867108 557397 154060 383447 793900 866044 513351 316905 341875 836168 509250 324022 166648 546702 840779 162562 346912 470106 454838 459394 163465 590531 332567 506973 620360 454587 383863 557396 849807 163708 455721 265363 573798 757750 181927 279643 684194 499351 380921 811640 226779 615632 539176 448925 903739 644830 395927 93595 536390 536255 815249 424332 563564 847224 238037 432976 382060 358988 556899 790545 893301 601900 73948 784784 667200 418419 1076473 869615 713763 511311 130938 592400 781500 144623 500002 743188 116553 291374
201629 410538 837929 540827 551565 559999 283650 158466 294758 381998 253968 528601 999999999 595471 184452 551332 843990 719151 471132 598246 430177 382264 345975 328304 377355 514547 650011 353362 832361 625414 332019 309593 33426 569664 404148 588446 362757 485576 683381 570147 573610 859094 574018 698233 206293 669081 810099 827058 195066 827098 515329 440668 172959 438170 200862 642730 403804 302290 217343 184387 147764 443945 471438 327438 474515 243359 746881 602753 474675 589888 496560 923400 377228 375962 356694 319429 648234 551960 388892 396420 883238 327648 572846 100597 555009 471361 636318 113890 914875 641033 741146 257196 454596 64634 253545 538896 593505 510253 572472 718795
417868 186051 393711 170873 379430 527100 325840 550764 434131 718226 535011 76262 595471 999999999 425377 104646 929301 736681 853623 366782 198318 331456 929358 592833 226771 381523 803903 926118 460830 283203 376747 900600 574273 378228 242742 542718 894898 229095 302142 462988 445840 394196 205519 572044 394440 484727 586004 394557 458239 511896 883978 237120 508968 280634 624481 765135 257620 328022 739946 574555 448573 851303 294022 654031 553123 493625 911748 647299 402659 113833 546709 471063 864100 449532 595615 912391 185972 426521 404945 380679 501313 843315 924380 672447 54010 818256 666615 487520 1080795 888786 701678 554201 162397 659783 846957 129371 491078 767703 79952 228273
140172 248094 654919 404917 478225 422720 161174 232829 267215 372166 179367 365578 184452 425377 999999999 399127 766402 612345 495960 424964 247858 205225 504136 267306 227771 347543 584080 501010 654495 443283 163260 477212 156523 493539 278545 451257 477340 365724 500894 415794 415287 675402 446479 552106 36291 508967 651511 644515 181905 655355 535716 319816 103434 256263 220812 564496 285876 117901 319862 268853 78878 480951 374562 303360 359266 140438 691821 493841 313902 440013 375150 740829 460157 234938 288270 490065 464033 391477 231502 231808 705529 428988 588021 279334 380430 476911 526337 113623 868395 612389 619625 195380 274938 247854 425535 356676 442938 474931 393458 534518
358700 152745 497996 66584 275160 586285 268905 482681 350191 730323 537281 58763 551332 104646 399127 999999999 990474 800917 864504 444689 221351 358951 894343 606423 174699 442106 850636 895781 562019 372111 392719 860736 534826 274659 161306 605347 876434 126945 398700 528863 513596 498838 106716 648914 364397 564884 676146 498418 391521 609445 898486 143835 494251 322613 613458 815003 171856 324256 718987 502225 404088 857560 191393 662910 595511 493628 960756 702887 453848 41380 593446 575709 855231 478112 614090 870750 285899 491732 436792 414195 603857 827525 943310 617629 125918 833945 725548 438589 1134009 924008 772511 556639 187076 613853 804861 201734 558763 796077 167598 332559
906259 876797 750002 1039294 1198006 404245 897582 977293 1031727 481166 601303 932056 843990 929301 766402 990474 999999999 193875 477744 571147 775166 649900 869932 517575 899149 549355 195591 830393 651358 669661 642779 897288 814900 1208464 972192 386693 723341 1043402 686556 466440 484096 782366 1088324 381934 789562 469719 458534 732954 947241 576847 449627 1008354 692457 670283 647512 203071 988282 732150 710182 1011613 840744 515317 1083276 520150 415683 630150 131816 289866 537802 1024109 408295 777623 638673 548178 490378 916718 784812 502780 576025 593095 668231 688752 416215 927976 879865 438872 265031 861578 174835 266652 244482 592498 805793 865823 893651 800390 439290 350140 849957 805638
749103 693903 569382 851914 1018521 216110 728775 836239 870636 404043 465898 742266 719151 736681 612345 800917 193875 999999999 455570 377280 589176 470807 816983 394269 719920 358819 168066 782216 476344 476029 472323 833594 687443 1027928 793135 195571 681698 860332 494765 273756 290921 602323 900684 194220 630610 278721 294905 552008 794063 406600 444198 827540 553822 484051 537174 129509 810032 560774 627274 871812 690022 487353 903731 418868 253142 485635 222958 118672 352131 833510 238222 606756 599183 381434 365349 853204 591102 310499 401707 415602 500661 636725 434550 811887 687938 406317 86055 716568 358750 297732 69739 461997 618219 752250 817865 608170 245859 297830 657102 613623
618173 714588 889897 886288 973300 455498 657084 628404 740572 135397 328676 816977 471132 853623 495960 864504 477744 455570 999999999 621725 656018 523596 394465 260790 710382 540718 302465 353842 828911 707933 477110 426685 453462 989021 770770 469619 246214 857242 756352 519836 537115 921167 931854 568029 531227 604295 700613 873440 639156 781810 44403 812268 392901 581581 285020 328616 779998 540645 273897 655518 542180 38264 870416 201595 359692 372830 350175 390330 496846 905548 382469 956094 162195 411180 260287 445580 796206 533682 456673 481096 869871 217271 102247 525032 800125 51116 411818 540895 484170 215745 514657 309592 692479 464620 432849 739788 518794 159480 791663 851470
523871 374366 271995 503674 694420 188880 464424 649752 617710 499197 393053 386678 598246 366782 424964 444689 571147 377280 621725 999999999 265385 219878 846091 393719 414327 90572 474892 826221 237367 100848 266259 838222 565812 699905 481950 193830 756319 529236 136711 115002 95164 301725 550055 205392 421019 120351 246829 256629 575699 230400 637961 507062 435419 181100 503683 430920 500822 318258 631016 684545 496639 634428 584058 457318 263592 374985 573765 306881 137822 471887 243944 347335 695974 247561 378723 855359 214520 89551 216689 203683 287369 701417 661900 698143 322704 574823 317940 536644 731981 583474 336234 405397 281798 655139 799078 243440 135017 490626 286966 246815
291202 109951 429608 264426 435314 373072 213309 427940 362338 520672 337015 166401 430177 198318 247858 221351 775166 589176 656018 265385 999999999 138360 747360 395331 149145 234804 629780 740322 453546 233829 178910 723469 403968 442786 217024 394828 701859 272745 284586 323986 311774 445066 313575 455861 224106 381439 511975 422251 341418 476473 687249 244801 317899 105141 429784 594959 235768 136394 549372 459036 293006 653098 322268 455901 374411 296243 740212 485810 237534 259579 373290 516373 667463 257994 399519 736939 221263 287560 215722 192882 503148 649274 729178 519246 145894 621770 510376 335370 914394 703253 567983 356132 36547 494460 672890 108852 355094 577028 148510 291836
310467 228171 458867 397432 548536 258046 265976 431238 416747 388376 219008 304737 382264 331456 205225 358951 649900 470807 523596 219878 138360 999999999 660403 263368 249569 147763 495354 647093 450430 245736 57234 644592 350734 558656 322769 283735 594725 394170 303967 227966 222546 482235 446476 367347 201981 311356 453009 447015 361613 450268 552854 358456 230481 64661 324060 462666 339381 102714 450819 466449 277194 523576 433712 326656 240120 185322 606355 360370 125823 397733 242473 543131 550610 119650 264383 660240 293586 197335 78096 57225 501398 540384 592952 481045 277564 487027 387935 316833 782061 565104 459977 236710 174381 441759 599862 217073 258240 438787 268252 359853
547266 748543 1111667 886573 885484 738234 628810 468512 625865 413377 453392 867108 345975 929358 504136 894343 869932 816983 394465 846091 747360 660403 999999999 466061 719656 755541 684992 42895 1081505 901557 603246 54331 359595 904166 750055 762026 149349 831363 958927 778710 789685 1137760 919957 875213 535156 879005 1005095 1098034 534135 1056047 429292 786606 432998 724357 342582 701246 749742 611181 215213 475382 490791 356259 814334 414562 633534 477295 744260 723355 708604 933705 660119 1191949 232270 598560 489640 64621 951177 775027 631922 649501 1129816 182183 477704 311963 884413 431081 752858 459795 873376 610204 864141 440709 777274 288745 106761 854521 791652 528053 895347 1019302
405027 458877 665466 632291 739706 272837 421447 460649 532685 125394 88592 557397 328304 592833 267306 606423 517575 394269 260790 393719 395331 263368 466061 999999999 459922 304907 326272 440769 622562 466926 216438 468510 298113 753866 525281 297700 363439 609686 520249 314050 326419 694474 679192 411780 298096 413383 539764 650304 439500 591673 292411 566318 178054 323071 144609 315173 536775 285030 254362 494512 333086 260401 630779 65542 169597 127872 429679 281596 257701 647161 195842 740386 302872 156733 28921 487312 544315 314388 200863 224562 669195 308850 337239 418165 539352 227535 314692 348005 604325 345137 424134 75995 431825 358054 441071 480219 325686 207735 531621 604060
191284 48470 559814 177857 298975 505480 99201 324421 224012 579306 381999 154060 377355 226771 227771 174699 899149 719920 710382 414327 149145 249569 719656 459922 999999999 376375 738827 721231 595651 378272 262044 686424 360187 309361 73226 529768 704408 150530 424625 464828 454585 570579 221715 600408 192087 529119 661047 554826 231965 623456 747194 110141 327134 244141 446572 708894 90390 177100 546701 349483 229757 699685 184166 510274 486269 337853 850045 609869 369817 214481 491056 645299 687416 356492 472603 696732 340148 429623 323618 306079 644025 656655 795679 447998 198387 684614 637472 265576 1027045 794879 705532 400903 141225 440455 630865 221220 496072 661018 229875 406194
458222 343471 360790 494095 669776 145675 409647 577444 562124 414431 302642 383447 514547 381523 347543 442106 549355 358819 540718 90572 234804 147763 755541 304907 376375 999999999 426287 735679 327033 167308 184914 748016 481667 677533 448151 163260 666591 507521 216806 89190 78311 389574 542598 224618 348381 163597 305494 345901 509366 312958 559948 478718 348321 132298 413189 385579 466273 250409 540450 612940 422604 551055 556080 369237 189935 285883 531931 265905 47490 474907 175595 437626 607693 156993 291474 765256 265076 53249 127920 118159 376488 611627 588055 614966 330946 495488 285375 460849 699360 523293 333448 314838 261048 569652 709473 252159 120349 418686 303344 312916
724191 722909 705902 892573 1034732 286883 724813 786908 851200 286503 412504 793900 650011 803903 584080 850636 195591 168066 302465 474892 629780 495354 684992 326272 738827 426287 999999999 647061 621728 575367 477080 708807 621562 1046681 810574 281941 541917 887439 606887 360112 379891 739023 941685 335437 610146 404325 454003 688420 762438 558072 284138 848968 503499 528631 452363 46188 825304 564971 516191 820643 655586 337672 921110 324805 255515 444874 111235 168809 401252 887458 257792 753667 457324 382335 300311 728384 685723 390954 417707 438427 652116 502823 268313 732696 751399 257204 166671 673484 288456 130378 236166 402065 663563 670450 701858 675237 341683 157913 727695 721498
554843 747796 1093941 891192 899893 711332 633096 485383 640305 379907 435358 866044 353362 926118 501010 895781 830393 782216 353842 826221 740322 647093 42895 440769 721231 735679 647061 999999999 1060241 885423 589863 91716 363238 918402 755445 734378 107809 838320 942310 754626 766355 1120736 926234 846847 533478 854133 977699 1079927 545598 1032266 387783 793024 423310 711501 325021 664668 756207 603932 196825 495086 494409 315749 824496 386245 606191 462388 703952 691247 688427 935699 632796 1173054 191844 578846 463053 105481 939586 752689 614116 632728 1107966 145537 435505 331088 879809 391846 720105 466130 831272 569443 830983 421432 771361 300522 134346 846318 766265 490842 888756 1006854
738308 548924 105607 628304 835539 373440 666475 870650 815545 717160 629457 513351 832361 460830 654495 562019 651358 476344 828911 237367 453546 450430 1081505 622562 595651 327033 621728 1060241 999999999 219983 500932 1074977 800417 836298 651781 361320 985875 674703 171236 312250 297398 134823 666191 286741 645897 225832 195990 91290 789895 77653 837991 665964 672277 399755 739718 575600 670597 541452 866293 904111 721664 846963 737286 683617 472444 612346 698495 461044 373286 574322 447888 131956 920848 483411 604240 1092271 276141 308201 454046 440645 51040 931398 851971 931457 439422 779237 455563 763091 825624 746824 411531 641046 454468 890631 1036370 380392 310156 682445 396801 240155
519090 332772 213161 435379 636085 288787 446516 652679 596124 580549 450363 316905 625414 283203 443283 372111 669661 476029 707933 100848 233829 245736 901557 466926 378272 167308 575367 885423 219983 999999999 301206 888415 594719 639312 438236 294663 823668 471488 58235 215255 195483 236884 478826 295868 431125 206249 304138 201697 570509 246286 727178 456658 475689 187276 560402 531603 457252 327110 688632 685632 506307 717647 531154 532172 355269 424316 674612 407627 211652 393981 338148 298016 769253 312094 456038 904498 115240 186306 272411 252756 270063 768640 754382 722470 246348 662792 418693 548327 832108 682017 431264 465334 237324 686271 844944 173571 235809 584101 206089 147753
284519 250685 514016 424204 557997 268446 256529 395136 400319 341762 163689 341875 332019 376747 163260 392719 642779 472323 477110 266259 178910 57234 603246 216438 262044 184914 477080 589863 500932 301206 999999999 587884 299716 569683 333497 296196 538347 411676 359339 253552 252236 538037 472486 391376 168479 345707 488251 501741 333661 495696 508560 372130 174499 121727 267113 448414 348315 89376 393636 430977 240036 474670 444088 277342 227210 128363 588243 356926 150881 432909 235774 597584 496059 95182 221699 603687 350495 228260 72500 68657 551677 484185 551428 431894 323539 443242 387097 276867 765471 535436 469936 181960 215390 389700 543760 269074 281632 404396 318592 417047
508871 717634 1100138 849839 840239 741277 593210 422434 581122 429895 445565 836168 309593 900600 477212 860736 897288 833594 426685 838222 723469 644592 54331 468510 686424 748016 708807 91716 1074977 888415 587884 999999999 326918 859029 712929 766165 188184 792548 946263 777220 787025 1125234 881587 880124 506362 878357 1008075 1087052 492247 1053275 464086 748403 414604 707640 335939 721980 711597 588226 214152 427161 456690 388482 772689 422346 637813 465005 774059 735254 701742 899451 664214 1181870 265987 591699 493829 19647 932080 770963 622207 638283 1124036 209734 515049 265198 857279 459335 765820 423197 909397 641752 877498 434754 751964 248936 58299 831612 792100 550969 870438 1001102
194292 390727 807512 528000 551283 526698 269902 175480 298538 358086 221775 509250 33426 574273 156523 534826 814900 687443 453462 565812 403968 350734 359595 298113 360187 481667 621562 363238 800417 594719 299716 326918 999999999 569006 392243 555165 362758 475707 652790 536759 540299 829112 563195 664837 181487 635777 776727 796414 196497 794363 497334 430149 139594 407633 176326 613091 393405 273667 211098 204937 131352 428064 465943 300892 441828 210062 719888 570698 441520 574111 463665 892733 369639 342537 326240 338195 620429 518726 355735 363590 851244 323703 554446 133872 532255 450663 604265 104919 889291 616781 708593 225821 429720 91848 272685 512818 560082 484426 548035 690839
377914 334653 771860 208132 18997 812498 333346 436703 278324 865248 669281 324022 569664 378228 493539 274659 1208464 1027928 989021 699905 442786 558656 904166 753866 309361 677533 1046681 918402 836298 639312 569683 859029 569006 999999999 236553 835758 931419 170861 670928 766723 754498 771197 175700 897641 459096 819458 940626 772762 374603 881393 1029182 200411 596160 546321 708068 1017743 221379 481898 779319 436120 451925 972296 125602 796112 795365 626671 1157772 919024 676298 269394 800417 847775 935195 664715 770326 863229 560189 730346 632933 615370 878498 892368 1081504 593937 397501 970297 946240 465179 1335117 1096060 1010264 686737 419555 617918 800783 465753 797861 959982 440057 606467
204522 107623 607609 136981 225831 578580 123155 322135 191723 641927 444253 166648 404148 242742 278545 161306 972192 793135 770770 481950 217024 322769 750055 525281 73226 448151 810574 755445 651781 438236 333497 712929 392243 236553 999999999 602719 747704 87180 480676 536910 526185 615300 171289 671572 242291 598452 727954 604221 232041 684496 808853 41505 381351 315863 499331 781247 19048 246635 590404 340956 261534 757944 111098 572602 558814 400459 921739 683018 442787 193836 564008 691380 737282 428373 539570 721562 386336 501382 396431 379189 698820 702380 858791 461902 229759 747438 710688 290273 1098941 863682 778326 462680 202312 464122 655858 271848 568163 728813 267978 447902
580382 501139 433056 656652 827039 28713 548143 683077 695800 367275 340400 546702 588446 542718 451257 605347 386693 195571 469619 193830 394828 283735 762026 297700 529768 163260 281941 734378 361320 294663 296196 766165 555165 835758 602719 999999999 647918 666987 325013 81091 100132 465765 705335 114232 462964 135512 243329 415816 628692 312331 476911 635711 415649 289955 437276 237402 620155 380519 552016 719162 530113 490150 712525 348133 128532 345103 380022 113294 159951 638084 102005 491136 575342 217367 272628 785003 407201 116383 223710 232268 400582 595553 491127 687326 493183 419323 125359 562406 541064 396003 176266 343942 423077 633093 738032 413708 59757 321132 463567 439811
556516 724775 1027300 879865 913535 626633 624658 512470 657505 284457 376317 840779 362757 894898 477340 876434 723341 681698 246214 756319 701859 594725 149349 363439 704408 666591 541917 107809 985875 823668 538347 188184 362758 931419 747704 647918 999999999 833480 879034 675787 689103 1055560 918754 758294 512465 772913 890622 1012492 557324 952560 280037 787370 385973 659283 272589 561458 751173 567264 157731 529046 487913 208226 827986 302917 521431 410331 596387 595899 619113 917352 547824 1103465 84801 512160 382095 205642 888085 677779 551423 572222 1032132 55047 328539 370224 845683 285492 623397 467451 724085 461698 733174 359730 735248 324307 210556 803762 684472 387122 849696 952858
284099 166649 618083 71886 165365 644401 209007 388970 240622 727670 529995 162562 485576 229095 365724 126945 1043402 860332 857242 529236 272745 394170 831363 609686 150530 507521 887439 838320 674703 471488 411676 792548 475707 170861 87180 666987 833480 999999999 506410 596685 584118 621163 89393 726868 329467 648653 770992 617148 303824 715725 894984 46213 468479 377073 586509 856320 82412 327628 676459 402552 346103 844826 64935 658416 633498 486027 998669 753549 508220 143324 636640 698087 824235 505391 622924 800320 400297 560138 470451 451351 718948 788727 944415 536416 236148 833145 779791 372207 1175242 945380 840706 548599 248712 543695 734954 298233 627750 811518 278504 453441
573131 377734 154930 464039 669097 323604 497894 707750 645460 631208 507018 346912 683381 302142 500894 398700 686556 494765 756352 136711 284586 303967 958927 520249 424625 216806 606887 942310 171236 58235 359339 946263 652790 670928 480676 325013 879034 506410 999999999 249850 230178 178981 504707 305883 487959 216886 288209 143685 624241 210753 773759 495720 533836 245213 617341 562008 499528 384272 745599 740277 562837 767621 568106 585145 399755 481844 701868 438094 263057 415669 380586 240031 823038 366915 508008 962423 117778 226247 328532 309618 219455 823987 798489 780179 273598 710139 445324 605004 853276 718745 443835 521622 283554 744385 903030 209820 265257 627294 231257 119110
535789 432592 370730 582227 758934 73939 493540 648407 644712 404961 336039 470106 570147 462988 415794 528863 466440 273756 519836 115002 323986 227966 778710 314050 464828 89190 360112 754626 312250 215255 253552 777220 536759 766723 536910 81091 675787 596685 249850 999999999 19839 402531 630506 139410 421755 101580 240031 354038 585987 277648 532456 567824 398429 221118 442025 316489 554919 329709 564543 684328 493423 536012 645153 372898 160789 330218 460415 192744 103459 560472 137378 436709 608981 195025 293712 795384 326640 37138 184686 185167 356887 621761 552706 670571 414237 471219 206450 529227 622140 468965 244623 343978 349777 620565 743808 334421 31254 381137 383532 361816
532143 421018 352920 567905 747072 93763 486862 647347 638816 420581 343959 454838 573610 445840 415287 513596 484096 290921 537115 95164 311774 222546 789685 326419 454585 78311 379891 766355 297398 195483 252236 787025 540299 754498 526185 100132 689103 584118 230178 19839 999999999 384502 615958 146383 419547 95490 237108 336365 582770 266431 550453 556255 402874 210448 451317 336183 544378 325030 575056 683149 492229 552622 633681 386454 177542 335719 479882 212343 101387 544586 154974 420308 623452 200550 307105 805020 307179 25389 185736 183579 343033 634852 571434 674170 397670 488803 225385 528897 640907 488718 258989 352811 336352 625317 752526 317707 45349 399858 366195 341979
736185 522133 33147 564963 773245 472082 654625 872986 794590 800719 685378 459394 859094 394196 675402 498838 782366 602323 921167 301725 445066 482235 1137760 694474 570579 389574 739023 1120736 134823 236884 538037 1125234 829112 771197 615300 465765 1055560 621163 178981 402531 384502 999999999 596189 408996 659863 334953 330321 50642 785978 212475 934932 621378 712480 421881 795898 692894 633138 557763 924142 904015 733407 935279 685854 758607 561515 660789 822260 573311 436887 502259 539473 76934 997189 543651 680297 1141365 230444 387753 506644 488294 142318 1000533 954529 954536 387848 873203 572458 775875 955890 860082 540037 699618 435109 920902 1081797 349687 408868 783130 347635 168143
372849 221858 597822 49180 179961 685011 294430 477737 326573 800111 603262 163465 574018 205519 446479 106716 1088324 900684 931854 550055 313575 446476 919957 679192 221715 542598 941685 926234 666191 478826 472486 881587 563195 175700 171289 705335 918754 89393 504707 630506 615958 596189 999999999 753459 410245 670380 782842 599399 393194 715353 968251 133351 547797 418089 666872 907929 170216 394245 761309 490245 432762 921399 131131 731303 686215 559093 1052531 799281 550529 93937 686411 672601 906518 563016 690100 889509 390561 593397 524439 503265 706809 872958 1015960 625804 232598 905184 823343 460377 1227483 1007833 874893 622275 282621 632676 824079 307897 660851 876454 274006 432766
674748 565634 375940 706318 890840 140759 632691 784931 784091 475329 453192 590531 698233 572044 552106 648914 381934 194220 568029 205392 455861 367347 875213 411780 600408 224618 335437 846847 286741 295868 391376 880124 664837 897641 671572 114232 758294 726868 305883 139410 146383 408996 753459 999999999 559852 89933 133250 358501 724669 223319 570034 700662 525293 356353 551420 289439 689912 469086 665999 820958 630371 591815 778129 460800 242311 455176 413349 181352 242613 677014 215944 418540 683630 323215 386361 899011 410369 171706 320701 323564 316975 706677 576568 797830 527960 517004 170476 664979 551808 462179 138057 457473 478206 744795 852262 448415 109860 412655 492304 424910
118544 214415 640718 368893 444072 434758 125988 229278 242166 406160 211260 332567 206293 394440 36291 364397 789562 630610 531227 421019 224106 201981 535156 298096 192087 348381 610146 533478 645897 431125 168479 506362 181487 459096 242291 462964 512465 329467 487959 421755 419547 659863 410245 559852 999999999 511492 653788 631062 165727 651008 570634 283591 139333 246142 257095 588717 249811 104452 354823 264609 75876 516729 339196 337079 378432 170281 718863 512644 318591 405108 392482 727136 496323 249916 317628 518544 443590 395047 240007 236588 696903 464575 622475 296054 351118 511220 544575 117296 895941 643096 634289 228108 248452 270776 453444 332686 450084 505794 366619 514287
621799 491247 301889 624022 813605 149413 570932 740190 724008 497087 437598 506973 669081 484727 508967 564884 469719 278721 604295 120351 381439 311356 879005 413383 529119 163597 404325 854133 225832 206249 345707 878357 635777 819458 598452 135512 772913 648653 216886 101580 95490 334953 670380 89933 511492 999999999 142544 284444 672963 180032 612364 625141 498315 288100 543449 358275 617151 413964 665313 775830 585135 623678 702403 470239 252445 430874 491595 238530 195666 591483 226665 356096 703657 295608 391679 896600 320496 117777 280857 277250 265585 719372 626278 769647 442198 554264 238086 622566 637470 525408 227218 445523 400410 720731 845328 363389 88467 456616 405337 335994
763145 620338 299584 738844 936317 266963 709248 882637 862605 608253 573413 620360 810099 586004 651511 676146 458534 294905 700613 246829 511975 453009 1005095 539764 661047 305494 454003 977699 195990 304138 488251 1008075 776727 940626 727954 243329 890622 770992 288209 240031 237108 330321 782842 133250 653788 142544 999999999 283590 814507 119220 701356 751566 638447 425251 676020 409290 746901 555346 794013 918237 727615 724872 827981 591459 371619 569970 517292 311654 338032 697843 345017 319149 816593 434948 515472 1026733 405448 260184 422844 419773 209754 838603 705303 910563 550471 649532 295912 765110 633323 583619 226218 579705 526482 860475 977994 476000 218804 544176 510087 397172
712988 506712 17495 564985 773569 422757 634473 848717 778289 754409 644859 454587 827058 394557 644515 498418 732954 552008 873440 256629 422251 447015 1098034 650304 554826 345901 688420 1079927 91290 201697 501741 1087052 796414 772762 604221 415816 1012492 617148 143685 354038 336365 50642 599399 358501 631062 284444 283590 999999999 763572 167858 886464 613606 676144 388887 755622 642285 622537 527676 883712 880644 705617 888252 681209 713932 513764 622070 771705 522881 393381 505979 491274 96346 952588 501537 635229 1103512 218292 340823 466136 448892 112908 957525 905276 923825 381316 825151 521839 747901 906199 809701 490142 658498 416122 887964 1044853 333944 359356 734007 339540 166668
51892 276939 771023 366863 356501 600477 134825 92525 102526 529114 351195 383863 195066 458239 181905 391521 947241 794063 639156 575699 341418 361613 534135 439500 231965 509366 762438 545598 789895 570509 333661 492247 196497 374603 232041 628692 557324 303824 624241 585987 582770 785978 393194 724669 165727 672963 814507 763572 999999999 802968 681922 262120 262155 395414 354306 744781 226355 259167 407580 118929 106853 617119 280460 463824 541077 317721 868497 675640 482556 425738 556471 857775 565927 414847 463259 498803 558571 557906 405584 401105 840376 519974 737622 232664 429530 629442 708026 98270 1043793 780848 799636 364039 352014 245581 434139 439531 614815 643988 457982 627748
751079 578666 182910 674766 879228 328935 685818 879225 837747 677016 609058 557396 827098 511896 655355 609445 576847 406600 781810 230400 476473 450268 1056047 591673 623456 312958 558072 1032266 77653 246286 495696 1053275 794363 881393 684496 312331 952560 715725 210753 277648 266431 212475 715353 223319 651008 180032 119220 167858 802968 999999999 787618 702608 661088 407706 717410 512275 703518 547607 841486 913728 726750 802402 776459 649712 432478 597097 629512 403060 355682 625675 406661 201146 883686 463678 570835 1071175 326053 282613 440435 430808 94282 898824 797635 927335 484287 731340 393795 766957 751477 685458 339953 618709 483099 882610 1017899 417673 268427 630648 442001 302105
659957 749675 903185 922188 1013663 465184 696613 672422 783058 168344 365216 849807 515329 883978 535716 898486 449627 444198 44403 637961 687249 552854 429292 292411 747194 559948 284138 387783 837991 727178 508560 464086 497334 1029182 808853 476911 280037 894984 773759 532456 550453 934932 968251 570034 570634 612364 701356 886464 681922 787618 999999999 850315 433115 609006 327618 315177 818548 575526 317846 699716 583977 78353 909740 236954 374434 409345 319707 389714 517563 939341 395536 966725 198140 437774 288471 482669 819135 548978 483329 507892 877341 256009 57850 569334 830233 65980 408215 583705 445330 183818 506388 346438 723787 508995 473017 767696 528865 157389 820057 872298
239567 135253 615846 105241 191347 612225 162818 349539 207810 683316 485630 163708 440668 237120 319816 143835 1008354 827540 812268 507062 244801 358456 786606 566318 110141 478718 848968 793024 665964 456658 372130 748403 430149 200411 41505 635711 787370 46213 495720 567824 556255 621378 133351 700662 283591 625141 751566 613606 262120 702608 850315 999999999 422740 346877 540547 818920 36864 286298 630297 365381 300198 799432 77467 614003 596219 441792 960186 718771 476070 170101 600562 698024 778054 466633 580281 756504 395367 531779 433397 415326 711786 742530 900164 494121 233530 788825 745855 327056 1137176 903887 810644 504095 225319 499470 690990 285907 599040 769343 274325 453257
231039 341583 688502 504980 580558 387149 264537 285095 357917 271671 91190 455721 172959 508968 103434 494251 692457 553822 392901 435419 317899 230481 432998 178054 327134 348321 503499 423310 672277 475689 174499 414604 139594 596160 381351 415649 385973 468479 533836 398429 402874 712480 547797 525293 139333 498315 638447 676144 262155 661088 433115 422740 999999999 293066 119527 489394 389141 181973 231601 319895 156718 377518 477916 203996 304558 70625 607727 435885 305926 535535 325452 771867 361077 203599 203188 429966 518323 382119 220659 231740 722634 334950 486150 272704 460192 375450 469360 170046 782184 519013 571423 102160 350208 222473 369392 423060 421052 381940 466386 586855
343526 211759 399879 369024 538135 267942 284025 472230 437397 446994 283320 265363 438170 280634 256263 322613 670283 484051 581581 181100 105141 64661 724357 323071 244141 132298 528631 711501 399755 187276 121727 707640 407633 546321 315863 289955 659283 377073 245213 221118 210448 421881 418089 356353 246142 288100 425251 388887 395414 407706 609006 346877 293066 999999999 388715 492436 333975 141700 515359 506386 321924 583403 424125 387431 274530 249970 638376 381250 132499 358867 271030 485230 614272 171332 321332 723024 228931 185542 125893 101319 450762 604883 646673 535265 226790 543029 405382 363359 811406 608499 463943 300777 135959 499301 661998 158776 252367 487383 211526 295356
333808 460725 769406 624387 691777 410914 380185 350896 455555 181763 110814 573798 200862 624481 220812 613458 647512 537174 285020 503683 429784 324060 342582 144609 446572 413189 452363 325021 739718 560402 267113 335939 176326 708068 499331 437276 272589 586509 617341 442025 451317 795898 666872 551420 257095 543449 676020 755622 354306 717410 327618 540547 119527 388715 999999999 448835 506262 296477 128258 381208 257925 264872 592771 127726 311251 138757 546703 425986 366475 654780 336731 849381 241783 256337 173161 353765 617596 435026 289498 307731 788479 219515 383446 280504 574374 276517 458930 256110 714013 440577 568709 98836 463681 218589 302117 531175 458271 309466 577285 683698
704578 690805 659769 858757 1006323 243915 699978 774285 830709 293798 398252 757750 642730 765135 564496 815003 203071 129509 328616 430920 594959 462666 701246 315173 708894 385579 46188 664668 575600 531603 448414 721980 613091 1017743 781247 237402 561458 856320 562008 316489 336183 692894 907929 289439 588717 358275 409290 642285 744781 512275 315177 818920 489394 492436 448835 999999999 796501 537249 522973 808684 638139 361838 892155 322994 222825 427355 146613 124112 363042 851161 221677 707546 477635 353235 287639 741622 642793 348259 385870 405467 606249 519389 305337 729051 713086 280587 120493 658539 319562 174329 195063 389678 628040 667396 711402 636079 297036 174373 688173 677209
