NAME : synthetic_000320
TYPE : CTSP-D
DIMENSION : 100
GROUPS : 8
RELAXATION_LEVEL : 1
EDGE_WEIGHT_TYPE : EXPLICIT
EDGE_WEIGHT_FORMAT : FULL_MATRIX
EDGE_WEIGHT_SECTION
999999999 630968 815906 226668 688651 1113703 811290 625169 703769 48183 554341 279590 789811 870336 828691 872241 295129 83236 622484 663904 792681 745395 714976 357760 1105839 699431 82233 845321 916499 624526 367419 408616 768961 310795 787872 1058788 253091 604139 925479 767613 137698 748151 822719 880102 601313 925303 480279 420778 658614 698358 107890 714663 792862 305929 9277 495061 780201 245147 279197 665306 197491 692549 936364 780498 85396 238502 470632 605017 1001498 625044 984994 686908 942965 348735 578788 1110505 1016079 466956 30825 629706 503527 587684 498856 149163 216328 537655 839125 80371 371822 416768 704916 780104 774769 192526 628702 739151 886903 236435 344742 596568
630968 999999999 706099 795078 86767 748293 305778 618998 119578 657695 92189 365746 245419 1008713 326477 571241 358225 664442 69464 804837 918096 851107 150110 449122 737740 415734 699657 760994 470283 122976 672276 243559 148084 373837 774265 821039 686011 948239 805175 615507 767749 829169 443505 937056 221834 714596 192171 529104 898787 177660 687955 1001757 729939 823345 622640 356977 862721 776503 387289 204073 496810 355386 530565 151601 617696 622407 176385 126696 684631 970295 636367 430619 834190 788430 65744 808079 602531 843992 657054 321672 758908 73475 132132 481818 488358 93326 1069823 615638 775377 270661 74045 206086 1039978 468539 32765 119276 771874 816757 311551 181193
815906 706099 999999999 780269 786287 407995 514005 192958 820496 796885 737376 639716 569070 384060 508423 239390 619992 769425 769528 298592 317712 269305 606246 473328 405894 295960 892998 55959 433972 584056 499690 763025 699531 574471 120046 261250 625036 562582 113782 91375 911534 236290 347427 271565 484655 144828 578910 395158 429493 883759 923359 523716 57009 725212 807946 404514 249873 730095 810188 512572 629033 359979 381718 733649 736527 598000 618890 579549 291004 573041 321052 277155 137860 630018 731810 346354 415427 568907 816685 384427 428500 639567 681802 746086 610638 686412 506215 871830 589670 816381 732540 612522 521648 818905 673812 691068 74627 804437 602912 525541
226668 795078 780269 999999999 864637 1135775 913346 590133 884982 179049 731631 429790 907415 734376 927538 896735 436942 150707 801138 557201 670801 638277 848519 408630 1129526 749138 235216 795594 986060 759154 280689 601778 918658 428110 720484 1039292 158842 421621 878075 756189 192119 650409 881281 772976 708704 910641 617840 417293 510874 891579 285904 540791 743476 93604 229046 563309 676740 51819 490940 778540 299242 761583 989512 936300 187328 206614 621104 739515 1016066 439426 1012632 730218 889246 176810 752933 1109789 1064090 294349 197467 705731 384536 738983 666275 342630 310063 703979 673269 301392 215128 621078 868182 908971 602698 410911 785502 890031 842583 25707 484866 716234
688651 86767 786287 864637 999999999 799840 352120 704869 34224 719016 134503 435265 285603 1094768 371555 638657 430245 728903 66609 891545 1004294 937298 200244 532485 789163 492902 752658 841593 518396 202727 754993 284787 150740 450751 857966 887898 762679 1033152 882716 695225 823430 915049 506458 1021565 304449 786893 275781 614774 985349 104312 736182 1088083 812187 897945 680766 443743 948421 849029 428624 276640 569030 430717 583633 134413 683284 699372 255154 209926 745632 1055316 694470 509497 911989 867415 111725 867398 650649 926845 716183 402592 844489 160242 199068 540208 562121 163024 1156588 665137 855994 297453 66554 238353 1126613 514857 115552 132518 850407 885411 386272 264529
1113703 748293 407995 1135775 799840 999999999 447745 562000 829204 1108033 819878 871072 515004 760032 428618 242038 850614 1088631 817250 706445 712173 672962 601722 757348 10713 418662 1195698 432197 281778 640031 865313 914292 660691 816912 522322 213245 976979 969870 381999 390344 1231972 640439 317805 635571 581352 265351 722223 719730 837430 903338 1214208 929661 463887 1096980 1104701 622773 647707 1089520 1013724 556005 916216 443974 217748 690354 1047078 934732 757781 648463 121862 980831 129322 427926 399790 1007689 801779 113413 151444 964715 1123199 506869 822995 710083 795964 1005015 897415 779964 896813 1150319 969785 963462 733550 564063 922372 1054475 718210 670131 390033 1161235 813430 612331
811290 305778 514005 913346 352120 447745 999999999 512434 381561 822669 386335 534028 68363 878851 21003 312233 516914 816155 373199 715032 796692 733276 156065 506617 437063 238542 890811 569010 166360 215414 703912 507447 216582 502640 614620 552248 769986 927238 587534 426792 946161 703995 176125 780003 210143 470762 340774 534159 836472 455622 894026 944101 556047 910536 802066 354266 731182 879651 632601 148250 629869 184676 232486 248633 768563 710712 364865 230153 400979 946151 346613 264251 617121 846083 364761 519414 298811 859284 830287 218061 737824 281942 380393 673630 614238 355037 975145 822578 819572 549763 285805 118491 966011 695267 278213 222991 562687 938314 468573 218216
625169 618998 192958 590133 704869 562000 512434 999999999 738407 604699 628027 471725 549605 390034 514736 339962 453429 576735 673586 202728 300180 233313 555612 294462 557387 274918 701251 220476 494407 506480 310785 620808 652310 405940 178552 449237 433484 433323 300340 171869 718615 210184 386882 324627 404836 321091 457122 205947 326246 791946 732921 433304 168540 540325 617417 271161 243858 540724 644975 455418 442854 329142 466542 684533 544678 405048 494453 496046 440139 449216 450189 248884 318171 447890 628854 522412 525031 404852 624867 319300 264057 546514 562719 564780 425018 576700 466342 683855 408987 672861 662351 582488 453600 642701 589349 636268 261936 614703 446114 442342
703769 119578 820496 884982 34224 829204 381561 738407 999999999 735699 153435 456833 314283 1128214 400598 671457 453001 747026 84069 924247 1037642 970651 231866 561112 818510 526988 765500 875810 547492 236938 782929 296549 173926 475815 892065 920454 786908 1062682 916766 729422 837286 948590 538645 1055546 338584 820364 305242 645210 1016888 74333 746988 1119189 846393 920874 696109 476187 982049 870915 438282 310533 591329 464687 613690 152506 702054 723860 282297 243941 777154 1084939 725444 543677 946058 892862 134125 898468 679420 954766 731873 436814 874729 192841 222536 556229 585212 188553 1188977 676739 882456 303340 96262 265958 1158303 525865 149332 159492 884534 905272 410548 298577
48183 657695 796885 179049 719016 1108033 822669 604699 735699 999999999 584515 298029 804949 833504 839374 866045 311317 37314 653375 630801 757833 712768 733823 350773 1100491 697672 97790 823724 920650 643109 333156 442951 792339 320029 762582 1044192 212920 559623 904750 753147 125546 717149 823846 848147 612602 911118 498400 403321 619030 733845 138592 671635 771013 257827 50000 495334 748398 197110 319499 678597 196386 695216 936849 805565 61343 207163 492315 623427 993789 580230 980035 683591 921093 303428 608152 1099979 1015748 422842 24158 633491 466914 610563 525743 179730 214158 564489 797585 127186 328369 454959 731739 798064 732167 235250 653361 762724 866583 189961 361568 610986
554341 92189 737376 731631 134503 819878 386335 628027 153435 584515 999999999 303495 330580 1013305 407317 627788 300195 594647 69511 801766 921831 855314 234485 418612 809492 458864 619329 790640 546901 179997 637164 154736 239749 325416 793440 876025 634838 921098 842049 649047 689515 836199 507488 951556 259389 762278 172807 509436 884981 175574 604459 984433 754844 767836 546404 357437 870859 717547 299485 264747 438148 403924 602714 240018 549266 572109 140632 173624 747732 943646 702894 469522 870271 742060 27064 872084 677801 808534 581747 358737 736581 110173 73201 405757 432443 51548 1062502 532830 733243 178559 158852 295002 1026868 383527 110514 211319 806738 752047 259368 219991
279590 365746 639716 429790 435265 871072 534028 471725 456833 298029 303495 999999999 510341 812663 552076 635828 20699 300497 372770 591616 723201 661929 436125 182308 862265 452694 357385 681921 649712 345478 360175 195575 495309 65858 650138 851862 334536 649567 753492 570544 416680 652267 564241 782418 325250 720248 200901 285149 642863 470548 360468 730952 633898 464653 270525 252805 687803 414084 173312 386878 134921 432559 677936 510095 253033 273481 194960 325869 767713 672506 741937 446110 776641 445089 323719 885367 758862 525148 301525 368367 481739 313620 236536 140283 131072 274199 829463 289937 441489 234951 439271 500848 781446 185366 358091 465901 714321 451139 65519 317602
789811 245419 569070 907415 285603 515004 68363 549605 314283 804949 330580 510341 999999999 925326 86427 377185 494818 801462 310867 752012 840903 776181 96128 506699 504304 282242 867485 624664 233239 172408 714614 461454 148264 486651 664545 619597 770108 952081 647919 479866 926389 748065 240508 830928 199097 534606 310983 546962 869100 388513 867039 976713 608079 911627 780698 360599 776795 876820 593124 128883 616479 221622 300629 180583 753470 708936 328975 190134 469186 971820 414972 306621 677604 853056 307331 587774 365178 875687 810698 237933 760559 232302 333881 647627 602116 304651 1015425 794763 829194 500407 219080 50168 1002102 661201 220424 155149 621422 931865 445070 194015
870336 1008713 384060 734376 1094768 760032 878851 390034 1128214 833504 1013305 812663 925326 999999999 876793 623445 798132 797444 1061896 221060 91590 158041 941899 632095 760817 643134 927951 339839 816825 896363 503707 987016 1038570 751160 268149 561878 621372 345762 378042 458036 914641 180197 724171 124921 794464 502775 840763 528554 224113 1180409 972077 239457 331298 648512 865293 656288 148836 684501 980556 842101 737070 704375 765753 1071438 785387 633489 876083 886079 656720 340140 696961 618761 362063 557600 1015965 669339 795442 443453 857415 705394 366835 935953 945301 866032 723892 962494 145098 945417 520632 1036280 1052167 962868 197765 954073 979287 1024044 373577 751352 804874 832309
828691 326477 508423 927538 371555 428618 21003 514736 400598 839374 407317 552076 86427 876793 999999999 300663 534727 832279 393699 716964 795674 732875 176597 520010 417922 239915 908486 563003 146903 236201 714218 528150 233772 519408 611371 537704 782907 933090 578766 422488 963172 703160 165955 776055 227384 459756 360069 544240 839813 474774 912310 947334 551912 923080 819453 366741 729661 893160 652690 167466 645931 189717 214489 265158 784806 724158 384815 250735 384908 951720 329758 265894 608252 857199 385686 502202 279105 867782 847334 228192 744572 302908 401186 691896 630070 375997 975524 841029 830014 570642 305121 136008 967977 714685 299087 241574 554964 952605 486696 237319
872241 571241 239390 896735 638657 242038 312233 339962 671457 866045 627788 635828 377185 623445 300663 999999999 615188 846612 640207 513965 555057 501742 440754 515435 234734 185246 954129 286743 198185 451397 631007 699814 522297 579132 357658 249808 738239 767972 284186 179592 989934 468978 136682 508980 372148 159309 504539 479665 646701 742320 973526 748048 293571 862141 863279 384464 486811 851489 786413 367414 674766 226240 142350 555896 805061 694122 542807 454651 131896 781937 115899 189731 312888 775793 614331 252531 186286 744130 881349 282946 603923 518717 590793 766921 655913 582034 743259 910642 739368 751395 576307 426136 753133 820690 538844 521950 266505 922310 581123 409007
295129 358225 619992 436942 430245 850614 516914 453429 453001 311317 300195 20699 494818 798132 534727 615188 999999999 311751 368993 577189 708310 646493 422574 166463 841829 432168 373935 662581 630561 331853 353112 201992 484506 47858 631940 831261 335041 642478 733753 550291 431590 636180 544315 765806 307558 699717 187167 269855 631675 469952 378567 721363 614822 467901 285979 232107 671768 418952 191666 370304 138891 412613 658078 500397 263908 272890 184732 312151 747069 665398 721453 425465 757061 444014 319203 864673 738968 520119 316004 348434 471546 303289 231178 158966 132252 267987 817754 308579 438504 244374 431241 486758 770978 206064 348896 455326 694611 458893 50264 301439
83236 664442 769425 150707 728903 1088631 816155 576735 747026 37314 594647 300497 801462 797444 832279 846612 311751 999999999 663940 596250 722499 678355 733558 333039 1081314 681693 131329 794746 908442 642920 298590 457676 795766 314840 731657 1019104 176335 522371 876174 728524 144000 683450 809619 813938 606666 886429 498526 377997 582246 748676 174820 634327 741958 223956 82836 481660 714316 163015 341044 673991 186355 682440 921950 810437 48065 174980 495440 623170 973155 543024 961268 666553 891860 266291 617453 1077392 1000151 385544 61385 621748 431130 614116 533169 195076 202653 571683 760401 163405 291058 473452 738353 796896 694879 260204 658297 766391 838281 165040 361818 607534
622484 69464 769528 801138 66609 817250 373199 673586 84069 653375 69511 372770 310867 1061896 393699 640207 368993 663940 999999999 853952 970766 903912 217134 481040 806677 481902 686101 823975 538493 190067 701687 218220 195408 392540 833475 889960 703143 983448 870409 679488 757009 883267 512941 994586 285039 782308 227883 568222 942167 118523 669599 1043184 791238 836837 614659 406218 917376 786854 362255 272822 507266 422623 599574 187771 618680 640195 201409 190958 754083 1005848 705798 495699 899231 809569 51016 877542 670903 873396 650187 385678 796959 130082 139029 474274 501224 106982 1117016 598528 799796 232712 107560 268465 1083914 448282 101404 170538 836495 821555 326971 244138
663904 804837 298592 557201 891545 706445 715032 202728 924247 630801 801766 591616 752012 221060 716964 513965 577189 596250 853952 999999999 132957 82280 754082 411371 704107 477049 727571 284543 687212 698607 297691 767626 850418 530345 193218 546537 423990 264421 359387 334374 723693 94337 582793 218175 599003 442939 629007 307905 132914 972252 768782 235416 243802 482265 658086 448227 119768 505478 759710 654047 518878 531860 650843 881914 578510 425404 662654 686327 588160 274449 612421 451096 360775 385027 806424 641299 699466 293784 654135 519332 172666 731425 732020 648095 504979 751746 266633 735959 344245 816307 854023 783890 251020 735318 776971 832819 333151 577792 585044 634262
792681 918096 317712 670801 1004294 712173 796692 300180 1037642 757833 921831 723201 840903 91590 795674 555057 708310 722499 970766 132957 999999999 66997 854171 542020 711826 559328 853681 281356 743991 806639 425288 895977 950909 661133 197804 525776 547771 313514 335217 382754 845175 92845 647319 112049 705004 448694 749245 438492 174887 1089288 896296 230865 261802 589231 787193 564953 68271 619801 892145 754145 651722 619396 697074 983522 707357 554480 784505 796008 602300 313923 637524 534429 325556 494702 924654 630016 733101 388057 781476 617499 292064 845201 853732 780922 637914 871067 188507 866091 455674 945473 962521 877166 211491 868256 888886 935715 322197 689513 714066 742459
745395 851107 269305 638277 937298 672962 733276 233313 970651 712768 855314 661929 776181 158041 732875 501742 646493 678355 903912 82280 66997 999999999 787870 480030 671781 495267 809660 241248 686652 739718 379765 831863 884614 599038 150825 497492 506269 316773 306388 325664 805935 33034 587542 135900 638148 407665 682830 376784 175012 1022431 850601 257040 212310 561568 739457 498248 39191 586646 832185 687778 596183 554565 642785 917123 660025 506961 718340 729033 559083 321983 590273 470098 302353 464839 857925 597906 683175 367808 736031 551208 254032 778228 787503 725325 581619 804472 244300 816795 424405 881801 895607 811768 252463 811635 821890 869173 286652 658480 650515 675518
714976 150110 606246 848519 200244 601722 156065 555612 231866 733823 234485 436125 96128 941899 176597 440754 422574 733558 217134 754082 854171 787870 999999999 460737 591092 310434 790418 662180 321684 90720 678528 368613 96744 421430 690281 689066 719666 933239 695588 515001 852480 762115 306931 856660 160644 592481 235425 516933 862867 304555 786600 969497 638660 861082 706033 328920 793226 821795 503858 100201 551927 246324 384581 129643 685525 656875 246092 110434 545419 954038 494318 330960 725199 810438 211235 667191 454198 845479 737620 236674 740650 139465 241672 569441 539222 210364 1020435 713920 790277 405753 135898 66441 1000253 575725 124306 84832 665589 872205 372310 136981
357760 449122 473328 408630 532485 757348 506617 294462 561112 350773 418612 182308 506699 632095 520010 515435 166463 333039 481040 411371 542020 480030 460737 999999999 749752 348921 439221 510803 580005 377585 223398 358492 543714 119113 471582 704711 263784 502588 586395 414844 475274 469969 478238 600219 308254 571139 257011 103548 473654 594183 461519 568881 460719 405060 348954 154692 505517 373150 354566 378824 161259 354257 589681 567735 290037 204149 279640 359332 643957 525086 629262 333517 607480 349703 430250 752966 667372 394916 365931 297163 319215 379700 345466 272763 142278 374064 657346 403407 330764 405717 514282 515192 614811 348307 429214 517983 547122 433981 175787 323872
1105839 737740 405894 1129526 789163 10713 437063 557387 818510 1100491 809492 862265 504304 760817 417922 234734 841829 1081314 806677 704107 711826 671781 591092 749752 999999999 410045 1187872 431366 271075 629674 859754 904384 649978 808387 521031 217534 970767 967221 382911 385947 1224559 639168 307929 636536 571474 264132 712507 713192 835387 892648 1206100 928279 462042 1091416 1096822 614389 647015 1083457 1004321 545711 908367 434560 207223 679643 1039586 928093 747953 638187 117613 978398 120979 419692 401342 1002479 791331 120313 140762 960621 1115529 497594 818935 699730 785843 996486 889588 769695 896959 1142009 964731 953465 722867 553355 921699 1045495 707692 659428 389875 1155012 804403 602275
699431 415734 295960 749138 492902 418662 238542 274918 526988 697672 458864 452694 282242 643134 239915 185246 432168 681693 481902 477049 559328 495267 310434 348921 410045 999999999 781660 351851 241057 292761 504247 517411 404557 398388 383303 422340 594166 698606 389869 204632 822923 466500 132799 549971 199512 303606 322224 337776 600561 592704 797633 707928 329098 727840 690296 205031 494714 707977 601171 217204 502701 64124 241120 438541 637720 542713 361376 291057 316648 716403 289389 26068 419097 650850 449082 437617 318472 644327 711117 101637 513997 353918 414104 586470 484255 410211 736635 732527 619018 569669 437267 321451 728065 636847 383035 395219 357653 774831 396506 239562
82233 699657 892998 235216 752658 1195698 890811 701251 765500 97790 619329 357385 867485 927951 908486 954129 373935 131329 686101 727571 853681 809660 790418 439221 1187872 781660 999999999 920708 998185 700382 429896 468951 840561 392003 860269 1138273 306590 643314 1001498 847060 75739 814520 904840 945205 681143 1004929 556943 498478 711157 754281 50688 758340 868051 325682 91398 577283 845542 268501 330621 744147 279515 774540 1018521 850418 156577 304876 544830 681048 1083148 663001 1067057 769072 1018175 387084 644656 1191487 1098278 508362 76398 711569 562073 660332 568094 221038 298285 606706 886674 92403 416133 469918 773201 856030 819543 241484 699536 810652 963188 236148 422874 674982
845321 760994 55959 795594 841593 432197 569010 220476 875810 823724 790640 681921 624664 339839 563003 286743 662581 794746 823975 284543 281356 241248 662180 510803 431366 351851 920708 999999999 483712 639196 515362 811882 755489 616261 92195 262090 643344 548170 82496 147222 935230 209155 400775 222370 539345 167512 630236 426348 410406 938638 953141 498282 52818 735244 837648 452845 215699 744630 853708 568303 662844 415894 428215 789607 764170 621217 670047 634360 320947 556621 357766 332796 97699 638591 785640 358061 455631 567989 844313 439387 430674 693934 733862 783049 644821 739507 468578 904295 597629 865129 788204 668328 490361 858439 728794 746999 49166 819117 648114 580194
916499 470283 433972 986060 518396 281778 166360 494407 547492 920650 546901 649712 233239 816825 146903 198185 630561 908442 538493 687212 743991 686652 321684 580005 271075 241057 998185 483712 999999999 369537 745295 656126 379316 606472 548989 407033 833005 927199 481130 361348 1046108 654656 109881 705242 331313 351457 473742 578452 817429 621677 1007997 922530 485529 968170 907231 427114 675892 946441 770584 289566 724283 226139 72905 409602 862598 779477 504527 380876 248706 943515 190658 263836 509289 891906 526885 359830 132530 882372 931659 287177 748532 438987 532008 789500 706775 511134 930600 938978 859942 701996 451999 282331 934046 824028 441418 388354 464671 1011675 586363 354067
624526 122976 584056 759154 202727 640031 215414 506480 236938 643109 179997 345478 172408 896363 236201 451397 331853 642920 190067 698607 806639 739718 90720 377585 629674 292761 700382 639196 369537 999999999 598549 292123 166224 331461 655669 700861 633048 861709 682303 493208 761959 716234 327906 819887 102372 592245 144709 442057 800208 300184 697530 905446 609461 774084 615558 257771 748992 733457 420864 85017 461810 232645 423160 191924 594899 569873 157399 19759 568682 883066 523060 307921 711364 726677 163674 692870 499188 767721 646997 199932 669688 70062 164986 479540 449440 141600 965039 624965 708291 334628 155899 155658 939846 489172 90279 141577 649201 782651 281590 64374
367419 672276 499690 280689 754993 865313 703912 310785 782929 333156 637164 360175 714614 503707 714218 631007 353112 298590 701687 297691 425288 379765 678528 223398 859754 504247 429896 515362 745295 598549 999999999 554983 764720 315865 442902 759300 129869 289439 597858 479678 429175 385426 636343 515375 520935 631866 480105 170053 300022 812269 471331 375754 463059 231668 362038 354119 415835 230422 506179 590371 249683 531216 737344 789777 282147 129784 500675 580838 744191 312372 746114 481839 609835 146785 650694 832619 807068 171857 356583 486083 138261 603098 564087 373210 241522 594870 486642 441722 115877 594883 737659 729002 430388 462847 652612 739739 562061 304748 381861 541804
408616 243559 763025 601778 284787 914292 507447 620808 296549 442951 154736 195575 461454 987016 528150 699814 201992 457676 218220 767626 895977 831863 368613 358492 904384 517411 468951 811882 656126 292123 554983 999999999 391357 243185 796906 939046 525987 844402 874233 681743 540944 817995 596489 943138 332970 815087 195342 460633 830822 291080 451400 922491 769176 649225 401266 359046 853601 594556 144771 366745 324644 474951 702476 394127 415163 466804 157270 277583 827861 867328 790161 520670 900420 638213 181501 951492 781626 720723 437406 417056 672316 229389 127620 263420 324322 159062 1015600 380529 636423 53407 313369 433727 971066 230070 253287 362051 836397 620130 182888 303348
768961 148084 699531 918658 150740 660691 216582 652310 173926 792339 239749 495309 148264 1038570 233772 522297 484506 795766 195408 850418 950909 884614 96744 543714 649978 404557 840561 755489 379316 166224 764720 391357 999999999 490837 785994 767018 797253 1025247 785695 608568 906511 858829 385970 952521 254067 677731 300922 606775 958008 247701 831526 1064332 733499 937737 760339 420200 889867 895311 534394 196898 619640 340507 448239 34204 748147 733811 300351 184416 617431 1046325 563172 425948 815386 892467 212828 735868 509812 933579 793684 333416 832810 181793 273863 620521 608683 236209 1116871 758887 874460 418260 88441 98099 1095952 613870 141354 29932 756904 941529 435025 224975
310795 373837 574471 428110 450751 816912 502640 405940 475815 320029 325416 65858 486651 751160 519408 579132 47858 314840 392540 530345 661133 599038 421430 119113 808387 398388 392003 616261 606472 331461 315865 243185 490837 999999999 584397 789990 312283 604212 688251 506612 443867 588472 515690 717975 292592 657767 189916 222649 587864 498840 402219 679437 568100 449814 301519 194668 624073 404888 239035 359220 130563 384370 629657 509535 266892 248782 197458 311756 710770 627066 687592 389694 711191 417058 341786 826721 710150 485498 328129 320710 429192 312724 253514 188103 118077 287787 773239 334987 407910 288304 444982 483445 727906 246904 360593 462471 649044 451358 66450 292811
787872 774265 120046 720484 857966 522322 614620 178552 892065 762582 793440 650138 664545 268149 611371 357658 631940 731657 833475 193218 197804 150825 690281 471582 521031 383303 860269 92195 548989 655669 442902 796906 785994 584397 999999999 353512 572515 456182 166792 190190 869191 118137 456316 166694 553543 256974 626021 377645 318219 950625 895644 407349 64096 655363 780693 441658 129840 668974 823427 592406 614267 446519 499889 819638 704619 556753 664661 648184 408335 464454 440769 360496 171417 557958 791568 450248 535458 480866 784186 457511 346604 703985 731497 739104 597130 741893 386302 851381 516734 849382 809246 704749 402378 819083 743034 774283 140138 743237 624201 593519
1058788 821039 261250 1039292 887898 213245 552248 449237 920454 1044192 876025 851862 619597 561878 537704 249808 831261 1019104 889960 546537 525776 497492 689066 704711 217534 422340 1138273 262090 407033 700861 759300 939046 767018 789990 353512 999999999 882638 809551 191403 291217 1162595 466995 382323 437099 618223 133604 744247 641163 670382 991762 1164738 752644 307364 986219 1050374 600436 466601 989626 1013100 617141 865391 472378 334430 800003 983058 851441 783613 703513 159820 817251 218802 418504 200983 891238 863340 108561 311841 827929 1062613 523805 688610 767588 835703 972779 846494 829261 703379 1108117 850919 991607 824906 669485 737124 1036654 788618 768768 213401 1063760 803968 656356
253091 686011 625036 158842 762679 976979 769986 433484 786908 212920 634838 334536 770108 621372 782907 738239 335041 176335 703143 423990 547771 506269 719666 263784 970767 594166 306590 643344 833005 633048 129869 525987 797253 312283 572515 882638 999999999 356100 725774 597927 300080 513741 726797 642164 571232 753090 498652 259349 406153 804763 351155 462785 590781 141651 249394 416235 543194 113961 446060 641791 201365 610500 833541 818295 171646 63685 509639 613914 857224 377920 854118 574375 738556 113685 652796 951484 907169 219019 237024 557392 255783 623127 564391 298589 203489 599656 586067 331873 123615 556941 756585 776671 522326 385059 671721 769911 689396 184257 376474 583938
604139 948239 562582 421621 1033152 969870 927238 433323 1062682 559623 921098 649567 952081 345762 933090 767972 642478 522371 983448 264421 313514 316773 933239 502588 967221 698606 643314 548170 927199 861709 289439 844402 1025247 604212 456182 809551 356100 999999999 620249 590016 612623 344501 818745 425507 772596 707186 757503 420325 142070 1096666 692260 120815 508198 328847 601697 605048 352957 377842 790173 837588 533758 743375 899272 1053248 526639 396379 782129 845705 850604 22940 871668 672882 618403 256613 932749 905598 954251 137429 583466 714293 192594 876602 847912 649159 527968 876515 255081 684307 233120 884105 1009291 975318 182399 737774 925663 1002839 596294 433251 669626 800390
925479 805175 113782 878075 882716 381999 587534 300340 916766 904750 842049 753492 647919 378042 578766 284186 733753 876174 870409 359387 335217 306388 695588 586395 382911 389869 1001498 82496 481130 682303 597858 874233 785695 688251 166792 191403 725774 620249 999999999 193736 1017061 276390 412967 253625 585662 133664 687647 505437 480084 982440 1033193 561247 135013 817257 917692 516643 275205 827087 923824 606480 740857 452242 417981 819886 844921 703029 727779 679519 282791 627174 329335 374724 29709 720425 834928 294834 430789 647278 925103 484958 511374 741146 789137 859135 722614 791615 516156 983126 679387 927634 826082 694220 546708 932535 772557 780094 39295 901572 716234 626480
767613 615507 91375 756189 695225 390344 426792 171869 729422 753147 649047 570544 479866 458036 422488 179592 550291 728524 679488 334374 382754 325664 515001 414844 385947 204632 847060 147222 361348 493208 479678 681743 608568 506612 190190 291217 597927 590016 193736 999999999 872250 293446 266162 353586 394456 157973 493999 350556 467130 793146 873731 568637 129431 710616 759224 326289 314780 707908 737770 421209 574870 268692 318068 642652 691962 562877 534148 489113 268497 603391 282334 185871 221406 619240 642649 353601 365340 574849 771437 293940 433266 549703 595428 685318 556035 598394 569312 817956 580642 735147 641201 522480 575271 753258 583125 599811 157697 781191 528670 435360
137698 767749 911534 192119 823430 1231972 946161 718615 837286 125546 689515 416680 926389 914641 963172 989934 431590 144000 757009 723693 845175 805935 852480 475274 1224559 822923 75739 935230 1046108 761959 429175 540944 906511 443867 869191 1162595 300080 612623 1017061 872250 999999999 813820 949370 941820 736019 1030096 617548 521694 693537 827993 116233 730821 882413 285718 146518 620864 843109 235188 404713 801070 321903 820746 1062320 917703 185296 314033 608327 742412 1116897 630922 1104309 808537 1031899 361110 714403 1221391 1141121 482001 115889 758936 553529 725333 635734 286172 339703 674500 862147 168024 395058 543993 841593 917467 792623 315602 766077 876681 979511 185837 481516 732772
748151 829169 236290 650409 915049 640439 703995 210184 948590 717149 836199 652267 748065 180197 703160 468978 636180 683450 883267 94337 92845 33034 762115 469969 639168 466500 814520 209155 654656 716234 385426 817995 858829 588472 118137 466995 513741 344501 276390 293446 813820 999999999 556281 133143 614287 375099 664206 367608 203716 1001715 854252 289287 179290 576464 741903 478764 35660 598622 823760 662199 592709 526575 610182 891578 662971 510361 700436 706096 526228 350845 557242 441585 273921 479118 837962 566493 650186 387223 740095 525499 266125 756614 769354 721460 577488 785106 275963 817930 438228 868573 872009 784456 285496 806655 799524 844017 255218 671331 637786 652230
822719 443505 347427 881281 506458 317805 176125 386882 538645 823846 507488 564241 240508 724171 165955 136682 544315 809619 512941 582793 647319 587542 306931 478238 307929 132799 904840 400775 109881 327906 636343 596489 385970 515690 456316 382323 726797 818745 412967 266162 949370 556281 999999999 617983 263549 294659 404884 470528 711646 610618 917771 817566 394542 860625 813498 328513 579826 840542 698516 242897 627747 131705 113969 419441 764700 674722 440040 334211 241204 835399 195700 154512 442403 783065 491487 365090 194675 772495 836138 195882 638924 397328 479088 702128 609718 465058 831829 850507 750679 645810 442828 289498 831584 744210 411772 386582 390005 906957 503427 295107
880102 937056 271565 772976 1021565 635571 780003 324627 1055546 848147 951556 782418 830928 124921 776055 508980 765806 813938 994586 218175 112049 135900 856660 600219 636536 549971 945205 222370 705242 819887 515375 943138 952521 717975 166694 437099 642164 425507 253625 353586 941820 133143 617983 999999999 717550 380645 781476 498822 286623 1112399 985738 337877 224156 694426 874002 595585 99908 721476 954644 758424 725774 613212 650585 986107 794803 641887 819031 811640 534020 425471 576168 527181 237145 598434 951251 544440 675800 496325 871305 622928 389403 865859 887131 854434 710453 900088 267159 950564 558428 994496 974252 871403 309022 939321 906266 940485 251588 792735 764888 757068
601313 221834 484655 708704 304449 581352 210143 404836 338584 612602 259389 325250 199097 794464 227384 372148 307558 606666 285039 599003 705004 638148 160644 308254 571474 199512 681143 539345 331313 102372 520935 332970 254067 292592 553543 618223 571232 772596 585662 394456 736019 614287 263549 717550 999999999 502899 142981 357058 704149 399373 685711 810318 508191 712821 592077 168691 646872 677731 439578 70584 420613 146091 371215 284111 558932 509877 176624 95142 497053 793409 457488 211256 614368 656371 249874 621304 451375 686187 620147 100712 580008 155484 218729 465393 405455 211259 865629 614872 634156 382695 257762 208141 842630 493616 189961 234356 551498 733280 260132 40905
925303 714596 144828 910641 786893 265351 470762 321091 820364 911118 762278 720248 534606 502775 459756 159309 699717 886429 782308 442939 448694 407665 592481 571139 264132 303606 1004929 167512 351457 592245 631866 815087 677731 657767 256974 133604 753090 707186 133664 157973 1030096 375099 294659 380645 502899 999999999 621694 508434 572873 889317 1031167 664310 199320 860983 916868 470098 383195 861591 883442 511211 731787 359824 285905 711636 849926 719953 661562 592570 154147 717309 196429 295694 159841 767408 751756 203136 297491 711851 929366 404811 570713 656163 717045 839678 712891 713813 635231 974540 727723 868096 726660 582865 657818 904620 681854 675432 129227 935384 673969 542521
480279 192171 578910 617840 275781 722223 340774 457122 305242 498400 172807 200901 310983 840763 360069 504539 187167 498526 227883 629007 749245 682830 235425 257011 712507 322224 556943 630236 473742 144709 480105 195342 300922 189916 626021 744247 498652 757503 687647 493999 617548 664206 404884 781476 142981 621694 999999999 340478 714392 344798 556116 815318 591191 638132 471264 185962 699051 594585 296842 192606 319116 280321 513950 320067 450549 434989 40179 125037 633040 779727 596683 326357 714815 598193 178490 756430 594269 651832 502414 221716 569651 124753 105673 336689 307802 122944 890375 483952 583895 247447 259218 299947 856189 354646 173917 272603 650759 640866 136909 122833
420778 529104 395158 417293 614774 719730 534159 205947 645210 403321 509436 285149 546962 528554 544240 479665 269855 377997 568222 307905 438492 376784 516933 103548 713192 337776 498478 426348 578452 442057 170053 460633 606775 222649 377645 641163 259349 420325 505437 350556 521694 367608 470528 498822 357058 508434 340478 999999999 376026 684150 528203 475130 374480 390144 412791 188416 403035 373179 456152 425041 237272 361545 575182 633915 342414 215177 368835 425684 601193 442033 595556 316716 524013 314857 518278 700977 648026 329389 422360 316186 229812 456868 437105 361526 219755 462124 557100 477950 285924 508652 589031 563966 517854 442923 505704 583515 466627 442925 277762 381880
658614 898787 429493 510874 985349 837430 836472 326246 1016888 619030 884981 642863 869100 224113 839813 646701 631675 582246 942167 132914 174887 175012 862867 473654 835387 600561 711157 410406 817429 800208 300022 830822 958008 587864 318219 670382 406153 142070 480084 467130 693537 203716 711646 286623 704149 572873 714392 376026 999999999 1059056 756956 107681 373639 424409 654365 543553 210889 461490 800687 763912 546918 651987 782884 988242 575062 427327 744359 786205 720006 147147 745194 574493 477185 334325 892826 768466 832331 219405 643154 632692 163600 825514 812946 672726 536596 836922 187634 736113 298516 875858 953458 897787 141888 762273 873004 938327 457755 527441 649017 736552
698358 177660 883759 891579 104312 903338 455622 791946 74333 733845 175574 470548 388513 1180409 474774 742320 469952 748676 118523 972252 1089288 1022431 304555 594183 892648 592704 754281 938638 621677 300184 812269 291080 247701 498840 950625 991762 804763 1096666 982440 793146 827993 1001715 610618 1112399 399373 889317 344798 684150 1059056 999999999 731260 1159278 907223 934361 691297 524700 1035771 881730 423700 378202 605230 531499 687546 224441 705673 742841 315520 304285 849941 1119218 798735 608091 1011532 913821 166315 971685 753680 983378 727622 499332 911918 246661 248754 554468 601351 222142 1234891 663353 906591 284543 169899 340286 1200894 512803 210042 233821 949373 910498 432425 358616
107890 687955 923359 285904 736182 1214208 894026 732921 746988 138592 604459 360468 867039 972077 912310 973526 378567 174820 669599 768782 896296 850601 786600 461519 1206100 797633 50688 953141 1007997 697530 471331 451400 831526 402219 895644 1164738 351155 692260 1033193 873731 116233 854252 917771 985738 685711 1031167 556116 528203 756956 731260 999999999 806523 900707 376205 115504 592611 885897 318657 308904 746303 300271 786575 1031716 839430 191652 343910 540530 678547 1103656 712165 1085128 786462 1050797 435751 630451 1214355 1112047 556727 114822 722918 605506 653313 557774 220414 319256 595914 934037 72772 463685 446967 760751 852731 867529 221334 690173 801601 994566 286588 425666 676559
714663 1001757 523716 540791 1088083 929661 944101 433304 1119189 671635 984433 730952 976713 239457 947334 748048 721363 634327 1043184 235416 230865 257040 969497 568881 928279 707928 758340 498282 922530 905446 375754 922491 1064332 679437 407349 752644 462785 120815 561247 568637 730821 289287 817566 337877 810318 664310 815318 475130 107681 1159278 806523 999999999 466901 448617 711553 648122 286043 495647 881913 870810 625386 759646 885938 1094282 634431 495293 843894 891057 814607 107791 843047 681862 554207 371500 993373 854459 932712 250022 695697 740122 250308 928711 911868 746843 617136 937244 134315 794225 343275 965578 1057882 1005128 61916 836347 976643 1044243 543432 553223 742537 842072
792862 729939 57009 743476 812187 463887 556047 168540 846393 771013 754844 633898 608079 331298 551912 293571 614822 741958 791238 243802 261802 212310 638660 460719 462042 329098 868051 52818 485529 609461 463059 769176 733499 568100 64096 307364 590781 508198 135013 129431 882413 179290 394542 224156 508191 199320 591191 374480 373639 907223 900707 466901 999999999 684207 785231 410526 193703 692628 806307 542348 611333 393025 435825 767398 711534 568399 630635 603306 347710 518045 377991 307705 150140 587880 751213 398118 471812 520591 791661 409778 381800 661219 695793 732430 593427 703442 450259 852338 547057 822228 761096 649681 464692 808817 698150 723181 99242 767116 602224 548747
305929 823345 725212 93604 897945 1096980 910536 540325 920874 257827 767836 464653 911627 648512 923080 862141 467901 223956 836837 482265 589231 561568 861082 405060 1091416 727840 325682 735244 968170 774084 231668 649225 937737 449814 655363 986219 141651 328847 817257 710616 285718 576464 860625 694426 712821 860983 638132 390144 424409 934361 376205 448617 684207 999999999 306534 556370 600540 60947 551789 783391 329761 747923 964821 958146 248655 204243 647104 754857 975825 346241 977467 706833 826126 97673 787096 1062737 1036296 205479 279154 696561 311236 762152 698959 400951 335827 735217 581742 384341 138915 674535 894794 918304 510527 478132 810334 910128 783357 104683 512155 725521
9277 622640 807946 229046 680766 1104701 802066 617417 696109 50000 546404 270525 780698 865293 819453 863279 285979 82836 614659 658086 787193 739457 706033 348954 1096822 690296 91398 837648 907231 615558 362038 401266 760339 301519 780693 1050374 249394 601697 917692 759224 146518 741903 813498 874002 592077 916868 471264 412791 654365 691297 115504 711553 785231 306534 999999999 485885 774094 245636 273103 656123 188514 683304 927153 772027 79917 232783 461830 596038 992607 622738 975965 677832 935310 346834 570752 1101779 1006886 464396 36493 620448 498562 578997 490515 140930 207378 529319 835443 82699 369058 410206 696610 771118 771480 187141 620172 730543 879074 239708 335634 587414
495061 356977 404514 563309 443743 622773 354266 271161 476187 495334 357437 252805 360599 656288 366741 384464 232107 481660 406218 448227 564953 498248 328920 154692 614389 205031 577283 452845 427114 257771 354119 359046 420200 194668 441658 600436 416235 605048 516643 326289 620864 478764 328513 595585 168691 470098 185962 188416 543553 524700 592611 648122 410526 556370 485885 999999999 513436 527152 413397 236810 299285 200976 441695 448493 436341 358226 223563 242961 516129 626140 493469 195109 542224 493106 359703 632735 521093 517712 507762 142490 412627 283503 291570 382568 281208 306366 712847 527669 468606 412285 409913 375721 684053 438171 329999 398127 478364 588672 203881 195454
