NAME : synthetic_000600
TYPE : CTSP-D
DIMENSION : 100
GROUPS : 8
RELAXATION_LEVEL : 1
EDGE_WEIGHT_TYPE : EXPLICIT
EDGE_WEIGHT_FORMAT : FULL_MATRIX
EDGE_WEIGHT_SECTION
999999999 64899 66000 558957 671080 796425 747035 628552 477225 141839 204799 753959 598670 279664 639978 296502 997232 890717 496909 316856 494390 245716 650806 329854 181826 160572 232408 284792 530584 385978 631936 550405 305839 392917 425225 255177 648802 644285 858029 777676 691957 759460 876369 706584 847261 1033217 735637 88551 959096 166695 423988 814686 272800 316067 515295 432568 220164 442203 471438 52527 171522 682536 681852 271293 368467 859606 89992 621509 108219 289522 876135 713088 234225 968050 828279 890759 298859 404774 782509 919983 532752 649341 318248 87277 738454 631056 565040 860801 833669 706285 610881 696647 461829 616956 452736 460695 162292 450832 169621 989590
64899 999999999 36676 499975 609392 732118 704200 583991 498039 77064 201547 703494 542092 302522 583567 250952 944264 829728 482280 283829 457494 198464 614937 269839 152934 177238 276620 220468 539247 330845 567037 551667 317824 407355 377833 272064 608715 589543 801504 716972 629937 697463 811629 641899 803173 983381 684399 134317 908222 152922 392253 753260 213588 251784 452411 376535 255373 379292 413135 92296 176491 647963 621602 282509 363244 809206 134300 556778 129844 292877 816926 648977 219096 914772 765175 843286 263055 414345 724385 863278 525195 584469 279633 84867 676382 607509 505061 802543 783537 645787 586245 638737 414815 557725 399257 395972 129969 392061 155232 940790
66000 36676 999999999 493940 607672 737192 737671 617037 527829 95730 165337 733911 568869 266740 574192 231376 973052 826616 518810 319962 492726 231980 650194 265776 122784 206703 295248 237371 572511 320112 577496 586447 281170 370724 410287 235721 643052 578315 827914 739239 628852 717879 819074 655051 836155 1013870 714435 150653 938232 188709 428355 774482 239737 268509 471770 366806 222550 380576 406235 109878 139817 683427 617381 245856 398770 839544 151432 569756 95948 326735 840828 664729 185045 943392 783436 874955 298885 377686 749490 889478 561190 593732 314935 48492 675364 644108 500504 827423 814035 668428 622800 664172 396616 582010 428635 403993 101064 385835 120386 971801
558957 499975 493940 999999999 129217 300097 765037 663781 933115 435713 471445 683575 499697 585882 95995 290318 840731 335333 788991 579491 646370 489658 758663 230287 413252 648133 769877 342989 931279 179617 251821 914085 545342 594541 528445 550729 720280 117180 672686 531258 152685 485668 395245 334788 829377 914268 660560 633240 838192 582640 640564 540395 411200 327404 340037 132997 610609 145844 88008 591606 497040 792990 125694 531443 738087 764169 632800 283475 532864 711206 637230 378215 428363 811899 501302 825539 558407 571784 588107 718499 854901 244009 550429 498301 195926 837024 21190 643897 747449 488181 814037 533967 182555 463413 479132 196566 419752 108126 449942 890626
671080 609392 607672 129217 999999999 176902 754438 667094 1009991 539802 598379 657733 490422 714727 128809 416466 781154 221366 838619 644447 679320 567146 770155 342054 536526 744167 870898 426683 996007 304252 200698 971563 674548 723026 567701 679299 726622 158958 616678 471495 23469 422935 271991 261094 805182 860317 635773 739839 787724 673652 688226 470783 487761 404370 347339 259310 737553 232130 211270 699083 622518 802294 43417 660370 806891 725000 739031 241831 654528 791637 569099 310992 556060 754008 418938 789834 625963 699707 537609 654627 906606 181320 613916 616940 68478 864800 114187 581469 711925 443600 842793 499874 308611 444298 509216 246679 541011 227817 574191 842763
796425 732118 737192 300097 176902 999999999 704771 641230 1073612 657222 753447 592172 462009 876057 300893 572414 664403 197696 868098 703498 693153 647301 749999 480133 684209 842792 974138 524872 1042220 460806 189410 1008012 839530 893310 597481 839358 701543 328822 511438 371581 155453 323939 95358 179113 734816 748644 573034 854725 682728 767284 721536 356043 572100 496705 364150 420219 891372 359139 371245 816341 773580 777719 206184 822488 864316 637611 853355 223306 796980 866090 449528 225017 713829 640328 289356 704498 689517 871310 445467 536718 936736 164534 672702 754461 131159 863112 281574 469220 630117 369845 843267 435050 482471 407824 532050 337770 684831 383127 723183 739490
747035 704200 737671 765037 754438 704771 999999999 121782 640812 652856 880099 123424 266226 1001409 848278 791932 313785 900853 374904 434751 259044 505806 130368 688217 801163 648489 744947 560061 550538 753349 555954 489671 1004631 1092602 328650 967092 103805 876451 279736 356523 754590 394433 704288 526632 101656 312130 136392 728534 255339 592814 337678 392852 514686 543052 425341 759168 959573 650162 742800 719235 868082 125790 796540 970781 484679 170167 725157 513921 833519 556177 354047 479826 873663 294003 464856 162018 449611 1091005 286946 320067 417812 578708 429071 784849 776446 256204 748699 321635 149053 336110 251839 270096 861163 310182 329734 578357 781883 729321 828154 263202
628552 583991 617037 663781 667094 641230 121782 999999999 573048 531358 758349 151398 180356 880061 751126 672215 394843 832179 308014 320821 153878 385537 109182 570763 679390 538189 642575 439397 495735 638307 475039 440897 882885 970822 207218 845573 60496 778031 308173 333062 670091 358875 655954 462633 219182 412738 144366 614643 344948 478225 232883 375751 392928 423467 325063 647060 839269 540996 634155 602916 746577 136966 707697 849076 394403 246863 611330 433187 712961 457047 368162 421513 751948 369545 439400 264928 333572 969259 279120 362843 364547 499589 312021 663951 696876 235040 648834 338465 220743 289935 220152 227075 748017 233496 209886 471728 660104 619340 706413 366215
477225 498039 527829 933115 1009991 1073612 640812 573048 999999999 526331 681822 723050 678472 733571 1027416 741464 953924 1224915 267176 370367 432712 444339 510447 719644 650262 321190 276572 590180 109042 796117 884327 170780 772001 852341 487115 718833 545766 1041573 880725 877744 1024866 886988 1125548 922657 731355 948813 717414 393043 896148 361995 371402 922178 523708 607992 712412 834868 659283 789123 857382 424731 647309 520770 1036181 739710 209920 806965 390656 853675 580681 222506 935727 902044 710500 932367 970819 801214 385989 869969 840675 935857 227066 909083 401268 563582 1067222 398188 930394 907912 782757 815818 394519 768963 897510 726896 553143 763492 627731 835418 645387 899364
141839 77064 95730 435713 539802 657222 652856 531358 526331 999999999 229285 642555 474140 348842 523173 216557 879557 760931 469480 254326 416669 153386 573181 206438 157380 216623 334186 143672 553019 275778 490264 556589 353160 442222 324207 314236 561623 531830 732847 643582 559685 622668 735608 564835 749723 922332 622575 200138 846103 164684 359922 679037 145563 174997 376893 318884 313862 308112 350832 159983 215228 607516 554541 318728 365578 747944 199259 479717 187804 308664 745115 572189 231587 849756 689225 785498 230877 443964 653979 794301 520104 507980 242302 136617 605944 581401 438977 731847 722693 572725 559066 568780 371651 486366 336606 320183 135036 329126 177472 881088
204799 201547 165337 471445 598379 753447 880099 758349 681822 229285 999999999 861804 683340 132901 531412 182065 1091186 803678 683639 479077 645776 382233 802450 280876 83535 364469 426623 335049 734013 294545 623016 750580 124542 213015 551845 94551 790470 526638 936471 830759 621487 801767 843682 709242 975527 1139881 840799 289825 1062427 354025 586599 860764 366343 361434 559060 339126 139197 400609 387219 257318 38001 836719 596317 91346 563874 966071 291934 626329 104928 489962 937931 729819 46235 1060963 856544 1007589 456651 215386 853301 996368 726520 633429 470087 120849 666454 805685 484328 929094 941535 763026 783902 770917 323526 685665 557341 449878 99051 372131 51993 1100616
753959 703494 733911 683575 657733 592172 123424 151398 723050 642555 861804 999999999 191772 989190 760610 751353 247981 789541 456657 459916 303579 508253 227573 640308 779716 678724 788768 529350 642030 697221 457084 584685 985474 1070785 329762 952964 181885 790006 163986 234573 655384 274858 585463 416677 147480 279959 23248 749916 205163 613783 381226 269718 497800 506950 352253 696007 955905 583173 673126 733940 854989 236618 700724 953142 545453 105723 746730 416003 829254 605687 233872 367751 849021 220982 342287 149197 469120 1065584 163689 213803 509425 477881 446171 778648 673081 361921 665638 201872 80147 222588 352521 159371 798916 220194 305980 508711 762770 662344 810724 238881
598670 542092 568869 499697 490422 462009 266226 180356 678472 474140 683340 191772 999999999 813583 582060 562524 407876 651895 434146 345100 252672 359262 288320 449863 600154 553515 677213 348302 621244 505479 295387 575732 805382 888626 204105 776374 240847 610314 259457 202315 492088 208640 482710 284401 332224 459481 168671 610694 381164 480174 307202 246161 329146 323043 162136 504602 787120 392252 483154 587583 680197 317321 531935 774241 475326 288774 607847 253366 661820 512399 283198 246684 666805 377695 292626 340552 345353 881568 186131 321342 500012 319627 321889 610499 517352 403338 482951 264143 266525 137363 384667 100983 607501 55211 151155 318253 584979 471597 633435 423831
279664 302522 266740 585882 714727 876057 1001409 880061 733571 348842 132901 989190 813583 999999999 635059 304577 1221403 911213 776442 586307 759359 497342 916815 411094 215982 434982 461019 465798 800500 415271 753076 825837 56389 118854 672848 38473 908586 625794 1068106 963592 738123 934657 967915 840108 1098560 1268217 968608 347154 1191183 445086 694732 993664 491634 493025 691826 456801 77535 528828 505765 327108 134221 950144 708156 54672 647564 1094044 350141 757814 174482 566534 1070596 861830 164025 1191263 988972 1133575 565543 139576 985383 1128268 811889 762464 581638 218375 781794 908039 600742 1061446 1069178 895697 887238 902552 421168 817504 683547 581232 228905 492939 180401 1228051
639978 583567 574192 95995 128809 300893 848278 751126 1027416 523173 531412 760610 582060 635059 999999999 356536 901135 276755 884803 675393 740294 584677 848535 316755 482808 737878 856890 437725 1026992 254159 311361 1010072 589353 626805 622959 602390 808685 31008 734682 590337 146852 542649 394091 383263 907623 978157 737934 717727 903856 674426 736146 593382 506562 423011 426082 207412 668921 241764 172633 675789 560746 882393 94799 580453 833624 835464 717521 348837 603482 805206 691623 431400 486218 873243 545124 898689 654206 600835 652788 775910 950821 296946 646389 573443 173645 930478 104934 701941 820429 555278 907618 606512 214232 541770 572011 290104 492469 194587 517046 957838
296502 250952 231376 290318 416466 572414 791932 672215 741464 216557 182065 751353 562524 304577 356536 999999999 963857 624376 674523 452339 589480 345548 737388 116954 126487 425011 526101 234224 769297 112484 451824 770748 273349 342267 477838 267310 714881 355806 801682 682950 439518 648754 663617 540293 879605 1021316 728892 381761 942772 380924 548525 708293 293780 248883 417743 157478 321145 226084 205222 340347 206744 773148 415739 252103 580109 851242 382358 460498 247093 525191 792591 566191 141429 933473 695298 900383 427981 328560 715715 858842 729754 459608 432685 220621 484652 770582 302550 787908 828539 619496 747370 638466 165327 553197 462415 285546 138379 190156 160765 986353
997232 944264 973052 840731 781154 664403 313785 394843 953924 879557 1091186 247981 407876 1221403 901135 963857 999999999 854612 687179 707850 548703 752158 443811 848270 1007940 926642 1036229 756136 864270 893761 591076 803087 1212936 1295414 575805 1184241 409408 932040 168280 310829 771898 358618 621530 520072 235946 86864 263431 996828 63268 861015 627418 311847 733995 730395 547104 883181 1193332 769709 851468 979564 1087866 437911 824069 1182015 787969 148563 993681 557263 1067307 851812 215135 470386 1073887 30392 375061 160940 716674 1287306 254479 127891 731596 604191 693574 1016174 775556 567827 820508 199690 174280 355301 565128 325533 984031 410661 545050 695593 992853 845275 1041305 100513
890717 829728 826616 335333 221366 197696 900853 832179 1224915 760931 803678 789541 651895 911213 276755 624376 854612 999999999 1039172 856290 870509 784709 940061 560920 748421 965241 1092252 646819 1204741 514853 362066 1176018 866049 902414 766306 877961 892671 290394 706462 568581 202820 521328 237298 374221 932504 940051 770148 960845 876580 894111 889684 550710 705748 623346 534839 467923 942293 453491 423072 919921 830933 969116 209881 856557 1019088 834707 960086 402164 868190 1008863 641273 421907 759341 831879 480996 901626 839208 875719 642777 727848 1107810 336363 825440 833201 158235 1047802 326521 662965 827631 567026 1027059 631784 490921 599055 703487 462805 755071 442128 784733 933461
496909 482280 518810 788991 838619 868098 374904 308014 267176 469480 683639 456657 434146 776442 884803 674523 687179 1039172 999999999 223004 181526 329370 244755 612573 624011 351182 406541 464312 189380 692035 681189 141910 798609 887455 272867 750206 278594 905049 616179 625621 849180 640981 906273 702131 468397 685235 452040 442704 630073 331953 150393 669909 393420 469373 505637 720185 715061 644355 728585 452093 658125 258875 871809 763376 138747 539899 439266 644866 602888 225115 674511 673376 696471 665312 724875 536298 247246 896172 581797 670058 68725 706993 246524 565851 886615 152124 780925 645612 515602 569065 139953 515971 804416 486852 336585 598197 600676 708207 635502 635863
316856 283829 319962 579491 644447 703498 434751 320821 370367 254326 479077 459916 345100 586307 675393 452339 707850 856290 223004 999999999 178079 106792 333953 390812 411584 218811 334132 244110 352614 470439 514397 335516 599948 689653 141326 555663 333978 693349 589360 546213 658053 544656 758083 557238 536111 732885 444994 294076 662709 158064 108426 589183 172756 253207 344679 500627 535129 433648 512803 285094 458641 365824 673375 564749 162807 563144 290732 484920 412661 170917 625871 541515 485584 680376 625893 585748 24358 694390 527714 650573 282498 538971 30931 368453 699277 327246 573793 603680 536786 477514 305119 445122 582141 383588 198861 398099 388912 491739 428457 686876
494390 457494 492726 646370 679320 693153 259044 153878 432712 416669 645776 303579 252672 759359 740294 589480 548703 870509 181526 178079 999999999 263569 157468 504120 572299 389446 489362 357946 368969 579926 509245 323295 768978 858406 119379 727183 156593 763545 452433 446727 687480 460080 727030 523507 360700 564522 293404 470288 498414 335442 79511 491161 296000 352011 336002 599270 711332 507488 597958 463078 628823 191056 715533 734144 242687 400711 466882 471025 587252 303180 503670 492923 646547 523216 544078 415072 195656 860629 408034 510271 248119 535112 177861 540994 721921 191246 635360 476615 374617 388196 168002 337311 693556 305370 170195 450207 550919 579609 594093 517067
245716 198464 231980 489658 567146 647301 505806 385537 444339 153386 382233 508253 359262 497342 584677 345548 752158 784709 329370 106792 263569 999999999 420532 288236 310144 205302 336828 147094 444561 367754 462365 435001 505455 594845 179944 464343 411306 600407 616974 549164 582984 538077 711781 519267 604719 787537 490051 251723 713400 127808 207748 589245 79494 163679 308717 400676 453802 344961 417248 228817 365665 454580 592138 470682 250403 613891 248958 439478 327739 224491 641222 513042 384484 723173 614004 645767 82434 597244 545169 679040 386953 485020 89712 279549 626497 430322 486281 623342 587955 477793 407639 459418 478047 384794 209651 321904 288217 395619 330619 744112
650806 614937 650194 758663 770155 749999 130368 109182 510447 573181 802450 227573 288320 916815 848535 737388 443811 940061 244755 333953 157468 420532 999999999 644269 727827 537513 625000 503386 421187 716469 581254 361248 925961 1015277 259553 884538 50726 874433 391559 436970 774261 465683 765013 571604 224906 440801 229754 622118 385707 489400 228257 478405 446766 492743 424422 730180 868489 629152 722036 617683 786075 35888 809931 891214 359649 298215 618663 539690 744665 435458 459402 530695 801885 423184 544687 291553 352644 1016934 377413 439309 288192 606151 335310 698456 802580 134551 744891 428030 275172 397904 125330 333831 828694 342175 286085 563538 706825 705688 750649 391516
329854 269839 265776 230287 342054 480133 688217 570763 719644 206438 280876 640308 449863 411094 316755 116954 848270 560920 612573 390812 504120 288236 644269 999999999 205530 421548 540418 149144 731101 79646 342206 723235 385691 458265 387190 372826 617334 326156 685312 566027 363486 532185 567274 429024 772383 907236 617560 402954 828638 360798 474720 591714 219225 152277 301470 115263 414959 121571 144433 361326 296146 680153 352040 361238 537254 738508 402526 347214 316993 497415 675639 452115 247666 817907 580554 789505 367170 445354 599159 742159 673308 352671 366050 276160 409974 691736 235317 671039 716375 502607 668264 522742 192151 437791 361692 170839 204752 122846 244858 873320
181826 152934 122784 413252 536526 684209 801163 679390 650262 157380 83535 779716 600154 215982 482808 126487 1007940 748421 624011 411584 572299 310144 727827 205530 999999999 329076 414209 251868 691751 233635 545669 702202 205774 291898 473931 177839 713576 482276 852946 747674 559131 719235 772455 630613 895535 1057285 758530 270183 979684 302684 517249 778098 286505 277952 475863 280504 209766 326972 326185 231115 90909 762574 538944 174088 512252 883675 271409 546912 120675 445138 854617 649424 74343 977697 775314 926076 388233 290060 769774 912834 671543 557397 399482 98107 604998 738749 423817 845618 859292 679717 716440 687394 287859 602131 476192 371106 23545 308718 39361 1018404
160572 177238 206703 648133 744167 842792 648489 538189 321190 216623 364469 678724 553515 434982 737878 425011 926642 965241 351182 218811 389446 205302 537513 421548 329076 999999999 132318 320023 370016 492399 662075 391142 465221 550918 355124 413573 545624 747654 804969 749621 762487 741307 912032 723145 750145 950847 663649 91647 881319 77633 311317 790832 272302 346569 513835 535186 368160 512791 565245 109048 332015 565618 762985 431078 215697 781841 88244 641920 268204 131876 836659 718220 390387 899092 818469 802820 211230 564264 739098 866619 379013 683535 234807 244345 807890 494966 649553 816366 755480 678813 476939 654498 585887 584844 402527 508082 306607 543312 325229 904372
232408 276620 295248 769877 870898 974138 744947 642575 276572 334186 426623 788768 677213 461019 856890 526101 1036229 1092252 406541 334132 489362 336828 625000 540418 414209 132318 999999999 450061 359140 606267 794229 399770 503110 579796 474945 449779 641144 864431 923321 875994 889864 869808 1044171 855371 845803 1053729 775526 144621 987518 209739 409901 917924 404545 477489 645546 651095 385230 638829 684849 185754 389645 648904 887717 472629 270148 889153 143830 774237 321870 189543 959397 849850 462105 1009731 948075 903899 331870 599353 861347 984351 412962 815533 355389 317999 935648 558329 772787 937672 862895 805788 544076 777908 690884 711548 527382 638308 394562 663222 399300 1005975
284792 220468 237371 342989 426683 524872 560061 439397 590180 143672 335049 529350 348302 465798 437725 234224 756136 646819 464312 244110 357946 147094 503386 149144 251868 320023 450061 999999999 591154 228065 350500 578946 457315 541617 243950 428336 480781 453317 602530 504521 444045 481208 598684 422167 650564 805827 507793 331689 728055 247349 325607 538423 71354 31326 234793 256532 444246 199357 270405 295311 333233 539192 448886 425953 397116 632592 330067 337346 322615 368602 608638 428534 319737 725915 546075 676861 221143 536299 520652 663015 526166 369763 218008 271768 488916 543642 340380 597533 608514 434556 520202 437053 341258 352435 230521 188251 236929 248913 285434 767584
530584 539247 572511 931279 996007 1042220 550538 495735 109042 553019 734013 642030 621244 800500 1026992 769297 864270 1204741 189380 352614 368969 444561 421187 731101 691751 370016 359140 591154 999999999 809954 853308 64154 834071 918147 445358 781761 461129 1043973 803387 814733 1008858 829045 1086300 881961 636537 853637 638891 453625 804848 390699 322173 859067 520896 603994 678076 844796 729296 785510 861559 478761 702011 427081 1025733 800355 194164 719402 450747 819361 637921 246675 863272 856239 757555 844273 913048 708299 372963 933026 771064 855832 133084 878781 382637 613372 1048992 299817 926118 834041 696199 757165 299568 705093 917044 672881 511546 750242 668440 840032 692722 804280
385978 330845 320112 179617 304252 460806 753349 638307 796117 275778 294545 697221 505479 415271 254159 112484 893761 514853 692035 470439 579926 367754 716469 79646 233635 492399 606267 228065 809954 999999999 350976 802748 380348 441638 461859 378577 687255 258732 727836 600262 327216 562135 552801 440564 833721 957093 674147 465159 878626 435470 553213 621312 298619 228272 348801 47301 433581 128364 93022 423129 318304 752284 305308 361876 616305 791961 465129 365151 353392 574386 710459 471214 253405 863586 600962 845979 446814 423766 640964 782126 752937 355844 445519 320270 372561 768745 190658 709171 771006 541611 745260 569507 113781 486623 431472 199125 240575 77829 270502 925652
631936 567037 577496 251821 200698 189410 555954 475039 884327 490264 623016 457084 295387 753076 311361 451824 591076 362066 681189 514397 509245 462365 581254 342206 545669 662075 794229 350500 853308 350976 999999999 820238 725105 791612 409330 714896 535348 342022 423836 280495 198867 234099 249959 89701 604511 667020 435209 682064 592499 585397 533442 288625 389816 320391 175718 323639 755360 225862 281271 645743 636569 611723 243832 702434 674938 525676 680375 42135 648513 678317 385453 127062 589253 562766 254141 589947 500889 774596 341428 467411 749910 25874 483662 601832 221964 685898 231045 392927 511868 244514 665044 299241 414025 246163 344611 175505 541424 282628 584946 646531
550405 551667 586447 914085 971563 1008012 489671 440897 170780 556589 750580 584685 575732 825837 1010072 770748 803087 1176018 141910 335516 323295 435001 361248 723235 702202 391142 399770 578946 64154 802748 820238 999999999 856064 942060 410925 804664 403024 1028589 747157 765145 983220 781913 1047765 843511 573962 790780 582675 479221 743180 399562 286853 809260 507723 588686 644520 835015 757137 768362 848303 499955 720433 365319 1003126 821671 191015 659174 476116 784707 658591 261013 809056 815221 770746 783657 865669 646221 357889 955077 718462 798335 76712 845952 363820 629796 1021934 236874 907560 779266 636403 710019 237959 655591 912399 628665 475966 727886 678685 827192 706714 741478
305839 317824 281170 545342 674548 839530 1004631 882885 772001 353160 124542 985474 805382 56389 589353 273349 1212936 866049 798609 599948 768978 505455 925961 385691 205774 465221 503110 457315 834071 380348 725105 856064 999999999 89705 676318 53349 914697 578545 1056435 946616 698011 915481 932513 813333 1100037 1263001 964304 380968 1185333 466775 708026 974838 490807 482543 676036 419312 128589 499431 468291 356205 141456 960020 665607 35316 673681 1089442 383709 732637 197640 595324 1054878 837788 140368 1182647 966186 1131656 578078 99044 972395 1115751 837711 732900 592450 233200 740773 925207 561214 1047341 1065066 880167 903796 891050 375132 805526 681534 556509 223266 457114 176478 1224177
392917 407355 370724 594541 723026 893310 1092602 970822 852341 442222 213015 1070785 888626 118854 626805 342267 1295414 902414 887455 689653 858406 594845 1015277 458265 291898 550918 579796 541617 918147 441638 791612 942060 89705 999999999 764634 137743 1003467 612128 1137022 1023366 746415 990396 987661 880801 1187385 1347293 1049357 464527 1269352 555511 797723 1049912 578189 565620 754607 475892 195101 566078 524022 442239 231117 1049425 709430 124943 761329 1174208 467426 802296 285149 681847 1132431 908190 221929 1265066 1037465 1217647 667769 32299 1052197 1195649 925547 797397 682054 322617 787076 1014819 612086 1126174 1150099 958258 993444 972055 415848 886412 768034 627812 310719 515630 264982 1309187
425225 377833 410287 528445 567701 597481 328650 207218 487115 324207 551845 329762 204105 672848 622959 477838 575805 766306 272867 141326 119379 179944 259553 387190 473931 355124 474945 243950 445358 461859 409330 410925 676318 764634 999999999 638443 240059 645600 449894 405902 577397 406865 641532 437455 426034 608191 312544 421157 534817 285935 124117 449269 188751 234943 233620 480151 632751 388423 478618 404189 539434 295311 602338 642312 278641 435087 418041 374299 506234 308666 484612 414980 547191 547394 489354 465824 144073 763989 386486 511499 341512 435030 120418 456925 614090 310527 518081 462751 408988 338220 287208 303827 575266 245155 66454 333013 454069 460231 499862 564364
255177 272064 235721 550729 679299 839358 967092 845573 718833 314236 94551 952964 776374 38473 602390 267310 1184241 877961 750206 555663 727183 464343 884538 372826 177839 413573 449779 428336 781761 378577 714896 804664 53349 137743 638443 999999999 875192 594148 1030403 925308 702650 896246 930896 801810 1063740 1231712 932240 328340 1154528 418275 664032 955273 455817 455284 653591 420768 81513 490907 469643 304723 99015 918165 673724 27630 623591 1057641 331135 719427 147491 544243 1032426 823387 126229 1154069 950501 1097827 534395 151427 947493 1090459 787821 724459 549790 187248 746641 879252 565187 1023437 1032881 857522 858146 864841 389189 779707 647601 542850 191421 456352 142941 1191844
648802 608715 643052 720280 726622 701543 103805 60496 545766 561623 790470 181885 240847 908586 808685 714881 409408 892671 278594 333978 156593 411306 50726 617334 713576 545624 641144 480781 461129 687255 535348 403024 914697 1003467 240059 875192 999999999 835208 345324 386352 729944 414977 715031 522827 205048 414655 181856 626868 354000 491786 234421 427944 428789 467475 383009 698354 863766 594449 687606 619045 776279 76476 766974 880348 381943 261519 623465 493542 738491 452443 411262 481202 787064 386907 493986 264269 350157 1003554 327560 395329 328202 559965 330636 690825 757112 183290 705802 380247 237027 347376 171656 283144 798295 293908 255902 526709 693354 672081 738489 366097
644285 589543 578315 117180 158958 328822 876451 778031 1041573 531830 526638 790006 610314 625794 31008 355806 932040 290394 905049 693349 763545 600407 874433 326156 482276 747654 864431 453317 1043973 258732 342022 1028589 578545 612128 645600 594148 835208 999999999 765499 621229 176102 573588 421138 414271 936869 1008928 767265 723860 934514 686086 757097 624387 523088 440287 453190 213336 662853 260751 184255 681836 557290 908513 122827 571388 850190 865639 723801 379187 602769 819117 722625 462381 480936 904112 576024 928674 671724 585326 683440 806878 970557 327850 664770 574965 199844 954159 129544 732886 850411 585712 931188 636448 204984 570808 596108 313603 493283 206273 515244 988401
858029 801504 827914 672686 616678 511438 279736 308173 880725 732847 936471 163986 259457 1068106 734682 801682 168280 706462 616179 589360 452433 616974 391559 685312 852946 804969 923321 602530 803387 727836 423836 747157 1056435 1137022 449894 1030403 345324 765499 999999999 145231 608630 194063 481331 356381 255692 243702 164531 867264 172233 734291 525767 155752 588323 575119 383939 715920 1044850 602758 683516 845756 935747 399579 659871 1026527 694663 139583 864313 389288 920214 747197 78611 305835 916515 139212 227452 203629 593952 1127505 86911 62066 671380 437917 570306 868850 615393 525881 652548 47586 144218 187380 516422 165563 816354 250920 407357 529077 839217 677683 887710 228572
777676 716972 739239 531258 471495 371581 356523 333062 877744 643582 830759 234573 202315 963592 590337 682950 310829 568581 625621 546213 446727 549164 436970 566027 747674 749621 875994 504521 814733 600262 280495 765145 946616 1023366 405902 925308 386352 621229 145231 999999999 463417 49016 353249 211205 368038 388822 220193 800117 316983 674325 507629 44453 504992 474664 271904 583863 948157 472729 548278 773281 834415 455748 514663 918681 676865 266126 797489 248212 827088 714501 110202 160604 806283 282958 108784 333045 544914 1011331 74809 187266 688511 293393 521755 776096 470912 567847 510788 112647 259884 71574 553191 109650 682079 164787 348770 401561 736500 544396 784453 372797
691957 629937 628852 152685 23469 155453 754590 670091 1024866 559685 621487 655384 492088 738123 146852 439518 771898 202820 849180 658053 687480 582984 774261 363486 559131 762487 889864 444045 1008858 327216 198867 983220 698011 746415 577397 702650 729944 176102 608630 463417 999999999 414586 250141 252273 802660 851987 633714 759807 780234 691306 698849 460646 503775 420907 353479 282493 760643 251625 234297 719230 645406 805917 54454 683780 820726 719870 758943 240739 676841 807397 558785 302854 579288 745151 406357 785178 640046 723024 531027 644866 917388 177529 627386 638829 46512 871536 137478 572269 707536 438831 849751 496764 331811 444499 517700 261450 563330 250506 596916 835647
759460 697463 717879 485668 422935 323939 394433 358875 886988 622668 801767 274858 208640 934657 542649 648754 358618 521328 640981 544656 460080 538077 465683 532185 719235 741307 869808 481208 829045 562135 234099 781913 915481 990396 406865 896246 414977 573588 194063 49016 414586 999999999 310605 162321 412739 437465 258408 786952 365965 664897 515610 59539 488116 450620 246449 543484 922519 433962 506298 758217 807275 486965 466035 888471 682692 313784 784466 204000 803409 714769 151841 111943 775424 331138 84045 380628 541178 977297 121540 233524 705646 245802 518563 752831 421903 593663 465015 159308 306332 71916 577700 131904 640263 161720 345800 364749 709226 503502 756711 421812
876369 811629 819074 395245 271991 95358 704288 655954 1125548 735608 843682 585463 482710 967915 394091 663617 621530 237298 906273 758083 727030 711781 765013 567274 772455 912032 1044171 598684 1086300 552801 249959 1047765 932513 987661 641532 930896 715031 421138 481331 353249 250141 310605 999999999 204376 721201 707759 568744 930297 647737 835335 764127 327400 639773 569160 413519 513397 980818 445711 464573 893122 862495 789737 299323 914672 915630 615585 928720 273722 882959 924934 411278 236029 804994 600194 253962 682123 746312 965985 427826 496340 974273 229060 727785 838993 221451 885736 376489 435725 611941 369965 867346 436125 577709 427507 575109 415675 771861 475484 811649 704525
706584 641899 655051 334788 261094 179113 526632 462633 922657 564835 709242 416677 284401 840108 383263 540293 520072 374221 702131 557238 523507 519267 571604 429024 630613 723145 855371 422167 881961 440564 89701 843511 813333 880801 437455 801810 522827 414271 356381 211205 252273 162321 204376 999999999 561653 599724 396676 750896 528150 645633 559791 210202 452288 391112 213250 413221 839867 314759 370307 716403 721355 598877 304008 790033 712842 471276 748966 85298 730021 725953 308522 51033 676600 493048 166694 537485 546853 864054 280264 393602 770257 90924 527378 682170 260946 687203 313658 320383 460925 194362 667962 257970 502359 229660 371003 259543 625166 372199 669722 583788
847261 803173 836155 829377 805182 734816 101656 219182 731355 749723 975527 147480 332224 1098560 907623 879605 235946 932504 468397 536111 360700 604719 224906 772383 895535 750145 845803 650564 636537 833721 604511 573962 1100037 1187385 426034 1063740 205048 936869 255692 368038 802660 412739 721201 561653 999999999 217469 169793 830022 173214 694165 439268 396253 609266 631479 494346 835706 1058440 724113 815351 820270 964815 210590 848193 1066543 583625 118369 826651 563478 932091 656729 334303 511904 967242 222828 470676 75006 550584 1184709 293376 277877 505478 625132 529738 882950 819646 337135 811767 302756 112092 367335 337424 306071 938461 366236 420409 650403 876871 803517 923708 168022
1033217 983381 1013870 914268 860317 748644 312130 412738 948813 922332 1139881 279959 459481 1268217 978157 1021316 86864 940051 685235 732885 564522 787537 440801 907236 1057285 950847 1053729 805827 853637 957093 667020 790780 1263001 1347293 608191 1231712 414655 1008928 243702 388822 851987 437465 707759 599724 217469 999999999 299787 1025778 78602 889280 644033 394059 777315 781834 608429 949430 1235819 835546 920048 1011675 1134095 428043 903471 1231137 796532 174390 1022519 631497 1109188 866119 299181 549374 1125365 108322 459619 150386 744238 1340834 326230 212229 722893 681542 721876 1058536 857429 553922 894409 280724 199853 426224 554826 387986 1051292 470615 585730 760815 1040968 912568 1089138 49450
735637 684399 714435 660560 635773 573034 136392 144366 717414 622575 840799 23248 168671 968608 737934 728892 263431 770148 452040 444994 293404 490051 229754 617560 758530 663649 775526 507793 638891 674147 435209 582675 964304 1049357 312544 932240 181856 767265 164531 220193 633714 258408 568744 396676 169793 299787 999999999 733425 223832 597585 369851 257344 477531 485040 329008 672792 936167 559934 649878 716607 834444 242154 678693 932119 535986 125452 730271 393966 809590 593923 229656 348240 827522 235479 328686 172023 453330 1043895 152105 218503 506852 456280 430179 758854 652010 364261 642683 198429 100763 203190 353486 138791 775701 197150 286003 485464 741797 639099 789842 259878
88551 134317 150653 633240 739839 854725 728534 614643 393043 200138 289825 749916 610694 347154 717727 381761 996828 960845 442704 294076 470288 251723 622118 402954 270183 91647 144621 331689 453625 465159 682064 479221 380968 464527 421157 328340 626868 723860 867264 800117 759807 786952 930297 750896 830022 1025778 733425 999999999 954278 136512 394168 839518 301350 361688 549162 510816 278059 508250 546843 42036 254545 651447 753759 347800 307264 854482 3492 667035 187644 222669 892940 751953 321790 968528 860378 879487 281542 479738 796739 929285 470184 701443 304009 175473 806079 585390 637624 874836 828194 728607 566911 711063 546782 636155 460232 516957 250134 525588 257661 980282
959096 908222 938232 838192 787724 682728 255339 344948 896148 846103 1062427 205163 381164 1191183 903856 942772 63268 876580 630073 662709 498414 713400 385707 828638 979684 881319 987518 728055 804848 878626 592499 743180 1185333 1269352 534817 1154528 354000 934514 172233 316983 780234 365965 647737 528150 173214 78602 223832 954278 999999999 817934 577716 326697 700835 703787 529912 871303 1159826 757400 842377 938923 1057145 377873 831022 1153629 734934 99811 951061 556124 1033305 801390 236459 477394 1047436 58745 395743 98331 672997 1262669 251074 153412 672533 607892 650294 982497 787594 507200 818510 213664 126084 350035 505349 309795 973301 392083 509681 682614 963590 834634 1011834 56892
166695 152922 188709 582640 673652 767284 592814 478225 361995 164684 354025 613783 480174 445086 674426 380924 861015 894111 331953 158064 335442 127808 489400 360798 302684 77633 209739 247349 390699 435470 585397 399562 466775 555511 285935 418275 491786 686086 734291 674325 691306 664897 835335 645633 694165 889280 597585 136512 817934 999999999 261203 715112 195640 272379 436212 475873 386765 443767 502241 128390 326799 519925 694322 431587 210364 718157 133241 564651 271070 144627 763316 640601 371542 832897 741510 743020 145043 564655 666201 796181 372500 607150 167652 234600 736261 464373 582663 743889 691853 603259 444287 581072 535516 509570 329029 434333 279186 480191 308113 843773
423988 392253 428355 640564 688226 721536 337678 232883 371402 359922 586599 381226 307202 694732 736146 548525 627418 889684 150393 108426 79511 207748 228257 474720 517249 311317 409901 325607 322173 553213 533442 286853 708026 797723 124117 664032 234421 757097 525767 507629 698849 515610 764127 559791 439268 644033 369851 394168 577716 261203 999999999 551962 257176 326468 357736 578045 643018 496847 583168 389551 566822 258858 721507 672868 170325 479714 390726 498298 521019 224503 572801 534823 591505 601580 599418 494538 129986 801983 475641 584787 218562 559133 118036 476848 736524 222840 631887 547121 453544 444564 199992 399854 666723 355642 189704 448397 494939 563346 535644 596552
814686 753260 774482 540395 470783 356043 392852 375751 922178 679037 860764 269718 246161 993664 593382 708293 311847 550710 669909 589183 491161 589245 478405 591714 778098 790832 917924 538423 859067 621312 288625 809260 974838 1049912 449269 955273 427944 624387 155752 44453 460646 59539 327400 210202 396253 394059 257344 839518 326697 715112 551962 999999999 542495 508071 304044 602008 980703 493058 564104 811834 865850 496024 513355 947698 721069 288222 836949 261089 860927 757932 98343 162655 834731 286089 74437 354723 587357 1036836 106069 184323 732603 297982 564318 810184 463748 610126 519541 113473 285525 112136 595885 153981 698052 206390 391173 424202 767809 561845 815423 383447
272800 213588 239737 411200 487761 572100 514686 392928 523708 145563 366343 497800 329146 491634 506562 293780 733995 705748 393420 172756 296000 79494 446766 219225 286505 272302 404545 71354 520896 298619 389816 507723 490807 578189 188751 455817 428789 523088 588323 504992 503775 488116 639773 452288 609266 777315 477531 301350 700835 195640 257176 542495 999999999 84309 247815 327879 459399 266020 341005 270462 357417 482221 512651 457498 327148 602968 299134 370059 333329 303918 603597 450941 359090 704204 559653 642016 149853 576335 510797 649986 454892 411512 146929 282180 547514 477633 407311 588961 577882 433546 454308 425167 411275 344361 191934 243057 267605 319689 314630 736575
316067 251784 268509 327404 404370 496705 543052 423467 607992 174997 361434 506950 323043 493025 423011 248883 730395 623346 469373 253207 352011 163679 492743 152277 277952 346569 477489 31326 603994 228272 320391 588686 482543 565620 234943 455284 467475 440287 575119 474664 420907 450620 569160 391112 631479 781834 485040 361688 703787 272379 326468 508071 84309 999999999 204173 251609 473590 181907 259898 325837 361304 528629 428544 451853 410684 609259 359986 306411 352860 387805 579461 397209 343765 700104 514935 655203 231438 559102 492498 635253 532960 340117 225188 302211 465170 540474 323123 568989 585568 405049 516989 409557 342047 324491 213596 161967 264203 239127 312662 744440
515295 452411 471770 340037 347339 364150 425341 325063 712412 376893 559060 352253 162136 691826 426082 417743 547104 534839 505637 344679 336002 308717 424422 301470 475863 513835 645546 234793 678076 348801 175718 644520 676036 754607 233620 653591 383009 453190 383939 271904 353479 246449 413519 213250 494346 608429 329008 549162 529912 436212 357736 304044 247815 204173 999999999 344221 676776 230981 321144 517718 562548 457518 386096 647477 502532 443709 546932 141600 556998 512765 378999 204397 535683 516775 313021 499588 333699 744164 298102 441427 574362 201449 314547 506383 386278 518073 324333 371585 423445 204158 496364 221667 447065 137838 169089 156465 464606 310092 512550 576943
432568 376535 366806 132997 259310 420219 759168 647060 834868 318884 339126 696007 504602 456801 207412 157478 883181 467923 720185 500627 599270 400676 730180 115263 280504 535186 651095 256532 844796 47301 323639 835015 419312 475892 480151 420768 698354 213336 715920 583863 282493 543484 513397 413221 835706 949430 672792 510816 871303 475873 578045 602008 327879 251609 344221 999999999 478319 113911 49024 468821 364112 765788 258630 402825 650710 787570 510697 342317 400498 612576 693727 447410 296817 853240 576704 843779 477525 456058 629071 768281 782626 325665 474352 367562 327328 789630 145204 694503 767620 528673 766175 561507 102910 480884 444101 188792 287819 41026 316973 919934
