NAME : synthetic_000998
TYPE : CTSP-D
DIMENSION : 100
GROUPS : 8
RELAXATION_LEVEL : 1
EDGE_WEIGHT_TYPE : EXPLICIT
EDGE_WEIGHT_FORMAT : FULL_MATRIX
EDGE_WEIGHT_SECTION
999999999 603062 863537 881477 328324 565893 195733 395761 803696 356926 199796 451908 831575 260029 279111 990283 587900 214459 451249 431246 591859 561139 433937 445794 19169 711488 612589 764176 547686 383431 113430 591940 391445 608685 177740 507876 208360 633887 221519 293908 531960 399978 631306 276999 710215 700007 373301 769871 805093 235108 795077 391819 411466 447407 246768 516957 514467 69100 524418 465032 786905 342782 459371 622342 531149 75725 187274 674578 356351 479984 701032 801282 521368 664616 374338 543336 70651 542106 360999 770861 558180 766482 523811 557137 478491 545991 479919 160506 878095 206182 564583 541150 903543 802092 273090 912253 84481 858622 183433 756057
603062 999999999 786992 303473 285979 750111 525618 254195 655290 924620 508824 334682 509061 530799 867121 413617 406446 497265 665807 827757 842154 174887 733435 407975 619940 660974 71842 560578 453805 389318 530241 146376 239718 301754 777814 137382 417155 848944 569373 836202 86067 355893 204296 476844 470612 121571 851792 715696 455395 470312 766520 599366 637483 233617 650892 393715 452602 667301 853261 549174 276852 282841 846724 185536 600895 541115 459784 541258 403044 842928 311666 291799 666248 745273 459606 301877 669349 678619 293707 447503 396340 203480 702336 171605 257436 791703 452154 522890 460628 400050 59521 443351 397763 237779 397615 905577 532703 277448 669707 161393
863537 786992 999999999 771074 824545 368171 975596 880267 139832 909652 965201 1010080 360530 1029993 931527 808243 387617 967813 442909 623265 436834 614092 513274 1066427 863530 155102 719325 238579 368062 531611 755238 640886 672348 485327 928668 677922 716488 391099 645442 825436 727089 992233 589599 594739 323374 741811 735104 93948 405905 641058 80038 479601 472639 614275 655671 428164 1139335 872597 538256 398942 630961 683140 613130 965754 332979 873295 902201 248958 548581 581381 503080 629180 362847 238008 504200 1035331 874590 345073 639009 385466 1118607 716110 381442 618131 566579 435108 1120061 705326 487837 816730 820971 378876 628590 721838 922160 134410 792002 772817 736107 785583
881477 303473 771074 999999999 583078 872010 826000 557645 631789 1171927 809200 629339 416789 833982 1127286 110838 478054 798398 820979 1018434 973774 332563 904887 701884 896615 692997 271247 535084 549745 579650 792899 295117 491587 367339 1048909 373710 679510 964429 798486 1077852 353798 656331 278294 696083 462272 186156 1068975 729841 366381 705796 781818 771588 805003 447151 874514 510857 735214 940611 1014780 688851 147381 540410 1031452 430359 714288 827216 756583 569466 603216 1019056 292101 144730 792525 821353 642177 576764 942814 797761 531665 385975 667280 115472 833246 335127 435941 930600 740949 773374 304286 687881 360305 543169 169974 81423 699624 904404 803661 26563 912415 145216
328324 285979 824545 583078 999999999 654258 243760 80814 719722 672598 227039 197139 657150 261948 603805 693909 453760 217489 544291 644176 724298 307278 582395 243290 346556 673572 313506 645902 456746 300990 281144 322243 159334 409863 506011 231020 188219 747967 365791 593353 231513 169001 379685 308692 565799 396933 635794 735815 614474 277089 777916 468805 505665 228862 443841 398793 318896 396055 700904 471206 518417 141501 668454 299283 541195 260143 174024 584151 292880 674863 478942 533940 578708 699483 352767 259152 397878 597015 185586 590118 316487 473026 603407 301963 278641 671398 296621 293915 659470 122500 240210 446104 642927 509254 124564 915807 270962 558066 435530 446073
565893 750111 368171 872010 654258 999999999 722570 729463 390326 543872 716922 851077 561806 785805 573883 948009 394063 724615 117535 255099 102716 588755 151838 888174 560108 264774 702412 424628 322575 371919 476067 628741 544516 506520 588005 613880 487874 98897 348952 464016 667807 816781 609281 351836 444996 763227 367731 293062 576296 393544 288179 190064 159102 520340 325778 368990 965972 554972 178646 201056 726644 527823 245914 891347 157942 599261 663764 338025 369137 215322 582537 732929 83919 130199 306664 907196 556575 74480 491467 539004 970743 777462 50909 589896 492852 72461 938601 428432 676137 595282 758102 329816 785205 799226 712779 367214 513762 862343 404536 822345
195733 525618 975596 826000 243760 722570 999999999 277736 892905 540192 16806 285770 871692 65924 453547 936824 644049 30439 605050 621017 764125 543024 606557 262063 212686 820496 557212 834707 624506 450888 248253 562616 376814 628424 344034 471241 259332 801282 375926 486856 475268 233198 616434 385902 765049 639895 568906 882187 834766 339460 915566 535618 563521 446623 425218 577892 324347 255418 707664 583289 760491 337513 648863 490268 654882 130935 79623 757010 429879 666792 708284 775923 664491 803775 471527 381429 256027 685130 374320 805992 377142 716703 675724 537970 491223 714857 289285 294260 890392 169006 474526 615520 884376 752909 129936 1043861 212020 800715 374078 686894
395761 254195 880267 557645 80814 729463 277736 999999999 768609 746272 261238 129877 684551 276934 674120 667790 500194 248078 621361 724990 802122 322065 662066 190320 414568 732324 298422 688892 512724 368199 359008 326942 207960 439747 572965 241408 269024 824308 446602 669606 223241 119755 389749 387518 604724 373697 715439 793954 637997 357357 838154 546073 583403 269428 524492 452113 259568 464592 780994 541874 512991 205676 749248 226582 610309 323496 222874 635283 363580 755486 496370 528581 652232 768460 425014 179447 466261 669968 247663 617627 244114 454120 678554 316588 319448 749184 243408 374124 671799 194974 199269 501764 637818 489582 147801 977449 345796 531643 514185 414904
803696 655290 139832 631789 719722 390326 892905 768609 999999999 904376 880992 897459 225969 942634 912151 672201 268524 881652 429954 635521 479930 485069 514249 957670 806601 125568 586184 99053 268847 442046 691378 508924 562687 354134 892953 553602 634901 444052 596017 813557 600322 884212 454740 527219 186325 604275 738167 117313 267959 571389 161347 444897 449382 499379 623168 321681 1028079 823110 568963 346822 491148 580299 631441 836823 297066 802268 816240 136688 463517 603148 364349 489485 354236 274081 430758 915219 825265 342102 536597 245899 1001523 576557 385062 489454 449836 462666 1011227 643190 354614 727895 692586 278357 492817 582010 825795 272623 726005 633163 700431 646702
356926 924620 909652 1171927 672598 543872 540192 746272 904376 999999999 548322 808808 1011978 597519 93739 1274430 775473 564194 474770 294477 504232 839392 396508 799544 337797 784751 917812 903540 711076 601570 396178 877215 689973 841182 200061 807646 507617 556925 375536 96816 844264 756751 899126 478821 881765 1003464 177819 827233 1002969 466163 830225 468011 456319 725174 307561 710821 864516 289001 399531 573445 1053918 643404 312837 971523 608601 432647 544149 805623 575138 346596 937806 1066249 552813 673205 552351 900081 287871 567987 642928 964435 913308 1057371 528823 836802 738092 484743 829472 402712 1093331 551564 895823 709809 1155477 1090508 630008 905788 401648 1152294 259524 1063912
199796 508824 965201 809200 227039 716922 16806 261238 880992 548322 999999999 272580 857153 68913 462744 920023 630682 16328 599392 621202 760516 526937 603350 252016 217401 810106 540463 821744 612381 438959 244516 546239 361309 613415 353559 454840 248715 796883 371685 492615 458552 219799 600323 377426 751356 623098 572046 871947 819834 331197 905938 529163 557821 431329 423652 564983 316538 261790 706115 574287 744008 322609 648923 474827 646089 131297 65524 744900 418477 666114 692696 759450 657491 796043 461461 368081 262533 678062 359985 791320 366782 699947 669637 521864 476295 710830 281635 289227 874781 155221 457806 603273 867963 736148 113470 1035049 209213 783912 375194 670094
451908 334682 1010080 629339 197139 851077 285770 129877 897459 808808 272580 999999999 804605 254707 728165 735799 628938 256387 740122 825463 919090 439581 773691 73294 471019 862168 393778 816207 642600 495800 444494 437695 337826 563072 620894 359483 374355 944160 548917 741846 330271 52933 502344 503123 730828 455536 802374 923825 756000 467987 967914 664582 700901 398085 621919 581916 131094 520015 890181 667844 609288 333624 851075 224948 737283 376184 264659 764695 489342 860531 611930 624575 775845 895593 549736 95721 521252 794145 376450 738179 120320 537526 800269 434174 447735 866305 120550 470005 781461 279155 275161 631637 731910 570815 179058 1107072 422554 602780 598622 484177
831575 509061 360530 416789 657150 561806 871692 684551 225969 1011978 857153 804605 999999999 909231 999778 447718 245450 853609 561148 777547 661679 365101 652352 872926 839496 319927 437279 143578 301676 448416 719527 372352 500729 247287 956743 445173 633260 635680 657427 916019 478361 804304 308086 564986 130214 428436 863748 337779 55421 599900 385969 546389 565458 429714 708341 316219 934400 867922 734219 441221 287024 534920 780399 694320 425009 809391 792070 224267 475938 757412 197769 281587 501226 469866 472216 799911 870232 496771 497463 67104 892488 381562 539986 370484 381945 632224 924455 678455 128706 703054 558287 304161 268064 378784 777665 494940 747634 422004 774998 458092
260029 530799 1029993 833982 261948 785805 65924 276934 942634 597519 68913 254707 909231 999999999 508711 944371 688256 62557 668277 686861 829146 568622 671802 216964 276337 874985 569877 880408 673788 501223 313107 584124 409361 663382 398959 492965 314198 865730 440467 548445 489862 205170 641387 445069 807474 649007 633300 937043 869768 399064 971948 597885 626703 480310 491044 624246 270801 316903 773513 641245 779336 374826 714726 472102 713229 196856 127857 806163 481960 732716 738383 794907 725973 864060 527181 349372 317320 746506 414717 842797 331265 728207 738443 563367 527295 779589 235747 358124 919850 214745 476145 664375 904127 764085 137641 1102037 277359 808126 439730 691787
279111 867121 931527 1127286 603805 573883 453547 674120 912151 93739 462744 728165 999778 508711 999999999 1232462 757677 478860 489226 340515 549673 796339 422282 714728 260052 797440 866438 901082 698329 570837 337446 832308 638467 811937 109769 757226 451546 601558 345728 112868 789784 675602 860019 446470 870261 953278 228238 844853 985751 425540 853541 467863 463805 680685 292886 689856 777584 210011 449931 570553 1016444 590449 363533 900570 615239 353899 464267 803649 543255 396039 908570 1029523 569217 699710 530234 821013 208491 586492 595624 947979 829250 1011962 551091 793271 699250 522438 742459 354064 1072008 481429 834142 695619 1123514 1046151 550532 940682 335669 1106416 226043 1012420
990283 413617 808243 110838 693909 948009 936824 667790 672201 1274430 920023 735799 447718 944371 1232462 999999999 555670 909183 906232 1109407 1050584 436150 992655 807809 1005144 748690 381741 580509 629150 677324 899717 400682 599461 452631 1156230 482451 786898 1037051 899631 1179579 464347 764565 375861 796620 518895 296993 1165565 778526 404881 808967 829071 861618 893396 551791 973926 596940 837668 1048539 1098734 773410 226583 648312 1120897 529972 791830 937076 867370 629794 702041 1106561 366340 217483 871310 885952 736946 678752 1050761 874616 637421 432462 767213 223966 912331 439192 536454 1009978 845156 878406 321891 798117 469707 623805 179654 188193 810308 942651 911644 136285 1015211 253564
587900 406446 387617 478054 453760 394063 644049 500194 268524 775473 630682 628938 245450 688256 757677 555670 999999999 629272 353853 564862 496124 231560 443124 689585 595160 254541 343453 192928 73850 204585 475216 263952 295320 117038 711563 290531 394898 486653 413365 678810 340728 616404 226346 319552 122946 385473 637770 310371 228168 354859 360482 320247 346786 230867 468811 71029 759596 622646 544115 221966 332657 317118 572983 580194 236677 570205 565169 138663 231564 555554 189335 339327 315774 352484 227889 648606 624952 319976 274692 190315 733665 387193 356758 234958 181362 454402 743077 433268 318429 475501 435467 70111 401075 406603 564710 500263 504518 469038 531984 440143
214459 497265 967813 798398 217489 724615 30439 248078 881652 564194 16328 256387 853609 62557 478860 909183 629272 999999999 607134 633419 769941 519888 613163 235870 232298 812770 530414 820891 612857 439857 254369 538188 355985 609014 369742 446742 251743 805642 380865 507739 448817 203648 593167 382612 749357 612402 585977 874773 815520 336693 909479 536214 565551 426426 434813 564336 300970 277239 717129 578688 735465 318702 661051 459829 650678 144425 65658 745330 420119 677748 686948 750947 663934 801691 464734 351933 278024 684427 357142 787536 350562 689786 676948 514758 472151 719931 266144 297892 868926 154134 445544 603581 859683 725942 100381 1039480 219895 772987 388128 658629
451249 665807 442909 820979 544291 117535 605050 621361 429954 474770 599392 740122 561148 668277 489226 906232 353853 607134 999999999 216410 181720 515408 91333 774508 446491 310196 625162 437914 280218 277720 358857 556605 446460 454431 488462 528425 372611 204268 232252 385720 581057 703995 547610 237743 434097 693735 309408 355651 564292 277702 366019 75540 41583 432411 217980 310217 852359 444938 194061 132833 680372 424186 220794 794743 138140 482209 546515 341540 269220 201739 541175 688770 80083 218649 208162 800295 446676 98368 391339 525406 860239 718597 72565 515648 412810 129031 824293 310968 662125 479509 667245 284006 754891 744081 597186 467247 396652 808299 298625 754788
431246 827757 623265 1018434 644176 255099 621017 724990 635521 294477 621202 825463 777547 686861 340515 1109407 564862 633419 216410 999999999 210538 697612 125239 842383 418201 511240 798938 652450 492315 445811 385887 738861 591408 657155 384460 693412 456006 263058 278419 227705 741733 780480 740752 353144 650357 875550 116759 546313 780120 371204 543261 247845 218117 598213 203853 513594 917966 392602 109703 343373 882829 556098 28180 927961 353468 490215 585712 557058 427246 56094 748323 892449 282852 385268 378426 901616 393369 293492 535551 741160 943840 910835 250516 696779 591280 191299 885698 355484 877384 546588 817179 494786 965031 939167 657519 611763 415648 1003479 247959 937623
591859 842154 436834 973774 724298 102716 764125 802122 479930 504232 760516 919090 661679 829146 549673 1050584 496124 769941 181720 210538 999999999 684943 158253 950483 583004 355775 797471 522502 424046 457183 516039 725451 627571 607540 582793 705065 547693 52714 389108 436866 758439 881285 708804 415997 546882 861059 327053 373926 677866 452587 358058 256263 218723 609952 345094 468070 1028241 569104 106640 294689 828780 605906 191621 975850 259513 635869 712717 438796 450344 157813 684906 835248 181880 207131 388629 981310 570377 176157 572759 640857 1039378 877896 142122 685776 586132 52940 999121 472460 777708 652608 846512 430893 887873 900341 770082 406400 552165 963694 415981 920826
561139 174887 614092 332563 307278 588755 543024 322065 485069 839392 526937 439581 365101 568622 796339 436150 231560 519888 515408 697612 684943 999999999 591681 508513 574736 486094 115026 393297 281282 252345 465203 41408 172054 131595 722051 80721 354126 686825 466177 745309 116742 441389 73451 364251 303801 178804 739791 541117 316663 373326 591760 456079 492413 115854 543129 223430 569310 615971 707997 390305 225840 219405 713258 351972 434925 515481 465771 367039 273697 704733 174366 240394 505054 573826 319336 438429 618236 515479 202299 298937 529452 218597 543183 5477 106467 636496 559630 442309 352584 384188 207522 271187 345239 251140 431748 731057 479830 313507 579901 240534
433937 733435 513274 904887 582395 151838 606557 662066 514249 396508 603350 773691 652352 671802 422282 992655 443124 613163 91333 125239 158253 591681 999999999 800637 425522 391448 698017 527644 369876 344670 358866 633084 504444 540081 438158 596688 399525 200642 233122 313260 647646 733317 629088 275300 525430 770481 224516 431132 655559 305902 434072 135632 99989 500296 187332 395717 878067 413922 121001 221172 766285 475586 129985 850022 228313 477830 557229 431936 330677 114169 628972 775223 160048 278101 274640 841390 415318 172989 448192 616652 893882 800066 132427 591419 486675 112782 847968 316790 753241 501484 729400 373048 844110 826853 618102 519043 394537 891204 260989 832149
445794 407975 1066427 701884 243290 888174 262063 190320 957670 799544 252016 73294 872926 216964 714728 807809 689585 235870 774508 842383 950483 508513 800637 999999999 464428 916363 466629 879043 698365 544013 456846 508544 395222 629429 605571 427962 402804 978693 570651 739495 401443 74346 572908 536835 795043 528808 809297 978478 825175 497970 1021048 699281 734222 459217 638723 639015 77851 511355 914072 712018 682345 384439 868892 290122 782838 371340 262137 823449 534605 880968 681830 697660 815936 940876 592918 145613 512301 834937 428327 806219 115176 610790 837748 503067 509398 898132 53651 488694 853037 299262 348454 687567 805125 644005 184866 1159089 430078 675321 606529 556811
19169 619940 863530 896615 346556 560108 212686 414568 806601 337797 217401 471019 839496 276337 260052 1005144 595160 232298 446491 418201 583004 574736 425522 464428 999999999 712275 628305 769260 553001 391084 119978 606155 405886 619180 159481 522913 221005 625916 219217 275594 548023 419050 644388 281252 717087 715757 357127 770061 814039 240939 794129 389216 407272 460446 238203 524141 532707 50073 513153 465771 800338 357104 446368 641144 530714 94851 206370 678671 363681 467807 712193 814609 518058 661374 378681 562500 51698 538716 373791 779411 577011 781481 519025 570824 490284 537963 498084 164307 888362 224232 582112 546771 916218 816984 292234 909534 95509 873941 171174 772189
711488 660974 155102 692997 673572 264774 820496 732324 125568 784751 810106 862168 319927 874985 797440 748690 254541 812770 310196 511240 355775 486094 391448 916363 712275 999999999 597184 176351 220315 377693 601999 517635 524604 364968 785743 542302 561391 322409 495786 695773 593909 842036 474293 440425 231081 632352 615904 62502 348634 486577 107130 334696 333729 470610 513227 282529 990306 723763 443418 246519 546562 532088 506430 833434 185168 719019 747172 125731 393903 477815 405950 548269 232181 152736 349148 892618 725820 218534 488082 317006 973203 620372 260779 489495 425158 337143 969904 552321 445231 661967 689023 231413 573158 632616 768395 247702 638422 689922 592526 682578
612589 71842 719325 271247 313506 702412 557212 298422 586184 917812 540463 393778 437279 569877 866438 381741 343453 530414 625162 798938 797471 115026 698017 466629 628305 597184 999999999 490606 396100 354070 529382 79556 228205 234301 783038 110278 415186 800763 552304 826475 82618 409021 133030 454430 400753 87463 832223 650390 383742 454848 701745 562595 599867 201164 632358 338431 516303 673583 816110 502860 216176 275990 816188 257360 549515 556434 486126 475537 371704 809795 239827 231637 618566 688712 423538 369565 675737 629523 275864 375675 463850 159527 656141 113139 212352 748293 513273 515327 392200 416713 124190 386093 340270 195770 433340 839929 536930 247195 659523 146169
764176 560578 238579 535084 645902 424628 834707 688892 99053 903540 821744 816207 143578 880408 901082 580509 192928 820891 437914 652450 522502 393297 527644 879043 769260 176351 490606 999999999 216550 387337 650759 414541 486868 261703 870216 465289 581301 494160 569095 809456 509653 806553 358273 488128 89982 505797 746169 198101 176030 529102 248648 435803 448660 420015 608344 256819 947266 791149 600319 331033 393007 510038 652620 743662 299774 754160 756326 97922 411937 627491 265434 391881 370934 326943 390855 828258 793392 363804 467567 149499 916502 477566 407634 397947 369732 496238 932289 605009 269851 666834 600230 223577 402336 483486 757637 370087 683041 535581 681205 547688
547686 453805 368062 549745 456746 322575 624506 512724 268847 711076 612381 642600 301676 673788 698329 629150 73850 612857 280218 492315 424046 281282 369876 698365 553001 220315 396100 216550 999999999 173751 434258 318027 304788 184134 659105 327259 367658 416887 358094 614833 380444 624177 289541 272218 171932 446937 568343 281400 292907 312586 327088 249831 274532 250656 406666 62762 771435 576137 470281 148968 405303 315571 499826 618650 164659 538559 547500 132519 196715 481954 262848 412423 242909 292627 175499 672458 578402 248174 271451 254043 752948 455464 283772 283686 206686 381342 751999 388885 387120 459050 475593 11129 474686 476673 558267 467438 466517 539778 474196 503997
383431 389318 531611 579650 300990 371919 450888 368199 442046 601570 438959 495800 448416 501223 570837 677324 204585 439857 277720 445811 457183 252345 344670 544013 391084 377693 354070 387337 173751 999999999 271112 293391 172787 241128 514157 252204 194190 470085 226681 505393 303945 469864 301924 124372 327258 429763 489327 440189 424433 152450 479576 210065 248175 155779 297044 133847 619885 420467 464027 175442 453687 162524 462344 519676 242218 367213 374335 306177 28093 455787 337828 465509 290366 400269 70288 541289 422789 306378 121799 388957 612311 468555 321816 251266 145882 405491 597076 231118 504178 286628 389596 165094 554219 498893 390705 615969 299934 562665 345995 491856
113430 530241 755238 792899 281144 476067 248253 359008 691378 396178 244516 444494 719527 313107 337446 899717 475216 254369 358857 385887 516039 465203 358866 456846 119978 601999 529382 650759 434258 271112 999999999 499080 301967 501280 256848 420750 114206 553085 127811 312940 452337 397158 532647 164185 597259 616459 358649 661343 694417 121678 688825 292610 317600 349560 183064 404206 532112 152851 463872 356320 689359 253536 412729 579943 424583 123519 200941 561472 243709 426694 595305 703224 422859 564899 261269 527010 155170 443674 262904 659599 560737 677427 430515 461676 375340 466607 499820 50181 769931 166916 499724 427728 802607 712229 272127 810160 38030 771304 155582 675197
591940 146376 640886 295117 322243 628741 562616 326942 508924 877215 546239 437695 372352 584124 832308 400682 263952 538188 556605 738861 725451 41408 633084 508544 606155 517635 79556 414541 318027 293391 499080 999999999 200586 155559 755724 91446 386639 726580 505108 783610 107543 444459 64940 403744 324559 137407 780056 571025 321045 411070 622294 497485 533796 152097 582738 261857 565419 648573 749321 430932 198771 249159 754602 329435 474132 543144 486908 396228 314297 746139 175674 213985 545168 610586 360659 427574 650814 555218 236823 308030 520401 180169 583562 42126 147597 677256 558242 478313 345155 408549 187770 308251 321816 213861 446541 760668 511891 275080 617698 199131
391445 239718 672348 491587 159334 544516 376814 207960 562687 689973 361309 337826 500729 409361 638467 599461 295320 355985 446460 591408 627571 172054 504444 395222 405886 524604 228205 486868 304788 172787 301967 200586 999999999 254123 557361 118811 188080 642411 329674 599433 155613 321556 244665 238607 406489 314816 612079 586097 460414 230682 630724 374713 413343 71051 411177 244248 467080 449121 625389 347699 397325 48854 611614 348302 411991 343514 298014 428230 177260 610271 331500 412096 463152 568533 239085 372442 451336 479038 56314 433988 449139 376191 494217 167594 119723 575289 448845 287300 513620 213397 225980 293815 517257 411420 276990 770393 312196 469592 432477 374363
608685 301754 485327 367339 409863 506520 628424 439747 354134 841182 613415 563072 247287 663382 811937 452631 117038 609014 454431 657155 607540 131595 540081 629429 619180 364968 234301 261703 184134 241128 501280 155559 254123 999999999 752255 205758 402598 600983 467497 744614 248072 559348 109986 365494 172290 269123 718370 416576 206511 389854 468261 409312 440766 183096 534509 144408 693883 653824 647852 321881 226206 290935 668293 482735 348584 576800 548936 241694 268695 654070 96755 235347 425849 469515 290765 568335 656151 432057 256808 180272 658137 271401 466373 136265 137287 563518 681750 467154 269511 461057 338766 176717 314673 292801 530729 605823 524296 356266 587042 323133
177740 777814 928668 1048909 506011 588005 344034 572965 892953 200061 353559 620894 956743 398959 109769 1156230 711563 369742 488462 384460 582793 722051 438158 605571 159481 785743 783038 870216 659105 514157 256848 755724 557361 752255 999999999 675756 369415 632210 301328 175289 703942 568143 789195 392453 829522 870442 287881 838176 937280 362591 853489 451052 456160 606385 273068 641439 667896 110637 492530 546215 945982 508585 410958 799477 600620 249906 358316 774795 486067 440172 847760 959741 567515 706291 484839 714494 108656 586679 519752 900747 720289 933470 556905 718518 630755 547368 632765 285204 1018263 383713 741165 654801 1058051 968499 444444 953403 246153 1026928 193218 927977
507876 137382 677922 373710 231020 613880 471241 241408 553602 807646 454840 359483 445173 492965 757226 482451 290531 446742 528425 693412 705065 80721 596688 427962 522913 542302 110278 465289 327259 252204 420750 91446 118811 205758 675756 999999999 306753 712771 442457 716199 54263 360671 149840 345676 377040 196152 723127 600119 397264 344701 649214 462261 500283 96426 522863 265185 489646 567038 716231 412826 289545 167295 711637 291559 466850 455688 395851 429035 266967 706885 254961 304893 530140 614947 322473 363034 569231 543075 165661 378697 452383 258607 565690 75251 123195 654455 479292 405317 431737 319024 148535 316375 413136 294262 355468 789589 430103 351268 549251 256269
208360 417155 716488 679510 188219 487874 259332 269024 634901 507617 248715 374355 633260 314198 451546 786898 394898 251743 372611 456006 547693 354126 399525 402804 221005 561391 415186 581301 367658 194190 114206 386639 188080 402598 369415 306753 999999999 576432 177592 420792 338318 334045 423395 136490 517720 502300 451114 623251 602948 95200 657749 297954 331899 239463 256055 325750 480590 261987 515916 327974 579486 139462 480453 479562 400195 176131 186411 499772 171391 487706 493523 593690 420072 553746 212991 446059 264238 440012 152790 570296 494435 564062 438121 350338 270416 495330 451899 109432 672041 107769 389182 359222 695291 599091 224926 788414 125757 657652 256230 560993
633887 848944 391099 964429 747967 98897 801282 824308 444052 556925 796883 944160 635680 865730 601558 1037051 486653 805642 204268 263058 52714 686825 200642 978693 625916 322409 800763 494160 416887 470085 553085 726580 642411 600983 632210 712771 576432 999999999 425357 488834 766704 908263 705363 442003 526169 860408 379665 333940 655600 481316 313570 279725 244543 619202 387742 465893 1056543 614354 159010 299950 818148 624318 244333 989716 253419 674541 746818 415878 466280 210526 673387 823718 182696 170118 403849 1002726 615714 171363 588859 619612 1064186 872350 148273 688070 591629 87955 1028295 507765 755147 682836 856930 424762 870560 893074 800552 354637 589927 955688 461255 919067
221519 569373 645442 798486 365791 348952 375926 446602 596017 375536 371685 548917 657427 440467 345728 899631 413365 380865 232252 278419 389108 466177 233122 570651 219217 495786 552304 569095 358094 226681 127811 505108 329674 467497 301328 442457 177592 425357 999999999 280019 484964 505662 523953 103286 529180 635569 282613 552354 640956 99181 575149 170302 191473 354118 81903 344618 647567 228054 343459 250358 678399 288263 303044 653137 312473 250415 324118 474259 199814 311626 564251 690713 300003 443170 185480 623347 230135 320776 277145 603561 668206 684750 304466 463927 363202 339147 616708 83670 726307 271774 550918 354154 780886 717109 386728 690751 165085 779681 119819 697098
293908 836202 825436 1077852 593353 464016 486856 669606 813557 96816 492615 741846 916019 548445 112868 1179579 678810 507739 385720 227705 436866 745309 313260 739495 275594 695773 826475 809456 614833 505393 312940 783610 599433 744614 175289 716199 420792 488834 280019 999999999 754534 690923 803964 383236 785829 911472 117570 740649 906433 372768 746723 373654 364294 631796 210748 614014 808300 231606 337225 478732 958284 553785 251094 892550 516817 368236 478927 711550 479179 283352 841196 970475 465002 591354 455555 830384 231137 481285 550845 867952 851147 963645 444045 742862 643124 410506 773672 313326 996569 474839 809974 613404 1059025 996434 563006 829968 324003 1058603 166983 972340
531960 86067 727089 353798 231513 667807 475268 223241 600322 844264 458552 330271 478361 489862 789784 464347 340728 448817 581057 741733 758439 116742 647646 401443 548023 593909 82618 509653 380444 303945 452337 107543 155613 248072 703942 54263 338318 766704 484964 754534 999999999 338721 172409 391232 420361 168871 767044 650990 427895 386150 700591 513869 552093 148669 566224 318686 457899 594007 767643 466757 290598 200886 760658 239563 521112 474486 403628 478636 317116 756918 282808 306206 584124 668980 374202 322335 596129 597196 208392 413120 414230 241903 619440 111881 177408 707606 450820 441671 451639 334401 95262 369636 415591 278171 352710 840747 457841 329565 587676 224178
399978 355893 992233 656331 169001 816781 233198 119755 884212 756751 219799 52933 804304 205170 675602 764565 616404 203648 703995 780480 881285 441389 733317 74346 419050 842036 409021 806553 624177 469864 397158 444459 321556 559348 568143 360671 334045 908263 505662 690923 338721 999999999 508023 466276 723302 477455 753842 904167 757616 428826 946702 628581 664078 386540 576651 565027 150383 467828 848360 638590 625139 310092 806483 268247 709180 324291 212728 749686 460846 817077 615532 640631 743571 867326 519611 148286 469029 762388 353986 737382 163602 559268 766197 435916 436824 828720 127877 425212 789614 234130 297041 613401 749225 593659 127982 1084769 373584 629877 550152 511321
631306 204296 589599 278294 379685 609281 616434 389749 454740 899126 600323 502344 308086 641387 860019 375861 226346 593167 547610 740752 708804 73451 629088 572908 644388 474293 133030 358273 289541 301924 532647 64940 244665 109986 789195 149840 423395 705363 523953 803964 172409 508023 999999999 420838 268684 159194 791051 524544 256307 434865 576576 494741 529101 183943 598118 240749 630308 684464 741642 417361 156826 291241 754404 389550 451989 587564 539222 350040 326257 743140 110862 170578 527015 578568 363893 492117 686750 534909 270662 244529 585149 171064 566798 78464 161152 662799 622871 506851 282164 457387 250508 280993 272919 198424 504244 712951 549111 262728 640312 214528
276999 476844 594739 696083 308692 351836 385902 387518 527219 478821 377426 503123 564986 445069 446470 796620 319552 382612 237743 353144 415997 364251 275300 536835 281252 440425 454430 488128 272218 124372 164185 403744 238607 365494 392453 345676 136490 442003 103286 383236 391232 466276 420838 999999999 439267 536063 377828 500814 544855 46639 531297 162446 197898 254192 179006 249101 614682 304268 395417 197898 575115 203415 374079 577284 269071 278601 318701 397608 96953 374926 462176 587430 283745 419214 97437 566964 306549 303811 183264 508307 623394 582813 301838 362213 260351 363186 586893 116945 627321 244245 464096 266468 678107 614775 361300 657997 199074 677659 221822 597923
710215 470612 323374 462272 565799 444996 765049 604724 186325 881765 751356 730828 130214 807474 870261 518895 122946 749357 434097 650357 546882 303801 525430 795043 717087 231081 400753 89982 171932 327258 597259 324559 406489 172290 829522 377040 517720 526169 529180 785829 420361 723302 268684 439267 999999999 418482 734316 269039 131734 476334 321491 416482 436466 337676 578433 193417 861914 743327 612520 311582 316529 433691 654401 653723 300206 693139 685843 111517 353929 632680 180592 317576 378486 368225 344703 740048 745621 376227 392776 94008 829064 395350 418391 308529 287454 513271 848009 554363 231381 596155 510433 175079 346183 404496 680965 451364 627094 460049 645977 462770
700007 121571 741811 186156 396933 763227 639895 373697 604275 1003464 623098 455536 428436 649007 953278 296993 385473 612402 693735 875550 861059 178804 770481 528808 715757 632352 87463 505797 446937 429763 616459 137407 314816 269123 870442 196152 502300 860408 635569 911472 168871 477455 159194 536063 418482 999999999 913666 680983 373074 539074 733304 634873 671200 281882 714776 394520 570582 761035 886655 567027 164623 362945 891637 283027 607165 643343 570530 507359 449588 883469 241242 178341 680046 737408 497697 416178 763191 689246 360660 374011 510085 82016 718982 179140 284453 813457 571878 601391 359118 503233 180789 437901 279783 116299 513928 868019 624356 161226 744661 62129
373301 851792 735104 1068975 635794 367731 568906 715439 738167 177819 572046 802374 863748 633300 228238 1165565 637770 585977 309408 116759 327053 739791 224516 809297 357127 615904 832223 746169 568343 489327 358649 780056 612079 718370 287881 723127 451114 379665 282613 117570 767044 753842 791051 377828 734316 913666 999999999 655069 860801 381794 655328 318614 298595 631910 200905 579146 881838 321318 223760 422747 940254 570803 136738 930675 446934 441908 547389 648932 466286 170127 813058 951172 384049 497667 428876 885644 321494 397502 558760 821802 916917 957498 356494 738148 634015 307061 848082 342374 955359 525541 833240 568955 1031764 988190 626774 728033 380287 1051859 203756 975611
769871 715696 93948 729841 735815 293062 882187 793954 117313 827233 871947 923825 337779 937043 844853 778526 310371 874773 355651 546313 373926 541117 431132 978478 770061 62502 650390 198101 281400 440189 661343 571025 586097 416576 838176 600119 623251 333940 552354 740649 650990 904167 524544 500814 269039 680983 655069 999999999 374107 547157 52566 387857 383059 530909 565126 343106 1052229 779864 469354 305087 585167 594317 538750 890518 239969 779357 809204 174897 456258 508383 448617 585507 275801 167075 410679 952939 781879 259459 550276 346592 1034274 663754 298728 544758 484683 363608 1032043 611459 466106 724249 745827 292439 600424 673534 830888 189955 698073 728622 645210 728938
805093 455395 405905 366381 614474 576296 834766 637997 267959 1002969 819834 756000 55421 869768 985751 404881 228168 815520 564292 780120 677866 316663 655559 825175 814039 348634 383742 176030 292907 424433 694417 321045 460414 206511 937280 397264 602948 655600 640956 906433 427895 757616 256307 544855 131734 373074 860801 374107 999999999 576869 424280 542198 564521 389468 696799 296431 885164 844856 744216 438756 232937 497256 784951 640366 431643 778686 755224 239746 452410 763793 145453 228287 510168 493941 455644 748405 847179 507935 461882 39036 841434 326634 550122 322108 343548 644913 876205 655550 99848 666987 505627 293373 226318 324904 736470 539958 720720 370174 759932 402872
235108 470312 641058 705796 277089 393544 339460 357357 571389 466163 331197 467987 599900 399064 425540 808967 354859 336693 277702 371204 452587 373326 305902 497970 240939 486577 454848 529102 312586 152450 121678 411070 230682 389854 362591 344701 95200 481316 99181 372768 386150 428826 434865 46639 476334 539074 381794 547157 576869 999999999 577910 203481 236825 259095 181007 283852 575771 268174 423834 244538 591026 189161 394152 556961 315656 232535 273237 440332 124461 398601 485747 604019 328117 465002 140634 536239 270492 348411 179051 541236 588259 591214 344191 370671 273848 400168 547081 78697 655865 201835 451928 306064 698580 624384 319487 704535 154748 686146 206639 600253
795077 766520 80038 781818 777916 288179 915566 838154 161347 830225 905938 967914 385969 971948 853541 829071 360482 909479 366019 543261 358058 591760 434072 1021048 794129 107130 701745 248648 327088 479576 688825 622294 630724 468261 853489 649214 657749 313570 575149 746723 700591 946702 576576 531297 321491 733304 655328 52566 424280 577910 999999999 407021 397422 577595 580922 389488 1095497 800951 458623 333564 637430 636610 533104 940151 264273 808824 844137 226620 493832 501400 501177 637609 286230 157993 444778 999533 802890 267741 592782 397779 1079639 716311 302715 595297 532284 355146 1074496 638684 514626 760702 795615 338206 650504 725977 869534 140571 726113 780843 661626 781456
391819 599366 479601 771588 468805 190064 535618 546073 444897 468011 529163 664582 546389 597885 467863 861618 320247 536214 75540 247845 256263 456079 135632 699281 389216 334696 562595 435803 249831 210065 292610 497485 374713 409312 451052 462261 297954 279725 170302 373654 513869 628581 494741 162446 416482 634873 318614 387857 542198 203481 407021 999999999 38632 365841 178787 265965 777127 393963 253991 105584 635035 350307 259865 722552 149643 416012 474514 337897 198261 248893 500929 644606 130313 273066 139788 725138 395892 151136 319002 503207 784702 665501 141013 455794 351063 203344 749270 243298 636946 405246 597716 250818 718384 692909 522796 520455 330639 757272 257840 696574
411466 637483 472639 805003 505665 159102 563521 583403 449382 456319 557821 700901 565458 626703 463805 893396 346786 565551 41583 218117 218723 492413 99989 734222 407272 333729 599867 448660 274532 248175 317600 533796 413343 440766 456160 500283 331899 244543 191473 364294 552093 664078 529101 197898 436466 671200 298595 383059 564521 236825 397422 38632 999999999 403891 183537 296574 812068 407610 216276 125947 666911 388667 227618 761150 152526 441030 504976 351014 236846 214108 530703 676060 112479 255034 177896 762622 409414 132604 357616 525488 821124 700088 113028 492278 387958 165789 783753 269513 660771 438515 636261 276742 746978 726879 556223 503854 355455 791233 264310 732746
447407 233617 614275 447151 228862 520340 446623 269428 499379 725174 431329 398085 429714 480310 680685 551791 230867 426426 432411 598213 609952 115854 500296 459217 460446 470610 201164 420015 250656 155779 349560 152097 71051 183096 606385 96426 239463 619202 354118 631796 148669 386540 183943 254192 337676 281882 631910 530909 389468 259095 577595 365841 403891 999999999 432919 188107 528736 500821 619805 319523 340145 110766 615981 374953 377050 405540 367441 367135 171117 610736 262669 354263 436943 529193 226054 422051 503097 450737 86837 362946 504350 332260 471519 112616 50324 558992 512594 326622 444622 281081 237856 239527 456279 365817 347958 718041 365198 427145 465677 343733
246768 650892 655671 874514 443841 325778 425218 524492 623168 307561 423652 621919 708341 491044 292886 973926 468811 434813 217980 203853 345094 543129 187332 638723 238203 513227 632358 608344 406666 297044 183064 582738 411177 534509 273068 522863 256055 387742 81903 210748 566224 576651 598118 179006 578433 714776 200905 565126 696799 181007 580922 178787 183537 432919 999999999 403366 714569 229240 282488 278469 750731 370143 230170 734004 328373 294751 383870 511090 271885 243681 630934 762508 295639 436623 244836 699502 230821 315302 358052 658526 740058 761614 288880 541157 438573 299787 682578 151989 786091 342873 632821 404564 849131 793300 453864 685184 215056 856392 80817 776529
516957 393715 428164 510857 398793 368990 577892 452113 321681 710821 564983 581916 316219 624246 689856 596940 71029 564336 310217 513594 468070 223430 395717 639015 524141 282529 338431 256819 62762 133847 404206 261857 244248 144408 641439 265185 325750 465893 344618 614014 318686 565027 240749 249101 193417 394520 579146 343106 296431 283852 389488 265965 296574 188107 403366 999999999 711323 551728 503924 178034 370603 258683 524181 556320 212695 500389 499605 185484 160605 509671 235034 379529 286344 351560 159674 610090 554037 294822 214918 259401 691247 410535 326048 225360 143982 422207 692665 362305 382873 410216 413673 51670 453082 434630 504416 529940 433697 498664 463865 453361
