NAME : synthetic_000826
TYPE : CTSP-D
DIMENSION : 100
GROUPS : 8
RELAXATION_LEVEL : 1
EDGE_WEIGHT_TYPE : EXPLICIT
EDGE_WEIGHT_FORMAT : FULL_MATRIX
EDGE_WEIGHT_SECTION
999999999 679000 121267 365862 837112 820433 332280 119327 629471 719780 330934 439482 690199 732535 464512 248520 664878 853378 853538 552588 319636 746510 384959 1049408 955401 933277 354070 257694 838408 472194 361383 1019873 825080 467788 484099 503415 726974 773634 264135 549500 721926 262610 905755 951893 484160 697506 841405 95674 506121 710878 831348 365387 611635 874195 634592 125115 185083 446836 934576 987792 857574 490811 867831 398541 537648 621821 900695 519110 631659 229722 842011 942912 318364 596513 451357 853854 526402 628720 427959 226484 955884 859505 543891 234775 33238 228326 390705 119703 563320 213346 498021 295379 262271 571677 152165 934676 611828 521551 819142 1023682
679000 999999999 687692 612680 166829 311478 692714 685339 65660 230850 822523 388455 211160 209883 536273 657608 239653 202382 344547 661195 719093 370819 458139 686458 472177 254660 657282 430085 492089 940793 700557 683863 269457 215313 384031 898555 86660 289936 591234 834816 42930 666857 528132 286422 318461 695219 301240 628342 590917 32684 155219 590921 108232 285076 48006 618540 560758 350149 522200 369858 288814 263228 189034 821280 404110 242550 274763 264220 258431 659579 251609 615683 684787 225055 248865 373729 484974 640224 617212 699508 331353 205526 701510 661750 711547 456370 442897 566791 221430 531502 693832 397709 752155 795852 554380 267727 319042 970769 202273 674575
121267 687692 999999999 476947 835263 782274 451370 240514 646825 688458 450039 386041 661365 773934 375020 366410 714609 843551 905078 662923 440231 811728 318482 1129745 1015348 936940 241419 304807 913312 589084 480373 1102867 867188 489899 558793 623988 747175 824551 373083 670210 730089 381105 979433 944419 443817 804508 887063 206215 611059 717847 833316 265418 636972 912174 647337 69350 282092 512641 1004507 963001 827982 464974 875573 519481 616078 587500 881590 488118 594116 115474 878427 1024626 200992 566780 486190 910074 446709 733884 538117 347416 934080 850381 657906 353237 132741 275624 473852 139036 537200 163515 612988 342671 383246 690583 237489 928377 675612 638895 849127 1105115
365862 612680 476947 999999999 776799 869948 94241 261686 547535 763578 239785 601858 731821 553635 704924 130100 470820 814950 626907 186733 128113 488713 591653 729532 695060 844945 665267 289751 542500 332214 91011 694467 630963 423192 249324 286387 616118 558183 104165 246545 649014 123004 609169 895278 602548 332787 634313 271864 147670 643611 760271 646084 509173 687302 565605 442138 201701 264278 646870 979812 877437 570560 774548 213111 270585 691611 884443 604037 708376 560164 663618 623139 645756 659049 374788 612776 732650 266580 62292 177243 941955 818206 182600 144728 375418 293521 169867 369433 623793 463477 140870 288301 199763 236923 251487 876292 380756 358666 663647 701908
837112 166829 835263 776799 999999999 251017 858458 849827 230055 230210 989242 497054 233091 298798 628242 824429 361026 56828 388514 812341 885298 467413 573148 734822 500309 106990 772431 593505 572859 1106333 865502 741678 309479 380263 541192 1061781 174291 365448 757988 993025 127886 833624 591829 119599 424404 829569 339966 791461 744864 134509 26539 703568 267755 292747 214831 767058 726491 512899 573495 221390 193816 381291 76355 986712 553144 301779 135050 369222 309563 793980 271513 684281 806509 302375 415656 425112 561391 781228 777974 866263 183009 54148 854968 828572 870043 618732 606962 721842 317927 674349 850996 562460 918980 950669 718128 100908 454823 1135368 220762 728999
820433 311478 782274 869948 251017 999999999 935702 867498 367179 107073 1046244 398212 139047 512039 481623 881354 551031 202168 626892 951761 956000 679133 472448 975628 745550 330140 651007 621342 796363 1179423 949884 978660 546967 447414 671975 1153276 376506 588743 821980 1108538 303261 893856 824929 268529 339069 1000974 578951 802615 878396 297096 275136 583316 411261 539103 342716 721437 762237 625572 811905 201519 73346 331386 326667 1063522 702808 198721 163627 301547 189144 709955 514007 915654 694985 225976 497727 661387 400331 942083 888199 913180 188139 209119 987691 881281 853239 638108 707564 700907 261175 620908 972723 602298 968870 1077972 737913 265274 628117 1216251 460889 967367
332280 692714 451370 94241 858458 935702 999999999 215617 628425 828693 145545 638171 796732 645406 724835 85919 562917 894065 721104 244804 34331 582837 616922 814854 788569 930694 662300 329127 633681 248159 29116 778519 724159 493691 340963 220284 702010 651990 117690 222773 730606 70529 699796 977637 648727 393920 728068 247725 227716 724339 843137 652846 592034 780370 645037 429538 207511 349609 738388 1056193 948381 623683 860245 129056 364696 750370 961128 657300 766178 547722 756099 709280 636199 718397 448462 706993 762215 335577 138315 111592 1018871 897761 222535 98261 333779 324416 254381 366333 682558 470829 175095 337914 113873 239403 254531 958711 474278 281064 754495 786922
119327 685339 240514 261686 849827 867498 215617 999999999 628814 762736 218388 510558 731643 703784 561104 135433 628977 873461 811394 446271 200800 691396 468257 973584 902687 938866 467598 256776 770849 362604 244685 941372 793515 470053 425986 386359 720408 733703 168946 430396 727544 147879 838679 968028 542719 594075 805765 65951 407692 717980 840465 471178 603498 846052 638372 232741 129389 401721 871277 1019902 896154 536790 870551 280773 472696 670095 928754 568228 682465 345760 816097 866510 434932 641556 441399 806657 614420 528201 323712 107363 985629 878800 432835 120830 118172 233716 326892 191606 606370 301091 386047 287631 144936 454413 132480 949946 561791 410712 800368 946865
629471 65660 646825 547535 230055 367179 628425 628814 999999999 277551 759678 378697 253246 182809 531303 595439 191548 267884 327223 596534 655267 328731 442299 657417 455872 310470 637654 376088 453451 876363 635761 651159 259763 161745 318669 833216 100634 261813 528608 769190 102329 604260 495707 349419 313614 634728 289250 573752 525832 96089 215810 573689 44434 287810 24660 577477 502528 284602 494977 435483 350669 254401 241741 756771 340503 267506 340330 263720 285278 628157 252773 579705 660998 243593 188521 351580 489005 578000 551563 638352 397002 270846 636419 600074 661520 403581 377687 520725 230206 495684 628295 341916 690355 730529 499257 330551 261031 905846 211352 643322
719780 230850 688458 763578 230210 107073 828693 762736 277551 999999999 939409 311199 31975 439905 417478 774382 467529 200718 567635 849784 848928 601320 388094 914053 692063 330423 577604 514857 722928 1072358 843024 913205 489085 341819 570785 1046458 308201 519379 714907 1003185 234925 786837 757741 293891 245439 905082 521480 698230 775932 225335 247729 508538 320071 491428 252942 625426 655817 522307 749517 275809 139525 229000 304239 956462 604696 101256 204521 201491 98099 623817 462156 846115 618137 123296 392707 599477 342775 844116 782986 806553 250253 208883 884587 774410 752800 532201 602327 600078 156977 525532 868344 495333 862201 973879 632449 283931 537091 1109194 408810 903324
330934 822523 450039 239785 989242 1046244 145545 218388 759678 939409 999999999 715847 907537 788393 777911 166291 706361 1021598 866614 365126 112066 728236 680736 949721 933209 1066166 684330 425695 775815 144832 155654 912014 868606 615506 484544 177403 838400 797112 231326 258867 861958 155820 841183 1108819 738703 508261 873118 277874 364743 854733 975432 689566 725713 924650 774534 450545 286160 488049 880736 1179566 1065431 722834 995851 83913 510155 854127 1085322 755886 868507 560636 899741 845511 649265 823366 574469 852499 827668 459800 278418 134882 1143086 1025812 330423 165051 317972 412309 393828 407487 787399 517476 286493 444302 79644 306167 319973 1090030 619195 192347 896312 921526
439482 388455 386041 601858 497054 398212 638171 510558 378697 311199 715847 999999999 288037 554802 154220 564540 532612 490245 701071 743902 648294 666520 77513 1008856 828337 603951 275378 312484 790820 858885 660127 994939 637865 287364 504789 856099 469960 628425 521209 847112 423692 579658 845145 590955 72722 844688 666412 444933 671094 410020 503015 206633 394591 665811 366041 328972 435213 443473 853755 586712 449310 125513 554751 754392 559514 210789 513153 128385 213560 312916 630933 917912 310876 198251 326196 720888 137877 773260 642539 581863 561294 497951 764413 559529 470755 313791 481438 324607 179156 229061 733788 316110 636237 836844 396160 577443 550254 902661 586434 990547
690199 211160 661365 731821 233091 139047 796732 731643 253246 31975 907537 288037 999999999 421039 402119 742457 444371 210849 552502 819496 816954 579697 365411 897100 678314 336912 558011 483142 702471 1040391 811107 894996 474884 310428 540910 1014551 292115 501025 682934 971747 220333 754891 739284 308118 220038 876823 507208 667289 745502 209588 247803 488754 294749 480661 228852 597616 624114 491706 732666 301692 167577 199489 304339 924488 575898 77449 225134 173380 79353 599578 450219 826693 597197 94674 361517 583301 330654 815189 751616 774763 274067 218957 853910 742526 723278 500717 570979 570510 126890 498111 837242 463416 830393 942858 601118 296620 510960 1077221 397301 885591
732535 209883 773934 553635 298798 512039 645406 703784 182809 439905 788393 554802 421039 999999999 708770 636419 83124 353849 146274 542519 677118 169664 612742 477346 274154 322397 801375 476166 284456 883442 644478 473993 93269 292919 304491 823450 135643 80295 569067 736124 208896 641070 318249 395712 493208 537939 115337 659767 483570 216151 273530 740853 160210 142411 202671 705975 574640 305970 313656 519204 475583 433219 258623 765842 292142 447191 433276 445326 464251 775017 112796 406233 819136 425196 287807 168787 670552 496601 536976 685469 481300 352533 588900 644867 761901 506066 396078 638303 413009 637830 594594 437875 730527 685518 586538 378027 180100 904017 112570 464864
464512 536273 375020 704924 628242 481623 724835 561104 531303 417478 777911 154220 402119 708770 999999999 643779 686422 612617 855042 863247 728582 819412 117351 1161903 982466 734781 175549 419931 943052 922726 749906 1147172 790939 438800 643753 934372 619887 782639 612919 943391 568841 659654 998332 710086 218447 975103 819841 500075 793154 555199 637726 116285 548582 817235 517432 339917 517357 582481 1007624 681649 544922 276913 691894 829184 700735 327509 621211 272058 322767 269794 782543 1069721 224558 326553 474051 875090 84172 902450 752824 649972 662305 620669 878094 635810 490471 411760 606977 370425 317773 260435 842939 434268 700344 941790 470962 698733 700331 969750 736716 1143182
248520 657608 366410 130100 824429 881354 85919 135433 595439 774382 166291 564540 742457 636419 643779 999999999 556234 855869 727266 311528 84880 596441 538327 856043 806559 903569 576701 263136 662345 299513 114483 821885 720828 449330 338102 292319 676985 653542 67916 308412 697544 15977 729790 944027 580811 460023 728512 161899 277762 689965 811236 568612 562807 775893 609602 343630 129392 331347 765487 1013304 899407 560930 833466 189908 374323 690908 919121 594291 705793 461805 748938 749232 550288 659709 409038 717451 684634 395794 190782 51412 976874 860189 297451 14832 252759 253259 240932 281458 623712 387419 250794 279056 95429 324254 172912 925305 476068 340119 741271 828689
664878 239653 714609 470820 361026 551031 562917 628977 191548 467529 706361 532612 444371 83124 686422 556234 999999999 413124 190470 462737 594860 139047 582882 477635 306326 398139 762931 411940 265132 800341 561589 466927 165171 252423 221968 740508 187522 109942 489288 654525 252611 560347 313868 466339 477859 468563 177206 588027 401929 255978 337513 706052 153603 219676 215643 648032 500572 228024 321207 582285 523645 417982 331347 682832 209525 456702 492263 435800 474913 725365 193398 392682 776222 430536 234244 198193 657409 422155 453898 605819 543708 413036 508439 565138 693141 441841 315374 576871 411920 587450 512640 373503 649778 605128 516090 448020 98801 820930 195123 460860
853378 202382 843551 814950 56828 202168 894065 873461 267884 200718 1021598 490245 210849 353849 612617 855869 413124 999999999 445229 858904 919795 522986 567477 791102 555992 131780 764393 616704 629484 1142224 902504 798305 366282 407551 584568 1100918 225606 421811 790362 1036189 169244 865777 648644 101430 418552 881102 396688 813287 790138 172398 83362 695138 308732 348503 249384 776386 752876 552484 630092 170423 139804 381799 126764 1022853 600038 285485 79502 365118 290035 794892 328040 741106 801116 292180 447202 481896 541337 831085 819295 895975 131579 8167 900579 859200 886528 640476 645224 736139 313415 680917 894713 587752 949589 995703 741105 87198 504982 1172800 277547 785529
853538 344547 905078 626907 388514 626892 721104 811394 327223 567635 866614 701071 552502 146274 855042 727266 190470 445229 999999999 571946 754648 146374 758454 348737 128712 372265 945342 602157 198518 944501 714794 353328 79952 434706 389600 874092 260437 80529 662483 772106 332771 729267 204427 457571 639246 527914 48549 774097 527277 342969 362002 885763 306480 107528 345378 838423 684676 410293 185422 594735 579761 579331 326504 831715 356510 586484 520923 590728 602776 913807 117948 297189 961467 566557 422862 38015 816050 505181 597237 778157 559803 441650 620610 737618 881134 632019 488646 767295 556671 776010 637002 563752 817643 714084 703472 442934 251463 958191 167893 341116
552588 661195 662923 186733 812341 951761 244804 446271 596534 849784 365126 743902 819496 542519 863247 311528 462737 858904 571946 999999999 274607 425573 746789 588731 607592 860343 841796 443706 436402 393462 220676 549752 599450 513365 280004 310867 639657 519897 289893 200313 689836 301036 496602 924536 730593 149329 593149 458478 74788 688026 791439 816498 552977 655082 618863 625193 383911 328307 539663 1029035 945472 688323 792395 299841 259199 794146 934862 720213 812322 742129 639483 487159 825859 761495 461255 547976 880000 94869 124869 352318 990223 860468 48775 326346 561574 455417 263643 549966 728751 636549 79716 430192 357513 143567 432673 905799 363972 396580 654549 560374
319636 719093 440231 128113 885298 956000 34331 200800 655267 848928 112066 648294 816954 677118 728582 84880 594860 919795 754648 274607 999999999 616826 623141 848374 822810 959275 657997 343181 667979 224005 53942 811826 756718 516972 372923 207881 730849 685052 134102 229985 757570 69151 734052 1004676 662403 423074 761067 240868 261165 750953 870510 652136 619748 812826 671259 423475 213718 378998 772700 1080626 970714 640013 888852 108136 398155 768364 985777 673545 783768 540640 788179 742966 629628 736702 473119 740851 769350 366699 172113 93536 1043560 923671 248978 93283 317948 335660 284070 364672 700755 471646 201775 355277 82976 255214 257784 985789 507161 260647 785650 820397
746510 370819 811728 488713 467413 679133 582837 691396 328731 601320 728236 666520 579697 169664 819412 596441 139047 522986 146374 425573 616826 999999999 712480 342507 211343 479489 884882 507329 126183 800570 574560 329153 185296 381196 265535 728584 304263 107872 534257 625737 376153 596893 179240 558400 614512 388521 171603 660928 382021 382056 441724 831354 292415 236743 352236 748356 569012 300453 195026 686511 644923 554997 421170 689360 222123 595263 602271 573948 613358 836123 229330 253905 893926 569447 353272 125162 794006 360531 454923 647799 649042 521391 474236 607804 771657 536169 364544 672698 550941 699091 491123 470185 683738 567827 594408 541509 136116 813007 261037 324101
384959 458139 318482 591653 573148 472448 616922 468257 442299 388094 680736 77513 365411 612742 117351 538327 582882 567477 758454 746789 623141 712480 999999999 1054677 884146 679893 200217 304298 834501 825244 640964 1038297 698915 331496 527416 830466 537063 683343 502707 832754 495071 553989 891719 668304 149091 857756 726301 404250 676280 481460 578305 132815 453362 730086 431944 267082 409865 466290 903415 663225 525579 195813 629193 726425 584874 288071 590544 203926 290174 237507 695026 960264 233727 275669 362499 775876 146996 785119 637894 549302 638318 575148 762650 531515 414549 298161 489689 277239 255357 171666 728441 317226 601813 828535 365859 654666 589533 870879 652575 1035066
1049408 686458 1129745 729532 734822 975628 814854 973584 657417 914053 949721 1008856 897100 477346 1161903 856043 477635 791102 348737 588731 848374 342507 1054677 999999999 238097 703519 1223390 831205 221408 978149 796869 42559 428665 723627 571044 889529 605852 397058 805486 765520 679360 851473 163824 790943 955482 466446 396773 957080 587210 688721 708484 1171851 626659 443205 678857 1070612 864858 620771 164537 931510 927488 895616 668271 888469 513840 924108 864533 912875 941375 1166592 463516 107077 1229512 901009 693850 314930 1135039 494670 676593 905745 898834 786954 631080 869769 1070180 858237 659060 992280 886034 1031628 668374 796307 927485 699184 899381 778512 468724 973782 515648 28381
955401 472177 1015348 695060 500309 745550 788569 902687 455872 692063 933209 828337 678314 274154 982466 806559 306326 555992 128712 607592 822810 211343 884146 238097 999999999 465422 1068306 710641 176215 995580 778139 253043 203468 557058 476735 917727 387036 200867 745152 805861 458009 806432 137635 552849 767356 532468 171236 871271 576644 468832 474268 1010064 434017 207562 474083 950205 779700 508565 96579 693478 693917 707344 431655 888825 432689 714514 627942 719242 730598 1031184 231678 218281 1082454 695023 540436 108599 944544 527328 656345 857966 661038 551463 655927 818208 981281 740102 575872 876551 685380 893288 680405 672677 892302 743340 803602 540503 343639 1003260 285075 237448
933277 254660 936940 844945 106990 330140 930694 938866 310470 330423 1066166 603951 336912 322397 734781 903569 398139 131780 372265 860343 959275 479489 679893 703519 465422 999999999 879328 684465 568524 1176861 935190 716276 300800 469419 600946 1126269 228846 371934 836152 1048847 211892 911639 575206 87470 531274 859918 325982 882676 797126 222476 103755 810504 340762 265927 300715 868288 812980 581323 549571 228538 261772 487247 70450 1057307 603426 407767 177306 475986 414711 899026 256884 667621 913091 409263 498947 410279 666838 818726 839576 947658 198213 123892 905331 908871 965927 710972 676569 819931 424800 777282 906376 651442 998844 1001937 808508 76753 496586 1202924 218453 701731
354070 657282 241419 665267 772431 651007 662300 467598 637654 577604 684330 275378 558011 801375 175549 576701 762931 764393 945342 841796 657997 884882 200217 1223390 1068306 879328 999999999 412257 1001981 826258 690118 1203236 890262 511258 668869 853716 734471 867867 563602 885056 694852 592496 1062948 864478 348060 970515 916251 417322 778830 681275 778189 69298 644513 924499 629013 235375 464265 611096 1079059 848554 710814 395898 829359 747838 728514 480807 782008 403509 479925 126014 889398 1124303 51111 472306 531895 959711 259576 897395 721331 569447 826664 772204 846981 565702 372148 392789 608097 297256 454528 206545 806086 439755 612502 895568 414349 851530 754669 875545 848878 1201882
257694 430085 304807 289751 593505 621342 329127 256776 376088 514857 425695 312484 483142 476166 419931 263136 411940 616704 602157 443706 343181 507329 304298 831205 710641 684465 412257 999999999 612228 562632 349391 806695 569132 215088 262514 549099 471443 521701 211438 534628 472642 276895 677386 711405 319639 562215 586848 198257 374955 462603 584843 377399 355208 617236 383788 241132 140978 210548 700884 764931 644328 297814 617087 451134 321918 428452 672941 331156 442994 336855 584729 727810 407406 397692 193853 605821 443100 488980 333709 291928 730089 622025 458367 261440 288406 29951 196055 165910 361739 207439 424488 38456 347685 525824 124639 693394 371269 602814 561472 807569
838408 492089 913312 542500 572859 796363 633681 770849 453451 722928 775815 790820 702471 284456 943052 662345 265132 629484 198518 436402 667979 126183 834501 221408 176215 568524 1001981 612228 999999999 828033 620180 204137 268293 504270 355307 747268 419858 208610 605946 632568 493344 660044 67829 652313 740072 356337 242741 748351 412897 500497 546496 950636 418187 305915 476543 852660 655658 401730 104965 786661 757556 680727 517878 725355 300836 720599 707615 700028 738569 946422 311688 127789 1008347 695184 472902 161253 919452 352789 497402 713393 750488 626945 484109 675151 861033 639843 448223 775014 677051 810898 511682 576660 742164 569149 686894 636805 247316 832978 355246 200624
472194 940793 589084 332214 1106333 1179423 248159 362604 876363 1072358 144832 858885 1040391 883442 922726 299513 800341 1142224 944501 393462 224005 800570 825244 978149 995580 1176861 826258 562632 828033 999999999 241673 937904 956889 740836 580441 94229 948016 881253 357577 220217 978453 286138 889587 1225375 879212 515264 957284 422706 419593 972341 1090686 833536 839458 1013499 893156 593767 425909 595627 932115 1304098 1194717 860439 1106431 119674 594230 990246 1209111 893785 1005244 701603 991687 879003 789587 958900 696372 925666 972216 484792 348387 277043 1266872 1145906 348124 301752 456346 551698 500486 552306 922909 662294 316389 577636 223447 284723 462730 1206428 706875 50242 994450 949786
361383 700557 480373 91011 865502 949884 29116 244685 635761 843024 155654 660127 811107 644478 749906 114483 561589 902504 714794 220676 53942 574560 640964 796869 778139 935190 690118 349391 620180 241673 999999999 759911 721033 505562 340288 203496 706344 647472 138975 195359 737626 99345 685655 984317 668443 369158 723657 276381 210111 731833 849470 679640 598232 777465 653156 457867 232713 354003 725091 1066053 960582 641530 864762 122245 359425 766733 970805 675161 782853 576177 754171 691894 664527 734539 458944 699291 785676 313011 122779 140082 1028460 905972 195718 127169 362833 346441 258952 393694 698835 497266 148359 355760 136904 210316 280610 965349 470635 270332 754631 768803
1019873 683863 1102867 694467 741678 978660 778519 941372 651159 913205 912014 994939 894996 473993 1147172 821885 466927 798305 353328 549752 811826 329153 1038297 42559 253043 716276 1203236 806695 204137 937904 759911 999999999 432997 708378 545090 848832 605533 393989 772823 724450 679417 816858 155803 803421 943665 425168 401851 926819 550809 688139 715196 1153201 618361 452696 673327 1044876 834964 596862 168247 943194 933025 884132 677463 849592 486918 918589 873176 902695 936180 1142998 470309 79051 1207809 894436 676251 317586 1123149 455343 640441 871184 909614 794535 591417 835774 1039884 833167 630442 966134 877936 1009042 629460 772537 891553 658092 870750 790265 449637 932868 521214 18840
825080 269457 867188 630963 309479 546967 724159 793515 259763 489085 868606 637865 474884 93269 790939 720828 165171 366282 79952 599450 756718 185296 698915 428665 203468 300800 890262 569132 268293 956889 721033 432997 999999999 384563 384419 892098 183723 80025 654128 797501 254632 724556 282380 384028 573374 573559 32397 751033 547046 265367 282942 828535 245914 56622 275480 799185 664746 393144 265301 518973 500030 514099 250097 840997 362684 512006 442745 522915 527793 867107 44602 374932 909460 493607 381031 115685 747840 542153 608604 770655 483306 362948 647338 729959 854196 599053 479898 731548 486060 730206 658325 530790 813895 742967 678236 368539 250434 974497 88767 420981
467788 215313 489899 423192 380263 447414 493691 470053 161745 341819 615506 287364 310428 292919 438800 449330 252423 407551 434706 513365 516972 381196 331496 723627 557058 469419 511258 215088 504270 740836 505562 708378 384563 999999999 241205 708166 259720 356661 385036 661367 257686 459880 560397 499143 243942 586700 408248 413258 438733 247935 370412 453645 147078 425288 168712 420777 346286 185645 572061 564202 455020 189167 402038 622640 287297 280874 469819 216632 299171 482598 390848 630961 526814 248316 52111 448460 419925 519817 441189 488501 527588 412248 545461 452102 499786 242075 260553 360430 216475 346099 527164 182429 542383 632962 339133 480814 263108 774658 359326 704526
484099 384031 558793 249324 541192 671975 340963 425986 318669 570785 484544 504789 540910 304491 643753 338102 221968 584568 389600 280004 372923 265535 527416 571044 476735 600946 668869 262514 355307 580441 340288 545090 384419 241205 999999999 525509 373379 315474 272888 451882 415498 340883 422205 657155 476242 346012 390686 396259 207678 412363 522261 626085 276110 440245 340218 499823 303935 61414 450493 753639 665851 426578 530974 462065 59720 520519 658735 456154 539074 599369 415256 466453 668188 488321 190213 381814 642449 278615 238633 388755 714995 586778 318112 348147 507936 288275 99582 421270 457419 468070 310149 230260 429964 411860 332130 638187 138145 603473 414348 546688
503415 898555 623988 286387 1061781 1153276 220284 386359 833216 1046458 177403 856099 1014551 823450 934372 292319 740508 1100918 874092 310867 207881 728584 830466 889529 917727 1126269 853716 549099 747268 94229 203496 848832 892098 708166 525509 999999999 898054 814688 337790 126773 934227 276847 807079 1179676 868736 424575 890134 438690 346837 929208 1044535 853495 794033 948648 851689 618445 421544 548921 850406 1266175 1163042 843903 1056141 106057 531524 969983 1170797 877525 985977 732023 928854 792022 821131 937859 660653 853048 976911 398919 287272 285940 1228280 1104042 263537 299015 493148 543035 455730 566798 902107 675601 237951 558072 241487 192287 464659 1160675 644324 85718 935603 861218
726974 86660 747175 616118 174291 376506 702010 720408 100634 308201 838400 469960 292115 135643 619887 676985 187522 225606 260437 639657 730849 304263 537063 605852 387036 228846 734471 471443 419858 948016 706344 605533 183723 259720 373379 898054 999999999 212733 609285 823670 73955 684522 450476 285114 401502 655680 215813 667637 573544 82878 152037 669371 116924 198775 105488 677836 592428 352520 441315 395069 340786 344463 158431 828469 380647 328765 304763 348300 344277 728373 165037 540108 759388 311715 279317 291390 570747 606944 611866 722204 356402 225618 683098 682883 758676 499713 447781 619968 307280 596282 681253 435904 772400 779246 592918 266287 280541 974234 116856 595334
773634 289936 824551 558183 365448 588743 651990 733703 261813 519379 797112 628425 501025 80295 782639 653542 109942 421811 80529 519897 685052 107872 683343 397058 200867 371934 867867 521701 208610 881253 647472 393989 80025 356661 315474 814688 212733 999999999 587859 718404 286646 656303 238376 451842 568947 494581 76191 695088 468784 294734 339281 809261 235372 135186 282408 757929 606299 332046 233523 582187 548947 508787 315042 766378 288078 527306 500469 522503 544442 834058 122658 327386 882931 504934 342897 92573 747297 462174 532891 704055 545233 419596 567927 663396 801472 551577 413452 686778 491835 696195 579882 483285 745235 663350 623979 435275 178130 897627 153584 384657
264135 591234 373083 104165 757988 821980 117690 168946 528608 714907 231326 521209 682934 569067 612919 67916 489288 790362 662483 289893 134102 534257 502707 805486 745152 836152 563602 211438 605946 357577 138975 772823 654128 385036 272888 337790 609285 587859 999999999 330477 630830 75653 673692 877578 531046 433436 662462 169057 242330 623482 744412 547561 495413 708961 543239 338248 99400 263645 707884 949227 837501 506681 765986 242046 312484 634419 854711 540267 649937 456492 681684 698417 542633 602687 343181 653851 646943 364680 165047 116533 912498 794533 286493 75850 276412 207474 174489 266749 566756 364550 243434 221368 163282 332897 149272 858808 411033 394710 673499 778597
549500 834816 670210 246545 993025 1108538 222773 430396 769190 1003185 258867 847112 971747 736124 943391 308412 654525 1036189 772106 200313 229985 625737 832754 765520 805861 1048847 885056 534628 632568 220217 195359 724450 797501 661367 451882 126773 823670 718404 330477 999999999 867285 292698 689938 1108399 849092 299398 792377 469466 252605 863832 973777 874949 727475 853509 789705 651840 427250 486798 734068 1204671 1110753 816465 979683 175074 445820 935369 1109497 849844 952496 769676 836582 669798 858414 902657 610816 748285 975966 280327 220384 323051 1166156 1038531 151557 319872 546498 535535 400974 588987 867796 692436 142489 534803 296089 66364 475692 1089470 556105 208662 848660 737289
721926 42930 730089 649014 127886 303261 730606 727544 102329 234925 861958 423692 220333 208896 568841 697544 252611 169244 332771 689836 757570 376153 495071 679360 458009 211892 694852 472642 493344 978453 737626 679417 254632 257686 415498 934227 73955 286646 630830 867285 999999999 706483 524421 247106 352507 716482 286990 670883 620896 13680 113817 627864 140330 262274 89212 660991 602486 385306 514836 339199 271114 299374 146144 858829 431206 263392 245370 297335 277630 700344 230673 614031 723570 250182 289579 364616 513822 664169 651123 740071 300389 171283 731349 702007 754464 499081 479157 609665 251543 573267 725639 439953 792346 826462 596818 228227 339386 1007537 178520 669115
262610 666857 381105 123004 833624 893856 70529 147879 604260 786837 155820 579658 754891 641070 659654 15977 560347 865777 729267 301036 69151 596893 553989 851473 806432 911639 592496 276895 660044 286138 99345 816858 724556 459880 340883 276847 684522 656303 75653 292698 706483 999999999 727307 953216 595184 449967 731562 177212 270342 699120 820063 584580 570937 779882 618858 359216 144706 336929 763594 1024048 911081 574550 841435 175059 374954 704109 929686 607969 719138 477288 753386 744827 565853 672777 418661 718647 700217 386839 182164 54336 987461 869997 285218 27880 265767 267809 245040 297401 636783 403392 238270 291675 89459 309480 188740 934451 478469 325964 746795 823985
905755 528132 979433 609169 591829 824929 699796 838679 495707 757741 841183 845145 739284 318249 998332 729790 313868 648644 204427 496602 734052 179240 891719 163824 137635 575206 1062948 677386 67829 889587 685655 155803 282380 560397 422205 807079 450476 238376 673692 689938 524421 727307 999999999 661245 791684 405016 252612 815965 477260 532887 565291 1010188 463721 309280 517705 918190 723268 467172 45493 799048 781316 731845 530931 788951 368354 763024 724993 749352 780550 1010361 322355 92763 1070694 739161 531982 166992 971246 409627 562917 780771 764224 645326 543542 742668 928576 705313 515807 840901 723296 874220 573305 641378 808915 625478 754097 646954 309255 892770 371144 147686
951893 286422 944419 895278 119599 268529 977637 968028 349419 293891 1108819 590955 308118 395712 710086 944027 466339 101430 457571 924536 1004676 558400 668304 790943 552849 87470 864478 711405 652313 1225375 984317 803421 384028 499143 657155 1179676 285114 451842 877578 1108399 247106 953216 661245 999999999 519540 933104 410570 908968 858650 254096 135147 795187 386129 352124 334426 877026 845427 631107 636428 141215 195896 483220 137424 1105723 665693 384297 105509 466391 387428 896310 340885 753820 901809 392722 535214 495534 636637 888492 894904 985780 112716 94227 968188 948146 984968 736093 725549 835347 414719 781997 966070 681014 1038560 1064359 836035 19001 563137 1253935 298659 788986
484160 318461 443817 602548 424404 339069 648727 542719 313614 245439 738703 72722 220038 493208 218447 580811 477859 418552 639246 730593 662403 614512 149091 955482 767356 531274 348060 319639 740072 879212 668443 943665 573374 243942 476242 868736 401502 568947 531046 849092 352507 595184 791684 519540 999999999 821092 602727 476805 656421 338828 430298 279355 333659 598818 299103 382368 453326 416086 797680 521094 384809 60180 482152 770065 527463 144186 444385 55789 150333 379717 564162 867753 382816 127555 289237 660925 179566 751340 637436 603827 494104 426184 755252 577564 516552 327633 467040 365586 106478 281860 728285 314413 659262 833203 419867 505718 505340 920911 518306 938310
697506 695219 804508 332787 829569 1000974 393920 594075 634728 905082 508261 844688 876823 537939 975103 460023 468563 881102 527914 149329 423074 388521 857756 466446 532468 859918 970515 562215 356337 515264 369158 425168 573559 586700 346012 424575 655680 494581 433436 299398 716482 449967 405016 933104 821092 999999999 559520 602462 193941 717526 806033 939510 590339 625088 658857 762537 522902 405135 450381 1050725 984032 772491 796426 436697 301883 863571 959858 802164 882299 877449 617152 373279 958534 831857 536149 497050 982488 73252 270528 501586 1012081 881288 177839 474855 708133 578509 368526 685230 802075 763995 222882 542025 506050 233037 570030 915121 377107 507991 643665 438298
841405 301240 887063 634313 339966 578951 728068 805765 289250 521480 873118 666412 507208 115337 819841 728512 177206 396688 48549 593149 761067 171603 726301 396773 171236 325982 916251 586848 242741 957284 723657 401851 32397 408248 390686 890134 215813 76191 662462 792377 286990 731562 252612 410570 602727 559520 999999999 765228 543824 297660 313454 855219 272940 65973 305789 819501 677618 404206 233858 546995 531305 543210 278456 842544 364268 543749 472493 552835 559654 890168 69926 345345 934405 524970 401604 85643 777974 531758 608955 778826 511817 393130 641449 738137 869973 616799 487973 750511 516783 752847 654696 548408 820634 736319 693168 395612 253961 973303 119363 389542
95674 628342 206215 271864 791461 802615 247725 65951 573752 698230 277874 444933 667289 659767 500075 161899 588027 813287 774097 458478 240868 660928 404250 957080 871271 882676 417322 198257 748351 422706 276381 926819 751033 413258 396259 438690 667637 695088 169057 469466 670883 177212 815965 908968 476805 602462 765228 999999999 410618 660859 783067 414848 550846 802148 581970 182618 92697 364196 846164 957382 832411 471597 815107 332654 447646 604893 866916 502818 617059 300214 771145 850331 388988 576639 388419 772006 550851 533311 333645 152866 923524 818821 451879 149685 113101 172891 300164 129676 541615 239648 406793 231947 200521 485824 74729 891081 527963 469713 752395 931065
506121 590917 611059 147670 744864 878396 227716 407692 525832 775932 364743 671094 745502 483570 793154 277762 401929 790138 527277 74788 261165 382021 676280 587210 576644 797126 778830 374955 412897 419593 210111 550809 547046 438733 207678 346837 573544 468784 242330 252605 620896 270342 477260 858650 656421 193941 543824 410618 999999999 618501 724684 750500 482731 603398 547707 568605 329166 253960 517815 959863 873507 613693 728339 312758 193700 719454 865280 645514 737607 683755 585183 481900 765472 686788 386627 506816 807671 122882 89784 324320 921117 791990 110593 292361 518635 388738 189914 491447 653987 572604 111373 359102 340883 205814 376095 839801 303514 431002 596125 559242
710878 32684 717847 643611 134509 297096 724339 717980 96089 225335 854733 410020 209588 216151 555199 689965 255978 172398 342969 688026 750953 382056 481460 688721 468832 222476 681275 462603 500497 972341 731833 688139 265367 247935 412363 929208 82878 294734 623482 863832 13680 699120 532887 254096 338828 717526 297660 660859 618501 999999999 122540 614247 136357 274555 80477 648804 593441 380431 524185 341388 267959 285742 157885 852773 429905 250738 246852 283663 265230 687296 242577 622022 710118 236998 281385 374248 500399 664208 646952 732033 302683 175039 729044 694198 743490 488769 473755 598138 237967 560621 722466 430349 784589 823841 586951 235343 340494 1001933 190814 678081
831348 155219 833316 760271 26539 275136 843137 840465 215810 247729 975432 503015 247803 273530 637726 811236 337513 83362 362002 791439 870510 441724 578305 708484 474268 103755 778189 584843 546496 1090686 849470 715196 282942 370412 522261 1044535 152037 339281 744412 973777 113817 820063 565291 135147 430298 806033 313454 783067 724684 122540 999999999 709639 251244 266728 202741 764733 715958 496048 547026 245848 219666 384563 56620 971017 532296 313207 161206 374699 322269 795569 245093 657745 810995 311185 403386 398579 573008 758605 759819 853883 207788 80451 834537 815779 864127 610723 590613 717228 324053 673529 831548 552840 906099 930485 709294 116146 432297 1118937 194229 702555
365387 590921 265418 646084 703568 583316 652846 471178 573689 508538 689566 206633 488754 740853 116285 568612 706052 695138 885763 816498 652136 831354 132815 1171851 1010064 810504 69298 377399 950636 833536 679640 1153201 828535 453645 626085 853495 669371 809261 547561 874949 627864 584580 1010188 795187 279355 939510 855219 414848 750500 614247 709639 999999999 582627 861214 564077 240735 448645 566715 1024498 780109 642284 328539 761157 747483 685299 411525 712878 334956 410770 155349 826119 1074520 112058 403094 478207 901514 197909 866260 699255 567566 757841 702957 825465 558900 388262 361762 572870 287485 385756 183012 786654 400748 614483 880383 399483 782265 703635 881876 784494 1151089
611635 108232 636972 509173 267755 411261 592034 603498 44434 320071 725713 394591 294749 160210 548582 562807 153603 308732 306480 552977 619748 292415 453362 626659 434017 340762 644513 355208 418187 839458 598232 618361 245914 147078 276110 794033 116924 235372 495413 727475 140330 570937 463721 386129 333659 590339 272940 550846 482731 136357 251244 582627 999999999 281504 68577 567830 475638 245146 466055 477529 395016 273535 270713 719786 296334 303125 382670 287411 321383 626254 246589 545345 664729 277036 162446 327267 511947 533592 510835 607119 438891 311214 593320 568176 643058 383788 339421 506859 259603 491147 586150 319285 658091 687802 476119 367150 217351 867816 212444 611359
874195 285076 912174 687302 292747 539103 780370 846052 287810 491428 924650 665811 480661 142411 817235 775893 219676 348503 107528 655082 812826 236743 730086 443205 207562 265927 924499 617236 305915 1013499 777465 452696 56622 425288 440245 948648 198775 135186 708961 853509 262274 779882 309280 352124 598818 625088 65973 802148 603398 274555 266728 861214 281504 999999999 299888 843675 716974 446984 284878 490861 486391 540724 225112 897540 419283 525161 421329 546400 539785 907254 35103 401746 945957 509775 426482 145348 769484 596024 665224 825489 456945 344086 703109 784810 903811 647056 534997 777895 506053 771320 714630 579100 869280 798522 728823 338210 306939 1031100 83756 438998
634592 48006 647337 565605 214831 342716 645037 638372 24660 252942 774534 366041 228852 202671 517432 609602 215643 249384 345378 618863 671259 352236 431944 678857 474083 300715 629013 383788 476543 893156 653156 673327 275480 168712 340218 851689 105488 282408 543239 789705 89212 618858 517705 334426 299103 658857 305789 581970 547707 80477 202741 564077 68577 299888 999999999 578028 513300 303936 515886 415378 327367 240841 233554 773691 363708 245344 320031 247605 262853 624279 265125 602434 653989 222548 200911 371044 472362 601682 571383 651560 377110 252825 658251 613761 666946 410521 395959 523826 211308 493621 649238 350815 704161 751968 507798 315724 285605 923433 220716 665203
125115 618540 69350 442138 767058 721437 429538 232741 577477 625426 450545 328972 597616 705975 339917 343630 648032 776386 838423 625193 423475 748356 267082 1070612 950205 868288 235375 241132 852660 593767 457867 1044876 799185 420777 499823 618445 677836 757929 338248 651840 660991 359216 918190 877026 382368 762537 819501 182618 568605 648804 764733 240735 567830 843675 578028 999999999 241313 451030 942014 898863 764811 399749 806588 512516 558109 524966 816105 424249 532548 118645 809813 966275 206664 502943 418169 844305 404336 690678 501427 334145 869232 783121 624691 331972 150675 212878 419426 79517 472377 100620 581505 278220 377450 665903 192754 860806 612348 642526 780070 1046471
