NAME : synthetic_000922
TYPE : CTSP-D
DIMENSION : 100
GROUPS : 8
RELAXATION_LEVEL : 1
EDGE_WEIGHT_TYPE : EXPLICIT
EDGE_WEIGHT_FORMAT : FULL_MATRIX
EDGE_WEIGHT_SECTION
999999999 395273 490214 530996 149556 576926 371918 417574 231244 26199 307040 153377 120242 466347 465895 524456 833885 917689 300877 665197 380326 376210 281467 202930 477586 616280 559909 529922 192424 408721 762497 192832 415959 658100 808214 310189 795250 446612 459289 350491 738254 749036 429891 748918 920500 549538 522586 460552 365241 44891 702803 728910 432008 701155 183420 69159 190252 182845 286678 662345 455261 646242 756966 532634 483148 367365 270633 631624 483668 567931 507000 75225 602345 606697 562868 812634 852337 693626 425486 494618 571028 406752 634187 72046 122745 160596 427261 515971 455487 398954 386818 803748 843820 448213 282984 313813 466898 209923 390562 240794
395273 999999999 737464 894240 267757 605934 752402 605867 168410 419238 390866 466370 476266 839588 204980 510610 1090917 1227160 338367 706349 662199 743390 474264 193083 836612 999188 898890 570871 515611 72164 745116 582528 105311 616771 1142679 664565 783224 733392 67028 527801 1066942 998015 503516 960315 1224220 903184 658745 217893 726734 434926 1052225 904211 654255 844433 453444 385857 585232 278285 679658 881498 70902 556643 1012820 912684 872016 675834 126673 712026 629328 563106 881931 323317 905503 838229 953245 826594 1171830 1017912 737610 324130 528611 423519 1009603 446408 280283 328778 420049 596954 822085 269413 217586 1042228 1146203 623854 677543 408534 105994 421593 680421 528478
490214 737464 999999999 327170 609080 355656 616407 145367 594017 471416 354669 337439 374578 340412 654907 402847 356662 498562 407952 370910 115923 661492 263707 606588 286181 475305 258588 331965 629659 788944 498680 509255 811538 474698 444912 261498 512584 83444 801028 213436 368325 265843 299460 259630 492451 301065 193287 637429 669312 455791 395425 257609 86053 264134 318099 558539 466274 471329 417286 173263 761451 529791 278003 715528 439991 153338 656594 303109 181424 398266 366532 539435 194727 116586 497642 492614 453426 318920 139815 575409 446580 376937 445911 525815 576035 427275 399534 275651 307674 532035 569604 316903 415676 145948 437634 337690 840302 695424 115379 687626
530996 894240 327170 999999999 680056 675027 427990 435943 727657 504947 580977 427931 423187 75540 878803 704422 446525 427719 624876 698018 291246 483118 470700 717575 58559 148319 95751 644579 571252 925061 825827 424854 937955 794541 293651 229710 839452 253223 961258 464907 239176 404644 586262 475651 438486 42532 517263 864709 500636 486115 177277 528582 379683 567602 446039 580683 389233 618864 282819 417964 939154 840388 396087 462764 154218 249860 782425 630244 497955 710959 59285 603888 211281 373716 181296 816918 354267 211435 206364 833161 753178 644271 127363 521955 650995 568139 670822 591385 75713 764550 786816 459591 373517 452482 300277 568811 982608 681490 270964 621983
149556 267757 609080 680056 999999999 620069 485166 512064 132332 175753 345093 278237 261576 615892 389971 547816 961729 1059201 315546 717015 507230 475745 365907 84922 626027 764967 705490 574800 250269 267240 796335 319915 270390 678928 954138 456635 832086 577070 326319 435653 882842 873604 479869 862050 1060774 697531 603134 390490 459434 194355 850706 829971 539968 790703 290990 119940 329038 179207 432528 776321 334893 648316 883625 645096 630465 502505 142112 696493 565747 597700 656548 76592 740101 723448 709151 859434 995635 837092 563038 455085 586655 430927 783662 183391 33049 198827 444091 575318 604674 361888 331550 925937 983377 539660 426636 358159 324597 179318 520454 271502
576926 605934 355656 675027 620069 999999999 857723 244950 532133 573376 276578 457197 511185 672131 440758 99279 603892 802462 306147 101132 393978 888506 308798 570075 626577 822767 613850 47018 765646 675003 187173 699313 706068 119578 783387 532410 218471 421914 652744 256503 710290 517570 147123 438875 789538 653598 163506 421629 887812 567788 748803 354068 295904 275203 412178 638644 664732 440868 670458 390045 595965 179755 539026 991127 762710 443629 586162 118272 177106 56677 705492 581518 542190 379852 831842 239441 775175 663500 470586 320057 112187 192917 798287 642388 593158 429686 188333 84696 639956 337915 389721 538738 721392 223481 685985 265958 709380 774171 411494 817201
371918 752402 616407 427990 485166 857723 999999999 631963 598080 354616 630629 413074 362881 355584 837457 835432 862345 852335 644299 924023 509736 55489 553983 561440 408583 414484 510761 813309 253060 749204 1041898 181068 746905 961709 710972 355565 1068108 537226 811381 601316 665608 803527 719488 849335 864733 467652 745964 831470 75822 346088 590868 871301 608492 878564 458592 366635 201137 549682 199514 771952 817714 971178 800710 161153 287637 464228 625867 870907 710697 867469 372490 433794 610615 715614 330686 1068326 778001 639289 485162 855744 886678 729027 459611 308655 472966 515366 754204 779246 373305 762310 756001 861761 801470 662328 179858 629944 804761 377734 503372 274260
417574 605867 145367 435943 512064 244950 631963 999999999 474159 404733 216257 269264 318950 427955 510974 269364 486095 642655 269762 293934 149268 668678 146478 494243 384748 582142 385543 209932 585907 661929 416947 490781 686824 362741 589175 291035 439669 187129 667393 79697 512185 392882 156834 358008 635613 418910 114838 493231 671431 393015 532180 317944 61708 283607 234155 486353 451342 353910 437158 276341 624362 404455 408696 755499 517760 198681 536687 238999 78753 275705 462480 450753 338460 232709 587398 436441 598756 462366 229627 430194 317347 231676 561728 468859 479798 316898 254710 160304 396073 388003 427407 436393 559556 31848 454543 198709 710574 627451 167485 642329
231244 168410 594017 727657 132332 532133 598080 474159 999999999 253881 273220 300677 307985 671734 257694 449093 950578 1073300 229487 632448 508222 595159 331966 49188 670407 830827 736375 489907 377465 200263 697604 422604 219000 574631 982364 497988 734648 579971 234889 394464 907564 858950 404087 832133 1071850 738079 546626 258225 580763 268588 888453 786694 514942 736458 292611 234821 421316 122712 512457 749452 224341 534456 871942 759221 703774 516650 62722 622750 512489 501306 713996 164301 750807 701587 785123 768205 1015161 859241 578770 328008 481748 339225 841778 289425 129670 169554 346374 501664 654865 238496 202550 906869 993716 496959 511168 289631 256364 310742 525154 402990
26199 419238 471416 504947 175753 573376 354616 404733 253881 999999999 307772 136962 98213 440157 482983 524976 812435 893283 306160 659507 360094 362061 272793 227558 451706 590242 534719 526370 192419 434138 759763 174050 441786 658206 782872 284954 791846 425240 483693 340470 713230 728378 426276 730676 896359 523760 511970 476853 352422 18917 677024 713216 416009 687891 171482 87584 167684 195885 261469 644107 478196 649744 735851 514646 457428 345088 295297 623566 472995 566945 480802 101167 578960 587999 537353 807321 827564 668872 402425 506075 572596 408362 607996 69062 148759 167593 429948 509703 429408 411018 401737 783522 819864 435796 258395 313145 492343 225051 369533 244294
307040 390866 354669 580977 345093 276578 630629 216257 273220 307772 999999999 218335 267848 547889 305405 217450 702352 852398 53561 372069 303141 651558 110304 303584 523180 713747 557303 230503 499056 449668 458384 456595 476270 351061 785217 372474 492540 368328 451454 141238 707842 609135 134964 569559 846940 576706 274018 289288 646525 305861 711679 516829 269054 463582 174196 364915 429677 166828 468734 490784 408207 344004 624876 779936 615096 333698 333561 353226 241269 261597 588924 305178 537377 448938 694837 515856 803525 657662 389053 254134 264874 100921 707301 376250 317191 153478 124278 231582 521236 185420 216583 651891 769822 233002 478780 17672 496247 498179 323794 547543
153377 466370 337439 427931 278237 457197 413074 269264 300677 136962 218335 999999999 53991 375878 470358 424059 685137 783088 239014 536348 230167 436825 148525 295922 370242 539290 436919 410879 317935 499925 644284 243646 515361 553310 684400 198404 674139 299097 533397 210369 610860 598553 312737 595675 783840 437407 379117 459279 433751 123994 588007 576299 279125 551622 45967 222331 212936 192141 254740 509118 512117 558347 607489 561652 422265 224721 357758 494999 340247 459504 418444 204672 462502 453746 504245 684299 721387 563645 285941 457828 474754 315957 545231 199597 245580 142076 341261 386404 356488 371205 379663 652409 706164 300701 262742 216909 556783 361864 242488 373653
120242 476266 374578 423187 261576 511185 362881 318950 307985 98213 267848 53991 999999999 364259 501508 476842 714243 798861 283220 590014 262218 384514 202507 294537 367395 522962 443967 464848 266957 502579 698274 190441 514804 606722 692623 195935 728101 327029 542872 263383 621305 630226 366559 634150 801199 437762 430476 491900 380754 81481 590533 620154 323411 599356 99437 185765 161835 213744 217462 547654 527493 610030 637638 514425 398423 247180 360094 547771 391763 513051 406342 185120 482309 491123 480357 737907 734443 575798 305322 499470 527232 366989 534237 152640 230624 167907 391737 440164 348966 409669 412828 685502 724274 350659 222305 267863 560419 320847 271345 323528
466347 839588 340412 75540 615892 672131 355584 427955 671734 440157 547889 375878 364259 999999999 837990 690978 510771 503027 587994 705782 278774 410326 438943 658288 60581 166228 156507 637781 496854 866652 833347 350560 877935 790604 368961 179778 850103 259066 906424 444130 314301 460789 569944 522613 513432 112390 521129 824919 427154 421543 251557 565679 377376 595552 399676 512599 316059 568018 208190 456867 887734 829599 454709 403586 101804 230865 724289 640252 497017 703071 42572 540427 264789 407192 159864 832748 429720 284368 204563 801955 741326 619929 170044 452345 587903 517822 646978 587497 32835 727792 745958 517583 447206 448882 225166 537379 924582 608837 260668 547013
465895 204980 654907 878803 389971 440758 837457 510974 257694 482983 305405 470358 501508 837990 999999999 341515 989904 1153370 255985 536471 608205 841276 413070 305595 820352 1003926 861466 414703 632374 275917 555984 657015 309106 428064 1090461 658398 593908 673689 228490 443445 1013058 896952 374081 842193 1146582 878028 531282 19248 828939 492800 1016239 772716 568894 703055 439464 486241 646197 290838 718951 771975 166662 359864 914740 997623 892308 636101 267643 555794 510198 390434 880173 412278 841872 738130 974136 642153 1107039 962859 693311 127965 346884 288275 1003084 533195 385340 333623 273731 453732 814203 122971 92082 933472 1070356 519788 722887 320819 290940 567349 628716 660427
524456 510610 402847 704422 547816 99279 835432 269364 449093 524976 217450 424059 476842 690978 341515 999999999 686360 875980 233046 196652 414178 860875 282375 490288 651755 849360 654179 82038 716500 580631 249170 667280 612243 133793 844086 534670 285782 456282 555418 250078 768761 597040 122309 525567 864737 688262 226026 322404 857593 522343 797707 445499 328966 369589 378102 581101 636739 370216 658716 468464 497891 140119 617555 977731 774439 460239 499658 216000 223271 53006 727683 518028 596461 449462 848455 320394 842926 720211 498140 221350 51966 118777 830734 593612 523436 368339 103869 135754 660102 241390 293329 623453 793620 258263 671982 212146 612980 711077 433896 764783
833885 1090917 356662 446525 961729 603892 862345 486095 950578 812435 702352 685137 714243 510771 989904 686360 999999999 222030 755850 557923 454980 915625 619388 962978 454334 544235 354437 604486 946452 1144447 659054 808943 1167649 701599 287181 551557 651610 387278 1153187 563176 258465 93306 616844 169254 202364 404059 464360 971387 930078 795187 349644 263730 437044 346228 671583 899890 766410 827926 683788 219271 1110383 779237 78661 909237 600736 468006 1013194 496814 480443 659417 505810 889685 253201 253513 613161 602120 232703 251331 414897 893071 714971 702130 490929 858257 928728 783844 719434 551863 489555 867875 910694 69034 161188 471927 704625 684798 1194821 1030298 443421 1003352
917689 1227160 498562 427719 1059201 802462 852335 642655 1073300 893283 852398 783088 798861 503027 1153370 875980 222030 999999999 905301 768240 565517 907796 754830 1076705 462448 464907 364199 795899 991495 1272800 875661 845912 1292182 907832 147371 610144 870371 493972 1292386 711453 188878 289454 790144 385425 24472 392451 649959 1135778 926384 874662 263909 480578 584615 560977 781741 977286 807132 952232 706486 413115 1256384 981331 266860 859084 566595 558907 1134271 703497 657492 855849 480289 983355 322495 426603 548501 822548 74501 226269 497211 1069153 910358 872010 410332 925461 1027219 903778 892762 740284 494767 1030441 1068044 289757 83195 636842 725219 835678 1326887 1093447 548167 1044620
300877 338367 407952 624876 315546 306147 644299 269762 229487 306160 53561 239014 283220 587994 255985 233046 755850 905301 999999999 405135 352583 661007 157098 264515 566655 754210 605481 262227 492801 398558 480878 466261 425922 365728 836192 410038 516541 419240 398310 194594 758895 662618 174756 621980 900051 622660 322852 240758 654102 307552 760277 567228 322467 511391 199089 351989 443470 137194 493566 543815 354652 345976 678416 797594 650211 380278 287695 393263 291694 282223 629634 286038 589250 502405 730968 544873 855766 708769 437342 219515 274958 115384 750292 372377 290476 140457 130286 272270 562596 139909 165507 705097 822826 285921 501730 71053 444019 478595 372973 537796
665197 706349 370910 698018 717015 101132 924023 293934 632448 659507 372069 536348 590014 705782 536471 196652 557923 768240 405135 999999999 435192 958502 388716 669568 654933 846208 626345 142908 850636 775730 127866 774079 806926 146961 767626 584249 146089 447654 752042 327645 698655 478889 238223 388820 752886 671439 185706 517532 959674 652340 748531 296276 331447 213145 492930 729023 737142 538107 730828 358026 694499 230482 501400 1049414 801576 485860 687007 69684 215866 146051 735234 675071 539964 363091 865119 148041 749807 655057 501223 412512 193527 293339 815927 728072 689246 523579 289464 150133 673003 437657 489570 489920 690237 265628 747882 359934 809325 866604 449758 903788
380326 662199 115923 291246 507230 393978 509736 149268 508222 360094 303141 230167 262218 278774 608205 414178 454980 565517 352583 435192 999999999 552356 195886 514330 237605 435189 254843 359008 513878 707358 561170 394118 727220 512009 484795 155177 581144 71755 727879 175162 407834 368794 295076 374263 563654 279354 249628 592355 558788 343699 408666 372080 104085 369665 219203 447640 351340 386752 310363 288395 694536 551713 377349 620042 369068 50670 569676 373709 221202 424372 313982 434718 243345 230876 438132 571090 509776 358002 87535 548485 463776 355105 418352 411801 474302 338688 381200 309282 247066 488437 518080 423475 485517 171880 329897 288643 761380 582499 20966 571851
376210 743390 661492 483118 475745 888506 55489 668678 595159 362061 651558 436825 384514 410326 841276 860875 915625 907796 661007 958502 552356 999999999 581721 555546 462507 468669 564994 843315 231889 734953 1074058 195092 730274 989338 766450 399996 1101402 583795 799988 633036 720970 855324 747550 898687 920136 522540 783294 836510 23887 356235 646348 917714 648814 921970 482775 360642 224421 557846 244586 820110 810481 994523 853032 174838 343039 508467 617739 907544 747160 895238 427863 431613 663361 763309 384210 1104079 833472 694308 532991 867700 911550 751347 514485 308181 467173 527505 775767 811885 427260 772972 762983 913675 856632 699581 223961 652281 789166 351204 547318 242242
281467 474264 263707 470700 365907 308798 553983 146478 331966 272793 110304 148525 202507 438943 413070 282375 619388 754830 157098 388716 195886 581721 999999999 349005 412972 604423 448406 262674 462370 525291 495811 390797 548264 407888 680386 266181 525629 264014 538496 70490 603251 527329 165839 501968 750961 466594 242162 397661 580027 264335 603178 464355 182988 426049 104250 348590 357351 209945 377200 418181 501608 420537 540857 695418 509718 223704 394688 350773 203522 313683 479603 306751 435508 369624 588356 536756 702577 553252 280245 363347 334095 186482 597131 340534 333841 170621 213596 238589 411695 295025 322427 574904 673145 173788 389893 98533 576651 489360 216090 516375
202930 193083 606588 717575 84922 570075 561440 494243 49188 227558 303584 295922 294537 658288 305595 490288 962978 1076705 264515 669568 514330 555546 349005 999999999 661320 814015 732644 526676 333642 208527 739366 389605 220463 617886 980322 489006 776067 585876 256389 415019 906665 872393 437245 850974 1076371 730712 573828 306778 540211 244065 882602 810132 530645 763583 295456 195222 392389 141013 488934 766958 256343 580421 884345 722280 683681 517959 67739 656225 538355 541918 700096 130234 754644 717122 764214 807738 1016440 859176 579925 376890 524994 377511 828008 253901 88557 179551 386774 534641 643503 286465 251630 922020 998358 518944 485848 318987 266643 262015 530024 356418
477586 836612 286181 58559 626027 626577 408583 384748 670407 451706 523180 370242 367395 60581 820352 651755 454334 462448 566655 654933 237605 462507 412972 661320 999999999 197617 103045 594386 529592 868357 782763 383640 881778 745783 336445 172524 798152 207339 903638 409492 274175 401425 532438 462048 470811 72927 471755 806320 478078 432807 225642 505713 330678 537385 387616 529609 345634 560760 244286 396593 880991 788851 396049 463676 161756 193892 725735 588309 450030 660418 80400 549617 205564 347555 211550 778690 390895 238413 155991 775836 701150 588246 184189 472527 596442 510002 614952 542342 35281 706402 728347 458596 401112 403199 263461 511254 925759 635602 217923 582239
616280 999188 475305 148319 764967 822767 414484 582142 830827 590242 713747 539290 522962 166228 1003926 849360 544235 464907 754210 846208 435189 468669 604423 814015 197617 999999999 229002 791508 612507 1022446 973983 472017 1031706 942198 317612 345528 987217 401285 1065691 605936 296551 521114 729811 603445 481981 177409 665546 990989 490261 572288 205436 665332 527051 710125 565063 654795 446055 731090 335940 554691 1049618 986407 508369 395251 139757 390494 880967 778266 645794 857692 124831 691407 340552 514914 86411 963575 391692 292966 352754 967685 898757 783604 55346 591541 738999 681350 810506 738870 192829 894018 911933 571091 434216 599790 346541 702942 1080623 733555 415537 655346
559909 898890 258588 95751 705490 613850 510761 385543 736375 534719 557303 436919 443967 156507 861466 654179 354437 364199 605481 626345 254843 564994 448406 732644 103045 229002 999999999 587908 627761 936349 753334 482756 952274 733116 248656 249765 764194 198624 965675 428664 178976 309050 541318 380723 370971 54629 451875 846029 580874 515869 155071 437215 325216 481283 445446 616542 443312 620641 345659 326433 937841 785709 301001 556510 248334 226374 794536 557290 437929 654538 153925 628948 115841 285973 275361 737625 294846 138116 168258 802977 700549 607924 190977 562674 674555 570118 633397 532502 138002 742723 770559 364403 299423 396604 365307 543200 992733 729523 233949 681531
529922 570871 331965 644579 574800 47018 813309 209932 489907 526370 230503 410879 464848 637781 414703 82038 604486 795899 262227 142908 359008 843315 262674 526676 594386 791508 587908 999999999 718655 638824 233886 653422 669336 154002 768368 492624 265481 392612 620174 212911 693871 515491 100106 443569 784218 625260 146907 395458 842281 520843 727261 364377 265053 290058 365696 591767 619287 395697 627739 386948 564929 197932 536174 948456 726214 407729 545188 142150 150550 66656 672391 535096 523067 369879 797034 285392 764575 646001 438754 299521 116024 151401 769305 595387 547501 383277 150858 57016 605978 305680 356872 541427 713835 192325 642841 219428 675342 727580 377417 770182
192424 515611 629659 571252 250269 765646 253060 585907 377465 192419 499056 317935 266957 496854 632374 716500 946452 991495 492801 850636 513878 231889 462370 333642 529592 612507 627761 718655 999999999 503667 952153 146404 498422 849996 864364 395021 984101 568828 570072 527757 803715 869967 618588 887622 998732 601305 696982 630299 213068 198309 748316 882207 587676 865440 358726 147727 184452 368105 288670 802157 584180 838511 873782 405964 472909 485396 391826 812278 658147 759159 529816 222049 698467 744428 539903 998614 920452 765848 532472 678074 763381 599077 645450 123358 247862 352344 619684 700577 498815 581982 562658 927492 926275 617610 272519 505141 557443 126487 517868 57973
408721 72164 788944 925061 267240 675003 749204 661929 200263 434138 449668 499925 502579 866652 275917 580631 1144447 1272800 398558 775730 707358 734953 525291 208527 868357 1022446 936349 638824 503667 999999999 816773 587153 33250 688504 1182601 695843 854871 779033 75660 582853 1107826 1052028 567833 1018628 1270941 936914 721037 289471 716702 451327 1087930 965782 707445 908326 492843 387032 595110 320612 695390 938249 123411 628802 1066006 907420 891383 716857 142637 779246 690240 633323 908533 333870 950369 893047 971491 897694 1215211 1059475 778967 396261 599891 489914 1036454 450597 287271 369232 488012 662653 851386 340011 288433 1097914 1192808 681685 691123 467216 58227 397840 724672 508690
762497 745116 498680 825827 796335 187173 1041898 416947 697604 759763 458384 644284 698274 833347 555984 249170 659054 875661 480878 127866 561170 1074058 495811 739366 782763 973983 753334 233886 952153 816773 999999999 885960 849331 128477 885696 707982 38115 575459 782118 441045 818906 587076 333694 490802 858711 798952 312528 538370 1073910 754577 872484 395635 457927 314744 599337 822866 850807 617919 851561 473092 721434 201845 609869 1171440 928644 611813 746455 196083 340376 198654 863045 763140 664308 484742 992799 92232 863011 776777 628821 428033 218163 365531 943280 828819 771205 611777 352980 262673 800593 478275 528957 590062 800431 390158 867916 449470 842833 956333 576327 1003134
192832 582528 509255 424854 319915 699313 181068 490781 422604 174050 456595 243646 190441 350560 657015 667280 808943 845912 466261 774079 394118 195092 390797 389605 383640 472017 482756 653422 146404 587153 885960 999999999 589105 796955 717987 259028 914717 440800 644282 446545 657815 736122 556093 762066 853589 455083 605374 650711 190341 165023 601953 766197 480370 759013 289557 200264 43310 368632 142463 678377 645262 799921 738318 340608 332380 358523 456075 727215 567781 703132 384142 259647 558249 620398 404248 921190 774529 620683 398916 675340 717602 556610 502050 136712 302541 334780 580846 625407 352525 581518 574979 794274 781867 522448 127253 457649 644390 261854 394342 198785
415959 105311 811538 937955 270390 706068 746905 686824 219000 441786 476270 515361 514804 877935 309106 612243 1167649 1292182 425922 806926 727220 730274 548264 220463 881778 1031706 952274 669336 498422 33250 849331 589105 999999999 721130 1199376 709466 887419 798970 100843 607448 1125121 1075526 596659 1044197 1290835 951125 748741 322717 711341 459501 1102845 992955 730952 936667 510875 388941 599427 341164 701962 963134 154256 661876 1089101 903761 899090 734826 158153 809312 717330 665022 919522 340740 969690 917062 978529 929865 1233574 1077137 796951 429440 632222 519808 1047347 453252 293374 388539 518647 692039 863723 372075 320672 1122174 1212702 707358 696729 493713 60297 387826 744085 499704
658100 616771 474698 794541 678928 119578 961709 362741 574631 658206 351061 553310 606722 790604 428064 133793 701599 907832 365728 146961 512009 989338 407888 617886 745783 942198 733116 154002 849996 688504 128477 796955 721130 999999999 896936 646470 166584 541471 653720 364851 825045 619608 242222 533143 893520 773157 281754 410277 986976 655114 866490 442035 415198 359177 507409 714875 764918 502583 779460 494967 593152 85444 641768 1099949 879958 561173 621419 204957 296672 94241 824460 651381 659026 491422 950133 214689 884890 779087 589816 300112 92909 252435 917861 726972 655469 502079 235521 203442 758581 350736 401034 634268 828216 342584 793965 345078 714364 844254 529957 898528
808214 1142679 444912 293651 954138 783387 710972 589175 982364 782872 785217 684400 692623 368961 1090461 844086 287181 147371 836192 767626 484795 766450 680386 980322 336445 317612 248656 768368 864364 1182601 885696 717987 1199376 896936 999999999 498042 886757 416971 1209117 648093 77428 314258 744372 416056 165497 263729 622066 1073932 785776 763988 120121 504991 527855 576512 690097 863670 681294 864617 576322 412870 1178357 962734 292978 712181 423723 466847 1041370 699039 620836 832548 341643 877587 250732 405831 401620 846190 75730 127639 405186 1019004 884388 820567 263220 808149 923206 814558 843885 711378 365700 968918 1001532 340851 135212 590533 593927 769642 1238465 972039 465152 915559
310189 664565 261498 229710 456635 532410 355565 291035 497988 284954 372474 198404 195935 179778 658398 534670 551557 610144 410038 584249 155177 399996 266181 489006 172524 345528 249765 492624 395021 695843 707982 259028 709466 646470 498042 999999999 730263 185445 731576 284664 428388 477154 412379 505603 614420 241926 400342 645519 408018 266105 394598 518185 257206 523005 219932 367376 215936 390022 156084 423749 710296 674778 479751 466213 243561 108677 553227 525564 368395 554566 222184 380043 304308 366125 322452 723584 543207 384690 140017 626345 586333 451518 347618 315820 426237 339476 478731 448901 158323 549462 566411 535260 539104 318623 176218 363353 753235 485834 147809 451798
795250 783224 512584 839452 832086 218471 1068108 439669 734648 791846 492540 674139 728101 850103 593908 285782 651610 870371 516541 146089 581144 1101402 525629 776067 798152 987217 764194 265481 984101 854871 38115 914717 887419 166584 886757 730263 999999999 591313 820180 468632 821781 583379 365586 484949 852668 811159 331536 576343 1101831 786169 878699 389859 477272 311525 629578 856388 878850 653384 876073 473995 759455 238574 606178 1195137 946697 631802 783921 209897 361870 234543 878546 797620 671433 490097 1009013 61464 860944 780997 645619 465974 256032 401159 954815 860856 806593 646018 389409 289594 817281 516272 567010 582598 796829 411666 892864 483067 880928 990711 595458 1035637
446612 733392 83444 253223 577070 421914 537226 187129 579971 425240 368328 299097 327029 259066 673689 456282 387278 493972 419240 447654 71755 583795 264014 585876 207339 401285 198624 392612 568828 779033 575459 440800 798970 541471 416971 185445 591313 999999999 798889 233287 339655 303916 342704 321283 491933 232697 264642 657341 592753 408138 348083 334093 127789 346839 290550 512755 397498 458420 339213 238422 764651 589636 310657 632627 357565 83436 641428 381416 244809 459209 287586 503718 172209 180700 417702 573870 439134 289533 56384 607516 503480 410838 376766 473057 544245 410440 435862 338599 226233 552606 584562 360238 413795 200302 359940 352940 832929 644839 56620 626627
459289 67028 801028 961258 326319 652744 811381 667393 234889 483693 451454 533397 542872 906424 228490 555418 1153187 1292386 398310 752042 727879 799988 538496 256389 903638 1065691 965675 620174 570072 75660 782118 644282 100843 653720 1209117 731576 820180 798889 999999999 590090 1133250 1060108 558533 1019780 1289136 970187 715380 244831 782531 499777 1119122 961046 717188 898927 520242 445816 648664 345034 744706 942125 62165 588069 1075324 970914 937905 742283 188822 762143 687323 607041 948741 386227 971073 900058 1018969 866358 1237632 1084120 803974 355078 568664 476261 1076453 507702 341781 395614 470216 649800 889049 314916 263352 1103344 1211185 684227 742084 469107 63153 468948 746287 578583
350491 527801 213436 464907 435653 256503 601316 79697 394464 340470 141238 210369 263383 444130 443445 250078 563176 711453 194594 327645 175162 633036 70490 415019 409492 605936 428664 212911 527757 582853 441045 446545 607448 364851 648093 284664 468632 233287 590090 999999999 570671 470217 127770 437702 705782 454489 172185 426462 633205 330819 580820 395723 127885 355648 169402 418182 410226 274442 414911 355714 548739 390152 485235 735601 524804 215624 456990 284650 133366 271535 482395 377236 398606 310507 599900 475150 663662 520470 262647 374539 301678 179946 592260 407229 403795 238746 206143 179049 414243 321162 356685 515084 628770 104361 429930 124282 632078 559159 196067 582715
738254 1066942 368325 239176 882842 710290 665608 512185 907564 713230 707842 610860 621305 314301 1013058 768761 258465 188878 758895 698655 407834 720970 603251 906665 274175 296551 178976 693871 803715 1107826 818906 657815 1125121 825045 77428 428388 821781 339655 1133250 570671 999999999 263822 667710 362849 199375 203607 548101 996513 739071 694417 92976 446841 450768 513995 615034 795460 619573 789115 517839 348462 1101852 889194 244788 682520 382308 391272 967010 629541 545507 758542 293119 806424 173761 335631 374359 783703 116739 50211 329350 941820 809822 743431 241392 741580 851542 739260 766879 636856 306046 891491 924197 300546 139271 514147 536447 692239 1163408 907817 388349 856379
749036 998015 265843 404644 873604 517570 803527 392882 858950 728378 609135 598553 630226 460789 896952 597040 93306 289454 662618 478889 368794 855324 527329 872393 401425 521114 309050 515491 869967 1052028 587076 736122 1075526 619608 314258 477154 583379 303916 1060108 470217 263822 999999999 524305 102065 274096 362601 373323 878483 868229 711574 345055 194423 344610 272414 582812 815962 693085 736407 617404 128578 1017114 694938 22808 864099 556944 386524 921624 414818 388005 572330 462932 802552 196000 160232 580969 538242 278521 239173 337770 801299 627600 609396 471328 776945 840561 692997 627071 461846 435765 774800 817445 58519 213492 378643 638484 591569 1102097 948755 358913 927411
429891 503516 299460 586262 479869 147123 719488 156834 404087 426276 134964 312737 366559 569944 374081 122309 616844 790144 174756 238223 295076 747550 165839 437245 532438 729811 541318 100106 618588 567833 333694 556093 596659 242222 744372 412379 365586 342704 558533 127770 667710 524305 999999999 468462 781282 572310 158316 355302 745682 420885 688971 403231 218471 340917 267153 492149 523160 301785 538694 398234 507940 262400 542816 858668 652323 339667 462384 219001 136423 147982 607286 436886 493987 367311 726793 383944 750409 618136 380742 279083 173975 85853 713196 495302 451520 285357 103048 97588 539425 253867 300640 559481 706991 154399 552635 121899 609416 628755 315303 670082
748918 960315 259630 475651 862050 438875 849335 358008 832133 730676 569559 595675 634150 522613 842193 525567 169254 385425 621980 388820 374263 898687 501968 850974 462048 603445 380723 443569 887622 1018628 490802 762066 1044197 533143 416056 505603 484949 321283 1019780 437702 362849 102065 468462 999999999 367984 435352 310981 823275 909408 715265 439628 95221 322138 177049 572709 817544 718768 711378 655542 86579 972869 611886 124188 924693 622655 403827 894688 328811 333816 495074 531472 795013 265001 143396 656082 437968 379825 333650 366974 738383 550776 554284 556577 785414 829164 672128 568803 393815 494305 722273 768037 101152 313110 336943 676601 551912 1065803 954976 369825 945578
920500 1224220 492451 438486 1060774 789538 864733 635613 1071850 896359 846940 783840 801199 513432 1146582 864737 202364 24472 900051 752886 563654 920136 750961 1076371 470811 481981 370971 784218 998732 1270941 858711 853589 1290835 893520 165497 614420 852668 491933 1289136 705782 199375 274096 781282 367984 999999999 401993 638857 1128834 938374 877836 279068 463205 578426 544290 781057 980975 814283 950334 715093 399602 1252177 967941 251780 875184 580094 559237 1133132 688851 647690 843392 492290 985205 321750 415971 564759 804093 90312 232914 497947 1060364 898161 863835 427082 930145 1028606 902299 884119 728983 503764 1023612 1062014 270786 78138 628659 734127 830064 1324614 1098966 546838 1052373
549538 903184 301065 42532 697531 653598 467652 418910 738079 523760 576706 437407 437762 112390 878028 688262 404059 392451 622660 671439 279354 522540 466594 730712 72927 177409 54629 625260 601305 936914 798952 455083 951125 773157 263729 241926 811159 232697 970187 454489 203607 362601 572310 435352 401993 999999999 493470 863312 539522 504847 153266 491017 360463 533119 451422 602304 417759 625997 314401 380235 945558 822318 353751 505276 196721 243035 794417 602931 476672 691877 101782 621018 170439 338204 220732 786480 319979 171980 192077 826512 735969 634433 144932 545435 667609 575197 660553 570898 102639 761569 786375 417278 334876 432984 332866 563627 994030 708340 258509 653328
522586 658745 193287 517263 603134 163506 745964 114838 546626 511970 274018 379117 430476 521129 531282 226026 464360 649959 322852 185706 249628 783294 242162 573828 471755 665546 451875 146907 696982 721037 312528 605374 748741 281754 622066 400342 331536 264642 715380 172185 548101 373323 158316 310981 638857 493470 999999999 512333 786219 501591 585299 245668 145753 189892 340507 590367 566125 433308 549930 245151 665803 341183 393184 866411 616123 300276 607471 125399 38976 210494 551757 548016 378876 223449 680792 323492 617694 500775 316805 429036 262762 243817 638400 577923 572047 404397 257824 90457 488436 412022 458926 404331 567605 83719 567791 257174 764737 731335 264056 752739
460552 217893 637429 864709 390490 421629 831470 493231 258225 476853 289288 459279 491900 824919 19248 322404 971387 1135778 240758 517532 592355 836510 397661 306778 806320 990989 846029 395458 630299 289471 538370 650711 322717 410277 1073932 645519 576343 657341 244831 426462 996513 878483 355302 823275 1128834 863312 512333 999999999 824635 486058 1000672 753572 551459 683823 427241 483506 638735 283091 709339 753322 183388 343241 896359 991247 880709 621036 272614 536575 491506 371483 867001 409256 825025 719815 962421 624127 1089879 946306 677805 110451 328353 269543 989376 528769 384239 324272 254692 434546 800750 105420 79632 914752 1052728 501627 713762 304402 306861 568793 612941 659848
365241 726734 669312 500636 459434 887812 75822 671431 580763 352422 646525 433751 380754 427154 828939 857593 930078 926384 654102 959674 558788 23887 580027 540211 478078 490261 580874 842281 213068 716702 1073910 190341 711341 986976 785776 408018 1101831 592753 782531 633205 739071 868229 745682 909408 938374 539522 786219 824635 999999999 347728 665656 926195 653666 928409 479706 345953 223109 547667 254006 829948 794326 990123 866463 196061 362933 516023 601542 909944 749651 893036 446145 417948 677358 772848 406232 1105835 852157 711458 542941 858496 907943 746763 535392 295866 452108 519017 770803 812237 442920 763366 751942 926665 874073 702582 233046 647884 770476 330244 554597 220333
44891 434926 455791 486115 194355 567788 346088 393015 268588 18917 305861 123994 81481 421543 492800 522343 795187 874662 307552 652340 343699 356235 264335 244065 432807 572288 515869 520843 198309 451327 754577 165023 459501 655114 763988 266105 786169 408138 499777 330819 694417 711574 420885 715265 877836 504847 501591 486058 347728 999999999 658111 699374 402192 675614 161417 104760 154715 203621 244952 628729 492892 649106 718795 505245 440060 327533 311756 614805 462629 563178 462288 119258 560780 572368 520274 800309 808822 650139 384437 511513 570649 406744 589584 76411 166874 171338 429055 502304 410598 417083 409992 766947 801417 424310 242702 310204 509551 239778 352662 252089
702803 1052225 395425 177277 850706 748803 590868 532180 888453 677024 711679 588007 590533 251557 1016239 797707 349644 263909 760277 748531 408666 646348 603178 882602 225642 205436 155071 727261 748316 1087930 872484 601953 1102845 866490 120121 394598 878699 348083 1119122 580820 92976 345055 688971 439628 279068 153266 585299 1000672 665656 658111 999999999 517118 470712 577574 599015 755230 566506 774203 459701 412196 1092279 924895 328084 596251 303751 381436 945658 678853 576790 793372 222164 774169 208611 388620 286133 844923 189534 106112 322935 955341 841996 758919 150089 697715 820662 723531 783852 670709 251716 897055 925473 387120 228831 539558 476670 697308 1144732 858634 387917 798527
728910 904211 257609 528582 829971 354068 871301 317944 786694 713216 516829 576299 620154 565679 772716 445499 263730 480578 567228 296276 372080 917714 464355 810132 505713 665332 437215 364377 882207 965782 395635 766197 992955 442035 504991 518185 389859 334093 961046 395723 446841 194423 403231 95221 463205 491017 245668 753572 926195 699374 517118 999999999 297217 83173 547220 798068 723387 669177 673145 110790 911158 522567 217115 960606 667386 410736 848484 239737 275626 410725 580727 767463 325355 159070 709753 343821 472917 412706 386897 663109 466217 487827 622181 772793 797632 634397 499320 319301 535059 655707 703639 194929 407388 291405 693767 499515 1010185 938154 372985 939996
432008 654255 86053 379683 539968 295904 608492 61708 514942 416009 269054 279125 323411 377376 568894 328966 437044 584615 322467 331447 104085 648814 182988 530645 330678 527051 325216 265053 587676 707445 457927 480370 730952 415198 527855 257206 477272 127789 717188 127885 450768 344610 218471 322138 578426 360463 145753 551459 653666 402192 470712 297217 999999999 279075 251839 501144 438937 392735 410135 236845 676537 461855 358714 723219 470924 154644 577662 269632 119668 331581 409781 473831 277126 186711 537240 467146 538899 400876 174687 491209 375757 292724 504274 475974 507118 351200 316145 211819 344914 446052 483592 391960 501722 72801 428922 251950 757845 640987 118401 645149
701155 844433 264134 567602 790703 275203 878564 283607 736458 687891 463582 551622 599356 595552 703055 369589 346228 560977 511391 213145 369665 921970 426049 763583 537385 710125 481283 290058 865440 908326 314744 759013 936667 359177 576512 523005 311525 346839 898927 355648 513995 272414 340917 177049 544290 533119 189892 683823 928409 675614 577574 83173 279075 999999999 517745 769960 717202 622900 679058 165921 846910 440332 295218 979463 697030 414373 797139 158600 225529 331805 615640 732705 376161 195384 746739 269852 549436 475960 402716 589558 386869 422887 670780 750921 759133 592482 431620 250229 563593 588993 638345 277674 485872 253405 698975 446892 950329 911050 375196 922577
183420 453444 318099 446039 290990 412178 458592 234155 292611 171482 174196 45967 99437 399676 439464 378102 671583 781741 199089 492930 219203 482775 104250 295456 387616 565063 445446 365696 358726 492843 599337 289557 510875 507409 690097 219932 629578 290550 520242 169402 615034 582812 267153 572709 781057 451422 340507 427241 479706 161417 599015 547220 251839 517745 999999999 252245 258782 175220 295438 486533 494136 512641 593254 605996 453912 224047 352766 453603 301531 413659 442113 222304 459415 432851 535407 640965 722708 566633 286173 418601 428839 270629 567088 237827 257943 124684 296199 342815 377581 334939 347764 634947 703006 264844 304819 171790 548402 393305 234574 413367
69159 385857 558539 580683 119940 638644 366635 486353 234821 87584 364915 222331 185765 512599 486241 581101 899890 977286 351989 729023 447640 360642 348590 195222 529609 654795 616542 591767 147727 387032 822866 200264 388941 714875 863670 367376 856388 512755 445816 418182 795460 815962 492149 817544 980975 602304 590367 483506 345953 104760 755230 798068 501144 769960 252245 999999999 212312 222253 319446 730965 451204 697690 823390 527242 517967 432294 259255 697599 551515 626499 551747 74427 665023 675092 594989 875891 910567 752063 488992 530622 625916 462486 677164 64676 106679 212858 481205 580609 504985 434570 415009 871088 904889 516840 311553 373406 444152 141158 457106 186476
