NAME : synthetic_000424
TYPE : CTSP-D
DIMENSION : 100
GROUPS : 8
RELAXATION_LEVEL : 1
EDGE_WEIGHT_TYPE : EXPLICIT
EDGE_WEIGHT_FORMAT : FULL_MATRIX
EDGE_WEIGHT_SECTION
999999999 435517 860825 575085 707664 494215 342304 856020 446809 790021 948680 991373 739885 368285 262061 698959 566013 713222 899658 833008 231098 379949 473847 459229 925154 103487 952026 525322 215692 742625 169794 397806 443540 635105 125117 375700 732331 116689 896633 832578 788036 414729 285650 555658 981229 862610 927547 630347 74586 631659 554558 472308 568039 498678 1122556 611727 882114 1001358 832808 924540 663469 225048 910638 567509 770807 988405 846836 119785 1000883 515702 948179 414795 850800 167473 977847 908699 776544 492034 431513 300088 1011261 588625 908072 573454 372796 932380 116786 254262 192997 304055 528248 113080 627049 450355 463368 751485 548474 553957 841691 256461
435517 999999999 452126 262822 348454 305815 115824 552004 255155 359034 516250 701552 407016 183698 197998 304645 203950 320347 507067 456561 378480 77473 676484 129920 522799 393279 534851 89889 472516 391580 458469 265490 620419 279179 318794 209298 302890 450694 493864 652701 419736 387919 170205 691125 551263 445780 547554 633772 435387 419708 183016 324022 643158 158498 822061 322267 542395 702444 477940 505891 228186 225308 558937 707970 344594 635022 592520 445024 621359 639520 519835 483988 419833 478334 542830 474929 342447 163082 367321 465241 584082 431180 472577 719478 236008 498620 435113 198058 247860 449511 139939 448021 210452 192583 268910 632209 113104 745300 502541 524816
860825 452126 999999999 560749 189618 680458 520028 293211 462790 294311 317230 400090 219121 619813 649235 163215 489932 150323 503821 522462 830159 485613 920347 522386 481137 791224 428983 373027 924594 185658 909110 685629 863194 243095 758025 640227 310652 839274 45939 531849 525263 807879 575278 878881 359451 36613 133197 727735 838999 413980 307095 713445 797837 364419 475122 320003 218895 386297 166061 76114 263709 673263 201227 894509 327162 246774 394850 891683 192103 835575 137197 913830 128538 847833 287249 171507 182002 372518 569375 765066 399676 482698 220209 907079 520583 291574 881688 647899 689896 745759 333287 893789 384340 587342 657779 596962 360609 961991 206862 857756
575085 262822 560749 999999999 538740 137946 359283 753500 517668 319130 458159 899341 607448 206977 319510 467514 75654 481214 336043 262911 406472 331538 917633 142656 368759 575801 414234 253862 504472 580948 514852 199940 864295 486668 451446 200861 271026 634324 606671 896127 216423 289076 395521 944337 474971 538064 685808 896451 605481 668959 405032 176783 902068 405511 1006105 558255 720544 894849 651191 584008 299766 356710 725225 960932 284495 792167 815202 527528 752053 892818 564987 396785 469431 674743 506749 496058 388485 413269 628897 700555 492285 689218 466511 971945 495708 453215 519610 330525 392623 687414 364237 533875 176414 124872 137607 888024 244885 990984 685690 740087
707664 348454 189618 538740 999999999 631669 380489 214768 282179 373025 459605 361846 70129 531617 529736 82244 463089 76196 595602 589913 716667 354559 730822 454709 584836 628012 550644 296769 803110 43607 780627 610343 673790 73939 617916 556396 358092 671321 208476 396122 577547 734192 428494 690188 504257 212178 220186 545252 676325 231515 168072 657817 610405 214495 476121 130412 193945 359386 130957 265688 259454 546146 212243 705975 393346 289835 285241 755798 293222 646324 321140 832319 268119 674248 446251 331270 260802 218766 381283 580963 545843 296687 367858 718572 347079 433329 745903 525097 555208 561659 209016 756621 377919 523622 600549 435693 297593 772617 154346 676443
494215 305815 680458 137946 631669 999999999 367217 844251 550019 455546 596077 992988 697060 159149 268169 568883 193674 583728 461178 384299 294367 353124 890426 179712 497282 517590 547994 334984 385972 675115 403791 96683 841433 570573 378906 136579 405144 572991 726249 958506 337648 152171 384313 932874 612251 661006 799835 913388 538214 725247 479205 39026 902855 463779 1106729 626439 821389 991055 753029 710683 416757 300191 830642 948774 421585 901520 894224 425294 869049 882434 696779 258989 598830 619093 644597 629908 516092 468828 643910 673564 628290 732498 602606 958793 510375 591100 418739 281503 335362 663488 435536 432510 301771 113236 40303 934249 335391 967812 784074 694625
342304 115824 520028 359283 380489 367217 999999999 560278 189787 469906 624931 706842 425498 214301 158860 359984 310827 374820 622744 570884 343104 41064 563985 216885 638601 285815 649456 196699 424054 419929 400195 299590 508822 306555 239342 241290 415184 341309 557408 615204 532805 408245 58852 585195 661650 520569 596172 546901 330641 382534 217172 374494 543984 165998 833851 313156 568095 711692 510610 582423 329971 167790 591331 601841 457920 669441 580373 376054 670413 533638 606399 487584 510190 365397 647447 569923 438970 162449 277100 350608 695776 374891 573723 612958 143174 605877 366106 150975 174736 335411 186745 377281 326235 261196 327105 575187 221974 634718 527090 409132
856020 552004 293211 753500 214768 844251 560278 999999999 409242 561191 609944 149567 147218 735437 717552 289820 677848 278274 782026 787329 903329 542883 759098 665833 764516 763887 718246 509462 982115 172909 954254 817145 708405 274345 785142 761290 557868 796391 273920 249170 780239 939923 597968 689521 652548 329407 203409 509327 811082 243480 369195 869014 600883 401526 273586 248847 84519 151664 128303 351401 468871 727805 121149 702655 587462 168677 105212 923061 235868 656513 421311 1034087 416586 786613 579951 464719 442782 401651 457253 663796 692879 311068 512852 714415 483384 584034 913527 710784 730116 645729 412837 922564 590695 734570 811939 338150 511778 780040 86577 765629
446809 255155 462790 517668 282179 550019 189787 409242 999999999 525580 661228 546986 299288 402508 342442 304917 454835 314950 719763 683678 516648 196915 477843 383135 725380 356631 717405 287129 584370 309088 552423 488456 419326 219695 381689 429773 482221 394242 488533 427473 653439 597894 205093 464972 703563 476606 498617 381116 404500 198621 184649 560919 403475 138538 677623 167616 438512 555768 395502 536360 373780 341496 469524 481900 526845 546111 408096 517685 568899 414930 580112 674244 500851 393197 667546 566816 452609 127190 127249 302777 742715 185133 587345 494217 74227 637661 508434 332254 335004 283520 195223 516557 429057 439250 510632 385991 308872 533918 398927 395242
790021 359034 294311 319130 373025 455546 469906 561191 525580 999999999 158860 687068 438377 458110 534723 291726 267849 296945 222885 228974 683077 428878 999574 349903 212887 752294 192106 273211 783836 402151 782319 494994 941293 364617 668337 468478 58186 809505 336022 769039 231483 602793 527440 990100 192229 261665 427412 881818 794238 585055 343806 493572 923995 387609 769237 463677 500998 675667 436202 289797 151936 569008 491026 1006976 36927 541076 650466 780638 480097 940394 254570 711790 173301 835303 195386 181135 118568 399037 652659 802794 225951 635634 147416 1019374 548814 144877 771243 539600 597835 785089 331404 785165 170276 395121 446104 803150 247959 1059009 477543 874678
948680 516250 317230 458159 459605 596077 624931 609944 661228 158860 999999999 712807 514121 614351 693505 387512 417775 386795 226488 279624 838693 583880 1138900 506691 190327 909027 121937 428728 939516 476939 939470 645448 1080390 473456 827183 623163 216940 965737 344783 842245 306942 746849 683089 1120696 44665 280747 435555 996894 951626 688014 476580 634941 1049311 526823 771109 572104 535727 696857 481922 273797 297557 727864 514758 1137349 182868 544509 709811 938876 466838 1072388 209896 854920 195810 989872 57968 146953 210515 538105 786390 949286 86240 746966 97094 1149905 693011 26414 929538 698450 756641 931072 472787 943508 327398 547653 591903 894441 403932 1194211 523385 1025474
991373 701552 400090 899341 361846 992988 706842 149567 546986 687068 712807 999999999 296142 884936 864877 432562 823734 419694 902872 915767 1049872 690982 842504 814951 881172 895897 828166 658026 1126464 318846 1097158 966712 797042 423754 927084 910829 690755 923929 368098 259084 912698 1089467 742032 759219 752695 436343 278087 568521 942058 362792 518762 1018182 669920 550263 131343 393827 186377 24334 253909 440666 609281 873795 198938 770182 716337 180720 152794 1064181 268831 734028 509200 1183292 528572 909299 674634 565944 569008 549961 576621 777075 790963 419821 617123 780924 621047 688113 1054809 857710 874483 760110 562394 1063273 733130 883752 961047 374402 659440 850873 215372 878930
739885 407016 219121 607448 70129 697060 425498 147218 299288 438377 514121 296142 999999999 590710 579786 150998 531844 142590 661262 658132 766646 404014 717618 518815 648710 654410 611010 362244 849531 37274 824455 671421 662166 128008 658178 616194 426396 693512 223955 331725 646776 794670 468634 667133 558510 248909 205239 509522 702572 197614 224037 722041 583610 261727 415096 132205 143256 295684 97088 293133 329415 593087 170906 682245 460379 248520 215513 796615 271681 626256 356141 890497 319068 691317 495267 378348 323354 263556 379579 585623 600016 268703 419553 694704 370239 487708 786853 574017 598838 566549 267222 796839 447964 587611 664915 381721 364816 752926 102330 684503
368285 183698 619813 206977 531617 159149 214301 735437 402508 458110 614351 884936 590710 999999999 115559 482906 204359 498566 534636 465723 225098 208148 733677 108398 562865 372293 597295 247455 325768 574909 325581 86274 683710 462870 244473 27389 400578 430075 663712 822382 420271 204844 225696 773913 640556 608021 724663 756817 399571 588186 366690 160920 743925 337497 1005759 501083 725518 886072 660295 664857 368314 151592 740950 789870 431492 816242 772454 329628 797584 723386 666718 300814 565035 472748 653356 610203 481978 339964 488231 516223 665436 587341 595284 799972 356162 602768 320917 127907 187793 505541 323605 335194 287838 82118 119236 788499 259432 810356 685881 543347
262061 197998 649235 319510 529736 268169 158860 717552 342442 534723 693505 864877 579786 115559 999999999 497171 304225 512705 637956 572546 187035 175817 622409 197170 663100 257010 690787 284493 276002 570988 260471 178054 574096 456547 137045 132487 476577 315131 690182 769913 528251 263307 140765 668458 723957 643702 738999 667794 286104 539125 362073 260767 644945 318065 991082 471586 721033 869162 660688 703889 420652 37549 741942 684007 512963 819542 739205 249068 813263 618786 716563 331919 615821 357228 726643 668382 536288 316577 405273 406041 752422 525227 661305 693621 282104 678886 239311 13583 73120 396703 324164 252742 368026 195521 230062 721874 304270 700151 680202 428311
698959 304645 163215 467514 82244 568883 359984 289820 304917 291726 387512 432562 150998 482906 497171 999999999 392098 15711 513927 507693 681853 327675 774073 396448 504133 628064 472579 238262 773126 118000 754736 556902 716038 89956 599115 506012 275869 676096 197727 478021 495781 681028 413887 743046 432082 172302 242910 609980 675887 300817 144443 597502 667254 201345 539345 185322 253497 427408 184493 233224 179403 518336 261921 759317 311250 334684 366488 734559 316800 696861 275430 782853 203993 685262 380234 269865 182456 209315 419250 607593 473478 359872 300024 771942 358860 361625 724568 494473 532389 588366 174465 736240 301068 464840 540287 513243 233810 821754 218189 697923
566013 203950 489932 75654 463089 193674 310827 677848 454835 267849 417775 823734 531844 204359 304225 392098 999999999 405914 333731 269958 423887 278216 874534 107904 359685 553263 393052 181140 524401 505299 528313 227855 819624 411575 440898 208332 214212 612339 535860 823159 227511 335914 354487 894076 440469 468885 613028 835591 587490 597879 331773 229779 847108 336125 930983 485208 645304 819345 576000 517375 227058 341625 650556 910860 236601 718285 740103 533982 680347 842453 503379 445014 405157 648867 461641 437576 322486 344550 570871 659567 463134 621327 413035 922226 439939 409141 525274 313099 375881 645156 292018 539548 108114 130552 179085 818500 170283 945530 610234 707785
713222 320347 150323 481214 76196 583728 374820 278274 314950 296945 386795 419694 142590 498566 512705 15711 405914 999999999 519646 515562 697484 342848 781536 411756 508640 641500 475005 253704 788638 108041 770089 572400 723649 97135 614045 521628 283883 689085 183434 472100 504841 696511 428380 748498 431444 161656 227211 612323 689405 301305 158681 612562 671720 215090 525187 188675 239406 414055 170190 221803 190614 533700 246933 764670 317944 319297 357555 749681 301127 702789 266661 798455 199771 697556 377181 265054 184895 222750 427229 617726 472955 362288 297465 777297 370578 360711 739692 509939 547516 598466 189702 751315 313482 480075 555375 510767 248871 828065 204814 708884
899658 507067 503821 336043 595602 461178 622744 782026 719763 222885 226488 902872 661262 534636 637956 513927 333731 519646 999999999 78285 742515 584210 1179709 441219 43017 884493 115732 439220 840250 625014 850759 535731 1122519 582619 774558 533544 244879 943529 540799 991715 123849 611136 674293 1182781 211634 468368 633905 1089866 920256 802255 547628 499040 1123101 582090 976145 680148 718176 889891 655556 480288 356221 675347 704620 1199762 204044 746978 872965 861854 676725 1131871 425410 712288 375622 977651 283832 352615 339807 593203 846227 971740 204048 848405 301477 1211854 729007 241520 853625 646741 709448 955548 525771 867928 298046 454658 471282 1022779 414899 1244944 697285 1030610
833008 456561 522462 262911 589913 384299 570884 787329 683678 228974 279624 915767 658132 465723 572546 507693 269958 515562 78285 999999999 668692 534013 1132844 377763 118789 823219 184868 397685 765558 623212 777475 461443 1076435 567393 708179 462698 231823 882296 562929 984235 46870 533545 619594 1142159 274053 488817 655179 1059974 857155 783498 520526 421844 1086591 548577 997583 661667 729531 904588 663941 509853 337008 610085 720000 1159121 199957 768926 872865 790329 704496 1090834 462184 634173 397688 918475 337493 387048 346767 559275 808346 921442 273696 824289 338995 1170988 685831 289248 782328 582048 644918 905961 493607 796608 254835 384527 396063 1006400 374955 1200515 704920 975270
231098 378480 830159 406472 716667 294367 343104 903329 516648 683077 838693 1049872 766646 225098 187035 681853 423887 697484 742515 668692 999999999 362809 691728 333492 774607 296446 815277 458983 100824 758011 109593 207348 654030 643562 162258 215848 625643 337360 872276 941211 621910 186509 311910 761249 863693 822073 924392 800064 295459 715256 548842 263999 757298 504977 1176914 656074 908056 1054788 847623 880922 588776 176520 928898 774868 655861 1006422 920747 134854 998522 716197 887635 190111 785985 389089 878388 833581 703820 503224 555981 493622 887021 692997 820070 782418 448995 827601 130143 192725 182985 491026 510196 142684 512841 293585 273897 882193 475296 772300 867212 476398
379949 77473 485613 331538 354559 353124 41064 542883 196915 428878 583880 690982 404014 208148 175817 327675 278216 342848 584210 534013 362809 999999999 599190 191130 599219 326441 608980 155667 448728 395418 427857 294416 543302 281065 272424 235535 374285 382220 524148 614362 496934 409380 99504 615866 620592 484615 566869 567206 370863 380245 187841 364479 570684 142291 816185 299522 545254 694547 485422 546246 289192 191989 566589 632646 417157 644372 570010 406908 641212 564243 568230 495205 471192 406433 606637 530261 398923 141263 298130 387812 654769 380427 533235 644012 164286 564876 396914 170597 204747 372040 153235 408681 286921 242962 313720 582072 180977 668479 504404 449124
473847 676484 920347 917633 730822 890426 563985 759098 477843 999574 1138900 842504 717618 733677 622409 774073 874534 781536 1179709 1132844 691728 599190 999999999 775689 1190754 395498 1189946 740845 689440 742454 643490 799462 58518 684508 536951 754068 952422 358043 936789 600521 1096120 858957 522195 111700 1180961 940369 919930 289647 400900 526144 662420 882166 184159 612950 962724 600416 824530 861831 809530 996298 847844 592370 862894 114379 997142 926353 693170 593522 978410 111489 1047789 881449 975547 306486 1145017 1041777 930420 601562 355250 217777 1219733 453835 1064613 114188 452150 1115465 590584 608995 559198 230221 668477 586576 881844 804781 851744 484403 765607 80583 794305 217456
459229 129920 522386 142656 454709 179712 216885 665833 383135 349903 506691 814951 518815 108398 197170 396448 107904 411756 441219 377763 333492 191130 775689 999999999 465930 445555 494998 158659 434128 498297 432778 163248 721998 391678 334170 121989 292254 504616 567246 780963 334790 286215 253515 801732 533899 507887 633918 758173 479588 548801 299549 203242 760439 285498 930725 447168 646443 813745 578965 562922 264560 234367 658044 818313 323958 731035 714513 433754 705415 750231 561235 391445 459772 541760 545053 502993 376246 291235 489261 559054 560005 561023 487062 829307 355286 494666 424669 205572 268231 545540 255841 438819 179646 68913 146107 762126 163897 848598 608245 602660
925154 522799 481137 368759 584836 497282 638601 764516 725380 212887 190327 881172 648710 562865 663100 504133 359685 508640 43017 118789 774607 599219 1190754 465930 999999999 905920 74098 450166 873147 611978 882168 568683 1133155 577140 800075 563358 244424 964811 516105 980219 162290 648179 691771 1189866 171436 445087 609092 1090657 942968 797522 549097 535542 1127768 586989 950183 675836 697862 867346 637045 452418 355791 700260 682364 1206830 200827 721376 857922 891562 648642 1139301 394550 750535 352610 997384 246597 323660 325427 598266 852424 985409 161482 846519 271760 1219042 738887 207773 883135 671316 733709 968788 530339 897440 312371 484214 505369 1016036 425216 1254326 678946 1047555
103487 393279 791224 575801 628012 517590 285815 763887 356631 752294 909027 895897 654410 372293 257010 628064 553263 641500 884493 823219 296446 326441 395498 445555 905920 999999999 925128 480386 306689 660362 262255 421942 357967 557381 143978 386604 696080 59084 824319 730410 780301 466129 226993 466836 944516 796451 848073 529027 48320 534258 484418 502596 471375 426827 1027234 523851 794961 906833 749295 858465 615624 220765 825223 479895 737247 902293 749359 213704 920356 423727 887983 486449 793958 101512 933029 854853 724511 418775 329848 202976 977256 488159 859535 486992 284202 890668 208078 245436 184572 204477 463856 208458 597993 452437 482059 648098 505095 476030 755113 182555
952026 534851 428983 414234 550644 547994 649456 718246 717405 192106 121937 828166 611010 597295 690787 472579 393052 475005 115732 184868 815277 608980 1189946 494998 74098 925128 999999999 455094 915112 573818 920994 612324 1131806 551801 827579 600835 237830 983489 460533 942387 223365 700047 705056 1182108 97833 392426 552694 1072466 964432 771501 535902 586829 1116038 579183 890991 651424 647667 813155 589995 392660 343627 727232 629337 1198994 193348 663319 815025 926886 587408 1132306 330965 804838 301930 1013031 175697 263896 290217 590603 844564 990031 89034 824939 211896 1211379 738229 142967 918093 697867 759216 972715 522752 932346 327175 522032 551837 985673 429607 1250399 631881 1057863
525322 89889 373027 253862 296769 334984 196699 509462 287129 273211 428728 658026 362244 247455 284493 238262 181140 253704 439220 397685 458983 155667 740845 158659 450166 480386 455094 999999999 555635 340279 544256 318761 683460 236769 408493 269185 218952 537013 416511 642344 366361 442832 254461 744931 465002 363239 478018 666845 523494 416932 151186 361253 689090 157815 772429 304417 487839 656129 420307 421957 138302 313785 499508 761906 262336 572943 563957 533031 550519 693746 432080 545491 331383 562095 453614 385365 252893 167281 410745 535918 499111 443092 382750 773863 289815 410316 523177 285808 337483 519008 110890 536299 142946 227443 303952 638324 25509 805741 449822 603043
215692 472516 924594 504472 803110 385972 424054 982115 584370 783836 939516 1126464 849531 325768 276002 773126 524401 788638 840250 765558 100824 448728 689440 434128 873147 306689 915112 555635 999999999 843421 45961 304556 658848 729393 205146 316584 726346 332193 965934 1001208 718698 257920 384444 770379 964416 917880 1014630 832404 289601 781883 636463 352454 778060 589276 1255177 733414 992126 1132786 933807 977361 687397 256981 1014810 782566 756685 1092769 992150 95925 1088938 729124 986002 217265 884472 383162 979118 933076 802759 586368 605840 509631 987505 752378 920340 788755 512937 928397 99512 278891 252048 510857 599700 102923 613581 393954 369554 933258 572952 769426 951128 472128
742625 391580 185658 580948 43607 675115 419929 172909 309088 402151 476939 318846 37274 574909 570988 118000 505299 108041 625014 623212 758011 395418 742454 498297 611978 660362 573818 340279 843421 999999999 820073 653869 686298 114462 655975 599786 391720 701800 194919 368753 612881 777679 466250 695670 521354 213931 189557 542080 708665 228452 210272 701384 613368 254162 432514 146731 150968 315977 90882 260781 297381 586461 171418 711041 424835 249514 249669 794168 260277 653645 322012 875536 282050 702286 458618 341860 286559 257564 398804 602511 562874 297988 382550 723562 377283 450528 784315 566010 594420 583294 251892 794772 418037 567210 644110 418440 340730 780312 110974 699934
169794 458469 909110 514852 780627 403791 400195 954254 552423 782319 939470 1097158 824455 325581 260471 754736 528313 770089 850759 777475 109593 427857 643490 432778 882168 262255 920994 544256 45961 820073 999999999 316541 613112 706710 170783 320162 724390 286368 949485 965009 730755 286570 356547 724813 966130 904120 994722 789482 243845 748666 615512 372686 733526 566173 1226607 705419 967507 1104229 910796 964360 678739 236404 991438 736910 756710 1069583 960513 50009 1069064 683858 976165 257878 875050 337250 976998 925841 794450 562514 567487 464990 990818 716511 915614 743028 479889 927185 54243 261216 225715 466682 580462 56966 612261 399044 383362 894385 563015 723466 926489 426198
397806 265490 685629 199940 610343 96683 299590 817145 488456 494994 645448 966712 671421 86274 178054 556902 227855 572400 535731 461443 207348 294416 799462 163248 568683 421942 612324 318761 304556 653869 316541 999999999 751863 543413 282353 58886 439825 476825 730488 908582 414632 124168 305903 846412 666865 670797 796263 838358 441674 674369 447951 82780 821004 421836 1085924 585781 803733 967097 737371 725142 426551 207215 817359 862008 464406 891484 856950 333505 868156 796595 720469 228202 619608 523444 689394 659038 535829 424799 571036 583782 687408 673408 638400 871658 440287 636988 326374 191629 241439 574705 404354 340403 328399 101432 67542 874407 326507 877653 764651 600322
443540 620419 863194 864295 673790 841433 508822 708405 419326 941293 1080390 797042 662166 683710 574096 716038 819624 723649 1122519 1076435 654030 543302 58518 721998 1133155 357967 1131806 683460 658848 686298 613112 751863 999999999 626574 496092 704873 894368 326851 880297 560837 1040154 816317 468822 113787 1122469 882820 865286 258842 369267 472579 603903 834643 158882 554519 919444 543439 771878 815701 754889 939072 789521 545421 809974 124278 939102 874792 646314 563148 924858 86608 990040 844139 917264 276923 1086536 983486 871907 543127 297000 168081 1161267 400625 1006148 129919 394339 1056949 559397 560585 513253 178228 610115 556598 824813 753155 802354 447008 708125 126903 740796 189711
635105 279179 243095 486668 73939 570573 306555 274345 219695 364617 473456 423754 128008 462870 456547 89956 411575 97135 582619 567393 643562 281065 684508 391678 577140 557381 551801 236769 729393 114462 706710 543413 626574 999999999 544087 488253 338656 602237 270081 420329 549625 666685 354794 653238 517772 258001 292491 523594 605634 220438 96479 594767 578061 140558 542898 99653 265057 423686 204420 316965 230412 472414 285529 669545 378616 363388 328541 681903 366113 606929 363782 762962 293702 607528 468982 359703 264582 144925 330094 522114 558875 274085 388474 682169 279574 447947 672003 451660 481270 502817 139282 682760 336995 460326 537759 440288 241963 731800 224549 614762
125117 318794 758025 451446 617916 378906 239342 785142 381689 668337 827183 927084 658178 244473 137045 599115 440898 614045 774558 708179 162258 272424 536951 334170 800075 143978 827579 408493 205146 655975 170783 282353 496092 544087 999999999 253884 610386 195460 796234 796062 663381 322537 189761 601207 858775 756685 835114 638736 159321 577967 456483 361221 595128 403974 1056873 536528 801433 934556 746857 818123 546698 100356 826819 615228 647973 905038 789760 138442 909264 555269 837080 350704 737966 244091 858177 793722 661241 399164 401839 332888 888064 547240 790283 623211 309121 811636 128713 129784 71082 329423 425149 138800 503581 326576 345429 729396 430571 617203 760474 326413
375700 209298 640227 200861 556396 136579 241290 761290 429773 468478 623163 910829 616194 27389 132487 506012 208332 521628 533544 462698 215848 235535 754068 121989 563358 386604 600835 269185 316584 599786 320162 58886 704873 488253 253884 999999999 411549 443575 684483 849748 416627 178645 250696 796593 647847 627394 747097 782570 411384 615546 392279 135070 768151 364188 1031128 527929 750186 911714 684557 683442 385718 166387 765013 812433 440444 839933 799251 328348 819703 746287 683115 276879 581583 487703 663858 624888 498142 366836 514375 537046 671357 614653 608038 822386 382749 612588 320081 145592 202338 526909 348978 334384 298681 79164 97717 815757 279632 831296 710727 560571
732331 302890 310652 271026 358092 405144 415184 557868 482221 58186 216940 690755 426396 400578 476577 275869 214212 283883 244879 231823 625643 374285 952422 292254 244424 696080 237830 218952 726346 391720 724390 439825 894368 338656 610386 411549 999999999 753584 355039 752846 222455 550100 472171 947161 249124 281795 442945 846477 737562 557636 304676 442535 883738 343684 780751 435482 504537 681218 437149 319520 111652 510949 499025 964099 44761 555354 641379 722474 501505 896921 294472 659199 202383 780377 252802 225089 128743 355042 609451 752385 281194 603675 198890 976392 500502 202939 713072 481525 539972 734987 287003 726989 112893 339293 393253 778920 193478 1013732 477259 821843
116689 450694 839274 634324 671321 572991 341309 796391 394242 809505 965737 923929 693512 430075 315131 676096 612339 689085 943529 882296 337360 382220 358043 504616 964811 59084 983489 537013 332193 701800 286368 476825 326851 602237 195460 443575 753584 999999999 870986 745451 839343 513856 282766 439095 1001669 845973 890662 521918 42858 561143 533579 556509 454243 475663 1055145 561772 832114 936075 789473 907867 671250 278492 863696 450848 795049 939980 774950 236372 962072 399802 939538 525541 846801 51931 988725 908454 778869 467023 349892 188919 1034775 509526 914501 456765 324569 947030 232907 303816 242303 195936 515450 229758 656435 510651 538188 656349 561912 438402 792892 140659
896633 493864 45939 606671 208476 726249 557408 273920 488533 336022 344783 368098 223955 663712 690182 197727 535860 183434 540799 562929 872276 524148 936789 567246 516105 824319 460533 416511 965934 194919 949485 730488 880297 270081 796234 684483 355039 870986 999999999 519055 567446 852993 611610 890365 385212 74358 93110 732734 872336 421539 342075 759109 807426 398436 435619 337519 193954 352646 152822 77502 309533 713279 170111 905642 369753 206442 378195 930895 146704 848557 147413 958662 165759 877500 308918 197864 226301 405855 589551 789094 424207 492216 249079 918138 549575 320015 920898 688417 728825 769780 371091 932792 430259 632555 703341 591903 404879 975228 190056 883683
832578 652701 531849 896127 396122 958506 615204 249170 427473 769039 842245 259084 331725 822382 769913 478021 823159 472100 991715 984235 941211 614362 600521 780963 980219 730410 942387 642344 1001208 368753 965009 908582 560837 420329 796062 849748 752846 745451 519055 999999999 968940 1022731 631695 508916 886146 566475 452574 316215 771899 234227 491386 975172 420912 495494 366256 337959 333666 282020 367090 596269 648885 767911 369212 518496 789248 399720 144723 924657 479000 489549 665351 1101649 646439 720156 818204 701232 655007 489850 401158 574890 927347 248896 746106 528565 492244 815890 916281 759680 758303 560718 531950 922005 756730 845280 921190 118207 653539 599997 329087 672827
788036 419736 525263 216423 577547 337648 532805 780239 653439 231483 306942 912698 646776 420271 528251 495781 227511 504841 123849 46870 621910 496934 1096120 334790 162290 780301 223365 366361 718698 612881 730755 414632 1040154 549625 663381 416627 222455 839343 567446 968940 999999999 487300 579960 1108504 306858 493090 658458 1032025 813476 762453 496281 375334 1055114 520473 999455 641370 726352 902647 659378 519414 320067 565799 719301 1125435 198191 771968 862224 743942 711458 1057038 476678 588620 404272 876346 363989 401207 345412 530867 776727 883330 310936 800086 355909 1137176 651808 313241 735996 538024 600876 868212 466696 750267 225116 338773 349195 985984 344841 1164904 699652 934760
414729 387919 807879 289076 734192 152171 408245 939923 597894 602793 746849 1089467 794670 204844 263307 681028 335914 696511 611136 533545 186509 409380 858957 286215 648179 466129 700047 442832 257920 777679 286570 124168 816317 666685 322537 178645 550100 513856 852993 1022731 487300 999999999 402967 918024 764001 791943 919988 930288 473711 789057 570852 113233 902385 542236 1209460 705561 927722 1090261 861487 845068 546902 280247 941519 932749 569950 1015636 976969 320226 991624 870140 837037 109100 737093 564437 794231 773013 653434 544463 668522 650198 780433 782801 748820 941414 543055 740957 316238 275947 307053 644136 527454 328230 441789 220651 156849 981968 450005 938969 888529 648682
285650 170205 575278 395521 428494 384313 58852 597968 205093 527440 683089 742032 468634 225696 140765 413887 354487 428380 674293 619594 311910 99504 522195 253515 691771 226993 705056 254461 384444 466250 356547 305903 468822 354794 189761 250696 472171 282766 611610 631695 579960 402967 999999999 552276 719420 577050 646580 532463 271822 403537 269784 385728 518617 215371 870799 349142 611866 748400 557129 639017 388685 136413 637060 568580 514435 715278 609490 328103 720558 501165 664379 471814 568654 308287 706140 628651 497801 209945 266271 305664 753131 385434 632560 579169 141472 664269 318301 129299 132465 292025 242631 328557 379897 286624 344085 581175 279532 595587 570883 356330
555658 691125 878881 944337 690188 932874 585195 689521 464972 990100 1120696 759219 667133 773913 668458 743046 894076 748498 1182781 1142159 761249 615866 111700 801732 1189866 466836 1182108 744931 770379 695670 724813 846412 113787 653238 601207 796593 947161 439095 890365 508916 1108504 918024 552276 999999999 1164003 902281 863561 192756 481158 470189 646899 928960 89461 603494 874602 561298 760817 779833 754050 954917 838532 642392 799849 16981 991805 858164 614155 674948 916994 51623 1011087 951183 946940 389877 1121201 1012909 910284 592124 337724 268456 1204002 398444 1040505 29278 456698 1096176 670867 654875 612058 273910 660162 668565 887823 838894 893142 390927 768519 91663 734117 303345
981229 551263 359451 474971 504257 612251 661650 652548 703563 192229 44665 752695 558510 640556 723957 432082 440469 431444 211634 274053 863693 620592 1180961 533899 171436 944516 97833 465002 964416 521354 966130 666865 1122469 517772 858775 647847 249124 1001669 385212 886146 306858 764001 719420 1164003 999999999 323144 474849 1041290 986434 732642 518981 651265 1093101 568358 807386 616546 577342 736228 524756 312394 336853 758958 555323 1180686 211000 582237 753002 967380 502639 1115514 246058 871164 239852 1026983 82052 188183 254257 579689 829126 989644 41592 791416 140178 1193229 733773 70950 958177 729474 788626 971561 513788 972249 356146 570985 610817 939008 439890 1236959 566051 1064433
862610 445780 36613 538064 212178 661006 520569 329407 476606 261665 280747 436343 248909 608021 643702 172302 468885 161656 468368 488817 822073 484615 940369 507887 445087 796451 392426 363239 917880 213931 904120 670797 882820 258001 756685 627394 281795 845973 74358 566475 493090 791943 577050 902281 323144 999999999 166445 755089 843858 440840 312394 694908 822511 370320 509119 341421 255508 422259 201826 62045 245260 669283 237415 918108 295461 280164 430501 888605 219849 858075 109028 898827 92752 856686 251876 135494 153315 379163 587372 779383 363519 508170 183690 930710 531024 255033 878626 643126 687616 760122 334433 891031 361933 571321 639944 629045 348725 984161 242939 870211
927547 547554 133197 685808 220186 799835 596172 203409 498617 427412 435555 278087 205239 724663 738999 242910 613028 227211 633905 655179 924392 566869 919930 633918 609092 848073 552694 478018 1014630 189557 994722 796263 865286 292491 835114 747097 442945 890662 93110 452574 658458 919988 646580 863561 474849 166445 999999999 694670 896392 394628 379348 831033 777529 431288 342708 335038 118911 261394 110407 162597 386132 758679 85792 878015 460356 113747 308265 972224 74344 825147 231291 1023493 258676 891805 396549 289141 314656 436734 584796 790420 512907 467092 340876 890271 566106 411298 962272 735742 770511 771286 414932 973419 510151 701116 774407 537292 470026 951394 131959 888677
630347 633772 727735 896451 545252 913388 546901 509327 381116 881818 996894 568521 509522 756817 667794 609980 835591 612323 1089866 1059974 800064 567206 289647 758173 1090657 529027 1072466 666845 832404 542080 789482 838358 258842 523594 638736 782570 846477 521918 732734 316215 1032025 930288 532463 192756 1041290 755089 694670 999999999 558530 314280 542246 917596 106045 511645 682148 424839 585478 589694 587986 802515 734906 650689 624673 202383 889835 677458 426783 742078 742162 178403 863786 983706 811704 482322 989485 876029 788043 501168 269828 333098 1082448 250115 909727 212713 404124 971236 735807 654795 627692 326698 566381 737186 806930 807902 873125 198172 687359 283800 563005 412012
74586 435387 838999 605481 676325 538214 330641 811082 404500 794238 951626 942058 702572 399571 286104 675887 587490 689405 920256 857155 295459 370863 400900 479588 942968 48320 964432 523494 289601 708665 243845 441674 369267 605634 159321 411384 737562 42858 872336 771899 813476 473711 271822 481158 986434 843858 896392 558530 999999999 579890 532056 520200 494004 474581 1073400 571858 842942 953317 797548 905890 659707 248780 873353 493111 778101 950352 794752 193889 968672 441129 934629 483099 840003 94664 976832 900414 769610 466656 372757 226720 1018520 531903 904066 499183 332336 933733 190216 275668 213019 231831 510724 187417 637331 481030 504423 686391 547908 481259 803161 183512
631659 419708 413980 668959 231515 725247 382534 243480 198621 585055 688014 362792 197614 588186 539125 300817 597879 301305 802255 783498 715256 380245 526144 548801 797522 534258 771501 416932 781883 228452 748666 674369 472579 220438 577967 615546 557636 561143 421539 234227 762453 789057 403537 470189 732642 440840 394628 314280 579890 999999999 269188 741224 386043 264328 494008 122164 299820 375388 284499 489231 447450 539845 337569 485093 598472 404690 215215 711908 452339 430641 549617 869980 499192 547261 677321 562764 482476 257752 215238 420520 774109 72479 598287 497502 268971 661981 702935 529495 533528 402610 306146 710214 541941 612110 687584 223667 431017 557068 268242 522462
554558 183016 307095 405032 168072 479205 217172 369195 184649 343806 476580 518762 224037 366690 362073 144443 331773 158681 547628 520526 548842 187841 662420 299549 549097 484418 535902 151186 636463 210272 615512 447951 603903 96479 456483 392279 304676 533579 342075 491386 496281 570852 269784 646899 518981 312394 379348 542246 532056 269188 999999999 501745 580251 57979 639126 153441 361189 519436 298944 374311 193569 379830 380256 663723 348544 457605 415222 593058 453664 597642 408305 666551 321606 545220 483809 386665 268340 67397 310391 479384 558288 303933 404012 676176 223921 453046 583093 357852 391190 460544 43871 594398 273425 367568 445106 492454 162573 718109 320850 564274
472308 324022 713445 176783 657817 39026 374494 869014 560919 493572 634941 1018182 722041 160920 260767 597502 229779 612562 499040 421844 263999 364479 882166 203242 535542 502596 586829 361253 352454 701384 372686 82780 834643 594767 361221 135070 442535 556509 759109 975172 375334 113233 385728 928960 651265 694908 831033 917596 520200 741224 501745 999999999 902550 482517 1133677 646190 848949 1016961 781045 745545 450007 289831 859421 944599 459875 931240 915650 397001 900955 879038 733154 220030 634616 603977 683236 666973 551543 486810 649150 666562 667291 744905 640438 954296 516909 629779 390962 274332 323719 657455 457891 404447 337581 134446 57307 946537 363697 960416 811073 682039
568039 643158 797837 902068 610405 902855 543984 600883 403475 923995 1049311 669920 583610 743925 644945 667254 847108 671720 1123101 1086591 757298 570684 184159 760439 1127768 471375 1116038 689090 778060 613368 733526 821004 158882 578061 595128 768151 883738 454243 807426 420912 1055114 902385 518617 89461 1093101 822511 777529 106045 494004 386043 580251 902550 999999999 541101 786028 483293 673164 690452 668546 873654 773524 622750 712276 101796 928065 769559 524704 684539 829608 74038 931519 945317 871164 409509 1047036 936749 838858 529935 278391 268558 1133599 315380 966485 113551 407219 1024331 679296 631486 595516 267652 597612 678873 831765 803258 862664 303339 711645 181085 647355 330574
498678 158498 364419 405511 214495 463779 165998 401526 138538 387609 526823 550263 261727 337497 318065 201345 336125 215090 582090 548577 504977 142291 612950 285498 586989 426827 579183 157815 589276 254162 566173 421836 554519 140558 403974 364188 343684 475663 398436 495494 520473 542236 215371 603494 568358 370320 431288 511645 474581 264328 57979 482517 541101 999999999 674443 164064 403275 553112 344709 432204 235681 332345 425575 620427 388313 503614 435119 541541 505354 553358 466039 633349 378113 487320 537005 442670 321200 11428 265773 424649 606854 285542 457871 632733 168134 504021 531625 312456 340714 406015 56690 542509 295357 350604 427309 482623 176420 671403 362359 507668
1122556 822061 475122 1006105 476121 1106729 833851 273586 677623 769237 771109 131343 415096 1005759 991082 539345 930983 525187 976145 997583 1176914 816185 962724 930725 950183 1027234 890991 772429 1255177 432514 1226607 1085924 919444 542898 1056873 1031128 780751 1055145 435619 366256 999455 1209460 870799 874602 807386 509119 342708 682148 1073400 494008 639126 1133677 786028 674443 999999999 521788 285849 122400 355009 498426 709853 1001323 282826 884526 801300 229204 281901 1194295 304782 852813 561541 1305563 601348 1040052 726260 627414 654201 674922 707372 906448 842776 549785 679545 894715 751769 748235 1184868 984365 1003130 889733 682179 1193513 835149 999634 1076379 484446 771462 965916 322670 1008103
611727 322267 320003 558255 130412 626439 313156 248847 167616 463677 572104 393827 132205 501083 471586 185322 485208 188675 680148 661667 656074 299522 600416 447168 675836 523851 651424 304417 733414 146731 705419 585781 543439 99653 536528 527929 435482 561772 337519 337959 641370 705561 349142 561298 616546 341421 335038 424839 571858 122164 153441 646190 483293 164064 521788 999999999 271116 399414 229079 396037 325338 479972 301929 577281 476449 378538 271408 674638 403410 516681 449971 794522 388424 559111 565446 453689 363990 161122 252516 455829 657777 174872 485332 589900 239834 546407 665052 464113 481375 436629 194339 674303 422681 513525 590606 344799 315813 642744 231342 553650
