NAME : synthetic_000265
TYPE : CTSP-D
DIMENSION : 100
GROUPS : 8
RELAXATION_LEVEL : 1
EDGE_WEIGHT_TYPE : EXPLICIT
EDGE_WEIGHT_FORMAT : FULL_MATRIX
EDGE_WEIGHT_SECTION
999999999 233588 711287 381634 103415 257573 368628 608515 289613 537633 320341 388786 684171 680194 373724 14029 254885 335536 153880 589227 10202 354420 303437 476295 239105 257785 612317 843278 437373 741464 80634 385075 379668 770943 151746 203251 134052 60370 347289 369686 451936 323717 102691 396271 121101 8192 492333 341339 476452 779372 602868 698561 265923 564106 246739 290726 286362 524629 575667 551322 297469 425886 347114 309442 319062 410401 527324 104689 454550 743612 162394 198772 572235 575289 610694 184956 454489 432819 621327 252114 266171 347958 433064 499247 550850 656242 628338 606177 292629 445038 257571 391400 310457 570168 528655 723530 331634 430374 324500 430784
233588 999999999 587849 153952 192358 49944 333116 832607 475999 574268 518428 622373 780913 863733 352562 245957 444426 142161 253027 813079 243355 412714 117880 351469 468923 298598 670911 987044 598303 899908 230326 515241 338142 921754 371280 391228 294254 230829 483980 536198 266259 534923 227058 175057 347345 232298 518372 541893 569424 924152 747298 823999 280301 607596 457068 447413 111286 463181 798179 782864 401838 214171 282048 509703 240492 520284 738782 198805 687958 881721 271716 286720 741453 649038 756855 50730 650232 224298 700839 450175 138169 224623 592039 721314 763362 723920 820573 766383 472190 546911 283124 614912 417949 798503 758517 856996 561378 453495 124478 255717
711287 587849 999999999 601967 742955 537910 361211 1273779 1000896 430490 1029523 1007659 656926 952431 369242 714181 717989 449798 815632 1256264 719907 477815 470137 886534 843345 882816 508800 922858 722009 901580 762972 621211 348673 895033 748940 914280 640191 751242 1045850 1079446 341371 817905 618793 464483 822598 716542 403208 1049162 556456 879365 760932 757692 466160 452850 770861 996237 677438 227658 1247156 1185303 557502 419972 861798 773342 820632 580559 957620 607847 1074279 830557 585570 555140 824809 537247 771299 619920 843378 407152 572504 962523 466491 373657 714324 1176063 1242250 553923 949298 815497 1003624 570027 868886 1071874 990631 1222018 1175937 800931 909970 404694 659029 761037
381634 153952 601967 999999999 318751 159362 433806 963543 590264 685667 636992 768454 908636 1014507 457252 394777 597906 182073 360665 943949 390885 541699 185700 284568 619830 365787 787216 1127460 746759 1045028 361521 658863 435078 1064698 524162 511835 447674 367315 571798 636383 261029 688848 380627 137897 487892 379160 628467 660982 701451 1065381 890241 960538 409080 720260 610946 548651 123769 533209 927929 922859 543767 182065 285400 663506 249595 658817 892730 352279 832450 1021408 421825 432661 890163 771880 900131 197608 803392 194939 824238 571863 243702 296899 740205 851488 885240 842157 972858 912966 583153 682358 346383 747713 497427 934157 896269 995570 712460 566872 82294 159883
103415 192358 742955 318751 999999999 232518 425280 645609 283773 621468 326180 456936 782167 782171 435552 116256 358006 323789 73389 626019 107114 439447 293706 374653 325427 164900 702443 946487 540706 844873 43625 485546 434769 874306 250469 198975 232850 55599 303862 347565 448163 421808 185087 367312 173783 96102 572490 349734 572015 882569 705818 800294 332648 650081 346413 259758 206575 577720 610376 604946 391686 404941 243702 410730 216372 508096 623143 172622 518222 846441 249702 283208 675524 668253 713748 142932 555466 414293 715876 258247 277796 369590 536332 533691 572089 748742 729135 709592 280508 541815 160711 429122 248680 615405 577722 826011 415611 508168 249002 339371
257573 49944 537910 159362 232518 999999999 293286 863853 515744 539626 556422 643921 754126 856757 314245 268592 445288 93684 297348 844422 267705 385819 67985 390678 485174 347868 638508 968622 588030 885667 267149 499504 297217 905447 383970 429622 295959 264746 529797 579316 218639 540871 230556 139124 376077 257732 483025 579541 544799 906371 730959 802629 252575 573550 464127 490869 152836 417231 830130 808857 384452 173030 330018 512227 288396 500111 742629 202401 710722 862691 264935 273705 731421 619534 740823 90531 649111 181946 671709 487565 95784 176755 581386 753341 798889 692456 816676 753720 512962 524500 332688 646084 465347 827266 786118 837109 576721 419129 155124 286152
368628 333116 361211 433806 425280 293286 999999999 912634 653968 252521 677786 647826 486787 675645 25606 368538 362873 254969 497859 895074 375866 151453 248248 683552 482414 584579 355539 728718 411925 667048 433683 306084 12557 676585 387975 570063 280452 418116 714892 737165 261738 466487 268576 326135 470149 375157 195295 696047 296884 670943 509757 555151 106859 287344 412798 659341 443967 156061 885949 825732 212026 310626 608519 423338 567901 281223 629551 264415 715075 623213 226582 194466 542300 346337 520539 340162 517230 305215 398256 613058 197516 143533 404028 815066 882361 411201 654351 549430 658886 290013 575377 711449 670724 861312 815332 594780 551940 137320 448099 577875
608515 832607 1273779 963543 645609 863853 912634 999999999 386289 953306 335867 273016 942426 677990 905197 599256 566363 944009 606962 19595 598319 813697 911900 922368 430664 644448 969331 924966 657741 808830 604056 713742 925185 853181 526497 453698 637281 601824 464569 383405 1058007 483832 673575 1002966 488083 607258 937146 312605 824632 878102 773350 881732 809181 961118 509168 447608 845548 1055846 37295 117823 729248 1034238 782981 527158 786331 762185 479792 693382 215545 875036 692115 719793 681209 917721 772504 781881 545399 1041320 936765 394331 870641 942508 661802 112080 115431 983192 614243 727089 398613 792528 663007 217814 534213 62596 105426 875567 375683 899812 889329 948615
289613 475999 1000896 590264 283773 515744 653968 386289 999999999 787408 50585 296825 877974 754440 656139 287097 412926 605390 229672 367152 281034 610674 574421 539222 282802 258462 842940 970018 587644 854392 249452 583286 665533 892995 305555 87710 384586 255686 120958 88902 728314 404751 385564 651033 186587 284496 750873 73726 694206 909477 750702 860564 548277 808016 364318 70315 468362 809739 349173 379846 535781 688543 397753 424285 400042 623270 553131 393450 330982 885805 432482 468624 686788 797846 755259 426684 537891 697687 835444 44848 548868 635302 586995 276817 296393 877061 690145 730813 17474 659559 276802 192331 162763 371677 344929 873479 326253 695021 512115 562740
537633 574268 430490 685667 621468 539626 252521 953306 787408 999999999 796864 681017 247956 523395 228489 531679 396356 507481 687658 938703 541257 183223 499969 925323 543804 786368 104408 508452 319316 473311 615731 240207 252882 470714 483623 715411 410545 596564 874312 876031 498272 469517 438310 577290 603705 545611 57242 809639 139344 458199 330526 336153 298814 34938 454685 812458 685330 229327 934558 847559 251628 557840 835840 426281 797128 191726 557073 448903 738972 408873 375413 339700 399210 111203 340846 571070 446991 550920 156924 742838 445220 394889 312655 874763 953495 160432 525508 386082 797008 165194 781299 785167 846915 894140 848524 379065 578379 120775 694522 825773
320341 518428 1029523 636992 326180 556422 677786 335867 50585 796864 999999999 260429 873265 729955 678228 315990 412403 644476 276476 316685 311097 623973 613099 589611 273364 309044 846875 951780 579129 834913 289273 583934 689650 874656 313296 127209 402480 293124 157283 99027 766146 391289 411192 693124 207704 316108 763212 24018 696871 892363 738622 849728 571223 815679 359963 117537 515874 832694 298801 330840 546028 729451 448319 415571 450501 626075 524951 421924 288075 871060 453080 488291 669915 800294 742522 468493 519260 738202 835565 69212 584050 668182 579158 226232 248329 878332 664695 714933 64675 662064 327349 144597 209702 321308 295426 860266 303058 709796 559704 612902
388786 622373 1007659 768454 456936 643921 647826 273016 296825 681017 260429 999999999 689091 483204 638421 376581 294150 713041 445357 257833 379044 541778 681378 800283 168451 519968 701712 718241 395271 599591 413417 442243 660363 641956 271974 311633 381932 403652 416074 356726 817549 212388 429374 780671 283167 390288 664132 251844 554641 663011 530473 642452 547606 689901 237944 365676 663125 786587 253653 177947 457482 805620 655973 254757 645518 490512 273330 453300 68655 649612 435341 458934 447095 650572 531774 573427 298203 810870 673561 271724 631748 693411 398316 199728 283334 719613 416673 493912 314295 521815 533911 143700 455755 216235 169934 644236 102742 627395 704726 792057
684171 780913 656926 908636 782167 754126 486787 942426 877974 247956 873265 689091 999999999 355800 461323 674364 466033 737695 837678 931737 684481 368523 725263 1123786 600117 941949 150159 266078 297402 260613 764667 301854 489878 243716 581162 822999 550327 744260 983535 965345 742432 489171 599816 812065 712864 692322 299682 879847 213093 224575 177219 108041 501722 215933 514009 919585 888549 475268 932749 826464 392057 797230 1016947 458646 981725 274085 477376 618939 730841 177364 535995 507489 273791 140990 181935 766850 397067 791369 91070 833811 664939 630028 296090 888260 972310 103706 386362 235735 891187 240764 941293 819988 974018 879948 838473 149096 596045 349600 905021 1036613
680194 863733 952431 1014507 782171 856757 675645 677990 754440 523395 729955 483204 355800 999999999 652456 666653 426948 879209 811513 672709 675320 524338 855879 1156458 486431 911370 466709 247210 271492 134470 748564 372635 684430 178550 532809 732973 572582 729898 874520 828973 930814 367469 639245 959198 645910 686838 550477 726839 398447 205720 195789 256007 631427 505928 437322 814991 951628 736543 679658 561412 483930 961110 1023827 371620 998531 394752 210353 666656 495222 216977 592709 583905 133368 424788 186552 830499 228297 959712 406344 717435 791280 797910 278810 658336 740485 444256 66646 137363 771115 392123 918274 626807 893538 617357 585219 229652 428226 564850 981904 1102886
373724 352562 369242 457252 435552 314245 25606 905197 656139 228489 678228 638421 461323 652456 999999999 372682 350279 279371 507486 887881 380463 129124 271558 703700 474548 596631 330989 703206 390356 642141 441581 284355 32043 651341 382843 573370 277810 425285 720873 740427 287025 452609 272148 351286 471041 380569 171257 695894 271605 645539 485005 529592 108128 263196 401935 664208 463727 154755 879239 816106 195023 336192 625369 408882 585064 257755 610990 270628 705143 597751 225296 191204 519088 320973 495802 356977 498072 330816 372960 614522 218733 168807 382438 809257 878040 386520 632323 525367 661703 265416 588117 706694 678985 852906 806785 569280 541146 112019 469323 599671
14029 245957 714181 394777 116256 268592 368538 599256 287097 531679 315990 376581 674364 666653 372682 999999999 241762 344843 163315 580033 10118 348602 312731 489805 225549 267768 604774 831046 425011 728738 90497 374548 379794 758491 137737 201757 125117 70053 349421 368744 459914 309726 100583 406941 113340 20213 487276 336500 467559 767158 590906 687312 264614 557622 232817 291606 300288 524597 566734 540336 289332 435724 359880 295725 332305 400900 513299 106390 442678 731723 157310 194046 559271 567040 598640 197762 440749 442401 612600 248394 273417 353322 420807 490500 543569 648051 614589 593528 290932 435800 268276 382581 315424 560056 518190 711873 318129 425973 338273 444811
254885 444426 717989 597906 358006 445288 362873 566363 412926 396356 412403 294150 466033 426948 350279 241762 999999999 487375 396126 550372 250947 247632 459214 730716 147684 499954 435762 592820 187829 487787 327945 171550 375171 518924 118899 357657 150232 308270 517663 501063 569325 105701 217368 564851 249688 261951 373250 421897 285196 529207 356008 459341 272279 410446 58507 453715 526068 494176 544275 469642 163418 577651 601477 68077 573942 214887 298113 245657 358397 496628 184746 192379 317645 388249 362780 407089 206144 579565 423299 368441 398266 435875 184881 480713 557866 465932 378484 353094 425642 250399 503777 388832 512226 510384 464084 479169 193209 333449 558194 676564
335536 142161 449798 182073 323789 93684 254969 944009 605390 507481 644476 713041 737695 879209 279371 344843 487375 999999999 390352 924743 345723 377157 32112 453090 549006 440742 610358 968158 607752 894172 355964 510703 255081 909711 445046 518480 344879 351413 623161 671289 125076 588937 286103 79994 456391 337102 450262 667216 536424 907671 736880 797455 250617 542312 515331 583147 228638 352703 911192 882782 396183 92770 412377 555444 371054 502330 784790 260404 780978 861812 302652 300064 749496 598645 747237 183655 684093 97965 650928 575330 89484 114961 600520 834718 883940 665871 845001 766559 603409 521394 425101 726913 559031 904568 862149 834696 638083 390791 215956 335873
153880 253027 815632 360665 73389 297348 497859 606962 229672 687658 276476 445357 837678 811513 507486 163315 396126 390352 999999999 587431 153198 504720 361362 358769 336131 104798 765207 988835 583005 883342 73266 537611 507527 915041 280487 153270 287906 93538 233247 283377 515361 445230 249352 427070 172647 145691 640151 300489 630331 925134 750386 849052 403293 715254 374569 194497 239513 650824 570666 578457 451128 467192 217005 441206 201030 564128 639744 240835 501319 891318 312891 348020 712328 728907 757698 206838 583252 477284 775172 212823 349737 442051 579361 495060 524804 809799 755121 749097 223236 598879 107699 395192 175384 582656 548298 872389 420444 576546 283367 349312
589227 813079 1256264 943949 626019 844422 895074 19595 367152 938703 316685 257833 931737 672709 887881 580033 550372 924743 587431 999999999 579034 797469 892636 903717 413458 625413 956222 919358 645368 802718 584479 699454 907621 846995 508511 434164 619166 582287 446825 365793 1038952 469444 654873 983530 468721 587926 921804 293505 810865 871603 763743 872723 791362 946991 492930 428890 825978 1038869 19503 111297 713000 1014898 764081 512431 767181 747843 472315 674512 202628 867505 674029 701980 672328 904696 763138 762352 534685 1022013 924531 374835 851611 923828 649270 92495 102570 970917 608421 718431 379621 778534 643918 198350 515924 55410 93285 867423 360575 883777 869757 929327
10202 243355 719907 390885 107114 267705 375866 598319 281034 541257 311097 379044 684481 675320 380463 10118 250947 345723 153198 579034 999999999 358129 313622 481178 230480 257665 614694 840725 434648 738163 80415 384635 387016 768069 145247 195070 135178 59973 341033 361811 461988 317280 108664 406437 110995 12270 496602 331944 477643 776846 600696 697291 272490 567329 240731 283751 294363 531916 565487 541223 299327 436088 350558 304145 323383 411014 520450 112616 444675 741534 166568 203213 568539 577062 608397 194507 449097 443018 622672 243067 276078 357406 430492 489080 540875 658067 622903 603005 284395 445905 258244 381225 306031 559977 518490 721756 322905 435088 332918 437821
354420 412714 477815 541699 439447 385819 151453 813697 610674 183223 623973 541778 368523 524338 129124 348602 247632 377157 504720 797469 358129 999999999 361056 758751 387591 604236 265079 591051 261311 521125 432598 155293 160754 533971 312274 535625 228947 413369 693128 698665 408804 342018 255408 455063 425038 362392 140450 638497 159976 530906 363276 420565 133260 210684 304545 631961 521330 250685 790821 716857 84473 448075 660295 297075 622845 130704 485665 267368 605701 484724 192202 156709 391039 237362 373907 401413 371887 444673 288620 566588 298658 279871 253388 725160 799533 314905 503213 399672 619282 144695 599806 628317 663967 758012 711709 457539 440553 87459 536612 668301
303437 117880 470137 185700 293706 67985 248248 911900 574421 499969 613099 681378 725263 855879 271558 312731 459214 32112 361362 892636 313622 361056 999999999 445369 517753 415604 601682 951070 584686 874465 324972 489543 249928 891202 413975 487343 315142 319980 594492 641266 154458 559915 255250 105672 424316 305035 442767 635757 520956 890008 717676 781568 231279 534575 485689 553364 213796 358461 879098 850824 374398 124242 395151 527219 353579 483601 757060 229178 749244 844730 274532 274160 727091 587412 727913 155454 657689 129937 639781 543923 64760 116614 577583 802635 852075 656760 820250 745527 572704 504279 400587 694822 531563 872481 830096 818033 607176 381380 207008 332563
476295 351469 886534 284568 374653 390678 683552 922368 539222 925323 589611 800283 1123786 1156458 703700 489805 730716 453090 358769 903717 481178 758751 445369 999999999 693290 283464 1020570 1311466 908734 1214331 410948 841461 687821 1241485 625079 491930 594006 428341 464554 544809 545448 795953 532836 422228 531052 469621 869682 611684 910758 1247638 1069704 1156800 628798 958364 721039 474853 240188 803803 885073 916849 734783 466612 144457 785274 159371 855052 995378 509625 851850 1208721 592851 617679 1046940 996108 1078338 357394 930101 479468 1047252 543035 486343 561968 903703 815237 821742 1072682 1103788 1078823 525274 885063 267529 728765 389877 910895 883115 1186240 779100 804604 238361 127153
239105 468923 843345 619830 325427 485174 482414 430664 282802 543804 273364 168451 600117 486431 474548 225549 147684 549006 336131 413458 230480 387591 517753 693290 999999999 430034 581910 689935 305979 576091 284675 316561 494970 613219 104479 247412 213518 269828 397403 367594 650398 123297 263378 619295 164062 242621 518767 279850 431229 628524 467902 577974 380407 558121 90254 334961 524394 625514 405340 345557 303542 641774 553048 142309 534094 361636 303910 288607 237047 603458 266923 291312 406314 533408 472482 422310 261264 646398 565623 240727 465706 525134 305853 337767 412299 609487 425946 449339 297704 396580 439185 241926 408243 378964 333102 590730 92635 474859 563379 664449
257785 298598 882816 365787 164900 347868 584579 644448 258462 786368 309044 519968 941949 911370 596631 267768 499954 440742 104798 625413 257665 604236 415604 283464 430034 999999999 866638 1092774 687229 986400 177317 642264 593313 1018662 383163 209240 391761 197749 208515 280403 564170 544057 349315 460749 266486 249629 737250 331940 733769 1029148 854824 953829 496034 814903 475831 199265 243402 733652 607245 633667 554001 504915 139927 542809 143008 668165 733608 337507 569286 995741 413690 447796 815117 831468 862045 262897 683146 516404 878331 259620 418207 511229 683700 535271 549569 912197 853577 852565 245857 702678 20032 445737 132230 629403 600322 976999 509027 672750 283513 307849
612317 670911 508800 787216 702443 638508 355539 969331 842940 104408 846875 701712 150159 466709 330989 604774 435762 610358 765207 956222 614694 265079 601682 1020570 581910 866638 999999999 415704 313690 395976 692231 265427 356520 386607 537526 776933 480296 672394 937799 931817 602522 490118 517414 681104 664511 620466 160797 857305 150690 370567 271197 249016 391788 69773 491698 874678 781353 326234 954168 858343 315915 662172 925273 450736 887577 220967 538367 531507 753813 321784 452950 419387 355572 51853 280174 664167 437141 655307 64095 798092 545223 498531 308808 900115 981713 56027 480928 331660 854048 185413 863133 818291 917020 908264 863906 292210 601122 220348 792755 924414
843278 987044 922858 1127460 946487 968622 728718 924966 970018 508452 951780 718241 266078 247210 703206 831046 592820 968158 988835 919358 840725 591051 951070 1311466 689935 1092774 415704 999999999 406142 118694 919602 472442 733955 77124 710352 935568 717857 899570 1087033 1050189 989815 566650 778860 1046046 836524 850883 555338 951713 433016 63932 241768 174301 720102 478729 621886 1024882 1087601 737702 925856 808093 585264 1037144 1189759 555414 1159221 468654 451165 803057 737356 106355 720929 700881 283624 397457 233194 963561 432600 1032768 353726 929675 887508 868246 410239 901353 984428 368986 310973 241676 985793 446862 1096402 861474 1095604 864072 830953 133980 649502 595589 1110865 1239527
437373 598303 722009 746759 540706 588030 411925 657741 587644 319316 579129 395271 297402 271492 390356 425011 187829 607752 583005 645368 434648 261311 584686 908734 305979 687229 313690 406142 999999999 305661 513469 106019 421761 333624 306525 540852 315107 493428 698412 673429 661750 191785 379107 687744 435976 444912 324614 584435 180234 342313 168220 273925 360263 317346 224829 634780 691934 496329 644452 545319 212675 689838 784255 163678 754591 141487 238869 405114 442762 308808 326688 314355 143406 261837 174967 568725 127702 688646 279198 544429 520016 527859 7932 594998 678360 325555 242841 170227 601850 156100 690461 522931 698054 596128 552462 291607 299365 318435 719250 844195
741464 899908 901580 1045028 844873 885667 667048 808830 854392 473311 834913 599591 260613 134470 642141 728738 487787 894172 883342 802718 738163 521125 874465 1214331 576091 986400 395976 118694 305661 999999999 815732 386236 673886 44442 603236 822854 620749 796021 972258 933549 928402 452924 684281 973453 726567 748814 511925 834330 371739 71278 157852 152599 643652 448803 512104 910610 996385 699536 808771 691570 501586 968919 1088574 445102 1059680 392232 332950 709814 618967 92083 629691 613416 171547 364383 147262 872715 316502 965749 331984 814687 809967 800994 310913 783035 866287 360814 194764 135513 870382 377437 991039 742889 983399 747550 713610 114193 532163 541244 1022320 1148699
80634 230326 762972 361521 43625 267149 433683 604056 249452 615731 289273 413417 764667 748564 441581 90497 327945 355964 73266 584479 80415 432598 324972 410948 284675 177317 692231 919602 513469 815732 999999999 465045 443934 846443 215755 162619 214682 20444 283691 319184 478970 385245 177692 404271 130326 72449 569044 312428 557070 855781 680155 777500 335581 642910 311450 233657 250199 588411 569108 561669 377893 440178 275264 377015 251673 490988 584707 171827 474597 821062 240476 276054 645358 655691 687702 179878 520922 448967 701906 220474 302145 391613 509535 492314 533053 736602 694092 680916 248019 525668 177940 387044 237419 572830 534752 801598 373916 506013 292568 381537
385075 515241 621211 658863 485546 499504 306084 713742 583286 240207 583934 442243 301854 372635 284355 374548 171550 510703 537611 699454 384635 155293 489543 841461 316561 642264 265427 472442 106019 386236 465045 999999999 315811 406556 281099 523375 252733 444601 684489 671774 558230 230017 309008 590521 412196 393137 232643 593371 114863 409203 232060 315934 260580 247659 226423 620651 615189 394203 695883 607357 115448 589794 725340 187908 692447 48510 336412 331882 498996 368044 249004 228627 240365 216974 241675 491153 222171 587916 252165 538590 424837 425367 98095 638305 718712 294402 348297 255990 595453 80563 642638 553500 672433 654210 608741 344859 340032 216517 638688 767086
379668 338142 348673 435078 434769 297217 12557 925185 665533 252882 689650 660363 489878 684430 32043 379794 375171 255081 507527 907621 387016 160754 249928 687821 494970 593313 356520 733955 421761 673886 443934 315811 999999999 682731 400466 581419 292794 428587 725582 748498 255911 478640 280032 324590 481980 386116 195824 708000 303009 676629 516856 560129 119013 287799 425255 670324 448650 144987 898484 838266 223481 307391 614962 435396 574184 289759 640677 275282 727595 628690 238820 206898 551063 349124 527661 346827 528142 301521 400789 624760 201481 142030 413851 827567 894771 412361 663944 557404 670323 297359 583834 723895 680771 873868 827887 600095 564411 140343 451624 580814
770943 921754 895033 1064698 874306 905447 676585 853181 892995 470714 874656 641956 243716 178550 651341 758491 518924 909711 915041 846995 768069 533971 891202 1241485 613219 1018662 386607 77124 333624 44442 846443 406556 682731 999999999 635774 859195 647481 826534 1010167 973070 938323 489922 709726 988442 760992 778444 512985 874616 379741 28729 174545 137730 659932 443921 546302 948120 1020359 699167 852951 735875 521038 981918 1117879 479609 1088068 407608 376735 734582 662499 66483 653300 635053 206961 360017 164899 896407 355486 978203 322645 852756 827060 813318 338204 826617 910006 346662 239192 166237 908804 389314 1022700 785009 1019406 791852 757725 94905 572411 547128 1044966 1172566
151746 371280 748940 524162 250469 383970 387975 526497 305555 483623 313296 271974 581162 532809 382843 137737 118899 445046 280487 508511 145247 312274 413975 625079 104479 383163 537526 710352 306525 603236 215755 281099 400466 635774 999999999 242282 111143 197217 403402 394457 545986 172039 159085 516326 131810 157329 450447 326743 389503 646943 474746 578126 283092 503049 95964 339594 436614 536554 498670 447654 232821 537808 491019 161308 466379 318695 375672 184845 340621 615200 165754 193835 431998 493052 481365 326935 305305 542242 532297 260722 361269 421592 303735 427127 495262 572857 478777 469579 316526 355060 388091 323851 394041 477922 432730 598016 193390 399110 473156 582458
203251 391228 914280 511835 198975 429622 570063 453698 87710 715411 127209 311633 822999 732973 573370 201757 357657 518480 153270 434164 195070 535625 487343 491930 247412 209240 776933 935568 540852 822854 162619 523375 581419 859195 242282 999999999 307098 168068 161251 167116 641009 370042 301540 565980 112427 197764 676066 150783 630638 873467 707636 814706 465260 737875 316342 97756 392201 726082 417448 428755 464572 602615 347571 381147 342121 560120 541719 307685 360088 845999 351957 388607 652276 733880 713199 341354 508676 611517 774215 60031 461159 547741 539174 341792 374003 814159 671241 694145 89384 596467 224406 243084 160832 430217 397236 831274 312474 618105 436042 499112
134052 294254 640191 447674 232850 295959 280452 637281 384586 410545 402480 381932 550327 572582 277810 125117 150232 344879 287906 619166 135178 228947 315142 594006 213518 391761 480296 717857 315107 620749 214682 252733 292794 647481 111143 307098 999999999 194368 464201 471620 438844 245623 67259 420034 198016 142234 369246 419218 342505 653965 476241 567971 174129 435065 170547 403068 379202 432531 608962 558419 164477 436961 473340 216400 441600 276412 446686 95451 450554 616109 54909 86610 455421 441992 484663 258135 356006 440243 487500 341340 257766 311721 309874 536548 602161 523019 527085 485333 392165 310986 390997 431711 437397 589061 543866 594761 297011 311088 409549 530920
60370 230829 751242 367315 55599 264746 418116 601824 255686 596564 293124 403652 744260 729898 425285 70053 308270 351413 93538 582287 59973 413369 319980 428341 269828 197749 672394 899570 493428 796021 20444 444601 428587 826534 197217 168068 194368 999999999 297433 328893 473184 367614 159027 403064 120939 52178 550317 315803 536815 835733 659969 757122 318662 623502 293105 245062 259575 573341 567350 555671 357794 437504 294059 358280 269322 470619 568123 154830 466078 800863 221172 257015 625813 635611 667555 180099 502520 445851 681697 223944 293433 381391 489441 490485 534146 716547 675908 661111 255586 505342 198333 384219 254340 568749 529743 781317 360111 487595 301093 394877
347289 483980 1045850 571798 303862 529797 714892 464569 120958 874312 157283 416074 983535 874520 720873 349421 517663 623161 233247 446825 341033 693128 594492 464554 397403 208515 937799 1087033 698412 972258 283691 684489 725582 1010167 403402 161251 464201 297433 999999999 81358 748233 520520 449686 655545 273439 340324 833293 171842 791851 1025867 863775 972261 613200 897593 473621 63952 448238 870488 427590 480403 624393 697354 333622 536506 347639 721364 674026 450560 445245 1000599 505392 542289 803449 895037 868840 439506 655932 707934 935463 157629 581637 673083 697158 363994 358841 975374 810530 846735 103803 757707 228524 299357 77552 462712 443439 987129 446595 773744 489892 512375
369686 536198 1079446 636383 347565 579316 737165 383405 88902 876031 99027 356726 965345 828973 740427 368744 501063 671289 283377 365793 361811 698665 641266 544809 367594 280403 931817 1050189 673429 933549 319184 671774 748498 973070 394457 167116 471620 328893 81358 999999999 795723 487774 468655 710446 273794 363831 838987 104942 782981 990480 834853 945425 632334 896825 451356 88913 512687 893193 346504 403701 624408 750342 411354 509779 422413 712041 623642 474336 377748 968427 518220 554669 767882 886621 839044 488921 617593 760252 923937 133741 621328 710242 673067 284381 277619 965726 763675 812621 79460 748312 300326 228651 155282 383274 366240 957041 401959 782522 555482 587578
451936 266259 341371 261029 448163 218639 261738 1058007 728314 498272 766146 817549 742432 930814 287025 459914 569325 125076 515361 1038952 461988 408804 154458 545448 650398 564170 602522 989815 661750 928402 478970 558230 255911 938323 545986 641009 438844 473184 748233 795723 999999999 674275 388408 123221 572949 454409 443461 788545 558611 932512 770844 815877 304939 532750 605454 707791 341031 300355 1026141 990931 450511 80283 525246 636595 484810 539467 860501 365918 886084 884601 389563 376946 798079 601476 781584 308728 753537 68091 652111 696934 187428 135224 654053 950179 1002629 658443 904077 808449 726896 551014 547988 842254 683892 1015935 972447 855986 735852 394878 318975 420668
323717 534923 817905 688848 421808 540871 466487 483832 404751 469517 391289 212388 489171 367469 452609 309726 105701 588937 445230 469444 317280 342018 559915 795953 123297 544057 490118 566650 191785 452924 385245 230017 478640 489922 172039 370042 245623 367614 520520 487774 674275 999999999 310351 665213 278468 329367 455581 394914 342319 505347 347333 458593 377901 477621 78196 458232 607180 592060 465944 379264 260415 680128 659733 45036 636840 278401 204714 338621 269654 481072 286979 297505 283027 439319 351316 493641 139765 682546 464926 363459 500446 541262 193233 410000 491810 510463 309898 326286 420074 309428 551373 332024 530750 424701 379013 469267 111006 424234 642472 754196
102691 227058 618793 380627 185087 230556 268576 673575 385564 438310 411192 429374 599816 639245 272148 100583 217368 286103 249352 654873 108664 255408 255250 532836 263378 349315 517414 778860 379107 684281 177692 309008 280032 709726 159085 301540 67259 159027 449686 468655 388408 310351 999999999 358620 203835 110086 391364 430463 388233 715105 537107 624861 164049 466032 233633 392188 313227 424556 643201 602644 207924 378835 417664 282991 383769 326475 512847 28400 497819 675886 64662 98701 520620 483327 545895 191255 423254 383166 531350 345244 202465 268961 373515 568582 628312 563715 594263 549152 390311 359052 345797 461422 412575 629037 584958 653521 351982 328586 342670 465314
396271 175057 464483 137897 367312 139124 326135 1002966 651033 577290 693124 780671 812065 959198 351286 406941 564851 79994 427070 983530 406437 455063 105672 422228 619295 460749 681104 1046046 687744 973453 404271 590521 324590 988442 516326 565980 420034 403064 655545 710446 123221 665213 358620 999999999 515186 396663 520359 716484 613595 985938 816000 874627 330203 612227 590523 621557 225735 404498 969192 947246 476127 46468 407600 632838 368166 581380 862730 331711 847954 939747 380196 379285 829463 672131 826404 224631 763119 59230 724208 624626 168728 182658 680514 892386 937037 736950 924773 846295 647228 599622 443159 785186 586561 966260 924927 912376 709715 463300 198806 297703
121101 347345 822598 487892 173783 376077 470149 488083 186587 603705 207704 283167 712864 645910 471041 113340 249688 456391 172647 468721 110995 425038 424316 531052 164062 266486 664511 836524 435976 726567 130326 412196 481980 760992 131810 112427 198016 120939 273439 273794 572949 278468 203835 515186 999999999 119300 565443 226638 518462 773608 603929 708857 363706 625748 214690 210167 380029 625286 454883 435899 352503 546189 389633 281510 372432 448075 467972 216411 345143 743697 246410 282280 555063 621601 610106 296973 418097 553402 662340 143739 386723 465994 433669 378337 430229 701980 587345 594922 194344 484395 275182 270597 262538 451495 411175 727512 248092 508737 421887 510875
8192 232298 716542 379160 96102 257732 375157 607258 284496 545611 316108 390288 692322 686838 380569 20213 261951 337102 145691 587926 12270 362392 305035 469621 242621 249629 620466 850883 444912 748814 72449 393137 386116 778444 157329 197764 142234 52178 340324 363831 454409 329367 110086 396663 119300 999999999 500168 337353 484643 786984 610579 706490 272894 572154 252683 284208 282120 531099 574172 551525 305654 426982 339772 315834 312093 418569 532642 110897 455662 751351 170304 206604 579427 583474 618370 183142 460836 434119 629519 247617 269240 352075 440651 497637 548223 664425 634665 613571 287138 453220 249501 389884 302746 569600 528398 731347 335001 438089 320759 425588
492333 518372 403208 628467 572490 483025 195295 937146 750873 57242 763212 664132 299682 550477 171257 487276 373250 450262 640151 921804 496602 140450 442767 869682 518767 737250 160797 555338 324614 511925 569044 232643 195824 512985 450447 676066 369246 550317 833293 838987 443461 455581 391364 520359 565443 500168 999999999 777173 153249 502499 362672 381515 245399 92054 431686 772311 629558 188013 916547 834829 217997 501553 782499 411104 743407 186362 563313 399964 724796 453328 330043 293565 421705 159396 373350 516563 450454 494863 208905 706676 388365 337854 317291 853954 930753 216746 546126 414364 759633 169110 731450 760675 802628 879316 833282 423723 561487 65695 638031 769125
341339 541893 1049162 660982 349734 579541 696047 312605 73726 809639 24018 251844 879847 726839 695894 336500 421897 667216 300489 293505 331944 638497 635757 611684 279850 331940 857305 951713 584435 834330 312428 593371 708000 874616 326743 150783 419218 315803 171842 104942 788545 394914 430463 716484 226638 337353 777173 999999999 706957 892931 741899 853456 589319 827702 368056 137931 539892 850526 275467 311277 559520 752567 470917 421357 473740 636348 520177 442037 274430 872846 470604 505410 670924 810142 745472 491867 519732 761233 844358 91982 605854 689297 584783 203633 224315 887581 661155 716365 86438 672141 350413 127527 229111 299624 275276 862823 302217 724761 583723 636437
476452 569424 556456 701451 572015 544799 296884 824632 694206 139344 696871 554641 213093 398447 271605 467559 285196 536424 630331 810865 477643 159976 520956 910758 431229 733769 150690 433016 180234 371739 557070 114863 303009 379741 389503 630638 342505 536815 791851 782981 558611 342319 388233 613595 518462 484643 153249 706957 999999999 374292 216370 261062 292467 138252 341010 728337 676158 338096 807973 715969 180400 604136 804491 301591 768927 70942 417736 406455 609245 327004 323959 294590 268605 103640 227222 554015 307931 599853 145199 649383 458621 435240 173757 751907 832829 183523 392898 263689 705755 34816 732079 668250 774948 764332 719323 299094 453078 170048 693804 825082
779372 924152 879365 1065381 882569 906371 670943 878102 909477 458199 892363 663011 224575 205720 645539 767158 529207 907671 925134 871603 776846 530906 890008 1247638 628524 1029148 370567 63932 342313 71278 855781 409203 676629 28729 646943 873467 653965 835733 1025867 990480 932512 505347 715105 985938 773608 786984 502499 892931 374292 999999999 178004 122254 658823 430178 559079 963459 1024230 687329 877233 760617 522538 978081 1125828 492829 1095300 406837 400325 739407 685373 49325 657418 637773 222707 347052 169314 900194 373219 974007 307046 868719 826201 809247 346355 849515 933154 328182 264885 179339 925087 386326 1032672 805636 1033247 816565 781842 79142 590955 539509 1047826 1176236
602868 747298 760932 890241 705818 730959 509757 773350 750702 330526 738622 530473 177219 195789 485005 590906 356008 736880 750386 763743 600696 363276 717676 1069704 467902 854824 271197 241768 168220 157852 680155 232060 516856 174545 474746 707636 476241 659969 863775 834853 770844 347333 537107 816000 603929 610579 362672 741899 216370 178004 999999999 112358 486565 311114 391306 800452 846520 550572 766098 656282 346521 811096 948706 327269 917757 234625 301522 561424 565687 140936 479571 460639 96649 229141 10854 722505 232454 807898 212081 708310 653344 643143 171248 726827 811306 252543 213340 61343 765492 219838 857628 667833 865671 710754 670860 123671 445242 386418 870650 998623
698561 823999 757692 960538 800294 802629 555151 881732 860564 336153 849728 642452 108041 256007 529592 687312 459341 797455 849052 872723 697291 420565 781568 1156800 577974 953829 249016 174301 273925 152599 777500 315934 560129 137730 578126 814706 567971 757122 972261 945425 815877 458593 624861 874627 708857 706490 381515 853456 261062 122254 112358 999999999 551682 307924 498744 908673 927592 565408 875693 764227 423357 864413 1041115 436344 1008380 303779 405062 647233 676211 73033 563949 540480 200550 224958 110710 803899 344265 859752 185188 817733 718716 695576 275551 838103 922590 209513 295454 155302 875069 278190 955439 780172 971298 819186 780195 43267 557565 421392 948387 1078531
265923 280301 466160 409080 332648 252575 106859 809181 548277 298814 571223 547606 501722 631427 108128 264614 272279 250617 403293 791362 272490 133260 231279 628798 380407 496034 391788 720102 360263 643652 335581 260580 119013 659932 283092 465260 174129 318662 613200 632334 304939 377901 164049 330203 363706 272894 245399 589319 292467 658823 486565 551682 999999999 330771 316920 556193 389947 261611 781733 725457 147590 329692 537196 337254 498331 252326 556557 163851 615567 613804 119858 89389 500374 368738 496857 272683 448656 328383 420576 506930 167408 169741 352786 710063 776289 444061 601015 516129 553673 273682 488932 605723 572884 759139 713421 587394 454739 179748 403754 535538
564106 607596 452850 720260 650081 573550 287344 961118 808016 34938 815679 689901 215933 505928 263196 557622 410446 542312 715254 946991 567329 210684 534575 958364 558121 814903 69773 478729 317346 448803 642910 247659 287799 443921 503049 737875 435065 623502 897593 896825 532750 477621 466032 612227 625748 572154 92054 827702 138252 430178 311114 307924 330771 999999999 468277 835269 718526 259490 943534 853474 273307 592706 867192 435451 828765 199510 552383 477793 746035 380915 402443 367336 385422 84419 321095 603376 444717 585737 125409 763294 479404 429814 311201 885560 965343 125728 512072 368686 818120 168737 810317 798397 872291 901239 855971 351093 587655 154425 728316 859696
246739 457068 770861 610946 346413 464127 412798 509168 364318 454685 359963 237944 514009 437322 401935 232817 58507 515331 374569 492930 240731 304545 485689 721039 90254 475831 491698 621886 224829 512104 311450 226423 425255 546302 95964 316342 170547 293105 473621 451356 605454 78196 233633 590523 214690 252683 431686 368056 341010 559079 391306 498744 316920 468277 999999999 409956 529159 548747 486474 414759 220084 607208 586673 67094 562330 271389 282897 261725 303570 530086 215971 231554 340559 443356 396967 415484 209472 610195 476361 320530 427698 474413 223549 422336 499360 519872 382824 380250 377999 306342 481784 330488 474750 453978 407667 514959 139226 390951 564296 676639
290726 447413 996237 548651 259758 490869 659341 447608 70315 812458 117537 365676 919585 814991 664208 291606 453715 583147 194497 428890 283751 631961 553364 474853 334961 199265 874678 1024882 634780 910610 233657 620651 670324 948120 339594 97756 403068 245062 63952 88913 707791 458232 392188 621557 210167 284208 772311 137931 728337 963459 800452 908673 556193 835269 409956 999999999 425125 815305 410315 448372 561971 661578 335843 473210 342270 657774 616870 395076 401258 937648 445907 482756 741258 831612 805624 400399 594608 671554 871773 97927 535327 625264 633455 340716 350362 911854 751582 784216 53557 694129 218676 261730 92563 437450 412834 923891 388103 713515 468216 506910
