NAME : synthetic_000652
TYPE : CTSP-D
DIMENSION : 100
GROUPS : 8
RELAXATION_LEVEL : 1
EDGE_WEIGHT_TYPE : EXPLICIT
EDGE_WEIGHT_FORMAT : FULL_MATRIX
EDGE_WEIGHT_SECTION
999999999 322588 279673 332242 207232 491814 394729 337806 379151 293488 498447 139991 342832 478071 286161 511225 697806 341354 483011 259250 416918 349453 207422 239216 619436 265287 413015 221183 416403 480019 333503 41702 609092 468500 582595 630032 608124 476131 536848 298521 276979 575826 548807 508501 630418 302514 355999 458018 423308 558882 474184 632003 311696 398657 482341 534508 382628 346019 491422 371899 482832 273783 463562 355833 269099 270826 205655 762131 361196 441372 277078 84771 316163 347716 565872 499268 480181 477199 211301 464287 370327 460706 407442 610265 146080 388682 347998 509155 226731 324125 555377 345171 631475 482145 537576 662676 262545 284037 638637 475734
322588 999999999 332292 446214 119159 812450 678448 528855 700355 242294 767554 348448 215384 747436 585229 689881 822318 139045 388091 73552 685716 581324 464878 215396 686188 426394 96473 284009 603759 722829 654682 343970 620295 225044 742899 889737 734477 251821 744318 104897 598110 760941 836477 685986 875519 603641 115595 135621 293636 638585 697411 932186 623137 329020 309339 856052 440315 535456 771241 401054 667664 65149 745507 40841 91498 592943 334803 1078921 510004 603794 484867 404304 419045 70651 850533 804672 672909 275283 197512 728041 530943 723379 555469 868153 369016 550881 394344 703212 185312 30983 239770 244849 906143 804163 719108 697645 584787 203092 921103 429366
279673 332292 999999999 594418 295916 626854 422225 217477 530386 102953 762597 158859 492562 466835 540367 361383 492969 443150 220555 324530 410966 288453 486053 117560 372221 123104 420330 447208 695547 754495 490641 255608 337471 316458 410926 591193 403798 303800 815987 392602 442969 855482 569809 357334 567286 553106 434420 436329 197428 317686 385811 678279 425803 142591 266657 714321 118295 222118 499949 606493 341535 336411 721200 336132 356507 447887 82119 858338 633807 718371 195629 341143 87922 296929 579022 730362 759825 285537 143608 732103 645475 438484 681400 569209 169756 664576 74368 378508 150270 309036 474870 143319 620170 631501 817073 401037 442921 136770 642793 198565
332242 446214 594418 999999999 357355 649176 665119 666198 551018 571660 390589 471776 276253 755763 321340 836136 1028461 346681 765637 378417 701120 664751 201790 514785 950275 597469 486030 166140 170609 319124 515974 370829 931459 665766 909678 905919 939371 687603 309640 349088 475120 316951 797057 833773 918849 337194 380891 541023 685079 890174 785044 849988 545073 684810 726286 620765 706727 674381 756008 104220 807129 382332 393825 486440 354723 459248 530881 916471 69178 159357 605091 323566 644788 510188 817104 496497 235534 703515 479679 349920 93100 746361 109969 889088 478229 110637 667546 829860 486942 469716 665203 610812 891002 624679 275314 990312 451445 545505 887300 776709
207232 119159 295916 357355 999999999 698997 581624 460216 586376 235087 652885 260383 196660 656724 466342 630748 785494 156266 418996 52116 594493 500882 348600 185711 667409 361516 205897 191319 503061 612453 540720 233310 620205 312911 691525 803986 695171 332042 641617 105739 484176 663803 739318 627174 795208 484686 159527 252554 332288 613593 622663 830052 514727 344023 369293 738215 413568 467646 676764 335429 605798 66927 628831 156892 69810 477984 269945 968363 415417 509067 408608 286781 373805 163523 754681 685714 572461 346373 153581 613992 434298 634876 462863 782924 279452 454569 367979 638920 152093 129042 358384 262930 814642 689268 622181 690962 469653 201245 826529 442811
491814 812450 626854 649176 698997 999999999 247755 467076 112863 705097 424320 495415 808029 289994 329485 519178 710685 825474 838666 751051 291473 391386 453206 671073 751785 514135 904554 653020 581847 491431 158368 468624 816608 919415 583277 372846 655344 916267 593193 787024 214836 656337 237363 520453 415792 315747 844228 948042 823260 699767 415474 225332 201977 768208 892165 131642 649608 469628 254962 742833 498285 765596 372322 843027 759842 222131 555254 275249 619339 630208 447329 416851 584186 827849 256052 274594 596427 905088 659307 430965 606847 309589 637007 368435 476252 610701 649762 488142 677100 810443 1037170 758179 324861 33013 642892 821640 230740 717363 301116 794051
394729 678448 422225 665119 581624 247755 999999999 229868 206537 515467 583788 330761 737554 90865 401063 275898 476384 730520 616929 631692 49554 149932 467891 495855 504329 299987 774862 606012 661235 625292 200941 357097 570095 734853 345128 241527 412839 725081 720761 683770 208128 779771 158090 276676 255133 398415 740131 808874 618025 452016 176076 258456 130855 555549 686986 370975 418689 230742 96695 736882 252873 646827 529656 700593 650282 225606 366506 438083 660690 704660 227462 353566 361448 674774 173062 469994 699140 707762 494967 574196 656893 87722 693607 224061 309986 667916 427613 247675 511806 668002 877212 563749 236792 267569 754882 573937 230594 537230 245186 564749
337806 528855 217477 666198 460216 467076 229868 999999999 394017 319742 715125 208966 647345 255025 498064 174950 362984 616419 389854 502020 205355 80550 501909 319011 318884 102599 622690 554970 719091 732260 366103 297028 357173 532661 244806 373716 275570 517536 813759 565562 336901 864641 361548 171906 351099 504140 615993 645578 401924 258607 170065 473176 286133 335224 469304 577620 189336 8215 291704 709380 147749 516165 665204 540625 528967 349229 194320 665184 685352 753567 61108 349604 139829 505784 368305 638976 772954 495655 331472 694018 689743 225543 728002 351731 195469 705762 203422 178981 344863 510499 691916 359645 404103 480560 831748 379744 348329 350278 428549 335240
379151 700355 530386 551018 586376 112863 206537 394017 999999999 602562 385323 390677 696801 278792 239952 479914 682648 712852 746957 638400 256002 326540 351051 565436 698694 424583 792053 543309 503166 437410 45683 356910 750676 813797 550977 399782 616398 812303 537240 674184 102270 598976 269371 480305 431916 230037 731409 835975 724390 642568 382412 300520 108948 672867 792692 186056 566250 398081 256249 640680 455113 652904 330890 731458 646990 109327 455040 386755 527843 550370 363443 304083 497001 717395 290250 263470 528070 802935 551685 381404 517913 288371 550751 389408 372426 524244 560841 453329 569459 698982 926815 656411 365820 105125 579602 765602 117977 612296 352284 707433
293488 242294 102953 571660 235087 705097 515467 319742 602562 999999999 791612 212617 425859 565793 575329 462465 580951 366147 195276 250365 508285 388167 497818 57530 444703 221871 324233 412185 693482 772297 560107 283174 386922 219412 508372 693290 494112 211861 822819 317918 508273 855959 666791 458355 670108 590284 352048 335967 130517 396300 488633 773378 503187 113151 194022 782007 198701 324649 597353 566274 443537 259651 755130 239891 284167 510279 151218 947345 619993 709817 292716 370091 189484 198110 676991 779215 760819 200373 92146 757764 634913 538033 668346 671305 230185 654853 153297 480749 85587 215853 372189 54588 720746 706349 815803 460594 504142 39209 742256 208479
498447 767554 762597 390589 652885 424320 583788 715125 385323 791612 999999999 604215 651091 663009 223473 842207 1049317 707243 977297 694014 632760 669622 305014 737650 1034008 699551 833698 500879 238566 87228 382849 510769 1059379 956131 917162 782512 973893 968202 179696 692304 387362 241635 648574 841709 816920 213383 738221 887892 921705 973544 754137 649250 458351 893464 980360 327742 842984 721640 641554 493278 814636 703809 54444 807619 683068 371992 681047 632448 327821 280433 664649 423365 769467 815789 669007 161061 212174 972721 708878 41237 304917 669797 314038 773484 596250 295124 819808 820750 723455 781721 1005627 843617 742620 391483 239763 1093279 370827 782006 722845 960876
139991 348448 158859 471776 260383 495415 330761 208966 390677 212617 604215 999999999 440240 399433 381626 383826 561842 415637 377697 307216 337503 240773 336309 175716 479472 125977 444919 348005 551531 599008 347735 105539 472964 424000 451717 544411 471490 421641 665147 365874 295660 708097 488514 380699 534826 394252 419631 478113 338550 418891 363806 586968 294565 296184 405281 569393 247280 216985 422815 504903 356691 322132 562387 369832 330190 297938 76892 746813 500822 579070 151858 185499 177822 345018 502227 573565 612932 412743 167182 574386 509232 376198 546658 523171 20826 527203 217605 386784 184714 337250 550606 266965 558078 495029 671143 523711 292008 221989 572655 356687
342832 215384 492562 276253 196660 808029 737554 647345 696801 425859 651091 440240 999999999 820063 517408 820674 981304 81341 596195 176399 758449 678785 379862 380638 863716 552302 221008 160544 446501 588707 653135 381126 812777 437686 884125 971328 890774 466164 585853 112892 599481 589500 891156 817274 968611 536287 115005 273876 503522 810218 803174 970520 648095 528649 524380 818100 610055 655113 834245 202061 794648 169601 642895 248561 142418 588691 462744 1083208 345369 433489 592007 397635 569729 286020 908478 727533 511685 490598 349763 609868 369073 801500 383733 951151 456810 386885 564312 826181 346654 245606 398222 444403 974273 791563 548517 885447 579928 389036 981278 629319
478071 747436 466835 755763 656724 289994 90865 255025 278792 565793 663009 399433 820063 999999999 488992 237750 420950 808605 642758 705455 62237 178476 558755 553763 477512 344247 843822 692864 750757 709175 282355 438958 558549 783222 295515 152626 370277 770115 806171 760624 296575 865996 107967 239821 164437 485292 816122 874528 656541 432204 133812 220760 219409 590239 724224 420717 440610 252928 41932 826404 222144 720506 608593 766617 726155 314096 422863 421542 751519 794601 273218 442091 394607 737562 113285 539130 787106 749575 557438 656157 747584 30067 784201 134076 379192 758444 458366 204047 573433 734531 934702 610152 158707 316382 842235 549309 319593 591736 176596 584185
286161 585229 540367 321340 466342 329485 401063 498064 239952 575329 223473 381626 517408 488992 999999999 637387 844178 554722 756953 513520 446651 460476 138116 523444 816145 476594 663712 356866 265069 234858 214224 292263 837056 753499 713457 627604 764398 762121 323108 527854 192941 380037 504084 636380 651966 19008 580833 715046 705846 755152 558263 539860 270222 673665 767076 305058 619569 505002 477560 418792 608818 525615 180963 623146 510229 175488 458518 595174 290133 311407 444922 205295 546098 623659 524921 219490 298156 763279 497103 197277 278740 488678 310903 614257 373043 284399 596461 619738 512809 594065 824725 628536 600731 303800 353890 873402 170959 569297 590307 738250
511225 689881 361383 836136 630748 519178 275898 174950 479914 462465 842207 383826 820674 237750 637387 999999999 207270 786320 470449 669973 228576 178180 662501 475095 240496 269238 780665 729630 876350 871438 466148 469980 330494 657078 76234 282183 136942 635709 959680 735209 454862 1014154 335477 4267 239527 639927 783606 797674 512625 200099 104585 443558 386031 442356 572777 645932 281107 166874 279117 883121 29274 683607 789428 696845 698448 470495 361171 650353 850930 913782 234481 514897 273500 658295 331954 741874 925623 607980 493359 826743 853475 212473 891743 262826 370362 868429 317407 35349 504605 668655 828183 490948 333670 541741 983899 312580 472289 498035 368093 402643
697806 822318 492969 1028461 785494 710685 476384 362984 682648 580951 1049317 561842 981304 420950 844178 207270 999999999 935862 516527 817246 427283 383904 863259 610172 171613 437131 904555 909263 1079123 1078480 671619 657995 287285 736320 132341 401567 90870 708340 1165963 885096 662029 1219735 499861 208006 347191 847010 927288 910728 587442 192736 300310 593891 592297 522324 632575 840627 382259 354887 458448 1066744 235447 829330 996401 820482 848733 677734 520565 798238 1048289 1115070 423910 712266 411692 777441 490002 945800 1130225 675414 636067 1034013 1052373 401616 1090655 389826 552258 1068117 428016 229754 643224 796716 915254 592621 463852 736022 1188725 221458 679558 619887 501984 446789
341354 139045 443150 346681 156266 825474 730520 616419 712852 366147 707243 415637 81341 808605 554722 786320 935862 999999999 525791 118629 746414 656399 420737 327013 809612 517220 141403 206499 514669 650358 667916 374964 751381 357715 845843 957406 846165 386940 655362 51167 612420 662923 887099 782697 950172 573728 34678 195535 431817 758586 778694 973169 652902 462731 448005 847871 558098 623817 826590 281095 761661 107153 694207 169101 87943 603562 425174 1099151 414939 505744 564770 408902 525172 208883 903293 770608 581626 412552 299795 666281 437990 787775 456047 936568 434184 456709 511856 795021 293337 169957 320192 378016 965582 811880 621519 826538 594885 327765 975684 563613
483011 388091 220555 765637 418996 838666 616929 389854 746957 195276 977297 377697 596195 642758 756953 470449 516527 525791 999999999 421369 595209 470091 689698 252804 351024 324535 441795 603972 888516 963019 708673 466602 254635 228390 488467 741872 445289 196891 1016739 483604 662520 1050878 750309 466231 706215 770528 503616 429659 94890 325310 533893 862528 640237 84365 117176 932125 202242 390823 680861 754289 462472 426731 937884 367657 454854 667981 301995 1054421 815080 905087 393181 553941 256197 322591 755669 950704 955603 162183 287229 945101 830159 612805 863442 720625 389966 850113 189884 499285 278774 357235 406256 156213 782800 845846 1010859 337288 663186 220450 811235 70655
259250 73552 324530 378417 52116 751051 631692 502020 638400 250365 694014 307216 176399 705455 513520 669973 817246 118629 421369 999999999 643273 546531 391604 208707 691982 401489 154248 213866 532577 649564 592752 285292 637107 287547 728251 851606 727598 310705 672721 68281 536221 691031 789584 666281 841339 532065 113973 202390 330135 640365 666896 881277 566662 352316 358040 789097 439809 509209 726405 342268 645870 15142 672233 113951 33989 529914 309014 1020471 440499 534456 452645 338110 406771 131803 804683 733008 601883 329617 181181 654489 460837 683023 486741 830386 326867 480923 393613 679882 174896 91921 312662 268244 863705 741161 649220 710825 521558 212957 876299 452934
416918 685716 410966 701120 594493 291473 49554 205355 256002 508285 632760 337503 758449 62237 446651 228576 427283 746414 595209 643273 999999999 125450 506611 494063 460829 287885 782140 633031 704555 672969 250010 377459 531667 726700 296406 213114 365392 714752 767667 698394 253985 826173 158843 229604 218093 444826 753885 813398 603486 410395 127118 268623 177337 538604 671812 417359 394209 204618 89084 769006 206855 658330 578706 705369 663918 271310 363256 460614 699956 747186 215748 384017 342829 676928 168796 519472 744286 695387 496697 622558 697201 45290 734331 193505 317185 708921 407964 199256 512891 673179 875495 554043 220599 313243 800509 531260 275711 533016 236393 539585
349453 581324 288453 664751 500882 391386 149932 80550 326540 388167 669622 240773 678785 178476 460476 178180 383904 656399 470091 546531 125450 999999999 485739 379581 373145 166303 676935 570624 698476 695074 303859 307780 426340 604901 254386 309237 304599 591642 782068 606514 283506 836143 283159 176791 294896 463855 659717 704096 478723 316152 125053 393949 222297 413326 546803 506548 269887 80880 213114 718690 149131 561243 617801 597154 570637 298005 249423 584665 675845 736436 97477 341444 217486 565452 291177 580438 747443 571305 386683 652128 677430 150048 715626 287451 222674 691913 282514 166038 401757 565812 758653 431766 332696 406925 805732 439176 298813 415464 354375 415766
207422 464878 486053 201790 348600 453206 467891 501909 351051 497818 305014 336309 379862 558755 138116 662501 863259 420737 689698 391604 506611 485739 999999999 441722 807642 452938 536749 219468 218027 274812 314636 231805 809100 651617 738065 707196 777290 664628 329957 397650 273457 371821 595728 660652 722842 156802 448452 589698 625890 746193 600116 648717 344624 605347 681211 442300 583577 509781 556593 289931 633227 402308 280634 504422 383777 257479 409014 725084 193413 251818 442300 154678 513496 511010 615894 349907 276861 670716 410656 267132 192294 551505 230273 691041 335214 206202 552091 651647 424005 477627 704223 547490 690171 431012 335337 856943 249726 483815 685752 683002
239216 215396 117560 514785 185711 671073 495855 319011 565436 57530 737650 175716 380638 553763 523444 475095 610172 327013 252804 208707 494063 379581 441722 999999999 483620 216801 305728 356555 636020 716436 521805 232546 434746 248444 527532 688396 521255 247852 765745 276986 468284 798530 650831 471153 669480 538918 317123 326567 184406 431658 489008 754247 470245 170309 243633 741395 231112 325012 582489 512116 453570 219926 702343 222408 241508 468836 130900 920834 562578 652298 282157 318268 203665 186824 662519 730661 703441 242772 35209 703210 577411 527342 610924 666504 195319 597341 184906 489673 34014 193579 381666 106066 711159 670138 758331 505312 462210 47458 730149 263177
619436 686188 372221 950275 667409 751785 504329 318884 698694 444703 1034008 479472 863716 477512 816145 240496 171613 809612 351024 691982 460829 373145 807642 483620 999999999 355836 761417 814096 1025551 1049544 676973 583748 116690 575965 203620 508964 129303 546290 1128113 760215 653451 1176618 575785 238078 459104 822729 796700 761636 429017 61515 343709 682619 595434 368645 468103 874382 254001 312435 519156 973818 255931 702524 983992 678890 725059 666649 421062 889802 980109 1056137 371624 652965 306323 634266 571550 953238 1083185 512346 513965 1012606 987840 451076 1025534 492162 475697 1005374 299434 275389 517618 658404 755138 446092 566016 771740 1141986 72161 666250 483787 602284 283250
265287 426394 123104 597469 361516 514135 299987 102599 424583 221871 699551 125977 552302 344247 476594 269238 437131 517220 324535 401489 287885 166303 452938 216801 355836 999999999 520094 472157 670446 704513 388504 228263 361022 439064 332050 472794 346481 426903 777493 466152 346926 823684 446724 265683 452700 486215 515373 543293 318059 294726 272300 555263 316703 256873 387085 610520 146160 109067 376898 630065 244479 415384 653410 438071 429418 355088 92566 737276 624692 700366 72684 298480 73387 403624 456101 645802 729423 408218 228938 673535 632070 316247 669832 450838 120034 649545 136318 278457 242267 407901 592907 266192 498897 521776 788083 404135 351709 249979 520543 282957
413015 96473 420330 486030 205897 904554 774862 622690 792053 324233 833698 444919 221008 843822 663712 780665 904555 141403 441795 154248 782140 676935 536749 305728 761417 520094 999999999 335871 651953 782107 746378 437126 686668 239683 831030 985655 818270 272509 793040 141712 689805 802869 932907 776696 970694 682469 106745 55175 347642 717215 791884 1028227 717588 395521 345167 943143 522630 629092 867714 422341 759298 140377 816019 84416 153521 683829 429291 1172733 553508 645374 580166 492357 508032 127377 946999 882847 719776 303435 291389 793279 576085 819644 595828 964024 465490 595223 477512 795340 277888 112305 179254 315330 1002527 895134 761308 766560 675518 285912 1017574 492473
221183 284009 447208 166140 191319 653020 606012 554970 543309 412185 500879 348005 160544 692864 356866 729630 909263 206499 603972 213866 633031 570624 219468 356555 814096 472157 335871 999999999 319920 446324 500900 262845 783963 500380 799212 845476 818637 521672 460761 194389 449284 477237 754100 726720 849002 375752 237406 390851 520986 755870 695360 825963 504664 524895 560508 658110 563638 563133 702034 159739 701682 219142 488007 324735 193054 437084 393794 928173 226639 320602 495203 254222 508325 345546 772524 568188 388960 537375 321385 459990 247078 677637 273127 826401 359646 267112 521513 729217 326666 305710 512514 448173 841791 635033 435415 847892 428364 383542 845134 619732
416403 603759 695547 170609 503061 581847 661235 719091 503166 693482 238566 551531 446501 750757 265069 876350 1079123 514669 888516 532577 704555 698476 218027 636020 1025551 670446 651953 319920 999999999 156935 479292 446073 1024302 815923 952335 892065 994055 834678 141146 512243 454425 162684 769120 874717 914702 273223 548390 707122 816060 964126 807877 800435 531370 804947 864441 522253 798059 726883 741547 265024 847133 538726 257220 644541 512973 436940 621732 829784 101504 48589 659895 372630 729316 663381 789967 373262 69416 846796 602302 201449 77513 748051 75873 878228 551870 61336 764381 863419 612880 624454 830419 738778 865786 552487 122348 1074095 431196 673265 854878 889087
480019 722829 754495 319124 612453 491431 625292 732260 437410 772297 87228 599008 588707 709175 234858 871438 1078480 650358 963019 649564 672969 695074 274812 716436 1049544 704513 782107 446324 156935 999999999 426861 499018 1065467 921998 947353 837185 999206 936758 101762 640454 420419 164940 705818 870536 867898 231525 682689 836983 900677 988337 789422 716585 495787 878670 955802 405909 843847 739317 691714 418958 843039 658026 124102 763477 635112 403658 674713 713395 252747 195556 677930 413750 771299 775936 726580 242427 124946 944259 685467 61719 228916 712735 232765 826482 593922 216480 816598 852789 698727 739691 957555 822273 801520 459280 156054 1105313 400694 758612 784513 952828
333503 654682 490641 515974 540720 158368 200941 366103 45683 560107 382849 347735 653135 282355 214224 466148 671619 667916 708673 592752 250010 303859 314636 521805 676973 388504 746378 500900 479292 426861 999999999 311318 723236 769986 539328 414575 601285 769092 524450 628895 56587 584932 289899 466147 441923 207269 686166 790303 683230 619429 373131 334085 81591 633232 751208 223682 532124 370828 266010 602988 439994 607271 328723 685856 601503 64534 413900 431308 496764 525498 330698 259026 461537 672050 310720 276989 509297 760408 507319 374071 488338 287245 522440 402161 329954 495999 524288 441906 525072 653403 881471 614188 386515 150229 562870 742288 73283 568834 376878 671369
41702 343970 255608 370829 233310 468624 357097 297028 356910 283174 510769 105539 381126 438958 292263 469980 657995 374964 466602 285292 377459 307780 231805 232546 583748 228263 437126 262845 446073 499018 311318 999999999 578266 471984 541710 590494 568632 476655 561491 330090 254884 603253 512561 467299 589851 307110 387318 479496 413680 522832 432556 598750 281432 382697 475768 520408 352203 305243 453678 413249 441502 300220 472538 374548 298708 251031 177267 735625 396448 473612 236128 87459 283356 361710 529162 498339 507919 474633 209094 478590 404200 420869 441808 570523 108239 421980 320317 467574 225928 342087 570943 336695 593513 461329 565980 629107 243247 279283 601793 453813
609092 620295 337471 931459 620205 816608 570095 357173 750676 386922 1059379 472964 812777 558549 837056 330494 287285 751381 254635 637107 531667 426340 809100 434746 116690 361022 686668 783963 1024302 1065467 723236 578266 999999999 483024 309969 609742 241685 451327 1136746 704226 691878 1180918 662220 327233 562550 846032 734422 680268 342302 131088 426798 772489 643240 291972 370607 932715 226463 352721 600450 942667 338654 645864 1012059 607238 670987 703029 403570 978216 968605 1050464 397870 656313 295698 561770 660570 994514 1085859 416365 468315 1034221 978995 530078 1015653 591490 474287 997603 263916 365708 468128 590772 660513 375469 663662 833160 1144106 82757 701219 424223 698506 194589
468500 225044 316458 665766 312911 919415 734853 532661 813797 219412 956131 424000 437686 783222 753499 657078 736320 357715 228390 287547 726700 604901 651617 248444 575965 439064 239683 500380 815923 921998 769986 471984 483024 999999999 690204 905595 658630 34199 954464 329771 716025 976250 885437 652828 878549 770403 327577 212859 149155 543584 697904 992618 718269 217369 114882 988400 376395 536659 815777 625927 642431 285031 926801 189161 313953 715900 369904 1166083 726708 820630 510954 552547 395061 156422 895140 967695 885332 68876 264126 918735 746314 754940 773499 883652 443283 766530 340583 680265 246705 197773 179233 173207 936379 918560 934543 565657 709008 202111 959252 292885
582595 742899 410926 909678 691525 583277 345128 244806 550977 508372 917162 451717 884125 295515 713457 76234 132341 845843 488467 728251 296406 254386 738065 527532 203620 332050 831030 799212 952335 947353 539328 541710 309969 690204 999999999 305831 78428 666161 1035857 794679 529973 1090386 383608 77645 255492 715828 841058 844198 542409 181411 169314 485610 459958 472942 597685 712068 315885 236596 335004 954162 105284 741390 864165 746694 757920 545799 421782 692683 925794 989518 305583 589540 323869 706261 376650 813882 1001825 636190 548864 902238 928700 273736 966984 289705 439587 943833 357374 97665 558664 719960 865397 530741 364099 607495 1060117 274122 547783 545659 401026 418296
630032 889737 591193 905919 803986 372846 241527 373716 399782 693290 782512 544411 971328 152626 627604 282183 401567 957406 741872 851606 213114 309237 707196 688396 508964 472794 985655 845476 892065 837185 414575 590494 609742 905595 305831 999999999 383387 889040 936751 908731 438791 998123 135797 285934 54725 621697 963506 1013333 770083 478663 209166 197841 363500 701004 835090 501460 542462 369237 151056 978381 282420 866538 728368 906320 873701 456085 558617 397471 898867 937207 406650 594514 510667 874601 116813 643930 923872 865220 695888 780885 893717 169922 929676 21986 524779 903612 569097 248496 710993 874859 1065314 732964 63056 404627 977205 579911 462503 722744 101163 677166
608124 734477 403798 939371 695171 655344 412839 275570 616398 494112 973893 471490 890774 370277 764398 136942 90870 846165 445289 727598 365392 304599 777290 521255 129303 346481 818270 818637 994055 999206 601285 568632 241685 658630 78428 383387 999999999 632111 1084581 795300 586916 1137188 461213 136243 332136 768264 838208 826420 509491 122046 239880 563963 520504 442312 559058 782682 295710 267610 410584 976339 161426 739860 921715 733984 758850 601947 429722 771077 960586 1029036 336022 625147 321411 691541 454705 877686 1046626 600261 546441 956727 965256 346884 1003503 367710 462319 981328 340824 167274 554040 709442 836635 508806 442236 678382 1105299 197693 603101 532784 479295 374678
476131 251821 303800 687603 332042 916267 725081 517536 812303 211861 968202 421641 466164 770115 762121 635709 708340 386940 196891 310705 714752 591642 664628 247852 546290 426903 272509 521672 834678 936758 769092 476655 451327 34199 666161 889040 632111 999999999 972271 356703 715973 995792 873594 631447 860422 778634 357653 246939 123765 515694 680560 981930 714530 193686 81555 989229 354601 521110 803703 651401 622150 309428 937326 217855 338702 716684 363046 1158808 747257 841019 499358 559278 378574 181764 882621 974293 904016 35295 267580 931414 766329 741435 794456 867155 440244 786594 321200 659975 250788 223234 209384 161344 921639 916639 954198 534049 710060 200494 945510 263050
536848 744318 815987 309640 641617 593193 720761 813759 537240 822819 179696 665147 585853 806171 323108 959680 1165963 655362 1016739 672721 767667 782068 329957 765745 1128113 777493 793040 460761 141146 101762 524450 561491 1136746 954464 1035857 936751 1084581 972271 999999999 653385 513878 63237 806212 958547 966269 323058 689219 848204 948063 1066645 881294 818333 590360 932591 998923 505667 912249 821124 790164 397218 930924 679218 224197 785133 653757 496729 738757 811842 240683 155594 757278 480477 841132 803016 827022 340192 74242 983138 732947 162814 217385 808441 204056 925569 662541 199016 881783 942689 744603 764490 971561 870123 902173 561035 64454 1181061 493003 805064 885693 1012569
298521 104897 392602 349088 105739 787024 683770 565562 674184 317918 692304 365874 112892 760624 527854 735209 885096 51167 483604 68281 698394 606514 397650 276986 760215 466152 141712 194389 512243 640454 628895 330090 704226 329771 794679 908731 795300 356703 653385 999999999 572891 665792 840887 731580 900660 546776 57484 196531 390689 708642 728402 928841 610062 417494 412205 815211 508083 572927 779506 297138 710614 58363 675610 141775 36779 564896 374049 1059489 415217 508148 514330 370289 474190 175189 856747 745958 580620 379628 249094 651791 437233 739319 459027 887776 384708 456724 461892 744070 243157 134055 318399 332936 918065 774740 624044 778509 556304 280037 928939 518354
276979 598110 442969 475120 484176 214836 208128 336901 102270 508273 387362 295660 599481 296575 192941 454862 662029 612420 662520 536221 253985 283506 273457 468284 653451 346926 689805 449284 454425 420419 56587 254884 691878 716025 529973 438791 586916 715973 513878 572891 999999999 572189 322523 454348 460290 190883 630223 733731 633079 594345 369169 379158 77324 585330 700523 273733 492415 342505 287809 557993 427284 550760 334832 629384 545210 17521 364416 486776 461691 498839 294900 203616 420313 615944 342843 302637 491021 708253 452711 372688 455458 295740 491062 424244 278731 464922 481140 433995 470420 596963 825348 562613 417646 206457 546801 716351 23903 515512 412314 628397
575826 760941 855482 316951 663803 656337 779771 864641 598976 855959 241635 708097 589500 865996 380037 1014154 1219735 662923 1050878 691031 826173 836143 371821 798530 1176618 823684 802869 477237 162684 164940 584932 603253 1180918 976250 1090386 998123 1137188 995792 63237 665792 572189 999999999 868179 1012887 1026853 381394 697330 857791 978744 1115104 938005 881425 649076 967175 1026857 568480 955328 872161 850887 393005 985232 696290 287279 801517 669590 554892 780099 874081 250990 157652 807122 525337 885288 822508 889016 402554 95679 1008618 764906 226045 230195 867493 207046 986630 706876 210125 923115 998161 775555 782921 982089 901450 964299 624217 41833 1227801 550788 835946 948217 1050268
548807 836477 569809 797057 739318 237363 158090 361548 269371 666791 648574 488514 891156 107967 504084 335477 499861 887099 750309 789584 158843 283159 595728 650831 575785 446724 932907 754100 769120 705818 289899 512561 662220 885437 383608 135797 461213 873594 806212 840887 322523 868179 999999999 338115 179267 496447 897472 966530 761856 533972 235424 112817 252930 696345 829956 366982 548276 359878 70050 876393 323748 804724 594654 858264 807732 339028 520421 316013 783790 815396 374503 499891 500499 831695 20906 508238 796983 854092 651580 648469 776671 138033 811466 131316 467782 785105 564944 300414 668184 825741 1032497 712865 96733 268929 848935 647929 346391 690776 91167 692110
508501 685986 357334 833773 627174 520453 276676 171906 480305 458355 841709 380699 817274 239821 636380 4267 208006 782697 466231 666281 229604 176791 660652 471153 238078 265683 776696 726720 874717 870536 466147 467299 327233 652828 77645 285934 136243 631447 958547 731580 454348 1012887 338115 999999999 243513 639042 779887 793609 508360 196996 106380 446464 385878 438091 568513 646952 276845 163805 281282 880386 27660 679894 789001 692855 694815 469908 357533 653171 848858 912012 231643 512753 269441 654254 334794 742057 924205 603713 489526 826052 851510 214273 889784 266498 367361 866525 313184 38476 500722 664704 823970 486746 337154 542830 982515 310113 471625 493967 371457 398459
630418 875519 567286 918849 795208 415792 255133 351099 431916 670108 816920 534826 968611 164437 651966 239527 347191 950172 706215 841339 218093 294896 722842 669480 459104 452700 970694 849002 914702 867898 441923 589851 562550 878549 255492 54725 332136 860422 966269 900660 460290 1026853 179267 243513 999999999 647456 954332 995819 739719 431747 181477 251842 383400 669965 803255 546098 509612 345715 176185 986951 243855 856084 762544 889871 865012 477787 541611 452190 915789 958807 390654 601877 483901 856285 162602 683110 949753 835240 679558 813055 911999 172812 948637 48613 516002 922880 539299 207756 693916 859033 1042144 707069 117722 446709 1004256 529431 483530 701341 155871 639944
302514 603641 553106 337194 484686 315747 398415 504140 230037 590284 213383 394252 536287 485292 19008 639927 847010 573728 770528 532065 444826 463855 156802 538918 822729 486215 682469 375752 273223 231525 207269 307110 846032 770403 715828 621697 768264 778634 323058 546776 190883 381394 496447 639042 647456 999999999 599812 733705 720787 761932 558673 528787 267682 687499 782506 287154 630021 510917 472319 435571 611564 544228 168353 641435 529006 173682 471103 579371 303643 320333 452168 220655 556425 641527 517330 201033 302391 779344 513065 189886 291248 486135 322353 608869 384957 295902 607936 621366 528934 612220 843052 643713 593175 289233 356957 880888 170003 585003 581688 750572
355999 115595 434420 380891 159527 844228 740131 615993 731409 352048 738221 419631 115005 816122 580833 783606 927288 34678 503616 113973 753885 659717 448452 317123 796700 515373 106745 237406 548390 682689 686166 387318 734422 327577 841058 963506 838208 357653 689219 57484 630223 697330 897472 779887 954332 599812 999999999 160881 409047 747153 780610 986038 667507 443903 421388 870848 547219 623180 835644 315655 759678 100014 723953 140739 89977 622099 422855 1116877 448964 540061 566351 427413 518473 182954 913167 797913 615587 384460 292492 697373 471898 794392 490394 942429 438880 490733 500948 793801 284169 146382 285532 359404 973874 831690 655886 810880 613491 313087 985236 544497
458018 135621 436329 541023 252554 948042 808874 645578 835975 335967 887892 478113 273876 874528 715046 797674 910728 195535 429659 202390 813398 704096 589698 326567 761636 543293 55175 390851 707122 836983 790303 479496 680268 212859 844198 1013333 826420 246939 848204 196531 733731 857791 966530 793609 995819 733705 160881 999999999 338077 720743 815561 1064349 757940 393076 324826 990734 531260 651555 900177 475772 777696 189607 869489 108281 205921 728525 454798 1213988 608604 700346 606718 539124 524175 139934 979896 934426 774916 280414 317572 847574 631218 849413 650766 991537 498897 650329 487514 814420 302349 140962 124660 318114 1033011 939767 816261 761567 720351 299644 1049599 485774
423308 293636 197428 685079 332288 823260 618025 401924 724390 130517 921705 338550 503522 656541 705846 512625 587442 431817 94890 330135 603486 478723 625890 184406 429017 318059 347642 520986 816060 900677 683230 413680 342302 149155 542409 770083 509491 123765 948063 390689 633079 978744 761856 508360 739719 720787 409047 338077 999999999 394738 561043 871967 621631 70272 69233 906381 231675 404785 691805 667365 499799 334568 885580 272774 363171 636191 269384 1055163 737796 829440 390580 500598 262096 227706 769672 908957 884230 95606 215499 887513 754184 627302 786077 748307 354465 774349 200988 537573 203474 262715 327813 78406 805072 826793 938049 423970 630436 143004 830399 148158
558882 638585 317686 890174 613593 699767 452016 258607 642568 396300 973544 418891 810218 432204 755152 200099 192736 758586 325310 640365 410395 316152 746193 431658 61515 294726 717215 755870 964126 988337 619429 522832 131088 543584 181411 478663 122046 515694 1066645 708642 594345 1115104 533972 196996 431747 761932 747153 720743 394738 999999999 299047 643258 538049 330187 440541 820361 200572 252395 474118 915495 210417 651442 923795 633763 673023 607237 362230 849646 919265 994880 310415 591520 247554 589839 531450 895055 1021679 482945 460729 951779 926796 404553 964543 460410 414691 944252 246753 235424 465504 611687 722541 402981 532711 718562 1080482 123035 606625 435509 567747 255028
474184 697411 385811 785044 622663 415474 176076 170065 382412 488633 754137 363806 803174 133812 558263 104585 300310 778694 533893 666896 127118 125053 600116 489008 343709 272300 791884 695360 807877 789422 373131 432556 426798 697904 169314 209166 239880 680560 881294 728402 369169 938005 235424 106380 181477 558673 780610 815561 561043 299047 999999999 346275 295800 491860 625924 543304 333531 164419 175540 842164 88639 681384 700530 710276 692201 385783 362662 551430 792384 848029 214260 461574 302906 675812 234435 645724 852603 656288 500496 741548 792410 107900 830344 187517 346471 805894 360090 72696 514342 679859 860676 525953 249545 438840 910027 415499 388803 520047 280101 470562
632003 932186 678279 849988 830052 225332 258456 473176 300520 773378 649250 586968 970520 220760 539860 443558 593891 973169 862528 881277 268623 393949 648717 754247 682619 555263 1028227 825963 800435 716585 334085 598750 772489 992618 485610 197841 563963 981930 818333 928841 379158 881425 112817 446464 251842 528787 986038 1064349 871967 643258 346275 999999999 322459 807222 940390 336375 660661 471804 181672 936446 433868 896394 597577 956162 897073 393439 624932 207284 828361 848275 482652 573644 611419 931875 111927 496123 819306 963392 752600 656264 818305 250820 850744 205371 566144 824244 676345 408235 769612 923395 1135411 820780 135454 257914 867122 754740 401797 795659 99064 804781
311696 623137 425803 545073 514727 201977 130855 286133 108948 503187 458351 294565 648095 219409 270222 386031 592297 652902 640237 566662 177337 222297 344624 470245 595434 316703 717588 504664 531370 495787 81591 281432 643240 718269 459958 363500 520504 714530 590360 610062 77324 649076 252930 385878 383400 267682 667507 757940 621631 538049 295800 322459 999999999 567764 690431 294795 457455 290537 212490 623478 359438 581620 404840 651102 579703 94831 353295 456256 535459 575425 254528 251350 388682 632611 272576 358493 568335 703117 460136 446244 530242 218528 566340 348289 275006 540362 453018 362933 477888 618254 841145 556205 345952 205837 624027 660966 100184 516158 343889 599217
398657 329020 142591 684810 344023 768208 555549 335224 672867 113151 893464 296184 528649 590239 673665 442356 522324 462731 84365 352316 538604 413326 605347 170309 368645 256873 395521 524895 804947 878670 633232 382697 291972 217369 472942 701004 442312 193686 932591 417494 585330 967175 696345 438091 669965 687499 443903 393076 70272 330187 491860 807222 567764 999999999 134408 856913 161421 337633 626343 677782 429606 359441 854514 315312 386261 589905 221834 993515 732842 822253 328480 470110 195854 269883 703506 869747 871812 165776 205230 861037 747486 560756 781179 679286 309592 767359 132447 467364 198292 299149 394383 84715 737051 773579 927294 371101 584747 142845 763059 100902
482341 309339 266657 726286 369293 892165 686986 469304 792692 194022 980360 405281 524380 724224 767076 572777 632575 448005 117176 358040 671812 546803 681211 243633 468103 387085 345167 560508 864441 955802 751208 475768 370607 114882 597685 835090 559058 81555 998923 412205 700523 1026857 829956 568513 803255 782506 421388 324826 69233 440541 625924 940390 690431 134408 999999999 974068 293689 471872 759915 699988 561583 359728 945810 280826 389144 703208 337682 1124287 782184 874990 459524 561875 329621 239122 837448 972995 933240 46260 271495 945271 799750 694838 830161 813414 421793 820019 266853 599168 257323 278817 289964 139565 871457 895390 985722 453364 697279 198368 897402 185804
534508 856052 714321 620765 738215 131642 370975 577620 186056 782007 327742 569393 818100 420717 305058 645932 840627 847871 932125 789097 417359 506548 442300 741395 874382 610520 943143 658110 522253 405909 223682 520408 932715 988400 712068 501460 782682 989229 505667 815211 273733 568480 366982 646952 546098 287154 870848 990734 906381 820361 543304 336375 294795 856913 974068 999999999 752242 581205 386460 721368 623724 802768 281851 890232 792400 272582 637235 308719 578769 570560 549298 451748 683037 881261 384834 167237 522722 981943 724435 344236 562222 439026 586921 498298 552321 561823 746715 615958 742015 858628 1089728 836338 450208 104617 561797 943059 279392 788737 423001 893428
