NAME : synthetic_000681
TYPE : CTSP-D
DIMENSION : 100
GROUPS : 8
RELAXATION_LEVEL : 1
EDGE_WEIGHT_TYPE : EXPLICIT
EDGE_WEIGHT_FORMAT : FULL_MATRIX
EDGE_WEIGHT_SECTION
999999999 316531 215248 570630 995383 733077 438307 426656 302569 933166 643942 512641 351766 622410 372127 422872 538109 583819 422287 539087 582678 266067 879330 199223 234103 298821 308575 544154 710043 439004 456218 486417 368617 645090 684659 350958 759366 466284 824478 251050 176965 620315 795439 283882 657452 643400 701320 612271 160677 199768 172035 522096 199264 362678 244459 572324 869227 481707 450292 442439 203074 395142 719509 410843 806047 379917 541306 152230 314002 448464 463172 178445 574113 855964 459235 859523 577407 557798 257730 451756 113462 322439 833166 298788 449639 516550 530029 367036 908704 18292 591300 415271 737943 326534 672533 51603 757552 490655 838217 525573
316531 999999999 322187 425394 755800 451112 125256 548595 221251 711818 358826 493268 116804 360852 93441 109257 310072 563854 402568 280360 445335 336299 585419 420327 150835 498871 312827 255073 455935 488957 287655 352412 430294 357586 392034 507149 623332 178960 508080 199633 406685 341558 526017 425800 341820 498795 458239 295766 325499 132494 233393 219949 442958 560149 201695 416159 568170 261031 632158 143206 417861 416857 416923 179953 529367 264714 226335 274673 528233 177228 346662 323340 554583 547209 199620 556951 439051 281539 201982 242898 269158 122062 533821 249894 302445 205257 240079 564861 693897 321993 679422 164542 496044 392905 562879 357249 514623 265356 526048 215516
215248 322187 999999999 700902 1075354 772771 406672 637460 435758 1026647 680553 691674 279146 681690 320472 395445 620361 765484 210815 599493 717287 51391 902736 414444 172470 179737 479629 576994 573763 635328 568187 617623 155877 678975 588532 564370 899957 501087 788985 135481 126166 514441 666445 493033 636054 776702 776385 583777 363685 283360 95249 539113 158597 577780 379926 697213 881353 566153 665487 387978 120167 580818 731330 484181 683453 510283 529726 72787 528654 364756 278787 39492 755580 852548 516695 767792 711310 457296 391166 321180 297993 246115 848674 446132 571838 468908 448040 582103 1006568 233525 800051 325306 814326 520476 823021 201307 833324 572688 769359 473979
570630 425394 700902 999999999 457249 339196 456792 416400 271038 380720 308411 205762 538083 237426 501051 449889 165676 232648 824986 228161 21746 731669 477104 500368 554528 851789 278041 302602 791235 301933 138064 84704 837340 316402 671994 446181 200237 308392 593369 608865 734763 663996 826691 410659 469148 75834 225517 471534 441300 417575 606184 343363 764038 522651 330048 19653 498300 181274 539486 502213 756324 260551 407788 249279 815983 193230 414343 633296 530283 560061 770205 684917 228435 529292 257660 767075 16130 624664 317203 651872 458625 547434 464770 271864 129224 494740 573961 525451 352383 561281 440154 567812 245510 321138 141306 621914 260837 182984 691033 505190
995383 755800 1075354 457249 999999999 332328 710090 861578 696398 88712 414032 637819 836289 395197 789917 713778 460062 626664 1137940 475979 456374 1092099 297843 954684 906379 1246380 729426 509426 918238 747724 541435 529037 1183011 418753 776705 900719 368364 578535 544108 954983 1140111 813890 905087 867873 552189 408716 299256 595185 887282 810731 982297 556229 1173567 976647 752232 446839 346908 516459 983601 750029 1157115 716197 419979 594853 881445 623103 598146 1018986 986988 805248 1044402 1070589 628307 412796 558663 765671 458925 808815 739036 905637 890491 860130 347071 708097 553208 693597 768874 979139 119790 989691 840095 832569 261367 778377 448758 1046694 242157 508391 672645 697874
733077 451112 772771 339196 332328 999999999 384910 734380 463739 321263 92288 542090 515376 121222 468756 390734 222326 571076 812738 196965 354329 782530 152728 746988 600430 949977 531671 196095 596782 624642 330363 361926 865741 93946 456399 744323 417656 273855 277614 644401 854157 485652 596994 686971 225474 351309 127895 264251 661880 535020 684307 235338 889695 819159 507952 319893 161873 269158 854358 422053 867319 566818 100309 324311 577095 410134 267610 724741 812935 475353 714264 774241 567328 190884 273869 485608 351949 477034 496167 574982 643241 542225 126532 486534 355149 361792 436551 822826 318106 731738 778538 504729 137267 605514 434468 781775 141264 259016 396606 365739
438307 125256 406672 456792 710090 384910 999999999 655246 316950 679519 296714 567941 132604 322881 87154 16046 308513 633223 428337 258381 478322 407149 501042 543812 238909 586367 413646 203166 354822 583277 329378 399369 482600 292786 272229 621215 642407 153081 390949 271902 508503 231578 414534 541294 230471 522896 425661 179780 448442 257409 330415 154216 545220 678420 312997 443109 476363 276030 746677 45895 515388 509901 328413 214609 414424 337131 124255 374207 649064 105170 337924 417230 624706 445877 199942 432405 472247 178259 310106 203944 394165 162765 444967 348297 352114 80022 129566 683077 666416 444988 773800 123904 461327 498118 598095 476082 477807 275761 401179 90491
426656 548595 637460 416400 861578 734380 655246 999999999 339482 777876 675933 224476 651125 616183 641021 640682 516485 256485 833559 562579 411151 686246 882546 236798 582368 712245 242468 617952 1004016 114740 410781 372780 793032 681972 925525 82300 518009 570738 945861 625562 594788 885663 1069592 144636 789141 453084 636778 767152 275019 437468 569608 632301 606846 132485 346904 432082 896154 483464 123131 686959 622243 168431 777732 477181 1069519 346485 691016 567555 169058 725808 842462 603146 250633 914547 526859 1069029 410091 828081 347190 778977 345032 637586 860142 307758 383211 727492 782982 132881 747121 408769 165741 709677 660642 157131 423746 459367 676726 492754 1013538 739249
302569 221251 435758 271038 696398 463739 316950 339482 999999999 631486 384370 277243 334860 344313 314368 302887 248651 350185 583277 268096 285200 471036 616063 283889 307801 581032 97049 302219 669431 268677 155009 186339 579868 388087 586115 314514 466531 240607 626053 361263 463731 548331 731434 240842 461796 345740 408723 433648 198829 155639 342928 304359 493258 380672 59055 270993 616457 195585 438551 351331 485350 195965 477703 151410 730533 78000 356224 365854 362552 395541 554282 416677 340541 619180 206145 731651 279519 492538 46171 463208 194247 330720 579279 31768 147092 388032 445833 385018 606530 295008 459559 385764 443701 182763 387294 354163 463152 205589 680859 399797
933166 711818 1026647 380720 88712 321263 679519 777876 631486 999999999 390388 553570 800531 357270 754910 681323 406415 539619 1103586 432179 377615 1046796 328681 880827 860880 1193767 656879 476377 917791 664680 476975 456887 1141842 396492 776999 819829 279737 538874 565600 911382 1084097 806488 913757 790587 546713 326576 255248 584241 817538 754852 932349 525662 1116575 895298 688804 372250 376390 461505 899299 721827 1102408 636575 417989 542668 892090 555993 575693 967130 907645 779133 1017067 1019155 541560 440149 512326 786321 380722 794631 675535 880131 825574 821959 367807 640534 485639 672784 751441 897636 31376 926352 752178 803320 218486 701031 361567 984722 201717 454410 693628 678410
643942 358826 680553 308411 414032 92288 296714 675933 384370 390388 999999999 499940 425506 71695 378874 301417 160410 539270 725043 117248 327103 690780 235868 668202 508259 857689 459822 103821 541439 570669 265356 310172 775306 8502 405427 677998 429771 181857 285091 552631 762216 422717 554520 615583 177183 340015 150750 201224 580284 445031 592026 144454 797848 751188 424543 288836 232151 195729 792856 336011 775181 507519 102664 238879 538169 338791 185555 632523 741041 391438 630519 681963 534139 239387 186082 467315 323307 405444 413337 492095 557312 451535 194991 409512 292723 282457 361240 755084 381609 643270 736725 418597 179095 538248 425933 692067 191842 185796 386009 288029
512641 493268 691674 205762 637819 542090 567941 224476 277243 553570 499940 999999999 609310 432351 584027 556517 341984 74170 856638 399324 195570 732900 682697 377970 582518 811141 212063 467580 921415 113652 254368 192551 843270 507229 818839 274978 296879 444123 783001 634814 689280 795395 971564 270480 642510 230412 431279 633261 355691 427173 604849 496311 711386 347152 320740 224028 702652 327990 345818 608772 714726 118963 602171 357325 965550 231742 564386 619052 368152 659767 831502 665717 64287 730336 392651 937541 195947 745939 312575 736067 402782 607328 668409 255375 226313 625767 696217 348913 522743 498241 237139 655649 450212 192592 201380 558854 464610 334936 869383 637336
351766 116804 279146 538083 836289 515376 132604 651125 334860 800531 425506 609310 999999999 443603 46639 124816 410304 680317 303077 370298 558515 275573 633628 496141 123691 457903 422467 326863 366573 599725 401367 467648 350578 422235 333615 602263 733838 262229 510127 143742 389315 268693 446924 520191 357921 610106 545298 305160 406168 215575 213376 281147 425753 647911 307237 527670 608397 366589 725270 108835 392907 528760 460986 289369 455651 381500 256703 256999 610779 97021 232124 294396 670995 575739 297076 510559 552240 206098 310019 129004 340073 33598 577377 361899 417742 189781 180554 652668 785262 362571 789027 64515 582186 498449 677052 380279 599658 369337 498857 195137
622410 360852 681690 237426 395197 121222 322881 616183 344313 357270 71695 432351 443603 999999999 397777 324169 101291 469126 746534 84046 255767 697099 273811 626735 511614 855188 410454 120003 599888 508232 209419 245663 788079 79997 467344 623743 362353 183437 356000 559812 753376 477605 618874 565760 244418 268685 102790 261119 543001 427635 589762 170292 788046 698320 390862 217799 281044 148871 735164 366112 768547 448033 170719 211592 603877 288940 228774 627973 691721 424371 660793 678942 464258 299651 167007 537982 252109 453633 378682 525207 527981 466001 244508 366145 234787 324978 406486 702025 343538 619777 669473 446786 138784 484660 354613 672215 156056 138793 457532 332384
372127 93441 320472 501051 789917 468756 87154 641021 314368 754910 378874 584027 46639 397777 999999999 78378 367830 653586 348765 325707 521856 319997 587962 501235 156290 499990 406250 280517 365411 582363 365895 433691 397108 375596 314598 597185 694753 217452 471693 185262 425877 256503 439524 515389 315605 571807 499751 263580 408385 213910 248060 234536 462537 647295 294267 489753 563515 326282 721626 71870 431309 510159 415388 251779 445234 353506 211390 292033 612910 85837 271418 332810 644473 532373 254728 487513 515607 194574 295108 153301 346252 75612 532074 343279 384111 151611 159431 652036 740016 381157 772861 71698 536475 485858 641119 405120 553805 328380 468668 158592
422872 109257 395445 449889 713778 390734 16046 640682 302887 681323 301417 556517 124816 324169 78378 999999999 304728 622474 424163 256775 471313 397477 509992 527814 226375 575181 399385 205200 367655 569856 320621 390445 475394 297881 287662 605956 637513 149794 405199 261259 495509 245445 428927 525883 243347 517090 426787 193448 432466 241366 317548 157584 532218 662814 297720 436674 486432 269851 731412 53038 502906 496515 337549 205302 429289 325252 134338 361214 633250 110235 337613 404975 613861 457440 194362 448432 465192 190748 295051 206250 378122 153435 454504 334104 342643 96056 142998 667476 667547 429392 760525 124038 462897 483576 591162 461035 479728 270137 417023 106533
538109 310072 620361 165676 460062 222326 308513 516485 248651 406415 160410 341984 410304 101291 367830 304728 999999999 386791 710419 62486 186921 641791 374585 528364 456361 787849 309749 136970 628787 410314 108129 150393 739701 167057 506877 522507 334905 155437 441072 508142 680133 502087 661490 464752 305591 219828 163219 305887 447237 350677 525947 179571 713506 597030 299251 147875 382214 56557 634654 354364 697485 348092 263015 136254 650422 188560 250160 560893 590719 413675 638871 612854 380786 398078 113235 603491 181761 466569 286501 510923 438006 426778 345550 268137 133865 335289 416357 600739 386302 533770 577867 427910 200102 383371 301476 588965 219699 48355 530336 345097
583819 563854 765484 232648 626664 571076 633223 256485 350185 539619 539270 74170 680317 469126 653586 622474 386791 999999999 930654 447164 216750 806946 704112 439708 656311 882600 285998 518555 984767 162242 311035 243775 917332 547031 877760 320809 267116 502947 824286 708760 760713 858038 1031501 330475 691721 233200 452395 686756 425338 501122 678957 551386 781956 387102 394757 252246 728437 381410 369616 675146 786428 188684 639814 420045 1024166 300124 620967 692813 415271 727531 904092 739161 9908 761603 450697 988929 219221 810469 386420 806235 475119 679357 695797 329141 284567 687581 760304 388084 508281 568980 216898 725021 465850 259828 178055 629096 477993 387206 917124 698980
422287 402568 210815 824986 1137940 812738 428337 833559 583277 1103586 725043 856638 303077 746534 348765 424163 710419 930654 999999999 673063 844104 159767 919201 619891 275573 294018 648148 628932 444666 816812 686979 747584 105515 721101 506573 764760 1024396 565193 754351 222103 317967 430695 538453 689227 629419 899530 848366 576255 558783 429581 263972 581731 339423 784255 535902 817039 888121 663312 871384 391070 299490 755015 748150 582513 561727 648147 546758 270634 736177 341812 127838 250227 920828 845845 597699 675033 837849 390184 544399 251497 488603 283678 860664 601742 698224 460073 405234 788693 1088293 440311 992024 308791 885199 703273 958896 412084 902570 667201 701245 459930
539087 280360 599493 228161 475979 196965 258381 562579 268096 432179 117248 399324 370298 84046 325707 256775 62486 447164 673063 999999999 249382 616455 348424 551955 430569 771995 342686 74579 568094 460348 152430 206773 709793 121909 444751 561664 391777 108266 386311 479953 669457 441852 599287 498406 244557 280344 177887 243413 465389 343657 506929 119274 704061 634408 310995 210284 348665 79434 677889 303655 684818 394592 216081 128379 588014 221958 189000 544645 623808 363028 594080 595819 440845 355845 83283 542054 244243 408652 299264 462287 446603 390264 311487 292547 180865 277203 358966 638346 415544 536840 633456 380813 215685 421899 363116 588661 234326 69880 470513 286510
582678 445335 717287 21746 456374 354329 478322 411151 285200 377615 327103 195570 558515 255767 521856 471313 186921 216750 844104 249382 999999999 748835 489422 505575 572828 866230 285722 323889 812952 296416 157700 99689 855018 335189 693479 444733 182761 330118 611739 627223 748522 685722 848163 413011 489576 60768 237335 492665 449842 433944 622806 364962 777290 520943 343998 39300 512159 202949 534263 523699 770458 259829 425591 270089 837325 207952 435929 649113 530674 581454 790609 700548 213157 544921 279322 787390 6284 646399 331336 672945 470102 567397 479192 284050 146740 516487 595693 523582 348534 572831 427260 588894 254717 323478 119854 633766 269051 204721 710736 526934
266067 336299 51391 731669 1092099 782530 407149 686246 471036 1046796 690780 732900 275573 697099 319997 397477 641791 806946 159767 616455 748835 999999999 907393 465119 185977 188315 520989 588134 541511 680579 596763 649478 110424 688591 567064 614064 931567 514448 780488 138151 166148 491597 635186 541659 633097 807481 794229 580010 411742 316173 128578 547396 194068 628729 417061 726863 883512 588982 716358 383190 153530 624080 735023 506455 653733 543529 531354 118833 579768 352745 236531 90560 797039 851242 534727 745323 742759 437257 427630 296525 344520 244385 851940 483747 602458 463034 433488 633073 1027842 284311 848040 313394 832095 565779 857273 252588 850780 594878 752710 466916
879330 585419 902736 477104 297843 152728 501042 882546 616063 328681 235868 682697 633628 273811 587962 509992 374585 704112 919201 348424 489422 907393 999999999 899548 730677 1081861 684214 335751 636373 771170 482362 509855 982466 234298 496337 895461 513555 414331 247157 770428 991882 544769 613552 839335 293008 474610 252099 344557 813807 679981 818123 365470 1027977 970667 659091 458669 49069 421849 1003544 531181 1003239 716014 172654 474146 588497 562744 377007 860002 965301 577392 810244 907834 701461 114971 421909 468208 488057 552847 647540 671605 792992 663386 59729 639182 506491 459141 521715 974266 339984 878955 916677 611570 240168 757145 551384 927012 231475 411703 375302 459714
199223 420327 414444 500368 954684 746988 543812 236798 283889 880827 668202 377970 496141 626735 501235 527814 528364 439708 619891 551955 505575 465119 899548 999999999 398809 475612 225679 582795 862644 279569 425053 425701 567465 671802 812070 156378 661566 514389 898966 430917 359262 757698 940482 109507 731192 562449 682305 695461 95690 288594 361212 577687 370149 164515 248966 508696 900323 477947 251515 562699 386794 262356 760176 432320 946428 341157 618291 349283 118601 585989 649623 377549 430910 901625 487234 976130 501757 695779 258228 614287 156071 473753 863148 260594 406812 623347 658543 169021 852736 180934 402394 560118 714753 188595 567269 224998 733616 488068 938472 634190
234103 150835 172470 554528 906379 600430 238909 582368 307801 860880 508259 582518 123691 511614 156290 226375 456361 656311 275573 430569 572828 185977 730677 398809 999999999 351184 377022 404841 476027 550473 417461 474833 284698 506587 456125 523080 754725 329664 627811 54446 269879 388650 561498 442420 469377 629922 608287 418369 317291 155786 91829 366654 306581 558633 262243 548117 710216 404295 641008 227604 276540 485063 559725 321727 572677 373202 359794 135793 516790 220003 260198 178684 646533 683564 348750 633850 566631 326644 269947 218902 246267 91322 677100 327173 426170 307895 304123 563351 842120 246859 732886 184003 646165 439968 685532 258276 664890 409845 622115 314669
298821 498871 179737 851789 1246380 949977 586367 712245 581032 1193767 857689 811141 457903 855188 499990 575181 787849 882600 294018 771995 866230 188315 1081861 475612 351184 999999999 604255 753907 721886 736450 725215 767184 190100 856434 754857 631870 1046986 676965 966600 314753 121888 679087 816190 575161 815447 926755 947146 762965 458737 439918 265892 717473 105521 623477 522294 850520 1060965 732304 709773 566652 96818 693939 910764 651935 836307 658583 709454 227434 571947 539881 406008 176268 872879 1032228 688743 932601 860549 625452 534896 483990 409029 425218 1028131 584671 724795 647349 621448 627051 1172233 314137 877948 500396 985016 625048 963982 255984 1004278 739614 941022 651967
308575 312827 479629 278041 729426 531671 413646 242468 97049 656879 459822 212063 422467 410454 406250 399385 309749 285998 648148 342686 285722 520989 684214 225679 377022 604255 999999999 387498 765019 177336 203001 200435 631394 464592 683164 222253 454528 332482 714814 427574 482930 644782 828180 155801 553229 344973 458321 527740 164453 221533 393185 395481 507621 292530 116733 284760 689613 264412 344296 447030 507458 108275 557747 240004 827504 121621 450796 407044 281550 489209 632718 454122 276090 698358 292732 827639 281283 588344 112503 551467 195660 414291 652572 65408 182361 485079 542180 296612 629374 296103 366858 476859 489933 86197 365112 357670 508622 274485 774869 496846
544154 255073 576994 302602 509426 196095 203166 617952 302219 476377 103821 467580 326863 120003 280517 205200 136970 518555 628932 74579 323889 588134 335751 582795 404841 753907 387498 999999999 494874 520662 214923 275845 674799 103084 370244 609523 463200 78692 328216 450026 658676 369292 524736 541017 175224 354281 222753 169332 491604 344515 488212 50620 694406 679701 334880 284833 325583 139991 729403 246118 671441 451962 178547 150974 513455 271824 116050 528723 664426 304400 540963 578146 511890 319395 96079 470555 318702 339195 324806 405208 462450 351189 289209 330505 243718 208466 290528 683863 463377 544416 698965 327032 258171 470770 437520 591415 274682 132658 402405 216888
710043 455935 573763 791235 918238 596782 354822 1004016 669431 917791 541439 921415 366573 599888 365411 367655 628787 984767 444666 568094 812952 541511 636373 862644 476027 721886 765019 494874 999999999 937306 675712 745363 546435 533706 141534 962483 957602 485229 404954 466040 699755 127422 94399 880760 371474 848350 692180 340270 771809 578473 549172 449236 732109 1012261 657390 774956 591727 612225 1087031 318103 692652 864019 500429 564784 117252 691603 379125 586640 976600 279602 319200 604821 976567 531175 537571 247085 807289 176997 656836 259804 706597 390946 578836 700184 700807 298083 225466 1017010 914646 722849 1128082 302545 719186 847565 930037 730295 729796 609091 304032 287058
439004 488957 635328 301933 747724 624642 583277 114740 268677 664680 570669 113652 599725 508232 582363 569856 410314 162242 816812 460348 296416 680579 771170 279569 550473 736450 177336 520662 937306 999999999 307987 262875 790437 577133 847873 161884 410456 481473 846277 599118 615174 814790 996447 170077 694672 339025 523642 677343 278328 396471 555990 540374 633363 233504 293705 317928 786508 382557 237848 619409 641775 73391 673145 388565 993811 254789 603323 562841 255776 664193 808384 605204 154173 807704 434016 981872 295392 760311 289837 728712 337756 591514 750917 239093 279485 650288 712761 235293 634107 422782 190913 653377 546684 114857 315026 480644 562538 391267 921166 662091
456218 287655 568187 138064 541435 330363 329378 410781 155009 476975 265356 254368 401367 209419 365895 320621 108129 311035 686979 152430 157700 596763 482362 425053 417461 725215 203001 214923 675712 307987 999999999 70063 701186 271253 566735 414442 337637 191969 538347 471664 611314 548523 720498 357164 390117 212725 257550 378936 348737 286293 473021 241961 642519 488901 211830 130657 490286 75107 527597 373611 631277 242496 366952 115589 713193 84071 310511 502610 483090 429736 633328 554666 303437 504494 139663 683493 151417 503540 198561 518139 349232 409716 453561 168139 28822 377756 452913 492611 452569 449433 484043 434294 291069 275243 275685 507791 310291 83396 617304 388982
486417 352412 617623 84704 529037 361926 399369 372780 186339 456887 310172 192551 467648 245663 433691 390445 150393 243775 747584 206773 99689 649478 509855 425701 474833 767184 200435 275845 745363 262875 70063 999999999 756061 317092 634698 389309 282348 260799 591256 529276 650059 618088 788832 343456 450333 159707 267736 443218 360940 334299 523206 307615 679368 465607 245344 86372 523795 137644 493765 443463 671652 206498 412824 185188 780869 108604 377351 549440 467067 499263 699004 600910 236676 545311 208321 746358 93773 573544 232506 586475 374864 474109 488085 187887 49966 447310 522896 468872 429853 477383 427565 502843 295773 255542 211393 537793 313590 143664 676994 458458
368617 430294 155877 837340 1183011 865741 482600 793032 579868 1141842 775306 843270 350578 788079 397108 475394 739701 917332 105515 709793 855018 110424 982466 567465 284698 190100 631394 674799 546435 790437 701186 756061 999999999 772324 598316 719171 1037528 604645 834569 231693 233339 521810 640643 648726 698710 913019 887512 645112 519549 424454 238603 630863 248210 729362 526692 831724 954879 688547 817301 451496 210692 734439 809933 606057 662984 651189 605751 227709 679379 410286 227263 190287 907425 917245 629901 770994 848886 475539 537017 332406 453605 323805 925254 593437 708335 527138 483020 733567 1124182 386882 955888 373181 925124 675592 965030 347324 943365 693802 791096 528923
645090 357586 678975 316402 418753 93946 292786 681972 388087 396492 8502 507229 422235 79997 375596 297881 167057 547031 721101 121909 335189 688591 234298 671802 506587 856434 464592 103084 533706 577133 271253 317092 772324 999999999 397427 683269 438241 181598 277265 550459 761760 415369 546296 620293 168841 348435 158573 193580 583418 445912 590920 141564 797486 756244 427417 296844 228872 200863 798568 331514 774456 513590 96011 241562 529853 343789 179995 631650 745624 386510 625654 680871 541845 234054 188214 458823 331352 398803 416348 487023 559487 448645 191786 413593 298807 276632 354967 760165 388153 644657 743913 414170 186324 543501 434357 692976 198690 191010 377610 281978
684659 392034 588532 671994 776705 456399 272229 925525 586115 776999 405427 818839 333615 467344 314598 287662 506877 877760 506573 444751 693479 567064 496337 812070 456125 754857 683164 370244 141534 847873 566735 634698 598316 397427 999999999 893386 828484 375005 272942 462639 710011 76537 154721 813518 231856 724100 555896 206276 717501 523526 541777 329124 745124 950371 585205 654653 452612 497996 1018846 249403 708361 774692 359255 462793 146734 595126 258232 583787 919974 236594 379690 612972 870159 393788 427091 179437 688123 131571 582084 270932 658915 364867 438276 617795 593612 198144 155183 955042 774487 694645 1036674 272298 581378 768523 807743 713835 591205 493452 195204 186355
350958 507149 564370 446181 900719 744323 621215 82300 314514 819829 677998 274978 602263 623743 597185 605956 522507 320809 764760 561664 444733 614064 895461 156378 523080 631870 222253 609523 962483 161884 414442 389309 719171 683269 893386 999999999 571777 554067 937057 562878 515541 848181 1032723 82072 775135 493275 657041 748153 207602 386690 501689 617375 526369 76577 308236 459542 904717 482416 125462 648968 543061 185710 777636 462118 1034785 339909 670733 496047 94462 682912 781636 528893 313592 917315 514979 1044934 442599 788671 311466 727899 279262 585570 868003 283380 389177 696863 745925 79635 789759 332812 246615 663278 684274 139771 476128 380772 701545 492262 995372 708437
759366 623332 899957 200237 368364 417656 642407 518009 466531 279737 429771 296879 733838 362353 694753 637513 334905 267116 1024396 391777 182761 931567 513555 661566 754725 1046986 454528 463200 957602 410456 337637 282348 1037528 438241 828484 571777 999999999 489737 694954 809039 928279 832476 980931 559436 606306 124914 290952 622341 618184 616647 805546 510854 956066 643835 524872 207366 549857 368807 635328 688299 950816 400843 510670 444613 966223 390060 579249 831497 664475 747341 965631 882775 270719 599077 443199 895031 188814 800390 512474 842729 646022 745066 524695 462708 329220 668932 750536 645482 248576 748409 474293 758932 283138 473231 95771 809828 285921 367622 809823 678287
466284 178960 501087 308392 578535 273855 153081 570738 240607 538874 181857 444123 262229 183437 217452 149794 155437 502947 565193 108266 330118 514448 414331 514389 329664 676965 332482 78692 485229 481473 191969 260799 604645 181598 375005 554067 489737 999999999 386121 376784 580363 357821 528554 481445 221227 371546 283700 196532 421295 266522 411087 63879 615994 621266 265424 293436 402950 127499 676775 198928 593487 409760 253869 93602 521618 226782 121948 451061 602168 258249 486244 500921 495249 392855 52483 500415 324231 316317 256554 356008 387722 283109 366905 270998 218611 187297 265590 625601 523109 467009 666659 273610 320987 418086 449140 513152 338948 125447 442907 198181
824478 508080 788985 593369 544108 277614 390949 945861 626053 565600 285091 783001 510127 356000 471693 405199 441072 824286 754351 386311 611739 780488 247157 898966 627811 966600 714814 328216 404954 846277 538347 591256 834569 277265 272942 937057 694954 386121 999999999 653805 897567 336855 370203 866662 168641 620049 404164 212434 804645 631437 719640 322265 934230 1006116 650469 573761 198594 463761 1057551 401582 902627 779078 187362 475450 343801 600023 284519 763603 988215 428070 632965 804056 819049 133139 422081 221713 608108 365071 642192 503808 763782 543512 198385 655739 566979 320567 351549 1010368 571467 829247 1018818 467210 414393 798758 705297 864982 416163 455012 128649 315032
251050 199633 135481 608865 954983 644401 271902 625562 361263 911382 552631 634814 143742 559812 185262 261259 508142 708760 222103 479953 627223 138151 770428 430917 54446 314753 427574 450026 466040 599118 471664 529276 231693 550459 462639 562878 809039 376784 653805 999999999 248612 391096 555241 483531 500708 684209 657840 448332 355469 207643 83172 409336 284531 593546 314115 602317 747681 456860 677790 252546 250167 535175 598371 374388 569072 427492 395571 122020 549513 232268 219283 152175 698950 717609 399073 641942 621022 331168 322387 206317 283752 110634 715541 379720 480586 333521 316597 598208 893189 266221 779105 193295 695620 487186 739967 265126 714137 462118 637975 338775
176965 406685 126166 734763 1140111 854157 508503 594788 463731 1084097 762216 689280 389315 753376 425877 495509 680133 760713 317967 669457 748522 166148 991882 359262 269879 121888 482930 658676 699755 615174 611314 650059 233339 761760 710011 515541 928279 580363 897567 248612 999999999 637030 792209 455615 738833 809210 841600 688158 337145 329542 178120 626493 36717 513081 404716 734376 974695 623913 600533 496533 27541 572055 823493 545596 808797 541646 627575 134304 461802 480779 402288 97041 750992 951308 586379 889447 742951 578448 417578 445537 287450 355721 940492 465574 609122 577283 565196 516928 1061531 192499 760485 441901 879230 503352 844051 135803 898690 631780 886481 583609
620315 341558 514441 663996 813890 485652 231578 885663 548331 806488 422717 795395 268693 477605 256503 245445 502087 858038 430695 441852 685722 491597 544769 757698 388650 679087 644782 369292 127422 814790 548523 618088 521810 415369 76537 848181 832476 357821 336855 391096 637030 999999999 184544 767136 261716 721832 572809 222663 664468 469778 471677 322707 671775 901598 540693 647837 503930 484808 973405 199259 634499 741404 393951 438302 188734 566569 253256 512885 868616 173065 304324 540032 849922 449189 410183 253766 680035 62657 539032 195121 602718 298174 485433 579536 573823 170779 102681 906317 801170 631264 1005187 205118 601686 728652 803085 646925 613524 481714 270554 159674
795439 526017 666445 826691 905087 596994 414534 1069592 731434 913757 554520 971564 446924 618874 439524 428927 661490 1031501 538453 599287 848163 635186 613552 940482 561498 816190 828180 524736 94399 996447 720498 788832 640643 546296 154721 1032723 980931 528554 370203 555241 792209 184544 999999999 951671 377886 878205 703777 358899 847908 653352 638092 483824 824965 1085888 725143 809305 566340 652440 1157948 383775 785732 923082 497276 614601 30314 745646 412899 676648 1052364 354497 413467 696728 1023781 502308 580849 176306 842820 245085 723317 349185 784942 473764 559167 762825 747070 346839 286955 1090613 913845 807520 1186250 382414 727032 912498 962122 818006 735424 648024 252339 335101
283882 425800 493033 410659 867873 686971 541294 144636 240842 790587 615583 270480 520191 565760 515389 525883 464752 330475 689227 498406 413011 541659 839335 109507 442420 575161 155801 541017 880760 170077 357164 343456 648726 620293 813518 82072 559436 481445 866662 483531 455615 767136 951671 999999999 702608 467024 608776 673350 130475 304618 425365 545197 470513 139961 228520 421403 845346 420212 206371 568041 482839 158640 713087 391319 954163 277305 595664 422938 125968 601161 701697 459101 321781 853917 445366 967400 409871 707331 232770 645922 201096 503619 808324 210938 334452 617758 665063 144378 761530 266312 307641 581254 638608 89567 464215 319821 656736 430280 920272 629249
657452 341820 636054 469148 552189 225474 230471 789141 461796 546713 177183 642510 357921 244418 315605 243347 305591 691721 629419 244557 489576 633097 293008 731192 469377 815447 553229 175224 371474 694672 390117 450333 698710 168841 231856 775135 606306 221227 168641 500708 738833 261716 377886 702608 999999999 510897 325895 53597 636564 463110 560807 157764 775545 842468 483237 450308 258945 315214 897363 249952 745851 624924 132379 313289 361030 442826 116292 604530 822651 288991 517705 647637 685379 218732 262283 298014 484944 261189 475403 379746 595141 390267 233467 492218 418894 171612 228733 846811 543174 661710 874152 325529 349954 638405 596498 699060 359413 307763 227188 170065
643400 498795 776702 75834 408716 351309 522896 453084 345740 326576 340015 230412 610106 268685 571807 517090 219828 233200 899530 280344 60768 807481 474610 562449 629922 926755 344973 354281 848350 339025 212725 159707 913019 348435 724100 493275 124914 371546 620049 684209 809210 721832 878205 467024 510897 999999999 226075 519882 509350 493359 682009 399158 838042 568731 404610 82637 502406 247281 575495 568673 831067 310857 432688 320737 865628 268262 469331 708955 581690 627268 842123 760512 232108 541528 322965 806493 66259 685989 391898 721135 530747 620664 471789 344811 205054 554905 635592 571090 296502 633475 449713 637145 234673 377881 85929 694458 245630 247135 726004 564832
701320 458239 776385 225517 299256 127895 425661 636778 408723 255248 150750 431279 545298 102790 499751 426787 163219 452395 848366 177887 237335 794229 252099 682305 608287 947146 458321 222753 692180 523642 257550 267736 887512 158573 555896 657041 290952 283700 404164 657840 841600 572809 703777 608776 325895 226075 999999999 351933 605700 512681 683106 272886 875401 733337 461418 207521 276770 219705 759116 468871 858211 473360 220051 296016 686436 341621 328739 719740 733605 527024 763578 771333 449546 316053 259791 606053 236055 552645 448491 627909 600347 566809 245716 425156 275966 425697 506573 736608 240785 696865 664595 549564 37941 522315 307626 752184 57145 211017 519480 432558
612271 295766 583777 471534 595185 264251 179780 767152 433648 584241 201224 633261 305160 261119 263580 193448 305887 686756 576255 243413 492665 580010 344557 695461 418369 762965 527740 169332 340270 677343 378936 443218 645112 193580 206276 748153 622341 196532 212434 448332 688158 222663 358899 673350 53597 519882 351933 999999999 600154 420972 510040 137517 724873 813279 449719 453471 311878 305743 871794 196824 694561 606034 178637 290129 345748 423010 77759 553889 790925 235475 465687 596181 679841 272282 243589 305076 487596 213953 442894 327194 555127 337756 285322 464826 407255 118026 177866 817721 578535 617347 860755 271932 379602 613710 604382 652549 391035 299584 247229 116571
160677 325499 363685 441300 887282 661880 448442 275019 198829 817538 580284 355691 406168 543001 408385 432466 447237 425338 558783 465389 449842 411742 813807 95690 317291 458737 164453 491604 771809 278328 348737 360940 519549 583418 717501 207602 618184 421295 804645 355469 337145 664468 847908 130475 636564 509350 605700 600154 999999999 194696 294997 484168 356840 242588 156727 446747 812287 394390 323731 468299 363576 237019 669768 342304 853100 265138 523139 292923 204793 493704 574496 330813 415754 810961 396847 880645 445263 602899 167190 527766 71719 385866 775180 180627 334276 527854 564557 247339 790763 144646 436394 469459 639760 166388 527320 203857 659018 404370 842820 538749
199768 132494 283360 417575 810731 535020 257409 437468 155639 754852 445031 427173 215575 427635 213910 241366 350677 501122 429581 343657 433944 316173 679981 288594 155786 439918 221533 344515 578473 396471 286293 334299 424454 445912 523526 386690 616647 266522 631437 207643 329542 469778 653352 304618 463110 493359 512681 420972 194696 999999999 188976 322851 362843 433791 106536 414224 669459 294388 509871 274130 347569 329746 519828 217170 658405 227461 346932 216366 399018 299502 411913 268381 491309 656887 261935 689441 427957 408291 114842 341946 136756 200143 633419 172183 288614 337415 370015 438540 732732 201079 581727 277158 550161 288583 541106 247064 569676 302340 656988 347844
172035 233393 95249 606184 982297 684307 330415 569608 342928 932349 592026 604849 213376 589762 248060 317548 525947 678957 263972 506929 622806 128578 818123 361212 91829 265892 393185 488212 549172 555990 473021 523206 238603 590920 541777 501689 805546 411087 719640 83172 178120 471677 638092 425365 560807 682009 683106 510040 294997 188976 999999999 452889 214834 525502 288516 602239 799160 471417 611534 319154 185860 497398 648228 389697 651512 416366 450210 43973 479324 307732 291337 89952 669053 774079 423822 720586 616795 410819 299184 289401 224632 180022 765515 355182 477032 399633 392362 530066 911966 188388 728386 270002 721037 441599 729745 182235 740152 478108 712175 406260
522096 219949 539113 343363 556229 235338 154216 632301 304359 525662 144454 496311 281147 170292 234536 157584 179571 551386 581731 119274 364962 547396 365470 577687 366654 717473 395481 50620 449236 540374 241961 307615 630863 141564 329124 617375 510854 63879 322265 409336 626493 322707 483824 545197 157764 399158 272886 137517 484168 322851 452889 999999999 662662 684966 328786 326459 349398 170025 739669 196225 637790 469530 198372 155626 474312 286683 71002 494569 666047 254140 491407 542725 544205 334038 106359 442590 359486 289990 320157 355052 448310 307119 314441 334581 270078 158772 240819 689286 513249 523929 723247 277745 307855 480764 480981 567520 323969 164788 381441 167655
199264 442958 158597 764038 1173567 889695 545220 606846 493258 1116575 797848 711386 425753 788046 462537 532218 713506 781956 339423 704061 777290 194068 1027977 370149 306581 105521 507621 694406 732109 633363 642519 679368 248210 797486 745124 526369 956066 615994 934230 284531 36717 671775 824965 470513 775545 838042 875401 724873 356840 362843 214834 662662 999999999 518634 434206 764222 1011061 657158 605282 533122 40692 593348 859839 579512 842049 571257 664219 171019 467120 516789 430498 132476 772316 987920 621107 924549 771809 613603 447219 479452 312035 392155 976778 493589 639407 613905 601111 522275 1093662 213146 772522 477806 912946 523168 870619 153007 932442 665177 922503 620182
362678 560149 577780 522651 976647 819159 678420 132485 380672 895298 751188 347152 647911 698320 647295 662814 597030 387102 784255 634408 520943 628729 970667 164515 558633 623477 292530 679701 1012261 233504 488901 465607 729362 756244 950371 76577 643835 621266 1006116 593546 513081 901598 1085888 139961 842468 568731 733337 813279 242588 433791 525502 684966 518634 999999999 366876 536098 979081 555460 87966 703190 540469 262254 850005 530667 1089497 412458 735578 513620 51530 733074 812701 540267 380657 990253 584384 1106416 518896 840929 371900 770341 312480 628347 942255 350462 464182 755765 800185 4758 865089 344463 275603 710608 760761 213660 548507 383203 778073 565404 1060139 767156
244459 201695 379926 330048 752232 507952 312997 346904 59055 688804 424543 320740 307237 390862 294267 297720 299251 394757 535902 310995 343998 417061 659091 248966 262243 522294 116733 334880 657390 293705 211830 245344 526692 427417 585205 308236 524872 265424 650469 314115 404716 540693 725143 228520 483237 404610 461418 449719 156727 106536 288516 328786 434206 366876 999999999 330028 656243 244078 433693 341460 426462 224838 513065 185930 726691 137051 372054 309126 341493 378904 516192 359396 384927 654234 240243 739572 338363 482034 13271 436152 138937 297840 619193 66759 205734 389248 438194 371466 664246 237673 481963 363638 497180 191755 444178 296054 516733 253705 695299 400731
572324 416159 697213 19653 446839 319893 443109 432082 270993 372250 288836 224028 527670 217799 489753 436674 147875 252246 817039 210284 39300 726863 458669 508696 548117 850520 284760 284833 774956 317928 130657 86372 831724 296844 654653 459542 207366 293436 573761 602317 734376 647837 809305 421403 450308 82637 207521 453471 446747 414224 602239 326459 764222 536098 330028 999999999 479313 167097 555047 488708 755478 273846 388137 238342 798288 193003 397366 630422 542297 546908 759742 682247 247965 509846 243406 748156 34725 609417 317003 639749 461091 538035 445623 274106 125858 479082 558778 539001 344614 563523 459097 555703 228800 332097 155737 623768 244648 168047 671771 489397
