NAME : synthetic_000874
TYPE : CTSP-D
DIMENSION : 100
GROUPS : 8
RELAXATION_LEVEL : 1
EDGE_WEIGHT_TYPE : EXPLICIT
EDGE_WEIGHT_FORMAT : FULL_MATRIX
EDGE_WEIGHT_SECTION
999999999 466356 642369 1055100 396617 811039 337017 225189 855656 895955 615364 953127 717050 197843 204597 334768 29341 771117 65970 150985 639858 419429 404316 218987 256827 618683 559472 177342 1022294 448380 511105 865745 312301 540870 813814 996956 826038 703777 1160925 286688 711048 373612 994449 799513 845963 690007 519152 553432 737509 900991 817841 1029163 525861 725909 165087 631669 867785 806341 610639 634637 781652 729590 732355 450538 798503 691840 851131 304223 394297 993211 977385 810203 832354 299605 726461 133130 634386 150104 258203 638753 103900 633784 729674 1111167 746295 711664 923660 209860 872226 994221 1090552 704067 1169854 1066243 1030487 978410 486552 991829 198705 699151
466356 999999999 432935 794961 82490 720136 347835 287271 392979 737381 644752 781300 257083 485177 273768 139422 437662 454393 410497 369727 612166 411617 377190 322419 383917 188665 229770 325102 668796 121643 302442 615944 219615 172032 613430 536442 508814 382589 871550 422530 262577 219021 528219 523412 566418 227470 483221 754240 548149 443929 366670 683207 629419 586712 317269 477542 414013 771296 156213 737659 316898 414246 406152 413763 618186 237390 386344 241653 270112 527807 782243 776768 370882 166779 350027 374168 808739 440332 208347 525255 419014 798738 264027 827294 568411 872811 460926 256499 668289 535674 735049 362810 885481 702960 708178 518397 31774 672422 291179 373337
642369 432935 999999999 414165 480160 297049 308836 428073 631126 305338 319282 352414 434014 509935 558948 492775 625591 175516 625456 646962 251722 250804 249399 424455 723272 332160 211064 470674 411143 551381 147303 223711 360723 270910 187832 605612 214074 153462 518598 387655 594946 297147 687210 164025 207874 528377 203059 536236 116244 518645 659959 411453 378800 159323 492790 71782 686747 366988 387676 439418 497006 153033 168445 218917 186825 402548 609100 356911 255620 705208 360643 372570 499694 469185 242307 638315 549120 714784 489991 130685 667283 533920 481534 468804 135602 585258 567616 506559 246543 762053 474966 182688 527509 459159 398586 588747 458042 360755 461782 159281
1055100 794961 414165 999999999 860049 367809 718904 842170 822078 238402 577939 199317 673357 908980 968055 886021 1039167 341929 1039617 1059063 505809 646816 654331 838173 1129036 632003 569460 884764 246789 916225 556291 190905 771955 623571 248538 672423 291228 412440 119167 788066 861492 707064 798325 273959 228995 795748 564154 820229 321306 634015 882588 224699 683303 356716 906921 427230 887244 456793 689411 677162 702485 380826 390047 613862 272985 655785 796303 769843 669240 825720 150388 459303 667634 870491 463812 1051188 793367 1127943 896170 437142 1081160 777093 719068 74063 317679 790412 683591 917250 197346 906996 248688 434516 121554 270517 161711 664344 811870 169724 875720 421842
396617 82490 480160 860049 999999999 755900 336904 243883 459153 785277 656292 832258 337832 440946 197205 62065 367438 522794 337443 290115 632820 414302 379804 281997 301675 269666 290605 273432 745441 85443 339286 676674 198261 238305 665639 615778 578459 449762 941506 397173 316211 222238 600242 586520 631065 293790 498253 739250 596403 524613 422939 759044 626795 627055 259599 515973 472350 798563 238602 739428 394592 481334 474955 422895 666982 319406 455344 219943 278365 597627 837034 803893 450413 102308 425999 295881 800011 359600 140562 558143 341222 791398 340941 896127 615243 868014 539455 189300 722413 597930 812348 433068 954869 780940 781184 597971 92681 744687 238924 441071
811039 720136 297049 367809 755900 999999999 490397 636913 917452 130136 229944 180985 724772 631182 789796 755851 803221 401033 815763 861368 175669 397665 421627 617673 956321 628588 506957 667030 525383 833695 418431 275769 597686 566014 189883 854097 398550 424069 485130 524447 891434 545112 954091 324908 328822 824469 294471 460896 201614 779712 952470 512453 342023 137839 695410 242699 976004 96966 684638 312818 782868 406971 424713 370847 158799 694805 894102 585582 490928 975478 225794 101145 776173 722445 515054 848342 426923 919358 732552 198153 866069 410797 773232 441846 178713 423010 831417 734771 195508 1040473 565259 457008 483754 569128 464779 839602 747474 441276 671510 433023
337017 347835 308836 718904 336904 490397 999999999 147763 705741 563151 334969 619447 520511 209592 304614 308893 323226 455143 329654 370990 332317 94367 69463 127723 468845 399622 288066 177162 706475 422218 195768 530625 139307 302266 476811 776938 506487 396208 826626 95473 601676 131856 814267 470348 515737 552261 197197 406476 400494 678690 698848 710359 290666 391994 205062 294705 741444 505229 422871 404995 593546 416808 423601 119634 462048 487846 691901 118800 99025 822371 641600 509939 626934 263851 443840 358009 463635 429993 259495 305629 377669 454678 552608 776676 409492 531111 715264 250169 535316 851333 773308 405532 834911 752809 704495 758073 379455 666113 181788 394154
225189 287271 428073 842170 243883 636913 147763 999999999 677275 703622 478920 758698 515675 198522 157945 196491 203424 547029 198051 225444 479990 242119 215387 38762 321089 406939 335265 48421 797603 322549 289622 651440 89258 321616 608164 791268 602452 478900 944061 165463 549322 148435 804554 579784 626623 513284 344806 510074 531615 693458 653933 804900 420692 532491 64817 428849 701173 652879 409391 537101 585022 505176 507495 266317 597132 487095 668335 79050 173507 807405 777404 657555 629933 147346 502348 213975 578256 288774 126590 447872 239504 571885 536374 894721 543493 650953 721433 104825 667493 821490 865959 478880 953901 841275 808168 772423 315054 769513 34899 474116
855656 392979 631126 822078 459153 917452 705741 677275 999999999 877864 930448 900506 199519 872357 655172 521165 826529 529113 796381 742105 874519 740625 710430 710171 720198 318026 452252 717353 603103 422044 573333 702585 600124 412717 749944 232906 556159 493554 848344 793707 157692 575925 152322 615177 637077 165895 776172 1095873 716156 201823 80035 625241 951109 782609 710247 699977 65280 996372 283349 1042663 134638 513117 495807 729442 771172 232979 25780 620537 610155 142037 879745 1001903 154532 557406 403796 750602 1135312 806086 598095 759029 796192 1122585 156729 819523 739222 1187839 167854 646913 785386 145745 648302 460586 865883 611647 678126 223659 369734 656489 683754 484465
895955 737381 305338 238402 785277 130136 563151 703622 877864 999999999 351860 58209 695685 727540 848603 795274 884862 348772 892805 928779 286733 476529 493908 690224 1015294 615814 510881 739413 417539 856536 448286 185536 650749 571067 130275 784356 328885 392376 355107 613179 874242 591417 894696 263120 249406 806224 378717 588945 189330 720036 922371 401841 462095 171300 765790 277646 939756 218955 674488 442321 745369 367829 384288 445780 119252 669119 853219 642410 542063 918439 96806 221748 728839 768120 476217 917587 557006 991647 784568 257663 940285 540855 744625 312456 170046 552035 772294 794281 96171 989904 449461 424266 353618 457862 348580 771650 761493 330331 738504 402391
615364 644752 319282 577939 656292 229944 334969 478920 930448 351860 999999999 407484 730964 423555 636840 638452 612662 485906 631934 691373 76990 244767 278230 450534 796962 614979 480048 497088 682769 740842 361931 436639 468041 528342 347225 924538 509465 472687 697105 334678 865924 434145 1001243 439670 465768 804640 162023 244053 302953 835960 946881 675590 112190 235601 527371 248311 980365 194368 660936 120662 799696 470753 486953 233416 315284 697484 910561 450103 378448 1017461 448410 197564 810789 596137 559923 675828 235258 740031 594388 193307 685174 219261 775034 650243 290881 265977 883781 583386 384139 1068171 735646 501071 698389 730445 640867 907480 675757 609629 510727 478162
953127 781300 352414 199317 832258 180985 619447 758698 900506 58209 407484 999999999 724074 785630 901979 844698 941686 373311 949050 983532 344040 533728 550372 746179 1068384 651130 552846 795248 404980 901456 497804 198391 703641 612685 167993 792939 345370 424350 311059 670930 905997 643271 907949 286864 264200 837988 436571 641860 236426 734424 948786 387070 518415 227508 821287 330925 963498 261449 710174 493542 769840 397498 412950 502704 166064 699103 875444 696027 595126 932729 48999 263394 749085 819059 503448 972656 606432 1047099 836786 314444 996083 590460 772796 272125 219434 596936 786520 847914 117595 1006946 428681 455060 307584 441450 329317 781299 804340 317059 793541 434526
717050 257083 434014 673357 337832 724772 520511 515675 199519 695685 730964 724074 999999999 702204 530380 396504 689096 351312 664493 626809 675231 546677 517936 544156 633847 122264 253913 560286 486815 337559 375251 529899 431038 219805 565821 280289 388760 304318 720953 612315 188146 395539 294008 437424 466522 123630 577402 900935 524942 186866 227974 506145 753841 588349 559232 501799 252763 800601 106798 843611 73149 327866 311629 533445 584037 33935 179926 449267 422408 302040 708915 806164 115316 420364 220659 631079 937803 697214 461960 560603 675725 924805 48962 684687 548042 989091 206791 508491 606887 339375 545031 271812 737369 509256 548130 261963 246917 519265 528972 294597
197843 485177 509935 908980 440946 631182 209592 198522 872357 727540 423555 785630 702204 999999999 304470 389093 202555 663865 231998 311586 456401 262611 260627 162825 426082 586707 490238 169545 914364 516182 405345 725654 272721 493338 661423 970918 714155 605797 1021116 122318 747577 309573 994689 673675 717767 709755 349898 361845 587696 872387 851742 917410 329176 562499 190982 482195 898512 616973 597920 436821 773565 626096 633142 295622 641255 671633 862168 253291 300537 999302 814980 620498 814108 340926 651102 292931 440816 339303 310957 476221 285716 439039 727233 971071 592245 517866 904728 270619 717267 1017320 980633 614764 1027988 961101 908387 951977 513417 870364 203292 603722
204597 273768 558948 968055 197205 789796 304614 157945 655172 848603 636840 901979 530380 304470 999999999 135484 175310 650805 141905 99844 636765 398813 370294 188359 166961 445741 419612 148069 892840 243786 412702 777699 198739 384850 744892 810163 707654 578368 1062912 315617 507738 261877 797413 697556 744405 490464 500503 652182 669358 716972 614374 903268 575489 678841 119025 571156 664550 809667 426634 691848 590372 607928 606347 421161 737530 508711 652159 206253 306883 794461 916809 814422 644605 113593 579468 101090 724903 172940 75912 596776 145347 719891 537096 1014740 683608 799507 734670 55030 804237 791677 961248 570502 1074244 932968 915291 792062 289526 877123 126854 571605
334768 139422 492775 886021 62065 755851 308893 196491 521165 795274 638452 844698 396504 389093 135484 999999999 305549 554364 275379 230305 622026 393837 360233 235249 254069 319686 319450 219781 785630 127094 347051 699233 170776 273756 680348 675618 610886 480903 972572 357505 377035 211483 662187 612129 657846 355854 485108 702487 608302 583351 483856 798055 599169 631926 202826 520721 533514 791424 294572 713883 455187 511993 507447 406948 678656 376314 517405 190180 267269 659684 852960 796605 510085 49150 467085 235056 766951 301110 81075 557801 280158 759304 401775 926046 625713 837199 599742 128985 738419 659528 853302 467587 985237 823019 816433 657647 154046 779176 185801 472890
29341 437662 625591 1039167 367438 803221 323226 203424 826529 884862 612662 941686 689096 202555 175310 305549 999999999 750404 39195 126729 633743 408737 391592 201144 236490 591907 535828 156647 1001005 419096 491702 849249 288867 515519 799604 969145 805702 682268 1143758 280396 681729 351356 965635 781090 827722 660927 509915 562561 723107 873419 788518 1008315 526766 714214 141170 617717 838474 801976 582823 637503 753308 708596 710866 439084 785274 664196 822126 282095 374909 964244 964748 805982 804372 270883 702596 108181 642598 137356 229384 627272 85866 641269 701187 1094127 732636 719790 895599 181258 858326 964954 1069374 681633 1153009 1044553 1010953 950638 457572 972289 174954 677383
771117 454393 175516 341929 522794 401033 455143 547029 529113 348772 485906 373311 351312 663865 650805 554364 750404 999999999 743025 747179 412947 415483 406657 553345 804352 291732 234960 594019 252120 575156 262129 178926 465198 284589 221988 454592 56890 73461 418807 543628 535664 400412 553413 86485 117845 467992 378458 710701 203378 378779 575498 258061 553412 277988 610593 240216 591256 489821 350115 606523 397071 42879 48271 385760 246189 327752 504448 468894 377713 575403 357819 495034 380676 545305 130850 742206 719544 819037 575902 292598 777530 703954 399839 373400 224790 750164 430626 604396 256829 643387 319883 92594 432075 297810 264490 439499 470280 226352 577247 81750
65970 410497 625456 1039617 337443 815763 329654 198051 796381 892805 631934 949050 664493 231998 141905 275379 39195 743025 999999999 87846 648857 418856 398945 203300 199301 571209 523075 155158 992149 384967 487561 849055 278249 498842 803113 944781 798919 673508 1142087 297500 649635 342624 937266 777785 824646 631224 521436 593674 726485 849910 756279 1000291 550267 721636 133312 622080 806448 818866 558874 662721 727171 700771 702081 447930 790293 640694 792780 274409 371549 935051 970346 823038 779543 244319 688906 69125 672799 109094 202637 635239 54289 670840 674513 1092715 737126 749809 870410 156398 862200 933494 1060661 671026 1151860 1034876 1005342 926413 428799 966713 166016 668124
150985 369727 646962 1059063 290115 861368 370990 225444 742105 928779 691373 983532 626809 311586 99844 230305 126729 747179 87846 999999999 700573 464463 439843 244385 114515 545144 517788 195636 991047 322137 502776 868245 287123 484434 830527 905723 803914 675259 1156446 358357 590450 352224 887375 790754 837724 579424 567830 672761 754279 813652 695997 1001058 617606 757771 166284 653034 746567 872780 524299 732247 684705 704352 703439 490528 820953 606249 740844 290135 391767 882859 1001068 877242 740244 213334 678844 19071 750286 73148 175389 673316 56597 747360 631014 1107855 767131 826815 829554 142932 889957 874789 1059527 668510 1167325 1031638 1011571 887821 382722 973243 190560 668790
639858 612166 251722 505809 632820 175669 332317 479990 874519 286733 76990 344040 675231 456401 636765 622026 633743 412947 648857 700573 999999999 237983 267306 456330 801050 562975 429355 504951 605805 715578 316892 359925 454849 481754 271024 856874 434183 404734 624856 353469 819605 411982 938199 363597 388913 756280 137626 319990 226192 770357 895668 598602 177623 158821 534421 179940 926805 172916 612261 195112 742020 400362 417048 217251 239570 642284 853702 439365 355584 955532 381923 177658 749278 583130 493990 686346 311545 754712 586771 121854 700559 295409 720764 577322 213891 337228 819166 582088 310225 1009515 658715 434408 626888 653461 564214 840178 642241 532755 513637 410911
419429 411617 250804 646816 414302 397665 94367 242119 740625 476529 244767 533728 546677 262611 398813 393837 408737 415483 418856 464463 237983 999999999 34653 220237 563207 424531 296807 269486 660754 499499 180936 463098 223288 328030 400123 784205 461471 367330 758515 141256 652145 194162 835981 414698 457515 596843 103403 355330 325547 687760 743222 661899 218331 306738 298218 219697 782438 410899 458612 326553 619433 381954 392165 33013 381780 512906 724215 205459 141611 847155 558991 415628 644803 351405 431352 450993 400447 521701 351046 219511 468549 389382 584358 708467 331238 461752 728976 344213 457028 884578 725400 383756 765475 708416 648838 765687 443294 611260 276016 367683
404316 377190 249399 654331 379804 421627 69463 215387 710430 493908 278230 550372 517936 260627 370294 360233 391592 406657 398945 439843 267306 34653 999999999 197155 535824 395672 270905 246583 655209 464955 159975 467750 190066 298485 410137 760534 455112 353954 763890 138496 619269 159515 808716 413049 457272 564764 130270 386471 334265 663446 711339 657551 252413 322869 274239 228023 751160 439933 427740 361187 590909 370993 379919 50967 394190 484315 694507 173008 107412 819197 573246 444789 618172 318491 412595 427144 433761 499417 319735 236297 447131 422965 554544 713851 342158 495878 703524 315400 468182 854848 720910 367883 771586 702383 647763 741895 408891 609741 249901 353407
218987 322419 424455 838173 281997 617673 127723 38762 710171 690224 450534 746179 544156 162825 188359 235249 201144 553345 203300 244385 456330 220237 197155 999999999 346538 432309 351046 49442 805107 361205 292370 648130 113233 343347 600007 817351 607794 487429 942652 128963 584913 162861 834915 580559 627057 547083 323640 472381 523394 719152 688926 811359 387265 518944 78114 418792 735702 628777 438602 503673 614493 512274 515899 247241 586994 514664 700496 96876 175747 838607 767063 633304 657581 186103 517416 230758 541510 302270 164445 432976 250125 535489 566894 893000 533841 614767 748834 138053 659020 854891 873151 489962 951867 849695 811635 798450 350922 772984 61651 483366
256827 383917 723272 1129036 301675 956321 468845 321089 720198 1015294 796962 1068384 633847 426082 166961 254069 236490 804352 199301 114515 801050 563207 535824 346538 999999999 570981 569857 300154 1039301 302130 576263 939528 364748 527233 910076 905371 861171 731071 1220507 467231 563376 426369 870462 856622 903136 565663 665719 787039 834949 818785 664366 1051363 727825 845733 269749 737730 714716 973911 539194 843202 683097 761618 758293 586783 903557 618571 722910 373135 473302 862232 1082382 978562 742231 259384 721104 133318 864192 118948 233434 763724 153000 861006 629157 1173052 849662 940552 827619 221813 969304 843119 1107117 719726 1232489 1077022 1067914 888403 387742 1030264 287511 723539
618683 188665 332160 632003 269666 628588 399622 406939 318026 615814 614979 651130 122264 586707 445741 319686 591907 291732 571209 545144 562975 424531 395672 432309 570981 999999999 135001 453485 484036 299216 255487 466934 319370 97769 485943 385070 340836 228176 697749 492454 262857 277664 414824 371843 409235 196275 458686 779102 434396 286847 332704 499690 633131 490776 456215 395458 365455 698000 59133 725407 195296 257627 244984 411892 499109 88750 300321 335855 301048 423968 643003 703597 228092 332280 170602 546527 817306 617711 372319 452802 589385 804559 161333 656070 457060 870147 318105 415282 533855 460526 549145 200302 712699 516237 529628 366160 193792 495643 424242 217992
559472 229770 211064 569460 290605 506957 288066 335265 452252 510881 480048 552846 253913 490238 419612 319450 535828 234960 523075 517788 429355 296807 270905 351046 569857 135001 999999999 383681 473289 351169 121342 387025 247172 60244 384854 490579 291600 161509 653212 383488 391145 188274 539449 295966 340495 327008 323944 648511 322785 392973 467075 483698 500036 369826 394723 267477 500455 570300 183102 590570 325408 192544 188449 280895 391722 220003 433669 256703 190548 551373 552595 575893 348024 311440 167087 514446 683912 590511 343949 322743 552430 670892 295864 606965 344144 735587 432626 376344 438873 593277 541748 150906 666038 514031 498060 471829 251578 460433 360958 153725
177342 325102 470674 884764 273432 667030 177162 48421 717353 739413 497088 795248 560286 169545 148069 219781 156647 594019 155158 195636 504951 269486 246583 49442 300154 453485 383681 999999999 845002 346808 335092 694363 137442 369479 648019 837114 649169 526440 988089 168576 585156 196593 847318 624731 671440 552387 372880 504793 571389 739564 690749 852019 429384 568118 30456 467231 738755 677155 453668 545465 628784 552367 555021 296678 635541 532353 709343 127279 218349 849335 815708 681629 674971 172119 550761 181591 576900 252834 141509 482284 200872 571825 579297 938578 582244 651438 766552 104180 707148 860709 913291 526921 997608 888902 854306 818310 351245 815642 34536 521815
1022294 668796 411143 246789 745441 525383 706475 797603 603103 417539 682769 404980 486815 914364 892840 785630 1001005 252120 992149 991047 605805 660754 655209 805107 1039301 484036 473289 845002 999999999 783188 514248 252266 713901 512068 343477 430838 200215 318782 245770 793242 669994 649932 559980 251265 217644 609625 608677 922704 380302 405238 671363 23060 769336 448466 860548 460948 668087 622328 533514 798690 497818 292839 290183 629515 377149 478455 577594 718980 629641 588297 363582 626374 452378 783390 319446 987402 916519 1063683 817082 499447 1024463 900224 526282 222197 392035 932296 451395 849228 330743 672149 68560 322565 263521 48419 85186 424541 677429 87950 826981 324027
448380 121643 551381 916225 85443 833695 422218 322549 422044 856536 740842 901456 337559 516182 243786 127094 419096 575156 384967 322137 715578 499499 464955 361205 302130 299216 351169 346808 783188 999999999 415399 737582 283316 293673 733793 603834 629041 503786 991177 480171 268459 306714 570305 645014 687859 263814 581994 823492 667207 519328 373869 798563 712229 702478 328913 592098 424432 879654 254176 824841 381966 535412 526885 507435 737528 327049 422804 304801 362499 563728 903300 885036 441963 175689 466663 332278 885037 384208 206611 636809 377524 876553 328283 947461 686980 953317 525934 252273 789151 552681 848337 483152 1005365 815250 826138 587112 106104 790968 312891 494429
511105 302442 147303 556291 339286 418431 195768 289622 573333 448286 361931 497804 375251 405345 412702 347051 491702 262129 487561 502776 316892 180936 159975 292370 576263 255487 121342 335092 514248 415399 999999999 365517 215664 166424 334981 603457 315725 200549 655221 288445 504323 150957 659195 290253 337157 442711 203386 528201 261579 507384 585527 519649 378747 287781 354254 176853 620445 469672 299111 470135 446665 222305 228181 161428 331741 341335 554957 214348 116837 671873 507780 475185 467297 322000 252729 495114 562572 572001 342876 222823 526380 549557 416757 606159 278668 614662 549571 361128 393831 714618 581894 210339 665513 559731 519396 584992 330778 480734 321865 198386
865745 615944 223711 190905 676674 275769 530625 651440 702585 185536 436639 198391 529899 725654 777699 699233 849249 178926 849055 868245 359925 463098 467750 648130 939528 466934 387025 694363 252266 737582 365517 999999999 581169 443952 91472 599011 146978 239199 296167 603755 714582 516389 711026 95092 65813 646877 388929 679694 143508 536909 752504 241875 530936 201106 716219 244396 765889 372543 525914 549557 572777 209311 222685 430109 125088 506677 677426 578939 478382 735363 179017 376867 550766 681690 309737 860297 667765 937040 706339 266431 890307 651386 578229 246150 148330 680662 589103 726595 89486 808792 299853 266884 304299 298105 204309 586521 635408 173493 684901 249297
312301 219615 360723 771955 198261 597686 139307 89258 600124 650749 468041 703641 431038 272721 198739 170776 288867 465198 278249 287123 454849 223288 190066 113233 364748 319370 247172 137442 713901 283316 215664 581169 999999999 232459 546190 704310 521371 395283 869868 203320 480939 65428 722398 504236 551230 438879 317280 541531 470619 606202 582897 722120 429944 481884 147697 373111 628471 626108 325778 543891 501647 422780 423847 238091 538895 401436 589546 22251 108709 726646 718072 631151 544350 128535 414178 279796 601763 356798 134984 401790 312822 593237 454645 821087 484984 670127 635604 145836 605555 745400 782413 393137 880523 756737 728407 685421 250142 689854 113913 389878
540870 172032 270910 623571 238305 566014 302266 321616 412717 571067 528342 612685 219805 493338 384850 273756 515519 284589 498842 484434 481754 328030 298485 343347 527233 97769 60244 369479 512068 293673 166424 443952 232459 999999999 444720 477777 340155 211817 703213 395716 338104 183843 512536 351432 394760 276343 368932 683175 383028 379228 419986 524305 539412 429250 376086 325258 456503 627290 133181 635269 292928 243468 236667 317047 451932 186480 396198 246507 203480 521703 611636 632872 324708 272903 194944 483015 723670 557574 309053 379137 523341 711322 256330 657985 404359 778693 413603 346494 498253 556564 579933 194952 716637 550230 543649 458839 192260 506826 342911 202937
813814 613430 187832 248538 665639 189883 476811 608164 749944 130275 347225 167993 565821 661423 744892 680348 799604 221988 803113 830527 271024 400123 410137 600007 910076 485943 384854 648019 343477 733793 334981 91472 546190 444720 999999999 668380 210718 262159 364304 541254 743969 483709 773447 139130 138954 675949 315627 590990 76630 598495 792882 333347 444884 113201 672194 182185 811245 285423 544747 458658 616777 238150 254898 367358 33672 538978 725550 540689 438992 796194 172815 290038 602617 656965 347053 820918 576908 896692 677099 188806 847511 560512 614779 314893 69246 589191 650644 691772 59431 865282 391032 294179 369265 389543 294209 654577 636351 264672 642601 272153
996956 536442 605612 672423 615778 854097 776938 791268 232906 784356 924538 792939 280289 970918 810163 675618 969145 454592 944781 905723 856874 784205 760534 817351 905371 385070 490579 837114 430838 603834 603457 599011 704310 477777 668380 999999999 457850 452216 672442 871757 370846 661354 132107 529847 535162 344568 789427 1126461 657944 98549 312935 453894 971549 732199 837739 677218 286040 944294 386327 1044035 222403 458043 440792 764195 696492 305368 214552 720921 678086 161465 762007 949473 165561 700635 365205 910588 1150155 975280 742243 735095 955451 1135583 276434 652908 679349 1190374 78053 788732 688186 248053 460041 423493 690450 425297 514350 18941 523514 502913 806745 446419
826038 508814 214074 291228 578459 398550 506487 602452 556159 328885 509465 345370 388760 714155 707654 610886 805702 56890 798919 803914 434183 461471 455112 607794 861171 340836 291600 649169 200215 629041 315725 146978 521371 340155 210718 457850 999999999 130127 363103 593050 575784 456409 565818 74354 81178 508854 415694 741378 212531 391169 607949 204104 585038 287712 666260 271208 619799 491602 398193 629244 427555 99759 103599 430684 239888 368178 530894 524611 432048 589606 323701 496545 403883 602169 173143 798825 744601 875692 632782 317842 833907 728686 436275 318486 230992 770181 443424 661093 233346 662089 266838 146005 376746 247279 207673 444321 523670 169476 633020 138001
703777 382589 153462 412440 449762 424069 396208 478900 493554 392376 472687 424350 304318 605797 578368 480903 682268 73461 673508 675259 404734 367330 353954 487429 731071 228176 161509 526440 318782 503786 200549 239199 395283 211817 262159 452216 130127 999999999 492106 487777 482158 331155 537160 144235 184546 414117 346492 684200 222614 366448 532047 326888 527113 290832 541767 225003 552923 505697 287285 592653 359097 31673 28600 340096 279726 276871 470064 400210 312850 556452 414864 511148 353432 472163 91921 670702 701177 747387 503233 283069 706741 686186 353261 446381 245671 738656 416252 532678 306784 617654 387229 32969 505219 362484 337184 435448 399614 299290 508209 10205
1160925 871550 518598 119167 941506 485130 826626 944061 848344 355107 697105 311059 720953 1021116 1062912 972572 1143758 418807 1142087 1156446 624856 758515 763890 942652 1220507 697749 653212 988089 245770 991177 655221 296167 869868 703213 364304 672442 363103 492106 999999999 899482 907539 804495 803160 365695 318722 844583 679372 939303 434357 651007 915282 223275 802278 474455 1008863 538992 913441 571814 752503 795720 739200 460757 466551 725502 390461 708141 822754 869563 770556 831853 262479 574010 696519 961128 527151 1149655 911526 1226665 989402 553043 1181598 895294 763451 50057 432840 906678 696879 1013755 315626 916533 214648 508941 18016 247620 172979 667529 885396 202926 976872 500556
286688 422530 387655 788066 397173 524447 95473 165463 793707 613179 334678 670930 612315 122318 315617 357505 280396 543628 297500 358357 353469 141256 138496 128963 467231 492454 383488 168576 793242 480171 288445 603755 203320 395716 541254 871757 593050 487777 899482 999999999 682281 217968 906320 551467 595465 636651 234543 345300 466804 773404 782351 795874 260912 445397 198872 360897 826486 521829 512324 376898 685096 506752 514610 174207 522278 580110 780933 181110 193717 913538 698151 525910 720323 308841 538634 342169 412809 405360 291949 358399 350529 406589 642510 849426 472262 485817 809247 266840 597856 939451 859186 498778 906594 840229 786166 852871 453322 748189 190114 486318
711048 262577 594946 861492 316211 891434 601676 549322 157692 874242 865924 905997 188146 747577 507738 377035 681729 535664 649635 590450 819605 652145 619269 584913 563376 262857 391145 585156 669994 268459 504323 714582 480939 338104 743969 370846 575784 482158 907539 682281 999999999 469866 309713 620801 652306 68042 705386 1004461 696176 308635 106831 690165 869346 753629 574298 657091 156813 960060 208296 970273 177100 508508 493321 647098 759324 208004 164290 502657 513203 299356 893334 965658 234701 417794 404975 600083 1052529 652328 456773 713512 645507 1041181 144108 872160 719005 1111541 295262 505480 788421 284422 725070 450970 924161 688682 734565 357412 234301 706604 550786 472061
373612 219021 297147 707064 222238 545112 131856 148435 575925 591417 434145 643271 395539 309573 261877 211483 351356 400412 342624 352224 411982 194162 159515 162861 426369 277664 188274 196593 649932 306714 150957 516389 65428 183843 483709 661354 456409 331155 804495 217968 469866 999999999 689405 438840 485833 420697 276322 536391 408751 562818 567159 657749 410854 424412 210623 314160 610145 580239 294411 520696 467972 358153 359752 200730 477800 363951 562972 69389 56419 695992 656102 585455 505618 177831 354990 345162 589726 422179 193616 347436 378160 579729 424626 755758 424011 654075 595749 210206 542937 721659 718383 330459 815208 693233 663240 642413 250796 624664 177057 326085
994449 528219 687210 798325 600242 954091 814267 804554 152322 894696 1001243 907949 294008 994689 797413 662187 965635 553413 937266 887375 938199 835981 808716 834915 870462 414824 539449 847318 559980 570305 659195 711026 722398 512536 773447 132107 565818 537160 803160 906320 309713 689405 999999999 634388 645768 307991 856051 1187396 753979 174955 223700 583025 1036414 826010 843176 758747 183134 1040571 396769 1118289 221463 549013 531246 820143 799325 326421 147586 741405 715853 29488 879941 1045922 192026 694861 445670 894866 1218777 953075 736260 817888 940432 1204994 268180 782159 776311 1264897 122833 784651 798975 116306 591603 505650 821148 556553 642404 135634 508467 628615 814720 529751
799513 523412 164025 273959 586520 324908 470348 579784 615177 263120 439670 286864 437424 673675 697556 612129 781090 86485 777785 790754 363597 414698 413049 580559 856622 371843 295966 624731 251265 645014 290253 95092 504236 351432 139130 529847 74354 144235 365695 551467 620801 438840 634388 999999999 46994 552953 357497 675189 139340 459434 661977 249356 520141 214050 644474 209689 677552 417423 430829 558647 483470 114223 127900 382579 166679 413181 590392 504367 406476 657299 272665 422397 465721 597552 216771 783999 674910 861019 624534 250642 816325 658858 486059 317214 156991 698218 511610 648095 170389 727270 312695 171861 376714 299673 234715 515796 542000 196753 612112 154295
845963 566418 207874 228995 631065 328822 515737 626623 637077 249406 465768 264200 466522 717767 744405 657846 827722 117845 824646 837724 388913 457515 457272 627057 903136 409235 340495 671440 217644 687859 337157 65813 551230 394760 138954 535162 81178 184546 318722 595465 652306 485833 645768 46994 999999999 584865 395364 705067 162884 471442 687827 212675 551879 233277 691336 247071 700538 424253 467796 582813 507777 153246 164361 425073 171072 444306 611867 551326 453254 669917 243292 428914 485030 643955 247442 830991 700218 908012 671250 282137 863300 683992 514567 270335 176003 719171 523665 695044 153353 743038 275106 209167 329839 265787 191450 522291 584065 154420 659022 194250
690007 227470 528377 795748 293790 824469 552261 513284 165895 806224 804640 837988 123630 709755 490464 355854 660927 467992 631224 579424 756280 596843 564764 547083 565663 196275 327008 552387 609625 263814 442711 646877 438879 276343 675949 344568 508854 414117 844583 636651 68042 420697 307991 552953 584865 999999999 645126 951096 628570 269320 146799 629241 812556 686729 544638 591474 189876 894207 144039 911082 130131 440511 425388 589800 691436 140694 161713 459911 460341 304005 825543 899805 191637 391518 337440 587126 996402 645194 432263 648406 632715 984618 85192 808205 651439 1053620 266634 481062 720408 308346 666663 382947 860997 630587 671749 328980 203843 642838 518585 404020
519152 483221 203059 564154 498253 294471 197197 344806 776172 378717 162023 436571 577402 349898 500503 485108 509915 378458 521436 567830 137626 103403 130270 323640 665719 458686 323944 372880 608677 581994 203386 388929 317280 368932 315627 789427 415694 346492 679372 234543 705386 276322 856051 357497 395364 645126 999999999 338195 245995 696750 788714 606608 182139 212708 401606 148308 823824 309805 502037 266757 647900 352840 366545 79740 292933 543584 757318 301753 219969 870379 465084 314709 664199 445646 425462 554397 362743 624933 449233 127376 571598 348966 619796 629652 246630 411701 742155 445643 369333 916427 669729 370154 684793 657055 585342 771600 514080 549369 378977 349697
553432 754240 536236 820229 739250 460896 406476 510074 1095873 588945 244053 641860 900935 361845 652182 702487 562561 710701 593674 672761 319990 355330 386471 472381 787039 779102 648511 504793 922704 823492 528201 679694 541531 683175 590990 1126461 741378 684200 939303 345300 1004461 536391 1187396 675189 705067 951096 338195 999999999 542566 1032577 1097749 916678 157444 478654 533173 471063 1137576 395224 813897 151598 973327 688708 703192 367673 559270 867056 1079206 519549 491308 1199861 685667 395767 995472 654014 763447 654304 82856 699906 636641 424551 647057 86849 939470 893078 532538 159381 1076580 607881 627883 1239534 977566 708338 939859 970762 884000 1108443 785896 852012 531575 687697
737509 548149 116244 321306 596403 201614 400494 531615 716156 189330 302953 236426 524942 587696 669358 608302 723107 203378 726485 754279 226192 325547 334265 523394 834949 434396 322785 571389 380302 667207 261579 143508 470619 383028 76630 657944 212531 222614 434357 466804 696176 408751 753979 139340 162884 628570 245995 542566 999999999 580215 752902 374159 390611 75442 595597 106296 775206 286901 492093 420648 581652 205608 223385 292621 70586 495793 692672 464645 363002 774835 247462 292187 574642 583316 313440 744527 537686 820208 602338 123140 770921 521509 573659 384444 23110 559080 631575 615989 135879 838974 435459 255578 440582 428252 344686 642736 572549 310836 566088 231714
900991 443929 518645 634015 524613 779712 678690 693458 201823 720036 835960 734424 186866 872387 716972 583351 873419 378779 849910 813652 770357 687760 663446 719152 818785 286847 392973 739564 405238 519328 507384 536909 606202 379228 598495 98549 391169 366448 651007 773404 308635 562818 174955 459434 471442 269320 696750 1032577 580215 999999999 276811 427825 878627 652947 740803 590425 265409 867061 291055 954581 139808 376138 358460 668558 624490 209265 177394 622627 579780 198476 707769 872372 78165 606255 276385 817782 1058687 884070 647713 649096 862312 1044379 191792 624939 602364 1101190 52258 693606 624466 274326 447407 335996 668752 410875 483506 79612 433251 465352 709521 359702
817841 366670 659959 882588 422939 952470 698848 653933 80035 922371 946881 948786 227974 851742 614374 483856 788518 575498 756279 695997 895668 743222 711339 688926 664366 332704 467075 690749 671363 373869 585527 752504 582897 419986 792882 312935 607949 532047 915282 782351 106831 567159 223700 661977 687827 146799 788714 1097749 752902 276811 999999999 693033 958257 815708 680517 726140 50634 1026942 286809 1055228 180783 554732 538099 735466 811747 257768 100791 604286 607131 207311 931111 1032521 218985 524322 446199 706013 1142294 756706 563494 784272 751343 1130328 179273 884356 776000 1198564 246754 612232 832199 179238 719543 499384 932596 682806 743590 303592 339510 719826 656477 522404
1029163 683207 411453 224699 759044 512453 710359 804900 625241 401841 675590 387070 506145 917410 903268 798055 1008315 258061 1000291 1001058 598602 661899 657551 811359 1051363 499690 483698 852019 23060 798563 519649 241875 722120 524305 333347 453894 204104 326888 223275 795874 690165 657749 583025 249356 212675 629241 606608 916678 374159 427825 693033 999999999 764315 440492 868229 458450 690282 609275 550174 790469 518751 299729 298378 630300 366955 496905 599692 726545 635669 611328 344727 613200 474073 794585 333276 997021 908515 1073505 827646 494754 1033519 892176 546277 199143 384725 922537 474204 858873 317173 695125 63513 332793 240960 56678 63002 447596 692632 71614 834771 332699
525861 629419 378800 683303 626795 342023 290666 420692 951109 462095 112190 518415 753841 329176 575489 599169 526766 553412 550267 617606 177623 218331 252413 387265 727825 633131 500036 429384 769336 712229 378747 530936 429944 539412 444884 971549 585038 527113 802278 260912 869346 410854 1036414 520141 551879 812556 182139 157444 390611 878627 958257 764315 999999999 331684 459739 314165 995874 301560 672010 116435 825411 531282 545830 222794 414775 719908 933296 409391 359813 1049979 558184 304081 844401 553141 607514 600758 184268 659350 544014 269920 604418 172074 794380 754510 382673 243465 923618 524887 487155 1093201 825990 551738 804467 817598 734617 953699 661153 701373 448913 530798
725909 586712 159323 356716 627055 137839 391994 532491 782609 171300 235601 227508 588349 562499 678841 631926 714214 277988 721636 757771 158821 306738 322869 518944 845733 490776 369826 568118 448466 702478 287781 201106 481884 429250 113201 732199 287712 290832 474455 445397 753629 424412 826010 214050 233277 686729 212708 478654 75442 652947 815708 440492 331684 999999999 594511 111312 840269 214918 546810 350224 647976 277005 294766 275375 84041 557944 759660 472600 373248 846248 252768 220350 644242 602071 382640 746424 468106 820367 616412 87230 768989 451792 636595 425652 57533 485993 703970 624278 159501 908486 500140 323493 478228 495771 405404 716765 613213 374045 567384 299272
165087 317269 492790 906921 259599 695410 205062 64817 710247 765790 527371 821287 559232 190982 119025 202826 141170 610593 133312 166284 534421 298218 274239 78114 269749 456215 394723 30456 860548 328913 354254 716219 147697 376086 672194 837739 666260 541767 1008863 198872 574298 210623 843176 644474 691336 544638 401606 533173 595597 740803 680517 868229 459739 594511 999999999 492218 729137 706803 452434 575768 626324 568531 570366 324695 660579 532417 703270 141702 238308 844146 840844 711311 674373 157297 561587 152947 606007 225857 122302 509138 175338 601160 575807 959533 607072 680815 765960 79638 731463 852511 928987 540594 1018716 903813 872354 819030 341733 833711 33784 536695
631669 477542 71782 427230 515973 242699 294705 428849 699977 277646 248311 330925 501799 482195 571156 520721 617717 240216 622080 653034 179940 219697 228023 418792 737730 395458 267477 467231 460948 592098 176853 244396 373111 325258 182185 677218 271208 225003 538992 360897 657091 314160 758747 209689 247071 591474 148308 471063 106296 590425 726140 458450 314165 111312 492218 999999999 754480 303043 448873 368766 566316 222528 238644 186704 168363 469689 678362 365112 264444 776517 348626 308641 570697 491486 314075 642557 479950 717609 506999 59354 667492 464530 548670 488964 115051 514187 639342 517007 240625 832391 521495 254468 545799 509360 437396 660415 504776 401188 463572 231011
