NAME : synthetic_000777
TYPE : CTSP-D
DIMENSION : 100
GROUPS : 8
RELAXATION_LEVEL : 1
EDGE_WEIGHT_TYPE : EXPLICIT
EDGE_WEIGHT_FORMAT : FULL_MATRIX
EDGE_WEIGHT_SECTION
999999999 637299 368756 343718 153444 958321 551565 468419 844600 275143 332742 160827 800212 938822 174071 722340 320206 607585 674114 634897 300365 461295 47067 379448 363546 321122 602110 558949 579851 597775 406423 498108 749491 727310 450415 441879 864472 765777 421372 950062 751313 948855 909461 235793 463120 823093 511186 208890 347903 576820 597964 333594 648644 278291 633868 505534 798509 885319 205817 819439 848063 459161 232332 531959 612992 869183 138345 269503 395846 557612 682794 447950 870218 418826 32383 600267 756262 231884 802855 583300 572228 311410 662165 426808 858821 698984 761808 551689 635456 316088 470174 484828 511483 147689 594128 229855 886074 265255 867044 840364
637299 999999999 357221 500846 505080 469332 697862 685108 364470 453351 337177 668506 276261 369277 627483 107335 344223 618058 512063 50690 373146 232694 683344 367706 486402 355877 254403 243788 57573 246886 740717 215329 193288 257847 260092 841352 251404 534504 672738 469863 115417 459747 412157 758386 289378 361712 843911 596419 781259 682915 194815 450102 145362 359936 200560 214275 161410 414364 440064 234313 251056 534064 709287 449185 574301 317963 578714 664101 670973 384547 574790 608468 240767 235370 651597 603390 482293 516300 167280 668171 497207 416431 381257 211917 338280 324813 466738 528809 505536 565377 524709 202615 276002 489815 325421 553975 510137 376546 325332 333918
368756 357221 999999999 456003 215383 590289 380014 344269 477900 108514 71132 474556 605871 583798 451514 462943 82171 349968 341874 331462 285612 126409 405694 21143 458355 288948 236472 195702 306268 233177 656312 154673 404858 365203 338664 732402 608613 422016 323368 581704 452946 580932 542757 570403 97802 455498 492775 252342 425048 378683 432041 93033 308273 163782 278108 159881 507321 517210 255440 585966 508534 214508 363275 546647 327464 661542 260197 310202 607727 200896 374025 598031 551712 135271 395107 336858 401024 173528 517675 370966 602876 66542 297831 218678 496666 578405 402816 609942 309555 488037 556573 323948 144871 243846 509995 207132 521182 220263 508517 659934
343718 500846 456003 999999999 346495 940643 792507 726500 825102 437974 385474 250734 547049 865827 205719 542239 373838 797502 794339 526124 173248 457900 381451 476612 23380 176659 610318 567984 455545 602707 240028 488668 676546 700819 241384 340863 656701 866154 686310 937303 608951 930638 884156 307625 505245 812352 817567 484839 671356 804284 365126 493823 587931 292524 606270 496325 639012 874125 220235 596689 750926 648424 556817 196026 781177 617754 413109 567395 172274 645606 829961 142115 735883 392970 330554 785630 834641 448350 635605 802543 229852 444128 721364 326492 816228 408484 830510 208066 764292 69274 127828 298516 544099 283404 299685 474647 926951 236134 811361 571533
153444 505080 215383 346495 999999999 804938 455439 383221 691451 128156 182553 273488 699657 788708 261326 598321 170953 485568 531463 496261 227978 311786 192244 226672 359197 245358 449011 406153 447687 444838 489911 348031 601521 575056 361652 549273 744196 620477 341171 796634 616090 795489 756329 365677 309850 669769 473214 141183 339402 472861 500373 190129 501007 150120 482713 355206 666083 731919 133709 705837 701966 332791 234439 502920 482686 765406 82635 225860 457601 407371 547150 479317 730328 275838 179977 476197 607403 107237 672324 474865 552658 160232 510322 302806 706724 622374 611805 543692 494081 349499 470760 381566 358165 63222 526973 128515 734296 164711 715872 745684
958321 469332 590289 940643 804938 999999999 700347 745024 116917 692558 629618 1046849 664955 157713 1015164 501431 643077 569258 403762 428360 782158 508262 995980 581875 930816 771226 357044 401210 496937 362096 1177030 471570 276059 241630 712811 1270380 534842 333508 763479 14785 406837 10011 57399 1143257 495277 135509 907013 820995 934087 664636 662519 646507 353179 707499 338712 463561 424102 73091 808865 579454 255091 606887 917838 917511 519576 661872 846955 848663 1112688 426555 458401 1063693 338455 566181 983422 559824 290008 752073 441182 643122 966428 651990 320113 615041 131238 774448 269154 997097 434726 997225 986343 657448 446873 823997 793454 776853 164066 751211 149910 713625
551565 697862 380014 792507 455439 700347 999999999 88324 626827 355998 442813 708490 967514 775242 708129 804271 448608 133337 296818 657787 639873 477073 558561 360816 801260 649166 471571 462094 658363 475778 942269 484641 657811 573271 717645 991270 939458 379374 135337 686570 764906 694441 678428 787024 411991 599471 210733 342915 301156 40604 808216 307278 592831 516208 536977 484561 819389 639465 572314 931877 753284 167859 359963 916529 180920 1015371 417444 293752 912983 330710 250222 930730 826480 510851 583758 141009 411939 348403 834079 61029 971568 359423 403192 598302 673059 956557 431664 972696 266485 803727 909177 703641 422330 516906 889913 331284 555628 567115 699329 1023886
468419 685108 344269 726500 383221 745024 88324 999999999 661499 297983 399063 627042 946833 804807 629251 792433 402515 199225 348357 649414 582082 455709 473043 327611 736917 593365 479348 461842 640516 482130 864511 469794 669994 593019 673591 909667 932842 438665 47726 731893 763017 738293 717433 703042 395742 634178 167922 261274 217837 123775 776230 259673 594864 461907 543153 471178 818212 679998 506846 919014 769860 156284 271663 862027 237026 999118 337291 206344 838658 344914 313611 862102 836518 479268 500366 201802 463135 278259 831649 139212 915919 310193 433753 561468 703386 921673 480701 913867 312607 732708 846724 665996 415862 445984 847673 255672 609921 509112 727239 1001928
844600 364470 477900 825102 691451 116917 626827 661499 999999999 582189 514380 930414 584907 152667 898430 411176 527724 501141 337796 320151 665506 391767 883128 470765 815745 654806 242494 286060 386561 247027 1060816 354954 173914 124878 599928 1153732 469993 290480 674942 112286 319172 106972 64887 1026756 381631 27397 827297 714626 839364 594232 559232 539189 239207 590957 221815 346962 347668 50271 692184 504889 190625 515404 814982 808845 449653 592008 736512 747757 996960 327543 400371 949792 282457 449293 869111 489856 236347 643247 365802 573289 859138 541014 227886 499029 56471 680009 213425 888215 361604 881003 874141 545431 333436 708622 689884 669856 169451 634334 88738 637279
275143 453351 108514 437974 128156 692558 355998 297983 582189 999999999 119516 401227 685338 691844 386462 556180 116982 365676 403308 432753 284789 230043 307295 111697 445779 295477 342808 303362 399114 340077 608896 261405 513261 472350 381055 673948 703221 492672 264940 683282 554906 683417 646846 493831 205726 558867 423587 145336 330520 366328 498247 62568 416074 164107 386544 267135 608411 619532 218865 674993 616801 213320 257691 564100 358144 745372 154423 211488 569934 282593 420147 577950 657882 219456 304330 355170 481237 65368 617636 364776 618208 42071 388140 282519 603395 636942 486673 617432 365979 455140 553189 381777 251492 176736 555258 101146 611689 211795 616147 736804
332742 337177 71132 385474 182553 629618 442813 399063 514380 119516 999999999 420823 566138 606472 393813 438204 13829 420216 410188 320932 214532 129234 374073 92175 387423 217887 272639 228432 281725 267540 590330 165628 419020 395091 275381 669640 585422 487073 372572 622242 442738 619957 579027 517389 137728 494113 537513 259440 449971 444477 381784 139409 318633 94414 301127 172928 495032 557063 191464 555796 519899 280666 372224 477668 398559 625868 245902 330602 539611 264908 444528 527388 551915 101821 355608 407296 462211 179729 503204 438035 533670 90782 354319 165265 526354 523963 461988 539673 379068 419486 485498 267866 185262 194387 448926 217929 574598 150514 534307 618041
160827 668506 474556 250734 273488 1046849 708490 627042 930414 401227 420823 999999999 777665 1005268 46375 736269 407025 755075 804025 678190 296497 538647 173913 489891 273946 315295 691538 646851 613837 685785 247393 575513 811822 807624 436547 282790 867771 891425 580439 1040304 783663 1037031 994289 96610 558511 911771 670791 365944 504981 731742 581503 463515 712723 339517 710687 583486 824164 975049 239253 814092 902666 603424 390897 446242 755180 848614 291152 430259 246656 674054 820602 316341 908976 483337 131045 746554 874793 373418 824960 736765 474792 429540 772071 459942 935990 651817 877286 445257 767103 198236 362333 484618 606027 230894 542594 380143 994463 300623 939180 808939
800212 276261 605871 547049 699657 664955 967514 946833 584907 685338 566138 777665 999999999 522877 731616 182248 568524 893442 786787 323918 500571 491827 847068 620519 525232 479743 529642 519885 309282 522378 760206 483096 417677 507263 350133 865132 154028 802064 929027 670459 266615 656956 613345 850607 555564 591605 1098607 817396 1014639 955088 202262 697370 412878 550784 471958 483654 240856 629635 595161 90596 410045 801096 926908 398228 850333 71028 781155 894527 686977 660574 850346 597576 335368 471449 804761 878756 747461 741480 223891 941248 419855 655100 653282 404441 541252 161676 729752 463426 781545 615807 503147 318650 549126 664027 254363 780092 749128 540808 516384 57684
938822 369277 583798 865827 788708 157713 775242 804807 152667 691844 606472 1005268 522877 999999999 968868 374369 618724 651827 489748 339703 721774 477539 980543 580877 852862 707615 351248 388545 410340 352864 1105695 440852 193609 221671 627587 1204132 384354 442012 814656 168296 281442 152844 126191 1099827 486145 178903 971947 831592 972184 743861 551377 656934 292853 669588 306537 433560 285190 163009 766541 434405 121569 654352 937241 814403 600166 512582 843537 873623 1037414 463141 552895 977621 188539 524286 960271 640126 388724 755808 300558 723182 859134 649795 372590 551126 102188 646316 365823 893644 511926 927767 893771 570213 440971 795745 680197 786116 299980 704652 78284 568018
174071 627483 451514 205719 261326 1015164 708129 629251 898430 386462 393813 46375 731616 968868 999999999 692888 379989 746715 786471 638926 254496 507145 197602 468045 228780 272653 661616 616871 573497 655545 235745 543633 775267 774846 391789 287957 823133 871749 583572 1009062 742352 1005286 961863 131388 531326 880553 684243 368442 521973 729189 536018 449027 676977 308152 677632 551655 781875 943874 206373 768893 864392 594062 406287 401630 743697 802586 292010 438702 221928 652209 806546 281498 868198 449681 149094 737480 852538 365811 782248 732874 431849 411304 747441 420751 902005 605461 853964 403803 750479 157095 320690 440825 578127 211081 496250 377161 968409 265134 904113 762635
722340 107335 462943 542239 598321 501431 804271 792433 411176 556180 438204 736269 182248 374369 692888 999999999 444056 721188 607065 147799 440476 339479 769091 474142 524512 421133 351459 346593 157244 344627 777707 322643 239475 325833 304980 881310 147239 619902 779942 505031 94724 492674 446808 821518 396695 415132 951091 697498 885577 788475 187435 555963 231783 449646 291489 321474 99981 458225 519445 127656 253631 641106 810084 451022 676123 214011 674906 767546 705444 486889 671534 631471 204532 336813 733717 706572 565215 617930 93749 773290 491032 520512 472241 296807 372640 273516 547532 528506 603877 610210 541144 252326 381994 576536 309749 656036 571315 457505 351571 239083
320206 344223 82171 373838 170953 643077 448608 402515 527724 116982 13829 407025 568524 618724 379989 444056 999999999 429502 422708 329626 203775 141221 361936 102909 376265 208024 286156 241868 288214 280982 577125 177913 430628 408104 271112 656061 591290 500231 374650 635763 451110 633403 592332 503597 151548 507580 538105 253540 446486 451386 381788 143094 330060 81902 313781 185329 502964 570569 177863 560325 531058 288038 366030 469954 408951 629111 236536 326689 526859 278093 456152 515860 561631 109165 342703 416756 475749 174609 510761 445494 525756 92572 368063 165648 539245 522403 475648 530845 391195 406846 475428 266460 199032 180929 445166 213104 588423 138282 546884 619833
607585 618058 349968 797502 485568 569258 133337 199225 501141 365676 420216 755075 893442 651827 746715 721188 429502 999999999 165686 573414 632250 417447 623840 328869 802526 637489 373945 374684 586299 379640 973854 415344 550297 460032 683231 1034494 848240 246048 235553 555286 670606 563681 549928 841573 349552 473999 343930 403344 415639 95588 752630 305452 497679 507266 438745 413249 723472 510395 582406 848226 640299 152955 450900 896267 51726 935004 469243 378298 935532 234400 117135 939164 718790 464501 639820 14691 279768 381738 739368 73986 952609 353548 284428 556079 549870 902816 300120 959832 139943 819841 904556 659222 345472 541091 848795 377761 422442 562631 577637 950852
674114 512063 341874 794339 531463 403762 296818 348357 337796 403308 410188 804025 786787 489748 786471 607065 422708 165686 999999999 463075 621516 356531 700028 322690 794537 621319 257672 275810 492681 265297 997882 340160 408204 312644 635243 1071422 720865 95956 374205 389882 543016 398072 384619 897129 295255 310995 505228 489585 553262 260894 673828 341844 375578 504546 315616 335236 592502 344907 596880 730347 489379 234282 563595 858040 115903 819676 540422 489974 949465 151594 67109 935562 573156 416906 704769 156071 115495 442809 609610 239409 914422 375196 137944 505694 388529 821839 134847 929104 40139 829548 885723 599321 268904 575431 785498 452929 261603 560684 417589 844401
634897 50690 331462 526124 496261 428360 657787 649414 320151 432753 320932 678190 323918 339703 638926 147799 329626 573414 463075 999999999 386762 205068 680058 339611 513310 371161 205726 198794 70793 198479 766009 181681 153694 209259 288928 864814 283428 483945 639656 427930 122176 418603 370970 770300 254876 315570 810750 577560 756453 641169 241588 423170 94777 356689 150133 179144 175935 370347 444177 275176 226950 496250 690304 489324 528587 361625 566112 641235 697782 339173 526428 640305 235327 221005 651436 558792 431616 497128 186345 625756 539067 393868 331202 218275 298300 375055 416054 568858 457779 588377 559586 231997 235610 487315 371106 533896 461494 380555 288555 381588
300365 373146 285612 173248 227978 782158 639873 582082 665506 284789 214532 296497 500571 721774 254496 440476 203775 632250 621516 386762 999999999 287138 346960 306553 173232 20828 441761 398447 319839 434468 396925 319639 528724 540628 150438 488229 575430 692929 546411 777674 487879 772158 726753 385242 332138 650666 693956 367142 567265 647373 298621 334081 433758 125307 444098 327497 527681 713386 99852 525418 613419 486891 461345 280856 612721 570114 308762 451920 337454 472410 658616 314047 613910 222740 304223 619782 661944 311351 528510 643515 333962 282424 549096 170668 662217 402016 658314 332834 592078 217998 272391 190808 371831 175596 301591 344535 758004 73011 660973 540004
461295 232694 126409 457900 311786 508262 477073 455709 391767 230043 129234 538647 491827 477539 507145 339479 141221 417447 356531 205068 287138 999999999 503150 135205 453783 281280 156105 111884 184982 149398 682886 37188 289904 269550 278716 770290 483860 415093 440894 501954 326576 498424 455731 635008 67896 373425 611902 375378 551391 467613 335493 218336 189818 199239 173618 45007 380912 436745 300773 464547 391383 309759 487538 501743 382109 543446 372329 436445 624592 205729 406407 594563 428001 64983 483175 402997 378745 295210 391336 455651 558035 189888 264524 149241 399668 485575 373265 573907 335154 504926 535516 245336 89217 319543 434339 330901 471113 244946 406177 547601
47067 683344 405694 381451 192244 995980 558561 473043 883128 307295 374073 173913 847068 980543 197602 769091 361936 623840 700028 680058 346960 503150 999999999 414957 402141 367747 640851 598250 625844 636832 420986 539699 792244 767284 497159 445594 911426 793067 425414 987367 797086 986612 948015 232472 501535 861086 500002 220658 332192 586323 644837 362882 691479 323813 674829 546987 844645 922903 252873 866503 891567 478891 220119 572554 632843 916116 159609 268628 418122 589460 704790 477673 915313 462771 51023 617456 786283 257665 849181 594401 611028 345649 695435 473269 898962 744494 792852 588608 660798 348183 506308 531882 549694 193530 639056 249104 918899 312209 908025 886943
379448 367706 21143 476612 226672 581875 360816 327611 470765 111697 92175 489891 620519 580877 468045 474142 102909 328869 322690 339611 306553 135205 414957 999999999 479173 310040 231159 192371 318251 228567 675205 159841 405318 360840 358839 750208 619002 404256 308587 572895 460288 572642 535496 585362 95723 447709 478839 251730 417443 358630 449470 83790 310634 184199 276798 164217 515029 508795 274204 598234 509372 194570 360930 567645 306385 675088 265773 304764 627369 184285 353611 618678 555727 151819 406645 315736 384945 174933 525948 350574 623899 70250 284045 237491 491743 596554 387559 631072 289766 507874 577661 342830 140034 258998 529605 206210 507904 240689 504826 675039
363546 486402 458355 23380 359197 930816 801260 736917 815745 445779 387423 273946 525232 852862 228780 524512 376265 802526 794537 513310 173232 453783 402141 479173 999999999 173866 604593 562853 442566 596846 254689 483498 664707 691858 226345 357109 636770 864530 697495 927805 593127 920821 874107 330739 503426 803641 831570 498694 687512 811973 345515 500225 577729 295834 598134 491032 621926 865035 230075 576196 737043 654598 573543 173299 784783 595831 428118 581886 184651 644926 831780 141342 719795 388806 351372 790409 831718 459230 618070 809640 208900 449830 717987 318440 805431 385520 826960 189448 765302 90576 111825 283790 540958 296469 276880 486736 920995 239953 799755 549013
321122 355877 288948 176659 245358 771226 649166 593365 654806 295477 217887 315295 479743 707615 272653 421133 208024 637489 621319 371161 20828 281280 367747 310040 173866 999999999 434460 391723 303394 426980 406216 312517 515000 529980 129610 499557 555295 690665 558666 767067 470227 761218 715483 402899 329560 640608 708390 383428 584191 655498 277804 342405 421252 133008 433972 320256 509223 703072 119606 504912 598057 493919 479337 268666 616411 549295 326774 468045 344600 471272 660219 315208 596595 216394 325047 624777 658224 325291 509723 651010 322806 290407 544777 157297 650028 382068 653893 324164 592835 226521 267627 170676 367556 194712 282596 359332 751062 85396 647968 519242
602110 254403 236472 610318 449011 357044 471571 479348 242494 342808 272639 691538 529642 351248 661616 351459 286156 373945 257672 205726 441761 156105 640851 231159 604593 434460 999999999 44746 237766 8481 838327 122123 191114 129984 410024 926365 474325 288290 480093 349608 296710 347421 307352 788119 139352 221538 646558 480553 625920 449643 422731 305688 123737 353519 65503 114278 349973 284425 455447 476892 293185 323192 586093 632861 326710 565210 496368 523440 778883 141561 320704 744100 357279 219172 626684 359571 241853 405750 365597 432298 687724 301040 131065 288784 260588 568045 231332 708926 252426 659759 679081 364543 91606 467024 541790 435139 316645 400912 274313 587310
558949 243788 195702 567984 406153 401210 462094 461842 286060 303362 228432 646851 519885 388545 616871 346593 241868 374684 275810 198794 398447 111884 598250 192371 562853 391723 44746 999999999 217724 39114 794647 79360 217126 169627 373614 882131 477611 318159 458502 393994 303031 391535 350807 743424 97902 265719 627436 443648 596643 443563 398163 270394 133043 308779 86429 71855 357814 328766 410711 473867 321148 305906 551128 597352 330513 560325 455884 490696 735806 140763 334973 702901 377461 175707 583127 360047 275765 367280 372154 427615 652760 261345 161771 249317 301275 546048 267535 672395 264260 616402 639843 330914 53075 422793 512681 398117 359557 356402 312855 577482
579851 57573 306268 455545 447687 496937 658363 640516 386561 399114 281725 613837 309282 410340 573497 157244 288214 586299 492681 70793 319839 184982 625844 318251 442566 303394 237766 217724 999999999 229557 695500 173817 223847 270263 218220 794664 304113 525055 625715 495909 171954 487100 439554 704685 246638 379901 796580 541166 728333 645865 186510 399291 151010 302371 195167 174456 218982 436828 383489 279987 296232 492418 653933 422447 545016 358628 521801 610387 627080 356170 552684 569728 295296 180010 594391 571613 475844 461309 224646 632227 473529 363269 368506 155322 367692 330279 462446 501715 481949 518230 489772 161482 240909 432320 311524 499256 520222 319864 358962 366036
597775 246886 233177 602707 444838 362096 475778 482130 247027 340077 267540 685785 522378 352864 655545 344627 280982 379640 265297 198479 434468 149398 636832 228567 596846 426980 8481 39114 229557 999999999 831147 114896 189250 132279 401688 919493 468618 296706 482068 354903 291293 352422 311811 782342 135651 226606 649100 478730 626237 454384 414379 304251 118209 347399 61350 106989 344853 289668 449289 470355 292000 325878 584887 624463 332778 558486 493292 522837 771472 146480 328005 736239 354392 212020 622099 365216 250334 403387 360295 437245 679303 298196 139443 280742 263505 559834 239781 700575 259392 652456 670949 356099 88585 461906 533325 433262 324249 394325 276342 580055
406423 740717 656312 240028 489911 1177030 942269 864511 1060816 608896 590330 247393 760206 1105695 235745 777707 577125 973854 997882 766009 396925 682886 420986 675205 254689 406216 838327 794647 695500 831147 999999999 716253 915783 936060 480857 105080 883452 1077354 819086 1173100 847796 1167019 1120988 215908 721797 1046822 917539 604055 752359 961952 595150 670634 825472 496589 840188 724162 875840 1109238 401003 820424 990948 820929 637989 366374 966602 828828 527507 674008 73415 855214 1024741 167831 974381 619156 377970 963777 1051496 596635 871427 964610 364381 627497 940873 562029 1054236 606938 1049801 321658 964221 179814 259549 538201 764734 432764 505844 610985 1153961 442562 1050301 774830
498108 215329 154673 488668 348031 471570 484641 469794 354954 261405 165628 575513 483096 440852 543633 322643 177913 415344 340160 181681 319639 37188 539699 159841 483498 312517 122123 79360 173817 114896 716253 999999999 254444 232430 298191 804828 464182 392134 458367 465443 300958 461710 418785 671812 74053 336968 629546 406432 577222 472163 339147 243607 155245 236014 136438 8044 355940 400284 337301 449451 356769 319308 517857 522164 376646 531192 406786 464228 656813 192628 393944 623613 397048 97133 520200 400713 352663 326772 367465 458803 578028 220262 238144 171411 362480 489150 345620 596091 322321 537637 561433 259312 72367 356705 445661 361474 438566 280561 369135 539769
749491 193288 404858 676546 601521 276059 657811 669994 173914 513261 419020 811822 417677 193609 775267 239475 430628 550297 408204 153694 528724 289904 792244 405318 664707 515000 191114 217126 223847 189250 915783 254444 999999999 97413 441901 1012976 320208 399129 671187 276656 151557 266460 218870 906256 309680 175800 837449 656761 813732 632930 387090 486122 100860 477311 130750 247793 191221 222877 573323 343552 104210 514039 766137 641757 500048 433100 661101 707300 848683 327671 475291 793509 168870 332287 769842 536607 342184 578386 209358 614304 690385 471392 270947 358070 145155 506175 322004 721375 416345 736983 713278 385327 269757 604833 518015 611319 331981 511202 135208 472171
727310 257847 365203 700819 575056 241630 573271 593019 124878 472350 395091 807624 507263 221671 774846 325833 408104 460032 312644 209259 540628 269550 767284 360840 691858 529980 129984 169627 270263 132279 936060 232430 97413 999999999 478622 1028854 417087 302001 598921 237094 244643 231645 187109 903762 267458 112005 760932 610522 751895 545999 450791 435514 119426 468143 97302 224545 287850 173321 568858 437342 180468 439161 715618 691874 409007 527318 625394 652033 872502 248140 379735 826912 260676 325260 750691 446779 245245 535612 305824 526605 743607 430449 176907 374494 131724 581685 225533 770772 323375 756253 753059 425390 220858 588420 579750 565118 252323 510274 144362 563026
450415 260092 338664 241384 361652 712811 717645 673591 599928 381055 275381 436547 350133 627587 391789 304980 271112 683231 635243 288928 150438 278716 497159 358839 226345 129610 410024 373614 218220 401688 480857 298191 441901 478622 999999999 582244 431345 690278 644618 710926 367656 702887 655590 518255 342397 590441 804287 492339 694112 717347 148310 414172 360758 222430 390134 304363 399395 649937 246481 378005 510919 553167 595312 223986 653611 419751 444285 575020 410882 484302 684123 351630 494706 220950 454644 669375 649379 424681 397190 709377 279870 363432 535220 129825 584881 261214 640687 298945 613249 307478 274440 57502 366936 318442 174350 461772 719617 197359 577088 390251
441879 841352 732402 340863 549273 1270380 991270 909667 1153732 673948 669640 282790 865132 1204132 287957 881310 656061 1034494 1071422 864814 488229 770290 445594 750208 357109 499557 926365 882131 794664 919493 105080 804828 1012976 1028854 582244 999999999 988389 1154377 862907 1265883 949793 1260379 1214879 215617 804457 1138680 945135 648699 775856 1014209 699626 736465 920693 577852 932229 812823 979010 1201514 478200 925467 1090722 881948 665653 470281 1031573 933603 573874 710846 178492 933046 1093672 270412 1076663 707829 410534 1025368 1131796 653122 974963 1018818 465185 697074 1023307 656675 1149530 711220 1131508 421579 1036225 276443 363545 639300 849073 497631 610775 662203 1240032 526372 1146848 879124
864472 251404 608613 656701 744196 534842 939458 932842 469993 703221 585422 867771 154028 384354 823133 147239 591290 848240 720865 283428 575430 483860 911426 619002 636770 555295 474325 477611 304113 468618 883452 464182 320208 417087 431345 988389 999999999 719087 922548 542207 178276 527764 487572 948939 537904 481821 1093727 844736 1032222 921042 291699 701506 350594 594842 409989 462156 129299 509793 659851 67106 282618 779421 957319 532576 800852 128390 821502 914489 810119 614657 787237 726945 196637 483953 874266 833831 662284 765141 111581 904714 561484 667181 583102 441703 420141 308981 642211 603563 723135 725894 633131 384634 518339 720029 385153 803215 638977 599221 391666 187854
765777 534504 422016 866154 620477 333508 379374 438665 290480 492672 487073 891425 802064 442012 871749 619902 500231 246048 95956 483945 692929 415093 793067 404256 864530 690665 288290 318159 525055 296706 1077354 392134 399129 302001 690278 1154377 719087 999999999 467230 318938 545215 329402 325285 985553 361105 266311 589949 584639 647243 340877 710820 432352 390577 581163 334008 385919 589834 284852 677150 737234 464438 330233 659545 914264 201859 827323 633598 585908 1025964 222167 129517 1005870 553653 478800 795995 239523 57292 535446 607768 319314 970030 461908 157381 562945 345780 854819 79163 988073 136050 905570 950368 649032 325942 661350 829675 547186 177861 636358 377264 858971
421372 672738 323368 686310 341171 763479 135337 47726 674942 264940 372572 580439 929027 814656 583572 779942 374650 235553 374205 639656 546411 440894 425414 308587 697495 558666 480093 458502 625715 482068 819086 458367 671187 598921 644618 862907 922548 467230 999999999 750770 756021 756324 732904 655679 384782 647829 171198 215175 180954 168703 753117 234057 591185 428841 542235 460534 811314 696520 467602 905440 772807 160304 224956 827105 267864 983484 291587 158674 794608 351723 345943 820488 835586 458502 453225 235969 487168 238296 824015 182187 880323 282154 447332 537034 714195 896530 503402 876737 336540 690203 807984 640436 409910 404271 818967 212803 634423 473721 736590 983284
950062 469863 581704 937303 796634 14785 686570 731893 112286 683282 622242 1040304 670459 168296 1009062 505031 635763 555286 389882 427930 777674 501954 987367 572895 927805 767067 349608 393994 495909 354903 1173100 465443 276656 237094 710926 1265883 542207 318938 750770 999999999 410641 15493 58371 1136781 487245 128544 893528 810699 921946 650712 663647 636523 350616 701161 333736 457416 429659 65261 802703 585631 261214 594589 906846 917251 505741 668805 837618 837389 1109205 415440 444109 1061373 346200 560603 975423 545953 275860 742363 446939 629182 966609 642914 308489 611304 133024 777596 255167 996787 421186 993287 984808 655909 438821 816623 794593 766712 149315 745530 154282 719728
751313 115417 452946 608951 616090 406837 764906 763017 319172 554906 442738 783663 266615 281442 742352 94724 451110 670606 543016 122176 487879 326576 797086 460288 593127 470227 296710 303031 171954 291293 847796 300958 151557 244643 367656 949793 178276 545215 756021 410641 999999999 398140 352513 873053 372454 325043 926617 699736 877620 745101 271731 544036 173084 473299 231967 297510 55294 365224 555325 192718 160041 607936 812478 536193 622866 282676 687364 763003 776824 437698 609214 708668 127221 342111 766255 656260 489054 619304 69181 728310 579077 515872 405473 327125 278622 368213 469912 614846 544861 674993 621011 311039 347163 603661 399154 656052 482515 491746 256941 320668
948855 459747 580932 930638 795489 10011 694441 738293 106972 683417 619957 1037031 656956 152844 1005286 492674 633403 563681 398072 418603 772158 498424 986612 572642 920821 761218 347421 391535 487100 352422 1167019 461710 266460 231645 702887 1260379 527764 329402 756324 15493 398140 999999999 47646 1133428 485776 125889 900685 812260 926443 658964 653072 637646 343197 697658 328746 453704 416106 63890 798998 571761 247323 599394 909449 907799 513785 654566 837827 840440 1102680 418290 453474 1053738 331574 556256 973888 554082 284848 743092 433279 637480 956794 642783 312201 605030 121826 765557 263712 987378 428536 987214 976458 647557 437383 814328 784014 768050 162327 741291 141324 705903
909461 412157 542757 884156 756329 57399 678428 717433 64887 646846 579027 994289 613345 126191 961863 446808 592332 549928 384619 370970 726753 455731 948015 535496 874107 715483 307352 350807 439554 311811 1120988 418785 218870 187109 655590 1214879 487572 325285 732904 58371 352513 47646 999999999 1090541 446515 88524 881889 778533 899787 644364 605632 603241 296379 654774 284410 410824 372745 40457 755762 529262 205350 574248 878007 860154 499048 613373 801206 810171 1056284 388741 443855 1006609 292707 512352 933910 539446 275679 707660 390215 623105 909166 605745 285826 558962 74667 719254 253328 939733 411983 941218 929017 600136 398322 773189 736579 733893 173932 697379 97005 663203
235793 758386 570403 307625 365677 1143257 787024 703042 1026756 493831 517389 96610 850607 1099827 131388 821518 503597 841573 897129 770300 385242 635008 232472 585362 330739 402899 788119 743424 704685 782342 215908 671812 906256 903762 518255 215617 948939 985553 655679 1136781 873053 1133428 1090541 999999999 655054 1008241 730335 444647 560594 812609 659341 555657 807632 435799 806728 679797 911793 1071531 335004 892883 995761 691331 451632 495075 844284 921609 373141 500487 243933 769301 911472 333520 999146 579103 203453 833704 970044 461470 911709 819026 514506 523760 868111 552139 1031760 716045 972906 479272 859722 243217 399471 569192 702612 326561 607063 464179 1090755 395438 1034484 877950
463120 289378 97802 505245 309850 495277 411991 395742 381631 205726 137728 558511 555564 486145 531326 396695 151548 349552 295255 254876 332138 67896 501535 95723 503426 329560 139352 97902 246638 135651 721797 74053 309680 267458 342397 804457 537904 361105 384782 487245 372454 485776 446515 655054 999999999 359978 555899 347433 508859 401059 403295 177075 216163 226614 181164 75762 427667 422338 327383 523448 413793 245794 456462 563661 314584 604782 357983 398795 667286 143685 341767 644766 462276 122042 488184 335103 330333 270067 439798 388594 620170 163664 219138 212625 399008 553416 328008 633956 271133 546864 591162 312005 48424 330724 501408 301922 437207 279262 410721 611896
823093 361712 455498 812352 669769 135509 599471 634178 27397 558867 494113 911771 591605 178903 880553 415132 507580 473999 310995 315570 650666 373425 861086 447709 803641 640608 221538 265719 379901 226606 1046822 336968 175800 112005 590441 1138680 481821 266311 647829 128544 325043 125889 88524 1008241 359978 999999999 799919 690023 812790 566959 556391 514768 230223 572621 206642 328935 357148 63321 674187 513718 206554 488414 789598 802262 422475 601814 713275 721988 983827 301137 374009 938909 298412 432420 848030 462647 211334 619368 375422 546042 853363 517935 200649 485886 79530 681016 188429 881391 334379 867073 864877 536836 311612 688495 686530 645410 157977 617224 110995 644969
511186 843911 492775 817567 473214 907013 210733 167922 827297 423587 537513 670791 1098607 971947 684243 951091 538105 343930 505228 810750 693956 611902 500002 478839 831570 708390 646558 627436 796580 649100 917539 629546 837449 760932 804287 945135 1093727 589949 171198 893528 926617 900685 881889 730335 555899 799919 999999999 332877 170936 250210 919280 401557 760424 583822 709889 631659 981903 843791 606195 1076426 937660 323409 280110 973828 389908 1153924 405296 250608 904303 512835 460939 943833 1003419 627335 539779 350790 620713 383208 994795 271448 1024921 446764 600062 702761 870288 1060248 639698 1016900 472355 810739 943360 804528 579901 535274 978165 349490 765592 623062 894581 1152373
208890 596419 252342 484839 141183 820995 342915 261274 714626 145336 259440 365944 817396 831592 368442 697498 253540 403344 489585 577560 367142 375378 220658 251730 498694 383428 480553 443648 541166 478730 604055 406432 656761 610522 492339 648699 844736 584639 215175 810699 699736 812260 778533 444647 347433 690023 332877 999999999 201853 367986 623310 175587 560612 270947 528520 411975 752933 748583 274869 813427 760648 261163 112894 643987 414294 880075 76682 84862 581456 397671 488141 613381 803164 361208 241197 397263 584685 80432 761760 374887 693840 186184 506160 413179 740109 753371 594176 684469 449638 481122 610485 504332 390821 202495 662146 45537 724511 299722 754867 866569
347903 781259 425048 671356 339402 934087 301156 217837 839364 330520 449971 504981 1014639 972184 521973 885577 446486 415639 553262 756453 567265 551391 332192 417443 687512 584191 625920 596643 728333 626237 752359 577222 813732 751895 694112 775856 1032222 647243 180954 921946 877620 926443 899787 560594 508859 812790 170936 201853 999999999 339865 823233 333653 724567 472308 682982 581333 932207 865049 472062 1005427 917576 327583 116220 840646 448767 1075589 261232 120235 743626 511894 526894 790289 971010 549533 374673 416687 664554 273391 942716 356665 888664 365069 614555 610383 874196 955029 679678 876069 514764 656927 798902 704642 544370 396789 863900 234897 811608 501204 893936 1065051
576820 682915 378683 804284 472861 664636 40604 123775 594232 366328 444477 731742 955088 743861 729189 788475 451386 95588 260894 641169 647373 467613 586323 358630 811973 655498 449643 443563 645865 454384 961952 472163 632930 545999 717347 1014209 921042 340877 168703 650712 745101 658964 644364 812609 401059 566959 250210 367986 339865 999999999 801540 313296 572277 522606 515138 471436 799102 605053 584696 916116 726415 164194 393455 921127 145371 1000867 440749 325073 930088 308090 211425 943845 801799 505801 609156 104977 375327 365669 814252 21620 976676 365125 373239 595066 641708 950805 395556 979637 232728 818746 918433 700179 406932 533049 888028 352188 517794 575172 668693 1011896
597964 194815 432041 365126 500373 662519 808216 776230 559232 498247 381784 581503 202262 551377 536018 187435 381788 752630 673828 241588 298621 335493 644837 449470 345515 277804 422731 398163 186510 414379 595150 339147 387090 450791 148310 699626 291699 710820 753117 663647 271731 653072 605632 659341 403295 556391 919280 623310 823233 801540 999999999 519063 333826 353433 381509 342461 287415 609047 392936 233563 429930 640407 730665 264648 715529 271495 582522 703057 522209 530921 731189 444929 391347 297825 602836 738113 662216 550113 280248 790402 307761 472516 553788 216522 531282 150202 648954 343120 659718 434265 353881 119193 411224 462445 130948 588429 702860 339434 516018 245392
333594 450102 93033 493823 190129 646507 307278 259673 539189 62568 139409 463515 697370 656934 449027 555963 143094 305452 341844 423170 334081 218336 362882 83790 500225 342405 305688 270394 399291 304251 670634 243607 486122 435514 414172 736465 701506 432352 234057 636523 544036 637646 603241 555657 177075 514768 401557 175587 333653 313296 519063 999999999 393160 209416 356309 247864 598726 573855 277030 678912 590326 154625 280775 609266 296024 753933 205246 221736 630352 227732 357588 634871 638884 225925 363649 294458 423426 107094 609513 309740 664397 52147 335333 303037 564651 662864 430094 666443 304093 514392 605487 406864 217322 239066 588089 130667 557352 262031 579870 750870
648644 145362 308273 587931 501007 353179 592831 594864 239207 416074 318633 712723 412878 292853 676977 231783 330060 497679 375578 94777 433758 189818 691479 310634 577729 421252 123737 133043 151010 118209 825472 155245 100860 119426 360758 920693 350594 390577 591185 350616 173084 343197 296379 807632 216163 230223 760424 560612 724567 572277 333826 393160 999999999 376878 60144 149076 226825 289180 473788 355016 201620 438843 671225 572480 450326 444134 561884 614895 760138 264635 440590 710759 246529 231675 669001 483295 337493 481411 242111 555326 624190 374545 240508 264021 228865 469759 321529 651438 374191 645877 635073 306668 181895 504024 461594 515387 369596 412221 227559 470240
278291 359936 163782 292524 150120 707499 516208 461907 590957 164107 94414 339517 550784 669588 308152 449646 81902 507266 504546 356689 125307 199239 323813 184199 295834 133008 353519 308779 302371 347399 496589 236014 477311 468143 222430 577852 594842 581163 428841 701161 473299 697658 654774 435799 226614 572621 583822 270947 472308 522606 353433 209416 376878 999999999 371331 243998 521343 635935 101945 555737 572967 361623 377232 400785 488981 615848 230520 352821 445211 359019 537776 434632 592013 145318 295079 494936 555069 202380 526475 518406 455470 157481 445515 153140 597015 482811 553980 457043 473086 325073 397647 234241 271814 130638 394936 239342 663072 56492 601337 598036
633868 200560 278108 606270 482713 338712 536977 543153 221815 386544 301127 710687 471958 306537 677632 291489 313781 438745 315616 150133 444098 173618 674829 276798 598134 433972 65503 86429 195167 61350 840188 136438 130750 97302 390134 932229 409989 334008 542235 333736 231967 328746 284410 806728 181164 206642 709889 528520 682982 515138 381509 356309 60144 371331 999999999 128739 284786 269292 471758 415150 234720 386871 636848 608465 390905 504205 537206 577009 777450 207049 380479 734767 293543 227990 656403 424446 282488 451162 300625 497742 661794 344485 181443 279828 226074 522067 267995 686390 314093 660454 663771 339514 139278 493137 506061 482992 329969 412981 233214 529446
505534 214275 159881 496325 355206 463561 484561 471178 346962 267135 172928 583486 483654 433560 551655 321474 185329 413249 335236 179144 327497 45007 546987 164217 491032 320256 114278 71855 174456 106989 724162 8044 247793 224545 304363 812823 462156 385919 460534 457416 297510 453704 410824 679797 75762 328935 631659 411975 581333 471436 342461 247864 149076 243998 128739 999999999 352609 392253 345318 448562 350419 319856 523156 528349 373891 530914 413318 468881 664614 188676 389741 631046 391933 105082 527761 398596 345917 332498 364424 457785 584126 225795 231435 178189 354730 492301 338611 602536 318125 545493 568448 264647 68781 364405 450319 366911 430807 288604 361601 540489
