NAME : synthetic_000186
TYPE : CTSP-D
DIMENSION : 100
GROUPS : 8
RELAXATION_LEVEL : 1
EDGE_WEIGHT_TYPE : EXPLICIT
EDGE_WEIGHT_FORMAT : FULL_MATRIX
EDGE_WEIGHT_SECTION
999999999 195393 343874 393793 559370 470759 533240 660285 320055 219497 729300 841140 175999 607727 18583 592105 162741 908542 262454 275157 520557 499328 327601 708447 504766 464921 168461 552322 107520 352205 178081 529501 470369 529901 785412 619288 278482 768775 125761 237000 878846 737779 391420 604490 772930 382412 311678 397750 647493 826066 417562 645584 372574 106620 235134 588762 620420 397353 828588 357047 810312 810361 312729 235350 552212 797827 271187 292023 520361 756682 594485 346731 424100 102156 506680 917182 433712 604329 71852 438429 383867 932397 826444 455443 156652 604483 681556 165539 792713 420578 802437 747973 753335 522812 641372 514220 659298 57664 546046 829702
195393 999999999 537727 503799 744495 548896 641100 810537 410205 260905 899141 963541 27010 640176 199962 787360 34357 1070472 405143 459863 646236 643969 351311 869206 327597 575012 352195 508008 291342 546460 372680 613510 366463 723570 967376 744276 464045 800633 313807 426404 948527 831363 561651 783906 926436 301685 500679 301454 818019 993097 256215 657852 442520 270168 392070 553760 808520 464336 932914 549154 850077 821537 474837 402518 584436 976482 420350 237476 675994 946392 718709 172414 327709 284879 491533 1098342 435369 762841 210868 622039 550246 959444 929041 640201 333516 641984 734662 119012 907813 249652 984961 815725 760195 702413 834604 686674 749047 138977 739773 993206
343874 537727 999999999 455034 316483 563158 548453 535404 454140 470442 528018 763871 515984 740963 337778 264182 506091 715825 253817 191807 498142 432777 546550 541848 845049 497209 194592 791213 249756 11472 165925 594007 770789 228667 530362 572508 102863 878339 250021 118257 909442 739799 283691 382573 620375 677496 64067 700938 455707 624012 753340 801795 513930 313627 222895 812661 350679 533519 794655 134909 901894 946955 193781 267560 696688 555539 319274 587832 412544 466270 555397 688357 724188 256411 721240 657000 644846 464497 337230 239970 296006 1032192 796578 243060 219476 730645 768840 495830 739134 759838 543695 798944 902704 317985 334542 345057 682874 401530 202184 639061
393793 503799 455034 999999999 396867 108233 140318 329658 97874 249971 456627 459797 503210 287360 409194 551099 474183 598036 580137 264038 145491 171307 215105 404911 658473 72199 444194 400287 425955 452959 385806 146538 475497 462807 565261 241213 484605 424884 311271 445259 492170 344123 210023 395106 444716 399074 482845 430683 386900 535718 560600 351905 107036 289879 539544 403468 467322 109795 436229 340970 452960 491945 579732 205829 247856 558506 148208 349949 223842 595839 215671 546526 440548 427249 317425 681824 256441 303744 459702 306737 189871 582647 433609 324380 458593 276228 318661 387976 405376 583649 583898 366042 449033 334213 540322 289579 266980 410750 588151 527375
559370 744495 316483 396867 999999999 484709 403313 264948 461531 566828 213388 495790 730280 652263 562903 194183 710138 399848 565509 285057 337067 259962 588132 240768 995675 389832 471340 797055 505219 305741 412977 479234 851492 124189 227467 361356 414291 745422 433918 410371 705684 534977 203778 68891 319921 764583 379868 794621 149932 307812 896191 723537 499222 474892 530144 799493 71639 506179 553880 213018 750009 830126 510264 348276 627879 245354 353803 692235 206465 209130 356512 854831 810548 511013 714290 359236 651271 199632 587090 122644 222470 873732 558613 104316 497725 637473 632865 660076 490441 912243 243825 626066 803173 63256 148744 113689 507285 609197 289706 324204
470759 548896 563158 108233 484709 999999999 122650 361708 150714 288138 507306 434140 553279 179649 487712 650395 523119 623058 677854 371882 172336 233407 212005 445336 648695 96353 542281 327782 517825 561165 486926 65014 441380 562104 628380 239868 589857 318730 405223 549262 408711 282941 312076 471937 467993 380521 589756 411395 447883 573769 555874 246128 106378 373356 637963 320643 552721 85486 387541 448474 350291 383800 682736 309240 144530 615709 251666 355815 290967 673482 217759 558665 414710 518308 244339 735158 203269 356295 540389 406544 292568 478766 382830 422948 554458 168103 216610 429903 371933 582267 646643 277240 341056 421464 631831 372507 200395 477254 693640 560081
533240 641100 548453 140318 403313 122650 999999999 241969 230978 382949 392521 324021 641732 253433 548246 585011 612358 500593 705422 367955 66406 143685 325085 327074 767820 68367 570429 445054 558654 544043 508414 82485 563838 498825 519113 117593 595635 346329 443823 560669 365943 207132 269653 377496 345661 500591 586840 531791 340447 453624 673307 325429 211216 428299 664245 432324 465898 197420 295925 419900 359599 428069 695752 329608 240633 502988 275196 468181 197658 575488 95110 669910 536245 560540 362856 619535 325897 246368 597936 350807 254184 488823 293407 363402 587293 237784 232943 523774 266717 698758 536921 250493 399917 341952 551975 289971 136669 551065 646579 438777
660285 810537 535404 329658 264948 361708 241969 999999999 425808 572783 156933 233249 804600 483147 670662 457331 778052 268377 755912 412738 191976 166977 543544 86103 988058 276080 635016 687008 646785 526810 569294 322594 797315 387921 291420 139704 616106 531791 543560 596070 451598 288555 280671 206683 116499 726394 591725 758021 133754 212063 890254 553685 430577 555942 715855 673588 300414 423934 290217 403440 523145 621852 719711 425431 479602 268696 392810 679422 140871 371016 152200 873512 765830 650880 604604 379706 563437 71220 710883 295483 281882 637072 295536 294411 658329 466800 427596 702045 226008 913129 307745 393860 609195 227791 393424 190783 286622 695020 553486 199487
320055 410205 454140 97874 461531 150714 230978 425808 999999999 152846 546337 554328 411480 302593 337069 594359 381870 694004 535506 265826 243331 263253 127708 498551 563880 165998 401563 348596 371570 454531 351614 210915 392310 507846 647719 338060 462537 457843 262216 418981 559186 425197 260349 470667 541483 310079 469296 341347 472941 629022 465265 354675 61594 224253 496715 362911 533149 84647 523680 360911 495040 511336 548428 186842 251429 644263 136760 253964 311215 667369 312613 448817 353921 371518 271724 768535 198826 395009 389885 355941 240481 620806 520201 375329 411153 296010 363595 292831 497680 487522 666392 427952 460255 401504 597156 363050 344180 327899 613123 622081
219497 260905 470442 249971 566828 288138 382949 572783 152846 999999999 682450 706793 265350 396764 238079 665663 235115 839570 473554 312562 395282 406878 108674 640968 430509 318810 354317 339370 305672 474517 326128 352637 302786 585465 772137 490837 444632 559062 227399 398373 691291 570458 364552 589365 689165 209800 464593 236313 605036 770019 330704 428747 181784 165402 440497 372289 637307 204149 672436 416599 604363 594317 508678 229229 340450 773514 213056 126708 448732 775957 465359 301643 257136 302964 287827 898064 214218 535234 290523 448818 347702 721803 668413 468728 353997 395646 481751 142068 649279 349100 790619 558394 536071 512744 687139 483315 488158 204637 657557 765516
729300 899141 528018 456627 213388 507306 392521 156933 546337 682450 999999999 331725 889229 638944 736351 374416 865316 188508 772550 458855 334985 285350 670981 74164 1109021 415375 668142 834979 693423 517569 605555 474649 931880 329165 136143 296546 622980 687013 605040 614165 589502 436693 338728 145558 128995 855064 590595 886590 81807 98567 1009703 709870 562663 632138 735490 824603 209035 560074 415103 412856 675553 777422 721453 497908 632685 111831 480959 798543 235224 230265 307545 983363 897117 698577 751644 227863 704460 153245 768711 304806 348971 784790 422364 293740 693767 622649 584213 799701 350459 1030286 151567 546081 765981 216777 291988 215130 442715 772297 487575 111061
841140 963541 763871 459797 495790 434140 324021 233249 554328 706793 331725 999999999 962884 470622 854296 684841 933957 294729 971976 622985 321082 350619 645304 267726 1080729 388629 844490 711800 847002 755843 778807 372183 863919 619681 456955 222001 838801 442722 736280 814424 282262 190147 493629 433071 204422 812287 817611 842464 352581 312980 989480 527335 533495 734524 931065 683258 522228 517102 103428 629912 410746 530031 942862 615870 493920 421336 570949 789204 353726 561321 247123 991824 842970 850195 639825 490747 625650 303809 900216 525267 489321 492680 112940 525929 865777 455685 373591 847041 66520 1016214 467665 295522 541077 461032 613212 422168 254632 865952 785366 283221
175999 27010 515984 503210 730280 553279 641732 804600 411480 265350 889229 962884 999999999 651183 178833 767875 30331 1062553 378467 445255 644085 638573 360569 861272 354236 574930 328543 527070 268190 524939 351701 617495 390347 705707 954334 742622 440215 812378 297585 403428 955764 834881 550926 771423 920085 322727 477418 324101 807831 983951 283167 671409 447024 257863 365965 572103 793329 469492 935081 532097 860988 835831 448755 391546 595149 964404 412767 254124 668658 930631 717091 199406 350624 261656 507276 1085624 448607 755165 185975 608128 540299 972207 931465 625973 309168 652364 743459 126026 908228 276633 971760 822857 774796 689764 817046 675792 752848 121554 717772 984855
607727 640176 740963 287360 652263 179649 253433 483147 302593 396764 638944 470622 651183 999999999 625905 825643 621201 718657 837558 549211 319017 393140 291765 569156 649925 265262 704103 245257 671912 739393 653553 173361 419050 737688 769443 344218 761711 162314 564626 719382 327829 282477 490414 630487 570353 394448 764553 419220 592668 688005 571949 71996 241976 522364 799099 212904 717238 218006 389814 628088 209902 208965 850447 481258 56375 750611 424875 411664 449383 828917 331406 601173 410844 671342 185972 862496 209649 498326 679499 583245 471246 325255 381803 598819 713105 16396 111413 525549 404232 601727 786857 205975 161798 589625 800833 538622 220138 600921 872796 668451
18583 199962 337778 409194 562903 487712 548246 670662 337069 238079 736351 854296 178833 625905 999999999 589446 168521 916763 245350 279994 534119 510908 346176 717160 514682 479997 156957 570536 95329 346501 172899 546002 486344 529353 789556 632625 268156 786830 131366 228047 895494 753302 399396 609613 782635 399048 302721 413767 654561 833505 429109 664049 390188 120306 219129 607159 622759 414985 843246 358007 828134 828768 297791 245250 570453 802832 283627 309044 530358 758179 607959 356349 440248 89467 525219 921408 452293 613633 53598 442786 392650 950466 841229 459366 143104 622555 699091 179971 806582 431054 806401 764854 771813 528081 641036 521226 675192 66792 539871 837760
592105 787360 264182 551099 194183 650395 585011 457331 594359 665663 374416 684841 767875 825643 589446 999999999 754164 541404 507803 353450 520165 442038 712868 421160 1076409 560389 457336 942024 508713 253268 417851 655524 965899 88359 318034 554140 363794 930779 478531 382020 899685 728561 341225 251895 496999 874223 321914 901782 332588 452252 979954 895263 642959 535210 482271 951541 165883 655032 747224 249913 938838 1012960 434045 436648 794890 353099 465206 791676 393605 224023 547688 924546 921522 515311 862322 427380 792567 393662 596689 244430 361523 1064306 752174 227464 482868 811800 817507 726977 683319 990910 325723 817013 981692 247119 92216 298829 697390 648516 120257 476169
162741 34357 506091 474183 710138 523119 612358 778052 381870 235115 865316 933957 30331 621201 168521 754164 999999999 1037244 383504 425527 615672 611697 330388 835957 351569 545757 322887 500841 261554 514635 340610 587396 370108 689758 933058 714031 434784 782526 279711 396101 925434 804875 527613 749629 893790 298743 470623 302117 784123 959480 274177 642088 416834 235850 367869 545287 774205 439241 905348 515156 830965 806735 450378 368402 565124 942258 387127 226716 642930 912127 688483 193932 328935 255205 478938 1064052 419273 729668 184341 587682 516372 942591 901675 605846 305323 622275 713183 95815 878952 270844 950632 792527 745832 668117 800690 652621 722789 105668 708253 959830
908542 1070472 715825 598036 399848 623058 500593 268377 694004 839570 188508 294729 1062553 718657 916763 541404 1037244 999999999 961056 642681 458356 432695 811640 201292 1256397 542664 855459 941289 878668 705249 792232 575906 1062803 509403 233786 385290 811416 725359 786057 802546 576920 463552 517370 333329 155214 993977 778692 1025575 266863 92196 1158631 784538 698184 808087 923929 922379 383042 690401 397603 601201 699651 815176 909462 674198 726317 194184 650134 947752 394693 348590 405680 1140888 1032651 883627 861047 209247 826278 307657 951621 492482 524836 787296 406928 482013 880870 702433 639695 965517 345195 1181444 234460 576628 818027 404855 451662 398027 501284 948535 659667 79384
262454 405143 253817 580137 565509 677854 705422 755912 535506 473554 772550 971976 378467 837558 245350 507803 383504 961056 999999999 349342 671444 623116 577441 777018 732702 641865 135948 811747 168724 265244 197239 726444 730706 482216 783738 761391 151829 993009 273437 160296 1069922 911034 478745 628747 852980 644305 190186 658283 696036 870228 657536 884702 595592 318060 41330 845841 604117 619737 984564 360555 1027951 1045550 83095 376359 784726 807903 432762 554377 620178 718880 739900 576780 684948 170837 760433 910810 684907 687861 204682 470972 482731 1155378 984652 479607 124458 831458 894461 422529 936564 653974 797319 946042 992089 556893 585569 573144 841279 305255 416239 882834
275157 459863 191807 264038 285057 371882 367955 412738 265826 312562 458855 622985 445255 549211 279994 353450 425527 642681 349342 999999999 326023 273807 369693 446586 726863 311164 222717 610179 236609 190726 156847 405778 614200 275836 510321 412726 227796 688534 149400 195169 733474 568515 132099 329620 517538 521850 220325 548865 377394 556874 629101 610095 324139 191692 308263 627910 348773 342815 636513 104050 714265 755620 329182 85378 504983 522867 129234 438273 273601 487185 391922 579025 569213 241318 536442 642050 461424 348321 309888 163352 133733 844461 636992 180789 245622 539025 580442 381588 587371 641794 527435 616773 710926 248111 382480 244703 504454 324144 351377 563314
520557 646236 498142 145491 337067 172336 66406 191976 243331 395282 334985 321082 644085 319017 534119 520165 615672 458356 671444 326023 999999999 78134 354185 273794 799509 84327 538539 500010 533422 492876 474449 146291 605386 434620 457773 99136 553034 410615 420131 521054 411303 242976 215171 311497 303521 535694 540700 567274 277849 403335 702725 390970 240077 414021 630114 490847 399504 232192 314412 366391 420815 493611 655163 301150 302910 443799 252052 493358 131253 510343 73992 691583 574375 536013 416664 562828 371950 184818 581190 289580 202168 548792 313880 300988 557455 303552 297360 531922 272784 726652 475849 305501 466278 275998 485675 223908 186395 544945 585232 391446
499328 643969 432777 171307 259962 233407 143685 166977 263253 406878 285350 350619 638573 393140 510908 442038 611697 432695 623116 273807 78134 999999999 386056 235353 827133 137194 494106 558468 496985 426604 428564 219801 646573 356650 397758 140559 495904 488743 388008 467739 480009 308353 149935 239265 283403 570148 479655 601726 217675 365771 728451 464782 277427 393561 581983 553892 324101 275906 364482 298718 498229 571589 599460 267679 372344 388590 228882 517070 57596 440367 122630 708239 611852 500374 474614 511198 421858 132472 554069 214045 141513 625577 365635 224301 515184 378091 375494 535069 313630 750334 416255 380612 543275 198289 408702 146404 260601 531034 508817 359284
327601 351311 546550 215105 588132 212005 325085 543544 127708 108674 670981 645304 360569 291765 346176 712868 330388 811640 577441 369693 354185 386056 999999999 619981 445333 270626 453117 245391 408761 548929 417075 276253 264602 627946 774988 440867 534861 453857 318572 488930 598104 491968 385544 598375 657352 184103 549887 215670 599154 750799 349056 320392 114666 261889 542777 271999 659770 128282 598609 471130 501045 486093 606999 284720 235443 770732 247766 143926 436597 794714 416437 346722 226738 406642 183579 894742 107467 518513 398929 479351 366096 615689 593522 499040 455578 292119 383352 234573 583768 373896 793665 465625 427529 528703 721176 490753 409548 312633 721068 742069
708447 869206 541848 404911 240768 445336 327074 86103 498551 640968 74164 267726 861272 569156 717160 421160 835957 201292 777018 446586 273794 235353 619981 999999999 1062397 356779 664190 771784 683195 532147 599631 408248 877270 363923 210305 225287 631051 613189 587045 616900 517188 362643 318309 173111 79481 803768 602128 835400 90884 130825 963791 639557 508741 607194 738345 759176 256309 503866 345083 417146 601392 703688 732599 473579 565545 184419 448858 752419 193743 300590 238297 942603 844384 687874 689041 293606 645677 106556 753508 306341 324592 710947 351935 299662 688889 552798 511215 764844 280004 985661 225570 471923 693166 223874 345998 204601 369386 747582 527879 124708
504766 327597 845049 658473 995675 648695 767820 988058 563880 430509 1109021 1080729 354236 649925 514682 1076409 351569 1256397 732702 726863 799509 827133 445333 1062397 999999999 715898 671524 423817 609836 852396 679832 708757 232898 1002488 1202509 884810 782811 782583 600421 741759 976904 911125 794680 1019872 1102472 268479 816413 238350 1033367 1192902 99813 631032 559766 541373 719126 471635 1065373 570689 1021177 827734 838862 766188 801772 650369 606254 1203062 642810 310484 873890 1204559 860812 158412 240629 603767 464143 1327675 457283 958695 535893 875659 778125 915315 1014682 895383 655653 659468 760955 350577 1016545 85591 1221018 854841 706280 942890 1108932 913715 832224 448034 1045957 1185639
464921 575012 497209 72199 389832 96353 68367 276080 165998 318810 415375 388629 574930 265262 479997 560389 545757 542664 641865 311164 84327 137194 270626 356779 715898 999999999 506329 421976 492271 493747 445502 98532 521246 472488 533551 172761 537419 383570 377342 500625 428057 274243 228406 375598 387759 451479 531423 483041 353023 486887 619560 335319 156157 360156 600858 416698 457119 147892 364241 373670 404717 458583 635790 265506 238051 522231 209701 411171 194695 577129 147561 610972 490048 493962 338172 643046 289285 262909 529881 318634 210375 535006 361770 333781 522329 251464 272245 458444 333373 643905 551922 306451 422590 326696 537663 276994 199858 482871 611086 475563
168461 352195 194592 444194 471340 542281 570429 635016 401563 354317 668142 844490 328543 704103 156957 457336 322887 855459 135948 222717 538539 494106 453117 664190 671524 506329 999999999 693466 61688 204903 65880 590498 632779 410655 697130 630478 111908 858279 139608 76856 934346 776600 354667 528866 737505 542177 149176 560337 588602 766689 585818 753303 462255 191236 95682 724431 520724 486098 852566 258482 892509 912626 154382 240929 652047 716693 296966 450492 496308 647855 608297 513139 585992 67820 636680 827751 560064 569342 144589 363352 356086 1020284 852319 375447 26593 697518 758851 333147 806378 588010 712382 810129 860218 451561 521139 459752 705947 223742 392631 776287
552322 508008 791213 400287 797055 327782 445054 687008 348596 339370 834979 711800 527070 245257 570536 942024 500841 941289 811747 610179 500010 558468 245391 771784 423817 421976 693466 999999999 644704 793233 661260 365959 192385 854833 955521 556469 779469 359921 562323 733381 561614 526265 603532 793370 787907 210053 795230 221629 774985 898603 361942 210601 299813 503104 779579 49580 867609 290912 634656 708606 416451 344394 847846 526553 218582 943464 483338 275155 615425 994904 537717 414110 202545 641758 83853 1062788 149771 684010 619958 700684 583186 493069 626788 719472 693314 258567 354699 416113 645293 392347 973877 448984 283443 734495 939051 689335 457586 522903 960494 883012
107520 291342 249756 425955 505219 517825 558654 646785 371570 305672 693423 847002 268190 671912 95329 508713 261554 878668 168724 236609 533422 496985 408761 683195 609836 492271 61688 644704 999999999 259356 93730 570299 575338 455936 732546 628771 173342 829273 114932 135246 918123 765784 366966 558557 753697 485774 209339 502747 612503 791828 524365 717189 430413 150097 134875 677830 559406 454893 847562 293290 866317 879069 207528 232327 618311 749579 283647 394405 506242 690565 605433 451452 528739 6655 591895 864067 516223 584161 87992 390834 364950 992367 846620 405063 50104 666507 733895 272891 804926 526355 748511 790955 824789 478821 567470 480704 691851 162121 450437 799285
352205 546460 11472 452959 305741 561165 544043 526810 454531 474517 517569 755843 524939 739393 346501 253268 514635 705249 265244 190726 492876 426604 548929 532147 852396 493747 204903 793233 259356 999999999 174127 590899 775490 217199 519045 566014 114335 875547 255865 128869 904108 734078 278028 372072 610802 682167 75360 705927 445668 613382 760251 800788 513953 319174 234364 814047 339364 533204 787732 128076 898461 944891 204591 268377 695678 544351 319043 592835 405186 454803 549230 695978 728973 266011 722575 645587 646382 455810 347009 231329 290908 1028742 789765 233820 229994 728879 765660 502785 731812 767102 532336 794520 901178 308276 323136 336266 678019 409828 193996 628625
178081 372680 165925 385806 412977 486926 508414 569294 351614 326128 605555 778807 351701 653553 172899 417851 340610 792232 197239 156847 474449 428564 417075 599631 679832 445502 65880 661260 93730 174127 999999999 532340 618069 362556 639990 565484 118550 804778 99063 72296 873426 713807 288843 468130 672401 525545 141338 546630 525427 704116 589270 705947 413081 161190 155956 688961 465975 436147 788053 200320 837009 862507 196896 180371 603041 657917 237647 434218 430446 596836 543556 522731 571138 99993 599356 771304 522159 503925 180363 301242 290222 965684 787967 314407 89347 646053 702898 332020 741205 594828 655754 750786 811863 389541 474213 395484 644509 235702 368028 712946
529501 613510 594007 146538 479234 65014 82485 322594 210915 352637 474649 372183 617495 173361 546002 655524 587396 575906 726444 405778 146291 219801 276253 408248 708757 98532 590498 365959 570299 590899 532340 999999999 496061 568104 601596 190675 629701 285241 456196 591156 349632 218017 326795 457411 422039 440278 625956 470666 422768 533269 617340 245122 171089 429371 685944 350994 543886 150495 322661 471955 308488 360331 725890 352256 158181 585332 294716 419768 276065 656634 171873 622579 472240 571244 285142 701286 256522 328788 598064 415663 308892 438697 317869 430131 604401 158304 174856 494556 308909 644236 619406 220670 326172 416819 627911 365549 135553 538775 709205 517126
470369 366463 770789 475497 851492 441380 563838 797315 392310 302786 931880 863919 390347 419050 486344 965899 370108 1062803 730706 614200 605386 646573 264602 877270 232898 521246 632779 192385 575338 775490 618069 496061 999999999 883599 1039023 681242 734393 549792 522594 688791 744891 687555 648066 862977 907595 93333 759182 72628 862062 1007798 171971 398135 369238 458581 705415 241247 923072 373516 797735 718175 606017 536596 782600 529622 378309 1033737 503618 183858 699066 1058843 658833 236084 46945 570778 233148 1157283 239539 778734 526997 739704 629049 685407 790744 759581 625402 429421 530421 308488 798432 201993 1057699 624795 475814 792772 981150 755350 611250 425769 960279 996802
529901 723570 228667 462807 124189 562104 498825 387921 507846 585465 329165 619681 705707 737688 529353 88359 689758 509403 482216 275836 434620 356650 627946 363923 1002488 472488 410655 854833 455936 217199 362556 568104 883599 999999999 305525 474189 331490 845023 410680 339686 821582 649463 253039 190827 442583 792648 292031 820821 273088 417550 904911 807138 555435 463554 451429 863704 128164 567128 675132 175728 854584 926373 416865 356348 706583 334236 380911 712015 310552 238264 466019 853192 839810 462337 774744 429351 705578 320536 542891 156093 273369 981030 679483 139156 437074 723947 731657 655341 612407 917285 317590 734357 894254 166586 111791 216619 614360 584739 165688 437603
785412 967376 530362 565261 227467 628380 519113 291420 647719 772137 136143 456955 954334 769443 789556 318034 933058 233786 783738 510321 457773 397758 774988 210305 1202509 533551 697130 955521 732546 519045 639990 601596 1039023 305525 999999999 430079 631946 822761 659693 633112 723059 572663 410610 184331 253139 957663 594405 988778 180543 156764 1102700 840910 672293 697209 750514 948437 179683 672871 546270 439704 811695 913038 721636 566402 759662 40087 561736 893750 341998 115260 439074 1068309 1001602 738379 871723 131877 819373 273071 814533 346988 425632 920403 553981 330197 723639 753274 718963 877263 482496 1121076 18677 682222 900365 265141 225951 288823 577978 833909 438238 186675
619288 744276 572508 241213 361356 239868 117593 139704 338060 490837 296546 222001 742622 344218 632625 554140 714031 385290 761391 412726 99136 140559 440867 225287 884810 172761 630478 556469 628771 566014 565484 190675 681242 474189 430079 999999999 636324 396539 516547 607431 348011 175433 290439 318214 231440 617970 620168 649228 261329 344986 789723 414328 326329 512692 720134 539594 412698 314123 224082 437944 393228 485629 739746 396617 344033 408357 349712 582971 166773 502526 25571 783523 653836 631640 475799 518310 442797 170784 679120 346027 281795 513654 225090 352860 650485 327835 289481 629107 176217 814762 446776 266256 470367 307859 504460 257798 151185 644081 634262 327355
278482 464045 102863 484605 414291 589857 595635 616106 462537 444632 622980 838801 440215 761711 268156 363794 434784 811416 151829 227796 553034 495904 534861 631051 782811 537419 111908 779469 173342 114335 118550 629701 734393 331490 631946 636324 999999999 908566 217579 46262 961266 795882 346827 478418 708269 642346 42098 662512 547853 720165 695936 817039 524099 279484 120052 806472 452360 546252 860368 214168 937510 970410 104063 280908 713023 656114 338233 550746 485077 569116 616771 624503 687450 179615 716438 759325 639198 546464 255228 324903 354535 1067251 861375 331770 131798 753198 803236 441097 808423 698949 645611 843715 921729 408743 437043 429078 732202 334782 286347 733668
768775 800633 878339 424884 745422 318730 346329 531791 457843 559062 687013 442722 812378 162314 786830 930779 782526 725359 993009 688534 410615 488743 453857 613189 782583 383570 858279 359921 829273 875547 804778 285241 549792 845023 822761 396539 908566 999999999 719573 867931 213660 261943 610950 711040 593006 541373 907727 562863 657868 715092 713250 152388 399140 680690 953793 314659 803694 374507 343466 757185 56591 90836 1001079 627951 218675 797363 570396 568911 539146 899065 393829 751157 550369 829051 326005 896811 366487 566408 840420 696539 593549 163652 333945 709592 868808 164305 113387 687053 382633 743584 838574 148804 102996 685750 892998 633542 245650 763100 991861 690590
125761 313807 250021 311271 433918 405223 443823 543560 262216 227399 605040 736280 297585 564626 131366 478531 279711 786057 273437 149400 420131 388008 318572 587045 600421 377342 139608 562323 114932 255865 99063 456196 522594 410680 659693 516547 217579 719573 999999999 171345 803415 650954 268823 478791 653958 429579 237605 451934 523262 702315 506255 613791 322710 64025 234503 590566 495895 346644 733760 235550 754897 773057 290277 120488 512443 672113 169099 338950 402747 633048 492784 446515 475775 116720 501395 791442 424309 484475 167339 312705 263173 882016 732630 329849 149373 558226 621752 249855 692408 514845 676758 676745 720631 397146 521217 389931 576928 176043 447184 706943
237000 426404 118257 445259 410371 549262 560669 596070 418981 398373 614165 814424 403428 719382 228047 382020 396101 802546 160296 195169 521054 467739 488930 616900 741759 500625 76856 733381 135246 128869 72296 591156 688791 339686 633112 607431 46262 867931 171345 999999999 926612 763183 320811 471542 692702 596580 74711 617041 536742 712247 653550 773653 480575 233257 121574 760667 454705 503069 831401 201352 898114 928266 135183 240051 670001 654922 297744 505050 461484 577839 586949 583712 641846 141804 670793 762482 593561 527714 221045 311178 326374 1027521 832002 320563 101242 711235 763807 397646 781277 657435 647661 807057 878834 397814 448821 412877 697333 294075 315930 723987
878846 948527 909442 492170 705684 408711 365943 451598 559186 691291 589502 282262 955764 327829 895494 899685 925434 576920 1069922 733474 411303 480009 598104 517188 976904 428057 934346 561614 918123 904108 873426 349632 744891 821582 723059 348011 961266 213660 803415 926612 999999999 172725 626164 655333 472605 721775 951103 746985 585315 589953 899758 351377 511942 778943 1028905 519946 750240 488186 180700 777185 162294 282017 1061687 693562 376564 690826 637488 731353 514440 817609 359411 926508 738558 919376 512851 770678 533553 507572 947675 692293 613465 211875 171897 700189 949966 319959 219068 830238 241353 929490 736024 132917 315143 655009 843284 605624 229285 885738 982273 561376
737779 831363 739799 344123 534977 282941 207132 288555 425197 570458 436693 190147 834881 282477 753302 728561 804875 463552 911034 568515 242976 308353 491968 362643 911125 274243 776600 526265 765784 734078 713807 218017 687555 649463 572663 175433 795882 261943 650954 763183 172725 999999999 456114 487365 333305 644589 783574 673414 421521 455275 824128 337268 389093 633921 869764 495368 582432 368293 110211 606590 241044 352180 897679 536156 311057 544080 482269 634114 341717 659242 186896 836168 670900 767669 458212 637663 453908 338785 803744 519767 444433 348806 103560 527491 793971 268148 183510 712462 125095 852230 587296 113631 355500 482986 675150 433207 82610 751981 809640 429836
391420 561651 283691 210023 203778 312076 269653 280671 260349 364552 338728 493629 550926 490414 399396 341225 527613 517370 478745 132099 215171 149935 385544 318309 794680 228406 354667 603532 366966 278028 288843 326795 648066 253039 410610 290439 346827 610950 268823 320811 626164 456114 999999999 226432 386895 560816 329731 590844 257089 434805 694955 558177 303719 293470 438056 610976 275184 314394 514108 151231 628454 686989 450694 159381 455861 416198 151922 489132 141789 412449 272227 657837 606846 371306 522570 539553 455111 217247 435227 97348 20386 758143 515437 115941 377721 477570 498495 467071 461598 712137 428817 519031 649972 148218 336927 125031 401115 433568 382895 438379
604490 783906 382573 395106 68891 471937 377496 206683 470667 589365 145558 433071 771423 630487 609613 251895 749629 333329 628747 329620 311497 239265 598375 173111 1019872 375598 528866 793370 558557 372072 468130 457411 862977 190827 184331 318214 478418 711040 478791 471542 655333 487365 226432 999999999 251821 779195 445363 809972 82364 241779 920068 702411 501067 513840 592373 791529 95070 504701 496874 271074 711104 798054 576145 382282 611568 193349 377943 712248 181865 201747 317531 884264 824024 564063 709721 314477 651535 148645 637614 167923 241951 831635 502217 153724 554930 615048 600167 692932 432461 937895 202437 584450 775513 81746 187975 107666 468153 651576 355028 256613
772930 926436 620375 444716 319921 467993 345661 116499 541483 689165 128995 204422 920085 570353 782635 496999 893790 155214 852980 517538 303521 283403 657352 79481 1102472 387759 737505 787907 753697 610802 672401 422039 907595 442583 253139 231440 708269 593006 653958 692702 472605 333305 386895 251821 999999999 839213 680150 870788 170004 122109 1005105 638162 543549 669597 813883 770510 331268 535366 293927 494123 574265 683793 810346 537599 574588 218858 507660 794665 252720 357147 250974 989662 877605 758126 707052 304358 671160 169696 821152 383371 390830 675053 301939 377664 761748 554000 499018 818448 231255 1028360 264722 446471 680225 302618 418381 279844 357560 809291 605792 98671
382412 301685 677496 399074 764583 380521 500591 726394 310079 209800 855064 812287 322727 394448 399048 874223 298743 993977 644305 521850 535694 570148 184103 803768 268479 451479 542177 210053 485774 682167 525545 440278 93333 792648 957663 617970 642346 541373 429579 596580 721775 644589 560816 779195 839213 999999999 666489 31639 782824 934593 179846 389791 295839 365600 617430 258186 835987 304441 754339 625887 595820 543767 693296 437632 345833 954272 413948 91744 620516 972834 594375 210231 47367 481466 215473 1078446 191369 702610 442312 650788 542246 689331 748098 670715 535877 401819 503089 225325 748243 208707 976330 595147 481661 706994 891626 671568 564801 341199 867100 925372
311678 500679 64067 482845 379868 589756 586840 591725 469296 464593 590595 817611 477418 764553 302721 321914 470623 778692 190186 220325 540700 479655 549887 602128 816413 531423 149176 795230 209339 75360 141338 625956 759182 292031 594405 620168 42098 907727 237605 74711 951103 783574 329731 445363 680150 666489 999999999 687877 517145 687036 727871 822243 530475 301203 160908 820152 414723 551695 843681 188308 934423 972490 130914 283828 717556 619583 339679 575326 464418 528951 601696 658404 712268 215821 729386 720823 652264 521314 293677 297541 339530 1064556 845123 302517 171107 755278 800457 471510 789965 732018 607681 836527 925567 378623 396238 402595 722808 368786 245138 701563
397750 301454 700938 430683 794621 411395 531791 758021 341347 236313 886590 842464 324101 419220 413767 901782 302117 1025575 658283 548865 567274 601726 215670 835400 238350 483041 560337 221629 502747 705927 546630 470666 72628 820821 988778 649228 662512 562863 451934 617041 746985 673414 590844 809972 870788 31639 687877 999999999 814193 966225 152853 410688 327458 387919 632813 270854 865948 335891 783328 652907 617878 561158 709980 465149 372061 985596 443145 113107 651970 1003070 625707 192774 27071 498170 237122 1109813 219578 734183 454819 680149 572422 707954 776965 700088 552803 427270 528796 236387 778202 182509 1007441 621511 499211 737365 920610 702379 594076 353546 892301 957009
647493 818019 455707 386900 149932 447883 340447 133754 472941 605036 81807 352581 807831 592668 654561 332588 784123 266863 696036 377394 277849 217675 599154 90884 1033367 353023 588602 774985 612503 445668 525427 422768 862062 273088 180543 261329 547853 657868 523262 536742 585315 421521 257089 82364 170004 782824 517145 814193 999999999 179483 933794 664496 493831 550553 658287 768112 169978 493398 421076 335526 652910 746831 648002 416379 580463 171675 400890 723143 163062 241197 266106 905114 825851 617581 691193 295622 639532 94347 687169 225899 267776 769332 426978 216441 614009 576675 550001 719719 356088 953690 198899 524296 729418 139192 262097 133335 412390 690629 437372 187711
826066 993097 624012 535718 307812 573769 453624 212063 629022 770019 98567 312980 983951 688005 833505 452252 959480 92196 870228 556874 403335 365771 750799 130825 1192902 486887 766689 898603 791828 613382 704116 533269 1007798 417550 156764 344986 720165 715092 702315 712247 589953 455275 434805 241779 122109 934593 687036 966225 179483 999999999 1094155 756865 639491 727641 833447 883931 291815 634307 409631 511035 696124 805888 817723 593370 688837 117088 573409 882752 321399 271210 361522 1071614 975146 796949 816456 182537 775221 234842 866611 403341 443929 795031 418178 392042 792329 671612 620197 891301 349354 1115771 162600 568538 801738 315236 363884 312531 478302 868030 569572 30745
417562 256215 753340 560600 896191 555874 673307 890254 465265 330704 1009703 989480 283167 571949 429109 979954 274177 1158631 657536 629101 702725 728451 349056 963791 99813 619560 585818 361942 524365 760251 589270 617340 171971 904911 1102700 789723 695936 713250 506255 653550 899758 824128 694955 920068 1005105 179846 727871 152853 933794 1094155 999999999 560863 463721 445838 640408 411375 966038 475888 933715 730691 768744 706076 722339 551604 524861 1103347 543116 211407 774660 1105152 765421 86786 162881 518572 388683 1227957 371214 859736 455845 776456 678345 854293 927582 796218 571817 580113 681647 257512 926071 30458 1121208 774313 644700 843171 1010679 813904 743944 362408 953100 1087309
645584 657852 801795 351905 723537 246128 325429 553685 354675 428747 709870 527335 671409 71996 664049 895263 642088 784538 884702 610095 390970 464782 320392 639557 631032 335319 753303 210601 717189 800788 705947 245122 398135 807138 840910 414328 817039 152388 613791 773653 351377 337268 558177 702411 638162 389791 822243 410688 664496 756865 560863 999999999 293083 567095 847292 168829 788872 270826 440164 692702 208131 165770 902495 538422 105112 821622 483377 422697 521187 900913 402375 599897 397981 716084 174342 932561 222815 570149 717361 652103 538697 302429 431542 668075 760457 87827 154849 547759 461634 591200 858249 245207 107847 660765 871993 609963 283512 633025 939555 736582
372574 442520 513930 107036 499222 106378 211216 430577 61594 181784 562663 533495 447024 241976 390188 642959 416834 698184 595592 324139 240077 277427 114666 508741 559766 156157 462255 299813 430413 513953 413081 171089 369238 555435 672293 326329 524099 399140 322710 480575 511942 389093 303719 501067 543549 295839 530475 327458 493831 639491 463721 293083 999999999 281551 557144 309163 570354 24817 492548 416018 438337 450375 609833 247340 190054 665378 195009 256992 330801 701037 301814 458799 335656 430050 219367 788489 152100 409497 443559 400901 283374 562559 488150 419660 471145 236109 309021 323532 473317 488476 690932 379407 398797 437365 639585 394675 306635 374404 667947 629690
106620 270168 313627 289879 474892 373356 428299 555942 224253 165402 632138 734524 257863 522364 120306 535210 235850 808087 318060 191692 414021 393561 261889 607194 541373 360156 191236 503104 150097 319174 161190 429371 458581 463554 697209 512692 279484 680690 64025 233257 778943 633921 293470 513840 669597 365600 301203 387919 550553 727641 445838 567095 281551 999999999 281869 533288 540106 306218 723020 287885 719122 729115 345300 134282 468446 706643 164907 274926 416891 678788 487923 389803 411755 149141 445462 828225 368940 502025 169827 352286 283742 844088 721066 370733 194560 517349 587826 191964 686346 455819 714796 649434 674694 432285 572497 418123 556561 140474 509289 729739
235134 392070 222895 539544 530144 637963 664245 715855 496715 440497 735490 931065 365965 799099 219129 482271 367869 923929 41330 308263 630114 581983 542777 738345 719126 600858 95682 779579 134875 234364 155956 685944 705415 451429 750514 720134 120052 953793 234503 121574 1028905 869764 438056 592373 813883 617430 160908 632813 658287 833447 640408 847292 557144 281869 999999999 812538 571190 581136 943260 322819 988185 1007402 82793 335365 746666 773687 391952 526664 579619 689162 698603 561801 659215 137970 726174 878601 650164 648136 184589 432750 441765 1115904 943335 442028 87317 792725 854532 398662 895374 638627 764499 905325 954471 519303 556994 534143 800178 282300 397005 845454
588762 553760 812661 403468 799493 320643 432324 673588 362911 372289 824603 683258 572103 212904 607159 951541 545287 922379 845841 627910 490847 553892 271999 759176 471635 416698 724431 49580 677830 814047 688961 350994 241247 863704 948437 539594 806472 314659 590566 760667 519946 495368 610976 791529 770510 258186 820152 270854 768112 883931 411375 168829 309163 533288 812538 999999999 869184 296598 602156 723725 371247 295353 878588 545924 196065 934419 499432 318729 611369 993267 522425 463480 252090 675221 91515 1051850 168014 675656 657621 708317 590593 444237 593965 726602 725709 227586 318731 458426 616794 441760 966593 411922 234779 736459 943784 689586 430817 562238 975941 866948
