NAME : synthetic_000027
TYPE : CTSP-D
DIMENSION : 100
GROUPS : 8
RELAXATION_LEVEL : 1
EDGE_WEIGHT_TYPE : EXPLICIT
EDGE_WEIGHT_FORMAT : FULL_MATRIX
EDGE_WEIGHT_SECTION
999999999 242549 351727 726280 386636 114272 696603 671951 576287 759196 223204 263468 893780 703567 944717 549127 501535 778202 256994 127305 629834 1074262 995076 317052 456609 803037 796183 412743 928989 706341 490757 298730 690888 530935 1101981 966531 716966 276139 264005 1073067 137703 791029 184222 708233 936412 1034363 400036 624080 670458 970358 716704 360331 349455 157543 675479 747215 711274 705287 326776 663689 335433 343697 1053338 930917 610092 809541 133496 1023763 570863 1111434 901870 353130 456937 724805 120919 461305 374743 303503 714286 590336 499286 980186 688756 440359 522272 976356 100787 808726 1041661 684885 431796 599516 206056 298678 595589 233311 409300 1000547 931762 1011544
242549 999999999 209382 533806 158193 228399 500434 433510 560834 531457 62266 122048 754649 543821 750989 375470 302928 642369 103281 139974 389429 839338 753181 148920 453283 726310 634682 406311 787927 501684 269893 471425 464270 337389 862581 851598 624418 411109 280884 838679 116543 646432 400037 466597 836972 801862 313083 496042 461797 856703 490687 266197 152324 158939 479188 693055 469251 557898 310852 448965 186643 110713 821845 751870 442583 567939 163906 793357 360258 870882 781068 364341 224307 499667 269163 299568 315832 117482 604832 386891 405521 861911 571988 240394 444632 852944 201195 633904 814141 540776 379561 362106 98284 203830 355165 56765 399311 801442 833224 791128
351727 209382 999999999 376576 301185 264139 348695 393277 372356 441472 270357 98180 556116 709272 593925 542419 455791 441536 113637 227135 367824 762711 721108 348238 282250 517185 447600 241483 590466 626049 397738 441872 552771 187629 806329 645898 415048 361276 187609 760065 226774 449501 432722 448223 628597 717494 114271 290729 583837 650745 398019 473001 86322 195087 328045 487103 455939 361446 169241 331303 22739 263766 733808 579382 608654 541183 218791 702602 490328 822134 576420 224451 336518 404057 296007 109578 135489 94490 396665 250824 197387 657059 364801 401932 238736 649437 365797 457353 714896 342435 189664 325004 303133 66438 338748 266032 233435 650866 624737 675634
726280 533806 376576 999999999 518828 640055 35305 280762 496780 190345 592722 463665 292830 841317 219024 708119 620291 227806 472733 599578 310593 449161 485821 620116 497638 426858 151680 489332 315125 693854 547213 783328 578862 197951 518404 422853 337774 699739 535663 443924 594487 205399 801519 337360 446299 397708 377472 222531 658266 429728 173315 745569 386371 571200 55367 463365 349698 164209 486007 123941 391145 513769 407033 221513 759001 367029 594602 375300 606777 543989 355173 518018 497465 167514 669750 268724 420790 430420 286141 148885 326096 423960 257214 597906 351689 405709 725417 118354 374860 172920 412608 282482 630244 437659 316805 584046 483406 274395 445565 319135
386636 158193 301185 518828 999999999 386434 483531 339033 673394 460526 163884 249563 780311 408599 722053 241235 156174 676686 233473 297515 289099 741806 632171 113177 577496 798334 646534 533009 810505 345766 112006 629562 307187 345137 751801 892508 691705 567794 426343 742468 273217 673070 555060 354071 889575 710760 415442 547753 305106 898382 426117 228386 216442 316251 464106 779805 353411 588172 443895 409316 281560 47792 732548 739708 307622 452293 322099 706992 204171 755607 820297 500365 70590 436278 427046 350703 431642 214617 661798 372665 490781 899937 625929 100930 535122 887344 319077 632299 733081 575303 490151 277907 188957 325585 257744 153472 525324 763943 886590 723325
114272 228399 264139 640055 386434 999999999 612755 624039 462553 695504 239466 193584 788014 750420 856026 586809 524381 672762 194815 89420 587188 1015604 953374 348155 342833 689506 697145 298585 823382 726982 497695 244778 692558 450836 1051327 856095 605142 194783 149851 1013642 114662 687459 179897 668259 824251 972716 293216 519082 687986 859730 652139 424272 285314 79873 592164 632980 673121 603552 213160 591356 252389 339101 990294 836262 651897 768105 65573 959698 586374 1063786 792632 239191 452402 659275 41086 371453 264247 242081 604672 513151 390395 870164 580603 461239 410709 867139 189541 713924 974366 582627 319053 551364 240304 202877 553750 246369 295060 913920 819526 938190
696603 500434 348695 35305 483531 612755 999999999 252916 494489 175721 558936 433430 323284 808384 250933 673760 585649 250455 441850 569592 279822 455775 478935 585038 486941 443488 181518 475469 346979 662759 512535 763342 548800 166346 520647 451828 349711 679723 513132 451052 563729 230870 776816 311754 472101 405130 357649 223220 626624 458623 151939 710343 354207 542473 21353 474416 324107 178419 465882 92580 362250 478707 416241 256629 725203 349184 565658 384267 573242 544753 382917 500706 462396 147775 643448 242590 401411 398729 299072 114350 314436 453770 267620 562758 343783 436155 693332 152456 387204 183224 398102 249794 596486 411178 284266 550143 469185 304279 471077 336190
671951 433510 393277 280762 339033 624039 252916 999999999 681685 134669 474727 431588 573314 574693 427565 461984 384119 502538 429230 552008 50618 407189 330297 452205 635491 687069 432442 607405 594152 417761 316604 832636 300136 249022 430052 703608 586217 753619 580609 407063 535747 483784 803614 64451 724979 372961 467495 441582 384897 710476 117343 557808 340708 544288 244879 705778 76000 424571 557778 161870 392276 359007 394290 469325 502537 147908 562174 368128 350578 440464 635500 608598 287474 126908 662944 335826 507224 382109 538994 207546 477142 704619 504105 383124 519358 686067 632250 394749 394128 424107 534696 72832 509084 457037 81604 463889 599612 455484 723903 388655
576287 560834 372356 496780 673394 462553 494489 681685 999999999 661535 613456 439277 451061 1081627 642877 914594 828115 362449 457992 500150 677259 945653 969052 708889 119720 261734 441056 165284 482880 992155 768657 430095 907970 433709 1014548 461297 226563 366359 315833 940224 516990 392518 524636 745618 409923 893975 258133 274582 950038 462418 626459 824971 458173 454220 485174 185602 756384 353073 260585 547088 391898 634442 902155 584931 980966 816576 472176 870760 860030 1039163 417993 223423 706879 626662 460471 358991 245407 461263 262531 477052 206035 478993 267526 773946 162372 485079 643841 487569 866801 335517 183572 632030 637464 357248 657938 612832 170116 704795 404476 803648
759196 531457 441472 190345 460526 695504 175721 134669 661535 999999999 580204 502854 468988 705955 295546 596651 518208 417339 505042 633957 182735 321302 307522 572862 638889 616974 334102 619681 485124 544240 449592 880943 424577 261588 368779 601355 525252 798646 625394 318833 621506 393023 871247 169556 631439 277226 487430 396146 513951 608377 43515 684923 411993 617905 179206 650120 180846 352870 589925 118523 447205 473299 294974 343919 636478 177363 638512 264815 484973 388154 537487 633808 415868 37992 731614 355859 530727 457346 474312 200050 468613 599883 443306 514099 504290 579657 732651 287942 283006 358822 542667 182734 616470 507910 207152 569811 612555 320951 631156 263361
223204 62266 270357 592722 163884 239466 558936 474727 613456 580204 999999999 178914 816859 512982 808867 347736 286188 704634 160532 151559 428162 881903 786249 109739 502605 786434 696285 455125 850090 490339 268137 483748 467956 397455 900347 913726 685274 431707 320519 881682 126021 708613 396627 501845 898611 846388 370810 558123 452564 918807 540616 211596 214202 184649 537795 751155 503198 620096 358205 503597 247665 123571 866985 811790 413410 602645 181447 839280 351548 906801 843263 409000 234431 549947 277786 361826 370082 179576 666506 444882 465237 924103 633873 223293 503279 915191 159279 694553 861633 603025 434420 405325 37571 258864 394273 11004 448520 858176 894821 841914
263468 122048 98180 463665 249563 193584 433430 431588 439277 502854 178914 999999999 654268 654106 682524 485202 404912 539715 18772 136235 396719 822325 761612 269619 334034 608442 544024 287799 688575 592280 357781 409431 535611 267509 857849 743283 508673 336630 179027 820467 131440 547506 372320 478255 724351 779907 191912 388586 550713 748035 459639 388030 91732 115065 412243 572255 483884 459312 195234 401985 77328 204651 797818 672569 552501 576988 135982 767466 451652 870616 674145 251170 301319 467069 231598 203890 193994 50335 492955 327061 287122 754689 461853 345452 324424 747345 268407 551202 783214 440476 257538 359211 208921 82029 363971 176405 280483 737609 720363 749956
893780 754649 556116 292830 780311 788014 323284 573314 451061 468988 816859 654268 999999999 1129844 261362 989440 899441 115607 668994 777414 602983 626415 724107 868843 519871 235920 141778 538491 35440 986041 826497 852643 871634 435267 712822 132430 224510 775511 649569 618888 780916 108474 914071 628121 172408 576895 494832 269722 949811 139469 461992 997829 603077 738172 336259 312918 640374 196782 586285 415749 577235 764806 574851 182369 1043933 644247 762042 549245 893378 744207 76347 590535 771830 454658 805938 455258 526024 638444 196572 414872 399253 131481 210807 869289 389240 112910 921158 181137 529049 214210 482181 572523 852557 597278 607064 810315 536492 310053 173797 454935
703567 543821 709272 841317 408599 750420 808384 574693 1081627 705955 512982 654106 1129844 999999999 1001362 168942 253631 1040255 636705 664240 534421 866756 697825 403249 985645 1188641 988587 940627 1155095 173682 317977 991582 289356 714515 832335 1253887 1081236 944266 824566 871241 638810 1029283 887787 539158 1262391 859096 823509 931880 194048 1260364 691807 348329 623631 696662 793938 1179088 529298 953013 849326 717530 690042 450182 882481 1043449 101612 588558 694421 868722 237486 819296 1182448 904887 379691 701536 786603 745807 840177 622849 1045049 718074 894000 1258062 1008279 309100 939295 1242010 606005 959465 904620 944701 898617 558836 510544 732862 524572 507772 933047 1024440 1260177 927788
944717 750989 593925 219024 722053 856026 250933 427565 642877 295546 808867 682524 261362 1001362 999999999 886733 804178 289286 691747 818266 471745 366765 482382 828387 674243 483881 201935 675998 257714 839372 732839 983236 719466 416817 454771 379389 434127 900375 743664 359033 813469 256788 1012605 464312 431446 318628 581921 383694 809487 386104 312135 950430 605055 788955 272276 549215 475134 293671 689260 312764 609319 722754 314780 79797 929839 445142 812532 290757 777368 486918 337298 713748 690568 301968 884150 484923 623411 649342 386637 364125 512746 370672 375578 791440 526057 347543 944183 157754 268271 313841 603320 458784 846438 653157 489628 799845 671278 62614 433459 193904
549127 375470 542419 708119 241235 586809 673760 461984 914594 596651 347736 485202 989440 168942 886733 999999999 91309 893758 467770 499287 415375 809141 658057 238684 817187 1031523 850019 771971 1016807 178767 163184 830022 235948 562911 791676 1109309 924228 779392 655962 812224 473735 885598 732426 441730 1113067 791936 656677 776631 158808 1115563 574749 214242 457414 529909 657288 1017702 434393 805449 680408 586619 522710 281578 815354 920054 67338 513744 528871 796553 114873 785153 1037253 735945 221391 585000 624179 585288 672133 454648 890617 574594 730283 1114841 854082 140767 775116 1100134 455564 826212 829560 795323 731263 430011 349076 564209 397704 341774 764426 917349 1110520 840453
501535 302928 455791 620291 156174 524381 585649 384119 828115 518208 286188 404912 899441 253631 804178 91309 999999999 802885 388278 435224 335537 751672 612108 184578 733589 940450 760543 689181 927191 204928 73161 769141 211127 471714 742778 1018579 833123 713053 579810 754042 409782 795123 681063 371929 1021868 730131 569983 685362 169338 1024801 493335 212821 370027 461121 568684 927521 366148 714499 599746 500015 436816 200360 753287 834483 154094 453466 463086 732348 74940 739632 946473 656029 130082 503690 563496 494689 587509 370762 799328 484593 641001 1024295 762783 63151 686110 1009803 415545 738050 763669 704196 645288 345603 295807 481732 314658 278398 681492 837398 1019301 769001
778202 642369 441536 227806 676686 672762 250455 502538 362449 417339 704634 539715 115607 1040255 289286 893758 802885 999999999 554758 661921 525236 630805 700886 760816 416279 207139 95225 430518 150791 904331 730611 745632 793877 332545 711378 216087 144983 666843 535595 624065 665675 32625 801760 562177 223967 579134 379546 154125 866346 222147 400670 889955 491686 622571 257777 262156 574527 88652 472845 340747 462916 658196 581785 224068 950847 594524 646437 552808 802803 740562 143834 480133 673670 395222 691283 342848 411591 525550 100147 322326 285148 223291 101530 768793 278708 211720 806039 149908 539917 102324 370224 489997 739905 481728 524263 698428 427866 348920 222411 469443
256994 103281 113637 472733 233473 194815 441850 429230 457992 505042 160532 18772 668994 636705 691747 467770 388278 554758 999999999 129927 392749 823384 758643 250926 352343 626352 556900 305951 703142 577340 342655 417609 523111 275546 857043 759473 526149 346674 193431 821712 121890 561876 374536 474044 741312 781682 210423 404363 535932 764289 462058 369307 93146 115080 420575 590736 479249 473507 212697 406799 91851 187918 799948 683625 535094 573518 133974 769846 436377 869137 690056 268238 287174 469772 234050 216604 212742 47846 509682 333692 305032 770688 478226 328354 342747 763052 255743 562677 786421 454962 276310 356549 191133 100754 359549 157818 298691 746127 737366 754762
127305 139974 227135 599578 297515 89420 569592 552008 500150 633957 151559 136235 777414 664240 818266 499287 435224 661921 129927 999999999 512198 950900 878785 261088 382605 705512 674175 335429 812316 637583 408495 334097 604174 403744 981667 857459 612907 280164 187688 949453 25575 672673 261224 592219 832117 910027 290163 508238 598566 861704 591180 346960 222807 45984 548429 657624 596234 585647 239774 536725 209584 250429 928620 806307 564926 693041 31539 898744 496956 992441 790625 281351 364281 599072 129609 336401 273094 176964 604796 463032 390794 870172 576803 372074 419716 864788 148702 684405 915877 565809 335515 479210 157231 180344 478214 157808 330141 873693 827735 884689
629834 389429 367824 310593 289099 587188 279822 50618 677259 182735 428162 396719 602983 534421 471745 415375 335537 525236 392749 512198 999999999 454742 366652 402219 622779 701795 461280 591738 625702 383263 267008 802361 269172 244177 473212 731491 598424 724901 553396 454943 494813 508911 767077 81635 748988 421964 451151 450395 348059 738253 159614 507190 307593 507316 268590 714676 88289 443523 535424 187260 364258 310618 443576 509384 458504 181016 524142 417896 305751 481660 662007 588166 236856 169784 626773 323191 488814 346592 553263 214388 471327 733592 517438 332802 515193 715887 586496 427469 444411 440694 521636 45458 461871 429276 34275 417250 583794 502294 747584 439171
1074262 839338 762711 449161 741806 1015604 455775 407189 945653 321302 881903 822325 626415 866756 366765 809141 751672 630805 823384 950900 454742 999999999 181131 854149 942458 836359 535612 928867 624464 693185 696531 1201071 584073 580471 90348 745995 767837 1118365 945707 8336 936823 599092 1192191 389026 797782 52053 802587 671088 679472 752662 364806 948979 730856 937325 469304 891291 391534 600320 907651 434522 768456 765352 52242 446530 827700 298306 957305 78073 695502 123660 702731 948708 682965 358663 1052252 673825 846412 775540 716247 517333 769904 736763 694351 768502 799308 713538 1039078 481074 100040 614476 851270 477347 916228 829148 488108 871073 922227 331592 799623 173943
995076 753181 721108 485821 632171 953374 478935 330297 969052 307522 786249 761612 724107 697825 482382 658057 612108 700886 758643 878785 366652 181131 999999999 739790 943252 907072 608509 921103 730022 525695 566791 1162108 424768 557866 134952 852746 823186 1082315 908710 187700 861062 672160 1133177 286895 895779 195887 784671 701866 517061 859722 344159 819450 670967 873517 485296 948885 283937 649581 881564 423745 721528 663907 215234 557669 668307 185758 890685 217991 548314 127571 799126 929574 566311 342966 992640 651262 826650 711884 771294 501097 774720 846641 743034 639347 811426 824106 945524 555130 255285 658674 845118 402403 817279 785913 400572 775245 913686 465511 896649 313695
317052 148920 348238 620116 113177 348155 585038 452205 708889 572862 109739 269619 868843 403249 828387 238684 184578 760816 250926 261088 402219 854149 739790 999999999 602187 863359 739785 555231 900471 389291 184905 591464 382547 435825 861898 974683 759008 541235 426787 854948 235612 760552 497654 465666 965894 823678 457639 622394 353780 980211 537574 129139 274640 293971 564843 835311 464383 673404 459619 516031 325940 106361 845545 841629 303884 562545 291172 820113 255455 864531 902965 512569 173572 547636 385545 422284 463541 253788 734655 471751 545509 983502 700123 124614 586793 972529 232299 730261 846256 658515 526671 390523 111987 351645 370914 104977 548228 872325 962498 835949
456609 453283 282250 497638 577496 342833 486941 635491 119720 638889 502605 334034 519871 985645 674243 817187 733589 416279 352343 382605 622779 942458 943252 602187 999999999 364276 478226 47647 554105 908284 678768 334196 832929 388306 1003693 553350 302782 261408 196691 937876 400504 441894 414040 697313 509125 892031 174688 290571 866075 555501 599659 714017 368065 336871 473215 296891 707047 381377 144979 520607 298602 535612 903070 627098 884244 778122 353949 871124 771925 1025513 500889 103730 618097 601830 341422 300062 147001 362899 323331 442217 172555 569918 314823 676575 148595 572524 524844 516541 872411 360657 101143 577432 524390 253226 599062 502900 54093 736846 503898 815498
803037 726310 517185 426858 798334 689506 443488 687069 261734 616974 786434 608442 235920 1188641 483881 1031523 940450 207139 626352 705512 701795 836359 907072 863359 364276 999999999 301903 398916 258569 1067906 871486 691053 964611 476579 917983 204019 107413 623911 540031 829445 716450 237812 778313 749653 148344 784939 419034 257515 1027806 204106 595359 989761 589487 660801 445795 84654 761844 265124 476362 527111 539898 770011 786655 409499 1093422 792523 682537 758287 953116 947416 177297 458725 810766 591218 696278 447663 432519 611139 148532 488299 321327 222469 184604 897059 286432 232535 854183 356610 743624 263138 371814 661747 817363 533404 694458 782736 400257 538801 142862 671657
796183 634682 447600 151680 646534 697145 181518 432442 441056 334102 696285 544024 141778 988587 201935 850019 760543 95225 556900 674175 461280 535612 608509 739785 478226 301903 999999999 484697 166870 844275 687445 797437 730080 303961 616229 271181 235804 716036 570315 528896 674321 64180 840218 488525 297343 483919 408494 190954 808042 278065 323158 868061 482399 638682 194695 356509 500836 98543 511053 274024 466901 634364 486724 149057 903542 511177 662750 457634 752476 645531 204207 527869 634064 316427 720318 340308 446311 521484 186285 276461 326018 272434 173649 732683 332077 254637 812382 54728 445217 120167 416210 430824 732955 497636 465358 688903 480767 263740 297061 375438
412743 406311 241483 489332 533009 298585 475469 607405 165284 619681 455125 287799 538491 940627 675998 771971 689181 430518 305951 335429 591738 928867 921103 555231 47647 398916 484697 999999999 573349 866540 635718 315130 793999 363527 986927 581553 328457 237029 150630 924631 353052 453869 382205 668058 540902 879154 140590 294085 824371 584150 579211 666478 326293 289612 460221 336195 677362 386436 97332 501168 256399 490447 891248 633659 839129 752031 307071 859245 729197 1007611 525587 60366 575518 582120 299803 271885 106404 318462 342646 420657 164394 597494 329356 631531 153117 598537 478557 519132 862573 365072 77597 546676 476754 207768 566587 455524 8095 738380 535815 808431
928989 787927 590466 315125 810505 823382 346979 594152 482880 485124 850090 688575 35440 1155095 257714 1016807 927191 150791 703142 812316 625702 624464 730022 900471 554105 258569 166870 573349 999999999 1008964 854128 887232 893538 465864 712149 122888 256671 810378 685005 616745 815604 141542 949384 647270 174592 575975 530186 304909 973340 129811 480930 1029332 636106 773248 361196 338461 659436 230133 621703 438893 611453 796019 572494 177934 1070401 658531 797138 548151 919228 744051 85852 625679 800265 473137 841372 488796 561462 672024 231032 442753 434693 117054 246127 898355 424474 95331 955748 199532 525869 248183 517509 596766 885951 632259 631245 843414 571437 301165 177036 451427
706341 501684 626049 693854 345766 726982 662759 417761 992155 544240 490339 592280 986041 173682 839372 178767 204928 904331 577340 637583 383263 693185 525695 389291 908284 1067906 844275 866540 1008964 999999999 234729 971645 120091 591774 660512 1113735 961387 912739 770769 697620 612349 890050 885921 375061 1128220 685498 737175 810707 42220 1120430 534786 391457 540349 660619 650524 1068072 364348 819562 783022 570328 610153 393307 708867 886277 155412 416614 664421 695405 141635 648694 1043566 840068 291922 544005 766629 639726 761368 551739 920856 583878 793592 1116329 884139 267175 839633 1098911 618800 810514 731506 813877 813758 414673 500728 663135 380237 482143 858581 858800 1126487 756500
490757 269893 397738 547213 112006 497695 512535 316604 768657 449592 268137 357781 826497 317977 732839 163184 73161 730611 342655 408495 267008 696531 566791 184905 678768 871486 687445 635718 854128 234729 999999999 741312 200270 400237 694073 946127 764080 679780 536072 698370 383838 722440 663771 310774 950285 671959 511060 615455 193575 952383 423015 253473 311416 428237 495528 861131 306365 642348 549819 427268 380241 159798 694820 761929 222098 398784 433730 672460 93959 693516 874077 606733 62073 433402 538103 427848 531861 318535 729158 411626 576999 951671 692503 72659 622561 937027 414299 664919 702479 632421 587210 274057 286565 430229 244074 258611 627859 767309 947795 704067
298730 471425 441872 783328 629562 244778 763342 832636 430095 880943 483748 409431 852643 991582 983236 830022 769141 745632 417609 334097 802361 1201071 1162108 591464 334196 691053 797437 315130 887232 971645 741312 999999999 933804 620646 1247728 886019 636924 83624 255561 1197955 359431 768864 136087 883921 838546 1154259 405937 606515 932457 887846 837781 655724 495098 314156 745181 615376 890408 698896 297490 766694 440581 581906 1169214 945824 894326 980182 307617 1137520 830825 1263940 835014 269916 693732 843123 206006 527999 362545 459500 656201 684015 471998 902942 644379 706005 467814 906275 399243 828477 1146268 677299 381384 762082 481379 376338 770704 490960 318042 1044940 833174 1099412
690888 464270 552771 578862 307187 692558 548800 300136 907970 424577 467956 535611 871634 289356 719466 235948 211127 793877 523111 604174 269172 584073 424768 382547 832929 964611 730080 793999 893538 120091 200270 933804 999999999 492053 559327 1000593 859212 868083 713972 587947 580181 778038 862191 255187 1017784 572682 658859 708974 96284 1007368 416508 423072 470234 619650 537751 970229 244354 710850 717340 456226 539777 353778 596164 767292 244196 299382 627578 580969 137120 551065 931179 774214 240231 425515 733407 550157 687640 490092 816520 476999 704945 1002496 780086 259899 750813 984538 613873 694444 616347 706622 734966 304473 486783 598237 270793 458203 785922 738733 1016288 638439
530935 337389 187629 197951 345137 450836 166346 249022 433709 261588 397455 267509 435267 714515 416817 562911 471714 332545 275546 403744 244177 580471 557866 435825 388306 476579 303961 363527 465864 591774 400237 620646 492053 999999999 630241 548632 369730 537896 365491 577311 397435 327942 620147 312392 550158 533693 227177 219098 551399 554670 219190 564199 188462 378206 145046 478180 322931 243894 328338 146065 198577 330551 549032 414485 621903 389826 401009 517504 477727 648755 476377 373075 341921 223598 483555 94391 269885 232525 330913 63719 228350 555439 294096 436249 271396 542396 527466 297438 528293 232605 288441 199383 434781 252933 227749 389278 356020 470597 547613 488005
1101981 862581 806329 518404 751801 1051327 520647 430052 1014548 368779 900347 857849 712822 832335 454771 791676 742778 711378 857043 981667 473212 90348 134952 861898 1003693 917983 616229 986927 712149 660512 694073 1247728 559327 630241 999999999 834151 845354 1166002 992296 98626 965748 680198 1229966 398874 884733 136176 856125 740864 651968 840874 411101 947488 766156 971994 531923 969883 398575 675126 958537 486579 809816 780075 142154 534344 803096 299517 990735 164022 680862 33387 789166 1002533 688530 406754 1089321 724581 899486 809412 793427 568763 831673 825314 769646 766725 863790 802133 1059220 561503 190131 687918 909547 502656 933018 872491 507450 889376 979968 421542 886418 263397
966531 851598 645898 422853 892508 856095 451828 703608 461297 601355 913726 743283 132430 1253887 379389 1109309 1018579 216087 759473 857459 731491 745995 852746 974683 553350 204019 271181 581553 122888 1113735 946127 886019 1000593 548632 834151 999999999 253568 814729 710457 738192 864151 224608 963715 759435 67690 697993 567902 355652 1076761 7055 593588 1103755 703015 815367 463236 288393 771723 304738 645851 544380 668085 873053 693894 299856 1165726 776666 838589 670131 1016677 866223 72257 638875 889572 586454 868725 553731 592040 734152 252728 536063 467624 18748 281589 984880 445739 36950 1004677 313430 646919 317262 538905 699242 948024 677983 733764 908139 581345 419236 72445 572460
716966 624418 415048 337774 691705 605142 349711 586217 226563 525252 685274 508673 224510 1081236 434127 924228 833123 144983 526149 612907 598424 767837 823186 759008 302782 107413 235804 328457 256671 961387 764080 636924 859212 369730 845354 253568 999999999 563289 458010 761444 621972 177357 710397 649578 219593 715848 323181 150681 921117 256508 500157 886167 484566 569303 349323 125708 661639 173639 393407 428473 437782 664222 720149 368344 986031 698125 591890 690284 845801 873296 198107 385352 703394 496921 616172 341020 342474 508185 52088 384197 223007 269164 82602 790115 194703 270229 761389 288693 679885 166489 286508 557473 717231 436660 589716 681079 328006 493901 215061 611001
276139 411109 361276 699739 567794 194783 679723 753619 366359 798646 431707 336630 775511 944266 900375 779392 713053 666843 346674 280164 724901 1118365 1082315 541235 261408 623911 716036 237029 810378 912739 679780 83624 868083 537896 1166002 814729 563289 999999999 173886 1115168 305687 689204 161219 806264 770004 1071324 322323 525303 872627 816905 755593 618290 418917 252193 661587 551693 813137 617516 213866 683878 361385 520015 1086115 864072 845090 901421 250638 1054386 771214 1182661 761207 188185 629159 760767 163001 444902 278976 385910 579616 601126 390144 831223 566016 650041 388267 833436 371990 746089 1062876 595871 299847 683792 434888 296589 693841 437678 239134 961957 764727 1015806
264005 280884 187609 535663 426343 149851 513132 580609 315833 625394 320519 179027 649569 824566 743664 655962 579810 535595 193431 187688 553396 945707 908710 426787 196691 540031 570315 150630 685005 770769 536072 255561 713972 365491 992296 710457 458010 173886 999999999 942671 207590 553248 270130 634417 676319 899179 162469 384479 729355 713821 582220 528594 250978 142869 494121 483235 641681 473460 64621 511548 189137 379939 914448 714844 723194 728504 158002 882852 629740 1008806 648872 93912 480287 587590 158267 273820 124522 224105 461060 429037 250457 725085 439611 518642 264905 723216 328154 593823 892557 451943 171585 511497 337024 124125 523096 322900 146386 804024 671504 847974
1073067 838679 760065 443924 742468 1013642 451052 407063 940224 318833 881682 820467 618888 871241 359033 812224 754042 624065 821712 949453 454943 8336 187700 854948 937876 829445 528896 924631 616745 697620 698370 1197955 587947 577311 98626 738192 761444 1115168 942671 999999999 935563 592292 1189972 390196 790159 46249 798882 665644 683492 744851 362348 950576 729077 935498 464830 884744 392958 594309 904182 431290 766037 765554 44309 438814 831384 300580 955593 71266 698418 131955 695190 944917 684085 356022 1050144 670486 842737 773874 709908 514059 765323 728897 688246 770225 794414 705667 1038626 474406 91940 608623 847037 476839 916147 826494 488165 870871 918028 323481 792022 165992
137703 116543 226774 594487 273217 114662 563729 535747 516990 621506 126021 131440 780916 638810 813469 473735 409782 665675 121890 25575 494813 936823 861062 235612 400504 716450 674321 353052 815604 612349 383838 359431 580181 397435 965748 864151 621972 305687 207590 935563 999999999 675250 283540 574238 840626 896715 298793 512642 573453 868555 579054 323612 212786 64800 542459 670876 577891 587624 256431 527054 207649 226420 915648 803982 539416 675315 55955 886061 471866 975883 796523 300561 340595 587199 154451 334808 285085 166885 611829 455288 399150 876465 582865 346633 430103 870437 140641 682520 904038 568192 348524 463092 132928 186215 460683 132235 347437 868007 836344 874606
791029 646432 449501 205399 673070 687459 230870 483784 392518 393023 708613 547506 108474 1029283 256788 885598 795123 32625 561876 672673 508911 599092 672160 760552 441894 237812 64180 453869 141542 890050 722440 768864 778038 327942 680198 224608 177357 689204 553248 592292 675250 999999999 821060 542119 241282 547509 394718 168938 852706 231115 378705 889583 494715 634490 240347 294646 554473 88591 491403 322688 470290 656752 549856 192763 941432 570385 658478 521057 792105 709606 153575 501674 666682 372721 707491 347254 428796 530482 131204 311616 303531 229280 127796 763230 301083 214871 815113 118820 507731 107087 390811 475380 744427 493137 509846 701995 450822 316665 240367 437036
184222 400037 432722 801519 555060 179897 776816 803614 524636 871247 396627 372320 914071 887787 1012605 732426 681063 801760 374536 261224 767077 1192191 1133177 497654 414040 778313 840218 382205 949384 885921 663771 136087 862191 620147 1229966 963715 710397 161219 270130 1189972 283540 821060 999999999 848154 922441 1148324 432564 652976 848841 966348 827754 543782 463887 259763 756950 708970 852985 742974 329823 763791 424506 509095 1165299 984968 794004 947974 243946 1134352 748093 1242934 906640 325357 623547 834471 140724 534353 393928 421506 721084 683520 517536 979547 703265 618844 525066 980086 283294 863837 1147460 721382 431897 731018 385685 367278 733646 405600 382398 1072417 917283 1107929
708233 466597 448223 337360 354071 668259 311754 64451 745618 169556 501845 478255 628121 539158 464312 441730 371929 562177 474044 592219 81635 389026 286895 465666 697313 749653 488525 668058 647270 375061 310774 883921 255187 312392 398874 759435 649578 806264 634417 390196 574238 542119 848154 999999999 783365 361674 527709 505687 345947 766367 166341 561074 389225 588405 305470 769702 12356 486153 614932 222889 445320 381203 384355 513126 475117 101345 604896 361686 327333 405020 692476 666915 293940 174287 707992 397278 566514 428082 601887 271995 540716 759603 567294 381554 583255 740407 660962 447864 392039 486526 596311 123270 534194 510342 114516 490856 660193 485286 782486 398743
936412 836972 628597 446299 889575 824251 472101 724979 409923 631439 898611 724351 172408 1262391 431446 1113067 1021868 223967 741312 832117 748988 797782 895779 965894 509125 148344 297343 540902 174592 1128220 950285 838546 1017784 550158 884733 67690 219593 770004 676319 790159 840626 241282 922441 783365 999999999 748672 542059 343537 1090088 64554 619399 1094422 691849 788741 480892 230272 795718 309540 611846 563604 651173 866832 745995 351707 1171562 808415 811412 720945 1024919 916281 96658 599732 892003 613085 834125 543643 562054 719699 232146 545403 441512 85705 265825 984643 414235 103941 980428 345662 699709 317959 505253 713962 931729 654765 748217 893732 541480 475695 5556 625347
1034363 801862 717494 397708 710760 972716 405130 372961 893975 277226 846388 779907 576895 859096 318628 791936 730131 579134 781682 910027 421964 52053 195887 823678 892031 784939 483919 879154 575975 685498 671959 1154259 572682 533693 136176 697993 715848 1071324 899179 46249 896715 547509 1148324 361674 748672 999999999 754175 619395 668825 704722 320652 922707 688794 894972 419144 839400 365597 548278 859861 387632 724019 731965 23504 398172 814432 278199 915385 27890 677436 168348 653242 900050 654416 313860 1008815 626467 798072 733892 664235 470245 719489 689235 642298 743151 748340 666070 1002406 429329 60351 562483 801570 441063 881344 783881 454508 835654 872595 287322 750397 128875
400036 313083 114271 377472 415442 293216 357649 467495 258133 487430 370810 191912 494832 823509 581921 656677 569983 379546 210423 290163 451151 802587 784671 457639 174688 419034 408494 140590 530186 737175 511060 405937 658859 227177 856125 567902 323181 322323 162469 798882 298793 394718 432564 527709 542059 754175 999999999 226002 694965 572004 445725 579245 200082 247485 339908 380345 536914 312497 108536 369667 134401 377429 767847 552411 722923 612947 270694 735932 603059 875380 502152 146428 449494 449511 312942 133427 43967 205379 315189 287383 100631 581031 288748 516146 133108 576577 438369 431365 742602 291184 76589 406111 399916 114378 426106 368236 132643 642679 537721 693836
624080 496042 290729 222531 547753 519082 223220 441582 274582 396146 558123 388586 269722 931880 383694 776631 685362 154125 404363 508238 450395 671088 701866 622394 290571 257515 190954 294085 304909 810707 615455 606515 708974 219098 740864 355652 150681 525303 384479 665644 512642 168938 652976 505687 343537 619395 226002 999999999 770452 360690 365554 751030 348704 468534 216975 264499 517508 92455 323154 289218 312717 523559 627667 339690 837550 562188 492372 596223 695871 766126 285722 337119 555346 363962 538595 200115 259973 378568 114183 236116 135937 366431 78204 644557 142456 358760 653205 226057 592909 70995 225469 408491 592375 327924 440188 552648 289974 446289 340212 531397
670458 461797 583837 658266 305106 687986 626624 384897 950038 513951 452564 550713 949811 194048 809487 158808 169338 866346 535932 598566 348059 679472 517061 353780 866075 1027806 808042 824371 973340 42220 193575 932457 96284 551399 651968 1076761 921117 872627 729355 683492 573453 852706 848841 345947 1090088 668825 694965 770452 999999999 1083414 502226 365788 498159 620654 613811 1027037 335810 781046 741065 534450 567978 352784 692298 854182 151956 395502 624987 677246 101632 642167 1006277 798124 250011 511681 727866 598040 719166 509835 881066 545129 751748 1079705 844310 230206 797783 1062592 584813 775499 712626 774922 771547 377542 464479 621158 343006 444083 816409 831102 1088270 734069
970358 856703 650745 429728 898382 859730 458623 710476 462418 608377 918807 748035 139469 1260364 386104 1115563 1024801 222147 764289 861704 738253 752662 859722 980211 555501 204106 278065 584150 129811 1120430 952383 887846 1007368 554670 840874 7055 256508 816905 713821 744851 868555 231115 966348 766367 64554 704722 572004 360690 1083414 999999999 600544 1109264 708328 819487 469951 288245 778657 310784 649205 551166 672970 878728 700550 306613 1172081 783709 842664 676856 1023126 872968 78342 641670 895736 593424 872083 559062 595770 739241 256910 542479 471638 21250 286232 990917 449227 42076 1009045 320448 653540 323092 542244 705907 953024 682362 740425 913271 584033 425643 69555 579086
716704 490687 398019 173315 426117 652139 151939 117343 626459 43515 540616 459639 461992 691807 312135 574749 493335 400670 462058 591180 159614 364806 344159 537574 599659 595359 323158 579211 480930 534786 423015 837781 416508 219190 411101 593588 500157 755593 582220 362348 579054 378705 827754 166341 619399 320652 445725 365554 502226 600544 999999999 652390 368955 574668 150896 623896 178524 330238 547439 79642 403690 436323 338205 351983 617945 197981 595385 307848 465312 429679 527353 591978 385309 10399 688164 313570 488819 414424 450157 158682 430563 593463 417662 484963 467587 574137 691801 281535 325012 333949 502509 150631 577175 464454 178941 530346 571985 344296 618747 301372
360331 266197 473001 745569 228386 424272 710343 557808 824971 684923 211596 388030 997829 348329 950430 214242 212821 889955 369307 346960 507190 948979 819450 129139 714017 989761 868061 666478 1029332 391457 253473 655724 423072 564199 947488 1103755 886167 618290 528594 950576 323612 889583 543782 561074 1094422 922707 579245 751030 365788 1109264 652390 999999999 402665 387703 690504 958926 557694 802516 569374 637678 450403 233702 945283 966899 263413 651873 378499 921738 285955 946494 1032069 619065 270339 662662 455876 550984 581031 378704 862896 597976 670281 1112624 828602 180894 710342 1101667 260500 857239 950238 787653 645148 502479 191610 469302 478661 212252 659953 992091 1090971 945922
349455 152324 86322 386371 216442 285314 354207 340708 458173 411993 214202 91732 603077 623631 605055 457414 370027 491686 93146 222807 307593 730856 670967 274640 368065 589487 482399 326293 636106 540349 311416 495098 470234 188462 766156 703015 484566 418917 250978 729077 212786 494715 463887 389225 691849 688794 200082 348704 498159 708328 368955 402665 999999999 206503 332855 565610 395433 406302 247224 314322 69976 181951 706940 601797 523306 486928 226591 676774 404084 779088 631868 304005 250249 376635 323193 149296 221078 45960 460231 243397 275531 712675 426029 317371 319216 702929 339131 482718 693278 389679 275904 268713 250608 129318 275630 207318 318308 657900 688360 662091
157543 158939 195087 571200 316251 79873 542473 544288 454220 617905 184649 115065 738172 696662 788955 529909 461121 622571 115080 45984 507316 937325 873517 293971 336871 660801 638682 289612 773248 660619 428237 314156 619650 378206 971994 815367 569303 252193 142869 935498 64800 634490 259763 588405 788741 894972 247485 468534 620654 819487 574668 387703 206503 999999999 521552 612030 593312 548259 193798 515963 180224 268471 912861 773647 596354 688232 24071 882473 519158 984207 749211 236126 379591 582045 119852 304517 228285 162582 562641 439398 347986 828384 535472 398225 375506 823531 193588 651390 897967 528026 290151 471579 196337 141455 473893 189039 284256 845589 784296 863650
675479 479188 328045 55367 464106 592164 21353 244879 485174 179206 537795 412243 336259 793938 272276 657288 568684 257777 420575 548429 268590 469304 485296 564843 473215 445795 194695 460221 361196 650524 495528 745181 537751 145046 531923 463236 349323 661587 494121 464830 542459 240347 756950 305470 480892 419144 339908 216975 613811 469951 150896 690504 332855 521552 999999999 473025 317782 181068 447857 83012 341340 458488 431028 276815 709606 348872 544687 399024 558097 555227 393446 483842 444467 148130 623125 222600 383784 377389 299598 93532 300691 465900 266791 544542 331874 448884 671979 169693 403381 183363 382693 236330 575338 390890 270879 529040 453776 325554 479645 354261
747215 693055 487103 463365 779805 632980 474416 705778 185602 650120 751155 572255 312918 1179088 549215 1017702 927521 262156 590736 657624 714676 891291 948885 835311 296891 84654 356509 336195 338461 1068072 861131 615376 970229 478180 969883 288393 125708 551693 483235 884744 670876 294646 708970 769702 230272 839400 380345 264499 1027037 288245 623896 958926 565610 612030 473025 999999999 781606 299314 421595 550566 509374 747561 842954 478380 1081506 821826 632544 813497 946725 998137 260044 396558 799423 621036 635984 433283 386063 581523 177703 500559 290308 306921 206821 880119 248630 317185 805384 410575 801726 291384 322360 672307 779858 493383 703403 748516 338766 606768 224722 731580
