NAME : synthetic_000374
TYPE : CTSP-D
DIMENSION : 100
GROUPS : 8
RELAXATION_LEVEL : 1
EDGE_WEIGHT_TYPE : EXPLICIT
EDGE_WEIGHT_FORMAT : FULL_MATRIX
EDGE_WEIGHT_SECTION
999999999 522551 471947 673969 225365 193744 504037 820320 635327 518655 882306 623281 507732 704077 75417 200559 964919 373237 496746 548482 529612 834673 739303 458486 388282 793860 187323 481027 593976 639644 863950 277075 660342 802048 666643 817368 524391 200262 797635 575006 719228 892593 485361 279393 958805 391609 302030 423697 187506 425979 115370 685829 238080 885229 257629 511684 143577 757147 734207 534160 341195 891000 525222 675938 412730 167829 621539 610591 329566 896566 480511 510321 101997 670570 342480 648599 115993 859968 589570 430565 652351 176227 698605 766700 665113 568016 414651 328558 752137 131290 194159 398170 930723 928255 480625 695556 721502 396265 708500 450115
522551 999999999 65971 523967 413946 332591 923025 670106 319766 66977 567472 779229 831388 633347 528630 371729 445218 489788 151217 889202 727115 332948 424965 555084 406191 277877 336038 339660 548779 120106 618342 339646 148380 579437 755308 393105 486600 335467 476865 238041 587437 629544 598005 429008 835060 233474 239488 201016 403526 104694 434179 551963 299204 611597 493544 176321 540292 234633 563738 243436 366511 380088 491257 161496 129647 377307 300394 468210 461966 847765 760977 548233 431654 764462 731107 729254 491893 395311 467902 853707 788680 536772 521465 284061 728693 183943 546694 574374 599102 556284 437749 604914 707151 853563 49890 803842 208348 804154 195420 175544
471947 65971 999999999 557712 349985 287670 894994 708659 367487 115437 622986 782454 814694 660782 472220 338007 504080 483468 183975 871469 723452 397805 477127 556443 341386 339911 288553 358442 569238 169061 667093 274665 188455 624537 766326 456705 502302 278774 531247 283264 621217 680492 599705 410934 873822 168170 208390 209273 370362 45968 391664 584683 261219 663396 428375 212123 479819 290435 601748 279531 300653 443027 506722 203991 118753 319724 347810 498102 396006 877969 747946 557183 377291 775088 703529 740486 432925 461158 494730 824065 794644 503497 558803 350030 742075 233449 481459 557503 636021 517356 374958 594788 755064 886940 17245 813740 249720 775758 259335 115167
673969 523967 557712 999999999 745617 542792 753595 157923 229428 457082 265833 395365 587537 124058 733741 485244 693421 323842 374975 640702 409634 536833 204737 280306 836185 568557 559526 220275 122931 583354 200788 710291 620072 137230 322364 375623 159689 622019 226646 292513 63567 234239 293521 396459 319903 684155 467101 363518 488918 552836 562868 29267 497689 234470 830509 348131 788440 605266 60252 280578 777977 598159 160935 621999 455913 651264 243646 67072 848699 325029 506784 217980 653822 332299 606101 300540 736302 462877 84741 713000 383330 539212 34935 463512 285535 348956 952954 429336 83565 594231 745294 390296 257193 329724 544227 369343 654075 664865 522651 662713
225365 413946 349985 745617 999999999 207160 729279 902531 635189 438765 900513 798401 720839 808299 175409 282817 851137 506880 456227 765876 711390 746832 749440 598900 162960 689737 190146 527414 697723 513134 910809 78968 523206 854786 823405 780194 622184 123612 808834 557168 801739 933604 635100 401131 1057455 210104 283777 410375 297552 309615 244797 764799 248410 921431 87748 480498 146961 636257 802938 528131 118671 792999 624649 539824 350700 100803 617319 678553 116792 1019402 682538 635506 140140 829239 562152 801620 121440 800559 663146 655666 823178 371059 761828 693376 813595 528686 218704 506035 828941 343557 35094 571004 989699 1043360 364454 860124 580453 619928 609111 280882
193744 332591 287670 542792 207160 999999999 621651 698492 459861 325040 718397 606955 569782 601324 219230 83343 772082 305538 305926 622025 526110 640971 569967 397101 334190 600642 17037 328556 490606 451606 716563 195764 475122 658087 623337 631050 415124 87406 629443 391662 597146 741713 435508 201250 851432 254238 109928 238161 108728 242460 104496 560619 49862 731374 288850 323195 257346 566350 601231 354347 273858 697308 417543 490072 219001 108855 444122 475968 319377 812335 516803 429869 122153 629781 434259 600557 203046 669066 459212 548656 629028 228197 561211 573637 611085 378548 423880 327170 625582 232147 202869 384898 791894 836224 294015 662607 536466 503344 515213 293487
504037 923025 894994 753595 729279 621651 999999999 831949 864045 888867 1018929 426588 179957 696061 564950 557635 1315023 479895 826063 151685 359828 1160107 922489 479374 892238 1147593 627859 689318 631103 1041103 945339 774162 1071392 885233 518451 1066376 609671 677321 965294 849231 759200 980438 460192 499664 897950 870842 686944 745566 525287 853408 521622 745021 635917 984694 753983 824245 624213 1137566 800962 804011 843438 1224819 606361 1084072 793538 658155 860918 721368 831236 783273 251460 537343 596300 514136 191921 520830 616129 1138337 697040 74060 459119 394088 788386 1080437 545220 874899 907020 366853 795271 395892 698099 373704 971530 829673 896654 508114 1130710 119240 1067181 915113
820320 670106 708659 157923 902531 698492 831949 999999999 357613 603230 257104 426139 655423 136867 883218 637524 772879 455778 524740 701582 472730 626878 287121 391435 993960 672758 715345 378194 231243 716909 145457 868165 752591 120409 335280 446257 296078 778923 274327 433073 101809 176375 389385 540945 165186 840484 624963 519961 638520 706772 712097 137874 654266 191331 986887 496889 940146 720757 106927 429210 935858 681791 295500 752391 611102 807234 375278 224708 1006417 207930 580534 328106 806906 343323 708746 322876 888850 533107 239429 802619 402705 674330 150024 563237 300247 489089 1110758 547735 74533 730608 901301 496041 140116 194963 694390 370065 779676 758601 641063 816350
635327 319766 367487 229428 635189 459861 864045 357613 999999999 254595 266219 582385 722283 352131 676848 435239 482791 384969 189973 780358 566432 322324 114967 397078 687534 343250 473800 177925 303820 359456 299628 580850 395403 259949 527450 203012 276013 518707 173860 84740 288649 313674 430228 399935 520589 519584 356476 225670 453604 376526 520641 258653 410003 297464 722917 161810 716862 376032 254753 107209 635266 386922 280629 395899 293844 556800 19697 195802 720076 550253 640950 355694 581924 537501 687623 502646 662548 275785 209306 808765 579274 553175 215999 243854 493325 135825 818919 500799 291532 598485 645121 492493 387887 548547 351525 577011 425836 757134 293267 481242
518655 66977 115437 457082 438765 325040 888867 603230 254595 999999999 507572 722090 787587 567218 534236 349583 448125 440482 86467 846006 674304 317540 362332 500063 452484 276132 331759 277307 484640 157309 553954 369578 192162 513672 694331 346996 424510 345257 415942 171801 520529 566292 542505 390051 768231 279294 220732 149028 379914 136717 420743 485146 284560 548849 522529 109988 554052 250418 496806 176645 407375 372389 429245 201664 106327 387615 235057 401835 500220 781091 714624 488989 435170 703640 697516 668245 502933 361798 402150 821443 730051 510858 454500 256143 666755 119137 590766 532401 532135 536480 458615 557330 642446 786631 98614 743263 246456 770917 190698 230604
882306 567472 622986 265833 900513 718397 1018929 257104 266219 507572 999999999 651136 853270 353279 930853 682500 540485 571014 454191 906012 674321 412745 151309 542309 951971 474790 733291 401683 388762 572291 114331 847068 602844 147678 568516 227612 414518 782391 92789 348513 274863 94636 558746 621319 369789 781968 619340 490172 695501 637800 767014 278207 668800 73170 988259 426741 975544 537923 226094 372612 900735 457029 417049 597585 559512 819264 284926 302154 986252 457869 772613 481926 839316 577785 866022 550510 921322 303866 327026 976485 634080 773738 230908 368159 531342 390775 1084688 683723 245373 825210 909213 651846 183451 433282 606179 610263 612588 927492 469820 738128
623281 779229 782454 395365 798401 606955 426588 426139 582385 722090 651136 999999999 246986 300004 698511 523773 1065177 307842 638174 283114 96258 904671 596024 226130 940725 919041 621945 450284 283057 876306 557704 802431 912661 505342 93754 763146 310400 692440 622001 607441 376367 592409 182884 406540 472208 841368 601298 578464 502985 755717 555272 376172 586667 601648 862776 622092 766329 936381 425182 571791 880679 969291 305527 920142 663715 699427 588225 393480 915186 357107 191484 235486 664378 88163 361549 103313 729043 847640 375210 416198 34481 447055 428515 825617 126109 653824 1015281 296225 407933 496113 780747 228186 565407 403173 775742 85488 961554 384039 854581 853609
507732 831388 814694 587537 720839 569782 179957 655423 722283 787587 853270 246986 999999999 520675 579891 492665 1190839 351692 715090 58990 182859 1032187 767945 326089 879786 1029065 580261 555482 464662 944266 773754 748864 977460 715243 338503 921057 454299 641885 806282 720158 587296 808945 298657 403863 717993 823766 608993 639090 462536 777685 484348 576217 570039 814559 765084 708114 646447 1028867 631204 676821 824528 1097649 450416 988402 703054 633608 721955 562481 833167 604022 82025 377135 580843 334270 171224 341117 623498 998024 539086 175010 279963 351571 622470 951623 365488 753630 922227 257391 622681 378895 694702 234571 795411 650156 813118 329631 1033886 155816 953133 855980
704077 633347 660782 124058 808299 601324 696061 136867 352131 567218 353279 300004 520675 999999999 770633 532541 816258 332523 482317 568474 337819 660451 324331 259744 914881 692548 618361 305967 111505 700987 257848 782928 737980 206152 215238 495473 186276 685811 336480 409552 80256 292707 253852 426391 254783 773376 542493 457025 528820 650432 600785 95890 561249 301645 889516 457234 830829 728148 130480 391411 855053 721293 184080 740810 551714 709722 365316 165761 917512 218769 444607 198402 701408 224517 572455 197856 781517 583358 166085 665809 281115 549425 147831 587537 178094 465289 1022475 415889 108278 606036 803081 361184 275545 235989 648600 257811 774465 621741 645280 759866
75417 528630 472220 733741 175409 219230 564950 883218 676848 534236 930853 698511 579891 770633 999999999 250527 973834 442389 524175 618728 604987 851751 784701 529613 334185 805057 207684 532465 659748 641272 919375 241321 658255 858469 740659 850212 588363 193515 843796 610677 781632 946802 557981 344273 1025361 367242 328544 457268 244941 426867 171142 747268 268398 938250 189397 542254 68194 762057 793777 572488 294073 905038 589538 674406 431038 152742 661752 668985 266729 966921 555104 579360 99400 744769 412402 722199 54119 886404 649017 492584 727405 251484 756695 787954 738257 597246 344865 403371 813553 206176 140827 472879 989224 997504 483138 770270 718517 461929 720520 432187
200559 371729 338007 485244 282817 83343 557635 637524 435239 349583 682500 523773 492665 532541 250527 999999999 796059 224545 309773 546459 442825 655246 538775 316519 417050 623920 98198 282313 421077 491711 668866 278685 519233 608115 542068 621156 346770 169049 597205 378128 535715 696306 353861 119148 785499 332235 132243 231186 32376 295815 85427 500337 78768 687931 359091 320437 303196 598906 544959 335811 356909 715210 348641 533006 245616 182034 421903 419690 397857 739290 436412 353201 169540 548270 366914 519734 251350 669060 400564 486223 546173 165664 507035 582563 531108 377223 501375 245266 566334 186920 272722 301691 739488 765375 340768 580486 579877 438431 539012 363963
964919 445218 504080 693421 851137 772082 1315023 772879 482791 448125 540485 1065177 1190839 816258 973834 796059 999999999 840807 492797 1249735 1045705 160669 493776 871986 803703 172182 777597 635759 785256 338020 648315 773418 331649 652617 1007832 326692 757470 780658 498632 470740 740977 634787 908386 818591 908107 649412 668820 574668 825386 548190 868863 720542 732673 612947 924008 491427 983899 214905 694919 514159 781084 95983 762200 315167 554358 822395 477651 675265 876953 980799 1111506 836505 876522 1017912 1127420 983587 936586 240094 691123 1251971 1061588 953249 668752 240759 972680 440170 941909 948947 729075 982765 877955 956513 723905 964087 491687 1056909 282337 1200362 257459 578183
373237 489788 483468 323842 506880 305538 479895 455778 384969 440482 571014 307842 351692 332523 442389 224545 840807 999999999 364550 410668 240223 683399 453676 92024 639177 677588 321559 209439 224987 597792 524045 500889 632257 460324 317807 587861 164357 392731 502965 371216 357776 556601 130207 105757 586620 533536 293903 291500 210646 452880 276738 328627 280317 554354 580174 356544 505459 677741 382450 326827 578559 748627 163594 642144 366112 406109 381169 270889 622347 524709 275365 137110 383610 324260 303722 295223 459255 658484 246413 423835 326596 218554 354446 603124 306716 402192 725576 116549 393196 274862 494584 117702 577907 555230 478810 357594 686697 372274 601476 547196
496746 151217 183975 374975 456227 305926 826063 524740 189973 86467 454191 638174 715090 482317 524175 309773 492797 364550 999999999 773899 593769 346322 303949 418239 497940 322540 316522 191162 398228 238213 487290 396106 274487 442090 608378 327791 338301 347407 361402 105800 438542 503122 460137 326997 689918 329663 196000 81881 336873 187286 389419 402477 258869 487317 543240 28652 554108 313936 417850 95558 446663 407761 343059 282231 106590 388336 170491 317535 533771 697516 639892 404076 425255 617743 636502 582290 500673 363354 316716 761080 645210 461302 374973 272792 580499 73672 630816 463486 452321 494022 470343 482205 574179 704654 169694 657448 324838 709775 241118 294340
548482 889202 871469 640702 765876 622025 151685 701582 780358 846006 906012 283114 58990 568474 618728 546459 1249735 410668 773899 999999999 232193 1090995 824059 383669 926292 1088055 631867 614276 518129 1002541 823707 797365 1035570 766242 376641 978536 510969 691735 861276 779029 637528 858885 354728 461005 755056 876257 665041 697647 515782 833907 533427 628207 624388 865277 806061 767055 684059 1087720 682542 735758 872110 1156469 506986 1046633 760596 681392 780282 618017 876502 636821 139414 433051 626460 371272 206327 382382 664469 1056021 594920 171411 313916 399945 675591 1010420 406472 812619 962905 314862 672352 422431 738532 293554 841696 683862 870208 361221 1092214 169986 1012089 910310
529612 727115 723452 409634 711390 526110 359828 472730 566432 674304 674321 96258 182859 337819 604987 442825 1045705 240223 593769 232193 999999999 885254 598539 176498 857851 891550 540310 414538 287823 830986 591713 720166 866420 534049 169344 758642 290872 609768 632587 578226 405414 626901 137461 329366 543285 768051 532092 526677 419518 693076 466933 396265 510471 633106 772822 581204 673008 901368 450379 538462 798442 950645 286417 875276 605642 613754 569115 391722 828090 437453 109848 211043 575258 168075 269520 165385 637231 839522 369818 337613 129023 353618 444416 804947 189488 619336 926739 205718 440432 401289 692156 141401 612644 481300 718398 178401 918554 299949 821566 785962
834673 332948 397805 536833 746832 640971 1160107 626878 322324 317540 412745 904671 1032187 660451 851751 655246 160669 683399 346322 1090995 885254 999999999 341991 711955 726395 78529 648584 476720 625359 253448 512270 672420 264904 507963 848384 186110 596803 661742 355803 312292 587013 503982 748004 667167 770805 559326 533492 427528 683006 437261 732405 564562 597879 482024 826181 340738 869728 155062 542618 356659 693823 65529 601531 251689 422245 704099 316983 515731 790312 833910 952407 675869 752710 858459 974277 823944 819478 115187 531055 1098557 901434 807061 513842 80607 813529 286649 867604 793370 577815 840297 769991 798234 594013 820709 382651 897640 242003 1046778 139343 492329
739303 424965 477127 204737 749440 569967 922489 287121 114967 362332 151309 596024 767945 324331 784701 538775 493776 453676 303949 824059 598539 341991 999999999 444004 801876 385646 584484 263649 314131 445983 196627 695782 479586 172264 526688 171237 314032 631916 59609 198152 247460 204746 469386 488559 440184 632938 469076 339244 554178 489201 623982 229761 520184 186646 837187 276152 827313 435642 201216 221376 750022 399964 317740 477032 408635 669297 133879 206818 835042 492658 685937 391008 691535 536671 756321 504294 773010 259028 229243 873079 586294 642650 176573 276139 490048 243692 933792 569814 235931 691498 758614 549067 285953 482027 460662 574010 499623 822375 358112 591858
458486 555084 556443 280306 598900 397101 479374 391435 397078 500063 542309 226130 326089 259744 529613 316519 871986 92024 418239 383669 176498 711955 444004 999999999 730204 715803 413256 238367 163693 656068 479350 592079 691850 416564 226491 594972 130331 484408 485922 402777 300196 513591 43264 197770 509148 619529 377894 354069 302378 529660 366890 277443 369984 514725 671810 404952 593967 724871 333819 362293 669503 777465 126988 700260 437738 498132 397852 242198 714352 438232 244316 64039 474671 233298 325862 203456 549042 672512 217737 434217 240700 293755 314205 631422 214698 442922 817598 156407 336976 350184 586387 109999 522191 471278 549976 267883 743058 385245 645140 628550
388282 406191 341386 836185 162960 334190 892238 993960 687534 452484 951971 940725 879786 914881 334185 417050 803703 639177 497940 926292 857851 726395 801876 730204 999999999 658556 318854 616387 807743 475109 980483 138426 473495 929981 956687 797906 732367 248333 859203 603739 896429 998852 769339 535430 1155001 173452 372418 477025 438419 316521 397498 858795 361532 983974 166489 525784 290996 593295 889607 585339 60790 761685 735541 489608 394270 247171 668216 770017 87420 1131517 837506 758528 300008 963348 723785 933480 280326 800376 758504 818621 963177 528432 846841 687977 943005 562809 141320 654836 919431 504810 194922 716471 1064710 1150699 358525 996619 521864 782588 587634 234493
793860 277877 339911 568557 689737 600642 1147593 672758 343250 276132 474790 919041 1029065 692548 805057 623920 172182 677588 322540 1088055 891550 78529 385646 715803 658556 999999999 606580 477527 645753 183448 567780 613491 190031 556537 869440 247653 608725 612607 408858 313381 623133 562957 754201 649363 823062 495181 496738 404204 653352 382287 696804 597247 560683 541222 766300 323453 818169 76562 581822 353810 629246 103833 613582 175859 382438 654676 333688 538997 725842 877341 951045 685870 707036 879448 958753 844282 769564 189364 551408 1083353 918712 781738 549204 109904 835919 275436 799289 782822 618063 810677 714812 794517 652527 867673 326151 919186 163536 1031930 85460 426135
187323 336038 288553 559526 190146 17037 627859 715345 473800 331759 733291 621945 580261 618361 207684 98198 777597 321559 316522 631867 540310 648584 584484 413256 318854 606580 999999999 344805 507638 454246 732571 180492 476699 674299 639359 642718 432160 71173 644012 404386 614035 757518 451386 216870 868430 245067 120928 250888 121525 242902 107412 577471 64552 747007 271874 334703 243066 570398 617878 367851 258736 704138 434576 491896 226343 91919 457807 492667 302614 829315 528759 446590 109271 645730 441785 616695 188749 679137 476029 554551 644347 235651 577751 582355 627408 389564 407038 340158 642373 235686 185969 398976 808237 853252 295822 678335 538044 510016 521252 287665
481027 339660 358442 220275 527414 328556 689318 378194 177925 277307 401683 450284 555482 305967 532465 282313 635759 209439 191162 614276 414538 476720 263649 238367 616387 477527 344805 999999999 210821 427545 388494 490069 464310 329534 417238 380646 147206 404111 319808 165148 280052 414763 277633 225434 538643 468375 246937 151378 293891 345046 365947 242412 281291 405800 613309 172450 581561 487724 275970 123938 557888 542200 151938 470950 246177 435552 172359 153696 628742 524693 475775 214903 445171 426629 510307 391151 528033 449205 142936 632227 455476 379595 234457 396145 389459 205051 732832 324022 303802 427865 529116 321867 463496 538624 347622 466381 511567 580465 407210 454135
593976 548779 569238 122931 697723 490606 631103 231243 303820 484640 388762 283057 464662 111505 659748 421077 785256 224987 398228 518129 287823 625359 314131 163693 807743 645753 507638 210821 999999999 628370 317151 674381 665520 255283 223743 480114 75734 575650 345032 342319 136631 351803 171632 315490 365716 671231 436048 361209 417409 554495 489585 114938 451483 354431 778426 375952 719538 671227 171460 314858 747562 689274 73080 670322 455719 598777 312095 110638 807792 323825 383853 99679 589903 233774 488299 198828 670067 564675 94523 592008 276615 443400 157863 547593 190388 394674 912743 318465 173337 499807 691958 272419 358763 345652 558421 273440 707689 544640 588137 662659
639644 120106 169061 583354 513134 451606 1041103 716909 359456 157309 572291 876306 944266 700987 641272 491711 338020 597792 238213 1002541 830986 253448 445983 656068 475109 183448 454246 427545 628370 999999999 642422 435424 37164 613765 844022 366376 573629 447834 488590 291488 645172 647236 698179 544487 878882 313172 359493 306319 523417 214656 553880 612438 419242 627218 586582 255135 647392 123124 613986 313537 446631 286781 578469 44363 247935 488720 342424 535828 543145 907743 871785 641799 546156 853554 849269 817969 601446 342099 540339 972361 882821 656528 574202 230876 814811 235786 615889 688346 650651 676382 540253 714583 731597 907763 159076 893446 89854 922481 119419 243196
863950 618342 667093 200788 910809 716563 945339 145457 299628 553954 114331 557704 773754 257848 919375 668866 648315 524045 487290 823707 591713 512270 196627 479350 980483 567780 732571 388494 317151 642422 999999999 865281 675688 63721 470646 326475 360311 788853 159217 383944 186471 35192 488351 590770 259849 816111 627069 505444 676775 674576 750356 202253 668485 45964 997864 458673 969923 624842 145718 395618 925741 561447 361678 672638 586772 822391 319292 256049 1005388 343539 695170 415952 833619 479411 805041 455030 916494 408979 279298 908745 537537 737468 169685 458387 434121 434859 1107171 630036 151385 791721 915183 589010 89358 319558 651152 509301 693282 861723 550615 780547
277075 339646 274665 710291 78968 195764 774162 868165 580850 369578 847068 802431 748864 782928 241321 278685 773418 500889 396106 797365 720166 672420 695782 592079 138426 613491 180492 490069 674381 435424 865281 999999999 444661 811726 818525 714685 598723 110413 754613 499949 768974 886116 631015 397006 1026948 131508 243206 360119 300656 236499 264545 731513 224712 872703 153956 422016 223481 558516 765644 474978 78301 717034 601692 461292 289518 116615 562273 643474 140111 998112 703148 621675 178351 825118 598244 795449 189780 730451 630285 700115 824764 397556 723492 621646 805290 466686 242956 518105 793845 380142 110494 578765 946936 1018913 289821 858249 501625 660770 533962 201950
660342 148380 188455 620072 523206 475122 1071392 752591 395403 192162 602844 912661 977460 737980 658255 519233 331649 632257 274487 1035570 866420 264904 479586 691850 473495 190031 476699 464310 665520 37164 675688 444661 999999999 648370 880967 392260 610557 465499 520669 328442 681741 679580 734097 576403 914104 318258 387084 340802 551215 234402 578425 649184 445170 659313 593356 291972 660836 120007 650088 350695 449435 290454 615391 16643 277900 505518 378616 572893 545361 944277 905654 678365 564844 890483 879476 854908 616533 361229 577487 1002073 919441 684611 610537 252748 851853 272856 613096 721021 686803 702468 551754 748710 764701 943894 181109 930359 61354 952533 140048 246736
802048 579437 624537 137230 854786 658087 885233 120409 259949 513672 147678 505342 715243 206152 858469 608115 652617 460324 442090 766242 534049 507963 172264 416564 929981 556537 674299 329534 255283 613765 63721 811726 648370 999999999 421296 326115 296630 732178 153990 341970 129490 97096 426854 527835 267942 768369 571496 453256 615153 628792 688893 140453 610564 99471 941438 413474 910018 607900 84272 348090 874197 561936 298036 646764 538000 764755 279127 192829 951694 328294 635892 353446 773961 430474 742398 403871 856841 412751 215814 847282 487251 673952 106002 446675 384218 395579 1054289 566563 97928 728332 858006 526392 135213 312758 609132 462630 671026 799857 530121 736417
666643 755308 766326 322364 823405 623337 518451 335280 527450 694331 568516 93754 338503 215238 740659 542068 1007832 317807 608378 376641 169344 848384 526688 226491 956687 869440 639359 417238 223743 844022 470646 818525 880967 421296 999999999 696725 270418 710532 546928 563549 294398 504901 188330 422937 379519 843046 600933 557834 525917 744329 586127 299825 596300 515393 893732 589061 807256 893425 344340 532541 895992 911893 265594 886960 648348 722859 535820 332654 939423 268533 276288 209385 695283 10081 438139 26088 765811 783084 318235 503987 67426 492300 353424 771077 37313 613932 1042007 339374 323368 545319 809252 269913 473651 313226 757765 49875 926116 468546 810543 847383
817368 393105 456705 375623 780194 631050 1066376 446257 203012 346996 227612 763146 921057 495473 850212 621156 326692 587861 327791 978536 758642 186110 171237 594972 797906 247653 642718 380646 480114 366376 326475 714685 392260 326115 696725 999999999 468639 674962 172271 243030 417935 317936 625127 599538 585643 624470 521794 393977 643195 483639 705327 400985 582422 295996 865949 308019 881865 313745 370402 286333 754277 236120 472887 384372 430173 716080 208977 370057 847139 654151 839265 548075 751901 706748 890631 673849 828330 88151 390005 1011693 755065 751136 347789 144128 660334 254120 937222 703799 403616 793757 796478 693836 407952 638280 439504 744482 392862 960092 253332 568549
524391 486600 502302 159689 622184 415124 609671 296078 276013 424510 414518 310400 454299 186276 588363 346770 757470 164357 338301 510969 290872 596803 314032 130331 732367 608725 432160 147206 75734 573629 360311 598723 610557 296630 270418 468639 999999999 499976 355665 297249 195705 393337 156577 245005 438800 597898 361106 293105 344607 484888 417541 164741 375753 392157 703241 318644 646936 626855 218096 263271 672107 661916 4905 616656 386618 523455 279837 112672 732068 399402 372276 79834 516028 279926 451505 244353 596794 548713 87915 563358 311990 381289 191185 517030 242254 345166 837022 270838 230129 436943 616811 238109 413929 421286 492431 319822 656225 513709 544659 591942
200262 335467 278774 622019 123612 87406 677321 778923 518707 345257 782391 692440 641885 685811 193515 169049 780658 392731 347407 691735 609768 661742 631916 484408 248333 612607 71173 404111 575650 447834 788853 110413 465499 732178 710532 674962 499976 999999999 691496 443768 678172 812328 522545 287971 934154 195418 163146 293037 190251 233354 158600 641205 124967 800695 209292 369357 209037 568557 679431 411535 188674 713421 502584 481526 246373 42371 501506 554958 232598 898252 593965 517041 100157 716898 496102 687854 157752 703451 539549 603388 715170 292084 638438 601036 698480 421008 337387 407852 705331 281441 126917 468367 866913 921260 289633 749437 526102 561448 528543 250177
797635 476865 531247 226646 808834 629443 965294 274327 173860 415942 92789 622001 806282 336480 843796 597205 498632 502965 361402 861276 632587 355803 59609 485922 859203 408858 644012 319808 345032 488590 159217 754613 520669 153990 546928 172271 355665 691496 999999999 255732 256533 159014 507967 543512 415252 689371 528680 398748 611948 545276 682274 247159 579679 138655 896577 333970 886785 465749 206788 280706 807958 408319 358934 516678 466777 728906 192348 244253 893663 482252 724530 429578 750925 556712 803654 526078 832489 258780 268331 918340 609334 697284 193832 299287 509740 298481 991937 618236 236885 747045 818171 593254 246089 466032 514542 592423 535443 868170 392475 646308
575006 238041 283264 292513 557168 391662 849231 433073 84740 171801 348513 607441 720158 409552 610677 378128 470740 371216 105800 779029 578226 312292 198152 402777 603739 313381 404386 165148 342319 291488 383944 499949 328442 341970 563549 243030 297249 443768 255732 999999999 355031 398412 440840 363668 597663 435074 284328 153524 400385 291819 462422 321432 342279 382149 644682 78262 646401 330043 327424 45851 552226 377644 302145 331387 211181 483251 65080 244791 638442 617466 640779 373077 513551 573394 665653 537839 592295 296853 251021 789291 608981 511946 285980 231920 531943 56527 736240 482405 363428 552416 569056 486004 471800 619788 267523 613411 366467 737426 247506 396653
719228 587437 621217 63567 801739 597146 759200 101809 288649 520529 274863 376367 587296 80256 781632 535715 740977 357776 438542 637528 405414 587013 247460 300196 896429 623133 614035 280052 136631 645172 186471 768974 681741 129490 294398 417935 195705 678172 256533 355031 999999999 221657 304545 439976 258595 746238 525868 425779 536849 615930 610494 37656 553356 227842 885735 411677 838363 663036 50233 344090 837801 646632 195495 683256 518696 705948 303932 126671 906629 262588 508761 236158 705107 303860 623569 275749 787041 506031 138821 724044 359391 576061 73945 516258 257110 411544 1011183 455019 36876 632044 800003 408189 222143 266178 607773 337855 714370 677838 580939 725832
892593 629544 680492 234239 933604 741713 980438 176375 313674 566292 94636 592409 808945 292707 946802 696306 634787 556601 503122 858885 626901 503982 204746 513591 998852 562957 757518 414763 351803 647236 35192 886116 679580 97096 504901 317936 393337 812328 159014 398412 221657 999999999 523156 621051 275308 832701 649876 525998 705189 690111 778524 236866 693200 21988 1020930 474660 996250 622929 180350 413529 944954 550304 394854 675686 604620 846668 333351 287279 1026189 368040 730332 450354 859784 513582 839388 489605 942597 397180 310984 943589 571912 768889 202228 454550 468508 447249 1127245 663559 186546 822794 938969 623364 90037 340884 664248 542981 694142 896437 551093 794713
485361 598005 599705 293521 635100 435508 460192 389385 430228 542505 558746 182884 298657 253852 557981 353861 908386 130207 460137 354728 137461 748004 469386 43264 769339 754201 451386 277633 171632 698179 488351 631015 734097 426854 188330 625127 156577 522545 507967 440840 304545 523156 999999999 234713 495439 661494 420199 396996 337668 572860 399204 286417 410274 526059 706079 446149 623496 765110 342844 401451 708742 813432 152459 742312 480995 534532 432284 263904 751094 415460 216720 78485 507979 194410 319754 166798 580237 704529 240429 420450 198110 315462 328249 667637 180773 482650 853730 168254 341348 370991 621273 107669 524357 451352 593206 227394 784829 373488 684841 671420
279393 429008 410934 396459 401131 201250 499664 540945 399935 390051 621319 406540 403863 426391 344273 119148 818591 105757 326997 461005 329366 667167 488559 197770 535430 649363 216870 225434 315490 544487 590770 397006 576403 527835 422937 599538 245005 287971 543512 363668 439976 621051 234713 999999999 681093 438815 207527 246005 105476 374883 174773 407015 181155 615662 474808 327284 404884 637942 456669 317885 475029 730759 245891 588162 299855 300372 391107 335078 516704 626611 337947 238419 279281 429123 309516 400712 356821 660289 312873 434084 427927 154169 422833 589185 412468 380526 619831 146569 473244 203910 389026 190583 653649 655090 409265 461469 634341 382826 567963 460059
958805 835060 873822 319903 1057455 851432 897950 165186 520589 768231 369789 472208 717993 254783 1025361 785499 908107 586620 689918 755056 543285 770805 440184 509148 1155001 823062 868430 538643 365716 878882 259849 1026948 914104 267942 379519 585643 438800 934154 415252 597663 258595 275308 495439 681093 999999999 1004038 784048 683387 782983 871493 855300 296246 809187 296622 1140260 662075 1085214 875771 272074 594393 1096285 821134 437108 913177 775330 960239 538727 385183 1163975 131053 652831 450764 954826 384145 802898 378327 1035484 668816 396770 880873 441224 801973 315066 713173 354014 653440 1268712 662753 238335 858578 1054069 602311 191029 85570 859575 395748 938548 842333 798009 981179
391609 233474 168170 684155 210104 254238 870842 840484 519584 279294 781968 841368 823766 773376 367242 332235 649412 533536 329663 876257 768051 559326 632938 619529 173452 495181 245067 468375 671231 313172 816111 131508 318258 768369 843046 624470 597898 195418 689371 435074 746238 832701 661494 438815 1004038 999999999 242113 320653 361406 144324 349375 708684 258337 816980 275219 358054 354733 435205 734428 420716 134498 598990 601646 334875 230559 223787 500037 619734 231015 992034 768601 636597 289614 850736 686523 818341 318121 628570 611176 797115 859467 480543 691253 516714 824494 391543 313298 576827 766202 475546 241947 629062 902018 1006996 185237 886865 373214 753858 419991 71856
302030 239488 208390 467101 283777 109928 686944 624963 356476 220732 619340 601298 608993 542493 328544 132243 668820 293903 196000 665041 532092 533492 469076 377894 372418 496738 120928 246937 436048 359493 627069 243206 387084 571496 600933 521794 361106 163146 528680 284328 525868 649876 420199 207527 784048 242113 999999999 131353 164133 168933 200071 488369 64390 637909 371058 213777 362074 468058 522747 249578 312825 591192 364497 400782 114895 200340 339730 400268 381876 759538 545281 394957 230125 608629 495304 576251 307979 559169 387287 616455 618308 297538 480830 464678 582660 268757 485895 353025 550661 317630 290058 396730 706584 778281 209734 644864 447655 567741 411362 253888
423697 201016 209273 363518 410375 238161 745566 519961 225670 149028 490172 578464 639090 457025 457268 231186 574668 291500 81881 697647 526677 427528 339244 354069 477025 404204 250888 151378 361209 306319 505444 360119 340802 453256 557834 393977 293105 293037 398748 153524 425779 525998 396996 246005 683387 320653 131353 999999999 256930 193671 313207 388296 188902 512732 498115 89251 493226 392483 414224 118508 420941 489412 297497 350662 94799 331384 208573 299507 500205 675595 565660 349237 360028 566736 555456 531906 439041 438068 292351 679973 588644 379647 371143 352703 532992 146037 601727 385063 445610 413460 419503 408309 588253 688157 199998 605691 395427 628804 322068 302850
187506 403526 370362 488918 297552 108728 525287 638520 453604 379914 695501 502985 462536 528820 244941 32376 825386 210646 336873 515782 419518 683006 554178 302378 438419 653352 121525 293891 417409 523417 676775 300656 551215 615153 525917 643195 344607 190251 611948 400385 536849 705189 337668 105476 782983 361406 164133 256930 999999999 328186 73959 502344 110852 697727 369530 345994 302332 629701 549017 357005 378925 743564 346047 564896 276735 197278 441164 424532 413867 731652 408151 343718 173968 531697 334676 504344 252739 693603 404227 453847 526623 133463 512421 609389 516900 402649 516093 218652 568620 157498 284011 278117 744871 759424 373030 562700 611769 406093 568680 395149
425979 104694 45968 552836 309615 242460 853408 706772 376526 136717 637800 755717 777685 650432 426867 295815 548190 452880 187286 833907 693076 437261 489201 529660 316521 382287 242902 345046 554495 214656 674576 236499 234402 628792 744329 483639 484888 233354 545276 291819 615930 690111 572860 374883 871493 144324 168933 193671 328186 999999999 346705 578808 218086 673968 390414 215912 436087 335290 599996 280799 270664 484745 489110 249959 98881 274601 356892 490781 363916 868794 712762 534966 331515 752814 662350 718722 388402 494505 485163 782012 769470 460794 556797 385170 721669 247236 454137 521153 633161 473007 333064 561546 761369 880189 56504 790882 295641 734183 300111 109911
115370 434179 391664 562868 244797 104496 521622 712097 520641 420743 767014 555272 484348 600785 171142 85427 868863 276738 389419 533427 466933 732405 623982 366890 397498 696804 107412 365947 489585 553880 750356 264545 578425 688893 586127 705327 417541 158600 682274 462422 610494 778524 399204 174773 855300 349375 200071 313207 73959 346705 999999999 576148 136322 770765 308159 402150 230136 666424 622974 420654 340787 790888 418824 593142 314616 150327 507203 498472 361299 800800 440024 412452 109408 591248 337905 565752 182544 751143 478183 448049 581176 133548 586340 661654 579821 458869 460091 261356 642443 128278 225494 327232 818809 829793 397404 620166 639713 404493 611414 394884
685829 551963 584683 29267 764799 560619 745021 137874 258653 485146 278207 376172 576217 95890 747268 500337 720542 328627 402477 628207 396265 564562 229761 277443 858795 597247 577471 242412 114938 612438 202253 731513 649184 140453 299825 400985 164741 641205 247159 321432 37656 236866 286417 407015 296246 708684 488369 388296 502344 578808 576148 999999999 516475 239788 849034 375899 803294 634422 56536 308527 800200 625484 165127 651179 481391 669361 272913 89031 869307 296359 496289 213815 669541 309643 602889 278962 751681 488607 101659 706862 362344 546030 53758 491803 262691 377827 973812 429948 66326 601647 763428 386880 249285 302286 571413 345829 683333 659578 551847 688718
238080 299204 261219 497689 248410 49862 635917 654266 410003 284560 668800 586667 570039 561249 268398 78768 732673 280317 258869 624388 510471 597879 520184 369984 361532 560683 64552 281291 451483 419242 668485 224712 445170 610564 596300 582422 375753 124967 579679 342279 553356 693200 410274 181155 809187 258337 64390 188902 110852 218086 136322 516475 999999999 682565 332825 274966 307148 530357 555535 304583 300745 655522 378496 459448 178339 154261 394299 430678 356329 774691 511529 397091 171962 603260 445517 572691 252835 622218 414843 564164 606715 242727 514973 528817 581675 330800 461291 319113 580856 257315 247957 370862 744775 796915 265097 637556 506226 516775 475257 285969
885229 611597 663396 234470 921431 731374 984694 191331 297464 548849 73170 601648 814559 301645 938250 687931 612947 554354 487317 865277 633106 482024 186646 514725 983974 541222 747007 405800 354431 627218 45964 872703 659313 99471 515393 295996 392157 800695 138655 382149 227842 21988 526059 615662 296622 816980 637909 512732 697727 673968 770765 239788 682565 999999999 1008904 458974 986714 601537 183740 398957 930563 528332 393931 655218 589714 835593 317079 283842 1012695 386958 735328 452013 850182 524260 840559 499287 932898 375216 308035 946408 582094 764792 201210 432954 478704 429980 1113281 662915 194049 818205 927487 624688 112011 360921 647035 554605 673201 898757 530132 777879
257629 493544 428375 830509 87748 288850 753983 986887 722917 522529 988259 862776 765084 889516 189397 359091 924008 580174 543240 806061 772822 826181 837187 671810 166489 766300 271874 613309 778426 586582 997864 153956 593356 941438 893732 865949 703241 209292 896577 644682 885735 1020930 706079 474808 1140260 275219 371058 498115 369530 390414 308159 849034 332825 1008904 999999999 567807 132477 709350 888295 615873 152441 870002 705487 609987 437326 180021 705017 763503 83619 1098296 734312 712018 198750 899051 599921 872866 141652 883934 747470 681862 889163 423268 847515 775498 886089 615366 157158 567270 913629 386742 86498 634590 1076202 1123679 443691 928306 648314 651185 687517 347019
511684 176321 212123 348131 480498 323195 824245 496889 161810 109988 426741 622092 708114 457234 542254 320437 491427 356544 28652 767055 581204 340738 276152 404952 525784 323453 334703 172450 375952 255135 458673 422016 291972 413474 589061 308019 318644 369357 333970 78262 411677 474660 446149 327284 662075 358054 213777 89251 345994 215912 402150 375899 274966 458974 567807 999999999 574532 321603 390054 67788 473997 403724 323467 298502 132944 409692 142435 291920 560277 671480 631635 387055 443883 598551 636017 562993 520766 348994 292234 760587 627883 466765 347287 264497 560319 56792 657982 459475 424749 502104 493521 474161 545528 677853 197542 638407 339464 709024 245095 322944
