NAME : synthetic_000397
TYPE : CTSP-D
DIMENSION : 100
GROUPS : 8
RELAXATION_LEVEL : 1
EDGE_WEIGHT_TYPE : EXPLICIT
EDGE_WEIGHT_FORMAT : FULL_MATRIX
EDGE_WEIGHT_SECTION
999999999 341631 219822 630441 615722 397007 648423 519973 878662 714579 139598 412531 589965 787696 224396 289768 402740 259161 527200 245971 300291 714236 358896 380848 659979 314635 194616 356890 311944 365996 453520 275432 592487 320517 204823 378258 878549 207684 675107 421372 381695 281928 369139 184423 599582 719221 366088 213511 414866 360002 757242 428900 650483 491381 466269 610396 256308 333950 405524 727588 746165 468849 587944 695137 404020 749486 546389 505039 404248 168857 45152 792993 559751 765070 85632 638722 274369 600502 353325 556899 687381 645067 548238 333373 718541 382847 183818 526693 325619 417513 203788 283661 76141 841142 391102 70396 381495 418656 429857 533399
341631 999999999 166130 291983 790965 622759 343518 342777 692379 383250 477356 647038 300581 453830 493809 485717 65691 518344 227037 570787 319033 377815 622263 637893 382012 520896 504833 107743 128287 130555 122903 553150 759310 307428 492457 562722 656516 450234 582460 136862 609788 281532 458149 446439 684384 387093 315508 401811 140399 156109 425225 133983 315466 415536 282414 286167 269099 95629 661220 461834 407211 130364 585210 615944 545597 612118 335949 739483 251559 243903 309997 606639 562510 644937 281515 325173 74807 557958 330815 251507 679025 675502 719198 149052 624679 565579 165785 622851 174988 335923 368631 334757 308539 705089 651048 298282 363851 203773 538330 474328
219822 166130 999999999 451192 779567 580268 509144 469070 832659 503504 339031 600631 370366 577565 330814 320110 231267 353653 390796 419432 175718 537986 559018 578693 440339 483701 350092 140396 92468 260533 250418 389834 751418 175531 332506 538813 807237 389620 685617 292093 443852 314147 472998 284186 713809 549907 203973 235683 291717 273445 587803 292989 477375 503186 257251 397335 117833 119597 603388 621581 564265 272204 650314 714752 541754 733633 475023 695443 358425 215392 206057 745483 624128 760763 139683 491281 93057 639202 207199 416537 750102 729411 708129 252621 729679 542682 127495 644581 265248 418988 202531 182969 162929 828204 590521 157705 419597 334656 549898 558453
630441 291983 451192 999999999 973055 849481 152435 364698 585155 200157 768035 875937 288067 237822 782001 761186 228124 804336 161976 862770 569693 86869 867464 878855 345980 750501 796535 331980 381292 294827 212866 841012 939107 548907 782680 775907 512158 704477 597344 233410 885780 485766 642022 735233 820197 103714 536332 682909 244728 318051 139579 220838 34515 500343 424486 191456 533179 342454 899780 299762 115724 184428 676317 635373 739118 575099 320972 960979 365029 505237 595231 516041 663125 618447 573497 121556 365583 623743 560353 142702 746635 773916 905623 337695 628387 777478 448203 775989 362401 454282 649114 592636 600514 650679 892482 590212 515590 298237 714640 551122
615722 790965 779567 973055 999999999 226361 886925 634582 791169 1142730 626741 221021 1091504 1201321 783763 881750 814472 815851 812268 701161 910949 1026033 293281 270523 1172956 301953 714816 872898 850530 700035 907831 805851 34199 927185 752683 241559 859791 408045 531316 752824 932621 511066 336579 765136 201901 1010580 968933 821746 740420 671068 1039019 766831 971323 493921 1032870 1063586 859998 849560 253516 854319 1066559 903137 366304 513623 245371 634781 685907 164394 608127 568282 598200 742718 359917 611146 689844 900246 769649 434458 961154 836119 384996 306008 72060 660780 546691 237449 661734 207588 632153 520183 817733 897453 689932 677019 268637 680242 457605 675841 259364 463394
397007 622759 580268 849481 226361 999999999 793992 561107 815608 996770 400428 27041 919428 1061897 557409 655801 659144 589586 697571 478285 696336 915461 79251 64224 998565 101911 488792 689724 659855 557687 744903 580393 210220 714799 526364 83318 861292 192683 553840 617270 707069 363853 229184 539183 297661 906337 758602 597986 605478 532174 939430 630571 855017 440339 837358 906906 648557 665548 67285 799562 954772 746220 396146 551435 146497 657186 610011 116996 495887 382531 385439 748226 375145 648301 475876 800156 587075 450443 748304 725350 464218 390895 168938 515103 584453 84327 473804 241343 488503 428298 595879 680625 472680 724842 72388 464439 357426 555720 195765 437177
648423 343518 509144 152435 886925 793992 999999999 253910 432928 348894 787877 821014 433546 374373 830824 829142 280305 857592 121808 892215 655910 152914 825021 832690 496519 701195 831910 419072 460615 282938 314477 890100 852731 639859 825746 714600 363049 676313 461267 227813 952990 442548 571480 783060 717000 128766 636781 744447 233618 293800 152611 222059 125441 395945 546835 341050 610254 421598 851098 149285 191601 283687 561328 499039 667961 428109 203460 898364 298837 497541 607404 363903 552492 472307 608677 31090 416328 502296 657475 93347 620554 657507 823772 319534 488311 715297 466660 682327 335432 371279 711570 674628 635944 500115 846240 623205 440289 247024 635471 438614
519973 342777 469070 364698 634582 561107 253910 999999999 366465 558768 649504 587983 577955 602508 735501 766927 312592 767840 208091 761795 643305 400356 603673 607418 656089 477238 714585 449693 467759 214666 400950 791258 600435 638061 721277 478747 358594 478449 249537 216641 881548 251107 332461 689749 463451 380824 653701 677936 208348 196269 406520 226581 353612 142038 619814 510773 586623 438242 622959 239658 440697 379109 312212 286139 425434 269416 51357 657895 117268 351187 474855 279140 300754 302613 513113 270730 387587 259411 665533 222187 383354 409657 573170 216546 288541 478680 370110 428898 208059 134369 649868 652036 537140 362862 620527 522053 204649 139267 388231 187367
878662 692379 832659 585155 791169 815608 432928 366465 999999999 776852 1000938 839372 862780 789631 1098510 1133290 647336 1131539 491816 1113946 1004690 563200 879105 874836 928866 760217 1072418 793849 820578 573121 716922 1152969 761786 997026 1082519 735218 102227 797413 264752 556148 1247003 598722 604349 1053564 589270 530889 1007876 1044316 551981 559386 529964 561301 556096 402132 950917 773311 949324 786935 882854 286806 591640 688706 431413 277684 669413 159497 358304 880156 483025 710602 833641 87376 446180 180428 878428 463991 747058 368271 1022410 483179 412035 487205 754172 581575 244479 733081 736512 601415 574507 463420 1016332 1015296 901800 129992 885902 886584 514437 498101 619849 383841
714579 383250 503504 200157 1142730 996770 348894 558768 776852 999999999 842012 1022130 180106 74295 818307 771119 338047 833360 350965 920721 564696 217441 1002776 1017256 192468 895206 849928 363455 414153 443751 262581 874072 1109378 537838 826717 929825 696645 832064 796534 390025 890769 637487 806667 775478 1003217 250427 509209 707231 402442 472087 263877 375999 223463 688782 364817 106971 546997 384019 1039942 490094 199969 253511 867272 834537 901598 774968 517913 1112062 539792 625619 688354 712045 852056 818473 641676 319041 441358 818044 536971 337836 942098 964766 1072989 484738 828252 932057 548301 953536 512807 633320 674534 592533 666127 848992 1030621 659661 687734 470957 883492 742367
139598 477356 339031 768035 626741 400428 787877 649504 1000938 842012 999999999 407497 705499 915865 157178 260032 539947 189204 666750 113010 362001 852463 339476 363198 769784 346528 90140 479420 430526 505230 584238 184011 609774 388554 125942 410729 1007418 247099 782161 560958 308990 402710 448023 145922 654448 858141 436331 221218 554382 498218 896216 568488 788899 604470 561364 736200 336142 458097 385361 863976 883697 601850 674940 798000 454815 864321 679337 489260 536076 300643 181070 916770 647037 875539 200405 778318 407070 698314 416410 696475 770266 717393 567054 471637 824203 415532 323181 583044 462202 537524 232979 337221 176103 953315 369506 182484 491468 555626 491922 639709
412531 647038 600631 875937 221021 27041 821014 587983 839372 1022130 407497 999999999 942868 1087562 564673 664997 684330 596161 724363 480251 712593 942216 73218 52387 1021684 126924 494658 712291 681463 583772 769395 585109 208733 731735 533301 109707 886300 211464 576870 643541 711893 390216 255893 548524 311237 933211 776056 609894 631790 558453 966360 656796 881672 466499 857868 931660 665908 688060 46244 826314 981484 771158 417471 573461 171279 680647 636956 94823 522862 405806 403300 772843 397252 670819 492931 827121 609957 473236 765040 752198 482359 407611 170162 541120 606654 110392 496365 258806 514672 455274 609128 696107 488530 746917 55902 480886 384409 582521 219739 462226
589965 300581 370366 288067 1091504 919428 433546 577955 862780 180106 705499 942868 999999999 247245 660814 603259 285007 672168 381864 772435 396122 348016 912240 929569 82174 818000 700641 235459 278030 405390 187831 713961 1059749 367872 672925 862344 796593 739249 827240 370213 719621 581293 757766 620986 978279 377628 334796 546775 381399 435308 403482 357597 321808 686291 186400 100332 387482 259560 953567 582814 347285 201892 864092 864073 846149 828435 549191 1036418 522579 537063 571979 787354 844250 868537 509372 402789 333986 826096 362936 383079 950835 958701 1019767 438213 864812 865328 448024 919644 466582 615693 515570 424975 530773 912822 942322 527258 655649 458237 837752 744282
787696 453830 577565 237822 1201321 1061897 374373 602508 789631 74295 915865 1087562 247245 999999999 892417 844089 405427 907225 397751 995000 637329 227456 1070444 1084353 242645 960704 924221 437632 488413 505758 334724 948039 1167695 610141 900967 993138 703526 900693 832385 449323 963090 700373 866449 849697 1055384 259071 580192 781089 461646 533151 261822 435427 252812 737165 433555 181253 620788 458023 1106724 505439 198364 323518 913906 870383 962327 802253 558496 1176456 594768 694590 760729 730780 900260 846596 715484 346846 513948 861543 608128 380398 984227 1011525 1132355 547646 861549 995196 619418 1008500 575178 686863 748484 665392 740073 870998 1097795 733450 744424 526236 941978 788697
224396 493809 330814 782001 783763 557409 830824 735501 1098510 818307 157178 564673 660814 892417 999999999 109364 559499 35287 709593 131645 273712 868779 496325 520041 713046 499111 74774 460807 408871 558452 578273 59386 766353 303180 31960 563973 1092531 395340 899500 604988 159559 505304 584872 47773 803304 880203 347580 115238 601343 559687 918203 609231 807889 715492 492311 711489 273405 444634 541889 927986 894895 601942 808366 919386 603634 972829 756859 645679 618356 388537 267863 1012092 780175 989207 225878 815863 419002 823946 322137 737478 906578 859309 723381 533699 942933 568777 372834 730999 532322 640265 145255 244575 199904 1064959 526003 214492 605891 621751 637044 757764
289768 485717 320110 761186 881750 655801 829142 766927 1133290 771119 260032 664997 603259 844089 109364 999999999 550039 92645 710823 237666 207208 847732 598684 622380 646305 589814 183861 430114 379930 572402 550180 131728 862573 235447 140491 654894 1117682 483250 952425 610581 124707 555760 658903 116622 886855 862913 272932 89001 609123 579297 900176 612366 789953 766159 423878 666023 229185 418761 644943 939594 869842 577083 876216 975487 688802 1017676 781598 748864 650318 435730 326962 1046029 848084 1038100 258157 810695 413132 884764 245165 736640 976183 934833 818991 554911 996534 659660 396819 814016 559150 686386 119000 178737 238601 1111439 629133 253797 661625 642175 717949 813231
402740 65691 231267 228124 814472 659144 280305 312592 647336 338047 539947 684330 285007 405427 559499 550039 999999999 583977 167676 635222 377125 313247 665106 679308 367040 557432 569840 147404 182271 120394 97218 618841 781902 362955 558006 594027 605015 495380 559587 96050 674358 303974 478289 512121 693631 321691 365547 466863 104469 150301 359852 87552 250425 404982 308332 249705 330054 144464 701920 404611 343753 88685 580903 594780 570261 578817 297066 774874 239627 289727 368763 563158 560268 614383 346005 260709 140497 546620 383530 189791 670346 674579 743454 154697 600177 596484 222115 636231 183385 331428 433540 394804 373172 669896 692701 362483 371030 179590 557452 463640
259161 518344 353653 804336 815851 589586 857592 767840 1131539 833360 189204 596161 672168 907225 35287 92645 583977 999999999 736757 146235 279603 891197 527042 550728 721227 533139 102218 479556 427769 587705 598231 42553 798967 309036 63532 597895 1124281 429892 934180 632791 124300 539511 620140 78092 838018 903554 351296 126136 629561 589931 941428 636557 830974 749915 499238 726869 286475 464577 572182 957428 916339 622824 843643 954272 638285 1006879 788267 675766 650609 422183 302291 1044975 815451 1023616 256329 841873 443655 859041 324719 764271 941865 894501 756186 564143 977672 602702 403127 765787 563658 674221 159032 250185 231080 1099191 556281 245978 640618 652268 672029 792557
527200 227037 390796 161976 812268 697571 121808 208091 491816 350965 666750 724363 381864 397751 709593 710823 167676 736757 999999999 770552 544458 218007 721777 731328 456186 600923 710102 313360 349918 163023 225208 768811 778236 530628 704130 621385 441175 566135 451520 106071 834112 337049 483836 661820 658360 209776 532337 625173 112433 177411 244771 100411 159502 339442 460016 305976 495986 312066 751109 237079 257703 196925 516882 489179 581182 446579 170619 806578 205468 379669 486662 411336 502627 486960 486950 112500 297739 467126 550951 30204 591396 614482 745514 201930 486653 622638 344975 614143 221010 292661 592623 561363 514198 531602 744966 501414 355500 141856 554631 391771
245971 570787 419432 862770 701161 478285 892215 761795 1113946 920721 113010 480251 772435 995000 131645 237666 635222 146235 770552 999999999 397863 948435 407982 431063 830034 440401 71877 557751 506615 610881 669584 116832 688097 426898 106689 502202 1119969 349084 893656 664482 238507 515676 554793 156429 750193 956186 472986 239888 658693 605852 994368 671098 885579 717068 612603 813876 387764 538550 450167 973486 977869 689970 781989 908641 552385 976879 790688 551526 647695 411781 289837 1029764 754328 987494 289282 881064 497688 808091 448837 799891 875542 819363 647217 579221 935369 506924 425578 680364 571464 650533 264614 369540 262274 1065466 434444 272764 603939 664601 592837 751350
300291 319033 175718 569693 910949 696336 655910 643305 1004690 564696 362001 712593 396122 637329 273712 207208 377125 279603 544458 397863 999999999 654882 658687 680896 441798 609080 327516 239373 195312 431595 356837 322057 885757 29505 292057 670211 974337 504705 861024 454635 326249 482249 628209 241440 869111 673063 75418 158915 456434 447094 709248 452841 600555 677763 219637 460385 58887 234357 705501 780586 673686 385907 819322 889741 685094 909046 646399 805327 533947 371974 312768 917822 792479 936459 221185 633873 257706 811966 54709 566823 919823 894149 841592 427415 905144 674556 296126 797764 440905 593663 133751 29418 224162 1003575 690886 231899 589792 506938 700879 732224
714236 377815 537986 86869 1026033 915461 152914 400356 563200 217441 852463 942216 348016 227456 868779 847732 313247 891197 218007 948435 654882 999999999 938049 948242 393203 818317 882624 418109 467801 368805 298460 927818 991878 633463 869238 839377 480038 778741 614091 306919 972272 553779 701016 821957 863255 32993 619061 769737 317190 389146 56737 295610 64097 541267 500683 247720 619441 429092 968371 278057 40578 270696 711226 651813 798360 577071 351731 1024554 422661 583477 677983 503328 700976 621741 659172 130239 451811 653731 643701 191254 773016 808024 960559 411007 640472 840609 531138 824437 433691 506033 735938 678284 686280 643815 961887 675721 571535 359824 770164 587270
358896 622263 559018 867464 293281 79251 825021 603673 879105 1002776 339476 73218 912240 1070444 496325 598684 665106 527042 721777 407982 658687 938049 999999999 23722 989281 126446 425089 678533 643909 572790 745165 514398 281912 679406 464685 145604 919366 173013 620419 634056 641121 384736 279535 482716 376649 931550 724886 547711 622842 549735 966061 646711 876010 492868 815529 908405 614907 654201 47121 843329 976424 749744 467486 620663 212306 722098 650529 150452 526468 378374 355863 808457 444946 716024 442271 828403 578269 518126 712100 750637 540054 468190 243227 529870 653157 148494 464279 318511 505225 469333 549311 640494 434911 793528 32208 428785 399240 581063 262779 496772
380848 637893 578693 878855 270523 64224 832690 607418 874836 1017256 363198 52387 929569 1084353 520041 622380 679308 550728 731328 431063 680896 948242 23722 999999999 1007074 131591 448753 696480 662729 584582 760770 537916 260095 701344 488395 139620 917546 190685 614504 645510 664615 394472 279568 506381 361155 941002 746630 571083 634127 560840 975129 658353 886598 492871 835528 923865 636572 672152 24808 846913 986901 764613 458856 613345 205819 717074 655022 126917 533867 394257 376553 805648 437178 709569 463746 836901 595611 511564 734159 759915 528339 455114 222322 541665 646144 141865 481558 305565 516454 473328 572395 662982 456941 786582 13644 450526 402769 590092 256039 493954
659979 382012 440339 345980 1172956 998565 496519 656089 928866 192468 769784 1021684 82174 242645 713046 646305 367040 721227 456186 830034 441798 393203 989281 1007074 999999999 897403 758187 310791 349235 487388 269920 763578 1141320 412513 727766 942768 858118 816475 904809 451000 757298 663104 839643 675854 1060431 424911 373490 597912 462369 517329 445723 438155 377893 767140 222514 155558 442322 335117 1031237 645271 384687 282949 945316 941911 927584 902131 625363 1115553 603978 616034 644763 855973 925735 943025 577407 465441 411829 906355 401481 454671 1031248 1040209 1101153 520385 941611 945821 525760 1001801 548755 697349 568399 471194 597275 984640 1019685 595032 737796 539051 919678 824911
314635 520896 483701 750501 301953 101911 701195 477238 760217 895206 346528 126924 818000 960704 499111 589814 557432 533139 600923 440401 609080 818317 126446 131591 897403 999999999 436662 589279 560837 457454 642995 530513 277888 625707 469729 65094 796368 107572 506260 517621 655134 264886 156342 474196 309800 810399 668072 523987 505990 432606 844237 530751 757154 368374 740044 805012 558688 565188 150247 716891 857262 644375 363550 510438 113707 605259 524241 218622 402358 281527 296311 687073 338397 602743 387928 705714 486314 406637 659598 629260 447272 383664 233630 414698 541794 69874 373590 240363 388574 342911 517799 595522 388190 681216 145089 378320 272800 459372 159626 376451
194616 504833 350092 796535 714816 488792 831910 714585 1072418 849928 90140 494658 700641 924221 74774 183861 569840 102218 710102 71877 327516 882624 425089 448753 758187 436662 999999999 487406 436031 552773 600505 93972 698626 356331 43421 500860 1073152 336465 861820 604176 219048 474200 534441 86687 744307 891420 402839 171004 599088 549992 929601 610031 820222 680970 541084 743018 315956 468676 470064 919070 911208 621638 760605 879329 544578 940396 740425 573591 598709 363460 239751 987067 732559 953835 224424 819478 430965 781139 379291 739036 857012 805769 656180 523454 904506 505662 366037 672728 518084 609991 193865 299581 197073 1030881 454162 208987 569001 610278 580930 719343
356890 107743 140396 331980 872898 689724 419072 449693 793849 363455 479420 712291 235459 437632 460807 430114 147404 479556 313360 557751 239373 418109 678533 696480 310791 589279 487406 999999999 51938 238294 120066 518469 842456 221264 466365 637643 752376 505820 690195 238414 554439 372381 546903 416058 779896 434766 219039 355120 244019 263387 471462 232566 361981 521856 175954 257040 201360 24333 720720 550309 439744 147555 688857 723599 628599 718747 440219 806572 358849 307965 336828 709056 665358 752152 279681 395797 103442 664061 238570 332827 784057 777273 800838 254182 732418 640972 215940 715608 278288 441000 321400 261067 303320 811274 709028 297723 463515 311091 626939 580484
311944 128287 92468 381292 850530 659855 460615 467759 820578 414153 430526 681463 278030 488413 408871 379930 182271 427769 349918 506615 195312 467801 643909 662729 349235 560837 436031 51938 999999999 253176 170942 466571 821002 180750 414531 612295 784248 472307 701464 265081 504491 360935 531289 364147 768459 483391 187318 303634 268632 274590 520455 261561 410454 526929 183585 307413 152363 39460 687232 586673 490429 197177 687651 733486 608230 737034 463609 776166 368529 282332 295553 734693 663025 768378 232017 438848 89271 667822 202724 371690 784973 772907 778578 260723 744537 615866 188834 701983 281387 444017 269866 214641 254594 830616 674950 250009 458669 328553 610533 584780
365996 130555 260533 294827 700035 557687 282938 214666 573121 443751 505230 583772 405390 505758 558452 572402 120394 587705 163023 610881 431595 368805 572790 584582 487388 457454 552773 238294 253176 999999999 217611 617014 666987 424716 550131 487441 547153 410236 451906 61911 692560 194689 363504 510903 573662 366741 439103 484192 51948 29993 403502 73992 305435 287771 412420 364540 376351 224862 605878 369729 405788 206565 461620 485478 457883 483860 214900 671254 122320 217150 324525 486228 440459 515512 332924 275508 174157 430147 451425 193175 552753 554621 629772 42926 494157 489460 186934 517373 69443 211663 453467 442464 359633 577515 598188 345930 251296 75806 441452 346658
453520 122903 250418 212866 907831 744903 314477 400950 716922 262581 584238 769395 187831 334724 578273 550180 97218 598231 225208 669584 356837 298460 745165 760770 269920 642995 600505 120066 170942 217611 999999999 636492 875605 336399 582098 683204 664605 573058 650032 186550 674481 396769 572513 532683 790553 316255 326447 474537 196883 247502 352438 175104 243925 500836 235388 163316 321332 133699 784057 455154 319685 30879 677578 685976 662876 661892 378964 861448 336025 366798 426008 635630 657218 699470 384191 288207 179323 641854 349314 237429 766050 771587 836441 250767 689491 685905 286114 732489 279284 428436 440752 379863 409810 750666 773936 401941 467914 273656 652147 559272
275432 553150 389834 841012 805851 580393 890100 791258 1152969 874072 184011 585109 713961 948039 59386 131728 618841 42553 768811 116832 322057 927818 514398 537916 763578 530513 93972 518469 466571 617014 636492 999999999 790529 351508 70616 594586 1148915 430357 949208 664076 126784 557358 626858 107069 838275 939426 393849 167327 660309 617671 977407 668431 867062 766480 541681 767435 327582 502797 558406 986346 953680 660504 852342 967924 638537 1024904 813742 661222 674316 442381 319971 1066849 824227 1040040 284145 875224 478345 870938 367255 796758 949382 899126 748424 591557 992306 599385 430940 766668 589421 692880 199559 292643 257759 1116397 542533 272036 655674 679502 674643 807000
592487 759310 751418 939107 34199 210220 852731 600435 761786 1109378 609774 208733 1059749 1167695 766353 862573 781902 798967 778236 688097 885757 991878 281912 260095 1141320 277888 698626 842456 821002 666987 875605 790529 999999999 901369 735585 215546 828888 384997 500707 719406 917152 478868 303719 746076 173102 976388 942556 800447 706997 637923 1004820 733421 937247 459868 1003715 1030811 834054 819250 245534 820721 1032407 870538 334880 484104 214059 604682 651765 166599 574234 539025 573282 711791 327527 582140 664929 866051 739350 402759 935409 802018 358403 278808 44263 627978 517381 211212 632347 173946 599320 486070 795344 872955 665984 649304 259896 655872 423751 642043 225890 429891
320517 307428 175531 548907 927185 714799 639859 638061 997026 537838 388554 731735 367872 610141 303180 235447 362955 309036 530628 426898 29505 633463 679406 701344 412513 625707 356331 221264 180750 424716 336399 351508 901369 999999999 321280 685941 963903 522534 860430 444019 352965 487426 638306 270473 879578 652507 47785 188294 446570 441881 688300 441379 580319 678634 190236 434178 67442 218799 726034 767423 651174 366038 824416 889971 698375 905304 638852 825004 530957 380588 329824 910478 797900 933841 238925 616994 250646 814629 34136 552013 924565 901307 857307 423448 904378 690207 300324 808759 438626 594428 162467 58878 244523 999668 711613 251006 594069 500433 712312 733984
204823 492457 332506 782680 752683 526364 825746 721277 1082519 826717 125942 533301 672925 900967 31960 140491 558006 63532 704130 106689 292057 869238 464685 488395 727766 469729 43421 466365 414531 550131 582098 70616 735585 321280 999999999 534440 1079203 366907 878939 598800 186276 486745 559447 51980 775163 879523 366916 133482 594541 549711 917633 603733 807629 695969 508576 719756 285906 448971 510149 918810 896462 604668 784059 897949 575371 954305 744453 613903 604471 371917 249362 996474 755901 969570 217504 811846 417824 801435 342428 732496 881683 833011 692746 523438 922117 539247 363438 703061 520434 622265 159813 263450 190543 1045853 494258 204251 585345 611167 609755 736820
378258 562722 538813 775907 241559 83318 714600 478747 735218 929825 410729 109707 862344 993138 563973 654894 594027 597895 621385 502202 670211 839377 145604 139620 942768 65094 500860 637643 612295 487441 683204 594586 215546 685941 534440 999999999 778914 172231 475206 545505 719577 292768 146364 539289 249173 829075 727435 588588 533460 460665 861494 559096 779866 357026 793496 843378 618673 613862 149068 716750 879045 682156 322280 475060 66705 577503 528032 185233 417783 330291 357793 666436 299405 570590 449421 721841 534217 372628 719958 648548 398441 330175 171398 445522 507581 4807 423655 182643 417999 346680 581803 657531 450948 647972 150820 440571 275947 479705 117176 354930
878549 656516 807237 512158 859791 861292 363049 358594 102227 696645 1007418 886300 796593 703526 1092531 1117682 605015 1124281 441175 1119969 974337 480038 919366 917546 858118 796368 1073152 752376 784248 547153 664605 1148915 828888 963903 1079203 778914 999999999 820868 328606 519925 1235362 606053 640305 1046249 658913 447168 970174 1028892 517911 538406 441905 522707 480894 428784 899993 703131 921299 748357 927926 213820 505222 635006 494200 350039 715025 227749 336458 935434 474788 709780 833440 117097 504528 260944 868353 393838 717697 427150 986955 427231 490941 561620 816960 562864 319234 777318 722737 661954 560818 475447 999172 987591 893206 227101 929373 878318 535360 475552 667221 424116
207684 450234 389620 704477 408045 192683 676313 478449 797413 832064 247099 211464 739249 900693 395340 483250 495380 429892 566135 349084 504705 778741 173013 190685 816475 107572 336465 505820 472307 410236 573058 430357 384997 522534 366907 172231 820868 999999999 557762 472123 553093 235328 208060 368240 408289 774938 566039 416432 461590 389920 810731 484047 715608 395572 646851 736371 456069 481489 215036 714323 816008 578644 434331 568395 208475 649399 519931 306131 383703 206516 192858 718390 407043 653809 283734 676153 405268 465588 556173 595838 526595 470906 340780 367769 597269 176943 291267 336381 345570 347949 410382 490036 282144 732705 203214 273014 285558 429325 244916 418500
675107 582460 685617 597344 531316 553840 461267 249537 264752 796534 782161 576870 827240 832385 899500 952425 559587 934180 451520 893656 861024 614091 620419 614504 904809 506260 861820 690195 701464 451906 650032 949208 500707 860430 878939 475206 328606 557762 999999999 464408 1055654 396776 353970 858225 330315 588022 882316 865581 455182 427577 604147 475113 579574 186464 863762 757255 802439 676076 621108 368407 652031 628613 167190 38030 408705 105331 280909 615418 332938 516713 632035 211662 181505 96626 694638 486535 615586 103868 890565 459727 172842 235345 490638 440918 44338 472720 568745 336958 422550 268765 842190 864909 713981 175472 625044 698717 293644 381055 358490 142522
421372 136862 292093 233410 752824 617270 227813 216641 556148 390025 560958 643541 370213 449323 604988 610581 96050 632791 106071 664482 454635 306919 634056 645510 451000 517621 604176 238414 265081 61911 186550 664076 719406 444019 598800 545505 519925 472123 464408 999999999 732872 253479 417228 557228 617495 305325 452097 523759 12419 85095 342329 14033 243525 316146 404137 318046 402689 230791 666565 329494 343888 168334 494507 499976 513010 482971 202086 729993 154303 277936 381264 470883 475537 518343 381413 217416 199931 456067 467677 135549 580672 589984 683369 104478 504610 547339 238905 564772 129112 248707 491791 468864 408594 574413 659132 395645 298261 88053 493517 374070
381695 609788 443852 885780 932621 707069 952990 881548 1247003 890769 308990 711893 719621 963090 159559 124707 674358 124300 834112 238507 326249 972272 641121 664615 757298 655134 219048 554439 504491 692560 674481 126784 917152 352965 186276 719577 1235362 553093 1055654 732872 999999999 659728 744432 197518 961378 987596 385361 209117 730943 697776 1024833 735137 914636 870585 536484 786632 353201 543398 684963 1061147 994058 701589 967686 1076526 761568 1126030 898908 787564 764377 541013 423780 1160027 939487 1144049 368581 934911 536709 982165 357148 860274 1066063 1018760 874927 672755 1099351 724383 512677 889323 674967 793395 241499 299116 345528 1218939 669103 360830 762443 760610 795971 914521
281928 281532 314147 485766 511066 363853 442548 251107 598722 637487 402710 390216 581293 700373 505304 555760 303974 539511 337049 515676 482249 553779 384736 394472 663104 264886 474200 372381 360935 194689 396769 557358 478868 487426 486745 292768 606053 235328 396776 253479 659728 999999999 176621 462689 407981 546817 518119 469377 241639 168398 581388 266873 492332 210931 543381 553617 423609 350795 414679 481305 592532 392635 337125 419947 266346 467626 288033 476686 148582 120068 237571 514128 310480 484336 298431 444300 272974 332958 520238 365925 437574 415464 439755 152825 440817 294830 187186 343265 125248 135801 447151 481144 317231 559681 408116 301986 108403 196636 256802 257891
369139 458149 472998 642022 336579 229184 571480 332461 604349 806667 448023 255893 757766 866449 584872 658903 478289 620140 483836 554793 628209 701016 279535 279568 839643 156342 534441 546903 531289 363504 572513 626858 303719 638306 559447 146364 640305 208060 353970 417228 744432 176621 999999999 550476 241334 688883 674196 580523 404867 334678 720209 431184 643261 213428 714812 727093 571616 524619 292835 570425 741134 566887 227208 361849 97356 450562 381986 327165 278434 258380 334403 530732 199549 450573 418814 580308 445487 258372 672192 509764 322577 275931 266337 324260 391739 146221 346972 171619 295608 201297 565675 621614 429140 529440 292090 415626 131220 343802 80248 220516
184423 446439 284186 735233 765136 539183 783060 689749 1053564 775478 145922 548524 620986 849697 47773 116622 512121 78092 661820 156429 241440 821957 482716 506381 675854 474196 86687 416058 364147 510903 532683 107069 746076 270473 51980 539289 1046249 368240 858225 557228 197518 462689 550476 999999999 774052 833066 316614 84336 553616 512472 871098 561458 760851 673398 456963 668541 233927 399228 529173 880514 848445 555875 771764 879008 575125 929687 710311 633055 572517 344709 226268 966957 743559 947000 178661 768161 371638 784895 292755 689715 870766 825984 702555 486571 901882 544070 325607 701373 485710 596976 108345 213213 153100 1022250 513409 167931 564937 574668 606134 717009
599582 684384 713809 820197 201901 297661 717000 463451 589270 1003217 654448 311237 978279 1055384 803304 886855 693631 838018 658360 750193 869111 863255 376649 361155 1060431 309800 744307 779896 768459 573662 790553 838275 173102 879578 775163 249173 658913 408289 330315 617495 961378 407981 241334 774052 999999999 844273 915488 813044 605260 543670 869467 631354 813508 321988 951301 935410 812791 758639 356962 667223 903724 780102 168471 311739 199820 433122 513540 314045 464158 499663 569234 541966 167914 409312 656794 734086 680921 236895 913489 678655 186609 106717 173058 540201 344792 244597 587131 72897 512053 370032 800899 861773 664887 476250 366953 652120 322639 532817 170050 279876
719221 387093 549907 103714 1010580 906337 128766 380824 530889 250427 858141 933211 377628 259071 880203 862913 321691 903554 209776 956186 673063 32993 931550 941002 424911 810399 891420 434766 483391 366741 316255 939426 976388 652507 879523 829075 447168 774938 588022 305325 987596 546817 688883 833066 844273 999999999 639997 783410 314800 385088 38187 294994 72961 522542 525643 277564 635603 444271 960631 246473 64364 287321 689881 625568 786082 547975 331139 1013990 411364 583196 681748 472093 680604 592786 667294 110508 461707 631062 664066 181140 749023 786203 946033 408127 613261 830131 535521 807523 429368 491593 749680 695712 694549 613136 954635 683481 558520 351029 756277 566734
366088 315508 203973 536332 968933 758602 636781 653701 1007876 509209 436331 776056 334796 580192 347580 272932 365547 351296 532337 472986 75418 619061 724886 746630 373490 668072 402839 219039 187318 439103 326447 393849 942556 47785 366916 727435 970174 566039 882316 452097 385361 518119 674196 316614 915488 639997 999999999 233497 455901 458693 674782 448015 568820 703018 151394 408112 110165 221853 771365 769337 634132 356984 854012 912964 737506 922483 650852 869675 550488 415826 373185 922010 827959 952649 283208 612382 267362 841090 28213 551759 953553 933339 898623 442281 925935 731624 331289 845341 459783 618961 209153 103470 290393 1016426 757081 296113 623210 514818 749508 759421
213511 401811 235683 682909 821746 597986 744447 677936 1044316 707231 221218 609894 546775 781089 115238 89001 466863 126136 625173 239888 158915 769737 547711 571083 597912 523987 171004 355120 303634 484192 474537 167327 800447 188294 133482 588588 1028892 416432 865581 523759 209117 469377 580523 84336 813044 783410 233497 999999999 521894 490568 821031 526049 710559 679164 377078 600772 160359 341284 594721 852208 793661 500016 794005 889324 617292 929450 692718 697949 561370 349340 246236 957047 765982 950424 170977 726939 328144 800055 208969 651552 894429 855974 756393 466059 909776 593274 307827 740164 470149 598737 33817 130074 153666 1023358 579230 168453 576110 553454 643219 727207
414866 140399 291717 244728 740420 605478 233618 208348 551981 402442 554382 631790 381399 461646 601343 609123 104469 629561 112433 658693 456434 317190 622842 634127 462369 505990 599088 244019 268632 51948 196883 660309 706997 446570 594541 533460 517911 461590 455182 12419 730943 241639 404867 553616 605260 314800 455901 521894 999999999 73385 351558 26452 254045 304892 411634 330212 403711 235299 655084 330481 354492 179518 482993 490514 500704 475791 196246 718030 142365 268945 374230 466302 463832 510598 377044 224604 200337 445202 470870 142365 569670 578298 670987 93824 495709 535269 233275 552399 117675 236687 490204 469971 404120 567692 647755 390938 285866 76929 481108 362979
360002 156109 273445 318051 671068 532174 293800 196269 559386 472087 498218 558453 435308 533151 559687 579297 150301 589931 177411 605852 447094 389146 549735 560840 517329 432606 549992 263387 274590 29993 247502 617671 637923 441881 549711 460665 538406 389920 427577 85095 697776 168398 334678 512472 543670 385088 458693 490568 73385 999999999 421151 98492 326505 259904 438523 394152 390669 248536 581731 369261 426984 236528 432526 460458 429585 463917 202884 644995 95476 203768 317155 472138 411083 494114 333831 289293 191696 402378 469702 207508 524399 525134 601012 26631 470318 462560 186867 487517 44570 182457 460775 456336 359923 558069 574471 345683 221334 62887 412238 318781
757242 425225 587803 139579 1039019 939430 152611 406520 529964 263877 896216 966360 403482 261822 918203 900176 359852 941428 244771 994368 709248 56737 966061 975129 445723 844237 929601 471462 520455 403502 352438 977407 1004820 688300 917633 861494 441905 810731 604147 342329 1024833 581388 720209 871098 869467 38187 674782 821031 351558 421151 999999999 332267 110492 548555 557400 303155 672535 481438 994482 250992 64555 323914 712603 641291 817205 558099 355974 1046129 443758 620265 719622 476252 704491 603117 705480 139905 499810 652213 699183 215492 768110 808184 975300 444567 627240 862438 573506 834817 465258 521539 787282 732207 732735 618737 988751 721666 589403 385061 786225 590668
428900 133983 292989 220838 766831 630571 222059 226581 561301 375999 568488 656796 357597 435427 609231 612366 87552 636557 100411 671098 452841 295610 646711 658353 438155 530751 610031 232566 261561 73992 175104 668431 733421 441379 603733 559096 522707 484047 475113 14033 735137 266873 431184 561458 631354 294994 448015 526049 26452 98492 332267 999999999 231957 329028 395830 304290 401829 226253 679517 329103 332148 155844 507626 510922 526901 491465 209513 743486 167916 288293 389406 476544 488856 527434 386619 210023 200236 468512 464284 129006 593243 603276 697349 116864 514954 560957 245726 578767 142177 262369 493793 467843 413891 582366 671967 401211 312277 101045 507531 386769
650483 315466 477375 34515 971323 855017 125441 353612 556096 223463 788899 881672 321808 252812 807889 789953 250425 830974 159502 885579 600555 64097 876010 886598 377893 757154 820222 361981 410454 305435 243925 867062 937247 580319 807629 779866 480894 715608 579574 243525 914636 492332 643261 760851 813508 72961 568820 710559 254045 326505 110492 231957 999999999 492144 458684 224293 562696 371317 907005 269725 100482 214670 665819 617574 740592 552370 307504 965098 364957 519539 614014 489036 653884 596224 596415 95728 389851 611095 592518 135451 732749 763216 904871 347847 609053 781235 467233 771826 371075 451263 676817 622998 623594 625529 900241 612817 514951 300265 714046 540914
491381 415536 503186 500343 493921 440339 395945 142038 402132 688782 604470 466499 686291 737165 715492 766159 404982 749915 339442 717068 677763 541267 492868 492871 767140 368374 680970 521856 526929 287771 500836 766480 459868 678634 695969 357026 428784 395572 186464 316146 870585 210931 213428 673398 321988 522542 703018 679164 304892 259904 548555 329028 492144 999999999 697639 630285 618965 505270 505394 365614 581738 484404 179396 212368 297508 259855 192915 528321 165668 330572 447643 323031 163308 273716 508250 412221 438874 142476 709612 357979 265367 276366 434355 267805 230732 356121 383568 287366 245550 84206 655736 680468 527856 349999 505263 512565 113306 228093 255159 58893
466269 282414 257251 424486 1032870 837358 546835 619814 950917 364817 561364 857868 186400 433555 492311 423878 308332 499238 460016 612603 219637 500683 815529 835528 222514 740044 541084 175954 183585 412420 235388 541681 1003715 190236 508576 793496 899993 646851 863762 404137 536484 543381 714812 456963 951301 525643 151394 377078 411634 438523 557400 395830 458684 697639 999999999 269660 226395 194426 860266 690043 509535 265170 864572 897768 791422 887099 605270 952684 533963 464692 460404 868455 840851 922230 380782 518965 270409 839925 179544 472795 959999 952279 961028 430096 905435 797198 371426 885311 454190 616954 348765 249055 396301 978191 847198 397169 638095 483022 794114 756326
610396 286167 397335 191456 1063586 906906 341050 510773 773311 106971 736200 931660 100332 181253 711489 666023 249705 726869 305976 813876 460385 247720 908405 923865 155558 805012 743018 257040 307413 364540 163316 767435 1030811 434178 719756 843378 703131 736371 757255 318046 786632 553617 727093 668541 935410 277564 408112 600772 330212 394152 303155 304290 224293 630285 269660 999999999 440694 278122 947056 489971 247578 161240 809644 794784 819800 749508 476488 1023162 472151 530066 585741 700748 791963 791085 536047 309987 338952 766093 435433 301687 891164 906127 992788 402833 792626 845908 448718 881339 431497 566629 567946 487783 560165 830592 937065 554066 614705 404400 805694 686620
