NAME : synthetic_000488
TYPE : CTSP-D
DIMENSION : 100
GROUPS : 8
RELAXATION_LEVEL : 1
EDGE_WEIGHT_TYPE : EXPLICIT
EDGE_WEIGHT_FORMAT : FULL_MATRIX
EDGE_WEIGHT_SECTION
999999999 602436 367024 655696 352858 450567 914656 290180 561462 478238 326693 656582 150373 648528 671036 605258 335981 567666 297807 231463 174452 137058 722681 76825 836382 616798 683388 101493 674713 150623 603111 206152 386751 291891 657003 762355 131829 222205 622937 339140 266817 472640 483784 765172 834056 556921 418852 269124 536445 313460 415281 602239 401777 267159 42143 71648 320807 528630 538446 330683 345798 695988 405193 123228 727482 219452 95199 537423 591470 704985 674107 787179 662864 638187 484755 347047 50241 390647 267429 580104 469726 154206 630561 679352 270213 272520 782851 535918 708780 708235 763868 669570 495674 523265 347792 282028 188312 753119 739733 148440
602436 999999999 618611 383066 251849 170919 449909 598945 486858 285714 457270 445855 692707 450818 468207 447004 567387 233586 709824 586775 606373 545806 269987 530157 539556 396121 117387 571646 532646 752915 825100 495511 240897 392146 167490 161240 632018 586646 305135 312355 540935 310203 751068 299102 520841 730272 338494 757945 76740 642961 640618 707251 677991 761680 610154 639039 569855 500761 102009 738992 259586 499288 475148 482155 913161 683167 632173 787079 304042 127481 405539 574976 755126 168112 685977 560732 649419 214660 338281 735292 206007 450266 284631 187217 671054 601765 363666 278048 780241 108379 337796 394749 514223 564914 256236 322804 414164 216891 184326 722230
367024 618611 999999999 854257 416859 548314 732996 635540 279940 663633 163102 406193 285031 394386 410177 349527 665950 716156 151085 135562 195822 237721 844285 330761 574957 831144 639087 451883 380706 437384 254054 200156 389553 245077 573306 744356 497873 144828 794432 318851 594392 671632 145537 883843 581605 191408 635793 238452 542380 70690 48430 236526 60471 630864 328857 318300 653432 237972 613181 159428 409402 422578 690744 379223 374430 199016 462209 194838 424181 663420 448888 495858 296258 552903 119130 58081 364761 482619 421520 213649 414870 380330 474127 586411 633515 620590 604706 394810 342430 695114 904148 869453 196892 194466 452525 376372 369504 662751 799588 332422
655696 383066 854257 999999999 443267 322719 820305 472858 820797 191587 699648 810883 795854 813470 833668 799416 413927 158030 887387 766782 753774 680613 180881 613302 921420 49548 488479 572750 890549 780025 1098656 670185 489315 611280 550506 459718 604647 762104 78046 547582 440879 188235 999605 202663 903277 1013262 237730 899805 414248 848703 891387 1011902 913375 671881 685499 720251 426458 821819 302400 922076 449748 866115 292078 545343 1206245 830367 627609 1046464 668802 487492 778318 949017 1068333 550661 953186 799716 704636 378690 439350 1025384 522227 523131 659910 569496 558601 487007 745831 627606 1101870 437787 162814 15196 821533 872996 402820 478137 510899 584626 307932 803666
352858 251849 416859 443267 999999999 132216 598782 414206 400109 258432 257665 430785 442244 428613 452013 400103 404401 299545 478018 352660 361950 297053 430934 279075 587948 426525 331813 335442 491226 503449 656035 255854 64765 171810 316111 410099 399778 350688 379132 104554 354122 272092 560733 471789 577496 569995 253237 515420 183596 422849 450772 570943 477072 541641 358558 387192 400514 392017 207399 510112 8263 484129 359324 236336 763033 440557 393055 605626 311377 352782 420533 577751 628950 299553 510573 360379 398700 65840 103456 582331 148144 204784 332592 340043 468883 410626 475956 253641 664933 355864 488501 458384 385008 435263 47704 71171 166186 408542 408547 470559
450567 170919 548314 322719 132216 999999999 595813 428811 499627 156527 387542 502452 559212 503249 525018 483884 400095 170968 608416 483153 487727 419280 299046 383821 636381 313949 280612 407757 576033 598948 783730 385502 167591 303581 300086 329303 465663 480682 253079 231336 370353 177351 691431 340239 621774 695322 185267 641241 137772 554965 580885 690248 608654 591627 464790 496506 401486 499269 88048 641018 140089 557838 318199 327511 887303 566851 469067 735238 365424 295341 478430 646439 746027 290402 638603 491386 499658 68373 183510 706058 205255 296373 369185 324215 500141 431141 489394 316390 779187 278347 356319 337473 498976 550546 108559 189876 265117 375036 289825 582274
914656 449909 732996 820305 598782 595813 999999999 1009006 462847 733561 628190 336287 942719 348838 340954 389052 990046 681039 876068 785376 834787 805139 667669 838400 239209 840579 334766 925327 401964 1055465 817547 732491 543421 626896 295744 372184 991071 790533 744682 576687 948706 757806 805720 677266 216591 728261 779142 954332 458056 791811 723930 666080 773927 1137484 903507 920728 989115 503279 549876 891181 602429 345506 913884 818769 848670 891085 977559 814209 327826 333054 285919 339459 680455 306773 726685 691109 949766 605186 702028 717536 454631 790237 284668 271617 1067548 1007184 133362 379761 678156 383250 728523 829886 542115 567411 632380 656169 750296 236085 534743 985771
290180 598945 635540 472858 414206 428811 1009006 999999999 764678 354725 544698 828039 436345 823407 847214 787256 62086 454127 587106 504503 456873 398865 601165 305168 996003 424851 708910 190082 871679 353334 883364 442506 475819 472497 717372 752720 174444 495922 473030 471658 60320 335789 765155 639541 987432 826555 283423 556843 560527 592651 683541 860739 679212 199031 332117 360309 47276 741656 503805 620492 412074 877339 180786 261149 1006933 509513 211557 818834 722481 724143 827207 972350 922748 703724 754536 601934 322424 404756 314985 847702 562324 271033 746601 741926 85974 19000 889398 663729 966921 704454 619084 483218 717934 757061 376922 370965 300369 800705 669709 420301
561462 486858 279940 820797 400109 499627 462847 764678 999999999 650752 234836 128082 534653 115809 130272 73904 774053 664347 429931 366883 427394 427261 751941 497008 296278 813503 457521 614196 113334 674047 372393 355329 340411 292500 375998 564552 675027 374511 747503 305957 710202 667601 343663 784431 301882 276988 653252 515040 423890 346037 263441 231515 313651 823412 534929 539381 765936 42024 527733 439108 396724 144326 753443 512163 437133 463210 647891 357075 200526 479452 177468 227923 271311 359081 264714 250483 579868 454429 467821 272595 299782 495569 244495 379573 791709 754810 342369 209151 293547 526182 818816 835216 83050 105858 447723 407868 464309 445253 667451 582063
478238 285714 663633 191587 258432 156527 733561 354725 650752 999999999 511239 658856 612159 659482 681385 638998 308445 100135 696603 575395 564075 491100 253713 428738 791120 168665 403091 405687 731259 612775 910029 478630 311434 422138 441369 418469 448645 570839 145038 362783 306312 24533 809118 294861 775832 826511 71724 712112 282602 657119 701672 829360 722451 544565 504346 538860 315485 646979 184073 731156 264115 714207 198118 361801 1019852 641451 464838 856623 521820 411493 634739 802963 887330 435060 764730 609720 528216 197307 247949 839723 361096 337076 523840 464265 437786 363499 636251 472800 922919 377446 286815 206716 642557 693233 214872 287263 321459 502541 316063 624012
326693 457270 163102 699648 257665 387542 628190 544698 234836 511239 999999999 335192 316717 326048 347622 281366 562639 557000 264333 157778 207723 193887 681816 262998 515538 679842 486337 382536 348032 445061 399027 120702 226544 89629 427641 589059 441666 162484 636775 156606 494421 521603 304012 721113 515663 316141 491345 331729 380713 188550 193352 328868 223455 589148 301361 308710 552502 203534 450251 288856 250655 370825 564678 285249 509454 264173 413479 347995 302156 510709 361109 460819 390101 406943 253591 105119 347003 323423 280473 331021 256385 273933 349701 443736 563122 532892 495199 259181 431191 538258 742373 714820 174596 212490 296918 227376 249677 521605 637086 361825
656582 445855 406193 810883 430785 502452 336287 828039 128082 658856 335192 999999999 648062 12553 22785 56970 828602 652938 554776 481756 539181 528214 715796 586439 180408 811356 388172 696071 91163 780245 486411 453897 366181 369794 303745 489225 759847 488592 734190 356406 770368 678809 469473 743383 181059 394313 675073 638241 397670 470341 391466 337347 441679 909987 634863 643806 822574 169717 508908 565618 429785 55461 789875 589556 533554 582504 736717 478750 142848 406819 57274 146972 362701 291540 390450 372032 681033 472315 516915 385693 298277 568054 165920 299824 865674 820532 221850 186064 371966 459706 783617 824387 210153 231253 477303 458295 532281 352516 614154 694525
150373 692707 285031 795854 442244 559212 942719 436345 534653 612159 316717 648062 999999999 638009 658155 592325 485067 695147 169864 167792 109168 148184 846907 183429 827128 759295 756615 251111 645544 153736 487594 213008 457486 324087 715347 846833 266666 160184 757059 393994 416786 609494 369991 889422 829119 459409 558131 120578 620219 217321 328705 517289 300317 369047 112703 78984 469636 495864 644392 197290 434208 677805 554805 250741 610749 91927 227615 421650 615039 779886 677407 761680 573829 695164 390712 288931 114361 493394 379110 484447 527468 275382 660362 735226 403835 418044 809382 566324 620242 792752 893288 810148 457165 470749 451074 373106 297283 812426 847639 47964
648528 450818 394386 813470 428613 503249 348838 823407 115809 659482 326048 12553 638009 999999999 23811 45906 824859 655460 543230 471423 529239 519413 720804 578895 189586 813190 395795 689426 83274 771080 474135 445223 364182 362923 311355 497662 752959 478353 737016 351989 766002 679163 456930 748892 191261 381888 674381 626956 400979 458851 379241 325301 429453 903018 626283 634752 818615 157551 511855 553795 427377 55554 787897 583229 522193 571717 729392 466230 146979 414822 68866 149708 351396 298591 377909 360839 672359 471541 513227 373405 298500 562180 173149 308203 859991 815654 234086 187084 361434 467227 788610 827077 198114 218727 475402 454309 526783 362376 620673 684605
671036 468207 410177 833668 452013 525018 340954 847214 130272 681385 347622 22785 658155 23811 999999999 66274 848635 675723 559878 491146 549607 541264 738100 601780 168976 834109 408839 712782 72590 792463 477978 467230 387512 386223 324488 508965 776198 498243 756968 375799 789814 701260 466543 765460 172397 387446 697131 644389 420419 475749 392866 327595 443006 926207 648329 656295 842411 172290 531682 569380 450855 32822 811246 606718 520505 590457 752396 473298 165533 427095 73015 126011 349664 312769 387713 378728 694304 494323 536991 377495 320655 585809 187195 319774 883655 839445 232167 208635 356666 480434 805922 847169 213311 229419 498707 478102 550498 370242 635650 704955
605258 447004 349527 799416 400103 483884 389052 787256 73904 638998 281366 56970 592325 45906 66274 999999999 790989 641542 497852 425603 483641 475060 716076 536560 234929 796477 403516 648776 92277 726190 442219 401099 336592 322267 319853 508474 711770 432575 723983 317436 730577 657734 417520 746104 237121 347989 649599 581275 391181 413396 335981 296781 386165 861599 582199 590025 784185 114401 500018 508952 398167 91523 759006 543356 498795 525814 687371 429896 146050 424105 103572 185781 329308 304840 338540 315083 628126 447161 480029 341691 278792 523350 183093 320185 821311 778903 268879 172673 344706 474012 783666 813367 154160 179431 447502 420480 488894 381018 622433 639007
335981 567387 665950 413927 404401 400095 990046 62086 774053 308445 562639 828602 485067 824859 848635 790989 999999999 405986 629100 538615 495467 432780 548791 339638 991672 365418 680456 234489 877951 411628 917058 468543 468196 484730 695695 716816 230180 530439 418433 473559 71920 287700 800103 586101 981722 855541 239007 604892 535641 627905 713276 885195 712790 259149 377049 407358 16083 753937 469085 663214 403490 879618 122650 286880 1039662 553333 265302 853505 715658 694157 823476 974491 947242 683392 784160 628342 372591 385308 311687 875703 551656 290250 736010 720204 145486 79655 874431 657555 990477 670467 563281 423811 733053 774786 362928 370657 313432 774941 624498 472661
567666 233586 716156 158030 299545 170968 681039 454127 664347 100135 557000 652938 695147 655460 675723 641542 405986 999999999 765399 641388 637565 565803 156136 512476 766982 163213 346275 500917 732568 706530 954320 543304 338437 471107 400088 340549 546554 637869 83205 401569 406418 118484 860272 198238 749509 866262 171826 788927 257012 718106 750253 860666 776219 644699 590701 624700 413851 666886 145213 799118 306844 708207 290656 447624 1058265 716273 560994 904987 511026 349609 621069 791699 915865 398252 809052 659896 617896 233705 319396 877015 365035 420364 503463 420617 537655 463315 596869 469602 948128 306864 198270 171833 668565 720298 265203 345978 398991 445416 220465 710704
297807 709824 151085 887387 478018 608416 876068 587106 429931 696603 264333 554776 169864 543230 559878 497852 629100 765399 999999999 125361 137624 209559 907075 294141 725647 857072 749135 397060 531786 320404 317880 223008 469708 317709 691974 849875 426389 127839 837129 397582 557888 699415 201186 948566 731813 296535 654705 88642 633320 84598 182175 360941 141901 538431 255664 231489 614618 388139 684830 35223 469826 573258 680007 358432 440886 80145 387564 252070 558208 773441 594809 646816 413560 671276 232512 184986 276181 540063 449040 322083 516902 372057 607459 707924 565459 569818 745533 520927 459501 797893 961352 902345 347061 344949 502498 420427 377334 785704 882557 210853
231463 586775 135562 766782 352660 483153 785376 504503 366883 575395 157778 481756 167792 471423 491146 425603 538615 641388 125361 999999999 63512 105916 781939 199575 660091 738296 631678 318176 477830 312369 378966 98130 346043 195114 579335 730122 362456 9314 714336 274516 466708 579520 261488 823354 662678 325993 537171 176473 510581 89687 183841 371324 174714 495931 193578 185439 525359 328112 559552 158012 344467 510229 574742 254927 502432 106476 326651 314933 459917 655814 513570 593923 431595 558682 253684 123542 231165 414820 327454 348847 398581 262121 507433 596868 498724 488878 652602 416182 477638 677461 836699 781837 289664 306061 377647 295754 260611 674877 757832 215363
174452 606373 195822 753774 361950 487727 834787 456873 427394 564075 207723 539181 109168 529239 549607 483641 495467 637565 137624 63512 999999999 73203 783647 157405 718540 722026 661286 267587 539176 249147 429090 112458 366538 223395 614950 755725 306281 54635 706440 298485 423772 565544 309926 825708 720236 383438 519267 153625 531608 139012 243355 432343 227346 435245 134341 122688 481440 389439 568840 172819 353697 569850 542541 220827 553389 79164 269200 363651 507450 685036 568244 655019 491910 594509 311591 186993 168970 419743 318507 407069 429286 234906 553483 633896 444340 440359 701530 460138 538163 702169 835099 768613 351679 369427 379603 297854 242881 711612 770481 155367
137058 545806 237721 680613 297053 419280 805139 398865 427261 491100 193887 528214 148184 519413 541264 475060 432780 565803 209559 105916 73203 999999999 713258 93737 708614 648838 608464 214236 540585 253249 484836 74572 309367 179636 568493 698920 263217 97659 633800 246210 360864 492379 367360 755477 707887 429129 446102 223293 472632 195149 286069 469302 280529 404042 107677 116653 419465 393128 502221 244764 288887 564711 472724 151041 608145 150648 229918 420841 477735 631711 550555 654314 530632 548470 356831 211516 153118 351903 246433 451153 380062 162546 520886 588837 396508 383464 671941 425949 576072 644901 763664 695442 359251 386209 310755 230065 169755 665651 704895 184334
722681 269987 844285 180881 430934 299046 667669 601165 751941 253713 681816 715796 846907 720804 738100 716076 548791 156136 907075 781939 783647 713258 999999999 665329 799235 221799 350635 657049 802530 862547 1071444 684068 455760 601013 426029 296741 702098 779254 134149 525448 557120 268141 985375 42562 778894 979559 324124 936448 328120 853762 874167 964721 904755 795544 744461 778134 558387 761894 232876 939894 438926 769011 428096 601660 1167954 862765 717063 1026841 573990 343052 674377 842550 1015913 431826 927905 786698 772920 367220 468407 987503 457121 573526 553385 440326 686178 611894 611135 545147 1043785 287731 67822 184075 770479 822158 404863 487056 549699 437489 135380 864339
76825 530157 330761 613302 279075 383821 838400 305168 497008 428738 262998 586439 183429 578895 601780 536560 339638 512476 294141 199575 157405 93737 665329 999999999 765434 577868 608132 123170 609665 225532 578537 146164 310411 218429 580398 689162 178845 191164 573630 262442 267735 426365 460856 707888 762264 522074 375771 288584 462499 288439 378960 559808 374250 326406 80995 113205 326100 466522 470962 329108 271741 627827 386283 68173 701882 224301 151062 514406 516253 630001 601498 720281 621495 561508 449877 300689 119709 321122 200628 543724 392933 92150 554595 602662 306328 289908 706865 460185 666515 634936 710408 627727 436116 468224 278118 207921 118708 676651 673644 199457
836382 539556 574957 921420 587948 636381 239209 996003 296278 791120 515538 180408 827128 189586 168976 234929 991672 766982 725647 660091 718540 708614 799235 765434 999999999 929831 449435 872662 198860 960598 605464 634269 523634 547706 374202 529273 937085 667212 843380 526281 937147 813158 615386 819422 23901 524204 818198 811247 512176 642101 553446 454389 602995 1087324 815176 824196 986915 337708 622418 733170 588381 152392 941625 765341 620837 758857 915116 613415 277054 460381 168823 104565 457735 371454 538445 546541 861389 619336 681618 509094 443863 742329 267306 358910 1038466 989752 197246 334310 448959 517185 865750 933600 378700 386328 631954 625082 705269 376580 679527 873899
616798 396121 831144 49548 426525 313949 840579 424851 813503 168665 679842 811356 759295 813190 834109 796477 365418 163213 857072 738296 722026 648838 221799 577868 929831 999999999 506446 531106 888303 737575 1078506 642870 477028 590639 563097 487226 560467 733191 98745 531036 394678 159629 976680 247648 912541 995175 202867 865716 418599 822001 869820 997368 889551 623861 648009 682749 378217 812014 307458 891997 432426 866789 244134 509705 1188511 797559 584669 1024644 670590 507700 781786 952101 1054928 561462 933270 777763 665164 363887 411997 1008320 517815 489107 665368 583331 510415 439354 759730 626294 1089858 460807 210779 58397 809297 860307 383511 454981 479749 604498 341953 765142
683388 117387 639087 488479 331813 280612 334766 708910 457521 403091 486337 388172 756615 395795 408839 403516 680456 346275 749135 631678 661286 608464 350635 608132 449435 506446 999999999 664871 479005 833577 818790 548838 300233 438615 84444 108034 727711 633197 411737 363242 649908 427586 759493 370005 428667 722202 455009 807439 151914 674805 652897 687617 695537 863379 685414 711356 682078 480417 219318 775030 338365 436828 591577 568131 894174 734142 723786 789042 258352 24386 338923 500273 728580 98794 687990 583208 727668 311203 429361 723127 233110 536507 222719 92018 777796 710496 260955 255812 747529 71622 416593 498906 502495 549573 348746 401694 497977 99787 231462 790826
101493 571646 451883 572750 335442 407757 925327 190082 614196 405687 382536 696071 251111 689426 712782 648776 234489 500917 397060 318176 267587 214236 657049 123170 872662 531106 664871 999999999 725810 207869 695793 268681 383191 326587 650926 732859 65811 309295 547672 352474 165682 396397 577010 699020 867696 643269 340461 370510 513561 404827 500265 682682 492293 215149 142782 172946 219333 585638 495019 430574 329933 740297 308768 108012 819816 319850 61520 630751 612463 684595 705857 834013 744266 633696 570939 423722 141054 357178 235534 665385 471329 135108 646048 674561 183158 173054 796839 554342 789427 679786 692323 585983 556801 590473 316906 270614 175035 743981 689895 243027
674713 532646 380706 890549 491226 576033 401964 871679 113334 731259 348032 91163 645544 83274 72590 92277 877951 732568 531786 477830 539176 540585 802530 609665 198860 888303 479005 725810 999999999 786674 416137 468609 428150 401594 394561 580387 787259 485731 814742 405221 815989 750010 417067 831204 210091 329559 741545 618807 480281 449601 356071 264362 405177 936038 648248 652401 870597 149756 590174 537151 489013 56622 849522 622535 451075 571148 760661 417767 228644 497870 145601 116279 280730 381863 339721 358449 693126 539268 568226 316866 370848 604572 256410 390974 901843 862546 301329 262997 285157 550467 870292 904393 188712 188602 538766 508356 571796 442774 703779 693193
150623 752915 437384 780025 503449 598948 1055465 353334 674047 612775 445061 780245 153736 771080 792463 726190 411628 706530 320404 312369 249147 253249 862547 225532 960598 737575 833577 207869 786674 999999999 637750 327769 535735 428649 805090 912956 182662 303704 755396 484265 354542 604095 521570 904764 960498 612989 548285 252866 687043 370733 481937 670877 453994 232682 152254 136693 395549 637224 686984 344052 496349 814614 507387 271828 759693 245161 153260 572229 729184 855325 803764 901969 727565 785948 544448 435868 106888 540476 416728 638089 616834 303466 770797 827028 296902 334376 922679 675704 773977 858847 899580 793068 600234 618421 497766 432544 338753 901635 886960 109552
603111 825100 254054 1098656 656035 783730 817547 883364 372393 910029 399027 486411 487594 474135 477978 442219 917058 954320 317880 378966 429090 484836 1071444 578537 605464 1078506 818790 695793 416137 637750 999999999 454119 617856 487890 741251 926823 734761 387464 1034988 552787 845219 919734 119383 1108847 621001 96683 886665 390287 752521 290972 210307 151893 204329 855007 561992 543280 904034 341418 838600 294235 649256 472242 944798 631321 124391 396424 696977 66126 569100 842000 542378 503947 157905 722765 145484 302233 589564 721505 672775 100744 620110 633939 615544 747739 873291 867547 708218 563015 189894 883604 1134509 1113823 316297 270790 695941 624179 623505 816425 1009418 528330
206152 495511 200156 670185 255854 385502 732491 442506 355329 478630 120702 453897 213008 445223 467230 401099 468543 543304 223008 98130 112458 74572 684068 146164 634269 642870 548838 268681 468609 327769 454119 999999999 254962 111610 503522 643526 324630 95194 616638 186100 397627 483602 341916 725582 633382 387304 443101 262439 420206 179229 246068 418235 253073 470260 181101 191105 456688 322711 463184 256097 247615 491144 490797 182102 574339 187675 294625 393525 404752 572579 476002 581505 480252 483183 316489 159878 227144 317133 231031 407178 317054 180452 448815 522920 451500 428875 599174 354232 524458 590084 738589 685286 290797 322060 279571 197629 170315 600412 662958 253813
386751 240897 389553 489315 64765 167591 543421 475819 340411 311434 226544 366181 457486 364182 387512 336592 468196 338437 469708 346043 366538 309367 455760 310411 523634 477028 300233 383191 428150 535735 617856 254962 999999999 152261 270665 389811 448664 345781 420663 72531 416054 327470 529632 494721 513531 528337 313897 517277 165250 405936 418407 522800 449965 594108 385980 411244 463867 335549 223726 499630 64747 419724 423734 278688 719916 442616 437879 571392 247524 323049 355943 513152 579024 252341 473277 331651 429173 114268 161443 538650 88850 248711 271172 293503 526985 471347 417642 189378 613041 335971 517347 504212 332487 383782 111232 112855 208686 366403 413991 490723
291891 392146 245077 611280 171810 303581 626896 472497 292500 422138 89629 369794 324087 362923 386223 322267 484730 471107 317709 195114 223395 179636 601013 218429 547706 590639 438615 326587 401594 428649 487890 111610 152261 999999999 391914 535413 390065 195669 549794 79896 418983 432141 389360 641222 544041 405769 401799 369298 315731 254437 280180 416647 305262 540193 277017 294003 475723 269533 372203 347380 164325 413775 478570 221315 599071 295595 367415 435267 300772 462542 383080 507750 477318 371574 342635 188962 323496 237544 192154 420522 206013 203157 342266 411352 500287 462366 494033 247169 517260 482529 659799 626467 248796 292913 208509 137817 172335 488807 566091 363394
657003 167490 573306 550506 316111 300086 295744 717372 375998 441369 427641 303745 715347 311355 324488 319853 695695 400088 691974 579335 614950 568493 426029 580398 374202 563097 84444 650926 394561 805090 741251 503522 270665 391914 999999999 188883 715669 581853 472609 322997 657276 465257 687390 448616 354704 644568 483919 755804 162367 614348 583246 607021 627797 857435 654037 677174 695374 400943 260221 715786 321187 352738 618225 548543 813115 684227 707269 714351 175724 104252 255021 418584 646398 20702 613945 519151 698256 312629 418895 644299 188932 517916 138316 24558 780010 716718 196913 181061 664313 155967 493121 562065 425390 470899 343586 381011 478128 97165 313261 752713
762355 161240 744356 459718 410099 329303 372184 752720 564552 418469 589059 489225 846833 497662 508965 508474 716816 340549 849875 730122 755725 698920 296741 689162 529273 487226 108034 732859 580387 912956 926823 643526 389811 535413 188883 999999999 792992 731027 388598 457526 696051 442522 866758 305102 506932 830232 480754 904611 227249 777553 759544 795127 801465 920913 768519 796472 720732 588194 248936 876848 417517 535289 615611 642857 1001519 830522 793413 896846 364556 85159 437272 591331 835227 205505 795718 687907 808737 375893 499375 831066 333151 610956 325911 189460 827578 756826 332942 363842 853089 54276 356392 467515 610528 657506 417300 481268 574326 152872 162644 878425
131829 632018 497873 604647 399778 465663 991071 174444 675027 448645 441666 759847 266666 752959 776198 711770 230180 546554 426389 362456 306281 263217 702098 178845 937085 560467 727711 65811 787259 182662 734761 324630 448664 390065 715669 792992 999999999 353262 586761 418152 172033 436681 615399 743481 932446 688327 380084 386995 576040 445287 546242 732014 533598 150239 172805 195020 214115 645193 551935 458079 394498 803272 325678 173588 859147 346734 39120 668985 678069 747017 770693 896580 793030 698632 616076 474727 152494 418321 298599 711302 536940 200897 711842 739411 139138 155520 862650 620024 838724 740359 733132 617093 614955 646429 379075 335948 240781 808206 743079 246729
222205 586646 144828 762104 350688 480682 790533 495922 374511 570839 162484 488592 160184 478353 498243 432575 530439 637869 127839 9314 54635 97659 779254 191164 667212 733191 633197 309295 485731 303704 387464 95194 345781 195669 581853 731027 353262 999999999 710306 274650 458522 574626 269723 820776 669581 335133 531757 174328 510618 97531 193082 380636 183312 486618 184267 176248 517108 335983 557834 161250 342469 517634 567689 247353 511052 102734 317398 323246 464587 657280 519771 601758 440894 561226 262840 132364 221911 412315 322906 358042 400094 255262 511837 599645 489649 480220 657632 420118 486943 678197 833572 777137 297762 314798 374664 292614 254808 677638 756729 207564
622937 305135 794432 78046 379132 253079 744682 473030 747503 145038 636775 734190 757059 737016 756968 723983 418433 83205 837129 714336 706440 633800 134149 573630 843380 98745 411737 547672 814742 755396 1034988 616638 420663 549794 472609 388598 586761 710306 999999999 482304 432783 151303 939142 168324 825232 947731 207348 855784 336986 793399 829690 943269 854199 669912 649378 683897 428895 750065 225314 871325 386131 789324 296510 506820 1140080 784410 605610 984658 591846 411635 700876 871584 998733 472633 889578 738756 672811 313502 388330 958887 448072 481815 582171 491777 558738 484935 668189 551750 1031203 363352 147127 90547 751483 803177 341999 420832 464717 508704 244486 769008
339140 312355 318851 547582 104554 231336 576687 471658 305957 362783 156606 356406 393994 351989 375799 317436 473559 401569 397582 274516 298485 246210 525448 262442 526281 531036 363242 352474 405221 484265 552787 186100 72531 79896 322997 457526 418152 274650 482304 999999999 414020 375790 460602 565021 519280 465782 353163 447344 236067 333445 349764 466626 379322 567305 332327 354364 466893 293159 294679 427246 98670 406360 447517 244575 658665 373053 401823 503921 260068 386823 357685 501344 524992 303254 407484 261268 377441 169068 163009 477850 134122 218487 294358 344017 512299 464410 446124 201872 561645 404236 585771 562675 282783 332238 148898 103160 179989 420129 486521 430039
266817 540935 594392 440879 354122 370353 948706 60320 710202 306312 494421 770368 416786 766002 789814 730577 71920 406418 557888 466708 423772 360864 557120 267735 937147 394678 649908 165682 815989 354542 845219 397627 416054 418983 657276 696051 172033 458522 432783 414020 999999999 289312 728195 596689 928286 784280 234595 535931 500953 555986 641837 815000 640932 238506 307266 338439 59089 688515 447177 592148 352116 820227 154509 215644 967916 482694 203408 781610 663023 665509 768417 915241 877061 643525 712765 557500 305847 344647 255652 804639 502263 220821 686625 681825 132892 60844 829124 604350 920587 647105 579826 452412 666239 706870 316603 312475 246729 741102 618516 407128
472640 310203 671632 188235 272092 177351 757806 335789 667601 24533 521603 678809 609494 679163 701260 657734 287700 118484 699415 579520 565544 492379 268141 426365 813158 159629 427586 396397 750010 604095 919734 483602 327470 432141 465257 442522 436681 574626 151303 375790 289312 999999999 817168 308402 798115 837486 56607 711883 305898 662622 710654 842291 729947 527818 500345 535013 295384 662661 208499 734182 277299 734076 175039 358754 1030870 642175 454581 865347 542725 436026 655762 823434 900775 458681 774684 618532 522317 213232 252595 851265 380663 335504 545853 488254 419705 345326 659802 492851 937020 401828 296576 203074 657029 707355 227019 295723 322677 527007 337185 619509
483784 751068 145537 999605 560733 691431 805720 765155 343663 809118 304012 469473 369991 456930 466543 417520 800103 860272 201186 261488 309926 367360 985375 460856 615386 976680 759493 577010 417067 521570 119383 341916 529632 389360 687390 866758 615399 269723 939142 460602 728195 817168 999999999 1024279 627145 108074 781022 279177 675968 172519 111313 183125 88852 736271 442619 424029 786824 304996 753162 181178 553442 469093 832192 515542 243772 278341 577595 53743 523955 783477 521085 521435 224088 667712 79039 200410 470397 626571 566780 132791 545214 519949 573096 697338 753985 749134 685780 506331 267799 820002 1046330 1014802 269885 238343 597482 521868 512211 770634 934165 412019
765172 299102 883843 202663 471789 340239 677266 639541 784431 294861 721113 743383 889422 748892 765460 746104 586101 198238 948566 823354 825708 755477 42562 707888 819422 247648 370005 699020 831204 904764 1108847 725582 494721 641222 448616 305102 743481 820776 168324 565021 596689 308402 1024279 999999999 798512 1016380 364690 978616 361590 894456 913001 999828 944310 834904 787022 820696 596144 795784 271132 981251 479834 795871 464595 644211 1203849 904844 758887 1065141 602586 359963 700157 866845 1050145 455997 965800 826123 815412 408538 510836 1023791 492205 616088 579442 461220 724872 650715 628393 576485 1077089 303483 52920 202922 805641 857165 446641 528821 592195 451649 142968 906901
834056 520841 581605 903277 577496 621774 216591 987432 301882 775832 515663 181059 829119 191261 172397 237121 981722 749509 731813 662678 720236 707887 778894 762264 23901 912541 428667 867696 210091 960498 621001 633382 513531 544041 354704 506932 932446 669581 825232 519280 928286 798115 627145 798512 999999999 538056 804485 816681 495713 647866 561844 469473 611669 1082644 813912 823906 977307 343714 605320 740409 578234 160006 929226 760069 639651 762718 911309 626930 266119 439055 161914 124343 475152 352771 549602 551125 860278 606835 672636 523716 432095 736386 252682 338706 1031553 981589 174392 324230 467909 495841 845200 915303 384810 395432 620824 616824 698858 354125 658186 875573
556921 730272 191408 1013262 569995 695322 728261 826555 276988 826511 316141 394313 459409 381888 387446 347989 855541 866262 296535 325993 383438 429129 979559 522074 524204 995175 722202 643269 329559 612989 96683 387304 528337 405769 644568 830232 688327 335133 947731 465782 784280 837486 108074 1016380 538056 999999999 807306 380204 658413 245918 143115 76287 159237 817971 517689 504019 843367 244981 746978 282353 563579 384548 873842 568683 193385 367850 652074 89603 472596 745375 449444 425955 117854 626090 72351 228528 550818 634845 595036 25653 526010 567473 519292 651116 824638 811781 615577 466467 163210 787247 1043333 1028375 219717 174269 611689 543436 552681 720096 914582 504170
418852 338494 635793 237730 253237 185267 779142 283423 653252 71724 491345 675073 558131 674381 697131 649599 239007 171826 654705 537171 519267 446102 324124 375771 818198 202867 455009 340461 741545 548285 886665 443101 313897 401799 483919 480754 380084 531757 207348 353163 234595 56607 781022 364690 804485 807306 999999999 663073 321779 622277 676626 816640 692973 472903 447878 482621 245187 644884 237051 689712 257058 729791 136655 307721 1000400 594694 398269 830406 543631 465900 656557 821264 876248 475145 742470 584497 468221 202845 214274 822321 377797 286337 551897 507721 366132 291886 674642 490623 914081 436732 353111 252030 635944 685139 205826 263983 277448 553038 386493 566406
269124 757945 238452 899805 515420 641241 954332 556843 515040 712112 331729 638241 120578 626956 644389 581275 604892 788927 88642 176473 153625 223293 936448 288584 811247 865716 807439 370510 618807 252866 390287 262439 517277 369298 755804 904611 386995 174328 855784 447344 535931 711883 279177 978616 816681 380204 663073 999999999 682518 169317 270813 447225 229482 481286 229108 197564 589576 473546 722437 98173 507162 658974 670344 356619 509825 74950 348010 326296 632144 831490 676038 734227 497931 735148 319081 266284 234905 573326 469537 405856 574360 376780 680560 773247 523389 538582 822585 590908 543393 851519 986897 914431 432607 432832 532989 451394 391080 851259 923873 147345
536445 76740 542380 414248 183596 137772 458056 560527 423890 282602 380713 397670 620219 400979 420419 391181 535641 257012 633320 510581 531608 472632 328120 462499 512176 418599 151914 513561 480281 687043 752521 420206 165250 315731 162367 227249 576040 510618 336986 236067 500953 305898 675968 361590 495713 658413 321779 682518 999999999 566221 565229 638690 601932 711554 541486 569239 536096 434202 111879 662346 190781 452616 455859 418747 843557 607865 572909 712940 255025 171038 364114 534792 688561 153515 612108 484433 582184 159435 278057 664448 132427 386935 246769 186447 627293 561201 354120 218723 715763 172985 394929 427427 444718 496024 196971 254623 349205 240178 258210 651251
313460 642961 70690 848703 422849 554965 791811 592651 346037 657119 188550 470341 217321 458851 475749 413396 627905 718106 84598 89687 139012 195149 853762 288439 642101 822001 674805 404827 449601 370733 290972 179229 405936 254437 614348 777553 445287 97531 793399 333445 555986 662622 172519 894456 647866 245918 622277 169317 566221 999999999 111440 300196 88354 572136 273163 258153 614506 304404 626481 101906 414898 489772 663965 344608 415023 129074 408163 226182 475597 699183 510221 565205 357679 593699 175082 100772 304956 487305 410033 270188 444639 351210 525113 629359 583177 576686 661611 440380 404124 726541 910884 863835 263404 264674 452933 372613 347556 706801 819860 264072
415281 640618 48430 891387 450772 580885 723930 683541 263441 701672 193352 391466 328705 379241 392866 335981 713276 750253 182175 183841 243355 286069 874167 378960 553446 869820 652897 500265 356071 481937 210307 246068 418407 280180 583246 759544 546242 193082 829690 349764 641837 710654 111313 913001 561844 143115 676626 270813 565229 111440 999999999 189627 50213 678589 376865 365484 700906 221780 641876 182165 443623 401870 735614 426419 328456 240120 510477 155088 425817 677055 438132 469106 248580 563206 71004 92182 412090 516590 462583 165219 435034 426517 475646 594618 681945 668699 598605 402619 294883 711834 935324 906578 181952 167469 488684 414931 414071 669511 823359 375511
602239 707251 236526 1011902 570943 690248 666080 860739 231515 829360 328868 337347 517289 325301 327595 296781 885195 860666 360941 371324 432343 469302 964721 559808 454389 997368 687617 682682 264362 670877 151893 418235 522800 416647 607021 795127 732014 380636 943269 466626 815000 842291 183125 999828 469473 76287 816640 447225 638690 300196 189627 999999999 219467 867194 564903 554802 873913 207895 734084 350620 565283 320614 893460 600067 206832 427204 697223 164239 431914 709968 394040 354034 62062 589660 128433 259255 601287 633832 608754 55801 507690 595023 475804 611063 865581 846984 559040 434542 106773 755168 1030039 1026855 194243 142676 615273 553590 575678 676230 890599 563494
401777 677991 60471 913375 477072 608654 773927 679212 313651 722451 223455 441679 300317 429453 443006 386165 712790 776219 141901 174714 227346 280529 904755 374250 602995 889551 695537 492293 405177 453994 204329 253073 449965 305262 627797 801465 533598 183312 854199 379322 640932 729947 88852 944310 611669 159237 692973 229482 601932 88354 50213 219467 999999999 659889 361514 345970 699721 271990 673621 136296 469569 451668 743387 427450 327740 209027 496516 141169 473419 719805 488197 517404 273938 607569 91203 118339 392750 542789 478848 184147 473572 431278 523347 639958 671338 663531 648187 447902 320257 752818 964567 928567 232089 216714 512211 435263 423376 715510 859431 345507
267159 761680 630864 671881 541641 591627 1137484 199031 823412 544565 589148 909987 369047 903018 926207 861599 259149 644699 538431 495931 435245 404042 795544 326406 1087324 623861 863379 215149 936038 232682 855007 470260 594108 540193 857435 920913 150239 486618 669912 567305 238506 527818 736271 834904 1082644 817971 472903 481286 711554 572136 678589 867194 659889 999999999 302447 313985 245736 792523 674317 566279 537055 953065 379816 323127 978808 458851 175706 788889 827369 881398 920861 1046109 927097 841169 746521 613983 267182 552177 438544 841957 682856 349053 860148 881520 113663 185361 1010240 769090 973294 869750 816588 682236 761034 790130 515807 481316 388432 947907 854397 334011
42143 610154 328857 685499 358558 464790 903507 332117 534929 504346 301361 634863 112703 626283 648329 582199 377049 590701 255664 193578 134341 107677 744461 80995 815176 648009 685414 142782 648248 152254 561992 181101 385980 277017 654037 768519 172805 184267 649378 332327 307266 500345 442619 787022 813912 517689 447878 229108 541486 273163 376865 564903 361514 302447 999999999 34757 362020 500572 551957 288572 351038 672133 442351 143107 686382 177409 135093 496188 577779 707657 655437 761966 625084 634700 445720 312291 46608 402035 281496 541178 465408 171104 618852 675700 311671 314544 770876 523789 671180 714253 788123 699631 466160 491151 359039 287426 199693 750834 754615 120007
71648 639039 318300 720251 387192 496506 920728 360309 539381 538860 308710 643806 78984 634752 656295 590025 407358 624700 231489 185439 122688 116653 778134 113205 824196 682749 711356 172946 652401 136693 543280 191105 411244 294003 677174 796472 195020 176248 683897 354364 338439 535013 424029 820696 823906 504019 482621 197564 569239 258153 365484 554802 345970 313985 34757 999999999 392087 503490 583290 263073 379500 678911 475862 177320 667549 151716 156104 477213 593738 733911 667081 767168 614037 657558 432718 307783 46803 432870 313655 528096 488252 204608 636191 698373 334003 342326 787681 541118 660364 742197 822290 734387 467558 489182 389951 316319 231522 774214 786249 86280
