NAME : synthetic_000635
TYPE : CTSP-D
DIMENSION : 100
GROUPS : 8
RELAXATION_LEVEL : 1
EDGE_WEIGHT_TYPE : EXPLICIT
EDGE_WEIGHT_FORMAT : FULL_MATRIX
EDGE_WEIGHT_SECTION
999999999 390732 174615 751047 142427 451238 691236 893982 903978 671727 393225 717396 703748 125253 657472 551753 721216 701209 491787 487978 655535 260482 347221 498805 165764 767663 722662 122562 576081 806965 908868 656367 217221 506048 796498 585414 770562 378593 514991 156523 954771 514804 668819 440052 555993 755871 193276 761605 357249 527135 398063 213390 433334 652889 736485 688650 407682 252899 335261 270042 1005338 760561 590033 391928 642890 756898 601365 565869 161689 813984 575779 138091 453795 102578 554805 372505 565032 219109 647737 819078 663123 674320 313603 271683 278382 530981 604854 732047 863121 119376 566905 883440 269049 624657 174743 584135 285095 603107 471870 587000
390732 999999999 274879 387257 332496 774229 1015070 819696 947968 793575 577037 408655 606495 440483 961740 877627 389163 1021974 338859 574148 613702 180839 511136 116903 366026 881689 686908 477240 306418 656010 960669 421276 596293 166162 510439 698499 409592 688239 624716 505140 986427 342271 525972 525338 866197 737250 401981 816243 591912 598142 716555 249037 160955 708270 902558 445564 740812 170902 537930 124973 958450 432082 494953 691173 938202 583374 559962 420931 420123 533689 324730 435479 740342 456642 666415 538744 760257 583991 939491 741771 527098 672485 383396 424554 154320 365791 411332 959346 811791 279764 874159 889694 230357 517587 227264 717607 481673 797376 526438 853802
174615 274879 999999999 594085 58796 499603 741227 745071 793363 588847 331678 547107 544958 171070 690447 603164 555054 748505 318350 378975 508701 102884 268954 363085 273783 683882 579957 295265 403987 640642 801419 481755 337593 351120 622996 494830 612010 414029 419088 329196 840489 340744 501011 326866 593297 619406 313990 651592 329453 413873 441938 39830 270091 539371 678457 514053 465957 213614 282422 153730 865899 592925 427846 418050 668441 586753 452341 395138 145260 640038 402223 291742 469922 274145 462022 298050 518973 317829 670493 667829 496181 540487 176628 380729 232802 357600 430963 710162 719719 146554 601738 758530 274773 461458 157238 503801 415102 557680 347660 589855
751047 387257 594085 999999999 650011 1044753 1266037 723915 947736 895305 783250 154145 550585 761737 1197976 1140939 97933 1269417 393916 707658 614530 494077 726002 270933 752504 959227 668058 853129 243151 517970 965923 291149 930877 245037 235411 815192 23634 958691 759990 883394 967804 371102 454095 677577 1116473 720853 789109 851753 828753 710248 990010 555675 324610 771428 1023373 283788 1023214 558068 768986 486550 864743 113700 495812 953522 1168326 444765 583907 413840 723087 258456 267024 818227 985960 831707 790695 745188 930706 907563 1166278 662307 462940 692382 598790 809633 541224 380743 350058 1126539 742381 654414 1121063 862788 614472 492455 607194 846616 867736 960116 653467 1068247
142427 332496 58796 650011 999999999 443290 685716 754373 781520 564395 296196 596953 561651 112735 637005 547030 607682 693338 354155 363731 516099 161441 237867 421868 273601 660358 584782 264765 452531 664668 788165 522990 280871 408233 668502 472654 667468 358503 398337 298604 830491 378374 526858 312978 538807 620468 310809 638927 284012 401129 385709 94561 325450 527762 645907 555572 408555 254685 242720 209625 869275 644597 447611 363766 616037 615611 461135 425228 88459 684454 448422 274105 417699 245004 440430 266347 481507 259583 618550 678688 520992 539706 174348 383656 276404 393041 467582 667597 725310 158686 547627 753569 306631 482231 187037 477674 410379 520395 339995 541040
451238 774229 499603 1044753 443290 999999999 243404 830906 699739 442384 285784 951391 725298 346211 207253 103806 979748 252063 669140 419047 636240 596140 327078 853443 607530 513655 668432 482915 812043 852794 694180 834011 265080 821600 989776 411933 1057762 87179 393704 494789 753961 695902 751632 414391 106186 669504 622646 584710 222299 447549 57674 526408 732763 519232 424207 864021 47714 685025 280135 652792 885886 1008051 659256 91776 197050 841349 608042 695895 354869 997437 795957 545380 89063 483055 402595 315977 282689 240483 203892 779781 741215 600534 446318 698258 709255 697157 762432 342764 781637 559237 118071 729146 717014 689504 607887 382944 687590 301542 455168 180365
691236 1015070 741227 1266037 685716 243404 999999999 939378 743198 521138 484373 1160568 881479 589529 81661 140068 1194236 14469 878924 590207 786802 835639 540048 1089846 842437 555445 799540 709150 1027218 1006914 731339 1033233 490582 1052458 1186166 535063 1277232 327262 549252 715697 792551 904639 927474 602680 150718 785226 853715 664430 438488 607252 300449 766319 963499 636779 440567 1060978 283923 928326 498129 894813 959772 1218888 839500 324097 115637 1010653 772661 891188 597266 1190565 1008183 774596 281178 712460 540166 521451 385219 474724 123748 904601 916374 732629 669688 926617 952612 902091 960438 296853 886009 801682 145091 800038 958785 865113 850982 499093 909170 378053 637448 219211
893982 819696 745071 723915 754373 830906 939378 999999999 278964 418475 579204 570041 213419 800266 857769 877148 626587 934228 481786 438455 238448 728234 583572 781048 1018845 406995 175016 1012760 551242 206990 299734 447998 920573 696286 504977 419777 716398 780736 444382 1045337 273617 477563 298785 471958 831767 161483 1058975 280214 651602 400536 804906 719821 660013 312156 520652 444815 844961 907051 622138 797168 143518 615352 329622 760261 823995 279334 293390 398810 747267 489312 523684 1028474 742003 994926 428741 571558 563228 877702 815631 78872 295423 236663 580543 1124715 912072 454091 421049 671776 54178 890521 827486 182872 983554 302995 886478 451538 1160043 562758 432164 725542
903978 947968 793363 947736 781520 699739 743198 278964 999999999 260053 522446 795622 397161 788311 664900 715779 850327 735016 622212 417909 345078 812761 557667 940789 1054736 190555 281283 1008922 736844 460162 20783 657147 863175 861227 751490 324453 944779 676325 389610 1037663 54613 629724 493871 468627 667663 227652 1090568 142662 582326 380534 692056 780671 801787 254139 302647 664656 727595 990831 578612 890330 229011 848441 471894 653130 633647 516848 392381 558215 742962 740188 707980 1041811 614294 995214 352029 534436 417820 819881 623540 303479 485461 276644 616857 1164975 1002544 609168 607157 450856 233213 936795 659948 96515 1061982 463541 949362 337214 1187770 399136 445882 551871
671727 793575 588847 895305 564395 442384 521138 418475 260053 999999999 279061 757630 396937 550041 439619 469198 804994 515795 514024 219578 304706 632633 327628 815722 830917 96190 292985 767625 657271 511496 257338 615011 607564 747378 748512 95628 898897 416284 171395 794289 314663 531520 469947 269880 421965 268527 863532 146098 329975 197629 432220 585709 671010 134461 129675 634397 468272 799196 337101 711191 448114 816332 402938 393079 406001 534870 316663 481569 510525 745555 630655 807153 355543 755925 128433 300411 159736 564763 397416 389180 458814 233143 421154 940611 815149 517573 547652 263495 364932 723073 416067 288889 863610 414927 745489 87615 956657 148243 268134 310483
393225 577037 331678 783250 296196 285784 484373 579204 522446 279061 999999999 676547 445873 270980 414734 368051 709899 486982 394567 142863 362182 399453 65902 629783 554403 374682 406782 489300 543100 572429 524675 552488 347742 580543 707398 198082 793730 213949 139702 516779 575536 420386 466179 128871 337169 420823 585777 383561 73112 178876 243121 339270 493001 285699 349838 581571 283440 545180 58061 473389 661236 734670 373594 198226 385234 556595 327142 412255 232958 713918 523812 528122 209810 477118 171232 39443 187396 304124 383550 517743 455878 342542 197961 663426 564402 418599 480123 382783 535719 453264 340348 518998 602288 404295 482631 191752 677856 226027 170563 287570
717396 408655 547107 154145 596953 951391 1160568 570041 795622 757630 676547 999999999 398679 702967 1088573 1042425 56557 1162639 282656 583793 467587 457979 625356 308949 752809 816053 517375 830598 145231 364646 814096 143407 872348 242649 106550 682814 149196 867853 634085 863136 814497 256328 303362 560568 1013614 569572 792641 704210 730237 580908 899404 507277 288317 629726 886911 130990 935389 568719 671415 475483 711316 59395 354765 859632 1057452 290763 442041 279287 657551 131427 156113 806971 884778 808836 660895 640595 807885 843471 1054360 508197 312803 545917 508681 827247 557744 258765 210630 998568 588264 638505 1016890 709545 636696 346719 599953 716037 881636 834505 531051 954486
703748 606495 544958 550585 561651 725298 881479 213419 397161 396937 445873 398679 999999999 622966 801474 792136 453180 879506 268368 306379 95263 518821 429735 572193 817300 434527 120142 825237 349254 127574 415469 260383 761905 488163 363535 349443 547748 659463 335889 858693 418763 264715 97413 320365 751973 171079 858168 312409 517957 279141 687803 516438 447288 262545 524108 267692 728397 696044 474983 585617 352587 452470 118879 642455 767630 138138 118914 185958 568743 356438 320675 834086 640644 806128 341340 426302 497436 721135 761464 135283 90194 164538 392742 920783 700163 241349 217071 658106 208517 687889 750858 313869 772862 89748 679599 386028 959204 511696 277350 662414
125253 440483 171070 761737 112735 346211 589529 800266 788311 550041 270980 702967 622966 999999999 547923 449561 716555 598263 446679 377508 563547 273950 231087 533793 290666 645575 626087 220770 557835 735595 792080 619412 169921 520766 769201 466398 778825 266282 398779 250558 840159 472489 602626 333341 447287 654379 318311 646805 232009 417433 289902 207127 437151 540777 611469 652053 307160 338814 212952 315831 903342 752426 516396 276359 530400 694349 512601 508957 54273 783727 551270 257240 336104 207009 436864 253967 439821 146848 534297 728361 595376 572407 232673 396847 363093 484250 558926 608530 765226 215342 457286 773970 374087 551569 261925 462678 407489 477861 369664 467242
657472 961740 690447 1197976 637005 207253 81661 857769 664900 439619 414734 1088573 801474 547923 999999999 118700 1123811 78078 808135 513455 706605 781186 473490 1031178 814767 476112 718228 688856 957533 926496 653639 959047 469884 989831 1110953 454158 1208415 281649 470886 699132 715010 833415 849473 528758 101495 703587 829713 583257 375449 528838 259523 712776 901135 555317 362428 986205 253467 885449 434194 844068 879613 1147239 762462 273495 34085 931622 693841 816666 549193 1114687 937590 752101 221465 689728 460161 452904 304480 447519 42245 823023 838317 651474 605409 904973 909085 829817 886229 224226 804437 762801 90741 719698 921266 787293 809613 418048 892613 296450 562032 139214
551753 877627 603164 1140939 547030 103806 140068 877148 715779 469198 368051 1042425 792136 449561 118700 999999999 1073060 149497 759774 489753 699818 699071 417275 955396 704807 525436 723434 574700 905373 919463 707364 920506 355407 921430 1075430 459087 1153222 189503 456294 583452 768560 786159 827467 493386 48166 717527 717602 615198 312836 513144 161321 629448 832462 566014 421581 949613 144105 788324 372389 756472 917279 1099875 736565 189331 122298 914698 677829 780179 458589 1081706 887992 639102 158249 576761 456553 402266 314375 336604 132379 832920 816690 655249 542258 791719 812654 785738 848173 308076 825654 661651 57295 757715 818897 764893 710924 425870 777157 321123 531737 164456
721216 389163 555054 97933 607682 979748 1194236 626587 850327 804994 709899 56557 453180 716555 1123811 1073060 999999999 1196855 315684 624503 519289 460742 655929 281453 744064 866083 571180 830683 167745 421172 868631 194857 886467 226982 151012 727623 95224 894998 675839 862486 869981 290726 357073 598104 1046014 623743 782902 756376 760241 624132 926522 515448 287937 678905 933811 185968 961440 555012 700836 468813 767864 42940 403168 888023 1093276 347291 491060 323982 673639 175774 186222 802738 916265 808963 704481 672924 848552 859707 1090622 564434 366159 597432 534158 812572 541834 296815 257507 1041719 644513 635121 1049845 764979 619379 397608 593053 760064 868498 876444 570948 991413
701209 1021974 748505 1269417 693338 252063 14469 934228 735016 515795 486982 1162639 879506 598263 78078 149497 1196855 999999999 881361 590195 784661 842248 543608 1095637 853285 547916 796089 720769 1030052 1004573 722883 1034450 501961 1057295 1186967 532209 1280381 334851 548375 727704 784002 906935 926865 603893 156227 780862 865000 658402 442846 606360 308692 773077 968377 633045 432518 1061955 293600 937073 502341 902174 952654 1221090 839399 330802 112086 1009412 771541 892244 604927 1191066 1010715 786012 285902 723814 538177 524424 382556 485322 119233 900510 915731 729436 673954 938193 961263 904017 961635 287244 880726 810992 149577 793102 968366 864599 859935 496070 921264 373979 638062 217137
491787 338859 318350 393916 354155 669140 878924 481786 622212 514024 394567 282656 268368 446679 808135 759774 315684 881361 999999999 314749 279557 264416 342732 318581 575764 588791 351034 613427 150840 335156 636861 173785 611001 240417 327756 427649 402209 586292 367714 647403 656269 27128 196312 283754 731316 402986 617414 500502 447654 321077 617812 282089 182280 402502 638597 206223 654465 433878 389026 322905 619658 340281 156622 577440 777605 272847 229857 85956 396024 339828 129463 607600 602201 592424 400873 358139 536929 577753 775008 403456 194877 346059 231040 672438 435639 39251 113427 733906 472953 447166 734827 556224 510954 178962 428341 456919 716697 566940 260323 676010
487978 574148 378975 707658 363731 419047 590207 438455 417909 219578 142863 583793 306379 377508 513455 489753 624503 590195 314749 999999999 219839 414264 148747 600682 636827 310316 264765 597610 464700 433792 424447 448604 482863 536580 598241 124355 714617 354135 53594 628007 467531 336590 338366 52255 452254 282826 672786 275262 215975 40045 381866 371156 456371 164989 332360 474386 422518 584669 183886 493002 528714 643138 249298 336453 480784 424955 189122 306258 328740 601373 440848 626067 335413 582429 92601 133430 224158 439726 476408 375227 327443 202388 205187 747070 599336 327859 376158 419172 397019 520010 452614 396588 652027 275781 536130 146436 770482 252458 54474 375618
655535 613702 508701 614530 516099 636240 786802 238448 345078 304706 362182 467587 95263 563547 706605 699818 519289 784661 279557 219839 999999999 500425 354588 597333 782329 350419 74078 774497 393161 220372 360949 324586 691359 516702 446433 254181 614507 573863 243847 807188 376947 285186 168051 242469 658871 123707 822085 237222 435154 188692 601243 485419 461306 170462 433246 338862 641912 680965 397116 573420 358468 524367 126818 555811 672716 231128 56958 213286 510109 442040 364407 790165 550298 756554 246671 347044 402381 649356 666452 164814 157376 78372 342120 889240 688469 264236 266354 564136 211197 654861 657404 276802 756311 122198 654099 290765 923030 416442 200294 567646
260482 180839 102884 494077 161441 596140 835639 728234 812761 632633 399453 457979 518821 273950 781186 699071 460742 842248 264416 414264 500425 999999999 333727 260785 313105 724574 574227 372820 319248 598912 823142 410318 439816 249782 541355 537019 512697 509573 461392 405641 856149 281546 459056 362921 686245 619368 354740 674532 411233 443561 538541 69867 172939 562982 734221 441436 564626 180663 357975 78776 857977 500135 400034 511547 757431 537045 443612 348800 245156 560276 322438 353954 559736 351068 504213 362024 584962 420709 758671 649495 456334 545608 212549 408022 190056 302155 370112 782231 709848 187169 693987 766520 255979 430396 163927 552109 452987 622772 372497 673209
347221 511136 268954 726002 237867 327078 540048 583572 557667 327628 65902 625356 429735 231087 473490 417275 655929 543608 342732 148747 354588 333727 999999999 565040 503663 423801 408676 451852 488342 553203 561982 507141 337400 517789 663046 238522 737404 246661 168091 481424 609225 369299 436635 112300 390614 430704 537115 415846 104981 188742 277819 274452 429698 309953 409699 537428 316233 482528 48218 408125 677428 682635 343676 235747 445195 529046 311620 370503 185633 671286 470717 484570 260419 437672 207603 29102 251911 294991 444224 516627 427046 349429 133552 613613 501114 370089 435923 448584 544161 396374 395063 543694 541815 376704 422416 240379 632097 290203 154358 350379
498805 116903 363085 270933 421868 853443 1089846 781048 940789 815722 629783 308949 572193 533793 1031178 955396 281453 1095637 318581 600682 597333 260785 565040 999999999 482926 897771 667312 591370 236051 600171 955410 351576 696458 85046 414425 723284 293548 766385 653658 620077 974280 312554 482284 556590 939433 720094 518783 817503 656227 618117 796128 330130 144712 715538 933042 370184 823804 287737 598740 228764 923347 324189 471850 766481 1005375 524063 548435 388760 505721 438757 260816 551642 810459 570447 692862 590418 804737 680052 1005561 705719 485800 664568 431824 539040 270337 334523 360551 1005864 780695 392678 946333 873201 343964 487700 342000 747058 596904 839946 548637 914739
165764 366026 273783 752504 273601 607530 842437 1018845 1054736 830917 554403 752809 817300 290666 814767 704807 744064 853285 575764 636827 782329 313105 503663 482926 999999999 927096 853160 148363 623666 907515 1061003 721898 353559 517411 844890 741865 774440 539858 669074 162555 1103989 594183 767244 586440 713447 891327 41667 912086 522318 674580 556942 300937 466276 801220 900619 752361 562017 195554 496942 277471 1138893 786200 699272 554625 802295 848540 726072 658254 321475 865453 630881 84098 617151 136559 710309 530510 729844 368213 807752 941513 763458 811380 445025 110287 215563 614182 683164 897623 993191 129666 724873 1026822 161006 732095 153653 743385 141979 768108 613331 751003
767663 881689 683882 959227 660358 513655 555445 406995 190555 96190 374682 816053 434527 645575 476112 525436 866083 547916 588791 310316 350419 724574 423801 897771 927096 999999999 318722 862369 726391 536000 182076 672647 697035 826323 796069 189124 960980 498066 265109 888572 243139 603882 518413 361827 477293 280146 959628 130689 422841 283558 510775 679627 753341 188222 117036 688747 544374 893287 432743 803301 405253 873640 463416 474632 444300 571482 375323 546745 606586 790411 698793 902781 430572 851024 222030 396596 235856 654768 434405 395906 507792 272595 514314 1036764 908743 587844 609224 269391 353064 819011 469456 246900 958544 469404 840764 183730 1052495 212142 355321 361369
722662 686908 579957 668058 584782 668432 799540 175016 281283 292985 406782 517375 120142 626087 718228 723434 571180 796089 351034 264765 74078 574227 408676 667312 853160 318722 999999999 840214 456256 219442 298665 376959 745865 585574 483327 265635 666110 612750 276014 872480 308494 354761 214118 296950 680110 53825 892571 193308 479662 227982 638336 557786 533236 163542 415381 386575 678801 754824 447882 647453 286000 571954 195475 593179 684142 253651 130626 279910 573430 475507 427375 858412 580433 822806 267313 397287 415108 703112 676912 111726 205118 68228 410436 960684 762478 332964 325950 556478 140544 726388 677291 205960 830025 183011 726950 300859 993331 422539 257269 581134
122562 477240 295265 853129 264765 482915 709150 1012760 1008922 767625 489300 830598 825237 220770 688856 574700 830683 720769 613427 597610 774497 372820 451852 591370 148363 862369 840214 999999999 691667 929425 1012442 776073 219301 609788 913296 686266 873679 425680 619489 34012 1060887 636007 791375 552039 588877 871369 147408 867550 441468 637395 437500 332955 543438 761386 819433 808154 435749 317063 431715 366595 1120834 871106 712188 443749 679915 879408 721088 688281 269232 931514 693107 67592 506862 21763 657195 474487 646640 243675 686449 938665 785652 789487 433643 217488 341001 652662 726213 795679 980348 199042 600950 994198 302814 746896 249985 680808 205550 683131 586380 640881
576081 306418 403987 243151 452531 812043 1027218 551242 736844 657271 543100 145231 349254 557835 957533 905373 167745 1030052 150840 464700 393161 319248 488342 236051 623666 726391 456256 691667 999999999 364530 753427 116453 727137 151893 222276 574307 251484 727433 517251 724706 764279 128138 254189 434590 878652 510077 664483 627291 592542 468547 758969 364217 159084 538241 784007 139150 794129 449431 533105 347464 694557 197680 267600 720306 927352 288113 353995 181209 512332 241978 28881 672176 748736 669948 548873 505773 687559 698286 924975 478484 259597 468050 366785 705950 442532 139735 132186 883772 556104 503958 882641 660355 522326 273359 470017 604905 757570 717129 410429 826335
806965 656010 640642 517970 664668 852794 1006914 206990 460162 511496 572429 364646 127574 735595 926496 919463 421172 1004573 335156 433792 220372 598912 553203 600171 907515 536000 219442 929425 364530 999999999 480350 252537 881114 515368 298582 472864 509830 786262 463170 963271 467924 321813 140272 445720 878986 256625 948997 407140 644076 406644 814840 608278 495441 379097 634823 243700 855392 768256 599359 657448 346773 408546 219216 769542 892545 77310 245369 250113 681388 284021 339400 932331 768217 909494 466945 551464 622055 841268 886081 156895 144471 279500 503042 1006605 768688 299268 244687 774801 233386 778017 877667 366180 845230 184046 762699 509319 1049195 634280 402848 787710
908868 960669 801419 965923 788165 694180 731339 299734 20783 257338 524675 814096 415469 792080 653639 707364 868631 722883 636861 424447 360949 823142 561982 955410 1061003 182076 298665 1012442 753427 480350 999999999 675126 863097 876338 771002 326633 963207 673265 393936 1040813 61466 644965 511894 475670 659206 245278 1096435 149833 582939 387817 688168 789636 815735 262144 291224 683108 723123 1000561 581353 900981 246720 867214 487723 649976 622770 536399 407028 574229 747537 759903 724583 1046495 609550 999080 355252 538115 413239 819953 612532 323780 503327 290857 625157 1171282 1012684 624670 624221 437627 253937 944145 651198 117283 1071168 480298 957812 337222 1193134 392891 454469 543125
656367 421276 481755 291149 522990 834011 1033233 447998 657147 615011 552488 143407 260383 619412 959047 920506 194857 1034450 173785 448604 324586 410318 507141 351576 721898 672647 376959 776073 116453 252537 675126 999999999 784637 268082 156027 542245 290070 753362 497155 809784 678929 147250 163279 430573 888853 429909 763302 561564 611714 442397 784700 443259 267537 486429 744478 32657 822422 556707 554744 450477 591386 201457 212121 742874 927144 175277 298894 142532 569389 166330 96759 763499 762258 754640 521645 518828 671648 751538 923414 379627 171860 402832 403807 809851 551934 139191 72821 859084 459202 597486 891205 573931 631380 203351 569207 576165 859190 696632 397550 822890
217221 596293 337593 930877 280871 265080 490582 920573 863175 607564 347742 872348 761905 169921 469884 355407 886467 501961 611001 482863 691359 439816 337400 696458 353559 697035 745865 219301 727137 881114 863097 784637 999999999 688690 936273 540777 948244 218038 487437 229719 917248 637387 753976 449638 370496 765532 363158 728132 281522 521918 223947 375317 606294 633410 635609 817168 217522 469679 299066 471725 1008672 922215 663971 239116 462020 846855 645853 667373 215725 950003 719767 284052 300194 221877 517130 349432 466334 43644 468972 854004 745762 685209 386591 436407 495136 647491 721579 590839 879880 336262 382757 866172 483790 698790 391039 526020 422819 499095 491152 431201
506048 166162 351120 245037 408233 821600 1052458 696286 861227 747378 580543 242649 488163 520766 989831 921430 226982 1057295 240417 536580 516702 249782 517789 85046 517411 826323 585574 609788 151893 515368 876338 268082 688690 999999999 344433 656904 264593 734516 590086 640684 893377 231548 397501 495690 901753 638711 556020 740916 614702 550571 765187 313683 88994 641673 867937 288316 795710 328238 555647 244207 838761 269492 390424 732166 962449 439467 469493 306043 485514 367869 175967 578137 771409 588231 627589 541162 748159 667419 961804 621243 401206 585880 384664 586282 315882 252693 275579 949061 696671 411943 907735 791530 394376 404705 367479 682761 641764 781949 483168 867891
796498 510439 622996 235411 668502 989776 1186166 504977 751490 748512 707398 106550 363535 769201 1110953 1075430 151012 1186967 327756 598241 446433 541355 663046 414425 844890 796069 483327 913296 222276 298582 771002 156027 936273 344433 999999999 683337 221899 909360 644611 946487 763974 300739 278828 583802 1042992 532068 885430 675924 767503 588230 940682 583512 378704 615741 878009 125848 978446 665837 710714 567776 641473 121835 352653 898744 1078640 234652 433524 295418 720575 25024 220783 894448 917203 891611 665574 674289 818895 904356 1074511 452492 289849 523558 558701 923990 656468 294817 227422 1000703 531070 726188 1045012 660424 735986 334621 691289 718500 977002 841656 548945 973763
585414 698499 494830 815192 472654 411933 535063 419777 324453 95628 198082 682814 349443 466398 454158 459087 727623 532209 427649 124355 254181 537019 238522 723284 741865 189124 265635 686266 574307 472864 326633 542245 540777 656904 683337 999999999 820231 368786 76056 714332 377789 446931 408604 174261 414985 258973 775619 187378 259258 106775 390070 490659 578673 107620 211341 564356 429167 704274 254786 615596 478608 742052 331543 346864 420123 483526 250797 403872 423726 682864 548679 722244 322878 673339 32953 212986 149889 497250 413408 373975 397281 197981 325726 851943 719955 434872 472223 317466 369822 631097 411851 327828 769442 349222 651811 36586 870448 162372 174661 316081
770562 409592 612010 23634 667468 1057762 1277232 716398 944779 898897 793730 149196 547748 778825 1208415 1153222 95224 1280381 402209 714617 614507 512697 737404 293548 774440 960980 666110 873679 251484 509830 963207 290070 948244 264593 221899 820231 999999999 971988 766568 904145 963599 378587 451995 685923 1128014 718519 811260 851600 840685 715928 1003377 573332 342062 773596 1027422 280123 1037023 580286 780968 507219 856387 101873 497803 966352 1178468 437875 585800 417402 739334 244095 273861 839530 997660 852207 796373 755966 938195 924282 1176220 656443 461193 692634 611494 832457 563706 386930 351983 1132968 736436 675160 1132382 858673 637310 492779 628448 852160 890445 966993 660638 1077757
378593 688239 414029 958691 358503 87179 327262 780736 676325 416284 213949 867853 659463 266282 281649 189503 894998 334851 586292 354135 573863 509573 246661 766385 539858 498066 612750 425680 727433 786262 673265 753362 218038 734516 909360 368786 971988 999999999 336974 442096 730937 613219 678712 342210 181342 619620 558714 551195 144286 386537 31554 439947 645713 473116 424275 783883 69950 604088 198710 567562 847382 924035 585772 23444 264757 769837 540908 617133 270079 917882 712059 484184 82249 422733 353554 239273 262294 183557 269260 724463 668620 546021 360959 636075 627904 615519 682455 373028 733755 481314 191068 694745 639914 617283 527993 344958 631146 290443 384386 215284
514991 624716 419088 759990 398337 393704 549252 444382 389610 171395 139702 634085 335889 398779 470886 456294 675839 548375 367714 53594 243847 461392 168091 653658 669074 265109 276014 619489 517251 463170 393936 497155 487437 590086 644611 76056 766568 336974 999999999 648587 441400 389114 378606 99409 416226 284036 703598 248095 209366 58000 362323 414603 509508 146125 279570 521926 402792 628224 191831 539882 521681 693476 292932 317188 437632 461624 223569 355436 353602 646632 493017 652560 306838 605618 43105 145267 174545 443824 432561 387731 367438 209047 249763 779304 643909 379640 425181 366552 398840 556441 415425 379984 693584 316536 576181 93516 799537 200611 107849 331960
156523 505140 329196 883394 298604 494789 715697 1045337 1037663 794289 516779 863136 858693 250558 699132 583452 862486 727704 647403 628007 807188 405641 481424 620077 162555 888572 872480 34012 724706 963271 1040813 809784 229719 640684 946487 714332 904145 442096 648587 999999999 1089908 669937 825303 583082 600156 903050 152792 896675 466500 667889 451869 366767 575616 791284 842677 841830 447239 342029 459555 396929 1152427 903103 745896 461120 691734 913400 754014 722288 300361 964834 726447 78468 523945 55148 685699 503378 670026 258676 698680 971499 819549 821119 466788 214894 365310 686641 760156 813989 1012478 228989 612452 1024519 321720 780638 278107 707842 193720 705996 618000 657294
954771 986427 840489 967804 830491 753961 792551 273617 54613 314663 575536 814497 418763 840159 715010 768560 869981 784002 656269 467531 376947 856149 609225 974280 1103989 243139 308494 1060887 764279 467924 61466 678929 917248 893377 763974 377789 963599 730937 441400 1089908 999999999 662004 516171 517550 720410 254902 1140261 193380 636197 429412 746624 826469 837358 302779 352623 684023 782083 1035187 631342 933132 196612 865529 502962 707742 684200 529984 427506 588254 794139 751116 735412 1092744 668721 1046897 404696 586533 472256 873906 673946 311681 508554 314015 663862 1214136 1046175 640699 633122 498309 235112 984768 712480 105037 1107190 491392 995788 391428 1237975 453062 492857 604395
514804 342271 340744 371102 378374 695902 904639 477563 629724 531520 420386 256328 264715 472489 833415 786159 290726 906935 27128 336590 285186 281546 369299 312554 594183 603882 354761 636007 128138 321813 644965 147250 637387 231548 300739 446931 378587 613219 389114 669937 662004 999999999 185559 307602 757344 407580 635850 511509 474259 340815 644731 303689 182573 416547 657269 179796 681465 446562 415768 335910 617236 314284 159296 604229 802698 256184 238570 78779 422190 313042 104867 628423 628453 614871 421024 384270 559707 604406 799956 399942 185620 354902 258138 689064 446917 23532 90299 755634 471773 466306 760723 560651 523481 176962 445115 477080 734514 589037 282366 700687
668819 525972 501011 454095 526858 751632 927474 298785 493871 469947 466179 303362 97413 602626 849473 827467 357073 926865 196312 338366 168051 459056 436635 482284 767244 518413 214118 791375 254189 140272 511894 163279 753976 397501 278828 408604 451995 678712 378606 825303 516171 185559 999999999 337331 790593 266758 808732 401983 534514 320716 708706 468210 365117 336915 599320 172836 748619 630179 484385 519213 441450 358603 93056 664198 816238 93074 157932 110532 548743 275713 226023 792753 671431 771203 393880 439712 549966 715606 811099 224486 11324 245928 370264 866508 631607 162304 122599 724773 301947 637758 790966 411281 707249 62600 622710 444540 908926 569513 296643 710559
440052 525338 326866 677577 312978 414391 602680 471958 468627 269880 128871 560568 320365 333341 528758 493386 598104 603893 283754 52255 242469 362921 112300 556590 586440 361827 296950 552039 434590 445720 475670 430573 449638 495690 583802 174261 685923 342210 99409 583082 517550 307602 337331 999999999 459427 321515 622880 326131 198723 88152 371784 318937 413131 214790 378080 458386 411947 532495 155115 441585 570066 619544 244868 327039 497203 427788 201536 288554 282817 589035 412463 578061 335837 536186 141636 105938 254587 407289 493892 404366 327010 239662 152999 696594 547303 302003 357767 454263 433787 468490 461240 443388 599773 275428 483973 192405 721163 286814 43022 393918
555993 866197 593297 1116473 538807 106186 150718 831767 667663 421965 337169 1013614 751973 447287 101495 48166 1046014 156227 731316 452254 658871 686245 390614 939433 713447 477293 680110 588877 878652 878986 659206 888853 370496 901753 1042992 414985 1128014 181342 416226 600156 720410 757344 790593 459427 999999999 672721 728823 568040 288134 473652 158157 617208 812789 521364 373611 917357 153134 785416 347867 747026 869921 1071579 700592 175247 91969 876616 639019 747579 450596 1048461 860251 651546 130697 589210 414038 373206 268562 346669 99924 788955 779691 612035 519292 804427 809246 755760 816232 263716 779963 661842 12879 710224 820176 727997 709162 381121 793273 273760 496373 116315
755871 737250 619406 720853 620468 669504 785226 161483 227652 268527 420823 569572 171079 654379 703587 717527 623743 780862 402986 282826 123707 619368 430704 720094 891327 280146 53825 871369 510077 256625 245278 429909 765532 638711 532068 258973 718519 619620 284036 903050 254902 407580 266758 321515 672721 999999999 930120 150546 492536 243617 643543 599267 584928 151547 383903 438625 683545 800008 466466 693821 249527 623549 248332 598988 669592 299657 177896 333355 602839 523124 481196 892755 580648 854657 267259 416175 404677 722279 661728 120655 258073 81976 446624 999756 808545 386023 379729 529950 114929 765946 668919 153244 874541 236802 769119 291674 1030455 407220 285052 568921
193276 401981 313990 789109 310809 622646 853715 1058975 1090568 863532 585777 792641 858168 318311 829713 717602 782902 865000 617414 672786 822085 354740 537115 518783 41667 959628 892571 147408 664483 948997 1096435 763302 363158 556020 885430 775619 811260 558714 703598 152792 1140261 635850 808732 622880 728823 930120 999999999 947910 550267 710931 573971 341990 506735 837510 929731 793686 576288 231080 527966 317721 1178107 825187 740287 574654 818755 890176 765976 699826 353068 906143 672021 79961 637615 141354 744389 563402 758105 382199 824664 981816 804889 849862 483541 78710 249342 655844 724816 921367 1032757 171009 740549 1064375 187019 773229 194564 775922 101119 796058 650802 771899
761605 816243 651592 851753 638927 584710 664430 280214 142662 146098 383561 704210 312409 646805 583257 615198 756376 658402 500502 275262 237222 674532 415846 817503 912086 130689 193308 867550 627291 407140 149833 561564 728132 740916 675924 187378 851600 551195 248095 896675 193380 511509 401983 326131 568040 150546 947910 999999999 446611 238133 569961 639948 675555 112345 240773 574552 607563 851265 438678 752658 302390 760364 359803 528547 549982 446888 273764 446101 600814 668629 598831 899521 496608 853518 212337 393311 303557 684588 541015 265223 391977 159729 475330 1022331 863737 492835 503077 391562 226037 794503 562162 144451 921537 359357 807989 206375 1045191 294341 304728 456330
357249 591912 329453 828753 284012 222299 438488 651602 582326 329975 73112 730237 517957 232009 375449 312836 760241 442846 447654 215975 435154 411233 104981 656227 522318 422841 479662 441468 592542 644076 582939 611714 281522 614702 767503 259258 840685 144286 209366 466500 636197 474259 534514 198723 288134 492536 550267 446611 999999999 251683 174742 345311 525884 353943 379920 641774 214235 538591 59779 479689 730592 787384 441539 131428 349151 625842 399081 474001 206131 775339 575375 486594 157439 431583 236102 94996 207842 237993 349420 590747 524472 414993 231201 628843 559850 475002 540198 383989 607464 433493 293450 585277 588648 473229 469835 245821 637593 245861 241334 262012
527135 598142 413873 710248 401129 447549 607252 400536 380534 197629 178876 580908 279141 417433 528838 513144 624132 606360 321077 40045 188692 443561 188742 618117 674580 283558 227982 637395 468547 406644 387817 442397 521918 550571 588230 106775 715928 386537 58000 667889 429412 340815 320716 88152 473652 243617 710931 238133 251683 999999999 413263 403937 473408 126641 318101 466360 453912 616782 222854 522308 488807 640286 235920 367863 495541 403688 165655 301663 368387 589746 443357 665220 361856 622084 80455 172647 230749 478664 490387 339212 309529 163961 238278 784742 630597 329535 371010 417739 358130 556371 473063 356852 685455 258763 570667 136392 809022 254248 71808 389854
398063 716555 441938 990010 385709 57674 300449 804906 692056 432220 243121 899404 687803 289902 259523 161321 926522 308692 617812 381866 601243 538541 277819 796128 556942 510775 638336 437500 758969 814840 688168 784700 223947 765187 940682 390070 1003377 31554 362323 451869 746624 644731 708706 371784 158157 643543 573971 569961 174742 413263 999999999 468787 676449 495652 431281 815162 40669 628586 229976 595167 868123 955588 615846 45433 245374 799561 569482 648196 297269 949098 743612 498008 82847 436008 376627 269704 275236 193835 250859 750053 698541 571190 392454 650579 652675 646949 713702 368840 757216 503902 168864 714041 662108 647101 551804 364473 642975 300436 413684 207666
213390 249037 39830 555675 94561 526408 766319 719821 780671 585709 339270 507277 516438 207127 712776 629448 515448 773077 282089 371156 485419 69867 274452 330130 300937 679627 557786 332955 364217 608278 789636 443259 375317 313683 583512 490659 573332 439947 414603 366767 826469 303689 468210 318937 617208 599267 341990 639948 345311 403937 468787 999999999 231274 527621 681046 475449 494760 213684 294205 134805 843680 553190 398335 442290 689537 552406 428626 360877 175591 600728 362729 325772 491446 311627 457708 303353 526320 353898 691037 641951 463873 521852 165987 405008 229572 321297 393987 721090 696597 171451 625126 741550 281644 431247 170089 502430 442901 564654 335231 607202
433334 160955 270091 324610 325450 732763 963499 660013 801787 671010 493001 288317 447288 437151 901135 832462 287937 968377 182280 456371 461306 172939 429698 144712 466276 753341 533236 543438 159084 495441 815735 267537 606294 88994 378704 578673 342062 645713 509508 575616 837358 182573 365117 413131 812789 584928 506735 675555 525884 473408 676449 231274 999999999 572045 788689 294801 707275 290561 466944 189081 799787 327784 338793 643216 873934 423594 409941 261342 399550 399627 171309 518660 682481 521686 548389 453570 663478 583178 873408 582508 366442 525143 296318 546891 284607 205973 250919 864620 654020 350188 818810 738105 364239 359189 312779 602799 598818 698000 404058 780018
652889 708270 539371 771428 527762 519232 636779 312156 254139 134461 285699 629726 262545 540777 555317 566014 678905 633045 402502 164989 170462 562982 309953 715538 801220 188222 163542 761386 538241 379097 262144 486429 633410 641673 615741 107620 773596 473116 146125 791284 302779 416547 336915 214790 521364 151547 837510 112345 353943 126641 495652 527621 572045 999999999 262810 504064 535192 739147 337572 641307 376818 687824 275793 451752 521239 400418 187852 358551 493117 612095 510589 790968 430218 746631 119781 289710 253829 589779 513820 268358 325903 99629 363022 911383 751859 399991 421633 396222 262407 682664 517754 234232 809228 284062 695671 140243 935421 259197 192392 419085
736485 902558 678457 1023373 645907 424207 440567 520652 302647 129675 349838 886911 524108 611469 362428 421581 933811 432518 638597 332360 433246 734221 409699 933042 900619 117036 415381 819433 784007 634823 291224 744478 635609 867937 878009 211341 1027422 424275 279570 842677 352623 657269 599320 378080 373611 383903 929731 240773 379920 318101 431281 681046 788689 262810 999999999 764050 460434 891818 405362 811618 521982 945710 532363 401191 331613 662243 446317 610026 580110 874783 757830 866420 348556 810610 240427 380675 172798 595540 321327 503137 588222 359605 521872 1008158 909771 644299 676692 152478 466498 803056 364542 363934 951365 544597 831827 186061 1017454 136994 384923 257573
688650 445564 514053 283788 555572 864021 1060978 444815 664656 634397 581571 130990 267692 652053 986205 949613 185968 1061955 206223 474386 338862 441436 537428 370184 752361 688747 386575 808154 139150 243700 683108 32657 817168 288316 125848 564356 280123 783883 521926 841830 684023 179796 172836 458386 917357 438625 793686 574552 641774 466360 815162 475449 294801 504064 764050 999999999 853094 584925 585189 479711 587530 185822 232896 773066 954078 166921 317735 169840 601975 134548 123549 794950 791379 786692 544888 548456 696459 783944 950141 379771 182602 417213 435813 839185 579403 171053 101597 881693 459806 628557 919482 579015 659036 220003 599377 598819 889073 720500 424232 849480
