NAME : synthetic_000477
TYPE : CTSP-D
DIMENSION : 100
GROUPS : 8
RELAXATION_LEVEL : 1
EDGE_WEIGHT_TYPE : EXPLICIT
EDGE_WEIGHT_FORMAT : FULL_MATRIX
EDGE_WEIGHT_SECTION
999999999 389516 359823 286446 712570 478080 423370 387149 309311 478132 181210 606452 416196 438447 317786 475593 468049 793447 319256 543452 259715 564893 440362 316423 237285 344641 263331 472506 796203 344665 129254 423762 11842 675840 662241 261473 512792 585668 583999 292969 616157 282354 764642 314329 385950 726613 298566 479655 500172 223268 335761 599312 348291 452350 318131 416595 456823 625723 301820 422140 305236 299651 396747 339225 477195 397053 693584 314812 288021 289766 329729 375041 352086 320889 748707 353041 651554 545651 205460 622423 306384 552110 611202 508406 405283 563402 294643 688479 526994 331472 441559 607394 537926 195124 148254 375514 407867 545997 629170 368805
389516 999999999 679590 142288 582797 673120 418583 383418 476906 568933 553255 377008 804382 814923 457451 843893 172550 749937 140690 803806 632777 569296 425776 593888 207579 610974 612681 218251 754313 455136 484236 709865 379287 371554 543652 143079 126057 606041 386101 643422 598022 116309 392866 702420 82422 757759 491358 114496 192547 612784 724289 305722 452938 691635 146225 417771 537019 243738 619830 491831 516085 688410 669889 683369 698919 703821 550933 534079 530058 671325 412587 560164 385074 507501 716695 307140 370961 473182 559165 372376 690258 753302 237497 160648 353730 652810 166115 808790 730122 101533 137513 484140 669094 582058 242163 654547 624439 305257 998674 415427
359823 679590 999999999 541160 712135 238094 442811 434131 259624 807373 375091 721896 290968 216846 290123 209200 678523 693546 656068 205866 390604 492816 796201 573092 585596 108898 107100 654758 694170 685781 230593 86697 362130 836233 666632 536691 783080 488772 681608 461008 544506 600050 985488 248213 705859 572195 618523 788665 707214 275058 260827 767750 690471 167136 553275 771867 367230 875896 518766 369137 614126 255618 94795 59276 203053 42674 709877 616127 583061 366146 349310 680593 707715 232746 648781 465661 796683 554062 158688 749788 358759 273368 850687 827167 479254 404904 527202 456332 254753 589017 667754 634573 344871 239944 476473 81479 185553 690066 346368 384861
286446 142288 541160 999999999 517520 532746 299312 260438 335237 591138 464489 351519 688453 688571 316860 713647 183255 658865 193665 661537 544287 457467 473965 548812 200304 469227 480733 197492 662847 460427 359172 568309 274917 396577 471981 35912 243643 491724 342889 568300 493817 121743 479675 587434 194347 645742 470404 256282 215102 504239 609916 320649 460123 549463 38050 459267 406950 347063 559251 361417 490821 575033 528018 548769 557299 563722 489797 507193 494446 576196 275522 547737 410186 365567 621039 185899 378621 379604 429979 359525 592723 613312 328602 300715 241408 525278 33126 679437 589777 48955 155186 411168 535304 467478 158766 513019 482540 282280 867633 284258
712570 582797 712135 517520 999999999 516637 296873 327846 472585 1107757 880952 229746 982248 927034 445562 920440 417632 205598 699864 673923 949063 227718 989290 1024938 717645 603329 733229 366462 210490 974628 693143 669700 701855 339372 50494 552358 561440 247764 202128 998008 187693 634453 538102 903215 664756 304926 972253 663470 410806 860624 924005 338057 974845 588777 482492 975793 345574 548388 1014287 345541 988754 899732 632470 758878 564807 701345 34663 1003099 983755 959803 402217 1051979 927702 489884 197414 363677 296737 170363 717360 253578 967241 555084 513102 709793 307866 356029 486748 459204 548383 513678 448618 107769 421378 811070 650728 635835 535763 288795 1042300 358912
478080 673120 238094 532746 516637 999999999 308594 322218 199934 955979 564527 587150 528875 447964 215886 426775 611637 463484 698938 162399 600667 288919 907948 758437 651845 155315 313325 572487 463587 822573 371402 167327 474447 716662 477659 544074 747581 273528 541560 668071 333609 629747 894663 481106 724195 335293 773003 787596 633654 486285 495952 660437 826053 77259 528174 885568 187145 815391 715462 215597 775654 485852 143377 296573 48213 209976 522434 782107 751455 586329 263502 845467 821870 173092 420329 385618 671475 383046 336273 618858 583075 81016 784172 833159 368592 174719 507006 225961 57032 571971 613684 461150 109472 441173 538708 158317 71563 577287 531056 274539
423370 418583 442811 299312 296873 308594 999999999 40796 186019 855272 585894 284600 694358 649409 156275 651029 315624 377645 492196 467708 652608 159801 759802 739346 480469 336371 445291 270557 380968 717979 396284 421674 413375 409901 246664 326038 463642 192627 241445 703094 202511 419255 586343 610538 488042 346751 701083 527589 333206 564098 631906 351856 719304 360211 277389 742146 130597 515418 723122 93185 714363 605965 379643 481454 349903 442228 284325 727087 704488 662945 105986 781060 685952 210224 335314 113651 365934 126511 423739 314915 670572 377961 482471 576075 67551 236881 266605 393303 359945 321190 325603 200656 265611 514721 389568 376309 293150 268756 786971 62941
387149 383418 434131 260438 327846 322218 40796 999999999 174514 814749 553113 287797 674865 635308 144010 640265 291665 417847 452689 477225 621639 200404 719062 702387 439756 330690 427185 250417 421230 677545 367948 421007 376871 406447 277357 286264 435416 232564 247882 670192 243204 379626 574383 588001 450889 386638 661674 493994 312063 536846 609769 343398 678825 366786 240244 701367 156364 494310 688000 113249 675343 582458 378286 468757 360357 437456 312374 688295 666175 634125 85973 741699 645162 202456 375810 76363 364629 158800 401222 316154 642718 395688 462468 542198 47510 269511 228026 425770 376014 284581 298039 226782 291585 488021 348991 372638 297827 261705 780154 50917
309311 476906 259624 335237 472585 199934 186019 174514 999999999 782238 439706 462274 510517 463404 30506 466198 436096 503362 499225 329246 496214 277130 719083 616789 455170 157887 261140 405207 505400 645587 237869 252801 302749 578267 423986 344710 560162 289151 422179 554686 331351 429815 736090 430942 524928 420233 607386 591297 462104 396015 451530 511767 648389 216093 334259 697679 154342 639136 587152 131662 614543 428135 209879 295631 222065 264515 464806 623861 596170 498238 90189 684344 635202 31897 457370 212557 537790 305689 246472 490305 502673 280947 610618 635927 219855 254170 311445 384313 256598 376781 431894 384206 232127 345995 343533 201293 147707 432332 605764 125750
478132 568933 807373 591138 1107757 955979 855272 814749 782238 999999999 443843 933166 712111 790605 785606 843288 735256 1232330 429127 1007194 469856 1011768 162842 273267 390978 817003 700539 771356 1235806 137910 591482 884201 482515 940420 1061070 555794 667581 1038908 931202 414411 1057682 480994 926449 640841 495653 1188109 188870 562187 759427 557793 650447 873823 136119 925796 627527 159153 920152 775692 343737 880228 196136 623325 864074 768339 952815 849020 1080726 198854 232034 518857 782481 140528 184654 797107 1190557 754589 938685 959877 650553 934312 540429 1028743 784308 547292 813867 1033413 621161 1165210 1003809 603088 699258 1000601 1013685 575358 465782 842242 885373 861010 971991 813926
181210 553255 375091 464489 880952 564527 585894 553113 439706 443843 999999999 786790 293029 353603 457071 403728 647329 941744 456485 580434 80089 713378 470433 198314 368028 411284 269021 653490 943991 339488 202673 458133 193051 856719 830460 436750 679027 728409 762954 117202 766799 439040 938410 204374 533356 857139 258260 629418 679351 114300 218767 780187 345179 516566 497689 445796 594021 795093 151137 566827 247711 186471 446759 329487 548632 417730 864388 246347 212815 120030 484372 309760 387730 440256 895967 528373 832761 711470 230014 803334 141081 625780 783454 650132 577113 686194 474927 788817 602561 507372 619504 778198 647097 135521 313888 425254 493637 727084 542831 526573
606452 377008 721896 351519 229746 587150 284600 287797 462274 933166 786790 999999999 952209 920123 431781 927310 204591 428542 508133 748758 863063 340258 799609 896677 545114 618105 708810 162050 433410 807579 628847 705992 594704 134301 207787 387193 335794 376729 46723 899250 334989 452243 331583 859850 459058 493568 821893 443092 189863 796104 882279 109289 806695 643790 313472 789362 400549 319521 900380 373767 842298 852016 663724 755139 631036 724721 195100 858570 844960 885202 372857 898892 748890 490067 409412 270038 86909 217963 676092 32763 897508 649057 283980 487474 243083 471793 327860 612713 634249 330832 239564 166686 522358 750293 506023 659386 577546 72413 1067946 337665
416196 804382 290968 688453 982248 528875 694358 674865 510517 712111 293029 952209 999999999 105095 538924 158203 859321 981944 730580 459857 243589 772781 760603 440310 644072 390484 249389 850471 982789 625516 332405 367518 425785 1048960 934180 669700 925514 773161 917900 299207 826083 698511 1166267 101975 801189 863111 538776 895589 890978 196032 80527 974590 631496 455838 713698 736219 644682 1034917 370537 637182 522167 116768 385506 233758 491532 321165 975307 515341 483707 193455 590090 571739 679855 492438 936680 682483 1015874 816202 276127 975796 171682 556197 1017015 922717 713588 694768 687633 742553 540581 736564 838645 894310 635764 222376 564406 372040 474721 906352 260354 631818
438447 814923 216846 688571 927034 447964 649409 635308 463404 790605 353603 920123 105095 999999999 493393 55406 848792 908791 757696 361902 322145 709476 823226 523647 674760 324424 213869 833554 909249 693007 330807 281584 446118 1025936 880684 674757 930961 705555 882582 385646 761328 716663 1158143 150137 822291 783129 609949 913860 879545 241899 140691 953813 698733 372040 709269 798493 583235 1034884 455959 582224 596398 167912 306837 168560 406764 238097 923347 591870 559023 276376 549337 651640 738864 440575 864401 654232 989600 765879 258979 945983 257519 465823 1013897 945359 677612 619375 682709 652776 452501 737490 831926 845780 556986 247587 582697 297316 401686 880730 192719 588619
317786 457451 290123 316860 445562 215886 156275 144010 30506 785606 457071 431781 538924 493393 999999999 496632 409348 484673 487274 353144 516369 256614 716400 629453 448008 187799 289582 377058 486926 648287 257123 281532 310319 548171 396554 328946 536604 271803 391684 573029 310431 416578 707518 457667 508785 408862 614024 571946 434731 419054 478550 482110 650826 239894 313165 695556 139427 612902 602685 109947 622445 454253 238565 325841 242629 294552 436810 632497 605733 520590 60173 691913 633880 59989 438908 184296 507497 277557 272004 459865 525913 296513 583856 617322 189476 247841 291395 385849 272918 356539 406492 355404 233998 369061 338438 230815 170397 402335 636226 95394
475593 843893 209200 713647 920440 426775 651029 640265 466198 843288 403728 927310 158203 55406 496632 999999999 867697 890119 793919 324719 376034 698822 871651 577677 712839 317935 233131 849322 890293 743125 360694 259596 482421 1037581 875402 702193 957085 691945 888146 440386 749327 749472 1176974 202498 855751 759856 661237 945729 897834 290453 194892 966953 748767 349646 732050 846870 574986 1058044 510432 578300 648448 219964 290763 172833 382837 220847 918819 644445 611413 331057 554603 704817 786415 440819 846550 665368 999654 763261 284737 954303 312550 435801 1035661 978954 684227 600711 705465 621888 424840 762580 852796 843770 536236 290310 616590 284961 387758 891658 154933 591937
468049 172550 678523 183255 417632 611637 315624 291665 436096 735256 647329 204591 859321 848792 409348 867697 999999999 597311 306918 761032 726948 443636 596957 726778 354277 589804 635877 53377 601920 614513 526960 687707 456359 215845 382508 214138 154437 482202 216983 751507 461679 258101 309422 759946 254473 626053 638575 246327 32154 681408 782638 142060 613049 648230 149922 587756 445628 204067 740913 404445 661115 748768 645062 696963 646666 693267 384560 678327 668895 757574 352293 712542 550605 467912 568465 226828 204960 331772 590811 200361 773410 686872 174534 293521 248724 549911 174155 705126 666556 145771 36013 325642 581064 641699 340595 634314 578380 133364 1018594 337211
793447 749937 693546 658865 205598 463484 377645 417847 503362 1232330 941744 428542 981944 908791 484673 890119 597311 999999999 850946 597190 999546 229029 1130740 1109469 851993 591584 743438 544075 4903 1095311 741035 630524 784339 544602 221095 690431 748360 214617 393511 1057569 177388 780442 743697 918691 829152 148244 1078056 842362 596527 896964 936933 537829 1096522 540734 628827 1114406 349807 747808 1086528 375019 1090572 919225 601975 748603 508816 671216 238701 1102755 1078959 999853 463721 1157907 1060358 508333 46105 479720 501109 279671 743587 455303 1002690 471940 712124 890282 420723 289592 625953 322082 474617 667007 623986 272493 354203 847189 766573 612163 508043 478410 989310 425519
319256 140690 656068 193665 699864 698938 492196 452689 499225 429127 456485 508133 730580 757696 487274 793919 306918 850946 999999999 809274 532865 650938 291814 465844 88476 607559 572632 346240 855019 314764 436742 702172 311730 511972 656892 166638 253211 684807 511152 532289 687413 73203 522858 629777 81717 838915 355811 175759 330357 534661 650204 444695 312436 702017 222131 281259 593597 370281 499542 548365 381502 613974 666241 647624 716135 686933 669914 399742 399104 576515 456323 421626 244793 526168 813900 379228 509590 571288 515355 506946 597330 779863 370478 193732 435062 712814 226774 864452 755223 186369 270919 596135 716446 513056 180101 647942 640324 435721 948028 471849
543452 803806 205866 661537 673923 162399 467708 477225 329246 1007194 580434 748758 459857 361902 353144 324719 761032 597190 809274 999999999 595550 446990 983801 778641 750073 203153 311471 725285 596430 881473 418491 123190 543215 877232 637037 666870 889327 427175 703414 666116 487807 744879 1051584 443106 845728 455718 818854 917685 785030 480513 451413 819034 885810 113277 663042 960043 349442 965029 724610 375638 816122 453370 147021 258214 117872 163251 681777 819075 786316 568359 408755 883608 895534 297698 557581 534315 832500 545303 357063 780249 558923 125260 935130 960982 524469 321073 639595 301961 126158 704855 759512 622966 253792 445642 636498 167969 182863 736199 395345 427512
259715 632777 390604 544287 949063 600667 652608 621639 496214 469856 80089 863063 243589 322145 516369 376034 726948 999546 532865 595550 999999999 772771 519875 201654 444437 445380 291037 732205 1001540 383076 259298 476813 271538 935553 898643 516780 758655 785136 837939 70641 826745 518130 1018484 174553 610828 907348 295478 706884 759003 116059 181460 859026 389133 545159 577186 495820 649973 874940 135722 626223 278583 158057 472453 337780 579127 432765 933891 272078 240176 51121 548952 330073 442160 492756 953526 601599 910858 778913 265659 880387 74019 655148 863489 726093 648266 734865 554147 826591 633275 587395 699372 847958 690711 159582 393928 451929 531645 804537 502423 591841
564893 569296 492816 457467 227718 288919 159801 200404 277130 1011768 713378 340258 772781 709476 256614 698822 443636 229029 650938 446990 772771 999999999 919381 880641 640132 385307 527492 392326 231588 874073 513655 444291 555970 474479 190295 485292 597543 38732 293961 829574 54317 578238 670179 701858 642470 188885 852370 673845 453579 672924 721278 436477 875655 361543 433058 901514 128278 629018 857578 146669 863967 700801 408669 543250 337093 478296 234940 875700 851249 775322 235306 931937 844731 285816 183880 271716 426969 123080 521501 372935 779395 330725 593879 722642 217226 136109 424480 273043 322173 475571 461455 185671 196891 622933 546943 413996 311476 357578 816150 198858
440362 425776 796201 473965 989290 907948 759802 719062 719083 162842 470433 799609 760603 823226 716400 871651 596957 1130740 291814 983801 519875 919381 999999999 354209 279398 783902 693527 637906 1134567 139526 567291 863848 440766 794039 945007 440913 514030 950072 802876 481299 960988 354855 767487 674750 347404 1103009 229253 404889 618315 581500 688974 731107 133303 890333 507340 24804 842285 618206 418500 799298 252390 656857 837009 767210 912893 835206 960094 265895 289950 570993 701741 238779 88516 739252 1091375 651585 796448 852659 637935 797317 593887 985495 629063 386626 710205 959955 506247 1102182 960198 476125 561141 884129 950084 585302 378992 815845 840435 727226 1013259 727164
316423 593888 573092 548812 1024938 758437 739346 702387 616789 273267 198314 896677 440310 523647 629453 577677 726778 1109469 465844 778641 201654 880641 354209 999999999 386500 607115 467305 746301 1112153 215809 388856 656441 326074 942599 974942 514680 716286 900124 881115 141418 932306 479688 985979 375999 547445 1037009 129110 638470 756971 303788 382969 867784 221955 713613 586333 332773 768820 834498 70470 736515 103064 359189 644609 525858 745002 615759 1004081 88330 70393 248229 645835 132960 293913 622437 1064521 661882 927235 860174 427133 907350 268974 822264 831224 644679 717109 869256 569325 980658 798662 581029 693812 918408 835393 333166 391047 623003 687040 829807 700631 685221
237285 207579 585596 200304 717645 651845 480469 439756 455170 390978 368028 545114 644072 674760 448008 712839 354277 851993 88476 750073 444437 640132 279398 386500 999999999 546968 496692 384624 855761 262466 360303 638045 230988 567795 671664 165294 330106 671221 540856 445217 681608 96692 599538 543798 167497 824559 285973 263145 381869 448041 563877 496087 261648 646667 236551 262427 567190 448483 415410 523270 309833 527710 604522 572401 664112 618895 690096 327608 322535 488055 426779 358399 210256 479150 812242 372439 559161 574925 438837 548848 508915 731928 444738 282120 431277 685933 230981 832507 706838 214350 319068 610955 681546 428541 113961 585112 588934 473611 866148 449583
344641 610974 108898 469227 603329 155315 336371 330690 157887 817003 411284 618105 390484 324424 187799 317935 589804 591584 607559 203153 445380 385307 783902 607115 546968 999999999 159253 561544 592499 687248 225807 99339 343337 735959 557736 470766 705397 383229 576726 513008 437646 544768 892794 331300 647445 477389 630749 723501 616972 331015 347916 669643 691235 108821 475601 760470 258824 791059 561744 260387 631072 334403 59169 158218 138052 106807 600987 636165 604578 431476 247937 700253 696019 128290 546233 369527 695058 445436 181750 646823 428924 215305 763851 765166 376956 306151 450638 381275 191547 514944 582678 526030 251822 285944 433499 44595 88351 590129 450612 280448
263331 612681 107100 480733 733229 313325 445291 427185 261140 700539 269021 708810 249389 213869 289582 233131 635877 743438 572632 311471 291037 527492 693527 467305 496692 159253 999999999 619748 744695 580165 136397 189171 267415 812411 684954 470278 724302 531043 672606 360472 581395 522697 945298 175255 629313 634995 511670 716935 666385 175118 193937 740027 584970 254258 498939 669015 399256 824942 415018 388795 507047 176444 181428 75933 288597 149385 725944 509036 475989 273196 341769 573509 605227 243939 697586 441253 776624 566817 57986 733909 269825 364208 802780 752205 467559 462653 472351 538806 342646 529637 620109 644987 410730 135027 392806 160939 247563 667516 386911 382973
472506 218251 654758 197492 366462 572487 270557 250417 405207 771356 653490 162050 850471 833554 377058 849322 53377 544075 346240 725285 732205 392326 637906 746301 384624 561544 619748 999999999 548673 646871 518718 657982 460677 203401 330120 231929 207268 430992 167861 761410 408969 290682 331297 752812 300672 573507 664866 298911 62808 678714 775538 126930 645816 613280 160197 627404 401143 244869 755707 361559 686257 742647 615079 677205 609478 666669 333861 702991 691334 759825 318183 740712 586970 436640 515090 192767 181387 278917 577937 164296 774467 645916 212259 346430 205186 501996 179754 656353 626426 170483 82170 272704 536005 636680 355917 605718 543528 89701 998127 298370
796203 754313 694170 662847 210490 463587 380968 421230 505400 1235806 943991 433410 982789 909249 486926 890293 601920 4903 855019 596430 1001540 231588 1134567 1112153 855761 592499 744695 548673 999999999 1098740 743136 630709 787133 549504 225938 694340 753044 216473 398322 1059736 180295 784448 748590 919940 833462 146298 1081190 846910 601220 898700 938112 542697 1099970 540821 632911 1118182 351687 752662 1088958 377359 1093621 920565 602416 749372 508751 671580 243603 1105756 1081875 1001615 466475 1161021 1064030 510089 48040 483438 506011 283774 745209 460191 1004348 471200 716974 894848 424484 289937 629919 320004 474135 671186 628526 277193 354236 848951 770034 612759 508708 483179 988862 428457
344665 455136 685781 460427 974628 822573 717979 677545 645587 137910 339488 807579 625516 693007 648287 743125 614513 1095311 314764 881473 383076 874073 139526 215809 262466 687248 580165 646871 1098740 999999999 463296 759198 348148 824992 927309 424667 564538 901048 802733 342031 920279 356771 831169 543318 389595 1050206 89766 468582 640680 452890 556205 755388 6223 795715 497618 117198 782379 678403 279035 742341 113189 525427 736520 651157 821506 726501 948406 127646 150435 434139 644575 115632 85394 661286 1053293 618630 819356 824158 527353 810956 456916 896721 682400 463603 677836 896006 489259 1029208 871629 476783 578811 867129 877397 462470 328831 714831 752523 736018 880952 676089
129254 484236 230593 359172 693143 371402 396284 367948 237869 591482 202673 628847 332405 330807 257123 360694 526960 741035 436742 418491 259298 513655 567291 388856 360303 225807 136397 518718 743136 463296 999999999 297033 132062 718789 642944 344054 600482 527006 598269 316841 567547 389050 834484 234119 495521 654486 404942 585035 558583 169265 256840 643720 467529 334616 382346 543189 392155 706203 352254 367032 405608 224470 273241 212123 362868 268274 679809 411263 380230 266661 291258 475058 478790 237589 695097 359627 687562 522785 78680 650248 274770 439669 686729 618679 399392 483827 356054 591933 415184 407908 506860 594631 446869 121670 257374 251536 299841 578280 515622 334467
423762 709865 86697 568309 669700 167327 421674 421007 252801 884201 458133 705992 367518 281584 281532 259596 687707 630524 702172 123190 476813 444291 863848 656441 638045 99339 189171 657982 630709 759198 297033 999999999 424281 827453 626991 569114 804709 434520 663110 547080 493052 641095 988878 333518 744706 501807 695765 822055 714384 361008 344932 763067 763617 90587 574940 839884 325625 889600 603726 337649 692933 341648 42966 144199 125214 47198 671289 695908 663179 452843 341437 760441 775415 221599 586995 465357 785330 521045 233891 735704 445325 189553 862002 863262 468132 341145 549961 375138 173072 614204 681367 601614 276790 323982 525638 55320 134286 682368 372737 370134
11842 379287 362130 274917 701855 474447 413375 376871 302749 482515 193051 594704 425785 446118 310319 482421 456359 784339 311730 543215 271538 555970 440766 326074 230988 343337 267415 460677 787133 348148 132062 424281 999999999 664016 651558 250259 502216 577203 572383 304653 606995 273071 753359 323847 377233 718970 304652 470535 488488 233612 345434 587488 351607 450536 306438 417205 449065 614826 312738 413800 312178 309399 396312 343347 474720 398700 682669 322219 296034 301358 320696 381792 352726 315289 739712 341848 639712 535238 209436 610618 317832 549190 600072 499920 394408 556620 282882 683226 524015 320135 429990 596508 532301 204179 138693 375250 404614 534173 636330 359362
675840 371554 836233 396577 339372 716662 409901 406447 578267 940420 856719 134301 1048960 1025936 548171 1037581 215845 544602 511972 877232 935553 474479 794039 942599 567795 735959 812411 203401 549504 824992 718789 827453 664016 999999999 329377 429029 288347 510735 180900 963806 467355 471121 200953 952746 446741 622791 853233 403307 186308 880979 975438 76533 823117 770036 360769 787751 531269 228087 955724 501610 876187 943213 784713 864748 759360 842722 305901 893538 884608 963144 488088 926084 756614 607791 531125 372240 47542 352259 774211 101565 977624 780865 197175 440095 359401 605980 382149 746663 765263 361570 249564 297224 655656 838066 555131 778601 702382 146171 1182419 457335
662241 543652 666632 471981 50494 477659 246664 277357 423986 1061070 830460 207787 934180 880684 396554 875402 382508 221095 656892 637037 898643 190295 945007 974942 671664 557736 684954 330120 225938 927309 642944 626991 651558 329377 999999999 506424 530428 215557 172754 947514 158337 590233 530232 854188 625041 296690 923482 628825 378689 810625 875104 317001 927643 548063 437695 930998 301618 526754 963919 298521 939696 850473 588899 712295 525614 657251 44779 953903 934258 909603 352214 1003300 881890 442163 202359 314172 283963 120212 668062 235628 917180 520800 491050 675928 257836 323604 440694 439076 512458 470523 411813 60878 386840 761134 602304 591387 492749 258542 999720 308908
261473 143079 536691 35912 552358 544074 326038 286264 344710 555794 436750 387193 669700 674757 328946 702193 214138 690431 166638 666870 516780 485292 440913 514680 165294 470766 470278 231929 694340 424667 344054 569114 250259 429029 506424 999999999 256593 518649 378800 538157 523384 93453 503207 568123 180219 672774 434700 253042 245473 482301 590405 353546 424413 555949 73799 425629 427909 365633 526848 382520 455296 555060 529885 540452 565978 561556 524959 471762 459465 550417 292581 511900 375470 373926 651905 213803 412563 411798 417544 394717 567633 625003 349878 294499 271041 546942 65746 699639 600984 70628 183766 445687 553248 447697 126474 513826 490538 317628 856780 305704
512792 126057 783080 243643 561440 747581 463642 435416 560162 667581 679027 335794 925514 930961 536604 957085 154437 748360 253211 889327 758655 597543 514030 716286 330106 705397 724302 207268 753044 564538 600482 804709 502216 288347 530428 256593 999999999 636008 359448 769342 616099 242096 269949 823719 174959 780489 608999 114974 151881 735781 845837 239431 561630 776076 230241 510576 591582 118420 744586 548546 634571 810215 763199 792307 778734 803661 527341 652774 650968 796741 484217 674045 488179 591868 721076 363853 302029 486134 672963 320735 815429 825423 117861 153838 396093 700013 255991 856020 803785 194876 138067 475886 726982 703209 366744 749804 706916 272731 1111213 476674
585668 606041 488772 491724 247764 273528 192627 232564 289151 1038908 728409 376729 773161 705555 271803 691945 482202 214617 684807 427175 785136 38732 950072 900124 671221 383229 531043 430992 216473 901048 527006 434520 577203 510735 215557 518649 636008 999999999 330703 843774 60633 611882 707353 706174 678383 154126 876463 711374 492297 682395 724929 474292 902817 348682 468402 931767 135215 667672 874486 163639 887180 706094 401189 541395 321599 471114 259350 898407 873142 785256 258095 955685 874155 293761 168524 305834 463195 160726 529256 409302 788239 307332 632503 760160 252953 108429 458881 235988 301219 511364 499698 218533 173800 632595 575438 408476 304442 395862 804066 225026
583999 386101 681608 342889 202128 541560 241445 247882 422179 931202 762954 46723 917900 882582 391684 888146 216983 393511 511152 703414 837939 293961 802876 881115 540856 576726 672606 167861 398322 802733 598269 663110 572383 180900 172754 378800 359448 330703 999999999 876895 290460 450929 376861 827188 468516 450813 811984 461823 208704 766646 849458 148313 802207 599273 305284 791322 354702 355453 881382 329082 831356 820008 621078 716540 585812 683073 168333 847152 831927 857984 333675 890049 747875 449136 371386 238723 133594 171404 642110 79463 869448 602740 319630 507841 205109 425107 316295 566674 588162 328468 249549 125061 475705 719935 492497 617406 533619 86718 1027130 296760
292969 643422 461008 568300 998008 668071 703094 670192 554686 414411 117202 899250 299207 385646 573029 440386 751507 1057569 532289 666116 70641 829574 481299 141418 445217 513008 360472 761410 1059736 342031 316841 547080 304653 963806 947514 538157 769342 843774 876895 999999999 883167 527247 1034108 241519 612679 969778 252335 707990 783217 186081 245673 887407 348237 614193 603181 458159 708993 887108 71332 682928 231388 225865 541862 408414 647840 503245 981189 221536 192686 109334 601459 273900 409863 553528 1011697 643952 941944 828623 331997 914618 128672 724175 878380 722685 693580 797899 581786 893781 702014 608429 721922 894964 755821 227244 412226 521137 598397 837794 559559 643732
616157 598022 544506 493817 187693 333609 202511 243204 331351 1057682 766799 334989 826083 761328 310431 749327 461679 177388 687413 487807 826745 54317 960988 932306 681608 437646 581395 408969 180295 920279 567547 493052 606995 467355 158337 523384 616099 60633 290460 883167 999999999 615400 666540 755919 673770 164734 901163 698800 468095 727211 775248 437553 921668 408208 466892 943771 182154 637792 910349 200523 913407 754975 458678 595794 381755 528526 201114 925485 901585 829575 286474 980935 888170 340088 133457 309905 419982 130158 575808 366922 833700 367684 602169 747519 252479 168402 460692 283085 361836 507898 482813 170572 234357 677216 592052 464973 361574 363015 863582 248162
282354 116309 600050 121743 634453 629747 419255 379626 429815 480994 439040 452243 698511 716663 416578 749472 258101 780442 73203 744879 518130 578238 354855 479688 96692 544768 522697 290682 784448 356771 389050 641095 273071 471121 590233 93453 242096 611882 450929 527247 615400 999999999 508810 596677 106617 766005 382546 197553 285299 504478 618038 399673 355506 636053 152829 341591 520625 360033 503806 475341 406140 581877 603810 596301 648684 628737 605448 423795 417458 557940 383886 454999 297060 457598 742769 306541 463061 500998 466675 454413 577420 710755 353170 229652 362926 639798 154830 791794 686320 122468 222675 529360 644312 477249 134483 586291 572879 380207 904315 398735
764642 392866 985488 479675 538102 894663 586343 574383 736090 926449 938410 331583 1166267 1158143 707518 1176974 309422 743697 522858 1051584 1018484 670179 767487 985979 599538 892794 945298 331297 748590 831169 834484 988878 753359 200953 530232 503207 269949 707353 376861 1034108 666540 508810 999999999 1065970 443191 823493 878637 364619 279161 983914 1088568 236342 827918 940924 452608 767501 713955 152917 1012608 679529 904353 1054056 945935 1005857 934457 997955 505306 922581 920902 1053450 648038 942353 752101 767331 731644 523541 247404 547133 899902 299668 1070829 963734 155790 381672 527119 798317 478635 943188 946233 433266 327649 497228 843676 946560 624611 936908 871574 319248 1327384 624435
314329 702420 248213 587434 903215 481106 610538 588001 430942 640841 204374 859850 101975 150137 457667 202498 759946 918691 629777 443106 174553 701858 674750 375999 543798 331300 175255 752812 919940 543318 234119 333518 323847 952746 854188 568123 823719 706174 827188 241519 755919 596677 1065970 999999999 699657 808647 459838 793865 791750 97073 22728 877801 549089 414378 613378 650086 573786 933533 310006 561086 446317 17905 340670 189404 450140 286588 894009 442020 409064 133361 504930 502338 591406 416808 872841 589821 920914 734813 186898 882368 118912 521579 916035 821442 624419 636892 587475 703484 502650 635353 738500 811191 582855 120510 462497 323274 419249 811476 338537 547608
385950 82422 705859 194347 664756 724195 488042 450889 524928 495653 533356 459058 801189 822291 508785 855751 254473 829152 81717 845728 610828 642470 347404 547445 167497 647445 629313 300672 833462 389595 495521 744706 377233 446741 625041 180219 174959 678383 468516 612679 673770 106617 443191 699657 999999999 831339 435868 96072 272837 606049 720663 384197 386725 735476 210711 341141 600681 290313 581083 555164 461898 684423 706602 702863 746091 733795 633070 480190 480414 653253 469712 499374 314173 554081 794917 374760 449566 551028 573255 453561 673602 805083 292817 123204 425441 718433 224522 873241 781134 167038 219771 565226 729650 581063 239595 689652 670566 387491 1010533 478037
726613 757759 572195 645742 304926 335293 346751 386638 420233 1188109 857139 493568 863111 783129 408862 759856 626053 148244 838915 455718 907348 188885 1103009 1037009 824559 477389 634995 573507 146298 1050206 654486 501807 718970 622791 296690 672774 780489 154126 450813 969778 164734 766005 823493 808647 831339 999999999 1021562 861016 632823 798733 825243 598967 1052209 411223 621883 1084371 269954 801686 1006254 307965 1030836 811258 478061 629665 377150 545258 330729 1041186 1014592 901558 405634 1100044 1026068 416902 119974 459845 576090 294870 643991 524508 901749 331252 765976 909804 406090 172931 612852 173898 337134 664455 646365 326890 227349 750094 726850 491099 389926 526597 850390 376206
298566 491358 618523 470404 972253 773003 701083 661674 607386 188870 258260 821893 538776 609949 614024 661237 638575 1078056 355811 818854 295478 852370 229253 129110 285973 630749 511670 664866 1081190 89766 404942 695765 304652 853233 923482 434700 608999 876463 811984 252335 901163 382546 878637 459838 435868 1021562 999999999 522759 667014 372550 471538 780634 95985 739553 508439 206582 751733 725943 189634 714411 27351 442038 676497 579713 767505 660219 948262 45384 61021 346340 618369 80068 164804 619441 1034615 610045 842773 814538 461965 828766 368964 843973 726001 524573 668237 861076 495701 986726 819246 495040 603900 864523 836460 387326 321957 654634 701858 752050 795909 653556
479655 114496 788665 256282 663470 787596 527589 493994 591297 562187 629418 443092 895589 913860 571946 945729 246327 842362 175759 917685 706884 673845 404889 638470 263145 723501 716935 298911 846910 468582 585035 822055 470535 403307 628825 253042 114974 711374 461823 707990 698800 197553 364619 793865 96072 861016 522759 999999999 253821 700912 815075 352121 465022 805734 260116 403556 648933 213567 674734 604017 549391 778868 782554 789278 813339 814395 630053 567723 570304 749299 526679 581655 388003 621794 811927 418184 415763 570947 661857 430948 769603 867732 224835 48800 461366 763430 280591 919761 844593 215758 218400 571596 781950 674690 332031 766748 738756 375917 1100654 528141
500172 192547 707214 215102 410806 633654 333206 312063 462104 759427 679351 189863 890978 879545 434731 897834 32154 596527 330357 785030 759003 453579 618315 756971 381869 616972 666385 62808 601220 640680 558583 714384 488488 186308 378689 245473 151881 492297 208704 783217 468095 285299 279161 791750 272837 632823 667014 253821 999999999 713483 814448 114726 639035 672586 182055 610023 463760 182401 771995 423820 689891 780652 671615 726722 669845 721078 377019 707231 698428 789718 376763 740265 574912 493801 569709 250943 179264 337958 621862 181115 805563 707748 150518 299268 267445 564710 206298 718858 687975 176386 63285 324037 598730 673641 371941 661388 602743 122277 1048287 359180
223268 612784 275058 504239 860624 486285 564098 536846 396015 557793 114300 796104 196032 241899 419054 290453 681408 896964 534661 480513 116059 672924 581500 303788 448041 331015 175118 678714 898700 452890 169265 361008 233612 880979 810625 482301 735781 682395 766646 186081 727211 504478 983914 97073 606049 798733 372550 700912 713483 999999999 116022 805094 458484 429357 532662 556744 547380 847751 244980 527571 361736 80127 356474 223775 463529 317419 848172 359674 326187 103056 458419 422370 496966 388636 850860 527928 851851 690414 154751 816488 106884 539321 831945 727123 568646 625833 507468 712228 517638 551113 657762 763315 578962 50026 371193 336056 418151 743144 433348 501726
335761 724289 260827 609916 924005 495952 631906 609769 451530 650447 218767 882279 80527 140691 478550 194892 782638 936933 650204 451413 181460 721278 688974 382969 563877 347916 193937 775538 938112 556205 256840 344932 345434 975438 875104 590405 845837 724929 849458 245673 775248 618038 1088568 22728 720663 825243 471538 815075 814448 116022 999999999 900511 562052 427746 635989 664389 593094 955883 315542 581248 457005 36253 354406 201598 463618 297779 915124 451909 419283 136368 526427 511172 606472 436722 891160 612243 943542 755890 208551 904889 118970 533883 938511 842224 646482 653948 610108 717022 515578 657779 761126 832536 598904 142710 483998 337732 435443 834094 324749 568998
599312 305722 767750 320649 338057 660437 351856 343398 511767 873823 780187 109289 974590 953813 482110 966953 142060 537829 444695 819034 859026 436477 731107 867784 496087 669643 740027 126930 542697 755388 643720 763067 587488 76533 317001 353546 239431 474292 148313 887407 437553 399673 236342 877801 384197 598967 780634 352121 114726 805094 900511 999999999 753756 709798 284540 723483 478129 210422 879900 444881 803155 868021 720153 794206 701414 776115 303404 820341 810619 886745 421956 854450 689399 542053 518225 302201 65369 313566 700529 85321 901326 728144 175047 393249 295895 562535 305680 709338 711122 287034 177022 273246 607337 762533 479353 712922 641142 83262 1113331 394174
348291 452938 690471 460123 974845 826053 719304 678825 648389 136119 345179 806695 631496 698733 650826 748767 613049 1096522 312436 885810 389133 875655 133303 221955 261648 691235 584970 645816 1099970 6223 467529 763617 351607 823117 927643 424413 561630 902817 802207 348237 921668 355506 827918 549089 386725 1052209 95985 465022 639035 458484 562052 753756 999999999 799643 497207 110997 784605 675204 285255 744402 119383 531196 740721 656129 825283 731116 948478 133759 156658 440204 646577 120375 80530 664320 1054612 619452 817825 824932 531985 809825 462990 900394 679485 459530 678686 898479 489166 1032157 875284 475867 577301 867400 880282 467741 329960 719051 756100 735048 886800 677822
452350 691635 167136 549463 588777 77259 360211 366786 216093 925796 516566 643790 455838 372040 239894 349646 648230 540734 702017 113277 545159 361543 890333 713613 646667 108821 254258 613280 540821 795715 334616 90587 450536 770036 548063 555949 776076 348682 599273 614193 408208 636053 940924 414378 735476 411223 739553 805734 672586 429357 427746 709798 799643 999999999 550154 867128 250134 852146 666005 270196 739712 420648 73948 226392 35921 134969 592723 744607 712857 526420 295959 808781 802777 184676 497575 421696 726114 447786 286611 674693 521228 109993 822486 849499 414241 251881 526934 289276 88752 592244 646328 527420 186625 387262 532712 93368 69857 627398 455403 316496
318131 146225 553275 38050 482492 528174 277389 240244 334259 627527 497689 313472 713698 709269 313165 732050 149922 628827 222131 663042 577186 433058 507340 586333 236551 475601 498939 160197 632911 497618 382346 574940 306438 360769 437695 73799 230241 468402 305284 603181 466892 152829 452608 613378 210711 621883 508439 260116 182055 532662 635989 284540 497207 550154 999999999 493378 391734 326007 595723 346373 528870 601589 533725 564635 555561 573423 454175 545232 532363 607670 266565 585699 445738 365482 592042 164052 341541 349162 450291 321602 623607 607999 304739 306857 215852 508567 26592 664030 585095 44920 125226 376818 523067 494170 195722 519905 481934 244297 885180 269636
416595 417771 771867 459267 975793 885568 742146 701367 697679 159153 445796 789362 736219 798493 695556 846870 587756 1114406 281259 960043 495820 901514 24804 332773 262427 760470 669015 627404 1118182 117198 543189 839884 417205 787751 930998 425629 510576 931767 791322 458159 943771 341591 767501 650086 341141 1084371 206582 403556 610023 556744 664389 723483 110997 867128 493378 999999999 822532 617123 396137 779833 230378 632196 813321 742608 889973 810980 947007 244466 267488 546929 682094 221036 64509 717427 1074644 634858 788731 836957 613528 788010 569838 962849 626615 388164 693700 939859 491215 1081184 937556 463589 551818 870133 929010 560506 359003 792109 817773 716950 988608 708288
