NAME : synthetic_000077
TYPE : CTSP-D
DIMENSION : 100
GROUPS : 8
RELAXATION_LEVEL : 1
EDGE_WEIGHT_TYPE : EXPLICIT
EDGE_WEIGHT_FORMAT : FULL_MATRIX
EDGE_WEIGHT_SECTION
999999999 634954 469707 121825 285820 526212 405240 383723 316933 481850 766368 350518 652153 412279 217235 720630 558140 511987 401819 270821 400818 94287 580470 587499 422222 714345 279689 419752 667259 266960 456116 157048 339933 422785 309337 574645 461561 533327 445690 395554 108083 473247 172131 377501 470412 231218 438310 618392 146487 564847 334639 513096 130977 323449 615813 465957 199580 387714 418107 460522 366772 331546 117523 155184 586328 626373 54848 166481 418452 439368 565936 381773 480446 99373 568064 170479 352148 546919 675212 492470 429054 293446 492793 348604 445916 509131 437732 532257 554017 558974 498195 418951 402540 541612 465719 245069 521708 385045 220747 442888
634954 999999999 229105 742553 898328 219516 240189 289879 949914 578498 225774 919820 653808 367868 487619 739178 298963 689556 384127 377601 977948 543235 110534 201033 638314 203618 720147 261128 726536 546831 922485 719442 539074 270113 917235 370628 380726 540368 837915 688116 590458 767294 784852 761994 942034 616443 919573 529100 773678 218146 871847 752707 675562 951639 63852 804880 480728 979956 767494 692695 340835 924911 599838 768918 373569 181783 640633 472286 695661 656963 363280 533857 1007655 734285 899415 800828 849310 1137848 40353 392574 861271 560415 159258 639594 452289 127578 877899 795475 198288 287729 160089 433589 1036127 282259 384740 409487 811592 1018619 452860 432077
469707 229105 999999999 588759 752413 59869 197019 85990 769356 355557 297125 710243 718273 376111 393174 806781 134644 693198 155100 273633 853419 375756 258069 118815 619258 244741 632726 49989 778181 325441 843021 520590 502488 274094 719742 467011 160143 584534 609803 649087 399783 538363 595559 534995 717048 399389 695970 610389 615916 336927 761592 525544 478328 765100 179490 763523 374024 847450 718454 676574 314056 721807 405720 619788 475024 156673 460270 304702 466558 428553 456792 304785 907164 566310 670662 621210 753571 1008257 261237 180656 634888 335630 81753 592553 472923 130238 651721 780502 312135 127729 212910 206231 855221 110531 165207 224826 583214 837970 350357 207702
121825 742553 588759 999999999 164287 646064 506426 502950 233810 590397 884450 338884 660326 478877 283028 717811 679881 497910 523325 367996 281183 213476 678875 707102 415438 832876 229284 538776 660941 378586 363267 204868 364007 511034 269430 634596 582851 557920 501043 370729 221729 550873 160503 445025 494749 329445 462473 649979 33424 649455 229229 597683 204492 252172 728153 412235 276055 266287 369076 440469 447018 303242 226964 34251 645929 745210 154622 284085 506346 535671 627115 493744 369171 58893 627263 121544 259943 425119 782904 613405 473457 402377 606745 337559 490112 619080 478135 491442 641951 680612 597886 538604 313084 663172 586903 365056 595118 296273 302448 562494
285820 898328 752413 164287 999999999 810019 659400 666746 185005 737932 1047387 375330 718952 605823 421122 760392 843949 539132 686116 520935 135320 377665 827821 870931 473576 996104 267920 702459 701628 532179 290819 327776 460828 654451 283701 750121 745182 640428 596497 412204 380480 667382 250742 556245 556044 473881 526236 735843 141360 787215 154214 720014 343690 220405 887492 406444 421114 109367 376793 479440 586100 325069 383330 132635 760786 908656 312139 447751 634787 671629 744037 645939 247742 200893 720998 197134 211125 262572 938569 775113 558948 553193 767537 400954 596358 777176 558924 496664 782681 844787 748672 698716 227596 827392 749051 529196 705630 215866 448837 722471
526212 219516 59869 646064 810019 999999999 246668 143476 821591 360196 243946 753084 763774 425678 452667 852321 91719 746974 179574 332793 912442 432688 273538 61548 674967 190824 692487 108443 826106 363977 902781 569109 559028 320792 767506 503576 163274 632105 635555 706622 451969 555925 646477 563807 748082 440317 728786 651996 672645 364690 821271 536918 527759 815914 160263 821577 433788 905985 776871 732304 366781 767488 456874 677465 510715 103087 514276 362346 486896 444060 493719 325837 966957 621838 686640 674305 813439 1066779 244737 173070 664226 370161 108467 650428 522547 152746 681313 836549 339707 82008 244776 221085 907085 69393 166746 281181 597850 889948 409946 215963
405240 240189 197019 506426 659400 246668 999999999 170565 722173 503249 424285 718768 521759 179338 248092 610187 331452 501605 296528 138694 737893 318500 175502 287469 433412 381222 484631 174933 581170 387497 690935 511184 321408 78711 702376 283911 331759 387530 689426 471871 380312 645545 565819 609039 773932 440686 747229 417254 538359 188057 632828 648891 467405 727539 241166 588812 240545 739783 547068 490509 121836 715638 392467 531352 293484 307498 419556 252939 570744 547866 273260 423035 770832 503464 776232 574801 612764 897712 280078 360632 701427 410532 147650 418370 276244 130892 716569 595189 168685 323985 93056 352961 807670 307314 337801 214581 695835 790189 212672 364961
383723 289879 85990 502950 666746 143476 170565 999999999 684619 334916 382993 633271 683751 338040 319793 771451 196571 639140 126410 204588 769220 289815 289074 204185 560092 330712 555752 36125 737870 257380 765710 438904 441634 248103 638207 454389 163301 546939 553475 583579 315552 493923 511807 475641 653216 326712 630143 585178 529963 344638 679508 489875 396003 681224 250933 695568 298105 762524 649176 616959 269558 642085 322245 534150 463829 242663 374867 218998 419759 389495 443755 262905 825872 480380 626492 536114 673872 923313 326455 194247 573763 272781 130654 526062 432262 168977 590134 719372 321505 193257 223310 183144 770644 174701 169436 138860 542020 753339 276579 194411
316933 949914 769356 233810 185005 821591 722173 684619 999999999 667129 1065398 209787 879392 711649 514508 928696 835748 706212 669436 586951 298372 406722 897354 882967 631866 1012380 429296 720503 870370 488589 475175 261933 594755 736542 117057 868348 723053 786067 460002 577201 369716 550088 177133 439482 393970 415354 367370 879633 200930 877310 338996 607701 297868 37299 927019 586641 504499 261657 553079 646677 675931 156214 364901 225553 879699 924339 310856 477801 535368 581915 860801 590793 418432 219590 577335 149327 394780 362337 990005 748168 415427 500825 802959 555165 723364 823117 411330 675368 868050 839018 815116 666777 86334 823477 725617 547738 579496 68879 529400 688940
481850 578498 355557 590397 737932 360196 503249 334916 667129 999999999 548942 519531 993412 654712 562403 1078260 299922 913527 209290 485167 867968 424845 612066 397070 825089 501993 746821 343308 1037452 215162 937081 415464 710556 578037 573048 786403 197796 855818 316326 826805 373774 213144 501305 267810 443867 264055 434817 907285 601730 678776 815488 180669 394290 646221 520457 922081 533756 847058 872909 877372 583499 554806 365453 624218 796306 436349 436826 395937 162691 107154 775706 103542 959159 540095 335026 549663 833573 995904 604933 189401 358561 188624 436590 770084 741221 484365 375343 969939 655157 310017 555641 152722 740432 307254 193776 342905 245767 726021 526042 147857
766368 225774 297125 884450 1047387 243946 424285 382993 1065398 548942 999999999 992807 879521 581011 664962 964947 255281 907801 412611 545430 1143415 672204 335860 182951 850035 53252 905615 346874 951870 602374 1113895 812710 743289 476324 1010663 596374 376191 764140 852889 894015 695700 760064 890423 787408 972685 679885 956331 754845 912261 443911 1045980 729023 771598 1059857 188992 1011266 651182 1139732 970662 905957 541380 1009454 700789 914816 599164 141062 757213 600559 698460 648608 589054 545441 1188475 863368 883844 917794 1031698 1300329 207404 367883 887097 604745 285954 841843 670887 293537 904366 1010066 423677 247308 368546 440350 1150973 257167 376849 521839 794688 1133816 624760 427021
350518 919820 710243 338884 375330 753084 718768 633271 209787 519531 992807 999999999 992647 759451 567351 1054296 744669 836016 580570 600265 502019 410274 890717 811550 751521 939837 567310 666298 998138 390441 661846 208729 685254 754460 93756 922603 623873 880476 260720 709496 338664 363250 184460 260866 184324 313025 157723 967729 317133 896208 520433 422757 251805 174258 884202 745541 547860 467034 704952 779088 707609 53615 326303 351839 934324 854913 312275 467108 367090 420350 913533 466181 620520 290158 371002 217729 569540 570920 957971 642003 212481 390293 762429 673968 796376 793298 205738 828241 881735 750407 809467 561150 249997 737765 624820 512655 384111 240965 566173 579785
652153 653808 718273 660326 718952 763774 521759 683751 879392 993412 879521 992647 999999999 345737 456919 88558 851907 184949 802209 508556 700010 631741 543732 793780 247539 852459 452341 695055 78927 818560 527971 809107 313152 444192 929648 284115 846875 137784 1083696 306934 715615 1081270 808212 1007402 1122228 833895 1090264 127609 688495 435697 589113 1103421 778659 905328 697022 353470 484558 727131 358576 242422 414892 962139 731142 657816 282829 801331 702065 620087 1011659 1007758 290795 897372 646390 703103 1197198 780242 532769 832614 676795 877943 1075071 848430 656895 324511 252987 620279 1085482 276415 456006 843810 527654 855022 942595 827831 853023 652689 1133307 928663 481497 871606
412279 367868 376111 478877 605823 425678 179338 338040 711649 654712 581011 759451 345737 999999999 197829 433610 510683 328060 457881 180846 654530 352848 265042 463282 270533 543919 377675 349901 402329 499295 566093 553887 176561 107254 721203 163238 501239 209455 788295 321659 434185 765926 584410 708311 851490 531748 821601 252776 512259 189588 539743 779925 514320 725944 392036 437704 212699 665162 402222 325501 71223 743672 449254 494146 174964 478562 447255 314089 692869 680783 154082 563236 662045 496918 890469 576671 505925 813431 402007 532208 789941 527309 323052 276708 96912 294808 803034 429201 192701 503306 212549 511811 791949 486547 507384 322921 817882 775148 193297 527411
217235 487619 393174 283028 421122 452667 248092 319793 514508 562403 664962 567351 456919 197829 999999999 534262 516350 351694 403476 120641 490607 175624 408471 507022 262691 618154 241272 348668 486709 368060 451087 366542 150644 233408 524529 358415 460416 327820 627478 270265 260063 625942 388743 550604 674363 377166 643199 406546 316443 367749 384764 651555 330542 528187 487657 377743 28956 494267 330419 315466 165463 548461 275660 301126 370042 536592 257828 169023 558078 559535 350028 460475 524143 299096 740296 378967 366808 650730 527097 494380 621244 398521 379315 212271 230862 375888 632581 411609 361948 512753 331756 445479 595803 494215 466183 224923 677782 578832 43214 466782
720630 739178 806781 717811 760392 852321 610187 771451 928696 1078260 964947 1054296 88558 433610 534262 999999999 940456 222485 889053 593093 726515 707252 629529 882044 302785 938961 499427 783234 58794 899401 541884 877557 386359 532715 986835 368612 934434 224602 1158042 351522 790257 1160131 870499 1082963 1190894 911210 1158689 210214 744103 521089 621499 1184145 849284 956677 783735 371085 562527 756594 387352 282099 502211 1021012 805661 711896 366319 889111 772156 700148 1091557 1089576 375922 981197 659750 764149 1273649 839020 563080 848316 760948 965690 1147200 929507 745380 380479 339745 708502 1156960 283602 542042 932366 615679 941412 986964 916378 940584 736478 1212016 973921 561598 958347
558140 298963 134644 679881 843949 91719 331452 196571 835748 299922 255281 744669 851907 510683 516350 940456 999999999 826935 166936 399952 954307 468072 363543 101023 751508 205112 751531 169556 912584 355936 961106 576273 633914 407838 770158 594804 121873 718807 597829 778466 471272 507435 658683 532223 717460 433873 701436 741955 703678 456362 870168 480474 537996 826048 235952 891422 494544 944518 845351 808730 448509 765198 473222 712746 602090 137021 537624 402514 443888 395304 584874 290326 1017450 648727 634092 692469 867653 1104580 317775 113242 631827 354452 199713 721284 607527 244457 649097 912166 431385 11254 336302 186011 919525 24138 122000 319422 544668 902836 473137 171771
511987 689556 693198 497910 539132 746974 501605 639140 706212 913527 907801 836016 184949 328060 351694 222485 826935 999999999 743060 439780 515089 513113 581340 788865 91165 871798 276962 659206 164256 718220 346379 667288 203341 435001 766061 356818 795635 171721 956016 129087 592411 969326 653340 884079 979279 718439 946878 249242 523158 484168 404938 999231 642649 734317 718905 172868 380586 542528 173661 59761 380288 801021 607290 490436 361654 806088 565467 520411 904621 909712 358241 812034 464169 546487 1075651 619426 348080 648932 720416 828912 941032 748758 648601 163942 237348 622692 949641 114729 497499 820738 539477 790060 765057 803068 801687 572550 1020377 751819 387624 809871
401819 384127 155100 523325 686116 179574 296528 126410 669436 209290 412611 580570 802209 457881 403476 889053 166936 743060 999999999 303450 802057 317013 405396 233598 659277 359897 622672 134702 852573 190322 828107 409415 540962 373207 603424 580436 60545 664606 457036 673651 308315 383267 492306 384354 568508 268214 549361 708102 544912 469489 725780 371899 371570 659234 332207 779957 377338 789508 731807 714789 387548 599269 308924 556964 589992 277105 375911 259881 311611 273828 569780 149738 873605 487868 515617 527462 729911 948251 415373 93603 484746 192426 232498 615621 549356 278812 501808 814033 445876 171284 346459 56810 752882 157517 65437 181927 428414 736261 361921 69537
270821 377601 273633 367996 520935 332793 138694 204588 586951 485167 545430 600265 508556 180846 120641 593093 399952 439780 303450 999999999 602914 190839 311392 386486 357494 498031 361851 230798 552975 318708 571728 391609 238801 154502 574890 337284 356078 371278 608576 378993 264342 585333 437048 528321 676961 352135 647970 430158 400142 296880 501336 600803 349291 594263 371497 491475 105979 603193 445609 413862 114369 591660 278473 392663 348759 415999 291893 137654 512594 502618 327132 388977 643047 367493 709632 441278 486462 762104 417766 389546 612168 347069 259495 321528 257734 259679 625799 515411 284305 395648 229952 352027 671860 377207 362099 144769 637348 654433 79343 370965
400818 977948 853419 281183 135320 912442 737893 769220 298372 867968 1143415 502019 700010 654530 490607 726515 954307 515089 802057 602914 999999999 486618 897327 972165 468872 1093603 280760 804014 668399 658706 200238 461714 489903 720061 408592 782207 862076 645599 730956 400241 502874 802686 386025 691565 685164 604417 656251 740124 266337 842743 117656 855146 474868 335650 974359 356156 497771 38432 341722 458318 648671 449851 507638 246951 791889 1007607 435360 552388 769296 805023 777722 773505 120200 327925 854896 332369 168121 160272 1017581 893227 692429 681339 858990 408352 625224 862588 691736 446479 841954 954155 822179 819447 311153 936250 866334 635436 840882 305420 525485 843363
94287 543235 375756 213476 377665 432688 318500 289815 406722 424845 672204 410274 631741 352848 175624 707252 468072 513113 317013 190839 486618 999999999 493928 493832 421983 620275 322115 325774 657724 213263 518162 202250 320973 345339 384871 515812 377468 503435 452046 410626 84509 456282 247578 375831 501245 205462 470627 580593 240162 487698 409216 487008 161577 409827 522307 498816 149713 476495 449674 468443 297625 400837 100105 245430 527524 532380 101487 72302 392000 401358 506339 321584 556950 192835 566416 257866 416992 636770 583369 409646 445825 243142 398952 356720 403639 416688 457419 553036 474644 468314 411462 340952 492899 450644 382069 151585 507513 475390 161406 364727
580470 110534 258069 678875 827821 273538 175502 289074 897354 612066 335860 890717 543732 265042 408471 629529 363543 581340 405396 311392 897327 493928 999999999 277602 533790 310114 630695 271129 616099 540135 827836 684363 440072 177678 877249 261414 418199 429999 840558 586700 553368 782837 741057 761600 934376 601792 909291 419725 711277 108672 787359 776540 640386 903022 156698 702566 406715 902484 667169 587065 249695 889555 564842 702341 265038 271503 594822 427372 708798 677019 253679 550605 918310 678315 915474 750242 760303 1057596 139078 437636 857882 558898 176316 540752 344637 127940 873782 688848 87829 352916 82468 460346 982674 342605 423275 379847 830478 965210 379054 464523
587499 201033 118815 707102 870931 61548 287469 204185 882967 397070 182951 811550 793780 463282 507022 882044 101023 788865 233598 386486 972165 493832 277602 999999999 720300 129718 747827 168582 859137 421514 957983 629763 606216 356395 827820 524511 206505 665484 684924 755364 513407 600171 707659 615372 800387 498536 782184 677634 733888 378316 879572 576754 588672 877032 137267 871281 489463 966261 827503 777526 409260 827084 518169 738332 530563 43531 575823 423182 533548 487790 515192 374698 1024660 683316 729009 735797 870231 1127068 217305 207767 715735 425865 140351 700013 559379 173571 732924 882132 353807 89903 266963 268659 968392 89830 208666 342432 639703 951275 464788 259611
422222 638314 619258 415438 473576 674967 433412 560092 631866 825089 850035 751521 247539 270533 262691 302785 751508 91165 659277 357494 468872 421983 533790 720300 999999999 810991 205811 582429 246927 627821 326205 578206 118697 373719 684764 339174 713335 177700 865398 69865 501288 878170 567837 793126 890887 627282 858545 271372 442493 445485 353130 908285 552574 658044 661370 171913 291411 491877 146915 57338 311785 718475 516194 411092 346560 740702 475313 430733 813603 819219 337854 723100 438006 461387 984691 536421 301314 614164 671895 746921 851080 658360 581034 77883 194016 559598 859947 161832 454958 745941 482420 704723 695580 727931 719321 485679 929212 681458 300233 725099
714345 203618 244741 832876 996104 190824 381222 330712 1012380 501993 53252 939837 852459 543919 618154 938961 205112 871798 359897 498031 1093603 620275 310114 129718 810991 999999999 859258 294627 923129 549435 1068254 759466 702011 437794 957413 571447 324949 733084 802880 852706 642712 711835 837284 736415 921734 626869 904942 729564 860414 418767 997443 682526 718386 1006694 155619 969810 603402 1089304 928290 867400 500422 956270 647697 863487 575148 88207 704495 548839 648984 599966 563520 494460 1140728 811044 837001 864910 984485 1250003 194422 318264 836322 552184 238926 799583 635951 251688 853581 971863 397035 196561 332792 388964 1097905 205400 325868 469565 747674 1080761 577350 376390
279689 720147 632726 229284 267920 692487 484631 555752 429296 746821 905615 567310 452341 377675 241272 499427 751531 276962 622672 361851 280760 322115 630695 747827 205811 859258 999999999 586703 441188 533549 210294 420431 209205 453404 492351 501502 682422 374314 718504 147909 381618 752787 389408 654648 722734 509306 690338 469850 250549 567146 163660 792569 406012 457443 725749 187458 258703 297120 141375 217561 381322 528861 393785 216475 511256 777847 333907 364034 697688 715827 496965 643671 287799 283808 843206 349597 129610 437251 758490 716101 695745 562581 620344 133751 344548 614628 701930 262380 568474 748835 560725 655728 490264 730292 687747 441179 800817 476438 283057 678853
419752 261128 49989 538776 702459 108443 174933 36125 720503 343308 346874 666298 695055 349901 348668 783234 169556 659206 134702 230798 804014 325774 271129 168582 582429 294627 586703 999999999 751826 286149 796909 473688 464569 253643 672988 455509 158593 559354 577930 608946 351233 513225 547362 501243 680919 357696 658649 592187 565935 336521 713133 505430 431013 716838 218509 722194 328259 797747 676403 639579 283958 676184 357657 569840 464373 206623 410918 254730 439857 406145 445008 280010 859101 516496 645943 572094 706252 958551 296390 186062 600258 299299 102749 551837 445738 146003 616842 742799 312511 164892 212616 190648 806484 146501 164480 174969 560056 789195 305563 197795
667259 726536 778181 660941 701628 826106 581170 737870 870370 1037452 951870 998138 78927 402329 486709 58794 912584 164256 852573 552975 668399 657724 616099 859137 246927 923129 441188 751826 999999999 853804 485463 823911 337033 505321 929662 359043 899994 194010 1107074 293341 739970 1112369 814677 1032833 1137036 862537 1104754 205248 686814 508933 562851 1138053 796668 898571 767511 313541 515329 698211 328714 223693 468443 964182 755264 654362 358616 868875 719415 654257 1044779 1044726 365033 938984 603651 708101 1223947 782308 504519 791954 750873 931893 1094998 884098 720634 324188 306089 686240 1104417 227479 528275 904947 594868 903742 928267 888448 906143 694732 1164077 915270 516281 921483
266960 546831 325441 378586 532179 363977 387497 257380 488589 215162 602374 390441 818560 499295 368060 899401 355936 718220 190322 318708 658706 213263 540135 421514 627821 549435 533549 286149 853804 999999999 721922 226681 518703 448112 414993 650628 237464 683687 302184 622129 159025 266640 312801 222175 395954 77965 372794 748240 392794 575538 601229 284868 194546 475036 503787 712067 339162 640212 662931 677184 430557 409271 151797 412729 661712 464974 224017 199552 194160 191554 640125 115261 745925 331668 392709 354442 618426 793534 582531 260308 317789 30540 387635 566912 573387 425794 333816 765051 555544 361050 465756 178510 569688 347786 239328 178752 318640 553569 337826 200376
456116 922485 843021 363267 290819 902781 690935 765710 475175 937081 1113895 661846 527971 566093 451087 541884 961106 346379 828107 571728 200238 518162 827836 957983 326205 1068254 210294 796909 485463 721922 999999999 567864 389590 652946 572483 663441 888327 500645 860874 257894 563943 914114 511054 807959 837782 685302 806727 589824 366966 753878 141815 960234 566260 511073 931914 174507 468997 236729 180115 297263 581670 613515 573586 334505 671429 987579 505225 568254 867847 893671 661248 835587 118526 421693 987226 460023 104352 306495 959842 921709 829358 749210 829366 290702 511175 821620 831953 258282 758731 958617 762406 857837 504070 940088 893474 647874 958263 495978 493200 881363
157048 719442 520590 204868 327776 569109 511184 438904 261933 415464 812710 208729 809107 553887 366542 877557 576273 667288 409415 391609 461714 202250 684363 629763 578206 759466 420431 473688 823911 226681 567864 999999999 496548 545738 199309 717100 461719 688883 298511 547739 131003 347037 86947 240165 313379 155085 281262 772058 203269 687495 431362 396026 44065 249840 688281 607671 344671 436978 561686 614392 499875 205785 119968 233729 728824 672184 108837 258752 307835 343925 707787 331618 564111 146186 424075 134374 464795 581297 758439 486341 275949 240082 564714 503432 597362 592040 283237 680260 673160 580123 602612 404864 343848 565223 464122 309983 390404 327462 360871 427011
339933 539074 502488 364007 460828 559028 321408 441634 594755 710556 743289 685254 313152 176561 150644 386359 633914 203341 540962 238801 489903 320973 440072 606216 118697 702011 209205 464569 337033 518703 389590 496548 999999999 269465 628966 292875 594715 195487 771844 150746 403920 775403 501212 696607 809341 525517 777464 286037 395300 364657 372844 802011 465523 615774 556032 267978 179552 504897 228531 175330 201909 658572 419344 369264 302908 628648 389050 319527 708280 710168 288012 609496 487670 399145 887385 478828 333753 646141 574921 628271 762126 549162 468229 100722 136460 450420 772400 278252 369143 628592 379862 587099 667725 610472 600711 369211 827071 652045 184513 607185
422785 270113 274094 511034 654451 320792 78711 248103 736542 578037 476324 754460 444192 107254 233408 532715 407838 435001 373207 154502 720061 345339 177678 356395 373719 437794 453404 253643 505321 448112 652946 545738 269465 999999999 728971 208538 410160 311333 747524 419433 417289 711081 591010 666852 824467 493902 796414 338544 544082 142491 609695 717980 503080 745751 287816 536592 235262 725985 497994 429799 72100 746142 430929 532132 218711 371321 446284 288970 636544 617189 197832 494107 741164 517105 840128 593032 583002 880301 306938 439272 755746 473281 216413 369724 202987 187691 770196 534140 131510 399923 110415 429226 820401 383736 416221 270058 762122 803102 208586 442130
309337 917235 719742 269430 283701 767506 702376 638207 117057 573048 1010663 93756 929648 721203 524529 986835 770158 766061 603424 574890 408592 384871 877249 827820 684764 957413 492351 672988 929662 414993 572483 199309 628966 728971 999999999 882914 652452 824226 344659 637842 326798 439110 138025 330514 277979 337708 250669 914468 242904 871456 431866 497695 242438 83368 887310 664963 508631 373385 626495 707862 675668 41429 317619 276058 894554 870502 283384 449911 431325 481051 874424 506426 527450 230082 460516 150182 483098 479300 956508 674336 299075 421571 763549 606882 748064 789679 294499 750063 859165 774706 794939 592411 170255 760526 654237 507938 465700 158010 530064 613087
574645 370628 467011 634596 750121 503576 283911 454389 868348 786403 596374 922603 284115 163238 358415 368612 594804 356818 580436 337284 782207 515812 261414 524511 339174 571447 501502 455509 359043 650628 663441 717100 292875 208538 882914 999999999 613941 187540 945445 405705 596442 915963 746681 865005 1012908 689241 983349 158473 667704 152756 664786 925147 677360 884462 416975 508959 375245 797766 485809 380933 222926 906187 611356 646870 11726 526609 610459 473877 841831 824607 10705 702323 770881 656704 1043323 736979 622392 936973 392710 641299 949404 677169 395154 378333 156991 352662 962924 471159 174681 585506 259114 636815 946625 571394 619887 471944 967435 930153 356511 648796
461561 380726 160143 582851 745182 163274 331759 163301 723053 197796 376191 623873 846875 501239 460416 934434 121873 795635 60545 356078 862076 377468 418199 206505 713335 324949 682422 158593 899994 237464 888327 461719 594715 410160 652452 613941 999999999 709852 479079 730123 366136 394105 546066 411474 596794 314950 580142 748107 603870 493110 786315 373654 425538 711328 323257 837707 434894 849119 789797 769347 432267 645856 365850 616606 622891 248598 434132 320203 327052 281839 603411 169570 934137 546204 523970 583138 790349 1007519 407742 33980 511463 233633 241887 672095 594941 290309 528714 869602 468689 128997 368624 64213 805563 119830 6152 241293 434961 789166 418300 53227
533327 540368 584534 557920 640428 632105 387530 546939 786067 855818 764140 880476 137784 209455 327820 224602 718807 171721 664606 371278 645599 503435 429999 665484 177700 733084 374314 559354 194010 683687 500645 688883 195487 311333 824226 187540 709852 999999999 955010 247501 587882 947867 696598 877530 1000216 702531 968662 95539 588469 326103 529023 968341 655732 808655 577650 334805 354272 667295 320584 205443 277610 854051 603478 560771 191318 676174 580450 486440 877379 871884 190268 760243 614570 594560 1066039 674050 478597 791863 567572 741186 948975 713308 526704 240630 115262 492955 960135 286425 342919 711083 402480 717276 855893 694677 716003 515721 999989 840793 348505 733962
445690 837915 609803 501043 596497 635555 689426 553475 460002 316326 852889 260720 1083696 788295 627478 1158042 597829 956016 457036 608576 730956 452046 840558 684924 865398 802880 718504 577930 1107074 302184 860874 298511 771844 747524 344659 945445 479079 955010 999999999 841241 368102 114274 350857 80674 129130 256555 127210 1029091 493968 877478 721138 171820 314864 427983 788739 905902 600738 699961 859530 905863 722821 310950 352602 527091 956809 727498 391271 474783 155585 209450 935155 310273 843223 442218 126375 403648 759469 821292 871032 485012 50637 281677 680674 793570 851802 722256 63994 976767 857675 606351 767567 416265 510191 598766 477597 477600 123920 500240 608186 426726
395554 688116 649087 370729 412204 706622 471871 583579 577201 826805 894015 709496 306934 321659 270265 351522 778466 129087 673651 378993 400241 410626 586700 755364 69865 852706 147909 608946 293341 622129 257894 547739 150746 419433 637842 405705 730123 247501 841241 999999999 484628 862796 528062 772103 857345 612948 824885 340720 395019 503863 285465 896796 526426 605230 706581 117268 297190 424298 81607 70048 352639 673316 498776 361917 413579 778758 450103 431021 801530 811864 403748 723620 368429 421170 963241 492238 232301 544388 723199 764041 823242 652465 618226 58037 255520 601151 830959 143177 511379 773744 529651 715469 637031 755418 735950 494768 912880 623540 311853 736953
108083 590458 399783 221729 380480 451969 380312 315552 369716 373774 695700 338664 715615 434185 260063 790257 471272 592411 308315 264342 502874 84509 553368 513407 501288 642712 381618 351233 739970 159025 563943 131003 403920 417289 326798 596442 366136 587882 368102 484628 999999999 378238 196398 292863 417831 128790 387588 664957 239278 558282 442219 413208 87103 365688 561831 564974 234197 486581 516292 545412 375682 336418 15598 255979 608116 554639 68349 128651 317902 334241 586746 274083 587228 180286 484098 222592 460109 643042 629799 395219 361319 185379 437738 432935 487887 462892 372977 625330 543305 473522 471614 318236 455459 457175 369712 181478 428645 438234 244877 342000
473247 767294 538363 550873 667382 555925 645545 493923 550088 213144 760064 363250 1081270 765926 625942 1160131 507435 969326 383267 585333 802686 456282 782837 600171 878170 711835 752787 513225 1112369 266640 914114 347037 775403 711081 439110 915963 394105 947867 114274 862796 378238 999999999 416670 111852 242501 250889 241287 1014506 550218 831968 778393 59594 349373 521059 713817 939169 597605 774555 891148 923452 696988 409773 364023 580641 926908 641426 418881 461456 74814 112392 905395 233777 909492 492730 132720 470367 810466 906060 797715 394368 163651 238962 614529 811070 838990 659227 178151 1002928 810434 516819 715405 335065 608442 511497 391606 444327 52148 596996 599838 340879
172131 784852 595559 160503 250742 646477 565819 511807 177133 501305 890423 184460 808212 584410 388743 870499 658683 653340 492306 437048 386025 247578 741057 707659 567837 837284 389408 547362 814677 312801 511054 86947 501212 591010 138025 746681 546066 696598 350857 528062 196398 416670 999999999 305750 334428 242032 302235 784717 146002 733484 370558 469425 120736 169548 757913 572629 371711 358522 529563 597175 537794 159763 189848 180604 758355 749455 146264 314370 385771 425707 738019 418561 494210 106920 476938 53740 411224 497768 824508 571545 318331 326966 633743 490531 615161 657336 321376 651745 721352 662042 658634 490411 261185 646621 548700 377379 455678 244310 392545 512839
377501 761994 534995 445025 556245 563807 609039 475641 439482 267810 787408 260866 1007402 708311 550604 1082963 532223 884079 384354 528321 691565 375831 761600 615372 793126 736415 654648 501243 1032833 222175 807959 240165 696607 666852 330514 865005 411474 877530 80674 772103 292863 111852 305750 999999999 185320 176690 170256 950327 442171 797070 670651 168263 248636 411430 714395 841969 523428 663050 794735 835347 642489 303777 277588 473587 876350 658424 322658 395275 107756 163015 854696 241980 799491 386339 191572 359490 704959 794297 795892 420844 100432 202978 603937 722795 773147 644606 117572 909754 777403 540114 687888 347608 500615 531211 410598 396945 150636 488494 529860 360461
470412 942034 717048 494749 556044 748082 773932 653216 393970 443867 972685 184324 1122228 851490 674363 1190894 717460 979279 568508 676961 685164 501245 934376 800387 890887 921734 722734 680919 1137036 395954 837782 313379 809341 824467 277979 1012908 596794 1000216 129130 857345 417831 242501 334428 185320 999999999 333444 32463 1080881 479448 960460 695971 297999 344484 358011 896511 906982 650173 650705 863490 925198 790625 237778 402542 514384 1024523 843523 420318 539434 281555 336714 1003017 427287 802832 438926 200505 380567 741591 753901 976948 605771 86090 381785 783092 815344 904474 821747 68914 985039 942419 725407 857706 532909 426332 716524 595905 559351 241501 419698 662518 545688
231218 616443 399389 329445 473881 440317 440686 326712 415354 264055 679885 313025 833895 531748 377166 911210 433873 718439 268214 352135 604417 205462 601792 498536 627282 626869 509306 357696 862537 77965 685302 155085 525517 493902 337708 689241 314950 702531 256555 612948 128790 250889 242032 176690 333444 999999999 307580 773978 338565 627754 557488 284418 130249 399948 576172 693526 349337 583040 644929 672805 466452 331325 115666 362694 700653 541918 180091 218623 189116 208457 679004 176546 698530 276970 363526 287524 580977 732340 653156 336703 261850 85481 457331 560553 596932 492795 276454 753997 609302 439015 524415 254763 494878 425711 316610 226182 302051 479068 354204 275772
438310 919573 695970 462473 526236 728786 747229 630143 367370 434817 956331 157723 1090264 821601 643199 1158689 701436 946878 549361 647970 656251 470627 909291 782184 858545 904942 690338 658649 1104754 372794 806727 281262 777464 796414 250669 983349 580142 968662 127210 824885 387588 241287 302235 170256 32463 307580 999999999 1049745 447457 933206 664941 298998 312993 331981 875249 874707 619245 622196 831135 892754 761357 211329 372399 482361 994985 825491 388516 510339 272162 327975 973515 411164 773415 406534 217268 348810 710089 728589 954981 590672 78031 360341 760415 782947 873522 798207 63217 952628 915498 709063 831946 516013 403949 699550 579543 532741 247225 396417 631998 529842
618392 529100 610389 649979 735843 651996 417254 585178 879633 907285 754845 967729 127609 252776 406546 210214 741955 249242 708102 430158 740124 580593 419725 677634 271372 729564 469850 592187 205248 748240 589824 772058 286037 338544 914468 158473 748107 95539 1029091 340720 664957 1014506 784717 950327 1080881 773978 1049745 999999999 681044 311137 623890 1030953 737004 901476 574698 419925 430985 762349 410596 292606 323971 943203 680513 654125 156152 682291 663235 555604 942370 932472 166062 815919 705337 684421 1136307 764463 572685 884793 550766 777671 1026034 777001 543861 336150 177327 504319 1037920 360491 332536 733251 410683 762923 950420 718107 754203 574279 1066621 935180 421094 777565
146487 773678 615916 33424 141360 672645 538359 529963 200930 601730 912261 317133 688495 512259 316443 744103 703678 523158 544912 400142 266337 240162 711277 733888 442493 860414 250549 565935 686814 392794 366966 203269 395300 544082 242904 667704 603870 588469 493968 395019 239278 550218 146002 442171 479448 338565 447457 681044 999999999 682732 228480 599096 210023 220475 758164 429307 309250 247671 387920 465014 480328 278491 242643 35039 679015 772541 170990 311737 509575 541852 660275 507341 362043 61641 620338 100006 265790 403901 814031 633754 463602 415040 636199 364672 522552 649630 467148 511124 675094 704786 630091 557485 279691 687569 607716 391469 592777 262910 335508 581268
564847 218146 336927 649455 787215 364690 188057 344638 877310 678776 443911 896208 435697 189588 367749 521089 456362 484168 469489 296880 842743 487698 108672 378316 445485 418767 567146 336521 508933 575538 753878 687495 364657 142491 871456 152756 493110 326103 877478 503863 558282 831968 733484 797070 960460 627754 933206 311137 682732 999999999 728720 832694 644558 887363 264740 616896 373587 852012 585386 495854 202520 888533 571574 668806 156450 376789 588742 429656 757166 731785 145167 605737 851479 658227 963251 734859 695513 1002120 242203 516860 889019 598310 258545 463342 251890 211992 904011 594796 24994 446353 124508 526167 960555 433901 498705 401632 881744 943343 348003 534310
334639 871847 761592 229229 154214 821271 632828 679508 338996 815488 1045980 520433 589113 539743 384764 621499 870168 404938 725780 501336 117656 409216 787359 879572 353130 997443 163660 713133 562851 601229 141815 431362 372844 609695 431866 664786 786315 529023 721138 285465 442219 778393 370558 670651 695971 557488 664941 623890 228480 728720 999999999 826368 433716 373839 872028 257252 395360 138839 234147 346691 537805 472680 450037 197936 674405 913000 379006 468548 735496 764610 660413 716278 147834 286071 847372 318885 59312 273862 911018 818747 688574 626866 760196 290858 507796 760140 690819 348457 728913 869008 714198 749480 377816 850738 791032 551199 821251 367569 422438 773355
513096 752707 525544 597683 720014 536918 648891 489875 607701 180669 729023 422757 1103421 779925 651555 1184145 480474 999231 371899 600803 855146 487008 776540 576754 908285 682526 792569 505430 1138053 284868 960234 396026 802011 717980 497695 925147 373654 968341 171820 896796 413208 59594 469425 168263 297999 284418 298998 1030953 599096 832694 826368 999999999 393991 579262 696659 977648 622809 827911 929166 955449 709792 468946 399892 628438 935802 616600 459656 484024 95327 101029 914491 227102 960013 540298 155025 522897 856162 961904 781078 369041 221971 255045 604355 843632 857313 650624 235786 1038247 810297 490467 713100 319406 667324 487085 370362 457014 67106 655674 622550 321132
130977 675562 478328 204492 343690 527759 467405 396003 297868 394290 771598 251805 778659 514320 330542 849284 537996 642649 371570 349291 474868 161577 640386 588672 552574 718386 406012 431013 796668 194546 566260 44065 465523 503080 242438 677360 425538 655732 314864 526426 87103 349373 120736 248636 344484 130249 312993 737004 210023 644558 433716 393991 999999999 288792 644877 593352 307351 452913 546233 591487 458724 249838 75914 236456 689075 630839 77291 215307 301938 331972 667907 304652 571689 148946 437990 159899 462172 602317 714621 451458 298525 211831 521170 479482 561246 548121 307753 662219 629938 541437 558692 370709 381614 526133 428262 266077 395864 364861 322007 393443
323449 951639 765100 252172 220405 815914 727539 681224 37299 646221 1059857 174258 905328 725944 528187 956677 826048 734317 659234 594263 335650 409827 903022 877032 658044 1006694 457443 716838 898571 475036 511073 249840 615774 745751 83368 884462 711328 808655 427983 605230 365688 521059 169548 411430 358011 399948 331981 901476 220475 887363 373839 579262 288792 999999999 926395 618923 516357 298955 584173 675002 687187 120668 359395 248287 895917 918924 311007 479541 509875 557947 876626 573612 455686 229703 543592 152990 428833 396746 991525 735308 382407 485272 802198 580819 742077 824361 377610 706970 877157 829782 820596 653546 95018 814699 713613 546018 548699 79854 540342 675210
615813 63852 179490 728153 887492 160263 241166 250933 927019 520457 188992 884202 697022 392036 487657 783735 235952 718905 332207 371497 974359 522307 156698 137267 661370 155619 725749 218509 767511 503787 931914 688281 556032 287816 887310 416975 323257 577650 788739 706581 561831 713817 757913 714395 896511 576172 875249 574698 758164 264740 872028 696659 644877 926395 999999999 823840 477120 973862 784103 717132 354362 892467 569949 756247 421141 119206 616248 450195 643374 602553 408790 481512 1011492 714999 845279 777704 853614 1133307 84493 332823 814353 514952 124197 655349 482182 111906 831199 821151 242303 224700 179554 378886 1013350 220115 326897 380535 756847 995895 449734 375528
465957 804880 763523 412235 406444 821577 588812 695568 586641 922081 1011266 745541 353470 437704 377743 371085 891422 172868 779957 491475 356156 498816 702566 871281 171913 969810 187458 722194 313541 712067 174507 607671 267978 536592 664963 508959 837707 334805 905902 117268 564974 939169 572629 841969 906982 693526 874707 419925 429307 616896 257252 977648 593352 618923 823840 999999999 402813 387609 49179 129512 469886 703547 577874 394308 515700 895348 520523 529488 882493 898103 508275 818539 292931 468811 1030664 529310 197945 479834 839633 871687 882571 741825 734789 171276 365854 718319 888400 91284 625626 887081 646730 818971 633413 868660 843406 598955 987609 622228 420526 841143
