NAME : synthetic_000595
TYPE : CTSP-D
DIMENSION : 100
GROUPS : 8
RELAXATION_LEVEL : 1
EDGE_WEIGHT_TYPE : EXPLICIT
EDGE_WEIGHT_FORMAT : FULL_MATRIX
EDGE_WEIGHT_SECTION
999999999 312612 633031 149427 211156 848498 846154 57334 658670 566540 872586 148616 973413 512107 160409 696022 104108 578216 441688 720239 617324 303314 766781 391496 808973 744930 573145 415239 484177 803974 274706 289439 567120 746783 634381 602622 570458 455335 576202 619433 526508 486434 318342 530962 763691 373338 617133 453337 571377 877316 520657 443807 729963 523728 441119 250116 458727 343412 487173 692924 101185 161980 767285 383622 409340 237330 492873 442138 115757 279484 297076 727035 765913 610520 197732 207387 833231 143567 219139 286804 536323 492438 357475 387076 581642 511022 488368 841887 104303 639041 174924 409416 598674 786580 475955 895375 411832 256112 298678 168727
312612 999999999 610904 173021 517443 789458 536318 365058 346941 585805 559992 461068 868943 740639 411306 383412 226076 400950 618429 533798 704462 466195 513220 202367 515025 504288 263625 639990 259787 539835 353523 26098 295416 654412 383447 423636 290048 619103 305033 306886 672297 597637 420059 221074 693070 127284 435305 223297 299066 565234 431008 247314 648815 571096 597287 167616 697751 424325 480989 478325 235061 392590 548872 138922 582935 368860 425117 269760 241398 414594 249477 622255 453689 378269 218623 196135 523908 220657 240702 343619 722831 579815 581145 152192 544865 495374 208454 606757 413971 568285 247927 289586 474360 475873 263315 585513 271275 289138 470725 424544
633031 610904 999999999 642365 668281 218973 819795 674338 726618 92373 906450 701648 367005 535501 791977 777522 562127 319745 389256 348769 228817 387332 531137 421873 692956 486607 752339 491774 428127 580734 872899 595616 865038 171067 479562 319845 544134 363856 520387 724982 335475 263471 328215 645434 151940 503697 324718 447064 522581 931945 193457 400207 143185 151110 348556 734209 542914 298527 146542 405335 556767 794986 439713 496842 381758 853494 187580 880542 689371 901045 378956 182973 803404 431991 739961 474428 805377 517628 436408 346471 434085 221977 478682 482324 66927 124227 533949 518498 697007 98161 471408 893758 213221 886792 871082 854812 878614 385324 399572 798661
149427 173021 642365 999999999 360472 845487 709088 196253 519044 593376 729110 294160 950521 635722 240594 553395 102626 511557 540067 653166 678281 388212 666472 307562 685214 651157 426681 535394 391469 698233 234059 153759 418536 725738 533582 536013 453213 547935 463953 477679 612703 554706 371709 394066 753443 263362 549638 356410 458448 732222 492898 361263 713884 562441 529555 115784 586029 387985 497942 611446 112573 224248 685198 275223 505087 227577 474044 308462 71600 276764 266437 699567 625006 518519 97803 168027 696789 134031 207655 311855 641689 549334 475627 283057 582087 518459 369820 752146 244780 625312 181689 288991 557933 640162 334621 758249 285002 262051 388127 253564
211156 517443 668281 360472 999999999 886188 1042296 174557 858838 584052 1075686 90766 1032306 362367 244512 898952 293006 709007 356537 843737 577274 281672 925057 553332 991296 896829 780503 285285 646458 967179 430953 492833 778147 813702 797251 731819 751158 379529 752111 821968 452688 450183 344651 729968 815638 556644 746410 621248 748076 1082268 613538 599873 791545 529158 375929 457799 305079 375182 536793 833485 285102 268019 905690 565127 335760 378802 578490 645511 319878 402538 427868 803225 966663 765547 398612 369369 1028787 312997 356097 362104 423988 474145 244210 565087 633575 561810 672846 986551 137523 704053 316001 605566 699494 993290 683419 1091270 611767 363433 270003 239708
848498 789458 218973 845487 886188 999999999 878207 891529 829511 303049 975010 920613 166852 718551 1008259 877027 772257 425448 587015 373245 380389 604661 560958 588969 737781 518781 882920 691409 565699 603455 1078773 778212 1012470 146669 561294 412894 654476 560222 627206 839283 515350 461956 547186 775696 96939 670197 409722 593819 631215 1004638 359368 553301 143110 360341 549024 928438 735955 517448 361768 452622 767729 1010118 450987 661048 585959 1063171 372268 1057058 897570 1111441 579054 185448 885559 520877 941860 678176 865201 726829 644221 561806 609275 425419 686471 646252 267137 337572 669550 506722 915397 222245 682251 1078378 323899 978603 1039502 903723 1060718 596269 616625 1015367
846154 536318 819795 709088 1042296 878207 999999999 900309 191386 857060 101991 994614 853947 1188131 943566 169972 750609 501670 1038041 505098 1016667 910255 319907 517605 143770 360048 306739 1095894 442685 285251 841955 557675 423547 738538 340920 499950 311747 1027365 324149 236228 1053045 962899 836544 315508 796981 489069 495532 450705 325142 135122 645989 491403 754018 879751 1003595 668335 1158937 823064 769512 427890 757841 922544 431340 482310 1006981 875244 673067 604903 775423 912957 656892 700200 96984 389050 734859 678899 14926 730008 705360 763811 1133593 927061 1044241 485683 763884 765613 376348 401839 949137 727803 736099 668445 606630 167213 548031 49231 642412 726108 919721 957000
57334 365058 674338 196253 174557 891529 900309 999999999 711889 603667 924305 98215 1020549 505106 119709 748077 161415 633650 452202 775325 642147 325185 824069 448638 865466 802033 622836 412585 541432 861308 271135 342752 608083 794420 691703 657974 627312 468629 633335 671812 541661 510303 352402 584847 808882 430298 672530 510666 628477 928082 571069 500782 776639 557758 456838 284557 449646 379525 529772 749380 158189 129653 823688 440681 422068 225377 541924 470958 146464 260901 350780 776056 818745 667648 224081 263727 887549 199809 272428 330497 541103 520659 357808 444296 625657 554129 545016 898731 48913 685786 227695 431753 650692 836349 509512 949540 437368 305204 318533 124849
658670 346941 726618 519044 858838 829511 191386 711889 999999999 745788 219213 807286 842286 1031078 752330 51506 565949 412290 887439 469173 898554 749937 327604 361649 219490 350736 125505 935144 307560 320572 653299 369286 266616 683234 269470 419754 182486 879972 206877 46876 914561 826849 681840 128970 738444 315940 420913 302833 204253 231784 537531 349719 692222 757912 856287 477374 997241 672731 648165 387473 573736 731190 423513 311523 854461 684996 556847 429764 584573 723671 495851 644215 107856 308714 543586 502546 180203 549025 533907 605426 987341 795310 880645 318091 663949 649598 215499 432386 760795 645090 560227 490267 521749 162918 376394 240137 464017 561947 758214 765775
566540 585805 92373 593376 584052 303049 857060 603667 745788 999999999 938066 623027 457344 444881 722786 797263 505412 356943 297006 414759 161576 302390 586421 412968 738158 542808 756234 399402 439260 636789 818341 567526 856933 261923 516915 363026 564997 271787 544022 738371 247555 171554 251873 652080 243892 491409 370993 451286 545199 961408 211403 402915 234520 58922 256205 693091 450831 224142 105561 460335 498895 728037 504539 486546 289511 794438 188948 852412 633630 840756 340804 269541 830779 468662 691042 428159 842324 463041 385796 285176 346089 129653 387142 472850 103043 97110 541160 586852 622439 172742 415310 859117 262208 908273 849002 895292 846168 331463 314105 728514
872586 559992 906450 729110 1075686 975010 101991 924305 219213 938066 999999999 1020933 954952 1247503 955285 176764 782702 586770 1101379 601825 1095703 966970 419764 575726 245174 458639 305613 1152536 510566 386757 835644 583658 391307 833643 427284 587513 378489 1092584 395939 253719 1123137 1033971 896892 347513 891757 534818 584438 512621 395651 33621 726720 556953 847958 956841 1068814 673033 1214933 886056 846295 522924 790802 932463 530976 529982 1069079 874031 751230 580993 791255 907884 712488 794976 113387 474501 741572 721739 112435 767458 752919 821553 1199662 1000055 1098680 535835 848210 844437 429912 503743 973164 816819 779421 646594 694169 107123 522183 104876 621393 779655 975590 968771
148616 461068 701648 294160 90766 920613 994614 98215 807286 623027 1020933 999999999 1059091 449178 154048 844458 247010 701130 426164 840442 636560 325576 903630 527650 954619 878940 720408 366313 621343 942958 340622 438041 705696 835766 772639 724924 715114 446774 719258 767943 520855 505950 373437 679530 843871 518013 739589 592676 714694 1025257 622297 577844 815641 571684 439616 380988 392046 403216 562417 821452 241413 177258 895150 527740 401026 288119 589886 563686 243413 312087 415668 821280 914508 745291 318036 340249 981630 277978 338529 371794 502827 524150 319036 529949 659874 587436 633936 972993 51966 725874 294506 520596 705744 933935 604575 1043826 528311 359491 315848 149934
973413 868943 367005 950521 1032306 166852 853947 1020549 842286 457344 954952 1059091 999999999 884035 1133783 885068 888447 474433 748867 374101 547006 753003 536014 667046 710181 500457 916271 852992 621947 568936 1184317 862016 1056541 226826 575660 455138 682907 722374 654886 860852 680570 622877 688517 813178 216738 743338 446899 655110 659995 986834 458327 622561 244025 516070 709804 1021027 899603 658081 497014 455084 885302 1132768 426280 732661 745401 1174852 481718 1127941 1008853 1223898 687704 250978 879464 544926 1043656 787735 842582 842468 759814 690836 775377 584314 844330 718396 399558 471931 716994 455953 1048825 334776 801231 1157484 396144 976777 1102605 871153 1137400 717402 765470 1142020
512107 740639 535501 635722 362367 718551 1188131 505106 1031078 444881 1247503 449178 884035 999999999 601716 1079500 536677 736205 158274 835100 340646 281463 978335 672142 1097825 939129 989935 101098 746647 1027644 776193 714786 1033831 706423 875388 751813 876400 178087 865692 1006081 203522 274484 351593 908852 682178 717589 763992 737596 864038 1262729 594596 697214 678674 389300 199102 750303 57289 366353 469564 859927 526338 622401 918716 720569 183752 728656 557437 944057 626180 758590 535261 713932 1134126 831236 707676 546254 1173347 524494 505719 425951 111722 317904 160871 713133 538522 487291 817592 1004059 485801 614175 492712 918672 673677 1187214 968488 1233553 918320 470000 274040 598772
160409 411306 791977 240594 244512 1008259 943566 119709 752330 722786 955285 154048 1133783 601716 999999999 782548 252941 729825 564932 872467 760812 443803 903388 534349 925513 885464 649704 515324 623837 936903 192827 393823 606847 907112 770223 754405 693576 582905 703577 708900 656574 628904 471887 630777 923995 501216 768709 590359 698188 954915 680126 588016 890371 677367 572469 284692 544812 498693 646627 839470 253527 27554 913864 512705 536358 137825 652965 443393 170034 158049 454082 887017 855953 751456 215585 359258 931841 297480 377261 446463 648893 640136 464276 519079 741643 670690 610167 984947 117679 799449 333911 391606 756749 860113 491708 992453 403971 416408 436627 13488
696022 383412 777522 553395 898952 877027 169972 748077 51506 797263 176764 844458 885068 1079500 782548 999999999 605988 462188 936956 513436 950040 798149 362118 411668 232689 389024 137364 983002 359049 349166 673309 406937 259403 731065 315902 468898 233515 929877 257339 77010 965243 877757 731094 172564 786762 362812 469522 353869 254959 185269 588834 400957 740738 809377 906225 503074 1044840 722569 699659 431483 614135 760459 462826 359101 903764 708098 608328 435788 616769 744707 544557 691987 74724 356891 570727 547164 161851 591373 580057 654273 1037272 846468 927992 366398 715085 701098 265866 464636 796968 695247 604801 498841 571744 111487 379633 215905 472749 609833 806184 796032
104108 226076 562127 102626 293006 772257 750609 161415 565949 505412 782702 247010 888447 536677 252941 605988 999999999 477520 437488 620025 580267 285640 662674 287565 707616 641008 489694 435861 380089 699959 312939 200823 504280 661743 530290 502054 468256 445335 473093 528992 510497 454643 273096 437171 683577 271075 516445 349270 468386 789600 431259 340148 647006 470002 427078 218208 488557 291829 415770 590093 10340 247131 664516 280964 402474 291423 406847 409427 128218 339310 202579 639239 673741 506574 192850 106348 737317 45980 128791 220357 539345 451623 375980 283756 505624 438040 386926 738342 207214 556594 90760 391616 505201 701506 431812 799716 387346 176813 285503 263388
578216 400950 319745 511557 709007 425448 501670 633650 412290 356943 586770 701130 474433 736205 729825 462188 477520 999999999 578392 142685 517974 485080 242249 205939 381532 203230 457483 657716 147518 291936 737833 397861 589024 279355 160752 24611 231820 561812 205748 416802 572056 481553 403164 350279 330789 273697 38933 181269 208972 612214 149224 154739 283954 385502 539019 561730 720118 379475 278581 127562 478163 721543 197071 262263 553205 738741 182384 654019 578629 787733 285473 241715 484065 112674 595578 371409 487079 434797 363179 353450 661979 441453 617731 248758 262224 269907 245925 280050 673770 233224 407829 686088 109581 569599 628238 538732 665090 345695 497306 740654
441688 618429 389256 540067 356537 587015 1038041 452202 887439 297006 1101379 426164 748867 158274 564932 936956 437488 578392 999999999 677220 230002 153926 820615 526053 943346 781135 855966 104407 595422 870082 716215 593416 913844 558398 719827 593717 726593 27097 714315 865427 96244 126287 206249 768815 539690 578808 605816 589112 713027 1118174 436323 546695 531306 239024 41818 655686 154168 215379 311867 701732 427493 580250 760491 580393 35625 675650 399177 845330 546628 713072 393677 562755 988256 675013 624218 422460 1023178 414694 377930 284317 104412 167383 114462 571567 384992 330349 672328 845855 448137 461431 375076 828966 515777 1046344 862375 1082600 824742 334148 152255 565549
720239 533798 348769 653166 843737 373245 505098 775325 469173 414759 601825 840442 374101 835100 872467 513436 620025 142685 677220 999999999 572945 604195 191176 346090 365841 147314 543354 765661 274115 237831 877186 533433 686202 234741 201561 118083 310445 657259 282558 486755 653945 566769 522878 442372 293472 407258 103916 310513 287968 631664 244206 293141 252880 457957 636019 698101 826146 496134 365556 81974 620507 864222 90946 395280 656489 879884 282318 774842 720820 928728 425599 197459 514871 173586 735234 513811 492004 577001 503824 483318 749566 523826 731781 382913 311716 348899 354233 172172 814663 250611 548626 812391 161443 609960 743117 531937 790035 482277 616942 883254
617324 704462 228817 678281 577274 380389 1016667 642147 898554 161576 1095703 636560 547006 340646 760812 950040 580267 517974 230002 572945 999999999 317027 747680 552432 899421 703901 899214 330229 590995 797997 886596 683201 988709 392862 677357 524543 719879 203597 700247 887921 141670 131910 307173 798115 357018 625660 532570 598867 701000 1118148 370785 550693 364553 141015 202263 787569 364722 290698 250439 621473 571858 771588 663422 622656 242901 854155 344475 961927 704800 896759 455124 410348 987035 629148 772882 525337 1001872 544258 479036 369978 229839 128961 342860 610026 262742 251332 689008 744410 649052 324532 496905 959699 423454 1061454 966033 1055623 950033 424080 324368 763842
303314 466195 387332 388212 281672 604661 910255 325185 749937 302390 966970 325576 753003 281463 443803 798149 285640 485080 153926 604195 317027 999999999 722322 392810 826936 686677 709624 185763 471980 769780 576641 440895 761475 538704 609080 504401 599139 159758 590385 724618 226079 185139 81958 627389 536318 436132 518061 459756 588249 981678 361306 422015 515073 248086 141655 503420 248685 108221 262824 612500 275869 454729 678722 439137 118348 540605 323521 691911 400408 581689 254500 532224 853586 567943 475409 270072 895574 260953 226869 146482 257934 198863 135620 431873 357007 287179 537267 763529 333161 430566 221270 677157 447698 905751 708454 956473 672143 188543 13040 446990
766781 513220 531137 666472 925057 560958 319907 824069 327604 586421 419764 903630 536014 978335 903388 362118 662674 242249 820615 191176 747680 722322 999999999 376132 177307 44676 430416 898523 282727 50452 866414 522181 580020 425651 133165 228447 228600 804027 209080 358526 812402 722308 640941 350030 484383 403115 217889 313892 215252 451211 388566 326113 444037 621825 781263 679651 961239 618942 518323 126319 666096 889731 111443 391311 795130 881154 423655 707707 737952 927571 498009 388622 345563 159530 730961 563426 307806 626366 569324 583982 903608 681357 856587 384336 485254 507063 305356 106230 868901 433923 611229 757019 324239 443818 664807 342861 732057 565732 734126 915633
391496 202367 421873 307562 553332 588969 517605 448638 361649 412968 575726 527650 667046 672142 534349 411668 287565 205939 526053 346090 552432 392810 376132 999999999 443196 353446 346843 578551 93747 415519 531905 195148 444908 452256 245134 230013 207660 518324 202600 342406 554512 468407 321168 248224 492236 82275 243165 69346 199478 592124 233561 53918 447404 412055 494640 357062 641474 311104 308213 305430 290460 523534 379712 74973 493441 533824 234418 468095 376381 582641 139552 419889 462445 219024 389678 187405 502974 250245 198234 246537 625695 439850 526650 60551 354951 316881 146289 451215 492928 369440 237414 491865 271997 522035 452283 564188 472997 209510 402142 545959
808973 515025 692956 685214 991296 737781 143770 865466 219490 738158 245174 954619 710181 1097825 925513 232689 707616 381532 943346 365841 899421 826936 177307 443196 999999999 219043 343658 1010372 355834 141584 851617 531691 485621 600442 225095 375592 240199 930027 240677 263701 948388 857622 748957 304317 659128 436677 368960 373853 244137 277649 530086 405804 617384 766415 906499 667982 1073746 731692 657894 291985 713345 907485 288623 427261 914432 876980 560777 646203 755512 919273 580872 562670 190071 272286 729262 621974 132771 679620 640348 681616 1034092 819307 962498 426348 640912 650931 320722 259056 913277 598202 676657 704532 480491 286393 594489 166103 678362 651285 837522 938611
744930 504288 486607 651157 896829 518781 360048 802033 350736 542808 458639 878940 500457 939129 885464 389024 641008 203230 781135 147314 703901 686677 44676 353446 219043 999999999 445456 860879 261744 94264 857717 511137 594323 382036 121122 187594 229355 764001 206147 377543 770695 680867 604971 357683 440772 388564 176211 295275 212441 489457 347221 301489 399972 579130 741424 671741 923334 582096 476712 82482 643844 872931 74368 376474 756339 869738 382958 712108 722257 916895 468983 344724 379014 134446 720063 539516 347441 603048 542323 550636 862645 639572 820205 368102 441315 464758 299495 102496 845913 389306 585140 758659 280611 476518 671911 385097 734229 535318 698684 897440
573145 263625 752339 426681 780503 882920 306739 622836 125505 756234 305613 720408 916271 989935 649704 137364 489694 457483 855966 543354 899214 709624 430416 346843 343658 445456 999999999 890814 324764 432129 535964 288981 149628 736640 343329 470820 233369 852221 261392 79960 895580 812152 650381 107799 788072 278978 475641 306082 256355 306100 558917 354045 741204 758644 829093 367753 950864 646775 653011 464999 498621 626855 513810 279490 821412 571250 570450 304301 486643 607432 463714 698577 212055 371379 436081 445802 297717 481510 484324 571901 959002 785647 833518 290808 686543 659206 218505 536646 671453 681498 502142 365297 562462 213527 251048 353224 339061 522283 716169 663189
415239 639990 491774 535394 285285 691409 1095894 412585 935144 399402 1152536 366313 852992 101098 515324 983002 435861 657716 104407 765661 330229 185763 898523 578551 1010372 860879 890814 999999999 656525 947048 683362 614090 932853 659627 790224 675007 784584 131326 775267 908933 189945 230125 261416 811645 642867 620419 687886 645271 773282 1166925 521995 606689 632907 340832 143437 650305 63374 280210 403565 783651 425523 534287 845913 623906 111744 637664 484050 843838 528134 670141 440176 662140 1039165 747512 609215 446180 1081194 423413 406509 332093 139221 269926 59883 617065 483282 424114 722961 931351 397931 559997 392098 819621 604835 1089912 867655 1141972 818701 373215 176959 513661
484177 259787 428127 391469 646458 565699 442685 541432 307560 439260 510566 621343 621947 746647 623837 359049 380089 147518 595422 274115 590995 471980 282727 93747 355834 261744 324764 656525 999999999 321774 607075 260621 447010 421711 151389 167835 132239 584726 119054 299294 612666 523405 395570 217422 469321 134131 178048 36611 117606 530505 235105 50021 422672 450402 560950 425203 719850 380737 340613 221320 383391 611712 294261 121959 564657 614100 250528 506765 461984 662214 225797 385477 399115 127633 466323 281120 427807 343740 290646 326085 691146 489908 607332 110707 362923 342595 106350 361325 586175 357540 330794 540377 241920 470461 480808 487244 518835 296088 482284 635757
803974 539835 580734 698233 967179 603455 285251 861308 320572 636789 386757 942958 568936 1027644 936903 349166 699959 291936 870082 237831 797997 769780 50452 415519 141584 94264 432129 947048 321774 999999999 891338 550714 581239 471039 170385 278671 250477 853732 235175 356344 862676 772520 688652 361550 529670 435687 268269 350753 240995 419165 438812 367317 490396 672269 830895 704404 1009887 667166 568604 176537 703860 922258 152573 424239 844279 908680 473711 719578 769832 954283 541450 434681 322819 203548 758405 602832 274341 665108 611093 630151 953655 731660 904408 418511 535491 557474 331473 118800 906867 483272 652197 771677 374588 421165 673886 303319 746245 609975 781454 949368
274706 353523 872899 234059 430953 1078773 841955 271135 653299 818341 835644 340622 1184317 776193 192827 673309 312939 737833 716215 877186 886596 576641 866414 531905 851617 857717 535964 683362 607075 891338 999999999 347457 458639 959774 736958 761908 640860 730038 657656 606898 801004 757296 581385 547308 987244 473232 774946 570626 651582 829684 726937 584144 947910 782235 715625 186947 720540 602656 727162 828198 319696 166139 900191 485477 684036 55897 707885 275487 184732 72526 500022 933339 748016 730070 142325 400597 832140 355883 436498 533281 809333 759351 627659 496381 814135 748680 561124 960150 294791 859157 403200 214633 790690 733325 331119 889031 232888 488386 572699 202117
289439 26098 595616 153759 492833 778212 557675 342752 369286 567526 583658 438041 862016 714786 393823 406937 200823 397861 593416 533433 683201 440895 522181 195148 531691 511137 288981 614090 260621 550714 347457 999999999 320581 645166 390955 421104 302430 594447 315540 330171 648414 574722 396088 242167 682206 126500 433291 224023 309746 589495 419016 243227 638533 551049 572773 164702 671743 401178 463231 481142 209657 376150 552795 138663 557886 359019 411114 285455 223841 405816 228984 613896 476475 382613 208994 170965 545037 194577 216043 320219 697827 557820 555190 150536 530030 478440 219586 613396 391632 556408 222091 300275 466359 500742 283089 606903 283565 265494 445261 406924
567120 295416 865038 418536 778147 1012470 423547 608083 266616 856933 391307 705696 1056541 1033831 606847 259403 504280 589024 913844 686202 988709 761475 580020 444908 485621 594323 149628 932853 447010 581239 458639 320581 999999999 867617 488785 604946 376151 914295 403831 225638 966050 888748 714340 243840 916267 365548 611399 421206 398302 379573 672971 465960 869558 850973 892311 326284 989102 716730 751575 609787 514345 581063 661607 370540 878351 503703 678476 191066 462369 530979 536395 830535 326958 512798 393593 491496 417843 509812 536034 636955 1018243 867772 873488 384507 798215 761509 343238 686248 654137 802882 541913 257106 688898 284679 131962 464463 232830 583165 765758 619922
746783 654412 171067 725738 813702 146669 738538 794420 683234 261923 833643 835766 226826 706423 907112 731065 661743 279355 558398 234741 392862 538704 425651 452256 600442 382036 736640 659627 421711 471039 959774 645166 867617 999999999 415704 266276 507808 533526 480541 692626 506447 433449 469072 629605 58738 531940 263074 451229 484546 862591 232841 412870 28349 319375 517187 800613 712463 438549 277068 310828 658521 905953 319306 522161 548514 948947 254930 919289 782846 997902 461552 39107 741537 374524 819960 561669 725147 615769 533056 465569 605000 391112 642246 507480 181801 252179 524410 385783 823675 109972 574405 943998 181638 833602 899075 766492 925250 490704 551530 915449
634381 383447 479562 533582 797251 561294 340920 691703 269470 516915 427284 772639 575660 875388 770223 315902 530290 160752 719827 201561 677357 609080 133165 245134 225095 121122 343329 790224 151389 170385 736958 390955 488785 415704 999999999 160231 113896 705839 87888 285218 723293 632527 529347 246402 472105 270244 157696 181095 94055 453704 306747 197513 426610 542495 682409 550779 853502 510301 433340 121730 533966 756637 176136 258360 691691 749894 336219 594773 605003 796759 373016 376598 327947 48256 599948 432468 326339 494870 441175 466209 809372 594306 744569 251186 422966 427324 178541 223585 736933 389638 481950 639489 266905 418108 556978 378377 615388 442369 620246 782469
602622 423636 319845 536013 731819 412894 499950 657974 419754 363026 587513 724924 455138 751813 754405 468898 502054 24611 593717 118083 524543 504401 228447 230013 375592 187594 470820 675007 167835 278671 761908 421104 604946 266276 160231 999999999 241753 576421 214771 426821 584010 493864 422444 364320 319615 296354 14668 202561 218557 613836 160141 178294 273040 394744 553883 585216 737108 398016 289948 108654 502650 746151 175386 284773 569374 763129 195399 674574 603184 812098 309344 227897 487124 113708 619691 395909 485534 459244 387215 374912 675260 453020 636200 271499 265419 279425 262690 259377 697914 229497 431914 707712 106772 574812 647626 535441 686441 368729 516759 765220
570458 290048 544134 453213 751158 654476 311747 627312 182486 564997 378489 715114 682907 876400 693576 233515 468256 231820 726593 310445 719879 599139 228600 207660 240199 229355 233369 784584 132239 250477 640860 302430 376151 507808 113896 241753 999999999 716444 28025 185146 744891 655535 524825 132813 561324 197212 244918 139417 23311 399053 355562 179933 514675 579980 692658 453928 847735 511443 469605 233747 473710 677332 289714 187385 695321 658805 376351 482794 524568 704065 347167 469180 267654 138018 508643 381919 296950 439465 401892 452661 823069 621621 733682 186149 481573 469512 83409 329681 674687 463501 437029 529688 340667 343699 443616 357395 505084 417159 608863 706388
455335 619103 363856 547935 379529 560222 1027365 468629 879972 271787 1092584 446774 722374 178087 582905 929877 445335 561812 27097 657259 203597 159758 804027 518324 930027 764001 852221 131326 584726 853732 730038 594447 914295 533526 705839 576421 716444 999999999 703295 859213 74104 100433 201959 763025 513840 574052 588222 579970 702223 1110053 417953 536548 506273 214288 23787 663177 179060 207321 291712 683997 435515 597401 741472 575074 46584 690748 381273 851262 557787 729163 388746 538706 979687 660453 634184 423836 1012473 420141 378427 280498 107404 142457 139662 565707 361673 309206 664547 826713 466761 437852 378780 836900 495893 1039798 866540 1071420 831866 332180 160268 583992
576202 305033 520387 463953 752111 627206 324149 633335 206877 544022 395939 719258 654886 865692 703577 257339 473093 205748 714315 282558 700247 590385 209080 202600 240677 206147 261392 775267 119054 235175 657656 315540 403831 480541 87888 214771 28025 703295 999999999 212109 729448 639605 514517 160212 534382 203504 217515 133261 6295 417901 333580 168616 487806 560984 679534 470783 838557 499772 450450 206370 478025 688183 264022 192749 683677 673731 355991 507076 535520 719627 340998 441835 286882 109993 523438 382865 309242 442171 399757 444155 809447 604726 725509 189367 458592 449270 96607 307589 680156 438238 436678 552594 315017 366474 469107 368285 528276 411364 600486 716223
619433 306886 724982 477679 821968 839283 236228 671812 46876 738371 253719 767943 860852 1006081 708900 77010 528992 416802 865427 486755 887921 724618 358526 342406 263701 377543 79960 908933 299294 356344 606898 330171 225638 692626 285218 426821 185146 859213 212109 999999999 896918 810506 659246 97290 746430 288548 429563 289117 208275 261784 533361 337228 699804 746927 835664 432119 970466 651971 638288 406123 537128 687345 448471 285634 831840 639184 549800 383625 542020 677457 472069 653879 147409 319747 498842 470981 225665 514497 504731 581818 966595 780671 853417 293884 660870 641506 199166 464444 720719 647384 528559 443703 525195 181165 330935 284467 417454 536096 732350 722366
526508 672297 335475 612703 452688 515350 1053045 541661 914561 247555 1123137 520855 680570 203522 656574 965243 510497 572056 96244 653945 141670 226079 812402 554512 948388 770695 895580 189945 612666 862676 801004 648414 966050 506447 723293 584010 744891 74104 729448 896918 999999999 90776 252332 802127 479603 616611 594622 612053 728979 1142300 423870 566422 478386 196704 85389 727105 223312 249945 294079 689066 500944 670717 741327 616376 120352 762763 389692 912533 626421 801831 432932 516744 1011146 676445 701325 479592 1038119 482244 433166 329098 98663 131141 210390 605858 346739 306634 699418 825604 540667 419927 438680 901088 494589 1076139 924988 1095561 894928 383187 228678 657818
486434 597637 263471 554706 450183 461956 962899 510303 826849 171554 1033971 505950 622877 274484 628904 877757 454643 481553 126287 566769 131910 185139 722308 468407 857622 680867 812152 230125 523405 772520 757296 574722 888748 433449 632527 493864 655535 100433 639605 810506 90776 999999999 183768 716569 413463 533669 504689 524045 639260 1053592 333753 477824 406072 114862 87081 666521 279458 173692 204181 599496 445793 639798 653183 532666 124796 723593 299169 846558 576981 765674 352695 439624 922307 585670 647462 409737 947974 421312 362911 254907 182851 43583 226683 521536 264306 218125 612218 737853 517322 339710 375135 839959 406412 988909 855056 1005182 831869 309903 192501 631943
318342 420059 328215 371709 344651 547186 836544 352402 681840 251873 896892 373437 688517 351593 471887 731094 273096 403164 206249 522878 307173 81958 640941 321168 748957 604971 650381 261416 395570 688652 581385 396088 714340 469072 529347 422444 524825 201959 514517 659246 252332 183768 999999999 562576 472200 372657 436111 386028 512722 912988 280881 345915 446952 205674 179092 482836 324790 30532 192159 530557 264739 478416 596821 374146 172672 551908 243431 663380 398306 596441 187439 459482 783596 487438 465746 227746 821765 237918 181094 78540 308634 178606 215775 365365 289179 217199 467186 681590 370656 359529 191404 656198 367590 840230 673564 882063 648163 131176 94385 477206
530962 221074 645434 394066 729968 775696 315508 584847 128970 652080 347513 679530 813178 908852 630777 172564 437171 350279 768815 442372 798115 627389 350030 248224 304317 357683 107799 811645 217422 361550 547308 242167 243840 629605 246402 364320 132813 763025 160212 97290 802127 716569 562576 999999999 680604 191279 369749 200816 154580 357807 452158 249166 633734 657171 739542 364427 873184 555956 549977 366520 444874 610848 421387 188594 735072 573599 465019 358296 461518 615240 375237 591734 236823 268967 427447 374666 302925 420124 407655 484931 870356 687916 756152 197330 579929 554970 111600 454834 633698 573738 432324 410381 454724 278362 314884 364735 384818 438854 635079 644129
763691 693070 151940 753443 815638 96939 796981 808882 738444 243892 891757 843871 216738 682178 923995 786762 683577 330789 539690 293472 357018 536318 484383 492236 659128 440772 788072 642867 469321 529670 987244 682206 916267 58738 472105 319615 561324 513840 534382 746430 479603 413463 472200 680604 999999999 573344 317569 497072 538157 920525 263969 456370 46871 302798 499459 833861 692638 441835 281463 369149 679565 924522 377769 564150 533387 973449 279400 960328 807456 1022037 487237 96808 798775 429887 849177 586991 783538 637827 554946 478393 577249 372955 630623 549357 184079 256478 573644 442825 835313 128153 594415 982221 227404 890207 942568 825161 964345 509051 548817 931667
373338 127284 503697 263362 556644 670197 489069 430298 315940 491409 534818 518013 743338 717589 501216 362812 271075 273697 578808 407258 625660 436132 403115 82275 436677 388564 278978 620419 134131 435687 473232 126500 365548 531940 270244 296354 197212 574052 203504 288548 616611 533669 372657 191279 573344 999999999 308080 97548 198453 547427 315814 120800 528131 486577 550770 291145 682086 367950 386027 354972 276674 486832 427133 12252 544722 481861 316128 387381 334841 529549 185318 498578 422010 257651 333087 189881 475075 243783 218138 294524 681136 508480 565183 25014 436805 396298 116359 490212 477522 451404 247036 414148 350700 469636 370152 537486 394260 247590 443802 513693
617133 435305 324718 549638 746410 409722 495532 672530 420913 370993 584438 739589 446899 763992 768709 469522 516445 38933 605816 103916 532570 518061 217889 243165 368960 176211 475641 687886 178048 268269 774946 433291 611399 263074 157696 14668 244918 588222 217515 429563 594622 504689 436111 369749 317569 308080 999999999 213349 221624 611255 171010 190969 271311 404223 565802 597603 749857 411438 300571 95959 517096 760333 161215 296384 581831 776621 206970 684379 617028 825550 324001 224323 485515 112837 632789 410342 481232 473725 401853 389238 686443 463534 649534 283321 272131 289228 270151 245518 712533 232505 446544 718374 111640 574411 656543 530094 696883 383359 530460 779557
453337 223297 447064 356410 621248 593819 450705 510666 302833 451286 512621 592676 655110 737596 590359 353869 349270 181269 589112 310513 598867 459756 313892 69346 373853 295275 306082 645271 36611 350753 570626 224023 421206 451229 181095 202561 139417 579970 133261 289117 612053 524045 386028 200816 497072 97548 213349 999999999 130211 530610 253689 48402 450720 457857 556197 388593 708386 373736 349676 257621 353106 577656 330230 85361 557286 578133 264432 472895 427235 626133 208159 415783 399847 162110 430052 253263 435972 314699 267111 313274 687047 492645 594268 74399 380879 354179 90189 395782 556113 381678 305272 505153 270105 465206 448709 496721 483924 278403 469448 602431
571377 299066 522581 458448 748076 631215 325142 628477 204253 545199 395651 714694 659995 864038 698188 254959 468386 208972 713027 287968 701000 588249 215252 199478 244137 212441 256355 773282 117606 240995 651582 309746 398302 484546 94055 218557 23311 702223 6295 208275 728979 639260 512722 154580 538157 198453 221624 130211 999999999 417218 335069 166830 491531 561523 678453 464695 836547 498299 451020 212141 473399 682690 270175 187815 682230 667810 356924 500841 530000 713653 338225 445901 286035 115071 517519 378759 310253 437790 396210 441930 808506 604647 723262 184747 460478 450187 90614 313878 675385 441086 432817 546306 318040 364514 462981 369661 521995 408544 598268 710856
877316 565234 931945 732222 1082268 1004638 135122 928082 231784 961408 33621 1025257 986834 1262729 954915 185269 789600 612214 1118174 631664 1118148 981678 451211 592124 277649 489457 306100 1166925 530505 419165 829684 589495 379573 862591 453704 613836 399053 1110053 417901 261784 1142300 1053592 912988 357807 920525 547427 611255 530610 417218 999999999 750290 575886 876402 978728 1086314 671353 1229018 903086 868236 552174 797961 931558 562209 543246 1085484 869626 773837 570371 792738 902117 727469 823810 131417 500419 740240 732432 144922 776190 765071 836932 1217306 1020409 1112382 549865 872895 867113 445871 536505 976830 843318 790069 636288 720275 96361 511318 137482 611494 793731 989991 968386
520657 431008 193457 492898 613538 359368 645989 571069 537531 211403 726720 622297 458327 594596 680126 588834 431259 149224 436323 244206 370785 361306 388566 233561 530086 347221 558917 521995 235105 438812 726937 419016 672971 232841 306747 160141 355562 417953 333580 533361 423870 333753 280881 452158 263969 315814 171010 253689 335069 750290 999999999 207229 221975 236398 395832 570012 583012 253087 129831 266321 428692 677289 324433 307878 413803 716530 38114 699894 550529 765572 229517 208086 619921 258621 587319 329445 631218 385335 303347 252153 515444 292912 487597 293126 127821 120850 340607 409881 604247 137394 346216 719278 86847 699262 685790 684866 702020 265998 374184 689160
443807 247314 400207 361263 599873 553301 491403 500782 349719 402915 556953 577844 622561 697214 588016 400957 340148 154739 546695 293141 550693 422015 326113 53918 405804 301489 354045 606689 50021 367317 584144 243227 465960 412870 197513 178294 179933 536548 168616 337228 566422 477824 345915 249166 456370 120800 190969 48402 166830 575886 207229 999999999 410506 409701 512761 406995 669997 331666 301316 251578 342637 577382 325904 110144 515595 587135 216420 506914 430263 635852 176529 378731 444733 167463 442111 238044 476559 301568 243778 276067 643271 445628 557333 95837 333754 305806 138538 398202 544430 337989 285163 534938 231249 512406 486439 536394 514908 246632 432284 599559
729963 648815 143185 713884 791545 143110 754018 776639 692222 234520 847958 815641 244025 678674 890371 740738 647006 283954 531306 252880 364553 515073 444037 447404 617384 399972 741204 632907 422672 490396 947910 638533 869558 28349 426610 273040 514675 506273 487806 699804 478386 406072 446952 633734 46871 528131 271311 450720 491531 876402 221975 410506 999999999 292322 490216 791792 685282 416424 254803 326212 643423 889921 339670 518761 522006 935618 240619 915366 769491 984416 448422 55957 753810 383854 808940 548489 740422 601094 518215 446811 576903 363944 616487 503992 158208 229753 526844 408767 804822 90924 558765 938222 180806 844687 896887 783202 920031 474231 527825 898438
523728 571096 151110 562441 529158 360341 879751 557758 757912 58922 956841 571684 516070 389300 677367 809377 470002 385502 239024 457957 141015 248086 621825 412055 766415 579130 758644 340832 450402 672269 782235 551049 850973 319375 542495 394744 579980 214288 560984 746927 196704 114862 205674 657171 302798 486577 404223 457857 561523 978728 236398 409701 292322 999999999 197899 666647 393106 180655 110547 496878 462741 684088 546169 483105 230653 755460 206736 833507 597748 800789 322076 324773 847456 494560 659381 401339 864895 429685 356713 250712 294113 71842 328301 470207 150391 115595 547993 629932 573803 225061 381611 835922 300105 920829 834057 919798 824478 301351 259308 682442
441119 597287 348556 529555 375929 549024 1003595 456838 856287 256205 1068814 439616 709804 199102 572469 906225 427078 539019 41818 636019 202263 141655 781263 494640 906499 741424 829093 143437 560950 830895 715625 572773 892311 517187 682409 553883 692658 23787 679534 835664 85389 87081 179092 739542 499459 550770 565802 556197 678453 1086314 395832 512761 490216 197899 999999999 644480 195737 183713 270522 661645 417380 586108 719715 551692 40651 677443 358935 831626 541523 716719 365498 521139 955927 637132 617028 402423 988704 400589 356734 257595 131054 126590 142059 542241 343225 288713 640846 805026 457218 419701 358435 818361 474587 1016199 846043 1047674 812871 309719 143557 574056
250116 167616 734209 115784 457799 928438 668335 284557 477374 693091 673033 380988 1021027 750303 284692 503074 218208 561730 655686 698101 787569 503420 679651 357062 667982 671741 367753 650305 425203 704404 186947 164702 326284 800613 550779 585216 453928 663177 470783 432119 727105 666521 482836 364427 833861 291145 597603 388593 464695 671353 570012 406995 791792 666647 644480 999999999 699814 496907 593441 645209 228255 260518 716239 303267 620628 209173 556702 194047 138120 251641 355433 771153 577402 545700 69124 265473 657534 245497 310079 418188 757456 658726 590646 315234 671094 612067 374304 774230 329126 706293 291439 173987 624910 576079 225962 716529 169218 365511 503624 298077
