NAME : synthetic_000907
TYPE : CTSP-D
DIMENSION : 100
GROUPS : 8
RELAXATION_LEVEL : 1
EDGE_WEIGHT_TYPE : EXPLICIT
EDGE_WEIGHT_FORMAT : FULL_MATRIX
EDGE_WEIGHT_SECTION
999999999 750426 644022 661260 186895 350280 187713 360398 466068 155022 429623 255704 505031 550048 409232 536041 74906 682179 599934 223607 616546 193918 370107 650508 627254 619981 183482 461509 531754 231307 683202 392200 522139 556570 103594 368728 722681 288034 493026 408167 332083 290528 734505 295389 107202 254603 792475 643401 238551 379443 210699 400630 781655 392045 758560 196881 474346 469637 616176 270332 185804 736210 792654 475477 630955 560391 787623 447853 110710 754914 324681 629965 608268 687185 471032 524731 391004 716323 384347 624446 607086 527708 531720 125912 267144 771945 267059 450586 179305 560672 703704 197707 368426 350376 339654 273028 260253 641710 769297 531484
750426 999999999 339081 939595 719365 436035 603943 925395 287528 877447 530244 608156 779009 429312 367458 946906 750588 742186 150506 717253 282550 660659 531036 391214 493884 510203 671992 289792 646755 807096 1008426 391158 311279 506672 853053 510799 292523 466076 461272 342378 529733 950347 190491 805684 857429 547631 649946 473689 954006 497070 956997 660017 999589 476860 567793 785325 489523 562466 382522 1020333 662363 433666 95795 511509 354962 511364 209125 482937 804470 80744 654602 348308 736330 80198 279552 275120 791210 35617 398065 634851 392796 397269 321897 846379 681360 512539 483858 300706 576040 746107 539413 741217 395844 401590 426641 529293 1009847 811130 33070 525577
644022 339081 999999999 617193 701310 474714 576087 685868 341892 723276 643399 625761 475867 612755 428871 653386 677998 404981 289438 716362 511879 483337 610561 629473 156048 717762 496683 295309 330691 601123 689314 449117 142580 185360 731176 587955 577529 436026 611602 340489 585412 747282 170774 574139 743855 390480 320761 134660 782807 579708 817427 387964 665723 565455 240736 760919 628481 270644 49869 899049 488793 125790 293326 225450 19788 691828 201537 222020 651209 410373 707265 16175 407732 354987 301222 425931 523900 331778 273881 299796 62836 569082 492073 765534 464040 200197 414503 332118 473136 427237 203572 548164 305131 348783 324078 371435 875491 481709 372119 212108
661260 939595 617193 999999999 835983 813268 765424 364712 791005 595289 981106 850708 182623 1037548 820890 163242 735235 245762 837166 870415 1009179 497504 922264 1103921 467021 1139661 501053 744873 292883 438370 74567 824492 635849 435018 666544 907326 1105908 723153 1002564 740724 880325 489143 787944 369434 688973 544428 436954 493353 583813 909359 672539 325391 122433 908643 482679 857785 1001055 383867 567993 758816 504685 586742 909003 433374 598119 1090133 815029 470415 570870 997800 942695 603838 211220 929529 758665 896877 270850 922689 618030 325324 555759 997015 948153 762241 416224 545255 670621 770031 627655 193548 466278 464064 649144 688305 632160 547090 716886 142207 971978 414123
186895 719365 701310 835983 999999999 283537 126059 547278 436149 326174 282754 119067 669710 421361 352125 719149 115621 825926 575386 36741 523350 343645 234001 526398 723965 469553 337665 452454 669215 416316 863340 328888 563011 659661 249115 242703 620778 272508 360699 394108 209571 471058 751544 477339 235392 350744 907993 734394 403301 256737 343743 548396 954005 275138 860986 65971 335297 589852 685361 361457 335772 811385 781173 581287 692620 410155 805318 544074 296767 703787 148355 689866 757462 645482 457047 457126 565428 683770 427505 752680 679136 411274 441161 172198 425099 861285 286808 428119 247600 715476 805194 374023 397216 358810 377303 362842 372990 800620 730991 640261
350280 436035 474714 813268 283537 999999999 175016 636103 158176 499543 180942 173674 630783 230000 68603 745120 329375 720139 294513 281778 266592 354040 137123 316266 545983 327246 358902 187528 567455 495169 862049 45673 332736 498930 452377 115130 373563 91986 189396 134743 111366 611980 486124 527549 450803 271268 743945 547168 583007 109616 560106 488345 914880 101038 679909 349445 189038 468606 474195 608149 350550 597390 501230 437345 471751 276916 538656 392368 435705 421830 237779 467208 669969 362010 187599 178493 571058 400422 230463 623296 472188 195170 182127 422887 418993 661965 144380 155526 217732 645581 626863 428863 191528 141954 193700 266461 605995 732351 447493 491335
187713 603943 576087 765424 126059 175016 999999999 520661 317327 342500 246605 85630 590093 362342 241218 666656 155034 726715 456899 141155 435590 268978 185371 463060 605675 435158 267362 329170 568769 379784 801647 220220 437148 544084 284668 181798 539750 147136 305650 270892 145426 471220 626590 429188 280299 243717 794144 614507 426205 191989 391683 458017 878689 204336 743175 189262 288126 482304 561590 434271 262340 687871 660913 468031 567857 376112 680439 428336 288670 595410 177699 564930 662914 533037 334727 353504 500514 568559 302647 645871 555843 340593 350739 247874 349328 740149 161983 307223 142818 625931 687532 322776 271454 232822 252545 252198 434399 713026 618010 526970
360398 925395 685868 364712 547278 636103 520661 999999999 686529 247962 765438 602147 286917 862928 672628 206881 433231 499907 786862 584000 887463 285163 703512 952279 587416 949288 278376 656603 407602 142143 359318 665364 624595 520385 328580 695808 994806 547626 813257 624410 661504 124454 834288 119789 350562 390609 673688 613244 220563 703040 312046 300839 484905 709993 678418 549195 801386 420278 640242 395464 287315 722981 932204 460937 666945 891936 878609 467334 251245 958452 681375 669703 422924 885287 670185 778162 174139 897661 530711 502162 627379 830960 808986 430394 244431 720889 500335 665616 418506 366873 635708 207246 542707 558790 514108 405727 353054 413845 952852 489038
466068 287528 341892 791005 436149 158176 317327 686529 999999999 600739 304786 331210 611459 277230 95097 754345 463127 653570 139613 437897 218209 404718 280803 318557 443489 384533 413972 51306 514978 554697 849561 118977 209310 412893 569431 258144 318341 179124 270056 62788 265454 689748 329613 568768 572450 295930 639993 438096 680585 247431 675086 472110 878443 230510 567905 501980 286642 414561 352838 734785 404382 467619 345065 371423 343306 352509 381504 328056 529749 289598 393682 337716 617975 221125 41430 106251 583314 252488 173696 548024 354166 232929 164481 558897 446473 539136 203507 21578 297675 606298 519120 486447 148144 128856 173780 281480 726284 687951 304006 414662
155022 877447 723276 595289 326174 499543 342500 247962 600739 999999999 584137 409432 469367 704795 554368 448537 211830 671648 727807 362019 766032 239940 524986 804641 674137 774677 226596 588166 538530 166522 601503 539371 618999 601389 83156 523744 873088 428394 648004 539715 487104 147634 837141 234108 103989 342097 812854 694828 83903 534389 97005 404698 717689 546720 793965 313244 629334 502940 687642 186577 234617 797514 909519 523706 707532 715004 888378 507836 74038 890058 471827 707919 593272 819910 599303 669468 342599 844688 490042 637327 676727 681582 681667 184910 276782 819454 397260 583172 303186 539417 742262 185355 483586 476774 452953 361921 155023 609077 899079 572242
429623 530244 643399 981106 282754 180942 246605 765438 304786 584137 999999999 175430 799836 143819 214547 899130 378929 899966 415413 258723 274816 499069 61961 247987 725178 190694 500537 348296 745986 623680 1025249 195274 504294 679678 517649 73796 355697 261593 84567 305768 104426 717264 626747 668206 508366 436955 923473 725095 666764 73018 620062 659050 1086969 80404 857649 335946 54916 648121 648084 644120 493770 768272 612747 618065 642666 130909 675798 573165 534589 489824 151564 637589 847718 450105 343582 257920 727553 496418 411240 804067 647214 147874 209742 453923 573466 836215 312671 311777 359510 820639 805396 563177 372330 322863 374128 436041 654002 907988 531136 672273
255704 608156 625761 850708 119067 173674 85630 602147 331210 409432 175430 999999999 674632 306799 241450 751997 203707 805604 468174 109448 404283 354590 119523 411218 670813 366084 352970 355072 647734 462403 887272 217325 483779 612860 342248 125002 502188 190230 246793 297983 90707 545360 656005 513752 333336 322772 863307 677297 491666 138600 445297 540923 963423 156419 808175 182396 223999 558060 616781 474103 347968 742903 674900 539679 619662 306251 709155 498021 363107 588262 94477 616039 743804 532425 357387 340924 586143 572556 357848 721108 612382 293634 322267 283053 434765 800124 222864 326410 225438 708429 752998 407232 322390 276983 309565 328954 481195 795797 617909 598090
505031 779009 475867 182623 669710 630783 590093 286917 611459 469367 799836 674632 999999999 854975 638552 178746 576399 213315 666545 702743 829605 326438 741569 922336 342377 957049 332047 566616 148530 303052 238178 641916 469344 291023 529196 726122 928135 540945 820026 559624 699932 398893 643262 235680 550860 362883 390195 369914 480383 727778 558437 142780 288931 726629 405366 698095 818811 216553 426088 649030 334159 476065 758895 267514 456107 907685 677400 298838 428868 831798 767793 460874 136025 761549 580573 716849 127524 759075 437891 226606 413037 814561 766781 616898 244676 456427 488518 590266 449822 80193 370480 309061 467835 506070 450025 364846 610225 139948 810570 263874
550048 429312 612755 1037548 421361 230000 362342 862928 277230 704795 143819 306799 854975 999999999 218190 974781 508376 923958 344748 400135 150339 583263 187731 105116 720695 107523 587518 328269 778126 721130 1088928 213059 486032 687697 644749 183136 214351 321857 60751 307333 219628 829331 559114 756640 637841 499987 917105 715156 788541 171172 750049 712202 1134790 158094 844198 477663 88907 677305 628357 780767 579435 738101 520002 638995 616446 83607 602605 594147 648266 375197 295383 610467 881715 350703 318446 188018 800599 398853 429917 820817 630432 44301 122166 589749 648951 812377 373822 292911 444964 862986 796120 656137 393976 350460 406702 493607 787753 948113 423349 686837
409232 367458 428871 820890 352125 68603 241218 672628 95097 554368 214547 241450 638552 218190 999999999 765654 394059 707741 227171 350070 216038 387575 186077 286728 515759 323826 394345 134070 560257 534206 874055 24449 290112 475955 512405 163348 324041 128104 194527 94000 170765 658872 424639 559572 512317 291404 714070 513788 636972 153146 619896 495971 916784 137248 645787 418042 204824 459566 434239 671648 385324 553743 433848 422593 428184 282118 476326 377511 487493 354275 299079 423069 663804 293523 130527 115518 591622 331843 212628 606331 433866 176375 136517 488542 444036 622236 172296 98126 260001 644838 594609 466398 175970 132676 188940 282175 667599 729929 378972 472526
536041 946906 653386 163242 719149 745120 666656 206881 754345 448537 899130 751997 178746 974781 765654 999999999 610944 355621 825979 755071 969624 400431 837999 1052376 520889 1071106 400131 714009 327213 305108 153144 764556 635641 469211 525027 826019 1072569 653134 932707 697256 795297 330681 819255 241843 547472 475263 547380 548435 427442 830395 518603 288515 279696 833067 574586 732089 926537 388272 603756 602275 406163 653753 932549 438573 633600 1017463 854851 463983 435645 994897 839651 638163 291596 923152 728153 856528 174260 924799 582427 398332 590639 937462 899736 624593 326822 629659 600964 732776 539625 245085 544497 346935 606507 637124 583596 483483 559753 252108 977684 441304
74906 750588 677998 735235 115621 329375 155034 433231 463127 211830 378929 203707 576399 508376 394059 610944 999999999 747658 601255 152182 590292 257654 322702 611612 676012 569352 248821 466843 594577 306135 757985 374070 548408 607187 139028 325241 693681 284814 449208 410238 288843 355608 753590 370218 129706 297331 848795 690143 291244 337530 241839 466227 855231 352725 810107 122554 427494 525882 654478 279243 249444 777621 800924 526390 666502 509495 807337 494784 182074 747030 260006 664825 675271 682548 474581 507727 464633 715614 408980 684528 646405 490899 505543 95812 335198 818796 277430 450305 204867 629283 754656 271219 386771 359809 360747 313708 280722 711735 766691 584014
682179 742186 404981 245762 825926 720139 726715 499907 653570 671648 899966 805604 213315 923958 707741 355621 747658 999999999 664270 855234 864223 490028 847972 971725 248946 1030884 499314 602924 157963 505847 319723 718066 463342 245612 723305 829019 949551 640375 901196 616626 809772 611672 572575 442288 743893 483229 193934 271533 690340 827131 764182 281646 263481 821028 237531 864704 907004 251909 359701 855260 498240 350517 696978 285155 387870 989448 591778 330236 622552 809281 899974 394376 78892 747081 615195 758099 337354 731222 495204 109037 349448 880439 817919 802390 415515 301460 592637 634915 584554 134749 227223 497268 532768 580243 526489 476755 817889 107081 775239 239104
599934 150506 289438 837166 575386 294513 456899 786862 139613 727807 415413 468174 666545 344748 227171 825979 601255 664270 999999999 576012 224873 515385 404358 343728 426799 443173 526234 139662 547011 663619 902143 251570 203054 419198 702551 382596 289599 316460 360028 192005 396113 804883 215066 667161 706960 402498 609270 413128 805130 370027 806614 537499 910096 350873 530051 641284 384055 453443 318929 869903 516560 409015 206736 403831 298697 427919 261419 367982 655135 171779 523869 291978 644513 98640 129082 160979 662919 116922 256171 555260 325332 304450 223502 697065 542503 487322 333377 150950 425805 644933 489806 596726 248893 251360 279455 384910 859354 718412 171395 431123
223607 717253 716362 870415 36741 281778 141155 584000 437897 362019 258723 109448 702743 400135 350070 755071 152182 855234 576012 999999999 509604 376341 214929 505214 745780 442144 370910 458131 698004 452683 898684 326149 576412 682935 283983 226495 604086 282714 339403 400105 196186 507357 758734 513230 269400 376669 932275 755169 438280 240968 376082 579299 987942 260385 883151 77544 312553 616349 702652 388592 368585 828962 782574 605564 708522 383279 812273 567142 333504 697620 116660 705473 787836 641798 461646 450238 600125 681641 443435 779646 696977 393375 429192 202309 458072 881148 302978 431588 273269 746857 827425 409411 411288 370199 393440 387603 402638 832481 727298 664596
616546 282550 511879 1009179 523350 266592 435590 887463 218209 766032 274816 404283 829605 150339 216038 969624 590292 864223 224873 509604 999999999 602315 297517 118995 639515 228711 609579 265186 730877 749894 1067656 227540 404312 619799 717960 283360 108030 343902 194054 272407 314055 874570 429807 772919 715268 501343 828845 629097 849367 268785 825627 689770 1095331 249220 751251 585717 224798 631132 536698 869339 600425 633393 375772 586293 519384 229923 468365 544044 701206 224951 419781 512852 833165 206474 251803 113205 797089 254327 391728 756703 541403 127713 84957 680399 654393 711173 387685 239339 475914 823645 708137 681905 363733 333671 386064 489629 869891 904221 274180 625433
193918 660659 483337 497504 343645 354040 268978 285163 404718 239940 499069 354590 326438 583263 387575 400431 257654 490028 515385 376341 602315 999999999 437727 669153 442599 674959 13360 379463 338016 149988 532697 380980 383102 370397 256811 426328 709735 263802 537035 342048 395009 289722 601613 173510 273402 113053 599917 461249 303409 431378 334613 208589 612881 435409 569790 376141 528596 278288 448176 418795 8212 560693 682068 290220 467652 619732 651786 269725 168414 684866 445497 467992 417846 612252 392418 493433 231649 630194 263281 430635 437493 549175 524021 318083 81885 588370 215343 384350 140118 373125 515832 81870 266639 275985 236406 131500 392863 457344 685512 343313
370107 531036 610561 922264 234001 137123 185371 703512 280803 524986 61961 119523 741569 187731 186077 837999 322702 847972 404358 214929 297517 437727 999999999 292573 682335 250081 438972 318770 692671 561729 965314 163331 469136 633337 460604 22778 389304 207617 127401 270083 42720 656490 609403 606391 452408 378987 879941 684035 608040 34349 564504 601610 1029401 54195 816775 292279 104868 596131 611185 593086 432317 733925 607761 568530 608188 190803 660320 524063 473856 499320 124857 603509 793533 451927 316329 256005 666884 496113 365471 754386 609285 178454 221309 402107 512838 799041 256923 283793 298527 764734 763492 501262 326645 276892 324926 379210 600704 852278 535762 624072
650508 391214 629473 1103921 526398 316266 463060 952279 318557 804641 247987 411218 922336 105116 286728 1052376 611612 971725 343728 505214 118995 669153 292573 999999999 753157 125330 674594 368839 833060 811434 1159100 289067 516826 729274 746932 286774 125645 405353 165866 363442 322864 925346 547752 842471 740743 577746 944701 743978 888527 274121 852890 780400 1195312 259260 867948 582730 193222 732359 652585 885319 666043 751745 486431 689936 636329 151139 584764 646332 745801 323856 399254 629880 936273 319645 356547 213710 878309 366288 487084 865428 656698 123319 155972 694270 729765 829184 455091 338055 533998 922823 823692 745035 454791 417198 472710 568894 891615 1005624 377729 732644
627254 493884 156048 467021 723965 545983 605675 587416 443489 674137 725178 670813 342377 720695 515759 520889 676012 248946 426799 745780 639515 442599 682335 753157 999999999 828020 455449 392441 193920 529432 540396 531537 236519 72749 699410 660870 716015 484435 708813 421816 650177 668330 324846 487620 715719 379043 198411 27547 720622 655487 771051 288853 510078 644837 137550 776386 720583 173540 111700 858596 449730 136200 448701 152477 139046 794258 348345 181410 607682 562773 760641 145628 255929 503255 402419 541400 415531 484338 317639 144598 102712 676395 605476 753060 398535 145805 448104 428214 478485 282724 82188 489531 356093 405689 362634 363885 829160 328569 526954 102613
619981 510203 717762 1139661 469553 327246 435158 949288 384533 774677 190694 366084 957049 107523 323826 1071106 569352 1030884 443173 442144 228711 674959 250081 125330 828020 999999999 678050 435655 884070 807149 1189256 316467 592973 795186 708205 254354 249795 418839 138401 414341 290000 906376 654938 847232 698566 598473 1024151 822187 857420 246329 809975 814336 1238859 239836 950751 517498 148007 783392 734729 830492 670489 842689 604212 745800 722083 59858 695674 700853 723810 446562 327278 716005 987598 435153 425647 291854 897413 482897 536268 928102 737084 151742 225690 641680 744350 917745 471474 400412 535073 967625 903089 744228 499785 455068 511097 593540 842360 1053245 499171 794113
183482 671992 496683 501053 337665 358902 267362 278376 413972 226596 500537 352970 332047 587518 394345 400131 248821 499314 526234 370910 609579 13360 438972 674594 455449 678050 999999999 389748 348286 141054 534570 387042 395950 383169 244006 428183 717178 269446 540404 351224 396263 278655 614482 169294 260840 124425 611571 474248 290489 433652 321258 217678 617342 438288 582192 368303 531242 290429 461530 405534 9683 573917 694266 303131 481009 622369 664759 282991 155071 695322 442971 481343 426458 622828 402575 501340 233405 641324 275035 441631 450838 554064 530635 306907 87574 601239 222062 393781 143020 380849 528361 72700 277363 285131 246957 143231 379512 464388 696611 355903
461509 289792 295309 744873 452454 187528 329170 656603 51306 588166 348296 355072 566616 328269 134070 714009 466843 602924 139662 458131 265186 379463 318770 368839 392441 435655 389748 999999999 465965 528900 804780 155564 159399 361692 563672 295996 361520 183483 318998 58360 298477 667966 300989 537627 568679 267576 589280 387492 665757 286610 667234 429048 830173 271262 517852 517501 334035 365988 303537 731778 380068 420616 334098 321793 295477 402659 354309 279018 515591 305679 425271 290133 568620 233565 14144 155462 544908 256579 131635 497051 304335 283973 215553 562416 413754 490700 194485 36958 286249 558477 468554 461249 113919 111798 143268 251211 720334 639209 310928 363893
531754 646755 330691 292883 669215 567455 568769 407602 514978 538530 745986 647734 148530 778126 560257 327213 594577 157963 547011 698004 730877 338016 692671 833060 193920 884070 348286 465965 999999999 377889 362149 568662 344446 145422 581702 674237 822784 485149 751652 472006 653805 502852 500148 322934 601232 325269 275513 221441 569428 672993 634141 134607 365062 667861 270932 709738 755679 100944 280837 724855 346190 328371 618842 145011 311082 840162 531762 186972 482296 705312 742135 316259 103606 637722 479141 621051 233489 629888 348361 99288 268024 735345 677543 654536 268892 314877 436370 495068 426715 99353 228997 356505 384288 429886 374759 319022 690289 173409 679106 121719
231307 807096 601123 438370 416316 495169 379784 142143 554697 166522 623680 462403 303052 721130 534206 305108 306135 505847 663619 452683 749894 149988 561729 811434 529432 807149 141054 528900 377889 999999999 454119 525789 518516 457521 229252 553761 857654 407859 671156 492009 519608 147244 734969 69519 251502 261457 653379 552440 192609 560916 258484 247030 560466 567864 640841 426984 659259 355894 560033 349596 150527 659388 823213 385344 583554 749848 782855 379282 132610 833866 544413 585120 427261 761048 541999 642236 176974 777445 409053 477173 548005 689672 670102 323912 137102 672262 362214 534337 277441 373066 591467 68357 415536 425931 385652 278711 313259 442905 832820 426873
683202 1008426 689314 74567 863340 862049 801647 359318 849561 601503 1025249 887272 238178 1088928 874055 153144 757985 319723 902143 898684 1067656 532697 965314 1159100 540396 1189256 534570 804780 362149 454119 999999999 876140 702267 505975 677273 951517 1166297 770840 1051369 797121 922929 482214 859935 387838 699748 591131 509616 566920 579637 954477 671337 378755 140370 955057 556948 879976 1048140 448983 639886 754086 539316 661153 980247 499306 670091 1138126 887984 534275 586027 1064893 977479 675690 285020 995777 818728 954803 301176 990560 675929 399463 627493 1049366 1003885 776110 453556 619734 718135 828332 667815 263126 540836 489319 705261 742096 686395 595757 711359 216774 1040599 483849
392200 391158 449117 824492 328888 45673 220220 665364 118977 539371 195274 217325 641916 213059 24449 764556 374070 718066 251570 326149 227540 380980 163331 289067 531537 316467 387042 155564 568662 525789 876140 999999999 309156 489390 494937 140555 335391 117934 183184 110556 146544 647394 448589 553921 494102 289337 729948 530526 622417 131068 602598 499143 922451 116354 662888 394738 190293 468391 452817 652422 378250 573511 458217 433229 447792 271601 500424 388046 473771 376159 274838 442832 672005 316595 153045 133719 590315 355542 223200 618035 451963 173381 144880 467998 440788 640955 166136 120491 249509 651172 611102 458457 185298 138856 194683 281639 649396 736933 402110 484611
522139 311279 142580 635849 563011 332736 437148 624595 209310 618999 504294 483779 469344 486032 290112 635641 548408 463342 203054 576412 404312 383102 469136 516826 236519 592973 395950 159399 344446 518516 702267 309156 999999999 217730 615661 446643 486253 294651 478391 199288 443104 665454 218539 506234 626001 277142 431196 229241 686431 438895 709211 349023 707043 425385 358605 624132 492958 253526 144338 785783 386991 264794 307615 202968 139055 561781 269381 171731 545189 362753 564692 134476 441462 293688 167888 304913 481690 289851 139428 354685 144949 441775 369289 639285 384899 332139 277113 196196 345294 442907 310118 457570 165833 207058 188356 257302 766234 515382 342114 228159
556570 506672 185360 435018 659661 498930 544084 520385 412893 601389 679678 612860 291023 687697 475955 469211 607187 245612 419198 682935 619799 370397 633337 729274 72749 795186 383169 361692 145422 457521 505975 489390 217730 999999999 627173 612584 703956 430432 670450 382444 598974 597603 354793 417530 643699 311435 250478 94962 648305 608400 698303 219981 494118 599361 202946 710231 679663 102096 135491 785892 377619 203487 474273 81103 165705 757556 386690 115806 535028 569233 704420 170838 229701 504487 373252 515636 350750 492240 268469 137094 122621 643630 577229 682469 325908 218369 390251 395433 412706 243007 147487 416826 307402 357041 309195 297404 756412 304502 539411 31391
103594 853053 731176 666544 249115 452377 284668 328580 569431 83156 517649 342248 529196 644749 512405 525027 139028 723305 702551 283983 717960 256811 460604 746932 699410 708205 244006 563672 581702 229252 677273 494937 615661 627173 999999999 461868 823404 391613 586283 511068 425224 230517 830822 298771 22489 341219 851782 717891 154298 473578 107729 447196 788882 487681 825647 231061 565471 533415 699830 170430 249731 815859 893224 547015 716911 648350 883436 524858 100888 858440 396793 716502 646193 790511 573518 627844 405308 819132 480176 678649 689876 624996 633022 102119 313158 845178 369242 553701 278867 594385 772127 226221 467272 452136 437706 360681 156901 669009 872338 599804
368728 510799 587955 907326 242703 115130 181798 695808 258144 523744 73796 125002 726122 183136 163348 826019 325241 829019 382596 226495 283360 426328 22778 286774 660870 254354 428183 295996 674237 553761 951517 140555 446643 612584 461868 999999999 378230 189154 124506 247506 36705 652559 586929 596468 454722 363253 858650 662276 607210 14643 566930 585503 1013422 34991 795019 303191 106580 577114 588889 598829 421208 711437 586548 548634 585686 196212 637959 504012 470230 480843 143927 580978 775524 432004 293560 236102 654111 475739 344422 734597 587095 168718 204790 407808 500030 776814 239539 261021 286458 747641 741887 492065 305532 255772 304747 362618 604869 835082 516216 603800
722681 292523 577529 1105908 620778 373563 539750 994806 318341 873088 355697 502188 928135 214351 324041 1072569 693681 949551 289599 604086 108030 709735 389304 125645 716015 249795 717178 361520 822784 857654 1166297 335391 486253 703956 823404 378230 999999999 451932 271157 376012 411488 982578 468489 879710 819985 607454 898138 702719 956570 364068 930919 790009 1187846 345769 818195 681199 301536 724522 608517 972038 707977 692981 387899 677776 587766 275402 497868 637181 808816 216515 506241 580996 923665 233768 347570 217549 900954 274694 491545 840937 614888 211032 191444 782060 760262 772319 495450 339882 583944 917723 779188 789594 466077 439021 489954 595109 974047 996061 272687 712617
288034 466076 436026 723153 272508 91986 147136 547626 179124 428394 261593 190230 540945 321857 128104 653134 284814 640375 316460 282714 343902 263802 207617 405353 484435 418839 269446 183483 485149 407859 770840 117934 294651 430432 391613 189154 451932 999999999 280645 125865 169954 530781 479455 437150 393812 179737 679700 489334 510336 188644 498145 399033 826578 185875 621160 336382 277902 388581 426600 555817 260782 552679 517157 362357 429556 367346 533307 318473 360241 466962 276651 426023 586378 399961 190283 241667 479080 431290 168348 547736 422362 286007 262533 380618 327095 610671 52705 165522 132020 559143 566503 340599 132197 87683 121842 176099 548212 646429 483129 418980
493026 461272 611602 1002564 360699 189396 305650 813257 270056 648004 84567 246793 820026 60751 194527 932707 449208 901196 360028 339403 194054 537035 127401 165866 708813 138401 540404 318998 751652 671156 1051369 183184 478391 670450 586283 124506 271157 280645 999999999 288124 161209 775113 574817 709680 578836 460364 906764 705557 731561 113663 691027 677464 1103235 103512 836629 416936 30959 651515 622493 720467 532708 737389 548092 616243 613354 88527 621243 571075 593263 414542 235762 607736 854886 381271 311260 199050 759019 428793 406116 800616 623303 66488 140248 529504 605963 809179 333327 282220 397385 832876 786594 607387 368444 321772 377123 455857 727966 919101 459046 666918
408167 342378 340489 740724 394108 134743 270892 624410 62788 539715 305768 297983 559624 307333 94000 697256 410238 616626 192005 400105 272407 342048 270083 363442 421816 414341 351224 58360 472006 492009 797121 110556 199288 382444 511068 247506 376012 125865 288124 999999999 246041 627020 358683 507049 515087 233982 620165 420202 618973 239607 615865 418508 832306 226324 552442 459142 298789 371062 342460 677956 341643 464035 391295 331699 338265 375127 412173 286943 468211 350393 371086 333500 575583 280393 64423 159272 525051 308159 123998 513939 341446 263924 207511 505971 385481 530607 142729 43540 236542 559805 500909 423735 91866 66093 113947 220181 667955 643478 361295 379971
332083 529733 585412 880325 209571 111366 145426 661504 265454 487104 104426 90707 699932 219628 170765 795297 288843 809772 396113 196186 314055 395009 42720 322864 650177 290000 396263 298477 653805 519608 922929 146544 443104 598974 425224 36705 411488 169954 161209 246041 999999999 616488 594998 563783 418225 337725 847000 653061 570540 48760 530430 560450 988043 65730 785655 271713 142701 558194 583244 563326 389598 707337 601934 532216 581920 231331 646949 488137 434037 504264 128314 577534 754080 452073 297774 257354 624282 494349 332563 717687 580645 203515 233010 372410 470260 770405 217460 265358 255878 724323 731790 458780 294118 244703 289809 338623 568779 811935 537063 588513
290528 950347 747282 489143 471058 611980 471220 124454 689748 147634 717264 545360 398893 829331 658872 330681 355608 611672 804883 507357 874570 289722 656490 925346 668330 906376 278655 667966 502852 147244 482214 647394 665454 597603 230517 652559 982578 530781 775113 627020 616488 999999999 882178 181374 250493 402775 776032 692446 98272 661874 191757 380432 609303 672029 772071 460832 759108 495507 705302 271874 288326 800770 969273 528677 729462 847288 930095 525267 182675 973643 614259 731221 533263 901307 680586 770916 275380 919905 552623 600973 693068 802134 792168 331346 283825 808388 490377 670157 398947 477045 725366 209524 555998 561199 525529 421067 229169 531878 975214 566466
734505 190491 170774 787944 751544 486124 626590 834288 329613 837141 626747 656005 643262 559114 424639 819255 753590 572575 215066 758734 429807 601613 609403 547752 324846 654938 614482 300989 500148 734969 859935 448589 218539 354793 830822 586929 468489 479455 574817 358683 594998 882178 999999999 717994 840001 495057 463061 301091 904967 575529 926468 544334 834817 557547 381004 815815 598182 432001 220049 1001237 605531 245449 124794 383145 189853 642520 53909 367912 763228 269996 723113 184263 578428 234753 298908 375844 680609 196382 350674 469381 232511 519382 438436 847124 599642 323337 476381 330631 555512 597511 357827 675352 367351 395743 395091 475226 983094 652248 221561 379770
295389 805684 574139 369434 477339 527549 429188 119789 568768 234108 668206 513752 235680 756640 559572 241843 370218 442288 667161 513230 772919 173510 606391 842471 487620 847232 169294 537627 322934 69519 387838 553921 506234 417530 298771 596468 879710 437150 709680 507049 563783 181374 717994 999999999 321017 273096 597627 512126 248766 602368 322977 199180 491348 607419 591026 492138 700203 315574 530144 413793 177212 620985 813694 351549 555673 791294 763473 353198 201505 838799 599439 557974 363418 765627 551300 662457 108514 777878 411048 421755 517567 722682 696082 392871 124669 627051 387877 547682 312300 308273 544009 106530 423835 441878 395655 287380 375736 375109 833076 386249
107202 857429 743855 688973 235392 450803 280299 350562 572450 103989 508366 333336 550860 637841 512317 547472 129706 743893 706960 269400 715268 273402 452408 740743 715719 698566 260840 568679 601232 251502 699748 494102 626001 643699 22489 454722 819985 393812 578836 515087 418225 250493 840001 321017 999999999 353417 870365 733748 170292 466824 112208 466867 811300 481585 842992 213060 557194 550980 713497 163130 266090 830639 899754 563248 729941 638723 892879 539932 122112 860725 383646 729358 666999 793557 578127 627495 427320 823233 489394 697777 703766 619456 630318 80977 332423 861391 374250 557316 285850 615479 789198 246631 474899 457577 445766 372647 155304 690604 876020 616710
254603 547631 390480 544428 350744 271268 243717 390609 295930 342097 436955 322772 362883 499987 291404 475263 297331 483229 402498 376669 501343 113053 378987 577746 379043 598473 124425 267576 325269 261457 591131 289337 277142 311435 341219 363253 607454 179737 460364 233982 337725 402775 495057 273096 353417 999999999 557704 392814 411967 364963 432188 222729 650414 364381 514215 399057 457177 239710 361580 510335 114836 482160 570715 231580 376838 546999 546472 197648 268171 572424 417244 376092 421209 499654 280811 389948 301006 517146 150791 403150 352507 462221 427016 378504 153121 521467 127039 275011 103410 387804 458538 194234 154080 168845 124318 19841 489431 475461 572470 290274
792475 649946 320761 436954 907993 743945 794144 673688 639993 812854 923473 863307 390195 917105 714070 547380 848795 193934 609270 932275 828845 599917 879941 944701 198411 1024151 611571 589280 275513 653379 509616 729948 431196 250478 851782 858650 898138 679700 906764 620165 847000 776032 463061 597627 870365 557704 999999999 201964 844874 853522 908941 408179 429901 843105 82171 956407 918888 323119 292184 999395 607794 217779 585377 326765 310574 991745 466642 365904 753993 725726 954627 317294 257656 674537 598685 735243 502168 647731 514613 176227 288137 872821 800213 917718 539132 143507 640605 625447 660430 310688 121204 629093 553339 603067 557971 545156 965420 300982 682297 267752
643401 473689 134660 493353 734394 547168 614507 613244 438096 694828 725095 677297 369914 715156 513788 548435 690143 271533 413128 755169 629097 461249 684035 743978 27547 822187 474248 387492 221441 552440 566920 530526 229241 94962 717891 662276 702719 489334 705557 420202 653061 692446 301091 512126 733748 392814 201964 999999999 742992 656330 791607 313855 533867 644947 132743 788123 718419 196993 94526 878556 468191 109773 425446 171371 119157 790101 322759 195728 627462 544117 765964 125945 282148 486358 396761 533593 441872 465542 321362 169579 87949 670877 598378 768975 420226 128710 455250 423804 490502 310012 81071 510814 359197 408373 367985 376872 849814 354208 506738 125981
238551 954006 782807 583813 403301 583007 426205 220563 680585 83903 666764 491666 480383 788541 636972 427442 291244 690340 805130 438280 849367 303409 608040 888527 720622 857420 290489 665757 569428 192609 579637 622417 686431 648305 154298 607210 956570 510336 731561 618973 570540 98272 904967 248766 170292 411967 844874 742992 999999999 617992 93754 439601 704848 630489 833449 383191 712561 547280 744421 175072 299452 848690 982361 573874 766155 797672 955188 563204 150847 969291 550604 767094 611455 898515 677313 751806 353449 921794 562095 668671 732901 765480 765128 248117 323246 864228 477184 662507 383016 555826 783926 234938 558618 555053 527824 431546 133134 617166 976524 618014
379443 497070 579708 909359 256737 109616 191989 703040 247431 534389 73018 138600 727778 171172 153146 830395 337530 827131 370027 240968 268785 431378 34349 274121 655487 246329 433652 286610 672993 560916 954477 131068 438895 608400 473578 14643 364068 188644 113663 239607 48760 661874 575529 602368 466824 364963 853522 656330 617992 999999999 579019 586641 1014516 20508 789045 317553 98351 575253 581704 611983 426467 703625 573447 545696 577853 189094 626294 500895 479807 466498 157962 573040 774700 418123 283647 222185 657974 462080 339971 731713 580197 155056 190159 421020 503975 769769 239973 251181 291289 747761 736221 498512 301034 251360 301686 363532 617538 835071 502188 600322
210699 956997 817427 672539 343743 560106 391683 312046 675086 97005 620062 445297 558437 750049 619896 518603 241839 764182 806614 376082 825627 334613 564504 852890 771051 809975 321258 667234 634141 258484 671337 602598 709211 698303 107729 566930 930919 498145 691027 615865 530430 191757 926468 322977 112208 432188 908941 791607 93754 579019 999999999 500784 794252 593689 890879 312287 669243 599945 782788 91112 328813 893844 994012 620393 802046 750166 978347 603662 166270 964485 491939 802230 685486 895935 677543 735375 430939 923430 577027 733154 772064 731441 740681 175355 373765 916419 473378 658829 381109 630867 839252 282330 567247 555447 537072 452005 58326 697263 977062 669217
400630 660017 387964 325391 548396 488345 458017 300839 472110 404698 659050 540923 142780 712202 495971 288515 466227 281646 537499 579299 689770 208589 601610 780400 288853 814336 217678 429048 134607 247030 378755 499143 349023 219981 447196 585503 790009 399033 677464 418508 560450 380432 544334 199180 466867 222729 408179 313855 439601 586641 500784 999999999 427922 584885 393986 584262 676700 119472 340974 591221 216795 423262 651465 162691 368639 765258 585178 178809 347689 706477 635033 371901 209535 634645 443140 576700 136420 637007 298503 232739 327948 671863 625130 521829 134967 427982 346852 450718 315578 168075 345524 221916 326646 363638 307755 223137 557434 255010 690350 188591
781655 999589 665723 122433 954005 914880 878689 484905 878443 717689 1086969 963423 288931 1134790 916784 279696 855231 263481 910096 987942 1095331 612881 1029401 1195312 510078 1238859 617342 830173 365062 560466 140370 922451 707043 494118 788882 1013422 1187846 826578 1103235 832306 988043 609303 834817 491348 811300 650414 429901 533867 704848 1014516 794252 427922 999999999 1012440 492029 977758 1103733 464199 618804 879918 620334 612973 958774 510073 647881 1191450 855173 551366 692851 1063350 1056357 654180 265613 998145 843532 984686 390658 986226 708369 365951 607722 1093097 1039389 884219 531061 558193 774618 858107 738749 272510 489453 584061 742060 784331 728099 650984 837764 191922 1032506 479188
392045 476860 565455 908643 275138 101038 204336 709993 230510 546720 80404 156419 726629 158094 137248 833067 352725 821028 350873 260385 249220 435409 54195 259260 644837 239836 438288 271262 667861 567864 955057 116354 425385 599361 487681 34991 345769 185875 103512 226324 65730 672029 557547 607419 481585 364381 843105 644947 630489 20508 593689 584885 1012440 999999999 777560 336647 93473 569367 568782 628514 430810 689849 553739 538381 564117 184468 608012 493393 490512 445992 178408 559175 770076 397814 267643 201876 660017 441922 330967 724322 567643 138337 169910 437737 506299 756928 238117 235341 295381 744456 725156 504481 292082 242726 294688 361839 633196 831534 481791 592228
758560 567793 240736 482679 860986 679909 743175 678418 567905 793965 857649 808175 405366 844198 645787 574586 810107 237531 530051 883151 751251 569790 816775 867948 137550 950751 582192 517852 270932 640841 556948 662888 358605 202946 825647 795019 818195 621160 836629 552442 785655 772071 381004 591026 842992 514215 82171 132743 833449 789045 890879 393986 492029 777560 999999999 912638 850164 292322 216147 980082 577301 135991 503639 283764 231895 920385 385798 317272 730802 643722 897629 238476 284080 593216 526477 660342 504372 565820 453595 178838 213796 800013 725843 884461 517281 66591 585560 554472 614824 330213 55801 608641 491652 540952 499505 499770 948405 341405 600130 227094
196881 785325 760919 857785 65971 349445 189262 549195 501980 313244 335946 182396 698095 477663 418042 732089 122554 864704 641284 77544 585717 376141 292279 582730 776386 517498 368303 517501 709738 426984 879976 394738 624132 710231 231061 303191 681199 336382 416936 459142 271713 460832 815815 492138 213060 399057 956407 788123 383191 317553 312287 584262 977758 336647 912638 999999999 389963 635403 743009 315535 367994 868528 846955 630638 751526 459095 869649 595384 298899 769247 190325 749031 793768 711328 522371 522323 587180 749728 487126 796725 736257 470667 504436 137116 455508 915868 347081 493705 297902 749119 856864 393771 458362 421744 436996 412888 332950 832485 796847 689289
