NAME : synthetic_000831
TYPE : CTSP-D
DIMENSION : 100
GROUPS : 8
RELAXATION_LEVEL : 1
EDGE_WEIGHT_TYPE : EXPLICIT
EDGE_WEIGHT_FORMAT : FULL_MATRIX
EDGE_WEIGHT_SECTION
999999999 760638 183645 118683 547668 586247 604309 641719 802575 813457 361620 100436 734756 142119 786655 271587 897212 56014 477217 744605 400077 904256 639482 336228 564689 539122 572994 98249 60428 104792 473373 987071 259185 125905 580880 480120 583827 444922 115021 260409 434688 244470 706196 348018 452114 744588 934169 633954 125534 988493 560171 30057 804002 507742 829082 694066 585307 451370 805313 643289 513297 620568 787239 687526 623107 73773 809014 617817 690237 824928 315563 106807 162290 774430 810603 211703 907538 657654 530308 647601 562471 353680 219892 945142 293418 662935 169170 551489 682190 827632 215053 150668 855367 634096 556260 611920 857249 64513 732871 570545
760638 999999999 920095 839814 479964 205628 159569 173672 141683 55059 400244 739569 565749 842288 418687 727426 627186 815833 565226 174469 589832 603518 157650 484895 235663 374392 616996 839693 725787 723592 428652 387700 657224 879384 655258 370346 416967 725169 673769 585444 370812 603298 921016 502987 308563 121883 306659 454013 705704 501915 324415 731167 43901 487377 963755 434456 713868 608589 617406 524832 467933 426911 568391 329350 147155 754606 177749 142921 818256 306349 545721 681017 914005 13981 441084 856854 483048 793484 476058 284484 702395 407432 683996 219494 476403 784677 897704 584898 308984 571301 704902 873637 378022 405071 749294 424134 164041 756623 127987 296431
183645 920095 999999999 208730 730580 758055 761007 814311 974192 974244 520922 267560 795194 236522 881825 283819 956887 133802 537763 919540 459910 969905 786833 457001 707528 650056 614150 178814 241347 277761 656915 1105198 433318 66009 610452 661772 679738 446916 298395 443261 569043 340613 663888 531658 614926 915619 1061013 817321 301121 1084550 741507 206289 963939 590423 793410 877671 596471 498599 858464 710696 601203 804186 850387 798581 777097 165784 983142 777654 678029 942793 498835 290077 41971 933558 902584 127807 998679 649473 614319 769037 576215 519953 391139 1090324 443764 658051 208884 602438 864026 893225 381417 212048 962336 817726 553700 704629 1000505 164698 876890 696905
118683 839814 208730 999999999 559708 652486 688437 705601 865782 890643 449786 101519 852680 29353 899058 384614 1014897 104373 595721 802599 518735 1021340 730641 446884 660098 649242 691645 31629 119139 117430 503501 1091017 248340 144467 699160 524485 697402 559564 166093 283591 537460 362180 814303 379506 533608 809460 1034531 649035 138234 1099767 603876 142934 882183 624237 939409 712713 702153 570011 923591 760868 628971 640820 904825 796097 709317 185790 867759 698680 804452 929965 339066 159044 169636 853774 923631 291538 1020336 772343 646458 752755 679478 434769 205025 1034640 391736 778142 58461 670137 721405 944889 189911 35266 964095 658040 671192 725958 948793 176489 825140 674575
547668 479964 730580 559708 999999999 291751 412778 306953 418485 507516 371437 469226 864030 545995 792381 695068 987567 597381 706146 345381 672502 975218 482863 511547 473803 593456 804931 576970 489245 456415 103908 855140 312219 668548 835760 156683 664491 801211 432665 287341 476333 565342 1070158 205627 341346 382168 776575 89568 432606 941165 158438 528862 506406 665610 1161177 154398 877056 722143 935719 783284 653712 87704 894010 670396 437454 589540 400980 398135 1001173 733881 232305 440862 703851 491304 820287 737315 895135 968098 672823 607101 856276 338608 355049 697696 424806 965631 604852 769107 208563 916720 371898 583091 798670 110902 882973 689865 640882 585249 552636 549379
586247 205628 758055 652486 291751 999999999 126373 56569 216439 247867 246898 551037 611937 651748 513077 610898 716515 642256 518365 164609 514872 700387 195292 372156 209076 356367 599114 656147 544036 535081 225749 564444 454697 710041 635206 165319 421963 655609 488452 385617 280543 475677 894310 299145 156034 158351 486890 290976 515301 650569 134042 558186 242196 455231 962815 296521 687212 550470 678226 543852 438532 261052 632677 395183 148972 593282 225979 107588 805853 443249 342516 496284 745920 218960 540252 714613 608698 775900 453944 332907 670345 239472 483928 423690 328460 770134 709152 563134 187043 649119 504883 685007 509594 245812 708956 441786 356272 593534 260973 292386
604309 159569 761007 688437 412778 126373 999999999 146891 250639 214349 242760 589658 492100 692952 386730 571327 590898 659034 431742 233176 444616 574268 70093 327597 97639 251380 499873 686348 572345 573810 334524 454239 524508 721419 537386 270549 310294 583664 522564 448968 215947 444758 801763 377446 154936 197630 380792 417278 557402 528739 258011 574591 203463 359828 859930 421429 592944 470569 556059 430219 341396 387318 509619 269664 25827 595725 276053 27613 706483 321743 417028 529420 755733 172787 413879 697577 483406 678463 353843 208179 578404 253694 546197 348022 317245 671361 746734 465045 306022 524339 566741 722846 385897 372147 621456 326583 266614 597960 151442 178613
641719 173672 814311 705601 306953 56569 146891 999999999 160958 207617 303117 604084 638947 703972 526520 665863 733554 697733 563506 108523 564501 715225 208030 425636 240917 393267 639724 710103 598563 588179 257425 551247 501135 765847 676526 202875 455462 705309 542447 434654 329447 531141 938213 344952 211233 103858 471590 289200 567928 648917 150752 613852 204154 496933 1002209 282110 730114 597778 702333 576267 479452 260462 655500 413625 163419 649679 169412 121319 846785 443073 388829 550377 801796 185641 552778 771105 614272 817649 493677 353602 714104 296032 532319 392830 384715 811286 761837 604150 161279 668648 553227 737716 512167 241068 754373 472885 334024 649856 254941 323950
802575 141683 974192 865782 418485 216439 250639 160958 999999999 124517 458413 764275 704761 863447 560370 813430 768791 858589 681146 73252 695029 744871 279504 569867 345096 495450 743026 870786 759470 748414 397417 508317 654810 926480 781085 352374 545888 834296 703191 591641 463545 681508 1046869 499250 364266 58814 427765 369560 727849 634560 283554 774598 132142 606947 1096548 333959 838304 720953 758188 658867 587981 347337 709266 468430 251342 809119 36858 224435 947516 445474 543218 711157 962356 141724 582686 926914 621876 921184 598604 419525 825047 454659 688168 307238 539673 913148 921660 709385 216927 712878 708937 897573 516976 322549 869658 556295 284165 809570 269404 418438
813457 55059 974244 890643 507516 247867 214349 207617 124517 999999999 453886 790007 603717 892372 448145 782366 654067 868821 616685 178213 643316 628610 210511 539942 289829 425179 664892 891262 777509 774011 465034 384298 702341 932893 703139 409546 464313 777782 724766 632051 425760 658347 968369 546998 361409 129450 303524 472770 755651 510524 356360 784109 12988 538080 1007129 446049 762197 660768 651534 568360 518568 447326 602404 368664 202194 808649 160995 196612 864083 325835 590281 732138 967664 43001 468602 911813 501082 840176 525836 328931 751442 459880 730589 192371 530705 830993 948321 633545 322563 602009 751537 924213 396709 424075 799046 469536 159663 810539 165367 347481
361620 400244 520922 449786 371437 246898 242760 303117 458413 453886 999999999 353889 519201 456902 496876 367269 662721 416274 334961 411492 303592 657945 280856 143650 212736 254521 435500 445559 331937 338467 267536 651347 325386 479143 465116 224781 322666 438110 285732 248394 122618 230667 700737 218995 94581 399615 589408 426018 324804 684037 283337 331857 443918 300908 789740 464532 505621 351336 593906 430652 291889 400071 558540 378415 261603 355154 471860 257369 629739 495055 241160 291875 513795 413899 524435 468613 615509 596673 311988 323655 484906 35769 334627 585423 81604 594214 508247 400200 397462 589196 353331 484701 540500 399867 512915 351579 499041 356786 375375 246101
100436 739569 267560 101519 469226 551037 589658 604084 764275 790007 353889 999999999 787759 103348 819240 359868 948013 134752 537303 701284 464056 951903 634164 368779 565964 567620 638534 110064 49267 16002 406326 1000992 165760 202679 650902 424285 620798 528089 68249 186110 449289 303084 796167 281083 434723 707943 942014 557723 37783 1017554 504016 102433 781714 555235 916354 620239 661925 518428 860643 694759 557582 547488 837934 711572 611098 170705 766429 599038 772463 841308 242392 62820 236576 753542 844751 311948 940708 739148 576200 664958 638727 336475 123800 936819 302535 743335 158387 613389 622727 876414 116086 134250 879044 563475 637899 650031 851887 162107 728829 586255
734756 565749 795194 852680 864030 611937 492100 638947 704761 603717 519201 787759 999999999 872921 180751 511874 162985 768572 260023 713581 338907 174885 435603 426572 403025 271156 187895 832553 744866 776822 765399 428828 826746 795537 207014 707368 200006 373920 728610 755121 397883 490500 413456 738190 523095 667369 437284 892290 775026 332930 728956 709831 591333 233802 415887 907326 254317 296602 75089 93276 235043 862538 55562 236456 476777 678244 738752 517868 300006 318429 758330 730345 815738 569555 178403 675793 245540 289632 215050 288318 261412 554774 823054 561174 514583 276658 903412 193051 797252 99007 837507 885417 278201 851917 310144 174205 492785 686269 439119 320429
142119 842288 236522 29353 545995 651748 692952 703972 863447 892372 456902 103348 872921 999999999 914709 411140 1034734 133143 617202 799002 540860 1040468 737385 462541 668585 663989 714416 60967 131856 119145 494357 1102153 233778 172982 722879 518677 714026 585697 171204 276070 549234 382758 842189 372058 538024 807753 1044187 635523 136750 1114581 597379 163726 884243 643104 966897 699731 727240 592883 944389 780708 647156 628508 924587 809786 714441 211886 864182 702113 830819 941779 330369 165071 196690 856266 939644 320861 1036124 798524 665002 764911 704454 439823 191139 1040167 402748 804110 59653 692112 713232 964242 174225 37098 977646 646493 697250 742842 955185 202500 832035 686416
786655 418687 881825 899058 792381 513077 386730 526520 560370 448145 496876 819240 180751 914709 999999999 609621 209395 829432 356152 582317 427476 188832 319323 452255 319679 251836 329432 884209 782900 805982 703043 256432 821804 869414 360035 640199 203683 507117 753850 745190 378431 548804 592139 705873 467778 532080 256873 803743 798888 203074 642676 758525 436666 291954 595516 807060 416107 403958 208484 202632 280628 773733 160454 123067 365343 742648 596287 407967 478925 139404 734860 757511 895083 419583 28186 773857 121476 465686 268046 185800 417170 529115 827628 382613 520784 453281 954427 316755 687745 154006 845011 933720 100435 758875 468891 177352 320194 749283 291413 254159
271587 727426 283819 384614 695068 610898 571327 665863 813430 782366 367269 359868 511874 411140 609621 999999999 673185 284075 257145 774176 182176 686725 576535 244081 494789 398456 330488 357225 310636 356623 597854 846156 480713 292116 328615 574745 413215 175369 330231 442681 356615 136929 436311 494146 454870 755593 811370 767566 368060 810372 644252 258622 770473 318653 557704 815994 321603 215426 574645 429236 332412 745801 567220 540135 580397 199310 831428 594070 419845 686597 482369 326520 307385 739520 628304 165268 722870 387871 342342 522316 299784 385431 453288 864263 288842 394001 423410 318896 762709 610257 457174 411065 696553 750958 286978 434960 773922 208721 656106 460207
897212 627186 956887 1014897 987567 716515 590898 733554 768791 654067 662721 948013 162985 1034734 209395 673185 999999999 931498 422983 791705 501851 33774 525577 583167 514586 408392 344746 995134 905929 936664 893496 379063 978857 958315 356605 832448 340587 527286 887568 905282 540105 652797 505578 880100 652312 741449 417287 1005474 933921 241032 842819 871980 643031 392782 466048 1012321 392911 458502 101094 254046 391378 975431 110169 321337 570937 841197 804926 613604 398280 331795 903824 889663 978138 627478 186105 836144 178576 400262 372199 383853 405349 697516 977814 562774 667438 386546 1066030 354502 894803 73594 993080 1047833 266345 961890 448545 311303 515468 849198 500468 438646
56014 815833 133802 104373 597381 642256 659034 697733 858589 868821 416274 134752 768572 133143 829432 284075 931498 999999999 509077 800543 430644 940105 692841 382460 617104 584595 600472 74372 108453 144178 526182 1035442 300198 71645 605180 534864 625906 459444 166612 310269 484919 282004 710496 400409 507417 800595 984229 684571 167395 1031997 615003 84728 859273 545897 836152 745512 604390 479155 837533 678429 552862 672138 822008 733675 677477 90502 864984 672952 703425 872953 366189 158187 107788 829596 852693 189717 949703 671768 568999 695927 582062 409224 258546 998504 346151 678057 139574 581483 736714 863199 250145 127304 901071 686353 571037 653362 910216 82304 785813 619665
477217 565226 537763 595721 706146 518365 431742 563506 681146 616685 334961 537303 260023 617202 356152 257145 422983 509077 999999999 662719 78898 433481 407869 203326 336059 191878 106002 574389 492118 527740 602314 601959 599294 535724 130850 555721 174002 166174 482851 535002 241089 234984 376272 541472 381391 629365 577292 755927 528892 554598 601972 453502 603802 80816 455651 787528 172278 49746 328528 172946 100072 728447 314320 304972 429917 418631 707749 458944 295639 448488 551026 483413 556665 574622 373113 422413 466511 263231 99489 306165 153269 368927 588325 654565 298239 259882 645038 76386 700082 356517 600251 627743 447960 724772 190866 188659 567479 426798 464566 269216
744605 174469 919540 802599 345381 164609 233176 108523 73252 178213 411492 701284 713581 799002 582317 774176 791705 800543 662719 999999999 668538 770026 278605 533209 330814 484507 733048 809025 699135 685554 325818 559206 586112 869544 770554 283616 541511 809128 641977 525182 433795 639634 1034672 431434 319728 52591 478032 299110 664387 676372 211961 717331 181860 592586 1092430 268196 825908 699280 771928 659278 574336 275793 723674 480059 241378 755620 65182 205564 939593 478818 475252 650097 905680 180038 606526 879043 655179 911639 587009 425287 811030 403300 620614 369236 493066 904513 857701 698199 146706 731564 641246 833705 550352 251358 853199 555524 333692 755471 292956 410477
400077 589832 459910 518735 672502 514872 444616 564501 695029 643316 303592 464056 338907 540860 427476 182176 501851 430644 78898 668538 999999999 512311 432838 160987 354669 230294 174500 496742 417797 455296 568881 666700 537257 456861 188948 528354 233485 140817 412575 477447 235066 161033 397689 494926 366803 640326 635998 729608 458041 628290 582895 377178 630720 137507 493430 766722 212731 56141 406915 251340 152759 703515 393206 363006 447352 340153 718634 470595 335322 509111 499337 412471 478076 600477 446174 346913 541010 301290 160859 352980 190065 334390 522851 701079 251120 301247 567216 151419 689225 435330 533421 550324 515432 702507 210694 253667 611933 348424 500992 301549
904256 603518 969905 1021340 975218 700387 574268 715225 744871 628610 657945 951903 174885 1040468 188832 686725 33774 940105 433481 770026 512311 999999999 507693 585004 501466 403508 361180 1002397 910770 940161 882700 345728 977025 969169 375899 820969 337931 545786 890340 902601 535554 659845 535818 873951 642804 719272 385543 990380 936570 207368 828350 878433 617822 397383 499061 995294 415412 471382 123296 261734 394324 960338 119522 305875 553497 850086 781214 596174 427300 304450 899048 892742 989978 603269 163559 850666 145924 427755 375816 369029 426589 692288 977481 532112 666786 414036 1073345 367935 876482 77005 993230 1054662 237230 946131 471404 308280 487246 857890 477731 428040
639482 157650 786833 730641 482863 195292 70093 208030 279504 210511 280856 634164 435603 737385 319323 576535 525577 692841 407869 278605 432838 507693 999999999 337985 81852 217973 463914 726024 612654 618578 403461 389069 581741 751875 502062 339385 266465 567554 566189 504978 222249 458259 768008 439210 204621 234807 318448 486170 603798 458848 327889 609463 197885 330735 817593 487738 559810 450950 496249 381491 311407 456289 448786 205857 46350 623500 310241 88722 668014 252095 477102 572515 785050 167773 346054 713631 413584 641820 320606 147518 547347 298673 600534 305679 346813 633684 789103 430731 369236 460757 620702 765541 315808 440426 593311 278062 218250 626683 94681 140095
336228 484895 457001 446884 511547 372156 327597 425636 569867 539942 143650 368779 426572 462541 452255 244081 583167 382460 203326 533209 160987 585004 337985 999999999 256397 202922 308560 432879 330821 356293 407897 653529 402417 431079 333784 368212 252054 294536 305607 334382 115739 120465 558676 338544 217424 512348 605198 569298 351704 652998 425956 307402 528300 193198 651984 608111 368551 211498 501157 333485 192002 543608 473823 351432 337750 300914 588858 350028 492596 490871 347837 308352 461172 497311 477103 375878 573623 458960 211663 314436 346888 173472 396642 636072 94947 457611 502658 275661 536880 510543 410935 481649 519169 543500 371456 281253 545740 306110 423561 240227
564689 235663 707528 660098 473803 209076 97639 240917 345096 289829 212736 565964 403025 668585 319679 494789 514586 617104 336059 330814 354669 501466 81852 256397 999999999 153782 402235 653683 541291 550703 383378 439965 528563 674378 439763 320564 214594 491611 497718 450902 140684 376785 704327 396137 154029 294129 376683 492151 537488 486648 328889 534633 277493 262650 762642 504420 495490 376608 470290 335817 244041 462173 425661 196947 93917 545238 372253 125252 608870 287801 430060 503556 707009 246836 347783 632212 428535 580827 256227 133880 481214 236182 543058 382948 271273 573728 718461 367439 395371 444884 562559 695235 341123 450134 524888 233022 293614 548792 169481 83518
539122 374392 650056 649242 593456 356367 251380 393267 495450 425179 254521 567620 271156 663989 251836 398456 408392 584595 191878 484507 230294 403508 217973 202922 153782 999999999 248639 635756 532135 554246 494285 455147 575048 630078 286357 436785 71162 355755 502031 499766 132046 309905 551639 471803 252182 446588 414003 625558 547056 450614 463193 510322 412261 112988 609133 645580 342917 237685 344256 191075 93545 596160 305878 149379 245002 500779 524184 278988 455103 292794 495679 505748 658404 383383 277893 554177 373222 427254 103175 123988 329698 289147 578205 470806 269364 420009 705377 214230 543317 334957 595024 684146 316484 587356 375338 98256 381669 506622 273477 77993
572994 616996 614150 691645 804931 599114 499873 639724 743026 664892 435500 638534 187895 714416 329432 330488 344746 600472 106002 733048 174500 361180 463914 308560 402235 248639 999999999 668639 592272 629653 701467 585430 705148 620021 38265 652103 200650 186287 586179 640987 331839 335464 304181 645740 472665 695074 575072 850498 631918 512374 693036 550938 651907 144240 363985 878449 97739 121647 244884 126802 160591 822322 243159 316712 493471 510199 772432 527486 207061 446204 656396 586353 637457 624663 339194 491858 423252 178616 146195 338311 91106 470263 693589 673355 403494 171631 738598 36333 784436 286650 705141 722548 428745 817001 142833 199486 591604 518848 503855 324643
98249 839693 178814 31629 576970 656147 686348 710103 870786 891262 445559 110064 832553 60967 884209 357225 995134 74372 574389 809025 496742 1002397 726024 432879 653683 635756 668639 999999999 114021 124938 516326 1081109 267851 113794 674994 533825 681667 532497 167698 296041 527647 342556 784868 391147 532031 813872 1026317 665926 147846 1085717 613709 125685 882456 605986 910465 728973 676302 547018 902759 741295 611518 656518 885221 783598 706519 159778 874079 697749 776956 919435 352216 159884 140842 853615 908345 260060 1005232 745094 628556 742055 653779 432898 224439 1030981 383405 751158 70950 648115 732739 925733 211124 54187 951576 672934 644145 709881 944267 150699 820208 664361
60428 725787 241347 119139 489245 544036 572345 598563 759470 777509 331937 49267 744866 131856 782900 310636 905929 108453 492118 699135 417797 910770 612654 330821 541291 532135 592272 114021 999999999 47707 418026 971969 198975 180037 603728 428745 582543 478990 58702 201967 418498 257247 746923 292155 418013 702134 915414 576206 65924 982734 508949 54429 768621 513485 867109 637060 613630 471651 817184 652164 516803 563686 795766 678125 592605 124281 763985 583755 723528 811073 257769 50264 215966 739700 807904 270074 904331 690276 534986 633959 590468 318878 160422 917310 272606 694584 177279 567920 629994 834858 157130 154399 846045 577976 588975 611472 830897 116217 706999 555660
104792 723592 277761 117430 456415 535081 573810 588179 748414 774011 338467 16002 776822 119145 805982 356623 936664 144178 527740 685554 455296 940161 618578 356293 550703 554246 629653 124938 47707 999999999 391926 986203 156266 213577 642785 408997 608167 522974 53237 171964 434989 294269 792642 266439 418880 692037 926896 544639 23809 1003870 488817 102133 765724 543906 911905 606851 655084 510035 849959 683720 545861 533946 826651 697656 595309 171898 750690 583108 766770 826741 228345 48560 248102 737565 831623 316295 927429 733310 564636 650575 631843 320724 115575 921052 288269 737233 174389 603960 607837 864861 110324 150252 864986 549634 632220 637481 836227 163708 713252 571832
473373 428652 656915 503501 103908 225749 334524 257425 397417 465034 267536 406326 765399 494357 703043 597854 893496 526182 602314 325818 568881 882700 403461 407897 383378 494285 701467 516326 418026 391926 999999999 786666 267394 597822 732056 64090 565446 698575 359575 220310 374140 465810 966568 125944 242497 350398 710580 170020 368593 861554 113899 451429 461440 562860 1057274 223646 773152 618292 837923 682910 551397 150642 797351 580169 360165 507078 388707 324681 897275 655444 164438 368007 633915 441378 731157 651443 810123 864192 570713 517247 752369 234769 306147 647990 322351 861742 554009 665730 219430 821777 325737 530864 717159 161296 779248 591591 582005 503799 482041 454921
987071 387700 1105198 1091017 855140 564444 454239 551247 508317 384298 651347 1000992 428828 1102153 256432 846156 379063 1035442 601959 559206 666700 345728 389069 653529 439965 455147 585430 1081109 971969 986203 786666 999999999 967410 1084103 616458 723249 433315 759634 932967 889950 553623 764950 841996 828075 589689 507400 81185 839095 974557 154362 696704 957469 378441 529286 830518 822124 672381 651249 432190 458696 514203 811032 392815 307169 428419 954201 544181 461998 728582 162722 865240 938187 1113118 380036 251332 1006622 201539 718178 506326 339545 673592 676126 982975 220767 699498 705343 1148723 570816 696602 365593 1002520 1126277 156713 790349 725322 413925 225559 959586 304625 416751
259185 657224 433318 248340 312219 454697 524508 501135 654810 702341 325386 165760 826746 233778 821804 480713 978857 300198 599294 586112 537257 977025 581741 402417 528563 575048 705148 267851 198975 156266 267394 967410 999999999 368343 725166 302592 639111 631526 155172 77711 444119 384876 907791 156187 377974 602575 899854 401756 133893 1008929 376876 249622 696095 594989 1019915 466072 748187 593372 901734 734327 591841 395265 871343 703795 549017 319036 650626 526604 867194 815962 112340 161136 401784 671004 849181 468023 940848 833069 612003 648238 725034 295111 43434 868907 312177 834917 292703 674620 486539 905383 59834 270875 864734 413939 734694 668746 790843 312072 674083 571312
125905 879384 66009 144467 668548 710041 721419 765847 926480 932893 479143 202679 795537 172982 869414 292116 958315 71645 535724 869544 456861 969169 751875 431079 674378 630078 620021 113794 180037 213577 597822 1084103 368343 999999999 620388 605955 665901 464086 238257 381648 538818 321226 698493 472054 571776 868243 1036061 755952 237178 1072481 686036 152222 923033 580845 826721 817050 612669 500779 861828 707897 589762 743703 850038 779433 738905 130262 933745 736490 702926 921382 437671 229832 36386 893041 891513 160171 988295 672781 604482 745464 591290 474624 325885 1057048 405511 680326 153062 604670 807949 892180 315730 151999 945499 757986 574101 692212 967990 125805 843745 670897
580880 655258 610452 699160 835760 635206 537386 676526 781085 703139 465116 650902 207014 722879 360035 328615 356605 605180 130850 770554 188948 375899 502062 333784 439763 286357 38265 674994 603728 642785 732056 616458 725166 620388 999999999 684020 238868 170833 601162 663125 365179 348939 265971 672192 506209 732912 608839 883255 646372 537197 726890 560216 690154 179976 329066 912453 60027 133125 255565 158526 197079 855326 260789 353482 531306 515554 810363 564995 170672 480485 681006 600834 635849 662927 367946 485879 448464 141188 183545 376350 57136 499388 711661 709778 428544 134929 744220 72423 820012 303823 722362 729121 460044 850567 108964 237092 628673 524455 541953 362661
480120 370346 661772 524485 156683 165319 270549 202875 352374 409546 224781 424285 707368 518677 640199 574745 832448 534864 555721 283616 528354 820969 339385 368212 320564 436785 652103 533825 428745 408997 64090 723249 302592 605955 684020 999999999 507809 662191 370180 242999 321466 439417 925188 148065 184744 301326 647587 201274 386706 797485 80205 455568 405064 511183 1011372 242205 727672 575323 779183 626776 498639 175442 737764 517501 296229 504999 348334 261288 851356 591355 191724 378573 642330 383429 668273 643821 746472 818768 517478 454422 707576 195843 337163 588956 289998 815601 577953 616029 202255 761154 357725 554200 653151 177057 737221 533221 520697 502866 418667 393846
583827 416967 679738 697402 664491 421963 310294 455462 545888 464313 322666 620798 200006 714026 203683 413215 340587 625906 174002 541511 233485 337931 266465 252054 214594 71162 200650 681667 582543 608167 565446 433315 639111 665901 238868 507809 999999999 339195 556988 564944 200181 345128 504172 541020 323287 500450 404066 695436 602780 406655 532648 556035 451332 96510 551416 713899 298185 223656 273326 122039 80897 665913 235995 131117 300139 538965 576621 337567 401883 276081 563521 560040 691958 424323 226859 575268 323857 376547 74751 138561 288635 357799 639891 482650 329273 367916 752141 170477 608939 266992 655950 731821 283805 656522 337992 29720 397225 545615 303509 131704
444922 725169 446916 559564 801211 655609 583664 705309 834296 777782 438110 528089 373920 585697 507117 175369 527286 459444 166174 809128 140817 545786 567554 294536 491611 355755 186287 532497 478990 522974 698575 759634 631526 464086 170833 662191 339195 999999999 489792 581589 375865 248739 277041 613780 506455 780162 740032 862834 531463 696781 720198 429367 765019 246892 389794 902633 149559 118146 426315 307493 265949 837627 428901 469425 585103 373868 858565 610000 245322 610632 611801 487482 475561 735246 520017 320114 607585 212828 265309 472295 129602 466529 609707 820715 376405 218662 598739 190782 828697 472312 616518 586396 603599 837968 111651 351001 733624 383228 629219 431607
115021 673769 298395 166093 432665 488452 522564 542447 703191 724766 285732 68249 728610 171204 753850 330231 887568 166612 482851 641977 412575 890340 566189 305607 497718 502031 586179 167698 58702 53237 359575 932967 155172 238257 601162 370180 556988 489792 999999999 145505 381905 252391 763177 233805 367666 646195 873781 518977 46419 951236 450379 98025 716215 495123 879582 579326 616721 468053 802214 635374 496314 505873 777730 644829 543704 165230 706943 532594 731251 773527 200547 8447 274344 687725 779653 315304 875253 697464 515370 597431 593424 269029 123375 869294 235241 700666 224227 559230 571311 815412 127239 200292 812032 519808 597059 586415 784049 158942 660835 518673
260409 585444 443261 283591 287341 385617 448968 434654 591641 632051 248394 186110 755121 276070 745190 442681 905282 310269 535002 525182 477447 902601 504978 334382 450902 499766 640987 296041 201967 171964 220310 889950 77711 381648 663125 242999 564944 581589 145505 999999999 368270 332852 858622 96047 300810 537554 822811 374310 148451 931444 321329 242649 625254 525125 966423 435638 689949 533160 830201 663305 520846 362472 798521 626652 473173 306426 590245 452214 811091 738255 56405 153625 417236 599321 772676 456291 863881 776916 541133 570738 667048 217574 98570 794827 241446 777862 335557 609237 437828 831720 119503 312016 787140 377749 680597 594475 715553 301241 597774 494026
434688 370812 569043 537460 476333 280543 215947 329447 463545 425760 122618 449289 397883 549234 378431 356615 540105 484919 241089 433795 235066 535554 222249 115739 140684 132046 331839 527647 418498 434989 374140 553623 444119 538818 365179 321466 200181 375865 381905 368270 999999999 236101 617039 340888 141037 407500 499505 518714 425330 571063 361784 404844 413904 189747 694090 547394 412762 270231 472286 311085 177379 490484 436155 264010 223820 408822 485394 240151 534725 392596 363742 386553 570465 382938 405518 491530 498603 503176 196578 215726 394324 157619 449209 521708 146754 498815 595103 295571 459403 466578 466717 572712 430360 485392 430160 228986 431632 413021 308626 137190
244470 603298 340613 362180 565342 475677 444758 531141 681508 658347 230667 303084 490500 382758 548804 136929 652797 282004 234984 639634 161033 659845 458259 120465 376785 309905 335464 342556 257247 294269 465810 764950 384876 321226 348939 439417 345128 248739 252391 332852 236101 999999999 525771 369635 319909 623209 720549 634663 297437 751772 507723 219361 646923 264049 635218 681298 365302 215936 561644 398831 270887 611986 542788 458969 456390 193921 698044 465869 482567 602398 364305 251910 348658 615957 571482 255432 668446 448494 287035 428479 342019 248580 366401 756208 151940 450775 413503 310675 625816 583180 375514 395043 624403 616163 349821 372013 665802 200794 543945 357361
706196 921016 663888 814303 1070158 894310 801763 938213 1046869 968369 700737 796167 413456 842189 592139 436311 505578 710496 376272 1034672 397689 535818 768008 558676 704327 551639 304181 784868 746923 792642 966568 841996 907791 698493 265971 925188 504172 277041 763177 858622 617039 525771 999999999 888375 756441 998127 848821 1126426 803116 733540 976193 694801 955396 442101 130081 1161296 208838 350126 419504 407958 460371 1099854 451384 611576 796608 632716 1075820 829325 113451 725210 888097 760253 700305 928493 591821 539595 651551 129478 448487 640315 224117 732033 884598 963224 647139 140413 845593 337492 1076310 485313 890375 837005 691214 1097735 188058 499818 886232 642113 805985 628441
348018 502987 531658 379506 205627 299145 377446 344952 499250 546998 218995 281083 738190 372058 705873 494146 880100 400409 541472 431434 494926 873951 439210 338544 396137 471803 645740 391147 292155 266439 125944 828075 156187 472054 672192 148065 541020 613780 233805 96047 340888 369635 888375 999999999 242109 446518 757213 287929 243302 882597 225503 326898 541080 517272 988355 346432 706226 548418 812861 649438 509563 272885 777014 584025 402740 385045 496287 376563 829838 682826 43992 242224 508094 516656 733904 531957 820964 795941 529817 524341 684131 183439 189180 717091 244415 795242 431579 611666 341923 806734 209829 408060 737132 286088 704426 569610 641683 381172 528693 451716
452114 308563 614926 533608 341346 156034 154936 211233 364266 361409 94581 434723 523095 538024 467778 454870 652312 507417 381391 319728 366803 642804 204621 217424 154029 252182 472665 532031 418013 418880 242497 589689 377974 571776 506209 184744 323287 506455 367666 300810 141037 319909 756441 242109 999999999 305520 522006 378435 402623 640563 220780 422713 351888 329694 835123 406402 553438 407468 595438 442043 316027 349907 554964 344934 176758 449147 378773 165921 675702 441191 276540 374569 606781 322386 495951 562660 580466 644027 334332 283775 534636 99141 395922 502498 175435 639795 591867 436359 322423 580113 416082 567957 495067 344384 568866 349143 419124 450509 298406 215073
744588 121883 915619 809460 382168 158351 197630 103858 58814 129450 399615 707943 667369 807753 532080 755593 741449 800595 629365 52591 640326 719272 234807 512348 294129 446588 695074 813872 702134 692037 350398 507400 602575 868243 732912 301326 500450 780162 646195 537554 407500 623209 998127 446518 305520 999999999 426214 343539 671769 623781 237628 716476 131638 556770 1051864 317189 789313 667960 724136 616286 538089 318523 675627 432483 201607 750462 78481 170585 900769 426582 490501 654100 904064 127708 555903 868144 603064 873616 549669 379598 775307 395952 634788 321756 480904 866020 865674 660815 193159 682302 655647 841556 498168 294968 818894 512856 282054 750969 241679 370773
934169 306659 1061013 1034531 776575 486890 380792 471590 427765 303524 589408 942014 437284 1044187 256873 811370 417287 984229 577292 478032 635998 385543 318448 605198 376683 414003 575072 1026317 915414 926896 710580 81185 899854 1036061 608839 647587 404066 740032 873781 822811 499505 720549 848821 757213 522006 426214 999999999 758769 914072 218388 618222 904291 297435 500415 849701 741114 667067 627036 454189 450552 483651 730879 410036 273193 355121 905804 463809 386492 735709 129544 795509 879399 1066367 298877 260682 968155 240305 721743 478729 292146 665462 612017 917401 151271 643046 709541 1092657 555947 615621 390167 937301 1069772 160519 709962 717465 389204 144436 910636 229593 365167
633954 454013 817321 649035 89568 290976 417278 289200 369560 472770 426018 557723 892290 635523 803743 767566 1005474 684571 755927 299110 729608 990380 486170 569298 492151 625558 850498 665926 576206 544639 170020 839095 401756 755952 883255 201274 695436 862834 518977 374310 518714 634663 1126426 287929 378435 343539 758769 999999999 520843 937466 163448 614126 473862 708064 1211404 65392 928100 776481 961577 816631 694441 30047 917640 684604 439821 672953 346215 397864 1051497 730860 318489 527265 791473 463692 831048 819210 899101 1019140 712601 621700 908254 396323 444522 665136 488435 1015674 694411 814260 152678 936734 461455 672617 798788 48948 938433 718737 617946 669096 543815 572599
125534 705704 301121 138234 432606 515301 557402 567928 727849 755651 324804 37783 775026 136750 798888 368060 933921 167395 528892 664387 458041 936570 603798 351704 537488 547056 631918 147846 65924 23809 368593 974557 133893 237178 646372 386706 602780 531463 46419 148451 425330 297437 803116 243302 402623 671769 914072 520843 999999999 995566 466366 119090 747566 541523 921022 583098 660770 513325 848630 681788 542630 510226 824106 688854 579324 189330 729552 565926 774145 815897 204789 45573 271824 719685 824846 335998 920223 740491 561723 640417 637485 305278 94518 905107 279096 744007 193915 605256 584955 861718 91909 169789 855685 526007 639735 632257 820953 181596 698468 561615
988493 501915 1084550 1099767 941165 650569 528739 648917 634560 510524 684037 1017554 332930 1114581 203074 810372 241032 1031997 554598 676372 628290 207368 458848 652998 486648 450614 512374 1085717 982734 1003870 861554 154362 1008929 1072481 537197 797485 406655 696781 951236 931444 571063 751772 733540 882597 640563 623781 218388 937466 995566 999999999 784559 960086 502419 494230 705408 928893 587092 600802 314125 389608 483492 908200 285221 307059 503780 945551 671293 543279 621878 207342 915341 955312 1098123 497171 182193 975174 89199 617157 470315 360707 593058 713871 1018237 368886 716495 603668 1155648 506639 804109 248374 1036442 1134609 145535 889791 642696 380389 352489 952113 394003 437992
560171 324415 741507 603876 158438 134042 258011 150752 283554 356360 283337 504016 728956 597379 642676 644252 842819 615003 601972 211961 582895 828350 327889 425956 328889 463193 693036 613709 508949 488817 113899 696704 376876 686036 726890 80205 532648 720198 450379 321329 361784 507723 976193 225503 220780 237628 618222 163448 466366 784559 999999999 535406 353881 549490 1055866 185623 774127 626396 798130 654155 535032 133601 754235 522477 281860 583712 275202 241341 896481 577224 268306 458773 722416 336364 670232 720645 741413 864781 552645 459359 755142 259618 413386 543525 356157 860575 656808 656707 122966 773680 433634 633166 643176 124429 788297 555581 483481 581829 394455 409152
30057 731167 206289 142934 528862 558186 574591 613852 774598 784109 331857 102433 709831 163726 758525 258622 871980 84728 453502 717331 377178 878433 609463 307402 534633 510322 550938 125685 54429 102133 451429 957469 249622 152222 560216 455568 556035 429367 98025 242649 404844 219361 694801 326898 422713 716476 904291 614126 119090 960086 535406 999999999 774584 481428 816063 673329 567028 429518 780953 617945 486452 599782 761899 658477 593269 70240 781568 588305 674501 795413 296588 90535 188431 744941 782676 218442 879553 641547 503760 618055 544018 324499 212901 915129 263361 646335 196139 528393 657810 801961 210907 176405 826388 612557 540116 584316 827205 62650 702825 540860
804002 43901 963939 882183 506406 242196 203463 204154 132142 12988 443918 781714 591333 884243 436666 770473 643031 859273 603802 181860 630720 617822 197885 528300 277493 412261 651907 882456 768621 765724 461440 378441 696095 923033 690154 405064 451332 765019 716215 625254 413904 646923 955396 541080 351888 131638 297435 473862 747566 502419 353881 774584 999999999 525150 994338 448817 749209 647953 639567 555532 505635 447978 590438 356089 190587 798421 168905 186549 851156 315636 584195 723531 957708 30988 457391 900643 491317 827218 512868 316020 738457 450590 723820 191783 520271 818046 939962 620558 324638 590442 744756 915870 386738 425044 786072 456607 153098 800404 152720 334591
507742 487377 590423 624237 665610 455231 359828 496933 606947 538080 300908 555235 233802 643104 291954 318653 392782 545897 80816 592586 137507 397383 330735 193198 262650 112988 144240 605986 513485 543906 562860 529286 594989 580845 179976 511183 96510 246892 495123 525125 189747 264049 442101 517272 329694 556770 500415 708064 541523 494230 549490 481428 525150 999999999 508219 734707 233439 129346 308106 140546 19547 679600 282746 227264 355748 456925 634814 387349 350627 372591 532963 497046 605085 496356 312171 482152 408335 320848 23919 225404 218586 336505 589834 574037 283684 314906 676910 108039 640249 321376 603982 657801 378052 673663 262832 116324 486733 464225 384213 190954
829082 963755 793410 939409 1161177 962815 859930 1002209 1096548 1007129 789740 916354 415887 966897 595516 557704 466048 836152 455651 1092430 493430 499061 817593 651984 762642 609133 363985 910465 867109 911905 1057274 830518 1019915 826721 329066 1011372 551416 389794 879582 966423 694090 635218 130081 988355 835123 1051864 849701 1211404 921022 705408 1055866 816063 994338 508219 999999999 1241458 284123 440538 398346 438975 524381 1183728 439942 640107 851249 756103 1127833 887462 160052 734154 991867 877222 829430 969633 589051 668480 631451 193154 508957 679276 305195 822935 999233 977058 744327 195771 972463 400199 1148400 464972 1006284 963122 689216 1179388 285827 540351 907362 765528 841985 681955
694066 434456 877671 712713 154398 296521 421429 282110 333959 446049 464532 620239 907326 699731 807060 815994 1012321 745512 787528 268196 766722 995294 487738 608111 504420 645580 878449 728973 637060 606851 223646 822124 466072 817050 912453 242205 713899 902633 579326 435638 547394 681298 1161296 346432 406402 317189 741114 65392 583098 928893 185623 673329 448817 734707 1241458 999999999 959717 811288 974472 835860 719956 73547 929142 691078 441802 730414 306416 399134 1082102 724304 379424 587679 852783 442647 833721 875082 896354 1050397 737277 629195 940653 437452 508615 637428 532193 1046195 758774 842116 125564 945483 525853 736808 793938 65159 973304 735488 597922 726940 535366 586964
