NAME : synthetic_000087
TYPE : CTSP-D
DIMENSION : 100
GROUPS : 8
RELAXATION_LEVEL : 1
EDGE_WEIGHT_TYPE : EXPLICIT
EDGE_WEIGHT_FORMAT : FULL_MATRIX
EDGE_WEIGHT_SECTION
999999999 522646 707472 261853 610322 573103 76616 430376 417255 849559 578118 813985 821059 686373 309466 723583 188142 862293 107743 733500 770765 584546 572573 584935 958139 400854 619645 857618 793282 636603 526990 151381 873633 589204 799145 681817 694589 126638 928811 308435 455407 839755 993499 543214 487231 183289 207533 93829 483775 224483 401425 557659 389928 493110 347897 786702 409720 319796 465478 230883 397005 505403 312215 176894 828036 200446 802705 453864 673688 795284 577107 555335 643075 826821 516654 666294 386140 582359 884312 661458 835618 613911 272613 657529 282639 537759 783049 312010 945877 141290 415579 264959 842299 654819 374075 906660 716422 962462 776482 980478
522646 999999999 431251 780936 341572 722589 457826 350187 881627 708803 232307 1174431 881064 896662 214974 464447 670801 986921 628441 603051 933412 187678 708142 591082 851840 782117 607382 674649 966508 120464 573561 390053 653379 573751 951670 294135 267660 513766 957767 828724 153506 1044224 830360 594096 90699 705465 657940 439471 823847 744876 828411 185386 134546 442560 231754 1151643 718798 642388 177579 314643 373598 946920 210557 594977 1148535 673188 660706 795391 151526 642523 190561 120116 1009834 981937 947082 856537 872370 844896 719358 1049702 636038 873886 281906 632708 788598 45452 1078185 627934 865564 396592 739574 282444 1021866 590902 161139 702521 895270 778981 847496 822249
707472 431251 999999999 901307 104621 505577 681548 280249 891797 292062 199931 1021593 547399 669651 517140 34427 758783 677036 806130 213536 661021 244599 486180 322832 434890 735402 312793 247355 695036 393171 353920 560873 222129 297588 668008 164777 216929 772120 592346 947166 326781 781611 400933 363718 358512 852289 720278 616116 726781 875897 810564 246755 480637 259286 387716 1006348 635134 608185 299837 492811 319287 916794 501784 662371 962898 750290 250105 709077 456933 229748 240811 311598 890280 694277 904603 624639 913096 675087 293802 943626 207264 693331 605050 313941 876897 386874 881851 596826 457044 571596 659441 597512 744706 260492 422826 271422 644071 348320 528670 393736
261853 780936 901307 999999999 815350 613404 335453 623254 228041 978609 806211 663603 861397 662122 570059 910261 144232 861665 168690 873828 761311 821760 621181 697014 1061063 322141 731851 1002386 773903 891711 635971 394348 1030778 709927 791289 907819 928549 331767 971244 48405 697740 794446 1117316 645319 737599 82765 189674 341736 412973 38204 268846 793651 649941 654505 586390 635666 396095 345153 702654 474762 582533 324365 571651 240027 705806 156229 937960 392490 932427 935701 813278 801780 509790 813383 345763 659032 171231 545405 1019219 506679 989026 571074 533073 767281 64608 792569 684581 348577 1038548 386478 386180 526018 812048 781967 626867 1054611 706451 1097260 817824 1103397
610322 341572 104621 815350 999999999 486207 580692 192785 824603 367423 111439 995275 576222 659339 412714 131851 674987 697844 711361 266098 666745 163559 467664 312659 510776 676568 314242 334271 701124 324839 325929 461657 318852 288927 678183 133940 183523 670010 637249 862162 224475 786048 490491 340788 262068 761935 639629 517827 679768 788034 747378 157077 378649 204513 283665 977740 581747 542183 196808 391032 234836 858444 397297 579198 945156 668004 319888 658845 392442 301305 156908 225685 852867 706504 848750 614780 840457 646655 378234 903681 296787 668676 500515 327621 795435 299224 866070 529670 526425 472322 606066 492920 753833 277135 318841 366019 641577 440782 550348 481822
573103 722589 505577 613404 486207 999999999 606309 373370 490517 418840 564232 516131 252249 176580 633630 491125 485675 295391 617647 353170 217886 612948 19499 183104 463669 320420 200121 465860 248560 766938 160971 508894 513727 208289 241507 620127 668336 694292 362252 644583 569644 322050 538043 145458 633634 610314 435550 528334 265357 607838 401950 590658 665543 293608 510999 501515 221731 274009 548483 510892 349794 474903 620341 416329 459553 468393 394431 262445 833962 402001 603016 647899 394769 271774 454696 134371 536965 173286 463733 450834 471171 188242 684846 216963 560615 697690 379925 275201 434428 515407 238111 672835 303812 261559 593507 516829 173662 533872 207629 523939
76616 457826 681548 335453 580692 606309 999999999 412685 492696 847960 536193 881970 848374 732680 242902 700712 263108 899884 172540 729740 811996 536689 603482 595366 964128 465706 628965 850043 836509 574506 540589 123693 861017 596405 839506 639582 647462 95933 953898 380966 406121 888213 991864 558561 430775 254741 277724 80153 544491 297568 472813 511027 323609 487656 304910 854977 462774 370336 419814 190172 384819 579457 247900 237649 891524 274266 799582 513979 607624 790347 530053 501245 710219 868103 589724 709087 462667 633861 880056 731281 825018 665848 197622 666662 358987 476628 842875 360575 955413 113171 471485 190693 887327 657795 317221 897195 758791 957234 804314 979313
430376 350187 280249 623254 192785 373370 412685 999999999 637055 446426 215177 849968 541581 548808 308014 293801 482317 639598 526642 327116 583277 254431 358382 249378 575441 497281 272302 440539 616325 397224 224134 289224 448521 236656 601901 302252 337387 506919 628614 669813 196750 694352 588223 245003 260524 572203 446929 341536 513767 596714 563310 228344 313059 100847 164307 829604 410542 358199 175130 233526 42776 677610 292188 386432 813020 475220 396431 489407 462879 384594 244190 277881 695303 632255 670317 507675 649812 507760 474018 742093 413388 534599 384577 304117 602651 324325 738788 344853 575941 299888 434190 374204 671694 275182 238906 485974 545351 549329 504775 576514
417255 881627 891797 228041 824603 490517 492696 637055 999999999 898677 846114 435571 715909 485708 690245 892114 229643 688088 362443 810839 587532 874646 503979 624090 954184 171192 655258 935877 593065 978211 568047 499644 974944 643281 616759 939001 970856 522702 821585 225188 766788 597616 1026145 570052 819200 289902 226348 463527 237086 253226 88854 846191 763195 632526 658881 407643 276107 283675 763085 568077 594369 96838 686834 287181 480924 219912 866067 230321 1029922 868782 864959 872033 285782 634135 117793 494568 63446 372284 942558 278802 931610 390727 678861 685073 166257 882053 467162 295445 924178 495839 255352 669257 622817 714005 720521 988600 536111 1016902 675850 1011995
849559 708803 292062 978609 367423 418840 847960 446426 898677 999999999 478285 895589 322688 528811 746142 257966 836529 457180 929675 119367 479282 528591 401988 281893 143729 727752 247602 66716 508760 683805 342722 725249 125300 268979 474362 456633 508073 943819 328513 1017976 580407 591923 144048 334758 626657 951786 789049 770865 683358 962868 810057 524444 730595 360476 602545 887425 622598 638946 551561 678903 465759 892410 730058 746157 817177 822776 50415 677445 748546 66452 522977 592791 803605 493044 873007 488707 937784 583610 44964 860697 100650 588901 827905 214444 937172 666645 735979 632918 165786 735421 643558 818121 546586 197791 662002 104616 485693 119141 324815 131353
578118 232307 199931 806211 111439 564232 536193 215177 846114 478285 999999999 1059958 679300 740394 336130 232556 672422 796559 683970 377247 757905 53500 546831 402954 621827 711702 410507 442406 792128 216668 403912 426760 421796 381230 771707 103731 124904 618403 745154 854245 139530 875279 598053 421633 159534 744403 643584 484322 728463 775448 775578 46980 287643 270904 231510 1040534 625639 571500 118473 348246 255916 891136 322117 580132 1017462 668385 431141 704455 285058 412369 45788 114508 908698 800863 884629 696836 853811 713836 487335 956409 403731 738652 424348 428724 794990 188876 940634 557812 637861 436837 649340 418551 846080 380841 239892 470584 728090 546801 650794 589979
813985 1174431 1021593 663603 995275 516131 881970 849968 435571 895589 1059958 999999999 598145 367345 1024678 1007120 633651 494150 784730 858191 427327 1103596 535583 699207 883200 417876 713860 954081 406049 1243792 671090 845560 1008381 724410 442697 1128030 1173292 933705 667415 657699 1031427 345964 979713 658887 1093704 721082 606504 829597 353699 687442 416168 1078151 1082427 793310 943542 28006 456914 541384 1016923 890713 814647 339838 1016247 645655 98648 617934 885229 383824 1306574 897420 1093365 1125548 172283 437682 317861 409501 494956 348649 939055 157404 968441 328327 1040755 724022 601131 1160297 165691 555246 840652 846034 437835 1029454 393365 773439 1021600 999942 410473 994814 579226 966994
821059 881064 547399 861397 576222 252249 848374 541581 715909 322688 679300 598145 999999999 251554 838559 519957 737166 135241 869610 337111 170843 732638 249548 292337 285147 553582 273683 388320 194287 895682 325908 742151 446849 307635 157857 700221 753325 939318 110194 889881 730255 272286 383206 304894 790564 861947 687141 768845 479103 857906 630565 717456 854075 442117 701383 594893 465549 525979 704100 729438 534254 679247 823700 668351 510954 719653 330883 486942 964208 348849 724081 783826 541362 172136 654815 226668 769072 347962 360999 597041 414639 338098 902007 250772 805968 847359 433090 527439 242598 749889 477614 890340 225363 299168 779845 424916 198748 404282 44748 371013
686373 896662 669651 662122 659339 176580 732680 548808 485708 528811 740394 367345 251554 999999999 794557 651522 558737 202609 708000 493251 101829 789410 193571 349001 528721 340353 357012 586754 111976 943416 336540 650941 641098 373922 131241 793181 842363 812382 345980 682558 744330 157083 620549 319545 808405 680410 511922 659703 252648 666644 406919 767228 832927 470057 679853 358614 281123 366816 723889 666138 523088 436268 782258 513657 295705 540190 517934 269879 1010316 530381 779501 824301 289997 151321 410547 45020 544049 116852 572630 346051 601396 94990 837524 361759 601056 872995 213757 374394 489225 655787 282609 825466 156256 413320 762459 632949 53541 631145 222162 607284
309466 214974 517140 570059 412714 633630 242902 308014 690245 746142 336130 1024678 838559 794557 999999999 543946 469337 922397 414129 628357 851516 320867 623604 550713 880315 613996 577183 730117 881801 332704 512805 190640 725746 541379 874560 433092 429103 302650 931638 617317 196604 950082 883785 533952 199650 492744 463905 231943 671215 533292 647636 299830 80760 407547 144519 999824 570538 483302 219967 134162 305660 764249 16083 404468 1013093 474256 695727 640890 364895 681504 316615 272413 854323 904999 768140 760190 673747 720677 768650 887482 697332 752021 88460 610700 582630 236316 950519 469509 882999 194568 587731 82473 936714 583171 96270 769586 805281 839735 798705 873099
723583 464447 34427 910261 131851 491125 700712 293801 892114 257966 232556 1007120 519957 651522 543946 999999999 766964 650908 820408 183921 638599 278310 471640 308044 400599 732900 294743 212986 672392 427598 344084 578912 189289 282920 644437 198675 250417 792430 561580 955534 356090 759113 366906 352094 390245 863763 727044 633285 719986 885925 809490 279505 510231 260905 411429 992615 631065 609088 328607 513302 330791 913531 528404 670564 945985 757749 216763 703502 491304 196291 274244 345061 879654 670110 900425 606598 915673 662351 259385 933704 173005 679335 631415 292378 883622 420282 864563 598259 423186 589650 655239 623540 721139 239287 450564 238084 623890 314656 502937 359560
188142 670801 758783 144232 674987 485675 263108 482317 229643 836529 672422 633651 737166 558737 469337 766964 999999999 751514 155999 730423 653370 691932 491290 555567 923099 234806 590640 858943 670231 775406 494400 281293 886726 567582 683119 772432 796221 300791 847358 188573 572489 702702 976280 504747 617910 124823 50173 238313 325627 126565 217671 663494 545720 510405 461098 605970 279706 211958 574298 356946 440936 317411 467767 96433 656430 18581 795136 298932 821641 792439 683002 677956 465472 707755 329470 548528 204732 445092 876641 478586 845078 474212 450901 626644 122654 676943 619940 212648 902430 275719 276129 441701 713591 639353 511637 911040 597874 954875 692830 962442
862293 986921 677036 861665 697844 295391 899884 639598 688088 457180 796559 494150 135241 202609 922397 650908 751514 999999999 895708 469673 100997 849315 301667 396956 404748 541206 386066 523140 98855 1011295 415961 804284 581749 416560 71371 825468 878141 985781 173788 883772 834002 150753 506095 394852 896259 875092 703079 822731 454999 864171 609440 832022 946914 544361 792125 495489 471829 548872 809370 803846 625416 634976 908392 696513 400527 733162 466089 470894 1079836 483932 840298 896420 469969 59078 608579 203280 746653 318566 494383 521629 549871 297446 978004 370318 801591 956088 329350 553812 359684 810778 477409 966055 101965 422029 873229 558394 155227 532755 148547 494914
107743 628441 806130 168690 711361 617647 172540 526642 362443 929675 683970 784730 869610 708000 414129 820408 155999 895708 999999999 816403 799594 691710 620301 656462 1030274 390715 691743 942822 818517 743426 596364 257611 962731 663854 828985 787547 801507 164850 979206 211321 562907 855250 1072782 610399 594891 85930 197434 200261 481053 130589 369185 664642 494867 580227 454717 756852 426923 347252 572442 337990 490505 457201 417897 201324 811333 173960 884507 453714 778992 878697 684141 663076 618849 854826 473199 694271 319041 596619 966550 628207 923372 626583 368550 729278 206206 644764 775922 343626 1014417 247880 426618 362393 863851 732555 481625 993128 744220 1045106 824882 1059399
733500 603051 213536 873828 266098 353170 729740 327116 810839 119367 377247 858191 337111 493251 628357 183921 730423 469673 816403 999999999 466128 429656 334339 186872 253321 641920 157736 128563 499008 590030 243740 606726 164425 167973 468759 374151 427355 825509 379081 914867 468165 585554 262392 240817 517914 842520 684268 653206 608653 856019 723317 421744 615892 242094 484341 846636 536161 540576 439375 559549 346655 814298 612279 637879 788678 717600 69901 598487 656903 62384 422905 490673 747664 492804 797098 449516 845313 525704 150825 803926 121039 536895 709328 136312 835773 562590 706632 533092 262762 616971 558665 699424 545024 96951 546011 180986 458715 229032 323071 250178
770765 933412 661021 761311 666745 217886 811996 583277 587532 479282 757905 427327 170843 101829 851516 638599 653370 100997 799594 466128 999999999 809279 228724 355319 455880 440417 353186 541974 34381 968412 360415 721874 599103 378150 29979 798563 849916 895507 251685 782958 779914 120590 553005 340438 843397 776371 605449 736354 354007 764461 508474 789543 882344 494188 727490 424175 373809 454063 757045 728096 563747 536584 838208 601908 341340 634929 477534 370048 1036480 492824 799773 850912 379608 56129 510512 105334 645816 217578 520786 433556 562599 196807 901754 347103 700941 905767 262508 459966 413424 727703 378172 889718 88657 400563 809752 583673 55499 570889 155109 540505
584546 187678 244599 821760 163559 612948 536689 254431 874646 528591 53500 1103596 732638 789410 320867 278310 691932 849315 691710 429656 809279 999999999 595889 454824 672292 746212 463256 490298 843434 163185 453384 434322 466501 433487 823553 114407 110791 613951 798606 870069 130629 926112 645137 471618 128110 756449 666190 491466 767708 789603 807109 28566 262436 319355 237236 1083590 663809 604905 119552 353731 292790 923865 308294 602091 1063555 689225 482119 742755 231617 463039 10243 67565 949728 852850 918596 746193 878958 759064 535863 996249 450946 784627 407344 481990 814532 142712 987516 590915 689374 443873 687144 402893 897604 434303 226760 516001 778467 592896 703860 637539
572573 708142 486180 621181 467664 19499 603482 358382 503979 401988 546831 535583 249548 193571 623604 471640 491290 301667 620301 334339 228724 595889 999999999 163633 450686 333301 180757 448029 260363 750667 143080 503500 495378 188828 250975 601602 650039 692570 358910 653380 554961 336082 523099 126889 618862 615624 441117 524920 281488 614503 415231 573894 653651 276561 498848 521009 232612 279332 533358 502574 336155 490851 610077 419182 478531 474286 376601 277236 817885 383802 585998 631786 413892 281445 471076 150453 549189 192609 446812 469851 452713 207738 676703 198266 569527 682559 398680 279539 422656 510324 250163 664726 315806 242300 581196 499226 187164 517682 204801 508971
584935 591082 322832 697014 312659 183104 595366 249378 624090 281893 402954 699207 292337 349001 550713 308044 555567 396956 656462 186872 355319 454824 163633 999999999 374045 455054 35356 312361 389634 615518 61178 478276 351239 25245 368766 445801 496180 690547 380973 736105 439049 473816 420730 54090 500390 672763 507624 515567 424585 682083 536463 436188 562254 149858 410750 684571 349305 357432 413571 451060 245053 628348 535438 466934 640389 541443 243900 412870 683933 245050 445491 499704 573921 398028 611802 304071 659550 354748 323554 628923 307854 371291 619346 72865 655313 559322 559663 351108 361067 487411 371901 608050 443247 89941 488035 365194 328954 400896 256698 406919
958139 851840 434890 1061063 510776 463669 964128 575441 954184 143729 621827 883200 285147 528721 880315 400599 923099 404748 1030274 253321 455880 672292 450686 374045 999999999 783893 338930 193022 478937 827307 433914 843551 240967 368995 442281 598977 649815 1059941 243017 1096949 720856 552801 102238 420494 768790 1043285 873866 885237 725326 1049418 865601 667849 869210 482501 735920 879461 682738 716115 692021 804108 589564 933804 864260 838087 795849 907816 191157 725391 891748 209477 666623 736314 817108 452984 911677 495909 999820 607857 146313 873809 233647 605484 959751 301182 1013985 809967 718237 712525 45694 853312 700830 949529 504365 306780 799208 196974 478407 140627 306882 92596
400854 782117 735402 322141 676568 320420 465706 497281 171192 727752 711702 417876 553582 340353 613996 732900 234806 541206 390715 641920 440417 746212 333301 455054 783893 999999999 485448 765965 451937 866503 400651 429891 806287 475109 470349 798154 834666 524574 661517 342567 651380 474136 854992 401228 709436 347916 196884 411743 92347 329075 82371 718406 677582 477297 551236 391480 105785 141908 642707 481706 455828 181961 607011 228328 427213 216756 695813 70474 923975 699057 736154 753482 245600 491674 173043 340179 217044 223512 771754 273755 762904 248967 624096 514512 260703 775074 385823 156223 754748 429667 84211 612978 490082 544972 623245 818592 386123 845834 511968 840842
619645 607382 312793 731851 314242 200121 628965 272302 655258 247602 410507 713860 273683 357012 577183 294743 590640 386066 691743 157736 353186 463256 180757 35356 338930 485448 999999999 280620 387547 625437 96392 511021 321902 35812 363954 445410 496960 724328 356343 770679 456888 473169 385646 87167 516900 708058 542566 549322 451000 717178 567245 446314 585165 171495 435602 700329 379679 391352 430516 481288 272083 656647 561709 502239 651248 576413 211131 440797 694005 213611 454268 511573 594358 392289 639363 312030 691944 373365 289808 650026 278571 387571 647842 37889 689635 573895 569828 385359 326746 520301 401797 636692 439753 62090 511110 333347 332001 366718 241445 371802
857618 674649 247355 1002386 334271 465860 850043 440539 935877 66716 442406 954081 388320 586754 730117 212986 858943 523140 942822 128563 541974 490298 448029 312361 193022 765965 280620 999999999 572162 640305 370961 726455 58694 295224 538281 409120 458887 945357 394675 1043407 554833 656108 156286 366427 596284 970548 812830 775012 727535 984454 847842 489270 707696 364526 588809 944963 660228 668364 526217 673983 465246 935249 714103 766197 877746 846158 71432 719437 703255 67373 485645 556312 856060 557779 916961 545431 971904 634676 47191 912960 40926 642110 814413 252476 964183 631201 796183 661146 223333 736898 682158 805226 611311 223054 642011 52842 545562 109700 388416 147628
793282 966508 695036 773903 701124 248560 836509 616325 593065 508760 792128 406049 194287 111976 881801 672392 670231 98855 818517 499008 34381 843434 260363 389634 478937 451937 387547 572162 999999999 1002380 393929 748897 629640 412511 36726 832934 884296 918632 264396 793733 813034 86756 577491 374103 876609 792232 623055 761699 363148 778617 516638 823588 913893 527932 759167 404758 391687 474926 790366 757279 596118 537204 868665 622511 316920 651705 508664 381484 1070402 524340 833910 884751 371398 41248 510635 127422 652631 228498 549625 423603 593745 204145 930598 381170 712585 939198 240392 481583 435570 754461 394171 918549 55477 434626 841550 612869 78057 597498 183945 565287
636603 120464 393171 891711 324839 766938 574506 397224 978211 683805 216668 1243792 895682 943416 332704 427598 775406 1011295 743426 590030 968412 163185 750667 615518 827307 866503 625437 640305 1002380 999999999 609718 497841 609727 594891 983674 233604 190912 633512 961464 939849 215212 1083914 791990 628814 159012 818271 758303 550175 899188 856427 919210 179349 253425 475090 319372 1222412 793921 724845 226986 418922 429688 1037666 326628 694323 1209931 776227 639095 872233 68577 619423 171602 119391 1084174 1013245 1035603 901073 973635 904622 686929 1127471 599882 931763 402330 644960 895411 99144 1136011 710434 846975 505345 816097 402679 1056966 597485 264966 660137 935494 737793 866463 785600
526990 573561 353920 635971 325929 160971 540589 224134 568047 342722 403912 671090 325908 336540 512805 344084 494400 415961 596364 243740 360415 453384 143080 61178 433914 400651 96392 370961 393929 609718 999999999 426027 407172 75802 378113 459715 507505 635159 422649 675283 420092 474295 481907 21277 483290 611677 446520 460509 377370 620911 481191 431952 531800 134635 377581 654604 295429 297542 396757 405219 210210 576980 498058 405869 619229 480321 303621 363008 677385 303596 443564 491413 536366 408378 561718 292933 601588 322786 383955 589910 363927 343353 576659 133254 594762 545358 540330 290767 419191 434750 318749 565082 449046 147942 457839 423778 325778 461591 285966 468096
151381 390053 560873 394348 461657 508894 123693 289224 499644 725249 426760 845560 742151 650941 190640 578912 281293 804284 257611 606726 721874 434322 503500 478276 843551 429891 511021 726455 748897 497841 426027 999999999 737386 477560 747942 530448 543928 218953 845101 442644 306385 807998 869017 445026 343307 323874 273333 57563 494873 359836 458327 407111 264772 364777 197162 819866 399985 308252 314923 81175 261209 574208 187431 214066 841897 284891 676609 464036 541302 667078 426638 408652 673756 777496 578872 622443 484629 562659 756824 703492 701325 594759 195644 548404 398608 398777 784931 295621 836371 10738 414029 184132 801821 536819 232879 773510 670860 833830 698892 856573
873633 653379 222129 1030778 318852 513727 861017 448521 974944 125300 421796 1008381 446849 641098 725746 189289 886726 581749 962731 164425 599103 466501 495378 351239 240967 806287 321902 58694 629640 609727 407172 737386 999999999 331684 596037 376351 423591 955439 452335 1073013 543024 713948 183251 405093 579377 994979 841892 788150 772323 1011134 887585 468716 697088 382543 587717 998641 700544 702515 514967 679987 477433 978547 709907 792497 933420 874764 123166 762683 670447 112089 462909 533665 906388 615912 961117 599113 1008525 684504 97170 963077 43388 693338 811840 297529 995265 608955 851682 694432 275507 747993 723085 803243 669423 261361 634643 50504 601117 128152 446134 178413
589204 573751 297588 709927 288927 208289 596405 236656 643281 268979 381230 724410 307635 373922 541379 282920 567582 416560 663854 167973 378150 433487 188828 25245 368995 475109 35812 295224 412511 594891 75802 477560 331684 999999999 390758 421710 472386 691983 391958 749848 422620 497153 410046 74421 483151 683123 520285 517030 447230 693892 556090 415560 549616 135921 399817 709710 369537 373161 396555 446241 236366 649802 525900 477367 665591 553949 228405 434728 663397 227874 424290 479928 598439 419723 633707 328961 677340 379666 309313 653278 288380 396438 612251 71214 669779 540981 584823 366127 359040 486977 392481 601132 465736 72363 475523 348026 353060 387355 273930 396429
799145 951670 668008 791289 678183 241507 839506 601901 616759 474362 771707 442697 157857 131241 874560 644437 683119 71371 828985 468759 29979 823553 250975 368766 442281 470349 363954 538281 36726 983674 378113 747942 596037 390758 999999999 809005 860814 923619 229130 812876 798189 117984 541006 357685 861391 806214 635105 763456 383714 794416 538110 804497 903667 510800 748695 441168 403496 483100 774789 752383 583878 564566 861052 630949 353606 664691 475765 399964 1051933 491883 814176 866812 403909 30543 538327 134773 675282 247386 514768 456987 560790 226084 926281 354889 730896 923096 277065 488783 398860 753948 408059 914262 76712 408194 830712 578205 85294 561558 149903 528861
681817 294135 164777 907819 133940 620127 639582 302252 939001 456633 103731 1128030 700221 793181 433092 198675 772432 825468 787547 374151 798563 114407 601602 445801 598977 798154 445410 409120 832934 233604 459715 530448 376351 421710 809005 999999999 53327 720782 752805 955694 238312 918319 559024 474722 242490 847189 741853 588011 807409 877590 865485 133266 376794 335224 335132 1110099 707130 660209 220407 451958 344770 979206 419896 679006 1078924 767672 414799 785197 294440 394491 117021 177366 983284 836853 971108 748571 949703 779567 456119 1033168 368363 802052 520367 455637 894755 248753 999958 646986 621802 540545 731263 515452 885061 403445 337687 426816 774726 504486 677167 553008
694589 267660 216929 928549 183523 668336 647462 337387 970856 508073 124904 1173292 753325 842363 429103 250417 796221 878141 801507 427355 849916 110791 650039 496180 649815 834666 496960 458887 884296 190912 507505 543928 423591 472386 860814 53327 999999999 724449 806094 976730 241419 969416 606763 523200 231319 864854 768132 601256 848022 897087 899692 136946 365671 380013 346790 1154827 746375 695144 229111 463706 379046 1014754 417160 704521 1126208 792558 467015 824907 247508 446618 117593 160065 1025987 888840 1007698 797924 978695 825304 506023 1074964 418001 848534 514206 508079 918857 223478 1047769 681591 673539 553631 770310 510450 936713 456126 336424 474086 825098 551651 729935 601266
126638 513766 772120 331767 670010 694292 95933 506919 522702 943819 618403 933705 939318 812382 302650 792430 300791 985781 164850 825509 895507 613951 692570 690547 1059941 524574 724328 945357 918632 633512 635159 218953 955439 691983 923619 720782 724449 999999999 1045769 371207 483760 966168 1087695 652798 500198 249492 328634 175006 609221 294160 518295 589665 380168 583451 389514 906148 536348 446142 500404 279316 480127 615318 311523 303299 951584 315892 895368 579565 658748 885994 608116 572436 764102 951618 629181 791430 482688 708966 975727 779257 919872 740539 234397 762077 370787 538644 908424 438011 1050918 208597 542127 232035 968120 753686 388810 992191 841475 1052782 895008 1075170
928811 957767 592346 971244 637249 362252 953898 628614 821585 328513 745154 667415 110194 345980 931638 561580 847358 173788 979206 379081 251685 798606 358910 380973 243017 661517 356343 394675 264396 961464 422649 845101 452335 391958 229130 752805 806094 1045769 999999999 999259 810235 324375 345145 402335 868176 972134 797327 874050 584499 968022 737312 786303 941502 527835 791421 667893 575239 636113 782985 827866 625994 780479 916397 778035 574290 829847 352358 593963 1029457 372565 790757 854304 631223 229855 755326 328080 875978 450755 357349 685221 428422 437535 998729 326521 915415 921479 502136 637447 197384 853194 586785 987251 275687 367035 867453 419691 292505 379887 154633 335525
308435 828724 947166 48405 862162 644583 380966 669813 225188 1017976 854245 657699 889881 682558 617317 955534 188573 883772 211321 914867 782958 870069 653380 736105 1096949 342567 770679 1043407 793733 939849 675283 442644 1073013 749848 812876 955694 976730 371207 999259 999999999 746142 809444 1155577 683788 785923 126331 231152 389757 430782 84027 280413 841941 697377 698646 634784 629986 424582 381113 750999 523121 628814 318204 619173 284976 706102 198704 978184 412912 980180 976493 861565 850180 510876 833808 341850 682360 163185 565739 1059098 502345 1030999 589821 578417 805573 84014 840705 690421 385745 1073210 434709 412522 571659 829577 822085 675060 1095812 728678 1136871 846818 1141595
455407 153506 326781 697740 224475 569644 406121 196750 766788 580407 139530 1031427 730255 744330 196604 356090 572489 834002 562907 468165 779914 130629 554961 439049 720856 651380 456888 554833 813034 215212 420092 306385 543024 422620 798189 238312 241419 483760 810235 746142 999999999 891011 710886 440672 64083 629927 550838 362974 684725 664532 705292 105943 154174 289811 111588 1009521 579385 509665 28850 225281 222006 823558 182627 486485 1001220 571389 530717 657464 275352 514103 124396 105755 870104 828469 820945 703778 765725 696448 596806 912715 518972 724732 284874 483940 694460 129738 929283 495263 730305 315576 601329 279022 868380 444939 100363 589481 742024 663029 695730 701390
839755 1044224 781611 794446 786048 322050 888213 694352 597616 591923 875279 345964 272286 157083 950082 759113 702702 150753 855250 585554 120590 926112 336082 473816 552801 474136 473169 656108 86756 1083914 474295 807998 713948 497153 117984 918319 969416 966168 324375 809444 891011 999999999 653179 455107 954872 821103 657927 816057 382050 803161 529097 905635 986163 608860 832164 349501 431015 520029 869154 822574 671832 530280 937511 665153 250633 684137 593742 405375 1151666 609797 916478 965708 346324 100299 502967 190167 659629 258881 631883 392366 678772 228679 994373 467690 731232 1018293 183887 528495 508270 812792 428846 982313 48842 521149 914779 695497 149006 676453 267840 641498
993499 830360 400933 1117316 490491 538043 991864 588223 1026145 144048 598053 979713 383206 620549 883785 366906 976280 506095 1072782 262392 553005 645137 523099 420730 102238 854992 385646 156286 577491 791990 481907 869017 183251 410046 541006 559024 606763 1087695 345145 1155577 710886 653179 999999999 472000 752537 1093050 928173 914886 802978 1102809 937291 644987 863418 504259 741304 974925 751303 775001 682219 821369 609018 1012474 867728 887228 894027 962038 192496 800287 853360 203677 640811 711587 906210 553069 991483 585231 1068424 692139 115137 963223 194333 692532 967038 350063 1073874 786650 815473 769849 147931 879226 770987 957554 604973 340239 796973 132852 571838 56383 400851 14151
543214 594096 363718 645319 340788 145458 558561 245003 570052 334758 421633 658887 304894 319545 533952 352094 504747 394852 610399 240817 340438 471618 126889 54090 420494 401228 87167 366427 374103 628814 21277 445026 405093 74421 357685 474722 523200 652798 402335 683788 440672 455107 472000 999999999 503736 623361 456312 478424 373099 631311 482509 450634 553063 153875 398858 643014 295533 304188 417104 425658 231484 575397 519233 417813 604860 490217 297741 360320 696632 299129 461871 510788 527563 387884 559296 275515 605507 311440 376922 581773 361719 330650 597416 121976 602567 565506 525382 298290 404151 453609 318305 585812 429094 143954 479090 419255 306936 453882 264774 458077
487231 90699 358512 737599 262068 633634 430775 260524 819200 626657 159534 1093704 790564 808405 199650 390245 617910 896259 594891 517914 843397 128110 618862 500390 768790 709436 516900 596284 876609 159012 483290 343307 579377 483151 861391 242490 231319 500198 868176 785923 64083 954872 752537 503736 999999999 666401 599675 397656 745666 703113 760678 114403 134851 351904 160391 1071540 640322 568183 86892 262970 286020 879202 189061 535591 1064601 618201 577758 717993 214698 560209 126621 72771 931355 891618 877582 767804 815017 760027 639862 973123 558812 788462 283146 542640 738675 66596 992991 553731 780674 351492 661905 279828 931917 501635 113636 627417 805873 702710 756838 743761
183289 705465 852289 82765 761935 610314 254741 572203 289902 951786 744403 721082 861947 680410 492744 863763 124823 875092 85930 842520 776371 756449 615624 672763 1043285 347916 708058 970548 792232 818271 611677 323874 994979 683123 806214 847189 864854 249492 972134 126331 629927 821103 1093050 623361 666401 999999999 174809 268754 440231 44746 311268 728736 573143 613971 519509 693080 403394 336386 636913 405021 533239 386438 495257 205842 755208 142641 908817 415742 856692 904849 748358 732514 560089 830309 404938 671890 240629 565445 990741 563710 954235 593579 452107 744727 126290 719207 726470 336357 1023934 315179 398291 445419 834209 754024 554268 1022017 720921 1069265 817582 1079350
207533 657940 720278 189674 639629 435550 277724 446929 226348 789049 643584 606504 687141 511922 463905 727044 50173 703079 197434 684268 605449 666190 441117 507624 873866 196884 542566 812830 623055 758303 446520 273333 841892 520285 635105 741853 768132 328634 797327 231152 550838 657927 928173 456312 599675 174809 999999999 238581 284998 175572 195139 637637 537326 468504 440501 579187 231654 161785 550353 343435 404819 305017 460634 64361 623144 33957 748286 256909 807508 746084 656959 656592 435915 660144 313205 500383 215344 399487 829561 454096 799937 429248 455006 578280 156637 660822 582504 162617 852806 269501 229676 444993 667347 592298 497233 865118 549955 907634 642774 914292
93829 439471 616116 341736 517827 528334 80153 341536 463527 770865 484322 829597 768845 659703 231943 633285 238313 822731 200261 653206 736354 491466 524920 515567 885237 411743 549322 775012 761699 550175 460509 57563 788150 517030 763456 588011 601256 175006 874050 389757 362974 816057 914886 478424 397656 268754 238581 999999999 484278 306252 430553 464381 310118 411253 254467 803215 396092 303057 372182 137796 310751 543358 231673 185992 832549 244633 722917 453418 590997 714282 483880 464290 657315 792378 550372 634388 443044 564601 803840 683040 751208 596739 216598 587073 350823 451036 779889 292003 875926 47627 407178 206445 813288 579300 285662 822969 683763 881418 724893 902185
483775 823847 726781 412973 679768 265357 544491 513767 237086 683358 728463 353699 479103 252648 671215 719986 325627 454999 481053 608653 354007 767708 281488 424585 725326 92347 451000 727535 363148 899188 377370 494873 772323 447230 383714 807409 848022 609221 584499 430782 684725 382050 802978 373099 745666 440231 284998 484278 999999999 421129 154608 740893 728879 475677 592237 329428 105354 188026 672530 537156 475001 209564 662619 307659 348274 307329 656286 30904 959921 662027 757491 782739 185989 403496 189665 257890 292751 136628 728117 228730 729135 159070 690516 475350 350485 812150 299276 201710 692978 496157 84454 678991 399245 512679 669024 779335 301020 799114 439618 788903
224483 744876 875897 38204 788034 607838 297568 596714 253226 962868 775448 687442 857906 666644 533292 885925 126565 864171 130589 856019 764461 789603 614503 682083 1049418 329075 717178 984454 778617 856427 620911 359836 1011134 693892 794416 877590 897087 294160 968022 84027 664532 803161 1102809 631311 703113 44746 175572 306252 421129 999999999 283823 761637 613376 632432 553459 659445 394589 335905 670258 440632 556656 350064 535199 218637 725584 141644 921161 398598 896302 918149 781272 768062 529748 817483 369963 660977 200447 550508 1002778 530097 969793 577423 495165 753209 87092 757288 700587 337794 1028310 351658 386895 488208 818632 765532 591803 1036384 709240 1081086 813916 1088979
401425 828411 810564 268846 747378 401950 472813 563310 88854 810057 775578 416168 630565 406919 647636 809490 217671 609440 369185 723317 508474 807109 415231 536463 865601 82371 567245 847842 516638 919210 481191 458327 887585 556090 538110 865485 899692 518295 737312 280413 705292 529097 937291 482509 760678 311268 195139 430553 154608 283823 999999999 778900 716374 551488 600627 388422 187681 205450 699148 519446 521022 118592 642424 245297 444141 202477 777838 143654 973924 780842 797216 809354 249938 557283 120550 412094 138678 291234 854015 260963 844219 312608 646941 596661 204435 825128 416781 218506 835930 456234 166571 636497 550255 626404 667695 900516 455629 928187 589814 923142
557659 185386 246755 793651 157077 590658 511027 228344 846191 524444 46980 1078151 717456 767228 299830 279505 663494 832022 664642 421744 789543 28566 573894 436188 667849 718406 446314 489270 823588 179349 431952 407111 468716 415560 804497 133266 136946 589665 786303 841941 105943 905635 644987 450634 114403 728736 637637 464381 740893 761637 778900 999999999 245815 297450 209948 1057915 636766 576981 92200 326776 265894 895772 286654 573547 1039297 660725 476949 715708 247836 458375 19636 68932 923373 834007 890669 724327 850395 734475 534079 969527 450674 760414 387220 466695 786107 142266 963736 562954 683163 416762 660002 382207 878030 420397 204506 517552 757559 593781 687544 636864
389928 134546 480637 649941 378649 665543 323609 313059 763195 730595 287643 1082427 854075 832927 80760 510231 545720 946914 494867 615892 882344 262436 653651 562254 869210 677582 585165 707696 913893 253425 531800 264772 697088 549616 903667 376794 365671 380168 941502 697377 154174 986163 863418 553063 134851 573143 537326 310118 728879 613376 716374 245815 999999999 413696 154992 1058304 625835 542389 182132 196962 321652 834017 78462 476193 1065329 549660 680500 699146 284138 664636 260088 205801 913834 934210 836483 796079 749398 767313 748886 949677 672417 797911 152041 616000 660859 159323 999562 528202 876053 270002 644603 150748 969261 582549 74233 743286 838977 816338 816346 853611
493110 442560 259286 654505 204513 293608 487656 100847 632526 360476 270904 793310 442117 470057 407547 260905 510405 544361 580227 242094 494188 319355 276561 149858 482501 477297 171495 364526 527932 475090 134635 364777 382543 135921 510800 335224 380013 583451 527835 698646 289811 608860 504259 153875 351904 613971 468504 411253 475677 632432 551488 297450 413696 999999999 264719 775047 379318 348965 265019 321620 107095 659115 391868 414567 747399 500066 311926 455471 542810 303032 309445 356918 648524 540812 647983 426938 654837 445335 392600 699172 343259 469012 481479 203453 624665 412475 670006 337775 479957 374970 403694 470715 582842 177632 339619 413705 460411 470200 406391 491796
347897 231754 387716 586390 283665 510999 304910 164307 658881 602545 231510 943542 701383 679853 144519 411429 461098 792125 454717 484341 727490 237236 498848 410750 735920 551236 435602 588809 759167 319372 377581 197162 587717 399817 748695 335132 346790 389514 791421 634784 111588 832164 741304 398858 160391 519509 440501 254467 592237 553459 600627 209948 154992 264719 999999999 920473 487321 410894 117766 117127 167429 719198 128521 376232 920456 460310 552145 563674 373440 538373 229480 216859 778222 779238 718055 642258 655711 618972 626206 817960 557335 648896 225744 468172 582944 224537 852144 396430 738496 206842 507907 216421 814570 439102 82635 629988 684570 698507 662901 730353
786702 1151643 1006348 635666 977740 501515 854977 829604 407643 887425 1040534 28006 594893 358614 999824 992615 605970 495489 756852 846636 424175 1083590 521009 684571 879461 391480 700329 944963 404758 1222412 654604 819866 998641 709710 441168 1110099 1154827 906148 667893 629986 1009521 349501 974925 643014 1071540 693080 579187 803215 329428 659445 388422 1057915 1058304 775047 920473 999999999 433360 516656 995455 865972 793737 312017 991571 618946 110388 590326 875591 359265 1284797 887284 1073352 1104439 146135 438080 289911 399581 467165 331818 931210 129398 958264 313282 1014890 711758 573152 1138134 166235 530616 837473 820199 413778 1003634 395883 760460 998086 991525 403857 988506 574081 962035
