NAME : synthetic_000594
TYPE : CTSP-D
DIMENSION : 100
GROUPS : 8
RELAXATION_LEVEL : 1
EDGE_WEIGHT_TYPE : EXPLICIT
EDGE_WEIGHT_FORMAT : FULL_MATRIX
EDGE_WEIGHT_SECTION
999999999 535577 512893 458683 277356 317305 291060 311391 426108 490561 391103 448325 423766 485147 429798 308159 194130 413139 158376 588063 489931 398649 354788 192548 517277 501767 37599 174090 137455 426579 550791 543341 196218 337418 276210 536716 407935 458076 556645 196920 70705 358772 364673 474667 557968 463460 540767 248395 577991 259165 565340 556935 603077 343949 468574 595209 292744 415052 182435 520505 637601 608589 382860 566217 679527 329921 333103 303629 561100 487372 681044 541794 652730 193820 419021 560308 350405 455946 440622 563054 616378 178498 397354 135530 213319 297626 218579 578077 494801 596851 328927 443651 417240 190319 256835 712352 229536 338091 311034 370746
535577 999999999 551644 567444 267003 726920 748878 669772 960855 481899 320496 752189 883249 1009725 697711 680188 670889 941062 692372 781758 47460 908543 840629 456094 927739 939628 533114 616546 458016 852958 1023249 957288 479553 540811 406959 929013 507089 831846 1091260 727323 575535 737593 811320 147915 1071858 663577 841513 478618 949328 360269 1096860 1064656 876503 817076 720720 124625 760476 211313 586654 1055915 961508 1135492 846530 699950 1199335 380275 320843 837041 1096671 942954 1213649 873283 1176038 401355 539067 1092277 253637 895445 203834 858389 1125925 662437 773948 401961 411780 298951 381256 124227 984457 688397 823906 735486 938390 393340 310123 1241578 495821 200857 842315 843931
512893 551644 999999999 72321 509365 398864 465363 327830 819762 70427 696279 302495 926266 763043 921123 344215 704620 844467 580124 245729 538433 867123 555357 323067 1028246 555576 477929 686064 381069 482863 664961 1053326 648981 187555 257097 1049112 104962 413399 885693 660924 479078 870080 482745 627598 781801 934677 1046146 690849 1090878 306633 962695 761168 1105108 845694 958130 674449 799710 346542 374838 869211 1148508 876101 885987 153774 906147 226681 647997 671881 915672 580381 973840 403262 897375 347724 848692 955862 603382 963185 645438 364785 816081 467882 909288 487830 613383 591398 334281 669815 975432 136842 819522 283340 696474 570702 551431 978787 685833 442965 747364 870671
458683 567444 72321 999999999 489594 326546 393308 255648 749271 114334 677797 236778 865033 690722 876309 272015 647341 775639 514662 214341 548473 801015 483036 274882 970030 486937 422502 632747 332602 412373 595474 994432 607959 123587 223840 992222 66877 346018 813479 596697 419132 817397 410646 627468 710027 894773 997007 652544 1035260 279470 891679 689689 1057474 784682 913991 687005 740443 356850 309596 797277 1096233 803974 825110 137935 834851 208721 626124 601710 843722 510443 901615 344604 825649 309059 815621 884808 587729 903288 638808 312012 745040 399905 856033 449146 578331 569389 300126 680398 910074 147167 756532 217391 624210 535888 526568 906894 645240 435380 679711 809091
277356 267003 509365 489594 999999999 526835 529768 486483 697790 454485 188204 600616 621786 761280 477064 492140 404425 675018 435720 684839 219736 641606 612010 265376 677258 736031 282702 351264 238852 651950 804448 706607 223111 408601 269339 683138 422907 653640 833209 462933 328469 488081 599658 200093 830741 464418 619452 236870 709736 211335 831451 827243 665508 552755 507466 317934 496014 229170 374291 796067 736797 885472 583883 625865 954716 283504 138900 580933 835358 731016 958275 716565 928853 207071 356665 827049 101465 637851 177153 717789 887740 428428 526690 141953 157681 82927 201848 301024 719442 634784 557511 588078 692054 129880 55165 989633 247353 100586 577529 579919
317305 726920 398864 326546 526835 999999999 73085 72982 437166 423666 685961 164473 616521 364224 727838 56936 443734 476171 264550 335208 690458 521253 156515 272461 736198 213023 285456 458427 287983 126697 300950 755407 513408 234912 326678 765634 323614 140940 487519 345936 247249 626992 91045 720431 389307 772102 816050 565598 814582 366962 574095 372059 882005 542144 766526 821524 513236 536655 153303 473371 892725 479496 581072 359637 517470 370282 626400 296261 519592 217436 576119 228907 504680 330535 736218 566996 622572 661742 703981 260547 430796 151134 659215 407039 522129 579135 347314 808226 631966 407502 501761 170569 298011 490137 532086 584218 546752 535535 393274 561150
291060 748878 465363 393308 529768 73085 999999999 137854 364288 484830 675507 235277 549982 301543 680535 121639 390592 403285 206924 407135 709629 450288 97937 293847 671308 211344 264876 412367 295026 136678 275942 689470 485353 292134 361997 701823 383657 189019 420682 283823 220871 572241 73626 727970 337751 729717 760601 537122 751474 393907 502197 324383 826977 477580 718792 835755 452446 569420 162225 404056 832195 421601 515727 432577 467518 411091 616211 223351 450471 201553 515783 283169 451234 347578 704308 495145 620449 596068 705833 322222 385084 112730 602519 399457 503163 573105 367977 821257 560736 480111 435277 242725 232291 475528 527401 528127 516219 551903 322179 495278
311391 669772 327830 255648 486483 72982 137854 999999999 498919 350790 655642 137470 654388 436135 736477 16420 463688 532264 296031 293534 635483 569602 228604 223212 770257 272876 275647 469324 251008 186844 368524 791282 503049 162351 264445 797631 250634 167379 557865 380364 246219 646328 162936 674143 462226 774373 834820 554751 845118 309995 638938 444677 899798 577132 775383 769438 542558 473588 130097 541901 918662 552342 617043 302454 590184 303858 596499 353841 588305 283381 648701 235953 577640 282620 726936 631949 585374 697684 662532 251913 503047 174411 680940 378901 502302 546007 295813 757105 680460 347380 540558 135139 368734 466659 498444 657187 538406 483991 443098 598243
426108 960855 819762 749271 697790 437166 364288 498919 999999999 827774 765012 593520 301030 180710 568882 483431 329675 73528 275131 765700 914685 162707 300688 567335 419068 433380 434572 387653 532883 428314 384157 424317 532195 635722 655059 456180 727614 516232 153900 235336 399539 429349 382241 886917 267805 642039 578169 567608 506662 661347 145796 289418 640091 273109 597862 1011753 297301 832540 456822 109818 601779 247755 289673 796803 334478 711345 716198 148338 140182 393338 282057 606016 299250 597613 682503 139600 753875 347474 844197 657492 321293 357891 436787 558942 587769 698270 623346 993616 244247 844346 225580 603615 182142 586187 666637 326902 541685 764198 123788 269376
490561 481899 70427 114334 454485 423666 484830 350790 827774 999999999 639210 350341 911183 786005 884217 367079 684506 846567 575608 313708 469847 861993 579053 298013 1007823 597421 457844 660574 354325 520022 704463 1033872 609896 193713 219968 1026618 101340 458199 904675 653058 465746 842563 511761 561859 812078 892833 1013550 648838 1066418 261531 972517 793249 1070602 830620 920368 605088 782004 278774 373320 885058 1119407 903131 870476 223487 938837 178453 593360 679453 931509 618852 999315 458823 927699 311521 801220 965891 545160 945687 582314 424724 850104 470773 882323 448383 569091 537256 294255 600849 968158 206594 808155 330935 717092 526627 499636 1007774 646025 381641 746673 856459
391103 320496 696279 677797 188204 685961 675507 655642 765012 639210 999999999 777962 612061 863655 383572 658936 438812 725614 536864 871267 281003 671012 745651 442622 632689 886558 411550 379696 404837 806387 941614 661870 232836 593929 456845 628202 611107 820197 913016 535712 457337 447360 748467 178291 942639 343700 525594 203423 642169 399195 882190 944192 557153 559804 403268 293812 506935 389175 533346 871710 645474 981760 580795 813948 1058664 471287 59568 674632 905142 875651 1041912 890220 1029180 387476 218606 879119 95170 613699 119328 896211 1002277 565601 479051 278926 182455 111519 386387 274391 724651 822867 580828 766806 800186 201032 158599 1080029 228107 262248 641266 583951
448325 752189 302495 236778 600616 164473 235277 137470 593520 350341 777962 999999999 780338 494274 873906 143633 598775 637340 425294 172472 723402 685360 296591 336004 899078 255111 412142 606402 375086 191629 365943 918845 638091 211454 349544 927800 267438 111764 623567 508274 383686 781930 214488 777294 495663 911610 970758 689419 976191 404261 724605 471969 1036025 705115 912810 861313 673919 544701 266133 616307 1052124 594874 744385 214691 614108 372216 719702 457679 661302 283715 694330 121097 609403 393556 861633 717360 701593 825126 772711 118525 522868 306048 815834 506238 633298 666858 400802 850976 795931 266404 665662 19405 437102 595866 619441 692301 673925 581887 557284 724736
423766 883249 926266 865033 621786 616521 549982 654388 301030 911183 612061 780338 999999999 478716 304705 642916 231979 228050 358658 947190 835988 138332 531475 614484 124980 692171 454002 273994 561075 659883 668313 139799 403888 741491 699891 159942 822514 734868 439442 274140 447238 175830 599285 771979 567943 382329 280339 413101 211394 680409 337213 587884 340117 80629 324166 897557 132072 818829 557331 396426 303658 543519 40907 951159 630065 753618 580412 351583 404443 656653 554068 829791 594254 616239 460434 337874 637994 48652 718023 871961 622306 480439 162055 514245 471593 586595 640054 878081 118657 990400 114784 784132 460568 492046 573750 605620 391795 713441 241993 56335
485147 1009725 763043 690722 761280 364224 301543 436135 180710 786005 863655 494274 478716 999999999 726472 419724 455791 253829 328851 659137 966282 341264 207709 572796 598931 283285 479335 507135 555080 306768 211265 604887 636986 593670 651941 635852 684993 397055 130432 335451 434995 589783 283527 959733 90965 795437 751283 680506 686624 673729 254817 109197 814788 440509 758575 1079018 452577 851277 443697 134354 781260 126089 463003 708193 195174 704664 809149 189810 173722 241983 214790 475584 167608 617131 817821 247679 834353 526112 925045 531597 149963 352163 603103 619508 681261 780323 641102 1062293 423709 759149 390380 508544 72586 669129 741517 233322 654974 808872 260263 441661
429798 697711 921123 876309 477064 727838 680535 736477 568882 884217 383572 873906 304705 726472 999999999 730906 293487 504025 476616 1017861 654224 420534 704269 601427 271721 870851 467318 269415 543814 813573 880574 298295 274843 760287 665535 257171 818248 866259 720339 416219 490467 139783 748037 561259 817121 77630 144191 242729 261918 623802 636752 830625 189364 297812 38908 675993 274209 705002 610668 675840 263940 816161 293049 992814 902497 706897 377316 554289 693208 843860 843504 956740 867662 573959 179723 636494 445718 282613 502429 984916 876368 576809 142668 435910 325490 409898 589980 656784 421866 1019774 343372 870864 686294 364971 421900 892335 239956 577581 466216 308484
308159 680188 344215 272015 492140 56936 121639 16420 483431 367079 658936 143633 642916 419724 730906 999999999 455432 517605 285101 304342 645259 556212 212214 230645 759573 260716 273116 462934 255116 174262 354511 780266 501386 178023 276062 787357 266801 161761 541478 369163 241508 638448 147426 681551 446241 770205 827201 553284 835152 320027 623089 428920 892416 566128 769796 778468 532588 485693 129119 525642 909637 536068 605893 316540 574370 316960 599630 338823 572035 269726 632349 235477 561595 289906 725304 616085 590332 686600 668655 255111 487486 164046 672610 381212 502853 549885 304177 765865 667111 362087 528816 143345 352324 468024 502386 641014 536342 492684 429353 586868
194130 670889 704620 647341 404425 443734 390592 463688 329675 684506 438812 598775 231979 455791 293487 455432 999999999 286803 184315 755053 623455 238852 410880 386549 323755 577365 227075 59133 331433 521389 590712 349411 207238 524270 469951 344887 599868 578647 481598 125652 229676 183403 455954 575657 543669 351514 372483 238421 388475 448575 443614 553023 438298 154402 330797 702387 99919 589192 348913 438622 456014 561918 191266 745603 644662 522821 393865 271082 468906 550706 610744 671220 612084 384748 362038 440415 439923 261986 527507 703979 604227 293662 217252 285321 269240 384981 408302 683431 316729 780435 153086 598565 405406 278452 362186 652862 212605 489860 207650 181922
413139 941062 844467 775639 675018 476171 403285 532264 73528 846567 725614 637340 228050 253829 504025 517605 286803 999999999 275922 809750 894189 89835 352622 572370 345544 496270 427730 345926 531999 482977 454101 351061 493675 657827 661398 382652 748204 568191 216721 216246 398668 364257 431622 857598 341332 578670 506446 524428 433150 661189 157589 362758 567722 206309 531391 983717 237805 826848 473248 172412 528253 317107 218939 833881 403936 718002 679970 179935 190545 457237 339977 660315 368320 595977 627193 153957 722729 274122 811820 709628 394569 376845 368609 540474 553434 667218 621807 965122 174776 879631 162101 645795 248434 556806 639336 388312 498814 748537 103504 199482
158376 692372 580124 514662 435720 264550 206924 296031 275131 575608 536864 425294 358658 328851 476616 285101 184315 275922 999999999 589368 647208 287113 231832 296485 474483 395986 160558 212892 258254 337178 421214 495260 316697 392661 385477 502599 479830 395709 398924 84535 124570 365317 271697 632361 405785 530200 553761 364580 550900 387222 418857 407806 620096 281107 514405 753516 248849 557409 205331 363911 628175 451003 321027 593123 523913 442082 481276 145275 405792 372078 522710 489208 496066 322876 520060 413211 505595 401653 596371 524816 465445 121799 395904 293897 354542 451474 348674 736302 395459 633630 245631 427599 263432 340427 413100 554164 340422 493181 173120 302409
588063 781758 245729 214341 684839 335208 407135 293534 765700 313708 871267 172472 947190 659137 1017861 304342 755053 809750 589368 999999999 762094 856384 467316 437412 1063752 396983 550553 755709 488437 352416 506583 1084593 765685 277834 415910 1091145 276366 262718 789373 673503 530392 936376 384959 836995 650360 1048291 1123738 814815 1138497 474296 895220 624326 1187833 870447 1056628 900886 835988 570970 408888 784781 1210893 751702 910234 95242 760595 415147 816207 630004 829086 432689 851092 203866 760463 486425 984868 887946 785568 990937 844063 149268 669475 467917 972010 617989 749120 760343 485023 893892 967146 138393 832945 164645 605732 708442 714797 843639 802771 642187 728463 891183
489931 47460 538433 548473 219736 690458 709629 635483 914685 469847 281003 723402 835988 966282 654224 645259 623455 894189 647208 762094 999999999 861182 800187 418429 881465 903452 488546 569087 416853 816910 984797 911011 432401 512762 375247 883213 485967 799315 1046129 680807 531566 691260 773449 117776 1029739 622362 798252 432394 904229 325512 1050173 1023161 834649 769647 678136 139169 713038 192411 547538 1010423 918154 1091866 799187 683359 1156717 353615 276919 792116 1050900 905440 1169076 844402 1132946 362240 498853 1045636 208894 848489 168296 832048 1084367 620639 727864 355751 364627 252505 343412 131964 937010 675173 776464 707234 895235 345884 262703 1197659 449183 158471 795744 796516
398649 908543 867123 801015 641606 521253 450288 569602 162707 861993 671012 685360 138332 341264 420534 556212 238852 89835 287113 856384 861182 999999999 415085 575158 257920 568681 420308 296251 528543 545831 535821 265722 443568 679592 664051 294676 766891 626748 304240 209862 399843 281503 489393 814145 429954 496487 416791 467671 345628 655920 219956 450453 477891 124302 446055 940926 166849 812579 492287 260443 440000 406458 130567 871753 493217 720171 629760 234013 273275 531239 423774 720771 457509 590114 554074 218688 678321 184983 765024 767018 483997 402427 282143 514958 507492 623607 615551 921896 110912 914937 90403 691750 328090 517110 600809 473758 442936 722933 128110 112505
354788 840629 555357 483036 612010 156515 97937 228604 300688 579053 745651 296591 531475 207709 704269 212214 410880 352622 231832 467316 800187 415085 999999999 388195 656043 167171 335463 444534 383466 130924 196004 670681 540263 387786 459217 689329 478344 215971 332136 289711 289012 583810 82357 811755 239849 760873 767718 590431 740345 489075 428075 227195 834242 467173 741236 923213 453301 665546 255758 320915 826943 324763 501902 506806 369656 508870 687219 181496 366564 140330 420265 307717 353373 439666 750729 420821 698111 579543 785799 357452 288218 183657 609333 476111 567551 648165 461250 908061 521700 556706 419928 308666 142781 544634 604111 430790 567461 641844 290964 480254
192548 456094 323067 274882 265376 272461 293847 223212 567335 298013 442622 336004 614484 572796 601427 230645 386549 572370 296485 437412 418429 575158 388195 999999999 709816 485447 160483 363734 58084 399134 567189 735872 334677 162822 89202 728900 218502 390510 672380 365477 175492 547227 355254 450998 624977 621281 723520 381236 769377 101331 712747 614844 783230 534123 639126 549131 484468 278878 132440 643946 825483 698405 573654 396216 754384 145746 384987 424061 688811 487073 785084 451192 734335 59414 548863 706772 365868 648025 440062 453892 676074 221279 586599 180800 312058 331246 75018 536029 677686 419262 514486 324309 500212 271068 284031 805929 372070 263107 469275 560385
517277 927739 1028246 970030 677258 736198 671308 770257 419068 1007823 632689 899078 124980 598931 271721 759573 323755 345544 474483 1063752 881465 257920 656043 709816 999999999 817140 550817 350700 653895 783929 792176 29549 454147 846613 791588 37411 923563 857576 548127 390832 550999 190235 722719 803876 686872 344378 191511 449122 87712 765630 430478 708058 239182 194054 276305 925663 230166 889155 666418 506936 182913 654766 155641 1062928 740297 842990 611757 476508 508392 781618 654368 952517 704448 703915 448511 432686 675486 76533 746824 993530 739430 595848 154368 587946 520509 628964 726176 906138 195014 1100159 237053 901954 584277 548762 625115 707424 432809 774329 366971 176555
501767 939628 555576 486937 736031 213023 211344 272876 433380 597421 886558 255111 692171 283285 870851 260716 577365 496270 395986 396983 903452 568681 167171 485447 817140 999999999 476218 608732 497909 86695 111309 830100 694445 427172 536776 851349 504932 143415 411214 456876 431962 750962 138092 931782 255994 926159 934417 745790 902642 579429 536466 228634 1000893 631313 908007 1034389 619832 746346 362088 417186 990936 358000 664681 463498 363887 576530 827180 340735 456798 41358 456572 198868 363670 543270 910370 529217 829236 740655 912974 256486 272607 323304 776189 609501 714372 783120 560332 1020938 670293 515742 582991 273559 251786 686830 736926 446783 724032 748460 450184 642806
37599 533114 477929 422502 282702 285456 264876 275647 434572 457844 411550 412142 454002 479335 467318 273116 227075 427730 160558 550553 488546 420308 335463 160483 550817 476218 999999999 210772 108771 398624 530969 576424 228746 300691 246835 571189 373052 425657 558539 213383 46614 395391 338332 482363 548092 500186 578097 280850 613206 235725 576595 545113 640555 373663 506076 599890 324176 399403 146014 524293 674142 604253 413172 528797 672166 301862 352598 304118 566349 464147 680570 507695 646741 169929 452485 571237 363373 487843 452206 527533 605370 154052 433704 142268 238686 312744 195522 583387 519831 559812 355236 407053 409538 210899 269243 709461 263282 333165 324474 400000
174090 616546 686064 632747 351264 458427 412367 469324 387653 660574 379696 606402 273994 507135 269415 462934 59133 345926 212892 755709 569087 296251 444534 363734 350700 608732 210772 999999999 306433 546903 630676 378248 148242 511414 442354 366789 581133 597009 538725 172173 225324 184684 481446 517905 593487 317976 368523 179960 405851 414931 502732 601183 432151 201724 308104 644694 145002 545247 346821 496116 463511 616476 234621 738820 698152 492753 334909 319398 527250 584850 667956 687326 666160 353578 312872 499546 382073 297142 469058 716049 654158 307399 223372 240834 211242 327460 375541 625649 368198 770545 208469 604301 453179 223236 306784 709222 154049 440175 264794 229063
137455 458016 381069 332602 238852 287983 295026 251008 532883 354325 404837 375086 561075 555080 543814 255116 331433 531999 258254 488437 416853 528543 383466 58084 653895 497909 108771 306433 999999999 413313 570966 680271 279107 217986 138816 672304 276573 416861 646839 320279 133763 489493 362667 434071 614112 565093 665437 326938 712256 129209 677094 606641 725207 481066 581638 540805 430197 300869 135821 615759 767585 681169 520177 451683 742165 193224 345891 394268 659545 494720 763934 485453 719897 64749 496431 671412 335504 593354 416000 493611 667910 204674 528965 131666 261503 295000 90466 526232 628599 476253 463898 365335 482954 222117 247443 788192 316478 258427 428496 507687
426579 852958 482863 412373 651950 126697 136678 186844 428314 520022 806387 191629 659883 306768 813573 174262 521389 482977 337178 352416 816910 545831 130924 399134 783929 86695 398624 546903 413313 999999999 184967 799472 621646 343850 450254 816499 424823 90642 437098 407122 356001 700369 65539 846653 304102 864771 887143 673517 867199 492743 548148 280895 953717 592987 851499 948219 574626 659954 277659 434272 951939 403318 628945 406130 424395 490700 746865 311951 477766 99061 502816 177753 418266 457218 840985 540833 746375 707584 829063 229845 333687 248997 728503 528151 637306 701397 473936 934915 652622 457983 547051 207987 256627 607942 654789 500980 652798 662224 420859 607562
550791 1023249 664961 595474 804448 300950 275942 368524 384157 704463 941614 365943 668313 211265 880574 354511 590712 454101 421214 506583 984797 535821 196004 567189 792176 111309 530969 630676 570966 184967 999999999 801486 734647 528180 627371 828084 609778 254467 327983 465402 484667 751984 212459 1003368 158240 942116 927736 784169 879480 665249 463945 128622 993327 617189 916014 1111683 615779 837244 437382 343077 971650 258260 646133 574737 254247 671051 883107 328537 376965 85925 354116 305315 257040 622558 941074 456973 892675 716842 979544 362878 163701 377852 772386 670689 763449 843404 641996 1097198 628121 626973 566989 384161 207915 740587 798874 339467 760657 827472 430797 624135
543341 957288 1053326 994432 706607 755407 689470 791282 424317 1033872 661870 918845 139799 604887 298295 780266 349411 351061 495260 1084593 911011 265722 670681 735872 29549 830100 576424 378248 680271 799472 801486 999999999 483502 870917 818255 47395 948776 874657 548002 411119 575299 219773 739060 833305 691690 369671 208795 478671 86781 793082 425596 713735 250747 214154 300894 954960 253996 917942 689590 507824 182716 655377 174480 1085543 740190 870004 641232 490115 506573 793894 650487 969583 704419 731028 476046 428273 705020 93725 776198 1011567 742964 616930 183843 616288 549945 658509 753493 935439 191411 1123393 254218 922178 593656 577997 654547 703914 462325 803536 380272 194292
196218 479553 648981 607959 223111 513408 485353 503049 532195 609896 232836 638091 403888 636986 274843 501386 207238 493675 316697 765685 432401 443568 540263 334677 454147 694445 228746 148242 279107 621646 734647 483502 999999999 496937 392265 460496 547532 654033 680770 304677 266773 265205 558699 371922 719165 286828 409859 52190 488826 349044 650769 723224 463037 340630 310518 498619 284895 440896 372954 639164 523107 752323 367860 730633 831134 432203 186669 447186 672313 677201 809833 736359 800648 301265 223926 647483 236312 416483 321523 754782 779491 372690 304183 161602 67775 183240 315932 479398 508312 753584 354543 631558 576676 95918 171579 848891 37397 320930 408474 366777
337418 540811 187555 123587 408601 234912 292134 162351 635722 193713 593929 211454 741491 593670 760287 178023 524270 657827 392661 277834 512762 679592 387786 162822 846613 427172 300691 511414 217986 343850 528180 870917 496937 999999999 143091 869084 92459 299912 711154 473938 295637 696072 325287 572407 624076 783077 877525 543988 912484 200827 779900 606943 938916 661116 798419 651190 616922 333521 187334 691348 974832 712525 701538 233710 752382 160770 538479 487427 737802 442391 807691 332514 739272 208721 711521 773204 509850 779706 573246 319912 665398 280986 734365 343196 474380 482780 207546 641440 788066 259943 633320 194694 524091 432927 437025 818149 534328 375990 560030 685583
276210 406959 257097 223840 269339 326678 361997 264445 655059 219968 456845 349544 699891 651941 665535 276062 469951 661398 385477 415910 375247 664051 459217 89202 791588 536776 246835 442354 138816 450254 627371 818255 392265 143091 999999999 809063 158902 424888 755991 454501 264614 623148 415396 429561 698615 677597 793680 433756 847842 58417 800676 686286 851122 619866 702136 512252 568938 209983 208296 729002 899537 776615 658992 357727 828459 56604 403577 510498 774287 544083 865723 470124 810285 91722 593229 794616 369713 731933 430415 461758 747074 303963 663031 230852 356819 347027 77354 501564 765914 370874 601972 334213 579504 314161 303249 884126 428957 233260 558385 646449
536716 929013 1049112 992222 683138 765634 701823 797631 456180 1026618 628202 927800 159942 635852 257171 787357 344887 382652 502599 1091145 883213 294676 689329 728900 37411 851349 571189 366789 672304 816499 828084 47395 460496 869084 809063 999999999 944239 888897 585505 419737 573902 195380 754731 801763 723980 326279 161415 451236 51453 780891 467118 745009 204562 224345 256880 921908 255394 898896 690972 544345 145637 692174 187563 1087962 777685 859466 610657 510614 545619 816214 691292 983799 741838 720285 436338 469439 675792 111307 744059 1023933 776703 623366 156456 600265 525629 631093 741908 902438 231735 1124234 269517 930165 620246 556010 630059 744426 436682 781419 401428 209087
407935 507089 104962 66877 422907 323614 383657 250634 727614 101340 611107 267438 822514 684993 818248 266801 599868 748204 479830 276366 485967 766891 478344 218502 923563 504932 373052 581133 276573 424823 609778 948776 547532 92459 158902 944239 999999999 369626 803342 559274 375303 765226 412658 561967 712696 834004 941953 590837 985923 213349 872041 694536 1001341 741899 855536 624933 695343 295800 275519 783783 1043738 802763 782112 204560 840148 141969 559753 579280 830241 523884 898579 383692 828197 246790 751982 865372 520870 858930 572309 358441 752088 371597 804389 387313 515180 502995 235952 617653 874321 212525 716760 248425 615870 472586 460561 907813 584631 369011 649329 767108
458076 831846 413399 346018 653640 140940 189019 167379 516232 458199 820197 111764 734868 397055 866259 161761 578647 568191 395709 262718 799315 626748 215971 390510 857576 143415 425657 597009 416861 90642 254467 874657 654033 299912 424888 888897 369626 999999999 527458 472512 388162 760916 137387 841269 389206 912160 949470 706216 938947 474232 638412 364216 1015795 664565 904789 934650 641193 630051 287695 524905 1020760 489907 701965 321830 504462 457191 760796 393103 568392 173676 589434 94943 501374 449923 877068 631099 752072 781763 829869 141492 413063 289976 791495 541870 660734 711496 462485 922779 735178 374048 620695 130425 347017 627354 664031 584525 687586 650014 499882 681085
556645 1091260 885693 813479 833209 487519 420682 557865 153900 904675 913016 623567 439442 130432 720339 541478 481598 216721 398924 789373 1046129 304240 332136 672380 548127 411214 558539 538725 646839 437098 327983 548002 680770 711154 755991 585505 803342 527458 999999999 377979 518086 580563 411054 1026967 174906 794390 719728 718327 633804 771346 143334 204166 779087 422899 748082 1150108 450599 947286 548950 44533 730074 108072 434722 836855 192231 810602 862377 254448 50631 370198 129240 605517 156426 710917 836369 137250 896141 482468 986977 661763 208731 452051 585265 691967 733430 840806 735961 1132462 357283 887465 377261 637390 189552 728316 806374 173053 692370 891696 274006 415855
196920 727323 660924 596697 462933 345936 283823 380364 235336 653058 535712 508274 274140 335451 416219 369163 125652 216246 84535 673503 680807 209862 289711 365477 390832 456876 213383 172173 320279 407122 465402 411119 304677 473938 454501 419737 559274 472512 377979 999999999 190043 294330 342658 651736 421324 476729 480058 345904 468671 448766 369826 429195 546640 197028 452543 776427 168681 611279 287137 337795 548372 447882 236732 677537 527864 510770 484434 147237 374394 428252 506482 566953 496672 383068 484605 365089 519255 317439 609856 605006 481997 206300 321404 325598 355467 463729 408766 758315 315179 717706 161258 511174 281228 351383 431341 544413 320179 532945 115055 217917
70705 575535 479078 419132 328469 247249 220871 246219 399539 465746 457337 383686 447238 434995 490467 241508 229676 398668 124570 530392 531566 399843 289012 175492 550999 431962 46614 225324 133763 356001 484667 575299 266773 295637 264614 573902 375303 388162 518086 190043 999999999 407097 294492 528362 502318 528723 593506 318918 618112 262886 543421 498913 657443 366640 529374 645061 321314 433119 121514 485205 684194 560360 406911 516318 627048 321015 398572 263896 528193 418775 638491 473182 602130 198320 489008 537781 409983 484369 498739 496559 559302 108810 443870 188697 282423 359297 224129 628750 503503 550761 342412 380398 364599 256408 315854 666112 299583 374927 295220 391811
358772 737593 870080 817397 488081 626992 572241 646328 429349 842563 447360 781930 175830 589783 139783 638448 183403 364257 365317 936376 691260 281503 583810 547227 190235 750962 395391 184684 489493 700369 751984 219773 265205 696072 623148 195380 765226 760916 580563 294330 407097 999999999 635341 615456 680673 215000 189088 259000 226937 591132 499334 695324 255052 158140 169093 738548 137667 703827 528253 536070 278837 676845 156861 922652 763317 671419 422928 423635 553655 721332 703862 853990 728357 532710 284609 498755 485737 167548 559083 887337 739386 477064 40209 407381 330826 438755 553081 718999 294408 955025 203770 781376 553079 360634 435403 752569 242640 586087 329870 170321
364673 811320 482745 410646 599658 91045 73626 162936 382241 511761 748467 214488 599285 283527 748037 147426 455954 431622 271697 384959 773449 489393 82357 355254 722719 138092 338332 481446 362667 65539 212459 739060 558699 325287 415396 754731 412658 137387 411054 342658 294492 635341 999999999 796679 300330 799356 822468 610380 805180 452821 510376 281923 889022 530717 785975 901985 510670 625079 227331 402072 888880 393358 567337 426022 427514 460481 689093 255722 447339 132259 491337 231532 415981 411455 776929 503115 691831 646593 776294 278322 340111 186266 663874 471600 576740 645259 430204 887979 597811 476437 485666 227075 223037 548800 599221 496546 589251 616791 362740 546174
474667 147915 627598 627468 200093 720431 727970 674143 886917 561859 178291 777294 771979 959733 561259 681551 575657 857598 632361 836995 117776 814145 811755 450998 803876 931782 482363 517905 434071 846653 1003368 833305 371922 572407 429561 801763 561967 841269 1026967 651736 528362 615456 796679 999999999 1030438 521575 703756 359289 818117 373222 1015138 1027241 735164 712186 581546 126797 656745 284877 569799 988466 823685 1083196 737736 764980 1153744 421872 192620 776994 1026096 928589 1153445 896642 1127337 391656 395831 1011255 135845 778760 58963 891122 1087662 628294 649528 340557 306670 190738 379084 107774 879637 762706 725945 762791 891140 301105 220637 1186431 380200 196431 764421 737970
557968 1071858 781801 710027 830741 389307 337751 462226 267805 812078 942639 495663 567943 90965 817121 446241 543669 341332 405785 650360 1029739 429954 239849 624977 686872 255994 548092 593487 614112 304102 158240 691690 719165 624076 698615 723980 712696 389206 174906 421324 502318 680673 300330 1030438 999999999 885655 841808 764163 774451 726273 316374 29913 905065 531344 849399 1147135 543380 903512 492984 198378 869566 102011 553293 709846 129857 748688 886941 274194 225311 217970 200860 454854 115680 673642 905371 309818 908371 614935 998509 512439 60673 409470 694053 690005 760267 855265 696416 1130984 507248 761842 481275 512069 142608 745449 814721 197287 738897 871422 350998 532073
463460 663577 934677 894773 464418 772102 729717 774373 642039 892833 343700 911610 382329 795437 77630 770205 351514 578670 530200 1048291 622362 496487 760873 621281 344378 926159 500186 317976 565093 864771 942116 369671 286828 783077 677597 326279 834004 912160 794390 476729 528723 215000 799356 521575 885655 999999999 189871 244082 323702 631317 713620 897977 213629 372995 69918 629767 345405 693485 645895 749858 306835 888565 370023 1016755 974558 714401 348875 618834 768486 901109 918548 1000478 940004 587344 126288 713240 417528 359705 462731 1025282 945388 622280 220281 446912 324359 389804 600589 611001 499449 1040373 417133 907110 752174 366468 410139 966837 249534 563293 535713 384895
540767 841513 1046146 997007 619452 816050 760601 834820 578169 1013550 525594 970758 280339 751283 144191 827201 372483 506446 553761 1123738 798252 416791 767718 723520 191511 934417 578097 368523 665437 887143 927736 208795 409859 877525 793680 161415 941953 949470 719728 480058 593506 189088 822468 703756 841808 189871 999999999 383326 141872 755705 613261 859619 66587 311870 123095 816190 314628 846264 714993 676539 120030 823200 288791 1106865 909901 838145 521388 600055 684463 903124 833545 1042792 874143 702035 313750 614664 589863 239793 644818 1076422 898077 666138 158657 567744 465463 553824 720000 797165 380081 1137350 362381 969937 723609 503281 564327 885505 377352 720038 497890 309778
248395 478618 690849 652544 236870 565598 537122 554751 567608 648838 203423 689419 413101 680506 242729 553284 238421 524428 364580 814815 432394 467671 590431 381236 449122 745790 280850 179960 326938 673517 784169 478671 52190 543988 433756 451236 590837 706216 718327 345904 318918 259000 610380 359289 764163 244082 383326 999999999 474744 387307 680186 769237 432081 357095 275768 484490 303646 462954 424683 675925 500035 793566 379908 777437 873717 470447 167311 490857 707184 727982 847566 788369 842560 344050 172234 677330 227160 419716 304923 806354 824675 424525 295506 203541 82797 179960 356626 465003 523111 798871 377434 682606 622012 123364 182053 888136 25957 337313 444587 381793
577991 949328 1090878 1035260 709736 814582 751474 845118 506662 1066418 642169 976191 211394 686624 261918 835152 388475 433150 550900 1138497 904229 345628 740345 769377 87712 902642 613206 405851 712256 867199 879480 86781 488826 912484 847842 51453 985923 938947 633804 468671 618112 226937 805180 818117 774451 323702 141872 474744 999999999 817494 512375 795739 170490 274493 253897 935772 302576 929327 736357 593153 96281 740888 238449 1133420 826035 897164 629104 561911 592934 867593 737234 1033807 790225 758138 441158 515034 695692 162755 759767 1073409 826742 671106 186755 634318 552105 653445 779072 916423 277933 1168854 320431 978192 671623 584739 655779 790631 462388 809105 452812 260112
259165 360269 306633 279470 211335 366962 393907 309995 661347 261531 399195 404261 680409 673729 623802 320027 448575 661189 387222 474296 325512 655920 489075 101331 765630 579429 235725 414931 129209 492743 665249 793082 349044 200827 58417 780891 213349 474232 771346 448766 262886 591132 452821 373222 726273 631317 755705 387307 817494 999999999 805920 715938 811235 601512 659530 460470 548452 177624 233476 741756 864522 799461 639579 414815 855708 83229 346710 520795 786120 583709 885473 524142 835633 65809 542121 800174 311415 709527 372418 517990 777132 321763 631292 188163 307897 290011 40586 448906 753885 425873 588091 389583 601161 265321 247211 906954 384830 177674 557685 628639
565340 1096860 962695 891679 831451 574095 502197 638938 145796 972517 882190 724605 337213 254817 636752 623089 443614 157589 418857 895220 1050173 219956 428075 712747 430478 536466 576595 502732 677094 548148 463945 425596 650769 779900 800676 467118 872041 638412 143334 369826 543421 499334 510376 1015138 316374 713620 613261 680186 512375 805920 999999999 344859 668023 343910 659594 1141190 385471 975684 602405 120916 608100 247633 343705 932637 325383 857013 837239 293369 93180 495124 225205 723224 290930 741733 773992 7317 880315 373598 969389 777513 351973 503378 495450 695388 710969 824799 767529 1122628 235465 981358 308174 736213 291557 714260 796610 278925 654761 902654 254785 329014
556935 1064656 761168 689689 827243 372059 324383 444677 289418 793249 944192 471969 587884 109197 830625 428920 553023 362758 407806 624326 1023161 450453 227195 614844 708058 228634 545113 601183 606641 280895 128622 713735 723224 606943 686286 745009 694536 364216 204166 429195 498913 695324 281923 1027241 29913 897977 859619 769237 795739 715938 344859 999999999 923415 548293 863573 1142540 557724 892664 482468 225914 890442 130262 571710 685596 145617 735329 887834 282112 254399 191639 228020 427426 137434 664963 913800 338213 907073 635308 996785 485083 61313 402557 710095 687346 762128 854559 687205 1126681 531014 737702 497961 488753 148004 745733 813149 220412 744223 864704 365508 550255
603077 876503 1105108 1057474 665508 882005 826977 899798 640091 1070602 557153 1036025 340117 814788 189364 892416 438298 567722 620096 1187833 834649 477891 834242 783230 239182 1000893 640555 432151 725207 953717 993327 250747 463037 938916 851122 204562 1001341 1015795 779087 546640 657443 255052 889022 735164 905065 213629 66587 432081 170490 811235 668023 923415 999999999 376687 158324 842714 381067 893939 778954 736378 106106 883625 351792 1169274 970123 894099 559206 665991 742284 969464 890334 1109005 934296 759400 339784 669845 628034 296840 676292 1142270 960773 731858 225242 623078 514851 595941 776477 824076 433019 1198856 427167 1034936 788624 554231 610388 942816 428872 765855 563042 373162
343949 817076 845694 784682 552755 542144 477580 577132 273109 830620 559804 705115 80629 440509 297812 566128 154402 206309 281107 870447 769647 124302 467173 534123 194054 631313 373663 201724 481066 592987 617189 214154 340630 661116 619866 224345 741899 664565 422899 197028 366640 158140 530717 712186 531344 372995 311870 357095 274493 601512 343910 548293 376687 999999999 325234 838667 56747 743432 477478 378471 359805 520850 40475 872251 607586 673869 523082 291868 395526 597695 545725 759459 572332 536985 430844 342843 576845 120589 660226 799763 588661 402798 163822 439198 407452 523761 561057 819340 167738 910927 50512 708188 411938 423945 506956 594570 333777 641655 186474 27568
468574 720720 958130 913991 507466 766526 718792 775383 597862 920368 403268 912810 324166 758575 38908 769796 330797 531391 514405 1056628 678136 446055 741236 639126 276305 908007 506076 308104 581638 851499 916014 300894 310518 798419 702136 256880 855536 904789 748082 452543 529374 169093 785975 581546 849399 69918 123095 275768 253897 659530 659594 863573 158324 325234 999999999 693168 306023 736170 649547 703683 242410 845539 316669 1031131 932113 742710 401867 588913 719305 880582 869788 995418 897051 610685 190780 659690 470640 297208 522584 1023758 908293 615464 164326 471990 358500 437658 626247 674172 439065 1057758 372396 909771 720137 398815 452394 919331 274890 607711 498423 333556
595209 124625 674449 687005 317934 821524 835755 769438 1011753 605088 293812 861313 897557 1079018 675993 778468 702387 983717 753516 900886 139169 940926 923213 549131 925663 1034389 599890 644694 540805 948219 1111683 954960 498619 651190 512252 921908 624933 934650 1150108 776427 645061 738548 901985 126797 1147135 629767 816190 484490 935772 460470 1141190 1142540 842714 838667 693168 999999999 783357 330270 674793 1112226 935446 1203379 863755 821153 1272026 492587 317212 898639 1150510 1034243 1275802 982174 1246537 491141 503574 1137226 262642 903117 179747 970779 1203383 740954 771582 459886 433464 317412 474568 19549 1005994 811290 852737 845393 1009424 426931 345166 1307545 506025 286030 889713 864328
