NAME : synthetic_000795
TYPE : CTSP-D
DIMENSION : 100
GROUPS : 8
RELAXATION_LEVEL : 1
EDGE_WEIGHT_TYPE : EXPLICIT
EDGE_WEIGHT_FORMAT : FULL_MATRIX
EDGE_WEIGHT_SECTION
999999999 926462 227391 629902 690042 206265 505431 154210 605031 335018 607392 721042 445276 110277 584608 743675 143105 68443 257425 649871 562278 901566 253170 99369 711688 350957 69623 185590 161506 497044 553351 469504 416487 634973 242250 746675 579598 347636 405996 311816 194121 74732 573092 177425 624513 243610 319561 557434 755841 147940 776531 317408 491870 174682 416896 468889 870936 669770 186680 298124 406049 315210 54523 402411 715763 679808 635332 535313 118183 182876 725463 219268 475003 236690 970741 3264 258232 782705 591391 239838 366439 281636 380598 258665 601214 597887 592111 740027 586449 305415 744185 886496 81681 447775 243716 454870 503089 785011 701107 707221
926462 999999999 1080995 363028 937677 748337 665466 962812 658969 744687 462364 415621 796826 1033410 846923 518700 917617 917917 1059502 562936 549866 46157 1179481 959590 750741 871199 981065 751617 799603 901325 484822 795455 556893 379931 686380 771880 836947 711360 548214 746999 960651 945926 452757 996055 381553 1169495 606913 598950 613461 852195 786183 703391 598877 753048 760410 697907 119701 486146 859077 758441 554064 650287 953902 711136 516315 751081 522854 906794 816104 1106649 710683 1088054 678441 830315 60878 923280 668708 804797 497481 921826 611374 697025 866151 836769 326619 362188 746078 419878 340100 651293 405369 54823 907513 798712 1141892 820274 754841 842860 280287 742238
227391 1080995 999999999 745806 604030 334784 530632 351311 618565 370531 817375 800940 419559 210552 527488 962363 163801 289358 63680 692283 780809 1062841 220790 139503 689828 299929 239912 339713 384689 416721 643416 695751 529956 833464 409324 974007 526459 398866 604890 538572 393532 162732 670493 85006 734728 191108 493760 780128 980060 229840 1003819 540685 712740 370779 415597 487004 1007325 734752 412116 525120 607536 526399 254009 629060 934187 657662 853290 754082 287206 217442 952613 339893 701155 463218 1117719 228791 430761 1009811 666262 452057 474364 385290 327218 484273 756401 785008 819455 816657 749303 429715 952450 1035157 304680 673922 313553 679907 489213 1011385 826389 688087
629902 363028 745806 999999999 595382 429373 304275 708537 314623 389540 439159 146705 433835 740169 493564 587013 587118 641239 715864 234936 497445 361337 878049 639142 430867 511416 694124 444444 542419 539376 121901 680612 218035 370213 392637 789545 483268 356835 356868 557901 719884 630584 89879 661463 21337 862656 334982 543594 670245 525395 814371 510222 501220 472461 397714 335103 267514 170139 622220 563589 368134 435318 669264 567118 567698 421961 521061 803351 512050 812240 731553 825346 573527 612464 385520 626643 382376 831322 143559 701551 273017 363654 504561 628116 147052 293531 695255 166625 178246 327204 492329 310095 634991 673684 867231 696142 394201 861074 84257 421886
690042 937677 604030 595382 999999999 554972 314532 841575 281352 396729 957566 524850 262715 759802 122403 1123669 551463 750022 541175 374767 978630 946465 822957 614146 202956 339163 751433 592806 746198 194434 484361 1047935 517634 916486 617013 1261651 131770 409040 771304 871640 877842 629263 512441 563311 574164 794092 651271 1008848 1187673 547142 1291114 839651 943473 667660 307489 309981 823005 451612 827662 866387 781971 772695 744084 936603 1098694 191436 1030768 1153250 619880 801197 1215197 896877 984189 857071 941706 688238 631588 1304405 451829 906652 501854 503885 309447 881988 715108 838466 1125948 524789 734721 535537 1052371 882871 757074 1030868 894923 1047937 239945 1323316 666775 209461
206265 748337 334784 429373 554972 999999999 314621 321956 414282 160571 509422 514857 292706 314976 436804 668110 171104 236164 323137 448123 492868 728773 448947 212362 533370 244955 274597 37933 193050 378811 347270 499628 212554 510948 86595 741243 429414 159475 291461 321016 348820 201655 367815 250760 422234 433292 165870 506824 705437 104976 771690 295711 436542 112706 251550 284450 680969 464058 278772 314141 297337 243606 253161 395788 640022 503062 560581 599579 90282 385307 704665 419049 454828 303012 787460 203101 108883 782261 385295 362210 160655 76517 266238 327682 422478 455376 593674 533779 414551 102178 638494 704052 235903 481116 449663 496638 334210 794783 504729 527667
505431 665466 530632 304275 314532 314621 999999999 635761 100017 172449 643850 291494 137860 604000 198614 809538 402010 547532 483649 162301 669088 665573 713936 467693 223963 243090 574858 349661 501146 235948 183397 765414 206886 602063 346761 957385 188179 158180 466323 597394 663440 470879 214851 456086 284609 690963 357413 702324 875446 361726 986216 558681 639669 416621 118126 44012 561485 216125 589345 595306 477611 484902 557802 649368 784822 196477 718322 879163 401029 665653 908234 724530 688258 605696 682139 502648 354918 1000382 170482 674103 203781 242481 225593 628861 406065 524297 828778 302587 423099 254018 738188 611554 548951 750733 744908 770008 89993 1021814 385258 217237
154210 962812 351311 708537 841575 321956 635761 999999999 735688 471843 582033 818470 591316 148759 733193 692840 297302 91790 395234 768106 518705 931973 269478 247556 850533 503205 111783 289585 167442 649634 652255 364825 510939 628904 320317 647748 727599 478389 416094 249978 42420 225275 666638 322401 707304 277650 375099 500419 686213 294914 676156 278087 445001 238620 558750 603129 924923 776887 108946 235063 411712 313909 104521 332361 666465 819317 590098 405700 235006 195241 637165 125756 404514 154259 1012983 155454 327150 679461 696653 103883 469224 397295 532412 164358 649369 610349 496408 838639 627897 405673 716771 929384 87215 343154 186013 343993 644792 675689 769741 845403
605031 658969 618565 314623 281352 414282 100017 735688 999999999 270866 703719 253473 204224 702480 190710 866215 497950 647549 567796 101719 738126 666005 808929 564276 136193 322080 674363 448910 599109 271580 209559 852776 284062 652694 442289 1030703 181364 258142 543292 688861 763064 568607 234820 547628 293329 785112 444493 774940 938170 460445 1058790 648322 715591 514522 203397 137334 546687 176309 687538 687690 555002 572709 657603 735632 842984 115860 781518 968843 501024 762917 978998 824224 769627 702119 666771 602277 448711 1073727 171393 772497 293363 341232 299190 724857 441031 573430 908349 258107 463787 348636 785735 604163 648927 839093 843597 859025 135564 1097245 385562 128106
335018 744687 370531 389540 396729 160571 172449 471843 270866 999999999 605731 430590 134108 431703 277025 771553 230914 381523 331659 327501 608289 734613 542976 295808 378760 132230 404043 198431 353610 232254 277520 651961 193474 586301 221417 877555 269335 33373 397594 475025 502686 298446 306834 290960 375364 520851 268302 631269 822205 189578 907633 444239 562707 272390 91003 133983 656789 364576 438699 469659 406687 380775 388280 542506 744462 347474 669219 756544 237665 493289 835592 554267 594479 463465 773203 332354 237661 919682 296089 521240 146830 109436 138234 488036 438151 517126 735884 446137 442587 150490 721911 694361 384631 634544 572753 651349 174503 935669 473271 373778
607392 462364 817375 439159 957566 509422 643850 582033 703719 605731 999999999 584245 721405 694733 837906 166956 665242 570840 822055 654277 87800 419699 839380 678351 837257 731387 639475 489290 448740 831815 499777 336313 440770 85729 423157 353041 827783 578834 217983 334555 565858 656667 482804 741537 455920 838992 346829 136638 235023 603787 376463 304368 148330 446623 673010 649095 485361 603669 473323 348959 212763 292613 612665 270626 141197 819569 81931 444548 531106 762147 293524 704409 222042 429908 522460 604845 400691 393871 549443 512002 466384 505923 743034 426999 293165 147440 287975 602964 260999 457493 136967 453058 556455 342205 767846 362661 720094 425659 431384 828567
721042 415621 800940 146705 524850 514857 291494 818470 253473 430590 584245 999999999 429080 829679 444132 727564 653019 743119 761286 152380 644095 429555 958794 712399 335146 530837 788743 537862 656917 517913 167808 823255 307979 512263 498158 935653 434836 402283 497449 691831 834735 708422 152085 719998 133656 939989 455657 690295 813179 597965 960176 644757 647156 579862 406482 333188 298786 77970 741294 696128 509064 567852 765985 708217 709559 336052 666169 945850 603613 899079 877285 928656 718292 737766 416865 717858 492675 977259 134759 823691 354777 440821 515979 755483 291091 437519 841687 21104 323412 417107 627980 361190 739140 815323 963863 837584 371586 1007377 170403 326623
445276 796826 419559 433835 262715 292706 137860 591316 204224 134108 721405 429080 999999999 529779 144416 888304 318168 499638 365896 292644 731884 794019 620517 384934 274367 119820 511397 330616 484895 112485 312006 785944 285517 692466 355144 1007318 137590 149441 521533 609133 625079 394550 344072 354703 415391 594774 395816 757991 944543 297734 1037193 578005 690575 405275 48619 99453 696132 352961 568082 603727 531426 513058 499771 675828 861951 241886 789382 890543 362213 582769 963563 661143 726124 595463 816386 443033 370622 1049725 306961 648925 255182 242338 95097 620249 517576 618488 867797 439560 529127 277952 829457 743585 504880 768612 670244 785457 70045 1066818 516875 271538
110277 1033410 210552 740169 759802 314976 604000 148759 702480 431703 694733 829679 529779 999999999 662706 820354 211943 123939 262607 753305 641217 1007358 147590 146262 801820 423854 55339 295793 247316 565397 662216 510883 526313 729749 351727 793632 658876 448139 503685 377181 189113 135403 682582 203589 734684 144269 426912 629653 822382 242298 822446 394018 568470 280369 507275 565262 980223 776612 235334 362361 502346 407231 82626 465551 793058 769523 714089 554148 228268 73328 780041 138677 538969 287254 1078706 113538 366828 826367 698963 252618 475581 389164 454189 303289 709233 698186 640892 848427 693333 415197 831568 994427 138332 489039 141303 491260 592292 823627 811248 798021
584608 846923 527488 493564 122403 436804 198614 733193 190710 277025 837906 444132 144416 662706 999999999 1004408 451183 641404 467514 291980 857075 851638 740272 516495 176880 239161 648888 474736 629252 114934 376895 926641 397264 799510 495898 1139330 10459 287478 649221 751000 767859 528941 406820 474913 472810 712735 528873 886780 1066871 438452 1168825 718211 821198 549189 186646 188955 736309 366995 712461 746127 659823 650612 639091 814741 979102 149008 910164 1033155 506151 710334 1093106 797201 861847 739726 856709 582547 509982 1182068 351401 793054 379696 382752 208879 764463 604120 722238 1003596 448142 621680 413325 936001 792233 647314 909821 801249 927178 118219 1200915 569931 178466
743675 518700 962363 587013 1123669 668110 809538 692840 866215 771553 166956 727564 888304 820354 1004408 999999999 816661 698531 972553 811255 181643 472605 959626 822887 998289 895801 766172 644924 582201 998547 659581 376012 607477 217150 581520 254266 994250 745164 378337 444439 669008 799857 640176 890432 605527 963083 509205 192458 95263 757814 267488 427520 252326 594723 839881 815719 574951 755658 588104 459425 371323 437205 740693 361014 28281 981871 109174 451514 680266 882960 194223 807787 291325 538871 578952 741445 559342 286100 707319 607712 633218 670041 908343 529372 440258 295781 271232 744844 410886 622448 114375 526628 683235 390508 874274 404956 886735 324321 564416 989498
143105 917617 163801 587118 551463 171104 402010 297302 497950 230914 665242 653019 318168 211943 451183 816661 999999999 209455 156854 558324 636499 899109 312105 67003 591260 213096 200126 178941 259977 357336 490455 587887 369664 675414 248437 854917 447149 253629 449240 416319 337055 77947 515727 79744 577254 290061 332485 641732 842853 66134 885297 408039 572329 222410 298228 360926 845916 591699 315108 404791 453051 379845 195040 503920 788380 558861 707609 666037 137037 265960 826694 346273 572486 359546 955086 141979 270441 893368 518627 379222 314251 223981 243341 383790 592671 623873 701456 670040 585534 266602 798320 872227 220298 566866 352078 577132 381988 899817 666267 587765
68443 917917 289358 641239 750022 236164 547532 91790 647549 381523 570840 743119 499638 123939 641404 698531 209455 999999999 323960 684232 518555 890197 270244 167481 760268 412015 68637 206860 123800 558487 575648 406631 435299 606352 248633 686439 635823 389575 381659 258093 128589 143105 592392 245278 638070 268202 315354 508988 704370 203155 715989 271264 446277 169727 467604 513737 870629 697346 123069 243633 379776 283828 42187 348061 671026 728873 591572 467992 146817 193598 668125 185547 421433 174865 965090 68722 259771 721425 617603 171403 389825 312510 441047 195089 596773 576877 532159 762834 578653 326552 707707 880893 15796 384764 227190 390554 553757 722211 707514 755296
257425 1059502 63680 715864 541175 323137 483649 395234 567796 331659 822055 761286 365896 262607 467514 972553 156854 323960 999999999 645932 791880 1043789 284470 159591 632749 246217 283689 335076 405010 355492 608456 725916 503810 831611 404145 1000024 466948 362185 606048 561538 437645 184846 636878 83467 703415 254763 487560 795206 996175 220400 1030162 558401 726391 377831 366600 439679 980563 692547 444029 548888 609905 535382 293293 651119 944277 600814 863416 791926 292289 278063 975173 396718 721670 493361 1093518 258106 426377 1037142 627271 492450 448627 362855 271801 515851 738105 778357 845631 776089 733722 410496 955150 1012025 338403 704314 374579 712034 435920 1040917 798037 631392
649871 562936 692283 234936 374767 448123 162301 768106 101719 327501 654277 152380 292644 753305 291980 811255 558324 684232 645932 999999999 698956 572715 870208 622526 196344 404495 719417 478612 618932 371092 157104 840517 275066 594578 457162 994013 282813 306164 519053 687514 791152 623277 171502 616333 213943 848337 440209 739918 889079 512249 1020882 643588 686074 535688 280085 206303 448546 76868 707159 688560 531050 565815 699889 722720 789828 190393 734673 960320 538123 818093 939314 866597 747649 714425 567896 646891 458632 1036761 105040 792185 302800 371722 385142 735420 374316 515517 881872 156391 401240 365024 722754 508142 683348 828989 892736 850077 228676 1063033 296266 187385
562278 549866 780809 497445 978630 492868 669088 518705 738126 608289 87800 644095 731884 641217 857075 181643 636499 518555 791880 698956 999999999 507408 782521 641358 873700 727430 586617 467440 400892 839194 542078 249015 462340 171006 406725 295119 847271 584593 210786 268730 498382 618254 529296 709469 512198 784679 340701 50614 214177 578888 321981 247306 73705 414184 683285 668660 568925 655173 411745 283664 201631 256655 560741 193676 153577 853504 73113 356930 499739 705494 241043 637692 136894 364560 609808 560015 385082 337811 594100 440676 478339 502637 742329 358094 356255 218366 206079 663713 322929 457802 202955 539270 503441 255804 702879 275782 738896 365037 500536 865261
901566 46157 1062841 361337 946465 728773 665573 931973 666005 734613 419699 429555 794019 1007358 851638 472605 899109 890197 1043789 572715 507408 999999999 1154080 938692 763985 863096 954366 729939 770421 900630 482955 754130 544021 338484 663411 725908 841506 701241 516168 711465 928307 924118 451073 978111 381032 1145060 582317 556074 567330 833297 740093 668729 558395 727357 755759 695926 145465 496497 827054 723290 521363 618460 927041 672425 470433 762416 478389 864239 793273 1080419 664764 1057531 637483 796604 106503 898417 644938 758705 500452 887639 597497 680939 859630 802128 306441 326243 701944 435909 315980 633874 359393 76522 879316 757976 1112656 779337 755444 796806 281757 755327
253170 1179481 220790 878049 822957 448947 713936 269478 808929 542976 839380 958794 620517 147590 740272 959626 312105 270244 284470 870208 782521 1154080 999999999 247950 894709 504498 202361 434928 394039 632796 792902 631174 661451 876594 495060 913073 738237 564613 651172 515194 301063 250375 815421 266377 871181 30390 572581 767650 955611 361160 940725 536464 709158 426727 607028 672403 1123491 900938 371523 500205 649686 554071 229890 600665 932779 862244 854925 654814 367651 77239 905406 182371 673368 421350 1223908 256378 511391 942779 825674 367416 608537 519190 533873 433544 854383 845773 763826 976706 839403 550973 975909 1139665 283780 609859 124714 608457 687863 935867 951646 892041
99369 959590 139503 639142 614146 212362 467693 247556 564276 295808 678351 712399 384934 146262 516495 822887 67003 167481 159591 622526 641358 938692 247950 999999999 658233 277593 141921 209037 247232 419714 547782 566346 421128 696588 277352 840870 512750 316698 467277 402963 289141 25266 571667 78137 630588 227694 361340 641304 841619 114755 870947 402436 573576 232068 365159 427082 893289 653265 285051 390035 469450 386973 143036 492995 794704 625826 713801 634610 150351 199045 817073 282766 564311 333897 999568 99638 297756 877755 578666 338514 366601 276036 307927 356614 633133 650978 686391 729954 623105 313419 813782 915999 181047 544763 285476 552699 448988 881333 716184 654759
711688 750741 689828 430867 202956 533370 223963 850533 136193 378760 837257 335146 274367 801820 176880 998289 591260 760268 632749 196344 873700 763985 894709 658233 999999999 391152 779703 569738 723199 289956 338813 987160 419910 783229 570623 1166683 173452 373943 679455 820961 880656 666427 360310 628578 409723 868687 578626 910939 1072088 564046 1194680 781525 851781 638945 295104 248951 633281 269140 810894 819106 691151 706725 765636 870361 975634 32481 915807 1102164 615902 856689 1114673 930140 905511 829007 749536 709183 578850 1209699 293564 895156 426001 464341 362829 852380 566764 703849 1044456 331700 591775 477976 914307 696337 763319 973041 942846 992664 209531 1233379 491589 8983
350957 871199 299929 511416 339163 244955 243090 503205 322080 132230 731387 530837 119820 423854 239161 895801 213096 412015 246217 404495 727430 863096 504498 277593 391152 999999999 412553 279597 422651 146474 393474 742736 325225 716184 325123 985409 235864 164650 518437 564004 540377 291043 424635 238126 495408 477953 387330 746222 941539 210650 1015803 540577 676423 352804 125110 199411 778644 457782 497943 556055 526529 486577 404930 640697 868298 358794 791315 837723 290226 471470 947253 559337 699294 532963 896876 349199 345125 1026685 400884 573194 278894 225768 30336 558149 569623 648353 838583 543556 574705 273991 850951 819821 419868 723618 562089 738056 189768 1039666 595671 388990
69623 981065 239912 694124 751433 274597 574858 111783 674363 404043 639475 788743 511397 55339 648888 766172 200126 68637 283689 719417 586617 954366 202361 141921 779703 412553 999999999 251466 192012 557432 620948 463957 482878 674511 302987 745898 644276 417176 448835 323984 154185 122971 639911 213058 689549 199577 375526 575965 769936 215684 775054 339325 514077 228674 484654 537998 930165 738567 183969 309282 447329 351973 27559 413116 738774 747701 659566 514860 185132 126484 730251 150462 486587 236269 1027103 72549 316798 779634 659889 212401 433965 350470 442619 253924 657904 643615 592338 807915 641159 372124 776336 942830 83265 442044 175147 445729 570675 778415 763388 775389
185590 751617 339713 444444 592806 37933 349661 289585 448910 198431 489290 537862 330616 295793 474736 644924 178941 206860 335076 478612 467440 729939 434928 209037 569738 279597 251466 999999999 155287 415631 370082 463526 231413 496579 69669 709031 467347 196230 271872 284774 314545 194320 388477 258018 438923 421461 154060 478691 678521 114939 739520 261421 408383 75028 289427 320801 689511 490535 241558 277440 276529 214137 228160 361575 616713 539662 536592 562228 67615 367816 673960 391732 422504 265088 792975 182337 91507 749689 410917 325444 183424 108109 301971 289750 424999 445437 560179 557277 414169 120799 620828 709064 204953 444741 426318 459904 371791 761299 516762 563897
161506 799603 384689 542419 746198 193050 501146 167442 599109 353610 448740 656917 484895 247316 629252 582201 259977 123800 405010 618932 400892 770421 394039 247232 723199 422651 192012 155287 999999999 564518 492861 328803 351977 482567 162103 595858 622062 350900 258529 156883 178064 222670 504838 321608 542006 391360 208000 396303 595535 220643 626142 156303 330373 84587 444563 474630 758212 620211 88598 144910 256248 160031 164733 246109 554317 693576 473977 415616 134027 317361 570183 289948 317082 111018 848432 159334 164414 633813 539879 173778 316201 258920 447994 136099 482816 454037 441920 677423 462346 254162 585707 764517 110801 308155 342326 319904 527047 639843 602406 717100
497044 901325 416721 539376 194434 378811 235948 649634 271580 232254 831815 517913 112485 565397 114934 998547 357336 558487 355492 371092 839194 900630 632796 419714 289956 146474 557432 415631 564518 999999999 417681 878215 397844 804537 451006 1109671 116760 254620 628425 699763 686843 435023 449564 370252 520093 604544 500232 863276 1052643 356802 1139786 672424 794898 490408 159586 205338 797080 440063 642384 692933 637879 611979 550787 771776 971948 260334 898362 977558 434073 607859 1067828 702456 825895 675410 917820 495353 468612 1151718 405762 718898 365510 341221 117946 700555 629158 730861 966957 525560 641316 382074 941467 847480 566299 859877 701013 875433 147727 1167208 621058 290647
553351 484822 643416 121901 484361 347270 183397 652255 209559 277520 499777 167808 312006 662216 376895 659581 490455 575648 608456 157104 542078 482955 792902 547782 338813 393474 620948 370082 492861 417681 999999999 688089 141357 444472 332343 837058 366482 246285 364004 542110 669963 542636 32066 560624 103504 774870 297951 582817 734799 433047 864052 496547 529307 413937 276828 213202 386127 129843 578775 544647 376008 418530 598186 570609 637185 323793 579419 809059 435823 732010 782668 761141 592220 579104 505574 550161 328509 879843 53678 662374 186987 273940 384843 598285 231781 365094 725287 187232 254270 249368 576495 431634 571966 677563 796061 699089 273374 905954 205006 329989
469504 795455 695751 680612 1047935 499628 765414 364825 852776 651961 336313 823255 785944 510883 926641 376012 587887 406631 725916 840517 249015 754130 631174 566346 987160 742736 463957 463526 328803 878215 688089 999999999 570400 415675 430931 282950 918167 639166 326379 178763 330187 541083 685454 643765 690295 641779 408535 204831 341246 548625 311575 208521 197951 389971 740448 750834 803335 814852 283651 187021 314581 280546 444420 117824 355202 961421 298547 122741 461299 559324 275529 459849 117513 232814 854612 468504 416808 315695 741642 263771 561692 544051 765496 211543 558655 444896 133121 844142 526412 515680 441265 780697 391159 21919 527563 28947 814189 315635 705644 979695
416487 556893 529956 218035 517634 212554 206886 510939 284062 193474 440770 307979 285517 526313 397264 607477 369664 435299 503810 275066 462340 544021 661451 421128 419910 325225 482878 231413 351977 397844 141357 570400 999999999 407168 191008 750810 387196 160599 260421 412719 528728 412940 157235 445189 209859 645326 165318 495532 670058 307403 779522 369469 433598 272580 238530 208354 477512 268367 438540 413530 271934 292189 459325 452804 581960 396504 513136 688320 298337 597434 701357 620844 485606 441462 589713 413255 187952 793828 188157 522677 55592 145789 327304 461686 244700 333023 624773 327916 249806 111117 544213 508494 431166 557587 657638 578113 279333 815830 296663 412024
634973 379931 833464 370213 916486 510948 602063 628904 652694 586301 85729 512263 692466 729749 799510 217150 675414 606352 831611 594578 171006 338484 876594 696588 783229 716184 674511 496579 482567 804537 444472 415675 407168 999999999 427525 432983 789184 556861 229761 389314 617434 676668 423905 753938 388503 873449 345081 221093 300961 611249 454724 352364 220462 465576 644961 612577 399633 538528 520189 402733 228958 322545 647123 338006 197531 767896 161438 527397 546558 799798 372217 753672 299041 481550 439463 632181 405240 472613 491086 568527 441376 494597 724528 482349 223261 79380 373670 530114 193763 444215 137051 368268 592966 419601 814610 440877 683302 506010 353316 774381
242250 686380 409324 392637 617013 86595 346761 320317 442289 221417 423157 498158 355144 351727 495898 581520 248437 248633 404145 457162 406725 663411 495060 277352 570623 325123 302987 69669 162103 451006 332343 430931 191008 427525 999999999 660810 487559 208586 205180 255428 337805 261210 346339 327653 389523 483612 84444 422108 619770 183748 691138 222866 351995 81705 309534 325387 628688 458629 250031 251414 210821 161789 277395 321208 553438 542319 474070 538163 129866 424851 622134 433296 375456 259982 729305 239006 22513 702378 378258 335022 154371 113156 343598 282569 360104 375770 516086 518358 347433 93830 553176 645151 242837 413929 474789 431363 385103 716668 460420 563989
746675 771880 974007 789545 1261651 741243 957385 647748 1030703 877555 353041 935653 1007318 793632 1139330 254266 854917 686439 1000024 994013 295119 725908 913073 840870 1166683 985409 745898 709031 595858 1109671 837058 282950 750810 432983 660810 999999999 1129881 857946 491331 438977 612534 815766 824389 916886 805209 924387 611625 255767 162783 808123 30511 449609 318294 641520 959280 953053 820954 949810 563541 451242 480292 499031 725425 351241 255800 1145507 272087 284831 721579 841979 61771 738571 286533 511575 832388 745378 641869 43037 889197 546092 759966 768457 1004407 492182 645134 500411 154572 954767 612388 729379 366516 776874 670758 304704 805894 304624 1021929 73093 784347 1158356
579598 836947 526459 483268 131770 429414 188179 727599 181364 269335 827783 434836 137590 658876 10459 994250 447149 635823 466948 282813 847271 841506 738237 512750 173452 235864 644276 467347 622062 116760 366482 918167 387196 789184 487559 1129881 999999999 279029 639604 742783 761976 524785 396441 472516 462533 710885 519666 877159 1056911 433053 1159345 709696 811705 541658 178670 178948 726535 357571 705619 738035 650242 641764 634106 806015 968977 144623 900167 1025078 499723 707304 1083498 792910 852750 732407 846981 577497 501425 1172637 341207 786504 370114 374448 205692 757096 593661 711875 994482 439081 611234 404407 925653 782272 641531 901441 797782 918900 108376 1191622 559781 174543
347636 711360 398866 356835 409040 159475 158180 478389 258142 33373 578834 402283 149441 448139 287478 745164 253629 389575 362185 306164 584593 701241 564613 316698 373943 164650 417176 196230 350900 254620 246285 639166 160599 556861 208586 857946 279029 999999999 373847 463955 507207 317128 275058 317774 342983 543469 246645 609360 798036 206283 887853 430737 541545 267613 101967 125145 623912 338441 437775 459550 383398 364100 399717 527604 718308 343588 644017 746534 243403 512012 814585 566543 576806 459064 740092 344811 222559 900322 267532 521586 115862 95652 168435 483190 405160 486645 718524 418426 410090 128574 692931 661106 391370 622415 588464 639948 177447 917391 440414 368320
405996 548214 604890 356868 771304 291461 466323 416094 543292 397594 217983 497449 521533 503685 649221 378337 449240 381659 606048 519053 210786 516168 651172 467277 679455 518437 448835 271872 258529 628425 364004 326379 260421 229761 205180 491331 639604 373847 999999999 208896 412451 447049 359563 526728 365187 646430 131140 237558 424613 386691 520422 161708 173346 235850 472979 461986 521486 489115 310971 217660 12006 102296 421290 210776 350532 656735 272882 448689 317690 575067 443895 541800 228621 283381 600328 403144 182708 534278 417681 375496 269542 292881 532350 292322 251322 195567 365207 518419 223556 247144 349123 517815 369234 317892 598565 340135 531368 555540 392141 671395
311816 746999 538572 557901 871640 321016 597394 249978 688861 475025 334555 691831 609133 377181 751000 444439 416319 258093 561538 687514 268730 711465 515194 402963 820961 564004 323984 284774 156883 699763 542110 178763 412719 389314 255428 438977 742783 463955 208896 999999999 231358 378059 545089 478232 563472 518955 247401 252747 446282 372616 469271 47826 195029 211318 564416 579394 728754 671706 143676 14997 199902 124114 299725 90600 417607 793859 340344 282849 285276 438539 414214 370238 163560 95977 801726 310164 243500 477077 594387 179218 395515 368368 586745 93118 460218 385245 285160 712933 432140 344178 467705 720857 242397 160114 434621 176326 640451 483979 599681 813886
194121 960651 393532 719884 877842 348820 663440 42420 763064 502686 565858 834735 625079 189113 767859 669008 337055 128589 437645 791152 498382 928307 301063 289141 880656 540377 154185 314545 178064 686843 669963 330187 528728 617434 337805 612534 761976 507207 412451 231358 999999999 266442 682652 364477 719866 311897 384951 476714 657706 330701 640519 265074 424876 256697 590917 632315 927902 796346 101799 216899 406948 310411 146261 308069 643209 849772 568539 365108 265022 229573 604426 139317 378548 136215 1012258 195105 342060 643197 715976 66448 489913 422647 569244 140326 652581 604123 462764 855173 629462 426691 698847 929206 120773 308816 205267 308002 676587 638174 777778 875273
74732 945926 162732 630584 629263 201655 470879 225275 568607 298446 656667 708422 394550 135403 528941 799857 77947 143105 184846 623277 618254 924118 250375 25266 666427 291043 122971 194320 222670 435023 542636 541083 412940 676668 261210 815766 524785 317128 447049 378059 266442 999999999 565551 103234 622776 232591 344493 617453 817556 111380 845826 378240 550010 211288 372016 431275 882025 651200 259872 365052 448838 364711 121026 468192 771707 634123 690842 609673 132207 194985 792229 268356 539684 308636 986912 74807 280915 852584 575439 314408 359187 269239 321283 331382 619310 632687 661268 726373 608220 303668 792447 903114 156360 519498 276490 527448 456904 856089 706383 662655
573092 452757 670493 89879 512441 367815 214851 666638 234820 306834 482804 152085 344072 682582 406820 640176 515727 592392 636878 171502 529296 451073 815421 571667 360310 424635 639911 388477 504838 449564 32066 685454 157235 423905 346339 824389 396441 275058 359563 545089 682652 565551 999999999 587183 71500 798088 304801 571582 717578 456946 850872 498720 520681 428020 308719 245235 354445 129572 589417 548486 371502 421017 616514 568588 618495 347245 563336 807204 455085 753112 768969 777914 586311 586994 473706 569874 340593 866989 67181 672120 207211 296318 416468 605290 206833 344646 716880 172611 231517 267808 554012 399575 587987 675842 814783 697679 304842 894081 172976 351391
177425 996055 85006 661463 563311 250760 456086 322401 547628 290960 741537 719998 354703 203589 474913 890432 79744 245278 83467 616333 709469 978111 266377 78137 628578 238126 213058 258018 321608 370252 560624 643765 445189 753938 327653 916886 472516 317774 526728 478232 364477 103234 587183 999999999 650693 240117 411882 712091 912986 145837 947060 474973 643454 295903 344352 413139 922448 655468 363099 465674 530076 453247 218338 567710 862170 596134 781263 712724 210618 237900 891741 342109 638204 411617 1032714 177757 349487 954188 585239 415839 389600 300329 267592 434529 671685 703318 762564 736195 665001 344762 875478 950155 259063 622252 332357 630500 422827 958394 741736 626060
624513 381553 734728 21337 574164 422234 284609 707304 293329 375364 455920 133656 415391 734684 472810 605527 577254 638070 703415 213943 512198 381032 871181 630588 409723 495408 689549 438923 542006 520093 103504 690295 209859 388503 389523 805209 462533 342983 365187 563472 719866 622776 71500 650693 999999999 855184 335595 557707 687923 516393 830345 515972 513579 470109 380203 316361 283284 150520 623167 568648 376658 440184 665067 575882 585830 400662 537731 812975 506417 806370 747623 822772 584686 615184 402272 621261 380375 847162 122378 703456 263989 354620 487749 631497 165269 311168 708367 154241 195562 320283 511970 328194 632308 682785 863313 705143 374425 876462 101509 400741
243610 1169495 191108 862656 794092 433292 690963 277650 785112 520851 838992 939989 594774 144269 712735 963083 290061 268202 254763 848337 784679 1145060 30390 227694 868687 477953 199577 421461 391360 604544 774870 641779 645326 873449 483612 924387 710885 543469 646430 518955 311897 232591 798088 240117 855184 999999999 562829 771702 962042 342042 952416 537730 711664 418242 582622 649027 1110916 880825 375705 504021 645498 551071 226650 605919 935966 836247 857408 670475 354818 82475 914810 201783 679038 426596 1212917 246729 500799 955015 806353 378315 591761 501802 507097 440285 843630 840085 773865 957618 829674 535470 975811 1128760 282550 620254 149182 619898 662594 949243 937422 866175
319561 606913 493760 334982 651271 165870 357413 375099 444493 268302 346829 455657 395816 426912 528873 509205 332485 315354 487560 440209 340701 582317 572581 361340 578626 387330 375526 154060 208000 500232 297951 408535 165318 345081 84444 611625 519666 246645 131140 247401 384951 344493 304801 411882 335595 562829 999999999 363045 554864 267293 641435 204544 294912 146853 347675 345885 555310 427751 287572 248403 139279 128216 348781 292003 481497 553016 404015 524525 212409 500231 567955 495151 333349 282214 651802 316384 63608 654133 349026 368481 153719 161976 401645 300622 282408 291438 474958 476546 266892 118222 473404 567522 306838 394604 542357 414576 412597 672149 394737 571174
557434 598950 780128 543594 1008848 506824 702324 500419 774940 631269 136638 690295 757991 629653 886780 192458 641732 508988 795206 739918 50614 556074 767650 641304 910939 746222 575965 478691 396303 863276 582817 204831 495532 221093 422108 255767 877159 609360 237558 252747 476714 617453 571582 712091 557707 771702 363045 999999999 201120 586983 284095 240049 70324 419842 709563 699376 619490 698689 396225 267686 227051 264689 551014 168648 166507 889755 96218 308308 504740 691166 206356 615664 101276 346568 659090 555392 401355 298797 635440 416047 507096 523658 762747 336934 404235 268409 155842 710138 370835 481225 237880 589303 493496 213984 681976 232622 768906 323253 549425 902625
755841 613461 980060 670245 1187673 705437 875446 686213 938170 822205 235023 813179 944543 822382 1066871 95263 842853 704370 996175 889079 214177 567330 955611 841619 1072088 941539 769936 678521 595535 1052643 734799 341246 670058 300961 619770 162783 1056911 798036 424613 446282 657706 817556 717578 912986 687923 962042 554864 201120 999999999 787812 173269 439376 270821 620897 895925 877970 669939 836972 587120 460815 415710 465071 745980 356865 105206 1054028 157142 394419 705856 880328 106474 793739 283418 535599 673549 753929 598405 191813 784337 593270 690009 716812 956502 522093 523227 376771 217536 831075 492366 671754 209637 621889 688678 359291 861269 369269 948681 230606 653050 1063420
147940 852195 229840 525395 547142 104976 361726 294914 460445 189578 603787 597965 297734 242298 438452 757814 66134 203155 220400 512249 578888 833297 361160 114755 564046 210650 215684 114939 220643 356802 433047 548625 307403 611249 183748 808123 433053 206283 386691 372616 330701 111380 456946 145837 516393 342042 267293 586983 787812 999999999 838613 358713 517000 167855 269071 323424 782016 539929 289239 362423 391103 322928 202287 457120 729554 532082 649073 635156 87398 305856 776905 366144 523083 327829 890267 145571 206011 847588 464547 362681 252475 161799 238924 352861 526885 558457 656137 615688 519463 201883 735728 807196 209938 528295 383207 540501 355206 856208 603409 559707
776531 786183 1003819 814371 1291114 771690 986216 676156 1058790 907633 376463 960176 1037193 822446 1168825 267488 885297 715989 1030162 1020882 321981 740093 940725 870947 1194680 1015803 775054 739520 626142 1139786 864052 311575 779522 454724 691138 30511 1159345 887853 520422 469271 640519 845826 850872 947060 830345 952416 641435 284095 173269 838613 999999999 480115 347646 672029 989108 982306 838751 975707 593021 481462 509470 529371 754795 381691 271891 1173754 294883 306719 752047 870059 82942 765375 317018 541147 846433 775259 672131 18620 915974 574110 789339 798588 1034729 521508 669310 523888 184558 979116 636770 759280 381219 793020 700330 333407 832544 332518 1051325 57650 807172 1186319
317408 703391 540685 510222 839651 295711 558681 278087 648322 444239 304368 644757 578005 394018 718211 427520 408039 271264 558401 643588 247306 668729 536464 402436 781525 540577 339325 261421 156303 672424 496547 208521 369469 352364 222866 449609 709696 430737 161708 47826 265074 378240 498720 474973 515972 537730 204544 240049 439376 358713 480115 999999999 175195 191967 532178 542783 682509 625909 169175 56020 153118 78038 313450 100158 399895 755065 320308 320644 272732 459271 418792 401821 164601 129467 757433 315350 208294 489520 549140 219053 355525 335823 561787 133417 412932 342646 299013 665862 385211 307411 440060 676028 256135 192497 464091 211347 605704 500044 551924 774267
491870 598877 712740 501220 943473 436542 639669 445001 715591 562707 148330 647156 690575 568470 821198 252326 572329 446277 726391 686074 73705 558395 709158 573576 851781 676423 514077 408383 330373 794898 529307 197951 433598 220462 351995 318294 811705 541545 173346 195029 424876 550010 520681 643454 513579 711664 294912 70324 270821 517000 347646 175195 999999999 350162 642291 634762 605679 649412 338153 209969 162126 194446 488453 122658 224750 829564 145784 315697 435293 632195 273042 564166 80480 290858 657585 489707 331391 361166 582603 367814 441699 454601 693293 284654 369169 247409 196200 667522 336072 413113 274922 582910 431032 199886 629233 221656 703682 382238 516452 843623
174682 753048 370779 472461 667660 112706 416621 238620 514522 272390 446623 579862 405275 280369 549189 594723 222410 169727 377831 535688 414184 727357 426727 232068 638945 352804 228674 75028 84587 490408 413937 389971 272580 465576 81705 641520 541658 267613 235850 211318 256697 211288 428020 295903 470109 418242 146853 419842 620897 167855 672029 191967 350162 999999999 363342 390632 701827 539698 173085 203273 237556 157571 201965 291496 566449 609492 485586 487265 85564 353639 609234 352886 355731 191516 798534 171600 90212 681484 459336 258192 233480 174606 376048 215838 429240 424351 490723 600062 412964 170667 581757 714255 162619 370819 396876 385515 444522 691535 537807 632778
416896 760410 415597 397714 307489 251550 118126 558750 203397 91003 673010 406482 48619 507275 186646 839881 298228 467604 366600 280085 683285 755759 607028 365159 295104 125110 484654 289427 444563 159586 276828 740448 238530 644961 309534 959280 178670 101967 472979 564416 590917 372016 308719 344352 380203 582622 347675 709563 895925 269071 989108 532178 642291 363342 999999999 74315 662838 332815 529326 559483 482911 466063 471038 629420 813479 263049 740789 846509 326280 564185 915235 635067 678707 554468 782402 414446 324239 1001741 278489 611441 206686 196396 109918 579032 474023 571519 820442 418787 484298 230077 781882 707785 471725 723433 648492 740644 86271 1019133 481569 290979
468889 697907 487004 335103 309981 284450 44012 603129 137334 133983 649095 333188 99453 565262 188955 815719 360926 513737 439679 206303 668660 695926 672403 427082 248951 199411 537998 320801 474630 205338 213202 750834 208354 612577 325387 953053 178948 125145 461986 579394 632315 431275 245235 413139 316361 649027 345885 699376 877970 323424 982306 542783 634762 390632 74315 999999999 596685 258811 562087 576302 472844 471297 521938 636215 790291 218963 721220 862107 368140 625616 905720 688156 679026 581441 716970 466197 335895 995924 207961 646237 193423 216191 182863 605165 426009 536223 820395 345003 440263 235456 749437 644499 516003 735279 706438 753871 71022 1015890 417774 243219
