NAME : synthetic_000793
TYPE : CTSP-D
DIMENSION : 100
GROUPS : 8
RELAXATION_LEVEL : 1
EDGE_WEIGHT_TYPE : EXPLICIT
EDGE_WEIGHT_FORMAT : FULL_MATRIX
EDGE_WEIGHT_SECTION
999999999 737933 533437 460136 698188 558573 618869 142828 154328 302025 139257 270354 168771 214806 376651 598216 637612 394142 405302 465282 500046 661348 237822 283153 290784 350912 794379 646007 523434 512321 608561 331851 403629 179339 369647 398752 610196 267107 650965 220282 234459 47757 511543 561504 205073 433806 480381 585195 618238 506178 302567 540747 227013 337210 524219 553268 105523 409322 750043 139939 328219 441755 377598 251990 307803 358498 282678 676852 459947 380698 237047 143492 331604 330673 333438 369143 516602 657471 385315 430337 264722 15031 265942 286070 680525 451539 396904 14579 267746 521086 467571 227602 433845 236966 51773 444138 98716 103570 564229 295463
737933 999999999 767713 719039 89325 834408 291994 855772 587164 714678 877145 698914 569528 652943 939451 606315 718056 561460 497279 425189 252117 135009 542201 455608 1001116 499940 70404 409263 771402 711284 700774 666381 896041 777040 407700 703613 684323 481608 184462 815011 750920 692897 532143 690846 883012 807630 465452 582316 198356 338786 493571 224090 798933 756802 761744 408344 833246 1073856 710117 865164 913662 507285 942830 910566 454933 917969 701811 61125 528052 516971 554482 707079 1068722 444088 832905 1018140 283199 296980 355640 898692 481524 742491 590014 682852 81531 394546 910020 727072 649661 336371 270476 826732 991319 951727 738797 486974 836591 752957 199250 1020762
533437 767713 999999999 77474 683866 1057386 488789 655751 537602 231632 587553 767570 498392 693675 333857 202496 144424 234040 780545 347079 665870 634975 624909 538692 552500 323984 838020 404970 1009222 56439 127936 209436 252189 709908 657155 881254 143073 458084 590320 361000 754106 506464 897759 97305 456780 944656 302971 216132 785847 431385 378230 558134 341359 204604 1006665 864469 526613 514739 274166 529764 351412 267411 337453 776293 433682 891904 250804 721514 850552 285141 380609 655394 728207 641781 861355 463736 734274 888599 523817 229961 465229 521168 313828 249308 764059 753424 275580 539470 741941 784971 598034 760863 349128 724976 582691 287584 568049 439213 578991 600071
460136 719039 77474 999999999 638215 980004 451147 586224 460140 160616 522402 690474 420930 616413 305212 205317 189193 167099 704747 294000 600200 589094 547699 463577 504507 253876 789421 383226 931751 57457 163876 132462 229047 635206 583382 803798 172670 382831 547317 301273 678032 431382 822319 118234 400254 867696 255007 210259 723068 380280 304561 503080 280309 143326 929192 792421 460311 485053 316331 466381 312557 211980 309025 705912 360669 818520 177996 669715 774683 218116 303617 579297 672989 566727 785861 430565 666312 822336 454941 214931 389869 448342 236561 174381 709068 680515 251235 465521 664528 714770 533050 687013 332933 659303 508606 232395 500347 368884 525299 550126
698188 89325 683866 638215 999999999 856662 203233 823866 552816 645063 836318 692000 529738 638447 871213 518195 629852 484969 507780 345984 246593 49121 522626 421971 948970 430797 156804 319940 793212 627544 613149 594149 823532 756845 398576 713013 596492 434041 95816 754662 738354 651629 560946 604688 828589 816618 383383 494423 240037 259866 433075 161319 737361 684953 784171 444396 788331 1013055 620850 818913 848266 427659 874702 889004 401276 910067 633774 77391 548718 443141 497806 684098 1029710 430737 828273 956472 299225 353887 313135 824350 435204 701136 526045 614525 134149 407501 838630 688490 642506 361805 241386 809541 921217 921130 704889 407640 795957 702226 136280 971996
558573 834408 1057386 980004 856662 999999999 912864 511787 520296 838157 604893 292873 560866 364234 932166 1054863 1128642 857164 354682 846019 615871 850005 444064 558702 780322 775204 850237 1001932 63455 1022319 1099058 848196 962059 390718 488999 178033 1094585 627061 874360 778805 325838 566862 304065 1056785 745332 129395 885800 1034173 637211 828786 709875 766886 785197 881563 72700 431505 629485 922478 1214565 654078 883041 872829 932730 431277 668351 305566 816311 790880 308034 818551 683110 416401 680506 475754 253933 898321 557607 569271 643178 988267 619606 573527 746259 812615 752927 450038 955425 547051 315553 498419 649782 368456 987276 534894 507694 863463 589180 661522 776173 754784
618869 291994 488789 451147 203233 912864 999999999 757904 497950 488630 747943 691854 463141 624475 712640 315274 426799 315144 560145 177800 317032 157614 507101 385620 829070 289423 359983 122263 850897 433167 410753 432223 654970 722158 424018 747853 393840 358347 107539 619411 722534 571236 645568 404928 706263 845567 200277 291809 384363 112831 319250 153249 599475 521103 843543 552171 691601 870498 422120 717632 697369 250642 716345 845273 313269 897359 482186 259842 618085 284869 387944 646950 939948 441569 826270 812776 392940 504437 278085 651142 362830 617568 392226 462924 313911 476685 672656 612669 645099 460536 266399 779373 757172 854729 639823 232969 709660 594403 154800 859885
142828 855772 655751 586224 823866 511787 757904 999999999 271081 425629 94279 262556 297990 244776 439655 736949 769422 534977 459183 607677 609020 790015 322768 402172 269334 493717 907631 788570 491678 640888 740969 463581 487661 132020 463689 383030 744005 401591 783646 308703 200904 188702 546289 693511 245326 382418 623203 724984 716979 645641 444215 670446 323329 452684 495385 615751 136303 410735 885907 150291 390968 584195 439391 121406 444976 252784 408825 795268 498525 523290 379614 165245 224828 423904 260819 387954 611778 737162 511611 517452 398152 148719 407445 415688 792296 528753 475232 146338 285396 602725 586513 143698 489432 97709 119624 586883 91608 217394 692864 249183
154328 587164 537602 460140 552816 520296 497950 271081 999999999 326205 292605 235284 42662 159439 476096 547590 611696 342881 279603 368506 346043 519142 102739 131721 439798 270885 641833 546849 471671 502086 581966 329104 479312 225956 218076 343662 578923 141050 514465 315571 240346 115344 395510 538360 338820 412544 396567 529495 464101 388552 208003 400046 311855 373490 469292 414422 257368 546219 706810 291480 432299 370673 478031 347561 188028 408904 303975 526291 343746 311165 165495 151667 481929 180412 351089 499561 363276 508059 240693 500102 135759 161945 226148 297221 527399 306396 479593 141957 204781 372299 316871 283888 535564 368509 152207 366225 252321 207386 422093 448571
302025 714678 231632 160616 645063 838157 488630 425629 326205 999999999 363233 545712 292416 474342 226408 334246 346497 176029 593305 311184 545089 597625 423418 365204 367843 214824 783073 458518 793770 215990 319100 58809 184612 479507 489394 665208 324482 288755 565480 152604 526611 277337 711862 271657 252749 720904 293897 329396 674499 390494 232472 490588 130472 50044 792245 702918 300624 383691 468887 308880 208834 242242 229964 545509 285542 660377 22230 658350 661541 205076 197022 428356 522851 464501 632072 325937 599165 758038 394079 194219 294255 289591 135340 34648 686768 588818 196168 308509 525193 636110 484010 529596 276653 499560 351783 257327 339974 208349 515506 409108
139257 877145 587553 522402 836318 604893 747943 94279 292605 363233 999999999 344725 307747 312993 348593 688794 709717 494979 522233 586006 638649 798592 367127 422362 180123 468746 933593 764062 582601 578801 682287 408555 401511 218707 504105 469702 687197 403355 786263 229827 287921 184769 618549 634803 154247 475505 594345 679476 755069 635180 428783 677867 247414 382951 585812 675913 63286 318684 831137 60861 300550 550655 348094 206787 441536 344324 349427 816053 568784 491953 360423 230950 193856 464532 354948 293887 652184 788252 523900 431933 401573 135191 372826 359683 819615 580261 387471 150738 359891 652047 606817 237626 396687 137460 150799 556459 40554 164667 701693 168960
270354 698914 767570 690474 692000 292873 691854 262556 235284 545712 344725 999999999 277623 75954 646929 781693 846854 578002 225214 589971 448733 670721 185279 308384 524776 502795 736869 760903 253445 735039 817115 558136 671679 131140 293651 128840 814200 360405 680938 489916 67271 274473 289858 773195 467794 177658 623633 762886 525844 592029 438093 564497 494819 588737 253932 378744 353939 660328 941271 383139 598335 602565 647820 243195 406108 219081 523977 643332 246399 544473 400770 126905 475994 261955 136757 628148 422380 514654 414077 697149 353462 285378 460227 520926 623760 317999 666237 257785 49516 391300 454633 150907 703775 325814 221636 596242 319293 371529 580829 510288
168771 569528 498392 420930 529738 560866 463141 297990 42662 292416 307747 277623 999999999 201698 456359 504932 569715 300397 303979 328074 336088 493743 131014 117247 442078 228463 626968 507411 511092 461566 539999 290995 453230 265159 223434 383613 536730 104804 485759 298439 282607 123410 421817 496695 333991 454634 354857 486840 459223 352367 166140 373481 292001 340868 508352 429338 265199 539705 664180 298220 414671 328177 458558 382640 150573 449835 270260 508416 370735 268538 123246 191978 500335 189293 393479 490444 362295 512845 216671 472369 100660 172969 185501 261922 513931 317887 455235 158754 245734 378999 299468 323217 515736 395670 178473 324017 267209 199652 396511 455480
214806 652943 693675 616413 638447 364234 624475 244776 159439 474342 312993 75954 201698 999999999 589134 705806 771116 502058 214575 516214 400846 613710 118566 239002 489673 427128 696053 689078 319887 660169 741381 484303 608133 129818 245435 191555 738353 286004 620201 429382 100295 209784 305561 697625 418746 253144 548869 687093 491549 521988 362599 503175 432181 518640 318919 371472 309622 618869 865351 341630 541391 526956 590321 261846 332219 274780 452395 595254 255953 468648 324885 82095 468418 209118 202306 582065 385907 497283 348403 632446 279213 229411 384872 448401 581196 291162 604229 200934 53471 365973 397923 174189 647163 325228 172027 520930 281395 310753 521090 481888
376651 939451 333857 305212 871213 932166 712640 439655 476096 226408 348593 646929 456359 589134 999999999 510447 477970 397612 755641 536170 756250 823933 578698 556018 240755 440511 1007227 671170 899591 356831 458651 280626 82302 543041 676215 775403 471235 489565 791800 161472 606329 381200 870492 418306 194527 804915 514572 513964 886149 616732 449870 715519 164513 191916 900634 885556 306810 181187 607963 289483 49265 463042 3851 555309 497844 692236 237720 882253 818484 431050 399741 520025 428621 644713 693197 130423 802225 959338 607315 109516 493422 361651 351261 256828 907979 773272 59109 389598 642566 830058 699405 576981 59478 474055 425776 479837 350492 278753 740609 290734
598216 606315 202496 205317 518195 1054863 315274 736949 547590 334246 688794 781693 504932 705806 510447 999999999 111764 207030 735493 229235 560556 471319 610910 499386 699205 280032 674995 212217 999550 158460 96556 281708 434004 757068 598162 877198 78954 427803 422381 486540 785713 559218 844907 105486 586874 957200 180941 25238 664224 293974 345400 421309 464478 336669 994923 784792 625520 689736 159873 638720 515537 182275 514267 850188 387723 944952 343074 568669 804007 237396 383422 690231 856691 594953 896760 634600 636360 777940 443107 418017 435263 589587 334562 330293 618318 683445 456408 599455 745784 696748 493562 813453 537196 821043 639633 193630 660049 525369 437005 742265
637612 718056 144424 189193 629852 1128642 426799 769422 611696 346497 709717 846854 569715 771116 477970 111764 999999999 271749 823247 331253 664682 583068 685893 582358 691313 358011 786657 319984 1075915 131795 29747 306225 396527 806976 689360 950645 37192 505864 534036 490464 843152 603943 935994 76112 589335 1024240 282088 136162 772305 402341 421917 530765 469448 332471 1072074 883682 647100 659003 130128 654664 493517 269896 481597 887420 470704 993361 361315 680264 892752 314180 446513 745262 862054 681988 953276 607509 739205 884328 539188 374289 513385 627009 387559 353739 729511 778883 419904 641269 814988 797474 596923 861208 493138 845967 683508 285664 685881 552452 547290 737787
394142 561460 234040 167099 484969 857164 315144 534977 342881 176029 494979 578002 300397 502058 397612 207030 271749 999999999 555946 140560 433305 436251 414144 313442 535484 91055 631458 284358 804174 183248 242339 117997 341132 550063 426926 679135 237424 235100 399252 319232 579345 353498 671138 202428 415008 754723 117903 191803 556022 225288 151445 340865 297694 205959 800327 631389 432434 559718 364701 450299 384381 66215 401334 645565 203718 737955 173443 509279 625899 51258 177577 483377 673863 415157 690317 501967 500479 655694 289779 339859 242586 386499 128480 155274 545676 521429 358048 394429 544381 551009 366002 606555 442328 622705 433753 82226 463014 330350 364185 572816
405302 497279 780545 704747 507780 354682 560145 459183 279603 593305 522233 225214 303979 214575 755641 735493 823247 555946 999999999 513005 262988 497359 176944 242703 693560 466193 526043 655115 291849 735856 794794 582786 757017 340463 140548 206488 786989 322711 519948 594803 289619 382380 118619 757815 607936 310535 557498 712602 310291 482846 404860 412438 591458 642686 284012 157095 508871 814222 892048 542679 711419 555216 757540 465799 352914 435377 571457 447442 70061 509703 403503 294682 682979 141260 346593 771666 214082 289450 299796 776344 315465 417932 471432 561036 417776 102760 758351 390731 182819 170032 295405 373698 815096 538487 373713 542054 487415 482901 421497 690753
465282 425189 347079 294000 345984 846019 177800 607677 368506 311184 586006 589971 328074 516214 536170 229235 331253 140560 513005 999999999 333439 297005 408304 287884 654485 117636 495536 181117 787885 290984 306628 255552 481635 593177 373483 670812 294135 230504 258784 442680 607068 418998 618928 282973 531831 758931 49165 204711 444362 86456 164647 211056 422421 345431 782314 555563 526819 692704 380543 550389 519756 82097 539837 706127 183995 777407 304392 375912 580117 107102 228271 519901 774718 374907 716489 634977 408156 553845 215628 480256 237109 461560 218906 285124 417042 455238 498285 461425 548427 467661 265691 651233 582323 702024 494145 61811 549551 426662 232171 687253
500046 252117 665870 600200 246593 615871 317032 609020 346043 545089 638649 448733 336088 400846 756250 560556 664682 433305 262988 333439 999999999 234426 290973 218844 777664 348181 298899 427972 552550 612267 639929 509801 729150 525281 155851 466874 627573 268299 259808 613044 499111 457880 331732 613888 665867 570260 382602 535510 129939 270738 312957 163793 600669 593231 544046 235874 600685 867187 703023 634064 722478 402722 759180 658903 259933 667708 527436 194832 310467 382128 356510 456250 826741 191999 584074 814540 77727 222776 151067 738991 265493 506576 410086 510614 183395 166593 738480 487967 399271 144076 68247 574622 812909 703627 494655 383973 598342 531761 165886 791451
661348 135009 634975 589094 49121 850005 157614 790015 519142 597625 798592 670721 493743 613710 823933 471319 583068 436251 497359 297005 234426 999999999 496324 389884 906622 383857 204279 277174 786620 578627 565792 546147 775327 728660 379411 700115 549317 395319 50876 709774 713974 614323 560038 556441 785606 802918 334271 447307 254018 211023 389039 120732 692107 636961 777972 449171 749054 967743 578362 779029 801748 378604 827447 859670 360193 887264 586759 105471 543379 394966 454900 654944 992334 408778 807436 910943 296526 372509 278450 775815 397026 663598 480444 567457 162452 400061 790646 652190 621439 362315 216211 782570 873472 887584 670583 358616 758420 660882 97239 930861
237822 542201 624909 547699 522626 444064 507101 322768 102739 423418 367127 185279 131014 118566 578698 610910 685893 414144 176944 408304 290973 496324 999999999 123234 528598 331141 589433 576307 390065 585095 656460 419857 581486 235120 140996 266287 651330 183248 501784 417907 218589 208734 292910 615349 435237 350654 444843 590479 394231 406793 265815 384730 414553 471857 386188 316544 343308 642565 770695 377698 534566 429089 580597 368438 226169 393339 401269 483210 241269 374514 244543 165327 545526 101343 319232 597939 289041 421221 230120 601716 175849 248862 311142 392684 473917 213955 582144 223612 140696 284937 281357 286916 638153 414813 216620 420437 328926 307174 402950 531629
283153 455608 538692 463577 421971 558702 385620 402172 131721 365204 422362 308384 117247 239002 556018 499386 582358 313442 242703 287884 218844 389884 123234 999999999 559046 224416 511231 453196 501528 493257 553569 346151 541469 341535 124194 382949 546523 80764 388902 404065 336999 239635 359129 515623 448959 472134 327136 477651 342939 283656 162179 272645 394381 415247 496439 337720 382151 652817 658200 415359 517826 317296 558584 470601 111999 511968 344492 394673 312742 268196 168602 266760 613163 103150 441146 601851 249012 403866 113075 556532 73856 288769 234947 331199 397485 223623 546964 271816 263748 274378 185199 397342 614583 499243 283827 306229 381849 314458 293467 572685
290784 1001116 552500 504507 948970 780322 829070 269334 439798 367843 180123 524776 442078 489673 240755 699205 691313 535484 693560 654485 777664 906622 528598 559046 999999999 539653 1062638 819392 760958 561396 667793 425156 316716 398365 657788 649707 677176 519656 885894 216660 467696 324457 794617 622741 122807 651122 649422 696247 901177 719867 518755 787664 238589 363482 764538 843694 185417 143617 820320 151174 205924 599644 238480 361284 547958 502527 364154 940372 744038 549525 451774 408290 188360 619568 527474 136404 802489 947179 646163 346910 520113 280035 436846 381037 952147 742167 295869 305067 538300 810956 735782 411895 269046 263570 320296 610968 208283 248222 812708 49979
350912 499940 323984 253876 430797 775204 289423 493717 270885 214824 468746 502795 228463 427128 440511 280032 358011 91055 466193 117636 348181 383857 331141 224416 539653 999999999 568561 295922 720597 274173 329160 167918 396716 489587 335965 597381 322369 148622 354386 331361 511063 305682 580702 291651 416846 677489 130088 260339 473933 181885 65381 275872 312161 257383 716276 540659 409257 586381 439903 432770 418029 99892 443977 596236 113321 676449 202977 444065 536013 43863 114995 418767 657084 325099 621936 529068 412591 569310 201111 401304 156141 346275 102809 183736 474695 430408 410163 348097 465922 461232 282281 547311 491466 586833 383084 96160 432704 309037 300720 571045
794379 70404 838020 789421 156804 850237 359983 907631 641833 783073 933593 736869 626968 696053 1007227 674995 786657 631458 526043 495536 298899 204279 589433 511231 1062638 568561 999999999 475077 788091 781598 769857 735486 965040 822642 451117 730348 753253 543122 252621 880241 792054 750298 546179 760654 945750 833768 535844 651191 216450 409153 559748 292806 864641 825733 778029 419108 891833 1138900 774941 924288 980546 577633 1010569 956288 518980 955100 769781 125034 548682 586571 619084 754756 1123710 489222 868361 1083577 314929 291738 416501 968117 542527 799704 656973 750932 115540 423994 978723 782992 688230 358555 327790 870239 1059614 1002499 792268 557309 893080 814446 268312 1080701
646007 409263 404970 383226 319940 1001932 122263 788570 546849 458518 764062 760903 507411 689078 671170 212217 319984 284358 655115 181117 427972 277174 576307 453196 819392 295922 475077 999999999 941438 352725 308538 399720 604307 772466 515305 831078 290574 406632 226316 603485 782898 599951 749037 312565 698149 924288 171131 192190 504970 173149 345672 266480 582020 480958 934850 663751 703705 840686 301213 725497 664037 219773 674998 887049 359440 955078 457613 381144 717257 273561 408976 698515 950248 526203 890926 783183 505356 624606 358755 595147 412667 641905 392414 439617 435886 579891 624394 642397 716934 571993 370297 830503 708855 882484 675252 209718 728483 602314 272833 855579
523434 771402 1009222 931751 793212 63455 850897 491678 471671 793770 582601 253445 511092 319887 899591 999550 1075915 804174 291849 787885 552550 786620 390065 501528 760958 720597 788091 941438 999999999 972428 1046448 800705 925060 364593 427401 128564 1041394 572053 811227 743305 296542 527257 242221 1004945 716869 119937 828558 978432 574482 768311 655452 704246 748237 838477 10881 369922 601466 901284 1158983 628156 850784 817305 900380 424014 612163 311458 771728 727556 244619 764189 632061 379978 675254 415651 244577 873725 494177 509182 582815 950340 564553 538464 696514 766964 689954 386619 919676 511090 268598 435255 587169 351269 955907 525964 473816 807293 563220 624972 713241 738953
512321 711284 56439 57457 627544 1022319 433167 640888 502086 215990 578801 735039 461566 660169 356831 158460 131795 183248 735856 290984 612267 578627 585095 493257 561396 274173 781598 352725 972428 999999999 106533 181045 278030 685419 609457 845175 116134 413212 534157 358683 725802 481496 852210 61961 457711 912642 246572 168156 731089 375032 331469 502021 337653 200783 969418 814626 516451 537658 259074 523231 367282 211955 360592 759964 385809 870088 232062 665111 805916 233662 340758 627190 730446 595958 834639 484102 681692 835041 472148 260354 420521 500997 276079 226389 707852 704567 300910 517011 706863 733725 544244 738218 379969 715444 559837 231977 555948 423515 522736 607271
608561 700774 127936 163876 613149 1099058 410753 740969 581966 319100 682287 817115 539999 741381 458651 96556 29747 242339 794794 306628 639929 565792 656460 553569 667793 329160 769857 308538 1046448 106533 999999999 277512 377965 777488 661469 921073 18365 476748 517413 464668 813456 574582 907931 47540 564003 994509 257539 118988 749350 380171 392809 509074 443444 307089 1042648 857142 619522 639838 152559 627711 472055 242612 462336 858674 442062 963987 333379 661361 864388 285378 416808 715600 836719 653541 923613 587437 713915 860360 512361 357139 484265 598075 357826 325311 709603 751652 401241 612081 785311 771479 571978 831828 476665 818255 654239 258978 657933 524212 526341 713783
331851 666381 209436 132462 594149 848196 432223 463581 329104 58809 408555 558136 290995 484303 280626 281708 306225 117997 582786 255552 509801 546147 419857 346151 425156 167918 735486 399720 800705 181045 277512 999999999 229700 504402 469362 672497 280488 266329 512146 208855 545845 300464 701209 230159 308066 735275 235865 274896 637879 337021 198242 442698 186762 90814 798394 681985 345317 442008 423292 357188 266396 184144 284299 581200 254214 689145 61892 611365 652205 151338 179344 447124 575460 448366 654107 384300 568564 727187 359200 233386 272721 320941 111558 48878 642612 568348 244499 336160 532910 610236 446156 557216 327633 542857 378881 199896 381920 247447 467221 465365
403629 896041 252189 229047 823532 962059 654970 487661 479312 184612 401511 671679 453230 608133 82302 434004 396527 341132 757017 481635 729150 775327 581486 541469 316716 396716 965040 604307 925060 278030 377965 229700 999999999 578670 664766 798323 391090 468659 740021 184212 637841 398467 874279 338864 249450 837308 454926 439229 858755 565265 416963 672235 176925 139338 925170 877389 351537 262573 526352 340739 111306 404359 85743 607046 469274 739706 201720 840730 822747 380393 376602 545900 502436 636549 731893 212725 781308 939939 578283 31030 473531 388745 319066 218755 870634 763646 23400 415010 661387 815156 668561 618252 104701 533528 454936 422546 396269 300555 696840 366429
179339 777040 709908 635206 756845 390718 722158 132020 225956 479507 218707 131140 265159 129818 543041 757068 806976 550063 340463 593177 525281 728660 235120 341535 398365 489587 822642 772466 364593 685419 777488 504402 578670 999999999 371575 251601 777457 366970 730266 394469 69359 203949 418603 731218 354620 262295 618344 741379 620603 613964 430071 613624 403732 516261 367465 497416 238772 537151 913327 263924 493791 587662 543421 133664 413984 187896 459384 718271 372669 526508 376506 75237 346431 333552 154222 509239 514804 626339 454571 606463 361523 193268 423138 460897 707354 420919 569962 171265 159616 495732 515477 58058 597229 198477 128097 585746 198932 281859 633525 380904
369647 407700 657155 583382 398576 488999 424018 463689 218076 489394 504105 293651 223434 245435 676215 598162 689360 426926 140548 373483 155851 379411 140996 124194 657788 335965 451117 515305 427401 609457 661469 469362 664766 371575 999999999 325667 652687 203034 394542 520839 343282 333360 246919 626575 555465 426315 418843 574824 253298 342653 278974 281440 512929 539437 420373 213526 474402 762235 753447 508716 636289 419814 678631 505195 223677 512325 468638 350663 206635 378457 292733 305109 685825 39865 429715 713699 148525 290311 159306 680369 196696 378754 358598 455389 335973 99429 669608 356190 244135 155581 165751 419520 735206 555674 354995 405521 464873 422004 294147 665101
398752 703613 881254 803798 713013 178033 747853 383030 343662 665208 469702 128840 383613 191555 775403 877198 950645 679135 206488 670812 466874 700115 266287 382949 649707 597381 730348 831078 128564 845175 921073 672497 798323 251601 325667 999999999 916555 449471 719080 617616 182279 399991 213179 878935 596479 104048 709511 856703 513925 658322 532023 607071 621749 709994 127366 329784 482229 787128 1036974 510785 726918 695318 776343 337200 491412 258331 643164 653870 187792 640651 505403 255531 584335 306533 171837 756216 420473 473510 473214 823178 442043 413753 569113 638441 623757 309098 793560 385914 140037 371922 490801 252099 832440 432614 350442 686322 446440 498978 619071 632210
610196 684323 143073 172670 596492 1094585 393840 744005 578923 324482 687197 814200 536730 738353 471235 78954 37192 237424 786989 294135 627573 549317 651330 546523 677176 322369 753253 290574 1041394 116134 18365 280488 391090 777457 652687 916555 999999999 470581 500710 471940 812047 575193 899410 54435 571695 991364 244972 102072 735655 365921 386665 494572 450497 315112 1037422 846537 624235 652368 144621 633361 483225 233029 474951 861003 434721 964399 337823 645520 856406 278507 413488 714535 844257 645742 922480 599442 702034 847386 502110 371040 478107 600040 356165 328813 694210 741900 414276 613290 781547 760284 559785 832250 490748 822648 655147 248595 661993 527820 511435 722706
267107 481608 458084 382831 434041 627061 358347 401591 141050 288755 403355 360405 104804 286004 489565 427803 505864 235100 322711 230504 268299 395319 183248 80764 519656 148622 543122 406632 572053 413212 476748 266329 468659 366970 203034 449471 470581 999999999 383868 344854 376835 219637 439676 437523 402928 532259 263312 407240 397659 247883 83947 274589 332389 338631 567675 415892 354291 600421 587523 385087 454515 245851 492374 487167 47198 548446 268816 420769 392769 192362 92131 292401 597172 183905 486000 546974 313310 471525 126664 481940 7527 268571 155847 254317 433930 302086 475779 258928 320669 347382 217877 424847 547081 499086 282492 237399 363292 271436 298635 539500
650965 184462 590320 547317 95816 874360 107539 783646 514465 565480 786263 680938 485759 620201 791800 422381 534036 399252 519948 258784 259808 50876 501784 388902 885894 354386 252621 226316 811227 534157 517413 512146 740021 730266 394542 719080 500710 383868 999999999 684185 720366 603431 590492 509615 763905 820679 292432 398639 297212 175141 367177 117068 665705 602748 802961 484668 734307 940638 527517 763136 771869 339006 795387 859303 344883 894885 555985 155827 570217 360924 434895 655642 980074 420391 817571 883408 328258 416975 275841 739038 386492 652086 454070 536588 212155 426325 756177 642701 632169 395508 228797 785502 839752 881352 664032 319500 746527 642773 100515 912358
220282 815011 361000 301273 754662 778805 619411 308703 315571 152604 229827 489916 298439 429382 161472 486540 490464 319232 594803 442680 613044 709774 417907 404065 216660 331361 880241 603485 743305 358683 464668 208855 184212 394469 520839 617616 471940 344854 684185 999999999 453957 220335 709195 417963 100393 653434 434346 482000 741986 513231 321997 594398 22145 158175 743824 727507 172984 258864 616495 170159 116740 383969 163132 429745 361780 558515 147544 755640 657167 336264 261396 363406 372349 487690 547842 203388 652747 807708 468677 212197 347556 205300 230120 164413 775199 616318 176626 232250 482851 675916 561180 434884 220699 366800 271198 396133 217263 118726 619751 256628
234459 750920 754106 678032 738354 325838 722534 200904 240346 526611 287921 67271 282607 100295 606329 785713 843152 579345 289619 607068 499111 713974 218589 336999 467696 511063 792054 782898 296542 725802 813456 545845 637841 69359 343282 182279 812047 376835 720366 453957 999999999 249498 357036 768155 420709 199480 636718 768433 584028 618247 448317 603317 461441 566417 299021 444644 305085 606138 944045 331655 557207 610704 606896 176614 423860 175078 505614 693855 313606 550673 402298 98734 409682 308192 111068 577295 479252 578777 447749 664766 370520 249222 455882 505009 677807 378450 630411 223950 107420 452663 498100 84260 661569 258980 182925 606561 266764 338004 621358 450024
47757 692897 506464 431382 651629 566862 571236 188702 115344 277337 184769 274473 123410 209784 381200 559218 603943 353498 382380 418998 457880 614323 208734 239635 324457 305682 750298 599951 527257 481496 574582 300464 398467 203949 333360 399991 575193 219637 603431 220335 249498 999999999 493226 528010 226504 445858 435563 545198 578412 458585 255617 493654 222413 317056 527057 525162 142923 433861 713124 176686 334407 398406 382605 292511 260053 389419 256611 631779 441208 337064 191117 151926 378125 295362 355001 389535 478399 623091 339136 423195 217429 49637 225035 257214 637009 419770 394465 42458 263160 487090 422876 257273 439906 284062 80429 399869 144339 102679 517285 334084
511543 532143 897759 822319 560946 304065 645568 546289 395510 711862 618549 289858 421817 305561 870492 844907 935994 671138 118619 618928 331732 560038 292910 359129 794617 580702 546179 749037 242221 852210 907931 701209 874279 418603 246919 213179 899410 439676 590492 709195 357036 493226 999999999 872187 716221 306114 665091 821421 334105 579929 520772 493196 706848 761187 232013 127735 612266 920544 999412 645233 825446 666661 872266 530903 467472 470230 689987 491602 52062 623813 521880 387606 764982 256252 381892 880377 263514 268954 403363 894079 432546 525008 589778 679646 450625 169280 875051 497014 260898 199152 379880 439496 929851 615529 474859 652438 586520 595144 497464 787409
561504 690846 97305 118234 604688 1056785 404928 693511 538360 271657 634803 773195 496695 697625 418306 105486 76112 202428 757815 282973 613888 556441 615349 515623 622741 291651 760654 312565 1004945 61961 47540 230159 338864 731218 626575 878935 54435 437523 509615 417963 768155 528010 872187 999999999 517563 950753 234889 121005 727333 361752 353839 490790 396618 260832 1001379 826003 572012 599285 198571 580369 429243 211961 422049 811358 404971 917424 285840 648333 827660 248374 373786 670067 790202 616750 878060 545939 686332 835762 481121 319981 445006 550900 313181 277832 694343 718678 361903 565200 742340 741943 545664 785283 439780 770725 607486 230048 610393 476696 509603 668295
205073 883012 456780 400254 828589 745332 706263 245326 338820 252749 154247 467794 333991 418746 194527 586874 589335 415008 607936 531831 665867 785606 435237 448959 122807 416846 945750 698149 716869 457711 564003 308066 249450 354620 555465 596479 571695 402928 763905 100393 420709 226504 716221 517563 999999999 616787 527705 582063 791853 597163 397010 667294 122403 256935 718823 751591 115848 207510 716133 95041 146304 478403 194154 361034 428487 497742 246290 822566 664474 427231 330812 342518 272734 518846 501484 164160 696269 845749 529555 280268 404024 191278 314039 262069 836782 645144 234149 219488 470975 710621 620481 384481 244570 284078 247653 489167 157621 134532 692457 157876
433806 807630 944656 867696 816618 129395 845567 382418 412544 720904 475505 177658 454634 253144 804915 957200 1024240 754723 310535 758931 570260 802918 350654 472134 651122 677489 833768 924288 119937 912642 994509 735275 837308 262295 426315 104048 991364 532259 820679 653434 199480 445858 306114 950753 616787 999999999 795143 937828 617318 752490 612335 707551 660819 762569 127289 428464 500965 793134 1116989 525036 755706 776859 805377 305960 576498 192228 699411 757888 288010 719803 577879 294021 556865 404252 126621 769001 524510 572264 568809 864142 525050 448622 637864 697163 727688 413136 829855 422966 211692 475219 591992 239229 859462 408857 382374 769493 460212 537274 720398 626269
480381 465452 302971 255007 383383 885800 200277 623203 396567 293897 594345 623633 354857 548869 514572 180941 282088 117903 557498 49165 382602 334271 444843 327136 649422 130088 535844 171131 828558 246572 257539 235865 454926 618344 418843 709511 244972 263312 292432 434346 636718 435563 665091 234889 527705 795143 999999999 156765 492767 128569 188723 256687 413207 322660 823308 604035 533437 677584 334637 554647 502261 51726 518325 726316 218691 804462 290467 418543 625282 102645 245083 546520 779378 418128 747056 619823 457269 602848 262422 450872 270371 475224 221815 271839 461794 502630 472949 477930 583772 516488 314849 676234 557610 715505 513172 38615 559519 431733 276595 684866
585195 582316 216132 210259 494423 1034173 291809 724984 529495 329396 679476 762886 486840 687093 513964 25238 136162 191803 712602 204711 535510 447307 590479 477651 696247 260339 651191 192190 978432 168156 118988 274896 439229 741379 574824 856703 102072 407240 398639 482000 768433 545198 821421 121005 582063 937828 156765 999999999 638987 268736 325550 396115 459868 335561 973668 760246 616286 691992 180578 630677 516654 161390 517804 836960 366305 929261 336707 544103 780909 218470 366301 673629 850331 572321 879501 636240 611414 752731 419153 424788 414661 577029 320172 322897 593488 659395 461226 585908 726244 672009 468604 798099 543186 810497 625507 171452 649754 515387 411911 738398
618238 198356 785847 723068 240037 637211 384363 716979 464101 674499 755069 525844 459223 491549 886149 664224 772305 556022 310291 444362 129939 254018 394231 342939 901177 473933 216450 504970 574482 731089 749350 637879 858755 620603 253298 513925 735655 397659 297212 741986 584028 578412 334105 727333 791853 617318 492767 638987 999999999 370288 442110 244307 730006 722344 564655 210086 721203 994781 796532 755095 852105 519417 889069 753388 389710 742485 657080 164369 332916 505315 486409 557173 938877 293119 654804 942754 105864 120317 280472 868162 394563 626010 539708 640097 117085 209216 868289 605406 478154 142115 191852 664690 942847 808484 607345 499770 715286 657381 232985 912446
506178 338786 431385 380280 259866 828786 112831 645641 388552 390494 635180 592029 352367 521988 616732 293974 402341 225288 482846 86456 270738 211023 406793 283656 719867 181885 409153 173149 768311 375032 380171 337021 565265 613964 342653 658322 365921 247883 175141 513231 618247 458585 579929 361752 597163 752490 128569 268736 370288 999999999 206637 129145 494026 427667 761761 502717 579120 767762 432311 605524 597510 168525 620329 734982 201884 792270 381483 290284 546144 185783 275443 538966 827378 353072 724294 710298 348091 484396 185614 565042 252835 504767 283842 362077 333302 411644 581178 500142 546882 411985 206698 671580 664645 742277 527979 148267 596841 482594 148139 749386
302567 493571 378230 304561 433075 709875 319250 444215 208003 232472 428783 438093 166140 362599 449870 345400 421917 151445 404860 164647 312957 389039 265815 162179 518755 65381 559748 345672 655452 331469 392809 198242 416963 430071 278974 532023 386665 83947 367177 321997 448317 255617 520772 353839 397010 612335 188723 325550 442110 206637 999999999 272441 305440 280287 651220 488300 372496 580789 505267 399222 421060 164570 453058 541484 56638 615793 215665 434800 474881 108742 68882 357849 620745 264527 558907 524735 370322 528968 161897 426079 91468 299960 98806 198209 458208 375993 427356 297884 400707 413246 251614 488054 504536 539522 329639 158527 390793 276900 297787 545580
540747 224090 558134 503080 161319 766886 153249 670446 400046 490588 677867 564497 373481 503175 715519 421309 530765 340865 412438 211056 163793 120732 384730 272645 787664 275872 292806 266480 704246 502021 509074 442698 672235 613624 281440 607071 494572 274589 117068 594398 603317 493654 493196 490790 667294 707551 256687 396115 244307 129145 272441 999999999 577525 532932 696449 399215 628443 853099 552486 658583 690474 291777 718916 743246 240167 777894 477825 168897 467547 294481 336546 539178 871622 305020 701013 796821 240077 361555 159867 675509 276310 542895 367098 458823 206154 324910 686007 531719 515926 307486 117109 668639 767230 768107 550884 271354 637708 541119 25356 811003
227013 798933 341359 280309 737361 785197 599475 323329 311855 130472 247414 494819 292001 432181 164513 464478 469448 297694 591458 422421 600669 692107 414553 394381 238589 312161 864641 582020 748237 337653 443444 186762 176925 403732 512929 621749 450497 332389 665705 22145 461441 222413 706848 396618 122403 660819 413207 459868 730006 494026 305440 577525 999999999 137610 748440 721316 188766 275694 595090 188608 123490 362651 166621 444668 347073 571342 125566 739862 654907 315754 246753 368977 393949 480731 557653 219314 642379 798246 454883 203327 335467 212219 211807 142656 760571 609370 172051 238160 485572 667474 547462 446054 223974 384764 278540 375092 232403 123680 602881 278769
337210 756802 204604 143326 684953 881563 521103 452684 373490 50044 382951 588737 340868 518640 191916 336669 332471 205959 642686 345431 593231 636961 471857 415247 363482 257383 825733 480958 838477 200783 307089 90814 139338 516261 539437 709994 315112 338631 602748 158175 566417 317056 761187 260832 256935 762569 322660 335561 722344 427667 280287 532932 137610 999999999 837246 752962 322137 360638 459349 325392 183767 271159 195673 573753 334227 693658 71325 701394 710703 242103 247011 468926 529668 514466 669886 303613 648367 807263 442164 145825 344191 323887 184438 84314 731531 638861 153686 345066 570161 685927 531325 564265 237027 520373 388165 288160 363991 238209 557575 408040
524219 761744 1006665 929192 784171 72700 843543 495385 469292 792245 585812 253932 508352 318919 900634 994923 1072074 800327 284012 782314 544046 777972 386188 496439 764538 716276 778029 934850 10881 969418 1042648 798394 925170 367465 420373 127366 1037422 567675 802961 743824 299021 527057 232013 1001379 718823 127289 823308 973668 564655 761761 651220 696449 748440 837246 999999999 359667 603601 904472 1154240 630662 851914 812653 901469 429879 607363 319311 770165 718201 235469 759930 628864 380727 681124 409411 250692 876316 485047 498654 576368 950239 560166 539249 693649 765139 680273 377916 920055 511716 267106 425720 579413 355755 957170 531431 474935 802426 565784 625352 705193 743141
553268 408344 864469 792421 444396 431505 552171 615751 414422 702918 675913 378744 429338 371472 885556 784792 883682 631389 157095 555563 235874 449171 316544 337720 843694 540659 419108 663751 369922 814626 857142 681985 877389 497416 213526 329784 846537 415892 484668 727507 444644 525162 127735 826003 751591 428464 604035 760246 210086 502717 488300 399215 721316 752962 359667 999999999 658305 959019 932958 692523 843946 614841 887804 621237 431870 579511 682131 371840 142197 581162 506214 450810 839870 241200 490072 913676 159236 143865 344969 893543 409779 564900 571711 668908 327171 114101 881548 538847 338943 91800 296064 528903 944859 695557 525936 598171 639890 621765 398716 843588
