NAME : synthetic_000351
TYPE : CTSP-D
DIMENSION : 100
GROUPS : 8
RELAXATION_LEVEL : 1
EDGE_WEIGHT_TYPE : EXPLICIT
EDGE_WEIGHT_FORMAT : FULL_MATRIX
EDGE_WEIGHT_SECTION
999999999 245673 971737 978713 566098 711924 414476 610442 265515 469876 304520 871080 753069 478261 536426 217404 942108 509144 758141 470234 977079 493629 767610 497562 507145 260290 265530 644040 729373 559951 736791 672622 842302 1003040 930106 586190 896248 678917 177205 438584 759498 443635 760551 225316 639592 358382 244889 434509 553333 915966 751897 236394 965468 437325 260693 640741 517879 836191 888261 300474 993928 496547 759775 861129 184161 455419 827421 480651 693504 808775 320984 466281 341274 550747 888794 466480 479281 543349 466447 663184 585746 150673 226101 332269 1068469 518398 318556 960357 413407 365957 805376 836983 904587 991183 759686 498964 1040809 759292 452659 289454
245673 999999999 738057 856334 328023 488506 265165 385944 385397 347588 371885 761767 523662 258994 393279 43254 800466 397773 673792 444134 857179 501476 533669 286666 422218 298218 62089 399181 491364 361120 631024 492887 722354 766871 745046 343985 728826 454865 259648 194900 541994 451697 517581 339461 495540 254653 203002 263956 340739 704361 506310 166023 841812 217621 112494 500317 342026 594767 776429 62582 771951 379483 587338 748168 402834 210010 728668 481034 587059 598796 271935 272679 173982 382376 649296 224362 255336 309676 349728 448274 462870 125086 194902 125402 826880 357479 352443 728921 382741 121543 613684 742671 685627 884912 532677 405747 808426 517253 207325 322343
971737 738057 999999999 636303 410342 267847 606710 363768 971981 854870 906871 644665 531590 639544 552050 756702 541725 620930 694967 784766 645632 857956 204542 656889 671720 856380 706518 421216 248927 440440 623614 755929 597197 42402 337289 488687 417181 298120 891120 581295 239753 844960 397538 945052 857207 856403 893962 756397 639386 185869 333105 861421 625325 535174 793771 525038 506106 406802 641309 676848 114583 873610 400287 628090 1083438 554126 667919 839038 616597 233491 753983 524071 767453 768260 111729 515826 625757 429270 864736 327028 579674 823175 791742 719998 149299 782262 860788 25993 772026 619004 313569 686326 141335 706620 548044 656989 71321 240052 557434 854276
978713 856334 636303 999999999 682762 551274 592390 592334 809499 1154722 733398 114443 1022075 953811 463137 840888 95111 471935 245931 538272 10621 563584 615190 986797 472453 736517 795488 832032 654172 534417 243453 1177179 136628 673937 299207 863538 222696 564596 814582 837777 505527 592306 898401 814436 1243506 1093239 1059266 1045975 1006285 451182 822944 1022356 15007 672923 964094 356200 522480 951320 95821 805740 536007 1184387 317095 119778 980174 812406 167443 560586 285634 452377 657961 597395 994951 1124604 684956 742905 938746 664316 1161074 526624 397983 850441 753766 930894 779216 1119070 694963 610587 579909 796564 364382 168197 500078 71650 1040436 479753 644605 702420 814555 713383
566098 328023 410342 682762 999999999 178323 269400 92670 612510 500099 561638 620708 368204 282743 305086 349079 602685 363211 587115 507999 687349 585631 206504 312392 416158 496977 301017 170904 163601 166043 520035 494479 570509 438872 481319 182946 496573 147118 510570 186196 238575 552927 281180 576864 563952 471559 490414 391073 324816 400583 230811 456105 667853 143498 387814 367069 220773 358901 629270 267525 452796 526034 367772 603420 694646 157101 609438 563107 485925 304413 406167 178727 374700 448441 322703 106070 267192 34061 508380 165226 376391 421157 411429 319460 502847 448278 520768 402174 468825 208728 352209 627970 372072 732902 385209 395575 481021 195601 160243 504266
711924 488506 267847 551274 178323 999999999 339391 102639 704905 675635 641269 512130 471184 455960 300033 501257 462490 369777 514631 533607 557649 609901 88669 483014 423583 588964 449404 286758 106381 173888 441477 643888 460104 304890 312386 331180 343552 33647 623573 364514 60850 590558 347963 677317 725206 649864 664556 567547 486474 222492 273633 629268 537001 275273 561011 305901 242002 406523 516383 425978 283639 700450 238826 494176 816380 335416 514918 589408 419203 128126 487066 256415 552681 615168 217303 279557 440510 183382 684241 62431 345333 561800 524468 496148 393055 618782 595663 252428 513242 376520 192882 534354 197553 610405 489582 406370 332999 160189 338548 587737
414476 265165 606710 592390 269400 339391 999999999 254846 365523 589729 303651 496601 614911 426338 129809 248640 541175 137467 412736 244229 592886 320166 416890 461327 175035 249671 203596 428893 398455 166444 366336 676667 457627 644269 515891 412613 483298 311443 291448 308111 372394 284343 547409 338767 711762 512020 467484 488235 500624 515228 500203 430841 578019 144416 375581 237804 107479 626591 511309 220397 603915 621254 345438 483052 485531 294231 464189 297408 322615 409532 147893 92409 418609 590342 549412 238097 414308 235403 594181 279827 197777 269765 197634 356026 729899 574882 259287 589861 199983 233107 393535 478688 512905 619750 629865 155164 669632 446269 294610 248845
610442 385944 363768 592334 92670 102639 254846 999999999 617710 590570 558327 534708 443216 374752 249633 398774 510869 315575 511250 473133 597232 551061 164319 404863 370364 501039 347078 245968 144261 104811 441487 585162 483769 398053 390568 271225 403905 69059 529191 272530 157539 525052 338665 587177 656474 556113 564628 481026 417150 321332 274393 528909 577488 173214 460840 291270 173642 410011 542307 323395 386272 617115 276181 517158 720367 243705 527025 529331 410743 219492 401910 165118 457487 541101 295693 182125 359213 85773 598602 73333 312126 460751 429341 398851 477348 540617 514132 350707 443550 275350 260284 545945 299763 644274 460999 350952 431393 194956 246628 502861
265515 385397 971981 809499 612510 704905 365523 617710 999999999 701890 77223 695668 898485 643597 441450 342179 795136 385553 568555 271234 805520 261376 781346 672023 356148 116708 357267 743793 758887 531544 569117 875649 679364 1009764 838530 703895 783057 676775 126285 560187 735735 220732 867216 46895 865172 592472 489010 639827 725731 868612 835797 468719 798241 469249 462964 522324 467225 947533 714112 405848 963079 731705 665152 689901 174743 564103 645245 256352 531297 766464 218007 452593 543767 760341 913373 540963 638768 580873 700733 644955 457253 265146 207776 508330 1094646 732004 121633 954660 236975 468514 733380 650116 872452 806125 909415 358783 1033981 802894 562507 118759
469876 347588 854870 1154722 500099 675635 589729 590570 701890 999999999 706249 1072906 408849 220573 705696 385189 1084879 727188 1001479 791297 1157426 848844 676350 198423 759839 635658 404584 433890 622029 622273 949722 228484 1028003 868791 981058 366367 989957 646281 578715 320744 736482 798728 493833 655186 170281 111626 225628 109954 220651 894066 533382 235894 1139756 482306 243673 804676 634467 541055 1085375 372509 928033 31965 853432 1057473 653584 348469 1047312 828555 907470 803401 619523 559547 174532 116761 745454 416031 235767 506340 10503 663902 781703 442801 537549 234211 888522 85879 693831 856289 730170 361520 850601 1063235 858690 1193839 405069 741594 924240 615924 345822 662472
304520 371885 906871 733398 561638 641269 303651 558327 77223 706249 999999999 619818 867418 623913 368730 329276 718000 310464 493781 195326 729593 194684 720438 654521 279289 74264 332954 702723 701370 467382 492391 864557 602632 945464 763020 668489 706413 614456 134303 530334 668895 149253 825805 86851 863955 600223 504810 634150 706243 797339 789150 479881 721977 420280 463050 446304 400788 906275 638200 380548 893390 737126 590125 613701 247690 530507 569897 186171 454257 696578 156763 393975 540143 753697 853026 499279 617376 528889 706240 580287 380982 263491 179128 497252 1033177 727536 46870 888716 159888 437901 660113 575325 803149 731572 879496 282575 967352 747635 529294 57678
871080 761767 644665 114443 620708 512130 496601 534708 695668 1072906 619818 999999999 975180 880250 370188 743231 140234 369137 132052 424538 109884 449231 586684 914214 363936 625155 700111 779948 618247 462225 134528 1112972 52026 685100 321387 803607 233464 519095 704314 761494 475958 477972 858742 701553 1172085 1004982 963816 965716 938535 460176 785481 927326 104687 591198 871684 268251 438630 918532 18634 714496 556798 1103344 273944 17957 866962 737833 54099 446144 178489 434283 550126 513396 908304 1051499 675212 668490 865628 598237 1078646 476344 299033 747031 647582 844383 792649 1043260 582067 618688 467804 711851 343353 60113 503654 123197 993287 373014 665208 670342 739687 601330
753069 523662 531590 1022075 368204 471184 614911 443216 898485 408849 867418 975180 999999999 275467 672404 564523 933656 727024 953310 859114 1028204 934371 419894 261603 777967 794551 541465 198160 372360 533831 884432 236179 923593 530642 769860 202830 813062 458050 776893 338342 521653 895159 136203 854898 346155 467672 559325 353830 209437 639144 210338 543188 1007681 470689 496371 732861 587500 142180 981482 492937 631850 413804 706712 957406 924392 337008 969945 911594 852311 583913 725905 534243 424689 295132 422225 378345 273789 398663 419249 499018 744578 648434 692234 420882 518287 323064 834945 542543 811399 430438 662583 988954 591207 1079523 18423 757124 591190 333093 338150 810937
478261 258994 639544 953811 282743 455960 426338 374752 643597 220573 623913 880250 275467 999999999 524349 301886 878804 559614 823442 657447 957403 725838 456312 35076 601330 549654 291026 223112 402239 419737 764782 251225 832717 656295 763875 153099 777736 427345 518373 120588 516793 680224 309711 598040 292131 222266 292145 116884 82378 673550 331105 271401 938805 294818 221020 613926 444987 375017 891146 244184 708617 244518 644704 863897 652541 142437 860393 703689 724934 583980 500158 373198 153841 171265 532169 211792 15551 293058 229641 447830 601851 383380 444804 146116 686064 166305 598306 639415 601258 197953 634887 877570 638199 998173 281477 581264 709836 399546 140666 570578
536426 393279 552050 463137 305086 300033 129809 249633 441450 705696 368730 370188 672404 524349 999999999 378375 411672 69813 299163 234132 463903 309907 387625 559236 123705 334915 332353 475942 386567 145336 244026 768608 329230 592751 402805 477866 360480 281867 395178 403773 312592 293053 582598 425475 815577 634884 596150 600333 591260 429066 522634 559284 448673 229579 501996 108005 85057 657077 384138 344375 527021 736624 228675 355892 584905 383678 341702 289614 202088 330704 234093 151210 538720 693856 517124 317350 510714 273764 710974 238120 77502 396283 312320 474982 688869 682178 321893 531514 221458 344234 291966 357542 437866 492924 689031 106406 607451 440692 384949 323647
217404 43254 756702 840888 349079 501257 248640 398774 342179 385189 329276 743231 564523 301886 378375 999999999 788940 375804 650119 409512 841230 463997 552213 329851 395733 255881 52666 433509 512579 362602 610905 535866 705706 787057 744599 381123 723316 467793 216541 231923 552249 413632 553599 296310 536465 287681 221949 305425 383780 712753 538559 186667 826565 226359 144162 486292 335317 631646 758468 83435 784771 416916 582380 730268 365090 244167 707935 444045 566682 606200 236009 270734 213384 424515 671745 249195 297863 327488 386712 456959 444400 84169 153581 168075 851112 398956 311111 746290 347599 150409 614704 721217 696954 866405 573934 380429 826401 541888 241726 280613
942108 800466 541725 95111 602685 462490 541175 510869 795136 1084879 718000 140234 933656 878804 411672 788940 999999999 433299 259988 526447 104049 564128 523006 910985 444485 711598 741108 746227 563675 462615 229649 1095780 124181 579724 205160 781130 127770 477992 785625 765358 414290 585398 808035 794617 1166038 1029286 1003138 975350 927417 356338 732186 965928 83602 606287 905045 303932 460219 859100 126634 746619 443028 1113823 234938 132368 960880 738960 189595 557361 264113 359022 624771 533811 929978 1048574 590011 669919 863522 586708 1091703 442480 356415 806803 716008 866172 685471 1044877 676353 515948 559642 731214 272583 199747 405023 164909 952059 447836 551901 610699 741298 691106
509144 397773 620930 471935 363211 369777 137467 315575 385553 727188 310464 369137 727024 559614 69813 375804 433299 999999999 276346 164408 471125 240127 457199 594690 54842 286016 335685 532881 454799 210767 235575 808173 335345 661835 453011 528639 400891 351076 354540 439780 381805 224073 643471 374541 847541 648132 597508 625464 631084 492570 586168 561593 458234 267860 509657 138442 143929 719397 385125 356950 592389 758720 279688 357185 538061 422888 332177 219804 191275 397049 192288 194415 555734 725884 586917 360519 546902 330460 731603 307762 77120 378617 283139 493389 758495 711366 264200 600057 156450 369629 351353 345447 504152 491966 743127 36598 675295 508463 423707 270538
758141 673792 694967 245931 587115 514631 412736 511250 568555 1001479 493781 132052 953310 823442 299163 650119 259988 276346 999999999 298914 240470 317958 598448 858286 256508 505423 611724 755193 619576 421341 73578 1066224 136657 737017 402649 767645 316837 512992 586710 702888 492534 348988 848270 577397 1114733 924400 872062 897781 889141 519273 779477 836597 236711 528732 785878 220451 379833 915402 150601 632990 622497 1032779 296468 131626 741467 682341 78496 315969 101194 467097 439668 450243 831300 993001 705190 615064 809713 559694 1006250 466532 221702 643272 539409 768458 844189 980963 458376 669612 347439 641186 381512 81566 554966 237816 970801 270060 727113 674450 683709 479939
470234 444134 784766 538272 507999 533607 244229 473133 271234 791297 195326 424538 859114 657447 234132 409512 526447 164408 298914 999999999 534352 78060 620476 691703 113403 211054 387052 672078 615234 369419 298553 908506 408700 825859 592113 656677 526941 513703 294172 544185 546019 63719 788687 278510 931181 697153 622476 700544 735678 649987 736966 590634 527015 388467 553615 278207 299544 866894 442948 424042 751873 823246 425544 418669 442815 533905 374615 56229 262441 558455 173824 329764 616908 812260 750886 481647 646984 474065 793731 471372 213696 377150 269208 560860 922897 792198 159842 763549 62205 459513 505056 380365 665108 536711 873989 127972 837902 667809 533885 183560
977079 857179 645632 10621 687349 557649 592886 597232 805520 1157426 729593 109884 1028204 957403 463903 841230 104049 471125 240470 534352 999999999 558371 622414 990509 470418 733734 796180 837633 660911 537812 240971 1181821 135900 683411 308684 868457 231257 570492 812179 841007 512530 587794 905038 811029 1247429 1095086 1060039 1048835 1010513 460359 829702 1023186 20980 675402 965307 357395 524534 958482 91408 807057 545774 1187195 322540 116672 976603 815812 162011 555750 283655 460051 656195 599523 996984 1128310 693410 746282 942379 668494 1163704 532069 397730 849731 752429 932921 788834 1122474 691539 619886 576814 798759 371647 161727 509056 61579 1046552 478147 654434 709480 817930 710334
493629 501476 857956 563584 585631 609901 320166 551061 261376 848844 194684 449231 934371 725838 309907 463997 564128 240127 317958 78060 558371 999999999 697191 759640 186895 235703 447588 748819 692883 447163 334683 976181 441924 899360 649880 731668 579384 590713 317007 615056 620192 51668 866063 281451 993937 750672 668604 762314 805263 717642 814877 638834 553766 463777 607661 342893 377434 944473 467864 487772 820709 880667 488763 446308 436000 606262 396361 22779 305224 629392 230116 407162 675412 876490 827030 556273 716012 551654 850613 547841 281065 420709 315240 622063 997621 854935 175339 836236 124834 528136 571279 398398 735356 552207 948988 203532 909418 745637 606070 205807
767610 533669 204542 615190 206504 88669 416890 164319 781346 676350 720438 586684 419894 456312 387625 552213 523006 457199 598448 620476 622414 697191 999999999 478674 511313 664773 502219 256487 54755 255416 524963 614607 534862 235745 350019 314556 398200 107425 693318 383624 110895 676454 288130 751375 704917 665160 694337 572237 471879 225755 211675 660844 601490 332041 592770 393452 325280 336159 589298 472337 252984 698367 313170 568772 883879 355470 593806 676453 504871 165635 564649 328976 572299 602717 132708 312448 441512 224743 685666 149538 433990 619608 593386 521313 313309 611210 675558 195672 597812 415192 250808 613251 184138 677968 438211 493748 274762 88244 358769 665659
497562 286666 656889 986797 312392 483014 461327 404863 672023 198423 654521 914214 261603 35076 559236 329851 910985 594690 858286 691703 990509 759640 478674 999999999 636335 580269 322120 236682 424172 453138 799355 216803 866461 671781 792591 168201 808504 455278 546300 155541 543720 713695 311329 626126 257892 216721 298495 104063 55857 698491 340463 281591 971795 329750 237558 648246 479590 371452 924958 276055 729818 219702 676556 897788 674588 176691 894799 737560 759647 611140 533227 408055 163125 137807 548048 245755 48697 324528 208094 477611 636736 409872 475419 168094 696540 136056 629934 657968 635178 232217 664504 912045 661732 1031780 265535 616289 726568 417606 175050 601799
507145 422218 671720 472453 416158 423583 175035 370364 356148 759839 279289 363936 777967 601330 123705 395733 444485 54842 256508 113403 470418 186895 511313 636335 999999999 267121 360637 585045 509573 265566 229711 851403 336715 712947 486464 578266 427210 405511 342662 482677 433434 175597 696915 351193 886266 675812 617299 660906 674969 537353 640422 582387 459567 313892 534712 169479 198193 773258 381146 387448 638792 791622 316300 354146 517108 467556 321256 167373 186820 445064 186203 243876 586551 765025 640476 407588 589192 383058 763682 361790 103719 386951 284451 525647 810760 748867 234950 650341 119664 407534 393337 332076 551769 484525 793822 20859 724513 563291 468143 247095
260290 298218 856380 736517 496977 588964 249671 501039 116708 635658 74264 625155 794551 549654 334915 255881 711598 286016 505423 211054 733734 235703 664773 580269 267121 999999999 258718 632844 642208 416037 493105 790607 602154 893853 736628 596570 686907 560497 83302 456948 621207 184672 756175 90948 791591 531150 439866 561169 631989 757809 722051 412942 724166 354128 392036 424458 353138 836633 643053 306406 850407 666799 562385 617063 252050 457922 578190 221202 451910 654291 103639 335930 467808 680391 796719 429380 543159 464995 636019 529460 361551 194194 104865 423620 978082 654651 61522 839434 158026 364512 626040 585953 759544 741891 806399 264858 919048 686465 456612 29928
265530 62089 706518 795488 301017 449404 203596 347078 357267 404584 332954 700111 541465 291026 332353 52666 741108 335685 611724 387052 796180 447588 502219 322120 360637 258718 999999999 397537 463987 310134 569093 534979 661122 737537 692617 350293 672740 416020 235851 203577 499895 398914 519585 313433 546418 315382 263918 314727 373317 660160 499227 227247 781026 174219 174312 439791 284848 598826 714894 48581 732766 436548 531543 686640 401511 210558 666685 426533 525089 553566 217512 218702 230059 429937 623558 204861 284452 277822 407371 404459 401126 121299 153955 174485 803816 407476 307951 695611 326454 113902 562422 680630 644704 823285 552193 343938 775897 495377 208559 279686
644040 399181 421216 832032 170904 286758 428893 245968 743793 433890 702723 779948 198160 223112 475942 433509 746227 532881 755193 672078 837633 748819 256487 236682 585045 632844 397537 999999999 202439 335886 686551 359503 728682 435136 596582 70093 629952 268268 629718 205747 342999 712790 123428 703476 448509 444941 502556 338574 219172 482119 111797 475493 817406 287915 413428 534743 391421 203822 786963 352098 500186 452409 515111 762290 797892 189443 772988 726098 654168 409200 552848 343105 366295 349503 311577 203507 210874 202588 443843 305705 547082 516012 536312 333186 463314 361519 665849 423656 628414 284343 479494 791891 440026 887067 215610 564307 490359 184233 191999 645143
729373 491364 248927 654172 163601 106381 398455 144261 758887 622029 701370 618247 372360 402239 386567 512579 563675 454799 619576 615234 660911 692883 54755 424172 509573 642208 463987 202439 999999999 245860 546705 561327 566224 275640 398714 259802 441233 108351 664988 333366 149715 668448 244366 726618 650610 612832 645483 518433 417145 279732 168793 612653 640122 298723 544906 407201 316043 300285 622205 431115 306450 643836 344577 600291 852984 305750 621264 671460 522873 211804 544677 307402 521129 547975 159771 267742 387544 186956 631397 155424 440757 583324 564997 471782 341335 556489 657626 243379 587477 371185 291341 640696 238864 714788 390768 490887 320141 55455 309059 645393
559951 361120 440440 534417 166043 173888 166444 104811 531544 622273 467382 462225 533831 419737 145336 362602 462615 210767 421341 369419 537812 447163 255416 453138 265566 416037 310134 335886 245860 999999999 355279 651267 413680 478382 383992 346601 373849 148155 455125 303483 206642 422894 438389 505179 710683 569823 556892 512824 476320 356431 377347 519776 519411 148220 454542 201919 70362 512063 472335 300776 440063 651325 233530 445479 649069 278003 446828 425648 320156 249319 313558 93723 469958 590849 387951 208488 404810 138579 629091 113432 211786 409626 357794 406847 566405 584670 421802 423421 342890 272530 252649 464963 349247 578707 550996 246229 503210 298518 280139 414023
736791 631024 623614 243453 520035 441477 366336 441487 569117 949722 492391 134528 884432 764782 244026 610905 229649 235575 73578 298553 240971 334683 524963 799355 229711 493105 569093 686551 546705 355279 999999999 1004302 110248 665795 342214 701811 260025 440577 571217 644629 418963 356210 777174 571975 1056802 877469 832189 844148 827830 450415 707648 795968 231074 471409 741907 153387 319798 843397 151477 586013 554487 980637 223986 124472 738060 622758 97967 327719 44301 394420 415807 392738 782191 935358 631837 554427 750664 493842 954988 394372 168960 612717 513061 718630 772676 924906 452663 598431 336927 588246 310063 113530 484328 256627 902079 238486 657751 601445 624323 470245
672622 492887 755929 1177179 494479 643888 676667 585162 875649 228484 864557 1112972 236179 251225 768608 535866 1095780 808173 1066224 908506 1181821 976181 614607 216803 851403 790607 534979 359503 561327 651267 1004302 999999999 1063558 759410 955437 314890 984440 622016 749375 368748 701651 929856 360108 829013 111409 325675 438434 239259 177398 840266 423539 437594 1162285 540924 418116 851441 686402 378248 1122354 490547 848611 218433 861325 1095977 855988 385628 1097734 954167 966243 768331 748913 617845 335365 122603 644491 451339 262496 514867 236954 653699 845810 610581 686266 367927 753701 156395 842606 763924 851839 449015 835182 1115609 796321 1226991 224531 831148 819207 535450 384648 813575
842302 722354 597197 136628 570509 460104 457627 483769 679364 1028003 602632 52026 923593 832717 329230 705706 124181 335345 136657 408700 135900 441924 534862 866461 336715 602154 661122 728682 566224 413680 110248 1063558 999999999 638043 280560 753291 192304 467198 679278 714581 424201 465708 806783 681943 1124213 962565 925039 920215 889701 413858 733469 888286 123171 545761 831172 224182 393609 866509 58799 673255 512520 1058193 221980 34072 848107 690418 75126 436250 150265 383592 521726 468636 865131 1003975 624824 620938 817968 548693 1033961 424650 261868 713909 617193 801103 745734 996456 562723 571269 446724 667707 292803 91289 455922 165903 941723 343417 620302 618361 692354 579816
1003040 766871 42402 673937 438872 304890 644269 398053 1009764 868791 945464 685100 530642 656295 592751 787057 579724 661835 737017 825859 683411 899360 235745 671781 712947 893853 737537 435136 275640 478382 665795 759410 638043 999999999 374733 503994 456277 334028 926763 604514 280180 885773 399379 982056 862973 875369 917401 772821 651051 225273 340104 885604 663267 567763 818411 567243 544930 400163 681377 706275 143367 886314 442592 668661 1118407 578030 709167 880306 658974 275854 791863 560196 788586 778390 124198 543373 642970 459738 878813 365193 621528 855325 827112 743245 107729 794022 899555 67408 812204 646824 355732 727482 182675 744610 546394 697993 60803 259253 581325 892405
930106 745046 337289 299207 481319 312386 515891 390568 838530 981058 763020 321387 769860 763875 402805 744599 205160 453011 402649 592113 308684 649880 350019 792591 486464 736628 692617 596582 398714 383992 342214 955437 280560 374733 999999999 643559 88307 337700 797744 662615 253787 655722 637695 826491 1037538 943765 939901 871586 798550 153422 561308 902948 288604 530697 836828 317200 413021 679294 314475 684721 238396 1007314 174281 306748 987550 633985 355497 636726 354153 187503 636856 473920 844190 926508 394112 569808 748328 475554 989145 317281 382952 783001 711298 783160 480311 928644 717049 311684 605373 651965 132693 371760 204057 369947 788195 480773 347386 437596 636843 723094
586190 343985 488687 863538 182946 331180 412613 271225 703895 366367 668489 803607 202830 153099 477866 381123 781130 528639 767645 656677 868457 731668 314556 168201 578266 596570 350293 70093 259802 346601 701811 314890 753291 503994 643559 999999999 669724 307740 585648 149270 390374 692333 174411 661770 394326 374849 434340 268975 157545 538099 180201 408321 848702 268226 347924 548501 392914 250782 812023 302840 563368 386195 547017 786286 746129 140032 792127 708895 666530 457764 524141 334507 297271 288254 380071 175518 140782 208033 376155 338845 552535 464927 496293 267412 533381 297124 634456 489934 608576 236559 520940 810570 498633 915098 217336 557410 558424 249584 141848 611475
896248 728826 417181 222696 496573 343552 483298 403905 783057 989957 706413 233464 813062 777736 360480 723316 127770 400891 316837 526941 231257 579384 398200 808504 427210 686907 672740 629952 441233 373849 260025 984440 192304 456277 88307 669724 999999999 362654 753402 669233 291548 589855 685069 775015 1059949 943206 928581 880002 820372 231313 608845 891312 210457 521853 827282 262451 388010 733700 227266 671005 324029 1017712 141536 218575 938952 641567 267308 567943 277144 233024 590912 456380 843265 945000 462269 574172 762250 484868 997417 332154 326206 753057 672798 780480 563090 943948 661530 391249 546858 646374 150737 283467 278603 291068 831485 424525 432818 486310 644170 670715
678917 454865 298120 564596 147118 33647 311443 69059 676775 646281 614456 519095 458050 427345 281867 467793 477992 351076 512992 513703 570492 590713 107425 455278 405511 560497 416020 268268 108351 148155 440577 622016 467198 334028 337700 307740 362654 999999999 593034 332996 91711 569210 339852 648206 700531 618178 631364 537697 461177 255015 267883 595978 550085 241979 527751 299010 217869 403080 524487 392341 317224 671594 248665 501201 785363 303901 518400 569778 415377 157352 459334 226178 520583 588808 239806 246705 411836 150260 654737 47102 332950 528946 493623 463516 418736 591277 569244 283746 490389 343033 213221 537744 231146 621479 476346 387523 364446 163803 306992 560243
177205 259648 891120 814582 510570 623573 291448 529191 126285 578715 134303 704314 776893 518373 395178 216541 785625 354540 586710 294172 812179 317007 693318 546300 342662 83302 235851 629718 664988 455125 571217 749375 679278 926763 797744 585648 753402 593034 999999999 439408 661729 266633 752743 79875 740323 470608 371758 513885 600320 806628 726533 348366 801913 367761 337876 491842 398789 832589 721996 284159 894763 609010 623807 695575 194135 445641 658400 303545 529131 700958 162587 367160 418033 634357 823017 429518 514007 480999 578031 567030 431458 138986 100035 382077 1005222 606327 141680 875950 239532 349119 681385 666770 803789 822291 787231 337826 956394 704935 443801 112252
438584 194900 581295 837777 186196 364514 308111 272530 560187 320744 530334 761494 338342 120588 403773 231923 765358 439780 702888 544185 841007 615056 383624 155541 482677 456948 203577 205747 333366 303483 644629 368748 714581 604514 662615 149270 669233 332996 439408 999999999 424632 571450 322700 516851 412200 285369 312902 210798 192567 586730 315385 281385 822774 174230 215095 494390 324871 399996 772791 155298 635132 348878 532941 745344 596867 29102 740568 592581 604542 489936 394842 252652 189285 290742 481893 95488 107256 187081 328193 345517 481274 315854 354013 138769 651728 281875 499852 576729 490236 92443 531183 757598 557058 880322 349650 462402 652615 346212 26011 474511
759498 541994 239753 505527 238575 60850 372394 157539 735735 736482 668895 475958 521653 516793 312592 552249 414290 381805 492534 546019 512530 620192 110895 543720 433434 621207 499895 342999 149715 206642 418963 701651 424201 280180 253787 390374 291548 91711 661729 424632 999999999 605637 393881 710986 784666 709868 722050 628346 546369 163850 317910 686413 491656 325970 618303 296861 268537 446099 478426 479423 234814 761290 202900 458062 855593 395532 484254 600782 402129 67571 517979 296694 612285 675438 215664 338102 501347 241462 745080 96385 345458 608880 564013 555016 377608 679411 622527 220198 532273 432885 141748 503671 145107 567515 540074 418071 298467 196971 398635 617392
443635 451697 844960 592306 552927 590558 284343 525052 220732 798728 149253 477972 895159 680224 293053 413632 585398 224073 348988 63719 587794 51668 676454 713695 175597 184672 398914 712790 668448 422894 356210 929856 465708 885773 655722 692333 589855 569210 266633 571450 605637 999999999 831752 235875 945298 699819 617030 713498 760338 712890 783371 587405 581660 425753 557006 341860 352546 910881 496546 440220 814371 830502 489217 473395 395121 564021 426466 37336 322258 620242 181579 374286 625679 828525 807774 516840 670830 518866 800343 528147 277152 369112 263962 573225 981572 806386 125086 824130 84394 483107 568357 430425 727116 586024 909359 188341 899169 720000 563661 154864
760551 517581 397538 898401 281180 347963 547409 338665 867216 493833 825805 858742 136203 309711 582598 553599 808035 643471 848270 788687 905038 866063 288130 311329 696915 756175 519585 123428 244366 438389 777174 360108 806783 399379 637695 174411 685069 339852 752743 322700 393881 831752 999999999 826810 465126 528016 600897 414842 274150 503933 76455 577516 884289 409029 519832 629303 499934 80475 863699 473373 495938 505820 586528 840823 918613 309769 857886 843447 748454 453537 675065 458933 462412 390821 287135 326795 301317 314866 504290 384158 649670 636840 659704 439493 399135 411958 788484 407432 747383 405894 535614 877176 455507 958329 153797 676431 459368 200129 312067 768186
225316 339461 945052 814436 576864 677317 338767 587177 46895 655186 86851 701553 854898 598040 425475 296310 794617 374541 577397 278510 811029 281451 751375 626126 351193 90948 313433 703476 726618 505179 571975 829013 681943 982056 826491 661770 775015 648206 79875 516851 710986 235875 826810 999999999 818292 545952 443306 592991 680058 848693 797542 422405 802622 433366 416069 512794 443399 906963 719783 361969 940932 685077 652355 694661 166305 521782 652600 272923 532332 744988 194389 422505 496899 713511 882699 501475 593490 545945 654100 618478 448938 218443 167437 461897 1064523 685125 119492 928534 235330 425693 716864 658794 850019 815156 865541 351097 1008388 769114 520080 104395
639592 495540 857207 1243506 563952 725206 711762 656474 865172 170281 863955 1172085 346155 292131 815577 536465 1166038 847541 1114733 931181 1247429 993937 704917 257892 886266 791591 546418 448509 650610 710683 1056802 111409 1124213 862973 1037538 394326 1059949 700531 740323 412200 784666 945298 465126 818292 999999999 281269 395829 231887 239625 930310 524122 404272 1228517 586062 402448 906050 737011 488328 1182754 507151 945715 147216 931158 1155630 823517 434504 1152520 972723 1016711 852084 763923 664686 323827 121791 745483 503647 306535 579557 174996 727801 893034 602223 690015 372101 861806 139040 847576 863721 871796 478750 913038 1169671 888516 1289390 335285 866777 922146 630068 432783 816993
358382 254653 856403 1093239 471559 649864 512020 556113 592472 111626 600223 1004982 467672 222266 634884 287681 1029286 648132 924400 697153 1095086 750672 665160 216721 675812 531150 315382 444941 612832 569823 877469 325675 962565 875369 943765 374849 943206 618178 470608 285369 709868 699819 528016 545952 281269 999999999 115033 114658 260388 872093 553349 124633 1078417 423237 143538 738409 570865 586942 1018585 291647 917943 139746 803353 990398 542249 314459 975435 731136 834144 774764 523681 496192 99949 203930 751196 374415 234067 470345 108978 628264 708509 337097 436382 163187 908184 169597 590530 854430 635277 298142 811365 990371 841783 1127424 467825 658724 927301 616753 311318 558803
244889 203002 893962 1059266 490414 664556 467484 564628 489010 225628 504810 963816 559325 292145 596150 221949 1003138 597508 872062 622476 1060039 668604 694337 298495 617299 439866 263918 502556 645483 556892 832189 438434 925039 917401 939901 434340 928581 631364 371758 312902 722050 617030 600897 443306 395829 115033 999999999 210484 350030 885900 614160 37299 1044764 409245 103856 703309 543761 667110 978720 257690 943209 251703 787079 950473 428122 339838 929472 650562 788042 783303 449382 472468 138514 315925 794573 385465 299623 481174 221774 632910 664784 247941 354254 174157 961711 282064 500900 888768 560313 290002 807491 942954 861359 1087010 561913 602283 965279 658815 336530 468865
434509 263956 756397 1045975 391073 567547 488235 481026 639827 109954 634150 965716 353830 116884 600333 305425 975350 625464 897781 700544 1048835 762314 572237 104063 660906 561169 314727 338574 518433 512824 844148 239259 920215 772821 871586 268975 880002 537697 513885 210798 628346 713498 414842 592991 231887 114658 210484 999999999 145763 787220 444137 202437 1030993 374547 179075 697500 527088 472423 977861 276819 824883 138508 743586 950069 617251 238536 941414 741221 802404 694989 532228 452452 96516 120531 648763 306131 131059 396550 117627 554341 676971 374941 458743 140276 800093 93544 616331 756287 640672 256597 740888 957666 753174 1086113 354718 642019 826628 516420 235877 586014
553333 340739 639386 1006285 324816 486474 500624 417150 725731 220651 706243 938535 209437 82378 591260 383780 927417 631084 889141 735678 1010513 805263 471879 55857 674969 631989 373317 219172 417145 476320 827830 177398 889701 651051 798550 157545 820372 461177 600320 192567 546369 760338 274150 680058 239625 260388 350030 145763 999999999 695636 313359 335134 991325 363607 293124 675312 509314 327452 948439 326254 719053 235619 692479 921736 730423 208307 921878 782967 789374 613910 581000 440449 217146 130864 528728 274100 89705 342026 231018 488218 668508 464608 527148 223778 667930 142992 680319 642596 680493 277248 673459 939577 656009 1054043 211988 654600 707679 403385 207397 652764
915966 704361 185869 451182 400583 222492 515228 321332 868612 894066 797339 460176 639144 673550 429066 712753 356338 492570 519273 649987 460359 717642 225755 698491 537353 757809 660160 482119 279732 356431 450415 840266 413858 225273 153422 538099 231313 255015 806628 586730 163850 712890 503933 848693 930310 872093 885900 787220 695636 999999999 428808 850239 439921 487275 782146 375098 407840 537402 456164 641878 105022 917687 234212 443925 1000608 557651 486074 700971 449632 107193 654324 449835 775149 826191 243310 501715 658303 405174 902979 256150 436945 765398 711798 718517 332579 832920 750469 159945 648874 596625 147323 504036 51750 521133 657160 526191 207958 307359 560808 749982
751897 506310 333105 822944 230811 273633 500203 274393 835797 533382 789150 785481 210338 331105 522634 538559 732186 586168 779477 736966 829702 814877 211675 340463 640422 722051 499227 111797 168793 377347 707648 423539 733469 340104 561308 180201 608845 267883 726533 315385 317910 783371 76455 797542 524122 553349 614160 444137 313359 428808 999999999 587283 808908 368895 525106 562067 442268 136154 789977 455826 425948 548935 512458 767537 900737 296533 786224 792501 680509 377113 635122 409105 477445 438771 221402 297096 319897 264801 543630 313381 586495 619537 630205 444934 356095 455776 749571 340401 699415 388215 459655 805584 381070 883481 228388 620312 398489 123713 299345 731520
236394 166023 861421 1022356 456105 629268 430841 528909 468719 235894 479881 927326 543188 271401 559284 186667 965928 561593 836597 590634 1023186 638834 660844 281591 582387 412942 227247 475493 612653 519776 795968 437594 888286 885604 902948 408321 891312 595978 348366 281385 686413 587405 577516 422405 404272 124633 37299 202437 335134 850239 587283 999999999 1007834 372256 68337 666327 506480 645850 942141 220396 908786 264376 749806 913887 420538 307581 893368 620325 751866 747259 417069 435174 118531 315220 763247 350697 277381 445928 233601 596724 628311 219281 323722 143512 932150 282400 473447 855710 528430 253858 770594 906997 826333 1050509 546889 567063 932708 627593 304283 441462
965468 841812 625325 15007 667853 537001 578019 577488 798241 1139756 721977 104687 1007681 938805 448673 826565 83602 458234 236711 527015 20980 553766 601490 971795 459567 724166 781026 817406 640122 519411 231074 1162285 123171 663267 288604 848702 210457 550085 801913 822774 491656 581660 884289 802622 1228517 1078417 1044764 1030993 991325 439921 808908 1007834 999999999 657990 949444 341598 507627 937575 86110 791063 526076 1169410 302395 108371 968496 797399 158434 550316 272806 439073 644839 582524 980090 1109602 672535 727899 923741 649347 1146116 511935 383992 836634 740344 916035 768875 1104063 683186 599550 567857 781675 350710 160671 488456 81345 1026035 466557 634834 688594 799548 701263
437325 217621 535174 672923 143498 275273 144416 173214 469249 482306 420280 591198 470689 294818 229579 226359 606287 267860 528732 388467 675402 463777 332041 329750 313892 354128 174219 287915 298723 148220 471409 540924 545761 567763 530697 268226 521853 241979 367761 174230 325970 425753 409029 433366 586062 423237 409245 374547 363607 487275 368895 372256 657990 999999999 306501 323041 152616 489135 603321 155586 558548 512432 381026 575523 554284 155302 567995 440998 430780 381325 266692 78700 323727 464388 458070 94027 281318 113241 488406 231144 307073 288046 268253 260050 640010 453508 380885 523186 341552 125123 398422 584689 470596 711639 485523 293196 603741 337181 156293 362676
260693 112494 793771 964094 387814 561011 375581 460840 462964 243673 463050 871684 496371 221020 501996 144162 905045 509657 785878 553615 965307 607661 592770 237558 534712 392036 174312 413428 544906 454542 741907 418116 831172 818411 836828 347924 827282 527751 337876 215095 618303 557006 519832 416069 402448 143538 103856 179075 293124 782146 525106 68337 949444 306501 999999999 607928 444862 590834 885994 158544 840461 274975 685931 857733 440743 240518 839720 587933 698110 679448 380171 372198 82761 299128 696434 282361 224320 377650 244342 529063 573288 200067 294374 80516 866743 269543 450195 787795 491745 186168 704303 854011 758022 994684 501803 518204 865029 560940 237239 418803
640741 500317 525038 356200 367069 305901 237804 291270 522324 804676 446304 268251 732861 613926 108005 486292 303932 138442 220451 278207 357395 342893 393452 648246 169479 424458 439791 534743 407201 201919 153387 851441 224182 567243 317200 548501 262451 299010 491842 494390 296861 341860 629303 512794 906050 738409 703309 697500 675312 375098 562067 666327 341598 323041 607928 999999999 170429 698217 280835 449666 478835 835094 147378 252842 676501 471563 246682 326948 119541 292146 329257 245146 640966 784960 512253 402690 599560 340497 810457 251922 65792 503105 415139 576948 670162 775788 400696 501769 288176 443814 228403 264266 395629 389531 750351 163755 571305 462629 473266 408613
