NAME : synthetic_000094
TYPE : CTSP-D
DIMENSION : 100
GROUPS : 8
RELAXATION_LEVEL : 1
EDGE_WEIGHT_TYPE : EXPLICIT
EDGE_WEIGHT_FORMAT : FULL_MATRIX
EDGE_WEIGHT_SECTION
999999999 238196 309113 507405 159869 386999 661798 712399 120267 568770 563065 769333 348861 852644 372246 72255 256186 474554 829809 346874 40071 426293 476601 507840 306224 907983 62878 917692 829564 70054 56158 131295 377864 560292 307464 511330 492826 426252 519629 505516 766442 376551 559682 719547 709524 397192 498440 519213 255233 277265 380911 594311 542221 65506 355154 545355 765170 455452 406539 437565 481910 515203 176699 452585 215624 250504 791182 691938 546893 470218 424425 102512 747628 54763 495902 311902 580300 357055 195725 289109 979763 365120 710739 473190 381171 450777 512486 743294 892227 700501 365831 394508 257219 830351 367932 641482 674572 607072 260571 622649
238196 999999999 518046 631395 364200 502014 804777 740615 314199 484309 697861 979459 166456 1056439 578664 165965 405797 628981 1026503 569903 230993 617466 527962 505525 509799 935770 188299 939349 887734 259729 185591 202861 615005 340096 211182 676513 263400 664400 736939 684359 923017 596481 728091 878321 750204 630756 723135 756745 58730 326214 492992 820220 778208 273504 527352 450959 901230 693621 519221 475361 660109 749739 286637 687112 72391 453877 861664 650484 405924 435653 258146 242327 953654 186311 393773 380937 388566 595143 227846 438992 1003975 577362 785624 365312 600875 660363 333590 939483 943872 891956 603826 631850 237084 927923 430799 725411 804512 676602 97071 846285
309113 518046 999999999 292848 339463 236865 396139 590309 204296 621013 320299 462994 561748 544141 422771 369547 162779 220059 520739 74981 295875 126071 383029 475990 393060 761744 335308 778315 652616 347492 362394 322262 269705 779334 468042 234225 732978 271329 219485 212116 480295 381277 273412 433350 571299 168575 213572 308767 551214 311513 239533 309551 308656 251774 112249 615046 499659 278999 249492 379817 191527 272524 256224 218926 466565 368012 602691 664727 669815 492197 602266 391376 439522 360609 587515 288988 757889 233330 334626 154372 831726 59534 526673 577677 384923 143080 684927 434358 717376 392726 242227 275841 384515 604411 312628 456235 423480 448734 494378 332139
507405 631395 292848 999999999 599669 129480 177019 316284 388767 483115 69807 479728 592996 520503 714536 538300 251222 89528 472077 346463 475391 211398 188094 301801 680050 471921 497977 489852 359786 568886 544091 439157 557038 777024 480680 128428 761558 546043 355339 175399 301634 674125 161282 262003 290329 430636 393423 547007 682434 310794 138403 452648 527138 442276 183264 494805 269844 543478 112297 227571 167633 491083 354097 461445 561593 647981 310120 448760 587548 364669 588692 608515 442515 542039 495047 255609 713997 521188 403580 218667 540776 295502 233909 500158 677766 290464 648195 396625 424529 343665 529219 560492 409976 325479 219285 164105 173304 167997 564693 453460
159869 364200 339463 599669 999999999 495081 731102 843079 230478 727150 644067 759896 499391 850141 217034 213720 360655 546566 837776 342962 196610 465451 607701 654081 148965 1034529 220988 1046448 944680 106472 189325 290126 279608 701671 466873 570710 627482 338572 510093 551570 819754 232623 612465 772789 835481 354274 474438 443916 359695 423787 491288 561410 477124 194522 424109 704569 835471 372529 514068 575555 530641 458869 318819 400436 362004 92357 901348 842768 706132 624066 579798 125029 745371 189594 655636 448873 732628 272588 353035 387354 1106515 380718 821211 633053 236949 460946 666955 755024 1008922 720091 278480 296917 416027 924517 502032 749956 753170 724146 409688 593744
386999 502014 236865 129480 495081 999999999 303889 360331 272169 414730 196327 557695 470870 612985 636119 412253 134886 147347 570323 307022 352648 216512 146968 248995 592990 543542 372064 557436 449609 451757 419676 310392 504823 664674 359241 202128 642358 507952 378883 232274 425635 603620 251285 383163 346374 400493 402187 534297 552961 184521 9901 481446 524767 323184 132392 417803 399237 513655 19546 154362 212598 487453 226052 443932 432491 554289 407253 430969 496593 286164 475835 489289 523301 417632 405546 130784 612215 468507 274270 108611 615192 265283 326817 404854 607706 298189 543004 488175 513853 435477 477755 511979 284302 444087 109475 256149 302773 229826 437171 491243
661798 804777 396139 177019 731102 303889 999999999 378231 541533 634655 107758 372614 769928 386766 808887 700982 410439 187591 331667 423419 633666 276419 347245 453365 786648 467988 660856 490938 337025 717558 703912 608360 626338 950786 657597 161974 937828 598625 352188 193807 126118 759909 132069 92945 341552 484799 403494 566913 854198 487321 313328 425588 535107 596380 309821 651632 104484 585832 288114 394787 208539 504436 522485 496226 735994 764081 281540 561581 751160 526625 763231 759474 334234 701873 659314 432341 882681 593661 577567 376140 525233 372289 238758 667449 762834 324515 819094 274303 392680 228258 599605 624984 586750 230259 395719 205799 49388 253994 740876 413007
712399 740615 590309 316284 843079 360331 378231 999999999 612910 358126 337297 749563 631806 763419 996170 714257 486821 405787 707080 653540 673330 526921 236204 237305 951225 197449 678046 205410 167470 781926 729250 600939 859972 741911 536070 437789 762325 855858 669333 486561 476224 963818 453940 463045 38646 742329 709353 862964 799060 440965 361040 763286 843389 655788 478587 389783 391417 856142 344247 276899 482382 807367 535760 776453 669592 909858 173063 211890 500899 317845 581465 812713 711046 727376 426459 400549 643494 823612 541170 466711 268366 605091 149522 448245 967873 606747 599866 652412 209992 604986 832411 865535 507248 286343 344499 175045 332728 148368 649130 760123
120267 314199 204296 388767 230478 272169 541533 612910 999999999 521649 443122 667017 376462 746617 409449 168397 138343 354341 720228 257232 95490 312429 377274 427549 352783 805412 131871 816798 719866 180320 165668 126821 351371 596073 300694 391988 541131 386223 422756 388507 646950 395392 440981 600169 606269 327199 410067 463075 347166 201728 267023 507251 477542 54899 235736 504728 644921 409272 291649 345734 364593 445899 99515 384292 266600 304364 679069 619084 530514 407067 433096 219853 642642 163702 463130 219597 592658 321966 163167 170100 877409 263366 598554 445488 400019 347198 520606 633240 783466 588364 331896 365637 226437 713065 271754 528228 554622 497847 299728 532550
568770 484309 621013 483115 727150 414730 634655 358126 521649 999999999 544362 960731 332799 1003445 928187 534812 461471 548826 953966 695995 530665 630744 295023 182235 867200 519671 512407 514673 525525 634063 557322 437494 859746 388916 281061 601609 422206 880911 793069 640416 757119 917026 642744 727512 387052 789015 812891 929780 540404 324380 407065 895619 927412 537681 538823 37045 691385 895163 414586 262926 623490 890467 422139 839759 426790 814135 526246 184651 143806 129859 255808 647981 924212 556076 92452 332760 285812 826145 374165 466796 576796 665036 476585 121220 921658 710995 248840 879741 562265 826766 836209 871506 311566 631080 312805 453156 604752 393966 387875 905972
563065 697861 320299 69807 644067 196327 107758 337297 443122 544362 999999999 427050 662685 460344 742194 598484 308448 100247 409751 362325 533042 216425 250789 362155 713097 469151 558201 489389 346895 621748 602729 502927 572483 846405 550385 106565 831364 554097 336619 154330 231835 697741 116857 192482 305799 437804 381099 541359 747911 379564 205693 427039 516394 497575 220150 558157 204686 547136 180363 294172 156591 481993 417243 460770 628714 685282 293083 493867 653599 429660 658226 662648 388998 600680 561210 324610 781884 537679 470362 274571 534438 309967 226195 567414 701085 285019 716748 338375 409775 286311 544868 573860 479017 284182 289088 166441 111508 193171 633148 422888
769333 979459 462994 479728 759896 557695 372614 749563 667017 960731 427050 999999999 1003217 93974 731934 832221 587874 413641 111309 425258 758662 367767 666582 780866 742584 831019 798300 855004 699328 798213 823924 779616 531263 1212016 898110 359661 1177493 475774 251800 325474 309985 671443 318578 299617 713552 409257 286075 385658 1014141 722388 566959 212282 340567 714480 466604 969448 399485 445371 552557 699451 346196 334332 703665 375032 924078 747330 645621 920683 1053924 837436 1025337 841475 38529 822210 962309 677876 1168480 515032 778913 560207 881126 404876 611086 962512 672207 319916 1098032 101410 747387 144594 514643 519874 815222 564450 667167 575064 420575 615779 946631 178318
348861 166456 561748 592996 499391 470870 769928 631806 376462 332799 662685 1003217 999999999 1070545 716339 285773 415822 614299 1033133 626569 324531 635645 449440 395474 648322 819764 286673 820016 790492 393201 310079 249994 717767 219656 112335 667260 174344 759061 777716 686596 894398 725003 718440 853242 648179 702985 775215 839508 215674 287605 461004 871248 853425 356400 536718 297168 856786 784103 484118 394688 663327 820963 305645 759994 137924 591680 772971 509936 240288 314304 91711 388013 972965 309857 240356 340087 233338 692135 227428 443068 884417 620116 703046 211582 729597 695057 170759 947922 840962 896876 701698 733460 189376 854515 374649 652025 759548 596793 89741 892791
852644 1056439 544141 520503 850141 612985 386766 763419 746617 1003445 460344 93974 1070545 999999999 825903 913524 658113 465899 57954 512124 839808 439664 708516 821613 836123 822979 878428 847542 692976 884604 906464 854854 625154 1274905 962986 411004 1244809 569745 340259 384678 296512 765416 363968 300769 725930 501571 377886 478835 1093465 785799 622621 306252 433692 795810 535160 1015154 388497 539264 605404 746300 407482 428238 776116 468689 998523 839985 641852 947144 1105001 884308 1086802 928143 105432 904693 1012674 738297 1225053 608545 849397 628467 867118 487556 618536 1015168 766177 401873 1155976 124970 734960 178050 608309 613831 881408 548692 721769 592537 430725 639385 1018428 272270
372246 578664 422771 714536 217034 636119 808887 996170 409449 928187 742194 731934 716339 825903 999999999 430579 512415 642193 828493 385504 405059 532845 768720 833884 68866 1177648 434876 1192611 1073540 323472 406266 497509 201895 917684 679028 648913 841965 256376 508518 615677 871771 61148 678570 827426 982182 340471 458878 355927 568157 611175 635134 519709 399585 391048 531459 908533 908818 288294 652967 746485 600454 398451 507841 359482 579036 125136 1024653 1026831 918384 816443 795775 336433 728305 406483 862484 624365 949491 225062 556448 529670 1248692 436732 947528 841506 61292 493569 883315 756187 1138434 734352 222533 212161 621187 1025612 671469 876411 841460 862689 626666 553774
72255 165965 369547 538300 213720 412253 700982 714257 168397 534812 598484 832221 285773 913524 430579 999999999 290560 515915 888221 413311 73718 480825 481959 496718 362685 911479 40329 919352 842045 108065 24565 113362 449511 492266 260875 557024 422579 498440 584485 556137 810939 440617 606972 764542 715293 467860 565963 591318 185118 273292 404920 662432 613833 117778 401427 508212 802718 527707 431444 437365 532086 586308 187697 523651 148986 306066 807299 672257 497516 448287 366659 113279 809055 24137 455605 317436 518929 429201 176027 324841 982623 427355 727542 430813 445162 512482 453412 801302 903101 756722 437920 466258 227651 855561 373837 660496 709395 620875 196157 690004
256186 405797 162779 251222 360655 134886 410439 486821 138343 461471 308448 587874 415822 658113 512415 290560 999999999 226519 624287 237025 224733 220107 256315 329966 464762 675105 250417 687904 584302 318630 294281 203448 404425 628530 314117 271322 589890 420423 365507 279217 522216 485653 322657 476361 476527 328453 370601 470003 450228 149150 130674 463289 471404 191147 123202 453668 512284 433732 154174 237244 255061 435300 119559 380980 342881 423152 542111 523145 507194 334303 446283 357532 558487 292232 424831 128847 599065 369363 191366 34372 747004 214604 461694 414932 489984 281492 526348 537753 648395 488589 379267 414604 230097 574819 163488 390913 419743 363500 360359 481763
474554 628981 220059 89528 546566 147347 187591 405787 354341 548826 100247 413641 614299 465899 642193 515915 226519 999999999 422996 264610 447290 123312 258074 371860 612875 557051 476067 575828 440053 529979 517753 428523 475512 811639 503732 54896 787131 460709 266954 92470 295702 598386 104409 250000 379351 344648 303973 457860 675581 326699 157095 365784 437614 409232 122901 556174 291701 456468 139680 286373 79974 401597 342952 373060 562846 585524 387861 531901 640819 424026 622900 571891 378244 515724 548932 275656 759154 440235 405413 192218 624669 212530 315727 550045 601798 200996 690245 340999 504067 288200 447765 477783 425608 384412 255873 248808 206642 257457 573530 368709
829809 1026503 520739 472077 837776 570323 331667 707080 720228 953966 409751 111309 1033133 57954 828493 888221 624287 422996 999999999 496019 814600 409265 659520 771828 833942 765029 852019 789589 635033 865630 882547 824000 626667 1234346 924256 368387 1207059 574129 329236 346753 238591 768816 319346 244072 669423 496147 372590 490025 1065647 746760 580088 313116 445346 770976 501105 966777 330557 545579 561575 699087 370372 435102 743324 469078 966551 833889 583982 892962 1058692 836679 1045745 909430 101221 880719 966223 697710 1181138 607093 814821 593429 809352 466435 561544 969740 769922 381237 1112872 87086 677088 136271 607819 616622 843758 490880 678171 537150 374621 585156 984311 280400
346874 569903 74981 346463 342962 307022 423419 653540 257232 695995 362325 425258 626569 512124 385504 413311 237025 264610 496019 999999999 341164 148043 453929 549602 366974 818350 382878 836018 704263 372965 402482 381511 210995 845437 536878 264361 795581 202570 173719 230245 491253 337172 293230 445629 632263 94209 153239 233786 598011 385052 310565 250327 234718 297332 176710 689921 523537 206635 318045 453308 215151 199164 322952 144058 523719 352244 652431 737030 743347 567144 671490 416297 406712 400889 661843 363896 828357 175626 401051 229311 887182 52374 579214 651503 340277 118530 755362 412352 768488 377318 183212 214029 454124 642899 387164 510440 457022 508934 555030 276845
40071 230993 295875 475391 196610 352648 633666 673330 95490 530665 533042 758662 324531 839808 405059 73718 224733 447290 814600 341164 999999999 407623 437798 467775 340381 869229 42776 878689 792393 110025 70586 93573 394642 539928 274142 486580 476346 439360 511450 483966 741223 405363 535972 694584 671013 399789 494199 527629 256940 237269 346138 590981 547705 44213 330474 507974 736339 466816 372133 398038 460025 518834 137609 456236 196953 285494 754829 652016 513361 430573 395661 139817 735362 68579 459441 272784 553305 370992 156828 258471 940944 353840 674493 437405 410024 438857 484120 727709 854752 683355 380229 410752 219417 796656 329012 605745 644422 570004 238615 618009
426293 617466 126071 211398 465451 216512 276419 526921 312429 630744 216425 367767 635645 439664 532845 480825 220107 123312 409265 148043 407623 999999999 355668 464160 510559 680222 443731 699110 561881 470250 476876 415353 356465 846279 531766 116322 809848 338231 162394 86501 354426 485209 148905 307583 501713 221957 188742 336082 656467 358258 223783 264967 318612 364758 100314 632196 378100 333204 219610 370707 67974 281882 336726 250056 558859 490104 508859 638442 704163 501523 661262 513956 338721 474976 615356 318559 809167 322078 411242 193112 747518 96146 438398 611237 488320 83339 737411 322186 625431 276070 328974 357493 448330 494993 320030 372083 308999 379028 579488 275973
476601 527962 383029 188094 607701 146968 347245 236204 377274 295023 250789 666582 449440 708516 768720 481959 256315 258074 659520 453929 437798 355668 999999999 114352 720389 431431 444604 441205 362588 545946 495647 369314 648996 609710 340679 308920 606342 654349 515988 350535 472674 740741 348145 438886 233596 547461 544051 680684 584814 210314 143534 617774 669800 419584 279018 307431 418697 660562 137976 54787 336010 632524 300202 590488 455588 676941 333765 284524 404041 179531 425838 577461 629754 493728 312075 165327 536097 612838 313272 241476 503170 411979 258073 320715 744994 438865 474295 584719 422030 531745 622278 656874 290949 405726 108840 202671 324641 149375 444281 624010
507840 505525 475990 301801 654081 248995 453365 237305 427549 182235 362155 780866 395474 821613 833884 496718 329966 371860 771828 549602 467775 464160 114352 999999999 779864 430401 464055 433873 395445 577737 514662 384669 733723 525347 298949 423183 534672 745495 625904 464227 576891 812403 462357 546055 252775 643809 651073 780828 564190 231047 243077 728194 773123 459863 380116 198474 515005 754949 244561 96322 448975 735819 335384 690220 435506 731877 381557 193619 302151 85484 351919 602818 743961 512952 213548 209521 440420 698258 320690 324687 498475 511841 318175 228437 816850 546666 384993 698223 445600 645362 708046 743245 277135 473862 166567 281527 425416 221899 412638 735768
306224 509799 393060 680050 148965 592990 786648 951225 352783 867200 713097 742584 648322 836123 68866 362685 464762 612875 833942 366974 340381 510559 720389 779864 999999999 1136406 368484 1150418 1036581 255191 338280 433523 214303 848881 613610 625029 773101 274720 507560 595730 858071 102766 658779 812585 939232 338452 461395 380578 499658 553908 591153 532159 421715 329550 497058 846463 888638 309072 610633 694960 578526 414576 449465 367592 510821 56645 989288 971843 853058 758262 728566 267573 735409 338558 799297 570794 881582 227578 493939 484974 1207916 415717 910900 777689 105838 481321 815855 757703 1101466 731484 228106 228420 558269 997279 620022 839404 816168 821831 558603 566213
907983 935770 761744 471921 1034529 543542 467988 197449 805412 519671 469151 831019 819764 822979 1177648 911479 675105 557051 765029 818350 869229 680222 431431 430401 1136406 999999999 875010 24857 131808 977181 926188 798207 1028657 908493 728836 575704 938590 1017487 803900 623259 526851 1141400 576951 531404 199142 901619 849951 1010471 994378 638212 545832 888291 985194 850095 649723 555082 434842 1013413 525773 474142 625226 951073 731630 928742 865286 1097584 186624 341476 662639 506121 761892 1008868 793774 924300 600085 596611 802188 992661 738619 651962 71999 767389 242968 624846 1145249 753626 768322 729713 93509 690423 1000847 1032371 703937 276827 540236 308366 418663 314966 842972 878778
62878 188299 335308 497977 220988 372064 660856 678046 131871 512407 558201 798300 286673 878428 434876 40329 250417 476067 852019 382878 42776 443731 444604 464055 368484 875010 999999999 883346 803650 121772 51215 79497 435369 499956 245945 517709 434850 481152 552230 517800 771292 439307 567879 724981 678152 442539 536046 570218 216050 237480 364795 632952 590471 85589 362454 487588 762481 508978 391287 401239 493679 561600 148128 499006 155799 312468 768297 643167 485144 419739 361548 139308 774330 49364 436821 279570 517587 412529 144611 284731 946349 393839 688399 413335 443934 478384 449621 765005 865031 719792 421655 451668 201651 815554 336100 621024 669084 582106 199141 659678
917692 939349 778315 489852 1046448 557436 490938 205410 816798 514673 489389 855004 820016 847542 1192611 919352 687904 575828 789589 836018 878689 699110 441205 433873 1150418 24857 883346 999999999 155677 987133 934557 805999 1045961 902946 731251 595857 935183 1035810 824844 643660 551328 1157191 598309 555413 211396 920136 870430 1030454 998035 646101 559363 910090 1005715 860611 666146 550544 459301 1032296 539989 482116 645070 971378 741099 948128 869340 1110839 209987 333988 656875 507390 759934 1018114 817680 932689 597020 605906 795366 1009878 745607 665571 64669 785330 263304 622358 1161084 773349 763513 753739 118088 714106 1018168 1049964 709113 301661 549760 327027 441572 330263 845798 901001
829564 887734 652616 359786 944680 449609 337025 167470 719866 525525 346895 699328 790492 692976 1073540 842045 584302 440053 635033 704263 792393 561881 362588 395445 1036581 131808 803650 155677 999999999 897018 854163 730463 915257 908867 689780 453007 927093 900111 677731 499418 396501 1033885 450006 399738 143109 783826 725198 887101 945351 572650 453664 759557 860091 768305 542179 557238 304482 893944 430624 413009 503442 826720 656418 807620 815636 1001293 55681 370030 668368 479269 745238 931878 662021 852189 593004 524769 810964 879728 675803 557566 189407 652430 126027 614012 1037539 631764 766782 598064 64913 558618 887467 917807 651017 153394 468676 197246 287848 222504 799947 749016
70054 259729 347492 568886 106472 451757 717558 781926 180320 634063 621748 798213 393201 884604 323472 108065 318630 529979 865630 372965 110025 470250 545946 577737 255191 977181 121772 987133 897018 999999999 83509 198110 363706 595602 366028 563079 522392 418007 546524 552788 817706 337116 609660 770592 778514 408426 519253 517995 261046 347291 446171 612486 545915 128850 408244 609358 821625 449887 471289 507479 529858 522507 246471 460863 255630 198549 857666 761045 604226 538680 474723 43897 779180 83981 558400 381577 626515 348958 263375 350280 1049019 399290 777151 534607 341558 484415 561417 780098 960014 739943 356600 380979 322889 893384 437427 707341 733083 674539 303465 642727
56158 185591 362394 544091 189325 419676 703912 729250 165668 557322 602729 823924 310079 906464 406266 24565 294281 517753 882547 402482 70586 476876 495647 514662 338280 926188 51215 934557 854163 83509 999999999 130022 429466 515398 284728 557155 444685 479582 574836 554115 811807 417050 606483 765170 729223 453249 554363 574108 199337 288680 412732 650352 597804 112123 401023 531175 806365 509444 439042 452452 530236 571099 197956 508509 172960 281648 818293 692299 521815 468510 391221 90841 801644 2052 478953 330502 543304 410216 194435 328262 997545 419256 738252 454398 421576 504770 477934 795817 915734 752157 418743 446353 248677 863672 387053 670440 713990 632371 220402 678557
131295 202861 322262 439157 290126 310392 608360 600939 126821 437494 502927 779616 249994 854854 497509 113362 203448 428523 824000 381511 93573 415353 369314 384669 433523 798207 79497 805999 730463 198110 130022 999999999 470998 469465 183900 474693 414672 509927 541629 481526 723811 494986 526094 678470 602356 453987 533126 589597 247074 159996 302212 630129 604355 111247 324499 414445 707527 534352 328918 324068 457272 572564 85907 511074 144669 378926 697050 564010 421845 340921 311359 218734 752778 128295 365940 205793 470705 443842 65442 237090 869303 381757 617781 344181 499663 462331 399723 737038 791005 689219 453562 486171 125995 749878 261799 552019 612152 510238 173571 654041
377864 615005 269705 557038 279608 504823 626338 859972 351371 859746 572483 531263 717767 625154 201895 449511 404425 475512 626667 210995 394642 356465 648996 733723 214303 1028657 435369 1045961 915257 363706 429466 470998 999999999 934510 651465 471761 870058 61650 308190 432921 678274 143123 494335 635359 840429 143750 257500 169201 623866 535791 506535 319519 208282 361526 381487 847292 722402 96587 518481 639276 421235 200403 446214 157602 591153 231618 863371 926007 881167 736020 782158 396949 526648 428706 810084 531317 941644 36383 514528 409969 1097807 262989 790148 794341 144755 303205 870311 554498 979477 533952 27819 17379 577515 850540 567220 721124 663263 717465 633178 353644
560292 340096 779334 777024 701671 664674 950786 741911 596073 388916 846405 1212016 219656 1274905 917684 492266 628530 811639 1234346 845437 539928 846279 609710 525347 848881 908493 499956 902946 908867 595602 515398 469465 934510 999999999 314606 866024 86454 977404 993191 890333 1076858 932255 915887 1038887 767046 922622 992899 1059059 363415 489737 654825 1088371 1073059 574206 746227 354176 1028245 1003023 675005 558003 867917 1040494 523208 979617 344671 792609 903060 569879 246091 440456 188902 581984 1180283 515575 316148 536750 116055 909927 444805 653233 964326 837093 843331 297307 936753 909708 142088 1150826 949386 1098714 919365 950502 398460 999161 559370 804473 933173 745515 301333 1108926
307464 211182 468042 480680 466873 359241 657597 536070 300694 281061 550385 898110 112335 962986 679028 260875 314117 503732 924256 536878 274142 531766 340679 298949 613610 728836 245945 731251 689780 366028 284728 183900 651465 314606 999999999 557182 283405 686687 679312 578404 782132 678601 608065 741133 549056 619123 681094 758940 269631 177504 349354 775675 768736 294969 431841 251104 744710 708756 372119 285938 555508 734722 214526 675459 147148 557966 668951 439945 239448 225095 134672 373585 866903 283782 196300 228573 293098 622621 138465 338675 795919 524730 596832 170432 683275 595533 220479 839639 742926 788124 632529 666050 84085 746401 262370 543264 647412 489329 115100 795341
511330 676513 234225 128428 570710 202128 161974 437789 391988 601609 106565 359661 667260 411004 648913 557024 271322 54896 368387 264361 486580 116322 308920 423183 625029 575704 517709 595857 453007 563079 557155 474693 471761 866024 557182 999999999 840495 450059 231916 48817 255125 601531 51775 208222 408366 334045 274897 434794 721549 379838 211836 326067 410160 446694 156258 609797 265499 441757 194528 339811 51004 375545 389885 354693 611688 602113 398766 577052 695436 477776 677369 605867 323906 555154 603450 329622 814048 437806 455293 237634 640918 212404 332738 604816 604637 178776 745096 286114 515413 233353 444447 472033 478191 378934 310769 271325 192687 290286 624208 325453
492826 263400 732978 761558 627482 642358 937828 762325 541131 422206 831364 1177493 174344 1244809 841965 422579 589890 787131 1207059 795581 476346 809848 606342 534672 773101 938590 434850 935183 927093 522392 444685 414672 870058 86454 283405 840495 999999999 915696 950300 860686 1063157 859478 891449 1023044 784067 868173 945913 1001628 280858 460669 632460 1042441 1018320 513593 711043 385560 1021108 942780 654711 552522 837497 987018 477827 925264 279412 717259 916164 606722 287365 449339 182827 505540 1147306 445074 338539 511871 183945 847294 400237 617391 998059 791833 851448 314613 863903 868163 177716 1122029 971983 1070832 856470 886450 363441 1005982 542281 806532 924511 748993 241448 1064816
426252 664400 271329 546043 338572 507952 598625 855858 386223 880911 554097 475774 759061 569745 256376 498440 420423 460709 574129 202570 439360 338231 654349 745495 274720 1017487 481152 1035810 900111 418007 479582 509927 61650 977404 686687 450059 915696 999999999 264722 407721 640937 195690 466882 599672 833951 116311 211728 107575 676368 559457 510831 263493 147058 403221 379089 870802 690988 34941 519835 649753 399055 142119 476484 109221 636286 293261 846977 935605 911306 754655 819292 453101 473378 478673 836595 549117 978872 69410 548498 420991 1085376 251107 776397 822523 196436 274347 906812 505088 963600 488295 61407 46316 609710 826235 580132 709121 638299 710553 676578 297506
519629 736939 219485 355339 510093 378883 352188 669333 422756 793069 336619 251800 777716 340259 508518 584485 365507 266954 329236 173719 511450 162394 515988 625904 507560 803900 552230 824844 677731 546524 574836 541629 308190 993191 679312 231916 950300 264722 999999999 183119 378044 451131 227806 338747 640273 169281 53868 215269 768205 511531 386174 102574 183213 467276 257479 794052 435273 244136 381430 532972 187707 152416 472477 155648 686031 504980 622417 796503 863415 663728 811783 589718 235287 573186 775692 476429 963490 283701 550347 344436 866979 159951 561655 770372 452899 84519 891051 250284 737920 225872 286001 301241 595227 582375 481736 502767 397218 521350 713123 116417
505516 684359 212116 175399 551570 232274 193807 486561 388507 640416 154330 325474 686596 384678 615677 556137 279217 92470 346753 230245 483966 86501 350535 464227 595730 623259 517800 643660 499418 552788 554115 481526 432921 890333 578404 48817 860686 407721 183119 999999999 268185 566163 63074 221238 457178 292546 226778 387712 726690 401131 241497 277685 362072 442302 157065 646817 293329 397622 227900 377597 24269 327822 398758 309485 622094 576345 444768 622909 728761 514602 702477 596239 291513 552162 637426 354040 843373 399955 468570 247373 687871 180045 380388 637127 569064 133949 773315 261343 561227 210508 406029 432084 497261 418646 341727 319883 230805 338933 638125 278118
766442 923017 480295 301634 819754 425635 126118 476224 646950 757119 231835 309985 894398 296512 871771 810939 522216 295702 238591 491253 741223 354426 472674 576891 858071 526851 771292 551328 396501 817706 811807 723811 678274 1076858 782132 255125 1063157 640937 378044 268185 999999999 818281 208318 47159 437864 534569 431910 589047 970722 610018 435302 425198 550939 701720 411307 775363 92041 622047 410930 520793 289533 526098 638031 532825 855473 842166 345463 672393 876193 651756 889184 860684 275025 809796 784590 555515 1008497 648982 697139 487920 573229 444383 327831 793189 820661 378246 945156 209511 440087 182677 653346 673874 709736 255157 520878 314461 152965 368910 862575 403711
376551 596481 381277 674125 232623 603620 759909 963818 395392 917026 697741 671443 725003 765416 61148 440617 485653 598386 768816 337172 405363 485209 740741 812403 102766 1141400 439307 1157191 1033885 337116 417050 494986 143123 932255 678601 601531 859478 195690 451131 566163 818281 999999999 628678 774555 947950 284595 400622 294808 591714 595535 603465 459168 338437 385078 492246 899487 858442 227264 619598 722284 552159 337639 494891 300204 589511 148756 983854 1005980 916721 800981 800514 357128 668396 416967 855892 603505 956851 169383 550222 499636 1211904 389224 907922 836385 4679 440797 888783 697498 1098652 676968 165670 152196 615271 979813 647624 837330 794193 826931 636005 493194
559682 728091 273412 161282 612465 251285 132069 453940 440981 642744 116857 318578 718440 363968 678570 606972 322657 104409 319346 293230 535972 148905 348145 462357 658779 576951 567879 598309 450006 609660 606483 526094 494335 915887 608065 51775 891449 466882 227806 63074 208318 628678 999999999 161160 421828 352758 276520 439697 772820 430893 261105 312653 410636 495468 205573 652667 230307 454925 242230 383012 81886 378151 441454 365713 663424 639009 394637 606999 741062 521184 727089 652779 281611 604495 648777 380065 861891 461841 507066 289126 639330 243115 335813 651244 631526 192591 793526 239063 510139 185923 467676 492915 529519 359902 358825 281467 172201 309861 675952 306776
719547 878321 433350 262003 772789 383163 92945 463045 600169 727512 192482 299617 853242 300769 827426 764542 476361 250000 244072 445629 694584 307583 438886 546055 812585 531404 724981 555413 399738 770592 765170 678470 635359 1038887 741133 208222 1023044 599672 338747 221238 47159 774555 161160 999999999 425352 491614 392516 551962 925493 567683 392926 393004 515228 654903 364465 744187 104611 581944 369167 485151 242430 488829 592800 492301 811260 795962 346290 652271 842926 618409 850672 813595 262522 763163 750873 513605 973275 605446 653101 442126 582260 398207 317824 758310 777023 333919 908805 198327 448399 161464 610074 631477 667464 268405 481030 294587 131112 345488 819373 373964
709524 750204 571299 290329 835481 346374 341552 38646 606269 387052 305799 713552 648179 725930 982182 715293 476527 379351 669423 632263 671013 501713 233596 252775 939232 199142 678152 211396 143109 778514 729223 602356 840429 767046 549056 408366 784067 833951 640273 457178 437864 947950 421828 425352 999999999 719499 681665 837204 808299 442633 348090 732723 816275 651144 459110 417327 352796 832937 329225 279357 454320 780607 533518 751730 678539 899446 139679 248570 528533 336219 602136 810780 675062 727307 450932 398899 671169 804148 544522 454293 271140 582851 110882 471389 951917 580188 624983 615853 193971 568961 812739 845348 514719 250378 342367 140864 295437 123400 660575 728516
397192 630756 168575 430636 354274 400493 484799 742329 327199 789015 437804 409257 702985 501571 340471 467860 328453 344648 496147 94209 399789 221957 547461 643809 338452 901619 442539 920136 783826 408426 453249 453987 143750 922622 619123 334045 868173 116311 169281 292546 534569 284595 352758 491614 719499 999999999 123900 141846 652390 474699 404311 207188 150440 358132 269099 782090 579430 114044 410877 547512 283061 119223 404674 57096 591521 338499 730666 830954 832224 660520 753675 449279 398842 451923 752455 456441 911962 115476 481363 322829 969295 137539 660245 741066 286734 160453 839081 419258 847291 394445 119008 140531 537899 711182 481167 593269 523347 596137 626725 239502
498440 723135 213572 393423 474438 402187 403494 709353 410067 812891 381099 286075 775215 377886 458878 565963 370601 303973 372590 153239 494199 188742 544051 651073 461395 849951 536046 870430 725198 519253 554363 533126 257500 992899 681094 274897 945913 211728 53868 226778 431910 400622 276520 392516 681665 123900 999999999 163479 750884 519248 408594 97184 135295 450473 274068 811543 488448 190354 407081 556387 227361 101651 469784 102507 676201 462377 670162 827176 875383 683061 814971 561644 274942 552826 789696 488892 969401 235159 548192 353797 914093 156486 607143 782490 402201 105412 896564 297438 786175 277008 236601 249602 597301 633744 500130 546105 447575 560997 706290 124214
519213 756745 308767 547007 443916 534297 566913 862964 463075 929780 541359 385658 839508 478835 355927 591318 470003 457860 490025 233786 527629 336082 680684 780828 380578 1010471 570218 1030454 887101 517995 574108 589597 169201 1059059 758940 434794 1001628 107575 215269 387712 589047 294808 439697 551962 837204 141846 163479 999999999 772811 616544 538995 177652 45154 488333 401904 923473 650172 72640 542870 684558 385404 63157 544892 90618 723018 400817 832324 965145 973994 800871 893234 555009 388900 573023 894267 597564 1052011 171405 620723 463055 1075550 269171 767504 882903 294723 257442 979245 429361 948609 421631 165521 153321 678484 797172 620266 704483 611029 714920 760606 209649
255233 58730 551214 682434 359695 552961 854198 799060 347166 540404 747911 1014141 215674 1093465 568157 185118 450228 675581 1065647 598011 256940 656467 584814 564190 499658 994378 216050 998035 945351 261046 199337 247074 623866 363415 269631 721549 280858 676368 768205 726690 970722 591714 772820 925493 808299 652390 750884 772811 999999999 380788 544180 847466 797087 301011 569739 506481 951996 707088 570642 532634 702425 770413 332704 707807 129783 445246 918579 708395 455871 494305 306729 234709 989728 200588 449196 434881 425446 606978 280172 484065 1062654 609868 842073 420546 595928 694255 376272 978562 1001845 932190 615133 641034 294360 983016 486018 781006 855733 733043 154951 874826
277265 326214 311513 310794 423787 184521 487321 440965 201728 324380 379564 722388 287605 785799 611175 273292 149150 326699 746760 385052 237269 358258 210314 231047 553908 638212 237480 646101 572650 347291 288680 159996 535791 489737 177504 379838 460669 559457 511531 401131 610018 595535 430893 567683 442633 474699 519248 616544 380788 999999999 174777 610852 619753 229288 257947 311697 579484 575943 199267 164077 378423 583915 105124 528492 254525 503979 541540 419209 358338 205552 303219 374321 690547 286842 278035 55456 452009 502630 103360 167116 709331 363628 463450 266509 600119 427045 379744 662248 632342 610647 512715 547912 99782 602238 105675 400622 482121 354780 254010 627943
380911 492992 239533 138403 491288 9901 313328 361040 267023 407065 205693 566959 461004 622621 635134 404920 130674 157095 580088 310565 346138 223783 143534 243077 591153 545832 364795 559363 453664 446171 412732 302212 506535 654825 349354 211836 632460 510831 386174 241497 435302 603465 261105 392926 348090 404311 408594 538995 544180 174777 999999999 488747 530173 317447 137289 409607 408240 517163 26708 147804 221580 492861 218260 448524 423302 551760 412061 426715 487554 278193 465996 483307 532672 410691 396667 120922 602665 470270 265187 106209 617590 269841 331556 395683 607588 304982 533356 497837 517722 445172 479599 513992 274551 450942 100253 261254 311612 232981 427627 498973
594311 820220 309551 452648 561410 481446 425588 763286 507251 895619 427039 212282 871248 306252 519709 662432 463289 365784 313116 250327 590981 264967 617774 728194 532159 888291 632952 910090 759557 612486 650352 630129 319519 1088371 775675 326067 1042441 263493 102574 277685 425198 459168 312653 393004 732723 207188 97184 177652 847466 610852 488747 999999999 133841 547364 359191 896406 495754 233346 483822 635489 285842 122365 565631 165258 773345 540231 703893 897078 964595 766235 909063 654273 211895 648851 877395 577491 1062290 305228 643977 444134 948842 251282 648294 871557 459925 185636 989622 252313 817469 249270 304085 307756 691695 652313 584091 593297 473419 616268 803160 34126
542221 778208 308656 527138 477124 524767 535107 843389 477542 927412 516394 340567 853425 433692 399585 613833 471404 437614 445346 234718 547705 318612 669800 773123 421715 985194 590471 1005715 860091 545915 597804 604355 208282 1073059 768736 410160 1018320 147058 183213 362072 550939 338437 410636 515228 816275 150440 135295 45154 797087 619753 530173 133841 999999999 506934 393007 922891 615023 112691 531865 677228 362225 37315 554210 93477 741063 439184 804938 954167 978063 797859 903376 584351 344309 596607 896168 596958 1061256 205388 631324 461234 1049124 262583 742421 886161 338520 236825 988307 386095 920727 380418 200855 193371 686935 765111 615756 681278 580416 695035 776888 165141
65506 273504 251774 442276 194522 323184 596380 655788 54899 537681 497575 714480 356400 795810 391048 117778 191147 409232 770976 297332 44213 364758 419584 459863 329550 850095 85589 860611 768305 128850 112123 111247 361526 574206 294969 446694 513593 403221 467276 442302 701720 385078 495468 654903 651144 358132 450473 488333 301011 229288 317447 547364 506934 999999999 290439 517496 699692 429413 342727 383808 418506 477331 124479 414860 234685 277171 728817 648264 531853 430415 422107 166435 691291 110219 471817 257012 581143 335823 165640 223793 922024 309641 648302 451596 389757 394708 510579 684147 831428 640161 345340 377101 230612 765783 311824 578542 609083 545864 273445 574159
355154 527352 112249 183264 424109 132392 309821 478587 235736 538823 220150 466604 536718 535160 531459 401427 123202 122901 501105 176710 330474 100314 279018 380116 497058 649723 362454 666146 542179 408244 401023 324499 381487 746227 431841 156258 711043 379089 257479 157065 411307 492246 205573 364465 459110 269099 274068 401904 569739 257947 137289 359191 393007 290439 999999999 537910 414198 382807 141807 284289 132799 355704 242337 311555 465710 466460 493271 563314 606019 408997 560965 450620 436315 399028 518255 219316 709095 345158 314261 93653 719894 132963 416153 512986 496001 173557 637229 414551 607050 365511 353872 386963 348670 502729 226084 345241 329177 336485 483494 373186
545355 450959 615046 494805 704569 417803 651632 389783 504728 37045 558157 969448 297168 1015154 908533 508212 453668 556174 966777 689921 507974 632196 307431 198474 846463 555082 487588 550544 557238 609358 531175 414445 847292 354176 251104 609797 385560 870802 794052 646817 775363 899487 652667 744187 417327 782090 811543 923473 506481 311697 409607 896406 922891 517496 537910 999999999 712446 886335 419386 269999 628918 886189 405408 833961 395275 792706 555824 221557 111220 132215 218940 621491 933421 530010 57295 326072 253876 814303 352533 461662 612936 661295 503255 86048 904139 711083 213264 890874 595645 837757 824391 859563 288601 658556 312320 475963 623793 416375 355045 908086
