NAME : synthetic_000722
TYPE : CTSP-D
DIMENSION : 100
GROUPS : 8
RELAXATION_LEVEL : 1
EDGE_WEIGHT_TYPE : EXPLICIT
EDGE_WEIGHT_FORMAT : FULL_MATRIX
EDGE_WEIGHT_SECTION
999999999 462788 846374 618696 379756 679058 293042 530067 167192 585817 750388 667319 274662 76122 184910 710875 344938 267788 405267 595261 551641 484589 187595 770699 590842 696570 229916 679157 802194 909848 795195 534803 595383 217280 784287 452883 707148 532604 427320 821550 370772 569019 252684 490071 374317 295917 712915 602851 564836 115153 696240 146704 603727 244154 538733 728487 95014 233764 133745 854344 605480 587204 409827 188338 630232 530667 423853 164024 361157 140842 519046 364412 561927 330626 313301 658232 282165 394393 367278 756170 334811 280567 512281 109601 392855 216221 569019 189412 111230 513629 458740 478648 665646 99778 401020 348395 380863 590505 907333 768762
462788 999999999 395551 538592 470013 477595 251515 717322 311875 173070 320708 312061 580914 522890 314482 442686 301120 720262 358343 678551 412916 116606 625978 382667 136372 458310 628720 365205 344675 500347 488880 738697 767769 400047 347658 416797 361361 75834 577211 464408 551821 290776 503286 119607 428245 531676 485296 336789 120159 362210 318860 365630 336009 599931 347137 268919 532396 314705 364329 412637 435169 230621 655801 298173 387584 374080 182779 325331 158271 553513 650202 165013 537966 199587 694333 302116 304922 140336 410219 481546 304123 645206 693161 496942 642375 257262 685327 551822 488329 456865 477899 64511 399500 539998 286488 114735 334037 131259 521487 308437
846374 395551 999999999 639198 721895 702552 641513 945773 683531 266557 118387 466796 973905 897670 676009 404339 674956 1110307 712372 850531 704931 366151 990510 198981 259596 446312 976324 329419 63790 181101 606426 972577 976493 793273 81930 757149 279942 345007 821098 273835 820375 544212 894953 438518 680342 919963 468434 392252 282315 754047 435764 726856 570980 934259 634310 212666 923183 653037 758638 45774 512659 450656 930107 665113 617011 670933 448452 719913 544895 947345 861276 491057 683909 587694 1089691 273144 692857 458495 666003 638086 590560 976620 923252 859044 921366 631039 877402 947372 849409 777044 682839 410428 601907 911311 532646 507094 696026 264798 243192 193102
618696 538592 639198 999999999 251744 1010950 669576 352595 495497 453903 524684 845189 879954 612414 464528 251442 749978 846806 826777 223371 927106 429092 638789 449406 535127 208795 579533 310482 643789 565061 1024155 380831 361408 743946 558139 891863 361041 589130 281428 420339 320632 827162 831519 657236 245547 874698 198825 253281 507037 615471 844287 479654 872970 517963 870147 697134 712240 405471 642580 611957 127538 767948 400465 476394 923485 889720 359643 625037 628505 759507 265947 406575 75635 646927 931624 369977 712044 413043 251428 1019936 312716 540374 335882 545525 401689 487805 261154 803598 536912 946533 166259 602982 937711 608192 276466 530312 795983 552131 517442 719332
379756 470013 721895 251744 999999999 891824 503981 247351 290805 472286 604526 776182 650823 363994 259747 424917 584997 595590 662882 236335 786778 397450 387551 569739 530562 394133 331652 437144 703847 707863 946245 269401 299157 538596 642100 725998 482950 540499 107660 579946 99202 724467 612999 571224 43293 657277 399826 353285 497857 401478 787436 255567 769667 271454 742669 703861 470066 207551 431305 709065 286871 690588 208291 277755 814369 753197 301960 424049 496168 518810 184945 305438 185781 499226 688771 459519 534310 330401 60578 927962 166298 299960 223182 296484 200342 305988 227353 568702 288418 785814 85517 526062 837785 358050 197113 409267 631867 542115 678912 736444
679058 477595 702552 1010950 891824 999999999 404220 1125971 627664 619267 700944 235892 573659 755015 652101 911472 335877 829773 275725 1122344 129957 593653 864511 799354 540457 931821 907175 827453 639199 870957 175484 1141419 1185375 472677 707115 244103 810720 448047 989856 892790 948610 187767 509280 358305 856481 497064 959274 811925 552547 571556 269819 684505 144985 908883 149870 489921 683365 690511 546930 742349 912489 269790 1033006 631142 92436 148812 651341 525076 395953 666869 1076283 608955 1000619 394823 702938 755100 398653 598396 839105 116470 734091 950925 1102930 772782 1016697 593399 1118954 618089 769007 199644 924624 413799 100765 778803 742418 488453 298265 522300 917257 512854
293042 251515 641513 669576 503981 404220 999999999 727303 224855 419988 572215 376034 332651 367955 251378 651829 81696 510033 159850 739804 287106 336559 480078 629556 386018 655916 511934 588041 586092 751513 504045 741118 788623 153022 598589 224319 595631 297393 594873 705406 549787 276155 253440 220899 473913 280220 680071 536974 371662 178291 407094 280505 312320 507563 256156 479496 329270 296796 161362 662056 599982 299421 629716 230923 343256 257323 337845 129283 96750 335006 684715 274014 641162 54025 453072 537126 53996 282718 457970 468315 362715 550791 704891 374207 613247 198040 730197 316846 369345 282567 551477 232594 376413 390642 393921 163833 128663 377781 769839 519658
530067 717322 945773 352595 247351 1125971 727303 999999999 503180 709907 827390 1022124 799995 481458 475931 594918 805377 662722 881243 147958 1014233 642081 442876 774598 773735 554893 365614 634402 935057 903315 1190119 28324 65324 729094 864191 941280 684435 787758 140301 763077 177598 965390 782374 816744 289661 825898 549174 557704 741227 592469 1034295 452267 1009906 312361 976108 947229 600493 435667 622831 927115 454178 936133 126914 496500 1052572 982945 547382 626864 733599 649324 87929 552587 282589 731148 800310 674388 748859 577739 307532 1169296 413339 304289 24171 422375 142234 532685 100850 710704 419248 1002692 263375 772778 1078097 464432 440623 651998 851100 786236 862308 978371
167192 311875 683531 495497 290805 627664 224855 503180 999999999 420450 584690 561876 388976 214450 31665 552809 302199 434975 378397 526388 511919 319136 314199 603565 431998 542524 320326 515210 642108 742669 712491 516443 565239 250928 619152 439528 541283 385924 373416 655954 326017 482135 336148 365102 268282 379204 561198 441651 404134 120371 584361 59905 523605 300239 478325 580793 255922 90211 147106 689544 459590 476431 405350 22192 560884 481917 256960 133751 250572 293329 465011 197413 451410 236506 461951 491457 246735 227943 255193 683158 187458 345495 481083 185392 389036 54634 512134 321596 177093 500497 352399 340615 590673 229591 246457 203003 348051 433706 740566 620257
585817 173070 266557 453903 472286 619267 419988 709907 420450 999999999 164638 414296 742237 633474 410900 294587 473970 852392 530842 636918 573455 101322 724323 210034 85146 320186 709963 208509 235509 334483 591310 735075 749298 562728 198705 588039 193803 172044 576838 291833 568075 432972 667039 271865 429311 698272 347901 209965 66720 501412 404592 461264 474283 668910 504241 244846 667245 386480 510383 269199 331644 351694 677924 401145 526861 534939 183121 473130 330144 695693 630593 225248 476719 370139 848211 136282 473945 193144 413365 598697 328103 711816 686313 592942 667670 369596 655292 703624 583246 624995 448725 221101 529409 646278 276307 264030 507004 103709 349884 271246
750388 320708 118387 524684 604526 700944 572215 827390 584690 164638 999999999 471842 900356 797012 574134 299423 617090 1017029 664914 733371 681436 265800 885516 109323 188778 339320 867205 217980 122243 182152 632467 854190 858412 719768 37651 716425 171449 288753 703010 202123 703256 526198 823503 391303 563303 852382 363445 275069 200623 665268 448683 623904 560309 822992 610115 231425 831743 546287 673224 107455 397452 434345 812812 565094 610503 644731 339444 635459 477939 859585 742970 388384 566912 519928 1009782 155864 625509 356889 549311 654424 477760 864588 804865 754519 804362 534178 759554 865620 744702 744876 564462 351561 602855 809208 417557 423842 644579 201086 217353 232705
667319 312061 466796 845189 776182 235892 376034 1022124 561876 414296 471842 999999999 659036 740731 577233 708380 349247 878611 338163 990305 263958 416100 852519 574606 330057 734350 876338 620882 403586 637116 179191 1041922 1075277 505685 474857 353764 597078 256255 881904 669000 850930 118151 581143 205535 735723 587006 762078 620230 349678 552186 40865 621718 118674 861869 203930 254295 703642 597765 537313 507056 733481 86633 949248 556934 154474 240038 494572 503509 312681 703788 959020 471915 849141 337288 791045 545324 402019 451068 717649 185609 610085 906931 998092 737511 934493 513889 995789 673100 731057 348756 789486 251159 135154 762559 598327 373337 339787 311285 685925 277194
274662 580914 973905 879954 650823 573659 332651 799995 388976 742237 900356 659036 999999999 319410 418242 933575 316940 267759 323429 869916 448141 649367 390582 947964 716894 927364 461470 884756 918742 1076614 730369 802297 865204 180886 928461 331591 901865 630039 701917 1015599 645224 541920 80559 548267 640557 76639 947451 819278 700120 269719 697021 400743 558563 497200 472309 808206 200981 476687 247701 993334 848266 600672 676293 410110 562066 446602 621019 277916 429401 154889 793358 553667 828774 386647 132661 846053 283124 574879 631136 678147 576389 523027 783459 378166 659714 413319 843355 89994 382211 375445 726140 565122 602001 338549 633924 478209 319262 709603 1088828 847774
76122 522890 897670 612414 363994 755015 367955 481458 214450 633474 797012 740731 319410 999999999 222934 730582 421060 239867 480835 561883 627350 532358 112128 808568 646218 712088 156374 707506 856546 949535 870899 483017 546496 290290 832051 527207 739547 594988 393058 852596 335732 644104 312497 559168 367328 353587 725993 627657 618567 189664 768768 174469 679327 179629 614845 790927 119045 259325 209748 902660 615021 659570 356989 232575 706268 606703 462397 238677 431992 167995 481370 408628 549677 403497 328581 694121 358279 440350 363855 832197 353922 211248 465754 67628 340498 268144 531156 229645 75627 587536 447621 544044 741554 23937 422760 410076 456771 647442 942092 830876
184910 314482 676009 464528 259747 652101 251378 475931 31665 410900 574134 577233 418242 222934 999999999 528467 330135 451306 406978 495635 538336 310044 315889 587717 428595 516665 314247 494309 636913 727927 731729 490034 537351 282580 609314 468763 522431 389706 344406 636720 298411 501921 366992 377154 236667 410234 534653 418782 399512 150958 598037 51713 544293 288428 502402 582736 276968 59058 178334 679989 431452 491149 381623 21068 583104 507478 240670 165334 268734 316836 435451 185786 419837 258620 487184 474324 276116 217787 223529 704187 158491 333904 453522 184722 365613 63343 482180 348580 175552 529448 320734 348575 611821 235403 220057 210863 376388 431664 723260 621657
710875 442686 404339 251442 424917 911472 651829 594918 552809 294587 299423 708380 933575 730582 528467 999999999 721929 969856 790061 474274 855547 328330 788900 206526 378323 43519 746305 88927 421625 313646 884166 623185 610673 768309 327369 852286 128195 463566 497003 169217 518593 724062 869109 556868 395201 907647 64228 115469 360660 666032 696616 564626 766687 689819 788933 508736 804743 477167 685983 371400 142789 645761 617910 530646 819312 816710 316738 656613 580067 845287 506990 383963 313169 612223 1014755 165660 703471 369680 389134 893169 377416 722703 575647 671084 614673 520727 509701 873398 661168 896983 354434 502376 823466 734228 309908 489188 762314 397095 267609 521196
344938 301120 674956 749978 584997 335877 81696 805377 302199 473970 617090 349247 316940 421060 330135 721929 999999999 530479 78170 821025 212462 399436 531926 683777 428371 728509 571648 654010 616159 798692 453817 818373 867322 156841 640227 142693 657472 331415 674428 764141 628159 237007 236798 238067 555411 251559 753343 608101 419214 235697 385086 355262 264787 573281 193920 495588 362009 377557 211707 699861 677116 284644 704645 310117 286213 187070 411982 189421 144742 356670 764867 350491 722616 109724 446382 598329 62938 355844 539553 412056 444264 615095 783258 436915 687969 279032 810750 323867 433224 201010 633173 266518 322866 444643 473833 233261 46996 417305 822428 534369
267788 720262 1110307 846806 595590 829773 510033 662722 434975 852392 1017029 878611 267759 239867 451306 969856 530479 999999999 562591 769275 700882 751394 221543 1038376 852436 951893 297428 943776 1063688 1177637 975743 656196 723819 373669 1050410 585710 973529 785565 605138 1087534 549655 767433 320861 727553 603668 339910 965856 865350 828028 358085 912835 407973 792653 354767 712506 979051 187875 495202 359127 1120084 854720 807550 536757 455998 805540 692643 691377 398099 597047 175300 684506 632151 780744 559023 176104 925537 476914 661880 601584 927411 592618 358578 652628 303469 522986 483196 732138 212088 312810 635881 680735 726592 844663 239728 661005 605777 549308 850496 1174545 1019596
405267 358343 712372 826777 662882 275725 159850 881243 378397 530842 664914 338163 323429 480835 406978 790061 78170 562591 999999999 899002 146691 463955 589388 738883 476893 798695 634682 718990 651315 847061 413201 893644 943602 197222 685075 65086 719057 376187 751383 822598 704359 220117 248652 275160 633538 249610 824045 677433 471980 302368 377364 429808 235212 640719 150545 520545 408173 455367 275540 740835 751167 289798 778357 387225 243032 130874 484446 259181 210038 394371 842182 424886 800425 181723 456073 659751 132824 427955 617710 365353 522205 681288 859345 503190 761558 356998 888317 350871 500331 122943 711321 314186 282389 504723 550392 304652 31188 463829 875348 557269
595261 678551 850531 223371 236335 1122344 739804 147958 526388 636918 733371 990305 869916 561883 495635 474274 821025 769275 899002 999999999 1020833 586064 548016 667317 710073 431986 474740 526622 848089 787523 1165103 173618 139712 771404 768667 962269 577510 742228 168915 643416 226230 949576 839806 788877 266856 884142 421942 458354 678840 633318 996814 486913 995345 414935 974195 880946 677767 443821 663589 826794 341047 906864 244539 513965 1041990 986497 497625 658886 726555 727452 85696 520591 166682 732757 889855 577575 770641 539325 283753 1151368 388433 419523 140465 496337 254131 542007 47200 783666 490652 1021945 200893 739405 1062996 549343 392063 635097 867944 724873 740797 908113
551641 412916 704931 927106 786778 129957 287106 1014233 511919 573455 681436 263958 448141 627350 538336 855547 212462 700882 146691 1020833 999999999 528547 736078 770144 503647 870729 780697 776452 641330 859954 284017 1028217 1075198 343023 694353 116571 767209 403210 880770 860338 836659 161270 381059 301615 753977 371559 897478 748839 508308 446574 304552 566687 145284 784943 71359 496622 553529 581398 420782 740029 838333 254380 916212 517733 123539 38837 571240 401460 299267 536988 969535 520600 909353 288111 579063 709012 274109 515643 737192 230176 635554 826188 991700 647924 899629 482797 1013977 488944 644643 87284 826913 354191 162103 651216 652705 396960 171298 487178 898336 527286
484589 116606 366151 429092 397450 593653 336559 642081 319136 101322 265800 416100 649367 532358 310044 328330 399436 751394 463955 586064 528547 999999999 624420 298661 134009 342190 612666 255075 330014 430989 595080 665693 687032 471906 300017 525112 259118 160266 504608 369393 488792 406335 576209 235348 354201 609685 369018 220405 101328 402221 416336 360729 451118 573987 463508 306589 566744 288398 412710 370442 320523 339879 597421 299917 503087 489745 95754 376313 255158 596225 567977 124963 436067 291017 751437 200585 390263 92348 337006 592387 241138 617680 618045 492932 585901 268387 598249 606594 483326 568728 388766 179854 513201 545442 201458 174057 437299 144692 439481 340219
187595 625978 990510 638789 387551 864511 480078 442876 314199 724323 885516 852519 390582 112128 315889 788900 531926 221543 589388 548016 736078 624420 999999999 887445 744388 765457 77792 776537 952660 1029475 982785 438051 505151 395418 921540 632991 812879 699538 385380 923225 331054 756222 401425 668759 402905 438630 776038 693749 715400 301789 880157 264357 791284 133237 725840 894849 197538 339472 321302 992353 662631 770926 316277 329396 817641 716659 546661 350803 542818 236800 463069 499468 569327 515233 362408 771912 469349 532131 404388 943585 421817 141169 431853 131505 302046 368830 510597 302586 141100 692342 472946 651128 853205 89976 490541 515227 566343 747033 1016391 934407
770699 382667 198981 449406 569739 799354 629556 774598 603565 210034 109323 574606 947964 808568 587717 206526 683777 1038376 738883 667317 770144 298661 887445 999999999 266793 249279 859851 140920 224930 142162 739109 802290 798806 769853 127104 794387 90276 368419 659934 94512 668726 619684 874237 472064 531633 906670 270247 218475 267085 697899 553732 634168 656500 810368 699344 340078 857859 550380 710199 164887 326273 530232 775855 582388 707806 732433 347100 674446 540164 890534 687761 407479 501330 580117 1049107 115632 683547 379928 520117 758808 467331 849237 753305 759150 769414 557851 698176 904232 749105 827969 516796 425745 702987 817885 400618 470905 715896 282969 140893 341967
590842 136372 259596 535127 530562 540457 386018 773735 431998 85146 188778 330057 716894 646218 428595 378323 428371 852436 476893 710073 503647 134009 744388 266793 999999999 405047 738657 290998 211440 370717 506437 797850 816733 536010 212794 529922 270404 101974 637313 356819 622690 356364 638833 205720 487271 666092 432740 294742 32743 495200 319506 480263 395798 703087 433095 173508 664873 415346 499135 276443 414875 271115 731420 415283 448080 465779 229629 460356 290539 688007 697607 251070 553407 332961 830671 216125 438709 218420 470292 515026 375042 747387 749805 613314 719908 378079 725475 687954 604091 561554 516671 162949 448243 661534 333727 247689 456011 18772 399349 206246
696570 458310 446312 208795 394133 931821 655916 554893 542524 320186 339320 734350 927364 712088 516665 43519 728509 951893 798695 431986 870729 342190 765457 249279 405047 999999999 719837 123539 461538 356662 911462 583200 569023 766083 368439 861821 167950 485304 461062 211551 485483 744075 865297 574959 367065 904863 27730 122056 384916 658351 724469 549879 787529 662168 805444 542939 791106 463094 679736 414148 107716 668689 582382 520519 840062 831932 318249 652100 588844 833055 467016 384056 272501 618902 1003847 198446 706447 373283 362544 918204 361775 693519 536086 650871 579867 514088 468177 864069 641079 908516 320107 519841 846014 714450 296623 495250 770210 423742 308976 557244
229916 628720 976324 579533 331652 907175 511934 365614 320326 709963 867205 876338 461470 156374 314247 746305 571648 297428 634682 474740 780697 612666 77792 859851 738657 719837 999999999 741767 942679 1001931 1015786 360345 427550 446409 904025 682765 781179 703930 315832 888513 263984 786533 465094 684419 353078 504435 728249 657657 708212 336299 901324 263434 824137 62101 764326 896670 263152 324298 360249 974624 614537 792446 239353 331232 854255 758443 528208 384197 563801 306617 389303 488693 507765 540958 439758 744352 508726 521661 357430 979834 392827 63614 355200 138892 225597 373677 435957 372151 145343 743386 415673 660854 888226 132722 459352 523059 609529 743226 984059 935328
679157 365205 329419 310482 437144 827453 588041 634402 515210 208509 217980 620882 884756 707506 494309 88927 654010 943776 718990 526622 776452 255075 776537 140920 290998 123539 741767 999999999 339758 271758 795998 662212 657904 713657 249280 779797 50893 379527 522748 146848 535218 640635 816486 475803 401422 853084 149607 84659 275125 621912 608330 535804 682487 688912 708631 420296 770798 448750 639029 301509 185702 560198 640506 493136 735099 737673 263954 606870 510110 808237 547310 331103 360466 544948 974144 76748 640970 311211 391697 806015 355444 725482 613370 652498 634995 476749 557256 830594 642430 821886 378888 422283 737901 713950 286325 424210 692359 309751 243159 433814
802194 344675 63790 643789 703847 639199 586092 935057 642108 235509 122243 403586 918742 856546 636913 421625 616159 1063688 651315 848089 641330 330014 952660 224930 211440 461538 942679 339758 999999999 238255 546630 961199 969515 738607 97944 694978 293692 288707 806107 310718 801052 480519 839279 378697 661384 863027 485677 391696 237982 706105 373239 688320 507198 903362 570799 149299 876010 618396 708995 104085 516265 387002 911035 624667 553342 607500 418359 670006 489343 898154 852476 454365 682423 532098 1036641 273821 636570 421424 646098 576611 563599 946634 911994 821225 901340 588620 872022 895411 811791 713932 671740 353800 538622 871261 510068 458253 635752 213528 295649 132764
909848 500347 181101 565061 707863 870957 751513 903315 742669 334483 182152 637116 1076614 949535 727927 313646 798692 1177637 847061 787523 859954 430989 1029475 142162 370717 356662 1001931 271758 238255 999999999 784848 931357 922802 896770 165631 898262 224937 470886 794448 146235 806392 702358 1000954 573189 670847 1031192 370943 354639 380367 833029 609118 775067 733839 952127 788605 384478 995564 691928 843612 135704 449593 609266 912198 721800 782474 823876 487327 806874 658365 1026696 815670 545611 624394 699933 1182101 257792 805147 516715 659983 813810 609485 990661 882898 900912 906500 695512 821751 1037342 890879 925575 650502 533621 771156 959267 542624 598457 826675 383236 68977 371018
795195 488880 606426 1024155 946245 175484 504045 1190119 712491 591310 632467 179191 730369 870899 731729 884166 453817 975743 413201 1165103 284017 595080 982785 739109 506437 911462 1015786 795998 546630 784848 999999999 1208721 1245201 606059 629633 399534 769402 435419 1050434 833494 1016217 230505 659937 376338 906882 654081 939164 798642 527658 681667 187778 772087 191732 1008352 263465 403081 815266 759143 661576 650203 912633 258539 1110543 710834 170205 284323 671657 632864 463017 805995 1130384 644848 1026793 477442 862099 719773 514948 626079 888870 59179 781155 1052481 1166273 877566 1095166 669060 1168701 764066 872245 366338 964228 426250 131446 893953 773867 538129 427551 487725 839657 413924
534803 738697 972577 380831 269401 1141419 741118 28324 516443 735075 854190 1041922 802297 483017 490034 623185 818373 656196 893644 173618 1028217 665693 438051 802290 797850 583200 360345 662212 961199 931357 1208721 999999999 67871 737479 891073 952954 712166 809783 161752 791282 193217 983005 787470 836416 312203 830673 577495 585153 765272 601837 1054837 463940 1027248 309944 991559 971356 601969 452049 632037 954296 482335 955732 126028 510804 1069232 997498 570655 637704 750519 650335 116205 573753 310912 746731 797917 701535 760987 599574 329893 1186887 434576 297819 49325 426098 142598 548055 126933 712648 423613 1014531 289839 793304 1095401 465015 464330 670684 863746 810082 890543 1002882
595383 767769 976493 361408 299157 1185375 788623 65324 565239 749298 858412 1075277 865204 546496 537351 610673 867322 723819 943602 139712 1075198 687032 505151 798806 816733 569023 427550 657904 969515 922802 1245201 67871 999999999 793684 894599 1004124 708576 836563 195747 779859 239244 1022152 847655 870381 339774 891200 560231 585126 784537 656742 1085998 515504 1067015 375918 1035599 989828 665541 494921 687155 955309 473789 989741 190684 557702 1110561 1043378 593682 690398 791564 714279 119135 603954 298468 790713 864074 703592 811494 627551 357849 1225940 465212 365312 84697 487679 206551 592785 101053 775852 484572 1065399 300644 824881 1135207 529232 486263 707585 913290 830063 877985 1019608
217280 400047 793273 743946 538596 472677 153022 729094 250928 562728 719768 505685 180886 290290 282580 768309 156841 373669 197222 771404 343023 471906 395418 769853 536010 766083 446409 713657 738607 896770 606059 737479 793684 999999999 747639 237587 727534 450038 610796 840250 558014 393764 104389 372324 518758 139518 787945 652988 519388 138292 540839 284502 419875 460354 342883 631866 210978 340703 107871 812452 695603 437818 615717 268348 436380 327610 452129 118915 249505 200496 703908 384584 702192 206976 300329 670634 107710 402446 506040 560806 431846 497781 709109 323116 598628 258057 752739 168505 322293 297376 603260 385491 474612 314170 480806 299045 178707 528815 910732 671868
784287 347658 81930 558139 642100 707115 598589 864191 619152 198705 37651 474857 928461 832051 609314 327369 640227 1050410 685075 768667 694353 300017 921540 127104 212794 368439 904025 249280 97944 165631 629633 891073 894599 747639 999999999 734691 200811 309530 740347 213688 740860 536804 850938 410184 600921 878762 391595 310352 228537 697246 449031 659370 568785 860164 623011 226553 864562 582537 704314 70814 431302 443839 850390 599823 617893 658367 375997 666237 503326 891480 779516 423534 602069 545702 1039710 191217 651446 391711 586953 654769 515093 901878 841749 790400 841976 568089 795474 895931 780618 760619 601443 373781 607871 844581 455148 453808 665880 222925 211204 221304
452883 416797 757149 891863 725998 244103 224319 941280 439528 588039 716425 353764 331591 527207 468763 852286 142693 585710 65086 962269 116571 525112 632991 794387 529922 861821 682765 779797 694978 898262 399534 952954 1004124 237587 734691 999999999 778147 428215 812927 879801 764950 237567 265194 325122 697335 255035 887372 740290 527347 356178 394365 489107 240250 692669 151266 558623 444810 518455 327800 787766 815741 319686 836050 449373 233690 119163 548657 315856 273013 424772 904214 489665 865285 246420 462740 718882 192795 492113 681676 346590 586957 731971 919672 554772 819143 420478 950749 374211 552641 61817 775686 368643 273552 551136 615475 368815 96019 515853 929243 593532
707148 361361 279942 361041 482950 810720 595631 684435 541283 193803 171449 597078 901865 739547 522431 128195 657472 973529 719057 577510 767209 259118 812879 90276 270404 167950 781179 50893 293692 224937 769402 712166 708576 727534 200811 778147 999999999 365433 570996 114848 581571 625587 831295 465595 445982 866376 192046 129895 259730 643327 581705 566223 665906 729760 698041 384260 797170 480223 658563 250937 236591 541519 687841 519480 718303 728655 285430 624823 512759 832757 597526 350606 411312 549819 996051 59305 649253 327127 435350 782682 391074 767401 663226 686804 681861 499563 607993 851693 676724 817273 427474 414070 718493 747219 322653 432532 693665 288782 203512 394528
532604 75834 345007 589130 540499 448047 297393 787758 385924 172044 288753 256255 630039 594988 389706 463566 331415 785565 376187 742228 403210 160266 699538 368419 101974 485304 703930 379527 288707 470886 435419 809783 836563 450038 309530 428215 365433 999999999 648059 457358 624743 261133 550598 103755 498128 574973 512931 367543 105703 428050 256292 440621 303160 675693 333227 196022 597921 390473 427061 368487 477634 183755 729738 372974 355789 365035 244738 387914 200648 615794 718260 237715 595602 243392 748819 308325 348043 210258 480228 435423 375699 720988 763589 571269 716566 331455 751552 608831 562804 459645 542688 65429 360722 612746 351594 184918 356387 87726 501224 236185
427320 577211 821098 281428 107660 989856 594873 140301 373416 576838 703010 881904 701917 393058 344406 497003 674428 605138 751383 168915 880770 504608 385380 659934 637313 461062 315832 522748 806107 794448 1050434 161752 195747 610796 740347 812927 570996 648059 999999999 660102 57331 826602 674337 676580 150600 718572 461183 441479 604656 472569 893997 327571 871379 254168 840140 810748 508884 299674 503067 805720 354351 795980 121475 364312 914816 848482 409310 502294 595817 558569 93160 412379 205879 595369 721262 553744 620142 437881 168194 1030446 273132 267223 116211 327424 120672 397994 142547 615171 321794 873784 144065 632478 939577 380928 303586 512443 720778 649181 759864 842871
821550 464408 273835 420339 579946 892790 705406 763077 655954 291833 202123 669000 1015599 852596 636720 169217 764141 1087534 822598 643416 860338 369393 923225 94512 356819 211551 888513 146848 310718 146235 833494 791282 779859 840250 213688 879801 114848 457358 660102 999999999 676813 711895 944270 560397 545829 978668 224818 230918 353550 758067 648241 679857 749462 835308 789899 433537 911868 593375 773035 232407 309087 623316 779794 634105 801018 822315 400278 738988 619558 947598 675183 465317 482065 658013 1110773 169646 759276 441316 536915 853304 501793 871381 743360 798591 775325 614409 678865 966342 788515 915653 516207 511948 796896 859644 432788 543446 798416 373760 99784 433425
370772 551821 820375 320632 99202 948610 549787 177598 326017 568075 703256 850930 645224 335732 298411 518593 628159 549655 704359 226230 836659 488792 331054 668726 622690 485483 263984 535218 801052 806392 1016217 193217 239244 558014 740860 764950 581571 624743 57331 676813 999999999 789943 618999 645429 140040 663152 488592 451755 589952 420113 865191 276853 834095 201902 798739 795213 451631 258835 450625 808070 377774 764506 109983 318929 876020 805355 393070 451931 557312 501316 148351 387120 246595 553815 663985 558720 572276 415049 154954 993794 249825 220098 155125 270131 101193 355227 198280 558199 264585 826182 165862 604036 902235 323741 291788 478561 674066 633250 776122 828934
569019 290776 544212 827162 724467 187767 276155 965390 482135 432972 526198 118151 541920 644104 501921 724062 237007 767433 220117 949576 161270 406335 756222 619684 356364 744075 786533 640635 480519 702358 230505 983005 1022152 393764 536804 237567 625587 261133 826602 711895 789943 999999999 464726 171185 686692 469303 771517 624179 366334 454443 157921 541657 46033 777988 92660 335351 597077 531623 436250 580080 725945 93651 881979 480956 96810 130107 467826 405438 233645 593624 909361 430480 820629 246990 674217 569152 293906 416715 668887 203908 561856 822230 941766 647993 866388 439611 949729 559513 642452 239751 749715 226587 113470 666787 563175 315376 223066 338700 743551 366325
252684 503286 894953 831519 612999 509280 253440 782374 336148 667039 823503 581143 80559 312497 366992 869109 236798 320861 248652 839806 381059 576209 401425 874237 638833 865297 465094 816486 839279 1000954 659937 787470 847655 104389 850938 265194 831295 550598 674337 944270 618999 464726 999999999 467813 598106 44356 886448 754064 622974 216062 618647 357969 483551 491799 398938 727723 203887 426049 189443 915157 790968 521024 662477 355910 490373 375628 553914 213284 350102 170272 767130 486307 784924 307302 210149 774629 203016 505423 587038 609504 522398 523210 764157 361901 645519 352711 816842 111319 363910 315273 683669 485510 530099 334571 575791 403431 241660 631059 1015118 767257
490071 119607 438518 657236 571224 358305 220899 816744 365102 271865 391303 205535 548267 559168 377154 556868 238067 727553 275160 788877 301615 235348 668759 472064 205720 574959 684419 475803 378697 573189 376338 836416 870381 372324 410184 325122 465595 103755 676580 560397 645429 171185 467813 999999999 531209 487786 602226 454245 207159 377881 221739 424183 216422 664801 232897 259968 542791 393539 370180 465834 554768 119403 744371 357569 267995 263075 298979 332289 130808 553609 754702 268511 653725 169038 672539 407443 265669 250538 513157 364505 405447 710197 792737 546841 729800 314199 792478 537740 539508 355922 588048 55494 280476 579347 398331 168918 257570 190965 604837 299720
374317 428245 680342 245547 43293 856481 473913 289661 268282 429311 563303 735723 640557 367328 236667 395201 555411 603668 633538 266856 753977 354201 402905 531633 487271 367065 353078 401422 661384 670847 906882 312203 339774 518758 600921 697335 445982 498128 150600 545829 140040 686692 598106 531209 999999999 642120 375187 316992 454567 383680 746235 240587 732128 295112 707869 660579 467176 180708 412746 668365 261467 650448 249900 252962 777610 719698 258767 402000 460528 514888 223520 264180 188298 465905 686594 420128 507049 288282 18079 889781 125768 327563 265497 300911 241064 276977 263100 561218 292049 756419 85688 485130 800129 364166 153851 371322 602397 498852 644155 693154
295917 531676 919963 874698 657277 497064 280220 825898 379204 698272 852382 587006 76639 353587 410234 907647 251559 339910 249610 884142 371559 609685 438630 906670 666092 904863 504435 853084 863027 1031192 654081 830673 891200 139518 878762 255035 866376 574973 718572 978668 663152 469303 44356 487786 642120 999999999 926403 792379 651782 259470 625591 402140 484138 533177 397162 746740 241680 469268 232177 941766 832225 531967 705464 398648 486178 370648 591619 253864 375768 203619 811326 524055 828722 333168 208132 809155 227459 541881 630912 601621 564819 563494 807844 404773 688544 393798 861061 139895 407061 299136 727640 509577 526140 375167 617064 435961 248147 657399 1047423 785740
712915 485296 468434 198825 399826 959274 680071 549174 561198 347901 363445 762078 947451 725993 534653 64228 753343 965856 824045 421942 897478 369018 776038 270247 432740 27730 728249 149607 485677 370943 939164 577495 560231 787945 391595 887372 192046 512931 461183 224818 488592 771517 886448 602226 375187 926403 999999999 148640 412644 678043 752140 566248 815043 669741 832427 569651 807692 480057 700035 435001 113723 696357 582657 539319 867562 858697 342228 673167 614360 850339 461584 407360 266738 643844 1021669 225242 730208 397719 371924 945930 378298 699769 531151 663800 580951 534486 459851 882771 654104 934524 322734 547050 873650 727553 314776 520156 795380 451441 319744 583393
602851 336789 392252 253281 353285 811925 536974 557704 441651 209965 275069 620230 819278 627657 418782 115469 608101 865350 677433 458354 748839 220405 693749 218475 294742 122056 657657 84659 391696 354639 798642 585153 585126 652988 310352 740290 129895 367543 441479 230918 451755 624179 754064 454245 316992 792379 148640 999999999 271104 552738 613131 457844 668128 604437 683879 447354 695741 370315 571924 370222 126246 551299 557962 419461 720526 710057 201269 541903 467441 734895 471620 268532 291844 498388 903055 119226 588344 254484 307078 802446 274109 640850 535994 571107 551972 407191 485482 760782 561065 786573 298374 398930 727875 633174 205001 374965 649219 312992 327815 467464
564836 120159 282315 507037 497857 552547 371662 741227 404134 66720 200623 349678 700120 618567 399512 360660 419214 828028 471980 678840 508308 101328 715400 267085 32743 384916 708212 275125 237982 380367 527658 765272 784537 519388 228537 527347 259730 105703 604656 353550 589952 366334 622974 207159 454567 651782 412644 271104 999999999 471879 342100 451077 407563 671855 438659 206104 640870 384436 477286 295229 388569 285198 698706 386837 460142 469950 196897 438845 277998 665515 665403 219919 523254 319653 811381 202821 425075 187095 437570 533302 342429 716012 717281 584118 687224 350666 693680 667877 574798 562110 484682 158755 462930 633385 301077 225935 449538 46053 403738 238982
115153 362210 754047 615471 401478 571556 178291 592469 120371 501412 665268 552186 269719 189664 150958 666032 235697 358085 302368 633318 446574 402221 301789 697899 495200 658351 336299 621912 706105 833029 681667 601837 656742 138292 697246 356178 643327 428050 472569 758067 420113 454443 216062 377881 383680 259470 678043 552738 471879 999999999 581329 146452 489986 338477 428032 622658 170211 210013 30516 765982 578639 472397 481904 140832 518308 422744 358479 49016 247806 194319 565659 292753 569474 215786 352729 590062 172926 318194 371919 644079 307555 379656 572073 201389 464877 145577 614452 208689 198108 417946 468918 370711 552895 212411 364209 247886 275405 492699 837541 663153
696240 318860 435764 844287 787436 269819 407094 1034295 584361 404592 448683 40865 697021 768768 598037 696616 385086 912835 377364 996814 304552 416336 880157 553732 319506 724469 901324 608330 373239 609118 187778 1054837 1085998 540839 449031 394365 581705 256292 893997 648241 865191 157921 618647 221739 746235 625591 752140 613131 342100 581329 999999999 643952 159311 884591 244763 224701 735922 615183 567805 477216 729538 109235 965485 578118 192666 280902 499407 533022 337916 737718 968820 482079 851874 365614 828728 532037 435921 459126 728166 205864 621143 929853 1010181 762771 951080 534821 1004184 708806 755989 389564 796451 261541 169480 790196 604943 390636 377834 300885 660189 243983
146704 365630 726856 479654 255567 684505 280505 452267 59905 461264 623904 621718 400743 174469 51713 564626 355262 407973 429808 486913 566687 360729 264357 634168 480263 549879 263434 535804 688320 775067 772087 463940 515504 284502 659370 489107 566223 440621 327571 679857 276853 541657 357969 424183 240587 402140 566248 457844 451077 146452 643952 999999999 582826 240694 535638 634132 241457 87596 176676 730117 459346 536184 349529 67815 619385 537794 287966 175083 310454 285094 420405 236019 428392 295489 457490 519909 297072 268384 230497 742178 188110 286044 430898 133060 332946 110659 468808 324398 123846 550624 326271 397919 649680 185341 254724 260028 400114 483378 768249 673147
603727 336009 570980 872970 769667 144985 312320 1009906 523605 474283 560309 118674 558563 679327 544293 766687 264787 792653 235212 995345 145284 451118 791284 656500 395798 787529 824137 682487 507198 733839 191732 1027248 1067015 419875 568785 240250 665906 303160 871379 749462 834095 46033 483551 216422 732128 484138 815043 668128 407563 489986 159311 582826 999999999 817522 89027 359424 626772 575499 470234 608593 771100 126303 925092 523268 52629 123044 513732 441154 277018 620370 954596 476465 866660 287393 691223 610143 324650 462737 714357 159991 607461 861438 986344 686039 909376 482428 995205 582637 680828 230481 795589 271645 68199 702323 609200 360820 243799 377755 777419 387307
244154 599931 934259 517963 271454 908883 507563 312361 300239 668910 822992 861869 497200 179629 288428 689819 573281 354767 640719 414935 784943 573987 133237 810368 703087 662168 62101 688912 903362 952127 1008352 309944 375918 460354 860164 692669 729760 675693 254168 835308 201902 777988 491799 664801 295112 533177 669741 604437 671855 338477 884591 240694 817522 999999999 763052 865464 296265 288058 365388 930419 556143 776624 185464 307406 850749 760202 485968 383872 549687 343192 329868 452023 445888 531017 488157 695278 510932 484768 300736 975389 345688 45477 300009 137900 170379 350746 377374 407206 140390 754101 354764 636914 883133 158876 410043 499288 613865 708936 931831 903328
538733 347137 634310 870147 742669 149870 256156 976108 478325 504241 610115 203930 472309 614845 502402 788933 193920 712506 150545 974195 71359 463508 725840 699344 433095 805444 764326 708631 570799 788605 263465 991559 1035599 342883 623011 151266 698041 333227 840140 789899 798739 92660 398938 232897 707869 397162 832427 683879 438659 428032 244763 535638 89027 763052 999999999 427072 552866 540699 405233 669033 777178 184276 883572 481419 93498 37447 511828 380370 247756 542568 926908 465017 856158 244964 604893 640158 256569 457222 690627 218571 586454 805787 953082 628191 867327 443530 969935 501120 623904 147178 777517 286624 132169 638362 598236 342620 164205 416433 827070 458709
728487 268919 212666 697134 703861 489921 479496 947229 580793 244846 231425 254295 808206 790927 582736 508736 495588 979051 520545 880946 496622 306589 894849 340078 173508 542939 896670 420296 149299 384478 403081 971356 989828 631866 226553 558623 384260 196022 810748 433537 795213 335351 727723 259968 660579 746740 569651 447354 206104 622658 224701 634132 359424 865464 427072 999999999 791903 577793 619940 252868 572567 242877 903453 566898 404579 464252 402330 580954 385176 807445 870734 416575 721552 426303 932191 344492 525590 385112 643500 429483 546441 910411 923307 765816 891572 526181 897757 795830 757150 572449 689466 252463 389325 808500 507178 380906 508640 161966 436912 40546
