NAME : synthetic_000272
TYPE : CTSP-D
DIMENSION : 100
GROUPS : 8
RELAXATION_LEVEL : 1
EDGE_WEIGHT_TYPE : EXPLICIT
EDGE_WEIGHT_FORMAT : FULL_MATRIX
EDGE_WEIGHT_SECTION
999999999 465116 520537 503196 705603 712453 637477 355590 765116 499548 229651 172381 754820 733973 616610 649143 846173 375185 188551 656333 544905 593234 476604 506148 234563 553562 469941 238023 209351 130645 742346 556637 265637 854664 994593 693990 453774 185628 233554 637961 405148 586249 149561 162828 513338 979593 465047 762134 369724 493227 888680 130208 238988 579787 294869 790284 785428 571564 324142 760609 308622 172872 724742 899231 625670 715376 244678 41408 514725 555361 756177 442182 381007 475873 470827 219662 792293 203860 199643 496460 727182 161199 341368 605654 433621 739486 535567 254649 751181 419901 278935 533564 705729 428676 750528 457891 450883 262898 340223 240885
465116 999999999 541855 818069 886197 460203 438088 153542 665306 487460 362760 408962 492724 441933 626773 257672 887894 141833 293548 699245 606915 682951 451741 90998 343885 766166 291810 299323 437582 565431 292378 784092 513488 509501 871101 257119 529746 279681 483090 244335 456196 816109 614622 398309 832049 908052 74541 430996 182186 819849 836443 584750 598519 827370 678939 540206 456284 908136 170133 857238 307374 516396 896188 714024 169761 855856 677032 429515 532239 131197 321823 70636 287148 858063 796495 264097 759449 513826 485763 38942 446535 303923 645979 473814 461604 351335 378083 277231 676938 64441 493728 354678 823938 101265 339791 140584 32802 636667 337176 370363
520537 541855 999999999 423457 362470 343239 257853 406847 255533 56054 655650 349497 375849 397591 99919 485840 358814 595020 539699 161428 69150 144834 90466 632367 645692 286511 261446 343889 311643 643756 636509 311753 763847 532625 478692 577847 74794 484176 726787 484869 119015 336746 592566 361429 436945 459192 474519 458256 627844 438525 368776 625678 393982 360352 445275 385086 469008 511087 566041 315427 276292 688190 367612 415877 585055 319559 521935 526338 9617 503317 608592 588501 258975 537464 423088 410886 272990 713915 700801 577674 381410 480528 333593 177620 95352 521593 208617 348421 234527 561189 766356 233291 284113 605201 562303 409145 509057 418465 232371 670300
503196 818069 423457 999999999 282462 765228 677987 664900 634886 460493 727595 427362 799067 817143 450299 864279 527705 798992 649211 424232 376473 348486 475122 894714 728707 173387 618798 522602 387847 560493 1006253 151546 758422 953744 809843 947043 367949 610972 731064 859405 411050 156630 455142 442017 14474 743173 773921 874708 813178 22684 658138 521928 264765 129399 218544 807989 887908 92996 751721 411832 514637 655535 305171 809130 923988 334385 308996 537497 427737 837612 991306 834058 559777 141194 34449 575440 576414 690939 695007 856921 801742 591134 176742 600345 426655 920818 607900 543212 599696 805289 776736 627043 355287 836061 955231 724602 789440 241705 495616 740211
705603 886197 362470 282462 999999999 674741 600413 738895 464310 417753 905438 574392 697253 734167 320812 847545 265512 911614 804576 255578 293398 220444 449040 974083 901409 152391 621049 630539 527419 793588 998474 154173 971219 859275 581947 940043 356885 754926 938787 846985 430005 131826 700607 590207 285489 497255 824699 798772 936947 304930 424398 760080 480741 153932 469476 689533 804325 313349 872773 151845 587809 874615 22728 630264 946000 73086 567459 730485 371345 862792 968642 922732 599474 419868 311242 696630 365685 907895 905246 923946 716665 741698 372637 518064 426354 876679 569998 644636 424453 893973 983786 595216 114693 933953 919676 762350 853926 475210 551448 919595
712453 460203 343239 765228 674741 999999999 88582 414555 265496 305640 746040 555205 42383 60314 354076 250245 548446 581202 634715 421687 400921 460069 297590 539100 729761 627164 244441 475968 541246 842617 381686 652945 888730 189515 424628 335514 399079 586273 851939 258501 376642 675774 830872 558594 778972 483569 388821 125713 623417 779181 433752 839765 682087 701178 750307 83368 129605 853985 581251 574170 404011 846614 673049 256318 394916 614472 806492 698533 338101 348638 334382 529404 331669 871341 762315 515119 388786 860625 838447 479200 42567 597592 653014 165667 352037 226615 182846 462660 295856 513279 879343 179605 571207 558104 274746 334492 434917 715116 377006 758605
637477 438088 257853 677987 600413 88582 999999999 365091 235472 217734 690106 475494 127424 139765 280594 273428 500145 545145 575380 352486 318615 382181 209018 523751 674835 543648 180535 404450 458454 768092 419509 569165 827965 275760 433225 366296 311044 524179 790660 277885 288493 593098 750414 480069 691826 473513 363810 201103 586286 691587 409699 762850 595256 617644 662507 154303 211156 767336 537957 511021 329443 779009 600489 285209 406702 543818 720491 626476 252112 344511 379761 503705 260556 782881 674441 450151 347921 795335 774582 463114 123851 532976 564477 82793 263557 279460 101951 393567 256413 483792 820837 107036 501639 530109 325084 301559 409213 627779 298222 703338
355590 153542 406847 664900 738895 414555 365091 999999999 568948 355568 332484 264618 454072 416908 498858 295175 762273 191868 226412 567706 468042 542668 319601 236397 315739 614678 188703 151403 288204 473650 390648 631964 478748 519372 789700 339658 384897 186580 442980 283497 310200 664140 500536 256115 678933 811314 117472 429247 229204 667079 732231 484034 452654 674663 533587 497897 454262 755336 174557 720656 154459 450996 750001 650290 280800 712754 541619 327393 397364 202734 400959 184165 148079 709203 643830 136404 647498 458832 434048 192484 415302 204979 493842 376222 319600 388090 280204 128521 573220 155792 467039 262990 683269 198551 395715 103568 124602 491197 187467 344649
765116 665306 255533 634886 464310 265496 235472 568948 999999999 265739 869640 592761 269251 322902 187069 504889 287790 758615 751689 217651 268666 287227 289603 753545 856838 468527 382030 560035 559829 891976 644930 494204 993020 421497 230507 595430 330160 696636 955383 510647 361215 507263 846780 602668 646423 243390 590825 386123 797649 653899 174226 876688 648840 537096 696020 244833 382321 710942 742963 335929 483388 926715 456335 174425 641819 394579 776321 765572 258522 579397 599397 727369 434294 764700 643490 620068 125645 949337 933097 693217 305897 698885 580713 193505 332100 492091 290617 557167 39935 704866 991420 311809 350647 751511 540176 525356 634733 671788 441100 883854
499548 487460 56054 460493 417753 305640 217734 355568 265739 999999999 618651 327166 341397 356650 143740 431979 406982 545447 501434 212605 124919 200875 36040 578178 607657 334514 205401 305587 294380 626252 582280 359000 733488 493378 495091 523396 93463 445728 696066 430579 95974 385635 584148 337416 474412 487038 419359 414842 579491 473876 399186 611486 398905 407636 457938 356505 427474 550444 518649 369975 233497 662904 423330 412098 529118 375612 527137 501233 46721 447266 555746 535681 207526 566397 456730 370674 306114 686772 671894 522903 341323 444316 352470 143763 66543 471517 156097 307358 252493 508742 734101 179811 340004 553293 510986 353660 454661 427213 189189 633202
229651 362760 655650 727595 905438 746040 690106 332484 869640 618651 999999999 331960 786102 749236 755558 605377 1007698 228252 117972 810012 697988 759790 587232 362951 18884 756751 509594 313064 378963 254752 654420 763902 151490 846130 1098273 619387 603271 173370 120396 592325 537383 795161 347750 316361 738502 1103831 399294 758246 200043 719178 1017488 289790 463100 792765 524035 829203 783597 799594 192716 937355 387294 169823 922647 973015 531688 904095 471231 191435 647710 486124 684223 310073 437977 705473 696254 249709 924720 156887 128071 379801 747786 175152 558380 685423 560535 701331 595971 312987 865382 300494 135437 583943 887271 284470 697374 426296 365056 490414 430885 14686
172381 408962 349497 427362 574392 555205 475494 264618 592761 327166 331960 999999999 597451 583345 446931 532860 685355 372061 231596 491260 378758 433620 304657 476135 327166 427703 320598 113683 47040 300198 649208 437067 418875 711309 822221 594577 285445 186319 382763 523544 232991 469082 275702 15877 440321 808661 381970 619170 385980 424792 718211 289380 189560 470242 270058 629662 640822 512004 324369 608072 157443 338837 591163 729231 544567 572259 280564 177249 343331 463247 651635 413094 231357 450166 400996 150352 622143 365473 354230 446479 574545 169511 250621 436995 261295 615164 373969 136607 578930 385175 424862 375763 556511 411779 634493 352213 384774 227739 178203 346330
754820 492724 375849 799067 697253 42383 127424 454072 269251 341397 786102 597451 999999999 60500 378078 269656 556246 617048 675495 442368 430537 486036 335642 568969 769648 656981 286516 518241 583092 884963 390697 682953 929546 162057 406306 349029 434787 627525 892861 279309 415820 704719 873092 600916 812656 473053 422754 117870 659411 813582 430570 882147 722530 730859 789913 47766 113223 886901 618903 590069 446393 888420 694363 232335 416044 634768 847411 740775 371333 376520 340040 562574 373994 907775 797244 556810 394641 902139 879772 509705 48548 639167 691083 198817 390512 230909 224593 504787 303118 547621 919771 221948 591025 591808 278907 370991 468669 755183 419265 798527
733973 441933 397591 817143 734167 60314 139765 416908 322902 356650 749236 583345 60500 999999999 413370 210475 607598 570623 641726 481670 457437 518459 344886 515057 732232 683072 264439 495989 573603 862993 330519 708675 895283 137337 466768 288544 449548 596184 859137 220630 420734 732235 858530 585260 831051 532910 374247 65398 613111 830384 488088 862909 720971 757092 791730 105852 71485 906838 575988 634484 428196 859760 732777 292178 357009 674423 843186 716997 391875 321621 280557 512327 354147 919453 812848 528451 447211 871476 848072 456594 17747 609647 698461 221183 397966 171575 220313 480544 354580 499052 883947 210689 631250 542175 219767 327261 419620 755206 406135 761154
616610 626773 99919 450299 320812 354076 280594 498858 187069 143740 755558 446931 378078 413370 999999999 538806 263417 689131 639503 75520 83292 109699 179437 717753 745540 289319 337787 443586 407261 737524 689472 315488 862970 540044 393723 632657 163212 583941 826018 540028 218733 332942 680204 459392 462331 363877 556575 477969 723219 468646 272350 717407 471742 361215 513061 374738 483682 529782 662240 238298 374758 785746 320042 359892 652266 263334 597277 624133 107937 574674 655166 677551 350985 578039 457371 510310 175774 812125 799582 661079 395891 580443 396368 199252 195111 559018 266328 447572 156147 651037 865880 292578 221682 696000 603408 489791 594075 491542 330563 770206
649143 257672 485840 864279 847545 250245 273428 295175 504889 431979 605377 532860 269656 210475 538806 999999999 773023 397776 513893 613863 554490 627492 404688 316306 586945 762740 245485 424040 540528 768822 151068 785950 756604 252478 674225 93990 510494 480343 723266 13355 454395 814447 790836 528982 878742 732845 206206 180816 439193 872683 677884 778460 705390 834032 784293 316241 204854 957216 416468 775951 380879 741856 851207 501969 146535 798897 812494 622350 477359 126730 127027 327049 315171 941075 851757 429573 621110 746113 719695 262244 221208 499847 714886 343901 443113 95956 277552 402824 528988 320963 740069 252550 759156 358174 102028 191711 244477 743303 381105 615077
846173 887894 358814 527705 265512 548446 500145 762273 287790 406982 1007698 685355 556246 607598 263417 773023 999999999 952420 893980 198554 309734 252942 442805 978866 999078 360563 596751 699809 641128 956465 919514 378000 1104015 708999 327788 866325 404428 839021 1068095 776646 472586 371737 881424 699501 534160 234265 816424 671950 986126 550230 174769 929996 658602 401030 673787 532436 669467 574375 924685 116753 634842 1018817 246918 417613 899174 197543 769708 860438 367851 826535 877874 940330 614389 668877 550323 767647 162244 1048146 1038906 921239 590171 833061 559563 431670 452993 773113 517111 706034 253247 914071 1110095 542890 172563 959220 820579 749272 855353 666175 591099 1022383
375185 141833 595020 798992 911614 581202 545145 191868 758615 545447 228252 372061 617048 570623 689131 397776 952420 999999999 187574 756414 653303 726117 509698 137440 209532 777497 376636 283956 411532 455074 428456 791671 376280 648027 975781 397590 565569 198834 348097 384423 490950 824217 521869 357961 812120 1001610 197333 566351 42493 796836 923600 480722 554126 830395 630588 663564 591854 884036 51402 905855 326132 391261 924620 828587 306217 891999 609232 335215 585686 272256 461909 81933 338342 815706 773042 224044 839352 383796 355120 152649 573090 223022 622351 565218 504353 492376 468294 267655 764286 77409 354819 448802 865326 57313 481619 246829 154114 589925 366754 233969
188551 293548 539699 649211 804576 634715 575380 226412 751689 501434 117972 231596 675495 641726 639503 513893 893980 187574 999999999 695754 584370 648470 469648 321712 106225 659129 394963 196072 277989 272604 583010 668657 254052 745592 980449 541074 489940 55706 217509 501345 422134 700640 334299 215733 661244 986027 312152 655658 181523 643614 899951 294966 390428 701241 461197 717453 680669 728026 137321 827488 269441 228213 820705 856980 461687 798364 428154 147988 531569 402969 605515 259260 320727 646862 620038 131750 807547 232983 207706 319997 639073 62962 474425 568080 444394 609059 479719 195093 747466 240183 245469 468702 779149 242607 610777 326553 286586 422965 313177 132285
656333 699245 161428 424232 255578 421687 352486 567706 217651 212605 810012 491260 442368 481670 75520 613863 198554 756414 695754 999999999 112669 79091 248637 790127 801081 253648 411902 501292 448467 772011 764360 278734 910024 604233 390409 707772 207217 640677 873658 615258 274059 290026 705743 504875 434831 340577 629870 546802 789244 444466 249115 748615 488643 320137 519087 433973 550917 495816 727311 162778 436611 827968 251996 390906 727736 192791 609312 667814 170729 649856 729280 748285 419646 559314 436670 569097 157061 856097 845489 734085 464012 635130 401170 272557 254664 631766 341835 507512 179487 721325 914924 368082 149642 765756 676722 563361 666478 503195 393064 824698
544905 606915 69150 376473 293398 400921 318615 468042 268666 124919 697988 378758 430537 457437 83292 554490 309734 653303 584370 112669 999999999 76488 158014 696992 689354 226466 329967 390988 336398 662530 705290 252416 797426 590228 476382 646734 94754 529561 761020 553710 164537 274880 600834 392277 389206 441518 540901 519717 684445 393565 349409 640607 389496 300408 429770 434475 528887 460118 621650 252762 329495 716047 298476 439439 654035 251168 514408 555527 78231 571985 676639 651169 321416 499623 380633 459114 253075 743853 732978 643292 440701 523332 313142 236282 148987 587905 277009 398468 239195 623395 802255 301988 217136 666567 629414 476176 574164 408533 287015 712673
593234 682951 144834 348486 220444 460069 382181 542668 287227 200875 759790 433620 486036 518459 109699 627492 252942 726117 648470 79091 76488 999999999 234442 772850 752200 181714 406201 458142 388783 704669 778511 207652 851708 647649 469430 720303 161338 594490 816028 627210 235299 223583 633716 448092 359664 418173 617288 582239 756215 368125 327261 679394 413971 252302 441171 484193 589426 423848 692947 180516 400744 765880 223799 461650 729812 174782 532565 607808 154177 648138 748210 726250 396848 481699 359296 526427 236130 795313 786410 719484 501229 586471 323402 299439 223068 656677 350070 467368 251313 698287 858458 375537 141006 741017 699366 552652 650226 426695 359363 774439
476604 451741 90466 475122 449040 297590 209018 319601 289603 36040 587232 304657 335642 344886 179437 404688 442805 509698 469648 248637 158014 234442 999999999 542392 575799 358460 172224 274457 275335 604787 554103 382163 705006 482214 520010 494914 108385 413985 667464 402555 82848 410050 568096 313821 489282 516907 384070 400205 543994 487189 430303 591951 392341 430565 455824 355346 414580 566395 483424 405531 200639 637116 455475 426983 496981 409181 519753 476017 80877 414261 529750 499656 171602 574622 468908 338351 338542 659975 644232 487360 330526 413616 355505 144149 55250 449356 133550 274891 279915 472702 704705 154941 374425 517260 487154 318698 418940 422825 156543 601719
506148 90998 632367 894714 974083 539100 523751 236397 753545 578178 362951 476135 568969 515057 717753 316306 978866 137440 321712 790127 696992 772850 542392 999999999 344551 851056 382582 372271 509312 591889 308758 868176 507119 567340 955586 289645 618332 323069 481296 303554 544270 900405 654635 463913 908456 995688 163686 496124 163555 895169 925473 616436 664508 910469 743680 616725 520692 983349 184748 947791 390627 528256 984565 794817 192898 945230 732317 467393 622753 193710 350478 64672 376313 926120 871580 326436 849583 519529 490745 60646 521516 347976 720328 563075 550852 403121 467963 351508 766236 91101 483465 444124 913856 80184 381985 230700 123682 701882 423300 367218
234563 343885 645692 728707 901409 729761 674835 315739 856838 607657 18884 327166 769648 732232 745540 586945 999078 209532 106225 801081 689354 752200 575799 344551 999999999 753509 494411 302264 374202 268113 635538 761278 170186 828239 1085035 600543 594738 161931 139280 573874 527836 792745 357979 311424 739855 1091977 380810 740592 181941 720842 1006096 301953 464739 791078 527648 812990 765970 802134 173859 930401 375432 186609 918315 958225 512805 898588 477890 195108 637620 467423 665375 291310 424229 710216 697756 237607 913769 175036 146230 360958 730983 166028 558056 671612 550432 682901 581431 301061 853234 281614 153413 568935 880945 265877 678702 408612 346316 493105 419287 28923
553562 766166 286511 173387 152391 627164 543648 614678 468527 334514 756751 427703 656981 683072 289319 762740 360563 777497 659129 253648 226466 181714 358460 851056 753509 999999999 522947 493776 381140 641648 911186 26217 819112 816581 636588 851768 252585 611328 786923 760102 316853 51798 550487 443580 182743 570411 710281 744510 799967 194904 484816 608673 329048 74027 323920 659731 754558 242483 735940 247725 460534 722242 172501 642859 844806 178150 422042 579176 293202 759223 888178 796073 484759 313000 191484 557582 403476 755578 753186 804748 666540 596603 221219 461978 321720 806027 490249 509981 431821 767003 832039 513015 188860 804461 845110 652055 734800 325642 429104 770743
469941 291810 261446 618798 621049 244441 180535 188703 382030 205401 509594 320598 286516 264439 337787 245485 596751 376636 394963 411902 329967 406201 172224 382582 494411 522947 999999999 232301 315629 599492 389746 545136 647986 390731 601020 330241 270769 344316 610800 240781 209689 574734 594776 321598 633262 625202 219679 298733 416019 627263 548919 598558 473093 592600 549201 325292 320224 711743 363236 572899 164072 602428 627692 464246 325029 580975 589226 454501 252040 242051 372510 348622 89816 698249 606456 271446 468650 617198 595685 324508 257245 354209 471886 188584 201232 309366 91763 218283 389145 324580 640431 74902 545250 371065 338869 152525 259600 509723 147257 522866
238023 299323 343889 522602 630539 475968 404450 151403 560035 305587 313064 113683 518241 495989 443586 424040 699809 283956 196072 501292 390988 458142 274457 372271 302264 493776 232301 999999999 138262 367207 536171 507718 433492 617399 790058 482169 297516 140415 395813 414098 227234 540265 369763 106657 536279 791347 268504 524819 306664 522901 704525 367444 301287 546660 382202 555247 547839 611096 242506 638431 77554 375426 644588 676715 430893 616007 393209 222625 335653 349733 540283 311527 144510 559000 499323 68289 611667 393903 375334 337592 489405 139233 348127 383224 248539 509730 303504 22948 553637 282703 431389 298557 593031 315015 526038 239591 273462 339810 118972 327618
209351 437582 311643 387847 527419 541246 458454 288204 559829 294380 378963 47040 583092 573603 407261 540528 641128 411532 277989 448467 336398 388783 275335 509312 374202 381140 315629 138262 999999999 332614 663942 390986 462945 704840 787962 607764 244489 231219 427262 532080 198617 423126 294018 62799 401183 770409 403976 613570 427800 386758 679380 317146 166857 425087 247533 612635 634152 474663 365223 562048 159665 379657 544139 702199 564229 525368 274123 219485 306139 480722 662441 447457 229480 421060 363041 187654 582959 407663 397780 475842 563600 215538 211726 413170 227851 618560 358500 160490 543881 418978 469940 363475 510045 448379 641128 367507 411445 205429 168631 393316
130645 565431 643756 560493 793588 842617 768092 473650 891976 626252 254752 300198 884963 862993 737524 768822 956465 455074 272604 772011 662530 704669 604787 591889 268113 641648 599492 367207 332614 999999999 851880 640402 208848 981664 1120541 806796 574336 291108 191782 757121 530916 667374 112038 292018 568128 1101373 576362 889298 438818 546210 1009839 41958 312907 655959 341971 920768 912945 613783 407384 864275 439056 106456 814121 1028965 731970 812122 259955 147450 638526 667682 870300 530855 510990 500509 526289 341122 913201 141157 156380 592597 856601 269734 421061 735765 559891 861119 666194 382590 876494 512709 233641 663971 807361 511867 869143 577145 556065 323133 470830 259666
742346 292378 636509 1006253 998474 381686 419509 390648 644930 582280 654420 649208 390697 330519 689472 151068 919514 428456 583010 764360 705290 778511 554103 308758 635538 911186 389746 536171 663942 851880 999999999 933961 804307 312860 795245 59511 658614 561323 774816 151700 599383 962965 889678 642821 1020724 863365 277302 279278 464203 1013446 815304 867603 830733 981751 911090 432777 296127 1099234 462243 926128 506855 808274 1002249 618097 122752 949941 929379 710383 627935 187934 56984 347184 448862 1075517 991879 526077 764697 806203 778134 275856 345264 583947 850689 493293 590170 161336 428491 513560 671818 353945 783272 403303 910098 376184 115948 297090 296458 869223 514781 661393
556637 784092 311753 151546 154173 652945 569165 631964 494204 359000 763902 437067 682953 708675 315488 785950 378000 791671 668657 278734 252416 207652 382163 868176 761278 26217 545136 507718 390986 640402 933961 999999999 821729 842397 659729 874501 275475 621971 790191 783102 337796 32546 546465 452925 159959 591649 729448 769925 813118 173602 507018 606369 327520 48662 315986 685891 780158 217094 749247 263427 477562 723614 175713 668472 865930 189912 414136 583710 318274 780127 911661 812382 504489 292281 172336 570435 427161 757388 755990 822790 692195 606461 219387 487651 343970 830409 514445 524611 457306 783278 835521 536942 205495 819993 869149 672087 752977 321053 447492 777739
265637 513488 763847 758422 971219 888730 827965 478748 993020 733488 151490 418875 929546 895283 862970 756604 1104015 376280 254052 910024 797426 851708 705006 507119 170186 819112 647986 433492 462945 208848 804307 821729 999999999 995717 1223303 770428 703543 303786 37681 743590 644998 850944 320716 405151 767233 1220394 550640 906995 343783 745951 1131555 250805 499082 843287 541843 971388 932221 817782 343793 1023094 510848 104171 990378 1107370 681713 980271 466683 244398 756808 637604 835223 458132 570085 707957 724827 378640 1036567 68417 66084 528818 892930 296471 604720 815585 671003 852543 730578 438852 984907 450533 30587 721002 969246 430920 848864 575537 516499 517020 552114 143125
854664 509501 532625 953744 859275 189515 275760 519372 421497 493378 846130 711309 162057 137337 540044 252478 708999 648027 745592 604233 590228 647649 482214 567340 828239 816581 390731 617399 704840 981664 312860 842397 995717 999999999 511326 293539 586503 704600 960822 265687 557789 864983 984724 711961 967585 595850 452316 92582 689936 967249 569211 984604 855749 890580 927594 176671 70689 1043000 662458 749813 554343 969642 856218 334506 383964 796413 976509 834457 527320 379077 255911 579310 480095 1056790 949898 642140 546769 978205 953298 514574 152070 720594 835580 355146 535263 166011 356553 600017 458075 571994 981561 344897 752563 610385 199980 420183 493934 890523 536345 856913
994593 871101 478692 809843 581947 424628 433225 789700 230507 495091 1098273 822221 406306 466768 393723 674225 327788 975781 980449 390409 476382 469430 520010 955586 1085035 636588 601020 790058 787962 1120541 795245 659729 1223303 511326 999999999 755306 551608 925702 1185651 682933 589730 663803 1071006 832476 819308 107646 796955 516478 1016110 830978 157549 1103910 865458 694624 904803 362545 502253 873118 964250 430845 713119 1157109 566440 178327 819516 509312 990789 995822 483067 770149 742478 936915 661112 947691 824981 849107 234083 1179841 1163567 894975 453948 928635 787193 414835 561009 634059 509554 786544 244325 916677 1221334 527340 472298 963109 680988 734579 842433 884863 671226 1112368
693990 257119 577847 947043 940043 335514 366296 339658 595430 523396 619387 594577 349029 288544 632657 93990 866325 397590 541074 707772 646734 720303 494914 289645 600543 851768 330241 482169 607764 806796 59511 874501 770428 293539 755306 999999999 599187 515690 739523 93095 539889 903552 840084 588765 961516 819004 230438 244423 435828 954381 767378 820747 774366 922270 854483 393365 264482 1040032 426694 869919 449814 768235 944094 579890 96891 892265 875080 663404 569203 139127 64865 318545 390392 1017468 932894 475916 713297 768203 740571 247477 301868 537544 792309 437839 530680 129745 370239 459786 620798 320936 750846 344839 852754 348938 95546 242578 255741 812769 456436 627317
453774 529746 74794 367949 356885 399079 311044 384897 330160 93463 603271 285445 434787 449548 163212 510494 404428 565569 489940 207217 94754 161338 108385 618332 594738 252585 270769 297516 244489 574336 658614 275475 703543 586503 551608 599187 999999999 435312 666980 507637 74873 304376 519436 298572 381988 527038 467853 506765 595102 380844 435562 554652 319202 323549 371731 448843 520093 458643 531717 341843 239693 623768 366447 490094 594356 327892 447210 462610 73278 509550 636378 569041 242712 473121 363417 365781 338966 650903 639390 567281 434434 428710 262155 236654 70289 557648 241933 306142 308014 540665 707933 263033 299767 582400 594998 406081 497342 344047 199153 617956
185628 279681 484176 610972 754926 586273 524179 186580 696636 445728 173370 186319 627525 596184 583941 480343 839021 198834 55706 640677 529561 594490 413985 323069 161931 611328 344316 140415 231219 291108 561323 621971 303786 704600 925702 515690 435312 999999999 266509 468262 366857 654199 335188 170779 623495 930471 285261 613598 204455 606829 844283 306578 358170 656246 432969 668514 638277 692718 147797 773950 213926 265042 770544 804312 442531 746567 410987 150062 476004 376574 579227 258553 267226 618583 583088 76597 751841 275292 252278 310856 592642 24914 434720 514156 388848 574199 427167 139646 692028 235053 297625 417220 726358 248089 579554 289659 266823 392939 257552 187791
233554 483090 726787 731064 938787 851939 790660 442980 955383 696066 120396 382763 892861 859137 826018 723266 1068095 348097 217509 873658 761020 816028 667464 481296 139280 786923 610800 395813 427262 191782 774816 790191 37681 960822 1185651 739523 666980 266509 999999999 710328 607882 819761 301847 368832 740271 1183023 517670 871719 317762 719275 1094295 233312 469744 812887 515921 934500 896884 792896 312983 988212 473167 85512 957701 1069808 652084 946480 444628 209775 719689 605512 804377 430016 532546 685823 697764 341126 999408 53769 36648 500053 856578 258862 574288 777933 633752 819143 693093 401204 947374 420884 45724 683671 934745 403757 816525 540689 484708 489367 514450 114240
637961 244335 484869 859405 846985 258501 277885 283497 510647 430579 592325 523544 279309 220630 540028 13355 776646 384423 501345 615258 553710 627210 402555 303554 573874 760102 240781 414098 532080 757121 151700 783102 743590 265687 682933 93095 507637 468262 710328 999999999 450227 811853 780163 519391 873875 740185 193090 193050 425838 867507 684027 767118 697359 831058 776518 326194 217302 952379 403239 777604 372523 729383 850999 511469 136818 799230 803486 610819 476266 113444 132543 313758 307946 934602 846422 418324 625798 733425 706943 249169 230779 487954 708569 346482 439733 109065 277144 392698 533991 307608 726958 251770 759825 344877 112621 180207 231154 735378 374029 601976
405148 456196 119015 411050 430005 376642 288493 310200 361215 95974 537383 232991 415820 420734 218733 454395 472586 490950 422134 274059 164537 235299 82848 544270 527836 316853 209689 227234 198617 530916 599383 337796 644998 557789 589730 539889 74873 366857 607882 450227 999999999 368347 488422 244094 425463 576604 395920 472679 520945 420848 486895 515616 309570 384491 374223 437358 488833 503726 457787 415518 165499 570731 440300 506964 528136 402712 436906 408812 111810 442407 581312 494364 169923 500802 401010 295088 391588 595791 582195 494015 407325 362238 277805 226954 29574 510157 202176 233983 346041 465928 647346 218358 374506 507542 544187 335803 423962 340457 124333 552053
586249 816109 336746 156630 131826 675774 593098 664140 507263 385635 795161 469082 704719 732235 332942 814447 371737 824217 700640 290026 274880 223583 410050 900405 792745 51798 574734 540265 423126 667374 962965 32546 850944 864983 663803 903552 304376 654199 819761 811853 368347 999999999 571514 484929 162463 591486 761014 794133 845637 179296 509166 632634 354871 30834 338373 705945 803704 209336 781775 255475 509779 752180 154236 680920 896407 177811 436135 613996 343698 810753 939797 844762 535772 297476 182278 602945 433258 786186 785335 854774 715554 638534 247074 511052 373504 857118 541537 557141 469486 815662 865184 564466 199876 852471 896455 703233 784915 346250 479323 808940
149561 614622 592566 455142 700607 830872 750414 500536 846780 584148 347750 275702 873092 858530 680204 790836 881424 521869 334299 705743 600834 633716 568096 654635 357979 550487 594776 369763 294018 112038 889678 546465 320716 984724 1071006 840084 519436 335188 301847 780163 488422 571514 999999999 273279 461867 1042347 612534 892265 512958 439612 950225 70286 224008 557535 237470 904706 914530 503990 471346 783021 430711 217436 721880 994961 774158 725299 149399 187243 588713 702108 901428 590987 505007 388820 420723 364176 853892 252697 265657 646004 850035 310738 329701 707182 517996 878799 649253 389467 827068 569169 344833 651464 724757 576425 892732 601094 599930 225424 453895 355331
162828 398309 361429 442017 590207 558594 480069 256115 602668 337416 316361 15877 600916 585260 459392 528982 699501 357961 215733 504875 392277 448092 313821 463913 311424 443580 321598 106657 62799 292018 642821 452925 405151 711961 832476 588765 298572 170779 368832 519391 244094 484929 273279 999999999 454884 820404 373587 619633 371173 439110 730204 283182 200794 485992 280762 634000 641619 526107 309890 623058 157627 326794 606936 736947 536671 587773 286570 164910 355044 456208 646549 400560 231918 462210 415312 137584 634310 352734 340820 435524 576881 153711 265308 443953 271975 612599 378275 129300 589606 372858 410596 378995 571742 398535 630818 346198 374815 238602 181955 330758
513338 832049 436945 14474 285489 778972 691826 678933 646423 474412 738502 440321 812656 831051 462331 878742 534160 812120 661244 434831 389206 359664 489282 908456 739855 182743 633262 536279 401183 568128 1020724 159959 767233 967585 819308 961516 381988 623495 740271 873875 425463 162463 461867 454884 999999999 751405 788142 888752 825989 22623 666971 529197 275438 134005 226250 821267 901861 78522 764688 417935 528860 664094 308129 820750 938373 339665 314738 548080 441326 852003 1005769 847680 574207 135259 42555 588705 586182 699580 704115 870888 815607 603474 189770 613983 440966 935180 622133 556975 610967 818937 785906 641345 362026 849492 969649 738960 803491 251148 510005 751020
979593 908052 459192 743173 497255 483569 473513 811314 243390 487038 1103831 808661 473053 532910 363877 732845 234265 1001610 986027 340577 441518 418173 516907 995688 1091977 570411 625202 791347 770409 1101373 863365 591649 1220394 595850 107646 819004 527038 930471 1183023 740185 576604 591486 1042347 820404 751405 999999999 833520 588665 1040332 765072 92146 1081131 828371 621960 859329 433920 577632 799235 984788 345571 716588 1147194 479824 262944 874868 426373 949873 985283 465371 817657 813080 970637 673433 883407 761600 854376 188562 1172372 1158352 935200 518155 930523 741500 436822 549708 703946 533947 790949 239407 948245 1221119 555168 393644 994892 751863 768421 877731 843732 672962 1118260
465047 74541 474519 773921 824699 388821 363810 117472 590825 419359 399294 381970 422754 374247 556575 206206 816424 197333 312152 629870 540901 617288 384070 163686 380810 710281 219679 268504 403976 576362 277302 729448 550640 452316 796955 230438 467853 285261 517670 193090 395920 761014 612534 373587 788142 833520 999999999 369204 239755 777416 762175 590771 569413 774101 650379 469898 394732 865422 210727 789278 259284 540198 833695 641234 163659 791246 658897 433444 464917 91366 294209 140940 226074 824293 754490 249755 685900 542356 515416 104840 377587 307282 605994 399611 398461 302146 304281 245563 602774 124936 533869 280552 757997 169284 299407 67219 46127 608009 282616 408886
762134 430996 458256 874708 798772 125713 201103 429247 386123 414842 758246 619170 117870 65398 477969 180816 671950 566351 655658 546802 519717 582239 400205 496124 740592 744510 298733 524819 613570 889298 279278 769925 906995 92582 516478 244423 506765 613598 871719 193050 472679 794133 892265 619633 888752 588665 369204 999999999 608649 887255 548375 892048 766358 818465 839317 154982 25550 965187 577509 699882 462048 878595 797654 338916 323790 739506 885989 742163 452095 303477 226003 501528 387856 973224 869111 550171 511033 887848 863278 440300 83145 629137 750183 283633 451670 117961 270509 507485 418744 491706 893642 256525 696417 532257 164511 331980 412584 801624 444954 769388
369724 182186 627844 813178 936947 623417 586286 229204 797649 579491 200043 385980 659411 613111 723219 439193 986126 42493 181523 789244 684445 756215 543994 163555 181941 799967 416019 306664 427800 438818 464203 813118 343783 689936 1016110 435828 595102 204455 317762 425838 520945 845637 512958 371173 825989 1040332 239755 608649 999999999 809896 961414 467239 562625 850473 637026 705866 634142 896332 64178 936440 355472 367526 950622 870146 342831 919892 609188 328748 618622 313207 499732 117435 373434 822776 786112 242728 876114 356911 328094 188900 615541 226991 636481 604469 535834 533413 507775 292461 802418 118240 320734 488844 894479 88068 521461 288957 196199 597277 397429 203774
493227 819849 438525 22684 304930 779181 691587 667079 653899 473876 719178 424792 813582 830384 468646 872683 550230 796836 643614 444466 393565 368125 487189 895169 720842 194904 627263 522901 386758 546210 1013446 173602 745951 967249 830978 954381 380844 606829 719275 867507 420848 179296 439612 439110 22623 765072 777416 887255 809896 999999999 679717 507127 256126 152051 204520 823486 900914 88289 748996 434429 518297 642663 327629 827981 929147 357063 292257 528428 442461 842888 999671 833945 565825 118776 23798 573905 597352 678195 683052 858615 815185 586445 175043 614769 437631 930996 619372 543922 619080 805311 764875 637935 377771 835102 964667 729475 791680 230594 501048 731572
888680 836443 368776 658138 424398 433752 409699 732231 174226 399186 1017488 718211 430570 488088 272350 677884 174769 923600 899951 249115 349409 327261 430303 925473 1006096 484816 548919 704525 679380 1009839 815304 507018 1131555 569211 157549 767378 435562 844283 1094295 684027 486895 509166 950225 730204 666971 92146 762175 548375 961414 679717 999999999 989281 736354 539904 768173 397403 540876 718160 904401 273393 630781 1056961 408970 252936 815899 351795 858203 895113 375277 753443 767873 896849 591190 797492 675159 768589 96658 1082585 1069056 865392 471952 843454 650271 362647 460551 659380 459043 705116 159811 873397 1132946 481809 315264 919938 707620 695998 805350 752027 586814 1031992
130208 584750 625678 521928 760080 839765 762850 484034 876688 611486 289790 289380 882147 862909 717407 778460 929996 480722 294966 748615 640607 679394 591951 616436 301953 608673 598558 367444 317146 41958 867603 606369 250805 984604 1103910 820747 554652 306578 233312 767118 515616 632634 70286 283182 529197 1081131 590771 892048 467239 507127 989281 999999999 279672 620214 303457 916448 915220 573336 431712 835342 435850 148203 780918 1018080 749104 781006 219007 157348 620942 681730 883559 554226 509151 459051 487613 348929 892640 183079 197592 613606 855717 283657 387522 726364 544945 869327 660933 384631 859594 534611 275510 660361 777852 536866 879579 586921 573323 286954 464645 295808
238988 598519 393982 264765 480741 682087 595256 452654 648840 398905 463100 189560 722530 720971 471742 705390 658602 554126 390428 488643 389496 413971 392341 664508 464739 329048 473093 301287 166857 312907 830733 327520 499082 855749 865458 774366 319202 358170 469744 697359 309570 354871 224008 200794 275438 828371 569413 766358 562625 256126 736354 279672 999999999 344975 80968 746353 785344 338251 504336 559041 325074 398446 501405 808459 730615 501926 128354 272733 392139 647467 828380 600888 391358 262013 233154 338073 641071 433018 434310 636019 709214 336133 108154 536489 337545 780512 501050 324136 624551 573415 515456 510885 500750 597593 805183 534360 574084 38635 326893 475583
579787 827370 360352 129399 153932 701178 617644 674663 537096 407636 792765 470242 730859 757092 361215 834032 401030 830395 701241 320137 300408 252302 430565 910469 791078 74027 592600 546660 425087 655959 981751 48662 843287 890580 694624 922270 323549 656246 812887 831058 384491 30834 557535 485992 134005 621960 774101 818465 850473 152051 539904 620214 344975 999999999 322039 733113 828577 178505 786893 284492 520219 743355 176650 710940 912420 205695 418935 609059 366914 826446 959886 853755 549895 269264 157320 607821 464061 777766 778012 866171 740566 639678 238615 536005 391602 879004 563003 564358 499513 824637 858468 585406 229718 860410 917634 717643 796555 333260 491657 806339
294869 678939 445275 218544 469476 750307 662507 533587 696020 457938 524035 270058 789913 791730 513061 784293 673787 630588 461197 519087 429770 441171 455824 743680 527648 323920 549201 382202 247533 341971 911090 315986 541843 927594 904803 854483 371731 432969 515921 776518 374223 338373 237470 280762 226250 859329 650379 839317 637026 204520 768173 303457 80968 322039 999999999 811171 857528 277583 580238 567117 404804 438321 491416 861042 811531 501901 98194 332712 444849 728249 907916 679777 469520 185830 184319 417444 675121 473918 479523 716273 779281 410036 117942 599226 400574 857763 571418 405066 668644 652586 561384 582960 507822 675504 883539 614992 654785 42392 404311 535611
790284 540206 385086 807989 689533 83368 154303 497897 244833 356505 829203 629662 47766 105852 374738 316241 532436 663564 717453 433973 434475 484193 355346 616725 812990 659731 325292 555247 612635 920768 432777 685891 971388 176671 362545 393365 448843 668514 934500 326194 437358 705945 904706 634000 821267 433920 469898 154982 705866 823486 397403 916448 746353 733113 811171 999999999 144155 893987 664398 574794 481714 927686 685118 186588 462756 624516 872598 777832 381652 424269 380596 609944 410740 921414 808169 596635 370193 942355 920503 557428 95909 679298 708759 212866 410596 271781 255742 542849 281530 594684 962302 256877 580414 639059 319129 417120 515878 777808 452052 841820
