NAME : synthetic_000987
TYPE : CTSP-D
DIMENSION : 100
GROUPS : 8
RELAXATION_LEVEL : 1
EDGE_WEIGHT_TYPE : EXPLICIT
EDGE_WEIGHT_FORMAT : FULL_MATRIX
EDGE_WEIGHT_SECTION
999999999 690521 111485 540428 486615 289254 744967 584031 425923 643599 273175 559742 680898 463664 267215 721635 387398 420134 650711 437485 312986 742761 434722 190485 268725 283606 488955 149908 564826 605383 323992 687309 467164 359719 202162 336210 767499 406395 520296 403282 194825 419699 454853 655165 418403 171975 398536 282222 530957 546108 292772 176787 225873 231093 382258 682023 531202 650640 415437 313747 197369 256821 539060 828932 330018 698642 484805 476811 370974 485243 245401 486587 253018 280499 500010 798887 252195 168686 525245 163594 516255 187395 465188 148631 327845 541354 53962 517113 230696 695507 580918 489972 717369 515099 254263 366162 477922 672583 405363 289090
690521 999999999 580710 1134388 824251 979707 867963 1235838 675379 47020 960411 876465 647057 1009165 924847 85230 331532 302144 495981 708841 471943 106459 358338 634872 918398 559269 616326 762375 200857 154589 1009380 362812 803405 716993 520785 487765 82219 538954 173146 817908 754274 827040 1059202 869670 318884 690879 366955 408299 610638 193837 983283 864833 915394 466959 503993 653078 797479 142241 812613 1004264 811168 488592 925910 868782 701402 429733 217038 806737 849619 1065120 935684 719845 797975 910325 337974 116558 856673 764343 633645 724753 336069 575564 701023 660483 923732 1130459 662609 312297 544035 715550 676530 372107 179057 793583 944313 493354 833950 401157 303317 572587
111485 580710 999999999 633086 476037 400024 740497 690232 419218 533910 384637 584804 642552 541811 357159 614959 276715 309290 589326 403171 246329 636678 330001 193079 354686 248419 461420 207608 464738 494012 435343 605653 489088 338615 131758 248233 658574 332214 411971 440440 228652 422762 548344 663785 322947 208312 311800 173110 498771 434812 403109 284176 334695 133284 300141 644642 541738 547854 448802 424119 260982 185967 579860 813425 343212 625024 378863 498047 392897 573147 356441 484232 288358 357266 395771 690428 315388 243047 498548 219994 432397 118359 425524 139760 414851 632854 102235 411092 184015 668107 558050 388993 616789 527066 363699 311125 471607 596381 303299 259284
540428 1134388 633086 999999999 962102 391229 663446 177687 521494 1089382 355622 426460 773458 138891 558529 1134755 894727 924687 850692 949145 663258 1149571 961123 503457 575912 576924 619359 614146 955006 1094145 325018 967873 418054 864050 626813 875738 1196942 945879 964940 353934 670163 881761 85612 547544 816368 452335 771090 763492 657410 1039151 400495 467663 440083 691101 922681 770038 483242 1044369 368068 395624 620324 648272 342616 773920 447854 940272 918213 422545 808470 70413 398342 522169 702364 614103 1026826 1221724 643259 392598 633278 424647 844569 727821 980690 677005 219595 10776 530928 1039925 592126 735389 646716 1021847 1090159 471805 424896 655741 947446 931403 832643 564854
486615 824251 476037 962102 999999999 584811 1216076 934604 894279 788648 610838 1045538 1110083 922570 418590 894835 520952 540102 1034567 115469 706136 919400 467018 661285 400704 723754 935967 358322 815684 676043 651853 1009573 951830 138983 600936 352197 904119 285301 713068 889896 302003 81891 881010 1135201 718595 656675 733513 550510 971446 630414 578146 494564 524579 570705 322369 1112779 1011708 869884 901937 590837 342344 648356 1025046 1289075 810090 1047070 710084 961327 160341 923943 566896 958675 260342 363297 490444 938266 321729 649875 973022 650084 845631 367436 129177 345064 781190 966492 531217 517447 658588 1141141 1033081 457135 943914 996223 544471 775987 19486 1014410 676774 735139
289254 979707 400024 391229 584811 999999999 862901 351536 586319 932761 47093 630764 870271 394923 169300 1008920 672096 705043 880023 592212 571275 1029507 707505 404307 187129 513016 676142 271803 846747 891668 67739 945116 561933 506847 475751 589352 1056305 633024 808977 477458 319029 503032 319725 752345 698016 350554 670703 571421 721431 832119 10878 122341 72041 516799 623167 869600 639991 934619 495493 26234 256057 524391 573292 964701 476500 944670 772147 571228 426254 369780 44378 628772 333355 225606 770475 1087402 263375 276962 706962 314537 781402 443202 625396 366201 273130 397602 320848 790655 482267 863769 750157 754806 998686 623300 43735 606547 568554 923113 690485 511008
744967 867963 740497 663446 1216076 862901 999999999 839370 321952 839927 816390 243615 231844 541559 963616 818797 834953 846796 384097 1140788 538214 819745 930085 557642 973552 496199 296008 893775 672154 924471 829457 536487 301082 1079110 622629 937984 889457 1035341 759447 385491 939399 1158149 649887 117178 621299 575541 575182 721064 276818 895487 873396 838795 855335 669556 992750 225547 223833 729580 367409 884544 936461 585228 322922 110503 416271 475161 716187 291705 1115453 610908 834267 258689 997984 999332 978315 897447 987855 615505 262918 595404 539934 854285 1160142 872798 602271 653246 693657 973779 561576 160017 204762 995422 729881 240720 864761 470085 1210770 490722 667758 483317
584031 1235838 690232 177687 934604 351536 839370 999999999 671186 1189477 334820 599756 936993 302378 516132 1246394 964972 996843 1001611 943207 774589 1263358 1018610 602542 534068 692973 770967 615752 1069570 1176410 286994 1107955 580793 857621 715902 915332 1304251 971511 1063150 507853 666968 852713 202137 722880 924315 545367 883668 842809 811826 1118695 357259 460711 418351 774596 955842 934014 650911 1160036 524082 343779 606503 748146 517058 949869 583295 1086806 1019044 586472 774882 230266 377567 681492 684830 571922 1084005 1331541 614287 471808 789148 511085 970820 764973 976264 698912 319210 188322 590875 1100685 693851 903665 809047 1073675 1212378 638184 394004 780206 917818 1074622 932782 683387
425923 675379 419218 521494 894279 586319 321952 671186 999999999 636338 542968 206066 285115 382831 660623 653846 549280 567713 330630 821118 243901 663886 641533 236562 668500 181038 99942 575656 477365 685873 568748 448557 128529 757669 306717 628736 722265 724936 527324 167730 619284 836307 469513 249038 370938 261304 319462 421859 142682 644078 595888 538410 563650 360853 684165 284026 136292 559283 155014 610788 620646 277755 250920 403105 109943 418782 478833 131390 794969 452639 550735 65742 678523 690708 697280 741145 673630 315648 123315 287227 348438 534401 841643 550860 367315 514220 373540 698055 244583 279424 164340 708741 591198 126579 578570 190755 888845 410545 407796 166468
643599 47020 533910 1089382 788648 932761 839927 1189477 636338 999999999 913394 838929 623074 965028 879056 107203 288155 259809 474600 673490 427775 131529 321661 589005 872815 515264 581041 716837 168120 133009 962361 350070 763872 678096 474143 447795 126335 503605 126429 775891 709767 788507 1013715 836728 275189 644740 324248 361378 577801 160511 936368 818064 868570 419982 466997 628964 760699 129075 771078 957345 765974 442732 886263 845842 658668 415557 171301 767505 808752 1020283 888723 682735 754369 865270 307593 159912 812017 717862 600066 678409 302937 530791 667187 615409 877984 1085579 615590 283137 498362 690136 645195 341564 183337 756194 897458 451995 797708 385126 257410 528850
273175 960411 384637 355622 610838 47093 816390 334820 542968 913394 999999999 583742 827522 350501 203268 986169 660097 692929 841497 610234 539853 1006192 701387 369437 220460 477585 634178 280960 820689 878532 51736 911192 515538 524461 449344 588555 1035675 638794 788485 430902 332445 529561 280377 705528 671542 313872 641794 553011 679464 819214 57913 125940 86319 494643 625682 826706 593723 909450 448997 68506 273905 495666 526264 918597 433417 908461 749982 524785 454516 329140 44034 583989 354338 258535 765442 1066159 289575 237839 664343 277015 749894 439746 643034 367678 226315 361271 298090 784492 450896 819503 706385 751674 971904 577073 69493 571490 595327 887799 666857 474605
559742 876465 584804 426460 1045538 630764 243615 599756 206066 838929 583742 999999999 361982 299201 746707 848916 750392 770498 471688 985732 447166 856840 840727 391727 758529 374388 264692 701232 676501 891892 592170 613312 95852 914408 492177 814655 918659 908249 732637 161168 752375 979365 406922 126748 576752 388870 525311 619110 284788 850021 641492 622090 631520 552952 870005 357535 81496 754229 146107 650894 737531 473603 84582 353124 242209 568821 684324 87287 926990 369865 606021 156861 807337 787919 898581 935174 784879 407415 258510 397934 543561 703152 1009597 701671 363138 416699 514483 900747 431284 313843 245460 908079 778167 82928 637370 396819 1037424 570065 613831 358564
680898 647057 642552 773458 1110083 870271 231844 936993 285115 623074 827522 361982 999999999 636764 933226 592286 666203 671456 153928 1020272 404014 591631 760375 493640 939290 399079 195833 828789 458297 719713 853863 305119 356404 971123 511907 795340 662359 891854 557320 431459 864533 1063748 735549 280911 439101 532837 401731 573864 151332 698506 879642 814545 843802 540171 847148 6306 291875 506119 414261 895039 878149 461965 444009 223134 394132 243329 519036 351230 1034873 709333 833543 256950 925076 957642 799933 668527 933094 596212 163335 563705 334684 742908 1034399 782160 647681 764661 626940 791052 459850 71887 128169 821760 500537 302023 860454 334166 1108194 259552 488048 392090
463664 1009165 541811 138891 922570 394923 541559 302378 382831 965028 350501 299201 636764 999999999 547153 1005144 788457 816838 711802 893706 537279 1019057 861752 388524 562894 449897 480485 564986 825009 978774 338976 829984 280522 811100 514313 789609 1068874 867891 842332 215157 621782 845453 108834 424421 690291 344063 643252 653931 518574 925745 405583 436347 423428 580493 839969 633537 348698 913518 229177 407937 582692 528775 218984 651721 313701 801560 794691 285539 777909 72625 386349 383838 663483 598934 926747 1092535 616114 299688 494541 323164 710667 647303 923453 609453 141393 131393 442454 937480 472791 601478 509419 925187 956764 336298 417239 523733 909890 793059 710284 436761
267215 924847 357159 558529 418590 169300 963616 516132 660623 879056 203268 746707 933226 547153 999999999 967000 598688 630874 915266 437632 580131 989509 613209 440902 17969 544265 737815 163399 821825 816189 237037 954236 666060 354592 468818 482495 1005270 505852 762459 586397 188078 336713 483468 860420 679367 401148 663685 526081 781902 757141 161455 125042 123731 489472 505295 933652 740521 903981 602948 172580 121102 523893 701139 1058160 553362 965693 733260 675834 258753 531557 162312 713480 180103 56350 671065 1038279 102767 348511 772379 373409 782561 353475 471089 267845 412801 564383 317512 694313 496369 939054 823350 649938 973670 723625 133782 631158 401694 939791 660250 547263
721635 85230 614959 1134755 894835 1008920 818797 1246394 653846 107203 986169 848916 592286 1005144 967000 999999999 387457 361272 438770 779847 472986 24575 427869 644007 961881 558058 584959 806600 180161 236210 1033611 295924 782334 782131 538790 551218 70969 610089 204625 805493 803655 892754 1062973 830572 322114 701775 364140 442218 573451 267714 1013308 898021 947507 492138 572753 598470 768347 94743 798387 1034132 857131 499549 904451 810918 692810 363364 236868 784688 910315 1064716 964585 692236 850765 956738 414707 87694 905116 778132 597912 737336 305901 624498 774046 707596 929972 1130083 688550 390043 552775 662634 635318 448711 100548 766163 975737 482145 903570 337770 319459 569902
387398 331532 276715 894727 520952 672096 834953 964972 549280 288155 660097 750392 666203 788457 598688 387457 999999999 32952 554794 409517 305622 411690 95250 401516 590994 377057 539972 435320 295924 219942 711216 498889 659036 398780 276173 169061 413571 247969 193062 639559 423473 509370 812111 791842 228843 444892 264998 136219 559343 160329 674098 552074 603602 209362 204114 670553 685570 350267 641432 695026 482234 278524 772094 877381 522082 545125 190481 665803 523052 830408 629517 611363 466449 580686 148197 447645 526057 502975 572043 470185 350639 245953 411098 331609 675260 893183 374103 152125 328060 716457 630886 160818 424623 675226 633249 367550 527151 511230 180061 393011
420134 302144 309290 924687 540102 705043 846796 996843 567713 259809 692929 770498 671456 816838 630874 361272 32952 999999999 554481 427099 323864 385685 91230 429014 622981 398882 553221 467478 282155 187033 744013 489825 680244 421706 303217 190679 384340 261503 173378 663772 454485 532428 842425 807685 232363 473889 272976 163038 570305 127428 707050 585020 636550 236565 219399 676022 703901 329801 665005 727978 513952 301445 794837 885475 545494 539013 178454 686737 549305 859912 662446 628710 496276 612126 131596 418577 557110 533496 584234 500041 349042 277759 426397 363495 705381 922980 406060 130351 352772 724048 642200 150382 403818 694093 666199 382744 547211 504967 183416 414827
650711 495981 589326 850692 1034567 880023 384097 1001611 330630 474600 841497 471688 153928 711802 915266 438770 554794 554481 999999999 936186 343278 437751 645484 479426 918470 372086 231458 790525 314197 578798 875394 152904 438261 897207 458773 700481 508635 793786 421113 497006 817801 997384 800110 416495 327039 529877 302186 484894 194415 563672 888289 805399 842023 468814 748586 160179 392402 354196 482631 905911 842716 403495 546138 373002 424108 97760 388302 436085 978959 782518 839430 332810 877680 931106 677519 514602 898252 603695 219851 565493 205658 674027 946268 727183 692931 843035 598406 665508 420032 225215 227972 702508 346627 397320 862841 284551 1035129 106995 375072 371223
437485 708841 403171 949145 115469 592212 1140788 943207 821118 673490 610234 985732 1020272 893706 437632 779847 409517 427099 936186 999999999 617219 804402 351979 595088 420872 644802 853762 335066 705252 560633 656302 903039 890462 85793 518969 242351 788653 169942 600422 835466 279628 142499 865255 1066894 615141 599604 634029 451465 886642 515007 587358 486399 525116 480595 208170 1023351 944886 756781 845793 603057 336748 561927 973576 1207806 745482 943226 599646 899633 206119 904048 566582 886520 259568 387597 375192 822797 334926 605891 890463 599114 742465 286723 33457 288972 753341 952327 474633 402242 579326 1055763 951171 342037 830588 930135 549289 687914 126603 910111 571479 657474
312986 471943 246329 663258 706136 571275 538214 774589 243901 427775 539853 447166 404014 537279 580131 472986 305622 323864 343278 617219 999999999 489162 398686 175446 581619 87557 242790 447971 295005 453446 582295 376445 358776 567209 115539 400905 533827 498421 306257 353876 474574 661647 590128 487084 153211 234113 109116 183025 271011 406784 577898 479315 521859 136628 455181 406818 380159 385450 351747 597482 500569 60372 476847 594020 234433 385684 258026 364704 637947 593648 527795 305775 534562 591372 453462 559288 556012 312919 277984 271267 210166 339289 632672 385124 457119 659041 263502 454215 89038 439014 338798 465667 439768 370229 546330 70816 704507 359741 175864 101685
742761 106459 636678 1149571 919400 1029507 819745 1263358 663886 131529 1006192 856840 591631 1019057 989509 24575 411690 385685 437751 804402 489162 999999999 452426 661351 984561 573431 592377 829447 194648 259339 1053336 291526 792210 806651 558064 575715 72250 634631 227523 817614 827076 917282 1078614 834963 339637 719360 380085 464213 579096 292000 1034024 919308 968595 512736 597328 597861 775952 105655 810057 1054811 880155 517638 914019 808546 706103 358672 258025 794290 934629 1079414 985150 700458 874498 979772 438850 78799 928397 796168 603936 755196 315450 647977 798538 730830 946279 1144732 708896 414052 570265 662505 639446 472883 92961 774275 996700 495472 928144 334705 339341 584908
434722 358338 330001 961123 467018 707505 930085 1018610 641533 321661 701387 840727 760375 861752 613209 427869 95250 91230 645484 351979 398686 452426 999999999 479923 603071 466416 634900 451945 369811 217065 753094 579663 748217 359774 357455 136683 439324 182338 256889 724128 428346 469209 877008 885614 321806 518009 359808 221891 654584 165246 708119 585336 636615 291719 145657 764813 777709 409354 727147 728638 492761 367231 858874 972440 608479 629849 268048 755311 496513 899131 666938 704345 461245 586962 65799 473709 529450 568724 667167 539526 440164 265104 347093 347697 741802 960364 431853 83171 413489 811392 726100 67352 482041 766911 666338 462026 476082 595786 272778 482297
190485 634872 193079 503457 661285 404307 557642 602542 236562 589005 369437 391727 493640 388524 440902 644007 401516 429014 479426 595088 175446 661351 479923 999999999 446185 108779 299711 340367 468499 591456 409474 541763 296015 526657 125901 429650 701850 520109 463340 250942 382789 600863 425398 473985 321895 58669 283199 265978 342694 537577 411871 326544 362691 192451 484198 494400 350786 558981 257687 430489 387186 146284 389966 638987 150401 540496 417841 305000 558407 435964 362235 299001 442224 464009 543558 728999 441337 137591 335574 95923 382897 311426 618246 316418 289045 500543 137320 552255 91310 505408 390553 545525 615026 335617 384193 202277 654928 518834 331605 108205
268725 918398 354686 575912 400704 187129 973552 534068 668500 872815 220460 758529 939290 562894 17969 961881 590994 622981 918470 420872 581619 984561 603071 446185 999999999 548289 744179 156037 818833 807683 254868 954606 676881 338234 469308 471331 999108 492170 757263 597913 176097 318836 500448 871258 677474 408182 663108 521919 788025 748814 179364 136453 139614 487565 492724 939830 750808 900193 614270 190546 110313 524698 714231 1067225 561910 967303 728982 686677 240814 548287 179020 722245 164348 38477 660194 1032276 86430 358079 779034 381524 782474 345260 454323 259509 427713 581691 320121 683736 498906 946388 830684 638495 970359 733929 151036 634069 383771 940989 657162 551785
283606 559269 248419 576924 723754 513016 496199 692973 181038 515264 477585 374388 399079 449897 544265 558058 377057 398882 372086 644802 87557 573431 466416 108779 548289 999999999 213110 430019 378798 538642 516417 434158 282037 585540 126619 447699 620070 543950 393718 268645 465664 671014 505205 430059 240395 164056 194166 244723 251686 490187 520630 433353 470937 180314 503134 400599 314640 468791 267867 539182 480064 99217 396139 565321 148949 431719 345561 288962 637445 507082 471014 246555 526176 563273 525031 644856 535318 242477 250235 201474 280131 358746 663945 386238 374166 572485 229956 528469 65502 420272 309636 533761 519405 302570 492830 93980 719801 410274 262765 15958
488955 616326 461420 619359 935967 676142 296008 770967 99942 581041 634178 264692 195833 480485 737815 584959 539972 553221 231458 853762 242790 592377 634900 299711 744179 213110 999999999 638117 415509 647143 662708 356640 211551 797393 335473 643521 655060 741018 483349 265560 676749 884108 569156 259790 334388 337089 285297 425272 45293 611909 685328 618735 648154 376452 697937 195971 183588 490421 251392 701192 686268 292796 327789 354047 202501 321917 436792 210987 849837 551067 638678 109940 737067 763353 684800 670841 740765 400916 37129 367910 280891 569515 871200 599280 466527 611796 435090 681686 277601 207558 97412 700713 513611 182683 665190 174082 932411 316342 378195 203427
149908 762375 207608 614146 358322 271803 893775 615752 575656 716837 280960 701232 828789 564986 163399 806600 435320 467478 790525 335066 447971 829447 451945 340367 156037 430019 638117 999999999 667165 652882 330164 813170 610921 249916 332662 324591 843146 361375 601989 541716 56843 283829 530522 801551 529152 318656 519403 368479 679598 593782 269575 155040 200300 340479 353558 830110 677796 746792 555416 288457 53374 388535 672811 978731 477874 831121 574933 620692 225814 570455 238906 635779 106111 151414 511442 876369 108226 296384 674587 303659 639960 190168 366883 104772 423628 617448 203292 533878 372686 845029 730654 492165 817800 661438 228158 507319 346616 803074 505639 436722
564826 200857 464738 955006 815684 846747 672154 1069570 477365 168120 820689 676501 458297 825009 821825 180161 295924 282155 314197 705252 295005 194648 369811 468499 818833 378798 415509 667165 999999999 264859 866451 213396 605824 689065 371396 463576 245883 542940 116380 625963 673454 798489 883996 669319 149207 526857 185903 299536 410266 255252 851969 741339 789048 334078 499740 464038 597086 90509 619275 872480 719716 326998 728283 681429 512696 271004 105634 608691 802324 884888 802409 519707 726254 818567 385472 267705 771272 604490 432982 563196 135370 498741 706919 575552 751972 950228 526309 368484 377905 523930 477166 415134 152544 593575 816239 302069 821011 237640 161683 390271
605383 154589 494012 1094145 676043 891668 924471 1176410 685873 133009 878532 891892 719713 978774 816189 236210 219942 187033 578798 560633 453446 259339 217065 591456 807683 538642 647143 652882 264859 999999999 929348 469395 808763 575962 467346 352697 229833 391720 165090 807039 636470 684496 1014031 906873 315496 641960 366767 333749 652236 59614 893825 771954 823462 403998 360376 725243 817842 255838 805193 914773 697972 450535 928968 942431 687372 531953 210367 813796 713578 1027290 848855 739787 674120 795044 186127 263409 738856 707768 671643 671592 386426 462723 550747 548362 876640 1091597 587637 159614 506181 782739 722958 220040 315920 810894 853084 495246 686748 499621 279135 553855
323992 1009380 435343 325018 651853 67739 829457 286994 568748 962361 51736 592170 853863 338976 237037 1033611 711216 744013 875394 656302 582295 1053336 753094 409474 254868 516417 662708 330164 866451 929348 999999999 950575 530364 570670 495597 640116 1084066 689351 837090 445167 380264 570155 256496 716339 717245 352393 685931 602630 707849 870098 76046 175707 131371 542931 676853 852715 608960 955653 463560 71202 319559 540297 529215 933891 460460 945310 797892 539253 493679 307608 91259 605530 398495 293345 817173 1114266 330177 274249 691383 314945 791786 491439 689318 418847 229279 331749 346771 836191 493699 841957 730498 803391 1017068 592613 107717 610372 635759 925721 714157 512343
687309 362812 605653 967873 1009573 945116 536487 1107955 448557 350070 911192 613312 305119 829984 954236 295924 498889 489825 152904 903039 376445 291526 579663 541763 954606 434158 356640 813170 213396 469395 950575 999999999 568180 877299 485422 660951 363567 746627 329749 615708 830693 983780 909597 567477 294060 598197 294048 466322 328927 467140 952220 855760 897968 473923 702257 311423 532336 221973 603558 971348 866523 430501 682902 517762 524762 67456 311624 567555 977455 898140 902229 465297 888010 961338 598624 366169 921039 676534 355293 635632 173316 668079 907869 734572 791396 961079 639417 581879 464373 376930 375140 627800 198747 534951 921927 340219 1012998 45911 332977 438744
467164 803405 489088 418054 951830 561933 301082 580793 128529 763872 515538 95852 356404 280522 666060 782334 659036 680244 438261 890462 358776 792210 748217 296015 676881 282037 211551 610921 605824 808763 530364 568180 999999999 819838 397270 719215 850794 812561 652706 85203 660903 886803 379901 194380 495563 295474 444170 526345 243898 764617 572396 541018 555123 458957 774519 353304 78604 687739 66809 583812 649187 381052 122520 403602 146360 531886 603983 9843 836275 353019 533259 105579 716865 704549 807062 869588 698043 320874 218470 307309 476775 607420 914094 607389 306664 409585 420618 810178 336880 325139 228897 815532 718473 62466 563865 314468 944092 527721 529687 266099
359719 716993 338615 864050 138983 506847 1079110 857621 757669 678096 524461 914408 971123 811100 354592 782131 398780 421706 897207 85793 567209 806651 359774 526657 338234 585540 797393 249916 689065 575962 570670 877299 819838 999999999 462160 231067 798528 191349 591785 761306 194094 110723 780401 1000479 584540 526144 597065 414524 832602 524921 502160 400632 439428 431989 215822 973807 877443 748949 772453 518138 251119 509373 898316 1150784 676437 912502 584052 829198 144788 819787 480834 822445 175168 306401 396343 832962 251869 526951 834418 522853 710986 228474 118648 213015 670304 867361 400428 423346 520241 1002288 894593 365829 823332 862234 463802 637012 137956 880223 544415 597189
202162 520785 131758 626813 600936 475751 622629 715902 306717 474143 449344 492177 511907 514313 468818 538790 276173 303217 458773 518969 115539 558064 357455 125901 469308 126619 335473 332662 371396 467346 495597 485422 397270 462160 999999999 323420 591955 418754 347714 366940 359263 551940 546913 555597 222367 174673 197162 140235 370544 412575 481270 374676 420333 66812 378908 514179 437932 460154 370663 501620 385437 55921 503045 689350 253388 499250 305135 405173 524545 560246 431489 372432 419394 477420 419974 621008 440801 244100 372416 205690 314094 234050 537590 271377 409611 624347 157099 427557 62195 540240 432821 423957 523005 424907 446629 179415 597932 472097 219751 140389
336210 487765 248233 875738 352197 589352 937984 915332 628736 447795 588555 814655 795340 789609 482495 551218 169061 190679 700481 242351 400905 575715 136683 429650 471331 447699 643521 324591 463576 352697 640116 660951 719215 231067 323420 999999999 569718 97516 361924 680590 295424 341781 790311 877736 375668 454690 399194 221627 671257 298246 588825 467273 517475 268909 55493 798957 761251 519099 686908 608783 361424 353245 819457 994347 573583 702459 357950 727425 362218 818286 551071 694182 325184 453115 189089 604158 395042 490140 678888 468216 502678 150426 247501 223429 659892 876238 347515 213429 385388 837250 739694 167682 593391 748321 546831 470967 358116 669095 330562 462454
767499 82219 658574 1196942 904119 1056305 889457 1304251 722265 126335 1035675 918659 662359 1068874 1005270 70969 413571 384340 508635 788653 533827 72250 439324 701850 999108 620070 655060 843146 245883 229833 1084066 363567 850794 798528 591955 569718 999999999 618967 247343 871754 835927 908394 1123730 901476 381162 758908 425949 485590 644164 274231 1060176 942714 992960 541141 584883 668565 838282 164677 865156 1081116 892307 556128 973092 880128 757737 430795 286870 853361 931694 1127151 1012132 761875 880014 991591 415640 34447 938239 833982 668518 793717 375194 657037 779899 741728 989551 1192554 737587 389354 610568 732933 706260 449672 165188 835831 1021667 547425 914181 406415 372426 632507
406395 538954 332214 945879 285301 633024 1035341 971511 724936 503605 638794 908249 891854 867891 505852 610089 247969 261503 793786 169942 498421 634631 182338 520109 492170 543950 741018 361375 542940 391720 689351 746627 812561 191349 418754 97516 618967 999999999 434508 770617 319611 295268 860275 973973 467369 540522 493852 318651 768726 345118 630948 513732 561240 365988 45200 895554 856629 589661 777795 649768 387097 450367 909919 1091797 666444 791252 437993 820962 335453 891635 598409 790504 332220 467464 207728 653170 408889 568571 776403 550540 593403 220593 165331 272884 734090 947174 426290 234904 480911 934484 837210 175819 663011 843419 589456 568466 295249 757554 420732 558499
520296 173146 411971 964940 713068 808977 759447 1063150 527324 126429 788485 732637 557320 842332 762459 204625 193062 173378 421113 600422 306257 227523 256889 463340 757263 393718 483349 601989 116380 165090 837090 329749 652706 591785 347714 361924 247343 434508 999999999 658345 599918 702310 888482 742811 157348 518672 208577 238863 487314 142563 812894 695885 745926 294249 392764 562703 656911 157208 654745 833824 652632 317202 774291 779366 539736 386178 48834 657112 713505 896177 764795 578664 648290 752249 269185 278609 701006 591474 507028 552120 222803 421029 599630 503412 752385 961363 490434 252149 373106 618981 557905 299215 231564 650788 774531 338293 719754 352467 132312 407917
403282 817908 440440 353934 889896 477458 385491 507853 167730 775891 430902 161168 431459 215157 586397 805493 639559 663772 497006 835466 353876 817614 724128 250942 597913 268645 265560 541716 625963 807039 445167 615708 85203 761306 366940 680590 871754 770617 658345 999999999 593821 821813 305728 275860 501748 235881 451731 503834 304701 758812 487983 461555 473015 432431 735116 428934 163807 712049 18468 499062 576889 362629 139433 488759 119709 586404 609624 94130 767519 285514 449736 174573 647799 626924 785788 893186 623823 246621 281476 239943 504409 558048 860812 548327 222225 346549 361097 791684 311518 406075 303332 790826 750182 147561 480623 324807 881044 578192 529589 253251
194825 754274 228652 670163 302003 319029 939399 666968 619284 709767 332445 752375 864533 621782 188078 803655 423473 454485 817801 279628 474574 827076 428346 382789 176097 465664 676749 56843 673454 636470 380264 830693 660903 194094 359263 295424 835927 319611 599918 593821 999999999 228872 586817 849891 541350 366509 536863 374135 717016 578297 315637 207363 249070 356973 317287 866173 725944 749386 607007 333353 67610 414307 726414 1021668 524842 852776 576912 670615 176164 627111 289401 680819 60555 158808 484439 869678 102626 350004 713579 354458 657510 179219 311848 97912 480438 673612 245836 508281 405224 884248 770902 462417 821814 709787 275353 537496 290738 823552 513367 473737
419699 827040 422762 881761 81891 503032 1158149 852713 836307 788507 529561 979365 1063748 845453 336713 892754 509370 532428 997384 142499 661647 917282 469209 600863 318836 671014 884108 283829 798489 684496 570155 983780 886803 110723 551940 341781 908394 295268 702310 821813 228872 999999999 801219 1073240 690127 591382 699714 518653 921447 634455 496309 414666 443382 529140 324183 1066086 949353 859431 834586 508947 263334 602358 955164 1235112 747537 1016916 693769 896425 78971 844824 485681 899724 181973 281511 502667 942808 240164 578843 921236 581975 815671 323533 170080 285735 704221 886324 467204 529813 606771 1090860 980508 471081 933823 933522 462875 730073 65775 985077 651464 681364
454853 1059202 548344 85612 881010 319725 649887 202137 469513 1013715 280377 406922 735549 108834 483468 1062973 812111 842425 800110 865255 590128 1078614 877008 425398 500448 505205 569156 530522 883996 1014031 256496 909597 379901 780401 546913 790311 1123730 860275 888482 305728 586817 801219 999999999 532712 742585 372260 698833 682078 609767 958401 329664 386559 362417 610258 837110 732688 451948 973967 322054 327664 538741 571289 327677 759880 385204 886361 842415 385983 729100 52226 321557 479576 620816 538202 942762 1149415 564166 309232 587018 342855 778387 642247 896594 591636 137406 87376 446123 956272 515412 704167 607473 937275 1022579 438546 349820 588119 866754 875141 756413 494109
655165 869670 663785 547544 1135201 752345 117178 722880 249038 836728 705528 126748 280911 424421 860420 830572 791842 807685 416495 1066894 487084 834963 885614 473985 871258 430059 259790 801551 669319 906873 716339 567477 194380 1000479 555597 877736 901476 973973 742811 275860 849891 1073240 532712 999999999 593881 483410 544204 668497 259061 871462 762965 735381 748692 609531 933147 275319 123970 737587 258437 773279 841492 525906 205996 227341 325705 513549 696508 184592 1025900 493995 725516 183575 907042 898780 938753 913719 891190 514785 236813 498978 533978 780632 1088431 790185 488017 537451 606085 937346 493413 218586 195572 952402 749599 140136 756465 424942 1128563 521980 636769 415486
418403 318884 322947 816368 718595 698016 621299 924315 370938 275189 671542 576752 439101 690291 679367 322114 228843 232363 327039 615141 153211 339637 321806 321895 677474 240395 334388 529152 149207 315496 717245 294060 495563 584540 222367 375668 381162 467369 157348 501748 541350 690127 742585 593881 999999999 379756 51484 172286 344831 277581 703397 594253 641283 189926 422191 443689 502347 238785 497741 723827 582342 178282 616997 654342 383787 328500 108529 500111 683670 746826 653716 424313 597191 679859 361442 407439 635537 456598 361672 415567 127325 374509 622876 444056 608518 812213 378076 354205 230693 492694 416809 382664 300670 495475 668140 181096 721136 295842 49033 253742
171975 690879 208312 452335 656675 350554 575541 545367 261304 644740 313872 388870 532837 344063 401148 701775 444892 473889 529877 599604 234113 719360 518009 58669 408182 164056 337089 318656 526857 641960 352393 598197 295474 526144 174673 454690 758908 540522 518672 235881 366509 591382 372260 483410 379756 999999999 341755 311652 381574 586817 358596 281788 313680 238862 507721 533059 359493 617307 246390 376589 361031 202783 374479 663289 159317 594632 473905 305069 542489 386362 309565 318526 423759 429502 582816 786419 413115 79134 371301 37587 441074 324017 624967 313161 235024 450066 125749 593424 149102 538222 422527 582070 673670 343290 333279 258034 648702 573994 387609 160746
398536 366955 311800 771090 733513 670703 575182 883668 319462 324248 641794 525311 401731 643252 663685 364140 264998 272976 302186 634029 109116 380085 359808 283199 663108 194166 285297 519403 185903 366767 685931 294048 444170 597065 197162 399194 425949 493852 208577 451731 536863 699714 698833 544204 51484 341755 999999999 183069 298365 327672 676675 571825 617116 179929 448747 405942 451154 276375 447297 696757 572775 146324 565718 612774 334503 318410 159818 448670 687457 701231 626672 373208 594595 668332 403941 450746 627124 419977 313896 378473 120735 378579 644194 441259 566200 766632 354188 398627 193468 451596 370423 423018 332206 444131 643003 129720 734733 287795 92978 206598
282222 408299 173110 763492 550510 571421 721064 842809 421859 361378 553011 619110 573864 653931 526081 442218 136219 163038 484894 451465 183025 464213 221891 265978 521919 244723 425272 368479 299536 333749 602630 466322 526345 414524 140235 221627 485590 318651 238863 503834 374135 518653 682078 668497 172286 311652 183069 999999999 450888 276788 574990 457142 507388 73527 274456 577425 557578 378401 506151 595968 420643 145509 637428 773682 387086 498341 207182 533483 511491 697996 527436 485769 427992 519840 282083 517338 471790 374397 459808 339224 297018 202720 462740 276229 544737 761489 256669 288129 192382 615867 520313 289189 449377 546274 536168 251421 551967 466425 139405 260558
530957 610638 498771 657410 971446 721431 276818 811826 142682 577801 679464 284788 151332 518574 781902 573451 559343 570305 194415 886642 271011 579096 654584 342694 788025 251686 45293 679598 410266 652236 707849 328927 243898 832602 370544 671257 644164 768726 487314 304701 717016 921447 609767 259061 344831 381574 298365 450888 999999999 620491 730610 663332 693168 406958 725024 151809 203543 479753 289576 746485 728324 324717 354496 323116 247499 288436 442414 241938 889125 589853 683916 138615 777461 806667 701732 657875 783049 446098 26366 412806 274947 604234 903039 637538 509991 649552 477012 696972 314801 169697 72064 719409 496700 206104 710355 200417 968451 286476 390980 243312
546108 193837 434812 1039151 630414 832119 895487 1118695 644078 160511 819214 850021 698506 925745 757141 267714 160329 127428 563672 515007 406784 292000 165246 537577 748814 490187 611909 593782 255252 59614 870098 467140 764617 524921 412575 298246 274231 345118 142563 758812 578297 634455 958401 871462 277581 586817 327672 276788 620491 999999999 834246 712347 763859 348160 310677 703781 777839 266922 757804 855191 639271 399121 883586 919777 639133 526242 180085 770075 660279 972818 789351 700253 617088 736685 147401 308573 680804 651181 638458 615636 363867 403675 507530 489379 820999 1036832 529176 123919 454134 758778 692057 181221 334473 770052 793485 453470 640168 492883 236462 505689
292772 983283 403109 400495 578146 10878 873396 357259 595888 936368 57913 641492 879642 405583 161455 1013308 674098 707050 888289 587358 577898 1034024 708119 411871 179364 520630 685328 269575 851969 893825 76046 952220 572396 502160 481270 588825 1060176 630948 812894 487983 315637 496309 329664 762965 703397 358596 676675 574990 730610 834246 999999999 122831 71549 521290 621848 879009 650406 939603 505995 21013 251823 530409 584148 975050 486023 952341 776474 581708 419206 379895 50106 638732 328144 217804 770801 1091411 257099 285661 716316 322817 787955 443467 620606 365475 284007 406989 325778 791233 488940 873562 759820 754702 1004040 633702 41995 614025 561731 930565 695197 518858
176787 864833 284176 467663 494564 122341 838795 460711 538410 818064 125940 622090 814545 436347 125042 898021 552074 585020 805399 486399 479315 919308 585336 326544 136453 433353 618735 155040 741339 771954 175707 855760 541018 400632 374676 467273 942714 513732 695885 461555 207363 414666 386559 735381 594253 281788 571825 457142 663332 712347 122831 999999999 51576 407856 502127 814690 615566 827409 478011 143502 152736 427097 578385 934009 430182 861812 661293 550793 343407 430559 84688 589819 234718 167628 648170 974455 179886 224326 652527 251606 687199 320872 518913 244481 297456 471943 217671 668465 392012 817543 701957 632488 893862 598666 81317 523790 480199 837734 582146 434533
225873 915394 334695 440083 524579 72041 855335 418351 563650 868570 86319 631520 843802 423428 123731 947507 603602 636550 842023 525116 521859 968595 636615 362691 139614 470937 648154 200300 789048 823462 131371 897968 555123 439428 420333 517475 992960 561240 745926 473015 249070 443382 362417 748692 641283 313680 617116 507388 693168 763859 71549 51576 999999999 456383 551129 843623 631507 875747 490262 92039 188398 471501 581832 953441 454104 901629 710668 564754 368753 409399 42320 611629 268232 176460 699254 1024535 203608 248113 680862 280519 730973 371919 558073 294229 289699 445293 263381 719718 433596 843014 727931 683196 941469 614616 29763 562933 509155 878461 630684 470847
231093 466959 133284 691101 570705 516799 669556 774596 360853 419982 494643 552952 540171 580493 489472 492138 209362 236565 468814 480595 136628 512736 291719 192451 487565 180314 376452 340479 334078 403998 542931 473923 458957 431989 66812 268909 541141 365988 294249 432431 356973 529140 610258 609531 189926 238862 179929 73527 406958 348160 521290 407856 456383 999999999 324091 543101 494950 419552 435487 542075 393823 84382 567440 729509 317145 496578 255487 466491 510930 625182 472455 425978 414980 490537 353635 571516 447765 304053 412494 267609 300641 205616 496184 261884 472853 688917 196605 360834 122315 575495 473418 358563 486588 482763 484198 207375 569693 466850 174321 195629
382258 503993 300141 922681 322369 623167 992750 955842 684165 466997 625682 870005 847148 839969 505295 572753 204114 219399 748586 208170 455181 597328 145657 484198 492724 503134 697937 353558 499740 360376 676853 702257 774519 215822 378908 55493 584883 45200 392764 735116 317287 324183 837110 933147 422191 507721 448747 274456 725024 310677 621848 502127 551129 324091 999999999 850888 816744 548762 741669 641273 384738 408363 874133 1048001 628779 746398 394502 782760 356291 866592 586645 749584 337945 470895 181526 619243 412182 540281 733113 519923 548305 194863 207241 258013 708432 923532 397516 208257 440881 890304 793849 152900 622477 803812 579993 524946 330817 712739 375636 517916
682023 653078 644642 770038 1112779 869600 225547 934014 284026 628964 826706 357535 6306 633537 933652 598470 670553 676022 160179 1023351 406818 597861 764813 494400 939830 400599 195971 830110 464038 725243 852715 311423 353304 973807 514179 798957 668565 895554 562703 428934 866173 1066086 732688 275319 443689 533059 405942 577425 151809 703781 879009 814690 843623 543101 850888 999999999 288048 512200 411646 894305 879322 464542 439794 217428 393289 249621 524228 348001 1036797 706127 833056 254535 926707 958405 804661 674781 934209 595899 162861 563678 340008 745525 1037639 784190 645715 761199 628061 795912 461710 65582 125612 826352 506797 298428 860092 336799 1110790 265851 492606 393388
