NAME : synthetic_000525
TYPE : CTSP-D
DIMENSION : 100
GROUPS : 8
RELAXATION_LEVEL : 1
EDGE_WEIGHT_TYPE : EXPLICIT
EDGE_WEIGHT_FORMAT : FULL_MATRIX
EDGE_WEIGHT_SECTION
999999999 384776 808310 291153 789493 1015598 799858 159544 120775 999514 206937 762151 153586 648604 835177 117666 1111151 294424 191929 686948 308080 498148 735382 334836 434163 767351 679375 922262 662237 657567 1029379 713400 417196 389092 379035 286294 576357 699279 678441 905916 400415 244149 474871 638245 356952 907343 705091 867277 215404 395359 200144 108125 522087 457234 912578 401264 470376 708260 440171 274328 626761 689054 524799 354781 846811 516842 432733 821351 970128 480338 330864 686834 278430 183945 528710 62911 372150 467314 393418 578007 361055 317119 531357 616376 1036041 789323 708874 591469 766514 545503 120201 747619 692473 491092 778264 121567 939570 795432 723682 196596
384776 999999999 592924 503593 449841 641654 431199 227184 496852 621889 411074 381732 343816 512869 534952 277935 726428 349758 212821 305561 431017 431663 413353 396803 291585 617675 537407 555639 374541 365699 657546 557794 499675 75341 135354 401832 204948 374462 485230 715424 85797 145739 255876 481667 176821 729040 320431 489372 465905 317200 212296 411512 164855 471920 528298 308589 308476 374145 89931 215186 511010 554407 406187 274652 515917 323035 118159 439953 586551 255810 212131 306906 270059 251390 199822 332212 80115 435628 455065 390965 223867 269483 146668 315889 651655 488132 494045 550583 616458 177954 293762 483276 332296 445071 506584 268033 633098 477290 548526 507450
808310 592924 999999999 667862 321227 553482 437901 687245 859581 573171 658844 662149 665449 192776 204634 701397 756579 532784 740350 626817 572345 1023765 276593 516306 882492 134395 1107469 462638 238646 249355 547074 1120462 513408 523831 727432 572194 647263 829186 130221 126315 672230 629120 834247 1051525 476741 147044 559697 733725 704183 415101 747642 748146 458430 431789 677765 407798 895016 812866 651462 541096 226132 174672 293045 453539 296676 297039 692208 532489 727223 832204 486326 495626 846841 628461 723326 793643 672804 385866 495957 230940 455097 491192 566681 294405 746677 943454 1032558 332350 133626 469936 792534 983530 400826 1037863 138555 705943 253521 255082 1102882 778205
291153 503593 667862 999999999 766502 1029560 818355 328186 252649 1024473 101429 868010 180775 479210 763625 283431 1170813 176435 409580 792942 101730 767690 700126 161399 675731 585839 938012 926390 607722 607787 1037475 969129 168089 461665 569401 117441 706559 874309 543970 735398 561994 373936 692804 890694 366819 728233 783099 976869 76545 291790 421779 183072 568918 241386 993607 304881 709474 876152 587974 292860 448564 510489 380176 288670 806527 432142 600332 870347 1054853 696589 321728 742544 535066 262335 696131 332040 536463 282050 172840 465488 334417 265171 631859 583941 1111539 982323 943351 371911 585381 599041 379567 960851 709730 764846 688258 299250 862843 747314 973406 133108
789493 449841 321227 766502 999999999 272524 117401 635569 878323 278592 714551 358089 684380 415595 135024 671828 454669 593691 653141 341848 665437 836019 69078 606666 697608 435903 874856 168241 165058 162119 276001 879965 658161 410504 561008 650325 403178 553480 322758 432696 502542 554836 631012 821653 437006 459667 267349 416594 771381 474923 655419 770700 285131 583239 356538 461684 698414 533272 466448 525036 442634 430440 422849 482598 68875 338573 505859 212276 406802 626881 472772 211932 718100 611203 496777 751657 516075 526193 622480 330937 448376 513866 351020 183340 431352 657498 778740 550429 434749 274299 727344 712497 128743 855399 182904 669021 200565 67682 856251 837750
1015598 641654 553482 1029560 272524 999999999 216717 856492 1115798 39964 969353 361680 929760 681714 349720 899959 208515 854150 854475 401216 929790 945378 341558 872119 822366 682712 930022 104663 437385 433850 23447 924135 929151 626520 718596 912319 510945 578161 586949 638392 666140 772090 745061 884690 680869 668308 342692 341859 1027342 740229 853694 1013521 493644 855283 240927 726667 811486 553856 623354 768739 710626 691285 695337 741705 262222 608398 654664 211362 251119 739251 721560 335876 887346 848203 605633 969328 687731 798221 892302 603430 701203 769563 505807 447652 229992 645679 812129 820534 681707 470359 934972 723986 326469 968462 428135 894180 324856 317498 893597 1089810
799858 431199 437901 818355 117401 216717 999999999 641137 899141 206535 754619 249457 713353 517058 249963 683783 362571 642151 643310 248149 719937 775193 168727 663520 642412 548656 793028 124442 253039 246334 229553 794499 728343 410866 521479 700914 333030 457009 427855 550058 465691 557007 569709 742031 464822 577068 173840 299748 812823 532539 643371 796873 277808 658874 240662 518818 637674 435153 424807 552418 541265 536483 504714 529711 166186 408765 460261 94877 293530 564725 506185 137275 687353 631487 430211 754865 484523 602277 689156 417591 486985 555896 304900 245979 325460 553799 688740 643984 547465 256009 722591 615328 110121 796431 299354 678332 295824 185006 768360 874162
159544 227184 687245 328186 635569 856492 641137 999999999 269742 840066 226792 607728 147695 548369 690640 53448 952664 236856 84969 531877 292238 450705 584547 289059 348317 666771 612730 764036 517751 512010 870543 642793 392638 230300 248235 262309 425007 565852 560441 794929 255217 84610 365907 563939 214703 800467 546649 714353 270206 294403 97277 192337 363350 403788 755458 295602 381557 571706 291053 148775 532557 590951 423154 245577 695146 390265 291140 661861 813710 370034 201189 527311 218185 81244 389280 116162 227130 394414 355752 457326 232321 212548 373766 467950 878776 666054 615376 524117 665776 386207 105522 636965 534510 451804 640253 41191 794530 646144 645843 294302
120775 496852 859581 252649 878323 1115798 899141 269742 999999999 1102018 206637 877269 198441 685457 910611 219639 1221030 327309 312304 801530 308586 604165 820028 352915 551198 801177 788784 1019440 739894 736534 1128343 823708 409539 491779 499512 297076 693179 819961 729673 946221 518922 352296 594817 750333 441320 943913 815391 983459 180982 445930 320797 112143 623116 467668 1024982 454809 587532 828748 557646 353435 659417 722870 567741 414763 931647 580673 552125 927380 1083402 600389 407299 792730 394318 268222 648678 183485 490576 491567 398086 634544 434581 377848 643298 699434 1148206 909882 825226 604322 800495 648572 240146 866934 790021 594474 846959 228820 1014638 877340 836027 123896
999514 621889 573171 1024473 278592 39964 206535 840066 1102018 999999999 961084 326769 918700 692651 368558 884807 183558 848417 834482 370254 925593 913384 346744 868664 792482 700100 893858 112532 441468 437027 63153 887318 929652 611009 693247 907050 482462 541754 598574 663079 642072 755482 714587 849195 670807 692767 315524 302585 1019316 737168 833198 1001451 478909 857465 201307 723502 780488 517386 598903 758017 720557 704515 699176 735931 277962 608731 628840 184986 211537 708652 712536 314998 862352 835340 575903 951706 664528 800469 891708 608378 693520 762413 482948 446432 193973 607021 775038 828986 699054 454149 915638 686067 316411 936724 443888 878422 353122 329759 856476 1080265
206937 411074 658844 101429 714551 969353 754619 226792 206637 961084 999999999 783397 79375 480334 728286 182434 1099161 128066 308285 707548 104602 668093 651064 146481 574347 595095 836999 868103 563332 561734 979049 867937 211902 376343 469499 90440 615651 777963 529970 741099 464728 276005 591817 789422 291849 738026 703621 892361 58447 252389 320513 105803 492919 262147 915522 263351 608048 780782 492795 209051 453501 516964 365818 232706 760836 393412 502847 798982 976353 595689 248759 667820 434926 163680 599591 238438 438552 285096 193700 439627 268214 200789 545308 531384 1035593 884217 842069 398879 594437 522144 282078 860755 644680 665985 658655 198215 830691 703409 872023 124438
762151 381732 662149 868010 358089 361680 249457 607728 877269 326769 783397 999999999 722059 694499 493031 659354 365939 698202 576739 76315 781970 590151 386439 735066 477250 754228 569095 328108 438194 428214 384180 564848 823390 407223 405835 756181 188555 218847 619259 782463 366717 527471 397861 523069 503719 807332 106524 108980 840424 619153 572017 792989 309192 770401 160649 606224 460992 195053 324248 575911 710804 723759 642162 595971 414920 536586 341841 170977 211527 391479 548830 170617 571109 630190 266321 705423 393852 719097 779360 573768 543000 608531 238591 400385 280970 305309 454272 795963 752956 278870 658951 372386 262343 614086 526886 648852 545233 423833 535560 887165
153586 343816 665449 180775 684380 929760 713353 147695 198441 918700 79375 722059 999999999 498630 712385 103497 1048751 141239 228940 645806 162060 589988 624300 181745 494972 616745 757782 830861 542243 539195 940978 788618 270574 318347 392576 136509 548669 704661 535235 757860 391208 203037 513299 710071 249305 757898 647803 830699 124906 250366 241182 87087 442946 304335 859891 258263 528706 708511 421669 161063 475443 538248 376668 216554 735658 382456 428907 750285 920095 517294 211622 616946 356516 92426 526459 169768 364330 313954 242546 437943 237418 179453 483498 503570 981491 808904 763071 437959 615953 470777 207253 783253 603333 588512 648578 119187 816323 680470 792649 165566
648604 512869 192776 479210 415595 681714 517058 548369 685457 692651 480334 694499 498630 999999999 344934 551630 870252 359421 614566 641141 387258 937886 350666 334459 801589 119126 1049350 580461 265837 274053 680655 1068028 321220 437713 646182 390994 625723 819923 95156 260807 598308 506597 768126 993343 358292 259302 588019 784983 521169 256044 623835 576326 422672 240159 751742 253151 820896 808311 589335 399866 33795 43035 125510 303040 421087 190366 626562 603631 808410 767610 351982 524833 735515 478745 681636 643852 591032 198205 306422 127867 322983 338050 535693 294280 842247 939310 994149 145836 118222 444909 652937 962524 441547 948133 260881 559060 424612 364219 1055970 595212
835177 534952 204634 763625 135024 349720 249963 690640 910611 368558 728286 493031 712385 344934 999999999 719085 551945 601328 722633 473747 662184 944480 127002 602512 803662 333097 997115 258162 173138 178634 344569 1004363 632815 481677 658279 652843 524274 684769 250578 303754 599609 616382 742332 942858 478704 332074 400176 549627 781754 476889 726903 799381 373957 552377 483274 465256 808381 665266 568250 561622 376725 347563 391116 498047 93128 334985 609140 343968 529010 738835 505593 341576 804597 651678 613792 805721 608637 497368 603695 299873 476784 533771 460737 224500 544102 791017 906065 489647 332108 372162 789963 843470 250255 962311 84085 719139 104408 70552 982124 852664
117666 277935 701397 283431 671828 899959 683783 53448 219639 884807 182434 659354 103497 551630 719085 999999999 1001413 216876 126543 583324 259666 486654 617902 266340 392830 670726 654608 805663 545984 541037 913332 685716 365007 273798 300653 231253 477675 619077 572580 804199 308659 132735 415469 607359 240396 807772 595757 766388 221086 295589 138607 138945 406335 386232 805588 299228 427073 625084 344241 161267 532951 593443 426230 250231 729264 406408 344560 708504 864257 419865 217564 573821 253097 73308 442687 92618 280578 384333 331760 470458 248485 213869 424017 499196 928728 718490 663061 513163 669801 430701 110461 687701 575813 485567 664195 15832 823410 678210 690392 241286
1111151 726428 756579 1170813 454669 208515 362571 952664 1221030 183558 1099161 365939 1048751 870252 551945 1001413 999999999 994558 932884 433405 1074953 942983 520522 1020308 839865 882678 886499 294469 612292 606595 221955 872598 1089705 731807 769942 1053841 551427 545039 777219 845951 726859 868943 760376 849988 807504 875743 406069 287365 1157584 891009 929458 1127325 606616 1021287 205366 877258 820639 521525 683405 891266 896933 884303 867002 883248 460722 771139 705261 300553 160969 753790 851487 431911 936609 960615 632141 1057977 752711 964776 1049687 778675 836464 905805 580101 608502 91745 574869 759960 1003111 881615 578112 1015426 662723 464663 967750 626078 992904 533366 510414 838754 1213497
294424 349758 532784 176435 593691 854150 642151 236856 327309 848417 128066 698202 141239 359421 601328 216876 994558 999999999 320286 624226 83829 684321 528581 52967 570794 476735 837093 751423 438614 437669 862555 864634 159503 296764 440572 59320 545829 724186 403274 619752 420103 244895 570800 785407 194494 618621 609854 806596 180471 124619 332244 217044 394778 169356 819207 136081 600754 723255 438575 135312 335078 398195 240447 112503 637054 266358 458246 694176 880553 573364 149383 567304 454050 155612 548762 302052 397995 172903 119568 311614 158626 90112 465656 410453 936216 837399 822554 298777 475978 425175 327169 826490 533350 686949 530799 229073 703284 578833 863489 251766
191929 212821 740350 409580 653141 854475 643310 84969 312304 834482 308285 576739 228940 614566 722633 126543 932884 320286 999999999 502875 377197 365752 608742 372872 266307 731423 529040 767670 552319 545315 870304 559690 477187 243256 187211 347277 388949 507851 617145 853178 211009 111230 291668 481137 263856 860884 528848 679824 347354 365935 12358 257915 370376 485304 731014 365151 300550 516445 252574 217698 601498 657531 490872 315715 716501 444815 241585 651783 786909 296458 262608 519496 133777 165182 336869 130913 183207 472199 439631 514209 292188 286314 354499 498141 854368 600959 537055 601577 730366 388094 82554 565074 541755 367118 680142 110736 824870 672043 563921 361457
686948 305561 626817 792942 341848 401216 248149 531877 801530 370254 707548 76315 645806 641141 473747 583324 433405 624226 502875 999999999 708050 544340 356967 662238 422442 709250 545848 349061 394276 383814 422298 546479 752592 331640 336681 681857 118226 211663 571484 750303 294165 451295 344338 495895 429930 773561 75162 184956 764443 549047 498581 716709 239970 702240 229035 536383 410359 191561 251064 500493 655057 672879 580091 523739 405246 474697 271892 193263 284034 338398 474873 133089 504269 553898 206352 630798 320693 652252 708258 517182 470320 534882 162421 349974 351904 318542 440741 734973 707962 210443 585294 370707 227995 567294 496116 572964 538636 403230 520214 810871
308080 431017 572345 101730 665437 929790 719937 292238 308586 925593 104602 781970 162060 387258 662184 259666 1074953 83829 377197 708050 999999999 742832 598780 59710 636956 498637 902929 826280 506092 506263 937282 931851 109268 380199 514555 30681 628952 805365 446347 646687 498263 316746 643143 852669 278251 641750 693044 890308 134465 190518 389515 210321 477789 159184 901801 203779 668494 805062 518990 215831 358342 421430 281576 191780 704869 330425 536640 774945 963180 646141 233189 649453 509699 214211 628948 331678 474947 189154 89568 364759 241084 173557 549386 483277 1018094 917432 895325 295745 498064 508270 367947 903563 612080 743302 587408 274263 761812 645609 932634 208204
498148 431663 1023765 767690 836019 945378 775193 450705 604165 913384 668093 590151 589988 937886 944480 486654 942983 684321 365752 544340 742832 999999999 817778 737217 141827 1046932 187289 888988 798036 788346 966614 223700 842454 504075 296489 713004 442336 401241 916540 1146934 351842 448317 205808 160617 582029 1160701 608683 655723 698919 710527 353483 596817 574454 845134 744440 706364 137888 423495 377404 567978 931867 980352 822526 660634 904891 750881 336163 736938 782017 210554 599092 638592 233621 530502 345067 442544 351547 825034 803888 820256 623121 638069 485538 738704 852036 421348 261522 951664 1045742 572613 389592 342577 707406 25275 929182 471168 1033801 879428 242702 694143
735382 413353 276593 700126 69078 341558 168727 584547 820028 346744 651064 386439 624300 350666 127002 617902 520522 528581 608742 356967 598780 817778 999999999 539726 677184 380691 871184 237157 96010 93479 345023 879163 589372 365639 533340 584513 398741 565560 259742 396061 474576 506230 615354 816685 379721 420945 286326 457852 707343 408340 612036 711085 249941 514202 408510 395274 681491 547198 442141 466735 376543 368259 353786 418482 111689 270463 482861 260489 462244 611840 412967 223928 683404 554629 487133 700641 484860 457163 554051 262015 387132 450931 333735 120730 492205 675505 782504 482964 379484 246027 679921 723328 129131 835810 140484 616163 219911 63947 857623 774834
334836 396803 516306 161399 606666 872119 663520 289059 352915 868664 146481 735066 181745 334459 602512 266340 1020308 52967 372872 662238 59710 737217 539726 999999999 623597 448639 889862 768352 446689 447011 879248 917251 106868 339659 492011 56535 588936 770574 389107 595040 469652 297281 622581 838037 233308 591613 643359 842762 187890 131973 384882 247331 428112 122601 850368 145468 653386 768783 486280 184796 307130 370578 224085 139707 645406 270869 507561 720924 911765 625023 189611 597501 506649 207885 596471 348324 448287 138655 66760 305497 192066 129253 506220 425006 965306 884933 874057 257030 447988 458724 376796 876198 556442 739714 528004 279240 702300 586063 915823 261957
434163 291585 882492 675731 697608 822366 642412 348317 551198 792482 574347 477250 494972 801589 803662 392830 839865 570794 266307 422442 636956 141827 677184 623597 999999999 908703 266345 759482 656210 646526 842759 294939 730291 365202 156280 606417 312485 319205 776810 1006048 210292 327313 79518 215841 449327 1020262 481102 556283 613245 582709 254226 519354 432753 724501 636435 577335 36348 337293 235848 445922 797186 843711 689066 533846 766452 613103 194691 611636 680193 86075 470728 505169 157098 422848 216733 372483 211683 699611 689391 681882 492497 514900 346590 596877 750942 377223 274786 823682 907497 431547 315074 320120 569396 158649 787394 377010 894198 739254 297676 621764
767351 617675 134395 585839 435903 682712 548656 666771 801177 700100 595095 754228 616745 119126 333097 670726 882678 476735 731423 709250 498637 1046932 380691 448639 908703 999999999 1150183 588232 316145 326292 677585 1166957 421634 543502 752531 505004 709912 900509 139864 150022 701976 622438 870430 1094004 472047 143127 648534 835495 633098 375137 740397 693103 509552 344454 789074 372009 926043 886727 688923 518082 141830 78540 244520 421782 422142 296098 727715 641181 841800 869402 468935 583895 850094 597794 774543 762972 697124 310290 413799 226821 439271 457064 622680 360315 866785 1018337 1087657 222898 1294 527747 771579 1048944 492872 1058250 256725 678064 387889 373819 1152883 706749
679375 537407 1107469 938012 874856 930022 793028 612730 788784 893858 836999 569095 757782 1049350 997115 654608 886499 837093 529040 545848 902929 187289 871184 889862 266345 1150183 999999999 892779 871498 861063 952793 37012 996596 612736 409013 872450 472910 352159 1013572 1233426 451621 593149 281532 56193 706943 1250762 619228 605459 872580 843887 516734 773868 649067 989123 704469 837542 237172 376565 461263 710948 1048374 1090306 943165 796079 942141 859015 422935 734708 729091 281787 732309 664560 405047 688724 385811 621265 462101 961899 955527 925094 751915 779193 542731 813697 795007 317307 128259 1083498 1148933 638660 565984 227605 748366 202759 997176 638805 1075352 928034 65181 873676
922262 555639 462638 926390 168241 104663 124442 764036 1019440 112532 868103 328108 830861 580461 258162 805663 294469 751423 767670 349061 826280 888988 237157 768352 759482 588232 892779 999999999 332853 329216 111133 890881 824517 533772 643791 809307 447440 546267 486210 557109 588738 680195 684763 844088 581575 586411 280446 341057 925869 636399 767791 915479 400834 750639 252269 622884 752414 522812 547268 669831 608669 591993 590855 639120 166290 503826 581629 158264 285246 679432 621259 257543 810605 751300 544471 878288 608204 693577 787791 499152 599909 667783 427593 343524 289100 629594 781542 717722 587172 380025 846746 700332 229850 910995 331730 800695 256515 217231 862547 989407
662237 374541 238646 607722 165058 437385 253039 517751 739894 441468 563332 438194 542243 265837 173138 545984 612292 438614 552319 394276 506092 798036 96010 446689 656210 316145 871498 332853 999999999 10732 441032 883382 493559 314669 504550 493210 408620 591983 182207 364843 447039 444660 602456 815796 305590 385160 332390 522509 618570 316301 557181 629329 224695 418193 485907 303615 665536 576448 421365 389143 288631 289405 258019 330915 198839 176103 462606 337829 542711 599905 333457 267760 641023 478963 486209 632653 451964 361154 458708 166979 305343 365233 329189 59338 578417 707654 794107 391257 314868 232844 617817 745284 178176 813918 132074 546003 277427 140222 865068 687649
657567 365699 249355 607787 162119 433850 246334 512010 736534 437027 561734 428214 539195 274053 178634 541037 606595 437669 545315 383814 506263 788346 93479 447011 646526 326292 861063 329216 10732 999999999 438037 872855 496042 306739 495200 492785 397917 581274 191669 375538 437560 438144 592383 805384 300685 395888 322290 513204 617308 316094 550011 626264 214673 421435 477791 303232 655619 565768 411505 385027 296193 298429 262150 329102 199386 177094 452762 329936 534918 589793 329641 257701 632740 474592 475704 627172 442819 364373 460573 172121 301975 362925 318666 49920 571476 696992 783443 397655 325012 222403 611535 734552 168818 804344 141231 540781 282622 141781 854475 685940
1029379 657546 547074 1037475 276001 23447 229553 870543 1128343 63153 979049 384180 940978 680655 344569 913332 221955 862555 870304 422298 937282 966614 345023 879248 842759 677585 952793 111133 441032 438037 999999999 947107 933993 640332 737043 920420 530923 601046 585635 628446 684039 786298 765728 907245 691800 658482 362374 365305 1036870 747279 869769 1025220 507296 859225 264326 733792 832347 576763 641463 779915 710140 688790 698511 750252 259778 613743 673368 231216 273518 759972 731887 352887 905542 860430 626058 983914 705212 802184 897801 606114 710837 778826 523325 454288 249748 669082 835185 820808 676609 484791 950431 747254 338354 989589 424660 907866 313108 316823 916657 1100122
713400 557794 1120462 969129 879965 924135 794499 642793 823708 887318 867937 564848 788618 1068028 1004363 685716 872598 864634 559690 546479 931851 223700 879163 917251 294939 1166957 37012 890881 883382 872855 947107 999999999 1024089 632944 432314 901291 480434 346272 1029495 1246645 472084 620086 302640 79242 729546 1264656 620745 594762 904547 867535 547436 806754 662642 1014514 695004 860784 263881 370440 478803 736963 1068063 1108573 963978 820305 946602 877684 441670 732619 716800 302176 756364 668650 437791 717782 397218 654757 484247 985903 982570 942859 775036 804588 554193 826183 781464 299409 113174 1106200 1165698 650713 599067 210195 754683 239630 1007443 669891 1080121 934792 35483 907085
417196 499675 513408 168089 658161 929151 728343 392638 409539 929652 211902 823390 270574 321220 632815 365007 1089705 159503 477187 752592 109268 842454 589372 106868 730291 421634 996596 824517 493559 496042 933993 1024089 999999999 438626 598520 134452 686483 871739 396381 571642 574719 404149 729251 944868 329949 562931 727338 929561 229179 204565 489336 317467 514249 82133 929430 217820 760215 868880 589525 290657 288826 348535 241784 230974 688084 320966 612356 793873 990601 731627 288820 676977 610795 312049 699477 440342 554010 135448 44959 334258 285100 230195 600994 483388 1040479 987350 980528 204175 421266 544697 474601 981070 625507 844305 552556 378950 726632 627826 1022683 297981
389092 75341 523831 461665 410504 626520 410866 230300 491779 611009 376343 407223 318347 437713 481677 273798 731807 296764 243256 331640 380199 504075 365639 339659 365202 543502 612736 533772 314669 306739 640332 632944 438626 999999999 209062 352681 249354 433516 412595 644794 161115 146530 331205 556972 109193 657425 329456 516203 433706 247701 246398 395519 133060 404337 541555 238055 383283 430256 159458 168914 435669 479386 331144 208956 473299 248180 192166 435784 601847 331086 150271 301271 326948 228870 265518 344765 153684 364995 393683 316681 155797 210414 170206 258025 663212 550349 567281 477001 542295 156934 317010 551897 304444 516451 445578 267665 582851 429117 623239 483868
379035 135354 727432 569401 561008 718596 521479 248235 499512 693247 469499 405835 392576 646182 658279 300653 769942 440572 187211 336681 514555 296489 533340 492011 156280 752531 409013 643791 504550 495200 737043 432314 598520 209062 999999999 483967 218523 320853 620575 850445 58775 197954 131282 354270 297977 864306 378118 503421 517035 435233 179012 438858 284416 583327 564992 428626 175057 329240 96683 308208 642720 688111 535684 388109 629166 457162 65021 508325 617316 133251 324118 386346 169201 307239 151174 317329 55415 553600 555560 525719 342941 373861 216598 445307 686730 417859 382046 674485 751321 288046 264109 391461 435698 310534 636425 286182 752686 596626 426976 541841
286294 401832 572194 117441 650325 912319 700914 262309 297076 907050 90440 756181 136509 390994 652843 231253 1053841 59320 347277 681857 30681 713004 584513 56535 606417 505004 872450 809307 493210 492785 920420 901291 134452 352681 483967 999999999 600869 775985 444432 651566 468154 286120 612476 822100 252786 648024 668714 864738 132207 176998 359574 193473 453794 173111 878341 189598 637884 775969 489428 186782 363588 427021 279489 171237 691999 318837 506558 753480 939672 615484 207555 626562 480081 183785 599267 306166 444654 194810 107140 358292 217914 149133 522373 467386 995498 887640 864658 309525 504363 484135 340364 873192 592322 713741 579984 245562 753686 633251 901991 206063
576357 204948 647263 706559 403178 510945 333030 425007 693179 482462 615651 188555 548669 625723 524274 477675 551427 545829 388949 118226 628952 442336 398741 588936 312485 709912 472910 447440 408620 397917 530923 480434 686483 249354 218523 600869 999999999 195299 570060 773450 178332 348276 237378 418991 356686 793554 168722 291069 670800 489000 383872 614139 203072 646071 346599 477654 305166 186774 136474 414779 633800 662174 544699 455606 471243 443379 153881 299714 399911 232150 399372 197274 386109 456256 97272 518468 205771 601190 641540 497965 401539 459685 91266 354272 468789 315140 386144 699131 708621 182223 470899 339065 275696 463901 528455 466179 603689 455127 459423 711684
699279 374462 829186 874309 553480 578161 457009 565852 819961 541754 777963 218847 704661 819923 684769 619077 545039 724186 507851 211663 805365 401241 565560 770574 319205 900509 352159 546267 591983 581274 601046 346272 871739 433516 320853 775985 195299 999999999 760791 954331 313483 502152 245618 309167 542684 976216 286572 258407 829462 679138 499164 757959 397772 836429 354142 668412 291898 24432 286788 589578 828739 855613 739867 642443 616732 638657 275811 388232 384579 238830 582921 343227 453210 614447 178373 637051 340422 793532 826851 692383 588976 642116 286536 541281 453453 119841 235441 894065 899215 375109 582206 159047 436566 426382 702737 605217 749942 614218 316714 860116
678441 485230 130221 543970 322758 586949 427855 560441 729673 598574 529970 619259 535235 95156 250578 572580 777219 403274 617145 571484 446347 916540 259742 389107 776810 139864 1013572 486210 182207 191669 585635 1029495 396381 412595 620575 444432 570060 760791 999999999 236125 568147 506204 735103 957381 353466 245760 512983 704708 576629 284882 625054 618108 370111 314278 665450 277635 792470 747209 552701 413095 126186 108635 165024 323787 325987 172415 592175 516952 720797 733781 359255 448643 728801 499452 635698 665028 565241 263850 374199 103218 328173 361352 483056 221640 751928 878813 948635 239070 138572 387917 665939 909103 360380 929036 166514 577615 334436 269487 1014714 650455
905916 715424 126315 735398 432696 638392 550058 794929 946221 663079 741099 782463 757860 260807 303754 804199 845951 619752 853178 750303 646687 1146934 396061 595040 1006048 150022 1233426 557109 364843 375538 628446 1246645 571642 644794 850445 651566 773450 954331 236125 999999999 795994 742302 959327 1177439 589581 30200 681713 848991 781002 510685 861153 836785 584362 494057 786679 505560 1019432 937634 776404 646701 288362 225334 381370 553998 396270 408539 816962 644892 832725 957411 594022 618216 964396 730891 849557 896817 795498 457655 563004 338982 563158 590803 692972 420696 845697 1067824 1158855 372077 150378 596215 900435 1109244 523047 1160464 255583 810179 316929 365051 1229173 854887
400415 85797 672230 561994 502542 666140 465691 255217 518922 642072 464728 366717 391208 598308 599609 308659 726859 420103 211009 294165 498263 351842 474576 469652 210292 701976 451621 588738 447039 437560 684039 472084 574719 161115 58775 468154 178332 313483 568147 795994 999999999 188753 170091 395869 259728 810594 328541 468879 515982 399693 205605 447392 225857 552326 523157 391778 224330 317594 43659 285005 596768 639670 491909 355107 570600 408226 38459 457140 577723 170024 291427 331882 221902 301093 135266 341266 28356 518429 530696 475559 306299 345788 161200 387727 646043 420528 410742 635347 700748 229304 292661 406547 377757 367012 578726 295712 693911 537851 463273 548352
244149 145739 629120 373936 554836 772090 557007 84610 352296 755482 276005 527471 203037 506597 616382 132735 868943 244895 111230 451295 316746 448317 506230 297281 327313 622438 593149 680195 444660 438144 786298 620086 404149 146530 197954 286120 348276 502152 506204 742302 188753 999999999 326628 540904 152762 750404 463128 635010 327513 264163 118851 266099 279365 397927 672862 261503 356299 505576 218750 119717 495231 549630 384396 213764 615878 333809 226843 577340 731601 329491 155545 442755 230037 112344 323803 198239 162628 376837 362494 403420 183628 189753 291353 392198 795993 608483 578760 504297 621357 301744 173853 588492 450973 454111 570897 124029 719515 568713 618597 363683
474871 255876 834247 692804 631012 745061 569709 365907 594817 714587 591817 397861 513299 768126 742332 415469 760376 570800 291668 344338 643143 205808 615354 622581 79518 870430 281532 684763 602456 592383 765728 302640 729251 331205 131282 612476 237378 245618 735103 959327 170091 326628 999999999 225836 427001 975259 405137 477173 635950 565513 280756 549583 377773 714540 556925 558476 67990 262033 182968 439276 766855 809294 661782 518930 699851 577882 142931 534906 600801 6854 454896 432910 210711 432490 140321 411999 181691 684101 686518 644571 472709 505142 281772 543486 671555 317115 252182 803610 869191 372383 354767 273612 502290 226721 731903 400057 829614 676141 295924 653119
638245 481667 1051525 890694 821653 884690 742031 563939 750333 849195 789422 523069 710071 993343 942858 607359 849988 785407 481137 495895 852669 160617 816685 838037 215841 1094004 56193 844088 815796 805384 907245 79242 944868 556972 354270 822100 418991 309167 957381 1177439 395869 540904 225836 999999999 651986 1194689 568471 565943 826718 789441 468919 729873 593100 935725 663212 782895 184653 333556 405088 657968 992549 1034245 887611 741938 889232 802993 366853 686402 691004 225909 678062 612111 361170 638637 330530 578799 406884 907655 903396 868971 697197 725778 487261 757883 758266 290367 108209 1028634 1092753 582990 522605 202711 694663 180993 941856 591528 1022213 874017 85709 830813
356952 176821 476741 366819 437006 680869 464822 214703 441320 670807 291849 503719 249305 358292 478704 240396 807504 194494 263856 429930 278251 582029 379721 233308 449327 472047 706943 581575 305590 300685 691800 729546 329949 109193 297977 252786 356686 542684 353466 589581 259728 152762 427001 651986 999999999 597983 416324 612107 350296 140381 271600 334531 202354 295793 626888 132060 472213 539173 265753 88428 350176 401221 240498 99765 491399 181057 294552 507186 688091 427820 45239 376811 378056 174918 373800 327893 245315 258916 284991 250814 47119 104964 272915 259828 745501 659497 670256 376668 470932 232300 318260 659375 354704 591142 425719 240656 583016 438818 722312 409464
907343 729040 147044 728233 459667 668308 577068 800467 943913 692767 738026 807332 757898 259302 332074 807772 875743 618621 860884 773561 641750 1160701 420945 591613 1020262 143127 1250762 586411 385160 395888 658482 1264656 562931 657425 864306 648024 793554 976216 245760 30200 810594 750404 975259 1194689 597983 999999999 705787 875498 776213 512943 869174 835370 602021 486952 814476 508581 1034516 959907 792295 651840 284536 221071 382651 557648 424853 417385 832586 671942 861067 973517 600203 641970 974401 734527 867912 900325 809155 453378 556593 347234 569625 593960 711776 439780 874793 1090456 1178280 361058 143724 614999 905847 1130362 546946 1173731 280719 814290 347111 392132 1247782 849834
705091 320431 559697 783099 267349 342692 173840 546649 815391 315524 703621 106524 647803 588019 400176 595757 406069 609854 528848 75162 693044 608683 286326 643359 481102 648534 619228 280446 332390 322290 362374 620745 727338 329456 378118 668714 168722 286572 512983 681713 328541 463128 405137 568471 416324 705787 999999999 203867 761586 522789 526175 723827 215348 670895 212151 509526 472513 265992 284997 494584 604577 617255 538121 503655 330178 432732 313491 131333 272752 399644 461502 64689 547317 557838 264871 652346 352411 618351 683958 467814 452133 519742 174559 293865 333948 390891 515684 691162 647257 184798 611201 445605 158878 630873 426490 586993 463506 329800 594903 813313
867277 489372 733725 976869 416594 341859 299748 714353 983459 302585 892361 108980 830699 784983 549627 766388 287365 806596 679824 184956 890308 655723 457852 842762 556283 835495 605459 341057 522509 513204 365305 594762 929561 516203 503421 864738 291069 258407 704708 848991 468879 635010 477173 565943 612107 875498 203867 999999999 949350 725054 674445 900870 415530 874496 102156 711951 535255 234591 427528 684872 803573 811514 741287 703387 462984 636113 441108 205936 126453 470455 657275 262323 664268 738707 356900 809534 496624 822175 885805 668270 650749 716787 347377 491461 196332 305776 481597 893475 834249 384981 761508 388199 344385 680542 595669 755532 584750 484261 562262 995658
215404 465905 704183 76545 771381 1027342 812823 270206 180982 1019316 58447 840424 124906 521169 781754 221086 1157584 180471 347354 764443 134465 698919 707343 187890 613245 633098 872580 925869 618570 617308 1036870 904547 229179 433706 517035 132207 670800 829462 576629 781002 515982 327513 635950 826718 350296 776213 761586 949350 999999999 304892 359242 107328 551278 292210 973568 316544 647826 833088 545762 267148 492640 555811 411660 288900 816619 446813 553756 857425 1034336 640165 307140 726186 467943 215687 651199 259285 489198 323355 221821 489698 326139 258164 602078 588085 1093810 933748 884146 427731 632522 580439 309428 907078 702931 694964 710507 236784 883497 758772 910406 74115
395359 317200 415101 291790 474923 740229 532539 294403 445930 737168 252389 619153 250366 256044 476889 295589 891009 124619 365935 549047 190518 710527 408340 131973 582709 375137 843887 636399 316301 316094 747279 867535 204565 247701 435233 176998 489000 679138 284882 510685 399693 264163 565513 789441 140381 512943 522789 725054 304892 999999999 376197 333966 309962 157305 725902 13752 607698 674207 405914 148243 238373 297985 130668 50478 515130 142106 434869 592801 787185 566634 111983 473096 493500 222737 513206 387878 384045 118757 161347 188766 93437 82258 400978 293034 838543 797057 810401 241263 374213 340324 397910 799339 426462 717458 406269 303124 578678 456272 861302 376366
200144 212296 747642 421779 655419 853694 643371 97277 320797 833198 320513 572017 241182 623835 726903 138607 929458 332244 12358 498581 389515 353483 612036 384882 254226 740397 516734 767791 557181 550011 869769 547436 489336 246398 179012 359574 383872 499164 625054 861153 205605 118851 280756 468919 271600 869174 526175 674445 359242 376197 999999999 268937 371831 496903 727069 375151 288593 508161 247778 228033 611172 666828 500460 325885 719246 452654 235013 650042 782566 285644 271865 518319 121820 177299 329385 138331 178170 483235 451643 522259 301132 297004 352134 502488 850322 591137 525385 612509 739332 388731 87063 554289 542728 354983 685589 122784 828809 675494 551794 372422
108125 411512 748146 183072 770700 1013521 796873 192337 112143 1001451 105803 792989 87087 576326 799381 138945 1127325 217044 257915 716709 210321 596817 711085 247331 519354 693103 773868 915479 629329 626264 1025220 806754 317467 395519 438858 193473 614139 757959 618108 836785 447392 266099 549583 729873 334531 835370 723827 900870 107328 333966 268937 999999999 523748 366526 935311 342714 554806 764028 482157 246109 551285 614611 457020 302765 822519 468641 483476 830448 994873 554357 298177 696346 368964 166861 581616 154563 419391 385182 299001 522483 324416 266028 555480 590361 1057754 856394 793047 502996 692377 550649 207955 822935 687084 591660 735026 152803 903261 767489 814489 103565
522087 164855 458430 568918 285131 493644 277808 363350 623116 478909 492919 309192 442946 422672 373957 406335 606616 394778 370376 239970 477789 574454 249941 428112 432753 509552 649067 400834 224695 214673 507296 662642 514249 133060 284416 453794 203072 397772 370111 584362 225857 279365 377773 593100 202354 602021 215348 415530 551278 309962 371831 523748 999999999 462279 424698 297060 441015 387282 197133 284652 430970 459430 345367 288439 351069 241887 238412 307359 485973 375272 247240 174909 434264 357080 266369 477471 234963 412498 470338 294894 236799 304691 113428 165742 543187 517466 578733 500611 508268 30621 447406 540605 172056 591057 354894 400595 469830 313697 646230 607100
457234 471920 431789 241386 583239 855283 658874 403788 467668 857465 262147 770401 304335 240159 552377 386232 1021287 169356 485304 702240 159184 845134 514202 122601 724501 344454 989123 750639 418193 421435 859225 1014514 82133 404337 583327 173111 646071 836429 314278 494057 552326 397927 714540 935725 295793 486952 670895 874496 292210 157305 496903 366526 462279 999999999 867816 168418 751970 831485 561369 278609 208366 269441 162382 197382 610202 250149 588548 728703 928575 716184 260901 617219 618410 322970 669564 470349 534601 57062 70410 255515 248742 209952 557507 412919 975719 954237 962605 136748 343995 492075 496490 955046 559141 849419 471470 398318 645191 549944 1010280 364720
912578 528298 677765 993607 356538 240927 240662 755458 1024982 201307 915522 160649 859891 751742 483274 805588 205366 819207 731014 229035 901801 744440 408510 850368 636435 789074 704469 252269 485907 477791 264326 695004 929430 541555 564992 878341 346599 354142 665450 786679 523157 672862 556925 663212 626888 814476 212151 102156 973568 725902 727069 935311 424698 867816 999999999 712339 618619 329832 479940 706472 773703 773919 723912 710936 392263 621295 500479 148504 61399 550428 671894 252984 731297 769680 426957 857787 549499 813132 887110 643329 660766 729208 381701 465434 123496 407907 581949 871075 787875 394590 813539 489686 313806 768853 539384 796197 504913 423172 662939 1025422
401264 308589 407798 304881 461684 726667 518818 295602 454809 723502 263351 606224 258263 253151 465256 299228 877258 136081 365151 536383 203779 706364 395274 145468 577335 372009 837542 622884 303615 303232 733792 860784 217820 238055 428626 189598 477654 668412 277635 505560 391778 261503 558476 782895 132060 508581 509526 711951 316544 13752 375151 342714 297060 168418 712339 999999999 601760 663182 396826 147932 237098 295514 127690 50025 502402 130278 426524 579077 773611 559455 107277 459575 491352 226052 503530 391750 376838 127098 174819 179801 85767 85379 389233 279594 824860 786579 802301 246369 371053 327361 399844 789934 412711 713744 395482 306138 567374 443694 854070 387565
