NAME : synthetic_000417
TYPE : CTSP-D
DIMENSION : 100
GROUPS : 8
RELAXATION_LEVEL : 1
EDGE_WEIGHT_TYPE : EXPLICIT
EDGE_WEIGHT_FORMAT : FULL_MATRIX
EDGE_WEIGHT_SECTION
999999999 528196 115436 538790 407517 1094515 1008681 1051887 512796 596740 149495 507970 647918 653409 350384 539302 759440 529764 780363 543638 925395 458896 709699 618218 1113812 638670 1108179 951647 462117 811803 539399 346537 336416 316664 1093895 210674 901006 441611 503568 880782 497144 177998 668080 1003787 609136 819667 814490 606030 731085 847731 673861 385113 504339 890132 670291 118860 1167560 1043783 904137 837476 983027 1149992 974919 459554 569522 892317 714980 232976 1227818 677723 551154 745514 760862 806277 483545 624958 669085 1182275 958396 817970 471978 692862 514134 487149 63256 739793 874481 833617 773852 1002997 286648 817425 418958 690475 931180 357463 493383 117451 738432 581496
528196 999999999 516102 82744 296441 591482 695197 565079 537199 643783 542863 601128 250990 227464 499738 77176 571619 224458 407442 424456 409454 452498 234355 606634 618189 179542 702322 639085 265617 670049 16175 265755 226641 290307 621664 367516 737003 328899 437022 518222 382805 382716 389898 504464 560721 305460 297003 101551 487507 779148 329325 340230 88614 371482 422735 467674 700466 591145 592514 348779 526150 633047 539694 168781 289766 655257 560757 295397 750622 268504 113155 261511 421244 280313 570681 253481 284001 671297 520887 588510 531718 164672 460224 229282 489483 463507 427526 729726 252289 707539 249678 462631 150324 411470 404140 265118 503807 563080 558203 283926
115436 516102 999999999 508740 462706 1050612 919720 1001654 402808 482765 40889 393590 676516 675912 238656 510469 660810 469822 709738 448749 891659 356224 666833 507213 1066149 596596 1034032 863959 509567 706519 529563 390710 363548 365467 1037689 272543 795880 359879 404888 803911 406597 238613 587449 959658 501519 819089 811841 605599 641186 736016 715033 302121 473806 858946 584557 48923 1108423 982579 817672 793279 924446 1113787 910731 484855 498675 795547 614102 233722 1171229 705431 514963 703381 685003 796041 370055 657283 701566 1141629 895235 722484 360907 677477 412760 526037 66764 654403 816375 724562 768099 911446 303413 741605 435180 608425 908605 298083 385845 47607 639696 512467
538790 82744 508740 999999999 365957 558390 616739 522586 472179 575856 530345 540304 329964 303754 455003 5825 489349 145986 330582 350716 386692 390399 179499 534478 580731 113049 636299 559981 341883 588343 94676 323415 275161 343375 573276 404260 654451 266958 368458 442411 313100 413278 307163 468480 486966 341362 329973 167523 404776 699410 410110 289205 34974 352035 340242 462173 650867 535460 512823 304609 470931 611203 478134 244091 208833 572788 479762 308990 705281 345103 30783 212602 341149 300483 511004 334597 362866 644180 459624 505783 471384 179748 391350 308346 492546 380934 367152 648892 282729 627858 280936 384830 213447 328737 400102 228229 439429 556346 476251 202057
407517 296441 462706 365957 999999999 868110 979582 851448 687787 797030 502120 728028 264031 281800 580405 361907 814836 469751 695906 623666 680216 602724 530565 782254 899044 474531 998640 921947 61539 903014 294932 79267 132995 97845 912041 197041 981124 501575 613697 808003 571425 230611 650136 785987 747476 487152 487962 307433 744057 990845 270665 477103 349071 640528 675168 419683 991176 885803 873839 639863 820867 894124 836025 130710 537337 919003 790811 256832 1037592 293257 395238 556204 702599 501883 696275 235910 276928 938782 817199 846787 664475 422281 635192 102167 405185 729090 723833 952159 460553 988303 189321 749291 153358 673964 650011 390221 655688 497802 797732 538154
1094515 591482 1050612 558390 868110 999999999 504568 77922 853117 914020 1064879 931009 671300 636582 926098 558752 653734 585375 405794 709873 188448 807400 385135 847465 42138 456131 328030 490303 820097 737221 586462 853997 818116 880507 126655 957500 737384 721248 757003 394472 714545 969699 544050 90989 798294 439400 428711 560978 575690 869007 740381 772029 591825 228190 575104 1007498 175657 185369 483456 257619 186455 98312 238638 738859 576908 610087 690665 867174 187961 657841 543567 349065 452360 389045 913282 698324 687966 95679 237912 604089 878212 445829 770573 775683 1044421 534023 262306 805622 431411 538777 836173 417519 738692 538186 245206 752884 832088 1097519 660212 560424
1008681 695197 919720 616739 979582 504568 999999999 428553 565891 568508 913988 627442 907492 873382 708627 621450 280882 519191 288392 472263 540792 573425 488049 502145 478264 519551 213626 58667 958620 307145 702555 926495 870831 939432 387590 966338 265326 567505 519545 182640 513312 960685 346876 469753 470939 766607 750864 740875 278541 415111 991311 623574 630596 555257 338806 893482 396477 319498 107726 452444 331583 601854 276369 860826 458407 158352 333659 839255 457992 910766 586378 482268 277022 696384 626054 922600 936847 578882 285617 210364 606806 654818 517395 924305 946300 270167 337859 358666 721388 35250 851260 232661 826273 322919 632085 665834 564072 957305 299963 452217
1051887 565079 1001654 522586 851448 77922 428553 999999999 785191 842317 1013684 862674 673599 637996 865629 523689 577815 532728 335549 643523 189712 743388 344201 775163 68415 414613 262358 412752 807154 659992 562063 830496 790595 855372 72431 926089 659464 663305 691699 317296 651591 935864 475734 73602 726647 455143 442578 547707 501803 791489 747502 715984 554497 226245 505002 960030 146153 111523 405539 218134 109228 176188 160726 720925 517654 532169 615905 828649 186165 663350 504426 310003 380870 396664 846116 698870 693405 167491 160484 526960 811964 432509 704170 763525 999511 460689 195344 728157 436861 462452 803240 343063 714794 468206 267864 703638 765466 1048015 584901 501533
512796 537199 402808 472179 687787 853117 565891 785191 999999999 110194 383270 78258 782024 762753 164625 477475 286235 336506 450120 145557 748940 87155 530610 106093 853570 483288 726872 517596 703923 308878 553099 610427 554850 603868 795991 568882 397583 208459 107195 504716 162214 546540 309466 770124 102381 805212 792021 636151 307118 335749 852305 212836 450959 730213 282060 395611 850941 726830 479047 625888 684091 939018 650274 627117 301494 420399 233946 446504 919044 802960 453725 561374 407161 752573 62790 777712 814500 948705 640334 355871 43729 639696 87116 693661 451277 339047 591031 321798 745049 549127 501500 454670 570288 318165 804397 301450 33669 428211 266324 317425
596740 643783 482765 575856 797030 914020 568508 842317 110194 999999999 456985 89752 890362 870283 248179 581311 292143 435652 508356 232122 826473 197251 617496 68987 910022 576578 750836 527893 813966 276036 659524 719301 664203 711818 844578 671984 357041 316387 207421 542566 262798 647937 374348 835500 115728 903234 889531 741544 343798 259687 961544 323011 556556 811279 339922 483490 892374 772575 496777 701878 736829 1004173 697122 737254 392062 412676 241516 552720 960780 910746 555545 645705 461722 847715 113585 886708 922967 1008727 689662 361835 135008 738208 184516 803854 537740 382778 652612 264630 843030 545970 609906 501527 680471 376741 888410 411627 143544 500719 276470 406789
149495 542863 40889 530345 502120 1064879 913988 1013684 383270 456985 999999999 367300 711518 709770 218804 532440 649803 480956 714275 441753 909933 344408 682939 485830 1078988 613445 1035764 859117 547983 690177 556816 429233 399958 404629 1047274 313106 779425 362156 395659 805022 402935 279264 587764 974089 483890 847304 839550 634737 635956 713066 752038 304911 495609 878175 582100 83600 1116644 990251 813673 808271 933384 1130630 917342 520078 504633 785325 601660 267710 1180360 740184 534515 719543 687158 821788 345734 692999 737185 1156862 902341 713370 340362 702296 401351 563241 107075 651716 825896 704650 795153 904206 338853 743499 469089 607843 930398 312502 369149 44997 628708 519138
507970 601128 393590 540304 728028 931009 627442 862674 78258 89752 367300 999999999 841425 824079 162066 545401 346616 409244 527326 223718 826873 149931 607321 132747 931019 558161 796845 582006 749510 350611 617212 649317 596229 639368 872234 592390 435896 273536 183009 578022 236391 566817 387099 848274 156549 876883 864032 701461 378854 348431 908711 265548 516885 807746 358558 396010 925832 802457 546013 703997 760890 1017194 725997 678406 378059 476443 293875 477842 994074 863630 523725 638559 483691 825956 31948 835187 873473 1026560 716504 417281 69418 711422 164485 743039 449664 412963 668823 348612 816861 608104 539136 529905 620753 394986 881368 352318 104905 410976 328085 394211
647918 250990 676516 329964 264031 671300 907492 673599 782024 890362 711518 841425 999999999 35999 722946 324141 817176 474958 622028 674994 486319 695729 419647 856168 707944 394812 870983 855111 202532 917380 236576 303639 314438 335094 742182 442415 980434 573990 685136 725095 631880 471974 632339 601581 811055 245015 250780 170189 729366 1029316 83956 576164 339499 447973 667606 628568 819511 734503 811927 489290 672904 676756 703017 191683 538781 889944 809568 443873 854281 29948 357990 429761 646298 282595 810123 30396 33011 726925 684635 827618 772304 258115 708386 165387 630422 701053 596393 978726 239934 924995 373107 678124 243524 652201 431909 491966 748382 718696 804972 531510
653409 227464 675912 303754 281800 636582 873382 637996 762753 870283 709770 824079 35999 999999999 710390 297938 788354 449550 588659 651810 451074 677048 385359 834082 672944 362904 835110 821375 221104 889149 212295 313292 317471 345129 706418 451377 950739 554328 664055 690870 610125 479535 602945 566123 788125 214600 219179 139756 699594 1002841 118155 559671 315973 412570 638818 627500 783845 698507 778569 453360 636912 643842 667157 193939 512045 858425 782219 442298 819058 41351 330775 394652 613913 248403 793048 61862 63541 693509 648797 797035 754759 222553 687287 180313 632546 670392 560767 951338 205528 891295 373394 644676 240760 622336 398405 477343 729192 719175 776628 504095
350384 499738 238656 455003 580405 926098 708627 865629 164625 248179 218804 162066 722946 710390 999999999 459135 436565 352587 542532 241587 794736 135992 564958 268558 933420 503599 848856 656134 608110 471666 515795 501142 451712 487943 888285 433121 560825 207439 191394 619177 216775 406365 404916 837849 265157 795956 784881 601118 434829 497583 783071 167212 425271 769122 390224 235477 951304 824536 613141 679285 773696 1003207 748780 546748 349221 572500 386695 325080 1017817 747763 446453 600066 507481 754313 134629 712624 753598 1021149 735955 502809 122270 634341 191249 607199 290195 457269 671070 486352 737695 695869 391370 561475 488904 421202 834392 234965 151195 263786 415656 365771
539302 77176 510469 5825 361907 558752 621450 523689 477475 581311 532440 545401 324141 297938 459135 999999999 495089 151773 335017 356384 386094 395515 181170 540108 581455 115712 639596 564777 337215 594128 88934 320260 272588 340594 574911 402765 660143 271986 373901 446745 318579 412242 312781 469006 492652 337013 325756 161809 410396 705235 404310 293583 36850 351135 345952 463732 652641 537728 517702 305616 473120 610735 480930 239437 214653 578212 485574 308978 706711 339286 36073 213810 346067 296900 516032 328811 357042 644126 462380 511333 476435 176032 396815 303379 493544 386394 369754 654707 278560 632745 279605 389413 209666 334296 398187 231534 444684 558068 482022 207844
759440 571619 660810 489349 814836 653734 280882 577815 286235 292143 649803 346616 817176 788354 436565 495089 999999999 351788 266631 217105 604805 305406 442378 223993 642962 433145 459231 236437 809657 103088 584022 748460 689755 753583 568618 755537 166913 334698 256258 263196 267793 742835 186120 585518 190078 751862 736354 648660 94751 232370 898757 383263 487864 600369 149574 641098 608769 494813 204916 483643 468889 749181 422534 715854 283653 135937 52779 624528 676793 829386 460012 458198 219335 685785 345506 823625 849712 745119 418547 70703 328163 600895 248487 784608 696190 135062 403968 171716 695030 262918 654683 238091 668720 169341 682532 447498 287584 694283 21117 287850
529764 224458 469822 145986 469751 585375 519191 532728 336506 435652 480956 409244 474958 449550 352587 151773 351788 999999999 255345 206485 442875 261039 212564 390595 598215 152296 583080 460611 459492 447605 238420 410115 353118 421072 567985 450002 518544 146245 229941 363208 174387 447854 180448 495042 342116 468760 455516 313282 274864 554691 553769 189241 137423 416561 206549 429894 639608 514701 411638 331295 455218 656090 445158 364513 68459 449297 337155 327738 701670 490882 121524 248098 246174 416714 382107 477888 507941 678620 428714 377666 342390 303288 251982 433030 473191 259751 346857 505762 408576 523944 332380 299929 319583 204421 482690 173340 305241 515747 336901 68569
780363 407442 709738 330582 695906 405794 288392 335549 450120 508356 714275 527326 622028 588659 542532 335017 266631 255345 999999999 310640 338175 413826 206210 442278 403807 231199 328337 233771 671993 364401 414387 647595 594195 663387 347762 703073 396214 352396 360180 112236 325763 702526 141301 328059 392659 506805 490911 453830 177045 497499 705983 409369 347550 334701 169514 674307 408774 282075 189914 217851 234426 496162 206272 574299 211513 282568 293632 582941 475472 627136 300778 209335 48385 437575 511535 635870 652195 500809 193617 239147 478413 375238 370846 636718 721509 134165 144452 435067 454678 303392 582637 56184 542704 132671 417096 423251 431620 753249 267546 198894
543638 424456 448749 350716 623666 709873 472263 643523 145557 232122 441753 223718 674994 651810 241587 356384 217105 206485 310640 999999999 603488 106409 387345 184113 711933 344463 607522 417813 628072 286075 439515 551756 493197 552590 658339 543678 371266 124137 50800 378601 53499 528889 169471 625785 136377 671611 657764 518137 194856 367687 750753 167068 335862 585259 149466 425921 717118 591316 373302 480332 544986 794487 514835 541011 160035 348682 177697 413003 784603 692933 327861 417117 270989 615601 203673 674897 707969 805545 503495 274476 168462 506971 60706 609948 480472 215688 448508 329169 611445 462823 450761 322785 487903 182466 660303 239302 122225 485239 196421 175065
925395 409454 891659 386692 680216 188448 540792 189712 748940 826473 909933 826873 486319 451074 794736 386094 604805 442875 338175 603488 999999999 689559 230521 764895 222459 297236 425126 507026 631710 701538 403014 668574 635243 695878 261007 776946 724536 587343 645125 380731 595799 791225 454017 116328 713361 266112 253173 372862 514111 835088 558599 631933 421355 39756 491493 846355 335648 271835 482390 124808 223445 224847 272329 551485 452209 601539 629838 694407 367984 474807 376968 194788 385808 207085 804683 512498 504928 261967 258816 572499 766776 258113 662441 587262 878900 471459 211515 772253 247835 570082 657626 373727 553909 456367 91839 598319 723157 939153 605301 435522
458896 452498 356224 390399 602724 807400 573425 743388 87155 197251 344408 149931 695729 677048 135992 395515 305406 261039 413826 106409 689559 999999999 464860 181258 811667 411820 713864 520435 617481 353144 468508 525987 469729 520759 761396 492181 442215 123898 55707 484985 93926 472088 273692 721298 155979 727357 714649 552303 298839 404117 765432 126237 367399 667821 255822 340039 821789 695546 477188 569180 647395 889006 619256 540003 237356 440943 257902 366385 888973 717047 373908 497680 376021 677427 121363 690990 728108 902997 607335 369489 81559 561996 56951 606670 395868 321853 548047 380090 667415 561618 417949 428691 483250 288201 738866 214733 53727 388881 284306 254037
709699 234355 666833 179499 530565 385135 488049 344201 530610 617496 682939 607321 419647 385359 564958 181170 442378 212564 206210 387345 230521 464860 999999999 561269 404369 71037 469517 436614 496098 545296 235897 497581 452667 519769 393780 583754 591462 357863 424315 305511 372188 592273 263351 294240 509577 309572 294011 255557 347763 672804 503364 401447 210487 204299 303294 622976 471478 357879 395105 127777 292993 447755 305474 401457 229262 485598 452696 484537 525901 422807 160226 36605 238628 243670 583032 435767 448803 474905 286640 433216 544164 169029 443496 456316 659289 310335 193278 613836 253641 506562 460369 261362 383485 274761 274201 370466 502526 714024 436368 213190
618218 606634 507213 534478 782254 847465 502145 775163 106093 68987 485830 132747 856168 834082 268558 540108 223993 390595 442278 184113 764895 181258 561269 999999999 842677 524837 682150 460219 794176 217889 621969 706238 649382 701757 776281 672085 303419 286766 172578 473759 224323 650713 311154 770063 51812 853780 839653 701700 275379 229746 930162 305256 518285 751231 275221 501441 823535 704076 428258 640103 669146 938427 628795 712561 340675 347809 172839 547448 891935 875028 511960 587916 395143 795968 143467 854615 889046 941897 621611 294118 146355 689859 149644 780517 557000 314920 586714 219589 793741 480690 598848 433571 657098 311740 829535 392323 131673 530551 207827 354318
1113812 618189 1066149 580731 899044 42138 478264 68415 853570 910022 1078988 931019 707944 672944 933420 581455 642962 598215 403807 711933 222459 811667 404369 842677 999999999 475302 293356 468069 852307 722774 613999 882272 844662 908130 92529 982419 718203 730472 760072 380894 719729 993482 544123 113762 794404 478701 467610 592689 568728 853246 778292 782677 613473 261828 573197 1023935 133805 159565 465000 276762 174375 125562 221944 769184 585043 591272 682140 888540 147790 695276 564198 369092 448855 426418 914524 734536 725421 103311 224435 590163 880376 477206 772583 808114 1062395 527945 263664 790157 468386 512954 860281 409858 766679 536435 285063 768069 833881 1112729 650687 568824
638670 179542 596596 113049 474531 456131 519551 414613 483288 576578 613445 558161 394812 362904 503599 115712 433145 152296 231199 344463 297236 411820 71037 524837 475302 999999999 524711 464777 445114 535839 184697 435780 388201 456304 462309 515793 591213 298399 376102 340183 321782 523189 247447 365260 473926 329735 315270 224917 341012 657749 478541 337898 141566 267786 286043 552410 539286 422644 419745 198808 358274 517320 365224 348268 184613 495555 435167 414059 595126 402810 90457 107161 251693 271290 532131 406652 426049 545540 346669 435474 492641 169470 396816 407905 588323 308985 254104 601735 270123 534138 392188 287203 323907 264133 330824 301288 453395 643886 423949 170522
1108179 702322 1034032 636299 998640 328030 213626 262358 726872 750836 1035764 796845 870983 835110 848856 639596 459231 583080 328337 607522 425126 713864 469517 682150 293356 524711 999999999 230546 965607 509361 705003 959678 909813 978712 201588 1027016 477640 674307 658159 230908 636205 1028363 448261 324269 642886 683898 669391 719152 419969 625788 951579 732012 659953 452193 458688 1000447 188314 155501 254331 381976 203994 418583 167996 870539 538674 361230 509335 909851 245793 867188 609508 448494 349029 617406 789446 891828 896051 385692 186514 391461 763514 613596 662351 925690 1048762 392159 277746 567039 651640 248187 904838 292446 848617 429261 514445 751443 717539 1076245 474368 526820
951647 639085 863959 559981 921947 490303 58667 412752 517596 527893 859117 582006 855111 821375 656134 564777 236437 460611 233771 417813 507026 520435 436614 460219 468069 464777 230546 999999999 901770 278816 646821 868281 812473 881013 380740 907683 253531 510189 465947 134079 457364 902113 288407 445966 425633 722458 706614 687471 223163 397798 939034 566566 573116 518172 281402 836930 401280 308701 49059 410767 309310 588537 254106 803987 399745 131387 288684 780685 466284 859305 529500 433224 219399 652179 578722 869452 884906 570666 259909 166107 557545 604634 464983 867947 889428 212299 298677 337669 675235 69949 792620 177624 768700 264531 597160 607528 513800 902150 254064 393564
462117 265617 509567 341883 61539 820097 958620 807154 703923 813966 547983 749510 202532 221104 608110 337215 809657 459492 671993 628072 631710 617481 496098 794176 852307 445114 965607 901770 999999999 901438 261125 118871 157037 146093 869686 251685 976544 509147 623042 783332 577283 284164 638244 740014 756483 429065 430614 259724 734137 995642 212261 491253 330311 591954 666039 464655 948804 847140 854397 599273 782472 842127 800849 97794 527903 907385 789304 291440 992971 231721 372277 519133 682663 447396 717577 174380 215646 888015 781974 836865 683877 375244 645292 44808 455064 715900 688841 953848 405403 969366 219469 726609 141234 661502 596865 402801 671058 547015 793548 526810
811803 670049 706519 588343 903014 737221 307145 659992 308878 276036 690177 350611 917380 889149 471666 594128 103088 447605 364401 286075 701538 353144 545296 217889 722774 535839 509361 278816 901438 999999999 682933 833864 775067 836613 642994 829535 89361 409786 313607 342751 339508 813922 288480 674393 206747 854832 839301 749624 197534 133814 998373 451623 584775 699095 250835 692995 674593 568842 263033 582240 550839 834248 500830 809332 380495 149399 112247 699011 741275 930296 559545 560496 318457 788555 358809 922939 950055 825892 499510 133214 352588 703872 299397 878403 748890 236459 496261 70718 798094 279667 735646 329548 760206 272354 781471 524877 321101 735169 112556 386288
539399 16175 529563 94676 294932 586462 702555 562063 553099 659524 556816 617212 236576 212295 515795 88934 584022 238420 414387 439515 403014 468508 235897 621969 613999 184697 705003 646821 261125 682933 999999999 268498 232232 294164 619849 374743 749019 344857 452647 524536 398299 391080 401433 500237 575836 290877 282759 85409 499039 792989 315749 356405 103706 364620 434868 481016 698809 591144 600613 346922 526168 625825 541334 165583 303008 665663 574046 306956 747922 253446 124376 261397 429756 267724 586791 240081 269574 664980 522488 599609 547805 154173 475835 223220 501775 474177 429145 743112 238540 715560 258728 469895 152795 422676 394514 281103 519731 576406 570899 296654
346537 265755 390710 323415 79267 853997 926495 830496 610427 719301 429233 649317 303639 313292 501142 320260 748460 410115 647595 551756 668574 525987 497581 706238 882272 435780 959678 868281 118871 833864 268498 999999999 58806 31893 887398 138779 913828 428517 539208 759754 498931 169025 590080 768528 672776 502395 500694 302762 681716 917772 327980 401007 300916 629450 612559 346012 966155 855430 819639 614533 790499 888409 800860 126605 476117 857354 721943 177861 1016236 333585 350447 526575 649919 506150 617618 279268 323109 930034 782228 783983 586246 412053 560280 140660 336547 669676 689249 880873 467331 933134 110253 699207 115709 614248 648920 315365 578629 428278 730695 478625
336416 226641 363548 275161 132995 818116 870831 790595 554850 664203 399958 596229 314438 317471 451712 272588 689755 353118 594195 493197 635243 469729 452667 649382 844662 388201 909813 812473 157037 775067 232232 58806 999999999 69211 845175 145340 855048 370180 481432 706131 440477 167395 532620 730981 615129 489491 485975 280569 623637 859545 352269 344171 249860 596778 554470 316432 923497 810147 763700 573157 745425 857693 753225 123587 418507 799333 663138 135996 975525 343849 300518 483346 594765 485262 564392 294008 338358 897210 734749 725765 532028 382745 502716 164185 315987 612304 642303 822261 448864 876781 63083 644959 86346 556852 622707 257673 522704 404686 671943 421491
316664 290307 365467 343375 97845 880507 939432 855372 603868 711818 404629 639368 335094 345129 487943 340594 753583 421072 663387 552590 695878 520759 519769 701757 908130 456304 978712 881013 146093 836613 294164 31893 69211 999999999 911198 107567 917970 428639 537185 775298 499348 138730 599906 794368 670153 533720 531822 332428 689825 916669 357223 397303 318811 656939 620689 321974 989755 877563 832180 638632 812736 916613 821499 157974 485697 865550 725134 162870 1040797 365042 369259 549695 663627 536382 607898 310362 354029 957614 802968 791561 577821 440296 557652 171306 309354 679648 710313 881629 497925 944980 102994 714043 141971 624201 678178 314046 572700 401626 735350 489239
1093895 621664 1037689 573276 912041 126655 387590 72431 795991 844578 1047274 872234 742182 706418 888285 574911 568618 567985 347762 658339 261007 761396 393780 776281 92529 462309 201588 380740 869686 642994 619849 887398 845175 911198 999999999 977516 632968 690781 707938 305519 672015 985495 488885 145633 729740 526930 514159 611194 500905 771427 817205 745465 603717 296469 513932 997749 79150 74177 381812 272950 114711 218081 147490 781332 544968 506884 610860 875057 133933 732815 552764 361869 388860 467402 858007 766871 762790 191293 155734 511785 825723 496817 718379 826552 1039581 462086 221402 708872 506996 422514 854070 343442 771950 477981 340293 740923 778840 1083311 578125 529568
210674 367516 272543 404260 197041 957500 966338 926089 568882 671984 313106 592390 442415 451377 433121 402765 755537 450002 703073 543678 776946 492181 583754 672085 982419 515793 1027016 907683 251685 829535 374743 138779 145340 107567 977516 999999999 914813 421287 519022 812783 490491 34259 620274 869134 647209 633509 630485 425879 702825 895849 463773 378385 374249 738979 634921 234320 1054941 937825 858638 707961 873808 1000453 876670 260500 507952 876708 720932 131018 1109476 472361 425548 616510 696135 630597 562220 417908 461596 1038697 858643 801392 537075 527058 536932 278862 211048 699142 767962 867371 594014 968044 123633 749761 231552 644545 767416 308294 540483 303705 735960 514839
901006 737003 795880 654451 981124 737384 265326 659464 397583 357041 779425 435896 980434 950739 560825 660143 166913 518544 396214 371266 724536 442215 591462 303419 718203 591213 477640 253531 976544 89361 749019 913828 855048 917970 632968 914813 999999999 493863 401464 348870 424326 900097 348159 683342 295735 899674 883894 811008 251144 150921 1062666 537898 654166 726871 314283 782177 654483 559916 253948 611063 552106 835584 498759 882748 450279 127328 193943 783979 718744 991504 624710 602019 354976 831520 445903 987938 1012730 821359 500812 158392 441236 755750 388004 951471 838049 282731 514043 101756 844987 232704 817982 351982 835565 328411 809090 608456 410411 824420 183393 453862
441611 328899 359879 266958 501575 721248 567505 663305 208459 316387 362156 273536 573990 554328 207439 271986 334698 146245 352396 124137 587343 123898 357863 286766 730472 298399 674307 510189 509147 409786 344857 428517 370180 428639 690781 421287 493863 999999999 114340 444035 70734 408142 227887 632205 247347 605701 593357 428442 291475 489393 645542 57760 243501 562146 228788 328471 757617 630766 462542 472166 576169 796525 556744 425861 145967 459985 299921 290306 822594 594609 251792 392751 325341 558007 244048 570491 606582 815842 542355 384505 204459 440811 137123 494011 379745 298187 470638 452991 546020 563201 326649 381863 370759 249514 628935 115182 174966 402000 314871 161827
503568 437022 404888 368458 613697 757003 519545 691699 107195 207421 395659 183009 685136 664055 191394 373901 256258 229941 360180 50800 645125 55707 424315 172578 760072 376102 658159 465947 623042 313607 452647 539208 481432 537185 707938 519022 401464 114340 999999999 429392 55682 501705 219378 671939 133796 698675 685351 534220 243719 379664 758185 141268 349394 625178 200266 385017 767393 641400 422204 523147 594276 840262 564987 540193 195054 390659 211626 389882 834763 704754 348585 455709 321340 645496 159560 682804 717916 852675 553399 317877 122064 533226 23250 608342 440315 266153 496436 348356 638479 508715 434331 373486 485052 233080 698393 223843 78273 439667 235176 211248
880782 518222 803911 442411 808003 394472 182640 317296 504716 542566 805022 578022 725095 690870 619177 446745 263196 363208 112236 378601 380731 484985 305511 473759 380894 340183 230908 134079 783332 342751 524536 759754 706131 775298 305519 812783 348870 444035 429392 999999999 405469 811051 217368 334828 429300 588486 572629 559181 199824 474794 808859 501790 459783 388441 229170 771279 349822 231940 101911 278128 208103 491647 159500 685748 312257 222853 305749 690662 418235 728147 412790 299968 119945 518216 567498 740599 754307 483696 156861 209665 538964 472241 435125 747430 820557 165759 169430 411322 541181 203269 693263 63684 654856 198538 468979 525920 492353 845733 272686 301919
497144 382805 406597 313100 571425 714545 513312 651591 162214 262798 402935 236391 631880 610125 216775 318579 267793 174387 325763 53499 595799 93926 372188 224323 719729 321782 636205 457364 577283 339508 398299 498931 440477 499348 672015 490491 424326 70734 55682 405469 999999999 476152 189060 627951 181017 643147 629882 479273 234814 419439 705966 115520 294794 574488 179296 380625 734536 607795 411192 475255 557572 795394 532005 491782 143717 396749 230501 359714 801118 650972 292941 404485 291341 590407 210982 630355 664744 810060 519237 321718 171977 477667 78288 560451 434256 248793 456401 382287 582962 506178 397380 346135 437777 206953 646379 185841 131629 445330 247467 160328
177998 382716 238613 413278 230611 969699 960685 935864 546540 647937 279264 566817 471974 479535 406365 412242 742835 447854 702526 528889 791225 472088 592273 650713 993482 523189 1028363 902113 284164 813922 391080 169025 167395 138730 985495 34259 900097 408142 501705 811051 476152 999999999 613915 880627 627786 656873 653236 446889 693711 876200 495872 362319 381857 753768 626548 201311 1062339 943639 853149 717847 880083 1015451 880808 286993 503050 866369 706548 121430 1118116 501885 432732 625873 693253 651092 537102 448159 492091 1052454 863014 790897 513361 544634 518750 309664 176798 692072 773336 849606 615529 961160 133660 747687 253469 638033 785244 297637 519050 269447 722937 510941
668080 389898 587449 307163 650136 544050 346876 475734 309466 374348 587764 387099 632339 602945 404916 312781 186120 180448 141301 169471 454017 273692 263351 311154 544123 247447 448261 288407 638244 288480 401433 590080 532620 599906 488885 620274 348159 227887 219378 217368 189060 613915 999999999 462592 259887 570609 555373 463190 97616 411369 714508 285570 309843 441846 39945 556241 548116 422024 239598 329214 375727 631586 345635 542076 114214 269235 189698 492490 615402 643854 277061 284467 102588 506492 370499 639836 664702 639536 334060 199248 337117 416069 229554 609727 606844 79750 281774 354426 512631 347798 507576 157105 499315 24371 521625 319307 290344 628737 176513 111982
1003787 504464 959658 468480 785987 90989 469753 73602 770124 835500 974089 848274 601581 566123 837849 469006 585518 495042 328059 625785 116328 721298 294240 770063 113762 365260 324269 445966 740014 674393 500237 768528 730981 794368 145633 869134 683342 632205 671939 334828 627951 880627 462592 999999999 719998 381542 368990 480290 502536 807692 674699 682305 501650 153646 495599 916510 219324 168838 431141 166643 138174 169012 193453 655918 488693 556553 618856 776977 253962 590729 453040 258274 375897 323406 829456 627263 620823 183751 186061 541494 793652 364773 686369 696015 953498 460043 183783 744130 363941 502079 747268 347429 652924 458760 195461 661992 747935 1006588 590058 472095
609136 560721 501519 486966 747476 798294 470939 726647 102381 115728 483890 156549 811055 788125 265157 492652 190078 342116 392659 136377 713361 155979 509577 51812 794404 473926 642886 425633 756483 206747 575836 672776 615129 670153 729740 647209 295735 247347 133796 429300 181017 627786 259887 719998 999999999 803197 788973 654439 229674 248644 886223 273008 472155 699490 224580 490815 778984 658128 390552 588589 621394 888585 582381 672443 290176 321254 137327 519886 847397 829221 463637 536116 345998 744890 156943 810462 844008 893005 574553 260733 146099 639670 112537 740920 546760 267672 536963 225113 743229 452051 567189 386409 617893 261300 777731 357470 115823 528885 171602 303484
819667 305460 819089 341362 487152 439400 766607 455143 805212 903234 847304 876883 245015 214600 795956 337013 751862 468760 506805 671611 266112 727357 309572 853780 478701 329735 683898 722458 429065 854832 290877 502395 489491 533720 526930 633509 899674 605701 698675 588486 643147 656873 570609 381542 803197 999999999 15918 214285 657308 981589 304255 630566 370775 233285 610344 770316 600255 534608 687148 315074 479910 434391 521343 375796 513109 789373 760286 591265 626489 225676 353909 297983 544959 70285 848686 274745 255030 486152 504847 741283 808887 165530 720546 385359 787453 619746 430650 923159 60215 790899 533142 558022 403507 583601 194420 565117 773640 865514 745400 499766
814490 297003 811841 329973 487962 428711 750864 442578 792021 889531 839550 864032 250780 219179 784881 325756 736354 455516 490911 657764 253173 714649 294011 839653 467610 315270 669391 706614 430614 839301 282759 500694 485975 531822 514159 630485 883894 593357 685351 572629 629882 653236 555373 368990 788973 15918 999999999 208492 641770 966239 312985 619118 359987 219564 595139 763144 587999 520629 671248 299507 465435 426642 506411 374135 498985 773480 745065 585155 615351 232871 341638 282137 529143 54484 836004 280102 262572 477766 489818 725505 796200 152656 707123 386557 781271 604104 415092 907703 47364 775086 528233 542105 399768 568208 184393 554856 760585 858437 729996 485497
606030 101551 605599 167523 307433 560978 740875 547707 636151 741544 634737 701461 170189 139756 601118 161809 648660 313282 453830 518137 372862 552303 255557 701700 592689 224917 719152 687471 259724 749624 85409 302762 280569 332428 611194 425879 811008 428442 534220 559181 479273 446889 463190 480290 654439 214285 208492 999999999 559866 864405 253703 441648 185197 333147 499152 556742 690199 592422 643477 343580 528455 587905 551865 180106 373859 719765 643211 376980 733360 180726 192740 271154 476591 204772 671249 182066 201976 631643 533088 657599 632097 115524 557292 215843 573168 530992 441577 812237 168722 757200 319989 510012 194352 482618 346326 366312 602955 651767 637080 365283
731085 487507 641186 404776 744057 575690 278541 501803 307118 343798 635956 378854 729366 699594 434829 410396 94751 274864 177045 194856 514111 298839 347763 275379 568728 341012 419969 223163 734137 197534 499039 681716 623637 689825 500905 702825 251144 291475 243719 199824 234814 693711 97616 502536 229674 657308 641770 559866 999999999 326697 811757 346360 406904 507957 69167 615253 549331 428778 178517 391588 394633 668978 353417 638473 206780 175730 116677 572946 617741 740368 374670 363487 128745 591074 369820 737234 761620 669128 346457 102805 343604 507603 244691 706439 668455 42882 319047 266459 600702 271996 594558 158876 594447 77284 589839 396145 297861 679039 91538 207381
847731 779148 736016 699410 990845 869007 415111 791489 335749 259687 713066 348431 1029316 1002841 497583 705235 232370 554691 497499 367687 835088 404117 672804 229746 853246 657749 625788 397798 995642 133814 792989 917772 859545 916669 771427 895849 150921 489393 379664 474794 419439 876200 411369 807692 248644 981589 966239 864405 326697 999999999 1108456 520601 691649 832028 372011 731173 798520 697500 389650 715191 682555 966414 631529 907415 490796 266738 222645 768345 864013 1044178 672082 689992 450981 916473 367440 1032558 1062249 956522 631099 266199 375760 827004 359980 976532 786692 367419 630058 63564 923917 383168 813909 463360 855173 398089 914325 602791 359106 757430 236485 499163
673861 329325 715033 410110 270665 740381 991311 747502 852305 961544 752038 908711 83956 118155 783071 404310 898757 553769 705983 750753 558599 765432 503364 930162 778292 478541 951579 939034 212261 998373 315749 327980 352269 357223 817205 463773 1062666 645542 758185 808859 705966 495872 714508 674699 886223 304255 312985 253703 811757 1108456 999999999 643231 417028 521260 749262 668451 893652 812774 895884 569605 752039 738541 783768 237932 618753 973389 889785 487207 925552 84731 438873 512757 730117 352012 877088 75969 55545 790397 765528 910536 840093 340339 781393 189057 663779 784061 678252 1058861 310772 1008924 414429 762077 294978 734704 497253 556851 818642 754662 886138 612133
385113 340230 302121 289205 477103 772029 623574 715984 212836 323011 304911 265548 576164 559671 167212 293583 383263 189241 409369 167068 631933 126237 401447 305256 782677 337898 732012 566566 491253 451623 356405 401007 344171 397303 745465 378385 537898 57760 141268 501790 115520 362319 285570 682305 273008 630566 619118 441648 346360 520601 643231 999999999 260952 604836 285298 271058 813248 686535 519202 520008 631030 844860 612980 414825 200724 511850 344695 248724 877786 598819 279434 437224 383013 587466 234059 569641 608088 866055 598304 436620 196886 467874 160700 480958 322888 354956 524669 489364 571825 618354 294310 439566 357713 307015 668287 88616 179817 344394 362858 215903
504339 88614 473806 34974 349071 591825 630596 554497 450959 556556 495609 516885 339499 315973 425271 36850 487864 137423 347550 335862 421355 367399 210487 518285 613473 141566 659953 573116 330311 584775 103706 300916 249860 318811 603717 374249 654166 243501 349394 459783 294794 381857 309843 501650 472155 370775 359987 185197 406904 691649 417028 260952 999999999 386889 340317 427203 680836 563802 525232 336917 499628 645728 504393 233121 204428 578185 474562 275352 736259 357073 51384 244627 353717 332722 486984 341071 372507 678231 486080 509083 447625 211732 372537 300071 457704 386293 394418 643172 313001 639973 250631 400363 195717 332522 434940 195644 417787 521410 473601 200362
890132 371482 858946 352035 640528 228190 555257 226245 730213 811279 878175 807746 447973 412570 769122 351135 600369 416561 334701 585259 39756 667821 204299 751231 261828 267786 452193 518172 591954 699095 364620 629450 596778 656939 296469 738979 726871 562146 625178 388441 574488 753768 441846 153646 699490 233285 219564 333147 507957 832028 521260 604836 386889 999999999 480324 813175 372398 301429 490332 116855 248535 261685 293779 511918 430812 606063 622379 658516 406696 437162 343998 170207 381111 171041 784590 473828 467239 300678 278749 572386 746185 218530 643302 547509 844580 465799 219625 769745 210648 583182 620270 374894 514994 446244 82441 567542 703422 906508 599484 414302
670291 422735 584557 340242 675168 575104 338806 505002 282060 339922 582100 358558 667606 638818 390224 345952 149574 206549 169514 149466 491493 255822 303294 275221 573197 286043 458688 281402 666039 250835 434868 612559 554470 620689 513932 634921 314283 228788 200266 229170 179296 626548 39945 495599 224580 610344 595139 499152 69167 372011 749262 285298 340317 480324 999999999 556059 569843 445030 233906 366799 402340 664355 368438 570809 138195 244888 149952 505487 637720 679877 310675 324234 125149 546386 344181 674218 700138 670252 358280 171642 312904 455071 206992 639060 608183 69856 313075 315738 552232 335749 525704 174017 526003 36924 560501 329401 265981 624202 138372 140010
118860 467674 48923 462173 419683 1007498 893482 960030 395611 483490 83600 396010 628568 627500 235477 463732 641098 429894 674307 425921 846355 340039 622976 501441 1023935 552410 1000447 836930 464655 692995 481016 346012 316432 321974 997749 234320 782177 328471 385017 771279 380625 201311 556241 916510 490815 770316 763144 556742 615253 731173 668451 271058 427203 813175 556059 999999999 1069432 944131 789902 749938 885103 1069127 873205 436989 462800 774453 596278 185206 1131512 657369 469406 659438 651734 747767 369909 609726 653954 1097877 857338 700395 355657 629511 395312 479641 55960 625831 776744 715581 719528 886802 255610 708413 386741 577982 861639 256851 375195 95406 620059 475917
