NAME : synthetic_000641
TYPE : CTSP-D
DIMENSION : 100
GROUPS : 8
RELAXATION_LEVEL : 1
EDGE_WEIGHT_TYPE : EXPLICIT
EDGE_WEIGHT_FORMAT : FULL_MATRIX
EDGE_WEIGHT_SECTION
999999999 372919 430848 120991 554178 512239 560329 762597 487419 972596 913810 476212 617164 374526 681080 632103 301386 904842 796394 163090 942860 95782 817381 708546 514929 704124 262500 623863 725308 457227 854359 689164 566199 623079 714313 1056114 439466 172577 900913 946338 795268 539650 810336 823886 828562 747060 815155 426668 180598 559454 756043 1100934 100687 623608 683021 432045 915836 470745 211541 784952 748452 601959 841142 942763 644158 1114123 691569 983571 298503 678204 646236 185132 842005 345604 378880 124811 536377 146516 275338 738900 677668 704943 919589 621790 482786 543118 273705 197313 401083 826856 805500 661221 390913 405999 721356 660186 985061 412819 846600 358199
372919 999999999 507508 280277 790745 773723 457050 921455 542849 943159 773962 422174 742974 425691 415861 292568 456829 745069 666296 473240 855619 401913 658110 778431 656909 589041 114708 348637 585914 632449 991772 773135 402194 355818 872274 954092 576227 360639 884607 739477 578870 756554 481524 948987 724792 461947 986719 631071 258082 597913 387518 1013537 309246 361273 563098 59160 892212 666882 506508 899566 486085 628981 1014620 887003 568135 1009566 777534 898152 342770 890960 299317 540504 725829 383067 402387 448894 165821 428559 493789 968230 455680 849348 936607 852414 311564 800392 249447 198614 667896 464270 874929 800803 223906 592765 532236 831535 900506 449307 669654 262079
430848 507508 999999999 488435 339253 354826 239672 414931 57102 543250 535915 162429 235472 81992 490051 573061 136033 543406 426488 325072 531455 344540 468584 288837 156687 340119 479014 470438 377831 162454 484782 276033 310039 459551 366336 646073 91605 259584 470811 622160 508829 292697 678472 443205 435218 560914 481315 193576 536747 128914 743121 683367 351254 453448 328852 541041 486398 205841 299573 395183 530739 171681 509170 519568 262571 702978 279679 569402 172519 406407 596828 411185 455377 125154 106594 550814 590579 303331 196781 488910 433860 342089 489883 385363 299651 369844 263912 367532 294738 775247 388261 293592 309750 154996 424940 330278 570470 64339 508869 253367
120991 280277 488435 999999999 661095 623761 568822 854643 541924 1016481 922247 494862 697611 418769 641012 561447 374077 906554 805399 275974 968618 200026 817394 775810 596633 715211 165585 578393 729274 546118 942398 759906 555418 580412 805348 1079017 516327 236607 947460 932744 775442 641783 747004 908370 846777 701194 910990 522471 61051 612430 667740 1129028 140545 582693 691816 338409 960486 565842 322780 866070 711155 653275 937736 978227 665385 1136991 762931 1010590 329441 781710 572189 306024 856586 381572 414083 168618 446022 248065 367131 846642 652622 792356 976167 728435 463818 654228 270316 158249 511736 744054 874781 746469 362498 495996 708835 753588 1012374 455844 841397 348333
554178 790745 339253 661095 999999999 65385 569223 252733 350880 665824 788394 500789 228858 400367 828043 907527 334500 812295 701012 391395 729608 462301 755899 354377 204005 632477 726274 809644 676823 177087 351763 323231 647015 798804 218663 833761 247717 444411 596467 912992 826208 49923 1017543 342264 680865 898042 283419 161244 721288 369710 1075633 846840 530346 792677 630155 836148 617316 134288 342800 328240 864696 391452 305204 683022 554005 882378 320951 755562 456912 128190 930754 413091 707236 432947 431490 632648 904717 413096 303306 185567 767065 232931 561009 67612 637281 48986 544870 607316 155884 1112418 407809 218486 630321 202098 744635 164904 755357 400580 800006 569356
512239 773723 354826 623761 65385 999999999 591945 317814 376020 724605 833003 517082 283426 405630 844357 910824 324009 854091 740677 349366 781486 423747 793329 411093 239769 667492 701614 821010 710702 195292 416670 380079 664845 811023 283993 887797 264606 418668 654149 950590 855388 99186 1030912 407648 725485 915553 345795 162863 684578 405319 1076464 903514 498594 805485 662948 821973 674823 152783 301417 392961 885367 431780 366384 738258 588055 937663 378248 809113 450219 187198 933446 360067 751144 433368 436936 582559 896562 376575 280159 230327 788222 297400 622326 121774 645857 31110 533163 584122 112092 1117944 469882 279960 628367 204266 772567 229738 809051 411960 836862 566963
560329 457050 239672 568822 569223 591945 999999999 576702 218376 486252 354702 91029 403754 221738 265688 395891 336578 344689 237296 511405 406497 499213 258251 376995 368683 146389 485336 265605 165198 396891 616523 384860 89722 251838 535566 513040 327480 400041 429708 399065 271088 520264 458605 568180 279723 332121 644910 432694 597594 219881 564207 567075 461417 243645 123434 464598 436128 440053 501815 516349 295675 226633 670949 430860 111227 570622 390131 449154 265227 612875 420262 605566 287937 228141 199947 684666 469879 474860 408972 695774 198004 503181 489079 606003 149120 604448 298609 413274 533685 577279 459360 460520 236267 394664 187203 518362 451246 195274 291182 223775
762597 921455 414931 854643 252733 317814 576702 999999999 389139 475552 675454 542402 181369 496125 839799 964561 486195 712331 619042 607083 580051 666906 680790 222282 266375 579077 882679 841651 624574 308574 99282 201449 665911 828199 49864 666643 349008 620291 418230 828356 784465 238687 1032050 95716 575116 901321 68487 336070 911361 358621 1135386 663358 715263 820183 587307 955972 438861 291972 560175 107069 856885 351544 95559 515631 514148 706215 196250 594697 580478 146951 988991 648675 603215 538431 521396 857744 1001988 616101 488863 187177 763121 74658 356936 206738 691957 294941 674214 765291 393651 1153697 211564 122000 722036 358743 713669 102715 593649 476439 724806 667717
487419 542849 57102 541924 350880 376020 218376 389139 999999999 486184 487313 158240 207823 126089 479953 580917 192873 498031 381221 381316 476496 401608 427176 240442 151545 298722 523263 468120 339314 180896 450662 231365 298708 456055 342517 591023 115247 315669 413841 582926 479512 301892 671550 406677 384480 548728 457047 221845 588677 72038 751957 627187 406100 449106 290595 572074 429333 223311 354220 356817 513987 114681 484571 462853 219350 647649 235523 513887 219276 400611 605135 466105 405872 168262 142125 607773 613080 360361 251059 483857 416322 314730 434706 388802 306140 386948 306445 415358 330368 777893 339594 267277 334082 188609 396552 313963 514887 94561 468965 282692
972596 943159 543250 1016481 665824 724605 486252 475552 486184 999999999 296929 532375 442791 600323 654507 836290 678101 348573 327474 863342 157401 887789 377025 314543 517823 369148 962661 694033 392148 587295 426728 345146 552637 679246 475559 199807 561901 800136 74050 466332 512677 625462 812290 391882 254701 685388 513725 637793 1056586 414428 984214 187811 886714 669867 393969 949829 56854 608643 830756 368653 630429 371599 524150 79660 375058 231928 346628 145215 687089 608535 858345 941790 271728 635190 602442 1093834 943621 845825 729022 662502 570246 447086 121337 651142 634135 714810 755833 873460 744286 965539 266802 448349 720774 626899 485608 511987 142903 562313 405817 697181
913810 773962 535915 922247 788394 833003 354702 675454 487313 296929 999999999 437941 565419 554893 407070 597213 662901 52204 117492 849604 140640 847670 117555 459220 594368 209697 825199 461893 193635 651517 661149 486780 376169 448673 655667 191560 597801 749280 298172 170508 238998 739889 534869 616154 107577 418502 731213 699624 947825 434784 724232 258027 815642 440052 231290 764136 285560 687448 831525 575631 364373 402537 749266 217538 276659 241182 491042 168347 616171 776278 616064 941049 82314 573189 541357 1038454 730250 818045 730718 848041 333638 621065 387109 798431 470927 834111 652652 765277 811790 692370 474753 599794 573047 672332 247211 670283 171320 519746 123911 574463
476212 422174 162429 494862 500789 517082 91029 542402 158240 532375 437941 999999999 362486 131452 327651 423383 246293 432064 320760 420634 473757 410867 347290 365197 308187 228324 430498 310762 253568 324594 595285 365643 147884 299151 497396 584600 253774 311961 468609 490071 359588 453345 516857 548771 353700 398508 610797 355103 529047 187940 594470 634209 379102 292592 208434 440867 478521 368050 410824 497259 369449 211345 637929 486572 170626 642645 370572 515752 178232 558529 447696 514674 366003 137757 108925 600982 467026 384761 318860 641750 273439 467751 515204 543807 149556 532252 226450 344195 450796 619707 457757 421630 199498 315209 276241 471705 517554 108696 381594 165565
617164 742974 235472 697611 228858 283426 403754 181369 207823 442791 565419 362486 999999999 317320 669195 785627 323602 593246 486854 473829 500839 522163 545328 128280 102239 429800 710146 666214 475619 165900 250541 97723 491568 653203 134981 605133 181416 461004 371353 700335 632841 184481 862127 211906 458577 733721 249230 210587 751495 183911 956667 620122 557066 645527 433018 775931 391870 173266 431406 168529 692474 187359 276751 454965 356669 654395 96651 526787 404762 218427 809995 534137 485771 360204 341356 723784 820629 472621 343103 298331 596400 107237 347259 233060 511924 277143 497876 594898 306601 978084 202864 59456 540818 215679 556345 116170 526614 295721 589979 487078
374526 425691 81992 418769 400367 405630 221738 496125 126089 600323 554893 131452 317320 999999999 445127 507242 114880 554715 439912 295030 570099 296872 473043 366186 234185 348557 398380 416497 379403 225155 566773 355521 272589 407181 447227 684103 158552 202395 529969 619725 490970 357099 627201 525068 461490 517452 562040 243360 463742 194301 675359 727021 286399 402199 331987 460175 543844 266437 281116 476780 493813 234573 589928 568262 278639 741909 359403 610209 93189 479574 530403 387671 478015 43290 31332 498009 513480 263571 187411 560939 400162 423686 557711 452498 240459 424837 182370 289280 327517 713031 465491 375150 233539 201587 407692 409127 611602 38301 509548 174775
681080 415861 490051 641012 828043 844357 265688 839799 479953 654507 407070 327651 669195 445127 999999999 190166 551653 365351 329075 690487 524429 652184 292585 631550 631470 295823 500473 67258 263799 652214 872643 643516 181309 61263 800015 598543 581416 560666 618828 330570 176165 780121 192943 823705 401246 72547 907587 681889 644964 485290 330070 664491 583108 58322 275894 388360 617550 695679 696365 772449 71004 488260 933051 581105 334428 647433 648848 562831 440488 878093 209228 783191 389280 429731 415177 793790 331739 645944 621892 961121 85565 767048 696201 868733 213896 859893 414011 490277 772586 322545 703080 725422 290629 641320 169319 784033 565663 432923 285860 333688
632103 292568 573061 561447 907527 910824 395891 964561 580917 836290 597213 423383 785627 507242 190166 999999999 592326 555271 515193 686296 712166 630434 482218 772624 727636 469429 400320 142313 444307 731407 1010979 779072 307413 157177 920365 788642 662299 555494 795012 511130 364276 863435 188992 963017 586173 199978 1033045 749926 548232 606510 171088 854451 545658 166575 446288 246224 795806 773394 705039 911129 243568 620375 1059891 765351 490187 837570 784274 751351 466636 978648 24474 770919 576331 477463 476053 727457 158822 639204 653551 1061525 268377 890033 867367 957773 274910 931413 404012 435363 822197 208965 854537 844562 286606 708088 356043 894852 754145 509265 475842 347052
301386 456829 136033 374077 334500 324009 336578 486195 192873 678101 662901 246293 323602 114880 551653 592326 999999999 665686 549782 189678 666339 211064 585762 407365 223270 459657 400636 516900 492474 180729 570244 388833 384544 509035 436390 780962 142252 137524 605177 734002 605662 299840 727604 534817 565581 624200 546486 174243 428066 263870 755017 819208 233550 505003 444466 501648 621264 211127 168759 492009 603968 306707 573987 655600 386405 838113 391479 704770 126789 435949 614165 278477 584068 121954 140018 417972 572735 167732 72636 511764 512109 420569 619088 395585 340577 348160 210529 281593 229873 800951 504901 373735 306724 136627 522502 388143 705895 144723 623168 245554
904842 745069 543406 906554 812295 854091 344689 712331 498031 348573 52204 432064 593246 554715 365351 555271 665686 999999999 116957 849616 192757 842905 89350 493144 614430 206197 802126 423127 179542 668290 702931 519419 353881 410518 690020 237217 611088 743903 346702 121659 192938 763168 485145 657043 137336 371726 770003 715066 929147 451121 677289 304490 805512 402244 223750 731982 335070 705900 834369 614816 318383 422313 789000 269026 280918 282847 523925 220139 609483 807305 573283 942335 109260 569302 538549 1028968 692696 815925 735254 881080 296573 655089 435685 826079 448492 856940 638818 748666 826424 643043 515929 631027 551548 685550 213344 701283 223108 521211 79514 558250
796394 666296 426488 805399 701012 740677 237296 619042 381221 327474 117492 320760 486854 439912 329075 515193 549782 116957 999999999 734935 197676 731039 62398 396943 500927 92444 712015 374379 80405 552919 621224 420585 264809 360072 592244 287915 494645 632438 300977 213482 189816 651513 486290 573475 72783 358027 680269 599128 831984 336155 657616 349013 698154 350892 113862 660691 295941 591243 718537 527569 303167 309657 701284 252338 164120 343321 425433 238256 498976 703724 536177 827129 61756 456664 425178 921010 636254 702347 618886 780072 246849 557044 385701 718314 358672 744718 535536 648812 710148 638265 435442 528807 459491 569027 159813 598230 240925 405651 105783 458118
163090 473240 325072 275974 391395 349366 511405 607083 381316 863342 849604 420634 473829 295030 690487 686296 189678 849616 734935 999999999 856008 77745 767025 577583 372802 643526 379192 643653 673216 308883 701358 554757 542876 639096 559907 970634 306509 131911 789795 910258 772223 378806 847279 674038 754130 761557 656795 271975 337021 451004 831852 1008411 166624 637211 626433 529323 806667 315805 48603 638486 751058 493605 682232 844029 573015 1027754 556431 894339 254457 516283 704615 94678 771847 283384 312039 251457 623220 47144 135290 575870 666786 553634 796712 458995 477640 380174 284443 274825 238009 892289 670579 512386 409284 258243 691467 504368 895441 329906 802193 357758
942860 855619 531455 968618 729608 781486 406497 580051 476496 157401 140640 473757 500839 570099 524429 712166 666339 192757 197676 856008 999999999 866788 234542 379847 551909 266609 891697 571879 274511 616614 550699 410290 453971 557644 568447 114632 574635 772016 172167 309035 368487 683902 668258 509225 131226 546149 629064 667108 1001531 411418 850080 160807 849365 548492 292529 853887 155553 646695 830672 474981 491131 371563 644007 79577 303326 171967 413571 42708 645964 696822 732758 942490 136035 597310 563994 1067193 833440 830730 727542 761587 443849 535661 258209 728555 544469 777587 699475 816532 778937 824251 370236 523615 640896 646857 356139 592981 44935 532232 256422 629491
95782 401913 344540 200026 462301 423747 499213 666906 401608 887789 847670 410867 522163 296872 652184 630434 211064 842905 731039 77745 866788 999999999 757419 616300 419937 638656 303795 600651 664003 361518 758580 596029 518127 597618 618562 980915 345828 99191 815282 894039 749077 445616 798656 728251 757452 721547 719877 331091 260918 473415 769409 1022884 92693 596728 619296 459169 830937 375143 122943 689659 716082 516214 745997 861864 573488 1038672 598270 906616 234134 584824 647395 141465 772862 274485 306616 206908 556474 50828 179710 647655 637297 609193 830065 529827 443583 454254 238506 205454 311752 833480 712440 565608 363882 310273 671141 564555 907949 334570 789699 319228
817381 658110 468584 817394 755899 793329 258251 680790 427176 377025 117555 347290 545328 473043 292585 482218 585762 89350 62398 767025 234542 757419 999999999 458565 554062 128634 713173 345183 93820 602981 683620 481679 264606 331737 653267 307189 541983 658265 357280 157278 135682 706168 435687 635870 126484 311663 742357 647740 839797 388011 615709 372397 717719 323008 141301 647037 350462 642485 753897 589885 256615 364721 763509 299132 207853 358421 486587 271206 523478 762952 501791 860451 105470 485011 455098 941234 612916 732010 656497 840071 216583 618058 443658 775603 359295 798668 550106 659438 757495 590468 497768 588786 462292 615780 129689 657805 274088 441053 44661 469148
708546 778431 288837 775810 354377 411093 376995 222282 240442 314543 459220 365197 128280 366186 631550 772624 407365 493144 396943 577583 379847 616300 458565 999999999 210708 358848 763635 641389 403898 280486 241101 31146 466392 627194 196878 480307 271593 542446 243157 607332 563769 311932 821521 192216 355866 689144 285361 329447 825310 180590 941183 492638 636898 618602 368974 803102 263758 296664 539024 140918 642215 154439 308188 328871 298956 528094 33822 402838 459279 318770 797041 646469 383900 408676 382026 822207 831867 569169 442808 388826 551296 162005 223396 348805 509762 403175 546743 655308 431916 951157 99445 143831 561528 325429 495576 213680 402455 334607 502662 516387
514929 656909 156687 596633 204005 239769 368683 266375 151545 517823 594368 308187 102239 234185 631470 727636 223270 614430 500927 372802 551909 419937 554062 210708 999999999 429260 616387 618878 473247 69951 347132 184683 450249 607053 216630 662158 82802 360147 444189 711337 622269 154135 823076 311744 487060 700002 330139 120000 651271 166361 898221 685388 456146 600250 426298 693737 463562 94818 331544 270359 664250 192221 358016 517572 350378 714924 185680 582971 314743 251050 751608 436854 512267 275060 261993 622023 746799 370471 241047 334082 566609 197918 434016 237424 453009 244812 408551 499374 228419 927386 298841 150562 466069 115842 540949 175061 583255 220936 597832 408640
704124 589041 340119 715211 632477 667492 146389 579077 298722 369148 209697 228324 429800 348557 295823 469429 459657 206197 92444 643526 266609 638656 128634 358848 429260 999999999 627468 327277 45912 475687 595404 377629 188054 312347 546654 368877 413707 540012 325639 284392 205423 582583 474545 546503 136302 341483 643852 519748 743454 262922 624341 425528 606114 302950 25983 588575 326534 515835 628270 497259 290266 244163 667023 303276 79743 425990 382829 309199 406548 648210 492160 736145 141852 364351 333046 828788 575187 610360 529633 727621 210335 511714 400604 655998 277891 674055 444986 559451 629089 617099 416396 477808 375502 487324 139113 544782 311521 315077 170350 369341
262500 114708 479014 165585 726274 701614 485336 882679 523263 962661 825199 430498 710146 398380 500473 400320 400636 802126 712015 379192 891697 303795 713173 763635 616387 627468 999999999 434749 632381 581228 960667 753872 449148 439218 832860 996341 533675 282998 898983 811424 650932 697096 588052 920950 763427 554487 945125 571435 148451 586549 502217 1052045 212589 443039 602212 173140 909015 610892 417584 873832 571474 622588 972837 913759 592695 1053325 757778 934384 306550 835400 409456 437386 768484 355356 381774 334201 280506 337682 423307 908787 526214 813558 941576 790849 354312 730006 216925 119391 591917 578626 862535 765365 252529 536535 593845 787262 936506 429061 730747 265543
623863 348637 470438 578393 809644 821010 265605 841651 468120 694033 461893 310762 666214 416497 67258 142313 516900 423127 374379 643653 571879 600651 345183 641389 618878 327277 434749 999999999 302200 632638 881703 650303 175944 14962 799537 652371 561927 512383 652913 396144 238879 763023 210966 833180 444696 123467 909989 658165 580208 483412 301724 717313 527486 24338 304423 321518 653539 675823 653104 781431 137640 492238 936216 623478 351867 703059 655587 611696 399362 868718 164884 734865 435855 395559 385526 733939 269774 598087 584932 951966 128772 767753 726122 854402 176713 838534 362289 430377 742764 312080 719342 724044 236788 616797 216650 778928 614447 409699 343828 286081
725308 585914 377831 729274 676823 710702 165198 624574 339314 392148 193635 253568 475619 379403 263799 444307 492474 179542 80405 673216 274511 664003 93820 403898 473247 45912 632381 302200 999999999 517923 639322 423149 184472 287508 592455 368218 454554 564896 355131 244349 159924 626905 435995 590520 144145 303676 689099 561016 754214 307113 593830 428714 626060 278163 48990 580851 353789 558608 660385 541661 250930 289668 712077 321419 122869 423726 428330 316091 430253 694010 466224 766689 140555 391249 361278 849480 559260 638232 563520 773505 178662 557489 434049 701271 278587 717904 460364 571962 669344 581955 458764 523717 379944 527551 99091 590671 318657 347847 131252 381146
457227 632449 162454 546118 177087 195292 396891 308574 180896 587295 651517 324594 165900 225155 652214 731407 180729 668290 552919 308883 616614 361518 602981 280486 69951 475687 581228 632638 517923 999999999 397522 253918 471665 621896 259231 728015 70859 312006 513540 759868 660405 132062 840926 366819 545008 722754 366718 50885 602818 217231 900226 753083 406711 615858 469674 673713 532742 43472 265662 329710 691106 249812 394020 585140 395958 781513 254653 648873 291051 258828 754808 368651 569203 260523 255908 559793 735524 311107 181933 338089 593732 247786 503857 227397 460287 208001 383165 462300 162399 935627 366806 204304 457651 51268 577412 208415 649269 223521 645848 397482
854359 991772 484782 942398 351763 416670 616523 99282 450662 426728 661149 595285 250541 566773 872643 1010979 570244 702931 621224 701358 550699 758580 683620 241101 347132 595404 960667 881703 639322 397522 999999999 231913 706190 867632 142006 624783 429476 706476 380500 822713 798115 337534 1062323 49055 568267 929720 94184 429432 997881 407416 1180442 612339 802214 859132 607569 1022647 399655 385554 655113 100320 882053 390615 98269 479063 539513 658341 226705 558582 655210 239943 1035444 746098 595923 609896 589404 952611 1061114 707936 579337 260480 792094 150050 305397 302986 743451 393086 748116 845090 492286 1192053 187098 196570 784253 448573 733740 199012 557102 542740 726132 733229
689164 773135 276033 759906 323231 380079 384860 201449 231365 345146 486780 365643 97723 355521 643516 779072 388833 519419 420585 554757 410290 596029 481679 31146 184683 377629 753872 650303 423149 253918 231913 999999999 474574 636344 171661 511330 250287 525133 274088 632220 583025 280903 834664 184098 382395 702935 266874 302065 810601 178124 948564 523756 620280 627943 386099 799891 294744 267981 515111 132244 657231 158702 291036 359984 313818 559231 5336 433743 448066 289892 803535 621447 410319 398522 373478 801148 832599 548174 420624 361690 564767 136467 251182 318265 512589 372032 537387 643549 402807 961281 116411 113974 559074 300259 512602 184271 433387 325915 526035 511609
566199 402194 310039 555418 647015 664845 89722 665911 298708 552637 376169 147884 491568 272589 181309 307413 384544 353881 264809 542876 453971 518127 264606 466392 450249 188054 449148 175944 184472 471665 706190 474574 999999999 162309 624234 552151 401004 420406 502000 380420 230950 598931 373043 657798 322880 251107 734199 502985 575628 308121 474842 611353 465520 154283 162095 400528 506029 515135 540883 605986 221977 316334 760353 490241 186177 608035 479846 496368 288544 697695 331674 637469 323721 265244 244722 687683 392196 501879 456733 780839 127641 592167 567567 687449 94850 679583 293298 397169 597567 487822 547124 548927 197687 463045 155259 605311 498771 255534 286058 209502
623079 355818 459551 580412 798804 811023 251838 828199 456055 679246 448673 299151 653203 407181 61263 157177 509035 410518 360072 639096 557644 597618 331737 627194 607053 312347 439218 14962 287508 621896 867632 636344 162309 999999999 786309 638884 551115 508192 637979 386428 228045 751954 220056 819067 430195 124252 896501 648160 583770 470157 316454 703654 525975 9399 289466 330661 638642 665155 647505 767342 132257 478429 922662 608845 337107 689855 641634 597586 392933 856571 179822 730819 421610 387398 376365 734429 282178 593822 577650 939815 115162 754392 711161 842947 168463 828203 359113 430790 733990 325513 704771 710884 234175 606910 202839 766211 600328 399345 331365 281338
714313 872274 366336 805348 218663 283993 535566 49864 342517 475559 655667 497396 134981 447227 800015 920365 436390 690020 592244 559907 568447 618562 653267 196878 216630 546654 832860 799537 592455 259231 142006 171661 624234 786309 999999999 660732 299202 570709 413354 803721 751921 197854 992703 124082 552742 862895 115041 288253 861884 316152 1091361 662505 665808 778463 553250 907289 434347 244222 513401 113417 819722 312739 142856 508505 478684 703285 166848 586404 530963 133118 944753 604209 580777 489353 472902 810975 954657 567797 440055 193422 724908 35209 360881 182815 646874 264071 624731 715432 351595 1111590 208778 75804 674345 309658 678943 57439 585591 428368 697660 619458
1056114 954092 646073 1079017 833761 887797 513040 666643 591023 199807 191560 584600 605133 684103 598543 788642 780962 237217 287915 970634 114632 980915 307189 480307 662158 368877 996341 652371 368218 728015 624783 511330 552151 638884 660732 999999999 687998 885730 248413 328415 429619 789371 721128 587726 233336 608825 709480 778713 1110248 525433 914472 67433 961857 630107 394176 948308 227829 756710 945228 559759 555160 485108 721412 152432 414011 58078 514089 79188 758575 791934 807603 1057068 228529 710514 677268 1180608 919517 945194 842081 851906 523722 629590 320063 828166 645123 882239 809134 925483 890043 879333 455130 622650 744227 759671 436333 690457 78960 646351 314752 736804
439466 576227 91605 516327 247717 264606 327480 349008 115247 561901 597801 253774 181416 158552 581416 662299 142252 611088 494645 306509 574635 345828 541983 271593 82802 413707 533675 561927 454554 70859 429476 250287 401004 551115 299202 687998 999999999 279749 487894 698029 593272 201635 770075 392961 492911 652055 412121 106737 570084 164725 831680 718191 375795 545042 405841 614605 505817 114286 270049 349761 620889 203088 439948 550817 334145 743138 252458 609398 233506 321055 685856 380195 515736 196945 188436 550930 671723 297910 171381 402420 523654 280627 490347 295486 390171 278580 327194 416572 215625 865725 366688 232988 392089 74559 509853 255482 610068 153396 584027 332952
172577 360639 259584 236607 444411 418668 400041 620291 315669 800136 749280 311961 461004 202395 560666 555494 137524 743903 632438 131911 772016 99191 658265 542446 360147 540012 282998 512383 564896 312006 706476 525133 420406 508192 570709 885730 279749 999999999 728638 795116 651248 417915 715382 671885 660369 631213 678540 293862 291427 387626 704263 929365 96063 506589 520386 413287 743403 335691 151312 629470 622715 429945 705692 770389 476074 943641 527957 812373 134950 557601 574289 222654 675158 176480 209176 295615 500794 85721 141139 628326 541317 556518 749355 509896 349246 447010 152592 165848 309613 762390 640764 510243 277421 263197 572659 520368 813801 240627 690520 227096
900913 884607 470811 947460 596467 654149 429708 418230 413841 74050 298172 468609 371353 529969 618828 795012 605177 346702 300977 789795 172167 815282 357280 243157 444189 325639 898983 652913 355131 513540 380500 274088 502000 637979 413354 248413 487894 728638 999999999 468064 490606 554965 786376 341011 230820 656227 462292 564111 988853 341898 948685 251029 816273 628583 348853 894290 21076 535499 756899 311383 601995 299160 475512 98670 318997 290038 275923 178297 618062 545447 817797 867852 253400 565891 533470 1021611 894197 772848 655314 603684 533448 383126 88995 584932 578727 645409 689524 806713 671114 936016 206726 380456 661110 552886 452575 446095 176936 492198 391968 634102
946338 739477 622160 932744 912992 950590 399065 828356 582926 466332 170508 490071 700335 619725 330570 511130 734002 121659 213482 910258 309035 894039 157278 607332 711337 284392 811424 396144 244349 759868 822713 632220 380420 386428 803721 328415 698029 795116 468064 999999999 160890 863302 405248 776314 254643 313363 887550 804139 947865 545277 609084 394599 845706 379867 293338 717064 455942 799605 900595 732963 267873 521637 907267 387390 364103 361803 636937 330468 660492 917024 525320 1004551 226830 626874 598995 1068101 661267 872754 805763 992845 285429 768588 557059 931641 469089 955912 673718 774934 913248 562741 635615 741730 570494 771444 225171 811390 333356 590045 114050 589782
795268 578870 508829 775442 826208 855388 271088 784465 479512 512677 238998 359588 632841 490970 176165 364276 605662 192938 189816 772223 368487 749077 135682 563769 622269 205423 650932 238879 159924 660405 798115 583025 230950 228045 751921 429619 593272 651248 490606 160890 999999999 776387 300165 749462 260366 179510 849013 699763 788602 458419 485234 496610 694643 220902 199823 557858 484850 702606 767546 701039 125542 445719 871921 434783 276359 475700 588215 403146 518563 850808 381405 866900 240994 490993 466484 915270 507575 732099 678289 931145 124722 717034 575483 854819 313592 865085 521590 618342 803554 455775 615729 682396 412984 663223 83980 748506 406084 466265 115090 437114
539650 756554 292697 641783 49923 99186 520264 238687 301892 625462 739889 453345 184481 357099 780121 863435 299840 763168 651513 378806 683902 445616 706168 311932 154135 582583 697096 763023 626905 132062 337534 280903 598931 751954 197854 789371 201635 417915 554965 863302 776387 999999999 970200 321488 632322 849805 280229 125925 701153 319793 1032283 804434 507422 745671 580234 800218 575645 91334 330532 300848 815867 341880 304655 639441 504084 838869 279062 710841 418717 140117 886858 411743 658525 391512 387935 625911 865520 395313 277456 212058 718207 205278 524051 96450 591805 94349 508725 577736 155044 1067336 372364 182605 588949 163995 694917 140755 710727 355013 750236 528416
810336 481524 678472 747004 1017543 1030912 458605 1032050 671550 812290 534869 516857 862127 627201 192943 188992 727604 485145 486290 847279 668258 798656 435687 821521 823076 474545 588052 210966 435995 840926 1062323 834664 373043 220056 992703 721128 770075 715382 786376 405248 300165 970200 999999999 1013292 558478 133233 1099651 868059 736325 678228 209071 788560 719032 225428 458063 434545 782152 884288 859827 962392 185131 680553 1124891 734799 522831 761809 839999 701772 608475 1070632 185337 936325 540613 606453 596326 911123 339732 800899 795036 1153726 270235 959580 868590 1059988 387678 1047764 563106 613101 953722 158335 889035 918246 438027 826880 336917 976964 704731 619048 412449 492379
823886 948987 443205 908370 342264 407648 568180 95716 406677 391882 616154 548771 211906 525068 823705 963017 534817 657043 573475 674038 509225 728251 635870 192216 311744 546503 920950 833180 590520 366819 49055 184098 657798 819067 124082 587726 392961 671885 341011 776314 749462 321488 1013292 999999999 521702 880673 121888 402513 962883 360834 1132258 579068 767890 810535 558551 978681 360806 359337 628806 51888 833002 342682 134788 439650 490474 623782 178961 519281 614751 242607 987473 723657 549486 568320 546704 925481 1015207 677915 548557 277907 743067 120853 271048 301066 696429 386683 707061 806440 474118 1143314 141404 162679 739390 418087 684760 180736 517945 499681 678612 689356
828562 724792 435218 846777 680865 725485 279723 575116 384480 254701 107577 353700 458577 461490 401246 586173 565581 137336 72783 754130 131226 757452 126484 355866 487060 136302 763427 444696 144145 545008 568267 382395 322880 430195 552742 233336 492911 660369 230820 254643 260366 632322 558478 521702 999999999 430732 633306 593540 877125 328952 730214 289233 732547 420925 162026 722661 224489 580415 733409 478443 375821 295542 652737 179864 184443 290909 386844 173498 530098 670975 607493 844031 28101 483984 451201 953351 703392 724946 631480 744084 318194 517845 317304 691636 414027 726536 576589 692499 705894 710940 381202 494535 511709 567295 231936 564923 175922 424920 163103 503497
747060 461947 560914 701194 898042 915553 332121 901321 548728 685388 418502 398508 733721 517452 72547 199978 624200 371726 358027 761557 546149 721547 311663 689144 700002 341483 554487 123467 303676 722754 929720 702935 251107 124252 862895 608825 652055 631213 656227 313363 179510 849805 133233 880673 430732 999999999 968627 753298 701220 550175 305743 675938 650194 124826 324830 427457 652882 766225 768243 829926 55099 550239 993594 609145 390237 653793 708269 581901 512538 944918 212449 853856 414766 502275 487602 857395 355735 716688 694401 1027728 138227 829405 737252 937422 285986 930631 483063 553845 844835 280256 755828 788983 358387 712917 204646 849207 584822 504605 294591 404119
815155 986719 481315 910990 283419 345795 644910 68487 457047 513725 731213 610797 249230 562040 907587 1033045 546486 770003 680269 656795 629064 719877 742357 285361 330139 643852 945125 909989 689099 366718 94184 266874 734199 896501 115041 709480 412121 678540 462292 887550 849013 280229 1099651 121888 633306 968627 999999999 389156 968607 427075 1203873 700754 772615 888455 652916 1022177 482277 345379 609036 155623 923701 419363 27902 560820 580528 745641 261590 640416 644874 160172 1057474 691688 661342 603999 587896 905651 1069572 669080 543990 167376 830402 143064 392758 226023 760352 319208 738681 827067 433842 1222011 259019 189774 789347 415530 779457 158380 639141 543408 786021 734489
426668 631071 193576 522471 161244 162863 432694 336070 221845 637793 699624 355103 210587 243360 681889 749926 174243 715066 599128 271975 667108 331091 647740 329447 120000 519748 571435 658165 561016 50885 429432 302065 502985 648160 288253 778713 106737 293862 564111 804139 699763 125925 868059 402513 593540 753298 389156 999999999 580815 264845 916843 803968 385522 642632 512384 675511 583395 44099 226297 368968 724176 299043 415596 636024 440061 832316 302476 699589 295671 264212 772829 324441 617334 273243 274692 523365 743504 280263 155421 337981 627414 281859 552799 221347 483219 181539 384047 452048 112497 956308 413145 242056 470095 41841 616222 233540 700002 249191 690097 408919
180598 258082 536747 61051 721288 684578 597594 911361 588677 1056586 947825 529047 751495 463742 644964 548232 428066 929147 831984 337021 1001531 260918 839797 825310 651271 743454 148451 580208 754214 602818 997881 810601 575628 583770 861884 1110248 570084 291427 988853 947865 788602 701153 736325 962883 877125 701220 968607 580815 999999999 658042 641218 1162299 196109 586990 719270 313086 1001097 623907 383751 919671 715813 697996 995514 1015119 698425 1167996 813812 1043851 372069 841193 556586 364819 885291 424509 456050 203779 420750 308512 425397 906854 664402 847941 1021223 788533 481848 714991 302599 185019 572522 720803 924601 801565 378789 553170 726235 810826 1045750 499787 861176 374127
559454 597913 128914 612430 369710 405319 219881 358621 72038 414428 434784 187940 183911 194301 485290 606510 263870 451121 336155 451004 411418 473415 388011 180590 166361 262922 586549 483412 307113 217231 407416 178124 308121 470157 316152 525433 164725 387626 341898 545277 458419 319793 678228 360834 328952 550175 427075 264845 658042 999999999 777098 558938 477515 462319 260667 622727 357575 255091 421764 309360 509960 42847 453660 393303 184310 581351 182954 447420 286714 396305 630971 533695 352504 234615 205337 679725 654610 431581 318707 478503 413304 284446 363740 396468 336217 411172 369875 482021 377039 795484 277455 240811 381402 238690 378673 299037 448257 159081 431617 335843
756043 387518 743121 667740 1075633 1076464 564207 1135386 751957 984214 724232 594470 956667 675359 330070 171088 755017 677289 657616 831852 850080 769409 615709 941183 898221 624341 502217 301724 593830 900226 1180442 948564 474842 316454 1091361 914472 831680 704263 948685 609084 485234 1032283 209071 1132258 730214 305743 1203873 916843 641218 777098 999999999 981637 679783 325543 602977 329475 947608 941796 855488 1080394 360023 789900 1230651 909953 653559 958713 953797 886748 628336 1149139 146822 910864 716627 643644 644382 836334 221718 784844 812801 1231903 415257 1060900 1024881 1127115 445869 1097990 557137 565967 984420 87954 1020839 1015558 448429 875068 498607 1065908 889649 679092 600324 509793
1100934 1013537 683367 1129028 846840 903514 567075 663358 627187 187811 258027 634209 620122 727021 664491 854451 819208 304490 349013 1008411 160807 1022884 372397 492638 685388 425528 1052045 717313 428714 753083 612339 523756 611353 703654 662505 67433 718191 929365 251029 394599 496610 804434 788560 579068 289233 675938 700754 803968 1162299 558938 981637 999999999 1008489 694786 451252 1009559 229999 778945 980645 556431 622130 517236 710269 167956 463971 50620 525909 118476 805125 795230 873672 1092595 288175 755797 722426 1224911 983457 985248 877513 850267 588554 633242 308021 835899 703193 895714 860148 977291 913789 946765 454005 631462 800761 787930 500852 696960 116656 688888 381621 790254
100687 309246 351254 140545 530346 498594 461417 715263 406100 886714 815642 379102 557066 286399 583108 545658 233550 805512 698154 166624 849365 92693 717719 636898 456146 606114 212589 527486 626060 406711 802214 620280 465520 525975 665808 961857 375795 96063 816273 845706 694643 507422 719032 767890 732547 650194 772615 385522 196109 477515 679783 1008489 999999999 526081 584507 366654 830242 428291 205928 725529 649719 519192 799585 852953 548507 1019929 623204 890577 203407 647527 561515 232337 745077 253189 286524 223517 464989 125905 230343 715572 577451 652203 840782 596975 382458 528184 173172 114012 387003 745978 735571 606116 292489 357115 620693 614748 892172 324421 746408 257650
623608 361273 453448 582693 792677 805485 243645 820183 449106 669867 440052 292592 645527 402199 58322 166575 505003 402244 350892 637211 548492 596728 323008 618602 600250 302950 443039 24338 278163 615858 859132 627943 154283 9399 778463 630107 545042 506589 628583 379867 220902 745671 225428 810535 420925 124826 888455 642632 586990 462319 325543 694786 526081 999999999 280087 337236 629243 659163 644939 758831 128842 470158 914563 599518 328026 681227 633238 588493 389919 849513 189216 729243 412457 383220 371505 735726 290509 592139 573987 932750 106436 746448 701813 836384 164522 822426 358256 432149 729290 333634 695859 703093 233848 601470 193937 758745 591231 393641 323191 279546
683021 563098 328852 691816 630155 662948 123434 587307 290595 393969 231290 208434 433018 331987 275894 446288 444466 223750 113862 626433 292529 619296 141301 368974 426298 25983 602212 304423 48990 469674 607569 386099 162095 289466 553250 394176 405841 520386 348853 293338 199823 580234 458063 558551 162026 324830 652916 512384 719270 260667 602977 451252 584507 280087 999999999 562622 350429 510627 612669 508636 275087 245954 676642 328887 76813 451120 391364 335098 386285 651034 469244 719584 166480 345552 314917 807540 549925 592247 515230 731325 190876 518553 422072 656213 252034 670673 421796 535593 620470 598075 431128 482925 350061 478691 126620 548716 337431 299753 180108 345161
432045 59160 541041 338409 836148 821973 464598 955972 572074 949829 764136 440867 775931 460175 388360 246224 501648 731982 660691 529323 853887 459169 647037 803102 693737 588575 173140 321518 580851 673713 1022647 799891 400528 330661 907289 948308 614605 413287 894290 717064 557858 800218 434545 978681 722661 427457 1022177 675511 313086 622727 329475 1009559 366654 337236 562622 999999999 900592 709726 561140 928469 456835 651116 1050058 890159 575599 1002649 804481 896062 382672 932537 249911 598475 721404 418679 434647 506940 107935 484061 543004 1011085 437582 882931 950752 896479 315805 847932 291515 254546 717887 407752 897845 834506 241814 636228 518696 868789 898530 480383 654752 289418
