NAME : synthetic_000486
TYPE : CTSP-D
DIMENSION : 100
GROUPS : 8
RELAXATION_LEVEL : 1
EDGE_WEIGHT_TYPE : EXPLICIT
EDGE_WEIGHT_FORMAT : FULL_MATRIX
EDGE_WEIGHT_SECTION
999999999 600875 281449 511022 484399 615306 293478 617027 488686 239387 228144 369522 393574 242575 574336 697350 436258 603022 54660 312596 280861 734638 613844 236896 520265 308354 556239 607836 731860 390038 407306 464717 489375 256144 114084 464086 351866 634382 238310 195802 451324 173694 636579 466501 564561 551807 521065 474356 54037 610859 816167 399359 197346 96235 541300 812484 357051 396557 579963 316532 296965 468914 624595 387699 349330 206599 410588 364368 225189 464249 727346 351788 236444 349309 472615 437422 642987 472542 458546 365645 658857 202960 263151 468019 683729 133769 170113 567280 476081 380754 287422 495476 741261 384625 495043 265220 201826 520108 571050 536140
600875 999999999 546389 151608 305448 230044 737706 363418 726222 821438 612725 319666 617624 752225 665664 896535 364183 338337 640528 411440 855718 245012 898523 684625 1065800 638231 846111 948600 202315 282387 309481 999895 1041774 826163 596648 989007 949425 751823 627701 431820 267574 469522 59501 1051595 1160695 925705 624252 556842 593363 93471 977057 542458 483752 606055 618648 963638 759210 992533 1173045 430189 871376 237049 370953 522440 338628 767246 968120 869237 530196 730906 924778 864062 564071 590832 1073172 281360 593517 135986 320791 662072 111599 398965 460537 692996 399012 526144 435744 805313 144876 892740 821455 835997 938523 971990 1030051 834459 547744 120505 559333 950108
281449 546389 999999999 406876 300319 454339 573231 400982 236529 492267 91496 473407 632906 243675 294055 448358 567023 396027 333346 471102 379083 582484 396630 514321 540007 566521 337491 423920 600415 265309 248895 472187 521748 349676 382726 457046 503814 360092 99748 182108 531173 356256 556530 564968 690739 388895 740625 194743 327033 512082 561341 611795 397023 370206 259853 554782 212888 607351 693687 486260 391281 532423 406230 594117 463182 296204 457760 337728 452849 723202 479533 336413 49223 75762 634092 283425 366805 413625 272202 622233 555702 285097 91024 716982 461127 155763 294359 323595 477535 362077 562454 304401 494171 497129 500495 355229 440012 520588 295330 405907
511022 151608 406876 999999999 155296 137159 700678 239409 575557 745330 480987 327447 623624 627766 515150 745245 403421 213545 557845 404028 742405 230221 747536 642018 938800 619807 695725 799223 220964 142702 161531 871757 916984 712192 533360 858951 846791 601621 494971 322706 312528 414687 149944 938456 1054050 778577 662290 405246 515837 106673 827573 558301 440353 537998 467832 814487 619117 907542 1063506 425302 757433 289576 248151 536820 339046 653014 846277 738736 497575 738342 773662 735057 430642 444829 974710 130988 451292 77237 169253 655137 153176 323096 326626 707412 290579 413730 363051 653940 179325 762744 763780 688256 787483 861387 901256 719944 508375 195429 411706 805763
484399 305448 300319 155296 999999999 154279 725507 138966 430941 723509 387160 422366 693275 540615 360230 591450 511950 120594 537401 477964 669468 282261 600602 663807 839973 667358 551436 657686 303608 112028 78776 772107 822064 639220 538910 756276 786529 446513 398285 289920 432642 441455 291970 861032 983929 643222 756451 254000 505259 239447 672292 639573 476542 537484 313228 659191 502220 869329 989171 499205 683073 416050 147665 618132 426986 581832 757361 637631 539408 804514 619473 636680 336641 318488 917250 59416 301297 211540 28456 711726 274705 339023 242616 780780 205833 361842 375989 505271 314627 661996 763274 552124 633159 789310 800035 645867 542434 341237 257082 676652
615306 230044 454339 137159 154279 999999999 828103 138720 572023 853982 540102 464595 760115 693127 477699 711114 538955 116132 665791 540296 819398 128190 736637 768146 994184 752833 691375 799558 152563 225328 215577 926325 976043 789045 652707 910553 933233 559450 551689 420018 446131 540318 190034 1012502 1133935 789953 798931 389550 628055 138526 777393 695412 569225 654902 434831 762634 655876 1008077 1140187 561660 833404 421245 145035 673917 476117 730928 910639 791842 628525 874687 736779 790752 489288 471317 1063431 181617 380483 213484 182164 790011 151365 443045 391687 844306 169056 502232 482795 639714 310028 816206 882316 698973 749516 939391 954301 795996 637303 316450 361016 826441
293478 737706 573231 700678 725507 828103 999999999 864261 779962 218455 520348 425323 214880 493817 867053 985529 429633 845762 246971 332145 452734 930234 893561 62053 680192 123600 838204 875501 912201 616672 647117 645467 645634 444636 194313 655131 433748 927835 529280 447338 500065 287889 788339 567868 610233 814272 345325 763181 246311 780692 1105129 277997 260448 203733 832594 1102326 631684 368279 637096 317181 464362 529203 872769 283743 403923 426325 574894 590384 207632 214768 1014872 574960 529540 642617 496330 669726 927459 638707 704014 150920 825575 387956 540539 242234 931316 419577 349766 855723 593342 598191 130962 771644 1028422 497868 670904 451754 192753 626699 855931 785761
617027 363418 400982 239409 138966 138720 864261 999999999 466629 854848 492188 549120 828904 644447 353358 584043 633917 25905 670835 611506 779618 230351 622078 802493 927923 805787 582004 691281 274042 250200 217148 860459 913725 749923 676684 842120 902059 430742 500592 425138 547712 580395 327957 965399 1091690 689738 885714 284938 641025 275160 643378 772342 615245 674544 314800 628173 580459 994071 1094181 632930 792103 526882 9195 750783 556163 694789 854970 727560 677956 941070 608167 729053 444426 396363 1032856 196789 243786 313457 160758 849398 289880 477987 363252 915942 67260 489727 514893 524994 418058 751646 899167 600333 620307 898075 886446 755771 681328 434157 233702 732663
488686 726222 236529 575557 430941 572023 779962 466629 999999999 653561 260584 706259 863821 329604 154589 212819 801070 475106 533008 707606 459181 690385 172831 725310 511567 790865 120532 227569 724312 451042 417668 450224 508134 438187 599748 426919 587960 165042 250754 418263 758448 590529 721124 596165 725392 223801 975587 183214 540430 669732 328981 846864 630729 584020 165629 324305 190132 721329 717683 722774 464219 756195 467330 829618 697361 407866 473177 338437 683873 948191 243832 347756 264164 162202 704722 444896 295925 605536 409633 847676 705545 521436 318472 945810 504458 382434 530465 87563 687004 357730 742823 137216 258362 553271 469136 439006 668599 726529 251237 271941
239387 821438 492267 745330 723509 853982 218455 854848 653561 999999999 414481 545655 421945 331537 769117 842779 582512 841568 188272 463203 250756 971703 736287 211048 464483 321479 686337 703578 966165 628948 646655 434826 429918 250938 228445 447149 215305 814332 417280 435137 628740 355565 862555 349568 401317 639177 557474 685881 230032 841627 962241 469762 352963 216216 743955 962247 479033 177434 425907 456406 259472 652990 862209 468993 523250 253484 362471 400681 334054 432860 869777 384805 443194 546601 290297 676778 858825 700127 697377 363733 889343 425633 495368 460220 921173 365911 386979 717155 686294 403444 107123 613423 882138 279909 458392 256110 307241 727262 787545 601207
228144 612725 91496 480987 387160 540102 520348 492188 260584 414481 999999999 493946 608663 153626 355969 470453 582381 486664 273855 474031 287613 668231 395321 464926 458238 531730 336164 403871 683112 338325 329117 390937 437712 258181 339459 377995 412579 409019 16274 203987 561188 344173 628783 474810 599812 357410 726605 274002 279926 587476 588667 599089 382158 323470 329474 584632 161756 519350 603378 486015 299923 567288 497545 583497 480164 205127 370575 257782 430201 688900 500793 254205 51033 132140 542710 364172 447294 477302 358765 588807 632704 296901 154367 688512 552610 133878 293707 340592 527896 281758 493208 284846 514912 405908 420298 263758 412645 572589 377224 360694
369522 319666 473407 327447 422366 464595 425323 549120 706259 545655 493946 999999999 301463 588167 714859 912817 96295 524835 389607 93449 650176 539732 870036 377520 887017 319518 810868 893096 510322 318237 362207 828342 857136 624633 318784 824730 713315 797792 510069 293817 83680 199015 374941 834403 924582 850618 336917 591645 339244 379302 1018202 231653 192845 334365 668175 1008982 655516 722898 942853 110867 666317 107652 558311 210382 22477 571720 778565 714771 222213 416139 943901 704677 461447 544561 823614 364444 707048 251782 414204 342607 418976 197460 387787 382080 609033 365068 210258 793807 175768 734637 523327 772824 958621 752490 859081 633686 244813 203173 647059 853759
393574 617624 632906 623624 693275 760115 214880 828904 863821 421945 608663 301463 999999999 631974 918224 1076396 262929 806445 370405 219897 627845 840978 1002909 211658 866978 101094 944227 1001056 811594 581678 621280 823861 832935 612875 281436 829483 634025 991304 621668 465275 353496 279080 674549 768426 821246 945378 136864 801082 339876 680763 1192374 80410 237816 301664 876718 1186663 749994 582135 846998 198478 641719 384768 838010 97136 286224 579704 757633 746224 180150 114902 1107202 732029 599760 708366 708102 633903 946617 550344 678383 66618 719966 371688 572057 88107 892755 481395 346882 947560 476117 758833 345497 887122 1121571 693377 851739 621178 196025 497895 878914 928154
242575 752225 243675 627766 540615 693127 493817 644447 329604 331537 153626 588167 631974 999999999 462243 511349 666364 639693 262279 546567 140268 821144 406144 449878 313701 540516 354959 381791 834530 486027 480539 248666 289803 113749 350720 240470 270244 494064 143931 324364 664163 406787 773097 321346 447321 320579 762325 406606 294068 734426 630719 641850 436502 330324 447303 630877 147638 394033 450028 553415 150365 675701 649517 630262 570677 79092 218792 126607 467739 690896 538241 116963 203981 262516 397264 515597 575722 616256 512191 596849 780587 395239 303647 701068 703602 232353 377929 386847 653821 146956 429468 283035 550617 254651 279251 117099 443941 699214 509490 296671
574336 665664 294055 515150 360230 477699 867053 353358 154589 769117 355969 714859 918224 462243 999999999 233662 811115 367922 624772 736084 598771 583633 274491 808359 666139 857847 244755 351471 624996 417217 375631 604466 662299 575012 676692 581336 729178 86916 351954 453624 752160 639150 648737 747161 876895 365541 1016328 123241 621010 594885 313834 888409 680417 664249 48231 301815 335888 856076 870282 754076 605647 743593 351707 869171 710646 536862 624723 489182 739700 1013475 260329 497318 337922 225825 850328 393208 145157 562362 347029 912666 623393 552845 346447 1004203 377462 449390 572191 180239 657338 509549 848988 286847 273652 699904 623690 577093 729441 691043 119894 419982
697350 896535 448358 745245 591450 711114 985529 584043 212819 842779 470453 912817 1076396 511349 233662 999999999 1008448 600053 739021 918709 622296 814196 126989 932753 599085 1002085 159679 206003 857248 636768 598035 552137 607539 607486 809772 526802 742230 153616 459217 629046 960165 803295 881657 717415 839105 257833 1188313 341412 749994 827974 119971 1059556 843538 793328 278775 119585 363753 884799 824316 934339 623210 955303 581611 1042189 905189 590034 597679 477513 896546 1159317 31212 491046 476928 373034 843575 619519 352430 787366 576086 1059081 857023 732261 526389 1157939 600850 595091 742691 130074 877366 489423 938272 235817 45918 694207 560752 606012 880942 913834 350942 320809
436258 364183 567023 403421 511950 538955 429633 633917 801070 582512 582381 96295 262929 666364 811115 1008448 999999999 608989 446920 124792 715845 600186 963462 392444 956502 310853 904119 984074 564301 411159 455418 900478 925412 692146 365351 898700 766468 894086 598307 385935 96963 262720 423019 892733 974328 939771 262380 687891 398064 437982 1114317 183553 242921 383835 764374 1105169 743128 759201 994790 126819 731784 127134 643063 165826 103841 642353 846612 792609 248458 371829 1039562 781606 552572 639091 868800 455227 801019 326194 505735 317693 472024 285909 482735 331135 691288 450819 291475 888632 232446 811356 542975 863914 1054286 811348 930954 701218 275429 243868 742060 940118
603022 338337 396027 213545 120594 116132 845762 25905 475106 841568 486664 524835 806445 639693 367922 600053 608989 999999999 656471 588495 773433 216780 633720 784140 927496 785071 591964 701094 257213 229992 199366 859844 912417 743542 659502 842046 894459 447261 495773 409660 522320 560781 304076 960992 1086474 697249 861598 292245 625352 250897 662541 749012 594995 657979 327573 647571 581388 983508 1089713 609952 786243 501288 34628 727436 532252 687689 852152 726343 657441 918975 624823 727274 437997 396320 1025333 176547 264463 287802 144690 827989 267477 458630 352955 893270 86632 477519 496069 536522 392297 750543 883467 607235 637221 892415 886313 749620 661482 408252 249114 738518
54660 640528 333346 557845 537401 665791 246971 670835 533008 188272 273855 389607 370405 262279 624772 739021 446920 656471 999999999 322134 272132 783534 650227 194207 515041 278314 593777 638375 778798 440908 459853 464172 482651 251532 91537 466519 323770 682413 282394 247854 472937 190620 678868 446294 535585 579869 502747 527165 50439 655625 858465 386804 203999 70509 592933 855484 389853 352360 553313 322433 287646 493148 678478 377757 368245 211030 404272 376394 216219 430444 768562 362530 287112 399111 437981 489303 696615 515375 511860 334871 703511 241746 317803 438929 737650 188263 205037 609086 510739 390062 232839 529698 782230 364661 493662 260414 189768 553688 624675 558937
312596 411440 471102 404028 477964 540296 332145 611506 707606 463203 474031 93449 219897 546567 736084 918709 124792 588495 322134 999999999 591383 624282 863640 285775 832528 226812 804026 877870 598013 367754 409367 777271 801214 568013 241712 776149 642373 815322 489467 289665 169852 140095 465487 768060 851121 830326 283717 614381 273317 466111 1029113 161751 118137 259690 691353 1021276 632200 640562 871090 21507 607283 197793 620661 140452 72947 519098 722427 672162 132182 334393 949920 660668 449839 545821 746814 418606 745957 331728 465232 253601 507647 186479 394184 305303 674459 340348 180485 794673 266721 690233 433448 758462 964608 686619 807630 577077 157027 296337 681523 826659
280861 855718 379083 742405 669468 819398 452734 779618 459181 250756 287613 650176 627845 140268 598771 622296 715845 773433 272132 591383 999999999 946538 505907 423751 243011 528731 462647 462338 955749 603970 604304 196032 210528 30382 361903 203066 130627 624147 280415 424275 731418 454129 882689 196285 314570 396902 763925 546869 318645 848218 738787 654884 473924 341143 586152 741186 269549 263772 321560 593299 16182 747791 785077 647495 630148 89396 132210 153804 487713 664493 646482 138164 335439 402712 257090 638987 715550 721149 641043 580729 895467 472429 427756 683878 840209 330308 445642 505454 743843 153453 357650 386704 657514 119994 224075 23855 460716 788971 649685 353660
734638 245012 582484 230221 282261 128190 930234 230351 690385 971703 668231 539732 840978 821144 583633 814196 600186 216780 783534 624282 946538 999999999 850476 871959 1122234 845612 808153 917117 56638 347270 342237 1054367 1104211 916165 763139 1038446 1058920 660741 679869 541067 503488 644857 186919 1140134 1260957 911070 862465 507174 743367 162211 869662 770514 669787 767200 544195 853972 782768 1129704 1267620 644952 960685 474668 232587 749545 554898 857821 1038788 919892 725766 955785 837955 918890 617381 597697 1188750 307654 469068 293794 310283 877697 133713 552646 519101 921444 223692 626386 592653 753276 368582 944257 993575 820466 849889 1066523 1082253 923225 737644 359176 464050 949814
613844 898523 396630 747536 600602 736637 893561 622078 172831 736287 395321 870036 1002909 406144 274491 126989 963462 633720 650227 863640 505907 850476 999999999 844228 472170 922051 59618 85413 887806 623838 590382 425398 480601 493729 727858 400059 621708 222798 381615 577721 926060 738572 891966 591372 712316 130931 1121915 347972 667680 839984 234739 994242 777178 709884 307616 239327 262075 765945 697350 877273 505405 925263 621467 978353 859644 482915 472623 356887 825298 1078048 144626 371162 413826 327277 719206 617167 415553 778362 580453 979353 874373 679637 483993 1080923 651136 527497 683738 97201 858990 366897 835605 123110 153762 571029 433763 491354 806999 898924 392326 194064
236896 684625 514321 642018 663807 768146 62053 802493 725310 211048 464926 377520 211658 449878 808359 932753 392444 784140 194207 285775 423751 871959 844228 999999999 658908 110698 787950 830068 855320 555311 585346 619185 624597 412079 133156 626764 422390 870712 474628 385348 455485 227894 733898 556836 611923 770149 348098 703017 187444 724281 1051992 260102 203053 144115 773130 1048685 583251 377987 636893 273134 436686 483531 810976 261226 355538 387087 550834 553451 155772 242840 962439 538421 471570 584767 499791 608262 866381 581698 642157 157718 769720 326863 479267 260141 869583 359782 288340 802729 541085 563253 150688 723261 976174 482394 646052 419833 136934 576219 794959 744968
520265 1065800 540007 938800 839973 994184 680192 927923 511567 464483 458238 887017 866978 313701 666139 599085 956502 927496 515041 832528 243011 1122234 472170 658908 999999999 766749 454844 397614 1140095 796301 786771 67875 34579 264593 604892 86478 257636 659274 444957 637496 966596 693933 1085527 150162 246971 341256 1003632 658041 560878 1045413 697600 897139 715714 584150 671144 705541 348962 388693 227713 835247 227800 980883 931577 890175 867755 315298 110801 202342 730721 894763 613905 204144 509064 531565 289277 821737 804723 929816 812025 816625 1090878 701371 612444 918059 980559 544339 678777 517543 966044 177978 568620 387968 620514 188232 42591 255548 703696 1011467 750748 278388
308354 638231 566521 619807 667358 752833 123600 805787 790865 321479 531730 319518 101094 540516 857847 1002085 310853 785071 278314 226812 528731 845612 922051 110698 766749 999999999 864186 915128 822315 555600 591362 724733 732613 514805 194270 731035 532970 926609 543550 412294 388064 229454 691884 667346 721726 857607 237841 745107 254406 690164 1119775 154841 191411 212903 818847 1115088 664950 484870 747064 208678 542324 418332 814675 160156 299719 484288 657765 651233 128079 157332 1032501 636704 529003 640641 609053 608999 899553 551818 649121 57302 732906 331039 515780 160636 871659 411382 298733 872312 493448 662846 250464 803777 1046639 592333 752284 522943 130155 522682 829756 837185
556239 846111 337491 695725 551436 691375 838204 582004 120532 686337 336164 810868 944227 354959 244755 159679 904119 591964 593777 804026 462647 808153 59618 787950 454844 864186 999999999 109294 843383 569228 537077 402171 459169 448193 670128 377066 582912 210814 322661 518298 867563 679104 841611 563644 688185 124321 1062666 301854 609944 790263 276966 934892 717806 652401 271022 278647 208475 725152 675524 817657 463541 867202 582072 918924 800319 432949 442186 318574 766300 1020480 184357 331814 354209 269131 686543 564919 389507 723938 530153 921478 825987 620103 425416 1022709 615502 468034 624122 67394 802655 331519 783923 76216 196132 536267 414401 446552 748251 843093 357520 184547
607836 948600 423920 799223 657686 799558 875501 691281 227569 703578 403871 893096 1001056 381791 351471 206003 984074 701094 638375 877870 462338 917117 85413 830068 397614 915128 109294 999999999 951777 669067 639119 356672 409399 454641 721423 331570 569202 306610 388596 599305 954451 746859 946394 525156 641714 65576 1125113 410328 661811 895680 300134 999246 783596 702279 379893 307935 251116 715279 624799 889842 459411 956316 691366 984675 880875 453615 410917 308909 827054 1068803 217321 324319 431700 362530 657574 668236 495060 823605 635555 972218 932391 698218 514427 1075448 724509 537708 697457 171260 897934 314169 806515 120276 223154 513391 361351 450899 806666 939546 466174 121314
731860 202315 600415 220964 303608 152563 912201 274042 724312 966165 683112 510322 811594 834530 624996 857248 564301 257213 778798 598013 955749 56638 887806 855320 1140095 822315 843383 951777 999999999 352005 354092 1072362 1120674 925387 751956 1057461 1064235 704312 695622 541717 467341 630221 142836 1150798 1269264 942512 825626 541539 736481 132154 916871 738918 652315 757517 583765 901459 805663 1128298 1277307 618138 970330 437529 277498 718319 526943 866523 1053116 938001 705802 925975 881852 936083 632079 622056 1193071 319019 516392 273623 330365 851494 92296 542615 530938 889956 275412 630535 582374 790715 335808 962324 982003 851523 894131 1075469 1100869 932778 719505 320829 506321 978668
390038 282387 265309 142702 112028 225328 616672 250200 451042 628948 338325 318237 581678 486027 417217 636768 411159 229992 440908 367754 603970 347270 623838 555311 796301 555600 569228 669067 352005 999999999 44363 729174 774795 573631 433445 716261 712733 503657 352270 194711 340006 330841 291534 799413 917265 643904 648441 297035 404582 249156 730082 529505 365108 433763 369027 718684 478095 783126 925514 388820 618679 328327 259076 508176 320555 514667 704755 596048 427756 692599 666647 592455 287940 308901 842093 53469 390148 154728 97509 599705 294706 228921 183958 669333 316368 279373 266971 533938 240873 620071 660984 554710 681013 723574 758617 581125 431490 277297 333808 667736
407306 309481 248895 161531 78776 215577 647117 217148 417668 646655 329117 362207 621280 480539 375631 598035 455418 199366 459853 409367 604304 342237 590382 585346 786771 591362 537077 639119 354092 44363 999999999 719179 766805 573930 460136 704982 717691 462343 341885 212040 384156 364163 311153 798188 918728 617209 691072 257045 426851 264279 689104 571029 400111 458756 327400 677398 459442 795400 925471 430246 618485 371979 225658 549806 364044 515606 699041 585087 463288 731184 627592 582635 278093 283309 847970 35073 345793 189615 57758 636975 307005 261582 177228 709167 284259 288063 297914 498742 281711 609339 684746 527059 641846 724287 748036 581009 465309 316152 289729 644337
464717 999895 472187 871757 772107 926325 645467 860459 450224 434826 390937 828342 823861 248666 604466 552137 900478 859844 464172 777271 196032 1054367 425398 619185 67875 724733 402171 356672 1072362 729174 719179 999999999 58005 212817 555191 25338 243144 602064 377476 573014 906907 637787 1018841 168976 286975 295899 959859 592037 508040 978324 655953 849592 661579 534235 607509 662658 282434 385186 273354 781048 182539 920259 864186 841512 809568 258180 73362 134484 680387 858721 569260 136732 441667 464103 305158 754123 741330 863919 744168 776464 1023641 640049 545247 879300 913501 480524 619016 462392 902275 110122 541263 331874 576985 175740 30842 204075 653858 947685 685957 235370
489375 1041774 521748 916984 822064 976043 645634 913725 508134 429918 437712 857136 832935 289803 662299 607539 925412 912417 482651 801214 210528 1104211 480601 624597 34579 732613 459169 409399 1120674 774795 766805 58005 999999999 233274 572110 82380 223852 659964 425055 612023 937207 663062 1062840 123534 232337 350303 969637 647891 528990 1023655 709401 863743 684086 551437 664835 716616 338102 357200 216849 803560 195048 952031 917666 856998 837647 285713 78800 186165 697993 860222 623835 185528 488720 517684 263040 801847 798706 905850 793941 782310 1069500 673172 591324 883633 967739 518344 649643 519966 939572 162129 534147 389531 631132 154334 48765 224199 670867 984982 742701 288562
256144 826163 349676 712192 639220 789045 444636 749923 438187 250938 258181 624633 612875 113749 575012 607486 692146 743542 251532 568013 30382 916165 493729 412079 264593 514805 448193 454641 925387 573631 573930 212817 233274 999999999 342394 216710 156745 603217 251439 394543 705377 429810 852753 226338 344903 389659 748295 519839 296430 818064 725029 636844 451122 321453 560957 726793 249881 283144 351920 570659 45319 721190 755445 628696 604883 59215 154474 149798 467733 654189 632490 133931 305596 375286 285226 608609 689430 691429 610801 567939 865277 444654 397420 671708 810768 300451 418763 488106 715327 154267 356571 372825 643922 150360 242140 9077 441104 760523 622934 350269
114084 596648 382726 533360 538910 652707 194313 676684 599748 228445 339459 318784 281436 350720 676692 809772 365351 659502 91537 241712 361903 763139 727858 133156 604892 194270 670128 721423 751956 433445 460136 555191 572110 342394 999999999 557908 401184 740970 350604 254704 402329 127743 640489 528896 609411 664673 412089 570082 60185 623805 928126 295267 126189 21031 640702 923993 470898 404859 629490 238880 377125 425554 684945 286391 296552 302500 494098 467330 125902 350405 839971 453650 341453 454478 505789 485370 733264 480789 515929 251563 670844 210536 346239 354097 743937 227419 170526 679782 459021 481390 230440 609534 853991 448179 584492 351197 98820 499321 661814 646722
464086 989007 457046 858951 756276 910553 655131 842120 426919 447149 377995 824730 829483 240470 581336 526802 898700 842046 466519 776149 203066 1038446 400059 626764 86478 731035 377066 331570 1057461 716261 704982 25338 82380 216710 557908 999999999 261672 577669 364032 564356 902430 636285 1006680 193762 312306 270604 965001 571563 509034 965373 630710 852938 661374 536892 585291 637368 262605 405369 298501 780612 190794 915005 845675 844268 806345 257730 90696 120216 682454 867477 543935 125075 428359 445854 329000 739824 719001 853113 728490 783538 1010334 634507 532329 886860 894349 472820 614840 437597 894075 96335 554020 307151 551684 195763 44346 208320 656261 939442 664469 210256
351866 949425 503814 846791 786529 933233 433748 902059 587960 215305 412579 713315 634025 270244 729178 742230 766468 894459 323770 642373 130627 1058920 621708 422390 257636 532970 582912 569202 1064235 712733 717691 243144 223852 156745 401184 261672 999999999 752615 406928 524289 796700 514379 981380 134569 212721 503900 770443 676583 374196 950857 856278 675632 524950 382698 716768 859881 397853 146451 229545 640062 123826 816756 907906 672304 691841 207655 170980 264960 523231 647943 764815 251187 458093 532003 130881 751708 845924 817738 758304 577893 998670 554303 543934 675448 964038 433704 521917 629926 827821 255643 314584 506715 775040 69547 260454 153197 495411 871957 779652 452718
634382 751823 360092 601621 446513 559450 927835 430742 165042 814332 409019 797792 991304 494064 86916 153616 894086 447261 682413 815322 624147 660741 222798 870712 659274 926609 210814 306610 704312 503657 462343 602064 659964 603217 740970 577669 752615 999999999 402174 529348 837206 712808 733680 755227 883295 334990 1093463 207825 683503 679670 226926 965023 753993 727140 135056 215064 354809 886354 873598 832748 628975 829262 428161 946240 792784 571851 632045 499216 811713 1083261 177562 509578 399528 286552 867850 480123 200539 649277 433806 982293 706873 630448 422409 1076260 447546 515488 647328 143950 744016 516996 900103 271330 190085 716183 617682 604045 799800 777915 198478 395135
238310 627701 99748 494971 398285 551689 529280 500592 250754 417280 16274 510069 621668 143931 351954 459217 598307 495773 282394 489467 280415 679869 381615 474628 444957 543550 322661 388596 695622 352270 341885 377476 425055 251439 350604 364032 406928 402174 999999999 220260 577447 358841 643115 465226 591099 341558 740540 274878 290777 601348 577871 613260 396497 334135 327376 574197 145545 517068 593940 501250 292187 583562 505738 597864 496197 200262 359076 243841 443684 700562 489370 240815 64332 130973 536539 376892 447787 492427 369961 600715 646344 312946 168434 700929 560196 149148 309257 329193 543855 267945 498480 269905 503389 397750 406617 256597 425656 588499 378417 344438
195802 431820 182108 322706 289920 420018 447338 425138 418263 435137 203987 293817 465275 324364 453624 629046 385935 409660 247854 289665 424275 541067 577721 385348 637496 412294 518298 599305 541717 194711 212040 573014 612023 394543 254704 564356 524289 529348 220260 999999999 357686 186560 458809 620444 732781 557846 564176 335833 215888 426615 739863 435675 227683 250496 411497 732353 365340 588680 743480 305580 439817 363302 433087 416982 282235 335517 537164 446758 288785 564395 660257 439594 167812 256251 652005 241641 487345 296887 264994 464596 474392 103232 107215 552011 492295 94339 118599 505548 329820 469169 474031 479029 674947 541658 603615 402762 282145 375144 417472 564463
451324 267574 531173 312528 432642 446131 500065 547712 758448 628740 561188 83680 353496 664163 752160 960165 96963 522320 472937 169852 731418 503488 926060 455485 966596 388064 867563 954451 467341 340006 384156 906907 937207 705377 402329 902430 796700 837206 577447 357686 999999999 282321 326217 917050 1008132 915103 358983 629432 422529 341328 1061191 276242 276257 418031 704456 1050962 722847 806082 1026245 182983 747585 31273 556762 256936 105780 651515 858834 790557 301783 465136 990961 781045 524827 598831 907294 378705 728785 235630 429915 403246 375062 269399 442148 425998 602574 436657 287922 845546 136973 811046 603231 834376 1005617 835118 937712 714403 325715 147111 673813 921881
173694 469522 356256 414687 441455 540318 287889 580395 590529 355565 344173 199015 279080 406787 639150 803295 262720 560781 190620 140095 454129 644857 738572 227894 693933 229454 679104 746859 630221 330841 364163 637787 663062 429810 127743 636285 514379 712808 358841 186560 282321 999999999 514588 635744 725942 696753 385094 522330 140233 500417 917465 256494 41267 139645 597736 911034 498248 530926 743923 146853 470168 302994 589120 239906 177812 379639 584271 532155 102887 378425 834351 520594 327113 432009 626355 384243 671810 357222 421796 279438 546857 102590 293028 365496 646987 211076 69543 676047 331278 550143 353228 628720 848890 553878 668243 438887 101191 371738 602799 690036
636579 59501 556530 149944 291970 190034 788339 327957 721124 862555 628783 374941 674549 773097 648737 881657 423019 304076 678868 465487 882689 186919 891966 733898 1085527 691884 841611 946394 142836 291534 311153 1018841 1062840 852753 640489 1006680 981380 733680 643115 458809 326217 514588 999999999 1078965 1191232 927445 683541 545970 633083 54224 956581 600158 531656 648640 602882 942537 768966 1031209 1202277 484780 898071 295935 334706 579931 393083 793574 990821 886503 580728 788255 908997 882312 578871 594399 1107041 279398 565645 164088 311570 717531 53259 437399 474706 750934 356218 552401 475600 797061 199182 910369 867693 836866 922387 1000459 1048595 860800 597006 179151 537685 955489
466501 1051595 564968 938456 861032 1012502 567868 965399 596165 349568 474810 834403 768426 321346 747161 717415 892733 960992 446294 768060 196285 1140134 591372 556836 150162 667346 563644 525156 1150798 799413 798188 168976 123534 226338 528896 193762 134569 755227 465226 620444 917050 635744 1078965 999999999 130027 463349 904924 715810 496071 1044388 823624 808762 649990 509527 743345 829828 412350 243737 128784 767160 181046 935337 970299 804812 813498 285552 123196 258018 652927 781668 735817 250150 524667 576526 139582 833061 876569 917267 832578 712462 1091569 664531 621061 809789 1023658 526571 635371 620209 937419 238543 446427 490241 744053 81934 171252 218513 625140 982313 815509 403869
564561 1160695 690739 1054050 983929 1133935 610233 1091690 725392 401317 599812 924582 821246 447321 876895 839105 974328 1086474 535585 851121 314570 1260957 712316 611923 246971 721726 688185 641714 1269264 917265 918728 286975 232337 344903 609411 312306 212721 883295 591099 732781 1008132 725942 1191232 130027 999999999 582407 955039 845388 586013 1159082 941738 871076 734622 591843 873369 948913 542348 246362 32181 847542 300864 1028728 1096817 870026 902906 403151 252263 387720 728139 816862 855938 380132 648834 705313 114287 953335 1006592 1028085 955491 760321 1206675 766807 742322 850559 1150849 640360 734632 746585 1040404 367677 480647 616138 863382 194626 280461 338085 700476 1084613 945376 520887
551807 925705 388895 778577 643222 789953 814272 689738 223801 639177 357410 850618 945378 320579 365541 257833 939771 697249 579869 830326 396902 911070 130931 770149 341256 857607 124321 65576 942512 643904 617209 295899 350303 389659 664673 270604 503900 334990 341558 557846 915103 696753 927445 463349 582407 999999999 1071380 405074 605553 878177 360282 946619 732374 645137 386751 366764 198506 649879 566843 841354 393861 918735 690693 932714 837338 390512 347215 243377 773438 1010137 273543 258823 390284 335004 594152 648076 510697 797280 619418 914494 916965 654100 479906 1018172 728231 490188 650545 191676 866255 248675 742657 91111 281087 448809 303108 385756 752182 908945 473331 63290
521065 624252 740625 662290 756451 798931 345325 885714 975587 557474 726605 336917 136864 762325 1016328 1188313 262380 861598 502747 283717 763925 862465 1121915 348098 1003632 237841 1062666 1125113 825626 648441 691072 959859 969637 748295 412089 965001 770443 1093463 740540 564176 358983 385094 683541 904924 955039 1071380 999999999 895756 468403 700286 1301946 128834 345297 432840 972530 1295152 874211 713528 981368 264072 777961 388204 894909 147230 329780 713305 894111 879140 298075 167754 1219390 865240 712139 816359 841385 697590 1029661 585461 745817 194723 733477 463489 671064 120627 945949 595227 446924 1061123 494757 892531 476116 1009078 1233943 830174 987943 756699 319436 504798 965128 1057198
474356 556842 194743 405246 254000 389550 763181 284938 183214 685881 274002 591645 801082 406606 123241 341412 687891 292245 527165 614381 546869 507174 347972 703017 658041 745107 301854 410328 541539 297035 257045 592037 647891 519839 570082 571563 676583 207825 274878 335833 629432 522330 545970 715810 845388 405074 895756 999999999 517191 493284 433317 768354 563500 559448 77007 422310 309789 791790 843219 632718 556457 621479 286286 748801 587590 473231 597770 464057 624091 899232 370705 468546 243171 144989 803717 278170 173342 446046 236101 798852 526602 432711 229672 887822 327822 343681 454235 251777 537876 487090 757146 315406 384897 658071 615710 523650 615575 573181 103604 447961
54037 593363 327033 515837 505259 628055 246311 641025 540430 230032 279926 339244 339876 294068 621010 749994 398064 625352 50439 273317 318645 743367 667680 187444 560878 254406 609944 661811 736481 404582 426851 508040 528990 296430 60185 509034 374196 683503 290777 215888 422529 140233 633083 496071 586013 605553 468403 517191 999999999 611595 868522 348229 155421 43708 586283 864558 411077 399232 603735 274661 334420 442716 648970 337513 317947 251584 450331 413556 174717 410569 780125 400417 284171 397369 487943 454644 683092 470247 480763 311706 659319 195771 298014 413984 708180 173520 157698 619965 461841 428843 258155 549493 794110 414315 537936 305436 150045 504440 611316 588977
610859 93471 512082 106673 239447 138526 780692 275160 669732 841627 587476 379302 680763 734426 594885 827974 437982 250897 655625 466111 848218 162211 839984 724281 1045413 690164 790263 895680 132154 249156 264279 978324 1023655 818064 623805 965373 950857 679670 601348 426615 341328 500417 54224 1044388 1159082 878177 700286 493284 611595 999999999 902391 609190 521230 630366 549210 888330 723603 1007126 1169013 486360 863343 312713 282167 588364 395407 758858 952900 845167 573974 795375 855189 841609 537017 546533 1078010 231235 511634 143213 260174 719675 48012 416264 433111 760223 306737 518792 455561 744715 206543 869210 853155 787372 868533 966917 1007771 825893 588116 198102 483500 907706
816167 977057 561341 827573 672292 777393 1105129 643378 328981 962241 588667 1018202 1192374 630719 313834 119971 1114317 662541 858465 1029113 738787 869662 234739 1051992 697600 1119775 276966 300134 916871 730082 689104 655953 709401 725029 928126 630710 856278 226926 577871 739863 1061191 917465 956581 823624 941738 360282 1301946 433317 868522 902391 999999999 1173113 958051 911971 361976 17444 483245 1000091 924921 1045420 738983 1054308 639470 1155300 1011823 709216 706413 591347 1012293 1277088 92629 605419 592638 485593 953288 707025 400655 876192 660411 1176628 927104 842753 635132 1274719 648679 711045 855316 249406 970685 601636 1058140 352267 81315 805664 661460 723221 997432 1004822 418896 420892
399359 542458 611795 558301 639573 695412 277997 772342 846864 469762 599089 231653 80410 641850 888409 1059556 183553 749012 386804 161751 654884 770514 994242 260102 897139 154841 934892 999246 738918 529505 571029 849592 863743 636844 295267 852938 675632 965023 613260 435675 276242 256494 600158 808762 871076 946619 128834 768354 348229 609190 1173113 999999999 217104 316297 844982 1166326 748781 637823 895325 140785 669634 307456 781515 21600 219327 597678 786622 761592 174213 188900 1090645 748226 583606 687526 759565 580250 905496 483255 626981 141737 646872 335688 542699 151057 834612 467069 318160 932526 403144 776288 405062 882439 1105207 730961 878536 645531 198218 422166 839900 934665
197346 483752 397023 440353 476542 569225 260448 615245 630729 352963 382158 192845 237816 436502 680417 843538 242921 594995 203999 118137 473924 669787 777178 203053 715714 191411 717806 783596 652315 365108 400111 661579 684086 451122 126189 661374 524950 753993 396497 227683 276257 41267 531656 649990 734622 732374 345297 563500 155421 521230 958051 217104 999999999 142806 638966 951744 533998 530101 754026 119551 489752 300032 624071 201367 170524 403732 605352 560557 63465 337986 874558 548405 366941 472748 631852 418574 712140 378695 457861 239680 566744 139762 334269 324328 681460 249986 109922 715951 341924 577618 338329 666080 889071 568507 691749 460166 68119 379796 643385 723678
96235 606055 370206 537998 537484 654902 203733 674544 584020 216216 323470 334365 301664 330324 664249 793328 383835 657979 70509 259690 341143 767200 709884 144115 584150 212903 652401 702279 757517 433763 458756 534235 551437 321453 21031 536892 382698 727140 334135 250496 418031 139645 648640 509527 591843 645137 432840 559448 43708 630366 911971 316297 142806 999999999 629120 908090 452057 391294 611457 257727 356418 440528 682677 307392 312302 281493 473350 446450 146572 368166 823396 432728 327735 440923 489335 485049 724255 487715 513854 270098 677677 214966 338006 373187 741796 215888 175143 663275 470083 460421 227463 591034 837346 428587 563569 330270 119673 511120 652603 626542
541300 618648 259853 467832 313228 434831 832594 314800 165629 743955 329474 668175 876718 447303 48231 278775 764374 327573 592933 691353 586152 544195 307616 773130 671144 818847 271022 379893 583765 369027 327400 607509 664835 560957 640702 585291 716768 135056 327376 411497 704456 597736 602882 743345 873369 386751 972530 77007 586283 549210 361976 844982 638966 629120 999999999 350033 331116 839158 868504 709639 594154 695635 313956 825512 664375 519175 622175 486542 699042 973698 306348 493306 306041 197380 840672 345150 133908 514268 299341 873097 578825 509296 304716 963178 344639 413372 530058 210851 609108 508105 820138 302632 319958 691747 628554 563748 689755 642859 86709 437313
812484 963638 554782 814487 659191 762634 1102326 628173 324305 962247 584632 1008982 1186663 630877 301815 119585 1105169 647571 855484 1021276 741186 853972 239327 1048685 705541 1115088 278647 307935 901459 718684 677398 662658 716616 726793 923993 637368 859881 215064 574197 732353 1050962 911034 942537 829828 948913 366764 1295152 422310 864558 888330 17444 1166326 951744 908090 350033 999999999 483257 1003158 932561 1037794 741760 1043674 624154 1148347 1002921 709600 711829 594932 1006528 1272419 95077 608789 587150 479026 958512 694763 385108 863952 647773 1171830 912587 835054 627124 1269423 632661 705555 848326 247065 959079 605844 1057307 354484 85785 810249 668893 725198 992057 992821 404940 428068
