NAME : synthetic_000693
TYPE : CTSP-D
DIMENSION : 100
GROUPS : 8
RELAXATION_LEVEL : 1
EDGE_WEIGHT_TYPE : EXPLICIT
EDGE_WEIGHT_FORMAT : FULL_MATRIX
EDGE_WEIGHT_SECTION
999999999 843304 208611 630676 725678 707297 301040 700049 593771 555508 448847 388661 165096 602061 940254 618915 645541 894507 135052 327537 795123 424459 196540 674570 821792 251782 449737 873796 678022 570046 318352 574409 973689 566442 603600 573962 759831 836148 589440 475428 637286 109248 675849 69819 684235 240196 784519 750623 91831 1052611 601289 327424 695388 528139 856649 619642 215874 495905 510901 800795 333979 269629 188990 818459 846335 831751 389729 607665 325149 638172 686931 743556 427294 930623 577017 328934 767094 254200 458650 624061 144476 479242 340602 669846 716555 519530 188783 386423 714276 438677 690190 776001 602886 1063852 607839 446157 920893 690318 484374 748230
843304 999999999 847707 861020 228851 145452 615177 467328 986669 814856 408215 782581 692472 705608 720771 549288 348964 78619 910859 768800 264402 511539 664245 601902 744467 647414 422418 599190 671034 375712 882643 842361 838960 278954 579602 1159123 784940 446107 1192485 648440 904492 753272 407799 830834 206746 991818 299618 92967 753017 883552 250280 942620 1068855 742357 207459 1048035 649563 646949 822402 161057 612463 876284 962066 654234 22996 428385 838943 246906 558017 987271 205095 100450 441003 460720 1189766 540968 185342 600207 1097600 1157720 724212 822820 682027 819879 740660 342319 922859 980676 161826 424504 484428 155591 294059 848486 374176 442536 372774 485714 540906 508179
208611 847707 999999999 823148 784247 702861 233302 818330 799513 745900 507704 580840 197452 772798 1089511 757402 732888 911577 338568 518573 864222 539943 210994 822363 985131 201763 425441 1007817 838724 657437 525248 767500 1138438 593100 749165 779022 933953 943215 792386 638223 834326 165078 780245 139517 729420 437236 862143 760067 233795 1216344 597593 535997 902260 708547 909815 827480 340900 658221 704403 844804 244038 477123 385641 966935 856206 935435 590168 642543 289997 842390 661011 748311 501276 1032302 779253 309004 816313 351539 661964 831411 166469 674171 201467 854760 886754 505414 394709 594842 697255 423552 812564 817704 568270 1221135 699613 407767 1005112 812977 618308 873471
630676 861020 823148 999999999 635756 803922 758750 417912 164443 78238 562160 242750 655773 156317 431398 314961 512278 858053 546230 304871 637078 419685 664558 282922 283168 729665 735986 444042 219279 494843 338186 56308 401897 662538 282815 400295 188917 526336 435547 244807 45322 662293 462393 690373 657219 519551 603071 791137 589917 476278 749645 372391 213368 138898 723987 221612 508784 235351 119783 719619 796014 383889 542592 347121 847504 536438 246836 655418 722541 138794 846173 799852 526536 605997 442040 701510 685236 529989 419650 360396 674233 151848 856297 72278 182910 739804 499505 348424 839807 715705 398233 712819 821050 507169 487860 760352 661469 397129 345305 409254
725678 228851 784247 635756 999999999 227876 569616 239555 768320 594147 280624 582794 600041 479629 514318 321905 125160 223960 764587 580104 86194 330191 577940 373058 520452 586162 395585 392456 442194 174409 696614 620665 626327 205222 353126 954764 556645 248013 989287 436614 679869 655679 178950 731190 68561 830531 102684 180230 634167 678689 256482 758250 845927 523087 131102 830294 513019 431972 606374 88861 581707 699013 809138 433903 213110 231371 639664 153757 506544 765223 301137 196060 298411 298434 988134 482865 51558 471479 904865 946714 633921 610525 660658 592076 511880 328546 765010 788909 270438 386549 256093 77167 343346 650109 157456 425369 237263 257383 334246 284773
707297 145452 702861 803922 227876 999999999 470033 452180 912775 748094 290968 690079 552384 654013 741167 508075 313554 215967 783492 667409 300508 415416 523348 572369 735628 503220 277422 619710 637690 309738 776926 776989 850635 158857 533718 1065222 758940 475558 1097097 572886 844866 613522 386359 690770 168731 870045 327072 70265 618489 905417 107049 834774 1002825 674684 283590 972337 523165 575609 747669 213742 467016 764869 836838 654598 156811 458672 744715 149304 413598 920302 77824 52204 327770 517134 1092883 397411 212145 472290 993939 1071294 583359 742924 536999 773240 709959 197552 800308 877694 42617 280430 465463 190495 152897 877820 324642 297092 441546 466727 464449 504696
301040 615177 233302 758750 569616 470033 999999999 645842 782884 681283 308937 535519 143601 668267 940299 609672 538425 680581 423102 479008 653187 387963 116365 681951 858303 49283 192794 843717 714747 467377 536313 708025 1008754 369805 610505 831526 826351 756024 853583 532640 781773 191828 597084 255321 509800 529109 656199 528721 242731 1083190 365579 571551 888566 625816 689949 825543 254930 549889 650457 622230 39294 498133 481196 820769 624330 745748 566401 420982 63113 815684 428061 516305 315352 838535 843452 87818 596434 228851 726051 867993 156719 626384 104775 771375 774786 272968 465541 630055 463966 192728 644334 594697 335747 1078865 510372 174506 799909 645008 476992 705279
700049 467328 818330 417912 239555 452180 645842 999999999 566989 392554 341739 435569 620947 264416 307884 113828 141878 450019 695345 456750 221207 280058 609252 138726 283622 644040 520299 199222 208253 187039 567256 414920 404352 360403 146721 778399 317679 141312 814219 277436 463191 663153 66260 728017 284435 733639 186052 416395 617078 466969 442041 627517 631277 330299 307337 628898 489803 263562 417566 312727 670557 585364 726525 204937 450141 142203 488422 326155 586771 554356 515850 430232 330501 237586 816012 560765 282635 467952 751648 757419 652882 431254 749078 364666 274835 480075 678139 642785 493962 504057 19719 312145 530101 449532 148325 551593 259786 20791 218202 61103
593771 986669 799513 164443 768320 912775 782884 566989 999999999 175467 645269 250569 659755 303289 592731 457085 643164 992280 483468 303939 780537 503903 675685 438256 444866 745919 799814 608335 379345 611875 275685 152114 550795 761486 423554 237659 349601 684429 272330 340356 125630 650957 603522 660593 780059 427833 748300 909710 576694 620450 844801 283037 105759 245235 867493 62217 528428 339959 165222 855258 821911 324889 463163 511564 975367 693365 217126 763698 758504 51921 945089 916013 607043 767229 279793 741308 819286 562837 275852 196284 670673 172442 870860 235999 347350 818838 428993 238386 945016 779756 547337 845237 906360 657113 613567 819827 818320 546344 449103 565868
555508 814856 745900 78238 594147 748094 681283 392554 175467 999999999 494927 166849 577538 131670 462096 281763 469109 818013 476729 228452 605071 351670 586380 268220 316764 651704 664290 454140 216674 442259 273865 29550 451342 601716 248197 391813 230032 514439 427820 178079 103767 584510 428057 614041 608826 459047 572911 740477 512419 528531 687602 315507 255077 73419 692026 237680 430673 172706 49216 680571 718738 316757 477651 362649 802803 522298 178928 598838 646101 172802 785947 747840 458247 600831 431596 625476 644867 452689 388730 365291 596113 81743 778375 119476 206079 672134 432726 301477 782332 643988 372987 671217 755646 553789 440818 687785 646725 372032 284302 395346
448847 408215 507704 562160 280624 290968 308937 341739 645269 494927 999999999 408186 319711 431513 644823 327606 229793 450346 503750 379316 357339 143282 298701 402420 583009 315440 187676 540943 450344 158757 486546 524471 726268 132620 338440 778794 572135 447087 809750 317717 597634 375068 289150 450822 235394 583722 354459 316031 357016 796466 203633 543926 742618 424195 410318 701760 243284 327054 483752 352119 330496 473933 554070 530133 407264 436893 460517 162735 247625 660853 305196 313632 38696 530502 804826 221790 319087 196413 703674 789812 353615 472834 409886 549620 519236 177646 514658 587851 313871 168991 342783 327158 261489 785803 201643 217385 497658 343608 221464 402412
388661 782581 580840 242750 582794 690079 535519 435569 250569 166849 408186 999999999 420145 236665 591368 324704 462350 801711 315840 62268 616856 274756 432553 349097 456029 501068 551492 555275 325355 411262 134845 186789 601815 533162 295637 376732 381369 574228 409906 158322 254453 421489 447284 447630 578324 316440 590770 698015 348293 680519 611465 192825 355217 150424 699893 300444 280622 172379 123564 671615 574213 165207 325090 477525 774815 577254 56886 544386 508534 280266 712957 701228 369491 668730 407357 490916 634136 312584 323136 381959 435755 94030 627339 282601 344846 575958 277505 209328 718212 531625 418503 656120 665696 699512 426148 570444 694102 417973 248784 460677
165096 692472 197452 655773 600041 552384 143601 620947 659755 577538 319711 420145 999999999 587545 894144 561264 539286 748926 280153 359761 676730 342574 31448 627682 794340 95957 286739 810612 647916 463272 401416 602043 947460 421684 554425 691444 748887 746966 712414 451021 673295 61246 583881 138432 550406 385759 671908 600908 99228 1024686 445427 432099 765338 531163 728753 697940 151208 470391 541063 667374 180775 360275 338412 771768 697552 739639 442856 467485 160128 696585 526252 592053 308416 837080 701884 164385 636285 154421 583989 730889 33907 513780 212667 678694 699889 359655 321948 491330 555870 277175 615112 641149 439975 1027360 504865 281491 813687 615525 422295 676028
602061 705608 772798 156317 479629 654013 668267 264416 303289 131670 431513 236665 587545 999999999 354783 158689 356656 701740 548660 285727 481651 295687 589424 136551 221636 647055 614402 328778 91144 344303 367613 151280 371884 519004 126542 523322 161430 382851 559333 136924 200960 607750 306257 651539 503008 552417 448136 637677 541696 450888 607058 419478 368568 88873 568671 364912 436374 118569 166744 563302 702818 401794 561520 243482 691734 390956 273624 507011 623390 290270 700595 647148 399299 469341 562840 599939 528964 443616 513953 496233 611895 189877 770879 120243 114654 607377 513585 417325 691264 594482 244704 556639 683327 465510 333782 641406 515625 243669 210099 263794
940254 720771 1089511 431398 514318 741167 940299 307884 592731 462096 644823 591368 894144 354783 999999999 333406 446036 678986 900331 637915 456916 555838 888003 267510 148230 932239 827086 122234 267128 494312 721880 466400 123751 666825 340489 830328 243166 274677 865049 465810 467102 926833 370845 981637 573484 907137 423073 693214 869039 164374 745680 771759 606824 442748 520987 643690 749307 445454 508272 560242 968126 756549 915809 122654 699720 292397 626966 629234 884122 555670 811098 709900 628433 288011 872370 858285 542380 740218 847883 784350 923346 536952 1044846 359272 256024 787860 867606 763235 783773 810320 303263 570991 834625 141667 456203 858218 378023 302325 471930 247283
618915 549288 757402 314961 321905 508075 609672 113828 457085 281763 327606 324704 561264 158689 333406 999999999 201011 543222 599553 350925 323902 222856 554623 74816 255409 599533 515135 254893 130794 203788 458020 305678 400939 386958 33598 664918 254206 249598 700693 168163 359643 596098 147675 654577 349942 629603 291235 485361 541956 473913 474507 517402 527074 217132 410958 519242 418750 152382 304381 404732 639193 479327 626301 211862 534680 253282 376285 365958 555597 447992 561538 496206 304489 344106 702336 530099 370690 407073 638243 645368 590991 317458 714440 270615 203225 491582 577511 530325 547351 496595 95286 398673 557191 469722 183472 544990 373405 94584 139095 137675
645541 348964 732888 512278 125160 313554 538425 141878 643164 469109 229793 462350 539286 356656 446036 201011 999999999 349119 667867 464602 158542 227645 522029 259902 423156 544711 392352 330644 326978 76290 581049 495795 546059 220952 230704 831544 446373 218474 866312 312796 556029 589385 75935 661061 149757 725193 140501 285072 556254 607310 300550 642883 721457 397930 238030 705134 429670 307346 481340 212853 558312 587489 708247 346809 335232 207448 519028 184396 476529 640489 374684 296799 231612 300869 865580 450908 176314 395618 785365 822114 572830 486055 638092 471483 398581 344151 662256 670290 354626 378005 153033 202124 389032 587093 39147 423825 276003 154265 213853 199713
894507 78619 911577 858053 223960 215967 680581 450019 992280 818013 450346 801711 748926 701740 678986 543222 349119 999999999 953724 793812 232690 537766 721843 588085 716976 710182 488145 559413 657769 390459 909434 844373 799971 328355 575259 1176110 765851 406065 1210280 659337 902494 809020 396673 886642 225841 1029651 269294 151927 803236 839250 315322 970419 1069145 747047 158017 1054252 693629 655419 830164 138531 680396 907100 1002863 623541 60315 388599 858545 287957 621627 988759 281563 165653 479644 406638 1208572 603036 173196 646027 1121506 1169881 781459 833680 752029 811533 724746 408103 961698 1004847 237929 488242 468497 147237 367946 801020 380186 510342 315406 469745 554803 483161
135052 910859 338568 546230 764587 783492 423102 695345 483468 476729 503750 315840 280153 548660 900331 599553 667867 953724 999999999 262970 824490 440235 309894 643574 769983 374310 547063 849669 633296 596456 211862 490568 917378 632127 578017 440573 697209 836014 454970 438775 544987 235206 683648 203599 733346 106773 808272 818076 183255 996182 681205 204287 580521 465471 894811 501683 261322 458369 428645 846446 458815 163443 58342 782107 910809 834443 299410 666483 436085 531267 774263 813763 474378 932248 442328 434305 810555 311393 324225 493375 268519 395781 473189 595622 659768 608385 57051 260468 796516 532918 682360 823880 697026 1013881 628797 549230 935945 682234 477860 735673
327537 768800 518573 304871 580104 667409 479008 456750 303939 228452 379316 62268 359761 285727 637915 350925 464602 793812 262970 999999999 622184 257300 373427 385784 507195 442858 508344 592949 370787 405952 116584 249004 655597 508832 325177 399631 436985 597608 430437 183466 316473 359468 459688 385632 568330 278837 598849 681337 286115 734546 582642 178366 409572 204149 702389 349041 224514 201454 185830 668218 517997 128661 279524 520867 762765 598894 89289 525584 455468 337618 684092 682887 341085 693413 425681 439257 630692 260945 328801 415061 374385 155998 568596 342466 397561 539424 230800 211878 692790 488914 441149 650638 630587 751117 426674 525188 711141 440782 252582 488579
795123 264402 864222 637078 86194 300508 653187 221207 780537 605071 357339 616856 676730 481651 456916 323902 158542 232690 824490 622184 999999999 384639 656024 359911 484580 667899 481491 335030 429325 228129 738401 629512 574561 291219 357245 980401 533962 182721 1015658 463018 682172 730685 177096 804984 153872 883612 36604 242400 704386 620350 340921 800224 850112 537608 87059 842745 580144 454780 623836 103429 666399 745846 865978 391998 243999 165051 673100 239899 590073 771712 376837 260632 370377 217110 1015813 565971 89129 541837 939891 966117 710631 632368 745610 585747 494277 414706 820305 825775 342115 472085 240449 115551 426384 587297 197492 511410 151107 241639 370116 250538
424459 511539 539943 419685 330191 415416 387963 280058 503903 351670 143282 274756 342574 295687 555838 222856 227645 537766 440235 257300 384639 999999999 333465 294110 470759 376677 319317 468150 328953 157425 371965 381210 620794 259455 222582 650784 445600 412439 683276 174906 454526 383132 251391 448510 311941 500713 368103 424725 338614 695383 341023 432717 599973 281287 457939 561484 210738 185498 341157 416329 418891 370054 481426 434701 505507 407485 329887 269935 336200 518002 441742 427111 106863 506327 679784 311321 379148 188525 586082 655949 373811 331764 492691 410975 392952 320549 436149 469157 444412 299254 273040 396861 404481 692555 188614 345831 498893 273399 90024 333683
196540 664245 210994 664558 577940 523348 116365 609252 675685 586380 298701 432553 31448 589424 888003 554623 522029 721843 309894 373427 656024 333465 999999999 622751 792331 71599 255873 801316 646238 446474 422316 611688 945077 395582 549627 715597 750334 732450 737364 452517 683930 91630 569590 167724 526540 414944 652528 573068 127436 1021730 416314 455740 781423 536953 705739 715739 156040 471390 551708 643246 154743 382830 368223 766020 669796 724520 458561 442373 128754 711015 495819 563795 290441 821310 727155 133119 612849 148622 609693 753229 60020 525479 195242 684328 700513 329601 350168 514527 525973 246787 604328 616755 409030 1022711 488620 250136 795041 604800 416312 665487
674570 601902 822363 282922 373058 572369 681951 138726 438256 268220 402420 349097 627682 136551 267510 74816 259902 588085 643574 385784 359911 294110 622751 999999999 180593 670157 589932 207177 69684 274394 483895 286944 327191 458150 73258 659775 186598 246481 695786 204800 328202 659379 194109 714427 409467 663150 324567 544404 601763 401275 545027 540241 495836 217094 445821 499290 481889 185319 301257 450210 712166 511331 665098 144871 585673 255109 394910 434067 628812 421052 629233 556598 379051 333123 699121 603456 418763 474375 646541 632345 656409 321163 786712 226417 139106 565384 616268 545125 612662 571409 119734 447885 629048 399960 249149 619805 380088 118508 206740 127629
821792 744467 985131 283168 520452 735628 858303 283622 444866 316764 583009 456029 794340 221636 148230 255409 423156 716976 769983 507195 484580 470759 792331 180593 999999999 843729 770485 188844 146488 450378 582686 319265 153308 633350 248499 682351 95363 320805 717188 348138 319262 820361 349269 868729 568055 768842 448059 699259 757413 231513 718726 629892 463988 305640 562696 496810 644849 327805 364135 585106 889649 620109 780983 96718 725709 336470 486928 604906 806822 408993 797745 713517 559333 372597 724345 781734 559297 643843 700337 637503 821131 394053 962862 211067 112131 744310 733535 618223 777232 751995 270298 589059 804625 243922 420343 800394 449887 269046 381317 236353
251782 647414 201763 729665 586162 503220 49283 644040 745919 651704 315440 501068 95957 647055 932239 599533 544711 710182 374310 442858 667899 376677 71599 670157 843729 999999999 226622 839931 698674 471300 493914 677677 995490 391807 597701 786620 806845 760179 807993 510396 750641 142555 598993 207503 529358 480518 668289 558917 195125 1071064 397135 526917 851678 599400 709927 786727 221498 528505 618658 643999 84901 454273 432313 811367 655296 750866 528874 441742 89758 780417 466130 547598 315817 845580 797588 107264 616304 203550 679817 824752 107435 593292 126722 746164 756052 305743 417569 585851 500212 222921 641035 616758 375187 1069219 514241 212848 811962 641623 463644 702284
449737 422418 425441 735986 395585 277422 192794 520299 799814 664290 187676 551492 286739 614402 827086 515135 392352 488145 547063 508344 481491 319317 255873 589932 770485 226622 999999999 718483 637712 333262 597474 693469 912544 190383 525987 899705 758938 608837 927089 492055 768045 347501 461710 422708 330839 645181 490465 336221 367947 981553 172894 646484 901822 597096 507634 851871 306376 504244 645837 437695 193455 571505 604250 715070 431582 596102 596615 242102 136877 822124 240849 323549 215620 682013 919642 123738 415345 257050 808624 922333 314726 629558 269071 730284 706005 80183 575958 699130 273685 20302 523827 409988 153272 968616 373384 31481 631887 524762 404999 581399
873796 599190 1007817 444042 392456 619710 843717 199222 608335 454140 540943 555275 810612 328778 122234 254893 330644 559413 849669 592949 335030 468150 801316 207177 188844 839931 718483 999999999 238417 385518 689796 465954 240590 551373 272217 841507 273568 153586 877234 411231 485833 848573 257351 908840 452597 870179 300932 571053 796360 286482 627872 744927 642515 416368 401483 665195 671920 392119 494536 438432 869203 718323 872180 98727 578337 171227 598956 511617 785295 579539 690418 587819 528716 185136 882504 759297 420161 656289 841822 804436 841445 518654 947394 373830 261667 674586 823334 745900 662327 702618 199385 448820 717084 258822 345165 749870 268110 198710 391913 138668
678022 671034 838724 219279 442194 637690 714747 208253 379345 216674 450344 325355 647916 91144 267128 130794 326978 657769 633296 370787 429325 328953 646238 69684 146488 698674 637712 238417 999999999 334548 457773 231052 299769 517426 112239 607162 123723 307092 643098 202867 264114 674029 263293 723381 476735 641745 393810 611996 611693 377659 605136 510392 430476 179873 514985 439169 498363 182411 256119 519869 746995 490492 648980 152638 655010 317470 364403 496657 664891 358072 692227 623723 423267 387883 647504 640188 488274 497889 603444 575121 674642 280622 819016 158492 72470 619262 600661 508313 677394 618554 189381 517322 687194 385858 313201 666678 442390 188148 238934 190842
570046 375712 657437 494843 174409 309738 467377 187039 611875 442259 158757 411262 463272 344303 494312 203788 76290 390459 596456 405952 228129 157425 446474 274394 450378 471300 333262 385518 334548 999999999 522381 470568 584758 183757 226122 786077 457975 289022 820057 272754 536492 513107 130650 584814 169084 658024 214596 298258 480405 651023 270852 583957 697286 369061 300615 672914 354260 271920 447122 262266 489220 524721 638676 385348 365894 279580 468108 163418 406355 615059 358627 305710 156422 375149 818182 380486 224746 319419 731915 782351 496756 447116 568643 463764 406915 295806 593563 615586 347125 317133 191275 245219 354787 635958 43025 364569 352206 192270 165436 248138
318352 882643 525248 338186 696614 776926 536313 567256 275685 273865 486546 134845 401416 367613 721880 458020 581049 909434 211862 116584 738401 371965 422316 483895 582686 493914 597474 689796 457773 522381 999999999 283756 723660 618070 429760 302482 501822 707034 329680 290173 333880 383092 574062 385890 683730 186255 714575 794128 310034 801492 687993 61836 377129 279156 818910 302690 295056 305760 224684 784638 575515 49369 204492 610363 877247 709369 95957 637893 524684 321443 788804 794865 449194 802080 322666 512646 747125 341190 217132 332096 406747 192225 613923 393197 470593 637325 161806 102340 800274 579036 550777 766823 729324 824293 543210 610483 824079 550311 368432 594728
574409 842361 767500 56308 620665 776989 708025 414920 152114 29550 524471 186789 602043 151280 466400 305678 495795 844373 490568 249004 629512 381210 611688 286944 319265 677677 693469 465954 231052 470568 283756 999999999 447698 631053 272269 376243 228722 533403 412140 207587 74869 607189 452754 634320 636604 466802 596871 768680 534519 523731 717032 320831 226783 102415 716546 213983 456343 201889 63512 706642 745680 328705 488243 372183 830045 541927 191192 627773 673739 144910 815270 776244 487767 617957 416845 653364 671180 479717 381576 345436 619800 95575 804394 112821 211333 701659 444541 301338 811412 673167 395256 697798 785194 551645 468201 716808 666743 394258 313504 414545
973689 838960 1138438 401897 626327 850635 1008754 404352 550795 451342 726268 601815 947460 371884 123751 400939 546059 799971 917378 655597 574561 620794 945077 327191 153308 995490 912544 240590 299769 584758 723660 447698 999999999 764028 398276 785855 221838 394139 818906 501176 428623 973654 470141 1021548 681971 909688 539705 806391 910453 79022 846392 766808 544218 451926 642003 593930 798127 480899 500333 677961 1039296 763690 925165 199857 818366 411743 627766 730444 955997 506982 917902 822378 705109 411739 828097 930646 657894 796502 820139 732146 974387 532004 1113466 334884 258139 880564 878530 748840 893063 894673 395492 687018 934318 106323 550292 943041 501685 394370 532123 347227
566442 278954 593100 662538 205222 158857 369805 360403 761486 601716 132620 533162 421684 519004 666825 386958 220952 328355 632127 508832 291219 259455 395582 458150 633350 391807 190383 551373 517426 183757 618070 631053 764028 999999999 407263 907242 641077 428309 938857 424172 701478 481265 296026 558803 141061 715058 301620 186035 475453 827316 88199 676010 854715 528770 320288 819988 370807 429285 597158 252577 378746 606445 683893 564176 280321 414234 587196 51885 307398 772247 184246 181965 168949 495507 934448 285424 226970 321257 835084 914969 454662 590120 456922 639246 589565 126731 645670 718868 185073 182014 368539 225160 171276 808008 213956 220193 441888 369666 317812 419910
603600 579602 749165 282815 353126 533718 610505 146721 423554 248197 338440 295637 554425 126542 340489 33598 230704 575259 578017 325177 357245 222582 549627 73258 248499 597701 525987 272217 112239 226122 429760 272269 398276 407263 999999999 631711 235443 280017 667517 141713 327257 586348 180672 642136 378427 603988 324747 513626 529426 473370 495299 488458 494359 183733 444285 485723 408818 124322 271006 436867 641376 452959 602603 217844 565445 284560 346032 389427 558391 414941 584749 523871 312318 373485 669293 533257 402427 401190 606520 611800 583169 284652 715200 241226 183074 507118 553735 499610 572282 506968 127786 430107 576131 473124 210149 555194 405767 127001 134058 165041
573962 1159123 779022 400295 954764 1065222 831526 778399 237659 391813 778794 376732 691444 523322 830328 664918 831544 1176110 440573 399631 980401 650784 715597 659775 682351 786620 899705 841507 607162 786077 302482 376243 785855 907242 631711 999999999 587167 905399 36012 518811 363252 662000 804875 643483 954208 345465 951054 1074724 594208 853134 982243 260020 258332 448166 1065888 192692 597202 525732 360989 1043532 870280 334298 395551 746163 1150987 912546 320918 920704 824790 278873 1083714 1077755 740426 992630 42269 813914 1006317 643669 118899 72925 690685 348444 900492 472478 582510 937090 385221 202494 1091795 881105 759280 1029588 1028775 892089 797312 912964 1036141 758439 621311 786330
759831 784940 933953 188917 556645 758940 826351 317679 349601 230032 572135 381369 748887 161430 243166 254206 446373 765851 697209 436985 533962 445600 750334 186598 95363 806845 758938 273568 123723 457975 501822 228722 221838 641077 235443 587167 999999999 387178 621931 297951 223976 768954 378465 811285 595738 687864 497538 730360 702249 299870 728707 545492 370760 232872 616849 401510 597748 278947 278804 629745 860012 542108 703611 175168 767816 400961 405935 619522 779228 313772 814991 742865 543686 451374 629204 755113 600294 603769 607799 542192 773325 310260 929708 117522 52935 742515 657232 529790 799128 739546 300574 629823 810917 323775 435215 787437 521286 299286 356126 284446
836148 446107 943215 526336 248013 475558 756024 141312 684429 514439 447087 574228 746966 382851 274677 249598 218474 406065 836014 597608 182721 412439 732450 246481 320805 760179 608837 153586 307092 289022 707034 533403 394139 428309 280017 905399 387178 999999999 941394 416861 571204 792810 163094 860485 312844 874879 150258 422568 751052 437700 496555 766792 737054 458970 248322 745127 623157 401850 545232 285781 776631 726265 867764 224314 425049 17723 625785 382975 694502 665110 549106 440065 444592 96323 944280 668767 269862 596883 886099 878822 779800 562321 856354 463757 358040 554784 819414 779596 518001 595289 156482 297740 585497 404916 246013 640213 135723 156879 358248 119109
589440 1192485 792386 435547 989287 1097097 853583 814219 272330 427820 809750 409906 712414 559333 865049 700693 866312 1210280 454970 430437 1015658 683276 737364 695786 717188 807993 927089 877234 643098 820057 329680 412140 818906 938857 667517 36012 621931 941394 999999999 553692 397956 680646 840316 658523 987923 356077 986466 1107607 614379 885423 1012973 283463 286492 484030 1101022 225034 623173 560910 396885 1078092 892101 358533 407153 781732 1184593 948515 353698 953200 848915 312149 1114349 1110375 771510 1028639 16027 838794 1040829 670475 130791 94149 710216 383986 919858 507659 617963 966163 400864 228087 1123142 908705 795123 1063909 1058008 925052 831859 939605 1072069 794286 655552 822328
475428 648440 638223 244807 436614 572886 532640 277436 340356 178079 317717 158322 451021 136924 465810 168163 312796 659337 438775 183466 463018 174906 452517 204800 348138 510396 492055 411231 202867 272754 290173 207587 501176 424172 141713 518811 297951 416861 553692 999999999 280016 473184 290408 520662 441729 462291 435324 569697 409289 579642 509660 350122 430680 106479 547691 400783 299989 20480 175144 525187 567805 311440 461383 345188 638220 419368 212461 423649 489669 348163 608406 575722 281769 511990 553286 466898 488158 306873 478479 510616 475966 174606 634680 241293 249018 495283 412507 366843 606019 471819 260673 512252 577817 588671 279299 517197 535785 260189 108746 305556
637286 904492 834326 45322 679869 844866 781773 463191 125630 103767 597634 254453 673295 200960 467102 359643 556029 902494 544987 316473 682172 454526 683930 328202 319262 750641 768045 485833 264114 536492 333880 74869 428623 701478 327257 363252 223976 571204 397956 280016 999999999 675918 507203 699282 700105 509637 648251 833577 602555 500526 788088 361269 168091 173620 769111 179482 529153 272533 132267 764123 819606 381568 536518 388172 891239 581459 248258 696005 748235 94400 885478 841945 561284 650075 405342 728013 729555 553809 391879 319542 689939 160477 877353 112018 224169 775075 495599 330812 880195 747743 443507 756983 857768 534737 530850 791542 706454 442406 383693 454371
109248 753272 165078 662293 655679 613522 191828 663153 650957 584510 375068 421489 61246 607750 926833 596098 589385 809020 235206 359468 730685 383132 91630 659379 820361 142555 347501 848573 674029 513107 383092 607189 973654 481265 586348 662000 768954 792810 680646 473184 675918 999999999 629908 77641 607914 341975 724295 661522 74313 1051687 506595 405933 755629 544545 785201 684598 177555 493215 544666 725005 225359 338202 292409 804181 758094 786338 436569 526227 218158 690935 587350 652886 360645 884477 669235 224517 693263 195931 550617 706151 35266 515443 239605 691287 721676 420869 282643 465786 617111 338279 656007 699058 500633 1057251 553809 341195 864927 656331 457232 716317
675849 407799 780245 462393 178950 386359 597084 66260 603522 428057 289150 447284 583881 306257 370845 147675 75935 396673 683648 459688 177096 251391 569590 194109 349269 598993 461710 257351 263293 130650 574062 452754 470141 296026 180672 804875 378465 163094 840316 290408 507203 629908 999999999 698192 219238 731007 146217 352497 589527 531567 376463 635479 674740 360596 263978 665736 461590 280386 447033 258178 619633 586808 719269 271026 391732 156579 502543 260330 536521 595596 449597 365752 283196 255206 840928 510592 225379 434014 768880 789263 616706 456480 698920 414935 333006 417614 671749 656567 428002 446305 79312 254189 464844 512180 88603 493156 253213 80592 209007 123961
69819 830834 139517 690373 731190 690770 255321 728017 660593 614041 450822 447630 138432 651539 981637 654577 661061 886642 203599 385632 804984 448510 167724 714427 868729 207503 422708 908840 723381 584814 385890 634320 1021548 558803 642136 643483 811285 860485 658523 520662 699282 77641 698192 999999999 684559 306930 797451 739140 112717 1100178 583784 396995 762989 581786 861139 687984 238241 541061 570896 801664 284049 337642 255248 859172 835724 854768 453214 603482 290287 704069 663200 730431 434608 953325 645926 299099 769568 265518 527748 693878 108056 539905 279812 725997 766172 497294 258265 456119 693688 414330 719728 775873 575401 1108775 624702 414602 937016 719971 517016 779239
684235 206746 729420 657219 68561 168731 509800 284435 780059 608826 235394 578324 550406 503008 573484 349942 149757 225841 733346 568330 153872 311941 526540 409467 568055 529358 330839 452597 476735 169084 683730 636604 681971 141061 378427 954208 595738 312844 987923 441729 700105 607914 219238 684559 999999999 805787 170876 135439 592404 737529 187938 744632 863315 536077 180573 841352 476075 440243 615678 117105 519715 681347 780766 485949 196935 296739 634986 89218 447022 781465 237842 147136 259739 366855 985664 424215 86947 431163 896487 951394 584068 616177 597982 619651 548290 261433 738492 779696 211096 323055 298551 91767 275118 711257 169372 359989 304850 299830 334462 336018
240196 991818 437236 519551 830531 870045 529109 733639 427833 459047 583722 316440 385759 552417 907137 629603 725193 1029651 106773 278837 883612 500713 414944 663150 768842 480518 645181 870179 641745 658024 186255 466802 909688 715058 603988 345465 687864 874879 356077 462291 509637 341975 731007 306930 805787 999999999 863994 899753 287605 987343 770540 148433 515969 464518 958627 434508 347938 480035 409845 915402 565181 151870 51781 793962 990060 875361 282198 745309 539553 478628 866321 896949 551169 970984 342524 536216 878627 399478 226822 404296 375165 377785 579737 577895 656779 702498 69974 190408 885977 630002 718690 894427 792670 1010539 686143 649427 984099 718382 522018 767278
784519 299618 862143 603071 102684 327072 656199 186052 748300 572911 354459 590770 671908 448136 423073 291235 140501 269294 808272 598849 36604 368103 652528 324567 448059 668289 490465 300932 393810 214596 714575 596871 539705 301620 324747 951054 497538 150258 986466 435324 648251 724295 146217 797451 170876 863994 999999999 272378 694551 586935 358677 776311 816295 506443 121286 810469 568811 426113 593087 138601 671425 723922 848141 355728 279590 132843 646624 251712 593194 738382 402069 290024 363777 196061 986978 568525 119657 532769 913343 935224 705727 602684 751060 550714 458204 427308 801837 800029 369250 479753 205483 147933 445947 555129 179490 521002 143770 206648 346270 213953
750623 92967 760067 791137 180230 70265 528721 416395 909710 740477 316031 698015 600908 637677 693214 485361 285072 151927 818076 681337 242400 424725 573068 544404 699259 558917 336221 571053 611996 298258 794128 768680 806391 186035 513626 1074724 730360 422568 1107607 569697 833577 661522 352497 739140 135439 899753 272378 999999999 660200 857534 163402 853596 995447 667314 215859 970447 556759 569916 744676 148235 528567 786256 869509 613941 96760 405212 753925 156380 470070 913278 146346 19371 349587 456375 1104376 451938 153364 507291 1009947 1076047 632943 743019 600727 754834 683376 256178 830640 893094 105315 336561 431562 127922 222122 827195 303919 358580 377156 432851 461154 464457
91831 753017 233795 589917 634167 618489 242731 617078 576694 512419 357016 348293 99228 541696 869039 541956 556254 803236 183255 286115 704386 338614 127436 601763 757413 195125 367947 796360 611693 480405 310034 534519 910453 475453 529426 594208 702249 751052 614379 409289 602555 74313 589527 112717 592404 287605 694551 660200 999999999 988924 513173 335963 681447 475090 765075 610817 127944 429609 471711 708976 279989 266226 241570 746538 755606 745929 362295 516101 252845 616630 601422 653577 335757 844702 603586 251813 675334 162777 485428 635873 97180 442098 306588 621021 656159 434096 222868 395619 627115 355243 608296 684170 520019 996724 518986 367843 832060 608506 404682 667459
1052611 883552 1216344 476278 678689 905417 1083190 466969 620450 528531 796466 680519 1024686 450888 164374 473913 607310 839250 996182 734546 620350 695383 1021730 401275 231513 1071064 981553 286482 377659 651023 801492 523731 79022 827316 473370 853134 299870 437700 885423 579642 500526 1051687 531567 1100178 737529 987343 586935 857534 988924 999999999 907704 843734 605974 530779 681600 660532 875785 559317 577649 723479 1113084 841971 1003471 266492 862232 455409 705682 791313 1029509 574812 974955 874260 776829 439230 895249 1003997 706410 873109 892391 796795 1051938 609560 1187960 410995 337145 946347 956994 824277 948014 964088 460077 734863 996340 55576 614745 1012337 531567 459030 607424 407618
601289 250280 597593 749645 256482 107049 365579 442041 844801 687602 203633 611465 445427 607058 745680 474507 300550 315322 681205 582642 340921 341023 416314 545027 718726 397135 172894 627872 605136 270852 687993 717032 846392 88199 495299 982243 728707 496555 1012973 509660 788088 506595 376463 583784 187938 770540 358677 163402 513173 907704 999999999 743998 939548 614961 349382 902498 422649 515612 681262 277528 365253 672230 735532 646804 258762 481249 664120 116448 307766 857210 101565 150761 242228 554726 1007804 290829 262121 371230 904964 993287 476321 672778 438195 727294 677370 92783 700602 789841 115468 174225 451557 250340 89295 886062 298402 195443 491034 452727 404474 500217
327424 942620 535997 372391 758250 834774 571551 627517 283037 315507 543926 192825 432099 419478 771759 517402 642883 970419 204287 178366 800224 432717 455740 540241 629892 526917 646484 744927 510392 583957 61836 320831 766808 676010 488458 260020 545492 766792 283463 350122 361269 405933 635479 396995 744632 148433 776311 853596 335963 843734 743998 999999999 376982 330606 880733 297525 340893 365021 266720 846185 610358 75287 180154 662944 937577 769489 146096 697247 565466 332795 844316 853917 507069 861488 274603 555418 808685 389435 162378 300220 432998 235905 642537 432994 517885 690072 147958 59867 857104 628599 610777 828192 782151 869166 605026 657695 884976 610280 430223 653496
695388 1068855 902260 213368 845927 1002825 888566 631277 105759 255077 742618 355217 765338 368568 606824 527074 721457 1069145 580521 409572 850112 599973 781423 495836 463988 851678 901822 642515 430476 697286 377129 226783 544218 854715 494359 258332 370760 737054 286492 430680 168091 755629 674740 762989 863315 515969 816295 995447 681447 605974 939548 376982 999999999 328436 937086 81962 634002 427218 258871 930966 927569 425778 555346 543818 1056257 747865 322863 853525 863636 82544 1038887 1002909 704827 813070 298577 846130 896022 667780 333661 193761 775876 272299 976582 273532 383305 917880 524784 325932 1036568 881670 611595 923093 1004104 649048 694687 922575 872629 610493 538507 621253
528139 742357 708547 138898 523087 674684 625816 330299 245235 73419 424195 150424 531163 88873 442748 217132 397930 747047 465471 204149 537608 281287 536953 217094 305640 599400 597096 416368 179873 369061 279156 102415 451926 528770 183733 448166 232872 458970 484030 106479 173620 544545 360596 581786 536077 464518 506443 667314 475090 530779 614961 330606 328436 999999999 624268 307226 381095 99508 87276 610141 662336 314699 475356 332346 730624 465262 184787 525436 586941 246066 712959 674546 388138 549007 486144 565250 574082 397187 429449 428799 552555 104082 725446 147533 194471 601746 427913 329628 709005 576817 311127 600005 684148 549095 368640 621565 588222 310279 211112 340443
856649 207459 909815 723987 131102 283590 689949 307337 867493 692026 410318 699893 728753 568671 520987 410958 238030 158017 894811 702389 87059 457939 705739 445821 562696 709927 507634 401483 514985 300615 818910 716546 642003 320288 444285 1065888 616849 248322 1101022 547691 769111 785201 263978 861139 180573 958627 121286 215859 765075 681600 349382 880733 937086 624268 999999999 929706 644113 540158 710285 72001 698708 824120 938550 468064 184866 230964 756417 268971 627314 858763 361249 235230 429355 253307 1100908 604699 93638 602453 1023020 1052553 762558 718230 776255 672000 578714 433863 893880 908209 321149 501378 326752 99055 426825 644207 275720 535552 166019 327921 451789 332439
619642 1048035 827480 221612 830294 972337 825543 628898 62217 237680 701760 300444 697940 364912 643690 519242 705134 1054252 501683 349041 842745 561484 715739 499290 496810 786727 851871 665195 439169 672914 302690 213983 593930 819988 485723 192692 401510 745127 225034 400783 179482 684598 665736 687984 841352 434508 810469 970447 610817 660532 902498 297525 81962 307226 929706 999999999 572697 401115 225809 917336 864762 350363 474676 567649 1036924 754339 260022 823459 804408 88083 1003153 976476 663323 826887 234734 788281 881308 609872 254429 140699 706481 229872 910241 291473 403575 873829 445482 244898 1004024 831960 609230 907166 962216 700040 675275 870853 879366 608228 509466 626820
