NAME : synthetic_000198
TYPE : CTSP-D
DIMENSION : 100
GROUPS : 8
RELAXATION_LEVEL : 1
EDGE_WEIGHT_TYPE : EXPLICIT
EDGE_WEIGHT_FORMAT : FULL_MATRIX
EDGE_WEIGHT_SECTION
999999999 767311 661554 1000572 608464 444992 706320 286827 607567 676832 733253 411448 807969 210392 892223 632841 452917 459013 992948 809557 813483 357683 420017 557825 151601 208047 759109 753121 941683 826376 376049 1111865 806896 879638 435601 740701 339183 441325 284699 860289 662549 979071 344756 573703 570075 203977 669448 220890 1032495 356549 704155 592851 542784 900562 144872 527220 993537 538935 125675 434005 1136125 1100234 676399 77055 298319 999053 1029416 563533 681522 761694 572201 493460 982709 827919 1031595 726619 751796 555347 1089999 385408 699904 561682 768027 815292 710951 1004736 958503 512132 415981 260649 186523 813417 104012 587322 774433 394668 561612 874815 193308 744173
767311 999999999 166396 362761 675737 362512 884656 618457 308630 929910 109532 554922 710950 588732 733087 281411 494327 506053 746265 653074 256809 414416 704791 255262 742749 585905 524146 164886 259575 646801 752348 714721 813221 268433 360092 429272 566698 881006 482675 227936 847941 264170 474214 230077 751969 790465 151707 801839 491113 766266 384859 913845 479554 384447 627528 257226 730021 872305 756240 799996 698545 569876 736114 761149 515848 397720 405036 857922 735111 805800 892015 611538 357532 665680 468165 44897 297401 964669 537907 445132 110138 611211 503169 163303 135637 332345 236153 257652 768202 689934 744369 570608 685119 302889 187598 481357 289547 238147 682756 23148
661554 166396 999999999 357063 509831 330954 718877 472998 142656 763515 77345 395747 558244 464664 590310 344618 332870 343630 620297 504706 183576 305296 543740 264888 666696 463608 377461 293109 424703 501558 595133 625117 654640 235709 228423 286347 531761 722029 383494 382959 681751 317520 424956 87959 585645 652769 226938 737219 440357 610951 236060 748363 313194 310127 517007 135941 606621 707838 629537 639371 620907 519796 571739 669866 456626 371323 393256 692463 570986 644199 726779 446227 343012 519058 426446 156695 175004 801595 495631 408098 56822 444839 359985 154251 50235 350119 297324 203293 608190 545054 675658 430236 568989 343913 321899 329499 127937 395033 548322 151635
1000572 362761 357063 999999999 654132 682548 835252 768354 396862 903454 308284 657433 578776 793632 555592 642636 593270 596578 513464 511926 187106 653723 778379 596582 1020531 794485 410006 521318 525905 494243 844636 406899 699153 122462 567161 341368 886750 954113 733633 544764 813812 136158 781364 438204 753106 952957 511115 1093149 155901 867033 342168 923853 525020 150733 856223 489733 492531 900515 948100 868104 373778 223019 680890 1017806 813688 52895 42538 872738 677033 714383 907887 656487 21304 514796 125162 400191 257170 1001642 186274 762378 343770 618166 383313 214956 316398 53070 158880 556670 842956 836434 1031144 418551 901679 659286 538212 624699 438990 548348 859304 375531
608464 675737 509831 654132 999999999 645706 209092 327422 367202 259020 572972 226919 205049 438959 293026 780446 237582 222403 404864 227024 513045 470906 201015 672332 719597 446401 253845 788555 934527 248963 267945 564229 206571 573261 419110 313402 746912 330414 509946 888672 173012 718464 654102 469649 100904 447512 704649 804909 595610 294882 325758 269778 201873 505860 513597 477869 411045 251110 495009 253815 604301 633900 78280 669319 646132 622072 659782 219978 81352 169768 254615 123450 632865 242333 611607 664503 430233 351650 642108 671770 565603 72661 278201 589314 543421 688768 714984 572346 242973 350057 748995 277300 513591 755622 818344 302989 398732 901567 415156 661433
444992 362512 330954 682548 645706 999999999 834665 416981 380399 849366 375264 434700 777018 327350 835307 191668 408243 423505 895731 742152 514502 182642 566160 116915 388500 320603 633425 310659 498118 747599 581590 938199 839980 564025 229905 563146 206336 706449 192683 415659 789341 615372 113621 269282 678205 536242 234264 441094 770686 583249 510415 798923 461708 638451 327745 222499 886535 745684 476041 645203 941013 849672 722955 419879 158901 701170 720870 747662 725000 812189 774689 533586 670368 759971 757379 317746 492244 814755 826389 82754 339236 573466 625919 469020 366484 667408 589402 127712 612967 472814 385854 693973 389134 148090 330323 347687 316128 430101 432513 340640
706320 884656 718877 835252 209092 834665 999999999 461297 576229 80898 781178 400543 282263 580796 354175 981388 430992 415765 468469 340930 711139 653928 296877 872547 839549 589117 425266 996491 1143580 363397 330275 658335 181738 767089 615216 503508 909113 305854 678490 1097475 46569 913170 827001 677419 157370 512448 911424 921122 752671 350592 525223 157709 409761 684547 645978 682652 483130 188820 581656 275708 708051 775141 156142 777442 811280 797199 834616 152978 159253 139906 163646 301931 814382 346640 773805 873568 630281 252452 791107 850022 774539 277340 452011 792933 751819 874879 912265 772869 290425 452549 872332 424718 628022 953855 1026288 486990 606902 1110445 523587 870495
286827 618457 472998 768354 327422 416981 461297 999999999 374361 455056 550333 127517 522535 119505 605873 596210 180582 182409 706176 522732 585252 241085 165772 492363 392402 127850 477773 665548 845970 539667 165171 830225 531537 654203 260042 471709 450725 289932 232858 777267 414874 775770 379407 391271 308811 184850 573351 477557 774514 166522 443193 390994 266339 649061 188232 361936 707007 335653 190798 230308 857632 836218 400107 342845 356277 757136 790970 344619 404678 489430 366910 208069 748596 541093 778234 587441 511346 398087 830597 409060 524235 275636 489209 613994 522334 782892 760505 406044 199189 72063 422402 529739 187396 558297 693097 146295 349358 791914 99572 597086
607567 308630 142656 396862 367202 380399 576229 374361 999999999 621740 208722 275004 427645 398490 470373 452544 209321 216968 518379 380102 211403 279463 415712 354600 644704 399939 259664 428956 567355 380825 473353 561814 517153 280144 187675 182821 556655 595845 357736 523976 539315 404166 446531 123545 444789 559151 352530 723681 429563 492108 130029 609973 172762 295145 464808 159448 507962 571820 551265 511084 569954 502273 429579 631707 465549 391735 423033 554247 428985 504021 589016 309461 377910 396218 425772 298305 144260 667947 487459 442434 198501 302935 248449 247520 178564 408721 391333 264557 481323 444385 660656 318371 506784 440347 458437 228882 64511 536420 462866 294289
676832 929910 763515 903454 259020 849366 80898 455056 621740 999999999 829512 416202 361359 573282 434880 1006117 456798 442113 549363 417995 770999 666853 289995 897137 816687 581757 494144 1032629 1187065 440804 306054 738914 262549 829597 638609 566958 905750 252223 682104 1136637 89642 975383 830846 714728 179682 476504 945127 895583 827002 321692 583822 92299 450568 753133 632319 714513 563960 139308 551160 243412 788314 852180 223058 750657 810784 867262 904866 114108 227333 220498 107356 327397 882393 424772 847132 915565 688672 179285 867017 856973 819962 318805 520569 848329 799648 941246 972878 798606 265776 433808 850466 498612 607116 975777 1062348 504676 645834 1150029 503761 914416
733253 109532 77345 308284 572972 375264 781178 550333 208722 829512 999999999 471558 601483 539567 624041 348879 407918 418083 640552 543562 161836 375695 618448 289623 730429 538176 414641 263482 367027 537447 671207 621417 704536 194143 303402 319842 580717 797407 452013 337122 745835 248574 477795 162649 653327 729806 219448 797743 413695 687455 275424 818580 381483 293857 589298 206071 624952 779647 705262 714145 610292 493800 630681 737955 513377 331721 347821 762804 629418 698226 797471 517369 297484 556246 395098 119982 189484 874653 465542 456180 36288 510923 393828 93782 30263 292441 226067 251463 683285 622392 737185 461650 642683 358208 289566 406749 204265 347582 624956 103769
411448 554922 395747 657433 226919 434700 400543 127517 275004 416202 471558 999999999 406823 219152 486813 591107 65755 60870 582855 400469 479643 253390 150732 482373 503816 225772 350263 631170 799954 416188 199757 702804 433033 548442 224795 347383 520338 326452 283937 739868 354887 678630 430153 325626 243611 301800 540519 589576 652547 217306 323092 375149 140931 530696 296424 311753 582659 326650 317993 245223 730152 711922 304680 462005 419821 641938 676974 320803 308138 396342 351503 104424 637045 419116 658030 530859 401011 412588 707864 450743 451174 162765 361841 522148 441826 676640 666315 385244 213283 184280 530987 402661 309215 559773 660344 88554 267825 753995 227067 535660
807969 710950 558244 578776 205049 777018 282263 522535 427645 361359 601483 406823 999999999 625900 88450 878453 392180 379456 203898 66889 490055 620001 406037 776422 910323 632589 189414 851321 966693 85673 472034 381267 120617 533071 548325 284239 909738 518789 674247 937464 279143 675784 808292 549608 282938 652503 779403 996077 478193 498844 326097 415721 318127 430397 702886 575386 213385 419188 697947 450760 428485 494515 162108 865159 808818 535188 571419 381423 155974 144688 409741 314640 558961 66346 501943 712692 420731 510418 512567 818736 606613 246986 213760 585134 576053 623875 680593 679988 444460 552642 937798 160937 709926 862525 880139 463611 481084 948491 615214 702537
210392 588732 464664 793632 438959 327350 580796 119505 398490 573282 539567 219152 625900 999999999 705758 516039 248738 257017 799452 618375 606642 177002 284992 419979 284744 8491 555764 606889 793482 633147 275197 907259 645037 673792 236289 531675 332994 389277 134678 718476 534360 780343 270365 377122 427748 211934 516488 370488 822119 269773 494036 505766 338473 690417 77711 335669 798085 449832 167510 341740 929312 889952 514076 247599 241816 790225 821270 461636 518301 604597 481969 316226 775302 637133 821435 551976 542487 503021 879610 304021 508513 380406 562720 616003 514829 800396 761500 348324 312626 151950 311928 612253 108295 474463 632282 185758 355928 733273 105375 566041
892223 733087 590310 555592 293026 835307 354175 605873 470373 434880 624041 486813 88450 705758 999999999 922660 465865 454199 117403 93337 495425 686885 494030 824444 990503 712136 213069 881879 982905 89574 560388 304276 175670 528497 609897 305095 978774 605801 745716 961015 357841 665057 874787 593914 370697 740154 815984 1076243 437127 587219 354255 496476 385491 414175 783200 625244 129644 503744 784057 538938 354970 440624 248951 947648 878494 507877 542038 465482 242787 214393 492279 398929 537208 75339 464105 740068 436307 592219 463570 882424 634055 330554 230883 594535 601188 604273 673512 731043 532903 638773 1017092 162512 792997 910416 909853 537075 528885 971115 700092 727288
632841 281411 344618 642636 780446 191668 981388 596210 452544 1006117 348879 591107 878453 516039 922660 999999999 550859 565961 962476 832638 510101 355198 733598 109016 558861 509722 710643 154302 324703 833086 757853 966654 959013 539420 367534 625171 343783 885758 382125 239059 937977 543721 289678 329266 829081 726591 131728 596530 761645 762402 572547 964847 582124 642203 519398 305702 949632 913897 667661 818862 958247 841584 854043 600663 337122 674240 684542 911359 855023 938382 940870 680725 635902 848734 741515 242455 519223 989914 811939 249637 320620 708114 696615 433363 356061 613742 515244 208535 786063 656909 549209 767331 580753 45797 162120 502694 397490 252402 621411 267139
452917 494327 332870 593270 237582 408243 430992 180582 209321 456798 407918 65755 392180 248738 465865 550859 999999999 15330 553384 375340 414311 234520 210902 441890 530388 253831 307181 579031 743046 388260 264555 659357 436517 483192 184248 291740 518766 389501 282288 685947 387179 612877 420649 266925 278451 362000 489869 615578 593957 282816 262787 425369 90006 469407 325961 259142 550964 380188 370122 306503 683265 655914 315229 496266 417616 579175 613774 369859 317552 405450 402446 129930 573036 394212 598010 472355 336403 470494 650017 435809 388869 165760 315153 456615 377992 611549 600595 342566 275396 244485 554851 363553 349024 522866 608537 71451 205379 699826 278486 475746
459013 506053 343630 596578 222403 423505 415765 182409 216968 442113 418083 60870 379456 257017 454199 565961 15330 999999999 543382 364269 419314 249296 200371 457010 539925 262445 300168 592907 755856 377745 256404 652853 421938 488016 199516 289354 532434 379807 295627 699457 372033 619407 434981 279599 263529 361384 504021 625301 593258 275620 262925 411858 84410 470298 334550 273225 541429 367344 372902 296069 677829 653951 300137 504163 431256 581177 616147 356232 302513 390495 389082 114981 576179 383133 598122 484837 340266 458619 648943 450557 399889 150738 309289 464488 388039 616072 607712 357608 265421 243720 564922 355547 355358 538110 622456 84497 216665 713282 281311 487749
992948 746265 620297 513464 404864 895731 468469 706176 518379 549363 640552 582855 203898 799452 117403 962476 553384 543382 999999999 183766 494296 761297 604950 870765 1083265 805273 262865 903664 984063 166681 672796 195421 287385 512603 678213 338009 1053593 722591 826077 972288 474434 636258 946599 639759 486821 849322 846899 1168681 375264 699742 391229 613370 467172 388794 877161 677606 21708 621144 889074 654283 249586 360232 365731 1044763 955002 461985 491952 582883 359575 329532 609537 502729 497726 165871 405504 760061 451738 709292 389221 950069 656697 434263 270157 594660 621780 565346 649349 782935 646881 744327 1108204 201945 891794 955460 930106 622980 581170 981016 802771 744065
809557 653074 504706 511926 227024 742152 340930 522732 380102 417995 543562 400469 66889 618375 93337 832638 375340 364269 183766 999999999 426144 593908 424145 733189 902880 624472 128934 797511 906850 23313 493290 338553 187285 467323 516561 224045 886007 554150 653700 880480 332332 609439 781675 503450 317855 666730 728750 988511 413886 520269 269533 464754 293110 363526 696036 533315 186629 462025 705343 480409 381431 434306 204929 862436 785904 468580 504946 425658 199219 207382 456289 319034 492085 18872 436835 657139 359535 557249 450396 789109 550883 250646 151222 522537 519187 556995 614684 638961 469900 560697 928716 94180 708833 819264 825940 446181 437294 891124 619048 645768
813483 256809 183576 187106 513045 514502 711139 585252 211403 770999 161836 479643 490055 606642 495425 510101 414311 419314 494296 426144 999999999 468495 609933 443424 836372 607429 301624 420140 490552 415094 672977 460200 603731 69024 380734 210484 714091 788982 548559 479106 682619 206661 606161 256516 606474 770102 381270 910707 257334 693845 187293 777857 355215 132122 669193 308509 476978 747851 762290 702895 448478 337156 555205 831553 635340 191002 217458 724067 552531 607300 759535 492435 169417 435383 242877 278967 83743 847822 312128 590995 190001 464862 276401 100493 155511 197722 201945 386806 675533 654600 848281 335402 714631 517042 444169 440220 251952 487325 674233 258935
357683 414416 305296 653723 470906 182642 653928 241085 279463 666853 375695 253390 620001 177002 686885 355198 234520 249296 761297 593908 468495 999999999 383950 251700 368318 173151 500241 431956 617359 602975 403129 833821 670966 531382 91790 448230 292527 530578 80080 543868 608257 622487 188306 218182 496947 386677 340735 445122 706983 407206 400354 616714 302209 571734 214550 169892 755196 563887 343527 465262 846219 781120 548992 365116 193882 658642 685923 565140 551549 639695 592503 354553 637278 612488 700803 376295 418722 635843 764803 201291 342222 399913 498779 459527 354071 652908 601319 171945 432692 303874 382190 561070 270830 318066 458184 168481 221240 558647 278081 391484
420017 704791 543740 778379 201015 566160 296877 165772 415712 289995 618448 150732 406037 284992 494030 733598 210902 200371 604950 424145 609933 383950 999999999 625827 545486 293402 419279 780921 950681 444862 71236 755955 388277 677371 371757 446686 616297 180217 392754 890119 250789 813919 541259 476059 150381 246988 689819 628578 750996 97654 436377 232778 254892 640894 349125 462149 610142 180378 300282 95699 791961 800885 259719 487033 520810 756293 792905 182232 265240 342129 208557 124191 757367 440609 761385 681438 527748 261996 802902 568369 599770 181354 438264 662685 588409 803292 803898 531056 65806 159893 577544 458242 334060 699630 809935 234302 416263 904308 230186 685837
557825 255262 264888 596582 672332 116915 872547 492363 354600 897137 289623 482373 776422 419979 824444 109016 441890 457010 870765 733189 443424 251700 625827 999999999 505335 414341 614239 195347 383866 735010 652167 889408 853503 483630 258535 532799 313212 780894 289321 303350 829040 515936 230059 231436 720071 631870 117776 556047 700252 657794 479537 856547 475162 573494 433084 201144 859100 805975 578294 712243 885786 780291 746468 536036 275800 621326 636869 802851 747586 831634 832624 571734 586720 749823 683398 210546 438478 883418 753632 195757 255922 599878 602096 381764 288446 575434 488782 99988 679367 555415 501980 672482 494532 86134 217022 394061 295962 318025 524751 234928
151601 742749 666696 1020531 719597 388500 839549 392402 644704 816687 730429 503816 910323 284744 990503 558861 530388 539925 1083265 902880 836372 368318 545486 505335 999999999 278446 834997 696560 880861 917287 511491 1183177 923865 898069 458615 800761 226176 588761 288339 796192 794427 978889 275476 582526 695257 352202 622740 85763 1074024 495027 757600 735926 618767 939061 207443 531467 1081286 680910 270909 573368 1201360 1146857 792420 75875 229658 1026832 1053626 702639 797041 881197 714334 598477 1004604 921667 1068710 699058 786303 704020 1131912 312418 694813 664114 839612 819755 712892 1016779 955448 486531 551928 387062 35026 893017 211625 513403 713537 462701 589057 810060 316029 719942
208047 585905 463608 794485 446401 320603 589117 127850 399939 581757 538176 225772 632589 8491 712136 509722 253831 262445 805273 624472 607429 173151 293402 414341 278446 999999999 560627 601986 788860 639071 283635 911797 652580 674362 235188 535300 324503 397383 127939 713470 542671 779735 262298 375912 435926 217557 511822 364145 824549 278083 497091 514244 343378 692516 72136 333732 803737 458305 170537 350182 933439 892781 521696 242935 233443 791638 822459 470126 525889 612309 490451 323527 776273 643248 823549 548793 544069 511259 882103 296192 506826 387386 567256 615400 513719 800690 760655 343953 321102 160104 305216 617383 107207 467932 627204 189774 356301 728267 111913 563153
759109 524146 377461 410006 253845 633425 425266 477773 259664 494144 414641 350263 189414 555764 213069 710643 307181 300168 262865 128934 301624 500241 419279 614239 834997 560627 999999999 669662 778208 124099 490455 352860 302280 348665 415704 95240 791906 577357 567782 751611 404573 493705 684296 382930 354746 643404 602915 919442 341807 516453 141478 521176 217294 259344 632662 417383 255327 504948 667882 495043 380380 383526 271184 803359 694123 373154 410792 473356 267178 308985 507525 297660 389117 141986 357982 528679 231414 605438 389278 687234 422449 238991 26846 395771 390434 450106 496170 523215 476636 529032 857723 61044 655522 699888 697894 372389 320617 762214 577288 516979
753121 164886 293109 521318 788555 310659 996491 665548 428956 1032629 263482 631170 851321 606889 881879 154302 579031 592907 903664 797511 420140 431956 780921 195347 696560 601986 669662 999999999 188757 793682 817258 879288 945815 432961 410942 576863 490932 947471 480650 111976 956288 408518 421477 319072 852952 818220 92216 741403 655040 826473 528219 1004215 586847 549071 626334 320058 888292 957518 769257 872656 863428 733275 855847 730538 468332 559524 563852 948836 855717 932759 981078 706046 518086 811550 631275 143626 451984 1042686 700493 384218 248176 719170 651021 328188 282254 485637 379840 260561 839832 732915 690532 720488 687515 192901 29797 547098 389825 126730 709848 161349
941683 259575 424703 525905 934527 498118 1143580 845970 567355 1187065 367027 799954 966693 793482 982905 324703 743046 755856 984063 906850 490552 617359 950681 383866 880861 788860 778208 188757 999999999 898889 992213 922834 1071454 476013 587326 682968 668486 1122289 668900 85801 1106234 391927 607137 476265 1008270 1004033 277048 921147 678054 1003316 641428 1166961 736547 601692 814900 489571 966150 1123180 957044 1044469 896193 748907 995648 917606 654389 574291 566065 1111102 994671 1065062 1144559 865165 530339 918391 649239 271810 547544 1212447 712068 568752 369332 868910 755811 390096 394704 478245 367165 445419 1011984 914907 872861 820809 875992 368945 167886 719830 542289 73422 895397 273097
826376 646801 501558 494243 248963 747599 363397 539667 380825 440804 537447 416188 85673 633147 89574 833086 388260 377745 166681 23313 415094 602975 444862 735010 917287 639071 124099 793682 898889 999999999 514368 315849 206124 453742 523752 217669 895412 576869 664521 874569 355423 594584 790201 504369 340743 686395 726821 1002811 392822 541334 265565 488055 304004 346933 710855 536110 167727 485252 723593 502612 358297 411744 228241 878135 795715 449993 486052 448936 222533 228725 479600 337632 474652 20784 416326 652415 351371 580558 428380 796522 546242 269561 143632 512658 513861 540126 600681 641967 491602 579294 942644 79971 725119 820951 821846 458584 439624 884947 636632 640265
376049 752348 595133 844636 267945 581590 330275 165171 473353 306054 671207 199757 472034 275197 560388 757853 264555 256404 672796 493290 672977 403129 71236 652167 511491 283635 490455 817258 992213 514368 999999999 826521 444353 741047 406381 515922 607372 130247 397680 927946 286676 875168 542860 522314 201948 187608 725292 591781 821042 26982 503356 231581 319706 709164 327848 502739 678662 175440 251689 66561 862944 871721 319942 447547 516849 824011 860355 192025 325772 396482 208226 194375 823750 509388 830884 726158 591776 233165 873318 573616 650177 252554 509259 720865 641533 867938 863960 561497 40440 128431 544965 529356 301156 721188 845677 272546 467209 942380 197743 732458
1111865 714721 625117 406899 564229 938199 658335 830225 561814 738914 621417 702804 381267 907259 304276 966654 659357 652853 195421 338553 460200 833821 755955 889408 1183177 911797 352860 879288 922834 315849 826521 999999999 479398 451269 743779 385637 1118180 892693 907211 928014 659792 542048 1008180 669522 656365 991168 840177 1266609 251254 853348 434280 796983 569352 330274 983567 715889 177429 798845 1019763 818044 56144 202224 540696 1154732 1025148 354605 373759 761666 534726 518449 790765 641180 397414 325537 282728 739130 450964 891570 238988 1003879 646578 575942 344544 551981 610886 459526 561928 814894 805877 879039 1204217 301472 1008173 968905 902196 722390 625978 934199 929614 718640
806896 813221 654640 699153 206571 839980 181738 531537 517153 262549 704536 433033 120617 645037 175670 959013 436517 421938 287385 187285 603731 670966 388277 853503 923865 652580 302280 945815 1071454 206124 444353 479398 999999999 650002 610342 394432 951944 461053 714666 1037142 194049 793880 856776 634487 242457 631641 868965 1008789 597616 469580 430705 332668 379926 550307 718937 653327 302847 349778 688550 407531 530601 610218 131445 870913 850921 655793 692036 310892 126891 49411 332540 330018 679236 186248 621926 811009 530498 429096 630101 872242 706038 272594 328124 696131 677591 743814 797653 754557 410008 546306 953898 280786 715596 938844 975156 505252 563669 1048814 614472 802975
879638 268433 235709 122462 573261 564025 767089 654203 280144 829597 194143 548442 533071 673792 528497 539420 483192 488016 512603 467323 69024 531382 677371 483630 898069 674362 348665 432961 476013 453742 741047 451269 650002 999999999 445335 263587 766911 855935 611249 476773 740588 146083 660616 315788 668621 839051 408026 970819 223175 762167 248786 840234 422484 125755 735058 367391 493679 811899 830552 769783 431392 302639 610955 895723 692100 137835 157550 787046 607896 657425 822498 558750 107348 474442 202096 299379 149658 912298 272534 642831 227952 528354 322278 106450 197763 128710 147651 437194 742839 723615 908758 373928 781557 551539 453965 509021 318175 483151 742807 276311
435601 360092 228423 567161 419110 229905 615216 260042 187675 638609 303402 224795 548325 236289 609897 367534 184248 199516 678213 516561 380734 91790 371757 258535 458615 235188 415704 410942 587326 523752 406381 743779 610342 445335 999999999 358601 377002 536621 170576 521581 571214 544904 268649 140846 461741 430763 319126 536472 615710 416302 309702 599887 231860 480577 290730 102882 671020 550647 401975 462089 755160 689506 495388 450820 281542 569768 598058 545592 497124 583598 576168 313661 550069 534781 610097 327649 327708 632658 673567 272776 273023 346480 412287 380649 278556 569332 525524 160490 429203 330725 473482 476746 340901 338646 439512 137551 130511 536036 323796 338234
740701 429272 286347 341368 313402 563146 503508 471709 182821 566958 319842 347383 284239 531675 305095 625171 291740 289354 338009 224045 210484 448230 446686 532799 800761 535300 95240 576863 682968 217669 515922 385637 394432 263587 358601 999999999 734536 617440 521794 656945 477655 409670 625001 302101 411801 648952 513054 883216 306567 540223 53366 582817 206465 196002 605842 342049 326425 559267 661828 532145 400650 364643 347383 777058 640142 312604 349985 531396 344309 396819 566581 322631 320067 236409 315018 434998 136587 660425 360933 623425 328961 278035 74227 301804 296249 375421 409451 446392 509228 531613 820522 143917 636789 617457 604769 346131 247026 667405 570185 422600
339183 566698 531761 886750 746912 206336 909113 450725 556655 905750 580717 520338 909738 332994 978774 343783 518766 532434 1053593 886007 714091 292527 616297 313212 226176 324503 791906 490932 668486 895412 607372 1118180 951944 766911 377002 734536 999999999 714392 237313 582824 862544 821680 110215 460761 753212 498637 429050 253027 967564 599750 684192 838545 593404 833414 285790 409806 1047142 782520 420932 673904 1126217 1045404 824920 284356 101185 903084 924299 794570 828248 916579 814829 624713 873859 904651 956257 521802 683052 830361 1024206 124538 544532 679426 789224 674316 570356 873122 795621 330087 645401 480830 209881 852870 333505 299987 504016 448017 493017 596056 418672 545345
441325 881006 722029 954113 330414 706449 305854 289932 595845 252223 797407 326452 518789 389277 605801 885758 389501 379807 722591 554150 788982 530578 180217 780894 588761 397383 577357 947471 1122289 576869 130247 892693 461053 855935 536621 617440 714392 999999999 518559 1058191 273229 993633 659638 651189 236690 237356 855478 662213 916698 123424 612086 160744 433796 813236 428993 632745 731925 117078 317866 86174 934199 960721 356887 517727 629594 929523 966595 153751 363048 411711 145540 297806 932958 567726 929498 855610 706291 116687 966207 692661 777608 341007 599235 842900 767493 980896 983936 691238 114522 237357 623559 606996 389439 848197 975854 402483 594173 1072627 295730 861406
284699 482675 383494 733633 509946 192683 678490 232858 357736 682104 452013 283937 674247 134678 745716 382125 282288 295627 826077 653700 548559 80080 392754 289321 288339 127939 567782 480650 668900 664521 397680 907211 714666 611249 170576 521794 237313 518559 999999999 591196 632062 699856 148858 297130 521409 344487 392548 365977 786286 396405 475537 622849 360654 651142 146958 247579 821205 567941 289061 463154 921460 859919 588075 286389 136259 738716 765976 574632 591298 679695 598658 388345 717276 672491 780504 442335 498225 629758 844143 176282 417705 442121 568402 537693 431592 732185 678049 229156 431979 282402 302965 628033 207366 340047 504689 211130 300827 605964 239851 459546
860289 227936 382959 544764 888672 415659 1097475 777267 523976 1136637 337122 739868 937464 718476 961015 239059 685947 699457 972288 880480 479106 543868 890119 303350 796192 713470 751611 111976 85801 874569 927946 928014 1037142 476773 521581 656945 582824 1058191 591196 999999999 1058395 417221 523264 421951 957063 929969 203976 835581 690710 937604 611543 1111290 687969 600139 736164 428125 955519 1065553 880120 982541 906109 765462 953425 834259 570647 589388 586573 1055689 952918 1027139 1088389 811380 545890 893331 663837 226278 525234 1152079 730098 484476 331289 820724 730950 380066 361472 501512 389971 372537 949790 844826 787696 798543 797517 283557 86515 656917 491137 14797 821670 234928
662549 847941 681751 813812 173012 789341 46569 414874 539315 89642 745835 354887 279143 534360 357841 937977 387179 372033 474434 332332 682619 608257 250789 829040 794427 542671 404573 956288 1106234 355423 286676 659792 194049 740588 571214 477655 862544 273229 632062 1058395 999999999 886483 780626 637354 111344 470785 870377 876369 738609 307940 495666 139283 370472 663501 599911 640846 487480 158044 538354 234886 707615 765609 133670 733038 764739 777717 815336 119755 138140 146593 138580 257579 792751 340417 758315 835458 600675 235659 779512 803860 737816 237708 430966 761492 716203 851682 884375 729549 247302 407365 827042 410345 582823 909828 986075 441775 567326 1071529 478400 833186
979071 264170 317520 136158 718464 615372 913170 775770 404166 975383 248574 678630 675784 780343 665057 543721 612877 619407 636258 609439 206661 622487 813919 515936 978889 779735 493705 408518 391927 594584 875168 542048 793880 146083 544904 409670 821680 993633 699856 417221 886483 999999999 722371 405386 812843 959569 415738 1045279 291727 895011 393039 984327 560076 251211 834478 452641 616031 954496 943070 907723 509906 358354 757035 986101 759870 187549 174628 930665 753979 802680 966133 698169 144745 615365 261278 307187 290402 1054390 320945 697767 284077 671498 467121 164341 268421 86369 28699 496594 879685 846851 985135 515409 885804 567009 421390 629478 428299 419418 858700 282152
344756 474214 424956 781364 654102 113621 827001 379407 446531 830846 477795 430153 808292 270365 874787 289678 420649 434981 946599 781675 606161 188306 541259 230059 275476 262298 684296 421477 607137 790201 542860 1008180 856776 660616 268649 625001 110215 659638 148858 523264 780626 722371 999999999 351543 669783 464476 347707 327932 858469 539434 574372 770318 490495 724025 247017 300251 939623 715060 395233 608960 1016008 936008 732382 311354 47507 795947 818161 722841 735304 823723 746190 534154 767842 800180 847738 429683 573219 773007 915311 40659 441506 584530 680820 570784 465461 769955 697138 226381 578417 422291 272234 745328 305415 243903 439364 351611 382821 537411 369558 451965
573703 230077 87959 438204 469649 269282 677419 391271 123545 714728 162649 325626 549608 377122 593914 329266 266925 279599 639759 503450 256516 218182 476059 231436 582526 375912 382930 319072 476265 504369 522314 669522 634487 315788 140846 302101 460761 651189 297130 421951 637354 405386 351543 999999999 535123 568354 235833 655099 506928 536224 248741 690908 267833 372658 429094 51994 628517 646939 542613 570848 671733 584645 538149 583219 379046 447443 472295 635105 538302 617728 668385 389772 422746 519689 496511 205502 223485 737104 563795 339910 133495 400102 370692 241686 137865 435081 385276 145808 538817 463222 592977 441046 481081 316960 348869 251511 71405 435438 462763 210217
570075 751969 585645 753106 100904 678205 157370 308811 444789 179682 653327 243611 282938 427748 370697 829081 278451 263529 486821 317855 606474 496947 150381 720071 695257 435926 354746 852952 1008270 340743 201948 656365 242457 668621 461741 411801 753212 236690 521409 957063 111344 812843 669783 535123 999999999 389421 765589 778698 696493 227135 419941 171625 272471 605644 496091 535102 495595 150234 448971 169072 698759 733996 122488 637410 654777 722071 759751 119687 128611 194565 154783 148549 731811 331120 712486 736582 522957 250775 742751 692652 642297 143448 379060 677757 623261 786469 807968 620962 167934 310268 726966 376406 484106 800067 882674 330819 466500 970495 380490 736001
203977 790465 652769 952957 447512 536242 512448 184850 559151 476504 729806 301800 652503 211934 740154 726591 362000 361384 849322 666730 770102 386677 246988 631870 352202 217557 643404 818220 1004033 686395 187608 991168 631641 839051 430763 648952 498637 237356 344487 929969 470785 959569 464476 568354 389421 999999999 727338 424867 954340 163639 624280 390367 442534 831368 218045 533548 853349 337542 82013 236830 1023059 1013190 505588 280421 426503 940819 975014 364715 511268 583986 370494 350314 933102 683897 959506 756221 695843 351891 1009633 502234 701844 417204 658123 797012 702658 967737 943675 558622 224533 117664 387139 689972 165132 684169 843906 330617 531891 944762 108727 768314
669448 151707 226938 511115 704649 234264 911424 573351 352530 945127 219448 540519 779403 516488 815984 131728 489869 504021 846899 728750 381270 340735 689819 117776 622740 511822 602915 92216 277048 726821 725292 840177 868965 408026 319126 513054 429050 855478 392548 203976 870377 415738 347707 235833 765589 727338 999999999 673735 630621 734334 462034 914453 502815 513301 539095 230809 832873 867111 680123 781099 829739 710448 773920 651449 393093 542529 552937 859270 774113 853337 891161 617938 504201 743758 610087 110992 397653 951377 680471 313457 194016 634232 586366 301810 229834 483235 387574 168915 748241 640863 619739 656824 599886 151294 120394 455722 307237 218669 618805 135907
220890 801839 737219 1093149 804909 441094 921122 477557 723681 895583 797743 589576 996077 370488 1076243 596530 615578 625301 1168681 988511 910707 445122 628578 556047 85763 364145 919442 741403 921147 1002811 591781 1266609 1008789 970819 536472 883216 253027 662213 365977 835581 876369 1045279 327932 655099 778698 424867 673735 999999999 1152095 574094 839112 812938 703633 1016855 293203 603429 1166538 758549 345612 652214 1283857 1225896 877353 145090 286381 1101614 1127329 781788 882031 965781 791910 684044 1077845 1007306 1145748 757439 863838 775997 1209922 360291 761721 749814 923567 888725 781946 1087017 1020966 549376 632137 469334 63030 977751 294596 552276 755806 547410 666355 848910 398499 779430
1032495 491113 440357 155901 595610 770686 752671 774514 429563 827002 413695 652547 478193 822119 437127 761645 593957 593258 375264 413886 257334 706983 750996 700252 1074024 824549 341807 655040 678054 392822 821042 251254 597616 223175 615710 306567 967564 916698 786286 690710 738609 291727 858469 506928 696493 954340 630621 1152095 999999999 845803 331518 861401 512084 135362 892006 558345 353665 846719 962857 832837 218555 80131 605455 1060573 884644 104373 123132 814738 600667 621266 848597 626849 148087 411871 31854 522514 288392 947068 57898 845647 445110 575841 318235 329587 411818 208312 312966 643019 811952 836750 1089138 328391 929750 771829 674989 640542 485794 695518 871499 499480
356549 766266 610951 867033 294882 583249 350592 166522 492108 321692 687455 217306 498844 269773 587219 762402 282816 275620 699742 520269 693845 407206 97654 657794 495027 278083 516453 826473 1003316 541334 26982 853348 469580 762167 416302 540223 599750 123424 396405 937604 307940 895011 539434 536224 227135 163639 734334 574094 845803 999999999 526376 242826 342038 732767 317265 514466 705638 186975 231313 78356 889594 897188 346082 429348 511451 847240 883415 207731 351950 421441 220313 219683 846225 536370 855240 738942 613207 233634 898375 571437 665468 278982 534967 739418 657988 889470 883248 569020 60922 118926 528899 555896 286369 724773 854606 285115 483207 952120 184875 746019
704155 384859 236060 342168 325758 510415 525223 443193 130029 583822 275424 323092 326097 494036 354255 572547 262787 262925 391229 269533 187293 400354 436377 479537 757600 497091 141478 528219 641428 265565 503356 434280 430705 248786 309702 53366 684192 612086 475537 611543 495666 393039 574372 248741 419941 624280 462034 839112 331518 526376 999999999 591522 185044 207766 566471 288940 379778 563373 631362 526019 446005 396258 369840 737053 590894 320929 357044 538260 367514 428147 573712 314354 321087 283334 335274 387619 105090 663985 388068 571768 281364 279743 124463 268993 250071 369777 389238 393084 500805 506620 776224 195131 600687 564312 556516 310156 194455 622458 539982 376644
592851 913845 748363 923853 269778 798923 157709 390994 609973 92299 818580 375149 415721 505766 496476 964847 425369 411858 613370 464754 777857 616714 232778 856547 735926 514244 521176 1004215 1166961 488055 231581 796983 332668 840234 599887 582817 838545 160744 622849 1111290 139283 984327 770318 690908 171625 390367 914453 812938 861401 242826 591522 999999999 437345 775594 559154 684163 626030 56147 467412 165494 843721 893901 260200 667850 746620 891690 929410 55925 265733 285799 24254 302313 902577 474528 878940 895362 694256 96450 905324 799054 805185 313509 546417 847391 788353 957853 979147 760233 193154 359729 770176 535826 528959 931721 1033643 462753 625144 1125135 427586 896722
542784 479554 313194 525020 201873 461708 409761 266339 172762 450568 381483 140931 318127 338473 385491 582124 90006 84410 467172 293110 355215 302209 254892 475162 618767 343378 217294 586847 736547 304004 319706 569352 379926 422484 231860 206465 593404 433796 360654 687969 370472 560076 490495 267833 272471 442534 502815 703633 512084 342038 185044 437345 999999999 392600 415450 277423 463733 400371 457048 347755 593601 570995 272413 586065 493011 505855 541726 381700 273136 356475 416606 139010 504192 311876 518389 465255 272855 497942 567128 500652 369827 132766 225244 413237 351311 548577 551197 375593 320374 325149 642405 274313 438947 559885 616642 156314 197141 701068 365524 463853
900562 384447 310127 150733 505860 638451 684547 649061 295145 753133 293857 530696 430397 690417 414175 642203 469407 470298 388794 363526 132122 571734 640894 573494 939061 692516 259344 549071 601692 346933 709164 330274 550307 125755 480577 196002 833414 813236 651142 600139 663501 251211 724025 372658 605644 831368 513301 1016855 135362 732767 207766 775594 392600 999999999 759038 423778 369390 754214 835228 727754 316461 211994 530385 926768 749585 116690 154236 725322 526466 564171 760265 517316 130009 367662 131034 409717 153053 855383 193094 712148 321885 473994 232704 221866 286989 193509 261632 511083 704221 713767 953916 269552 798440 648556 571933 511237 350508 607078 744392 388713
144872 627528 517007 856223 513597 327745 645978 188232 464808 632319 589298 296424 702886 77711 783200 519398 325961 334550 877161 696036 669193 214550 349125 433084 207443 72136 632662 626334 814900 710855 327848 983567 718937 735058 290730 605842 285790 428993 146958 736164 599911 834478 247017 429094 496091 218045 539095 293203 892006 317265 566471 559154 415450 759038 999999999 383239 875755 503025 149225 393662 1004710 961345 587630 171369 208484 855642 885551 518941 592052 677428 536001 391668 838529 714785 890010 588040 609037 545285 949717 285566 556363 456823 639056 670576 566558 859920 814149 375979 367382 199456 235564 689509 61540 475332 649675 261241 417243 750890 133464 604466
527220 257226 135941 489733 477869 222499 682652 361936 159448 714513 206071 311753 575386 335669 625244 305702 259142 273225 677606 533315 308509 169892 462149 201144 531467 333732 417383 320058 489571 536110 502739 715889 653327 367391 102882 342049 409806 632745 247579 428125 640846 452641 300251 51994 535102 533548 230809 603429 558345 514466 288940 684163 277423 423778 383239 999999999 667378 637628 502638 555216 719848 635758 549827 533966 327115 499424 524118 628821 550551 633024 661020 387206 474473 550274 548287 225593 273400 724145 615348 290046 173424 406329 407494 290114 184223 485477 431443 105908 522622 433079 541423 476936 437126 287182 349484 230266 96770 442242 426284 235451
