NAME : synthetic_000618
TYPE : CTSP-D
DIMENSION : 100
GROUPS : 8
RELAXATION_LEVEL : 1
EDGE_WEIGHT_TYPE : EXPLICIT
EDGE_WEIGHT_FORMAT : FULL_MATRIX
EDGE_WEIGHT_SECTION
999999999 342320 545039 293622 579526 314459 525828 445825 248333 530093 455418 597517 546984 211020 605461 229205 235439 233774 573620 384313 650535 331907 136146 139150 439835 415348 254353 544438 518523 87105 463956 666877 286739 217104 564441 401794 72518 233285 249648 565507 546528 206133 450445 511815 416675 409484 132736 389892 270091 521883 126789 217818 536772 712727 434207 261232 447414 414128 126636 437908 602903 323551 522408 489843 241888 182779 357676 204305 168608 73777 418683 187204 27481 304679 495483 422991 313529 311820 286979 502273 454980 399429 180175 253198 433655 675350 391708 108204 398150 551104 443891 331818 499179 254539 306446 339723 447113 207037 409046 293279
342320 999999999 700552 488856 763370 384751 262841 584671 565782 868198 422064 939629 584869 394849 917959 426221 318589 576050 606640 138362 992447 167412 478043 210816 623836 184860 234300 263672 416425 262728 651713 996764 432439 278272 763863 510080 413943 523192 376053 570706 215773 546019 772246 175231 326924 468239 421364 610680 585480 662579 219580 560135 466934 1048281 729297 137794 184043 669668 216251 516520 941060 525080 717602 826495 260441 416901 411072 366558 312060 416067 270991 529023 321161 278703 452353 671026 561826 594693 91174 258501 569087 720520 216245 433395 603873 1013410 587975 395585 477385 802954 564317 141818 674581 475951 266843 681895 759624 547174 443111 100254
545039 700552 999999999 251677 78965 316004 660994 115893 406406 590610 351188 740641 220315 753957 472442 767812 387679 552961 227818 819483 730231 801478 546654 620044 108882 598797 466393 694564 438595 538365 92432 607391 829849 748672 104655 944585 522526 356061 334926 274425 789113 501816 789486 784126 436936 247827 419233 178683 694836 42863 606650 545433 391914 684144 844057 722268 639522 883975 592856 200066 635203 847952 83147 743948 765912 362315 295232 363645 710408 532480 505714 555521 533421 827272 355580 208865 811492 775249 609553 627461 136964 424558 507022 298486 111411 682849 157433 438897 943084 233160 982992 787443 1015687 291145 824817 593059 814891 578671 280962 600516
293622 488856 251677 999999999 292958 151635 529672 155876 215776 501927 288926 629525 294672 503478 472424 518676 174142 346379 319741 592125 647479 564591 313030 374325 149434 438387 263799 560218 383905 290478 175703 582888 579406 498348 284469 694373 277180 146503 116880 331438 624700 290934 602361 608018 321971 183728 172168 121839 473373 228773 360402 334551 368567 650771 635053 484759 481124 656652 347668 183830 566201 603423 239220 585861 516898 110861 170952 124238 458805 287475 372393 334246 281783 579013 319889 186480 574089 546730 399397 496587 174086 319559 277212 55618 140285 631083 104445 188930 691771 315481 734263 553587 774953 44864 577377 417769 618983 360307 206201 393981
579526 763370 78965 292958 999999999 381557 736798 183558 409833 551273 428837 703807 298196 783935 414644 795055 446318 555349 304022 877498 685587 854934 562954 667193 143988 670918 529304 770267 517278 583427 117256 550984 859297 789949 37063 972943 548054 370519 390735 352027 861848 507986 777868 855073 512212 322112 448895 192219 700915 121178 653320 549990 470879 628079 841382 775203 712229 890888 640428 275740 589117 868632 58576 722191 809384 399593 365436 413362 747507 557491 580123 564722 571134 871718 434287 192961 826116 784173 672199 703115 211344 398454 562467 345241 160057 631202 189275 471480 974780 172423 1008330 842456 1031503 326242 870257 581529 806581 585749 355912 664037
314459 384751 316004 151635 381557 999999999 381388 200255 345101 647941 154514 768213 237941 517242 623580 539680 87174 451107 264204 507158 792287 496281 389778 335761 248544 297440 151199 412884 241391 267998 275746 734297 590133 475296 386181 702977 332999 275549 70249 251367 487847 397220 708100 476752 170466 99829 242937 258171 554164 277853 324710 436526 238888 801510 721960 419365 340062 721737 309027 140398 714203 637549 340494 708643 485388 178501 43255 116116 452456 342913 222372 425606 291914 542057 192120 330008 625878 614469 293955 347855 185240 467448 205353 117978 225099 780448 223029 242253 690954 450396 749661 479668 813302 172558 537088 538710 717742 452560 94589 284601
525828 262841 660994 529672 736798 381388 999999999 555948 686254 1000869 313372 1100657 478476 639439 1001154 670465 370585 745267 491468 382530 1139107 427905 655235 429508 620959 110529 293525 33681 249013 439091 646262 1104601 686804 532372 749956 771188 586352 625122 418773 442515 154167 701872 976252 176582 224756 415002 547758 639359 793849 618291 431679 728826 308513 1167415 952066 397133 83431 908230 420854 461174 1071243 773625 706878 1010088 518746 510260 379950 439023 554797 592282 159959 704314 499037 541441 321996 711394 799779 821026 253048 33927 525458 829287 348217 484335 594645 1140982 602415 529860 739653 829720 825391 401980 931548 539510 529662 848646 971501 727732 380962 241963
445825 584671 115893 155876 183558 200255 555948 999999999 349338 588430 255241 730655 172811 656702 506452 673066 272646 490884 192422 704022 733461 687428 467233 509807 79342 487426 350500 589203 349616 430129 96978 634549 732523 641869 194015 847585 433035 287305 221530 222791 678440 436504 740905 671545 331245 141389 328007 141931 624708 80384 496801 480751 311869 708925 782739 608560 528859 810282 482492 99965 643063 759164 151487 710639 657462 264641 181884 254013 607136 443339 397900 484591 431353 717949 268760 206219 729627 700427 493661 522104 39791 409020 392785 193279 52649 699423 99059 343811 843097 289116 888630 672837 930823 200005 714868 548708 761409 509795 175736 484662
248333 565782 406406 215776 409833 345101 686254 349338 999999999 314701 496198 423788 507407 409852 358046 412521 318690 146674 531482 628843 453945 579673 166655 382591 300707 581219 393433 712450 586455 307084 313991 431455 480062 458103 383493 587392 184387 70436 282283 546646 747460 98424 391622 720153 508038 398562 145422 227740 291103 401690 368817 140244 578805 486714 437940 506613 621183 481080 363926 398750 385692 469737 352153 370112 485719 177316 376199 250236 401881 189837 542530 156498 258162 547136 530342 220672 419816 374575 490987 656073 378307 154949 358702 227820 310598 456462 256717 170261 597790 328401 615500 578161 625010 177727 550472 202319 412530 176116 418098 491871
530093 868198 590610 501927 551273 647941 1000869 588430 314701 999999999 790776 153272 761063 615678 197008 603226 632072 306827 780689 911409 146137 852865 401766 669064 515015 895848 708122 1027150 885675 605474 511925 157271 665376 705204 514642 745280 457609 377401 591184 809164 1058968 323967 327363 1029604 816157 681018 457076 446580 393274 607194 656882 320192 869088 184340 431483 788699 935601 531654 655915 666904 72890 608738 510526 225410 736268 491009 672564 563330 644278 457546 855191 354967 548268 790295 820570 387377 534921 465936 799696 970496 626104 183109 669684 530586 537383 145329 490651 479102 771491 388595 752169 856917 705587 475388 797238 216411 369611 347090 706910 801906
455418 422064 351188 288926 428837 154514 313372 255241 496198 790776 999999999 916973 170515 646415 744716 671697 220228 605620 188570 558571 936401 566734 542338 444767 329390 271462 229766 347042 97568 394046 351218 864315 715532 584718 445973 824427 482889 425927 224122 148746 452482 551692 862484 456036 99874 118140 396919 367920 705911 308330 436777 591013 84445 934879 873997 498530 306849 868242 420790 155562 854291 773371 405824 862350 588305 333012 120022 268455 573475 492460 169303 579567 430422 637901 40116 441293 768945 762698 342460 280706 219891 608112 309271 268601 301569 917855 324640 394477 806998 542447 874066 545457 948499 319630 630517 692403 871565 606479 86259 329040
597517 939629 740641 629525 703807 768213 1100657 730655 423788 153272 916973 999999999 902122 632975 337089 613823 739946 363810 922956 962320 83799 898014 461587 731532 660104 992300 807625 1124452 1009163 680765 659209 245831 667760 739226 667319 727776 526929 492687 706047 948259 1142075 400184 260148 1108793 931680 812366 553381 589015 394719 755087 721161 379928 997940 218734 369393 842916 1029769 481694 723414 803100 143288 592800 661666 150087 770736 599453 797184 672392 679375 523979 963543 410618 620055 817504 949258 534625 515904 446185 881077 1072158 767073 321707 757693 650357 680939 169466 631800 570844 760543 541859 723518 906248 652938 597484 826396 257796 302170 393580 835688 885461
546984 584869 220315 294672 298196 237941 478476 172811 507407 761063 170515 902122 999999999 753629 674296 774957 324856 641005 26640 718514 906231 719073 600622 572271 249531 441897 370140 511863 235462 505887 260203 804779 827232 712500 324603 940545 553683 440083 297479 54287 621839 585524 896813 626465 270155 138580 452513 314486 764179 181802 561742 628965 180959 879851 928221 645904 477256 942428 545907 112792 815825 870322 294607 875196 721321 383905 196178 342768 690346 564035 339814 626863 526356 776264 156566 378240 852394 833067 500265 446995 135115 580864 438699 306730 224774 871612 270632 460414 928893 445177 986648 699705 1045649 338020 770477 709555 913622 653348 149235 487873
211020 394849 753957 503478 783935 517242 639439 656702 409852 615678 646415 632975 753629 999999999 740121 31391 432780 317267 780180 358067 703769 287292 244985 215893 647294 536256 423648 648628 695142 252560 670284 769170 75930 123397 765985 190934 237206 420856 456660 768104 609168 327508 412163 566347 589837 615194 335564 592123 238713 732172 218588 308233 723029 797690 346161 261390 556016 275173 233268 646590 683673 134904 725928 493949 151546 392750 560296 412890 84644 228492 572961 274878 228207 186451 686289 615034 168446 213397 387217 624404 665878 536681 341116 464218 642830 752799 598665 315066 191236 735445 233460 303460 304330 462812 196624 399656 388973 273620 611056 399450
605461 917959 472442 472424 414644 623580 1001154 506452 358046 197008 744716 337089 674296 740121 999999999 734384 634724 424027 689013 986819 291943 937310 500690 740633 427161 905499 721282 1031009 842284 663910 414110 136453 800752 808397 378040 893978 537943 394878 582886 727009 1085181 415801 517397 1062629 792983 627278 497758 376899 546024 499985 726832 432005 813396 213526 616107 864659 947715 707639 721644 600134 197746 760930 389405 420922 837550 505570 636468 569250 749464 541574 844771 465293 616200 897095 767108 304032 692492 627555 837753 968380 546242 207114 704524 517060 454059 221593 420889 524577 914251 242261 908908 936179 878680 462625 901722 367057 558173 467998 658494 836528
229205 426221 767812 518676 795055 539680 670465 673066 412521 603226 671697 613823 774957 31391 734384 999999999 456253 310379 801561 387262 686301 316230 246057 245629 660356 566904 450844 679850 722514 277687 682643 758039 67715 153562 775889 177973 247001 428644 477536 790937 640447 325866 387136 597553 617345 636809 348591 602884 219164 747410 247648 302756 749202 783885 317381 292498 587053 243964 261977 666796 669987 104985 736776 472466 180689 408478 582866 432967 115775 237639 602028 270726 248607 210859 711677 622305 137771 186100 418043 655171 683755 533112 368343 481623 657090 738203 611573 329749 185283 740017 215603 333122 277213 477003 221771 386815 362298 266415 633885 430154
235439 318589 387679 174142 446318 87174 370585 272646 318690 632072 220228 739946 324856 432780 634724 456253 999999999 401401 350997 431982 772622 415293 327852 248754 305428 270910 89692 398692 290373 181730 333308 734348 504792 388124 445467 616993 265053 255045 57931 335528 452734 350846 653252 434410 196585 186998 191110 295152 488991 352695 237573 385733 302599 796837 657023 337011 313003 648062 221930 226261 701666 555948 399202 665549 398462 141377 128872 68756 366002 274239 223917 369326 211004 455660 260217 360313 548913 542951 227851 339259 264719 458723 121126 120858 286316 770879 269724 181881 604224 489483 664314 400250 731599 172499 451004 497338 658789 395718 178707 221275
233774 576050 552961 346379 555349 451107 745267 490884 146674 306827 605620 363810 641005 317267 424027 310379 401401 999999999 666116 607033 418095 546815 98379 369420 446650 635419 456165 767091 688170 317268 460577 455265 376777 398774 527780 473235 163303 203634 381901 675871 778787 55528 258024 745061 597985 521357 210874 374278 146922 547115 358447 16465 689981 491156 292351 485171 671092 336223 359996 529435 378267 344788 498086 265903 429690 272629 488433 339894 337934 160171 618602 48564 256330 484818 642830 364061 285131 232452 518009 718574 516959 225550 398149 342459 455135 450033 401560 220685 491113 459113 493527 551891 487437 303188 491291 106051 272617 43971 535471 522940
573620 606640 227818 319741 304022 264204 491468 192422 531482 780689 188570 922956 26640 780180 689013 801561 350997 666116 999999999 741055 925459 742891 626740 598045 267070 459757 394559 524613 245229 532194 275662 820610 853726 738392 332468 966969 580154 464640 324102 52460 637030 610673 921490 643173 288426 165048 478783 334340 790124 191904 587629 654228 188248 896098 953876 670255 494040 968756 571766 138941 834314 896961 305364 898468 746931 410209 222201 369407 716655 590512 357233 652549 552964 801552 170031 396043 878934 859344 522968 460647 156273 601393 464130 332977 243416 889018 291157 486892 955141 456810 1013160 723233 1072286 363377 795636 733436 938710 678976 174484 510369
384313 138362 819483 592125 877498 507158 382530 704022 628843 911409 558571 962320 718514 358067 986819 387262 431982 607033 741055 999999999 1023628 71288 509958 246408 734947 319940 356465 375327 554687 324558 762680 1051054 371886 235246 874332 423870 455704 598727 486766 706841 288563 588489 765048 243381 464730 596615 492255 712159 582093 783529 260042 592510 605256 1095141 704228 123116 311758 626683 265465 643716 983821 471818 828259 835333 206607 504766 537767 467913 288914 454661 409288 558474 370952 192530 589839 765923 524252 570959 218296 384935 692352 782434 315583 536817 717485 1056054 695110 464679 385233 898883 476694 56338 597861 571672 179412 709137 745170 571195 573800 230688
650535 992447 730231 647479 685587 792287 1139107 733461 453945 146137 936401 83799 906231 703769 291943 686301 772622 418095 925459 1023628 999999999 961227 516413 787440 659054 1032526 845638 1164410 1030936 730819 654628 179146 742561 805583 648581 806895 578535 519440 733945 954758 1189774 447109 343111 1158375 959530 827095 592061 591815 467479 749104 776264 433464 1015049 138357 452609 902586 1071368 564343 777159 812952 96983 671107 648716 232068 837090 631245 817843 704085 745075 576792 996393 466330 671328 886309 966500 530625 594355 524257 929044 1109428 771439 329209 801885 674568 682043 91771 636133 612107 838557 517196 804393 967975 736183 619800 894642 314492 385443 452435 852797 932360
331907 167412 801478 564591 854934 496281 427905 687428 579673 852865 566734 898014 719073 287292 937310 316230 415293 546815 742891 71288 961227 999999999 451202 199640 711173 351377 349787 425097 574937 283208 738532 995626 301016 165080 848911 357938 401243 555532 466555 712737 350352 532088 695864 305124 478435 590721 448860 681851 514147 767698 214034 532850 621483 1037065 633399 79834 351103 555409 222802 635837 924841 400731 803317 768513 135746 469649 530770 441740 220770 399106 430424 498326 322100 123958 600831 730990 453044 500466 225601 425544 679654 731300 294643 510384 695846 996786 668834 421131 321041 863523 411469 25928 530184 539715 110887 647064 675172 509372 571208 239724
136146 478043 546654 313030 562954 389778 655235 467233 166655 401766 542338 461587 600622 244985 500690 246057 327852 98379 626740 509958 516413 451202 999999999 271050 437791 544845 371387 675654 618171 221319 456621 545760 313700 309203 540246 420843 68883 192527 319556 629393 682422 84900 327042 647952 522554 471478 148992 372271 164833 533308 260082 83005 626525 585883 332219 387634 579027 343649 261852 487839 473976 306498 504398 355644 339269 217500 430393 274047 249355 63612 536114 51059 159937 397236 581162 381429 264838 233739 422241 629843 487045 294569 307019 294062 440269 546136 389577 147860 431335 494840 450159 455219 469433 268185 402550 203878 330946 72510 480218 427860
139150 210816 620044 374325 667193 335761 429508 509807 382591 669064 444767 731532 572271 215893 740633 245629 248754 369420 598045 246408 787440 199640 271050 999999999 523343 323150 215728 442105 483947 85118 549972 805716 276317 140789 658111 380833 211494 355920 289882 577897 423277 345114 562672 385035 378632 435405 249225 487546 376111 589860 14474 353976 516474 851862 526047 124075 346687 478867 27336 474768 741828 350540 613325 615804 149753 273261 376244 256439 133939 211689 357478 321491 124548 208400 483672 533240 370538 393065 176800 411916 508535 536027 135888 322556 510880 814258 478604 221494 362231 665286 431843 195867 518752 345210 205062 474437 551927 338075 423862 187550
439835 623836 108882 149434 143988 248544 620959 79342 300707 515015 329390 660104 249531 647294 427161 660356 305428 446650 267070 734947 659054 711173 437791 523343 999999999 544805 391009 653713 425397 439817 27880 555815 723084 647531 140042 837567 414390 247658 248731 300930 735774 394583 688286 725294 397760 212204 311890 75015 587106 101545 509519 438478 390034 630535 738602 631405 587113 775858 496525 176504 567338 739343 93777 649599 666318 257987 241256 269479 606741 424261 461305 447425 429823 728446 345854 128973 702625 666897 532849 587033 119125 338812 419499 201254 27914 622161 48836 332626 837184 213085 875217 698996 906810 185304 726769 492978 711899 470959 246169 525465
415348 184860 598797 438387 670918 297440 110529 487426 581219 895848 271462 992300 441897 536256 905499 566904 270910 635419 459757 319940 1032526 351377 544845 323150 544805 999999999 187930 132153 241230 328699 571461 1004287 587816 434895 679726 678217 475965 522397 323412 416594 191190 592821 865788 186517 171764 351478 440499 553781 683711 557139 324241 618964 296820 1065223 842821 306835 42801 801821 312661 400349 966860 671046 634909 899907 424650 407141 305811 337880 451882 481818 102710 594074 388523 454871 293047 623701 693615 712544 149531 88870 461858 727315 237848 389260 520079 1037251 520339 421553 649456 747366 732091 326139 833140 442926 444026 739225 861338 617351 319679 136841
254353 234300 466393 263799 529304 151199 293525 350500 393433 708122 229766 807625 370140 423648 721282 450844 89692 456165 394559 356465 845638 349787 371387 215728 391009 187930 999999999 319052 271682 176935 418825 817071 489708 355073 530804 596403 303488 334680 147179 368307 364326 410281 697823 344911 166689 241322 254358 384520 522891 428877 208663 439867 300961 877417 688380 275764 228645 664723 192873 287565 778996 554802 484605 722041 358688 219452 181760 152032 346869 310932 165224 418117 226990 409643 268223 450002 560176 565377 143191 264535 336363 539667 82536 210403 370193 849326 357653 237486 577725 579007 646943 331575 727837 260699 402886 557627 698315 443004 221577 134741
544438 263672 694564 560218 770267 412884 33681 589203 712450 1027150 347042 1124452 511863 648628 1031009 679850 398692 767091 524613 375327 1164410 425097 675654 442105 653713 132153 319052 999999999 281455 457385 679150 1133038 693017 538300 783217 773736 606830 652418 448213 475407 127087 724905 994352 155224 258120 448375 572479 671021 810746 651876 445286 750629 340849 1195120 966948 400440 97074 919646 435324 494694 1097887 782034 740012 1031087 522910 537296 412559 466763 564081 612369 192437 725239 518014 541838 355335 742779 811108 834899 265390 67154 558923 856999 369059 513967 627515 1167972 634522 553699 740879 861945 827975 399223 936854 568825 529718 871162 988346 748150 414387 255537
518523 416425 438595 383905 517278 241391 249013 349616 586455 885675 97568 1009163 235462 695142 842284 722514 290373 688170 245229 554687 1030936 574937 618171 483947 425397 241230 271682 281455 999999999 447410 446314 961602 759919 619238 536974 863993 555092 516717 307456 194692 399486 635516 942674 411823 105406 215430 477489 465475 779035 396100 478421 672988 59548 1031868 946899 515272 266636 932433 462990 249690 950026 826456 498531 948788 618007 417358 213114 348281 617046 564070 145450 658676 492035 661214 83020 538811 829653 829889 350714 220251 312642 703463 354172 358880 397498 1014216 422095 471407 842331 638160 915603 551415 999424 411985 652317 779028 949059 685296 183812 336261
87105 262728 538365 290478 583427 267998 439091 430129 307084 605474 394046 680765 505887 252560 663910 277687 181730 317268 532194 324558 730819 283208 221319 85118 439817 328699 176935 457385 447410 999999999 466171 735881 323374 212037 573611 435263 153967 274222 213980 517099 461524 283804 537206 428142 343139 367445 167699 402541 355360 509630 70768 300996 471783 785919 517067 205330 360343 488127 60406 403098 678341 380138 529050 576362 227602 188149 310433 176173 184462 157778 337738 272113 61423 288994 434003 448347 383244 390601 200952 416076 431687 461899 97090 239981 428344 750702 394472 140156 423085 580588 482811 277201 554710 260276 286986 423260 532860 293159 360425 206635
463956 651713 92432 175703 117256 275746 646262 96978 313991 511925 351218 659209 260203 670284 414110 682643 333308 460577 275662 762680 654628 738532 456621 549972 27880 571461 418825 679150 446314 466171 999999999 544967 745948 673057 112162 860173 436080 264965 276579 312978 762529 409666 697893 752467 422491 235147 334721 86324 602846 96071 536082 453177 408741 620451 751631 658740 613671 792212 523240 196647 561585 759867 65896 655053 692247 282935 267083 296793 631416 445806 486849 463847 454709 754523 365716 124673 721332 683750 560720 612336 135735 339437 447187 228340 51653 614185 72399 356284 860601 192138 897058 726512 926030 209786 753016 501730 722820 486710 269383 553311
666877 996764 607391 582888 550984 734297 1104601 634549 431455 157271 864315 245831 804779 769170 136453 758039 734348 455265 820610 1051054 179146 995626 545760 805716 555815 1004287 817071 1133038 961602 735881 544967 999999999 821096 853497 514302 902454 595384 482783 686578 856716 1177041 463549 475201 1150988 904758 748430 576794 499503 550274 633454 792763 467132 936462 77097 582477 927938 1045619 686095 790012 724995 107672 765969 524248 366629 884131 597735 751711 666518 792831 596802 951846 502101 682161 940041 889225 428984 692183 623118 922287 1072696 674183 278273 789589 621919 581903 93121 544390 601622 928291 378563 909368 997783 860320 566096 946342 371904 518249 497414 778199 922821
286739 432439 829849 579406 859297 590133 686804 732523 480062 665376 715532 667760 827232 75930 800752 67715 504792 376777 853726 371886 742561 301016 313700 276317 723084 587816 489708 693017 759919 323374 745948 821096 999999999 154721 840919 115062 311791 494672 530864 840318 641568 393511 430339 597343 654525 688678 411267 667332 275694 808092 281515 369669 790419 844432 348464 294839 603656 257622 297052 721035 730833 100633 801196 522967 173131 468669 633000 487621 142909 302771 632846 338043 303166 182361 755167 688644 164652 227025 438378 674525 741356 600315 407590 539894 718744 797963 674422 390971 117776 807275 159542 321626 245324 538708 194969 449240 400911 332820 683435 451545
217104 278272 748672 498348 789949 475296 532372 641869 458103 705204 584718 739226 712500 123397 808397 153562 388124 398774 738392 235246 805583 165080 309203 140789 647531 434895 355073 538300 619238 212037 673057 853497 154721 999999999 777330 245967 273721 450118 425533 718685 489735 393699 530985 446152 514573 575105 349094 603465 350676 721059 150764 386403 654631 889345 469278 141381 449366 396654 166645 613201 775865 247401 734029 606088 31525 390416 516342 388111 60948 268543 486183 351422 219970 89060 623295 639811 291327 335728 286038 520811 643670 601387 276544 450342 637893 846902 600740 323186 223242 768199 298950 180199 399194 463829 93395 493662 510108 358201 564408 299645
564441 763863 104655 284469 37063 386181 749956 194015 383493 514642 445973 667319 324603 765985 378040 775889 445467 527780 332468 874332 648581 848911 540246 658111 140042 679726 530804 783217 536974 573611 112162 514302 840919 777330 999999999 953859 529150 348633 388654 378814 870913 481906 745748 862267 525233 335155 432528 174579 674043 143576 644033 523154 492928 591391 811524 769078 721560 863877 631695 290953 552082 846605 46265 687923 797842 387314 374016 407432 732951 538313 591795 539403 557638 860527 454299 163785 801894 758042 672853 716117 226256 364048 558756 338590 161183 594206 180089 456244 957155 135782 987913 837429 1007350 314010 859601 549837 775248 559605 369410 665369
401794 510080 944585 694373 972943 702977 771188 847585 587392 745280 824427 727776 940545 190934 893978 177973 616993 473235 966969 423870 806895 357938 420843 380833 837567 678217 596403 773736 863993 435263 860173 902454 115062 245967 953859 999999999 424922 606388 644899 952241 708130 496775 474986 662959 758922 801967 525678 780803 352403 923092 387874 468356 897286 918533 376583 374057 689346 266850 403792 835166 806615 136829 914700 578525 253573 583676 745617 602087 251497 415604 732142 439176 417903 234575 863720 799738 212804 283048 530646 762314 856279 698754 515271 654925 833565 870343 788848 505795 43815 915683 54240 382210 176292 653479 247433 532706 438711 429984 795684 544541
72518 413943 522526 277180 548054 332999 586352 433035 184387 457609 482889 526929 553683 237206 537943 247001 265053 163303 580154 455704 578535 401243 68883 211494 414390 475965 303488 606830 555092 153967 436080 595384 311791 273721 529150 424922 999999999 184091 263539 578575 615490 133641 394341 581865 457495 420337 105032 355885 223963 504369 199288 147052 566505 640402 391969 332598 510258 389829 198933 441575 530405 326417 489781 424335 301433 171278 374950 217026 218125 10412 468527 118721 93151 362749 522299 378238 299305 281669 354788 561011 448297 331055 238136 248362 412677 602849 365555 93273 428427 501182 460980 402486 497967 233676 366148 269315 396010 141386 425765 359964
233285 523192 356061 146503 370519 275549 625122 287305 70436 377401 425927 492687 440083 420856 394878 428644 255045 203634 464640 598727 519440 555532 192527 355920 247658 522397 334680 652418 516717 274222 264965 482783 494672 450118 348633 606388 184091 999999999 214572 477917 694664 149257 456867 669870 440369 328444 106746 179899 339898 346147 341572 193519 508407 542839 495485 479052 563325 528235 333980 330187 446639 498230 311948 440049 475159 115257 305909 186313 398521 192427 477792 199894 235654 537962 459926 194200 456674 419246 443246 594155 313622 204994 309933 157851 253314 515910 200596 134473 611876 318514 639405 551035 661730 107337 539645 271392 475158 223957 347674 442540
249648 376053 334926 116880 390735 70249 418773 221530 282283 591184 224122 706047 297479 456660 582886 477536 57931 381901 324102 486766 733945 466555 319556 289882 248731 323412 147179 448213 307456 213980 276579 686578 530864 425533 388654 644899 263539 214572 999999999 316854 508202 328507 638391 491139 225869 159878 172847 237359 484020 301913 277394 367111 308567 751082 651757 387372 365971 652929 262560 190281 659289 573169 342417 641332 438909 109929 111424 46635 396832 273561 265645 355530 228933 498275 262197 303344 558460 545192 285528 386432 218680 413883 172288 65899 230723 727235 211974 172167 635506 431832 689993 452792 748709 120748 494635 471594 647627 382467 162290 279155
565507 570706 274425 331438 352027 251367 442515 222791 546646 809164 148746 948259 54287 768104 727009 790937 335528 675871 52460 706841 954758 712737 629393 577897 300930 416594 368307 475407 194692 517099 312978 856716 840318 718685 378814 952241 578575 477917 316854 999999999 589963 620361 933104 597909 247078 158275 480438 363172 793945 236089 568354 663134 136722 931443 959687 642340 449199 968387 552348 147908 865310 888840 348820 916119 725209 411902 208126 363311 700909 588797 313900 658703 543264 777769 123808 428985 875246 859763 489872 412342 183770 627859 442416 336035 275316 922199 318639 485623 938216 499187 999833 692112 1064575 373053 771170 748928 948122 685474 157069 476727
546528 215773 789113 624700 861848 487847 154167 678440 747460 1058968 452482 1142075 621839 609168 1085181 640447 452734 778787 637030 288563 1189774 350352 682422 423277 735774 191190 364326 127087 399486 461524 762529 1177041 641568 489735 870913 708130 615490 694664 508202 589963 999999999 743222 985949 45290 355767 541378 602585 742365 799347 747176 430369 762499 458937 1234174 945029 348490 149638 884319 424454 589848 1131247 737099 826089 1035624 468455 580651 496964 516164 527267 619098 285322 733389 522642 473631 467072 810989 776862 810458 261041 179450 652158 898777 389333 573315 711199 1202889 710249 579880 671332 936618 761785 325925 878788 624898 460715 884753 974509 753526 508861 257435
206133 546019 501816 290934 507986 397220 701872 436504 98424 323967 551692 400184 585524 327508 415801 325866 350846 55528 610673 588489 447109 532088 84900 345114 394583 592821 410281 724905 635516 283804 409666 463549 393511 393699 481906 496775 133641 149257 328507 620361 743222 999999999 313243 711315 547153 466038 159740 323389 193401 494390 332920 44262 635955 506921 346240 465497 629797 383246 332210 473911 396770 374686 450116 314705 423509 218779 433936 287585 334106 133869 570671 59046 225017 481956 588579 319030 322059 276227 482256 674205 461973 209941 357509 287341 401953 469217 348682 172885 510403 422604 521936 534646 526976 247666 487087 147442 328112 77766 480560 486027
450445 772246 789486 602361 777868 708100 976252 740905 391622 327363 862484 260148 896813 412163 517397 387136 653252 258024 921490 765048 343111 695864 327042 562672 688286 865788 697823 994352 942674 537206 697893 475201 430339 530985 745748 474986 394341 456867 638391 933104 985949 313243 999999999 947278 849015 779280 465848 613538 186768 789831 555928 271889 946922 469924 109690 655037 897278 221629 563070 786064 368648 344226 724271 111739 561335 529936 746094 595062 476307 386993 862851 284020 477380 597884 900122 586004 268563 203410 732845 952577 769683 388140 629631 600481 700695 419743 646781 471455 510771 648327 466146 709038 393142 560057 608520 196711 43201 257534 793440 740734
511815 175231 784126 608018 855073 476752 176582 671545 720153 1029604 456036 1108793 626465 566347 1062629 597553 434410 745061 643173 243381 1158375 305124 647952 385035 725294 186517 344911 155224 411823 428142 752467 1150988 597343 446152 862267 662959 581865 669870 491139 597909 45290 711315 947278 999999999 357135 537448 574806 727443 760531 742783 392882 728883 470631 1206511 904057 305185 149211 841510 387932 586484 1102147 693374 816902 999509 424307 557110 489672 495318 485093 584979 286829 699003 488745 428503 474187 794479 734360 769331 229908 195962 647348 872830 361476 555255 701579 1174084 697278 551167 626073 922099 716579 280781 833878 605196 415568 851112 934855 718406 506013 228284
416675 326924 436936 321971 512212 170466 224756 331245 508038 816157 99874 931680 270155 589837 792983 617345 196585 597985 288426 464730 959530 478435 522554 378632 397760 171764 166689 258120 105406 343139 422491 904758 654525 514573 525233 758922 457495 440369 225869 247078 355767 547153 849015 357135 999999999 190257 387510 422123 680782 394395 373020 582314 143412 971857 848030 414920 208233 829723 357583 236883 883358 721447 482353 861821 514202 332913 158889 260692 511646 466039 70560 565397 389805 559126 125704 495409 726066 728487 252841 190972 300885 636912 249040 285798 371010 950232 382676 378174 737782 608586 810384 455922 894147 341491 550672 693125 853196 591590 156300 238733
409484 468239 247827 183728 322112 99829 415002 141389 398562 681018 118140 812366 138580 615194 627278 636809 186998 521357 165048 596615 827095 590721 471478 435405 212204 351478 241322 448375 215430 367445 235147 748430 688678 575105 335155 801967 420337 328444 159878 158275 541378 466038 779280 537448 190257 999999999 322485 250382 636181 205800 424475 508055 188792 819890 802442 515227 391851 810129 408756 49300 742524 733027 292847 768492 584920 254122 60158 205905 551882 430574 258105 502007 388293 641076 140921 323510 717504 701490 379512 381229 111023 497909 303631 179327 184581 804523 206704 327349 790517 425221 848117 572870 908585 221376 635824 599522 792703 528889 34371 368499
132736 421364 419233 172168 448895 242937 547758 328007 145422 457076 396919 553381 452513 335564 497758 348591 191110 210874 478783 492255 592061 448860 148992 249225 311890 440499 254358 572479 477489 167699 334721 576794 411267 349094 432528 525678 105032 106746 172847 480438 602585 159740 465848 574806 387510 322485 999999999 257980 313742 399843 234859 195533 481357 631794 480549 372315 479374 490030 227270 339853 528999 431288 391242 474440 372560 68676 282483 129303 301216 115355 411821 182684 130746 435613 435023 290751 403254 380561 345566 518866 343653 299407 213448 145811 308707 600416 263178 27734 526014 420209 563797 444300 602957 128971 436517 306537 474805 209628 331753 346525
389892 610680 178683 121839 192219 258171 639359 141931 227740 446580 367920 589015 314486 592123 376899 602884 295152 374278 334340 712159 591815 681851 372271 487546 75015 553781 384520 671021 465475 402541 86324 499503 667332 603465 174579 780803 355885 179899 237359 363172 742365 323389 613538 727443 422123 250382 257980 999999999 516638 176417 473277 366859 437264 572312 665535 602185 596572 706125 461682 225668 502193 677030 133897 574836 624614 214714 263425 245181 558439 365288 479812 377890 383561 687484 390492 73684 636570 597864 521214 605711 179630 267309 398241 177307 92173 560234 45069 281711 783157 194676 816141 672036 841610 142401 686976 418032 637607 400534 281770 515674
270091 585480 694836 473373 700915 554164 793849 624708 291103 393274 705911 394719 764179 238713 546024 219164 488991 146922 790124 582093 467479 514147 164833 376111 587106 683711 522891 810746 779035 355360 602846 550274 275694 350676 674043 352403 223963 339898 484020 793945 799347 193401 186768 760531 680782 636181 313742 516638 999999999 686042 369690 150943 789842 569613 168129 469523 713755 189977 377359 651412 456480 216539 643246 255867 381789 382084 595067 438178 293418 214989 687930 140243 297517 424477 745021 510496 146534 86192 547678 771398 647202 361855 450253 458183 593148 522645 540467 311919 378312 605074 363217 525825 342632 428642 433993 180768 177658 116169 645016 556061
521883 662579 42863 228773 121178 277853 618291 80384 401690 607194 308330 755087 181802 732172 499985 747410 352695 547115 191904 783529 749104 767698 533308 589860 101545 557139 428877 651876 396100 509630 96071 633454 808092 721059 143576 923092 504369 346147 301913 236089 747176 494390 789831 742783 394395 205800 399843 176417 686042 999999999 576765 538475 350146 709725 839333 688895 597646 873953 562562 157629 655292 830731 113460 750041 737137 339424 254857 333727 685070 514524 463378 545956 508614 797857 313110 220462 797603 764549 571805 584792 95494 435507 473062 271187 93120 705885 145712 417665 919875 265002 962975 752944 1000575 270874 794912 594449 813333 570073 238632 562385
126789 219580 606650 360402 653320 324710 431679 496801 368817 656882 436777 721161 561742 218588 726832 247648 237573 358447 587629 260042 776264 214034 260082 14474 509519 324241 208663 445286 478421 70768 536082 792763 281515 150764 644033 387874 199288 341572 277394 568354 430369 332920 555928 392882 373020 424475 234859 473277 369690 576765 999999999 342859 509624 839429 521872 138069 349285 477665 16038 463227 729690 352626 599312 607000 161605 258914 365595 243161 138625 199892 354422 310758 111020 221164 475927 518787 369632 389642 179978 413108 496073 522475 127506 308898 497283 802135 464622 207126 370576 650818 438281 209959 522434 330970 218211 463780 546172 327993 413691 189939
217818 560135 545433 334551 549990 436526 728826 480751 140244 320192 591013 379928 628965 308233 432005 302756 385733 16465 654228 592510 433464 532850 83005 353976 438478 618964 439867 750629 672988 300996 453177 467132 369669 386403 523154 468356 147052 193519 367111 663134 762499 44262 271889 728883 582314 508055 195533 366859 150943 538475 342859 999999999 675413 504515 301988 470413 654627 340902 344182 517098 391995 341887 492387 282175 417145 258158 474223 324720 325700 144125 602463 34984 240138 473011 628409 359712 284853 235235 501681 702164 506054 230910 381685 328919 446122 463957 392782 204717 484931 458399 490305 537533 488544 290959 479213 122265 284992 39026 521607 506561
536772 466934 391914 368567 470879 238888 308513 311869 578805 869088 84445 997940 180959 723029 813396 749202 302599 689981 188248 605256 1015049 621483 626525 516474 390034 296820 300961 340849 59548 471783 408741 936462 790419 654631 492928 897286 566505 508407 308567 136722 458937 635955 946922 470631 143412 188792 481357 437264 789842 350146 509624 675413 999999999 1008372 957959 558292 324380 950423 493821 213854 931171 851897 456760 946005 655727 417354 203008 352787 647694 575980 197308 663995 511248 701957 48684 509414 850061 845546 395985 279776 273149 686040 382830 351782 362231 993313 392721 478678 877785 600762 947903 598689 1026384 401523 693693 776092 955963 690900 162413 381777
712727 1048281 684144 650771 628079 801510 1167415 708925 486714 184340 934879 218734 879851 797690 213526 783885 796837 491156 896098 1095141 138357 1037065 585883 851862 630535 1065223 877417 1195120 1031868 785919 620451 77097 844432 889345 591391 918533 640402 542839 751082 931443 1234174 506921 469924 1206511 971857 819890 631794 572312 569613 709725 839429 504515 1008372 999999999 579395 972279 1106011 688086 837867 797980 114021 781729 600997 358341 920460 658087 820744 728438 828403 640763 1016726 539306 729956 974062 960806 502886 706108 636030 976907 1135991 748436 338140 845241 687312 656287 50225 617336 655430 947158 455658 920957 1040854 861762 631352 981174 398131 513013 531150 848997 978266
434207 729297 844057 635053 841382 721960 952066 782739 437940 431483 873997 369393 928221 346161 616107 317381 657023 292351 953876 704228 452609 633399 332219 526047 738602 842821 688380 966948 946899 517067 751631 582477 348464 469278 811524 376583 391969 495485 651757 959687 945029 346240 109690 904057 848030 802442 480549 665535 168129 839333 521872 301988 957959 579395 999999999 602902 870515 114186 531638 815684 476717 253717 785416 221413 497674 548428 762588 606084 420909 382855 852887 301364 461667 525665 913053 648462 184079 134835 701828 931273 807652 467260 613435 623653 747479 529247 693866 479803 415047 725473 362390 649477 283575 590785 537312 267802 67236 274906 812251 711412
261232 137794 722268 484759 775203 419365 397133 608560 506613 788699 498530 842916 645904 261390 864659 292498 337011 485171 670255 123116 902586 79834 387634 124075 631405 306835 275764 400440 515272 205330 658740 927938 294839 141381 769078 374057 332598 479052 387372 642340 348490 465497 655037 305185 414920 515227 372315 602185 469523 688895 138069 470413 558292 972279 602902 999999999 315450 536452 145131 559449 861206 388770 723493 719480 122680 390493 455102 361947 182001 331640 373670 436663 248472 148496 534168 652018 429703 468144 165526 388854 601685 659768 215987 430561 616241 933500 589000 344604 343294 784705 428258 71988 536860 460147 138317 588197 638427 450358 497198 180057
