NAME : synthetic_000737
TYPE : CTSP-D
DIMENSION : 100
GROUPS : 8
RELAXATION_LEVEL : 1
EDGE_WEIGHT_TYPE : EXPLICIT
EDGE_WEIGHT_FORMAT : FULL_MATRIX
EDGE_WEIGHT_SECTION
999999999 395179 37063 228536 820573 264717 505201 410912 696041 212313 119471 305654 92459 248488 539447 337655 172092 222846 660320 257365 206671 530689 566815 280678 170085 254667 411773 529580 648203 499377 335588 76093 269162 577665 208195 309342 603813 572161 483531 329555 121206 476488 213756 211726 234820 679807 596157 175239 745481 239557 718019 758278 576678 78212 166689 389344 278324 509602 771218 821487 649342 595190 657531 618860 369719 359250 139240 226008 237761 389880 227674 38192 288084 482943 294893 178372 429718 95468 255330 771241 335894 100494 538158 798306 240227 332098 341999 787273 408113 82968 579882 536324 270684 448127 118777 815531 160165 214625 506559 382620
395179 999999999 361991 299640 751700 443012 689704 528144 300994 312810 286051 212961 363820 546521 146092 433149 527829 595822 436476 648664 390113 737654 187178 383038 414924 592948 515578 702402 312969 165281 298727 470605 521139 318020 261747 86081 400455 323925 734549 617844 275743 822977 587286 467842 242680 797138 434632 570289 830671 378687 381477 492593 602826 431822 250433 331046 579334 489201 603898 753152 337799 233294 666857 227276 240277 741087 515419 406639 176188 729145 184475 430652 533070 281965 101123 447687 738973 381243 579400 672436 684436 479140 378738 410903 550956 527593 416214 738148 38986 368092 475286 480856 192520 89327 382790 836963 402935 492215 111929 404577
37063 361991 999999999 195179 792852 277809 496298 423270 662984 207263 97113 287442 98972 250642 507043 313432 186798 244849 624500 287476 215357 525182 536590 254038 154463 266810 422645 519687 611248 472402 301592 112072 262951 540850 193860 275940 568229 535477 483548 332575 92534 493932 235822 233167 198369 665964 561853 208728 729200 244612 681018 721829 552982 85266 144678 356008 282321 481273 737927 793806 612278 558851 633691 587014 353620 385560 160880 204843 201415 404804 200709 75239 311613 446552 262540 169219 438904 76738 263867 741353 352312 136971 503368 762957 244960 319681 346260 760579 373492 59512 547835 506286 249119 412513 130750 794305 142749 210355 473719 383041
228536 299640 195179 999999999 605692 448584 399997 586338 576110 340125 216965 352652 277616 258015 436790 155572 271538 343077 436332 417315 381418 444165 486037 93441 133744 316001 581855 416372 459090 455155 107317 290520 223884 365874 298756 230471 378834 357718 435271 322096 191959 536982 336213 420017 57457 535397 367888 364276 585539 399596 524653 538773 382187 206687 237617 160885 288828 294935 542830 606749 449287 427668 460600 517145 418692 485732 279777 108002 137086 443364 240936 263345 499659 265680 233690 165898 443641 148434 297190 549403 405450 327550 310715 642990 266464 229511 490714 576449 289716 150648 353070 314950 305401 306915 311338 628741 126237 203978 401441 512881
820573 751700 792852 605692 999999999 1053858 485636 1188571 842522 938861 821229 915671 882459 681225 802540 486097 770099 819623 370827 906721 986558 525116 868117 539921 661534 747203 1182658 464317 583825 903508 513610 863692 622210 473168 891382 743963 373707 459653 605844 663116 795965 838671 818368 1024093 631387 363041 323320 899502 306930 1002378 583448 420057 262559 769467 834406 459114 683842 311735 216904 1636 534221 649883 192568 847941 969489 909766 805742 599767 696314 782511 815503 848826 1103458 470830 761520 670404 720248 726360 721168 88453 789230 909934 373814 782778 699774 544577 1087164 45993 715531 737614 277528 292707 872469 681374 916266 189067 667353 663916 780916 1100665
264717 443012 277809 448584 1053858 999999999 769890 146196 703946 132692 232855 241580 179104 508187 553279 586858 417745 442866 829721 430361 67342 794288 549701 524710 431819 499016 147687 794291 752239 456473 543030 275370 533642 724711 186631 381182 779399 724596 742547 586684 258140 693758 434844 79477 425194 943331 788755 343937 1007003 64354 822199 910128 825298 340922 228123 598928 535294 743519 969733 1054945 770069 676153 905366 616348 263008 542028 374167 481926 375579 619825 273367 257808 97048 649071 358890 442925 673665 354289 506440 994196 564086 233355 727325 840541 497331 596101 104588 1025031 474722 337285 792420 761861 250644 526674 147282 1069262 420456 478812 530747 158281
505201 689704 496298 399997 485636 769890 999999999 916070 929919 698818 573491 743965 594231 272905 812832 256978 374561 395016 594586 473080 710668 55195 869765 308811 343504 316114 916911 27778 736584 851342 398111 509616 236538 605655 671698 628917 547083 590360 120524 214743 553732 353435 397566 711549 456213 190448 493792 499407 269417 740908 781635 701945 246333 429638 610759 388038 256485 307413 578420 485610 703455 746667 295108 888133 811933 444993 419933 309577 537082 305852 633157 515449 781390 520668 633501 327570 237109 420269 295094 491130 325489 559293 479176 953219 288657 179540 842411 440092 671325 438986 419445 352034 697284 672142 623553 382512 356465 291668 778922 877014
410912 528144 423270 586338 1188571 146196 916070 999999999 750023 250268 369433 315188 324315 653278 612505 729308 560794 580426 942642 557411 208709 940097 593574 666417 577575 640810 17605 940487 840920 496313 675218 417723 679771 831667 300624 482837 895693 833603 886956 730930 394379 825476 572857 212272 557228 1089156 911079 475956 1152128 186748 908583 1014455 966420 486917 354509 730425 679683 880407 1091784 1189718 865129 758155 1045942 662538 303756 666692 516300 626483 498091 756437 384310 402984 169544 765330 460786 589103 813821 499927 649665 1125360 701019 372721 849584 897635 641905 742146 112035 1161548 564261 482610 921713 895877 342622 616663 293205 1211537 566018 624888 596834 135126
696041 300994 662984 576110 842522 703946 929919 750023 999999999 586092 584561 462980 658852 832967 157880 678749 824946 894233 472336 949415 663526 982616 156594 643412 703304 885357 734130 936641 260126 253740 535488 771239 799276 375196 542339 387050 473037 390511 996124 897792 575990 1111967 885876 745522 523810 996428 530974 871221 1009609 642688 282364 457793 780681 731362 545168 542346 864526 666419 642784 844147 309991 197874 823725 88000 449321 1039982 815127 683363 471740 1018039 478073 731166 800019 422655 401261 736484 1019175 678722 869494 754314 976635 777578 500616 156330 839719 789669 646515 845341 293686 666790 602104 639320 464923 269212 673824 977699 692532 778461 189537 615008
212313 312810 207263 340125 938861 132692 698818 250268 586092 999999999 127340 127656 123245 457508 431424 489025 384044 428652 699376 442759 78084 730477 435988 425180 355450 466878 243805 720970 620050 348594 425287 258646 468950 592807 54041 248519 650186 593089 690805 539336 150386 684846 419713 159432 307530 860306 662542 352540 917999 69466 690197 777987 722206 288571 104455 480299 488650 632074 843520 940026 637402 545243 800709 499846 174687 552965 347892 394676 248656 600698 140947 225410 220272 519635 226248 374746 642016 279976 467425 875097 545954 236301 601001 716465 450875 519865 150628 912600 343206 260801 671475 646165 122698 394829 113540 968564 342369 417311 406196 178403
119471 286051 97113 216965 821229 232855 573491 369433 584561 127340 999999999 190473 82474 342971 426900 362436 283911 340639 609200 376153 165514 606991 450195 298788 231310 363549 365285 595088 563789 380215 310380 189849 347373 512528 100271 202690 556128 509946 572047 424693 25286 591028 331566 216337 192948 733037 560342 291379 790748 182744 634607 697792 597521 182189 47730 366363 375535 511546 740744 822329 572120 501219 676729 504771 257177 478695 256559 267581 155847 501834 109313 149701 294498 427613 185016 253540 534248 159156 359543 761436 449425 193201 499346 695456 338969 394103 276891 792987 304598 139827 560221 529050 152282 349816 110276 843336 217865 298179 395331 305317
305654 212961 287442 352652 915671 241580 743965 315188 462980 127656 190473 999999999 231845 530978 311768 508212 474137 528500 635944 554956 202353 782425 310320 445632 411300 554018 302772 763078 525836 221092 411433 366808 529185 521387 99873 176456 592937 524754 755192 612085 201208 780989 519410 284985 304375 888027 616172 466089 937052 179709 593871 701702 724602 372635 143645 461172 563999 622267 793984 916981 550176 444122 798759 375756 68520 662041 444783 434558 225921 692246 111830 329033 337116 464827 156289 437475 723932 345781 549615 843984 639570 353709 555803 599247 528114 565514 203257 894844 249262 326905 639853 627329 47254 301569 233425 970101 397517 483492 290197 195040
92459 363820 98972 277616 882459 179104 594231 324315 658852 123245 82474 231845 999999999 340906 500989 408961 261984 305457 687656 323696 116563 621540 518867 347694 253395 345056 323714 617965 646243 441687 378850 136687 359385 593481 132043 282614 633593 590408 575867 422012 102769 561606 296503 142559 264800 764932 634481 234361 827977 147567 717068 778315 648120 170603 113841 434744 370763 570881 813784 883478 654449 582941 728538 576797 290669 432305 224777 302852 237395 477714 180885 102181 222210 506394 263681 266673 520801 175686 347088 826967 422833 123056 574118 774499 332648 418424 249945 851829 384743 158307 628828 592545 205562 431132 33810 891046 241716 305518 470764 290182
248488 546521 250642 258015 681225 508187 272905 653278 832967 457508 342971 530978 340906 999999999 689238 227275 101857 138423 640836 225546 454147 288669 733366 216068 131640 70974 655851 299736 707495 688176 330008 238991 60540 598937 442766 466973 583297 587614 235163 81946 329794 279111 137569 444199 309203 460065 551177 230260 534492 487925 769134 751049 418987 170303 387861 360068 33541 399507 697243 681733 690840 683866 495032 770463 598906 250218 147028 155349 371056 185364 430029 250397 510909 497394 462625 99290 195530 185217 45429 655226 150248 288032 508012 899710 18567 136649 590339 640460 542639 204090 503230 440654 488280 564131 366131 628626 144016 54564 653859 630894
539447 146092 507043 436790 802540 553279 812832 612505 157880 431424 426900 311768 500989 689238 999999999 556521 673744 741901 449501 794194 509325 863253 65717 513165 558032 737759 597606 822818 267250 130557 414860 614281 660460 333177 385971 231792 430721 344974 867569 758220 418913 966949 733372 590672 381510 901673 479423 714685 925711 490702 321886 472851 694623 577897 387289 434089 721653 578468 625498 804102 308876 177282 749160 81484 308756 887177 661461 544775 321158 872998 320193 574124 648207 341890 244599 591043 879720 527152 723464 717331 829267 619802 434471 287699 694520 659809 504666 796878 147128 514161 537811 560137 309242 141773 516293 913526 546469 634725 35410 479356
337655 433149 313432 155572 486097 586858 256978 729308 678749 489025 362436 508212 408961 227275 556521 999999999 295605 356404 416083 442817 521119 306732 612864 63970 175506 298184 726394 269293 508687 595869 143345 377596 168907 387802 451261 376050 359382 374665 318775 253840 338675 477124 352816 546584 206928 379917 324249 419653 430768 543825 563730 527044 239550 283371 389415 148101 245104 181370 472818 486909 484141 503799 320279 632826 574044 477382 325385 113696 288855 390779 396507 363751 624702 290289 382902 187124 364780 242335 272620 445144 370419 424046 283945 716774 243818 119987 639254 450904 414352 255466 277269 217919 460964 416603 442310 482427 181348 191644 522363 664805
172092 527829 186798 271538 770099 417745 374561 560794 824946 384044 283911 474137 261984 101857 673744 295605 999999999 71679 692063 150219 368821 387938 710496 264251 140702 83116 564622 401503 730476 653682 365312 143109 151571 634520 378931 443301 633823 625129 327141 171415 277166 307210 64682 349415 310392 561894 609603 131061 635961 404758 796176 799541 509834 102162 331425 406398 121363 475966 767520 770713 720461 694687 587998 755081 539826 216660 45973 194607 353297 218347 384432 162845 412650 532930 434299 114173 259118 146594 88873 737642 165521 190176 560224 907833 86044 230012 506177 730892 531260 160465 571322 513522 435721 561205 282296 727361 145731 106346 638997 550268
222846 595822 244849 343077 819623 442866 395016 580426 894233 428652 340639 528500 305457 138423 741901 356404 71679 999999999 760029 87483 401994 398583 776769 331002 211314 78939 586282 422719 802093 716590 435328 172122 197798 705149 430611 510638 701853 695503 326478 180652 337229 256353 9091 368548 381903 585343 675456 111247 662832 439630 867653 868265 557409 164837 388339 474679 141350 533992 829192 820137 791739 766193 633234 823054 592172 145914 84089 262090 422530 176991 445390 203284 421984 603410 500520 182856 234868 215590 101937 792412 121231 209523 627686 979061 119862 275063 538175 778875 600654 227746 633602 573498 492823 631732 319903 763291 217050 164868 707386 585597
660320 436476 624500 436332 370827 829721 594586 942642 472336 699376 609200 635944 687656 640836 449501 416083 692063 760029 999999999 842210 765295 649283 513333 429186 552788 710897 932632 589114 213011 565076 330857 726362 584349 119735 645851 460994 58248 112552 697886 668404 585911 888995 754843 825437 426822 589308 100794 798661 579204 768638 219391 111273 374048 642306 602411 285675 660862 287175 176114 372459 163405 283783 388147 484261 674852 890525 709845 497976 455648 805670 559617 696948 902776 181614 482616 577952 772000 584692 686205 282415 786426 760729 132860 418231 656146 530931 832143 377213 397510 586504 178196 242978 601457 351627 718668 519968 550642 598112 434116 830897
257365 648664 287476 417315 906721 430361 473080 557411 949415 442759 376153 554956 323696 225546 794194 442817 150219 87483 842210 999999999 401464 470986 823802 414369 289975 161496 565653 500854 873950 756365 514525 188364 285221 782486 455124 562606 783965 773562 392841 258853 378302 269415 90102 351710 450449 663372 759639 90316 742282 439925 940918 949425 644360 220884 422436 556535 225431 621170 915602 907220 866410 832718 719660 874397 614227 112095 138887 344793 480831 213822 484964 227377 390936 681287 549902 264392 285514 278420 186637 879894 164688 207470 710440 1042769 207027 362160 531846 865740 657673 286430 719730 660313 524576 692826 329427 846592 293621 251195 760564 582729
206671 390113 215357 381418 986558 67342 710668 208709 663526 78084 165514 202353 116563 454147 509325 521119 368821 401994 765295 401464 999999999 737276 512389 458593 369818 451504 207364 734492 695160 423108 475740 230333 475395 662047 128730 322690 714287 661373 689289 534265 190799 656971 393493 82646 357967 881216 722467 311930 943535 38461 765580 847742 759046 284527 162894 531660 482805 676345 903363 987647 710813 621872 838948 576959 239382 513457 327469 417797 310155 578318 213306 206110 143442 584208 300690 383100 627426 292093 456435 926887 522643 195549 661107 794549 444632 534965 137364 957859 419572 274403 725248 694524 200782 470735 88056 1003524 357970 421156 484273 183639
530689 737654 525182 444165 525116 794288 55195 940097 982616 730477 606991 782425 621540 288669 863253 306732 387938 398583 649283 470986 737276 999999999 919276 355033 375695 321002 941873 63760 791523 897943 449197 527660 262290 660763 706348 674294 602113 645493 87603 219300 588467 320873 402311 732465 501095 200832 548501 506902 282788 768993 836810 756259 295977 453447 646274 441435 266810 362163 628783 524966 758591 800610 337961 939299 850740 430104 433891 348426 580960 286275 672623 537382 799526 575235 677794 356078 211900 450551 303132 536665 314584 576610 534364 1007857 302344 217379 871134 479204 720563 469681 473605 406525 736201 723120 649466 406632 389131 316122 829073 907893
566815 187178 536590 486037 868117 549701 869765 593574 156594 435988 450195 310320 518867 733366 65717 612864 710496 776769 513333 823802 512389 919276 999999999 566574 601727 778227 577769 880723 324332 97280 472883 639852 708237 397970 395730 267838 495945 410063 919954 805022 445628 1008937 768031 594894 429444 963758 545070 741217 989366 489516 373418 531639 758408 611957 407071 495266 766283 642323 689439 869682 368400 236028 813991 68997 292882 920790 694658 593462 362429 915260 341053 599611 646270 407221 276300 634350 926135 564425 765476 782753 869575 640495 500136 306482 737407 712445 489978 862592 198793 550048 603426 624928 317712 203353 530341 978864 589563 679158 93373 458640
280678 383038 254038 93441 539921 524710 308811 666417 643412 425180 298788 445632 347694 216068 513165 63970 264251 331002 429186 414369 458593 355033 566574 999999999 129846 284066 663231 324074 494306 542973 116020 327159 166112 382912 387311 320114 371084 371549 354500 262227 274879 485382 326043 486913 147839 442492 345371 380020 494615 480576 554252 538074 300612 233790 325452 144828 240931 229547 507114 540827 475522 478433 380877 591598 511975 462897 287131 69768 229450 394539 333817 309372 565629 281527 325160 150330 380901 186653 260603 492910 365761 371508 296697 693928 229704 146832 575500 506772 367931 197746 311100 259594 398382 376426 381270 545123 131998 169524 478304 600835
170085 414924 154463 133744 661534 431819 343504 577575 703304 355450 231310 411300 253395 131640 558032 175506 140702 211314 552788 289975 369818 375695 601727 129846 999999999 183211 577101 366167 592237 557643 224676 202234 117894 493907 330920 335502 494547 484437 343905 206582 213369 409107 205027 381806 179974 511581 473154 250269 575782 398435 656997 659508 410567 108059 271629 267313 164685 355281 636949 662334 580652 561053 491305 639356 479806 352317 158046 62318 239433 315121 305380 191160 457606 392256 331730 33180 325830 77726 166198 619485 273787 249392 421731 775994 136591 165471 499355 625829 411756 95814 440940 388153 366516 435258 284539 646356 13785 77684 522685 533533
254667 592948 266810 316001 747203 499016 316114 640810 885357 466878 363549 554018 345056 70974 737759 298184 83116 78939 710897 161496 451504 321002 778227 284066 183211 999999999 645246 343805 771419 726405 395961 223653 130977 666041 460217 510409 653202 655142 252283 102109 354773 231481 81628 428731 363004 506412 621886 186008 583932 487666 834351 820839 484646 181551 410620 428743 63972 469894 768006 747655 756626 743665 558924 819238 620429 179667 124850 219732 416809 139238 460398 245772 488366 564221 503515 150327 176060 215896 26380 723884 91510 268350 578038 958926 54752 203890 588865 705636 592633 232543 574175 511377 514250 618047 365287 685489 193125 115476 702587 633293
411773 515578 422645 581855 1182658 147687 916911 17605 734130 243805 365285 302772 323714 655851 597606 726394 564622 586282 932632 565653 207364 941873 577769 663231 577101 645246 999999999 941073 828098 480491 669092 421756 680907 820945 292905 472227 886242 823154 890069 734135 390020 833026 578571 217734 551294 1088570 902629 483045 1150709 182691 895465 1003212 962752 488443 348256 724055 682786 875307 1083143 1183822 852942 744806 1042012 646755 288887 675526 520518 624858 490426 762700 375416 405457 180511 756033 450299 589562 818972 499381 653440 1118573 707155 377724 841185 882246 644875 742075 100604 1156168 552025 481764 914638 889957 331755 604340 293411 1208285 565318 626197 582456 119130
529580 702402 519687 416372 464317 794291 27778 940487 936641 720970 595088 763078 617965 299736 822818 269293 401503 422719 589114 500854 734492 63760 880723 324074 366167 343805 941073 999999999 737643 865050 408036 535675 261658 605675 692683 643860 543292 590150 141982 242505 574850 376466 425219 736847 471893 162688 488461 526838 241706 764253 780661 695146 232280 454584 631447 394298 283926 302602 565098 464230 703100 751056 275460 897133 830801 471939 446742 329532 553279 331923 651877 540702 807228 523567 649234 351513 261822 443359 322640 473439 352745 585433 477264 955442 315710 201105 865474 418557 682781 461890 412442 346136 716212 681603 647662 356137 378904 316837 789255 899307
648203 312969 611248 459090 583825 752239 736584 840920 260126 620050 563789 525836 646243 707495 267250 508687 730476 802093 213011 873950 695160 791523 324332 494306 592237 771419 828098 737643 999999999 395531 378402 722634 660404 133831 566848 372552 221658 149950 822598 755846 545541 979570 795106 768146 423913 770266 282510 811815 772503 687996 70874 207703 550948 655696 540859 360622 734473 443801 382826 585456 49879 90281 582325 282549 546419 944554 735167 552409 412588 888781 482212 686378 838514 218961 394473 623385 871994 596684 750260 495424 857706 745244 266635 220080 719025 628306 729079 588966 278266 591535 359638 408579 503722 225875 671727 727088 585311 656361 263730 715213
499377 165281 472402 455155 903508 456473 851342 496313 253740 348594 380215 221092 441687 688176 130557 595869 653682 716590 565076 756365 423108 897943 97280 542973 557643 726405 480491 865050 395531 999999999 463757 569300 670152 445887 313249 225127 538997 455596 889568 763979 379898 957862 707641 505740 397735 962387 581414 670770 995610 397876 452189 598480 767088 552565 334260 495999 721624 652701 739395 905016 434641 305252 829406 166273 196677 857831 633004 558961 321407 865232 271910 529460 553411 433372 226051 589043 883354 510522 716302 821103 816708 564643 530009 403076 690014 684666 393275 893281 193966 494345 630494 641889 236400 222142 449366 998446 544640 635187 133131 361361
335588 298727 301592 107317 513610 543030 398111 675218 535488 425287 310380 411433 378850 330008 414860 143345 365312 435328 330857 514525 475740 449197 472883 116020 224676 395961 669092 408036 378402 463757 999999999 397544 282031 270517 378017 254874 272944 260333 461094 378144 285150 601398 429371 521270 118117 498939 260613 467842 536427 489490 439140 435633 315006 311581 320841 56051 356225 211068 436605 514786 360883 363994 387493 490137 471798 572782 379880 176297 186158 510380 305259 370645 600826 168584 266902 252613 496125 254533 373645 451194 480210 434846 203555 578897 342458 256626 573712 488329 275834 257815 250236 220984 365800 274043 412123 559059 221137 280488 381219 589139
76093 470605 112072 290520 863692 275370 509616 417723 771239 258646 189849 366808 136687 238991 614281 377596 143109 172122 726362 188364 230333 527660 639852 327159 202234 223653 421756 535675 722634 569300 397544 999999999 275383 648232 267079 384949 669131 642001 469951 313965 195373 428168 163467 206376 304815 692514 657425 101556 762924 267696 792152 826738 611879 94225 235040 449082 263119 556035 829010 864501 722424 670922 692391 693225 427160 295727 98814 263958 313479 348002 299162 40258 272048 551598 369978 197827 398562 143956 231977 819934 292360 49943 601098 874399 225961 347984 367170 828050 484116 139918 634973 586620 336327 524198 147990 843486 196531 220909 581704 413754
269162 521139 262951 223884 622210 533642 236538 679771 799276 468950 347373 529185 359385 60540 660460 168907 151571 197798 584349 285221 475395 262290 708237 166112 117894 130977 680907 261658 660404 670152 282031 275383 999999999 547622 447482 445820 527199 535672 226011 98565 330557 319538 196209 475189 279134 417132 493151 282608 488299 506753 720155 695014 360454 193105 388983 307012 76597 339029 637037 622751 641237 642129 437552 740979 597685 308935 193106 116003 349113 228439 422952 279044 546020 446841 444261 94220 219916 189102 104824 594945 202394 325317 451761 858026 78632 78671 608852 581947 513334 208400 443471 380402 484383 530131 387826 576016 131679 55180 625077 645871
577665 318020 540850 365874 473168 724711 605655 831667 375196 592807 512528 521387 593481 598937 333177 387802 634520 705149 119735 782486 662047 660763 397970 382912 493907 666041 820945 605675 133831 445887 270517 648232 547622 999999999 538835 348831 99517 16189 695748 639874 490725 863943 698934 726871 343446 636732 155782 729185 640919 662273 177237 185782 417501 571229 500125 241164 623442 310029 293653 474764 98032 178346 451864 374773 557472 843294 645586 446664 356735 775363 451951 615428 802386 101933 370929 522814 752570 512062 643209 386373 748633 677763 132873 353905 612137 507707 720343 472167 279040 510551 228876 274946 489190 232150 622803 602561 489110 550659 315840 716377
208195 261747 193860 298756 891382 186631 671698 300624 542339 54041 100271 99873 132043 442766 385971 451261 378931 430611 645851 455124 128730 706348 395730 387311 330920 460217 292905 692683 566848 313249 378017 267079 447482 538835 999999999 194812 597087 539217 672314 524599 117999 684639 421534 206467 261383 826966 610641 366219 881826 123465 637146 723966 680475 278825 61995 432290 475106 586862 791487 892579 583623 493146 758013 457359 161572 562549 347373 363614 197540 597262 86919 229688 272131 466525 172614 353765 632740 259421 457723 825962 543768 254375 549118 668640 438202 492158 195794 866255 290842 240084 621840 598950 78018 342075 136154 927171 317353 398443 359054 214127
309342 86081 275940 230471 743963 381182 628917 482837 387050 248519 202690 176456 282614 466973 231792 376050 443301 510638 460994 562606 322690 674294 267838 320114 335502 510409 472227 643860 372552 225127 254874 384949 445820 348831 194812 999999999 416761 350943 664441 540802 190700 741278 502035 396137 173240 750638 439987 484347 791058 317369 443101 532278 569051 346288 171286 297957 500163 460404 617528 745320 388887 302301 638945 312589 225554 655627 429749 333873 96712 647714 109700 345117 465982 288371 22370 367712 661119 296902 497966 670036 601739 395013 379931 492782 470281 459888 371629 725432 102129 283101 466855 460047 140557 149954 304188 810623 322958 413172 197959 370518
603813 400455 568229 378834 373707 779399 547083 895693 473037 650186 556128 592937 633593 583297 430721 359382 633823 701853 58248 783965 714287 602113 495945 371084 494547 653202 886242 543292 221658 538997 272944 669131 527199 99517 597087 416761 999999999 86071 647127 612412 532452 833875 696641 772462 371210 555527 61404 740644 552573 719149 245182 167820 337082 584497 551478 227430 603767 240794 203449 375300 175798 277332 361669 474258 635419 832782 651657 439782 404142 749645 511601 640205 850333 130563 437827 519720 717681 527079 628629 287180 729446 704116 75460 438022 598461 475376 786036 372937 361888 529223 140954 199054 556455 319805 665031 506149 492446 540150 411441 787270
572161 323925 535477 357718 459653 724596 590360 833603 390511 593089 509946 524754 590408 587614 344974 374665 625129 695503 112552 773562 661373 645493 410063 371549 484437 655142 823154 590150 149950 455596 260333 642001 535672 16189 539217 350943 86071 999999999 681229 627284 487745 851259 689414 724985 337504 620548 140659 721622 624816 662539 191844 187907 401313 563705 499015 228799 611686 293994 283894 461242 113099 193272 435880 388482 562506 832852 637141 436100 354415 763085 452460 609765 801019 92276 372864 512914 739322 504678 632072 373250 737066 672447 116710 370030 601067 494447 722563 457839 284959 503721 212939 258766 491485 239499 620162 587188 479994 539876 326561 719793
483531 734549 483548 435271 605844 742547 120524 886956 996124 690805 572047 755192 575867 235163 867569 318775 327141 326478 697886 392841 689289 87603 919954 354500 343905 252283 890069 141982 822598 889568 461094 469951 226011 695748 672314 664441 647127 681229 999999999 156047 556094 234780 331322 676315 492653 288250 597616 437110 370255 723047 872974 807372 364668 405319 614579 463930 207292 412851 694733 605792 793675 822380 415630 946088 823688 344528 372682 330804 568482 199744 648637 484846 739288 603787 665054 318665 124434 412948 238762 611169 232026 517283 575650 1034352 245218 207760 825474 560191 721786 432306 527184 458644 710355 730651 601287 493800 357689 274028 832617 865551
329555 617844 332575 322096 663116 586684 214743 730930 897792 539336 424693 612085 422012 81946 758220 253840 171415 180652 668404 258853 534265 219300 805022 262227 206582 102109 734135 242505 755846 763979 378144 313965 98565 639874 524599 540802 612412 627284 156047 999999999 411038 224131 183722 520304 376712 405190 573574 287670 483547 568598 814149 779629 401952 251551 469265 398722 51473 405783 704743 663437 734861 739921 471905 838926 680168 246786 217192 214437 444201 137267 509753 329153 584003 540223 537950 176428 121556 266382 84140 647632 127263 361575 537133 955705 89633 138059 670917 620055 611110 285434 516583 450106 568914 628620 446411 589178 219873 129806 722817 712164
121206 275743 92534 191959 795965 258140 553732 394379 575990 150386 25286 201208 102769 329794 418913 338675 277166 337229 585911 378302 190799 588467 445628 274879 213369 354773 390020 574850 545541 379898 285150 195373 330557 490725 117999 190700 532452 487745 556094 411038 999999999 584183 328222 240196 167856 710942 535820 296111 767759 207639 616244 675651 572979 175017 58494 341147 362792 486384 716073 797067 552399 485328 652033 497936 269139 477969 253353 246217 134791 493755 108189 155214 318773 404421 174808 237500 522935 144657 349067 736172 442391 204743 474930 682816 326988 374197 300626 767798 291578 125706 535060 503767 159613 334936 132778 818978 199720 283017 386458 327435
476488 822977 493932 536982 838671 693758 353435 825476 1111967 684846 591028 780989 561606 279111 966949 477124 307210 256353 888995 269415 656971 320873 1008937 485382 409107 231481 833026 376466 979570 957862 601398 428168 319538 863943 684639 741278 833875 851259 234780 224131 584183 999999999 265221 616723 588157 518250 792241 350250 599945 694934 1038254 1000249 589532 409314 638601 622816 248341 616686 911236 838687 958986 961033 647048 1048339 846049 169676 337640 432178 646823 93987 690877 459438 660126 764347 734830 376001 120960 447340 243580 838479 141794 462226 758946 1176993 272517 358662 791982 793295 820858 463742 730374 662299 742930 843229 576120 727291 420487 333539 931642 840555
213756 587286 235822 336213 818368 434844 397566 572857 885876 419713 331566 519410 296503 137569 733372 352816 64682 9091 754843 90102 393493 402311 768031 326043 205027 81628 578571 425219 795106 707641 429371 163467 196209 698934 421534 502035 696641 689414 331322 183722 328222 265221 999999999 360851 374379 587738 670863 105827 664839 431067 860857 862840 556357 156076 379263 469346 142658 531090 825630 818899 785123 758630 632601 814495 583098 154137 75025 256873 414215 185172 436391 194324 415099 597265 491806 177190 241804 207346 103255 790225 129402 201491 622636 971288 119021 273989 529802 777864 592339 219255 629860 570226 483742 623691 311149 764114 210381 161172 698893 577067
211726 467842 233167 420017 1024093 79477 711549 212272 745522 159432 216337 284985 142559 444199 590672 546584 349415 368548 825437 351710 82646 732465 594894 486913 381806 428731 217734 736847 768146 505740 521270 206376 475189 726871 206467 396137 772462 724985 676315 520304 240196 616723 360851 999999999 406333 889976 775637 266483 956804 112025 838880 912539 786130 282604 228226 577211 469337 712374 955463 1025090 781137 697681 866854 659187 320243 463114 304494 436816 370654 545029 286585 196146 79658 643826 374701 388251 601564 306350 438240 969418 489450 160477 714927 874854 431917 542323 183612 992780 495473 291525 771340 734846 281509 545677 109148 1026701 371789 420010 564862 236806
234820 242680 198369 57457 631387 425194 456213 557228 523810 307530 192948 304375 264800 309203 381510 206928 310392 381903 426822 450449 357967 501095 429444 147839 179974 363004 551294 471893 423913 397735 118117 304815 279134 343446 261383 173240 371210 337504 492653 376712 167856 588157 374379 406333 999999999 586136 369689 388846 632903 371379 491792 523478 421857 231888 203093 173803 341021 325486 549142 632544 419451 384298 497983 462307 368676 526848 311565 164019 81948 494235 194086 272289 485562 248183 177358 213108 498212 172779 346054 569212 453760 335254 309487 597833 316020 286937 456634 605216 234414 168527 367321 338680 257436 255333 297413 668307 169958 254671 346106 474180
679807 797138 665964 535397 363041 943331 190448 1089156 996428 860306 733037 888027 764932 460065 901673 379917 561894 585343 589308 663372 881216 200832 963758 442492 511581 506412 1088570 162688 770266 962387 498939 692514 417132 636732 826966 750638 555527 620548 288250 405190 710942 518250 587738 889976 586136 999999999 494841 688690 82025 908703 800704 683349 219346 607550 764998 468841 445986 330260 517052 362458 728749 801656 209121 969676 953958 630037 606585 465780 667768 486944 776250 694367 962509 573774 759680 501820 412669 589253 484934 399801 512640 742449 503924 990151 476643 347768 1008179 318265 771731 606815 414676 361797 840773 760502 796057 212664 523253 471795 870465 1038280
596157 434632 561853 367888 323320 788755 493792 911079 530974 662542 560342 616172 634481 551177 479423 324249 609603 675456 100794 759639 722467 548501 545070 345371 473154 621886 902629 488461 282510 581414 260613 657425 493151 155782 610641 439987 61404 140659 597616 573574 535820 792241 670863 775637 369689 494841 999999999 722517 491170 730513 306131 209885 277030 569182 560915 208482 569190 186381 181036 324868 237140 333930 300300 527740 663272 801395 631198 415103 413986 710669 527311 631232 854551 153340 459897 495676 674269 513732 596593 239692 694038 695437 61540 499412 567256 435581 803294 318349 397104 518076 80222 142379 576924 359652 666952 446882 472696 511495 457614 808479
175239 570289 208728 364276 899502 343937 499407 475956 871221 352540 291379 466089 234361 230260 714685 419653 131061 111247 798661 90316 311930 506902 741217 380020 250269 186008 483045 526838 811815 670770 467842 101556 282608 729185 366219 484347 740644 721622 437110 287670 296111 350250 105827 266483 388846 688690 722517 999999999 764281 350373 880346 902773 640183 157956 336526 515045 242922 601011 887105 900154 808251 764585 718724 794013 524497 201736 94305 311126 408319 281759 400683 141687 313565 629815 470128 232695 344845 217180 204586 864313 227158 117229 669433 971014 212781 361072 443905 860862 582191 220420 690959 636422 437156 620398 239145 858114 249857 235940 681768 494077
745481 830671 729200 585539 306930 1007003 269417 1152128 1009609 917999 790748 937052 827977 534492 925711 430768 635961 662832 579204 742282 943535 282788 989366 494615 575782 583932 1150709 241706 772503 995610 536427 762924 488299 640919 881826 791058 552573 624816 370255 483547 767759 599945 664839 956804 632903 82025 491170 764281 999999999 969398 796094 664826 231133 675510 819894 499637 522440 347295 484285 306085 728215 812485 191289 989732 1001512 711476 679950 525870 713338 568745 825866 762340 1030848 589211 801930 568951 494661 652894 561682 357839 593534 812831 510082 990553 551594 415416 1067325 265073 802593 669718 412869 370345 889936 786364 859884 137094 586714 542102 896077 1094900
239557 378687 244612 399596 1002378 64354 740908 186748 642688 69466 182744 179709 147567 487925 490702 543825 404758 439630 768638 439925 38461 768993 489516 480576 398435 487666 182691 764253 687996 397876 489490 267696 506753 662273 123465 317369 719149 662539 723047 568598 207639 694934 431067 112025 371379 908703 730513 350373 969398 999999999 757905 847431 780087 317754 170034 544999 517203 693732 911545 1003510 706196 611805 859428 555407 208757 551916 364128 443656 316551 615664 210383 241917 157529 588634 295038 413602 663704 320936 491821 940338 560050 233881 668989 777551 479026 563902 102443 974971 410386 302630 737372 709767 186401 462371 122570 1025600 386131 453053 467461 146081
718019 381477 681018 524653 583448 822199 781635 908583 282364 690197 634607 593871 717068 769134 321886 563730 796176 867653 219391 940918 765580 836810 373418 554252 656997 834351 895465 780661 70874 452189 439140 792152 720155 177237 637146 443101 245182 191844 872974 814149 616244 1038254 860857 838880 491792 800704 306131 880346 796094 757905 999999999 176923 582057 723677 611698 416050 795131 481131 372487 585082 79618 151438 604815 322979 611705 1009061 802335 614735 483023 948524 552793 756209 908977 273981 464942 687585 928380 664503 812550 495416 919349 815442 303709 199692 781324 683717 796946 594051 347695 659939 386109 442162 573081 295539 742600 739178 650618 718971 323416 781512
758278 492593 721829 538773 420057 910128 701945 1014455 457793 777987 697792 701702 778315 751049 472851 527044 799541 868265 111273 949425 847742 756259 531639 538074 659508 820839 1003212 695146 207703 598480 435633 826738 695014 185782 723966 532278 167820 187907 807372 779629 675651 1000249 862840 912539 523478 683349 209885 902773 664826 847431 176923 999999999 473727 745451 685906 393630 771577 395155 203699 421666 164046 295902 476744 489623 732661 1000351 815513 606237 542148 916894 637047 795588 988165 275355 554556 685684 883116 687043 796356 334468 897237 858731 243255 369119 766113 642199 902717 437200 454272 687477 282720 349979 671882 403586 808029 589421 656627 707428 465401 895974
576678 602826 552982 382187 262559 825298 246333 966420 780681 722206 597521 724602 648120 418987 694623 239550 509834 557409 374048 644360 759046 295977 758408 300612 410567 484646 962752 232280 550948 767088 315006 611879 360454 417501 680475 569051 337082 401313 364668 401952 572979 589532 556357 786130 421857 219346 277030 640183 231133 780087 582057 473727 999999999 518232 619708 272631 421305 116166 332818 263010 509490 584524 80860 758791 786342 648724 547218 350995 498702 525903 615706 601305 864154 358877 581813 415140 468967 481217 458622 249099 528784 659813 284797 770807 437550 282377 872829 221512 573436 494873 196879 142728 678211 555602 681591 246711 418218 404252 665173 894497
78212 431822 85266 206687 769467 340922 429638 486917 731362 288571 182189 372635 170603 170303 577897 283371 102162 164837 642306 220884 284527 453447 611957 233790 108059 181551 488443 454584 655696 552565 311581 94225 193105 571229 278825 346288 584497 563705 405319 251551 175017 409314 156076 282604 231888 607550 569182 157956 675510 317754 723677 745451 518232 999999999 229525 360794 200460 462110 738187 770276 650857 612068 598868 658865 438883 309340 83779 169745 260677 319650 282487 86873 355355 471976 335753 106739 354395 59332 179360 726155 267557 141596 514444 821914 162482 260244 420194 733886 438375 65554 543241 493384 333667 472201 196485 751823 102444 138047 543615 460649
166689 250433 144678 237617 834406 228123 610759 354509 545168 104455 47730 143645 113841 387861 387289 389415 331425 388339 602411 422436 162894 646274 407071 325452 271629 410620 348256 631447 540859 334260 320841 235040 388983 500125 61995 171286 551478 499015 614579 469265 58494 638601 379263 228226 203093 764998 560915 336526 819894 170034 611698 685906 619708 229525 999999999 375924 420731 527934 741942 835572 552942 473414 697674 463655 211114 525903 304266 302110 147465 549145 67097 195246 302325 421328 151262 295994 580332 202917 405971 770922 496945 233539 499431 661319 384616 431252 253988 808239 273011 183833 567574 541711 104553 321080 132975 866330 257938 341474 356925 275552
389344 331046 356008 160885 459114 598928 388038 730425 542346 480299 366363 461172 434744 360068 434089 148101 406398 474679 285675 556535 531660 441435 495266 144828 267313 428743 724055 394298 360622 495999 56051 449082 307012 241164 432290 297957 227430 228799 463930 398722 341147 622816 469346 577211 173803 468841 208482 515045 499637 544999 416050 393630 272631 360794 375924 999999999 383223 162490 381945 460320 336546 359731 340989 505242 519500 607721 424872 212612 237920 534295 357354 423685 656788 142263 312195 292319 512364 305290 404962 395417 508833 487860 154528 570429 374236 267933 628083 435091 303499 310060 194202 167131 416367 292409 468070 512668 265729 314348 402141 642146
