NAME : synthetic_000267
TYPE : CTSP-D
DIMENSION : 100
GROUPS : 8
RELAXATION_LEVEL : 1
EDGE_WEIGHT_TYPE : EXPLICIT
EDGE_WEIGHT_FORMAT : FULL_MATRIX
EDGE_WEIGHT_SECTION
999999999 278920 634581 117092 449834 311620 677696 146832 505054 174363 963597 815815 418770 862584 988681 634393 316069 519765 586585 760458 451633 630151 339754 679957 487276 391021 756365 91239 785344 603049 434982 290188 376806 655470 250226 655926 650045 527025 334525 323560 1075094 464307 473436 398512 760433 838146 318051 915293 614321 701484 816938 394881 71032 225172 897770 41063 948818 276938 320578 686024 114005 818484 699879 552174 319739 657682 205881 497745 430871 906728 953221 877821 656413 598597 311618 410984 142888 36009 1105061 898098 924930 823568 960766 945767 185229 801797 475272 706936 744009 451306 1094404 758423 569763 255936 796881 946963 604972 338238 679205 1101715
278920 999999999 355946 294673 618119 51640 474984 380169 245830 163740 918329 564765 238890 665096 812815 420875 268326 311182 673342 483727 532313 351325 428385 493515 582477 213227 534461 288314 577446 387571 194991 298673 447075 750816 266159 641219 657109 249826 416846 230676 976405 591407 308755 120086 754670 563161 103607 655644 662042 783513 589869 124901 251868 223839 807818 294560 891832 390384 120360 801711 337861 542034 781313 578896 109206 698716 300497 453760 625540 645348 686315 813890 571834 565876 33528 223500 281373 311051 1021254 726347 865302 817532 754571 778739 240211 556728 316159 434390 789404 592042 1014157 484017 294330 350995 775798 783538 372506 479581 608746 986473
634581 355946 999999999 640926 924360 326119 412605 729536 209290 493898 1000004 340432 376746 553711 715911 360505 522600 336153 918413 156384 793511 33932 714560 457001 845951 378515 403674 632690 466278 342125 255058 556997 717995 994040 562518 799876 834712 125001 701892 451378 980842 875175 411943 236070 903410 238788 342068 384959 876365 1012311 428959 254956 605206 517290 846823 647510 962165 697507 350319 1056556 688005 210439 1009826 789196 343658 901705 607122 630602 945896 370047 386596 886168 667022 722197 324026 365066 611438 665890 1041584 651946 935751 957200 607521 703247 553659 353926 422369 152630 984656 884297 1040059 174445 80554 658301 904730 713567 293620 785661 711953 965824
117092 294673 640926 999999999 350866 339835 611475 89538 480157 252923 850205 773113 360591 788975 904437 574960 226589 464359 471550 749410 335020 630387 222699 606735 372152 335868 696905 207895 718169 546019 479225 395315 259759 541997 153497 541565 533954 522748 217451 408975 969071 353740 403436 410958 644576 821852 365280 878026 497265 586768 758711 387586 60884 321174 791667 157192 836940 160188 373175 576083 51388 805813 585093 435599 368589 540598 318800 391086 343478 871264 923078 767468 553177 487253 322125 356970 256838 139807 996175 813820 813575 707463 889214 859079 288391 755050 403021 688701 627104 343636 985003 742293 586438 139366 682019 859053 556843 227696 572604 998907
449834 618119 924360 350866 999999999 668532 741530 305980 728095 603789 694802 950649 564865 871207 933009 730887 404365 650689 213994 997407 184381 905332 212600 714485 158153 553910 836163 536205 830742 713242 812328 739817 221328 250346 363583 419578 380857 799419 225144 759841 871985 91857 565149 719312 474629 1055342 704855 1061207 293898 304233 894877 675196 411330 670108 710707 480908 700130 229700 715296 254175 335965 1047338 303681 299846 708921 331203 654018 399019 65537 1059323 1120620 653543 532638 418412 637848 571579 591025 454076 874508 851083 684574 522925 969314 881044 633846 923752 558242 927434 386941 63258 859696 981163 887041 269648 525036 875444 745219 139867 523435 921989
311620 51640 326119 339835 668532 999999999 493946 423079 247882 171367 960524 563653 273107 682476 834260 437746 318321 333444 724768 463186 583873 325843 479987 516599 634095 249739 546058 307306 592964 404728 143894 280856 498677 802279 317798 688062 705391 231854 468468 199146 1011346 642888 342634 94163 801459 544615 59395 648864 712409 834667 598759 127360 293075 214937 845150 321828 932844 441395 77524 853338 380655 521546 832456 628753 65154 748655 299425 500273 674569 637595 674519 854571 612301 611925 50060 256905 291116 341330 1058124 749580 906161 863965 768486 802530 240661 558640 350876 419910 839225 643269 1051556 466834 258314 402140 821190 808086 383748 530364 650485 1018728
677696 474984 412605 611475 741530 493946 999999999 690768 264846 632537 596761 221360 259356 190411 340915 58635 391469 164761 646451 366584 565224 378743 542766 47891 609897 287661 94639 729088 107650 89946 548336 772571 522728 709960 464727 457908 504197 345461 532180 691844 569132 663013 208053 428156 540764 382613 548969 328495 575758 709922 154631 369125 614733 698715 436627 710946 556529 564845 566497 779701 661485 390695 707394 499838 554175 585814 771071 349944 787758 330051 395005 483498 297739 392840 449997 268811 740379 713513 629064 259417 530857 583895 284273 312921 711092 190036 209024 300441 651906 683915 627453 336092 448639 538403 528569 320251 125792 628301 340437 558318
146832 380169 729536 89538 305980 423079 690768 999999999 569401 314611 878898 859163 445093 863638 971810 657122 300289 548608 462024 838945 338285 719509 238104 682764 364853 421481 778376 230360 796395 629173 559020 436344 278262 525551 226337 570067 554667 612020 237586 468077 1012873 331297 483159 498062 665262 911238 443081 964969 503534 574552 840355 476787 130642 371645 836417 175124 869889 176144 449075 549488 42424 895319 573188 454561 445846 547462 348309 440472 284100 958544 1011123 804477 604625 525361 408898 442615 285473 148096 1034786 881636 847964 726118 964520 924830 332025 840191 481746 778073 628699 314445 1022653 831722 673545 175578 706937 923834 642415 209316 618705 1047358
505054 245830 209290 480157 728095 247882 264846 569401 999999999 409317 813583 318936 168870 445156 603203 206215 323734 136622 709995 273435 587893 183365 515934 298376 640095 174649 301903 530656 353705 176367 283498 527743 515446 785251 374237 594077 627157 95916 503291 437622 821942 672887 203869 167898 700186 342116 296146 412000 667090 803036 351955 122048 458488 462369 671775 528712 778648 506808 312466 848389 530743 327783 800550 579906 300776 692768 544328 421596 755456 402615 448210 700773 470296 515750 214203 158699 527122 540106 877099 524090 751778 756140 525321 577591 484406 311584 214415 208982 776450 684079 873359 263013 208176 469233 705158 585088 142685 591940 514533 817790
174363 163740 493898 252923 603789 171367 632537 314611 409317 999999999 1024211 728159 382956 822931 966110 580365 351172 467780 708843 634336 566962 495967 453372 646955 610820 354743 696325 140597 737006 547126 268982 164432 483326 783046 313129 728527 734157 403114 444540 156055 1105049 601675 450314 265530 839974 715945 155756 817325 718419 823777 752631 287667 192676 80635 931406 168712 1002569 398599 153614 822998 275437 692654 821871 643887 155865 759425 138554 548941 593803 806559 845116 926701 689257 659769 195202 369700 119847 194062 1144384 877918 976884 903971 914653 929324 78635 720451 455853 590944 849538 594197 1135797 638192 421349 365754 868756 933090 535039 477344 720915 1121401
963597 918329 1000004 850205 694802 960524 596761 878898 813583 1024211 999999999 780082 693189 548723 473476 642001 673134 677092 483088 961986 552055 966960 640820 549298 547530 712846 646472 1049273 591980 657939 1068719 1188468 600643 477204 721017 309320 327115 908488 641582 1145628 212677 609043 628218 937275 221336 966854 1019381 859655 401761 432012 666719 868795 894149 1104626 172659 1004655 44896 703195 1037130 526257 878208 980084 430884 426263 1025153 363683 1142221 475462 760300 868844 930881 113863 349922 366697 910603 709847 1088026 989863 188079 451124 66800 173993 594154 433925 1093177 747121 618401 897170 327738 638346 171767 930535 1020158 712481 173737 420321 706838 688438 310089 279709
815815 564765 340432 773113 950649 563653 221360 859163 318936 728159 780082 999999999 414693 249116 399706 219866 572811 312552 866949 218800 779604 311161 744703 263088 826208 437682 138684 848155 188102 238774 561233 838986 729554 931210 640784 677430 724591 346497 733218 742069 704966 876323 390403 475396 754459 192614 606175 110566 797115 931146 116454 440542 762355 778512 609675 842639 736795 757231 620781 1000862 824491 212839 928621 720611 610116 806811 862291 567740 992460 109592 173843 671193 514894 614010 532964 416548 846036 851544 772143 357078 713310 792666 275600 400867 802650 33499 395690 188064 870931 895459 774542 186387 408418 725907 737096 413552 216938 829347 555674 674980
418770 238890 376746 360591 564865 273107 259356 445093 168870 382956 693189 414693 999999999 446923 584057 216263 164029 103768 541669 432636 419254 352066 352296 266421 471363 28709 338563 470505 366908 186016 376156 534605 348603 617374 227066 442275 470071 255679 339810 468946 738473 505707 69899 245108 552920 491782 332471 522011 502186 636907 399835 176973 357447 455357 572247 451613 663355 351259 350625 679877 411748 482664 634447 414713 338211 530279 520168 260530 596725 516630 572432 584763 343304 363439 223366 16660 484708 454679 785057 495276 636492 612475 543348 546431 461292 395107 77780 362627 616449 518179 778609 416497 362404 316545 565074 550135 197757 431940 383905 747594
862584 665096 553711 788975 871207 682476 190411 863638 445156 822931 548723 249116 446923 999999999 162645 244791 563760 355152 738721 460891 687659 520550 689852 182818 724791 475544 151048 917428 91810 277955 726232 962087 663038 789954 637878 516836 567748 513986 680844 879167 456262 785170 389203 612167 567149 441643 736314 312641 655327 777283 133798 556368 797545 888906 376064 897103 504175 722448 753554 859950 837582 461609 774898 595206 741377 652908 961455 472827 924417 323081 383213 446936 356810 473548 639529 457501 930156 898120 523997 108084 483003 592403 101254 153095 901496 220141 387863 413048 699026 809805 527048 427690 605657 701259 538494 165181 302531 774052 386109 426242
988681 812815 715911 904437 933009 834260 340915 971810 603203 966110 473476 399706 584057 162645 999999999 398604 678123 501823 771326 616859 749410 682885 774313 319495 778089 612653 313685 1050731 253289 430809 885864 1111353 742166 809450 750990 536906 586837 675448 767161 1032585 330930 842652 519856 768613 554899 588737 889761 439794 681508 786334 290369 710012 920743 1035568 311391 1025391 429248 816303 907342 876854 950391 611590 784184 638832 894997 668593 1103943 548918 991660 453174 504947 393261 400372 516104 789324 596620 1068308 1023366 400874 90693 414436 562639 137720 52412 1044679 374386 516256 573169 694762 869903 407681 583839 768270 801236 514907 60990 460753 854390 413558 286252
634393 420875 360505 574960 730887 437746 58635 657122 206215 580365 642001 219866 216263 244791 398604 999999999 361641 115137 652378 329843 560166 326894 526093 97182 607375 243473 122313 681605 156692 33307 489708 717331 509931 719477 432994 479353 522928 287757 514828 634949 624419 656607 176031 370052 569792 356987 492043 330376 587504 723775 183827 312055 573710 644702 486338 666200 603059 541982 509438 788321 625714 360819 721232 507379 497180 601654 718884 350700 773475 329019 391716 528210 325879 409117 394825 223416 690386 670367 683096 317964 576913 616836 334290 371470 658708 193168 179685 260070 673016 675599 680889 301483 392534 512710 562154 378876 68652 611142 370263 615487
316069 268326 522600 226589 404365 318321 391469 300289 323734 351172 673134 572811 164029 563760 678123 361641 999999999 260774 412285 594218 276492 502053 192503 382490 328780 149954 481029 390221 496369 336194 454282 515551 196393 489990 74119 379871 391048 397711 179831 480642 764484 352843 185690 338172 492666 655459 371399 681816 394176 518856 543013 282463 245822 431697 588127 355290 652297 187262 387296 546081 274067 645544 516572 310570 376846 430410 471767 197770 433360 677353 734674 577301 344968 308947 273843 168546 421406 349106 799082 587462 626906 556379 664465 633296 420627 550594 183025 525341 521078 361786 789587 579461 492563 153440 518766 633678 357371 268915 372757 787777
519765 311182 336153 464359 650689 333444 164761 548608 136622 467780 677092 312552 103768 355152 501823 115137 260774 999999999 601405 357503 491937 306049 439983 183186 542380 129595 236627 566547 270256 83285 405692 609556 430216 673855 328263 464061 500349 232175 427935 532486 692631 584162 87156 277729 567368 406757 390330 421102 549037 686337 297264 213120 460109 534564 537718 551205 642498 446738 408241 739933 515505 401917 683810 463437 395753 570810 606310 302308 687425 416587 474433 564461 334141 386901 287614 109019 576144 555761 745490 416246 615594 621910 447977 469111 546344 291865 95830 284940 651104 599771 741040 336438 344394 414174 570178 474655 96643 522836 378610 693048
586585 673342 918413 471550 213994 724768 646451 462024 709995 708843 483088 866949 541669 738721 771326 652378 412285 601405 999999999 958818 142700 893356 255474 609514 99399 541623 737646 677769 717476 643695 864709 863535 228187 77736 409228 235234 187480 796396 264603 859433 668406 138086 515467 750393 265635 1003081 772896 974946 91708 115372 790188 692729 529847 784922 516694 624303 491400 312801 786961 138697 478045 1001336 113621 146852 777923 120514 790348 302604 278908 976225 1040781 451712 382426 265204 683544 553609 728270 601530 665746 697649 477853 309997 830107 718955 757163 836343 506017 886136 175117 164263 650489 936713 898855 343180 317005 711184 685264 252728 359456 722513
760458 483727 156384 749410 997407 463186 366584 838945 273435 634336 961986 218800 432636 460891 616859 329843 594218 357503 958818 999999999 847407 141710 784808 414468 898536 444280 323073 769613 384681 325696 410034 710149 780645 1030743 647522 806116 847387 233906 772278 605408 910881 937084 444099 369215 899409 83310 488295 235889 903790 1041199 327602 366235 722018 665584 797670 778230 920824 779313 498540 1097257 799111 58401 1038661 819398 490608 922627 754820 658295 1027361 220106 230572 849281 655657 732854 450311 425976 753719 793790 975983 566871 895644 946603 494354 613984 699208 242476 453198 72794 998419 950506 976822 33205 236627 742188 891799 625974 278472 863128 700102 886172
451633 532313 793511 335020 184381 583873 565224 338285 587893 566962 552055 779604 419254 687659 749410 560166 276492 491937 142700 847407 999999999 770466 114130 535226 52526 415016 659496 542767 650237 545925 724923 723211 85663 219189 267116 252741 225100 669625 122424 716894 710025 98242 404791 613847 332710 898548 631006 889762 165303 256924 716785 558911 391505 643729 541306 490662 549312 174836 644840 270373 347782 893676 254982 128797 635971 209229 652855 217346 242407 889042 951853 492891 349181 237496 543852 429337 591532 469667 720930 666879 530262 391057 785305 697608 617313 751215 396492 775535 292765 122192 707259 827938 768148 202015 378319 692344 582472 136642 342876 754906
630151 351325 33932 630387 905332 325843 378743 719509 183365 495967 966960 311161 352066 520550 682885 326894 502053 306049 893356 141710 770466 999999999 694470 423262 822790 355730 370276 633145 432767 309021 269406 568498 696384 968531 545214 770101 805718 108228 681793 463989 946913 853794 383841 233103 872760 225006 347477 361753 849320 985681 396738 242824 597320 524414 813232 645119 928939 679923 357238 1031754 678421 198844 983186 762365 349597 873836 613864 602994 928776 347338 368502 853108 635343 692747 318543 341197 614722 662342 1007688 618325 902567 926013 575826 669740 558889 323183 394165 124928 956019 863779 1006193 154296 99831 641089 873288 679988 260298 767317 680321 931952
339754 428385 714560 222699 212600 479987 542766 238104 515934 453372 640820 744703 352296 689852 774313 526093 192503 439983 255474 784808 114130 694470 999999999 521152 158100 341510 636942 430557 638681 506087 622904 609085 40194 330271 162751 332243 317075 589572 12677 604387 780222 164334 355739 518848 427898 843218 524115 855144 274569 370466 697365 469433 277919 529747 605445 379465 632431 63874 537130 375186 240685 834867 368585 217120 528866 317957 539309 225619 247930 852399 912538 568604 384982 292490 443137 359010 478350 359828 799011 686943 610947 489503 790463 724305 503200 719201 349556 714903 404566 169997 786480 768691 681241 87915 468898 721145 535462 85539 391695 818460
679957 493515 457001 606735 714485 516599 47891 682764 298376 646955 549298 263088 266421 182818 319495 97182 382490 183186 609514 414468 535226 423262 521152 999999999 578041 295130 128381 736323 117539 122481 580592 792159 498372 670974 456547 414358 461583 383723 511169 715572 527412 633414 206521 456802 494515 429656 573206 367368 536069 668878 181969 394713 614732 716076 390470 714783 509332 547987 591038 741007 655716 438270 666362 462662 578581 544186 785042 318180 763139 370184 435572 435908 252489 351872 470702 278134 751059 715435 585915 233082 483539 536726 282494 285932 725570 230660 205045 348080 607993 655500 583750 383976 489562 524130 481326 291649 165732 606510 294432 519879
487276 582477 845951 372152 158153 634095 609897 364853 640095 610820 547530 826208 471363 724791 778089 607375 328780 542380 99399 898536 52526 822790 158100 578041 999999999 467441 703708 578481 691655 594281 775719 764524 135507 172277 316572 261993 225731 722120 168112 762429 716873 66314 455235 665747 326208 948652 680247 936048 147722 214673 759974 611238 430538 686323 553269 525158 549073 213653 693741 219289 379330 944281 212968 141790 685127 190093 690951 260120 221703 935766 999024 498441 378357 262131 594804 481617 628878 502655 722713 697956 531967 380123 820967 725903 658043 797274 446708 826501 264878 95624 708372 878670 820637 245107 374873 719827 631898 155945 366475 765323
391021 213227 378515 335868 553910 249739 287661 421481 174649 354743 712846 437682 28709 475544 612653 243473 149954 129595 541623 444280 415016 355730 341510 295130 467441 999999999 365645 441896 395128 212607 359092 507431 340973 618111 207596 454508 479796 255093 328891 443786 763238 498439 96349 229298 566293 506533 309115 543927 506730 639922 426648 162503 330552 427709 595593 423477 684021 335762 327191 679126 387177 495911 637493 419340 314882 536616 491740 269637 583151 538000 592536 605568 363472 376015 199725 21135 456015 426971 808777 523772 657243 626796 571777 574812 432987 419183 103130 375699 624084 509430 802011 429909 358058 299699 580630 578402 221041 418851 402913 773568
756365 534461 403674 696905 836163 546058 94639 778376 301903 696325 646472 138684 338563 151048 313685 122313 481029 236627 737646 323073 659496 370276 636942 128381 703708 365645 999999999 801839 63102 153353 578919 826912 617297 799354 553353 540907 588850 364573 626239 739299 588292 757389 295623 469795 615919 320386 597204 239358 664411 796856 62015 418732 696002 757369 478264 787750 603918 657606 613879 869388 747526 334519 794346 590810 602003 671967 834448 443602 882296 242885 308403 535996 377480 480041 506364 345426 808624 792356 652979 249041 579696 654036 223421 299690 774132 105296 298026 267818 733813 778456 653749 290249 454614 630123 598462 310291 162416 722455 417582 566483
91239 288314 632690 207895 536205 307306 729088 230360 530656 140597 1049273 848155 470505 917428 1050731 681605 390221 566547 677769 769613 542767 633145 430557 736323 578481 441896 801839 999999999 836142 649120 408544 209565 467178 746344 330326 742913 738810 536433 425018 263427 1154079 554564 531232 400608 848838 850194 296352 942425 705096 792606 860811 412418 155815 159590 977205 55309 1033092 367997 293668 775811 202701 828014 791013 641626 296397 748352 118001 579302 512737 932581 974553 960855 734521 683135 321732 460298 55676 82678 1186456 960667 1008766 912230 1013360 1009897 113582 837328 534501 722511 834997 540732 1176266 771509 561365 345830 884181 1012016 644666 428745 759742 1177972
785344 577446 466278 718169 830742 592964 107650 796395 353705 737006 591980 188102 366908 91810 253289 156692 496369 270256 717476 384681 650237 432767 638681 117539 691655 395128 63102 836142 999999999 189984 634432 873213 615611 775307 570088 509594 559066 422384 628708 788807 526210 748478 314863 521030 576355 377036 646073 276059 639786 768865 78435 466327 722288 801232 421826 818520 548736 665098 663171 845603 767903 393140 766392 571059 651068 643534 875540 432891 880169 282599 347322 483333 345203 454828 550980 376056 846389 821163 591454 185992 525207 610388 177765 236974 815380 155209 315188 330769 699867 771188 592623 351676 515540 640533 555026 247371 211254 724020 382048 503496
603049 387571 342125 546019 713242 404728 89946 629173 176367 547126 657939 238774 186016 277955 430809 33307 336194 83285 643695 325696 545925 309021 506087 122481 594281 212607 153353 649120 189984 999999999 459463 684133 491927 712583 406354 480425 522132 261587 494535 602206 649008 641313 151893 338266 575014 360353 459304 349093 582340 719336 214052 279365 543149 611400 506158 634417 620063 518956 476767 780744 596981 361307 716792 500244 464475 598788 685634 341108 753946 346392 407397 544087 332388 407687 361595 192210 657407 639045 706322 349057 593630 624368 367530 402534 625446 214746 156927 254021 672999 659269 703540 299316 368873 488476 570310 409551 49524 590607 377287 642360
434982 194991 255058 479225 812328 143894 548336 559020 283498 268982 1068719 561233 376156 726232 885864 489708 454282 405692 864709 410034 724923 269406 622904 580592 775719 359092 578919 408544 634432 459463 999999999 302781 640213 942395 460304 811754 833424 217096 611220 196603 1098258 786264 440648 131469 924340 493139 117042 627259 847559 972985 622275 199946 428397 271842 940289 436357 1037750 585262 115510 994994 516819 465361 970720 762314 115251 882119 361104 624628 817336 613621 637841 959095 718856 733858 181172 359562 376382 459953 1150206 807569 1010806 985443 800809 861066 313250 564793 450359 388000 972019 787029 1145206 423552 174733 545950 939708 868584 425209 674257 759985 1097980
290188 298673 556997 395315 739817 280856 772571 436344 527743 164432 1188468 838986 534605 962087 1111353 717331 515551 609556 863535 710149 723211 568498 609085 792159 764524 507431 826912 209565 873213 684133 302781 999999999 641349 935904 476156 892751 897539 495636 601192 106604 1265550 749055 603780 363752 1003934 793458 232912 917103 878498 978880 879362 408207 335081 83855 1093083 262909 1166449 550881 218282 971398 403858 766539 977080 806006 228878 920163 97808 713310 720286 904584 934488 1090289 851770 824201 322596 520020 154245 291331 1306406 1025021 1140658 1067944 1049193 1077388 106925 836339 610279 680441 1009716 738354 1298140 720919 477145 521206 1033114 1082102 664577 622959 884306 1279628
376806 447075 717995 259759 221328 498677 522728 278262 515446 483326 600643 729554 348603 663038 742166 509931 196393 430216 228187 780645 85663 696384 40194 498372 135507 340973 617297 467178 615611 491927 640213 641349 999999999 304852 181515 292056 277284 593356 42409 632090 740864 157466 344171 531166 388163 836069 545411 840120 238523 341704 676895 478216 313182 560934 566520 416903 592272 103261 559193 354793 280027 829156 339693 177507 550360 281399 574180 193532 265071 838090 899295 528707 349360 253594 459327 356997 513866 398009 759090 655690 570849 450031 763098 691674 536167 702976 337074 709755 369349 169971 746496 763054 688896 121727 428825 688065 524177 112299 354087 779806
655470 750816 994040 541997 250346 802279 709960 525551 785251 783046 477204 931210 617374 789954 809450 719477 489990 673855 77736 1030743 219189 968531 330271 670974 172277 618111 799354 746344 775307 712583 942395 935904 304852 999999999 486235 274977 224004 872556 339978 934656 675036 194487 588674 828064 273698 1072760 850068 1037976 135530 54052 849780 770155 601237 858251 536411 692186 492440 385232 863992 70307 544827 1072022 53725 212343 855061 140865 860426 372651 310541 1039983 1104956 464322 433612 320495 761225 629645 797918 668413 664283 740704 482781 304089 877856 757469 829223 899960 579002 957971 150380 214872 648324 1007883 975711 417375 324434 748643 755440 318008 404955 733526
250226 266159 562518 153497 363583 317798 464727 226337 374237 313129 721017 640784 227066 637878 750990 432994 74119 328263 409228 647522 267116 545214 162751 456547 316572 207596 553353 330326 570088 406354 460304 476156 181515 486235 999999999 418459 421390 438009 150941 455488 825073 326786 257735 357388 528387 712855 363897 748810 407729 521493 615368 311637 179199 393186 647847 290598 703436 135016 377762 535677 200118 700865 519392 330973 368855 447698 421765 248976 383576 743633 799400 630643 406187 354322 280391 228069 367036 281515 856246 660396 678855 592381 738581 705586 375394 619775 255818 580920 538297 329939 845970 635244 523460 95876 559665 705605 424163 223925 429709 851574
655926 641219 799876 541565 419578 688062 457908 570067 594077 728527 309320 677430 442275 516836 536906 479353 379871 464061 235234 806116 252741 770101 332243 414358 261993 454508 540907 742913 509594 480425 811754 892751 292056 274977 418459 999999999 51081 688921 332534 860284 457352 328095 390748 683506 113451 836060 744690 780027 144632 260673 586357 616998 587245 809133 291276 696929 300370 394114 761576 344251 568891 840053 258260 123995 750344 136098 839938 187849 483667 783778 849285 240281 164411 78889 639716 457997 783789 681350 469370 465949 279579 176669 603105 484631 793655 644847 380145 734225 194094 357586 456159 779439 799874 403339 141411 476496 528077 385960 130741 503705
650045 657109 834712 533954 380857 705391 504197 554667 627157 734157 327115 724591 470071 567748 586837 522928 391048 500349 187480 847387 225100 805718 317075 461583 225731 479796 588850 738810 559066 522132 833424 897539 277284 224004 421390 51081 999999999 720973 319270 870947 491386 290602 423291 707161 110904 879915 760699 828166 95883 210181 635428 641915 583085 814444 331655 690764 324736 380544 777119 293182 557203 882934 207742 100111 766264 85181 839974 210159 445823 831569 897030 272891 214002 114540 658092 485214 782124 673455 497541 516755 306666 173528 654184 534648 796198 692242 412759 775110 151174 320298 483461 821447 830858 394614 153475 526264 568931 361335 181725 541341
527025 249826 125001 522748 799419 231854 345461 612020 95916 403114 908488 346497 255679 513986 675448 287757 397711 232175 796396 233906 669625 108228 589572 383723 722120 255093 364573 536433 422384 261587 217096 495636 593356 872556 438009 688921 720973 999999999 576905 396295 910566 750413 298206 137879 795689 313766 264798 421623 757616 892583 405634 135287 491184 441487 764253 544329 873043 572921 277832 934131 571164 292209 890121 670185 268097 784725 528987 513773 821547 409395 443290 795413 566135 610384 216405 242926 522930 560092 967348 601183 846226 851921 584859 654355 471414 348261 308803 188247 869513 759342 964172 235257 112279 533860 801046 662917 219670 660846 610420 903213
334525 416846 701892 217451 225144 468468 532180 237586 503291 444540 641582 733218 339810 680844 767161 514828 179831 427935 264603 772278 122424 681793 12677 511169 168112 328891 626239 425018 628708 494535 611220 601192 42409 339978 150941 332534 319270 576905 999999999 594871 778086 176577 343942 506585 430173 830863 513054 843621 280278 379279 686805 456916 271441 521398 602783 374556 632318 61615 526220 386004 237934 822417 377356 219690 517843 323372 532677 219052 259698 840777 900770 567534 379813 290048 431258 346440 472086 355600 797947 679452 610506 492226 781587 717379 495596 707882 337880 702431 410797 182618 785595 756243 668692 80263 470283 714424 523540 96355 387890 815427
323560 230676 451378 408975 759841 199146 691844 468077 437622 156055 1145628 742069 468946 879167 1032585 634949 480642 532486 859433 605408 716894 463989 604387 715572 762429 443786 739299 263427 788807 602206 196603 106604 632090 934656 455488 860284 870947 396295 594871 999999999 1207023 756156 538838 270219 973267 688679 142907 816342 863216 973716 789200 322897 348687 103952 1038369 307971 1120407 551998 125635 976696 430094 661363 971730 785132 137793 902945 180207 675183 749225 803413 831271 1042830 801245 787550 246880 453211 215931 336023 1251852 948442 1094040 1036905 962608 1001476 150607 741393 546504 578344 993663 749485 1244654 617231 371252 517611 998001 1007139 578051 632575 837069 1216315
1075094 976405 980842 969071 871985 1011346 569132 1012873 821942 1105049 212677 704966 738473 456262 330930 624419 764484 692631 668406 910881 710025 946913 780222 527412 716873 763238 588292 1154079 526210 649008 1098258 1265550 740864 675036 825073 457352 491386 910566 778086 1207023 999999999 781987 668748 969109 403806 897577 1070600 762920 580009 634154 588730 902309 1004087 1183118 177434 1115634 184902 838064 1088781 729690 1004649 916550 632745 581344 1076310 548214 1233806 578117 937116 774998 830826 218496 419594 488067 961783 754515 1185625 1105238 69943 348193 192256 373271 467288 309698 1179617 674878 660730 855311 529682 811683 78028 877848 1016946 838713 352263 295901 693063 841644 396476 68946
464307 591407 875175 353740 91857 642888 663013 331297 672887 601675 609043 876323 505707 785170 842652 656607 352843 584162 138086 937084 98242 853794 164334 633414 66314 498439 757389 554564 748478 641313 786264 749055 157466 194487 326786 328095 290602 750413 176577 756156 781987 999999999 497307 683159 387909 990832 685079 986641 207322 244867 814892 632961 414158 673906 619343 499913 612320 205075 697341 222344 352146 984809 243701 207997 689638 247286 670050 315588 155606 985621 1048055 563493 442443 327250 607092 514371 607169 475425 786381 761605 595908 439226 882333 790568 642131 848292 489510 865821 312892 29698 771826 918816 844438 242310 437518 784732 676391 126265 432027 831098
473436 308755 411943 403436 565149 342634 208053 483159 203869 450314 628218 390403 69899 389203 519856 176031 185690 87156 515467 444099 404791 383841 355739 206521 455235 96349 295623 531232 314863 151893 440648 603780 344171 588674 257735 390748 423291 298206 343942 538838 668748 497307 999999999 309179 498425 493824 401940 500446 466070 602960 357637 240709 408525 523938 503398 508390 597149 367064 420113 654119 453445 489048 600447 379608 407665 489995 586592 219312 603633 497138 556828 518493 278625 312179 293036 85769 548733 508929 715864 430221 570217 556004 487985 480525 528287 366605 10604 371705 572789 513342 709636 423499 409209 336903 506658 483631 180073 439644 320745 677718
398512 120086 236070 410958 719312 94163 428156 498062 167898 265530 937275 475396 245108 612167 768613 370052 338172 277729 750393 369215 613847 233103 518848 456802 665747 229298 469795 400608 521030 338266 131469 363752 531166 828064 357388 683506 707161 137879 506585 270219 969109 683159 309179 999999999 795542 450480 130842 557096 726676 855507 519001 68481 371160 304936 809539 412170 906293 489620 146028 883985 455985 427600 853171 640293 134945 759494 391597 497389 732485 545431 580995 827637 587439 605177 89249 228579 385258 429977 1020085 687238 879352 856085 693215 740680 333665 472684 318895 326095 848547 687296 1014823 372683 175515 449671 809614 747410 309777 579497 628716 970761
760433 754670 903410 644576 474629 801459 540764 665262 700186 839974 221336 754459 552920 567149 554899 569792 492666 567368 265635 899409 332710 872760 427898 494515 326208 566293 615919 848838 576355 575014 924340 1003934 388163 273698 528387 113451 110904 795689 430173 973267 403806 387909 498425 795542 999999999 923085 858138 851796 180864 238773 654695 728615 693039 920495 264519 801224 225941 491424 875027 333807 668106 929569 236954 210799 863793 145122 948683 301193 540166 857223 922537 190624 244038 190482 753032 568892 891443 784171 400401 497718 212381 64012 642556 504647 903756 721180 487842 828632 140436 417306 385342 871268 907329 505290 51556 494105 623878 469352 200377 460415
838146 563161 238788 821852 1055342 544615 382613 911238 342116 715945 966854 192614 491782 441643 588737 356987 655459 406757 1003081 83310 898548 225006 843218 429656 948652 506533 320386 850194 377036 360353 493139 793458 836069 1072760 712855 836060 879915 313766 830863 688679 897577 990832 493824 450480 923085 999999999 571111 172225 942649 1079528 308928 443267 797208 748518 798251 857206 924273 842207 581577 1140631 872145 31237 1076984 860460 573510 958253 837623 700614 1088507 155853 151935 856105 679403 766025 529649 487091 835533 871950 964674 549659 900080 966381 458484 592778 781699 223241 502059 133177 1029901 1005941 966930 79865 319281 806174 910979 605648 317881 923707 722709 867070
318051 103607 342068 365280 704855 59395 548969 443081 296146 155756 1019381 606175 332471 736314 889761 492043 371399 390330 772896 488295 631006 347477 524115 573206 680247 309115 597204 296352 646073 459304 117042 232912 545411 850068 363897 744690 760699 264798 513054 142907 1070600 685079 401940 130842 858138 571111 999999999 686228 764435 884179 648097 179994 312644 177558 904544 320693 991952 481232 18186 898997 401058 546085 882017 681862 5778 801570 266527 557113 706266 674152 707100 913727 671457 669096 109395 316239 270053 343622 1117507 805900 965293 920909 820342 859015 211670 603461 410230 451980 892340 683547 1110950 495568 267078 442903 878781 864848 435559 568712 709409 1077585
915293 655644 384959 878026 1061207 648864 328495 964969 412000 817325 859655 110566 522011 312641 439794 330376 681816 421102 974946 235889 889762 361753 855144 367368 936048 543927 239358 942425 276059 349093 627259 917103 840120 1037976 748810 780027 828166 421623 843621 816342 762920 986641 500446 557096 851796 172225 686228 999999999 903312 1036171 197671 530753 864444 862030 687256 940300 815419 866928 699454 1107867 929404 202107 1033659 828314 689641 911321 948215 677051 1102946 16373 71564 754542 616201 719237 622887 522850 936528 950722 831969 417832 793388 886438 303520 453278 889475 138884 505931 239286 972480 1005924 836253 211277 461542 835125 831085 467024 324712 939697 655344 724861
614321 662042 876365 497265 293898 712409 575758 503534 667090 718419 401761 797115 502186 655327 681508 587504 394176 549037 91708 903790 165303 849320 274569 536069 147722 506730 664411 705096 639786 582340 847559 878498 238523 135530 407729 144632 95883 757616 280278 863216 580009 207322 466070 726676 180864 942649 764435 903312 999999999 137423 714386 664874 551661 797171 425477 653944 406240 337705 779757 205835 512639 943151 134887 87483 769763 43929 812697 246912 359422 905593 970709 362282 298620 185004 667847 515802 752336 633767 580648 609564 391042 232551 744512 629212 773977 765606 455977 831022 131219 236585 565802 879798 864205 360234 231141 621125 626602 298735 271915 632675
701484 783513 1012311 586768 304233 834667 709922 574552 803036 823777 432012 931146 636907 777283 786334 723775 518856 686337 115372 1041199 256924 985681 370466 668878 214673 639922 796856 792606 768865 719336 972985 978880 341704 54052 521493 260673 210181 892583 379279 973716 634154 244867 602960 855507 238773 1079528 884179 1036171 137423 999999999 844809 795573 645196 900124 503291 738904 450103 428173 898645 95731 592154 1080343 2545 223392 889306 125333 905563 384080 364592 1039020 1104338 427994 424089 317142 792101 650032 843393 715752 619882 721586 442345 261078 861839 734883 872531 899239 592942 968435 104647 266825 603699 1017121 997954 458294 287655 725350 763880 365820 391237 694504
816938 589869 428959 758711 894877 598759 154631 840355 351955 752631 666719 116454 399835 133798 290369 183827 543013 297264 790188 327602 716785 396738 697365 181969 759974 426648 62015 860811 78435 214052 622275 879362 676895 849780 615368 586357 635428 405634 686805 789200 588730 814892 357637 519001 654695 308928 648097 197671 714386 844809 999999999 471509 757166 811678 495362 847845 623023 719032 664333 920012 809387 328076 842321 643415 652706 719539 890312 500004 941966 204535 269015 559425 421977 529418 560849 406253 866194 852943 655748 241246 600074 688770 180288 286668 829997 86393 359998 283144 777424 836542 658092 294437 487223 691860 633428 298937 217611 782904 459682 560020
394881 124901 254956 387586 675196 127360 369125 476787 122048 287667 868795 440542 176973 556368 710012 312055 282463 213120 692729 366235 558911 242824 469433 394713 611238 162503 418732 412418 466327 279365 199946 408207 478216 770155 311637 616998 641915 135287 456916 322897 902309 632961 240709 68481 728615 443267 179994 530753 664874 795573 471509 999999999 356302 340751 741655 414868 837842 446307 197402 827974 435880 423986 793199 577962 185126 696509 422280 431818 693274 520522 562302 759185 518969 538451 92479 160532 406124 428807 952611 626789 810903 788792 641338 680049 362377 433632 250414 312386 784895 639209 947169 363547 212000 406621 741889 686227 256493 535556 560320 905250
71032 251868 605206 60884 411330 293075 614733 130642 458488 192676 894149 762355 357447 797545 920743 573710 245822 460109 529847 722018 391505 597320 277919 614732 430538 330552 696002 155815 722288 543149 428397 335081 313182 601237 179199 587245 583085 491184 271441 348687 1004087 414158 408525 371160 693039 797208 312644 864444 551661 645196 757166 356302 999999999 260313 826777 111634 878758 217209 319106 636462 88438 779359 643467 486246 315519 594572 261396 426895 401806 856680 905731 807365 585383 528559 281972 351119 200684 103296 1034293 830082 854716 756464 896502 877205 228201 746580 409692 664634 682229 404445 1023716 717353 546147 191459 728456 878122 548574 288302 608275 1030724
225172 223839 517290 321174 670108 214937 698715 371645 462369 80635 1104626 778512 455357 888906 1035568 644702 431697 534564 784922 665584 643729 524414 529747 716076 686323 427709 757369 159590 801232 611400 271842 83855 560934 858251 393186 809133 814444 441487 521398 103952 1183118 673906 523938 304936 920495 748518 177558 862030 797171 900124 811678 340751 260313 999999999 1010153 205813 1082706 473054 167220 895989 335826 723208 898270 723596 175013 838504 89914 629455 655097 850302 884407 1006640 768490 740378 251013 441261 112707 234220 1223356 948342 1056948 984498 978209 1000318 46800 773518 530060 629225 928369 664739 1214962 673126 439929 441855 949390 1004613 595052 548410 800715 1198162
897770 807818 846823 791667 710707 845150 436627 836417 671775 931406 172659 609675 572247 376064 311391 486338 588127 537718 516694 797670 541306 813232 605445 390470 553269 595593 478264 977205 421826 506158 940289 1093083 566520 536411 647847 291276 331655 764253 602783 1038369 177434 619343 503398 809539 264519 798251 904544 687256 425477 503291 495362 741655 826777 1010153 999999999 938353 128185 662217 922663 598188 827531 812740 501467 413864 910299 400051 1058576 400685 774933 696636 758402 82654 243233 312967 795221 588643 1009505 927825 213577 279641 107425 257552 424483 267285 1005120 576998 494665 735215 403240 648856 206419 765631 874074 661850 216996 254336 553560 669898 219062 213880
41063 294560 647510 157192 480908 321828 710946 175124 528712 168712 1004655 842639 451613 897103 1025391 666200 355290 551205 624303 778230 490662 645119 379465 714783 525158 423477 787750 55309 818520 634417 436357 262909 416903 692186 290598 696929 690764 544329 374556 307971 1115634 499913 508390 412170 801224 857206 320693 940300 653944 738904 847845 414868 111634 205813 938353 999999999 989864 316291 320894 720881 147805 836500 737346 592696 321660 697412 173186 538526 457996 931245 976065 918798 696738 639641 327927 442979 110412 28638 1145907 934910 965958 864293 994649 983029 162114 829762 510674 727189 783287 485721 1135296 777777 579723 296412 837845 984472 634121 374332 719902 1141814
