NAME : synthetic_000857
TYPE : CTSP-D
DIMENSION : 100
GROUPS : 8
RELAXATION_LEVEL : 1
EDGE_WEIGHT_TYPE : EXPLICIT
EDGE_WEIGHT_FORMAT : FULL_MATRIX
EDGE_WEIGHT_SECTION
999999999 613530 846278 691922 180909 782213 829819 497969 611121 480570 580370 261916 794272 348520 705507 535877 362280 462570 302820 241294 470894 871818 212017 152380 529417 567871 624376 162210 674815 377232 298830 551659 575054 246644 226046 533129 303048 726025 680275 496088 785319 126851 231240 386441 284430 346877 361793 52508 411592 534886 232782 641532 523296 330360 459823 705350 276418 436613 717233 349996 127306 566711 147091 759778 588201 163254 370057 387498 587796 516870 307339 574547 399370 673084 347026 218401 471262 371936 792082 589248 207626 459069 744879 191589 653346 485156 348494 340539 370813 165275 753236 724853 496203 388701 488599 295047 555998 149136 337865 655291
613530 999999999 321128 506418 633243 230804 230506 413886 374825 234942 435206 863828 363017 363637 777715 91373 852374 270416 599777 618450 167243 276831 785973 500909 699451 217970 668815 674927 874609 293450 421866 378785 346776 713150 430350 434317 534134 289343 424351 452776 372503 615017 726792 999440 609623 959859 450245 564555 335525 504428 556526 491766 485720 789070 159401 862530 387854 480557 476669 677532 733754 548950 661514 383880 215555 617882 582686 461685 470420 583352 912242 703663 214779 291087 503677 815819 452557 257308 274497 24460 652539 395880 310238 653124 245010 547934 498210 493661 678361 629442 295085 143352 632362 447537 795791 468388 650920 757948 459249 526982
846278 321128 999999999 395081 911616 91535 165237 443924 686727 554998 403242 1107961 130883 514046 718070 345052 986498 589997 718806 764117 477140 149720 973569 704628 716708 280986 628719 855319 859232 470089 576340 376866 334030 864684 626347 754711 838476 140957 313519 477640 153125 805394 887419 1225008 736803 1175600 762829 793826 455556 500803 709352 415527 490050 919688 455122 827496 575195 799782 341253 779310 948936 526689 929247 194458 528843 893428 670139 777203 431737 592973 1113686 697844 488558 202379 608872 1062964 493519 479301 54597 338481 812992 716419 134077 932090 201020 868541 603494 803639 770683 805468 111264 365510 657628 540343 853200 608708 646138 973798 578518 839780
691922 506418 395081 999999999 826068 416684 521365 196398 846768 660366 114961 936252 266340 363435 323153 448002 688968 684263 447276 512292 567319 528873 737186 541371 352069 292085 240681 627373 470110 381248 396831 162902 171563 600941 478763 865900 827018 274019 88190 196465 244223 599635 630558 1014756 470082 955416 790991 644682 309942 171094 479443 51497 175575 625983 527947 434364 437984 857721 56382 477093 752321 166879 820158 201365 699673 804829 376848 815825 104594 243545 879853 320858 511499 232364 355360 900811 221502 439341 371402 503767 568507 798581 268896 844886 272483 933800 352200 815761 460677 581398 295691 631986 307742 303535 502711 397346 275472 774760 354646 986410
180909 633243 911616 826068 999999999 835680 862459 629763 520415 443516 711367 267465 883346 464313 877489 573635 529488 415019 477478 419842 469816 907831 360674 296191 704380 648904 790181 340826 854740 467833 431144 672738 687397 425443 347814 422348 164898 808521 799559 636273 878366 307145 407055 421707 460865 408001 255258 203465 523381 682561 402325 778095 668304 505730 474204 883733 388755 311103 842794 529903 258960 719715 53851 859747 544810 21340 539813 272263 725127 678775 403659 747481 426814 763499 503517 220846 612666 437068 857182 609157 388528 362962 829495 20488 734906 339491 503762 216915 550261 345949 832483 716369 665965 531533 669505 442638 724337 268002 483773 527020
782213 230804 91535 416684 835680 999999999 104935 423102 595270 465451 398904 1042508 178953 464015 733572 263333 950523 500708 683059 722043 390367 117240 922801 646312 709473 232481 636337 805271 863985 411634 527556 360974 317541 822534 568442 663566 754795 142665 329374 460238 197708 752055 843086 1165307 699208 1118431 676375 730146 410387 493024 664353 426404 479380 883942 371024 837538 518118 710783 368192 749447 890467 525645 856349 229981 437308 818192 641925 689742 431320 584729 1060152 696925 409509 192634 574108 996453 472209 410910 57753 249196 767726 626631 150223 856077 170492 778714 568541 718115 743278 755935 123691 278134 646682 506552 836956 564575 643668 915343 539001 748336
829819 230506 165237 521365 862459 104935 999999999 515497 555788 456728 498561 1085786 279486 533985 836809 294524 1027460 492509 762238 795456 397573 46904 985784 703435 805674 313407 738018 870015 964170 473918 597375 456810 414006 894955 627409 637743 763778 247415 433815 553807 299543 813719 913289 1215996 776727 1172644 677354 778935 486341 590485 735710 529692 575795 961475 388349 939331 579125 700279 473126 832473 944597 625289 888793 333920 405256 846568 727057 686601 531877 681253 1119102 795700 438418 294604 655342 1038442 563588 459717 157151 254008 837694 612861 255022 882486 266715 762707 649708 721778 828075 821715 228354 218208 741579 589519 928068 638160 742123 969284 617006 706844
497969 413886 443924 196398 629763 423102 515497 999999999 701893 509232 82536 747608 344571 169113 368223 332779 547946 527151 284415 340717 421307 539457 564087 346370 292672 208931 257904 448944 462236 200616 200806 68617 110011 437685 282366 703405 637177 303009 187437 39550 328330 413609 464420 836263 305062 779447 609448 449678 123646 92418 297447 148702 72869 481519 381197 448646 242333 680815 219554 337066 566860 139523 623948 291723 570054 608508 227711 635779 97096 171081 707836 290861 348536 241549 178028 710150 49650 265492 400077 402440 395176 630503 312811 648526 252740 756362 173509 630189 327230 400487 332926 555374 227029 114696 413855 206192 237568 590256 164768 830498
611121 374825 686727 846768 520415 595270 555788 701893 999999999 193163 752529 787879 737707 572439 1063378 402831 952092 181905 764029 747425 281699 600006 822453 584872 939429 558859 953669 744254 1119733 511046 601478 694203 675683 814105 553867 112710 359574 662843 774611 733989 746518 684094 813040 941999 762498 924578 265212 583290 585523 792237 692838 819769 772440 902775 321886 1123596 542468 223293 828401 843745 735028 840000 569995 754786 159394 516976 783066 249740 784295 847622 907259 960659 356570 656472 707094 741014 722997 444538 645087 365187 754651 157700 684222 533686 610835 249385 703104 305310 854242 715766 669853 340228 876526 679054 987282 646646 914507 753317 662491 153080
480570 234942 554998 660366 443516 465451 456728 509232 193163 999999999 562318 699720 580869 381051 870262 229565 793162 35813 583839 575363 93593 503621 683263 419806 748978 379085 760512 590547 929625 318156 414351 504408 488803 651891 376069 210821 315576 502623 592547 540938 586133 528385 655530 847686 584830 819090 222807 442145 392363 599233 517324 630718 579450 738585 132422 931875 357491 245666 646189 664657 607871 646996 482878 587780 107631 432687 596423 230036 593310 654837 787475 768717 163637 485741 518788 650968 529835 251900 506339 216517 590496 161502 524924 461504 441913 313591 514527 268686 673239 555386 515098 277383 685259 487282 804820 460967 721962 629363 473419 326045
580370 435206 403242 114961 711367 398904 498561 82536 752529 562318 999999999 828779 289975 248482 346325 364289 610269 583629 354049 414714 470928 516014 639596 428885 313621 217874 241546 526209 465610 269436 283300 58612 89955 508741 364446 763459 713314 264693 112881 92425 271040 493627 536809 914172 375900 856398 680252 532202 196070 97803 375579 71214 89490 544865 430838 442221 323070 748954 138024 396942 646900 126802 706281 230504 612087 690151 289816 705713 35449 189754 783226 298082 407252 206977 253081 791867 116414 330271 366051 428020 470207 693477 269169 730271 232288 824915 249160 703523 383919 478571 292904 570998 254794 194569 451834 287566 245043 669998 245485 887306
261916 863828 1107961 936252 267465 1042508 1085786 747608 787879 699720 828779 999999999 1055235 607776 892559 791275 412227 674308 506571 437166 710289 1128861 245783 410126 713720 829784 830561 319975 820785 639144 553966 805740 832128 380418 486567 688604 430580 987741 933473 740090 1045720 336885 349839 154702 483927 153370 522714 314424 670823 771068 457937 884941 762420 423956 705954 863485 537468 575794 966767 520342 186701 795876 219494 1018903 804542 272201 581022 539321 831711 734896 186048 763855 649335 934227 581709 48798 715049 631610 1053686 839370 383592 630403 1006419 254870 915191 594173 584509 483760 543067 359341 1015075 963674 698827 634268 623986 541423 759180 167517 583295 786731
794272 363017 130883 266340 883346 178953 279486 344571 737707 580869 289975 1055235 999999999 448276 589429 353057 892508 613360 627978 680184 492677 275147 898411 645499 599475 234643 503549 780652 734193 420017 506216 275974 237104 779331 568675 789814 833114 79141 189162 373435 22322 736347 804552 1161236 647829 1108125 768925 742054 385741 387306 630292 291243 379252 826087 462283 700360 517903 817266 211486 681009 885807 407656 893680 65041 578555 863746 571873 787348 314381 478012 1041171 576703 479526 121322 519309 1012670 392670 446833 122600 373157 732399 740079 56658 903722 149843 890200 514300 805380 669973 730851 68044 446949 543796 451705 741498 531012 526437 910341 495688 889379
348520 363637 514046 363435 464313 464015 533985 169113 572439 381051 248482 607776 448276 999999999 496010 272266 495012 391207 236261 261715 306314 569157 459927 197650 368107 233799 388825 341885 548847 71726 63648 208653 227369 360970 122913 556658 468840 384294 336476 185157 438097 291492 379856 714105 247148 662719 446724 297146 63106 240688 201744 317418 222600 429879 270047 551157 75779 521296 378515 314052 438098 286059 462805 411378 462275 443233 224493 474054 266191 277897 599646 388290 218688 328021 144263 566297 166013 130881 461774 344300 304293 479779 401550 483576 314339 595781 139215 464297 315847 292264 412968 504227 304233 106759 438707 105816 343259 462772 98120 687741
705507 777715 718070 323153 877489 733572 836809 368223 1063378 870262 346325 892559 589429 496010 999999999 700145 533327 884334 402797 467749 785971 848407 653044 586441 179338 562797 110471 577241 165012 552573 485505 399818 436237 512503 560930 1052667 936975 592059 406156 332219 567256 582526 543613 922500 422187 858636 934144 674177 478022 275811 475243 307183 295393 488875 746289 116686 545965 1011962 378188 372369 710439 229423 852044 524499 937275 857005 337719 962567 311000 218310 776756 131177 706856 542328 386202 871151 340751 619326 692018 768218 514542 975500 589618 892051 574737 1084452 387892 944313 349624 548524 616077 916094 212117 390558 296727 453056 157202 726242 421165 1183577
535877 91373 345052 448002 573635 263333 294524 332779 402831 229565 364289 791275 353057 272266 700145 999999999 761939 260881 508410 527851 139629 337838 700379 415490 612933 156746 590217 587674 789850 202180 330702 306103 279941 623317 342737 440191 493448 274221 372468 370695 357226 528659 637742 922285 518359 880246 420269 485460 245904 424762 466016 426422 405504 698315 111170 780282 298531 464579 426181 586193 652783 470722 596762 358255 251775 556671 491997 436736 398611 499539 829558 619676 146821 256628 412722 743993 368175 170096 292237 73091 563091 387173 296662 593948 212398 537167 407283 459672 587173 541356 288909 233152 545871 357805 705518 377068 567642 677285 368078 548966
362280 852374 986498 688968 529488 950523 1027460 547946 952092 793162 610269 412227 892508 495012 533327 761939 999999999 784670 267937 234186 752892 1060536 177216 373452 370982 718273 505771 208749 426472 560981 432888 616558 656646 142049 428277 886280 665328 847059 722775 520640 875971 267998 139053 399171 251338 335785 718808 374334 541496 521337 295924 640487 522904 66811 727489 476206 465418 796252 735878 213456 276065 523360 481554 838096 896555 516199 321143 745850 596195 447540 255183 420880 664401 785673 377764 410510 500113 597245 938542 830955 204035 808631 858965 533546 787248 847301 383203 701499 228386 237898 877161 987241 388576 446230 238139 389666 439008 276210 411598 1012828
462570 270416 589997 684263 415019 500708 492509 527151 181905 35813 583629 674308 613360 391207 884334 260881 784670 999999999 584400 571683 122067 539399 668446 412524 757640 407071 775175 579766 937869 331880 419657 526275 512891 644291 374798 182451 282157 534816 618758 557411 618056 518048 646239 823733 583971 797063 187973 426743 407756 615838 515200 652884 596150 731920 158260 942227 360960 210147 672201 664687 589716 663526 456197 618459 130270 405173 601400 194396 613732 667571 768260 779490 178708 515907 525202 625671 544999 265067 540964 251594 583482 127183 557194 432507 472681 278956 521201 234170 674383 546823 548061 310742 695003 497942 806953 465096 733987 610548 480594 303823
302820 599777 718806 447276 477478 683059 762238 284415 764029 583839 354049 506571 627978 236261 402797 508410 267937 584400 999999999 69406 524901 794073 290460 200022 227037 451180 326737 187110 384454 306570 179641 352525 391055 154746 210208 722362 556808 579807 466655 261839 612390 180448 183503 569326 23159 508946 575513 274284 276037 276340 79400 396214 272572 201165 493275 408079 228129 656431 487520 81114 319971 293304 449632 576135 678117 457519 74642 604598 346414 228515 432615 271750 433929 518594 109935 478604 239055 354533 670621 580074 124382 641886 592320 491069 519319 722293 115323 574803 90307 149173 609889 739576 195764 178470 223881 131820 256345 339558 145265 855177
241294 618450 764117 512292 419842 722043 795456 340717 747425 575363 414714 437166 680184 261715 467749 527851 234186 571683 69406 999999999 526002 829807 225216 165130 289669 489655 395335 117884 435257 326814 198986 407321 443358 100665 200689 696488 512557 627337 526342 322341 665748 115412 124369 502618 46967 443150 541336 219462 311656 342114 62008 460942 336814 170787 498036 464183 232816 622156 550343 111416 250578 361522 388298 631220 674791 400640 143946 570164 409916 297861 368616 336608 435920 566942 162699 409478 298431 364517 714155 597249 56265 616290 641335 432116 563254 684395 167233 535687 130704 80984 657223 754387 263877 228687 257314 157633 324533 270191 185784 828114
470894 167243 477140 567319 469816 390367 397573 421307 281699 93593 470928 710289 492677 306314 785971 139629 752892 122067 524901 526002 999999999 444024 660784 382620 673193 285697 675714 558471 853846 238442 348354 412702 395785 610862 325708 303611 367118 413847 498960 454615 496741 496278 618683 851746 528957 816920 286012 426006 308654 512503 465332 538622 492679 694340 40221 852735 297001 325506 552612 605958 596096 560195 501440 496458 155966 455534 528350 300129 502596 573084 776710 689443 90973 393843 448830 661704 445290 175558 426200 144562 548870 247621 436291 489349 350739 397618 444129 328061 612117 518203 428198 254452 608005 410030 740729 396431 640969 619238 402637 419292
871818 276831 149720 528873 907831 117240 46904 539457 600006 503621 516014 1128861 275147 569157 848407 337838 1060536 539399 794073 829807 444024 999999999 1023982 742984 826672 343124 752584 907551 980795 511415 632762 478030 434654 929800 666309 683556 810460 256354 442749 576933 296527 852143 948991 1257616 809332 1213404 724235 820618 519061 610262 770779 541563 596558 994241 433983 953610 617329 747042 478132 862479 985214 642700 933478 334400 450919 891743 755830 733504 548202 701936 1158581 814076 482860 309390 686060 1081724 588318 500670 157687 300118 873406 659541 259994 927913 287321 809180 680450 768619 857123 858859 233183 260792 763722 619266 953212 672210 760862 1009969 649164 750379
212017 785973 973569 737186 360674 922801 985784 564087 822453 683263 639596 245783 898411 459927 653044 700379 177216 668446 290460 225216 660784 1023982 999999999 285103 476084 693726 600092 118295 575066 512625 397236 629363 663264 143227 358698 744960 507830 840768 750712 547323 885178 172140 111559 279396 267428 218489 573150 241716 518215 566560 268356 685919 561860 178509 642856 618409 406718 646389 775543 284479 102006 583052 310138 852334 790324 349720 363540 598252 635110 514748 143754 527025 579539 781873 386750 236699 523201 530286 921627 762609 169395 671071 856368 362418 773037 690345 390939 549454 306703 168223 870157 909665 469936 450272 378317 367519 528775 99133 403347 865764
152380 500909 704628 541371 296191 646312 703435 346370 584872 419806 428885 410126 645499 197650 586441 415490 373452 412524 200022 165130 382620 742984 285103 999999999 419452 423983 495178 176281 584086 235104 146497 399280 423078 232106 78285 531388 357271 579560 527904 346643 635668 114726 236760 520386 190440 472144 377561 103340 260706 389009 120710 491480 375986 319397 360953 605194 129468 458526 565268 271065 244482 424364 281382 608888 523218 275040 250353 406542 437798 382905 415680 458615 297292 524772 207344 368947 322143 245487 651096 477623 170974 451243 597621 312907 507953 522877 207578 374970 286521 136167 607555 626592 374347 239647 418722 147662 431039 269368 189885 662993
529417 699451 716708 352069 704380 709473 805674 292672 939429 748978 313621 713720 599475 368107 179338 612933 370982 757640 227037 289669 673193 826672 476084 419452 999999999 501528 135631 397913 180757 434823 340702 348969 392124 334311 406130 914955 775456 578213 411574 253336 579125 404935 365680 749214 245037 685647 782744 501010 370019 216844 303003 312552 230135 319137 635585 188322 401668 862542 406365 193379 531128 191979 676417 536648 828792 684301 169738 811683 285533 124754 604164 51181 586745 519558 234882 691845 248321 498613 679346 685275 335323 835597 582643 718097 539701 932355 238197 787973 170663 370074 606525 842528 67097 263178 153021 300180 76944 547113 277596 1047728
567871 217970 280986 292085 648904 232481 313407 208931 558859 379085 217874 829784 234643 233799 562797 156746 718273 407071 451180 489655 285697 343124 693726 423983 501528 999999999 455375 575660 669853 190640 296806 163029 128846 590208 345752 589228 602023 160128 215832 248418 231205 524667 611180 944251 466934 894615 544052 515366 178043 294137 432434 274100 276701 651777 248989 652877 294516 599525 269596 519534 668095 336082 660470 219637 408414 629431 413659 564789 253257 379635 833085 498596 251978 117332 342936 785692 254346 212190 228140 212731 536001 529369 180680 669307 86437 674558 337327 577632 514734 525978 185903 353379 435529 276357 616365 332330 444917 692943 306676 703031
624376 668815 628719 240681 790181 636337 738018 257904 953669 760512 241546 830561 503549 388825 110471 590217 505771 775175 326737 395335 675714 752584 600092 495178 135631 455375 999999999 510832 230685 443295 383317 292462 330707 456891 461940 945094 838882 497003 315334 221749 481902 506432 488570 876920 348408 813860 830984 588531 368153 165549 391605 213193 185041 451733 635974 201312 442705 907805 297046 315886 644864 119866 768885 438704 826815 769276 254925 859108 206926 114465 733064 89826 597292 443800 289481 804638 230713 510109 598280 658790 447156 868588 496976 805867 473049 981124 290308 843310 294117 475862 522777 808143 131756 284977 285933 355071 71497 663044 319888 1075430
162210 674927 855319 627373 340826 805271 870015 448944 744254 590547 526209 319975 780652 341885 577241 587674 208749 579766 187110 117884 558471 907551 118295 176281 397913 575660 510832 999999999 525341 396207 279020 513174 546147 84655 244937 677571 462068 722520 636191 434478 767690 62383 70984 388018 164238 330505 510780 166216 399923 458247 151674 575896 451838 169079 537231 561083 291142 588953 663262 206396 134094 479151 300112 735404 695850 324398 261743 538141 523991 415620 260545 446979 473568 663741 273275 294490 409926 417891 803462 652021 63676 599892 738214 349151 654748 642535 277066 495299 228923 49943 751886 802598 379076 334496 333175 249640 439561 152607 286461 804562
674815 874609 859232 470110 854740 863985 964170 462236 1119733 929625 465610 820785 734193 548847 165012 789850 426472 937869 384454 435257 853846 980795 575066 584086 180757 669853 230685 525341 999999999 615426 519569 510451 551736 447324 580499 1092815 941211 726253 545978 422804 712497 547973 475172 825538 397182 761974 955661 654471 549328 376406 463800 443758 393231 398066 816088 57083 580093 1036115 526443 324873 650357 338913 820723 669304 1009343 835767 342046 984730 432670 291438 680768 171385 767500 671422 413493 807470 422097 679367 827785 861542 468853 1013039 727027 866363 697715 1104178 417181 957810 304583 509749 752588 1016997 246135 443819 196827 477092 224943 661517 457353 1225809
377232 293450 470089 381248 467833 411634 473918 200616 511046 318156 269436 639144 420017 71726 552573 202180 560981 331880 306570 326814 238442 511415 512625 235104 434823 190640 443295 396207 615426 999999999 128616 218709 223760 424026 156957 504339 447004 349373 338077 227155 413030 341024 440534 755285 316182 707154 410859 324727 77338 285446 265374 340637 266006 496761 200846 614799 106499 480664 385940 385184 479576 332847 474532 392258 393975 447533 295979 436530 294221 336684 648650 451485 154523 298822 215749 595131 213355 66820 416298 273507 365124 430316 368807 487925 276302 556410 210611 434525 387427 347798 376171 433108 369568 171647 510279 174970 403951 504463 169747 633127
298830 421866 576340 396831 431144 527556 597375 200806 601478 414351 283300 553966 506216 63648 485505 330702 432888 419657 179641 198986 348354 632762 397236 146497 340702 296806 383317 279020 519569 128616 999999999 252898 278200 297659 83844 574332 457104 444750 381461 205145 494893 230530 316232 655020 187906 602391 448639 249443 121460 253447 138389 347793 238065 368315 315103 528018 61202 526701 418994 259735 379827 294091 423340 465923 503318 409815 182081 477082 294452 269021 537801 368186 257798 387154 106078 514190 181766 175398 524450 401526 240658 495198 461269 449448 375978 598947 102524 459994 264296 229239 473809 560494 281604 102741 392480 48315 328866 404259 64529 707039
551659 378785 376866 162902 672738 360974 456810 68617 694203 504408 58612 805740 275974 208653 399818 306103 616558 526275 352525 407321 412702 478030 629363 399280 348969 163029 292462 513174 510451 218709 252898 999999999 43564 505165 329646 706712 665334 235935 128681 100851 259908 474826 531410 899260 372861 843383 628091 501748 150253 134287 361513 126644 118989 550114 372671 490968 284427 695184 170199 405566 627573 173622 671200 223999 553483 651715 296247 652979 92511 224445 772998 340154 350863 174848 244992 766774 117395 276557 334530 370776 461096 637676 244839 692103 190800 771244 240232 653064 395398 464128 265649 516278 285709 179134 477723 266337 286359 651378 226932 829750
575054 346776 334030 171563 687397 317541 414006 110011 675683 488803 89955 832128 237104 227369 436237 279941 656646 512891 391055 443358 395785 434654 663264 423078 392124 128846 330707 546147 551736 223760 278200 43564 999999999 542266 350211 694764 669619 193079 114435 144166 222402 504967 567709 930241 410753 875451 626282 524138 165186 176503 394912 146518 161996 590029 356384 530613 302353 690243 164178 446724 656734 213466 689058 189326 530538 666638 337345 650087 125378 267467 806567 382080 341728 131737 282205 791909 159524 274837 291107 340763 496125 628490 202904 707125 147591 766289 277198 653884 437202 496643 222948 481321 329167 214717 521222 297175 328372 680867 259919 814847
246644 713150 864684 600941 425443 822534 894955 437685 814105 651891 508741 380418 779331 360970 512503 623317 142049 644291 154746 100665 610862 929800 143227 232106 334311 590208 456891 84655 447324 424026 297659 505165 542266 999999999 286629 752821 544504 727602 621248 416450 764461 133119 31679 421590 132933 359498 588867 246194 412175 429847 159271 550142 426943 89110 585723 486172 325381 668060 642104 141588 203198 443033 384088 729146 754804 409050 224408 616748 500921 372966 280780 384973 522529 667031 260246 362063 393383 456906 814807 691327 61992 674033 741334 433546 663868 723819 265138 575809 164037 98421 757531 846581 326759 327648 252430 257971 385554 215853 286209 881569
226046 430350 626347 478763 347814 568442 627409 282366 553867 376069 364446 486567 568675 122913 560930 342737 428277 374798 210208 200689 325708 666309 358698 78285 406130 345752 461940 244937 580499 156957 83844 329646 350211 286629 999999999 514397 376947 501821 458135 288777 559393 186566 297489 598670 209189 550197 376639 174356 185795 337177 141335 430381 321906 368723 299224 594442 51268 456445 498276 289992 322729 377181 342104 533782 474223 326508 238486 405559 377324 347518 492415 438838 236300 447673 174886 444251 265569 173084 572814 407702 224862 434099 520128 366349 429946 526441 173040 383700 300486 199126 529644 560713 352164 186139 433843 107918 403728 347611 142701 647479
533129 434317 754711 865900 422348 663566 637743 703405 112710 210821 763459 688604 789814 556658 1052667 440191 886280 182451 722362 696488 303611 683556 744960 531388 914955 589228 945094 677571 1092815 504339 574332 706712 694764 752821 514397 999999999 258030 712114 801192 731486 795864 620184 747988 843274 717610 829914 172731 512337 581510 789781 646780 833338 770339 841920 340670 1102303 513290 114518 854607 799374 652391 837121 474030 798444 232700 421530 751371 150819 792611 834484 818678 941512 356280 696548 680086 642913 717146 438187 708810 419506 696065 80481 734280 433766 652589 138054 676776 205520 812323 654788 723287 429866 855400 662521 945976 615723 899006 668756 638099 133107
303048 534134 838476 827018 164898 754795 763778 637177 359574 315576 713314 430580 833114 468840 936975 493448 665328 282157 556808 512557 367118 810460 507830 357271 775456 602023 838882 462068 941211 447004 457104 665334 669619 544504 376947 258030 999999999 754751 784019 653425 832208 413661 532600 585244 545350 572898 99128 299144 517270 706982 477425 783876 689877 631140 383815 962150 401021 146221 832802 623320 409413 749962 217615 821215 405860 166315 605741 109837 734133 724445 566192 812274 354076 719339 550903 384974 632757 396719 785611 511679 495979 204257 776913 175738 683584 182642 549462 54459 640759 452185 774701 592786 726358 559131 769851 484308 779899 422645 519263 363543
726025 289343 140957 274019 808521 142665 247415 303009 662843 502623 264693 987741 79141 384294 592059 274221 847059 534816 579807 627337 413847 256354 840768 579560 578213 160128 497003 722520 726253 349373 444750 235935 193079 727602 501821 712114 754751 999999999 186847 336743 83918 675192 751265 1098343 598345 1046870 689851 673585 323294 361607 574285 285267 350093 780279 383174 697701 450635 738205 226161 638869 822222 390035 820593 97870 504214 789195 529596 708212 294926 453912 982330 561729 400898 61572 469950 944242 352585 371467 101649 297667 677571 661368 22495 828952 73720 811261 464655 726494 629944 672577 30104 385362 517993 401445 712774 473846 509238 846947 441566 813779
680275 424351 313519 88190 799559 329374 433815 187437 774611 592547 112881 933473 189162 336476 406156 372468 722775 618758 466655 526342 498960 442749 750712 527904 411574 215832 315334 636191 545978 338077 381461 128681 114435 621248 458135 801192 784019 186847 999999999 204817 168120 600767 649041 1023681 488336 966681 739410 630429 276181 204595 484820 102299 200267 657548 460731 514116 412199 801858 53797 509349 753921 219615 799279 125252 623815 778654 402636 762755 129289 292289 894448 387586 452137 144385 363980 894975 228052 388709 285905 423516 581462 737480 183462 819107 185659 877782 359776 767777 495799 587883 209961 546243 358376 302133 556474 392693 337682 777451 351930 917788
496088 452776 477640 196465 636273 460238 553807 39550 733989 540938 92425 740090 373435 185157 332219 370695 520640 557411 261839 322341 454615 576933 547323 346643 253336 248418 221749 434478 422804 227155 205145 100851 144166 416450 288777 731486 653425 336743 204817 999999999 356037 403831 444408 822496 283561 764391 630961 449688 150034 58433 284552 145574 38854 454737 414710 409921 253788 704140 228795 308022 556875 106130 627131 317511 605085 614940 199508 657900 91913 131551 690906 251453 378759 275699 161203 704367 25051 293459 435273 440918 377928 657218 345167 654501 289746 779216 157511 649418 296543 387285 366392 594544 188021 107387 377191 201134 198291 579654 158349 859883
785319 372503 153125 244223 878366 197708 299543 328330 746518 586133 271040 1045720 22322 438097 567256 357226 875971 618056 612390 665748 496741 296527 885178 635668 579125 231205 481902 767690 712497 413030 494893 259908 222402 764461 559393 795864 832208 83918 168120 356037 999999999 724482 790088 1149691 632539 1095991 770149 733268 375227 367971 616865 269941 360484 809688 465167 678370 508926 820290 189234 663961 874713 387193 887407 43198 587715 858561 555028 789209 294464 458210 1028229 555692 479497 114876 504244 1003633 375873 442888 142396 381404 718464 744357 62304 898684 148997 893760 499323 805761 652505 717995 80533 461659 524112 437076 722002 518155 505712 899150 481996 897617
126851 615017 805394 599635 307145 752055 813719 413609 684094 528385 493627 336885 736347 291492 582526 528659 267998 518048 180448 115412 496278 852143 172140 114726 404935 524667 506432 62383 547973 341024 230530 474826 504967 133119 186566 620184 413661 675192 600767 403831 724482 999999999 128947 425353 160344 371887 455750 114519 351926 434310 121266 548256 425537 221995 475498 578767 234817 535023 631606 223145 153291 460532 273375 694062 633536 288704 251739 483657 495187 403505 308456 451351 411859 617660 244825 303822 378836 358591 752807 591889 82952 541748 691799 318395 605808 591613 247647 443264 244030 39229 704136 741315 376059 299223 363019 208489 436529 176685 248865 748550
231240 726792 887419 630558 407055 843086 913289 464420 813040 655530 536809 349839 804552 379856 543613 637742 139053 646239 183503 124369 618683 948991 111559 236760 365680 611180 488570 70984 475172 440534 316232 531410 567709 31679 297489 747988 532600 751265 649041 444408 790088 128947 999999999 390163 161086 328266 581665 237163 433253 459497 178756 579604 456071 99151 595164 515213 339211 659927 670977 173198 175456 473661 363597 755379 759746 391569 254584 609080 529908 404115 250058 416419 531644 691046 286482 332789 421001 469701 836976 704540 75602 670003 765489 414006 686426 713364 291181 566253 195590 100610 781093 858187 358395 353012 279224 279059 417231 186570 309762 875343
386441 999440 1225008 1014756 421707 1165307 1215996 836263 941999 847686 914172 154702 1161236 714105 922500 922285 399171 823733 569326 502618 851746 1257616 279396 520386 749214 944251 876920 388018 825538 755285 655020 899260 930241 421590 598670 843274 585244 1098343 1023681 822496 1149691 425353 390163 999999999 546208 63944 676787 437064 775862 844726 538890 963339 839191 434060 844012 874418 649816 730491 1051277 561170 276227 862321 372421 1119400 953648 425411 642812 693823 911782 794079 145888 800394 784832 1041853 661294 200994 797933 757043 1171469 975086 446356 784397 1115624 409513 1027599 747754 665066 638308 582804 435811 1126819 1106131 747949 721590 633976 633289 805970 251435 672416 940789
284430 609623 736803 470082 460865 699208 776727 305062 762498 584830 375900 483927 647829 247148 422187 518359 251338 583971 23159 46967 528957 809332 267428 190440 245037 466934 348408 164238 397182 316182 187906 372861 410753 132933 209189 717610 545350 598345 488336 283561 632539 160344 161086 546208 999999999 485901 567691 258383 290440 299231 70885 418958 295172 184911 498465 423167 232058 648669 509914 81778 297423 316462 431486 596719 680945 441187 97652 596722 368899 251414 409771 291013 438066 537315 128662 456444 260452 361020 688085 589418 101305 637146 611281 473937 536777 713297 133826 565224 96082 127594 628393 748349 217034 196970 228861 141449 277686 316780 160262 850115
346877 959859 1175600 955416 408001 1118431 1172644 779447 924578 819090 856398 153370 1108125 662719 858636 880246 335785 797063 508946 443150 816920 1213404 218489 472144 685647 894615 813860 330505 761974 707154 602391 843383 875451 359498 550197 829914 572898 1046870 966681 764391 1095991 371887 328266 63944 485901 999999999 660179 395335 723714 784948 482082 904087 779964 370125 806691 810642 600975 719095 993000 498308 228227 801400 355886 1064769 926053 408534 581924 679302 852959 732381 81947 736827 746117 989539 603319 190984 740012 712941 1122466 935657 387000 766987 1063639 398465 976945 742681 607268 624411 519791 379258 1075671 1071231 685310 664956 570095 578281 743036 203439 616472 933634
361793 450245 762829 790991 255258 676375 677354 609448 265212 222807 680252 522714 768925 446724 934144 420269 718808 187973 575513 541336 286012 724235 573150 377561 782744 544052 830984 510780 955661 410859 448639 628091 626282 588867 376639 172731 99128 689851 739410 630961 770149 455750 581665 676787 567691 660179 999999999 344605 486169 687330 497187 751465 668986 677606 309099 971037 388407 80978 790446 648619 479759 732732 304928 763346 307942 251952 614380 29098 704693 717153 646447 814865 292077 660163 550370 475803 612695 351973 711293 429018 534608 107716 712291 268982 621250 150311 547972 46748 663689 492039 707423 498184 728068 546316 796269 483633 777398 496024 513023 294130
52508 564555 793826 644682 203465 730146 778935 449678 583290 442145 532202 314424 742054 297146 674177 485460 374334 426743 274284 219462 426006 820618 241716 103340 501010 515366 588531 166216 654471 324727 249443 501748 524138 246194 174356 512337 299144 673585 630429 449688 733268 114519 237163 437064 258383 395335 344605 999999999 360127 490789 198937 594711 478333 334079 412742 681547 224352 422786 668415 330748 170314 524579 181057 708108 549500 183291 336633 371925 541008 478612 350754 544037 351284 620827 305467 270715 425079 320283 739652 540383 197054 435537 692492 217925 600865 477631 306399 329689 350098 153194 700756 678939 462938 342486 474554 249588 521742 193947 292221 638518
411592 335525 455556 309942 523381 410387 486341 123646 585523 392363 196070 670823 385741 63106 478022 245904 541496 407756 276037 311656 308654 519061 518215 260706 370019 178043 368153 399923 549328 77338 121460 150253 165186 412175 185795 581510 517270 323294 276181 150034 375227 351926 433253 775862 290440 723714 486169 360127 999999999 208421 254565 266856 188883 475295 269470 545079 137202 557175 320351 348620 500143 255972 523944 348272 462218 502473 248360 512316 218624 264555 659194 382080 229342 265996 171410 629404 137481 143425 404216 318969 358220 507654 339939 542928 254829 632751 165791 507970 346707 350022 352359 478630 303425 112015 460398 154294 332637 524729 130777 709883
534886 504428 500803 171094 682561 493024 590485 92418 792237 599233 97803 771068 387306 240688 275811 424762 521337 615838 276340 342114 512503 610262 566560 389009 216844 294137 165549 458247 376406 285446 253447 134287 176503 429847 337177 789781 706982 361607 204595 58433 367971 434310 459497 844726 299231 784948 687330 490789 208421 999999999 313134 120490 19824 457220 472514 358998 306100 761195 214698 308232 585645 47764 670391 326713 662192 661229 205864 714508 75545 92307 708955 205870 437176 302716 189824 737621 74685 351840 462571 493771 398379 715290 366769 700258 323890 836049 187519 704674 293181 413462 390179 644889 156994 151242 354216 241396 152072 607456 199217 918295
232782 556526 709352 479443 402325 664353 735710 297447 692838 517324 375579 457937 630292 201744 475243 466016 295924 515200 79400 62008 465332 770779 268356 120710 303003 432434 391605 151674 463800 265374 138389 361513 394912 159271 141335 646780 477425 574285 484820 284552 616865 121266 178756 538890 70885 482082 497187 198937 254565 313134 999999999 427981 304736 232794 436712 486499 170960 578156 513164 152601 272940 339529 377771 584036 615327 381960 137884 526242 375257 284890 411718 345177 374941 514678 124104 425009 259728 302564 658555 535272 103688 566325 589215 416816 508337 643363 127283 495639 166553 103080 603944 692390 264274 182877 299707 100646 323588 295328 135006 779248
641532 491766 415527 51497 778095 426404 529692 148702 819769 630718 71214 884941 291243 317418 307183 426422 640487 652884 396214 460942 538622 541563 685919 491480 312552 274100 213193 575896 443758 340637 347793 126644 146518 550142 430381 833338 783876 285267 102299 145574 269941 548256 579604 963339 418958 904087 751465 594711 266856 120490 427981 999999999 124151 576940 498720 412808 391034 820079 96171 427932 700878 122229 771040 226836 676580 756813 326341 776922 53736 198096 828706 286083 477375 235444 303889 849701 170552 401336 385959 486735 517138 763984 284132 796724 270089 896057 300757 774595 412102 529902 310188 623018 263552 252887 460621 346682 237317 723289 303914 956267
523296 485720 490050 175575 668304 479380 575795 72869 772440 579450 89490 762420 379252 222600 295393 405504 522904 596150 272572 336814 492679 596558 561860 375986 230135 276701 185041 451838 393231 266006 238065 118989 161996 426943 321906 770339 689877 350093 200267 38854 360484 425537 456071 839191 295172 779964 668986 478333 188883 19824 304736 124151 999999999 458079 452691 377163 289336 742517 215317 309455 577651 67565 657259 319977 642426 646964 204371 696050 74106 105482 704791 222171 417472 290396 180725 728146 57135 332306 450512 474788 392996 696025 356255 686207 309585 817486 177942 686840 295552 406142 379054 626528 167999 136835 363409 228750 168388 599821 186155 898709
330360 789070 919688 625983 505730 883942 961475 481519 902775 738585 544865 423956 826087 429879 488875 698315 66811 731920 201165 170787 694340 994241 178509 319397 319137 651777 451733 169079 398066 496761 368315 550114 590029 89110 368723 841920 631140 780279 657548 454737 809688 221995 99151 434060 184911 370125 677606 334079 475295 457220 232794 576940 458079 999999999 667603 443520 403429 756557 671914 149018 265230 461372 461315 772048 840495 490513 255265 705372 531683 386325 288179 370017 604966 718907 310961 414495 433913 535222 871745 767977 148460 763141 792251 512182 720456 811356 316405 663738 165738 187427 810380 925155 329795 379420 202221 324248 383027 271392 345143 970544
459823 159401 455122 527947 474204 371024 388349 381197 321886 132422 430838 705954 462283 270047 746289 111170 727489 158260 493275 498036 40221 433983 642856 360953 635585 248989 635974 537231 816088 200846 315103 372671 356384 585723 299224 340670 383815 383174 460731 414710 465167 475498 595164 844012 498465 806691 309099 412742 269470 472514 436712 498720 452691 667603 999999999 814118 266588 355132 514271 574113 583002 520183 502129 462773 193283 458610 493434 325803 462418 534018 763061 650889 63666 359650 413536 657719 405716 140272 402843 135126 523831 281007 405669 494182 317652 428770 408700 348740 579381 495163 399252 266996 570059 372449 706675 363389 602031 606677 367251 458466
705350 862530 827496 434364 883733 837538 939331 448646 1123596 931875 442221 863485 700360 551157 116686 780282 476206 942227 408079 464183 852735 953610 618409 605194 188322 652877 201312 561083 57083 614799 528018 490968 530613 486172 594442 1102303 962150 697701 514116 409921 678370 578767 515213 874418 423167 810642 971037 681547 545079 358998 486499 412808 377163 443520 814118 999999999 589152 1050864 490237 356511 689249 317394 852142 635320 1007196 864231 357278 999986 407962 281407 729058 163317 768622 645064 422653 847989 412576 680203 798706 850831 502218 1023205 696927 896280 674175 1120572 425735 975823 334945 541463 722988 1003682 247384 444622 241331 488376 213034 701743 464246 1234875
