NAME : synthetic_000281
TYPE : CTSP-D
DIMENSION : 100
GROUPS : 8
RELAXATION_LEVEL : 1
EDGE_WEIGHT_TYPE : EXPLICIT
EDGE_WEIGHT_FORMAT : FULL_MATRIX
EDGE_WEIGHT_SECTION
999999999 918863 156802 743861 264469 327510 575002 416031 641804 275000 631211 476331 868159 329839 245422 911181 661177 540205 608645 416997 247669 381498 559955 487022 489742 268012 692731 477531 384160 267025 219183 639819 690816 623648 313152 726385 609403 161840 596610 165045 682857 144684 241339 716764 289094 600949 495410 420034 231812 337740 464810 767113 778262 193187 215830 629876 557118 553141 706212 521450 293322 497194 477388 206665 651442 498710 329150 99787 625111 728285 396608 495409 493591 745961 779623 399471 787418 330462 751351 770416 559000 810466 702423 533126 281267 711592 273576 792566 674703 166021 247518 683104 707562 105421 75923 884480 515318 576329 288557 201164
918863 999999999 897425 273715 946505 700791 890065 983428 400278 960142 684531 467855 71421 646108 1154617 110837 437823 440475 736076 776611 675097 933732 932293 894024 907407 913477 819441 509983 543220 1184645 1084279 803612 885506 616718 971045 195388 825347 983945 783482 1083176 265535 814526 698676 407653 1007401 321583 438692 841527 688605 667988 491325 158007 291552 740871 704259 893446 561704 398905 536671 899914 626397 422682 649119 1121209 894526 666156 768016 918863 374278 615372 523068 458375 818896 280344 248961 532373 234748 652506 234770 385289 486565 225846 266425 410165 667710 713733 941098 290371 550133 798369 889539 553061 274785 939565 906764 98928 493519 497692 734314 868810
156802 897425 999999999 686079 114013 223637 420561 568121 568095 127146 733268 502628 856337 256910 352584 908804 575587 577119 470114 275017 239840 225072 701200 626526 333532 417361 813534 526651 356460 350960 188753 493516 538657 713348 467399 702076 460480 318140 451962 240873 690091 258357 202330 632579 445726 576447 458924 553837 235123 247045 411596 740127 712638 169658 223966 476084 453621 505666 598186 660383 291087 480487 360672 258885 497959 597112 196762 254260 657257 816284 385539 525362 344188 686315 798636 365518 803937 404912 763849 816675 615242 755212 715323 552278 344444 576762 426226 820932 751687 275357 393493 760663 656203 69325 228166 847506 566770 486895 182042 50579
743861 273715 686079 999999999 713863 469764 618736 918142 132860 726066 722449 391649 278641 429588 988936 350404 164334 413718 462625 520009 498162 682041 917956 862013 642522 812679 863338 461535 363178 1008803 874509 529906 611954 656248 877191 158068 552147 844650 510457 900321 295861 672004 504640 137242 901201 191107 253770 793213 516072 441071 279724 154700 50131 552001 531994 620164 294075 191779 266741 877982 459370 278211 388793 931934 620905 652451 527776 770011 396722 697327 364933 397144 552650 9241 378291 346049 369701 557281 336258 506357 488405 69410 324454 353606 546588 442800 839334 429268 615133 661154 784259 621636 45131 739372 751813 187106 467436 232184 508507 649049
264469 946505 114013 713863 999999999 246409 336329 679632 587015 15400 841669 587333 912216 302160 418603 969636 583679 664482 419643 232454 326423 124227 815129 740506 243308 529701 925785 620231 421069 402484 196769 428035 458817 818404 577524 753176 390439 421899 391222 302582 760281 372128 279687 639866 552456 631182 511158 667808 326812 278567 455239 788560 733458 260836 318742 392764 449997 547910 582932 774384 374640 543911 348659 303560 415160 705432 187418 363948 740751 920123 457380 611005 278201 712638 873130 425613 877026 509734 835446 904235 709823 783142 788044 632118 448021 528385 537311 899906 852277 388716 506553 861378 689766 161841 338713 886910 660378 495551 212431 97233
327510 700791 223637 469764 246409 999999999 327797 664641 346820 259651 702050 384123 668740 69767 562672 728419 352006 462632 298556 141793 173477 249002 754191 680036 279791 517978 812424 435956 196942 569118 408460 346193 417066 662831 581009 508526 327104 473882 301101 457893 528699 336025 127403 409006 578666 389071 269522 600383 188765 34595 210383 543022 492671 159481 194100 371183 232779 301910 380555 709958 196990 310594 150524 480950 388603 572193 74679 395645 528377 755816 240762 408313 228543 469105 644665 195019 646887 376203 604222 695289 523215 539173 558812 417378 318632 392965 536766 676841 678147 340138 488282 687368 443971 286034 369883 640580 473707 263263 41803 181264
575002 890065 420561 618736 336329 327797 999999999 968146 489841 334537 1028339 693366 880731 390537 754922 949705 455353 769088 165593 186264 499775 215223 1074650 999636 94463 816854 1140221 753883 504069 737422 525235 123081 123160 986306 874354 723844 82583 736760 115324 638888 792454 637823 450299 497132 860013 632472 531788 920812 513256 352299 468438 746263 614713 469384 515892 56439 329694 529437 386500 1030882 524328 589809 260542 638329 78831 899717 272805 667184 822108 1075516 549908 716686 99520 613340 908639 494685 907189 703910 864290 986420 837342 678722 825741 714482 645618 249670 830953 949417 994973 647233 789175 1004092 615873 485873 640176 805641 789293 394134 339491 373858
416031 983428 568121 918142 679632 664641 968146 999999999 865596 690713 397721 533328 915857 627790 427352 928766 905858 543552 962884 790979 502183 792045 178323 134704 891258 151798 373804 476292 592613 484408 599093 1009492 1074218 436762 105661 828142 986493 274334 964422 472547 718066 331339 538878 951164 149866 730706 679288 146079 483178 655974 688804 867773 964919 506391 473930 1019721 850570 742640 990901 160174 508385 641073 804600 515116 1039829 332004 699494 316252 611796 519559 569745 535030 876441 924011 763453 612277 776310 361695 757911 681210 501712 969664 718698 583934 385554 1052015 142455 748793 515296 324765 178978 519590 873593 521209 340954 991325 489909 841182 638688 605014
641804 400278 568095 132860 587015 346820 489841 865596 999999999 598643 728572 370292 393590 315942 886886 464099 55379 415974 339131 387492 404291 550015 890502 827722 510099 745698 866156 445514 279188 902029 754947 408638 493457 666965 811699 244333 427078 757616 384923 791826 350616 588691 400503 85723 828973 198004 187576 753402 423716 321056 183722 259934 146454 448685 438906 495220 162041 127767 175566 848115 374180 237539 256043 820254 497882 637307 399833 680194 426184 725641 295999 383417 420497 129434 454907 259811 449567 506091 409884 565228 495152 199683 383747 350678 481740 337453 771026 502890 640613 581090 715974 648324 126283 625530 659456 318918 462518 99355 387203 527940
275000 960142 127146 726066 15400 259651 334537 690713 598643 999999999 856435 602682 926302 316414 421177 983989 594313 679857 423625 239158 341822 120300 827715 753216 240769 541215 939874 635623 435937 403028 194036 429500 457433 833463 588151 767050 391249 431024 393683 305360 775161 385498 295042 650316 562100 645364 525323 680913 342186 292155 468984 802239 745042 276182 334065 390894 459820 561410 591075 787166 390018 558609 358070 303943 413310 720190 198814 374694 756058 935266 472470 626364 280544 724721 888150 440288 891992 524753 850362 919598 725212 795286 803017 647360 463096 532275 548305 915074 867557 402343 518448 876654 702459 171194 349769 899888 675772 506449 226428 112526
631211 684531 733268 722449 841669 702050 1028339 397721 728572 856435 999999999 363968 613111 637813 763751 602722 781588 313374 957824 843550 537394 918380 272628 267802 979492 429327 141112 290046 533489 816021 850195 1021767 1103486 68541 449818 585383 1014019 570672 979522 761475 444808 488132 589520 807865 503736 539583 557973 265492 528817 676054 602692 615860 772519 588675 531856 1067380 790024 604533 894508 255673 505181 497347 793025 808977 1082415 136248 766844 556905 330839 121839 489867 347095 928837 730749 437644 547539 451912 334605 450759 318861 235205 751158 428934 378209 396787 1015534 448650 405683 139402 467575 426679 139577 679081 721250 566992 724528 266657 751812 698838 745906
476331 467855 502628 391649 587333 384123 693366 533328 370292 602682 363968 999999999 407398 314418 697753 440744 421315 78724 602721 517119 263256 628137 527248 470371 661006 447302 498139 75389 190212 733518 672140 669622 754190 307981 507168 296327 666937 518813 629559 640378 211050 354275 307649 453138 540760 200742 194011 402662 267813 351974 241408 336919 440551 333015 280207 725629 427817 243435 531454 486670 213092 134219 442501 682995 738244 267294 457512 458456 154629 385871 144551 24249 595868 398495 303419 198691 311087 184949 275674 317025 144840 438115 227066 58832 203912 653431 474915 319805 302995 336203 422411 311974 346524 523912 449933 461369 99864 387853 395999 492621
868159 71421 856337 278641 912216 668740 880731 915857 393590 926302 613111 407398 999999999 610163 1100350 71763 437526 374379 732709 755186 627945 908125 861620 824312 890716 850075 748155 444796 500009 1132375 1041261 801980 886085 545303 906465 161507 820504 925777 778297 1033057 199909 758335 655312 415878 944162 281242 401119 773134 640203 635040 458393 134468 307365 695504 655531 888605 551056 369728 545350 829643 577982 376688 631605 1072409 891471 596280 738611 862859 305057 544957 475527 396066 804036 286680 178106 491064 163978 590835 163612 315940 417107 246292 197372 348892 609739 720930 877652 221202 478878 741412 826880 481900 268006 894888 852009 140366 426270 486629 699875 830660
329839 646108 256910 429588 302160 69767 390537 627790 315942 316414 637813 314418 610163 999999999 573216 667602 331615 392889 340079 206822 125840 317465 704793 631804 348113 486129 751851 367413 127564 586381 445640 395244 471473 596504 551120 451798 381128 461698 350800 475959 462620 307913 95033 387608 554998 329039 209047 551965 144612 38561 155763 488128 457978 140586 154584 430546 233295 249865 381922 660368 135915 244515 177174 504547 446588 510142 143954 382571 458904 688083 171020 338594 291057 430111 577844 127094 580545 317933 538157 625765 454109 498563 492058 347900 263881 424350 507252 608865 609658 307862 455832 618866 399299 310420 358742 591742 404758 246568 90529 223356
245422 1154617 352584 988936 418603 562672 754922 427352 886886 421177 763751 697753 1100350 573216 999999999 1138245 904808 751764 822060 626928 491424 541471 604085 546283 661740 335274 784146 683234 627780 57138 245302 841182 877217 775879 332113 964866 805670 195647 801282 116044 908459 343489 486622 960799 279551 840875 739071 507252 474446 577453 710166 1006064 1023667 438524 458392 811359 795226 797832 943188 578272 534454 736491 708694 126886 833749 648031 548548 239769 836680 876982 636582 713725 690484 991159 996017 643735 1005292 527637 972491 965617 753813 1055183 924384 756336 494085 929182 319155 1002027 840935 362045 337483 848184 952103 283460 248387 1125524 716836 818815 521628 403065
911181 110837 908804 350404 969636 728419 949705 928766 464099 983989 602722 440744 71763 667602 1138245 999999999 508829 396508 803190 820119 675992 970722 861089 829477 957305 873820 732717 467933 552697 1172731 1091528 872700 957090 536674 927377 226917 890614 958626 848377 1076203 229792 794880 706724 487641 967860 339349 459156 783943 686899 694317 518808 204231 378570 744871 701787 958655 620242 433043 617108 831843 625117 428453 698437 1116907 961875 602050 799590 899169 318673 522715 524508 426251 871422 358437 167734 545398 153999 619676 172170 290789 427059 316550 216720 382006 644656 792613 901181 197902 464704 776946 852257 466400 339021 944055 890081 202312 444138 555896 757897 885549
661177 437823 575587 164334 583679 352006 455353 905858 55379 594313 781588 421315 437526 331615 904808 508829 999999999 469659 298306 371714 431514 535370 937400 873213 484341 781555 918491 496693 314532 916696 759553 365954 448925 720613 847771 294203 387822 784708 346180 805764 405351 618838 421505 57002 862350 253341 233375 797789 451416 330328 217735 305861 161353 469404 465955 455830 138961 177885 120364 894590 406439 287496 240441 831603 456708 687538 396649 706370 481468 780544 336786 435451 393892 158379 508101 294827 502316 548992 463250 620206 548909 223664 438315 404278 520549 286338 806241 556584 695453 612794 751511 703221 170085 636312 684436 350518 515143 88956 393547 532563
540205 440475 577119 413718 664482 462632 769088 543552 415974 679857 313374 78724 374379 392889 751764 396508 469659 999999999 672629 594593 339029 706848 511096 462727 738820 477532 452705 71426 267727 790767 742295 740679 826083 250996 532467 292400 739878 566055 701655 702240 174960 409974 384909 494520 571638 226837 255352 403774 342017 430266 309783 329457 463798 407982 353451 799850 492675 294350 584840 473806 289846 192496 515404 746206 811802 241654 536158 512134 85270 317499 222426 54477 672230 421594 244485 274882 254326 225578 225086 239964 79263 450083 180097 65396 260443 717229 504971 252508 232796 390358 455750 241417 369345 594770 506659 450587 55986 447397 474708 569160
608645 736076 470114 462625 419643 298556 165593 962884 339131 423625 957824 602721 732709 340079 822060 803190 298306 672629 999999999 195160 464768 321427 1044771 971883 224965 816521 1080975 671231 424612 815192 616364 70975 157973 908042 879330 580954 90073 764326 50393 708192 666519 634487 424181 335412 875207 504313 420418 892044 482401 308071 362847 598974 454123 457889 489994 157674 189931 402497 220984 1000337 473412 482642 166493 717994 158800 838252 279497 687983 713201 988390 467977 624140 147109 456494 779568 410296 776395 654461 734444 871516 747037 519280 700348 612153 603195 108748 835082 823849 904707 638633 786838 913517 464972 539435 661400 648106 702265 251240 328475 419540
416997 776611 275017 520009 232454 141793 186264 790979 387492 239158 843550 517119 755186 206822 626928 820119 371714 594593 195160 999999999 313580 163656 890660 815918 144988 641035 954090 573582 326951 620937 427012 223326 283268 803260 701162 593916 196070 575544 179658 513293 639291 459641 264539 425130 691939 486508 374123 736704 327372 168266 309845 622986 530240 286687 330601 231925 232902 387455 353492 846683 338715 426174 131860 524429 250645 713985 91683 501249 654242 894707 372576 540986 87719 516911 756490 320326 756913 517686 713744 820714 659206 587107 671342 544200 459382 302528 657166 793136 815685 467208 612386 824872 505043 344325 474299 703597 610280 289035 154731 224460
247669 675097 239840 498162 326423 173477 499775 502183 404291 341822 537394 263256 627945 125840 491424 675992 431514 339029 464768 313580 999999999 383693 581647 507963 443319 362271 641839 294168 136521 514578 416137 517346 590264 504287 427849 481022 500119 353583 472456 409513 452869 188633 52173 484396 435306 354866 247821 428154 20147 156954 221991 521256 534716 70388 34617 544454 352403 306625 498116 537314 51573 252428 303001 446283 562051 404338 230766 275904 417802 602396 152448 286358 401109 500745 559413 152350 565098 205451 525652 578992 383875 563881 476860 312483 145894 550165 384381 581093 530168 185483 331866 539364 460726 268161 255474 637226 334232 353916 162449 230330
381498 933732 225072 682041 124227 249002 215223 792045 550015 120300 918380 628137 908125 317465 541471 970722 535370 706848 321427 163656 383693 999999999 918235 842983 120934 640661 1013475 672888 444956 522394 310158 317042 338368 887804 692221 746668 277113 541785 285244 425656 777081 472477 331891 588640 670591 632633 514976 767452 390145 283433 452760 778065 693606 330066 386525 271364 396536 538402 511102 876155 424363 559264 295304 423322 293767 783338 174478 479315 775872 986011 487408 652376 174361 679264 893380 443958 895336 583820 852525 942503 762078 749691 807532 664941 521727 428215 650652 925842 912610 486428 615637 921835 665005 282972 453114 864008 712131 452163 232140 187842
559955 932293 701200 917956 815129 754191 1074650 178323 890502 827715 272628 527248 861620 704793 604085 861089 937400 511096 1044771 890660 581647 918235 999999999 75375 1006318 295478 206195 456512 639047 660942 759937 1098960 1171181 329961 274025 803287 1081295 438305 1054097 640700 674830 445768 627204 975477 324697 726895 704076 153961 565469 738330 729118 839381 967293 605311 560570 1122572 907489 762944 1036347 44441 572263 654075 879927 685146 1141157 269998 801857 463355 560265 388263 605780 520831 978221 925091 693453 657561 707376 395939 698241 587024 448811 959784 667126 565684 441998 1123263 298738 668163 408749 432252 312641 410347 872859 664474 484337 957674 455219 885830 735956 730918
487022 894024 626526 862013 740506 680036 999636 134704 827722 753216 267802 470371 824312 631804 546283 829477 873213 462727 971883 815918 507963 842983 75375 999999999 930984 225967 241285 402959 570432 602508 690361 1025285 1096868 313867 214208 754667 1007097 372019 980356 574842 632090 370554 552869 913132 267735 671075 640448 79845 491454 664835 662189 792172 910787 530257 486172 1047793 838052 700733 969415 34506 500403 593053 807591 620209 1066490 228102 726873 391640 519807 389176 538995 466383 903417 868806 662009 589270 675540 327188 662310 566652 407483 906943 627622 513061 370181 1051924 232634 641509 393637 356899 240624 396874 816891 591055 411744 912845 406855 818644 661190 655760
489742 907407 333532 642522 243308 279791 94463 891258 510099 240769 979492 661006 890716 348113 661740 957305 484341 738820 224965 144988 443319 120934 1006318 930984 999999999 739483 1084663 715483 471096 643317 430790 204717 217604 942128 794713 730419 163231 651482 180692 545779 782751 563865 391765 532416 777313 627770 517780 853258 454293 309797 453392 757104 645689 403274 454521 150444 348477 526894 435999 963137 474845 570888 259127 544239 172841 847510 212734 584531 799214 1035606 516498 684987 90496 638270 899928 465054 899964 648721 856786 965702 802105 706731 815090 689092 588275 324904 751944 937337 957727 575137 712783 966941 633090 396672 557722 829014 752846 410954 280962 289303
268012 913477 417361 812679 529701 517978 816854 151798 745698 541215 429327 447302 850075 486129 335274 873820 781555 477532 816521 641035 362271 640661 295478 225967 739483 999999999 453587 406217 467267 388964 464689 860982 924061 446428 66257 742108 836911 148125 816010 350116 650257 182206 394312 830192 94131 632733 564072 173564 342522 511824 564000 783223 856918 358697 331570 868779 714364 628300 858442 260281 376313 535013 661399 396210 889060 321044 549396 169224 556494 544881 451694 455158 725897 817609 715993 486914 727411 262814 701872 659380 456454 869618 657629 503715 266392 908556 27629 711325 516476 178604 30427 522953 769451 373409 192152 907719 430615 710971 490070 453388
692731 819441 813534 863338 925785 812424 1140221 373804 866156 939874 141112 498139 748155 751851 784146 732717 918491 452705 1080975 954090 641839 1013475 206195 241285 1084663 453587 999999999 422990 656943 839627 907058 1142693 1222231 208839 453496 726292 1132105 601642 1099451 802369 585160 557442 692987 946526 507768 679431 691542 280444 630371 789245 732486 756317 913429 684630 630666 1182250 919527 740825 1029578 213659 616409 632316 914861 849029 1198438 242773 872506 606187 471719 215936 615268 483046 1040906 871595 570890 672450 585175 436572 587444 443297 375413 892234 568180 516921 496398 1144166 465916 534820 269330 538936 460417 266754 819825 791017 621596 863332 403675 884617 804209 833146
477531 509983 526651 461535 620231 435956 753883 476292 445514 635623 290046 75389 444796 367413 683234 467933 496693 71426 671231 573582 294168 672888 456512 402959 715483 406217 422990 999999999 250528 723469 684606 736890 820385 236845 461681 353411 732068 495913 695816 637578 244949 343280 343559 528008 500337 270613 268645 339499 293716 405850 312916 392241 511022 360081 303199 788787 500142 318809 606609 417064 248958 209558 508520 682311 802365 192828 507032 444050 154069 321633 205109 64453 655254 468769 314552 262256 324846 155777 296451 293769 89724 504148 251460 110124 196270 725745 433684 318914 242247 323118 384325 251459 416472 538556 439893 515240 40195 462154 442189 523531
384160 543220 356460 363178 421069 196942 504069 592613 279188 435937 533489 190212 500009 127564 627780 552697 314532 267727 424612 326951 136521 444956 639047 570432 471096 467267 656943 250528 999999999 650973 541558 488330 570743 485816 533430 348070 481934 482643 446414 545197 339224 311257 155566 363069 549786 221662 111314 492401 153439 163528 96803 387493 401639 198183 169468 538262 268812 171415 400210 595051 96650 124260 259562 580751 551897 414547 271447 407104 331435 571885 45862 214036 406041 366212 452835 19719 456274 243319 414465 498351 333346 428024 367377 220436 207136 489405 492256 482245 490909 302497 437343 500025 324757 396350 388636 501481 285249 249542 215229 333415
267025 1184645 350960 1008803 402484 569118 737422 484408 902029 403028 816021 733518 1132375 586381 57138 1172731 916696 790767 815192 620937 514578 522394 660942 602508 643317 388964 839627 723469 650973 999999999 215887 829612 860423 825998 388475 992952 792684 245678 791254 111230 943239 380816 504257 973223 336296 867792 762118 561769 498831 586907 729131 1033814 1041567 456808 482839 793695 801706 818989 948060 634703 560195 763837 711271 99095 816108 697851 547563 279848 875969 927898 663333 750572 679037 1010542 1034237 665937 1043049 568684 1009069 1009312 796882 1076034 960577 791671 531115 923308 373996 1042318 889410 400489 389342 896853 973442 283917 284193 1151500 758243 829411 527471 400383
219183 1084279 188753 874509 196769 408460 525235 599093 754947 194036 850195 672140 1041261 445640 245302 1091528 759553 742295 616364 427012 416137 310158 759937 690361 430790 464689 907058 684606 541558 215887 999999999 623489 648391 842547 493551 888902 584992 324784 587613 139302 868902 363577 386028 816501 453754 762808 646441 629751 407020 434273 600268 927454 900192 346694 393209 581149 632271 694283 771770 724784 467524 664602 534221 119143 603507 717889 367671 301193 825487 947172 567024 693443 474486 874601 973593 551906 979920 544739 941178 978299 769657 943717 892242 725473 490719 725111 462127 991906 891929 384765 450706 900466 844939 148471 285762 1035998 723746 670599 367747 227214
639819 803612 493516 529906 428035 346193 123081 1009492 408638 429500 1021767 669622 801980 395244 841182 872700 365954 740679 70975 223326 517346 317042 1098960 1025285 204717 860982 1142693 736890 488330 829612 623489 999999999 87084 973434 922305 651264 41750 798847 45113 725779 737440 678866 473537 399754 914681 575236 489824 945492 533956 360681 431135 668571 518802 503105 540144 96148 260888 473291 278938 1054601 530559 551715 228770 731071 91847 899948 314030 724488 782959 1055491 532557 691434 150750 523458 850542 474962 847357 712523 805418 941961 814266 584557 771264 680921 659092 127023 878154 894794 972206 684744 831812 981078 534022 562152 697563 714197 768822 322098 370953 443588
690816 885506 538657 611954 458817 417066 123160 1074218 493457 457433 1103486 754190 886085 471473 877217 957090 448925 826083 157973 283268 590264 338368 1171181 1096868 217604 924061 1222231 820385 570743 860423 648391 87084 999999999 1056489 983591 736880 90358 851966 124645 761174 824491 742881 544006 479252 972352 662285 576297 1017307 605829 435305 516964 753198 598033 569495 610696 67657 347899 560375 354090 1126982 607381 637949 311928 761328 45846 979746 374739 780216 869564 1139981 615518 776290 198672 605168 937443 558141 934159 789393 892298 1028940 898982 664212 858319 766885 734176 184140 939732 981820 1057064 750419 895546 1065983 618104 605320 753159 794479 853025 408714 436974 490512
623648 616718 713348 656248 818404 662831 986306 436762 666965 833463 68541 307981 545303 596504 775879 536674 720613 250996 908042 803260 504287 887804 329961 313867 942128 446428 208839 236845 485816 825998 842547 973434 1056489 999999999 475789 517480 967742 580590 932037 763296 376459 479011 556342 744932 528042 475474 501024 295817 497903 635030 549016 547573 706242 560645 502804 1023179 735776 544616 835135 307328 467601 439307 744847 810708 1037374 128267 730385 557539 262914 104637 440998 289189 887073 664650 370672 498503 384902 308790 382618 257086 171838 683624 360393 316345 370388 961405 468443 340622 79843 457783 439165 83117 613240 707688 564491 655990 208535 694823 663138 721580
313152 971045 467399 877191 577524 581009 874354 105661 811699 588151 449818 507168 906465 551120 332113 927377 847771 532467 879330 701162 427849 692221 274025 214208 794713 66257 453496 461681 533430 388475 493551 922305 983591 475789 999999999 803023 897225 168767 877453 368464 706579 245065 458589 896284 54707 695767 629534 184551 408005 576009 630184 843905 921811 421531 396704 927061 780135 693739 924518 246231 442557 599200 725715 411975 947658 355722 609488 213589 608922 569312 517295 513584 785053 882256 766916 553088 778800 324093 755207 701949 505078 933364 712182 562507 331587 972583 44248 759203 549855 243262 96535 555591 833724 417771 239258 968414 483241 777188 551831 506483
726385 195388 702076 158068 753176 508526 723844 828142 244333 767050 585383 296327 161507 451798 964866 226917 294203 292400 580954 593916 481022 746668 803287 754667 730419 742108 726292 353411 348070 992952 888902 651264 736880 517480 803023 999999999 666971 800054 624729 890048 143808 628341 503411 285907 834832 126440 243569 692908 495168 475149 298214 41594 203205 546000 510973 734751 395119 208321 410463 766205 433182 229195 471520 927303 739017 533436 577652 731903 254573 548066 329800 293111 644547 167309 220696 336997 212738 479334 178213 348915 358146 167422 169050 244283 485749 580500 769633 271453 468431 613465 716196 474195 128233 744397 718223 165673 348382 331133 540755 673954
609403 825347 460480 552147 390439 327104 82583 986493 427078 391249 1014019 666937 820504 381128 805670 890614 387822 739878 90073 196070 500119 277113 1081295 1007097 163231 836911 1132105 732068 481934 792684 584992 41750 90358 967742 897225 666971 999999999 769545 42254 689967 746447 655243 454252 425482 887655 584599 492924 927474 515850 344958 432079 686413 544190 480854 520975 68159 272587 481744 309305 1037059 517040 553712 224530 693909 73349 889705 287737 696345 786148 1052394 527002 689358 116300 546146 860968 469866 858444 699041 816056 947421 811775 609295 780146 681784 643855 167189 853216 903973 969932 662184 808120 978905 553254 528552 669328 737951 765301 335943 348236 411098
161840 983945 318140 844650 421899 473882 736760 274334 757616 431024 570672 518813 925777 461698 195647 958626 784708 566055 764326 575544 353583 541785 438305 372019 651482 148125 601642 495913 482643 245678 324784 798847 851966 580590 168767 800054 769545 999999999 755095 202829 729531 173174 367004 837950 132453 680464 590889 321364 333963 477708 574450 841640 884228 321483 318999 791499 694750 653468 843611 405906 385993 576852 624176 248380 812986 452584 485833 79131 649982 682244 481085 532379 654176 848148 810372 500875 820380 340476 789778 772661 562003 907425 742634 577611 316270 864736 139699 813178 645291 186649 144288 652537 804420 260060 104027 964251 527440 704804 438164 362977
596610 783482 451962 510457 391222 301101 115324 964422 384923 393683 979522 629559 778297 350800 801282 848377 346180 701655 50393 179658 472456 285244 1054097 980356 180692 816010 1099451 695816 446414 791254 587613 45113 124645 932037 877453 624729 42254 755095 999999999 686267 705018 633869 428459 384877 870206 543047 453016 900576 488975 315921 392916 644183 503330 458032 495082 110310 230488 440328 271370 1009751 486334 514247 187311 693093 114949 856776 269735 680368 746359 1015338 491040 651698 113139 504551 819289 433601 816654 668377 774333 906937 774361 568185 738751 642831 614553 144525 833287 862540 932457 639668 786805 941384 511130 520901 653484 696517 728381 293728 325951 401759
165045 1083176 240873 900321 302582 457893 638888 472547 791826 305360 761475 640378 1033057 475959 116044 1076203 805764 702240 708192 513293 409513 425656 640700 574842 545779 350116 802369 637578 545197 111230 139302 725779 761174 763296 368464 890048 689967 202829 686267 999999999 847727 295645 395766 862359 323871 764179 655874 521986 394881 475803 620615 930533 932198 348917 379087 695326 690508 711450 837029 608731 456923 660927 600532 47514 717714 635476 437633 205758 787421 867187 560332 658901 575035 901830 943294 559431 951367 486062 915774 928386 715891 967975 866911 697576 441943 815811 342451 954739 821046 316673 342062 829010 865760 173047 201220 1046601 674242 718335 416258 290817
682857 265535 690091 295861 760281 528699 792454 718066 350616 775161 444808 211050 199909 462620 908459 229792 405351 174960 666519 639291 452869 777081 674830 632090 782751 650257 585160 244949 339224 943239 868902 737440 824491 376459 706579 143808 746447 729531 705018 847727 999999999 565090 488054 410594 744364 162206 265168 576915 462170 494110 329476 171173 343750 522829 476517 812156 476618 264705 525618 640191 401398 218205 532151 889102 819769 405666 602742 669399 115611 404299 304896 197508 703643 304949 117202 335881 118263 392073 75547 215286 226023 311204 33854 152256 414932 684709 677819 157526 324788 547209 627298 330448 258329 720649 660334 283269 228252 417529 552686 671365
144684 814526 258357 672004 372128 336025 637823 331339 588691 385498 488132 354275 758335 307913 343489 794880 618838 409974 634487 459641 188633 472477 445768 370554 563865 182206 557442 343280 311257 380816 363577 678866 742881 479011 245065 628341 655243 173174 633869 295645 565090 999999999 214151 670638 247311 507700 418259 296044 168490 331280 404985 669882 712245 176597 155288 688783 539603 481246 686360 403896 214864 403861 481013 341490 708721 354589 368166 104527 495201 583646 307966 370370 545226 675666 653506 329947 662461 190427 629129 632796 420252 734389 580933 412902 150668 727616 200848 661810 530500 21462 152960 538828 631468 234482 96701 791931 379127 542494 307919 285235
241339 698676 202330 504640 279687 127403 450299 538878 400503 295042 589520 307649 655312 95033 486622 706724 421505 384909 424181 264539 52173 331891 627204 552869 391765 394312 692987 343559 155566 504257 386028 473537 544006 556342 458589 503411 454252 367004 428459 395766 488054 214151 999999999 476458 460667 377093 262771 473306 63009 117515 224918 542494 537576 48184 66729 496213 328315 315988 476791 583047 95281 278789 267139 428714 514335 456245 179589 287916 461303 654121 183272 331325 352253 506296 597790 166802 602657 257013 562149 624564 433250 572210 513835 353520 196611 514252 414509 622100 581226 215716 364232 590438 470105 241089 264516 654317 383407 338862 111398 185558
716764 407653 632579 137242 639866 409006 497132 951164 85723 650316 807865 453138 415878 387608 960799 487641 57002 494520 335412 425130 484396 588640 975477 913132 532416 830192 946526 528008 363069 973223 816501 399754 479252 744932 896284 285907 425482 837950 384877 862359 410594 670638 476458 999999999 912562 270451 273252 839018 504134 387145 266679 289824 119050 524499 518958 492717 192432 212551 129646 933249 456933 321722 294779 888455 491498 720429 453074 759928 497007 798759 381461 465061 441975 129272 505485 343512 498263 591814 461644 625617 573239 185001 442230 429726 566949 306321 855308 555484 714282 663807 800349 721647 157675 693168 738417 315245 543039 145911 450538 589543
289094 1007401 445726 901201 552456 578666 860013 149866 828973 562100 503736 540760 944162 554998 279551 967860 862350 571638 875207 691939 435306 670591 324697 267735 777313 94131 507768 500337 549786 336296 453754 914681 972352 528042 54707 834832 887655 132453 870206 323871 744364 247311 460667 912562 999999999 723748 650427 238833 415180 576923 645884 876062 944515 420072 402456 913823 786906 714592 933402 299076 455923 624552 726348 365649 934892 406149 600688 192905 650312 622737 537858 549035 773740 905832 809545 569210 821073 355947 795866 749682 549185 959457 751732 597477 354849 971606 66679 803965 601084 250253 118640 607053 858490 390906 219865 1000498 524411 788399 546733 488012
600949 321583 576447 191107 631182 389071 632472 730706 198004 645364 539583 200742 281242 329039 840875 339349 253341 226837 504313 486508 354866 632633 726895 671075 627770 632733 679431 270613 221662 867792 762808 575236 662285 475474 695767 126440 584599 680464 543047 764179 162206 507700 377093 270451 723748 999999999 120045 603039 369369 354984 179916 166389 240424 419561 385252 650631 314417 103146 373000 686875 307629 104445 373105 801090 657882 462274 460523 610248 228239 528778 204508 206172 545966 198198 276568 210995 274733 372462 231926 371626 304389 238979 196038 164094 370128 525179 659929 319610 444063 493959 605455 451549 145986 618011 595444 284862 278617 255862 419006 549594
495410 438692 458924 253770 511158 269522 531788 679288 187576 525323 557973 194011 401119 209047 739071 459156 233375 255352 420418 374123 247821 514976 704076 640448 517780 564072 691542 268645 111314 762118 646441 489824 576297 501024 629534 243569 492924 590889 453016 655874 265168 418259 262771 273252 650427 120045 999999999 565847 264659 235262 64391 281205 294661 307643 280704 556121 237412 64233 338483 661370 206162 62920 271652 690661 565958 456267 341782 516536 293348 572850 112574 211836 440218 257426 382366 96487 382922 318790 339781 455177 332763 317342 297319 192617 298013 461949 590138 419772 488083 407694 534925 496633 214062 503567 498872 391600 292521 193912 298962 430421
420034 841527 553837 793213 667808 600383 920812 146079 753402 680913 265492 402662 773134 551965 507252 783943 797789 403774 892044 736704 428154 767452 153961 79845 853258 173564 280444 339499 492401 561769 629751 945492 1017307 295817 184551 692908 927474 321364 900576 521986 576915 296044 473306 839018 238833 603039 565847 999999999 411732 585006 585125 731567 841389 451558 406647 968620 759357 627107 892067 110076 420814 520752 727826 568592 987196 185994 648007 328646 468289 385745 462253 401127 824275 799694 618053 511417 631040 249703 613750 535607 357208 840738 575764 449135 290685 972390 188157 602757 372767 281064 180319 377666 748194 522274 346257 853970 348890 741245 582006 580947
231812 688605 235123 516072 326812 188765 513256 483178 423716 342186 528817 267813 640203 144612 474446 686899 451416 342017 482401 327372 20147 390145 565469 491454 454293 342522 630371 293716 153439 498831 407020 533956 605829 497903 408005 495168 515850 333963 488975 394881 462170 168490 63009 504134 415180 369369 264659 411732 999999999 174334 241008 535680 553185 66409 16056 558865 372377 324362 518231 521214 62269 266086 321577 432657 576801 394721 242466 256549 422389 597232 165547 290332 415063 518813 566883 170026 572996 195074 534161 581704 383157 581382 485221 319082 134010 568909 364470 587011 526631 165439 312133 535789 478144 258605 236561 652669 333905 374040 174364 229889
337740 667988 247045 441071 278567 34595 352299 655974 321056 292155 676054 351974 635040 38561 577453 694317 330328 430266 308071 168266 156954 283433 738330 664835 309797 511824 789245 405850 163528 586907 434273 360681 435305 635030 576009 475149 344958 477708 315921 475803 494110 331280 117515 387145 576923 354984 235262 585006 174334 999999999 176943 510088 465927 157363 182202 393005 219419 269352 368619 693955 172863 276023 149736 501317 409398 547868 108979 398778 494821 726622 207968 376094 252787 440810 610111 160823 612304 354388 569631 661770 492317 510442 524257 383862 298959 396738 531891 642458 648083 333231 481746 657287 413780 306039 373859 609344 443053 242541 67614 208002
464810 491325 411596 279724 455239 210383 468438 688804 183722 468984 602692 241408 458393 155763 710166 518808 217735 309783 362847 309845 221991 452760 729118 662189 453392 564000 732486 312916 96803 729131 600268 431135 516964 549016 630184 298214 432079 574450 392916 620615 329476 404985 224918 266679 645884 179916 64391 585125 241008 176943 999999999 333344 313582 272385 256495 494220 187357 94159 307294 685515 190502 121841 209058 652673 504770 492840 280782 497500 354561 626047 123340 261971 376121 281421 446678 77109 447084 335423 403922 518008 384749 347492 361701 249933 303262 412857 588882 484131 542045 397444 534031 550811 246041 461360 477455 436116 341272 156728 242990 379115
767113 158007 740127 154700 788560 543022 746263 867773 259934 802239 615860 336919 134468 488128 1006064 204231 305861 329457 598974 622986 521256 778065 839381 792172 757104 783223 756317 392241 387493 1033814 927454 668571 753198 547573 843905 41594 686413 841640 644183 930533 171173 669882 542494 289824 876062 166389 281205 731567 535680 510088 333344 999999999 193555 585628 551534 754474 416592 241302 417779 802924 473818 269978 497994 967463 757646 569383 610862 773391 285546 572362 370512 332892 670001 163620 229101 375791 219084 520415 190513 364168 392302 146460 191475 283873 527319 591312 810766 280384 494821 655045 757435 500089 135800 783577 759598 124517 385385 352169 576325 710948
778262 291552 712638 50131 733458 492671 614713 964919 146454 745042 772519 440551 307365 457978 1023667 378570 161353 463798 454123 530240 534716 693606 967293 910787 645689 856918 913429 511022 401639 1041567 900192 518802 598033 706242 921811 203205 544190 884228 503330 932198 343750 712245 537576 119050 944515 240424 294661 841389 553185 465927 313582 193555 999999999 585436 568947 611587 299000 231052 245889 927123 498264 324024 398386 962286 610536 702249 546228 808645 446290 746340 406946 446590 555244 42301 421270 383722 411935 603553 380424 552106 538533 66369 371430 403448 590548 422895 883358 472496 664477 702196 828194 670886 94683 768390 789630 196959 517409 241539 532650 673497
193187 740871 169658 552001 260836 159481 469384 506391 448685 276182 588675 333015 695504 140586 438524 744871 469404 407982 457889 286687 70388 330066 605311 530257 403274 358697 684630 360081 198183 456808 346694 503105 569495 560645 421531 546000 480854 321483 458032 348917 522829 176597 48184 524499 420072 419561 307643 451558 66409 157363 272385 585628 585436 999999999 58116 518072 373285 362539 522255 561633 121908 318981 306335 383019 537222 453346 196687 242367 487638 661059 220424 355858 373723 553802 629787 211187 635423 254095 595856 647813 449460 619290 547110 382829 191889 551826 377286 651368 591749 181639 329157 600877 516891 199411 218222 699133 400274 386187 132618 163733
215830 704259 223966 531994 318742 194100 515892 473930 438906 334065 531856 280207 655531 154584 458392 701787 465955 353451 489994 330601 34617 386525 560570 486172 454521 331570 630666 303199 169468 482839 393209 540144 610696 502804 396704 510973 520975 318999 495082 379087 476517 155288 66729 518958 402456 385252 280704 406647 16056 182202 256495 551534 568947 58116 999999999 562457 384538 340310 531072 516447 77865 281841 330745 417106 580755 397007 243887 241288 434592 603004 181257 302384 418308 534698 580412 185964 586715 197338 548157 592770 392301 597377 499174 332379 135393 578177 352953 599795 533674 153565 301257 542797 494147 244738 220966 668663 343382 387798 176409 221550
629876 893446 476084 620164 392764 371183 56439 1019721 495220 390894 1067380 725629 888605 430546 811359 958655 455830 799850 157674 231925 544454 271364 1122572 1047793 150444 868779 1182250 788787 538262 793695 581149 96148 67657 1023179 927061 734751 68159 791499 110310 695326 812156 688783 496213 492717 913823 650631 556121 968620 558865 393005 494220 754474 611587 518072 562457 999999999 339984 547587 374322 1078606 565855 616060 285284 694606 22417 940686 321554 721155 848769 1110030 583823 748471 144389 614105 927165 527387 924889 746907 882362 1011206 870287 676884 845771 743070 689814 219979 883472 969635 1028362 697464 840767 1037406 621407 541811 694114 805779 823059 403636 386617 428876
