NAME : synthetic_000095
TYPE : CTSP-D
DIMENSION : 100
GROUPS : 8
RELAXATION_LEVEL : 1
EDGE_WEIGHT_TYPE : EXPLICIT
EDGE_WEIGHT_FORMAT : FULL_MATRIX
EDGE_WEIGHT_SECTION
999999999 705735 95296 549249 586524 161375 865938 679231 397991 820929 172165 679001 659597 635119 297397 327517 676735 731061 225089 808280 136515 463137 525149 224167 692277 153904 441519 318250 438593 198780 491879 641448 185085 828170 621169 492243 956772 175630 323549 650675 562782 379380 562358 327393 880941 322054 484161 293522 398714 108789 330808 318347 307252 176975 397148 389016 459594 246089 726725 245844 618672 429915 267107 433462 112574 359707 136975 159483 396985 476925 495647 88308 588407 606903 291868 634368 484104 635668 185768 174539 193543 680585 446927 301793 177898 117379 124496 706545 522304 790447 279417 176264 299335 611687 540303 603261 384548 823626 232174 367531
705735 999999999 656455 330758 139392 863967 472380 1061551 457713 487028 874168 293782 329582 331645 975169 380891 848897 53990 620526 330094 757576 404865 227674 714720 455992 734850 529696 879506 860966 901444 384359 1054714 809005 316250 355453 213940 534811 541520 717740 401929 788537 447618 481410 383899 527388 1013805 457875 502616 897355 656587 395810 1014016 1012821 653091 727866 324408 264647 715056 598520 635919 568006 286001 438674 373688 724300 530575 672972 608754 309180 273744 531937 784016 704011 113812 414576 650027 244122 186615 621512 829022 529802 179887 682344 969256 685836 636503 604063 1013107 191491 269155 959890 590213 821725 460343 833133 328293 366851 405802 904482 509029
95296 656455 999999999 545153 528987 215932 778724 614993 413696 731647 224907 599415 655117 631465 385466 293173 588251 676123 130102 728740 107812 376904 459307 302359 602034 100397 473762 278605 369712 251913 496003 581278 279960 750549 536530 443202 869210 174512 239154 657048 474662 391047 469863 296956 791274 403777 393101 205505 344944 14964 312324 397705 372203 240542 310472 332589 398904 322968 632054 303847 523843 372387 228471 352884 201066 265811 207975 202972 349157 453875 527321 178796 494731 565978 255425 539159 422730 610216 237928 269539 126854 611529 354681 316223 95090 169698 153719 632140 482836 715323 303904 212926 243707 628184 457704 520893 312389 739140 323457 274862
549249 330758 545153 999999999 329309 706630 759766 1101541 172656 755146 717650 545945 110531 86417 754272 273231 961428 383192 579089 629888 652019 511681 369438 463338 679003 643950 212932 818723 864734 742593 69798 1079920 582083 625587 564644 261508 836058 376781 710198 125568 870364 179721 636500 263515 806918 802796 574113 495970 869268 552793 235863 807877 830876 425557 752011 319211 330095 455608 801606 381063 731722 315226 331391 456626 517597 568265 459906 403278 277923 130514 203932 602795 820502 228945 306566 800632 334603 152699 397161 612732 444286 455888 740409 849326 615309 443418 425402 1083552 205059 575911 828571 383311 773525 145723 891678 531862 399522 694004 687227 552126
586524 139392 528987 329309 999999999 740983 430693 925051 406196 426792 750812 217653 372091 364688 867662 274251 722025 147634 483875 305383 626707 268884 88881 626557 362970 602167 491815 742001 721716 778126 361359 916963 707584 306522 251212 105674 508983 432898 578442 433466 655405 389151 359064 280863 477689 902401 325037 364938 758155 527728 304060 901111 893238 558210 588888 197781 130522 630520 497971 553306 450801 157114 323340 234672 618781 391257 571816 508481 193579 224269 508133 668835 576254 120044 302512 530260 107777 230712 527236 723277 402304 131412 545285 837744 551290 530543 495440 879992 129208 257485 830329 491639 683680 474012 697327 219664 229409 365348 797187 369739
161375 863967 215932 706630 740983 999999999 985659 634915 548731 935198 11022 813771 816469 791824 208544 488044 700402 887072 315770 942864 150880 587654 674272 316653 804418 186814 579867 260529 420007 37573 646669 590230 210956 965450 747698 650053 1075253 336614 357784 802903 589542 532530 667479 488391 993689 206279 596057 416977 353498 221168 492077 195814 156751 302702 429831 543308 611937 338022 815221 369222 707121 583869 426383 567612 208523 462799 261034 306292 554788 638201 633013 112123 642366 767156 451819 705355 636122 796940 322515 174447 339836 827286 498473 163983 242513 264448 281742 684998 682662 930925 132606 325504 274888 758432 549346 733941 528217 949619 173349 476179
865938 472380 778724 759766 430693 985659 999999999 867314 822188 65088 992629 219655 791105 787746 1162974 642311 588714 423454 670849 144027 839234 402803 413163 985714 186494 804713 912652 868008 762842 1017437 790401 883169 1031605 167206 247379 516404 91026 767910 681686 858140 593920 801224 325964 654021 59076 1182317 390021 573396 835607 769735 690480 1175631 1140814 909717 642403 540636 479225 995915 265017 927177 330587 510602 661108 437634 939493 524250 908216 853489 565455 650871 934626 954067 483024 538103 653096 392742 460795 644449 882820 1034219 677735 306107 564337 1019438 746520 859424 821614 782558 558510 206354 1027432 842166 808167 903712 661212 271266 499963 66932 1097913 509667
679231 1061551 614993 1101541 925051 634915 867314 999999999 1008645 802249 631013 833044 1201993 1181839 828196 828856 285725 1050727 530558 922272 544067 656721 836413 903126 706493 526158 1080912 375468 245972 634057 1070589 50357 833005 956403 745863 897204 928374 777627 395006 1225264 283405 983112 603844 839449 836325 802315 605504 606541 284476 601282 872788 786007 706441 851872 350204 796621 821884 925183 603398 917785 549153 817602 775433 692870 788477 544740 814722 817952 834726 980833 1132849 713062 389700 1021328 797835 476039 834196 1108589 852448 802279 669610 921246 379890 513692 521312 783056 768520 104934 959573 952073 548382 827523 380190 1213943 228999 759971 723011 875914 807306 564514
397991 457713 413696 172656 406196 548731 822188 1008645 999999999 804225 559703 602545 275329 250675 582422 210643 909383 504238 478165 708772 515328 498128 409278 290690 705830 514023 93185 692301 764417 583331 104124 980976 410594 712335 595906 307589 906566 239224 613911 254195 807310 26803 630420 197012 861308 631746 555473 424984 754541 424147 155003 637415 664391 256522 667968 301078 347111 283151 807922 208519 721180 319233 242312 441875 351031 509423 293500 242459 265679 186754 132235 440747 778256 344354 226913 777828 362732 307935 230065 442422 339322 537066 674026 699606 496756 284606 274202 1005583 281050 663572 675654 223518 654589 215079 815938 564728 372822 760514 516121 498442
820929 487028 731647 755146 426792 935198 65088 802249 804225 999999999 941800 209259 795267 789904 1116934 615645 524104 441719 619538 174199 787270 359534 396072 951286 130903 752302 896081 808746 699945 966115 780419 818111 990731 204429 213266 503176 142686 732448 623168 859490 529057 782027 270018 627964 60571 1134204 339446 527434 773833 721963 666202 1126921 1089361 874751 581350 513954 457624 962603 200374 896350 266980 487379 628723 399771 899121 472485 870691 818173 542295 640074 921425 908637 418144 540457 623039 327711 441546 649623 848949 991389 636071 311646 502598 962899 694395 821391 783772 717830 550971 233534 972089 807979 749402 900429 596531 241718 465661 96345 1053096 459269
172165 874168 224907 717650 750812 11022 992629 631013 559703 941800 999999999 821961 827491 802846 208036 498596 701040 897026 322263 950974 156047 595314 683659 326269 810969 191901 590547 257488 418636 27321 657683 585945 218805 973762 755326 660239 1082086 347496 360451 813880 590649 543534 673700 499027 1000144 202833 602849 424913 350589 229720 502920 191663 148772 313326 431943 553194 621623 347528 820109 379658 712147 593706 436790 575964 218901 469322 271728 317272 564997 649044 643644 122570 645180 777635 462298 709198 645768 807785 333333 181682 349371 836410 501537 154716 248315 275451 292742 682569 693165 939504 122639 336500 274265 769297 549364 741882 537288 957074 176414 483016
679001 293782 599415 545945 217653 813771 219655 833044 602545 209259 821961 999999999 587819 581614 975497 426892 587221 257212 509974 129394 675789 231441 193773 776732 163595 643967 693039 741879 672860 848216 572724 836419 833137 152470 87764 297090 305203 562110 557533 650848 549924 581701 229311 438013 261871 1000527 249916 397422 730824 592840 473038 995723 970522 701936 539703 326212 261361 785434 307436 714155 296344 293533 451968 246551 740799 373663 704488 646645 347933 432641 715685 767036 449656 333060 441048 379161 241882 443281 673686 839926 485901 114163 473511 873354 586283 657037 619282 767838 342124 126633 875131 633756 680512 691175 606851 84018 297559 159238 907814 354307
659597 329582 655117 110531 372091 816469 791105 1201993 275329 795267 827491 587819 999999999 24771 857182 377622 1048816 383435 684437 653299 762190 591370 431316 563841 734132 753541 292993 927498 968150 852243 171870 1182145 685722 643223 620848 330949 860196 487307 813509 74749 962556 286368 709330 369017 842527 906964 654025 595455 975896 662491 344366 912737 938485 531456 851820 409710 406291 554164 864992 482698 804548 398047 438176 538823 624915 662890 567197 512082 369563 221317 266173 711727 905483 254870 412564 877804 405283 146726 504019 717747 551658 485468 834984 959844 723537 552731 535583 1179436 266877 594671 938969 492250 881227 145721 987945 588447 488548 724238 791350 645434
635119 331645 631465 86417 364688 791824 787746 1181839 250675 789904 802846 581614 24771 999999999 832681 355914 1032254 385635 662631 651458 738403 576341 419980 539502 725191 730103 270522 904459 947038 827566 147120 1161444 661142 642657 611435 317331 858580 463116 792393 70786 944677 261598 696149 346972 838271 882365 639042 575359 953706 638992 321321 888090 913716 506725 831769 391649 391576 530011 854273 458230 791485 381767 415787 523085 600147 644175 542429 487339 351103 202128 245900 686984 889471 249864 390411 863742 391825 145758 479256 693077 529118 481677 816397 935528 700709 528025 511040 1160608 254279 593717 914513 467518 858626 133476 968955 578867 471037 721010 766746 627053
297397 975169 385466 754272 867662 208544 1162974 828196 582422 1116934 208036 975497 857182 832681 999999999 595866 908905 1006928 505895 1104574 353013 760254 814526 294480 987488 388219 580161 461060 625472 197338 686541 781129 172396 1123561 918559 766999 1253709 435236 564707 825828 798059 575005 854728 591691 1176667 56072 778560 589790 553816 395810 580870 69519 144012 331358 637560 673956 746071 307188 1011796 374512 903237 714542 544575 730619 250887 649697 304050 367811 674209 719568 626593 209095 848436 868095 565282 907773 770639 872809 361912 146412 489612 970921 704122 319420 439112 338765 372491 886246 784806 1084521 282959 387189 482114 766733 757395 900525 679311 1121021 70702 659948
327517 380891 293173 273231 274251 488044 642311 828856 210643 615645 498596 426892 377622 355914 595866 999999999 704754 411063 306815 546882 400419 289317 238191 355740 507140 385734 302253 554090 591538 525610 244586 806720 433523 557968 402816 171310 730778 160892 436974 396409 606867 184369 421624 13677 674886 633197 345292 225831 598582 297359 55854 633179 633366 284917 480106 101818 167110 361965 600483 288094 511160 134069 64783 233887 345653 304891 297599 234252 82699 163151 342305 403367 570209 279406 37767 567225 189546 317218 254424 450443 176803 389753 474547 608878 349421 257368 223621 814386 194791 512898 594258 217680 505254 390100 622700 374005 163643 585684 525191 291790
676735 848897 588251 961428 722025 700402 588714 285725 909383 524104 701040 587221 1048816 1032254 908905 704754 999999999 827937 465722 658855 564923 460989 638169 889570 442275 533672 994799 464354 298293 714769 946888 312051 857726 693507 504594 721777 645069 710350 354156 1086787 113974 882588 368111 717609 553956 899846 399820 484710 383965 573326 757503 886227 818918 822517 279825 642248 644660 909472 323736 878022 291079 650769 667342 510662 788051 400311 794474 775106 683507 832079 1041135 740251 145862 832588 682915 209263 650046 933057 812483 837271 586285 688552 240327 637666 498850 751209 724841 194065 786912 696495 663677 777922 429124 1092257 155353 525711 562028 604259 867461 413037
731061 53990 676123 383192 147634 887072 423454 1050727 504238 441719 897026 257212 383435 385635 1006928 411063 827937 999999999 630258 280105 774330 396787 228986 753356 420791 749752 578978 887307 858461 924346 434872 1046415 843120 264386 327023 240200 483151 571838 719577 455904 773779 492668 459906 415536 479476 1043744 445224 510684 899611 675120 431574 1043192 1038233 689278 724156 343944 278140 754819 564506 675995 542317 303764 465331 372481 756533 529842 706874 642794 334625 318346 583130 811727 684469 160422 442660 625160 255309 240539 657802 861363 549317 143895 673697 985373 698567 668317 634604 997618 230148 218388 977893 624829 828344 514144 821753 302751 375868 357371 936248 508157
225089 620526 130102 579089 483875 315770 670849 530558 478165 619538 322263 509974 684437 662631 505895 306815 465722 630258 999999999 637155 168544 279027 402449 425017 488707 134828 552767 259582 287622 346691 542511 504240 410023 662414 437478 417587 760013 252611 135778 700129 353609 452561 351868 315725 677926 517425 280843 120171 292543 116300 345320 509081 470034 356808 195892 304171 355940 444428 506203 413245 397655 337645 248144 271098 329981 147059 329848 310052 333949 467426 603758 304892 365435 546756 272523 409362 376680 612401 347304 398385 139086 542495 227859 364770 76593 285580 259508 531185 470167 632527 365177 314252 204125 684388 346441 427349 254503 637390 447854 161321
808280 330094 728740 629888 305383 942864 144027 922272 708772 174199 950974 129394 653299 651458 1104574 546882 658855 280105 637155 999999999 803866 358129 308995 900311 216983 771597 796308 862654 782132 977140 666377 930828 960672 34677 202425 401437 207148 687998 676560 722180 639882 689953 330169 557141 201629 1129889 368499 526186 845405 722051 589519 1125114 1099606 826407 651896 448374 379778 908028 346603 834975 373359 412833 576829 375916 868435 497725 830719 771760 465608 529550 813513 896259 532781 403604 564130 450759 357926 506660 797500 968290 615052 174617 580582 999099 713661 783848 746215 847966 434553 62328 1001977 758126 801364 771603 701988 209860 425876 80190 1036684 479252
136515 757576 107812 652019 626707 150880 839234 544067 515328 787270 156047 675789 762190 738403 353013 400419 564923 774330 168544 803866 999999999 446095 552191 359266 656369 35935 568826 182848 306789 179159 601263 505426 297535 828208 605377 545736 928176 277895 213461 762193 451795 493833 518424 404544 845229 356609 449218 279220 262326 103216 420021 346614 302151 312909 287593 433208 496190 381411 664342 381255 556252 471848 335642 432472 244437 315051 273447 288737 453014 561607 622901 177230 495636 670542 362652 555572 519258 717615 318972 273454 229244 699977 351258 211725 92878 248906 244907 576231 588158 796451 204117 302757 163895 730393 419912 594042 402833 805827 304265 329858
463137 404865 376904 511681 268884 587654 402803 656721 498128 359534 595314 231441 591370 576341 760254 289317 460989 396787 279027 358129 446095 999999999 181025 596822 234661 413526 590743 513793 463385 621034 509391 650294 631214 383680 160054 261554 493664 378133 333192 635118 387287 472478 132365 302936 419989 780661 62703 171459 511265 368659 344944 774544 744081 519988 328534 199819 185119 609732 311407 548621 224072 196463 283157 56683 539711 144068 512978 463304 239722 381202 627858 551286 315811 372968 284519 289001 189080 472070 496053 632149 276549 280562 277614 641913 355538 463383 426071 611611 326665 355801 643977 454952 452607 650726 428569 148344 125679 362378 695131 123742
525149 227674 459307 369438 88881 674272 413163 836413 409278 396072 683659 193773 431316 419980 814526 238191 638169 228986 402449 308995 552191 181025 999999999 593092 309757 525599 500451 658485 633335 710839 386558 828095 661413 319873 195505 109010 498836 385698 491438 484994 568226 388069 281083 248204 452328 845567 239053 282441 671394 456417 280906 842937 828944 520460 500214 142623 71346 599986 434384 526181 375347 104552 273527 146014 570230 303079 528133 467113 156614 246565 525458 610482 492319 194810 257871 451990 48954 299828 490806 673074 334606 156432 456574 761558 472587 483277 446425 792625 166290 275526 756308 452323 599384 514777 608958 162783 149582 352713 744831 281485
224167 714720 302359 463338 626557 316653 985714 903126 290690 951286 326269 776732 563841 539502 294480 355740 889570 753356 425017 900311 359266 596822 593092 999999999 830979 378017 286906 537291 662661 342960 394529 864660 127572 912886 739457 521114 1075958 219022 541295 531368 776364 286439 717369 347156 1011734 346400 635440 449736 621316 317316 323088 354117 394444 76836 612791 451951 521747 22321 893736 82656 789812 488541 325075 551775 116285 532756 95181 133523 438418 445751 335475 207302 788098 602649 336187 820667 544864 590948 103074 165143 330402 745461 652875 480572 395750 141560 174954 930030 523823 868399 448827 143550 522983 473414 759731 714451 486088 933338 232067 533505
692277 455992 602034 679003 362970 804418 186494 706493 705830 130903 810969 163595 734132 725191 987488 507140 442275 420791 488707 216983 656369 234661 309757 830979 999999999 621401 798847 681681 581201 835236 694829 716840 864580 251542 114365 418566 272647 612029 495226 792213 425388 682052 139736 520129 189473 1003940 209125 398871 651459 592055 560325 996480 958469 754174 457555 407305 360571 843412 143971 780167 157452 386709 512599 280395 773534 341647 747638 697473 440265 555661 829067 779648 316798 482736 509896 233794 349086 593603 729620 863854 510254 277360 380739 833279 563494 698032 660732 630994 474654 255663 841846 688510 621727 824481 489512 147150 349451 173004 924304 328738
153904 734850 100397 643950 602167 186814 804713 526158 514023 752302 191901 643967 753541 730103 388219 385734 533672 749752 134828 771597 35935 413526 525599 378017 621401 999999999 572458 178330 284689 214704 595991 489574 325397 796436 572285 524570 893435 274889 180499 757016 420123 491442 483168 390933 810084 392497 414790 248891 248931 91244 409626 382546 337421 326126 255003 411145 471859 399862 628408 393079 520328 448851 321151 402160 265522 280466 288565 296347 433359 548305 626251 206637 460973 650920 348125 519937 494443 702553 328881 303608 210774 671342 316592 235971 58330 258768 249534 552937 569590 765530 232392 308563 147868 728577 391107 561739 376016 772118 338040 295818
441519 529696 473762 212932 491815 579867 912652 1080912 93185 896081 590547 693039 292993 270522 580161 302253 994799 578978 552767 796308 568826 590743 500451 286906 798847 572458 999999999 750025 835296 611845 147529 1050829 414094 798312 688581 396627 996093 303549 688164 248571 890593 118275 723089 288577 952766 632989 647523 510190 818478 485764 246402 640993 678794 277325 746112 394219 439600 272976 900898 213903 813359 412166 328063 534630 372984 596149 318834 282105 358807 268229 54164 468278 866228 418696 315424 868675 454563 363542 258497 450304 416002 623202 757385 738053 562540 324184 323957 1083390 363991 749128 710894 266445 717394 186611 895552 657237 465245 850264 518972 586303
318250 879506 278605 818723 742001 260529 868008 375468 692301 808746 257488 741879 927498 904459 461060 554090 464354 887307 259582 862654 182848 513793 658485 537291 681681 178330 750025 999999999 168240 263879 772897 332406 458432 891497 660412 676952 951240 453107 187038 933773 362581 669562 543410 560786 861442 443187 494162 377072 93126 268538 583155 428296 356367 495186 232377 563254 615164 559599 650108 563828 550007 597218 490751 519817 421099 369725 455046 471299 591309 717196 803949 339585 441755 805933 517247 522070 635413 867478 501820 426957 377343 790655 312782 174271 204673 431742 426284 425494 728137 868031 199355 484780 61369 906709 309026 657886 512770 847682 433755 390323
438593 860966 369712 864734 721716 420007 762842 245972 764417 699945 418636 672860 968150 947038 625472 591538 298293 858461 287622 782132 306789 463385 633335 662661 581201 284689 835296 168240 999999999 428324 830001 216700 602833 813925 586095 678241 839584 531856 154648 986907 204162 739186 452120 601315 747125 610368 425313 376309 86676 355793 632520 595787 524606 608214 134941 570963 606526 684448 521951 673225 433210 596980 535125 487373 549879 330512 572187 572643 606515 748404 887465 481928 299171 806203 558716 387578 622284 884874 607548 575679 426452 742507 201691 339798 275540 538596 522946 269572 737518 798682 367070 581829 146604 971982 143481 591603 503608 753477 592565 351983
198780 901444 251913 742593 778126 37573 1017437 634057 583331 966115 27321 848216 852243 827566 197338 525610 714769 924346 346691 977140 179159 621034 710839 342960 835236 214704 611845 263879 428324 999999999 682033 588031 230014 1000128 780981 687519 1106702 373779 378692 837518 605463 567670 697537 525922 1024245 185595 627497 450978 356810 256434 529332 173039 123382 334538 448990 580513 648912 363747 841836 399783 734140 621022 463948 602402 239114 493668 293418 341134 592269 675447 664627 143715 663321 804729 489393 729181 673047 834176 355725 191426 376624 863441 520276 142715 271935 299690 318245 689299 720235 966119 107896 360582 286192 791820 561921 767886 564300 982500 174927 507771
491879 384359 496003 69798 361359 646669 790401 1070589 104124 780419 657683 572724 171870 147120 686541 244586 946888 434872 542511 666377 601263 509391 386558 394529 694829 595991 147529 772897 830001 682033 999999999 1046384 514652 665204 581265 277830 870245 323576 676417 161044 850961 114732 638656 232789 834576 735734 570554 470386 828537 504838 197804 741245 766684 359622 723459 310536 336470 386307 809942 312557 732821 315597 295209 452966 453106 548441 395400 341153 269834 140372 149026 540686 809314 275678 273021 797206 345829 216289 332173 546160 404578 491809 718969 793376 571873 382346 367398 1058761 232294 615571 771121 321508 730701 145652 867179 548775 389820 725919 620109 534186
641448 1054714 581278 1079920 916963 590230 883169 50357 980976 818111 585945 836419 1182145 1161444 781129 806720 312051 1046415 504240 930828 505426 650294 828095 864660 716840 489574 1050829 332406 216700 588031 1046384 999999999 790803 964589 748772 883624 947662 747281 370096 1202704 291458 955816 607288 816823 854993 754220 602124 587495 243595 567975 848750 737802 657793 815699 333186 780129 809417 886826 621370 882429 559520 803178 751309 683110 749341 531164 777728 783815 817225 961551 1103301 671512 401243 1009456 774540 490459 822974 1093484 817626 759245 643141 920315 372771 465307 488948 747819 734995 147440 944918 957687 500336 794199 342196 1188628 229676 760875 708725 888104 761938 551648
185085 809005 279960 582083 707584 210956 1031605 833005 410594 990731 218805 833137 685722 661142 172396 433523 857726 843120 410023 960672 297535 631214 661413 127572 864580 325397 414094 458432 602833 230014 514652 790803 999999999 976992 784432 604591 1122615 276001 503570 656707 743824 402677 739548 427934 1051202 221291 659397 467606 548548 293781 413290 227799 267508 159442 577977 518986 591153 144395 908165 203777 800714 558635 388021 594138 92381 540574 136246 200377 514336 549023 463036 120907 773291 700106 405956 819034 615435 701028 190436 39744 354665 817395 631225 372223 360196 178160 215112 872337 617775 935444 337905 218801 457092 600378 716468 763083 535757 984596 105790 546385
828170 316250 750549 625587 306522 965450 167206 956403 712335 204429 973762 152470 643223 642657 1123561 557968 693507 264386 662414 34677 828208 383680 319873 912886 251542 796436 798312 891497 813925 1000128 665204 964589 976992 999999999 231226 406436 218767 702900 705912 713441 673821 694475 362408 567675 226068 1150137 397525 549616 876116 744351 598444 1145774 1122182 839811 683008 461338 391184 919852 380971 845703 407664 424388 591129 397844 884976 524929 845710 785805 475876 530439 813290 915849 567028 397453 577132 485334 368424 497128 810427 985820 634655 175279 612563 1025503 738746 799512 762071 882486 434814 49710 1027550 771570 830152 765455 735564 235517 444250 108394 1055162 505980
621169 355453 536530 564644 251212 747698 247379 745863 595906 213266 755326 87764 620848 611435 918559 402816 504594 327023 437478 202425 605377 160054 195505 739457 114365 572285 688581 660412 586095 780981 581265 748772 784432 231226 999999999 304427 338306 521102 474686 678127 463013 572795 142031 415306 273171 940116 166313 331323 645745 528552 454172 934235 904085 663182 453577 301362 249057 750263 247111 683260 215748 276965 415864 190316 692250 295785 660935 606784 331461 441743 717176 709464 364589 371256 409783 298833 236022 481791 636801 787729 431154 184716 386151 797477 514066 612074 574276 682288 360321 212589 801264 595960 599091 710144 519265 32784 253370 202656 852571 277854
492243 213940 443202 261508 105674 650053 516404 897204 307589 503176 660239 297090 330949 317331 766999 171310 721777 240200 417587 401437 545736 261554 109010 521114 418566 524570 396627 676952 678241 687519 277830 883624 604591 406436 304427 999999999 599475 331785 527794 379813 641740 288523 378822 176749 558277 803543 323949 305238 704082 443891 198405 803033 799471 453467 550658 114002 77297 524886 540288 447633 474170 81415 225559 211522 516957 352678 468480 404743 95312 137630 418685 571819 577118 129390 202482 546856 74496 212993 422334 621731 316950 231884 520115 757421 478098 428663 394551 863415 65150 358459 746993 387446 621447 406379 674524 271745 175014 453648 696352 332692
956772 534811 869210 836058 508983 1075253 91026 928374 906566 142686 1082086 305203 860196 858580 1253709 730778 645069 483151 760013 207148 928176 493664 498836 1075958 272647 893435 996093 951240 839584 1106702 870245 947662 1122615 218767 338306 599475 999999999 858439 765822 929312 662324 886270 412272 742258 93147 1272652 479239 664010 914873 860067 777994 1265813 1230045 1000096 723126 629338 566366 1085914 326485 1016581 406510 598224 751128 528600 1030491 613132 998986 943954 652864 731803 1016071 1044861 551814 610626 742560 460264 547082 713641 972997 1125229 768758 380171 643919 1105505 835358 950262 912442 838858 637952 265923 1114446 932427 892009 978424 730909 361613 590513 146157 1188795 599083
175630 541520 174512 376781 432898 336614 767910 777627 239224 732448 347496 562110 487307 463116 435236 160892 710350 571838 252611 687998 277895 378133 385698 219022 612029 274889 303549 453107 531856 373779 323576 747281 276001 702900 521102 331785 858439 999999999 386537 484381 601168 216594 500896 157763 792935 472346 418980 240267 516526 184976 155686 472523 475871 142328 448259 243127 315209 231610 679006 175561 577402 282636 112171 332800 185957 327237 142812 85729 239319 301727 356172 244327 593955 437689 130429 615348 339451 460425 118087 290383 124966 541466 470039 472772 259408 97949 62769 783520 353274 660434 453121 77128 416024 453700 598751 496841 267947 716974 364616 324330
323549 717740 239154 710198 578442 357784 681686 395006 613911 623168 360451 557533 813509 792393 564707 436974 354156 719577 135778 676560 213461 333192 491438 541295 495226 180499 688164 187038 154648 378692 676417 370096 503570 705912 474686 527794 765822 386537 999999999 832656 240276 588248 356538 446871 676922 563213 308405 223445 180034 224253 478705 551484 494839 478940 74584 418492 458314 562062 473091 539871 369048 446379 381259 347274 435658 190906 447125 437037 453068 593906 739386 386523 284751 656640 404462 352701 475655 732029 473537 483602 274673 613213 141783 342821 146061 407560 386343 397400 585598 684061 356848 443580 126535 819184 218553 473773 354556 660645 517723 212451
650675 401929 657048 125568 433466 802903 858140 1225264 254195 859490 813880 650848 74749 70786 825828 396409 1086787 455904 700129 722180 762193 635118 484994 531368 792213 757016 248571 933773 986907 837518 161044 1202704 656707 713441 678127 379813 929312 484381 832656 999999999 995922 271305 757884 385948 908347 877487 697724 620629 988193 665846 354915 884503 916257 508298 876250 444540 451758 519292 919254 453069 853254 438976 451995 580637 603883 693749 546710 496613 403310 254979 212056 694778 945484 320073 428208 923715 454077 216468 483337 690941 563389 552035 865841 952460 732184 538638 526268 1208700 318706 664501 929268 477530 890954 76156 1016814 645440 524782 791453 762411 677683
562782 788537 474662 870364 655405 589542 593920 283405 807310 529057 590649 549924 962556 944677 798059 606867 113974 773779 353609 639882 451795 387287 568226 776364 425388 420123 890593 362581 204162 605463 850961 291458 743824 673821 463013 641740 662324 601168 240276 995922 999999999 780604 321016 619262 569201 790972 330795 382763 290601 459720 657894 777807 712933 710073 165870 553029 564575 796430 336553 766683 268070 566387 565059 430928 674187 302694 681351 663565 593690 742882 938257 626597 110917 759471 582422 202107 573172 854683 700866 723651 478192 640741 133302 536852 384890 638645 613094 224650 706297 668698 560553 667073 321811 996613 69514 478336 474079 596787 755063 318239
379380 447618 391047 179721 389151 532530 801224 983112 26803 782027 543534 581701 286368 261598 575005 184369 882588 492668 452561 689953 493833 472478 388069 286439 682052 491442 118275 669562 739186 567670 114732 955816 402677 694475 572795 288523 886270 216594 588248 271305 780604 999999999 604819 170712 839477 623153 529465 398220 730519 401123 128608 628159 652128 245857 641755 276281 324483 280890 782671 203783 695247 295858 215572 416355 338575 482619 280852 226602 241796 174329 158988 426021 751490 333845 200123 751423 340917 305999 217777 433017 313583 519360 647327 681171 472697 268085 255023 979333 266376 646019 658047 207092 630880 237148 789527 541871 347018 740133 507622 471658
562358 481410 469863 636500 359064 667479 325964 603844 630420 270018 673700 229311 709330 696149 854728 421624 368111 459906 351868 330169 518424 132365 281083 717369 139736 483168 723089 543410 452120 697537 638656 607288 739548 362408 142031 378822 412272 500896 356538 757884 321016 604819 999999999 435255 327016 868867 81960 272123 517739 458987 477290 860828 820551 640798 323498 331080 306443 731697 180022 674413 95380 323350 412445 188581 650158 205397 629582 584520 370094 506761 759844 648523 224918 474779 415635 171320 304326 580906 618848 735876 389101 322001 250470 693563 425602 579843 543603 541250 442454 351050 702174 578017 483063 778017 377645 158708 258016 304996 793277 195014
327393 383899 296956 263515 280863 488391 654021 839449 197012 627964 499027 438013 369017 346972 591691 13677 717609 415536 315725 557141 404544 302936 248204 347156 520129 390933 288577 560786 601315 525922 232789 816823 427934 567675 415306 176749 742258 157763 446871 385948 619262 170712 435255 999999999 687086 629912 358968 237671 606882 301768 42177 630260 632224 277425 491148 114011 177468 352751 614057 278040 524836 144668 70078 247437 341054 317570 291766 227994 91807 157376 328739 401491 583427 280370 43655 580833 199367 313371 246607 445887 183522 398441 486773 611943 356158 252933 220179 825981 195794 522232 596576 210828 512777 378124 634392 386267 177258 596971 520989 304741
880941 527388 791274 806918 477689 993689 59076 836325 861308 60571 1000144 261871 842527 838271 1176667 674886 553956 479476 677926 201629 845229 419989 452328 1011734 189473 810084 952766 861442 747125 1024245 834576 854993 1051202 226068 273171 558277 93147 792935 676922 908347 569201 839477 327016 687086 999999999 1193409 398573 587419 823111 781423 724947 1185947 1147380 935226 632154 573108 515432 1022964 233642 956422 314434 545677 688911 460304 959630 530894 931260 878662 600648 694425 976937 968546 458668 588408 682904 367127 498619 696159 909342 1051679 696537 357097 552553 1017987 752360 881962 844342 747963 603819 263831 1028041 868391 802707 951675 637763 300899 525977 122248 1113083 518206
322054 1013805 403777 802796 902401 206279 1182317 802315 631746 1134204 202833 1000527 906964 882365 56072 633197 899846 1043744 517425 1129889 356609 780661 845567 346400 1003940 392497 632989 443187 610368 185595 735734 754220 221291 1150137 940116 803543 1272652 472346 563213 877487 790972 623153 868867 629912 1193409 999999999 794846 609282 534531 412590 621786 17352 100393 377879 634255 706726 778397 360195 1020507 424946 912191 747563 579148 754385 291996 663486 347535 410191 709641 762821 680185 235165 847962 908460 601118 911632 802993 917687 407626 190530 515589 1001577 704370 289054 446746 378098 409743 865532 824563 1112483 253934 429995 470811 819595 746379 923639 706584 1142768 115627 675264
484161 457875 393101 574113 325037 596057 390021 605504 555473 339446 602849 249916 654025 639042 778560 345292 399820 445224 280843 368499 449218 62703 239053 635440 209125 414790 647523 494162 425313 627497 570554 602124 659397 397525 166313 323949 479239 418980 308405 697724 330795 529465 81960 358968 398573 794846 999999999 191837 480966 382971 401143 787481 750859 558850 291027 260209 247743 649737 260860 592720 165898 258901 332163 117815 569470 134374 547928 502561 300721 443606 686149 571119 254223 432913 336746 226891 250952 533639 536906 656828 307628 319217 230562 634265 356547 498173 461808 555440 389001 376540 639900 496093 432866 712563 376532 166984 183027 358886 715875 119892
293522 502616 205505 495970 364938 416977 573396 606541 424984 527434 424913 397422 595455 575359 589790 225831 484710 510684 120171 526186 279220 171459 282441 449736 398871 248891 510190 377072 376309 450978 470386 587495 467606 549616 331323 305238 664010 240267 223445 620629 382763 398220 272123 237671 587419 609282 191837 999999999 398872 197231 275351 603089 573640 374159 256411 195047 238901 465578 444784 415708 340085 223971 182717 153325 378040 87909 359345 319181 230248 374369 556501 381226 358286 434502 199709 375085 258499 508724 355276 465227 119340 423186 249712 483139 192913 309861 274813 588647 362187 517242 481274 315695 319138 615795 396895 316974 135766 533815 525671 84253
398714 897355 344944 869268 758155 353498 835607 284476 754541 773833 350589 730824 975896 953706 553816 598582 383965 899611 292543 845405 262326 511265 671394 621316 651459 248931 818478 93126 86676 356810 828537 243595 548548 876116 645745 704082 914873 516526 180034 988193 290601 730519 517739 606882 823111 534531 480966 398872 999999999 332715 633817 519300 445188 574162 194287 592671 636534 643520 601844 641708 508699 622843 537967 527280 505817 370533 535435 545155 624900 759908 871839 428611 382414 833373 563339 468874 654582 904052 577793 518160 425088 791790 271289 256606 257823 507644 497643 332489 759838 857403 285963 556863 101359 966719 229828 647854 532679 822076 526792 392161
108789 656587 14964 552793 527728 221168 769735 601282 424147 721963 229720 592840 662491 638992 395810 297359 573326 675120 116300 722051 103216 368659 456417 317316 592055 91244 485764 268538 355793 256434 504838 567975 293781 744351 528552 443891 860067 184976 224253 665846 459720 401123 458987 301768 781423 412590 382971 197231 332715 999999999 318888 406028 377850 255222 295509 332286 397366 337907 619785 318151 511456 371644 232577 346510 215751 254347 222893 216868 350500 459030 539171 190481 480361 567826 259600 525617 420955 614577 252118 282455 126941 607587 340012 313940 80670 184233 167241 617618 485165 709793 303305 226318 231681 638251 442806 513626 308522 731035 334802 264139
330808 395810 312324 235863 304060 492077 690480 872788 155003 666202 502920 473038 344366 321321 580870 55854 757503 431574 345320 589519 420021 344944 280906 323088 560325 409626 246402 583155 632520 529332 197804 848750 413290 598444 454172 198405 777994 155686 478705 354915 657894 128608 477290 42177 724947 621786 401143 275351 633817 318888 999999999 623281 630778 257740 526098 153128 211678 326488 655920 249385 567007 179880 97447 289274 330264 357207 277487 213322 125130 146124 286938 398832 624365 287239 75866 622836 231997 304866 226238 434467 208735 426729 525018 623401 379466 243835 214984 862231 204485 552006 605825 194500 537678 341879 671027 424539 219275 632258 510342 345094
318347 1014016 397705 807877 901111 195814 1175631 786007 637415 1126921 191663 995723 912737 888090 69519 633179 886227 1043192 509081 1125114 346614 774544 842937 354117 996480 382546 640993 428296 595787 173039 741245 737802 227799 1145774 934235 803033 1265813 472523 551484 884503 777807 628159 860828 630260 1185947 17352 787481 603089 519300 406028 623281 999999999 83082 382450 622027 704858 776293 368653 1010902 431546 902710 745746 578129 749354 294475 655542 350775 412732 708780 765228 688790 232610 836202 909466 600552 900860 800878 920775 411718 195148 511635 998706 692885 272532 437510 379446 410148 849907 825363 1108609 237658 432672 457107 827530 732460 918261 702766 1136839 122141 667742
307252 1012821 372203 830876 893238 156751 1140814 706441 664391 1089361 148772 970522 938485 913716 144012 633366 818918 1038233 470034 1099606 302151 744081 828944 394444 958469 337421 678794 356367 524606 123382 766684 657793 267508 1122182 904085 799471 1230045 475871 494839 916257 712933 652128 820551 632224 1147380 100393 750859 573640 445188 377850 630778 83082 999999999 408132 562399 695497 765252 411895 962517 465364 855265 736305 574151 724339 313578 616966 371289 428408 704231 775838 729045 231996 777947 912547 598477 847176 789618 933728 434548 229307 494374 982795 636557 192960 395021 390425 415902 773306 827924 1087478 159832 448543 391133 863884 664071 890614 683996 1105757 171072 631149
176975 653091 240542 425557 558210 302702 909717 851872 256522 874751 313326 701936 531456 506725 331358 284917 822517 689278 356808 826407 312909 519988 520460 76836 754174 326126 277325 495186 608214 334538 359622 815699 159442 839811 663182 453467 1000096 142328 478940 508298 710073 245857 640798 277425 935226 377879 558850 374159 574162 255222 257740 382450 408132 999999999 548507 378476 449173 91419 817541 69273 714075 416025 249968 475128 96195 458163 42248 56701 367464 389990 330319 190957 716800 542830 262691 746606 472696 541605 31588 187417 254874 674207 584057 462549 335555 71536 100304 872544 461600 795984 434291 68282 473728 458460 697310 638501 409860 857937 262681 458175
397148 727866 310472 752011 588888 429831 642403 350204 667968 581350 431943 539703 851820 831769 637560 480106 279825 724156 195892 651896 287593 328534 500214 612791 457555 255003 746112 232377 134941 448990 723459 333186 577977 683008 453577 550658 723126 448259 74584 876250 165870 641755 323498 491148 632154 634255 291027 256411 194287 295509 526098 622027 562399 548507 999999999 447186 477065 633239 417739 607581 318809 470046 429428 354225 508872 198955 518124 504384 484792 630632 796096 461107 215664 677183 450483 290705 491551 760314 541342 558186 330117 607591 80487 400286 219273 476974 453640 337644 611737 665947 418252 509563 178210 867976 150550 457752 375673 627812 591741 219970
389016 324408 332589 319211 197781 543308 540636 796621 301078 513954 553194 326212 409710 391649 673956 101818 642248 343944 304171 448374 433208 199819 142623 451951 407305 411145 394219 563254 570963 580513 310536 780129 518986 461338 301362 114002 629338 243127 418492 444540 553029 276281 331080 114011 573108 706726 260209 195047 592671 332286 153128 704858 695497 378476 447186 999999999 72274 459789 507150 387944 423881 40921 130978 143144 428079 253687 385510 324669 41358 190097 429056 472289 501542 242680 115834 486687 96755 313929 349232 531416 205746 298418 425441 644918 364122 340826 304176 770052 167268 417865 635578 310233 508242 453631 578902 272262 80355 484569 603910 235793
