NAME : synthetic_000124
TYPE : CTSP-D
DIMENSION : 100
GROUPS : 8
RELAXATION_LEVEL : 1
EDGE_WEIGHT_TYPE : EXPLICIT
EDGE_WEIGHT_FORMAT : FULL_MATRIX
EDGE_WEIGHT_SECTION
999999999 333770 786620 492656 497907 656543 155403 409058 684345 175323 340603 840827 334280 580410 660589 842307 653038 372585 762900 524206 497261 233347 558202 27157 207364 418500 515038 590867 214981 695951 577930 669076 444515 668200 378755 529120 599992 324562 509285 279803 712263 442530 375847 465570 636071 797285 736674 531047 794337 355978 734744 763134 863667 250695 423139 285518 776291 785351 107978 401256 619354 440526 278719 472043 330952 668031 630751 443433 388368 543237 499844 404927 425271 283885 797207 605139 210645 771774 654792 71208 684206 321380 682193 153913 402034 718351 560059 491145 546358 328403 264961 543753 459270 268445 183685 225168 486466 164811 833562 756710
333770 999999999 500147 417052 171140 415618 476825 560310 444147 363759 633625 803378 265741 323817 334141 770749 499049 399987 435401 816670 799596 220775 698918 326781 435989 84814 209879 415609 341471 510872 559112 395169 766793 460104 139264 835976 402898 419280 582195 60400 700937 545674 172607 263522 351562 763031 716421 199952 510800 629290 411046 433453 857338 583616 195420 89259 500509 521586 438861 198382 307246 660881 565444 781234 376860 367361 704117 162544 533239 229012 792829 558460 192703 598538 503063 706710 209614 684023 365998 346912 374068 653474 786541 282944 68427 669030 418359 209144 396516 298612 90242 596459 164812 213182 488182 292124 443898 421026 848986 579291
786620 500147 999999999 458766 439689 168660 891393 776717 156299 718987 984920 665569 746658 210693 230816 589962 333250 584614 210866 1139695 1140822 720434 849140 769043 781591 435159 290349 300307 667264 272314 566244 119392 1149269 225157 408588 1181171 263683 916045 697302 529541 643416 715632 412057 337079 151613 644854 638696 406846 14150 957071 185263 232447 750317 1011261 364592 507787 37537 77109 872995 635454 203984 918881 922691 1136383 600969 136475 765225 543859 755299 475323 1119744 778161 607385 985226 30154 804169 709663 513064 134781 823073 146381 1072526 860895 664084 453375 568061 358056 547282 348754 527058 531263 678694 522434 533190 881545 792169 505409 909777 777321 302170
492656 417052 458766 999999999 521947 290107 530535 322736 305388 348573 564686 387918 657438 283493 495925 365337 180040 149574 570749 697592 705798 573824 392834 466617 386550 434119 362707 161415 293165 242039 148532 355740 735569 248872 286403 746136 195474 760027 241663 387426 285253 257495 247918 193924 360089 346702 299540 522275 458236 527080 531406 584865 440498 646236 246652 343272 429409 414134 535886 615043 419638 466952 512309 708022 183377 414428 331695 569383 304085 590139 679849 324791 609092 587748 483825 358469 549443 285463 379009 556249 449854 692773 426634 338767 437718 253791 104745 608167 110122 165758 360506 230624 563265 249061 503374 625218 47471 654473 435319 286276
497907 171140 439689 521947 999999999 415919 645446 717866 440388 533616 804764 890615 323879 328409 223190 844080 551698 542309 311027 987692 970722 332737 849377 493745 606169 98843 189455 467423 507655 541682 670313 364545 936284 481027 242679 1007025 441807 504918 721149 231427 804728 694240 281859 334564 316208 853794 815715 39410 452837 799955 298603 302545 955201 748594 275312 252221 452735 484564 604922 200857 237119 826457 736582 952146 526387 305255 836837 106154 690807 68548 963886 716492 169801 768675 432441 847264 333979 755035 321808 500336 294632 819230 924966 453253 106962 759113 490306 110231 467637 440808 259411 728824 83430 368465 658619 402530 558364 560505 955764 607571
656543 415618 168660 290107 415919 999999999 746005 608915 28893 567715 825460 535690 679520 92641 273692 469753 182601 418705 314193 975231 978202 632187 681053 636086 626085 373721 229075 133073 513745 140136 402581 80917 992349 77265 294109 1018647 95379 832574 529218 427938 493023 547057 284211 191305 114705 508543 492285 394413 168556 795079 276370 332776 615540 866441 239302 396297 140635 133991 733520 587201 204703 751685 765227 975501 437796 160773 601668 506659 587973 470561 955811 610475 565763 831531 194126 638282 616344 384479 123505 701850 197107 924318 697772 521314 388640 423205 190279 525197 180135 369659 420608 511866 489621 391610 731582 700622 336809 794489 635037 197881
155403 476825 891393 530535 645446 746005 999999999 343904 771959 183451 191642 828655 483787 680920 791275 845915 706282 387182 893148 371454 342560 386162 478785 152773 153146 560170 638445 658329 239704 759350 578237 772045 291329 743187 494638 373818 675480 438728 472508 418940 696184 399856 481945 556940 745158 786160 723005 676566 897411 217521 862204 895549 835663 120436 528768 414618 876099 879123 55161 556604 742063 327218 138874 316680 348516 783460 579933 597153 331474 694363 347212 339139 580622 128527 905661 542130 364803 787028 765042 194663 804103 182499 611549 227398 545076 719666 616928 645352 608086 383862 397920 512900 612103 358204 47093 366737 510591 240191 796868 813055
409058 560310 776717 322736 717866 608915 343904 999999999 626487 240591 279383 502704 707906 583505 770360 536082 492536 196804 859596 379338 393532 604245 150850 384530 205288 619028 615974 483886 229986 559550 286549 666654 444914 571588 485871 432966 516307 733286 142720 504873 371579 76330 451423 464420 660895 462638 399572 733850 777411 230768 821584 870013 497840 426343 481456 471334 749416 736283 380705 725005 699989 144391 251715 402430 196328 712593 236321 720619 27105 783356 363670 4830 734731 333332 800005 199619 577032 496168 681248 478920 744575 447066 273844 307040 612843 414157 427465 768739 431444 285103 472176 185462 725002 349718 299123 622267 280089 559946 455441 592060
684345 444147 156299 305388 440388 28893 771959 626487 999999999 592827 848013 528833 707726 120654 288088 459947 181347 438608 319917 995418 999357 660991 693569 663667 650091 400969 255084 144913 538456 129761 410154 90831 1015597 71896 322990 1039823 110199 861356 541800 456824 493263 562879 312757 218829 132075 503582 490880 417607 153967 816659 283309 339381 610392 892378 268057 425155 124425 111102 760315 614265 222745 769893 788495 997407 459377 172367 609246 532717 606202 493492 976312 628216 592328 855764 183916 647871 645210 376537 137119 730186 207184 949636 705060 547963 416157 420974 202791 550066 195412 393729 449465 522506 515264 418708 756735 729487 351293 823041 632417 180948
175323 363759 718987 348573 533616 567715 183451 240591 592827 999999999 279028 671276 470120 508513 643265 678913 523022 210394 742801 456701 444547 365768 391420 148909 72834 438282 485594 475395 56253 575953 411455 599797 433249 561027 340013 482993 493728 495616 333975 303578 540992 267599 319165 382038 577164 627900 566216 558147 724011 267316 708971 747988 690191 302314 363522 282877 701183 701525 188495 500581 585801 304728 211751 431558 169646 619700 455756 512530 217572 592673 433420 236906 515287 266556 735356 432160 338814 613989 597573 246531 643939 356886 510504 81172 427026 553318 433477 562033 424792 201223 274241 368863 521569 192078 163908 381701 332042 336917 658785 629731
340603 633625 984920 564686 804764 825460 191642 279383 848013 279028 999999999 779478 673681 776801 922139 815435 744132 416131 1021273 185301 166301 573918 368252 330999 208150 712422 764207 716174 322471 806481 562109 867126 171102 805183 618837 204077 741767 626910 421938 573389 649721 354131 596444 649485 848914 740433 677792 831954 988562 52818 986960 1026802 766544 192212 639301 558406 963665 958891 246751 738762 863398 186411 68259 153076 389507 894022 498093 769753 282815 859756 160989 274995 760213 83703 1003615 447578 551100 773889 869558 386208 919928 182529 500992 354593 699687 693320 665248 818971 662773 457865 546851 464603 782270 469965 156933 558143 530937 424915 718765 848962
840827 803378 665569 387918 890615 535690 828655 502704 528833 671276 779478 999999999 1044349 589364 805373 85787 355913 469365 848656 836168 864570 957425 436253 813673 676140 811476 710991 431611 625925 399305 264238 616387 937474 458962 668522 899517 465326 1135966 361214 775341 132608 433439 631733 556941 646656 43563 105692 883370 657035 728464 811563 867852 87807 924870 620993 731186 628070 591849 852738 1001741 731123 610231 754062 883300 510611 696194 292948 950536 505903 956579 828168 507377 994071 835879 695723 351361 932099 152829 658423 910280 732760 949634 343684 692840 817661 134370 400538 985816 423120 539405 748134 318843 942003 630866 788705 1003889 370697 1005492 133254 364154
334280 265741 746658 657438 323879 679520 483787 707906 707726 470120 673681 1044349 999999999 587072 545148 1020809 761047 598517 634839 855234 825048 104593 858095 348534 526254 312586 461421 678985 480014 776149 787163 651526 757779 725842 401662 853972 668115 183089 772506 273455 930972 718978 429725 526572 605223 1002243 949977 362976 758647 690200 621798 625737 1088952 549342 459347 316682 752619 777941 429973 129179 543915 766842 612949 796615 564006 610294 898896 221201 683037 327373 830999 704623 164088 610437 744383 887560 131317 936614 616787 291260 607859 618674 968133 401474 295194 910841 676327 247300 655384 509447 297424 796851 244998 415780 517240 124184 674671 300183 1072389 844499
580410 323817 210693 283493 328409 92641 680920 583505 120654 508513 776801 589364 587072 999999999 220381 531523 235128 387320 287436 936081 934936 541761 673861 561620 572014 281368 139324 158924 457331 214233 417814 91331 939716 152678 207968 975116 124071 741883 524108 339225 528219 529522 204572 127348 77734 557700 532127 310169 216497 750976 248050 302161 663847 800930 157439 310266 196245 206233 663657 494938 143839 722129 713629 928979 398304 131300 612492 415757 560201 386453 915434 584368 474068 774920 227139 641864 526775 443297 97817 621339 166364 861871 708305 453748 296085 466722 203386 436457 184842 319620 334499 513968 399458 322779 670871 610977 330625 711759 676252 279250
660589 334141 230816 495925 223190 273692 791275 770360 288088 643265 922139 805373 545148 220381 999999999 742562 449462 575148 102323 1095286 1086852 540021 876870 649284 714225 252742 158482 378527 601739 413823 636010 197504 1072606 350648 303303 1125791 341895 723727 731079 381645 748561 726169 328156 310410 159488 775481 752072 185964 244841 905655 77971 104812 882130 905284 290646 377358 252843 291090 760660 424033 76940 900280 855011 1074822 575416 116907 827523 329285 744952 247677 1072903 770381 392750 903221 217311 852862 535501 656083 151024 680358 88130 972812 922547 571811 271542 685859 423457 324220 404175 487848 396145 725628 306209 452607 793223 612047 541635 754590 896185 469036
842307 770749 589962 365337 844080 469753 845915 536082 459947 678913 815435 85787 1020809 531523 742562 999999999 296484 470367 779363 887572 912854 939079 490615 815336 692800 770526 659704 377883 629587 330427 268100 549444 978578 392488 632891 949281 408149 1124461 393526 748415 171241 462471 598148 514972 583090 93704 144254 833673 580723 766052 743204 799134 172897 948511 581601 704586 552434 514899 864938 968558 670182 655445 783744 928826 512036 630414 349058 911027 535119 908353 877736 540517 958185 865631 620065 408026 914777 89074 593248 909887 666335 978924 412755 690506 778394 126254 356064 943429 378730 526718 723387 350944 900707 614095 808724 990168 358524 1006903 218308 287839
653038 499049 333250 180040 551698 182601 706282 492536 181347 523022 744132 355913 761047 235128 449462 296484 999999999 329612 496735 871245 881962 692549 534184 628389 565424 485136 364769 85124 466864 69150 239745 263404 915148 109497 360167 922105 111742 889112 385393 489202 311917 421069 331603 235538 290970 326805 309974 539008 328205 705377 458706 515122 433759 823577 303758 448094 297790 270608 707423 692002 375411 636466 692340 885785 362333 341505 435995 625846 476855 614387 854522 495211 677559 767639 362355 479394 671401 208175 303479 711326 378408 871867 530596 501656 495284 240625 93119 654508 109485 327235 470282 359168 613375 390018 681302 753020 214561 809146 452447 106888
372585 399987 584614 149574 542309 418705 387182 196804 438608 210394 416131 469365 598517 387320 575148 470367 329612 999999999 663090 556810 561625 502674 308791 345503 239049 444853 422933 301366 159278 390520 205552 472031 586701 390548 301847 602089 329622 669994 182230 352898 343558 153882 264506 267699 464482 425809 366541 553378 586244 380442 624947 673835 499129 500111 288980 312356 559199 549577 398625 585480 503808 335170 362772 561682 41687 515891 305682 562367 172927 609969 537798 197397 588111 438331 606745 307026 475988 403635 484920 441296 547772 544310 386585 223538 442006 345833 249195 607693 247816 102126 320664 199792 562509 189988 356910 541163 123514 537388 476527 435751
762900 435401 210866 570749 311027 314193 893148 859596 319917 742801 1021273 848656 634839 287436 102323 779363 496735 663090 999999999 1192567 1185354 637024 959005 751588 813155 352851 257230 436585 699808 449657 703718 233331 1173389 389954 402946 1224542 397937 815801 810450 483821 805504 811298 425389 395523 212826 822530 805914 271863 224334 1003339 39407 21588 929496 1007475 385144 479557 243673 285222 862910 509827 160299 992705 954493 1174174 666679 158501 899674 414906 834819 320201 1170459 859912 476825 1004149 186531 929208 633908 696454 196220 782055 121721 1074851 995597 672600 371424 737230 487629 401625 470768 580519 498458 801329 391189 551315 894402 708595 617697 854955 949052 495003
524206 816670 1139695 697592 987692 975231 371454 379338 995418 456701 185301 836168 855234 936081 1095286 887572 871245 556810 1192567 999999999 47434 757032 399964 515791 383986 894034 936814 856573 493734 937543 660737 1024434 161455 945438 792852 66046 886241 794468 506908 756300 716401 453625 767382 810008 1010818 802362 743805 1013841 1141995 189935 1157044 1199387 804139 333103 807821 739076 1115476 1106370 425488 923710 1033119 238188 252322 85685 538802 1058567 543225 954865 394470 1043801 24381 376398 945436 246226 1160523 485100 734841 862552 1031535 565149 1086622 286053 512182 535253 881937 775043 801860 1004132 803216 617361 728820 546122 967134 643138 341173 737137 657429 591387 749563 971396
497261 799596 1140822 705798 970722 978202 342560 393532 999357 444547 166301 864570 825048 934936 1086852 912854 881962 561625 1185354 47434 999999999 728656 429650 490893 372747 878684 928630 862804 485572 947172 678589 1024306 114029 951940 783648 40471 891068 757236 526806 739432 742135 469264 760035 808071 1008542 829533 769828 998167 1143700 183960 1150543 1191364 836149 293382 801892 724700 1117829 1110456 395266 898264 1026749 258160 234545 38583 540448 1055031 572164 933378 405955 1025058 39143 390161 921168 214667 1160734 514907 707332 883881 1029248 533983 1081984 242319 547050 520849 865859 797675 809243 982363 809275 615342 713099 567253 946548 634272 316595 705307 667455 554609 782581 983844
233347 220775 720434 573824 332737 632187 386162 604245 660991 365768 573918 957425 104593 541761 540021 939079 692549 502674 637024 757032 728656 999999999 754691 245678 421734 289931 430105 613705 377494 715074 696865 615779 667299 669795 341461 759053 607796 200487 673144 206361 840214 617581 362877 463252 572333 914733 860410 371545 731285 588239 617991 631272 997901 461657 399355 244881 721282 742029 333777 179154 524038 662436 511733 701714 466503 586515 799506 247036 579633 356827 732701 600889 209311 514152 722343 786170 27340 857165 586606 199296 590443 532401 866529 298674 270991 825150 603995 287486 584273 418648 222281 699136 268385 326578 417024 72327 586729 233409 978682 782626
558202 698918 849140 392834 849377 681053 478785 150850 693569 391420 368252 436253 858095 673861 876870 490615 534184 308791 959005 399964 429650 754691 999999999 534215 352001 751135 728961 548870 378748 603324 297134 748574 510602 629910 610436 463695 585688 882745 151845 645990 319681 155265 573294 566460 751295 403200 346361 861772 847518 315446 919976 971666 407272 543670 596293 609685 817927 798100 521122 870905 802879 183972 364368 450809 323392 805155 143319 860888 175069 916409 392582 154521 878881 439971 875179 85280 727437 475657 770702 627311 839642 549621 134537 456745 746858 385504 491085 908063 501379 408854 613098 175332 863552 485855 432106 773054 345415 704934 355383 620085
27157 326781 769043 466617 493745 636086 152773 384530 663667 148909 330999 813673 348534 561620 649284 815336 628389 345503 751588 515791 490893 245678 534215 999999999 184928 411032 501244 567432 187826 672310 550811 650949 444045 645791 362457 524008 577493 348758 482735 270682 685118 416403 357332 444848 619099 770132 709518 525725 776445 342705 722539 752530 836614 257233 404776 272463 757769 765809 112218 407929 605609 421309 266952 467324 303858 652536 604605 444624 363344 541689 491411 380475 430280 279739 780383 579742 221466 745086 638106 97898 669836 326722 657176 127905 395207 691295 535527 493034 522234 302891 253154 516952 459363 246169 174704 244210 459793 191927 806702 732492
207364 435989 781591 386550 606169 626085 153146 205288 650091 72834 208150 676140 526254 572014 714225 692800 565424 239049 813155 383986 372747 421734 352001 184928 999999999 511067 556155 525654 115041 622573 425256 662942 367723 613273 410953 411567 547333 531611 322937 375693 543831 251228 388318 444768 642692 633481 570452 630936 785944 194488 778812 818822 685787 261307 431467 355695 762089 760063 179253 566204 655274 241004 142260 361171 203221 686809 436331 582642 187702 664724 360794 200865 582629 205838 799150 404430 395535 634837 663257 275479 712167 306448 479039 153046 499686 566557 479450 632199 473397 256435 346758 362194 592409 261840 118203 428448 362298 354663 649197 672220
418500 84814 435159 434119 98843 373721 560170 619028 400969 438282 712422 811476 312586 281368 252742 770526 485136 444853 352851 894034 878684 289931 751135 411032 511067 999999999 149236 400018 410110 485480 581425 339416 849254 428965 149027 915659 380002 481495 624762 141285 718968 596117 188443 255623 292737 773117 731635 119871 446825 705384 330404 349958 872121 668085 190520 155511 440087 465572 523208 213588 234894 728351 644162 861519 427929 299355 742141 140865 591966 165289 870423 617649 194171 680463 434697 750743 283503 682022 304236 430896 300877 737748 829016 358791 18973 678286 414469 174586 391796 343017 165596 633981 130540 269650 569825 362257 467782 502124 869406 553404
515038 209879 290349 362707 189455 229075 638445 615974 255084 485594 764207 710991 461421 139324 158482 659704 364769 422933 257230 936814 928630 430105 728961 501244 556155 149236 999999999 281822 443334 352235 509480 190201 916432 291712 145740 967674 253739 626543 587327 243616 635216 575894 169752 168960 143923 676178 643210 174239 301201 747215 224242 262743 780129 754556 134518 229566 292298 316520 611002 360434 104370 743361 697312 917041 420016 158149 691857 277655 590114 249818 914454 615748 337457 747352 293452 711725 419481 570689 156776 542789 169537 820730 784895 415830 166233 582443 311628 297134 289561 331679 251031 586531 260594 294368 637953 501823 405236 624832 786009 418201
590867 415609 300307 161415 467423 133073 658329 483886 144913 475395 716174 431611 678985 158924 378527 377883 85124 301366 436585 856573 862804 613705 548870 567432 525654 400018 281822 999999999 419383 105424 270393 207441 885817 89182 277387 903251 38968 811863 397050 408723 370603 418685 251044 152430 224684 399072 373545 455863 298722 681755 397517 453413 505014 777706 220203 368824 269332 252732 653938 607394 302484 627896 659686 862987 327001 278271 469181 540722 464567 530816 838195 485828 592591 731005 326750 505215 593481 288882 240372 645408 315358 830453 565366 443507 410259 307798 57879 569583 53551 274476 391705 378854 528305 323346 637760 676093 206638 742256 517658 170109
214981 341471 667264 293165 507655 513745 239704 229986 538456 56253 322471 625925 480014 457331 601739 629587 466864 159278 699808 493734 485572 377494 378748 187826 115041 410110 443334 419383 999999999 519721 363596 548397 482454 505343 299130 524892 438263 524726 301351 282904 497335 240967 274463 330231 527671 582396 521692 529237 671874 303948 664997 706056 649514 358412 316836 255508 648459 647694 242829 495795 541256 319437 257261 475537 117700 571835 426416 497280 204163 569663 471206 227139 506909 318243 684457 409223 350157 562291 548228 285032 597461 411957 489304 78889 400724 504738 377224 546279 368613 145614 251311 332638 503942 149420 218896 403172 278602 379567 621237 573538
695951 510872 272314 242039 541682 140136 759350 559550 129761 575953 806481 399305 776149 214233 413823 330427 69150 390520 449657 937543 947172 715074 603324 672310 622573 485480 352235 105424 519721 999999999 308447 219063 977199 63571 375326 987429 108035 914199 454472 509084 371430 488949 352370 251826 254628 375095 366391 524393 265910 769102 413037 469139 481614 877973 317247 470578 235702 205325 757002 697197 343842 703745 752851 949972 420690 300242 503509 624254 543089 600660 920422 562091 679633 826585 302088 547893 695643 246831 263454 750824 335959 928675 597509 547643 497779 295786 143133 648379 151536 376341 493927 428267 609595 428717 736786 778808 280118 847674 505809 68447
577930 559112 566244 148532 670313 402581 578237 286549 410154 411455 562109 264238 787163 417814 636010 268100 239745 205552 703718 660737 678589 696865 297134 550811 425256 581425 509480 270393 363596 308447 999999999 477679 730415 341908 432885 717412 309265 872245 155391 523910 143830 210220 393839 341464 490903 220750 163650 670779 562851 515855 664362 719405 301813 682953 395090 480075 532615 508694 596877 755476 559115 422558 523628 688846 247052 545355 199168 714858 279433 738571 646982 290380 751807 604842 594063 239723 671032 212733 508151 646841 581997 717016 295199 428770 584215 142021 216302 754860 233119 278302 494607 122157 709736 371479 541947 740967 115216 742737 289875 323072
669076 395169 119392 355740 364545 80917 772045 666654 90831 599797 867126 616387 651526 91331 197504 549444 263404 472031 233331 1024434 1024306 615779 748574 650949 662942 339416 190201 207441 548397 219063 477679 999999999 1030665 157482 292659 1064569 168487 814250 597228 418564 572987 609052 293639 218184 48358 589453 572792 338047 125667 840389 195454 251859 696449 891963 246177 393588 107941 126656 754091 549042 135612 807175 804354 1019016 485788 81554 676091 462517 644223 412679 1004093 667800 524290 866153 136513 710224 602936 464848 47174 707618 116897 953134 772311 544772 356391 503930 262158 474769 248431 409428 417483 582840 443304 413848 762202 686537 403165 796176 715762 271677
444515 766793 1149269 735569 936284 992349 291329 444914 1015597 433249 171102 937474 757779 939716 1072606 978578 915148 586701 1173389 161455 114029 667299 510602 444045 367723 849254 916432 885817 482454 977199 730415 1030665 999999999 974642 770766 116985 910476 671380 585844 708036 810290 520871 752081 812490 1009891 900015 838336 966740 1153505 214560 1140545 1177387 917043 209496 796761 699868 1129359 1126149 337008 842806 1018032 328406 227126 76155 558824 1052942 649100 887816 451131 985691 148674 440804 868558 169544 1166855 594468 648594 941061 1030387 468307 1077013 145333 636232 500820 834745 858524 835592 935656 832552 623092 685062 628043 903167 624984 280170 634867 702038 472269 865968 1020058
668200 460104 225157 248872 481027 77265 743187 571588 71896 561027 805183 458962 725842 152678 350648 392488 109497 390548 389954 945438 951940 669795 629910 645791 613273 428965 291712 89182 505343 63571 341908 157482 974642 999999999 328357 992383 68356 869931 478681 463462 421404 504859 309839 209437 191283 432658 419016 462555 221106 770935 352626 408953 539589 863052 270459 427239 190791 168189 736374 641909 280283 715824 748287 952165 415838 237990 540520 566264 552813 538874 927182 573662 622985 818903 253784 580891 651681 307389 200766 719298 274164 917112 635989 524542 442174 349192 144128 588661 142733 359810 451155 456979 550815 399775 724154 735556 292554 814734 560756 126572
378755 139264 408588 286403 242679 294109 494638 485871 322990 340013 618837 668522 401662 207968 303303 632891 360167 301847 402946 792852 783648 341461 610436 362457 410953 149027 145740 277387 299130 375326 432885 292659 770766 328357 999999999 822516 267433 541724 478836 135224 571644 455223 39444 124959 257488 629066 585279 251577 416862 603007 369783 407985 726114 612038 58134 102420 400564 413960 469850 335774 247849 606226 551763 771551 290338 290310 594232 283135 459216 311095 770250 485072 325822 601791 418480 604979 323836 545645 276050 414975 309509 677125 682375 270408 151387 534496 279253 321995 257311 202216 126714 486177 276951 149714 492668 407977 318877 504069 721592 443463
529120 835976 1181171 746136 1007025 1018647 373818 432966 1039823 482993 204077 899517 853972 975116 1125791 949281 922105 602089 1224542 66046 40471 759053 463695 524008 411567 915659 967674 903251 524892 987429 717412 1064569 116985 992383 822516 999999999 931539 779608 564990 775945 778316 508479 799325 848190 1048586 865084 805891 1034956 1184083 224181 1189885 1230373 868992 314704 841435 762129 1158246 1150922 425276 930376 1066143 295913 272059 57372 580881 1094899 606720 967667 445845 1060585 71545 429672 953960 245295 1201014 548956 738358 921776 1069287 562716 1121677 257570 577791 558504 902573 835102 849642 1016473 849725 655503 750069 605084 981272 673310 350627 733090 707634 577984 814737 1023787
599992 402898 263683 195474 441807 95379 675480 516307 110199 493728 741767 465326 668115 124071 341895 408149 111742 329622 397937 886241 891068 607796 585688 577493 547333 380002 253739 38968 438263 108035 309265 168487 910476 68356 267433 931539 999999999 807328 433849 401587 408456 452882 245675 144831 186524 434048 410638 427893 262813 708988 358940 414941 540459 795486 209318 363776 233939 220373 668142 590483 266440 659802 683686 890043 352322 239775 507932 519839 496145 503550 867396 518055 573852 753139 289494 543418 588795 319620 201780 651615 276902 850203 604134 456225 391571 343969 95001 546273 85361 292650 387378 416711 506186 331547 657157 672274 241808 747384 554646 176406
324562 419280 916045 760027 504918 832574 438728 733286 861356 495616 626910 1135966 183089 741883 723727 1124461 889112 669994 815801 794468 757236 200487 882745 348758 531611 481495 626543 811863 524726 914199 872245 814250 671380 869931 541724 779608 807328 999999999 825875 406512 1013240 762474 561842 662561 769879 1092669 1035400 544248 927357 656249 801079 807398 1169094 464906 599479 443634 918710 940780 384575 312155 716204 758151 577525 723822 630404 780733 950033 403914 711960 510430 771347 729220 347008 550754 916190 927747 218560 1045351 783315 256680 781651 526180 1005697 449178 462982 1006378 799033 429927 780091 598146 420315 857147 427655 511052 481989 136146 767305 203159 1144330 981397
509285 582195 697302 241663 721149 529218 472508 142720 541800 333975 421938 361214 772506 524108 731079 393526 385393 182230 810450 506908 526806 673144 151845 482735 322937 624762 587327 397050 301351 454472 155391 597228 585844 478681 478836 564990 433849 825875 999999999 534725 229355 72890 440182 421384 601226 320510 257246 729773 695731 372617 771250 823750 363198 564214 457527 494536 666186 646833 502133 766594 656069 269171 393017 539378 210121 655355 126405 744517 144746 789283 494036 147238 770025 474916 723342 126143 645953 357249 620385 580489 690307 588648 204585 378679 622837 272766 339249 789595 349646 283857 502296 42756 744336 371609 430509 703863 194192 669713 326658 476050
279803 60400 529541 387426 231427 427938 418940 504873 456824 303578 573389 775341 273455 339225 381645 748415 489202 352898 483821 756300 739432 206361 645990 270682 375693 141285 243616 408723 282904 509084 523910 418564 708036 463462 135224 775945 401587 406512 534725 999999999 667213 494231 157759 257326 378374 733954 684369 259268 539190 568896 456936 483517 824752 527915 193006 44158 525977 543127 382887 233470 346098 602022 505186 721368 326484 401283 658490 215753 477894 289096 732473 502825 235307 539392 535453 657831 188713 663562 394795 300195 412479 597166 738189 222656 126894 641184 403123 264125 382432 253777 32895 551731 221157 163127 428848 272937 409241 381340 812954 576862
712263 700937 643416 285253 804728 493023 696184 371579 493263 540992 649721 132608 930972 528219 748561 171241 311917 343558 805504 716401 742135 840214 319681 685118 543831 718968 635216 370603 497335 371430 143830 572987 810290 421404 571644 778316 408456 1013240 229355 667213 999999999 301173 533144 471255 594979 91159 28083 802255 637316 599326 766801 823011 157984 792393 529942 623268 607059 576133 720924 898056 672032 485267 622369 758819 384028 647955 179572 854625 373802 872404 706772 376193 893461 704271 672968 238136 814234 167413 609843 782310 685107 818002 253662 566712 722913 81107 326449 893250 347303 421894 638185 186756 848433 515245 656106 883066 257978 876555 151148 358846
442530 545674 715632 257495 694240 547057 399856 76330 562879 267599 354131 433439 718978 529522 726169 462471 421069 153882 811298 453625 469264 617581 155265 416403 251228 596117 575894 418685 240967 488949 210220 609052 520871 504859 455223 508479 452882 762474 72890 494231 301173 999999999 418243 416391 607256 392287 328879 706512 715468 306465 772636 823029 435815 491572 442432 456624 686807 671370 430470 722420 653378 216306 321743 478702 168985 660229 188221 708043 72820 761406 438694 80208 728585 403700 740051 168610 590254 420233 627212 513663 693621 517305 249166 319702 592143 339313 361313 754705 367527 253601 461373 114634 709949 332519 357652 643829 212337 600931 397992 518631
375847 172607 412057 247918 281859 284211 481945 451423 312757 319165 596444 631733 429725 204572 328156 598148 331603 264506 425389 767382 760035 362877 573294 357332 388318 188443 169752 251044 274463 352370 393839 293639 752081 309839 39444 799325 245675 561842 440182 157759 533144 418243 999999999 100849 263529 591885 547191 289689 419204 577986 390573 432018 688103 600920 47476 118209 400511 410033 461157 370708 266956 574966 530203 749487 255236 302054 554980 321484 425003 350330 745157 450823 362364 584057 424584 566311 343282 511559 283221 417981 324948 664175 643438 255014 190394 497514 247133 361044 225835 166541 141703 446969 315898 127119 476434 426616 279618 510287 682837 419765
465570 263522 337079 193924 334564 191305 556940 464420 218829 382038 649485 556941 526572 127348 310410 514972 235538 267699 395523 810008 808071 463252 566460 444848 444768 255623 168960 152430 330231 251826 341464 218184 812490 209437 124959 848190 144831 662561 421384 257326 471255 416391 100849 999999999 200813 519494 481404 331015 341973 624130 357267 406743 620649 677280 68288 218960 319490 322713 542673 457379 236988 599920 586296 801749 274168 249801 523159 396060 440015 401636 789108 464874 444528 648153 354421 544565 444011 426619 221529 512780 280497 736856 616653 330882 263548 424722 158922 429265 136307 192801 242548 418470 386001 200544 545058 527444 236343 607003 622403 319536
636071 351562 151613 360089 316208 114705 745158 660895 132075 577164 848914 646656 605223 77734 159488 583090 290970 464482 212826 1010818 1008542 572333 751295 619099 642692 292737 143923 224684 527671 254628 490903 48358 1009891 191283 257488 1048586 186524 769879 601226 378374 594979 607256 263529 200813 999999999 617640 596826 290034 160843 824654 173502 228970 724510 864387 216423 356183 148952 172890 724497 501280 90684 798940 784788 1001545 474241 54569 687246 414299 637407 364964 989881 661700 476220 843657 161303 718029 560407 496791 20719 671547 91119 927124 783282 517863 310044 529386 274814 426436 258054 393529 379651 590145 394991 387766 737832 643566 407398 758212 740669 311885
797285 763031 644854 346702 853794 508543 786160 462638 503582 627900 740433 43563 1002243 557700 775481 93704 326805 425809 822530 802362 829533 914733 403200 770132 633481 773117 676178 399072 582396 375095 220750 589453 900015 432658 629066 865084 434048 1092669 320510 733954 91159 392287 591885 519494 617640 999999999 63447 847626 637003 689805 784906 841304 107001 883329 582608 689797 607526 572697 809739 961308 700456 573795 713526 847262 467049 668263 260233 911612 464947 920222 793604 467266 954228 795424 674951 319186 889314 133931 630269 866721 705103 909158 319519 649292 778844 94843 364766 947628 387141 496476 706424 277914 903562 588236 746538 960767 328062 961961 135833 346152
736674 716421 638696 299540 815715 492285 723005 399572 490880 566216 677792 105692 949977 532127 752072 144254 309974 366541 805914 743805 769828 860410 346361 709518 570452 731635 643210 373545 521692 366391 163650 572792 838336 419016 585279 805891 410638 1035400 257246 684369 28083 328879 547191 481404 596826 63447 999999999 811973 632048 627409 767501 823847 140957 819884 541799 640302 601960 569772 747112 914105 675912 513136 650232 786696 407398 649158 205150 868414 401569 883023 734353 404177 908617 732148 668475 264012 834635 148953 611004 806470 686280 845867 274957 590018 736213 70742 332490 906152 354004 441773 655873 214594 861564 534620 683211 904511 275570 901165 144128 348809
531047 199952 406846 522275 39410 394413 676566 733850 417607 558147 831954 883370 362976 310169 185964 833673 539008 553378 271863 1013841 998167 371545 861772 525725 630936 119871 174239 455863 529237 524393 670779 338047 966740 462555 251577 1034956 427893 544248 729773 259268 802255 706512 289689 331015 290034 847626 811973 999999999 420244 825252 260359 263171 950418 781658 276667 275324 421763 455031 637426 238903 206707 846607 763699 980562 540158 274255 842792 143864 706905 76324 990201 732707 206978 798451 398165 855868 372137 744620 293743 536093 260856 851995 932533 478623 132416 753326 482959 140442 460503 453028 285144 735205 120485 386272 688020 441621 560813 598232 953400 589003
794337 510800 14150 458236 452837 168556 897411 777411 153967 724011 988562 657035 758647 216497 244841 580723 328205 586244 224334 1141995 1143700 731285 847518 776445 785944 446825 301201 298722 671874 265910 562851 125667 1153505 221106 416862 1184083 262813 927357 695731 539190 637316 715468 419204 341973 160843 637003 632048 420244 999999999 960081 199222 245921 742145 1017425 371730 516655 30416 66250 879756 648105 216689 919977 926740 1139726 603498 148866 761609 556773 756303 489023 1122219 778938 620240 990013 40413 801327 720192 504755 144896 831661 160048 1078236 857091 670237 464943 561347 356584 560662 348119 530811 540258 676342 535459 539274 886893 802904 504601 918944 769960 293164
355978 629290 957071 527080 799955 795079 217521 230768 816659 267316 52818 728464 690200 750976 905655 766052 705377 380442 1003339 189935 183960 588239 315446 342705 194488 705384 747215 681755 303948 769102 515855 840389 214560 770935 603007 224181 708988 656249 372617 568896 599326 306465 577986 624130 824654 689805 627409 825252 960081 999999999 968105 1009886 714287 239127 619052 550111 934407 927747 271992 747070 844211 134176 78957 181240 357328 871385 445716 771746 236612 857433 167258 226562 766555 130410 976837 394860 564164 726697 845364 408422 898681 234840 448320 346773 693733 644859 629306 821242 628211 431385 540645 415115 782858 453302 175787 578641 491139 456676 666201 809147
734744 411046 185263 531406 298603 276370 862204 821584 283309 708971 986960 811563 621798 248050 77971 743204 458706 624947 39407 1157044 1150543 617991 919976 722539 778812 330404 224242 397517 664997 413037 664362 195454 1140545 352626 369783 1189885 358940 801079 771250 456936 766801 772636 390573 357267 173502 784906 767501 260359 199222 968105 999999999 56417 891900 977504 349238 450093 215317 256537 833327 499237 123926 955397 920481 1139969 629251 119289 860267 404219 796950 316094 1135091 821960 467228 971550 164255 889854 613400 659639 157161 756488 82383 1044283 956190 640058 349256 699030 448316 395543 431386 543574 469822 761971 380819 517102 862194 690009 578384 831871 910812 460225
763134 433453 232447 584865 302545 332776 895549 870013 339381 747988 1026802 867852 625737 302161 104812 799134 515122 673835 21588 1199387 1191364 631272 971666 752530 818822 349958 262743 453413 706056 469139 719405 251859 1177387 408953 407985 1230373 414941 807398 823750 483517 823011 823029 432018 406743 228970 841304 823847 263171 245921 1009886 56417 999999999 948296 1008989 393075 481224 265146 306687 864190 499684 170037 1001935 959739 1179536 676242 175166 914652 405062 844997 307588 1177104 870223 466262 1007981 208081 943297 629055 715834 213205 780365 138055 1076836 1010439 676607 368269 755427 503620 389590 486304 589457 499434 815487 381267 557093 897927 702484 631604 851509 967198 515357
863667 857338 750317 440498 955201 615540 835663 497840 610392 690191 766544 87807 1088952 663847 882130 172897 433759 499129 929496 804139 836149 997901 407272 836614 685787 872121 780129 505014 649514 481614 301813 696449 917043 539589 726114 868992 540459 1169094 363198 824752 157984 435815 688103 620649 724510 107001 140957 950418 742145 714287 891900 948296 999999999 924158 682019 780739 712895 677361 864735 1054930 806898 588787 748542 858064 538826 775242 268693 1009237 505669 1022189 798495 502655 1049569 829329 780451 322658 971825 237447 737236 934302 812094 942545 295971 721117 876926 197848 468516 1046687 490594 579791 795943 323687 1002195 673211 793257 1039839 415575 1027011 58822 449960
250695 583616 1011261 646236 748594 866441 120436 426343 892378 302314 192212 924870 549342 800930 905284 948511 823577 500111 1007475 333103 293382 461657 543670 257233 261307 668085 754556 777706 358412 877973 682953 891963 209496 863052 612038 314704 795486 464906 564214 527915 792393 491572 600920 677280 864387 883329 819884 781658 1017425 239127 977504 1008989 924158 999999999 647971 527927 996313 999542 145044 639254 858607 370659 179363 259078 463079 901738 660592 690793 419610 792915 311101 421523 666603 108984 1025155 616271 444615 894303 884141 262478 921469 71346 678195 347193 652017 822704 735194 737344 727010 503400 509653 606199 707765 478151 143204 425934 623512 263681 881233 930456
423139 195420 364592 246652 275312 239302 528768 481456 268057 363522 639301 620993 459347 157439 290646 581601 303758 288980 385144 807821 801892 399355 596293 404776 431467 190520 134518 220203 316836 317247 395090 246177 796761 270459 58134 841435 209318 599479 457527 193006 529942 442432 47476 68288 216423 582608 541799 276667 371730 619052 349238 393075 682019 647971 999999999 157837 353156 363304 508541 389226 225314 609659 573656 792371 285549 256326 567107 329915 455610 343490 785925 481234 376920 629283 377306 583013 381331 493602 236276 464249 280703 710840 658165 301563 197033 487773 226015 365027 203608 197408 182057 460078 321020 172207 522325 465338 284165 555666 680817 385434
285518 89259 507787 343272 252221 396297 414618 471334 425155 282877 558406 731186 316682 310266 377358 704586 448094 312356 479557 739076 724700 244881 609685 272463 355695 155511 229566 368824 255508 470578 480075 393588 699868 427239 102420 762129 363776 443634 494536 44158 623268 456624 118209 218960 356183 689797 640302 275324 516655 550111 450093 481224 780739 527927 157837 999999999 501510 516020 383387 276285 333846 574657 490195 708644 287969 384116 617468 251418 444246 314481 715572 469549 276239 530414 515891 618495 225075 619986 373812 315584 398921 595614 698567 203972 145261 597038 360850 298385 340511 211989 24313 510275 254046 124116 419701 308522 365291 402590 769316 537912
