NAME : synthetic_000101
TYPE : CTSP-D
DIMENSION : 100
GROUPS : 8
RELAXATION_LEVEL : 1
EDGE_WEIGHT_TYPE : EXPLICIT
EDGE_WEIGHT_FORMAT : FULL_MATRIX
EDGE_WEIGHT_SECTION
999999999 286357 452734 664015 412800 187697 83780 390905 312442 692718 588160 345047 233686 488304 249665 530299 300988 313159 360047 409773 474758 661199 572316 88167 598107 417037 328568 98141 334202 502387 417074 353794 350137 546900 572544 358763 276968 543279 200105 524488 414430 565048 522129 516516 169161 659816 316369 373206 318457 710961 207385 529174 271175 539523 488054 288346 334082 344737 79892 234851 554492 715158 76137 543603 403453 438658 578454 487438 519266 157292 423739 569449 66244 404530 367300 780001 140604 270768 294666 152326 670911 147569 680837 105252 466451 548364 321468 654878 337772 308183 580579 177779 316972 192080 423996 59393 382044 558261 503545 139521
286357 999999999 288729 830766 671123 98961 221437 165740 368802 613043 743271 484970 302603 774434 481592 623852 96069 514539 641570 630164 760058 850598 830557 203454 806551 699815 42245 384190 616911 528987 700991 601893 632388 693745 831424 284007 110667 780031 468356 307077 300966 417665 387345 607433 339167 881637 602432 557302 434341 584690 313120 777196 38498 604537 682462 517303 618145 350212 208870 337220 796976 913923 210264 782575 393271 674045 834884 771654 791640 442746 137763 383787 228044 557212 566928 980956 182611 396241 212985 381663 819072 161875 529182 331153 207541 562073 543615 588575 623708 443847 435921 398399 593746 427434 539579 318096 643496 513907 423444 382147
452734 288729 999999999 720547 703368 332144 433948 427833 646795 332925 631739 419364 283348 881167 697628 471390 197204 503387 730508 613746 891530 764019 845055 372189 748383 846683 279815 528244 767549 336254 794827 628543 783905 581318 847062 572664 399337 763898 651981 106632 73553 129204 661136 455968 577764 833371 735283 803256 366627 295966 318223 981851 260740 429186 624719 537149 763377 635772 382725 318387 787738 832463 397358 769496 218137 670151 845599 909386 962692 593530 276379 116944 427041 481015 805191 896606 425859 657405 160908 595034 690356 404073 243586 424149 176155 349796 767782 315741 756642 704607 147394 450813 674092 639376 430393 445391 685129 263894 165097 463513
664015 830766 720547 999999999 374649 770173 737528 990478 971813 617068 89738 346136 528207 604432 805768 255886 763900 351248 511736 279395 672404 75924 358773 684046 146212 691264 859430 618656 669376 400797 539265 369306 677417 140809 362397 1016627 890976 258408 712575 825231 648168 714758 1173185 269277 816439 199922 616562 945269 396643 721476 520131 924145 794094 310619 183641 387111 654747 1008489 687852 494121 280755 131567 702710 267166 502491 291026 349554 697441 815790 632095 923584 785183 716771 274289 921657 184057 786694 914018 643484 764072 57741 782086 761927 560707 874439 413097 859696 579226 622823 938438 713873 486238 485481 774185 297909 604639 396876 525336 590802 526131
412800 671123 703368 374649 999999999 581518 496578 800035 676292 773856 345633 308101 424405 246168 464754 426505 644123 204204 137797 128958 304501 331302 160322 474551 246899 316873 710442 329246 298347 515895 168383 74929 304896 338809 160885 762515 686965 149582 375012 805081 635125 762720 928338 424678 519537 275477 247148 595681 349129 846507 393515 549497 643765 476835 211900 166825 283400 725574 472580 386691 150810 359884 479397 146145 523809 86563 165852 329713 443877 311104 798253 806977 478471 283838 568293 413958 553377 603175 561847 453470 413231 558801 854139 340309 799292 556781 506871 729580 250583 615904 770807 275032 124618 448168 353331 362273 32264 638930 649369 289515
187697 98961 332144 770173 581518 999999999 124404 224427 317015 633135 685247 425321 251162 675982 390491 583150 141434 438432 544947 550960 661099 783089 741684 107820 732764 601052 141200 285728 518122 507976 603569 514640 533656 637522 742355 274361 121094 697456 371084 375947 322255 459286 411179 567169 254222 804270 503526 478308 379543 622001 251192 685431 90963 572767 611545 433958 519236 314473 111805 279142 712773 843979 111561 699348 378964 591049 746588 672758 694688 343801 236703 440645 129396 496190 484370 910752 96174 325992 209010 288539 764244 73868 575383 241737 293937 546701 455555 603093 524779 373495 476982 313660 498493 334617 489390 222876 552839 518064 437851 292132
83780 221437 433948 737528 496578 124404 999999999 309220 256790 705824 658732 407281 266512 561981 269132 586093 258225 388976 439935 490286 541794 738635 656036 73042 678093 479653 263183 176438 396979 540181 494865 437139 412179 615255 656243 279814 195373 626275 246979 491493 408489 555265 441007 571365 145122 741693 386481 369689 373087 710722 249319 562624 214889 588390 565062 368901 399092 278351 63463 279068 637905 794284 44545 626769 426887 521212 662213 552214 570466 227137 358587 547910 20763 471639 371323 859669 56919 235944 286968 166097 740890 66767 672315 177518 417287 584012 336702 671048 407238 280210 572039 253743 399029 212079 482634 138736 465789 578238 511547 219265
390905 165740 427833 990478 800035 224427 309220 999999999 325473 760203 904065 644402 464080 866934 517388 789101 255338 662832 749106 775198 839476 1006226 960315 326896 957116 772816 152974 485646 692454 694037 803223 735667 706363 855207 960769 187583 113963 920621 533583 413018 455003 551507 233400 772715 370368 1028602 689702 552261 595585 717638 470414 803026 204237 770275 835406 657400 696998 281847 327877 496520 935149 1067798 320699 922231 557871 814234 965802 846808 843776 533157 171341 501732 324759 716213 570804 1134659 253395 385243 377870 432859 981256 243390 654011 463351 290749 726023 565227 739832 709553 427547 569586 537077 707801 473520 702736 437812 770265 671706 577614 512613
312442 368802 646795 971813 676292 317015 256790 325473 999999999 948058 898812 657058 523084 652032 252298 840209 450551 620891 577617 705757 603030 962552 824329 328375 892815 531177 395780 357192 463977 796523 613862 634032 473383 858716 823580 153041 266341 821279 315414 675871 639049 775127 291643 825881 158106 944639 483544 234849 627174 938855 505829 498943 388610 844722 791853 587414 473911 61892 319632 535440 826621 1011528 300812 819620 679401 723481 832738 602673 566337 365275 469282 750193 275499 716848 259079 1073964 232954 85422 522842 223150 981733 251547 890366 417652 570947 839823 272336 916223 497933 111145 793005 487656 557237 238014 735035 370494 644038 827127 752415 446225
692718 613043 332925 617068 773856 633135 705824 760203 948058 999999999 546174 470920 462709 1002601 939692 379481 517289 579817 853751 651306 1036791 683840 873068 633923 706970 1011495 610035 736186 944372 258369 913647 708805 959713 508460 876069 894941 721498 769884 871559 382061 313425 220653 993171 372791 848686 789944 899589 1065530 444622 113236 495110 1193394 580170 319846 611000 634436 935663 947285 644325 474808 797618 747844 662509 778033 292934 708328 869297 1059213 1141535 794650 607456 294677 692458 491759 1059896 799573 716050 941490 425228 845042 567281 696639 179087 621228 496978 221673 1011603 44298 918268 986016 205203 606319 798467 883515 421816 660777 768890 141491 195645 638891
588160 743271 631739 89738 345633 685247 658732 904065 898812 546174 999999999 260008 440704 587857 746614 173021 674956 279247 477238 230764 649954 139731 369260 602366 168299 659781 771221 550667 628163 317193 513997 323290 637889 51070 372796 936465 806279 261325 653913 736797 559126 630049 1090919 184824 745583 245897 574734 887703 308937 646588 434351 889027 706316 230836 134939 322669 614094 932809 606753 407577 287905 207083 622286 270507 413604 259072 361918 675178 789001 570737 834298 698961 637985 189380 865979 267286 706174 844923 554022 697075 82951 700444 682693 483547 784737 334189 804442 506304 583712 871994 630002 411204 442808 710919 208278 529095 362011 445101 505509 452757
345047 484970 419364 346136 308101 425321 407281 644402 657058 470920 260008 999999999 182940 531728 545235 189035 422329 108902 383899 198482 568526 367861 431938 346037 335347 549667 514736 333050 490804 217999 442895 239171 504871 212352 434295 680905 546391 345055 458998 525514 346707 460032 832529 177136 511484 418054 441515 685729 54867 538707 174345 751811 448673 212407 209155 164812 480014 685085 351385 147990 369596 433385 368009 350983 219247 256757 431208 591684 682376 373400 583645 511845 386823 72295 669993 500180 451066 613234 308292 474938 339173 443612 546758 240629 549036 263537 611988 426719 458136 646522 466623 181502 329779 499026 81449 288940 299593 332821 342732 224798
233686 302603 283348 528207 424405 251162 266512 464080 523084 462709 440704 182940 999999999 599162 477331 332302 240953 233325 447794 349977 613939 550373 573183 194896 512585 574620 331797 275050 499381 273721 512096 349551 515506 391371 574835 519465 371349 503344 409745 381725 221565 366370 662298 316461 398510 592089 461584 606339 131772 493004 36376 735724 265922 325921 386532 257617 493181 539716 203452 39348 524357 615164 222281 507576 170678 402117 575047 633163 697624 336265 402569 394248 248746 255223 598760 682120 297010 497543 138272 385121 517194 284354 475166 160334 379974 318043 549146 423408 482312 538371 378878 168712 391130 421772 239194 198069 404096 325673 281046 188019
488304 774434 881167 604432 246168 675982 561981 866934 652032 1002601 587857 531728 599162 999999999 401543 670507 776247 422831 152316 374250 77610 548089 272275 572167 462726 135298 816568 390269 188078 748089 89315 297186 179641 584446 269314 776031 754848 349143 343389 973991 820590 961420 937074 667568 517491 455735 177534 492158 561575 1065108 563466 349119 756746 718418 456465 368819 178427 711295 565893 567628 332046 556635 564426 341187 732470 330871 283552 99462 222012 334883 911326 993404 550235 522169 459316 594600 615115 567554 725063 446466 649343 628646 1062907 465108 941536 791622 408339 958427 158694 560618 972117 430597 209419 417521 589579 461219 239962 863584 858726 419923
249665 481592 697628 805768 464754 390491 269132 517388 252298 939692 746614 545235 477331 401543 999999999 733616 527348 473408 346130 526860 350733 781071 597726 325439 702518 278900 521069 213587 213834 733853 371894 441020 222054 715835 596430 388448 418694 614290 93197 760294 663337 813521 542161 722294 147977 740180 240901 141776 535330 960612 446601 295604 481366 755214 622267 424258 225009 313076 314918 470397 614153 820018 300894 610852 647962 528660 607217 350793 327316 176438 613491 813343 272100 587037 124981 877368 298983 167006 542573 103268 827798 320046 929768 323245 684361 781133 71982 900731 252119 160542 829362 364330 340192 58268 626513 279831 433745 802876 752581 322014
530299 623852 471390 255886 426505 583150 586093 789101 840209 379481 173021 189035 332302 670507 733616 999999999 544217 272331 535154 297595 719909 312712 500819 519591 327685 712746 645803 521993 662988 144938 586090 375848 675775 129973 504028 850898 702497 394643 646163 573991 400974 458877 994304 16501 698356 411478 611185 874447 213129 475771 339222 927099 585529 59682 236802 330410 650828 864259 526444 309372 422567 380013 544292 403189 256294 348741 495929 744440 846121 560282 697158 529880 566245 155574 858154 438802 624630 800232 418719 663788 219646 614141 509813 427480 633796 162124 799543 337895 625320 834613 458072 370494 487417 688005 107637 475970 430657 272161 335099 413832
300988 96069 197204 763900 644123 141434 258225 255338 450551 517289 674956 422329 240953 776247 527348 544217 999999999 469018 634476 586354 771451 790168 800202 212895 753474 716779 103729 392746 634279 440298 696811 571428 650373 624447 801456 378313 204550 739141 497874 234732 204900 326329 482271 527717 395066 832379 612057 619659 368872 492403 260650 820297 63810 520060 627482 482029 633234 438591 221819 279232 758500 855577 231080 742678 303692 635146 803345 785716 819849 456387 161617 300656 257117 494179 625173 922445 237590 466489 125858 424300 747485 215291 440294 314245 166198 470991 594278 492515 633746 514143 344455 369487 582377 470221 467720 315575 619170 418497 327400 363606
313159 514539 503387 351248 204204 438432 388976 662832 620891 579817 279247 108902 233325 422831 473408 272331 469018 999999999 275615 117350 460819 349855 342152 341884 294392 445227 549716 271721 391274 326033 334051 132147 404465 243625 344043 668789 555987 270486 382377 607112 433486 558548 828595 264437 466584 367138 340137 615178 145014 645966 208545 654979 481851 308715 176259 58780 379492 657310 344085 194027 291056 407397 357200 274449 319781 168988 343267 484291 578519 297075 629287 604134 368330 117532 595833 473690 440566 565680 371134 418193 362110 438447 650700 211460 613298 370702 535461 535620 355345 593091 566608 135599 222496 434058 174074 253772 192440 441405 445690 174890
360047 641570 730508 511736 137797 544947 439935 749106 577617 853751 477238 383899 447794 152316 346130 535154 634476 275615 999999999 249031 185722 468933 251606 438141 384105 182706 683173 263510 161586 601610 64321 160295 167304 464300 250301 682425 635308 280949 263768 824952 668953 809157 847698 530388 427246 404888 112643 468585 410803 913781 412375 412918 620472 579043 342300 219382 146538 631996 433216 415639 275304 494835 434704 275748 580556 221143 261178 209766 313924 221761 776398 841973 425284 382112 439435 545738 495839 498434 575964 356648 548348 506248 910691 320498 798182 646270 379292 809725 113344 503953 819808 279709 57106 340891 446851 323743 115589 713887 706679 272793
409773 630164 613746 279395 128958 550960 490286 775198 705757 651306 230764 198482 349977 374250 526860 297595 586354 117350 249031 999999999 428507 257627 233459 450549 188482 431606 666034 348667 397400 392962 292623 92543 407217 215277 235813 768530 666304 153368 433677 718815 542223 658438 931247 296067 548114 253527 343970 665944 247865 729279 325889 658832 598150 348654 97541 121463 383351 747660 451517 310629 174993 306417 462862 157717 417644 58596 232897 453529 562769 354783 746481 709719 470140 159580 642271 370470 544440 642289 487164 490858 306835 544700 742612 315462 729735 431889 580320 607187 353164 663601 664764 239369 212060 497414 229498 351756 136458 519681 539961 271037
474758 760058 891530 672404 304501 661099 541794 839476 603030 1036791 649954 568526 613939 77610 350733 719909 771451 460819 185722 428507 999999999 619031 348704 561700 533211 71974 802291 379089 147083 786490 136273 344094 133822 642493 345836 734720 729750 420477 306848 979686 834924 979831 892152 715567 478862 530783 159401 427253 592447 1092749 577637 271522 745904 764618 516377 403714 142948 663690 554304 585678 405101 630732 550273 412911 758276 390966 359977 25225 146127 317537 897792 1006070 532511 567634 393976 670461 591854 517699 732406 409877 715067 607441 1085321 468585 937633 831500 347281 992955 137705 505774 991638 446175 238773 375503 632569 456675 292051 896207 883236 428183
661199 850598 764019 75924 331302 783089 738635 1006226 962552 683840 139731 367861 550373 548089 781071 312712 790168 349855 468933 257627 619031 999999999 291824 690744 85974 643819 881801 605858 629570 456480 489318 340072 636171 185886 295417 1018413 902652 198947 688220 869965 690764 768375 1178420 324184 805255 124369 577899 917994 421501 785689 537516 877684 815111 370490 173605 375365 614653 1002938 693430 513875 217738 68581 706929 206967 546452 254122 281945 643733 764157 611529 951370 835935 718040 296062 892640 133343 790407 899909 673935 748479 133660 787920 822424 561194 910627 473837 830666 644702 581885 920932 768799 484911 449788 754183 334315 602079 357257 584828 643596 521720
572316 830557 845055 358773 160322 741684 656036 960315 824329 873068 369260 431938 573183 272275 597726 500819 800202 342152 251606 233459 348704 291824 999999999 634838 212718 390325 869492 485988 403313 616814 239499 229219 404227 384609 3625 918339 847159 108436 513805 949200 774308 891812 1084338 504009 669996 185640 360989 717937 480729 957197 544774 618879 802479 558187 264041 318410 388658 876289 632902 534338 81359 288432 639644 99361 651039 175496 11278 371630 494242 460555 956178 942880 638210 387172 687781 322522 712914 747428 711453 601401 411393 718786 974132 500230 951917 651451 628842 829554 355929 754992 897939 432975 267526 590133 455354 522517 190313 746814 772643 449577
88167 203454 372189 684046 474551 107820 73042 326896 328375 633923 602366 346037 194896 572167 325439 519591 212895 341884 438141 450549 561700 690744 634838 999999999 635519 504942 245210 182926 422184 468149 497618 408907 438169 557014 635436 334878 215980 593978 286111 438760 340872 489682 489150 504478 214999 704008 402749 436487 307669 641992 180637 612596 184740 519016 517563 331246 421764 345735 10711 210565 608262 749274 28705 595455 353846 487658 639965 574912 607059 244762 339322 488028 58581 413445 435436 815554 105363 308639 219172 222995 683549 98097 606476 136508 378287 511589 395754 598673 424300 352302 505991 211284 390914 267191 418282 115142 445532 505411 440303 185851
598107 806551 748383 146212 246899 732764 678093 957116 892815 706970 168299 335347 512585 462726 702518 327685 753474 294392 384105 188482 533211 85974 212718 635519 999999999 557977 840144 535668 545201 463847 403366 262474 551408 198704 216343 956813 850277 113840 610201 855011 674858 767189 1119092 335691 734850 86118 493987 837821 390214 802616 494935 791863 772580 387364 126398 309772 530231 935710 637170 474299 134753 118831 649335 122216 534822 173860 203708 557960 678228 536128 915058 829779 657808 268044 811726 181989 731675 827142 643305 675405 198982 731053 832095 502077 884369 488915 749873 665579 497292 845979 769652 425531 367506 678347 320783 539832 274014 595546 642699 459046
417037 699815 846683 691264 316873 601052 479653 772816 531177 1011495 659781 549667 574620 135298 278900 712746 716779 445227 182706 431606 71974 643819 390325 504942 557977 999999999 741935 324476 82960 766838 155488 341597 67475 646804 387845 663918 664345 448484 239238 931077 793423 940838 820623 706832 409247 565849 113250 358035 567479 1061149 538274 233896 687708 753422 524868 386605 83861 591936 496929 549401 436849 662449 491409 441804 726900 402400 401411 74106 133446 260401 837522 962455 471771 557854 324965 707119 527852 445819 686264 341279 729840 544362 1049210 422578 882823 813021 276329 968188 93409 433877 953499 410268 225380 305324 619217 405088 297797 870132 849862 386710
328568 42245 279815 859430 710442 141200 263183 152974 395780 610035 771221 514736 331797 816568 521069 645803 103729 549716 683173 666034 802291 881801 869492 245210 840144 741935 999999999 426351 659047 544017 742826 640522 674497 721199 870426 297413 130391 816811 509941 283902 302320 406827 383690 629317 377166 916415 644675 592395 462847 574078 345391 816586 67884 623173 715301 554834 660341 371788 250852 367942 834308 945918 252490 819581 407421 711127 873615 813840 833010 484991 95588 365820 270174 587020 603259 1012946 222457 429178 228897 421990 845589 202333 514831 371075 175362 574542 581933 588224 665953 476463 425089 436750 634944 467575 565603 359526 683190 518761 425086 422070
98141 384190 528244 618656 329246 285728 176438 485646 357192 736186 550667 333050 275050 390269 213587 521993 392746 271721 263510 348667 379089 605858 485988 182926 535668 324476 426351 999999999 242569 521316 319320 278875 258837 514992 485897 433271 371809 468303 135514 608139 481306 631722 599101 510155 199450 589629 219912 352901 321762 767276 241264 461298 367594 541860 436640 231816 240719 401071 176040 261962 476357 654348 174194 467486 443254 367617 492946 392976 434684 65407 521296 645028 162045 379682 338547 717016 232565 295367 367398 146472 633356 242768 744856 115017 558929 568756 282856 695721 241513 321379 645986 151564 223760 166033 414495 82866 297411 596924 555787 108642
334202 616911 767549 669376 298347 518122 396979 692454 463977 944372 628163 490804 499381 188078 213834 662988 634279 391274 161586 397400 147083 629570 403313 422184 545201 82960 659047 242569 999999999 705298 165841 304895 16362 609427 401431 590357 583061 442386 159956 850238 716112 864648 749994 655621 332996 565649 53447 316670 503064 989376 463220 264514 604763 699495 494106 332730 15065 523416 414092 476368 435709 656419 408458 436998 656325 378508 413749 155363 198482 177961 754635 883760 388874 507433 285513 706817 445796 379484 606798 263268 702832 461969 974547 344199 800234 752206 228725 901602 48448 373718 877784 338942 185385 230862 564559 324013 272996 802890 777420 311572
502387 528987 336254 400797 515895 507976 540181 694037 796523 258369 317193 217999 273721 748089 733853 144938 440298 326033 601610 392962 786490 456480 616814 468149 463847 766838 544017 521316 705298 999999999 659726 452308 719863 271346 619721 782206 620716 515758 655039 435218 270080 314049 912483 132369 670216 549313 657376 869422 203738 341631 295259 962904 490690 94038 357730 382795 695195 810867 476975 267590 543189 524251 495852 523580 136669 450150 613553 809682 899066 572250 582196 386073 522454 233397 858227 583667 567921 770310 316172 649763 362581 553298 368357 411291 506016 47599 804039 214226 674684 810002 313140 376539 547767 681822 163464 457288 511997 132051 190870 415267
417074 700991 794827 539265 168383 603569 494865 803223 613862 913647 513997 442895 512096 89315 371894 586090 696811 334051 64321 292623 136273 489318 239499 497618 403366 155488 742826 319320 165841 659726 999999999 210730 165264 506247 237373 726953 689852 293088 298606 889121 733201 873007 890995 582426 469054 410778 131210 482456 472266 975795 476695 389090 681035 632495 380174 279592 151774 670531 492187 479790 281464 506961 492576 286339 643266 254928 250260 161449 276608 271036 836656 906251 481292 435706 451350 552204 549894 531932 640115 397570 580346 561547 973887 383374 861054 703627 394184 869504 120761 532245 883511 344023 121123 375865 502302 384158 156305 774434 769574 336349
353794 601893 628543 369306 74929 514640 437139 735667 634032 708805 323290 239171 349551 297186 441020 375848 571428 132147 160295 92543 344094 340072 229219 408907 262474 341597 640522 278875 304895 452308 210730 999999999 314875 305939 230311 709463 623555 190060 348274 730154 560548 689561 874446 371815 475969 310873 251456 578252 276945 777646 318942 566871 573377 421773 189739 91936 290902 679774 407826 311770 200779 380947 416168 189952 451687 89669 233100 368704 473880 273847 726962 732662 418120 225098 553522 441198 493361 565826 487141 414183 399009 496969 782811 272932 725257 495044 491505 664517 261004 583626 698028 203824 119646 415888 292464 299805 60441 571822 577762 223069
350137 632388 783905 677417 304896 533656 412179 706363 473383 959713 637889 504871 515506 179641 222054 675775 650373 404465 167304 407217 133822 636171 404227 438169 551408 67475 674497 258837 16362 719863 165264 314875 999999999 620130 402221 601783 597390 447117 173144 866573 732400 880874 760573 668633 345181 569514 64684 318982 517936 1005235 479322 252748 620527 712949 503506 345802 24973 533259 430017 492281 439473 661521 424207 441468 672018 386394 414825 140692 182594 194132 770081 900108 404346 520202 287222 710890 460540 388533 623158 276056 711818 476939 990667 360515 816288 766686 232114 916871 54594 381006 893979 354605 195232 242254 578045 340350 280596 818223 793326 327637
546900 693745 581318 140809 338809 637522 615255 855207 858716 508460 51070 212352 391371 584446 715835 129973 624447 243625 464300 215277 642493 185886 384609 557014 198704 646804 721199 514992 609427 271346 506247 305939 620130 999999999 388013 891684 758613 276351 623877 686611 508555 582496 1044671 139710 707208 281672 556059 857453 259657 605744 386355 872583 656609 189421 128773 292060 595820 890933 561798 359041 304008 254238 577767 285329 363197 253634 378438 667629 778024 539419 783537 650301 594563 143729 836979 316257 661435 807449 503158 661393 126829 654950 638818 441791 733690 292059 775921 467392 566663 836161 583032 371458 425165 677626 157327 488283 351026 401215 457710 413922
572544 831424 847062 362397 160885 742355 656243 960769 823580 876069 372796 434295 574835 269314 596430 504028 801456 344043 250301 235813 345836 295417 3625 635436 216343 387845 870426 485897 401431 619721 237373 230311 402221 388013 999999999 918089 847560 111899 512762 951129 776391 894218 1084090 507162 669415 188967 359380 716261 482930 960019 546294 616141 803459 561341 267237 319776 386803 875681 633440 536027 84891 291815 640083 102810 653434 177737 14371 368697 491303 460005 957265 945098 638477 389887 686039 325600 713132 746513 713101 600706 415015 719113 976769 500974 953430 654465 627195 832535 354131 753859 900396 433997 266961 589173 458155 522959 190625 749645 775168 450277
358763 284007 572664 1016627 762515 274361 279814 187583 153041 894941 936465 680905 519465 776031 388448 850898 378313 668789 682425 768530 734720 1018413 918339 334878 956813 663918 297413 433271 590357 782206 726953 709463 601783 891684 918089 999999999 173784 899522 432682 580114 581597 701411 166001 835322 258762 1017957 601019 387884 641178 868574 512378 650922 314911 844611 844859 647088 598278 98505 329886 541981 908930 1073574 314190 899258 652993 796163 925628 737219 711893 461124 350461 663232 300468 748004 411590 1138645 230302 230138 478770 330205 1018042 237566 811597 457330 463983 821043 419939 868405 618041 263579 719683 533502 652411 359557 752048 417066 730640 788127 702471 497843
276968 110667 399337 890976 686965 121094 195373 113963 266341 721498 806279 546391 371349 754848 418694 702497 204550 555987 635308 666304 729750 902652 847159 215980 850277 664345 130391 371809 583061 620716 689852 623555 597390 758613 847560 173784 999999999 809764 425657 413693 408353 528323 292621 686390 270796 919820 578011 472894 500509 695303 372285 710716 141328 689717 730426 547226 586908 241647 215997 400152 823604 962748 207634 811103 487879 703511 852800 738072 741621 420405 205614 493265 210802 617143 486974 1029346 140022 306512 309841 327640 885338 129430 639678 352310 304847 657072 472935 695630 598169 352767 546576 427207 593840 370550 610110 324710 656973 617429 529851 400764
543279 780031 763898 258408 149582 697456 626275 920621 821279 769884 261325 345055 503344 349143 614290 394643 739141 270486 280949 153368 420477 198947 108436 593978 113840 448484 816811 468303 442386 515758 293088 190060 447117 276351 111899 899522 809764 999999999 524172 869614 691593 800911 1064454 398696 663589 125898 393146 744927 397280 857250 478962 682177 748990 452764 158902 263522 427322 868525 593793 463995 27928 214626 603347 9187 561262 106413 102104 445062 565999 457353 898761 856234 606943 291715 717188 265168 682129 750237 640402 599472 308033 684762 877932 457492 883044 548283 655966 726762 393988 764474 805842 383798 274200 596473 357231 488136 180668 646993 679331 409388
200105 468356 651981 712575 375012 371084 246979 533583 315414 871559 653913 458998 409745 343389 93197 646163 497874 382377 263768 433677 306848 688220 513805 286111 610201 239238 509941 135514 159956 655039 298606 348274 173144 623877 512762 432682 425657 524172 999999999 724406 610109 760989 594612 635434 174118 649921 169264 233804 453469 900614 376487 330355 460710 670564 529091 331946 166379 371990 276571 397475 525313 728024 266899 521105 578631 436370 522835 313266 323627 85926 605120 768860 242727 497294 213456 786093 291105 234785 492538 103491 734895 308982 875513 250336 661340 702588 153518 831201 185473 241695 775877 280291 251078 77477 539767 213129 343521 732430 689765 239871
524488 307077 106632 825231 805081 375947 491493 413018 675871 382061 736797 525514 381725 973991 760294 573991 234732 607112 824952 718815 979686 869965 949200 438760 855011 931077 283902 608139 850238 435218 889121 730154 866573 686611 951129 580114 413693 869614 724406 999999999 180158 161638 642943 558919 629797 940000 821574 854253 472390 314448 415051 1051071 290366 529067 731313 638363 847275 655340 448684 418549 893188 938463 460615 875083 323581 774752 950023 996355 1042010 673439 244161 92295 488470 587625 859891 1002328 472108 699058 249015 657036 793514 449800 244615 511199 124208 443322 828152 376024 843175 746810 176917 545902 769234 702655 536726 526226 785651 346155 251447 554197
414430 300966 73553 648168 635125 322255 408489 455003 639049 313425 559126 346707 221565 820590 663337 400974 204900 433486 668953 542223 834924 690764 774308 340872 674858 793423 302320 481306 716112 270080 733201 560548 732400 508555 776391 581597 408353 691593 610109 180158 999999999 150890 685594 385285 553607 759895 680923 777162 294566 302532 257607 940370 267079 361388 551339 469807 710931 635085 351583 253747 715708 759170 368122 697329 145774 599077 774579 853724 913179 545814 320094 173273 398472 407607 776215 823476 409961 640096 121749 562533 619147 389360 266450 372050 235952 288944 734670 287620 701965 686262 166152 390276 612110 605238 356944 398899 618067 217483 122861 407259
565048 417665 129204 714758 762720 459286 555265 551507 775127 220653 630049 460032 366370 961420 813521 458877 326329 558548 809157 658438 979831 768375 891812 489682 767189 940838 406827 631722 864648 314049 873007 689561 880874 582496 894218 701411 528323 800911 760989 161638 150890 999999999 784768 445699 700148 853307 827897 924861 413966 167306 402746 1091225 389929 406328 650368 601557 858967 764921 500376 394491 826717 836623 516307 807583 240796 716786 890788 999362 1062302 695964 391509 79920 546509 509497 925016 897149 551510 783044 270976 712192 676062 530063 117059 521283 277547 309430 884644 215188 848673 829904 18280 533697 752059 755340 447714 549514 748867 200951 124891 554128
522129 387345 661136 1173185 928338 411179 441007 233400 291643 993171 1090919 832529 662298 937074 542161 994304 482271 828595 847698 931247 892152 1178420 1084338 489150 1119092 820623 383690 599101 749994 912483 890995 874446 760573 1044671 1084090 166001 292621 1064454 594612 642943 685594 784768 999999999 978293 421952 1181941 763702 514838 789308 950573 660162 782263 424437 982335 1004850 809817 758740 229847 485608 688959 1074304 1235044 471549 1064358 778414 960547 1091613 892940 857326 626744 398819 733092 461294 901628 543232 1300593 388035 376609 598684 493474 1171464 391177 885837 617618 519114 947688 563242 971913 780021 399213 802811 694179 818346 519553 899768 579513 896507 900760 808452 660211
516516 607433 455968 269277 424678 567169 571365 772715 825881 372791 184824 177136 316461 667568 722294 16501 527717 264437 530388 296067 715567 324184 504009 504478 335691 706832 629317 510155 655621 132369 582426 371815 668633 139710 507162 835322 686390 398696 635434 558919 385285 445699 978293 999999999 684851 420184 604141 862865 198709 466963 323977 919411 569101 54181 240113 322891 643666 849411 511438 294090 426581 391886 529367 407101 240354 348611 499450 739964 840268 549630 680709 515978 551599 148981 846978 451510 609414 786727 402220 651225 234596 598728 499118 414169 617751 153224 788677 330599 618674 821505 445306 358592 481708 676087 95783 462653 427606 261506 321542 401775
169161 339167 577764 816439 519537 254222 145122 370368 158106 848686 745583 511484 398510 517491 147977 698356 395066 466584 427246 548114 478862 805255 669996 214999 734850 409247 377166 199450 332996 670216 469054 475969 345181 707208 669415 258762 270796 663589 174118 629797 553607 700148 421952 684851 999999999 786661 342278 225602 487313 855774 374981 440982 343386 708656 635380 430612 340243 206355 204488 403188 669461 853602 186653 662082 565134 565387 678060 483209 473409 209483 467884 690535 156425 567247 230159 915897 158659 101878 432044 71550 828520 180798 817207 271010 545114 715689 204801 812916 359312 139887 717007 335959 402471 104445 591475 222579 487275 718508 655303 293288
659816 881637 833371 199922 275477 804270 741693 1028602 944639 789944 245897 418054 592089 455735 740180 411478 832379 367138 404888 253527 530783 124369 185640 704008 86118 565849 916415 589629 565649 549313 410778 310873 569514 281672 188967 1017957 919820 125898 649921 940000 759895 853307 1181941 420184 786661 999999999 517461 870569 472820 887081 572401 798081 848614 471050 209182 373502 550597 990628 704820 553305 130046 103260 715789 129776 620562 222190 174638 554454 676881 581913 993703 915735 721843 352469 842608 141526 796607 874835 724880 723667 257458 797610 917655 568528 966764 573281 781525 749053 517202 889882 855753 492748 400095 721807 406728 602963 306496 680791 728812 522745
316369 602432 735283 616562 247148 503526 386481 689702 483544 899589 574734 441515 461584 177534 240901 611185 612057 340137 112643 343970 159401 577899 360989 402749 493987 113250 644675 219912 53447 657376 131210 251456 64684 556059 359380 601019 578011 393146 169264 821574 680923 827897 763702 604141 342278 517461 999999999 357076 456410 948040 425221 317294 587240 648763 440742 281414 39897 540967 395574 436151 387945 606404 392249 388147 613928 325924 371030 174808 242143 159860 740009 850649 375879 455616 327376 658158 438606 401048 575322 270818 649566 452866 935999 311256 778235 703990 267894 856470 21713 401106 840446 297062 131997 245858 513914 297382 220794 758136 736658 273836
373206 557302 803256 945269 595681 478308 369689 552261 234849 1065530 887703 685729 606339 492158 141776 874447 619659 615178 468585 665944 427253 917994 717937 436487 837821 358035 592395 352901 316670 869422 482456 578252 318982 857453 716261 387884 472894 744927 233804 854253 777162 924861 514838 862865 225602 870569 357076 999999999 673585 1078441 577875 267426 565690 894584 762085 565676 330701 293328 425788 603346 742406 954205 409040 740796 776570 664347 728056 419439 353919 318159 677770 916125 378695 728688 33408 1009632 382146 167537 655414 221219 968566 404453 1041888 458206 764796 916359 89295 1028023 362577 125354 941532 504380 471541 187950 767124 412360 565764 931446 874604 461529
318457 434341 366627 396643 349129 379543 373087 595585 627174 444622 308937 54867 131772 561575 535330 213129 368872 145014 410803 247865 592447 421501 480729 307669 390214 567479 462847 321762 503064 203738 472266 276945 517936 259657 482930 641178 500509 397280 453469 472390 294566 413966 789308 198709 487313 472820 456410 673585 999999999 503688 129228 759281 397487 222171 264005 193173 493476 651372 314096 100437 421174 487496 331679 402876 174774 305243 480604 614685 698544 369619 529893 462179 353162 125445 660253 554169 412998 589110 253563 457429 385737 403678 505951 218037 494174 251232 604326 401018 474524 625052 421729 173536 354763 485684 110878 266221 336992 303770 300855 213853
710961 584690 295966 721476 846507 622001 710722 717638 938855 113236 646588 538707 493004 1065108 960612 475771 492403 645966 913781 729279 1092749 785689 957197 641992 802616 1061149 574078 767276 989376 341631 975795 777646 1005235 605744 960019 868574 695303 857250 900614 314448 302532 167306 950573 466963 855774 887081 948040 1078441 503688 999999999 528236 1228485 556172 416457 699361 696836 982039 930704 652681 513074 884592 851112 669699 864991 334595 787464 954315 1114017 1187827 829236 554634 222189 700078 570754 1076289 905037 711931 942539 423757 861577 673673 691009 76761 653159 437149 313801 1032425 143332 967816 988782 149028 651066 857237 902979 501888 687490 838085 210408 212199 678489
207385 313120 318223 520131 393515 251192 249319 470414 505829 495110 434351 174345 36376 563466 446601 339222 260650 208545 412375 325889 577637 537516 544774 180637 494935 538274 345391 241264 463220 295259 476695 318942 479322 386355 546294 512378 372285 478962 376487 415051 257607 402746 660162 323977 374981 572401 425221 577875 129228 528236 999999999 701066 278095 339075 369910 227271 456921 526177 187952 29928 498972 600876 206234 482745 202238 375953 547093 596812 661530 301458 421484 429993 230330 245842 569091 667913 285437 475363 168502 356899 513054 275116 511353 126248 407144 341015 518172 455069 445939 514744 415230 132872 355877 391917 239998 166770 372078 356653 316096 151745
529174 777196 981851 924145 549497 685431 562624 803026 498943 1193394 889027 751811 735724 349119 295604 927099 820297 654979 412918 658832 271522 877684 618879 612596 791863 233896 816586 461298 264514 962904 389090 566871 252748 872583 616141 650922 710716 682177 330355 1051071 940370 1091225 782263 919411 440982 798081 317294 267426 759281 1228485 701066 999999999 776390 962271 754233 596691 277397 559103 602520 719093 669844 895760 590535 675372 901360 634034 630116 250774 134148 399614 908556 1098616 563310 771623 240102 938898 594587 422323 822813 396921 961230 615598 1205411 575410 979357 1010261 238130 1151746 305924 387799 1105988 588715 447422 350832 827396 542253 528461 1052618 1016752 554521
271175 38498 260740 794094 643765 90963 214889 204237 388610 580170 706316 448673 265922 756746 481366 585529 63810 481851 620472 598150 745904 815111 802479 184740 772580 687708 67884 367594 604763 490690 681035 573377 620527 656609 803459 314911 141328 748990 460710 290366 267079 389929 424437 569101 343386 848614 587240 565690 397487 556172 278095 776390 999999999 566039 647944 487221 605102 375072 191666 301302 766594 878898 196321 751797 355154 643368 806471 758549 784293 428465 156111 361596 218057 520962 573159 945934 184734 408712 174878 379502 781670 162692 503397 305350 203002 524110 545958 554513 608733 456467 408085 369553 571083 425579 501974 296898 616874 477935 388888 356247
539523 604537 429186 310619 476835 572767 588390 770275 844722 319846 230836 212407 325921 718418 755214 59682 520060 308715 579043 348654 764618 370490 558187 519016 387364 753422 623173 541860 699495 94038 632495 421773 712949 189421 561341 844611 689717 452764 670564 529067 361388 406328 982335 54181 708656 471050 648763 894584 222171 416457 339075 962271 566039 999999999 294264 367493 687982 864732 526762 309337 480660 437160 545200 461196 221180 402003 553606 788805 886836 585264 667783 479556 569275 196997 880181 494457 622613 810274 394312 679516 269757 610275 452126 440202 596787 103353 823028 278214 664048 846929 404373 390985 528999 706918 134941 488327 478584 214871 284321 433252
488054 682462 624719 183641 211900 611545 565062 835406 791853 611000 134939 209155 386532 456465 622267 236802 627482 176259 342300 97541 516377 173605 264041 517563 126398 524868 715301 436640 494106 357730 380174 189739 503506 128773 267237 844859 730426 158902 529091 731313 551339 650368 1004850 240113 635380 209182 440742 762085 264005 699361 369910 754233 647944 294264 999999999 204842 479898 830798 520064 348488 186695 232433 533405 167146 413966 125730 259342 541582 654394 448465 789095 709868 544455 143749 738916 299253 616824 731868 516923 581328 209318 614515 722412 387598 758173 389435 677034 567933 449198 755352 654097 311372 308745 590636 202911 428823 227145 489425 527024 348722
288346 517303 537149 387111 166825 433958 368901 657400 587414 634436 322669 164812 257617 368819 424258 330410 482029 58780 219382 121463 403714 375365 318410 331246 309772 386605 554834 231816 332730 382795 279592 91936 345802 292060 319776 647088 547226 263522 331946 638363 469807 601557 809817 322891 430612 373502 281414 565676 193173 696836 227271 596691 487221 367493 204842 999999999 320830 627699 331630 219885 279685 427156 342302 265605 366321 157145 321340 426898 519841 248119 639229 642400 348819 175019 544923 491707 423308 527121 395288 376964 404496 424114 697885 195179 634054 428049 483879 590379 296566 551447 610707 120343 164972 388516 232832 230309 148268 494882 492853 149636
