NAME : synthetic_000544
TYPE : CTSP-D
DIMENSION : 100
GROUPS : 8
RELAXATION_LEVEL : 1
EDGE_WEIGHT_TYPE : EXPLICIT
EDGE_WEIGHT_FORMAT : FULL_MATRIX
EDGE_WEIGHT_SECTION
999999999 624636 357395 269083 894080 919126 356850 514415 963030 244728 478290 836767 718444 1003736 745241 494781 737493 217781 266896 971501 537731 353019 129816 531642 826483 307335 673374 559037 313068 400374 10078 332730 816074 90565 210628 300043 675125 95307 862116 775332 696947 677334 617039 743763 801349 700200 893464 641379 197986 455963 336783 566275 260476 916755 671916 794067 477545 625310 181161 505727 620116 609296 589111 705292 302416 846707 635407 716328 654866 674647 604674 907291 727952 344597 466943 598087 390442 324895 686883 93485 251745 668771 350299 207483 968796 332209 792155 915893 492142 560534 311093 883810 890770 471364 578825 420415 270651 458708 403710 1030698
624636 999999999 788047 394808 940947 1063159 270657 699574 707650 554722 399485 706125 970790 686600 930707 268051 426374 713453 884313 673514 306157 763317 520338 271627 415808 814968 935359 728301 712807 386378 633703 336679 563133 715027 770626 376130 852199 539336 452489 613328 345070 853004 234864 294966 304410 886343 507499 641278 529371 357618 375923 591472 723962 1048038 576707 657667 268518 937758 784230 339586 889172 427820 39749 240985 659636 437252 34902 820169 305137 905551 769888 806578 854216 749583 777682 787203 242661 361244 538044 604078 381305 44250 638079 706021 588468 692835 323708 655129 287340 342623 326543 386280 655160 153393 45934 362070 378953 781038 813992 613817
357395 788047 999999999 405043 607454 591432 541411 261728 819371 236232 452170 652973 373996 887166 420946 552332 689143 139909 324999 850174 557687 28241 459935 805738 805246 97624 330217 293667 75271 418032 359750 453817 707390 353811 185644 416115 366841 351681 830679 627408 688367 369258 666121 770291 837753 382688 840338 448457 277109 467713 412216 396752 97308 593578 524319 625537 542457 272644 261719 512534 281058 547657 764223 754613 128886 819201 812097 435863 665181 342403 322949 691056 433312 40560 146564 304297 615600 427769 565100 280649 516547 826492 167361 150025 895895 100234 814360 785362 537967 553997 479828 900781 751983 651184 748712 445988 426801 133883 46634 968647
269083 394808 405043 999999999 750143 821234 136369 403134 723206 169225 230742 622936 666792 752857 658049 225702 476269 318761 503490 723107 270837 383218 226283 412539 559004 421406 624417 444825 330703 149500 279155 65497 569275 355384 377445 31521 577859 173777 595365 547573 429852 579503 348364 474794 533246 609970 629448 454941 134881 196991 75585 379345 331735 812567 453988 575242 208479 604446 399471 243188 571508 359252 366249 437528 281899 579677 414685 585161 386539 607499 493837 707738 608829 369634 431547 499926 213941 56497 454406 219270 160471 436535 280487 311227 707242 318764 523204 672769 223589 297593 74828 614949 652004 248984 352068 161785 24662 430683 437699 766259
894080 940947 607454 750143 999999999 168912 838129 379810 438048 656609 568148 286453 307364 530748 215071 688239 563434 716292 932453 499422 637894 591853 940327 1115159 659872 704563 327442 335568 605964 626015 900839 742942 458310 928382 785771 732315 242204 835641 655268 360951 630297 239794 711997 722614 774396 234610 621765 307964 713221 617367 690600 376055 673920 146549 364955 316965 695571 401636 861443 613178 351271 513471 943124 751275 596936 656119 975566 178165 652413 290528 292553 219417 174175 591916 461176 305486 921699 720226 409469 800615 910613 956710 544071 722747 617663 575198 738145 446756 669558 599043 798587 779029 414852 884835 926350 634489 772558 473639 571794 683955
919126 1063159 591432 821234 168912 999999999 926386 421028 606919 699367 672304 450409 227324 699630 173954 800386 712995 719102 908212 668092 757003 583075 986009 1211367 816412 682662 265700 377438 610832 716640 924403 826569 618516 937604 776963 808804 247306 875827 814976 516800 773486 245329 842701 868778 924630 219369 784711 422395 758188 720035 772091 474920 674255 22559 499977 475304 804805 336697 853143 725852 310685 642933 1060606 892054 616942 814539 1097039 244888 789573 249190 328232 388327 214745 587038 455630 326625 1011996 801203 550594 827799 979261 1083490 575380 727326 784765 587372 888835 614365 781063 721603 879402 936395 581681 989096 1043442 730483 845200 465697 548657 852012
356850 270657 541411 136369 838129 926386 999999999 517962 740098 305503 276454 670575 788303 753211 770362 198593 466555 450498 613797 728175 259735 519501 266072 287378 523269 554871 747413 556428 467034 212234 366258 101391 582404 447404 502453 129992 689411 269044 562096 585411 402169 690821 294940 419350 467037 722692 605287 532202 268804 228642 156033 462131 466558 915653 507222 620521 181834 733090 513605 254391 695790 381810 237935 372016 417728 545591 285976 684155 353532 726663 604208 763773 711747 505893 561872 614065 85855 128655 492786 333787 135173 314260 411906 442279 687742 454225 465798 686985 208450 298685 61631 553828 672629 118266 225619 205030 115335 562039 573776 737298
514415 699574 261728 403134 379810 421028 517962 999999999 562137 281109 303190 391928 273413 634936 254924 432733 475160 343901 575273 597500 409514 238423 567951 805339 595541 356449 236008 45013 236673 319651 521082 416593 463767 550189 419652 393840 175060 459881 613962 374129 497395 176799 515649 591073 657898 206841 612774 190756 339389 342019 361944 156903 304831 414387 277589 367149 431068 244365 492771 367431 190172 345668 687732 591510 218755 605234 730503 201913 489252 209749 93347 430762 215662 233680 133113 96823 603643 389708 326195 421001 559207 729054 164261 349096 657622 201911 628177 531821 413915 387977 465979 704804 497176 597280 670536 340226 427516 145127 242902 731996
963030 707650 819371 723206 438048 606919 740098 562137 999999999 729415 492762 181001 682827 92720 591401 542483 285972 867437 1109329 63672 480621 793617 949298 952738 309786 908666 679752 541775 777270 574162 972435 679928 157703 1030666 949491 693675 559356 875926 284846 194319 365658 557927 484746 419618 441723 578027 232723 371685 766266 528376 647657 426095 838935 584594 300918 195113 558568 737568 1012755 489462 672243 364853 727273 469411 738789 294354 740770 469479 411522 634439 536148 218714 501459 786140 693971 563684 802754 671017 276451 879833 859881 703901 677331 868804 193717 739674 408524 53849 531649 441537 731817 407333 72271 725095 714231 562321 736004 706505 804782 250440
244728 554722 236232 169225 656609 699367 305503 281109 729415 999999999 269002 594417 521232 778036 528358 337057 531157 171230 397314 743935 357893 214003 287010 576819 635206 263485 477022 326060 161555 208411 252933 218584 589533 302129 246394 180192 452067 179182 666782 537955 508251 454062 459159 576059 641025 480992 689070 396770 58888 265577 181788 322112 171231 694087 432528 553317 324123 447328 293613 316147 422824 392493 529390 550478 113415 652881 577525 480769 474872 467249 374200 662772 496726 200410 273939 372807 381855 193481 453464 153911 298081 594403 126770 166917 757735 150950 623220 684945 326182 366894 244046 713972 657340 415177 514225 235612 191723 270841 268564 825005
478290 399485 452170 230742 568148 672304 276454 303190 492762 269002 999999999 398270 571843 526404 532150 131456 263355 435509 666241 495217 109589 424187 456572 547041 366541 512555 537539 329305 383687 81404 488088 194238 340292 554149 514165 201964 453036 387171 397781 318451 241250 453902 219136 318259 385610 487209 421286 260193 289040 49262 155442 197478 423664 658993 231814 349123 133205 545958 562104 65105 493338 131219 391633 304059 330512 383936 431701 427442 213414 506433 370404 488731 459485 411665 398908 387999 356554 180622 224835 403451 376202 426852 285090 432865 492830 352223 363052 442861 112147 102169 249989 451348 421364 317957 374339 73716 244992 405144 463750 557976
836767 706125 652973 622936 286453 450409 670575 391928 181001 594417 398270 999999999 503347 268080 413534 486327 293627 715437 955726 231994 426329 628522 843089 919420 377339 745660 499003 366954 618017 475800 845558 592445 173757 895686 796311 596722 378446 756718 369906 92805 369670 377043 471269 453658 498454 397794 335319 206906 639049 443215 550110 274303 682859 429021 169035 50450 498910 556627 863912 418154 491388 293891 716435 490492 585090 371755 740941 289074 402384 453681 357234 100467 322012 622328 521002 384444 744964 577285 178789 748166 774144 713678 523218 718109 336432 580719 462084 170183 470740 384147 648245 495003 134824 684505 700962 471982 640108 533857 634395 406588
718444 970790 373996 666792 307364 227324 788303 273413 682827 521232 571843 503347 999999999 771423 95642 702937 695381 508504 683616 735243 673869 369923 800232 1075252 812436 460741 45119 242552 405408 593064 722566 687030 639703 726459 559010 661341 134220 688171 821878 534697 736358 134688 775297 833415 897190 107060 806052 375998 579215 613407 632823 392858 463440 235185 473428 505839 702491 109455 634385 634303 99202 587767 960266 842994 422947 816890 1002314 215045 738234 65645 204111 484423 181406 376125 252914 183967 873477 659650 528993 630927 816110 998662 394627 517586 829370 388711 864190 672091 683796 647039 733896 929828 635906 870622 943024 613378 691451 260094 329048 902778
1003736 686600 887166 752857 530748 699630 753211 634936 92720 778036 526404 268080 771423 999999999 681112 554814 286878 924834 1166227 37550 494976 860607 978690 943291 272824 973372 766481 618402 840263 606660 1013413 703817 188551 1076009 1007046 722205 645643 913519 239969 260861 358661 644326 478163 391985 400333 665785 183651 444524 809897 555873 677611 490573 899262 677296 363012 273139 572011 821959 1067003 511817 756280 395233 710486 445624 798515 253155 718068 557036 407464 721176 616935 311376 590065 852249 767863 644757 808455 698389 327691 924579 879310 677201 738048 925341 119587 802813 370924 103470 546844 459710 752458 350770 139255 723594 699004 591142 763067 780042 875830 162647
745241 930707 420946 658049 215071 173954 770362 254924 591401 528358 532150 413534 95642 681112 999999999 663304 624887 545891 741867 645426 627449 410970 814191 1057402 739001 514456 112650 214106 437149 565511 750477 669303 558013 764174 605818 648187 80973 703437 745507 452300 672669 79639 723271 769987 831580 48088 725884 308583 587246 577266 614529 340778 501195 173343 402109 420161 665164 187420 682162 591205 144329 528761 923775 784483 443194 741715 963452 131162 679650 80752 166226 389587 94055 414313 282217 158220 856211 642914 457298 654103 813729 955400 403164 553953 744194 413418 797440 583346 643891 596629 720003 857966 547439 842518 906479 582586 682409 292644 379792 816789
494781 268051 552332 225702 688239 800386 198593 432733 542483 337057 131456 486327 702937 554814 663304 999999999 268526 507968 719374 529582 62146 525433 438224 434565 336280 598323 668031 460395 479184 134300 504855 163575 384835 580451 579446 194856 584408 399474 373806 397082 209273 585252 124717 249500 309978 618573 412514 382059 334573 91571 164078 325975 506257 786305 333075 435880 18008 673481 614071 75157 622792 192479 260874 215901 424559 357696 300275 555974 163043 637619 501854 583544 588971 512092 519480 519227 261969 170215 307755 438772 326096 296321 390539 503002 493505 452754 297914 489125 19431 103437 202501 389801 476113 199775 243611 106398 226780 524305 570932 547474
737493 426374 689143 476269 563434 712995 466555 475160 285972 531157 263355 293627 695381 286878 624887 268526 999999999 693701 928325 263706 210089 660985 699512 666767 120414 761647 674147 478539 628373 337384 747444 422531 136791 816108 774026 444928 561415 644119 141616 204989 81308 561136 198842 160479 211692 591602 157986 319383 552107 281676 402788 319127 676966 693838 222872 250791 285973 708037 824737 233160 644844 142322 443299 197946 578749 130992 460392 495282 125557 632782 499543 392283 533012 649984 600844 525612 522209 420325 167594 666108 594183 427695 524605 691989 231407 593240 175842 232303 261737 178699 468518 234541 229056 440370 429650 317346 483777 610607 690492 294665
217781 713453 139909 318761 716292 719102 450498 343901 867437 171230 435509 715437 508504 924834 545891 507968 693701 999999999 241899 889242 528613 138699 326089 693826 801791 106188 463876 384734 110496 379405 219904 378183 738086 218671 82220 338302 483016 223245 831956 673167 676473 485367 630382 746780 812044 503823 850710 509013 184098 436098 349326 443233 45101 719196 566520 680483 494639 410764 149593 486183 412242 552383 684898 721708 130403 818620 733339 539226 644811 470609 424073 768838 543689 132661 263684 411371 514990 356154 597144 147278 400193 754822 192224 10567 915483 142182 793695 827178 497373 535610 390003 884070 796696 566812 670823 406766 336206 253405 186448 984960
266896 884313 324999 503490 932453 908212 613797 575273 1109329 397314 666241 955726 683616 1166227 741867 719374 928325 241899 999999999 1130805 749903 341821 392926 796021 1031946 228248 642779 612468 339456 601089 259497 568786 978997 184205 159887 530649 691556 345042 1063963 915047 904106 693975 844070 966407 1029048 706005 1086143 748896 385423 659227 555332 684711 273011 912419 808414 921791 703902 575291 105371 710461 598628 788696 850333 935220 371217 1049930 897532 760032 868363 661757 645998 1005078 758305 343644 471407 628677 655568 553237 838597 284308 518257 928040 433076 240915 1153472 376011 1014386 1068972 712068 762749 561143 1106016 1038587 731138 838948 626618 512842 458842 362608 1221682
971501 673514 850174 723107 499422 668092 728175 597500 63672 743935 495217 231994 735243 37550 645426 529582 263706 889242 1130805 999999999 468930 823691 949246 926139 264662 936747 729765 580853 803812 575940 981122 675544 155429 1042781 971462 692705 608871 881951 235302 223495 338927 607579 458959 380601 395192 629374 180350 407034 776860 526316 647668 453724 863205 645866 326231 235709 546488 784807 1032009 483520 719094 364366 695767 432909 762499 246807 705707 520626 387007 684476 579485 280612 553972 815425 730398 607319 785861 669159 292241 891392 852548 666405 701855 889891 131430 766328 363846 65920 520720 432402 725179 353136 101780 703289 683661 561324 734017 742595 838550 186873
537731 306157 557687 270837 637894 757003 259735 409514 480621 357893 109589 426329 673869 494976 627449 62146 210089 528613 749903 468930 999999999 529980 490752 493219 288752 612524 641446 432312 487174 149616 547793 213606 322932 620671 603944 239323 550384 442842 324642 336239 159246 551017 109715 218183 283716 584323 359251 335315 364966 92584 201153 286832 521730 741939 277608 375937 77963 653410 644632 45369 599092 132729 305422 196957 433072 309079 340106 514264 118739 608232 470387 524374 548692 517129 508482 490051 324056 214343 248398 474603 384448 328187 391639 524734 438513 457456 265390 427365 51868 42187 258429 356498 414008 258214 288548 123314 275895 514729 571466 495693
353019 763317 28241 383218 591853 583075 519501 238423 793617 214003 424187 628522 369923 860607 410970 525433 660985 138699 341821 823691 529980 999999999 449919 787107 777021 118092 325412 272354 52727 391152 356134 430201 680212 356632 195424 393016 353001 339984 802508 601203 660153 355403 638573 742244 809734 370878 812365 423273 258071 440281 387396 370055 93780 584194 497642 600193 515812 272619 271764 484784 274341 519453 740088 726870 103694 791003 787814 418272 637109 333960 304209 668821 417743 13749 131179 287093 595070 403819 537828 271892 499899 801391 139242 148027 868280 72757 786237 759034 510865 525950 458044 872581 725858 627947 724430 419045 405476 119374 56191 940926
129816 520338 459935 226283 940327 986009 266072 567951 949298 287010 456572 843089 800232 978690 814191 438224 699512 326089 392926 949246 490752 449919 999999999 403195 774370 425326 755297 612825 402932 375170 135295 277182 795555 209583 335613 256546 738792 112109 812027 771283 647244 740815 552132 679059 730636 767173 849686 662504 228564 422942 301859 585690 363519 981014 674267 796675 420229 715779 310969 467541 701034 585534 482703 634741 377404 795895 526741 766248 601207 750006 661149 923371 783402 439303 547742 659635 278866 280321 678760 179566 139041 564513 411032 315535 929247 412723 726633 899018 440509 521130 237130 816425 877930 370076 474512 387969 215914 541734 504401 985430
531642 271627 805738 412539 1115159 1211367 287378 805339 952738 576819 547041 919420 1075252 943291 1057402 434565 666767 693826 796021 926139 493219 787107 403195 999999999 678482 799798 1033975 843625 734519 494747 537950 388756 799657 612173 725460 414312 976431 476092 716587 828608 587891 977806 468124 557660 574799 1009830 769869 807228 529045 497801 443404 741499 719968 1199894 767253 869076 423951 1016816 711969 507086 981889 625923 238797 502454 690083 700696 249999 967764 541230 1013922 891187 1017572 996629 774005 844083 901399 201813 415825 741582 553491 293867 300108 693022 684097 852555 727754 591442 899033 451581 535361 341867 657786 893138 235043 247198 482251 388227 843157 842972 882781
826483 415808 805246 559004 659872 816412 523269 595541 309786 635206 366541 377339 812436 272824 739001 336280 120414 801791 1031946 264662 288752 777021 774370 678482 999999999 874577 792560 598733 742347 432466 836545 499281 203747 909053 880706 527557 678241 731559 39277 299817 129606 677848 229392 121169 131961 707613 91741 436915 649926 374463 489837 439530 787927 796335 339011 342929 354241 827925 927295 323272 764418 257861 441998 176182 691405 22725 446427 608356 173243 750608 618737 468720 646035 765650 720667 645081 563879 502554 283458 761723 656978 404604 639336 799331 174111 708026 99244 262992 335710 269630 537806 120121 276194 470737 431770 408831 562368 730257 808362 214283
307335 814968 97624 421406 704563 682662 554871 356449 908666 263485 512555 745660 460741 973372 514456 598323 761647 106188 228248 936747 612524 118092 425326 799798 874577 999999999 418430 390212 134200 465992 307183 478479 790596 282730 105285 438865 463359 327145 902300 715358 753078 465779 717916 829375 895905 477880 916011 539713 286621 520283 445181 483312 92316 685973 610558 716184 586277 354717 176066 568466 372140 619329 787515 808448 183173 889927 835927 533475 725424 434788 420504 786912 530503 123341 244095 401902 620837 455023 648063 249850 506035 855656 238344 115724 975533 171064 875130 872644 586085 614521 493914 963901 840075 670256 773063 493976 439967 231313 134685 1047163
673374 935359 330217 624417 327442 265700 747413 236008 679752 477022 537539 499003 45119 766481 112650 668031 674147 463876 642779 729765 641446 325412 755297 1033975 792560 418430 999999999 209167 360361 554998 677527 646308 626484 682033 515572 619765 120971 643220 803922 522714 711204 122203 744678 807792 872516 103595 790937 355814 534830 577742 592370 364925 418790 271371 454207 497002 666846 75041 591200 600853 54336 561063 923738 814970 377957 798137 966443 210532 710593 45322 176101 489161 181675 331381 207838 152648 832314 618790 509493 585808 772583 964234 350588 472887 818501 343616 840220 665535 649048 616277 692306 908633 629187 831927 906543 576118 649078 214975 285744 892515
559037 728301 293667 444825 335568 377438 556428 45013 541775 326060 329305 366954 242552 618402 214106 460395 478539 384734 612468 580853 432312 272354 612825 843625 598733 390212 209167 999999999 275958 353799 565616 455278 454128 593413 458732 434213 133335 504883 614529 359076 507781 134881 535735 603263 669138 166290 609208 175490 384261 371123 400507 160691 344407 370252 269685 346955 460139 230329 532776 392043 169734 356222 718286 607639 261778 606865 759957 157456 503866 177253 49208 397649 170674 269104 154493 59137 642260 428821 321770 465672 601988 756146 208751 390386 648959 242570 638067 514937 441244 407354 505925 711171 479501 631646 701020 372622 469042 167525 269544 723615
313068 712807 75271 330703 605964 610832 467034 236673 777270 161555 383687 618017 405408 840263 437149 479184 628373 110496 339456 803812 487174 52727 402932 734519 742347 134200 360361 275958 999999999 345003 317167 378619 656745 327229 183003 341070 372778 291846 769360 583387 622575 375118 594769 701830 768964 394261 782158 411179 205540 396178 337027 351227 68460 610237 477899 586271 468821 314005 256860 442324 307340 486129 688959 684067 54626 757248 736826 429203 597101 363487 314010 665638 433205 39487 155399 300896 542355 352512 514264 227359 448012 751345 104205 117598 841334 37596 746711 740088 465311 485846 405530 834360 707992 576115 673441 373058 352845 146224 108470 913011
400374 386378 418032 149500 626015 716640 212234 319651 574162 208411 81404 475800 593064 606660 565511 134300 337384 379405 601089 575940 149616 391152 375170 494747 432466 465992 554998 353799 345003 999999999 410284 119262 421305 478963 454329 121387 484721 307879 466153 398476 303588 485936 251998 367696 432649 518597 494208 321151 217468 58181 74658 249964 374385 705182 307521 427390 125132 552393 495975 109487 506493 211579 370717 342884 290386 451420 415350 473150 267437 529111 399680 563492 501918 377798 391511 412708 296695 101548 305113 329832 298854 420062 257085 375319 568513 318499 415006 524165 120457 162939 175872 506045 502761 277902 353738 28093 164701 395260 437125 631430
10078 633703 359750 279155 900839 924403 366258 521082 972435 252933 488088 845558 722566 1013413 750477 504855 747444 219904 259497 981122 547793 356134 135295 537950 836545 307183 677527 565616 317167 410284 999999999 342773 825693 81330 208907 310120 680847 105382 872165 784514 707006 683068 627089 753826 811374 705637 903459 649683 207029 465938 346831 574731 263157 922240 680944 803015 487614 628640 176034 515736 624427 619060 598047 715309 308043 856762 644232 722982 664941 679406 611005 915649 734222 348011 471513 604060 398888 334973 696233 100629 259801 677858 356869 209726 978733 337197 802216 925395 502220 570539 320873 893866 900171 480485 587869 430402 280653 463079 406190 1040696
332730 336679 453817 65497 742942 826569 101391 416593 679928 218584 194238 592445 687030 703817 669303 163575 422531 378183 568786 675544 213606 430201 277182 388756 499281 478479 646308 455278 378619 119262 342773 999999999 523797 420020 440286 39907 588381 237640 536347 512063 371022 589818 284347 411276 468710 621565 572742 439798 194494 152180 54774 367261 387293 816270 425187 543361 145881 633384 464558 192055 594917 315243 310806 372779 326851 520407 358952 585416 326142 625285 503233 681792 612156 416464 463311 512769 187068 27846 418395 284671 182111 377181 314787 371252 652070 361968 459623 628264 163876 244607 56612 551165 609849 197992 295679 120628 63206 464126 482886 708858
816074 563133 707390 569275 458310 618516 582404 463767 157703 589533 340292 173757 639703 188551 558013 384835 136791 738086 978997 155429 322932 680212 795555 799657 203747 790596 626484 454128 656745 421305 825693 523797 999999999 887598 820227 539204 506968 726665 196978 105757 218071 506136 333581 289211 327794 532750 168443 279152 621572 373088 493716 311796 713916 597792 186192 143350 400872 672700 879125 332524 607065 210028 579485 332406 613156 198115 597180 427216 260362 582228 461898 265905 463959 671106 596482 489703 645497 516038 142551 736181 702914 564164 553506 738276 194878 619564 291680 104775 373953 283904 574960 321322 93484 569697 565538 407667 581026 607998 699650 269558
90565 715027 353811 355384 928382 937604 447404 550189 1030666 302129 554149 895686 726459 1076009 764174 580451 816108 218671 184205 1042781 620671 356632 209583 612173 909053 282730 682033 593413 327229 478963 81330 420020 887598 999999999 177551 385708 699516 182857 943943 839947 779460 701833 703727 829899 888603 721487 973170 694799 266211 535920 419628 622037 263709 937380 734656 855277 563526 626450 119957 586528 630771 684007 679318 792778 331635 928813 725412 750323 738707 689268 636003 960330 757753 351263 482003 625712 479612 410238 754297 151432 339934 759186 387661 210281 1046746 354271 878320 985202 576703 641079 400960 970151 958468 561814 669188 500813 358851 471959 400093 1110385
210628 770626 185644 377445 785771 776963 502453 419652 949491 246394 514165 796311 559010 1007046 605818 579446 774026 82220 159887 971462 603944 195424 335613 725460 880706 105285 515572 458732 183003 454329 208907 440286 820227 177551 999999999 400589 548232 249679 911506 755196 754399 550628 703162 821972 886409 566262 931365 589606 247105 511837 417543 524857 114940 778791 648586 761994 565222 455360 76373 562524 466700 633173 739882 794652 211428 897932 788150 610361 721236 527830 495333 847598 611978 194036 326432 480324 558913 420691 679357 173385 433044 813078 273321 82295 996917 218354 869334 909377 570077 613137 444218 960257 878828 620483 726724 481088 391752 314785 229963 1066042
300043 376130 416115 31521 732315 808804 129992 393840 693675 180192 201964 596722 661341 722205 648187 194856 444928 338302 530649 692705 239323 393016 256546 414312 527557 438865 619765 434213 341070 121387 310120 39907 539204 385708 400589 999999999 567544 204752 563872 519845 398365 569094 318122 444208 503261 600208 597945 433616 154589 166397 46733 358942 347883 799403 428057 548567 177824 603524 426097 211931 567578 329264 349583 407785 290115 548198 397852 570240 355197 600743 482844 683024 595282 379307 431948 490576 213030 25004 426425 247028 180481 416870 281925 331348 675824 325904 492628 642950 192276 266233 72556 584445 622692 235070 334694 131539 43388 432049 446351 734742
675125 852199 366841 577859 242204 247306 689411 175060 559356 452067 453036 378446 134220 645643 80973 584408 561415 483016 691556 608871 550384 353001 738792 976431 678241 463359 120971 133335 372778 484721 680847 588381 506968 699516 548232 567544 999999999 628877 687725 402590 604061 2421 648467 701306 764429 34181 672566 242089 510884 497527 533607 264893 439199 242542 339245 376100 585776 180910 624441 513065 118830 457035 844470 712880 372807 682678 884680 91917 607958 75825 85255 374170 71384 354377 221834 79360 775262 562042 394817 582906 734266 877756 328559 490372 698144 345730 731088 544574 565029 520949 639250 795780 508223 761946 827173 502094 602148 233749 329893 772007
95307 539336 351681 173777 835641 875827 269044 459881 875926 179182 387171 756718 688171 913519 703437 399474 644119 223245 345042 881951 442842 339984 112109 476092 731559 327145 643220 504883 291846 307879 105382 237640 726665 182857 249679 204752 628877 999999999 767387 691020 602087 630942 521854 648501 706345 656683 799475 567469 122882 362445 242226 491086 256855 871356 589642 712358 382247 603949 246983 411679 588970 518390 505312 610366 265301 751902 552614 659950 559710 638338 552676 831819 675539 328914 435635 549970 313541 229628 600823 77716 183404 583139 300450 212931 875522 300666 696899 827740 396915 466509 219066 788585 803793 386103 493919 326777 176027 429644 395155 936645
862116 452489 830679 595365 655268 814976 562096 613962 284846 666782 397781 369906 821878 239969 745507 373806 141616 831956 1063963 235302 324642 802508 812027 716587 39277 902300 803922 614529 769360 466153 872165 536347 196978 943943 911506 563872 687725 767387 999999999 298859 165523 687200 268548 158929 160469 716095 56376 448295 683395 408433 525335 457182 816724 794421 349789 339714 391798 842259 959617 357502 778018 283306 479526 214135 719216 16586 482541 614409 210867 761187 631833 457082 651889 791439 741252 658673 603150 538873 294820 795877 695582 439706 665792 829812 136144 734468 131417 241441 372543 303249 575757 126726 258974 509955 469638 443222 599322 751244 832052 175242
775332 613328 627408 547573 360951 516800 585411 374129 194319 537955 318451 92805 534697 260861 452300 397082 204989 673167 915047 223495 336239 601203 771283 828608 299817 715358 522714 359076 583387 398476 784514 512063 105757 839947 755196 519845 402590 691020 298859 999999999 278490 401675 378469 365451 414108 427662 274048 184102 577568 360682 473127 232179 644673 496584 106724 45910 410413 571412 818836 331368 505575 204925 623724 399858 544476 297821 648149 321606 309850 478138 361963 193250 358250 593303 507134 389906 657504 499028 93673 689892 694170 621163 483053 674611 295872 545800 377759 158109 382242 294099 566937 419658 124722 593980 608305 391546 563094 519253 615094 370120
696947 345070 688367 429852 630297 773486 402169 497395 365658 508251 241250 369670 736358 358661 672669 209273 81308 676473 904106 338927 159246 660153 647244 587891 129606 753078 711204 507781 622575 303588 707006 371022 218071 779460 754399 398365 604061 602087 165523 278490 999999999 604070 120047 97336 161440 635889 203576 364087 521007 245451 360251 347396 664786 755255 274457 324304 227276 737907 799204 194156 677107 151858 362271 121635 570326 149851 379116 546107 49222 672050 535110 469441 583492 648215 615375 559533 451187 373364 222941 632352 533776 347009 521202 673565 285587 589537 130788 312290 207153 141414 411737 212568 310281 364943 348836 279488 433910 623893 695182 338229
677334 853004 369258 579503 239794 245329 690821 176799 557927 454062 453902 377043 134688 644326 79639 585252 561136 485367 693975 607579 551017 355403 740815 977806 677848 465779 122203 134881 375118 485936 683068 589818 506136 701833 550628 569094 2421 630942 687200 401675 604070 999999999 648905 701330 764371 33347 671854 241857 512870 498492 535046 265361 441562 240448 338873 374973 586689 182708 626834 513811 120851 457221 845378 713089 375032 682207 885518 90152 608163 76981 86620 372295 69116 356765 224234 81301 776674 563509 394448 585091 736004 878464 330650 492714 697168 348019 730982 543334 565868 521449 640764 795468 506988 763091 828081 503214 603779 236157 332313 770997
617039 234864 666121 348364 711997 842701 294940 515649 484746 459159 219136 471269 775297 478163 723271 124717 198842 630382 844070 458959 109715 638573 552132 468124 229392 717916 744678 535735 594769 251998 627089 284347 333581 703727 703162 318122 648467 521854 268548 378469 120047 648905 999999999 127318 185376 681968 315106 421252 459101 198592 288794 383595 626382 826224 347126 422840 140701 759988 738754 154997 704129 199947 246933 91492 540391 251967 269700 604316 73362 709717 571195 571718 640200 625590 617809 592355 335357 293867 304954 563305 429563 245293 500711 625799 398667 565909 175472 431129 133121 128401 315181 266829 426853 245786 232409 224136 346988 624222 680822 443663
743763 294966 770291 474794 722614 868778 419350 591073 419618 576059 318259 453658 833415 391985 769987 249500 160479 746780 966407 380601 218183 742244 679059 557660 121169 829375 807792 603263 701830 367696 753826 411276 289211 829899 821972 444208 701306 648501 158929 365451 97336 701330 127318 999999999 67800 733195 212893 461405 580988 310688 412537 443366 739156 850215 370975 411268 266384 832993 861040 261124 772857 247102 320834 55220 648354 143122 326099 643194 105267 768968 631699 551502 680632 729823 705645 655814 451353 419674 318405 687740 554471 285808 603028 742915 294977 670451 48420 369104 254721 216295 442309 140310 375191 355150 310735 340921 474095 713584 780237 328672
801349 304410 837753 533246 774396 924630 467037 657898 441723 641025 385610 498454 897190 400333 831580 309978 211692 812044 1029048 395192 283716 809734 730636 574799 131961 895905 872516 669138 768964 432649 811374 468710 327794 888603 886409 503261 764429 706345 160469 414108 161440 764371 185376 67800 999999999 795884 216689 523340 643785 376286 473991 508827 805367 905523 430466 459283 326075 899163 923694 327439 838528 312985 336073 96261 715336 148394 331458 703535 173008 833104 696443 593536 741146 797262 773274 720956 489718 479134 376477 748677 601900 285556 670547 807943 291406 737833 36396 394738 317077 283826 495552 87782 406443 390345 329013 405466 530794 781275 847972 309816
700200 886343 382688 609970 234610 219369 722692 206841 578027 480992 487209 397794 107060 665785 48088 618573 591602 503823 706005 629374 584323 370878 767173 1009830 707613 477880 103595 166290 394261 518597 705637 621565 532750 721487 566262 600208 34181 656683 716095 427662 635889 33347 681968 733195 795884 999999999 699365 272781 539876 531699 566793 298498 459460 216629 368935 398943 619957 172088 642624 547158 116831 489688 878650 745597 397842 711473 918842 108752 640668 59763 118935 385574 78091 373335 240541 110136 808531 595100 424480 608588 765670 911805 356258 511580 722335 369097 762286 565817 599192 554616 672080 825684 529564 795941 861353 536134 634337 251673 343409 795798
893464 507499 840338 629448 621765 784711 605287 612774 232723 689070 421286 335319 806052 183651 725884 412514 157986 850710 1086143 180350 359251 812365 849686 769869 91741 916011 790937 609208 782158 494208 903459 572742 168443 973170 931365 597945 672566 799475 56376 274048 203576 671854 315106 212893 216689 699365 999999999 437908 709816 437611 557384 456221 832778 763635 340185 310968 430487 833549 982671 387804 768454 298342 533697 267822 733724 70438 537951 594873 251780 747243 622290 416652 631848 801886 742871 649704 650457 573066 287500 823577 737334 495601 678014 849222 83691 746341 187711 192969 409185 332975 615003 174649 214832 559296 523351 473071 635146 753486 838597 137257
641379 641278 448457 454941 307964 422395 532202 190756 371685 396770 260193 206906 375998 444524 308583 382059 319383 509013 748896 407034 335315 423273 662504 807228 436915 539713 355814 175490 411179 321151 649683 439798 279152 694799 589606 433616 242089 567469 448295 184102 364087 241857 421252 461405 523340 272781 437908 999999999 446124 309427 389531 76815 475978 406833 98517 177135 388484 395641 657893 306916 330621 222657 640216 477029 378611 442330 675372 183738 372561 313699 184390 266040 220477 416518 323409 211816 614841 418899 153679 550371 613992 661096 316834 511952 474023 373840 489559 341252 363079 299236 496175 553848 306451 577155 623183 327562 475667 335688 433114 548706
197986 529371 277109 134881 713221 758188 268804 339389 766266 58888 289040 639049 579215 809897 587246 334573 552107 184098 385423 776860 364966 258071 228564 529045 649926 286621 534830 384261 205540 217468 207029 194494 621572 266211 247105 154589 510884 122882 683395 577568 521007 512870 459101 580988 643785 539876 709816 446124 999999999 275558 171130 370180 197768 752798 473933 596101 319614 503005 280054 326852 480555 418063 501128 550451 164197 668778 549562 538152 483644 525823 432612 711362 554855 245024 330270 431597 339164 173736 489858 114838 244084 570736 185259 176875 781839 202054 628993 719933 326723 380338 207522 720677 693998 383636 486891 241953 153566 326390 314010 846764
455963 357618 467713 196991 617367 720035 228642 342019 528376 265577 49262 443215 613407 555873 577266 91571 281676 436098 659227 526316 92584 440281 422942 497801 374463 520283 577742 371123 396178 58181 465938 152180 373088 535920 511837 166397 497527 362445 408433 360682 245451 498492 198592 310688 376286 531699 437611 309427 275558 999999999 121985 245673 429285 707030 278608 393537 89116 582013 554137 51312 531858 163526 347303 288319 341818 393581 388908 475153 209508 548329 413928 535315 506614 427213 428376 430172 307719 142959 267140 387448 333929 387374 303176 432312 513077 367556 357670 477154 73770 105220 206309 448422 457949 269393 330020 35711 207938 433469 483680 574867
336783 375923 412216 75585 690600 772091 156033 361944 647657 181788 155442 550110 632823 677611 614529 164078 402788 349326 555332 647668 201153 387396 301859 443404 489837 445181 592370 400507 337027 74658 346831 54774 493716 419628 417543 46733 533607 242226 525335 473127 360251 535046 288794 412537 473991 566793 557384 389531 171130 121985 999999999 315740 352991 761953 381542 501881 148646 580990 450058 169762 541294 283688 353387 379888 283713 509950 400773 531430 319097 570837 448464 636851 557794 373661 412237 458041 241797 29628 379732 275218 225771 414341 265737 343489 634109 317198 460836 597184 157909 224541 108194 552750 576515 245824 337443 86488 90082 413671 438436 694500
566275 591472 396752 379345 376055 474920 462131 156903 426095 322112 197478 274303 392858 490573 340778 325975 319127 443233 684711 453724 286832 370055 585690 741499 439530 483312 364925 160691 351227 249964 574731 367261 311796 622037 524857 358942 264893 491086 457182 232179 347396 265361 383595 443366 508827 298498 456221 76815 370180 245673 315740 999999999 413139 461514 127588 237291 329921 391020 590710 252153 329715 196319 586742 450317 313524 448680 624737 230159 345748 327580 189200 341208 263047 361701 286934 212551 546040 345288 171079 475992 538976 614982 251758 445332 503647 313635 477479 389359 306583 256126 423247 550758 356843 515066 569506 259392 400522 297873 387855 577614
260476 723962 97308 331735 673920 674255 466558 304831 838935 171231 423664 682859 463440 899262 501195 506257 676966 45101 273011 863205 521730 93780 363519 719968 787927 92316 418790 344407 68460 374385 263157 387293 713916 263709 114940 347883 439199 256855 816724 644673 664786 441562 626382 739156 805367 459460 832778 475978 197768 429285 352991 413139 999999999 674528 538443 649654 494072 366207 188400 478047 367145 534826 697173 717136 100781 803919 745529 497453 635718 425633 382266 732786 500799 87570 219076 368593 535577 363389 571973 183976 427778 764324 161630 54247 895004 103435 785298 800240 494244 525216 405194 874653 768897 580698 682488 402296 351267 208592 143308 965596
916755 1048038 593578 812567 146549 22559 915653 414387 584594 694087 658993 429021 235185 677296 173343 786305 693838 719196 912419 645866 741939 584194 981014 1199894 796335 685973 271371 370252 610237 705182 922240 816270 597792 937380 778791 799403 242542 871356 794421 496584 755255 240448 826224 850215 905523 216629 763635 406833 752798 707030 761953 461514 674528 999999999 482322 454707 791114 343923 855091 711567 313898 626322 1046126 874255 614352 794180 1082045 232253 772172 251307 321158 365958 204186 587647 455512 321421 1001111 791198 532314 824944 971206 1067760 571097 727209 762943 585688 869644 592415 767034 706029 869572 916241 559883 976321 1028999 718365 836381 465986 551565 829977
671916 576707 524319 453988 364955 499977 507222 277589 300918 432528 231814 169035 473428 363012 402109 333075 222872 566520 808414 326231 277608 497642 674267 767253 339011 610558 454207 269685 477899 307521 680944 425187 186192 734656 648586 428057 339245 589642 349789 106724 274457 338873 347126 370975 430466 368935 340185 98517 473933 278608 381542 127588 538443 482322 999999999 122772 343319 493654 712118 260317 428871 148889 580634 392086 438074 343959 611448 273126 289953 411789 282580 256919 310786 489238 410304 309780 584744 409069 55576 585208 606293 591764 376820 567911 380243 440358 395830 262190 315695 236949 481386 456749 230456 532804 564141 305324 471425 421864 514534 454754
794067 657667 625537 575242 316965 475304 620521 367149 195113 553317 349123 50450 505839 273139 420161 435880 250791 680483 921791 235709 375937 600193 796675 869076 342929 716184 497002 346955 586271 427390 803015 543361 143350 855277 761994 548567 376100 712358 339714 45910 324304 374973 422840 411268 459283 398943 310968 177135 596101 393537 501881 237291 649654 454707 122772 999999999 448469 549765 827943 367811 483951 243454 667268 445726 550579 339711 692526 291033 354970 451925 343800 149515 326540 593181 498858 371619 694612 528734 128371 706597 725255 666209 488716 682623 324065 548740 422904 170128 420297 333760 598971 462300 133943 634132 651671 422786 591949 511397 609936 397034
