NAME : synthetic_000088
TYPE : CTSP-D
DIMENSION : 100
GROUPS : 8
RELAXATION_LEVEL : 1
EDGE_WEIGHT_TYPE : EXPLICIT
EDGE_WEIGHT_FORMAT : FULL_MATRIX
EDGE_WEIGHT_SECTION
999999999 281216 616218 748298 589771 347346 852235 122560 511571 166074 337063 373380 329556 721738 723212 207679 438025 670354 863386 106628 388906 1027879 382572 725854 258421 53557 403844 251938 556625 946122 218121 528278 422828 302690 470008 550903 620407 800089 589359 797977 458498 228352 404485 516147 505013 292869 646320 237641 897363 893608 813100 444705 260652 351115 255292 574261 349193 419051 359175 454471 548251 814931 486940 951355 202877 371377 537699 398524 654732 186202 592456 315906 603215 513168 624828 472574 259788 515349 494580 670931 982265 363074 229294 498824 533825 659480 254170 478880 313806 33018 781308 682812 802398 616606 370958 817834 377339 290515 78609 277072
281216 999999999 563495 692888 693202 431664 880823 403758 687502 332511 186439 237064 193986 678907 449995 76843 196706 484320 711853 377390 336233 994896 367420 815849 365940 232815 349604 302107 763707 873535 233398 774174 669211 61590 580791 420307 788781 532733 510415 604142 181292 239257 215836 283673 578241 256022 626842 265119 786352 629438 570442 665319 534213 490757 88644 798195 550506 511597 552082 178795 773616 847420 217925 888037 277563 495391 431357 297630 735940 214943 389796 240521 826643 241225 541534 216447 159728 604570 383174 630116 964854 490743 169659 516981 556105 595331 359276 582431 212722 279525 752919 439334 606982 401442 119388 634178 117754 416889 225565 262514
616218 563495 999999999 133924 347066 313731 349816 673442 497532 772997 377419 800517 756305 115430 627707 583529 446911 306611 326509 614522 238268 432033 233745 389597 382089 617463 223006 364802 609942 330027 405393 725969 664813 623955 332167 189803 532541 635312 68330 378276 553602 394614 370716 415133 258153 337394 87370 781845 298562 677816 533936 592361 688708 387052 642503 675394 506984 300395 490131 650192 664117 325113 520435 336962 770464 359112 151936 265865 323927 717063 339302 794791 692302 537453 65961 478156 709073 292327 191710 67686 401971 366179 704288 162120 158351 46076 383063 318107 770554 644925 190476 474755 384824 372993 661453 364296 651808 383468 547335 346492
748298 692888 133924 999999999 393849 432348 278946 800499 569293 906306 506451 929856 886477 38305 703215 716053 562129 363437 285253 741491 372055 302669 366574 389485 507761 750876 356749 496414 678467 198597 539061 808607 759726 752615 416617 293388 580941 694726 183076 393169 667446 528282 492319 517807 339701 471309 122424 915543 202718 720483 574344 680389 804711 494628 773675 745702 609065 402719 590879 767625 738324 266920 629733 203359 904384 465355 266847 396042 345213 850830 423499 926622 758621 643536 155379 588656 841054 366284 312788 80115 280769 473428 837118 270041 250034 97567 509407 401226 901825 777477 86358 543615 399303 451713 786458 365909 776084 502920 680510 480314
589771 693202 347066 393849 999999999 263916 306604 580181 188612 753150 545858 904476 855855 355810 921598 672809 669616 638777 664135 528815 395861 544045 347534 136470 344778 619971 390375 394092 289486 551065 463230 431295 407619 751933 120256 491902 188176 948930 396851 724098 767272 455827 582463 677400 122212 441907 282511 817206 596277 1005414 866669 319091 518265 239150 743016 356783 296431 182962 277457 839994 352973 270663 752613 537025 788802 218730 446136 459678 78276 755662 642938 870559 367044 777022 410767 711781 791003 89559 456130 333600 481409 226807 772163 224254 201059 379291 350814 113749 856106 622746 355689 785568 730641 680019 811510 711356 807343 302056 555102 431747
347346 431664 313731 432348 263916 999999999 504903 373892 280017 513380 302770 640729 592129 399802 718582 408895 437719 504085 621864 315508 185596 689553 136991 393587 89020 368254 189481 130417 380125 629310 199700 454239 373168 489320 149134 348439 368374 764149 316735 618733 525015 192774 354334 467560 160329 189924 316737 561534 612239 836991 713721 318909 374982 92261 479103 433797 210823 80954 198233 586976 414792 467643 519366 628830 536924 77351 311206 246649 316774 498206 471156 608674 458118 546016 348536 482005 527921 178206 292775 352235 639957 78053 510239 163696 192925 359792 93714 151243 593178 379885 448025 607183 624755 507231 550744 621599 547499 70572 299442 175178
852235 880823 349816 278946 306604 504903 999999999 866020 489010 1018282 702315 1112886 1065829 260201 972247 883335 791377 637508 549338 810470 545133 251947 514998 206699 593894 871462 532520 616972 574471 323423 678500 724951 712656 942411 403242 539487 447197 970317 417907 671577 897990 668642 710280 764753 349635 629305 266360 1059902 429527 999184 853001 623381 820698 520475 949567 638371 599761 436624 580429 990356 640782 37749 867784 297228 1038674 493562 501162 592967 228401 995198 685821 1094057 641026 885954 405154 825219 1009286 348312 537099 287540 185224 502703 997450 367763 328839 344426 598365 389938 1073967 884786 193573 815084 677629 717593 989348 642621 981441 565140 801242 629003
122560 403758 673442 800499 580181 373892 866020 999999999 465850 204261 443314 475734 435855 770177 843515 330038 554405 768360 946412 59008 464485 1063094 446179 715778 292807 173445 478206 315720 487870 998942 305251 432991 331311 423869 466221 637343 572944 918635 657367 895661 580293 313814 512898 629178 517162 378033 689168 317740 965615 1010969 924774 372682 149149 346170 374195 493285 301694 430678 316749 576514 467273 828273 607246 1000463 275557 372484 617560 487275 652472 282543 696856 410727 521574 633854 692494 590813 368753 518637 578628 720874 1012097 363359 336312 536526 566809 718696 291096 478086 414937 131002 821699 795876 900485 723582 491206 912064 498248 305764 189571 358516
511571 687502 497532 569293 188612 280017 489010 465850 999999999 661000 580912 867124 819353 531011 997641 647470 717201 757802 823676 425861 460665 731653 409648 293011 322880 553769 461469 392901 112552 737021 457261 243176 225406 739380 168433 602131 108882 1039815 532348 859370 801105 453647 634335 746672 239391 466689 450361 749118 771526 1108278 978472 135853 368718 199344 716326 178070 165067 224812 152717 854807 169047 454726 798264 724261 713887 203386 558880 524169 263239 694324 740236 820198 195110 825209 554503 761591 749939 206145 553767 500611 668136 204893 725116 343809 339240 536943 329492 180905 812009 542529 540504 880067 865777 777194 806054 853429 805255 271754 501608 449285
166074 332511 772997 906306 753150 513380 1018282 204261 661000 999999999 454926 303911 275118 881440 777964 259281 523118 789656 998749 235216 539131 1190713 539788 889533 424412 155619 554468 412623 690972 1102784 368057 634900 534868 321778 634020 687575 769481 863417 740500 915496 510068 378806 513871 608631 670974 439708 808341 129777 1045220 960805 901411 575976 347410 514005 263917 697538 495998 584820 508775 470939 671532 980994 550058 1109665 86546 535631 680912 537325 819621 129225 702645 231537 725797 572287 775714 547999 223117 680612 635005 830383 1146427 527119 191847 662969 698628 814858 420060 643446 245749 133529 943413 769868 919213 720882 374694 940191 386109 456008 225850 427555
337063 186439 377419 506451 545858 302770 702315 443314 580912 454926 999999999 423459 380146 492762 432802 218498 138167 336074 546168 396278 159200 808502 200552 657498 269121 310714 170450 195703 674368 688534 152796 720056 622301 246550 445303 240822 671026 493613 324101 463126 223030 149265 70366 191931 424951 114435 443468 426896 607373 579428 482592 593958 536277 383278 268928 720982 475589 374254 470742 296244 699041 670278 217491 702299 426204 377768 246591 111829 577050 365900 255396 422841 747528 244732 355633 182565 338319 456442 198171 444347 779175 376023 339150 346819 384908 408898 263346 443079 396758 353417 567308 355966 467244 280468 287309 485890 279134 316545 258904 133520
373380 237064 800517 929856 904476 640729 1112886 475734 867124 303911 423459 999999999 48638 915939 562408 232649 402722 697294 931741 478880 570869 1231952 597889 1033338 562122 322385 584755 511427 924913 1108797 443283 901213 796032 177545 786847 653212 974012 654584 747208 807444 330772 451774 446042 483433 796257 483750 862593 175032 1016434 752036 732887 815534 624619 682189 163805 946545 712353 721627 719092 243140 920644 1078617 381346 1124051 217387 693430 667129 534662 954875 193230 599677 73592 975536 391586 777925 402546 117239 818518 619221 867025 1201657 687127 144565 746204 785419 832290 555742 791083 60820 350512 989729 610692 809208 602477 163583 842079 177875 609752 365694 485742
329556 193986 756305 886477 855855 592129 1065829 435855 819353 275118 380146 48638 999999999 871727 551980 184347 369648 664544 897288 435741 524975 1188127 550875 984832 513511 277644 539052 462912 878440 1067430 394886 857833 752353 137168 738210 613188 926037 643265 704244 777827 306983 403458 406796 452857 747840 436536 816953 151401 978041 741400 713182 769737 584075 633749 116266 901185 665424 673018 671841 229809 875353 1031385 356674 1082023 190079 644850 625302 490666 906444 155361 567401 63994 930179 369824 735504 373782 70434 769957 577150 822485 1156834 638574 100412 698810 738007 788957 507125 742450 34629 308328 944973 588006 779896 572568 139375 811243 153990 561221 318256 438018
721738 678907 115430 38305 355810 399802 260201 770177 531011 881440 492762 915939 871727 999999999 713903 698375 557178 377369 318745 711208 351919 316821 342034 355609 477407 726387 336841 469883 640163 229508 515596 770494 722373 739311 378996 291725 543123 710125 174476 417566 663386 504843 483782 518278 302160 449990 85790 895111 240989 740356 594203 642602 770516 459342 757823 707397 572669 366984 554348 761840 700038 243895 627741 230509 882453 429949 260325 381280 308565 830140 430019 909904 720344 642990 152529 586020 824148 328250 303854 51126 287217 438160 818867 236513 214294 90408 479360 363563 885834 751472 77895 555681 423850 460203 776039 392768 766168 470307 655618 457599
723212 449995 627707 703215 921598 718582 972247 843515 997641 777964 432802 562408 551980 713903 999999999 526748 297788 341456 538013 807071 537976 971026 589270 1003472 700107 679276 539032 627357 1098255 806471 583659 1152507 1055090 457179 844245 441832 1076315 92494 559981 372945 268884 581295 368589 251034 801537 543019 715003 685960 671209 189673 209197 1024651 957773 806624 514873 1148885 906810 776825 900733 322174 1127960 950950 236309 833766 711122 795921 485992 473720 928105 652231 288570 615974 1174502 210193 567765 256192 569116 838223 466686 685341 971112 795980 594127 698053 726618 627835 694646 837795 585872 726518 788190 160707 370481 254972 416378 415702 402528 745178 654991 564022
207679 76843 583529 716053 672809 408895 883335 330038 647470 259281 218498 232649 184347 698375 526748 999999999 264194 540802 761495 307823 347427 1015152 369150 800850 333143 157468 362139 279072 715945 903462 210662 715107 609388 98646 556150 459305 752019 608946 536667 664033 258126 219129 265292 350312 563633 254602 638893 208971 825826 705315 642132 612835 464881 455953 70350 745864 501523 489849 505296 246979 720702 848504 293689 915594 212915 464789 463412 321756 722259 150593 449543 212303 774641 317600 569774 288964 126606 586275 415081 648179 980665 459030 121503 515763 554886 619266 326608 559761 190684 203631 769490 510589 667308 464931 168637 691651 172782 382382 160993 254505
438025 196706 446911 562129 669616 437719 791377 554405 717201 523118 138167 402722 369648 557178 297788 264194 999999999 294950 529077 513815 273839 862382 322481 772367 407250 400096 280400 333783 812137 723328 286212 857303 758493 236222 575887 269656 804671 365526 382782 409921 106774 284317 87208 86967 547460 252082 525449 461614 619452 456602 379291 732000 661676 520609 282926 859139 613571 505410 608890 205668 837205 762511 83038 742338 473761 513818 296856 211151 692654 410986 197775 426041 885644 108551 406880 44497 352261 581268 255395 514108 842547 512540 365755 457552 492973 467460 401435 572235 395901 446712 634840 247709 412400 205553 241725 442054 228682 454647 364854 271644
670354 484320 306611 363437 638777 504085 637508 768360 757802 789656 336074 697294 664544 377369 341456 540802 294950 999999999 236758 715980 327116 632179 368974 695736 526928 646673 318704 469372 868219 472021 463364 957860 876105 530004 590652 156632 814733 332895 244829 127650 377492 455287 276420 215468 529844 392921 392318 747488 346275 371275 228571 821947 837895 595757 572782 928475 714379 535064 702308 481299 912217 619285 328824 497374 753633 575400 198922 284830 627225 691389 97769 720084 949962 331222 241500 297960 643498 567441 211539 355156 629902 578936 653396 420117 437865 296308 523922 580021 690243 688651 449268 180904 132234 105186 534985 150916 521362 556276 591746 414107
863386 711853 326509 285253 664135 621864 549338 946412 823676 998749 546168 931741 897288 318745 538013 761495 529077 236758 999999999 889804 482106 458634 506789 674260 672262 848388 468788 631838 935913 287089 646301 1051793 986833 761257 658649 312622 852142 497006 305384 166002 614249 636568 497331 452021 584449 571490 381787 970332 143292 491571 355221 917390 989396 704538 800428 1001671 826333 623136 810560 717979 990613 544733 565450 318414 972094 678267 328878 464952 625206 911129 334109 950808 1018093 566840 275575 534551 871565 617862 369148 330894 477359 684428 878555 486336 484781 287109 671243 644615 921553 886161 360388 385951 169360 339634 770390 123866 756981 687023 786135 589318
106628 377390 614522 741491 528815 315508 810470 59008 425861 235216 396278 478880 435741 711208 807071 307823 513815 715980 889804 999999999 407699 1004971 387955 664993 233818 159917 421164 258267 459244 939939 252778 422333 317274 405188 412911 581998 534274 879256 599108 842895 548368 260692 466473 585186 461072 323894 630335 333703 907126 969941 878849 345283 157093 292164 360345 472131 260817 374278 273938 554279 446028 772741 571622 941523 294459 317494 560944 433160 599617 288755 647342 418983 500951 598849 634161 552132 366221 464121 522948 661875 954473 308448 335355 477799 508421 659822 232088 424197 418832 128926 763065 751292 847852 675287 474395 858156 479904 248043 153582 303702
388906 336233 238268 372055 395861 185596 545133 464485 460665 539131 159200 570869 524975 351919 537976 347427 273839 327116 482106 407699 999999999 668300 51296 500901 200183 383698 15408 149982 564495 565364 171773 637649 551279 397787 307145 178293 538864 579585 201446 448500 373606 161189 186643 287818 273668 99871 292060 543584 508498 651405 529199 503338 515002 277400 409443 619290 391090 238886 380681 454419 600387 512365 356789 574380 532597 262045 153270 64892 420680 478798 286030 559600 643341 381190 236768 315944 473794 307898 118672 301309 633270 263536 467257 188000 225795 277435 197523 301788 536639 415179 422092 421670 454107 321828 444616 457807 437202 230076 315414 112158
1027879 994896 432033 302669 544045 689553 251947 1063094 731653 1190713 808502 1231952 1188127 316821 971026 1015152 862382 632179 458634 1004971 668300 999999999 654958 458210 774573 1036959 653334 778158 823032 171573 828690 971697 951046 1054916 621477 592730 697991 945249 485740 616437 966536 818022 794679 812149 554231 765472 382616 1210532 315448 949102 808897 863016 1039552 728148 1074533 887970 824014 636700 804594 1068046 889046 280740 926629 140459 1196417 699090 569085 697467 468475 1145418 708621 1226724 891753 938368 457285 886542 1140968 564619 615409 367032 67108 708148 1135496 529722 496876 400078 777624 606538 1202586 1058789 247835 810759 621116 731629 1089078 577630 1078624 757412 965769 771835
382572 367420 233745 366574 347534 136991 514998 446179 409648 539788 200552 597889 550875 342034 589270 369150 322481 368974 506789 387955 51296 654958 999999999 456968 165842 384488 52624 132111 514147 563763 173826 590899 507153 428847 256076 215207 487650 630304 211188 486852 419970 163121 235557 339071 225667 114563 273281 556317 519667 701025 576739 455830 483343 229242 434630 569730 345695 187595 334269 496744 551264 480838 405518 569922 541462 212343 182534 115972 376511 491106 334382 580962 593440 430438 246348 365228 495597 258842 157508 290914 615677 214352 485910 149603 188690 276962 164541 251046 559796 411182 407175 471632 492689 370656 480129 492969 473742 188061 313957 117351
725854 815849 389597 389485 136470 393587 206699 715778 293011 889533 657498 1033338 984832 355609 1003472 800850 772367 695736 674260 664993 500901 458210 456968 999999999 477794 755069 492648 521920 369687 504466 590244 521425 518385 875804 255863 562911 240695 1020387 451706 762478 874293 582110 685572 768582 237805 560835 307073 951726 580729 1066992 923507 428862 647230 375569 870644 432500 426408 313482 408066 953712 436070 178460 854466 483690 924114 354517 517919 561406 80471 889582 717125 1002229 434451 877159 455426 812467 921373 215406 538503 352687 391780 362780 903784 314841 280615 408672 483599 247694 986672 758851 325725 857709 768968 753092 932600 742641 927412 437023 689232 553350
258421 365940 382089 507761 344778 89020 593894 292807 322880 424412 269121 562122 513511 477407 700107 333143 407250 526928 672262 233818 200183 774573 165842 477794 999999999 279799 210151 73526 408059 706150 134385 452952 359043 420104 225474 377735 422845 754973 372525 648636 482413 131108 331610 452391 248415 157145 397028 474492 677587 834721 721281 324918 317501 124822 403394 452248 206744 164816 201652 531997 430031 556655 484859 707775 448773 131656 347906 247442 402733 411871 478251 525893 479122 512571 406726 451562 447272 263013 318436 428075 726516 125967 427560 245272 277957 427773 6665 231060 512093 290899 530568 605306 654266 512057 485107 657019 483571 51151 211912 136152
53557 232815 617463 750876 619971 368254 871462 173445 553769 155619 310714 322385 277644 726387 679276 157468 400096 646673 848388 159917 383698 1036959 384488 755069 279799 999999999 399009 259100 604139 947188 212444 580619 474955 250446 499719 536092 662250 758314 585127 773836 412451 223190 374990 481209 528203 284530 654362 198110 890646 853017 778136 493556 314121 383738 201962 624199 393880 444035 402473 403206 598279 834565 443580 954227 169180 401384 527188 384554 681656 140561 564512 267940 653186 469105 620397 432171 207500 541788 482037 675293 993965 393587 177856 511230 547815 659242 274676 507375 263580 47255 789346 647011 777956 586428 318153 795955 324909 318060 71244 271973
403844 349604 223006 356749 390375 189481 532520 478206 461469 554468 170450 584755 539052 336841 539032 362139 280400 318704 468788 421164 15408 653334 52624 492648 210151 399009 999999999 163051 566557 549957 186972 643015 558126 411101 305238 167585 537287 578346 186178 438725 381673 176359 193274 289878 268208 115278 277902 558841 493520 648471 524262 508165 526195 281686 423698 622340 397204 238220 386198 464432 603887 500083 363099 559009 547975 264960 140263 69410 412642 494084 281767 574221 645997 386954 221533 321775 488408 303194 108384 286311 618690 266965 482170 178561 215670 262039 207844 299153 551070 430283 407355 419200 444421 318033 456878 446964 449197 237596 330603 127326
251938 302107 364802 496414 394092 130417 616972 315720 392901 412623 195703 511427 462912 469883 627357 279072 333783 469372 631838 258267 149982 778158 132111 521920 73526 259100 163051 999999999 480976 694428 69295 525204 429409 359116 279155 326868 489820 683779 342578 593920 409674 62861 259209 380787 285269 85389 395718 442936 651359 765092 655216 398255 368534 193569 349109 525760 279912 211223 275164 462694 503554 580727 411372 699420 422876 194385 303169 185122 443722 378249 413576 482348 552584 439064 377914 378068 400044 307204 267260 419025 734881 190522 384240 252724 290069 408668 67652 281660 465405 281633 530791 536474 599271 446143 421427 605684 418744 122597 187857 63577
556625 763707 609942 678467 289486 380125 574471 487870 112552 690972 674368 924913 878440 640163 1098255 715945 812137 868219 935913 459244 564495 823032 514147 369687 408059 604139 566557 480976 999999999 840515 540527 152612 182224 811510 280648 712080 133135 1143976 644741 971286 890470 538482 731743 847354 351852 560076 560908 792149 881081 1214872 1087136 115214 364124 291989 782433 67410 214436 333461 211625 936456 66386 542724 891578 826001 753630 302858 669398 626669 357610 742758 847258 871892 82583 919024 667053 856633 808101 318093 662260 611484 757825 302357 780700 456161 451705 649012 414370 293382 867262 584868 645081 985755 977674 883974 880067 965779 880729 358472 561358 541039
946122 873535 330027 198597 551065 629310 323423 998942 737021 1102784 688534 1108797 1067430 229508 806471 903462 723328 472021 287089 939939 565364 171573 563763 504466 706150 947188 549957 694428 840515 999999999 734864 979980 941177 931361 598103 456891 728539 776624 367136 446333 824032 724095 663954 664716 522841 665206 313722 1106651 143875 777961 638675 857891 999101 686765 957460 907741 796929 593837 778171 927554 903855 335364 781007 32612 1097620 657232 442214 581710 486460 1042477 555120 1111333 916859 790051 333688 742786 1026483 543847 490514 278078 197827 665667 1024959 465937 441973 288102 707882 582516 1085227 974945 196825 647267 450820 574629 958321 406861 946817 699811 877260 675615
218121 233398 405393 539061 463230 199700 678500 305251 457261 368057 152796 443283 394886 515596 583659 210662 286212 463364 646301 252778 171773 828690 173826 590244 134385 212444 186972 69295 540527 734864 999999999 572627 472599 289902 348419 334506 556434 646339 373137 590506 351725 10779 222187 344571 352976 74887 446572 383943 680030 732038 631387 451185 385071 258735 280411 581563 332926 280446 330888 397642 558364 642826 358947 742326 367768 262077 319633 182795 511599 318756 395681 416794 609106 386981 408505 329339 333358 375982 277161 464473 788482 257626 319337 311345 349861 446847 127784 350943 398658 243542 580868 507104 595382 424978 352785 606937 350506 185511 143640 59658
528278 774174 725969 808607 431295 454239 724951 432991 243176 634900 720056 901213 857833 770494 1152507 715107 857303 957860 1051793 422333 637649 971697 590899 521425 452952 580619 643015 525204 152612 979980 572627 999999999 105949 813629 394907 801608 285554 1207708 751378 1069499 922228 573464 784357 905334 471307 610004 687776 750361 1009642 1285842 1166845 136235 287886 362191 775535 100431 247608 430672 256973 952366 87333 692334 931574 967432 708504 382949 762278 694407 503826 710322 923535 840322 117149 959605 777598 901097 787991 442397 746894 736906 907146 379019 757527 565551 568988 768104 458190 409706 841108 550933 783313 1055851 1075682 958919 883613 1068802 886782 410905 554249 588667
422828 669211 664813 759726 407619 373168 712656 331311 225406 534868 622301 796032 752353 722373 1055090 609388 758493 876105 986833 317274 551279 951046 507153 518385 359043 474955 558126 429409 182224 941177 472599 105949 999999999 707956 343754 721265 303956 1113186 682537 991901 820017 474176 688222 810162 420289 514763 637362 647411 956876 1193751 1078904 89597 191609 284018 669595 166497 162434 364497 176702 847649 141556 677567 831111 931819 606092 308911 684342 604792 484932 605782 835420 735934 193354 859177 711261 801883 682405 397330 664576 684136 888955 303266 652121 502694 512436 708902 363751 359301 736088 446112 744908 964325 997917 869970 777952 994262 781271 321416 448466 492958
302690 61590 623955 752615 751933 489320 942411 423869 739380 321778 246550 177545 137168 739311 457179 98646 236222 530004 761257 405188 397787 1054916 428847 875804 420104 250446 411101 359116 811510 931361 289902 813629 707956 999999999 638263 476313 842242 544372 569827 646092 192324 296547 269661 321656 638049 316930 688148 233454 840878 642415 596495 709958 561997 544569 57873 843031 597328 569723 600222 154278 818023 908988 237476 946511 254580 550795 489590 358177 796068 195052 433572 190081 871725 256196 600404 246444 118407 663673 441678 690780 1025590 545737 138398 578364 617511 655050 413456 640446 160371 294362 813675 467405 648497 441310 70002 678153 74741 470599 259630 322572
470008 580791 332167 416617 120256 149134 403242 466221 168433 634020 445303 786847 738210 378996 844245 556150 575887 590652 658649 412911 307145 621477 256076 255863 225474 499719 305238 279155 280648 598103 348419 394907 343754 638263 999999999 435809 232090 880825 364127 690955 668326 341773 489903 594836 76977 335673 294573 696974 615835 945652 813254 263997 419562 120930 626488 344559 202744 71100 183389 734482 332224 365652 658644 589959 668584 98655 391866 372000 186763 635556 577891 751330 363207 684381 387102 619438 672562 56861 389905 342707 563600 106957 653025 175536 174295 373463 231657 15587 737487 503011 402616 719276 697366 615088 699875 685134 696569 181821 434984 322811
550903 420307 189803 293388 491902 348439 539487 637343 602131 687575 240822 653212 613188 291725 441832 459305 269656 156632 312622 581998 178293 592730 215207 562911 377735 536092 167585 326868 712080 456891 334506 801608 721265 476313 435809 999999999 662631 458764 121581 271664 374234 325032 207354 226799 378258 260018 275798 667628 366874 513792 377823 665588 693294 439711 506699 771980 559143 378719 546615 475317 755609 514829 336535 474262 665584 418920 45808 152382 489381 606100 154221 660401 793656 351277 139325 295283 577178 415966 59687 253337 574154 422598 579634 269085 291570 201319 375397 425768 633014 573542 369583 295458 277485 190312 501438 279522 490010 403267 473523 278865
620407 788781 532541 580941 188176 368374 447197 572944 108882 769481 671026 974012 926037 543123 1076315 752019 804671 814733 852142 534274 538864 697991 487650 240695 422845 662250 537287 489820 133135 728539 556434 285554 303956 842242 232090 662631 999999999 1112269 577814 906778 893381 551907 719648 826674 284895 558190 470659 857913 782783 1175210 1040342 220456 468184 298025 821400 192464 273500 300342 261583 952427 198533 417306 886915 711450 822767 295792 617613 603617 242209 802810 808255 928192 193838 913199 594726 848650 856945 247298 619858 521762 631933 299301 832646 394622 379732 566566 429510 239278 919462 651407 536862 950205 913296 845513 907885 896105 906413 371918 608945 542500
800089 532733 635312 694726 948930 764149 970317 918635 1039815 863417 493613 654584 643265 710125 92494 608946 365526 332895 497006 879256 579585 945249 630304 1020387 754973 758314 578346 683779 1143976 776624 646339 1207708 1113186 544372 880825 458764 1112269 999999999 569782 331653 353377 642816 425512 303095 831770 598446 722283 775056 636447 98363 145041 1076966 1026738 854538 601692 1197570 960448 816050 952885 413536 1177745 952114 315426 805700 798891 841216 504438 517522 947967 739135 306000 707234 1222226 291532 571855 327825 658122 869166 493594 687411 951599 842174 682180 724769 749820 628698 749932 873000 676966 805530 780956 163446 327838 268998 506662 373178 492611 797381 729181 620231
589359 510415 68330 183076 396851 316735 417907 657367 532348 740500 324101 747208 704244 174476 559981 536667 382782 244829 305384 599108 201446 485740 211188 451706 372525 585127 186178 342578 644741 367136 373137 751378 682537 569827 364127 121581 577814 569782 999999999 329098 489130 362503 309895 347567 295449 300852 155149 739582 308824 615659 473342 615839 687397 399443 592307 708478 521386 320787 505955 587369 695174 393442 454448 378999 731304 373643 85973 215046 382396 675539 271438 745790 727315 470724 35475 412426 660527 332044 129973 132525 460978 379540 658117 188590 198082 85836 372308 351464 720405 616268 252059 408274 335600 305591 603495 321099 593240 383008 516748 313482
797977 604142 378276 393169 724098 618733 671577 895661 859370 915496 463126 807444 777827 417566 372945 664033 409921 127650 166002 842895 448500 616437 486852 762478 648636 773836 438725 593920 971286 446333 590506 1069499 991901 646092 690955 271664 906778 331653 329098 999999999 479598 582263 401635 325010 624303 519334 455700 868816 304969 334607 192460 933265 962245 708995 691904 1033708 829536 641208 816376 579982 1018989 659890 429073 476190 876908 686694 307684 410561 701218 814361 214659 835615 1053696 425290 313450 404903 761890 661082 330344 410223 627767 691042 773787 516122 527102 353865 646022 678975 805257 816087 478014 225821 6549 205261 643917 42765 629768 674912 719370 540220
458498 181292 553602 667446 767272 525015 897990 580293 801105 510068 223030 330772 306983 663386 268884 258126 106774 377492 614249 548368 373606 966536 419970 874293 482413 412451 381673 409674 890470 824032 351725 922228 820017 192324 668326 374234 893381 353377 489130 479598 999999999 352656 189880 163024 645616 335247 632169 425355 714478 450996 407075 802877 702966 602153 248917 933161 684650 597283 682296 104498 910071 868908 50738 844169 446648 598854 403160 313380 794191 386166 280564 368990 960562 64085 512475 81526 309031 678151 362156 620718 948110 596516 330719 560035 596317 573451 476125 665967 338033 459543 741136 281034 480930 276768 168197 516082 153602 532269 394813 351855
228352 239257 394614 528282 455827 192774 668642 313814 453647 378806 149265 451774 403458 504843 581295 219129 284317 455287 636568 260692 161189 818022 163121 582110 131108 223190 176359 62861 538482 724095 10779 573464 474176 296547 341773 325032 551907 642816 362503 582263 352656 999999999 217908 340509 344624 65086 435961 394345 669540 727798 625662 450740 390701 254675 288598 580530 332304 273267 329640 401194 557561 633053 358352 731547 378412 256906 309556 173681 503254 329142 388911 426228 607905 386335 397884 327800 342510 368219 267425 453720 777942 252755 328969 301310 339915 436084 124601 343926 407759 254034 570206 502116 587191 418687 358567 598251 355914 182018 154247 49034
404485 215836 370716 492319 582463 354334 710280 512898 634335 513871 70366 446042 406796 483782 368589 265292 87208 276420 497331 466473 186643 794679 235557 685572 331610 374990 193274 259209 731743 663954 222187 784357 688222 269661 489903 207354 719648 425512 309895 401635 189880 217908 999999999 122659 460290 174472 445610 473490 571277 509912 412382 656065 606448 439754 303916 780895 538254 419754 532177 280398 759675 680421 170152 680523 477703 431144 225595 124172 605739 415770 189661 456266 806837 194888 337413 129708 375029 494225 179985 438385 770782 430420 381224 370868 406715 395670 326228 485871 428022 419080 560670 285628 405344 212134 294997 427310 284118 376709 326945 195693
516147 283673 415133 517807 677400 467560 764753 629178 746672 608631 191931 483433 452857 518278 251034 350312 86967 215468 452021 585186 287818 812149 339071 768582 452391 481209 289878 380787 847354 664716 344571 905334 810162 321656 594836 226799 826674 303095 347567 325010 163024 340509 122659 999999999 555954 295533 499130 548535 551971 387501 297094 775703 727940 555941 369638 898597 658496 526637 651611 267453 878008 738704 116680 686101 560618 544904 263630 223183 690744 497828 117920 510734 923977 126224 365749 82530 438564 591903 232015 479905 798028 545027 452621 456549 488292 427926 447229 589017 480306 527172 596043 166793 327187 119808 320357 358706 306515 495922 440631 317217
505013 578241 258153 339701 122212 160329 349635 517162 239391 670974 424951 796257 747840 302160 801537 563633 547460 529844 584449 461072 273668 554231 225667 237805 248415 528203 268208 285269 351852 522841 352976 471307 420289 638049 76977 378258 284895 831770 295449 624303 645616 344624 460290 555954 999999999 323978 217600 721853 538922 891695 755683 340965 485557 174422 633222 417256 274707 86995 255716 720116 406364 311962 630442 515742 697080 145948 332997 337482 158632 658425 526265 767215 434290 654812 315779 589573 685302 37710 338176 265835 498909 155112 668904 109728 99854 298163 253551 61747 750661 537847 328452 668799 630781 563504 695425 616135 690569 215822 459734 315734
292869 256022 337394 471309 441907 189924 629305 378033 466689 439708 114435 483750 436536 449990 543019 254602 252082 392921 571490 323894 99871 765472 114563 560835 157145 284530 115278 85389 560076 665206 74887 610004 514763 316930 335673 260018 558190 598446 300852 519334 335247 65086 174472 295533 323978 999999999 385795 445172 606331 679789 571390 481710 447584 268843 320271 607452 363793 264685 357955 399045 585857 594880 331920 673973 433078 263804 244831 109301 480655 380158 331178 466539 633762 359157 336018 296573 381092 352466 202343 399068 728252 261809 371987 262538 301762 377209 151815 334857 445235 317678 518269 451434 524391 362743 371782 534295 366645 202870 217415 22304
646320 626842 87370 122424 282511 316737 266360 689168 450361 808341 443468 862593 816953 85790 715003 638893 525449 392318 381787 630335 292060 382616 273281 307073 397028 654362 277902 395718 560908 313722 446572 687776 637362 688148 294573 275798 470659 722283 155149 455700 632169 435961 445610 499130 217600 385795 999999999 829594 321873 763015 618369 558526 685451 373740 701503 627804 486921 281247 468640 726007 619299 239588 601434 312115 814321 344305 235593 332129 247047 764386 426525 851194 642026 619651 150850 558882 765443 245502 270764 51133 342519 352573 757644 153047 128637 101903 399422 279262 828604 676857 135079 562047 462209 460348 730457 437420 721686 386976 583189 390584
237641 265119 781845 915543 817206 561534 1059902 317740 749118 129777 426896 175032 151401 895111 685960 208971 461614 747488 970332 333703 543584 1210532 556317 951726 474492 198110 558841 442936 792149 1106651 383943 750361 647411 233454 696974 667628 857913 775056 739582 868816 425355 394345 473490 548535 721853 445172 829594 999999999 1033575 873373 829706 678787 466085 581783 179679 805577 586741 639307 596807 367563 779464 1023589 470910 1117205 43862 598932 669679 526261 877225 65223 654227 101983 834319 489383 773545 477704 116933 737463 621630 844228 1171960 591277 96158 694463 732476 820034 468953 704154 119195 207631 963062 700041 871771 666560 270772 897979 284060 515154 262607 439022
897363 786352 298562 202718 596277 612239 429527 965615 771526 1045220 607373 1016434 978041 240989 671209 825826 619452 346275 143292 907126 508498 315448 519667 580729 677587 890646 493520 651359 881081 143875 680030 1009642 956876 840878 615835 366874 782783 636447 308824 304969 714478 669540 571277 551971 538922 606331 321873 1033575 999999999 634632 496657 879790 987173 684092 873318 948271 802325 594848 784809 818951 940570 431390 668481 175492 1029646 655577 365200 509547 544488 971259 436915 1026779 961333 674262 273447 633037 943945 567353 412542 273151 336997 663029 946431 457452 444449 252564 677981 600669 999006 923569 255187 514258 309114 451252 859839 264469 847366 681751 823554 620562
893608 629438 677816 720483 1005414 836991 999184 1010969 1108278 960805 579428 752036 741400 740356 189673 705315 456602 371275 491571 969941 651405 949102 701025 1066992 834721 853017 648471 765092 1214872 777961 732038 1285842 1193751 642415 945652 513792 1175210 98363 615659 334607 450996 727798 509912 387501 891695 679789 763015 873373 634632 999999999 146192 1153296 1115085 928540 699619 1270654 1038234 883521 1029588 511613 1251763 984228 411634 808643 896979 913288 559437 591872 997818 837025 368074 805383 1294464 388549 612440 421117 756440 929374 555762 723748 962292 914936 780352 782833 804570 664971 830009 936750 775170 900147 806617 230082 329396 331085 605000 371684 590963 874944 821399 701902
813100 570442 533936 574344 866669 713721 853001 924774 978472 901411 482592 732887 713182 594203 209197 642132 379291 228571 355221 878849 529199 808897 576739 923507 721281 778136 524262 655216 1087136 638675 631387 1166845 1078904 596495 813254 377823 1040342 145041 473342 192460 407075 625662 412382 297094 755683 571390 618369 829706 496657 146192 999999999 1032371 1016354 805947 650522 1145158 920007 753954 909873 490696 1127449 838088 359261 668638 847083 788457 422732 474190 855707 784887 243521 775793 1167918 343509 468238 353995 714645 793382 424890 578246 819381 790913 733876 646131 665619 519570 717166 803479 744854 824224 660518 131630 187858 209249 573818 232193 559195 757684 737092 593688
444705 665319 592361 680389 319091 318909 623381 372682 135853 575976 593958 815534 769737 642602 1024651 612835 732000 821947 917390 345283 503338 863016 455830 428862 324918 493556 508165 398255 115214 857891 451185 136235 89597 709958 263997 665588 220456 1076966 615839 933265 802877 450740 656065 775703 340965 481710 558526 678787 879790 1153296 1032371 999999999 251591 226672 677516 133073 118531 295055 124111 841148 108302 588479 808611 847435 639725 246778 626080 561427 395989 630871 789367 760555 161806 836484 642605 776220 699303 314990 611220 606641 800485 243012 671013 431089 436660 635240 330619 279265 757125 472064 661181 923213 939448 825066 779333 932676 780996 279784 455056 461026
260652 534213 688708 804711 518265 374982 820698 149149 368718 347410 536277 624619 584075 770516 957773 464881 661676 837895 989396 157093 515002 1039552 483343 647230 317501 314121 526195 368534 364124 999101 385071 287886 191609 561997 419562 693294 468184 1026738 687397 962245 702966 390701 606448 727940 485557 447584 685451 466085 987173 1115085 1016354 251591 999999999 313419 515920 357832 221834 406473 240877 711362 332490 783457 723801 995754 423365 342964 665163 553339 595553 431530 778500 559871 384948 751379 720686 701753 516131 476176 633650 724888 982842 334234 484077 534704 557160 734773 319000 433992 563858 276525 810193 891931 967652 809122 630956 972796 636735 305559 309325 425613
351115 490757 387052 494628 239150 92261 520475 346170 199344 514005 383278 682189 633749 459342 806624 455953 520609 595757 704538 292164 277400 728148 229242 375569 124822 383738 281686 193569 291989 686765 258735 362191 284018 544569 120930 439711 298025 854538 399443 708995 602153 254675 439754 555941 174422 268843 373740 581783 684092 928540 805947 226672 313419 999999999 525897 343056 122024 93115 107525 655843 323372 482736 600756 682638 551619 29576 401322 337220 307684 521908 563247 641733 368081 627991 429219 565100 566052 172506 384704 415633 673317 21202 544173 226727 245103 432405 131486 132054 630077 384021 496788 698583 715088 599207 609888 710446 608393 73974 322159 250639
255292 88644 642503 773675 743016 479103 949567 374195 716326 263917 268928 163805 116266 757823 514873 70350 282926 572782 800428 360345 409443 1074533 434630 870644 403394 201962 423698 349109 782433 957460 280411 775535 669595 57873 626488 506699 821400 601692 592307 691904 248917 288598 303916 369638 633222 320271 701503 179679 873318 699619 650522 677516 515920 525897 999999999 810307 568062 560055 572603 209832 784902 915122 292539 971007 197808 535049 515450 377663 791850 137455 477855 153975 839191 312433 624360 298031 71152 656288 467054 708210 1042085 529232 83536 582569 621772 676332 396873 630044 128151 243458 830374 520518 694625 488383 117846 722417 126605 452452 222677 321940
574261 798195 675394 745702 356783 433797 638371 493285 178070 697538 720982 946545 901185 707397 1148885 745864 859139 928475 1001671 472131 619290 887970 569730 432500 452248 624199 622340 525760 67410 907741 581563 100431 166497 843031 344559 771980 192464 1197570 708478 1033708 933161 580530 780895 898597 417256 607452 627804 805577 948271 1270654 1145158 133073 357832 343056 810307 999999999 249017 393512 250955 973613 26114 607347 937099 893021 765416 357393 730033 680133 424061 759970 903930 890039 28994 964820 731609 903545 830768 384202 720730 678268 822419 355772 801982 519961 517049 715006 458262 357848 887670 600396 712428 1040952 1040058 940353 912400 1029227 914021 404590 587722 587503
