NAME : synthetic_000423
TYPE : CTSP-D
DIMENSION : 100
GROUPS : 8
RELAXATION_LEVEL : 1
EDGE_WEIGHT_TYPE : EXPLICIT
EDGE_WEIGHT_FORMAT : FULL_MATRIX
EDGE_WEIGHT_SECTION
999999999 165985 511035 324546 589327 761143 514936 787510 759663 638595 951427 584552 840369 241480 710468 734761 433219 741102 437825 353269 893522 655967 801949 633223 423723 403526 901869 745625 163566 241809 670724 534713 550770 68005 526523 777870 273592 339795 923662 589424 744317 746324 867335 522866 187313 975205 360490 852494 767307 576481 884486 524813 940317 71920 525306 681421 299597 115434 842769 811284 571378 339375 769574 164509 897349 601835 804684 533271 799939 475553 321790 896541 643491 531926 333791 1004423 800467 485628 870741 509358 1056525 909153 840641 490635 1019104 822616 948406 823987 664313 508244 613638 767669 487823 744457 617598 420010 891096 168637 944370 109911
165985 999999999 354866 194541 430850 595198 403812 718486 596112 488308 839832 515112 707548 107995 546664 601042 286463 581369 321379 187695 768735 596564 654561 513247 434853 238248 735889 623858 35939 169042 517531 438523 501600 98295 382173 629513 347828 373447 760352 442200 597311 585759 722901 498522 283066 822547 196676 689581 601865 414109 749529 361795 789856 137965 417708 671485 323557 196731 699425 659715 557089 232371 671468 101748 738998 462410 688197 528456 635513 321080 354635 780791 609659 380868 173717 858451 646601 409810 715207 383241 922262 745813 678353 345490 878386 665207 823773 662775 636646 343980 546870 607323 328837 592004 591573 280400 734302 204075 792945 108063
511035 354866 999999999 204259 304238 299893 489855 829955 367248 394181 827364 661838 641487 355790 324346 552283 91323 395365 185186 212553 722762 746424 533413 535961 713117 193590 437916 613264 348017 318268 163363 549221 687853 444775 364682 278953 560173 681115 513443 104043 490036 238112 604744 723339 544201 649023 228998 349432 289072 257133 668488 68049 632159 492804 507665 892936 631820 548858 590135 305837 786573 232381 721522 360167 386375 430988 682428 774561 387925 36683 664441 763035 802287 42796 181478 715877 291795 572479 537178 434452 823453 406957 335548 68917 757548 481818 771047 448672 835408 204478 691954 258831 259338 455619 799077 119694 545280 447539 629616 412698
324546 194541 204259 999999999 414781 494397 499516 840731 536259 495845 905608 647128 741996 252221 488065 640060 115369 545205 127710 183480 815590 732818 657602 584300 618337 215494 635702 683670 172719 114351 352816 549329 650899 263793 419810 454925 361024 564379 694589 267192 605125 441250 730136 663882 340022 801845 208472 553518 488991 379099 777487 242698 777310 323900 516554 838976 513999 387490 710626 490270 725603 59356 763389 163057 584407 501312 752988 702595 566078 167726 545853 842405 764654 214639 98599 855994 481774 544275 689046 458567 945041 611048 539328 168652 888338 634278 868626 614136 794713 305015 679339 461455 327074 583787 752213 96437 702449 243280 777312 218169
589327 430850 304238 414781 999999999 252052 258438 558715 184258 89944 523306 429410 338738 351355 142006 248274 355857 152047 468829 253939 418960 503964 242922 252957 582464 206685 361685 312618 450110 508972 381096 316485 479370 525474 116033 484306 752415 590695 341425 385902 192060 354021 315551 539903 704454 395075 237443 400820 282830 48406 368900 237301 366168 536499 272778 685766 552064 564510 296824 484134 597797 469438 432011 501214 491059 141331 380575 602190 229973 314521 579946 459027 582398 343226 322665 442207 457735 371802 285245 200551 532042 441319 400306 368992 473598 234376 468266 236449 616432 110919 453627 371045 102016 169508 590777 385209 303566 612603 367572 533418
761143 595198 299893 494397 252052 999999999 509948 785350 130008 302269 679205 677683 479907 547876 129105 430804 389390 197602 481221 409518 562632 747907 348979 484746 829957 361099 142352 508057 601658 607804 248215 566848 730640 693249 367969 302564 855247 829813 223009 311688 334590 156370 404715 791948 830231 395240 407176 153700 40300 225668 488185 251743 393030 723530 523679 935723 787428 765582 401505 283153 849731 530579 643583 632945 251091 378662 564711 854100 117027 332809 817284 619993 831108 313515 436007 477759 254888 623853 297414 452551 606945 189442 157481 362568 531293 250867 597591 195701 864962 267009 699931 162158 314841 284389 841247 419125 294101 732932 386297 679092
514936 403812 489855 499516 258438 509948 999999999 345055 422669 225534 438304 176046 336228 295874 391174 237470 499315 364468 601005 319755 380321 257871 339131 120747 346812 307292 608460 232141 436958 549395 611496 60775 220939 469244 144636 724228 750661 379865 553042 590105 287795 605421 388121 283968 679744 519402 294554 659190 541266 293624 382340 436706 477457 445613 17895 428038 354611 442732 361972 730680 340064 558519 269114 502759 748134 148267 289779 347673 468489 482329 374737 381859 326403 532646 403959 522457 705816 117155 439650 59569 549890 699383 658301 537536 523660 410571 434786 444181 360498 298312 204096 623941 236040 314884 332736 519807 465504 607675 485273 508807
787510 718486 829955 840731 558715 785350 345055 999999999 667870 485806 289747 204589 376528 613997 656275 365432 844227 597285 945759 663946 339818 134622 481932 305903 429781 652100 843298 289200 754040 878325 937097 291531 242314 760208 467362 1042975 1050677 514628 739800 927053 465825 910494 477613 299903 970405 610048 638896 938857 822979 604129 407849 772322 567795 715866 327301 272838 524672 686607 459310 1042125 292435 899040 152912 820234 1036069 417465 259925 336363 705948 825198 522969 283963 199132 872639 747193 559607 1015279 308974 590795 396384 497520 967023 942590 880966 522920 594077 365584 649578 209486 630041 174170 926103 571110 515207 235847 864854 615753 914483 579961 813449
759663 596112 367248 536259 184258 130008 422669 667870 999999999 199305 549293 579069 350080 527941 49689 306683 447048 70969 552070 409709 432649 642677 218987 375668 760741 358938 186163 384586 610022 643770 361624 474456 638543 693550 292583 429952 893025 773634 164269 408318 207840 283299 275899 706321 855903 284915 399535 276273 170293 183926 358393 304630 274612 711898 433810 837907 735878 744392 271713 412715 760458 582113 522038 652711 376071 279040 438024 770290 46401 393187 763354 490427 731512 392793 459224 360097 384412 539692 177290 370320 483353 299405 283260 435614 409799 125485 467845 81562 764755 252271 598095 291207 276831 157063 745451 478244 180536 760306 269787 692041
638595 488308 394181 495845 89944 302269 225534 485806 199305 999999999 433442 380240 250005 397130 174923 158529 443839 138955 556786 324809 329337 446657 166979 182552 569388 282160 385419 225466 511716 583863 464614 275381 439280 578234 116153 562635 822052 591512 329886 474615 110930 425758 237608 507974 768400 336719 304714 455839 338515 137665 282370 327190 302027 579808 235537 639192 558440 599027 216194 558323 561352 552129 351021 567707 551425 79735 292195 572250 244293 403974 583288 369199 533141 433081 400577 370820 531021 342623 236098 177812 449337 489040 458321 458732 395700 195324 379266 220364 566609 197486 400289 440723 170251 106716 546327 472642 259131 679790 305798 594485
951427 839832 827364 905608 523306 679205 438304 289747 549293 433442 999999999 407663 199392 732514 559757 275083 871308 483010 983247 722959 117061 386504 330399 327410 675011 691936 689292 221954 871699 974447 888242 418405 475413 907497 485933 973888 1187580 746739 558245 906863 351146 828720 284975 551487 1117952 381777 698633 821622 719504 571071 197016 760606 347949 880956 426609 561747 741973 870292 280965 960552 563287 964492 194768 936380 921587 405785 153215 602313 573101 835407 749946 64371 477297 866518 807037 307944 932264 479954 409729 458099 213863 833970 830547 890903 257138 437961 99994 498876 494312 626674 392462 838813 584689 398090 511988 898462 428166 1043871 360356 946135
584552 515112 661838 647128 429410 677683 176046 204589 579069 380240 407663 999999999 390625 412122 553867 324195 663145 514317 758519 477243 398176 86149 446636 210526 269030 473652 764690 274152 550834 677198 787363 115295 74196 555730 319182 900273 846177 339314 690175 763471 408209 780246 473427 155198 766322 613413 453037 829261 710996 467667 434739 611170 569217 512717 159355 258956 337995 486966 448876 906420 191863 704297 212959 616801 920469 300883 295875 216769 623143 651603 343312 369882 153429 704496 557299 591404 881360 105436 557530 235382 576727 866642 829448 705597 574346 541487 444312 585699 187298 474137 32273 798394 411641 448130 166874 680771 584179 709958 579489 608944
840369 707548 641487 741996 338738 479907 336228 376528 350080 250005 199392 390625 999999999 605160 360813 106509 693843 283659 806791 564582 83991 412472 131608 216452 649420 526601 497462 116993 735747 823109 691612 344656 464750 787545 329138 774928 1052080 702277 375328 715149 154474 629493 102101 545674 990563 234801 542069 623627 520202 384573 46453 573731 191730 774005 331767 615282 684319 777160 88282 761185 578524 799365 225478 796836 723693 246539 116610 607157 375385 653218 700400 140930 512981 678859 644875 200797 732892 420696 223469 331115 216157 638388 632073 707346 189223 242751 129597 303512 539922 447482 391229 639441 415001 199347 540387 722609 246003 907978 203722 815611
241480 107995 355790 252221 351355 547876 295874 613997 527941 397130 732514 412122 605160 999999999 479872 498783 310751 503373 376969 148620 663773 495340 560742 406588 369873 189706 683714 517861 141937 265137 517062 331117 405173 183138 285475 634358 455125 326976 690392 455068 503124 566402 626867 412317 387049 733786 142903 660676 561223 344134 648136 342041 698850 185149 309713 587324 277049 218277 602606 658490 473641 303694 563516 208297 722581 362593 581340 450447 570495 328193 309728 673957 516781 390487 186615 763658 641413 306733 629996 277407 820814 714502 651839 367213 780131 582809 718858 587587 545688 282918 444202 588112 251687 503119 502147 315566 650836 311822 702893 213688
710468 546664 324346 488065 142006 129105 391174 656275 49689 174923 559757 553867 360813 479872 999999999 303310 401409 79299 508215 360090 444644 621568 233567 356738 723492 309309 220057 380001 560375 594840 334970 445647 610076 644212 255081 414147 843963 732666 213855 373172 210048 269256 297716 675050 806319 324739 350171 282610 167475 135793 375086 259908 309813 663377 403586 812688 693694 696905 289447 401864 730901 534875 514776 603068 380118 253164 438509 738380 90737 348529 721801 498723 707134 352408 409874 394686 373692 507339 213526 336281 511706 314130 286527 393142 440811 158664 484062 126481 740767 202730 574800 280503 229631 161675 719042 432630 220947 710812 306396 642359
734761 601042 552283 640060 248274 430804 237470 365432 306683 158529 275083 324195 106509 498783 303310 999999999 598107 235741 710616 460688 175608 365413 124006 123727 567528 424627 477994 77951 629329 718347 619182 256076 395999 681330 223729 711832 945805 612666 378514 632888 100598 570117 153844 475104 884054 291569 437681 582077 470191 296191 149725 485566 247817 668996 235702 569728 590808 674217 127998 703320 516046 698049 216103 690650 681255 140850 136562 538951 342081 560750 609172 210769 463448 591499 542254 285304 675379 333562 236134 226164 322112 605679 587800 616045 287555 230254 228699 284278 493852 352385 332483 582805 314239 150778 485822 625961 262584 801655 257289 709106
433219 286463 91323 115369 355857 389390 499315 844227 447048 443839 871308 663145 693843 310751 401409 598107 999999999 467063 112986 188003 772380 749134 595203 563803 679131 192148 528577 652037 273378 228161 238622 555526 679521 369117 391736 345019 468852 636927 598839 156641 547329 326159 667647 705314 454120 723751 210933 438932 380071 312807 724753 142846 703636 423138 517148 878740 586654 483174 650800 378123 768445 141402 748695 276125 469330 466906 721954 751390 471661 56585 619260 807061 794753 99750 124197 785656 368147 566479 610934 449169 885951 496438 424457 59050 823621 555449 823036 527567 826764 246405 694548 346220 287850 518351 787382 31222 621298 357943 702140 330289
741102 581369 395365 545205 152047 197602 364468 597285 70969 138955 483010 514317 283659 503373 79299 235741 467063 999999999 576677 400017 367138 575273 154757 308072 707740 350432 251171 313629 599054 647294 414264 413127 576125 676819 244863 491775 894501 726754 194215 450467 137392 345940 218500 646278 851015 257268 385948 346733 237719 170237 296157 328840 237025 688522 374164 772581 691593 715564 210259 477543 698643 595379 451086 647189 446299 217427 367731 710711 110063 416585 717655 422942 665817 426119 460231 320522 449258 481513 144253 315818 433544 370305 353152 464249 363987 89107 405339 85710 698756 245092 532029 355809 253299 86864 681118 498116 157530 757401 235119 682178
437825 321379 185186 127710 468829 481221 601005 945759 552070 556786 983247 758519 806791 376969 508215 710616 112986 576677 999999999 282090 885135 844651 707636 672422 745134 297331 614888 763281 296989 200259 284516 654923 768225 382467 501320 366002 405292 692087 698004 193368 660190 390097 779967 786085 410712 832291 306967 504260 465628 425500 837716 248425 813658 446278 618636 961014 641702 511162 763421 406729 848409 98663 856291 273376 514620 578125 833219 827061 573041 160113 673563 919077 882931 168206 201704 896370 404439 658256 719862 553872 998448 560459 487823 118760 935420 664369 935937 633344 913849 359319 790430 407360 398867 630552 872449 84789 729038 322316 811723 328103
353269 187695 212553 183480 253939 409518 319755 663946 409709 324809 722959 477243 564582 148620 360090 460688 188003 400017 282090 999999999 635600 563384 490942 400821 500879 50798 549183 501025 200382 259382 370664 372866 491564 285924 238069 488737 498839 469491 573945 315192 435712 417951 562319 518395 451183 649007 25302 514117 418942 230266 602247 193453 619634 314232 337225 691188 420685 359630 540950 511176 581645 242790 580591 247531 574063 320515 570081 566371 448256 189702 453184 660073 606791 250677 85298 693634 493443 378949 538662 275843 772526 568788 504657 237074 720506 486470 689312 478928 638762 157561 508980 439676 155172 421772 599473 203633 555869 358681 621357 282879
893522 768735 722762 815590 418960 562632 380321 339818 432649 329337 117061 398176 83991 663773 444644 175608 772380 367138 885135 635600 999999999 402180 213663 260431 665485 600200 573326 148203 798532 892227 775551 376060 471522 844088 397810 858687 1115590 726849 444814 798149 238203 713072 169463 551932 1050756 279914 612260 704563 602928 465629 82201 655244 241666 825175 372427 597531 714299 822648 164019 844492 576368 873642 201531 861273 804526 315100 102387 609807 456041 733310 727100 66267 501069 760715 717663 220222 816188 447628 294651 386461 178799 717171 713528 787951 184808 321048 55087 381988 524344 526091 391917 722747 489796 283296 532052 800627 314361 971305 254244 876524
655967 596564 746424 732818 503964 747907 257871 134622 642677 446657 386504 86149 412472 495340 621568 365413 749134 575273 844651 563384 402180 999999999 489367 267212 298949 559262 826426 302083 632435 760435 868853 197529 107731 631737 397745 980482 921944 381407 741571 847506 458344 857172 504857 169876 840307 644354 539151 900778 782665 544590 452841 694492 600269 584660 240454 204727 390125 553167 482155 985035 177135 789763 201755 697976 993973 369252 304059 215982 685205 736907 389100 361196 100509 789148 643381 610798 959487 189268 601525 316175 576175 935631 901968 791148 585463 592267 441222 641011 128766 555906 54645 874730 493847 502547 129874 766893 627924 788137 611431 687415
801949 654561 533413 657602 242922 348979 339131 481932 218987 166979 330399 446636 131608 560742 233567 124006 595203 154757 707636 490942 213663 489367 999999999 239743 681091 446715 369527 193678 678515 749308 567801 369248 517312 743052 275440 646374 988880 718996 257894 598540 57633 500266 72687 595288 935263 181005 471390 492034 389273 282585 141524 465429 140935 740880 341636 693732 692554 755113 57100 631143 638404 712339 329488 734675 592104 205272 231038 659626 243920 549621 713676 272489 587433 567989 564373 203959 602832 446023 112161 311230 290824 507627 500479 601277 230749 114476 250584 174032 617851 353550 456107 509432 335826 77832 609494 625332 138579 846755 147360 761138
633223 513247 535961 584300 252957 484746 120747 305903 375668 182552 327410 210526 216452 406588 356738 123727 563803 308072 672422 400821 260431 267212 239743 999999999 444032 375561 559238 112403 544629 647853 632774 132349 278727 584878 172511 737261 861065 489449 479694 628550 197950 604874 277550 355758 793328 414353 375885 638367 521045 298986 262804 474377 370922 564744 115322 465991 468997 563419 251636 736264 400882 643605 185727 609063 733866 111629 174993 420261 417994 536293 486412 267554 358943 577957 485945 407827 709489 209835 348759 130689 429194 670658 640845 592739 405003 330965 315216 375960 391421 332023 225044 620806 278058 237897 376711 588304 375380 717091 380006 620218
423723 434853 713117 618337 582464 829957 346812 429781 760741 569388 675011 269030 649420 369873 723492 567528 679131 707740 745134 500879 665485 298949 681091 444032 999999999 524148 943537 532748 467677 601003 866782 312181 199703 425490 468607 985305 696812 91608 898869 816071 632739 893577 721319 129880 609439 858259 484410 968830 855251 604309 695086 683852 814937 361549 341050 259324 124126 308694 695525 1003139 156275 664462 481029 522631 1047019 494555 563131 112883 807122 690163 105954 638904 244441 751525 555641 848190 982431 235074 785309 391927 844283 1015807 964307 733962 837037 757383 712872 789558 255810 576801 282640 914385 519200 661686 211155 685338 811424 583354 823905 491796
403526 238248 193590 215494 206685 361099 307292 652100 358938 282160 691936 473652 526601 189706 309309 424627 192148 350432 297331 50798 600200 559262 446715 375561 524148 999999999 499855 470323 251100 302726 342636 364143 495517 336377 206308 461166 545933 500286 523163 297598 392550 379365 518698 529755 500599 601209 46825 471100 372299 180323 562622 160118 572853 362551 325149 699625 452783 405346 498115 480153 592984 273468 558972 296761 535572 286546 540035 581430 397483 178606 484858 628347 610376 234991 118562 648255 460685 380611 490209 257283 731359 524797 462549 231953 677097 437483 653143 428596 643203 106906 504616 400951 112136 375726 606095 214047 506852 407188 574171 333408
901869 735889 437916 635702 361685 142352 608460 843298 186163 385419 689292 764690 497462 683714 220057 477994 528577 251171 614888 549183 573326 826426 369527 559238 943537 499855 999999999 555176 743300 749446 356550 660617 824690 834103 475027 371397 996135 951632 144334 434293 377483 245986 404317 892290 972402 345675 545182 164750 149387 347721 492276 393389 359479 862252 619852 1023324 911652 901970 410279 337506 946617 669979 693597 775282 252737 465147 600158 956133 141561 472086 940322 636888 916704 446771 578299 435825 312718 725325 280055 555132 574181 152263 181095 497311 495657 255301 596920 195720 949757 400845 783022 239012 441431 328359 931267 557607 264470 875082 349335 821210
745625 623858 613264 683670 312618 508057 232141 289200 384586 225466 221954 274152 116993 517861 380001 77951 652037 313629 763281 501025 148203 302083 193678 112403 532748 470323 555176 999999999 654565 753575 689908 231529 348155 697021 264121 785554 971460 587496 451382 698454 178260 645220 202853 428989 904861 342686 476750 659742 547240 361023 162343 547964 298501 677068 224615 506608 571559 674649 180128 778430 463415 742586 138447 718305 758764 185170 69939 490885 419940 618630 586339 159280 402103 653717 585092 317452 750630 306057 304515 240631 320407 683629 665248 674683 304544 304896 202856 360650 430718 409899 276400 658472 364420 228666 427630 678522 330280 827288 309501 731245
163566 35939 348017 172719 450110 601658 436958 754040 610022 511716 871699 550834 735747 141937 560375 629329 273378 599054 296989 200382 798532 632435 678515 544629 467677 251100 743300 654565 999999999 134177 508880 473024 537523 96758 408511 618281 317067 403528 774216 430009 621592 582765 747740 533843 256799 843860 213127 689133 605963 430117 777101 361693 812231 151413 451202 706451 354120 214812 724689 650263 592077 204360 705217 66436 734112 489774 719618 562847 648050 312916 384597 812139 645419 370636 170341 882465 638515 445491 735261 414202 949689 745903 677158 331880 904103 684269 853495 679006 672271 357942 582631 604122 348471 614000 627100 263733 753578 172793 814888 83314
241809 169042 318268 114351 508972 607804 549395 878325 643770 583863 974447 677198 823109 265137 594840 718347 228161 647294 200259 259382 892227 760435 749308 647853 601003 302726 749446 753575 134177 999999999 461887 591661 668420 194743 494681 557936 249468 533811 804229 373373 694651 554236 821086 667523 225994 901856 281119 667076 603167 478135 861389 356101 874849 263204 565056 840495 485237 329334 800058 595698 726105 102463 818299 82693 694559 577576 821258 697019 675650 281866 514802 912778 777823 325746 187200 950941 589319 571845 789808 517816 1031900 724589 652608 277132 979419 735872 946446 719879 805242 402968 709308 574131 413711 678321 760364 205058 804802 129978 875749 132466
670724 517531 163363 352816 381096 248215 611496 937097 361624 464614 888242 787363 691612 517062 334970 619182 238622 414264 284516 370664 775551 868853 567801 632774 866782 342636 356550 689908 508880 461887 999999999 672247 822430 605463 472515 118543 688549 840037 469089 91241 537509 112618 632631 865830 685612 641407 383792 223132 217718 333945 709188 183423 635456 655489 628620 1030442 791347 712132 624153 142475 928474 364465 813069 514719 232862 521614 755314 920543 362476 196472 823832 825417 934502 139009 344632 720887 129744 707077 538315 552704 844608 277747 205806 184855 771422 487057 817526 438224 968306 313227 815508 126167 375808 493049 935256 257310 538453 591543 629839 568887
534713 438523 549221 549329 316485 566848 60775 291531 474456 275381 418405 115295 344656 331117 445647 256076 555526 413127 654923 372866 376060 197529 369248 132349 312181 364143 660617 231529 473024 591661 672247 999999999 164438 494942 204408 784983 781619 357972 597204 650020 322623 665524 409885 233425 707067 546128 347961 717204 599065 353258 391063 496982 502914 463613 44210 369287 340107 452099 383944 791238 286004 607801 235590 539412 807150 195858 278296 298087 519665 540648 355753 367046 266463 591983 455718 539536 766273 77493 475264 120110 551660 756228 716777 595434 533878 451375 428680 489675 300558 359044 143488 683873 296690 355787 274448 574928 501652 640479 511775 540126
550770 501600 687853 650899 479370 730640 220939 242314 638543 439280 475413 74196 464750 405173 610076 395999 679521 576125 768225 491564 471522 107731 517312 278727 199703 495517 824690 348155 537523 668420 822430 164438 999999999 529686 365082 937736 818994 276773 756556 791146 476542 824110 546509 81003 736217 686300 468773 880125 762199 513804 508930 642243 642160 479932 206985 208663 282812 446269 521723 946943 122815 705978 281898 601966 968628 359571 369379 143204 683517 673984 283240 440904 115234 729953 566708 665506 922830 115623 627343 279587 649804 920078 879140 725995 648465 608743 516734 650507 147691 510868 82958 843087 448117 514232 113091 694292 653983 687707 652263 587634
68005 98295 444775 263793 525474 693249 469244 760208 693550 578234 907497 555730 787545 183138 644212 681330 369117 676819 382467 285924 844088 631737 743052 584878 425490 336377 834103 697021 96758 194743 605463 494942 529686 999999999 468209 714133 290473 349360 857707 525707 685494 679185 809761 511481 212245 914219 294041 784851 699303 510881 830869 457076 880260 69260 481054 677461 303672 134987 785616 746629 564665 285381 730519 112400 830829 545725 758385 530029 733359 409640 330496 850791 629479 467016 266371 946346 735139 453213 808421 457916 1003441 841430 773130 427206 963269 759432 899144 759053 652973 441686 586132 700590 423610 683355 606538 357731 828227 159884 883900 67624
526523 382173 364682 419810 116033 367969 144636 467362 292583 116153 485933 319182 329138 285475 255081 223729 391736 244863 501320 238069 397810 397745 275440 172511 468607 206308 475027 264121 408511 494681 472515 204408 365082 468209 999999999 582856 723681 482365 439042 459879 217807 461134 341576 424023 664806 450984 214480 515466 397919 148990 369163 305139 414531 465811 160211 572645 446731 483181 317619 587536 482353 478590 358129 468289 603601 82899 333754 486171 338980 363897 472933 422604 470815 407021 321319 478195 562278 255987 352224 85495 541450 557069 514138 420332 496234 310668 451829 329912 504914 162688 345450 479471 105724 222569 477278 416855 375253 579864 419201 489837
777870 629513 278953 454925 484306 302564 724228 1042975 429952 562635 973888 900273 774928 634358 414147 711832 345019 491775 366002 488737 858687 980482 646374 737261 985305 461166 371397 785554 618281 557936 118543 784983 937736 714133 582856 999999999 769277 958218 504321 188469 623440 146674 705850 982881 776225 693552 502243 209957 263954 439133 787348 301709 694547 767117 741039 1146120 909376 825420 700861 45382 1045327 456727 913560 617979 166697 625632 848362 1038193 418955 309649 941903 912584 1048911 248702 458388 778585 60494 822703 599729 664973 909347 249465 192128 287239 833283 553238 896757 498023 1082836 427058 927705 141444 489863 575800 1050739 358550 595053 685445 687247 673044
273592 347828 560173 361024 752415 855247 750661 1050677 893025 822052 1187580 846177 1052080 455125 843963 945805 468852 894501 405292 498839 1115590 921944 988880 861065 696812 545933 996135 971460 317067 249468 688549 781619 818994 290473 723681 769277 999999999 611080 1053698 597371 932850 789652 1059516 795547 88116 1147135 517532 903868 848467 724555 1092822 603668 1118425 340884 763936 954958 572745 388122 1037289 811143 844906 328537 1016505 255396 919815 805693 1036024 806826 925118 524819 593582 1128615 915522 560322 434723 1192160 809675 743303 1035868 730925 1265094 960962 888304 509239 1217057 982568 1170542 968568 937185 649466 876605 808292 653776 920606 890490 441543 1051770 144287 1119987 241918
339795 373447 681115 564379 590695 829813 379865 514628 773634 591512 746739 339314 702277 326976 732666 612666 636927 726754 692087 469491 726849 381407 718996 489449 91608 500286 951632 587496 403528 533811 840037 357972 276773 349360 482365 958218 611080 999999999 920522 781681 667113 877888 765821 216553 523231 899084 456767 961231 851547 605668 748591 659904 856816 282359 378204 349229 50485 224417 739708 979720 247868 605783 551974 452913 1033430 522120 625340 204274 819865 654785 19014 706171 334721 717002 512787 897251 960842 281606 817876 415002 905023 1011074 955045 693981 891396 784846 776641 811009 347247 567641 357926 899225 515043 690407 302222 639371 843287 503686 864885 416801
923662 760352 513443 694589 341425 223009 553042 739800 164269 329886 558245 690175 375328 690392 213855 378514 598839 194215 698004 573945 444814 741571 257894 479694 898869 523163 144334 451382 774216 804229 469089 597204 756556 857707 439042 504321 1053698 920522 999999999 534562 283330 366884 275996 830282 1018888 201578 563737 305154 251480 347327 362644 456302 218320 874929 561033 944239 885760 905546 287117 474381 879315 737408 587217 816118 396734 404777 485939 895057 128590 543155 911653 510225 837236 532366 621452 291957 448093 669060 151864 507692 430785 296548 319996 579448 352255 149325 462536 109578 868866 416539 703850 365235 438719 242332 856316 629667 130460 922863 207464 856098
589424 442200 104043 267192 385902 311688 590105 927053 408318 474615 906863 763471 715149 455068 373172 632888 156641 450467 193368 315192 798149 847506 598540 628550 816071 297598 434293 698454 430009 373373 91241 650020 791146 525707 459879 188469 597371 781681 534562 999999999 561082 198638 667288 827352 595765 693026 332581 312014 288160 337513 737854 154746 682035 579418 607803 996683 731999 638641 655627 223124 890576 274453 813051 430163 323153 520420 766436 878569 418162 126901 764672 842926 905335 64723 273418 767296 215968 675648 584940 533515 883966 367650 295200 98858 813940 531097 843750 488742 938581 297290 793203 214814 356223 521299 902648 170775 588732 502498 677795 485035
744317 597311 490036 605125 192060 334590 287795 465825 207840 110930 351146 408209 154474 503124 210048 100598 547329 137392 660190 435712 238203 458344 57633 197950 632739 392550 377483 178260 621592 694651 537509 322623 476542 685494 217807 623440 932850 667113 283330 561082 999999999 479228 126694 552667 878383 236408 415622 484036 374510 234903 178463 422031 197731 683309 291847 660945 639201 698014 105595 611911 598825 660685 316632 678295 583677 149065 230339 617367 241747 503887 661151 289201 553974 526373 510727 261152 583733 398200 152699 256136 340200 505910 490542 556915 284801 134012 282675 184666 585537 302929 420785 490490 280944 50815 573628 576970 179033 790383 203401 704076
746324 585759 238112 441250 354021 156370 605421 910494 283299 425758 828720 780246 629493 566402 269256 570117 326159 345940 390097 417951 713072 857172 500266 604874 893577 379365 245986 645220 582765 554236 112618 665524 824110 679185 461134 146674 789652 877888 366884 198638 479228 999999999 559197 876191 780063 550023 425067 114366 118884 312723 640996 225747 549223 722448 621317 1032577 831275 774217 554437 133222 937217 461880 776195 598199 156263 493840 706299 934794 273240 274736 863043 767950 931820 229683 412907 633728 105454 711169 453783 545884 763302 171311 98708 280466 687632 406680 750443 352067 965916 318298 805892 21741 379255 430811 936999 350124 450034 684093 542279 650332
867335 722901 604744 730136 315551 404715 388121 477613 275899 237608 284975 473427 102101 626867 297716 153844 667647 218500 779967 562319 169463 504857 72687 277550 721319 518698 404317 202853 747740 821086 632631 409885 546509 809761 341576 705850 1059516 765821 275996 667288 126694 559197 999999999 626501 1004534 140150 542314 540373 444644 355167 87959 536858 95905 804745 387929 709205 742642 815864 26154 687856 664473 784986 325545 804863 639850 266257 217937 689713 292817 621631 761872 234348 604953 638638 636589 137451 659600 487378 125195 367951 218775 549856 550449 672857 158407 155713 194797 215897 633382 426228 478251 566720 407399 149484 630266 697844 145673 916945 106668 830002
522866 498522 723339 663882 539903 791948 283968 299903 706321 507974 551487 155198 545674 412317 675050 475104 705314 646278 786085 518395 551932 169876 595288 355758 129880 529755 892290 428989 533843 667523 865830 233425 81003 511481 424023 982881 795547 216553 830282 827352 552667 876191 626501 999999999 710147 766055 497562 938775 821689 570526 589921 683245 721985 454749 272549 175095 234275 412013 601528 995112 63303 715991 359722 595329 1024301 428854 449950 64795 751927 705968 226863 519601 121624 764454 586981 746399 972056 168118 704397 339594 729936 981090 936653 755394 729426 683577 596411 723050 141704 559016 160847 895881 497121 588361 95102 716958 730990 671334 731931 573847
187313 283066 544201 340022 704454 830231 679744 970405 855903 768400 1117952 766322 990563 387049 806319 884054 454120 851015 410712 451183 1050756 840307 935263 793328 609439 500599 972402 904861 256799 225994 685612 707067 736217 212245 664806 776225 88116 523231 1018888 595765 878383 780063 1004534 710147 999999999 1099221 467084 893051 827502 680910 1032593 579372 1068349 256490 692125 867957 485474 300887 981432 815895 758495 321312 942602 203849 918469 745428 967741 719898 890892 507730 505834 1060318 830633 551065 397783 1139198 811374 664768 989607 664455 1205321 950558 878517 501611 1160755 937648 1105836 928488 851622 606755 796238 799823 603580 870049 804907 430254 1007046 97340 1070738 175055
975205 822547 649023 801845 395075 395240 519402 610048 284915 336719 381777 613413 234801 733786 324739 291569 723751 257268 832291 649007 279914 644354 181005 414353 858259 601209 345675 342686 843860 901856 641407 546128 686300 914219 450984 693552 1147135 899084 201578 693026 236408 550023 140150 766055 1099221 999999999 632160 503073 431150 423826 203015 583883 44246 916385 521058 848368 873367 933513 164577 667546 804591 852571 460126 896231 597189 385456 350817 829486 279043 672259 894133 345516 744615 676755 714688 90556 640279 623481 113015 492088 229817 497935 516727 717858 151521 168369 281989 204367 772664 498930 618394 552235 495662 230866 770277 754883 104387 1007677 34354 927116
360490 196676 228998 208472 237443 407176 294554 638896 399535 304714 698633 453037 542069 142903 350171 437681 210933 385948 306967 25302 612260 539151 471390 375885 484410 46825 545182 476750 213127 281119 383792 347961 468773 294041 214480 502243 517532 456767 563737 332581 415622 425067 542314 497562 467084 632160 999999999 517819 418975 217573 580300 203286 601825 317101 312054 669642 408673 358760 520529 522954 560858 267813 555351 264261 581327 297184 545654 546763 439452 208697 440952 635896 584002 268517 110513 674648 504256 355549 522681 250576 751112 571603 509138 258089 700249 471277 666154 466431 616186 147755 484682 446710 136674 403619 577399 227747 540627 376086 603916 296329
852494 689581 349432 553518 400820 153700 659190 938857 276273 455839 821622 829261 623627 660676 282610 582077 438932 346733 504260 514117 704563 900778 492034 638367 968830 471100 164750 659742 689133 667076 223132 717204 880125 784851 515466 209957 903868 961231 305154 312014 484036 114366 540373 938775 893051 503073 517819 999999999 118269 368355 626840 327861 511140 824598 673588 1086477 916465 873450 540993 173434 997748 575860 796146 708228 100079 531599 714291 999874 248524 386100 947453 764521 982578 343657 518793 591722 149950 771121 422424 600816 727786 57531 18353 394631 649788 384779 735151 324545 1016533 393757 852210 97235 449637 433304 991579 463707 412222 796719 502208 759383
767307 601865 289072 488991 282830 40300 541266 822979 170293 338515 719504 710996 520202 561223 167475 470191 380071 237719 465628 418942 602928 782665 389273 521045 855251 372299 149387 547240 605963 603167 217718 599065 762199 699303 397919 263954 848467 851547 251480 288160 374510 118884 444644 821689 827502 431150 418975 118269 999999999 252065 528366 248447 430693 732994 555522 968311 808051 777634 441694 243253 880270 521399 682247 633373 213106 413589 604477 883205 155016 323759 838443 660258 864322 297456 437716 515001 215034 653818 335811 483118 645431 160577 119809 347927 569342 290346 637748 234138 898272 284852 733966 122856 337095 324435 873480 408732 331337 730188 423579 681319
576481 414109 257133 379099 48406 225668 293624 604129 183926 137665 571071 467667 384573 344134 135793 296191 312807 170237 425500 230266 465629 544590 282585 298986 604309 180323 347721 361023 430117 478135 333945 353258 513804 510881 148990 439133 724555 605668 347327 337513 234903 312723 355167 570526 680910 423826 217573 368355 252065 999999999 413031 189747 398236 527976 309101 721600 564553 561134 337996 440886 629921 431872 479602 477063 454850 187675 428936 631523 226504 269133 593729 506851 619717 295528 290935 477261 415027 403160 311680 234348 573196 412454 366166 322806 512071 258019 514169 248919 653814 75182 493170 330728 94378 206379 626190 342791 327226 587164 398433 512982
884486 749529 668488 777487 368900 488185 382340 407849 358393 282370 197016 434739 46453 648136 375086 149725 724753 296157 837716 602247 82201 452841 141524 262804 695086 562622 492276 162343 777101 861389 709188 391063 508930 830869 369163 787348 1092822 748591 362644 737854 178463 640996 87959 589921 1032593 203015 580300 626840 528366 413031 999999999 600473 162427 818593 378098 654141 730769 822673 86684 771108 621256 834227 260164 837441 726556 287328 150915 650874 378601 682149 746793 148070 553251 704615 681157 158035 742804 466992 212886 375653 172758 637475 636460 735354 142826 242164 109469 302854 579250 479117 434068 649556 450562 216923 581638 754063 232206 948918 174933 857552
524813 361795 68049 242698 237301 251743 436706 772322 304630 327190 760606 611170 573731 342041 259908 485566 142846 328840 248425 193453 655244 694492 465429 474377 683852 160118 393389 547964 361693 356101 183423 496982 642243 457076 305139 301709 603668 659904 456302 154746 422031 225747 536858 683245 579372 583883 203286 327861 248447 189747 600473 999999999 565847 497502 454287 849458 611952 548505 522118 320060 746083 281462 659347 385315 381311 367340 616782 737363 328863 88644 644203 696327 755461 105956 191563 649155 300978 526639 471553 379470 755600 384354 316579 136088 690100 416082 703257 385526 789023 142627 640414 247478 201741 387652 754639 173925 480631 482033 563634 434316
940317 789856 632159 777310 366168 393030 477457 567795 274612 302027 347949 569217 191730 698850 309813 247817 703636 237025 813658 619634 241666 600269 140935 370922 814937 572853 359479 298501 812231 874849 635456 502914 642160 880260 414531 694547 1118425 856816 218320 682035 197731 549223 95905 721985 1068349 44246 601825 511140 430693 398236 162427 565847 999999999 880341 478636 804381 831814 895745 120458 671007 760357 829392 417207 866081 607630 346200 308132 785355 276016 653585 852150 307798 700491 661890 688021 85494 643288 580336 97322 451948 216679 510886 523705 701071 139107 151163 249200 197755 728642 472823 574149 553163 465156 198301 726063 734594 99699 977877 12578 895323
71920 137965 492804 323900 536499 723530 445613 715866 711898 579808 880956 512717 774005 185149 663377 668996 423138 688522 446278 314232 825175 584660 740880 564744 361549 362551 862252 677068 151413 263204 655489 463613 479932 69260 465811 767117 340884 282359 874929 579418 683309 722448 804745 454749 256490 916385 317101 824598 732994 527976 818593 497502 880341 999999999 455430 616723 238272 66150 779819 797638 505240 350642 698150 180544 876325 538571 735095 468689 753729 459028 263668 826674 574649 518592 311507 942121 784559 413730 814114 442954 990078 880330 813902 482002 954722 767595 879924 772664 596431 463454 541911 744080 436470 686311 549759 414886 835346 221942 884913 136504
525306 417708 507665 516554 272778 523679 17895 327301 433810 235537 426609 159355 331767 309713 403586 235702 517148 374164 618636 337225 372427 240454 341636 115322 341050 325149 619852 224615 451202 565056 628620 44210 206985 481054 160211 741039 763936 378204 561033 607803 291847 621317 387929 272549 692125 521058 312054 673588 555522 309101 378098 454287 478636 455430 999999999 413063 355111 450247 361785 747085 327323 575486 254141 517192 763179 156924 279728 336724 479378 500219 373949 371271 310620 550458 421269 521003 722087 108034 444300 76067 543946 713111 672985 555431 520120 417123 426522 452625 344718 315516 186888 639682 253393 321314 317999 537554 470381 621306 486811 522020
681421 671485 892936 838976 685766 935723 428038 272838 837907 639192 561747 258956 615282 587324 812688 569728 878740 772581 961014 691188 597531 204727 693732 465991 259324 699625 1023324 506608 706451 840495 1030442 369287 208663 677461 572645 1146120 954958 349229 944239 996683 660945 1032577 709205 175095 867957 848368 669642 1086477 968311 721600 654141 849458 804381 616723 413063 999999999 382632 567079 686731 1155597 114399 890948 396394 766567 1176156 559822 503694 148164 881763 877213 364918 549095 107078 934608 761459 811476 1131490 323429 805852 487259 765173 1124940 1086037 927731 782275 794949 630940 841872 75963 719420 240949 1051437 656701 703576 95600 891146 832311 837006 815665 741819
