NAME : synthetic_000545
TYPE : CTSP-D
DIMENSION : 100
GROUPS : 8
RELAXATION_LEVEL : 1
EDGE_WEIGHT_TYPE : EXPLICIT
EDGE_WEIGHT_FORMAT : FULL_MATRIX
EDGE_WEIGHT_SECTION
999999999 1008992 502050 421854 359422 1023058 99978 959004 97354 347875 665695 667364 473321 415420 657194 411073 643695 654183 498279 398115 722608 919001 492763 717906 298046 258171 466926 435243 396835 839227 1017911 606197 956110 556879 619584 898301 462710 588908 722618 921137 432522 784417 633519 541278 878814 932497 983321 499873 498515 528969 876554 763273 421574 942949 767144 235503 579471 369988 707977 832101 596191 525733 416232 951112 749040 829144 996278 749994 360023 949884 978684 496038 725307 587131 365261 859929 379722 643402 783146 870901 974365 228194 809611 527124 859599 296390 253310 554269 381445 898658 589413 414342 1121355 994600 1000746 954154 662862 928004 284000 386277
1008992 999999999 942924 704851 924272 69788 983690 496598 1014104 661740 372262 556755 694758 604339 706553 845950 542326 737848 863670 869922 289048 90098 528005 485958 974173 764778 645703 722775 672895 499753 22999 687567 459464 454698 606041 123360 893466 445205 610374 134706 659841 613700 494912 667779 630274 536548 83988 665363 535723 621552 415116 439873 747818 605569 420018 781744 680549 810671 578802 177055 582757 483612 651978 71545 424794 179950 578809 585138 748953 386788 301396 527152 811086 873388 853421 162338 871693 522697 404918 576340 410480 805552 281053 483378 391716 792950 1060381 641317 637316 400626 777981 668106 332113 487221 352437 256151 398409 255482 816260 787924
502050 942924 999999999 274389 143206 988561 582662 1135373 593523 507489 582519 895586 258621 581127 282417 804686 406049 258284 79254 127213 686159 868031 618848 476847 760865 541225 729022 244729 658236 1032665 961097 907857 1116327 564687 344511 876426 61348 525582 391170 814870 696272 434123 816360 275148 1126775 1130976 880603 784200 460091 324336 620274 927420 224614 1169587 919877 521128 268042 198067 948743 797928 835271 585147 663747 871701 535855 788254 1201372 426108 685130 696102 765185 626528 274299 116028 764553 850160 142441 848033 928057 1096297 1109381 557758 879337 552687 621186 645674 747653 827942 564943 645654 937527 679046 895050 1160369 759910 1019022 772079 994133 279984 206681
421854 704851 274389 999999999 219769 741864 461648 860986 484343 257495 332948 626910 55200 319408 250727 589783 228404 257545 205765 170100 428900 622650 347427 306703 592440 328657 475115 32484 411686 758967 720495 652848 842051 292698 197809 623006 214190 264908 301392 587210 445907 363550 544448 121758 856496 857019 653982 531792 188339 110770 468455 653228 49884 896938 645513 317490 164868 105825 680510 545050 570164 310758 412485 635952 349320 536877 927407 328155 456360 545074 589871 355241 349117 270162 556777 592870 168645 577619 653676 824148 835981 360224 608886 278847 456540 433555 614903 570150 310053 492361 694602 430871 731450 886073 601935 751536 497756 726073 142900 83329
359422 924272 143206 219769 999999999 961607 439562 1054580 450338 400495 552654 796939 234876 480341 350701 672876 419311 336425 149066 63744 648050 842412 530560 497775 620014 414491 617315 202347 543176 945591 940124 794173 1039161 504282 368036 842318 106888 484149 445773 804767 582740 500041 725324 283529 1028905 1044729 871571 670344 402652 311173 655351 844637 177206 1077347 839662 392258 299857 114507 848779 764549 732357 511614 551642 855012 549754 756517 1114761 479475 560347 733133 789805 537732 384911 233770 631175 811529 54523 753151 850034 1003046 1038439 425775 819269 485854 649443 515658 604504 717624 458771 680518 815659 564477 927779 1082669 794223 964496 697202 938603 158308 136463
1023058 69788 988561 741864 961607 999999999 991161 437435 1021570 675276 409615 527004 736155 611726 761423 831978 593388 792621 909454 909483 315792 120532 534140 541843 967568 773064 635790 761892 670405 451845 47599 659678 400240 476675 657022 125131 937114 478152 668650 196486 653419 675421 474779 714073 578607 479873 153149 649714 565497 664955 481084 403706 786690 548817 384627 791733 730077 847298 543432 198553 560538 498274 649058 130331 481477 205506 518017 644896 743956 455644 370994 532266 869216 924152 843110 163137 910058 498372 368035 525039 349307 812345 254437 503649 456570 791964 1057710 620700 645421 467617 750077 663472 398126 425236 422199 198238 387747 202506 845854 825193
99978 983690 582662 461648 439562 991161 999999999 889132 30430 327096 660397 596178 516009 379775 707885 316952 670616 708776 569364 469888 703744 893719 457091 740172 198179 218917 399610 480692 336789 769112 990525 522869 889175 541936 655396 868011 537949 586159 761645 906770 367874 824018 573370 583396 798265 859301 966062 424898 501096 561490 893790 701150 471371 864776 707137 203382 625287 429800 632880 806997 525926 502372 357742 930323 764030 805528 920767 786151 285829 963914 983659 458902 787333 658411 271658 828728 451547 578114 724087 794324 911577 178825 764529 511470 873999 222686 165079 478683 346462 914377 498361 351327 1124883 925866 1010524 905036 616897 879419 336715 442206
959004 496598 1135373 860986 1054580 437435 889132 999999999 916026 665288 610672 292954 883561 582246 994574 617834 823269 1021955 1064562 1022760 512707 469101 524185 809663 780518 709432 492116 891109 563491 120037 479852 390766 37203 576111 876689 419030 1074932 634076 935758 569035 526593 967428 334980 895694 166804 51641 563345 464847 678539 836103 825711 209984 910773 114851 215654 735115 930480 948840 260807 459351 363478 550239 545460 519330 764131 471806 84655 925194 603319 830924 764257 517159 1117094 1112740 650203 407407 1015374 317147 207577 125895 90421 732068 293801 583944 795281 666770 885146 412126 610446 822301 461496 545040 826239 39130 817990 240471 363832 243429 902753 933758
97354 1014104 593523 484343 450338 1021570 30430 916026 999999999 357086 689833 623115 538265 410205 728695 335858 696192 728599 583946 483987 733967 924128 487512 766573 205864 249327 427689 502230 366047 796058 1020954 546591 916633 571899 679361 898438 550943 615318 785129 936870 396458 847457 602163 605943 822497 885493 996291 451362 529628 585890 921047 729538 491862 889668 735808 233558 647106 447519 658868 837397 553173 532659 387109 960653 791475 835903 946342 810230 313059 991631 1012395 489307 805179 673076 291275 859151 465570 606164 752866 819728 939709 209226 794534 541444 901612 250459 156438 504850 376889 941848 518601 380186 1153814 952962 1038768 934714 646921 909148 355816 461037
347875 661740 507489 257495 400495 675276 327096 665288 357086 999999999 335587 396939 305304 83043 490874 340960 392202 504578 452168 382611 377704 571665 151742 447693 381814 114400 221735 289325 154398 551564 670237 400684 654140 214843 400403 550447 446670 264280 505639 579877 190103 565350 330869 356678 628685 650471 639888 277514 189792 310156 587886 456677 298261 678974 455106 124130 403398 309498 448404 484708 331870 178132 156998 605523 458249 482177 719718 521211 203511 652511 662970 156783 601117 525541 314051 512178 370843 355158 468183 604452 661542 157874 470561 184374 564599 196279 437260 320482 58301 605951 437431 174083 802378 696369 693871 617881 328345 591400 242975 302214
665695 372262 582519 332948 552654 409615 660397 610672 689833 335587 999999999 468513 327112 310581 388224 620249 214087 417272 504032 499873 106588 289875 256931 203448 704573 449538 427574 352288 413460 536118 387579 558311 583069 128168 271837 294022 529107 77411 325543 261241 421558 361922 374000 311740 661209 622847 326897 473224 170024 258277 281907 428927 377122 678655 413605 459249 335976 438696 517056 215490 444987 183624 397979 304366 171717 206143 689586 317593 491004 332333 329334 261423 508956 529325 609399 268135 500659 414694 413509 615608 561774 493036 322365 156680 253084 512533 770406 480710 335439 293522 634302 419682 467101 626053 364657 446877 275482 423931 446633 416196
667364 556755 895586 626910 796939 527004 596178 292954 623115 396939 468513 999999999 661047 316771 808911 338042 654614 831735 832206 774538 406389 486293 280381 667827 496621 422736 200941 659046 275110 172948 550858 133108 294635 380750 694819 437828 834238 456634 777342 560240 236464 822992 94803 689873 232033 265307 588341 172349 465984 631211 739178 130255 674665 283711 146221 448808 731604 700190 53754 426357 71260 334313 259002 540202 640123 434494 330787 776909 310374 771446 732431 272486 931150 893872 364737 404067 764349 54347 164593 209265 323577 441928 275739 374794 708346 373892 599596 121268 338992 744908 223205 255452 837108 329893 781767 366355 199187 346575 639885 689058
473321 694758 258621 55200 234876 736155 516009 883561 538265 305304 327112 661047 999999999 361155 195618 641403 189159 203366 182815 176250 428816 615893 380681 268517 647382 382197 518673 39659 458325 785534 711650 694827 862773 308625 149326 620865 202638 267097 249358 572004 491007 311098 575340 68004 888247 882537 638717 575483 205039 76312 429526 678239 61327 925442 669146 371822 109742 130147 714798 542359 607380 335448 457603 624518 316800 533229 952763 277646 506666 506988 557825 388581 296873 233007 609379 593207 180551 610255 676009 853626 853395 414663 621333 299764 420283 486350 669981 611390 355156 454089 740389 476826 697713 906883 565926 760408 519790 735554 190775 106167
415420 604339 581127 319408 480341 611726 379775 582246 410205 83043 310581 316771 361155 999999999 534395 318346 412909 551734 521329 458444 330200 514531 77781 456565 394523 161340 158187 351886 110678 468755 610818 333806 571206 182481 433041 488265 519874 250431 533133 534693 134175 589628 247949 403517 548804 567741 590868 214886 201145 350455 581941 373706 364490 597386 372404 180808 449213 384335 369085 428109 254223 130734 102215 552963 455927 427290 637140 543828 183053 640182 639230 80635 650511 589556 301712 449049 447827 273211 385760 522961 579306 201252 395015 154315 555910 202604 466033 250773 34008 597339 382086 123945 774330 613366 675189 541086 249867 514718 324011 374506
657194 706553 282417 250727 350701 761423 707885 994574 728695 490874 388224 808911 195618 534395 999999999 831094 174825 31306 215611 288665 493487 643701 535664 220706 842943 576102 692009 227730 639133 910151 727056 861964 968704 430619 117905 663962 260675 362226 110446 572728 668130 152789 717042 134601 1025683 1002219 634794 748249 344997 183956 343471 801162 236865 1053074 788496 566811 87915 289247 861992 588730 764167 474651 635306 635393 282140 577145 1070777 144941 694330 417170 491923 543356 123252 180355 801119 646048 303434 755437 791490 985192 949572 609743 710235 434121 348750 678769 864347 777887 534908 368480 916368 655961 616182 1012168 481468 832836 640569 810764 373967 271154
411073 845950 804686 589783 672876 831978 316952 617834 335858 340960 620249 338042 641403 318346 831094 999999999 727711 843477 764979 678167 613428 762463 363532 774713 163416 265798 203100 619715 208619 501958 845720 228271 626353 493738 740698 722613 748197 567035 844761 809587 199761 903306 359340 696569 500875 579632 855174 182533 517174 651115 897888 464540 623319 571852 477186 283908 743329 614149 357950 684053 280729 436809 222440 810708 773530 687595 633376 858242 138298 952553 942267 359543 938264 846929 45894 683752 662275 344012 495846 507343 660156 247290 579623 468578 870874 159548 268580 220117 305082 912055 183635 200585 1070320 656616 982525 696300 447542 673963 524971 614837
643695 542326 406049 228404 419311 593388 670616 823269 696192 392202 214087 654614 189159 412909 174825 727711 999999999 204685 327506 357252 318764 474069 395018 79359 770246 496719 563498 227727 523213 743260 561773 722376 796445 274280 63734 491308 363001 198483 123600 411171 545484 176853 560628 136889 863192 833136 476010 617389 211768 117642 240712 634640 250486 886333 620859 494997 139010 319259 706478 415133 617148 325727 514763 470781 131643 403795 900900 130919 589589 317963 370496 402116 294869 331128 704758 472015 364898 600376 622599 820407 775857 536769 536446 285012 231231 588464 811577 639332 422664 265078 786065 536731 509125 839644 376817 658030 475538 635941 371020 295321
654183 737848 258284 257545 336425 792621 708776 1021955 728599 504578 417272 831735 203366 551734 31306 843477 204685 999999999 195786 275972 522917 674785 556537 252012 849546 585555 709774 231813 654760 936098 758337 881444 996486 455128 145764 694699 241579 388603 139327 604034 684873 175994 740538 148508 1050285 1028799 666078 766262 366412 202655 372670 827098 237743 1078878 814771 575002 102536 284402 885013 619243 785463 497466 651820 666678 313443 607719 1097597 173157 707574 445556 521595 564300 99661 152146 812295 676428 291764 778541 818149 1010465 978077 617765 738861 457242 378803 689439 867214 797365 550581 397522 933790 672118 644345 1040053 509929 862629 666315 840385 372841 268201
498279 863670 79254 205765 149066 909454 569364 1064562 583946 452168 504032 832206 182815 521329 215611 764979 327506 195786 999999999 100197 608179 788929 553135 399518 736200 499273 673565 174278 605592 964158 881858 852398 1044512 491031 266646 797778 45993 448661 320814 735701 642245 368372 750212 195894 1062176 1061913 801495 729632 386858 245755 546182 857833 157556 1102581 849510 481579 190419 151001 885716 719317 774230 514756 609163 792448 457898 709536 1132266 355711 639503 622743 689460 560934 235862 89130 727023 771922 118620 783264 857007 1029882 1035969 520882 804106 480733 545694 605450 733817 770919 508177 571615 887648 625858 821229 1088608 686120 942518 700773 917834 243906 151432
398115 869922 127213 170100 63744 909483 469888 1022760 483987 382611 499873 774538 176250 458444 288665 678167 357252 275972 100197 999999999 598198 789648 501276 435295 640326 414163 603554 147594 531950 916815 886384 782149 1005565 461513 304809 791943 70627 434344 382200 748165 570344 436941 698268 220859 1006359 1015667 814903 658324 357782 251995 592134 813438 122919 1051578 807163 394377 236118 74481 827285 713726 712565 474639 538073 800029 488234 705191 1085981 415814 557918 669892 727648 508767 331624 189234 638517 762443 18432 728385 816489 977757 1001991 431650 777783 445658 586708 518940 634617 702969 440517 617348 810499 552883 865031 1049393 731224 921232 661729 895659 153197 89620
722608 289048 686159 428900 648050 315792 703744 512707 733967 377704 106588 406389 428816 330200 493487 613428 318764 522917 608179 598198 999999999 200641 259794 297110 719092 485851 411625 451028 417003 447650 300803 513175 483356 166155 377873 194310 631436 163992 424598 204496 414795 454731 315992 417533 577783 528934 262325 447993 249705 362769 334677 344392 475348 588120 327062 500416 442551 533547 449859 117277 397660 201709 398157 228517 252534 110783 593670 412643 496058 365418 334741 261296 613138 635695 610459 164472 597542 355409 323920 529320 458915 528199 220352 195525 303579 529617 795755 443462 361001 338959 596430 417832 457154 525588 380538 340353 207219 317607 530186 512039
919001 90098 868031 622650 842412 120532 893719 469101 924128 571665 289875 486293 615893 514531 643701 762463 474069 674785 788929 789648 200641 999999999 438454 425490 887236 674803 560864 642097 585086 451819 100169 614240 433027 365483 537571 52123 816644 360150 553921 101655 573449 564990 417259 593597 586056 502961 103149 583447 449247 544459 381827 378031 666970 570959 357807 691674 610109 728279 513648 86962 505744 393534 564354 54785 366172 90383 553513 531915 661809 370259 296516 437775 753816 804397 768159 82310 790533 447938 344844 532309 390087 715691 215046 393873 354560 704509 972128 562708 547411 372161 704110 581022 364218 466727 350229 237187 315823 227257 730006 705951
492763 528005 618848 347427 530560 534140 457091 524185 487512 151742 256931 280381 380681 77781 535664 363532 395018 556537 553135 501276 259794 438454 999999999 426438 459411 239022 173433 379328 159003 415680 533960 328122 509950 132603 425906 410978 557626 210308 518323 463480 164654 570656 197512 411802 509070 514677 517594 224132 190741 354241 536694 314201 395881 550824 310060 258544 454972 426880 334127 352489 229060 74821 141907 478368 416094 352308 584906 524156 237949 589247 580110 7904 656197 613494 354852 371644 492790 230236 321594 477449 513555 278337 319271 112125 508868 270014 536954 244575 111726 549769 391796 163194 711519 553074 619274 466282 176801 439818 379063 413543
717906 485958 476847 306703 497775 541843 740172 809663 766573 447693 203448 667827 268517 456565 220706 774713 79359 252012 399518 435295 297110 425490 426438 999999999 829111 556881 599135 307020 567082 739125 506615 747803 780464 296682 133190 449518 437259 217291 130237 352022 585095 158664 573024 214442 864650 824321 414342 650537 259326 196221 161766 632285 329844 881351 616742 557659 209099 398613 717739 377339 637913 352947 556245 414924 61531 365144 890061 115540 637846 238738 292560 432815 328455 392782 755203 435626 443474 613580 616092 818955 754944 598342 517327 314325 151981 642999 876221 666668 470987 185888 817396 578494 430132 822609 297490 627000 478287 606762 448789 374679
298046 974173 760865 592440 620014 967568 198179 780518 205864 381814 704573 496621 647382 394523 842943 163416 770246 849546 736200 640326 719092 887236 459411 829111 999999999 273572 332582 617901 303274 663743 976465 391657 788014 576774 769784 851998 710602 640054 877171 921975 314545 938625 505148 710492 663576 742898 973525 330700 571545 675486 968645 619492 614870 734949 630498 277785 755982 587998 520053 804386 434450 524706 323405 931792 839524 806054 796745 896323 225463 1031032 1033639 457804 937118 823553 131953 812374 622646 496014 648942 670759 820066 234957 720564 547899 944446 192049 105185 376040 369389 985922 341400 306215 1168686 819173 1068673 846157 579833 822651 493107 595076
258171 764778 541225 328657 414491 773064 218917 709432 249327 114400 449538 422736 382197 161340 576102 265798 496719 585555 499273 414163 485851 674803 239022 556881 273572 999999999 223563 357177 147716 590842 771722 388944 703822 326670 497199 649497 483646 378680 604336 689626 187277 665518 378475 442029 646359 687011 748007 268476 302039 403461 700710 508528 358951 705001 511189 26160 488332 348587 468498 588086 351982 284170 164231 711679 570726 586685 753464 622905 145988 766305 777335 241334 677661 581227 229423 610342 398900 392285 526688 631108 719132 43513 552273 296249 677992 106497 323119 320887 127722 719247 401773 167994 916535 743703 808199 696145 405102 670050 261334 349053
466926 645703 729022 475115 617315 635790 399610 492116 427689 221735 427574 200941 518673 158187 692009 203100 563498 709774 673565 603554 411625 560864 173433 599135 332582 223563 999999999 507471 76586 372301 646625 178950 490231 305885 588373 522655 668318 383685 685697 606502 36334 740156 177153 561655 422971 466234 652383 56810 353289 508069 708864 302074 518385 481628 309251 249723 607239 530960 245050 481346 129690 248152 65697 608294 589452 484665 531414 693852 116632 758802 743104 167718 808652 744991 207790 483374 591142 178506 326803 407963 512024 240993 388069 285051 680527 177287 427378 100421 165527 721092 224469 55646 868779 527967 785129 517312 248316 492983 459033 523942
435243 722775 244729 32484 202347 761892 480692 891109 502230 289325 352288 659046 39659 351886 227730 619715 227727 231813 174278 147594 451028 642097 379328 307020 617901 357177 507471 999999999 443635 789942 739036 685287 871706 320374 188962 644527 185381 287446 288002 602430 478101 349423 576121 106453 888380 887806 669233 564125 215725 112253 468362 683834 25144 928316 675802 344862 144949 92892 712672 566245 602554 340945 444689 653156 353802 557640 958177 316828 487110 545690 594951 387160 320750 237700 585989 615413 149010 609559 683657 855678 864732 387307 635972 307967 458496 462700 636635 602621 342311 492802 726620 462939 735409 915765 604170 777500 527551 752236 151886 68776
396835 672895 658236 411686 543176 670405 336789 563491 366047 154398 413460 275110 458325 110678 639133 208619 523213 654760 605592 531950 417003 585086 159003 567082 303274 147716 76586 443635 999999999 444303 676284 251025 559468 286027 541275 551776 597992 358445 642728 618990 40402 699777 237496 506270 499424 539776 670269 127171 311547 455843 689516 366726 452585 557340 371433 173841 552643 460355 320916 501474 204271 229882 21551 628790 564913 502907 605890 654117 79109 745334 738886 156339 752481 679897 196149 512026 518911 246834 387996 483400 577826 168870 432045 260192 662751 121964 387733 176252 104234 704023 283033 21394 870474 598460 777340 569348 285675 544034 385135 454822
839227 499753 1032665 758967 945591 451845 769112 120037 796058 551564 536118 172948 785534 468755 910151 501958 743260 936098 964158 916815 447650 451819 415680 739125 663743 590842 372301 789942 444303 999999999 487330 277630 124400 482859 792600 399697 971712 547967 860668 544708 406998 897783 220897 803434 135208 99160 553250 345023 581730 743643 776213 109002 808376 143082 122602 616658 840901 842480 144066 420176 243458 450095 426660 505859 699434 431533 169235 853706 483292 792099 735377 408299 1033367 1017231 532700 377545 908470 199056 123731 82895 163097 612614 245634 486576 745138 546733 767930 292658 495577 776298 355155 425573 816035 157102 788264 259557 269844 249877 791635 828635
1017911 22999 961097 720495 940124 47599 990525 479852 1020954 670237 387579 550858 711650 610818 727056 845720 561773 758337 881858 886384 300803 100169 533960 506615 976465 771722 646625 739036 676284 487330 999999999 682476 442663 465503 625507 124541 911080 459352 631666 156337 661930 635754 492177 686019 616571 520831 106974 664403 549059 638960 437901 431533 764024 589868 411900 789241 699668 826267 570981 186170 579474 492189 655201 91694 445608 190453 561437 606761 751606 409768 324195 532777 832393 892900 854414 164270 887817 518599 396243 562734 392835 812056 275346 493712 414318 796947 1064002 638657 644067 423538 772966 670791 351558 469293 375053 239498 398566 240618 829800 803693
606197 687567 907857 652848 794173 659678 522869 390766 546591 400684 558311 133108 694827 333806 861964 228271 722376 881444 852398 782149 513175 614240 328122 747803 391657 388944 178950 685287 251025 277630 682476 999999999 401571 451524 753852 567133 847216 530820 845903 682620 211885 896853 200819 734402 276263 351465 715096 123943 518116 678832 837652 262106 696833 345316 278942 414436 779109 709791 134750 549120 115518 397050 244119 667383 728532 556149 405579 850311 250375 877230 846098 320758 980885 922972 264185 531963 769478 166497 297101 279216 439255 395333 407134 437486 807559 311714 496776 84087 344227 846103 90496 229782 957760 429752 893381 497973 310674 478929 636160 702892
956110 459464 1116327 842051 1039161 400240 889175 37203 916633 654140 583069 294635 862773 571206 968704 626353 796445 996486 1044512 1005565 483356 433027 509950 780464 788014 703822 490231 871706 559468 124400 442663 401571 999999999 554444 850932 383300 1056220 609668 907408 533305 523779 937734 326284 872612 197190 84187 526622 466918 657813 813225 792491 197543 891918 150819 199894 729217 906383 931996 268459 425709 363540 531531 540688 482868 733755 438253 120543 895990 603576 796255 728623 503182 1090842 1090541 656811 372844 998737 312710 189185 151347 54742 728337 263339 563859 762213 666493 892068 415518 600502 788575 476632 541784 789326 44111 782374 203320 344314 206770 889012 916258
556879 454698 564687 292698 504282 476675 541936 576111 571899 214843 128168 380750 308625 182481 430619 493738 274280 455128 491031 461513 166155 365483 132603 296682 576774 326670 305885 320374 286027 482859 465503 451524 554444 999999999 314851 352110 505754 79399 397553 365460 296479 446049 287394 320717 595181 577837 426599 355176 104650 260929 404591 374169 342251 624990 363398 338837 358240 391183 433079 279662 343573 57782 271306 394548 283570 275101 647611 399566 363091 459323 456866 138171 553671 536642 481639 316827 457644 326663 368961 555655 544957 369895 316301 30484 377201 384733 644719 370009 208240 418330 520975 293268 592959 598551 492825 460302 213598 434515 373091 372225
619584 606041 344511 197809 368036 657022 655396 876689 679361 400403 271837 694819 149326 433041 117905 740698 63734 145764 266646 304809 377873 537571 425906 133190 769784 497199 588373 188962 541275 792600 625507 753852 850932 314851 999999999 553995 304073 244641 107557 474680 567154 169625 602090 85802 909176 884390 539293 643751 235956 94830 287332 683637 208726 935585 670795 492140 76492 275648 747545 477344 652725 361420 535157 534498 191347 466189 952894 130899 602534 365104 425095 433407 240867 267394 714382 533784 314285 640998 673651 868089 832314 534847 593115 320552 282609 594650 803188 670018 438033 312539 812622 556575 560662 894445 426512 718035 523221 695478 339316 252527
898301 123360 876426 623006 842318 125131 868011 419030 898438 550447 294022 437828 620865 488265 663962 722613 491308 694699 797778 791943 194310 52123 410978 449518 851998 649497 522655 644527 551776 399697 124541 567133 383300 352110 553995 999999999 823090 358179 579394 150014 537487 595145 372384 604085 533975 451833 154611 542025 443200 552095 421257 326966 669029 519596 306769 667698 624183 727822 463530 78534 460542 373209 530676 106532 392404 88399 503598 559647 627078 415553 345327 409486 777528 818770 730428 39756 791614 401372 293416 480250 341978 689308 164332 378750 392743 672556 939504 518603 521777 413574 657326 546257 416341 418130 399080 191785 275083 179202 722755 706217
462710 893466 61348 214190 106888 937114 537949 1074932 550943 446670 529107 834238 202638 519874 260675 748197 363001 241579 45993 70627 631436 816644 557626 437259 710602 483646 668318 185381 597992 971712 911080 847216 1056220 505754 304073 823090 999999999 469498 364365 767381 635792 413267 755137 227926 1065440 1070111 833606 723667 401104 272230 587076 866706 164310 1108408 859362 464308 228953 137646 887398 744559 773985 524809 603153 822585 494347 735223 1140505 399143 626626 664064 728696 565295 279844 126883 708815 795792 87968 786716 867742 1035066 1049965 501969 821164 492938 585367 588833 702936 767043 503973 612511 878050 618711 862030 1100232 727064 961929 711912 936839 223351 145381
588908 445205 525582 264908 484149 478152 586159 634076 615318 264280 77411 456634 267097 250431 362226 567035 198483 388603 448661 434344 163992 360150 210308 217291 640054 378680 383685 287446 358445 547967 459352 530820 609668 79399 244641 358179 469498 999999999 320723 338153 372231 367532 362378 264568 665451 640197 403387 433942 92720 206389 331516 438998 311584 690945 426283 386675 296728 369665 508201 280458 422151 136028 345332 378869 206801 272706 709039 321148 433404 391050 398831 216351 485413 483969 552116 328099 433552 402324 429556 623652 594658 422146 358027 99102 305624 448711 701252 449407 271299 347095 600231 367535 539021 653517 429925 493912 278654 469380 371342 348057
722618 610374 391170 301392 445773 668650 761645 935758 785129 505639 325543 777342 249358 533133 110446 844761 123600 139327 320814 382200 424598 553921 518323 130237 877171 604336 685697 288002 642728 860668 631666 845903 907408 397553 107557 579394 364365 320723 999999999 475704 666578 62383 683089 181565 983012 948363 535258 740040 332686 202348 233345 752649 304519 1003523 738067 599605 148770 367259 828890 507572 740688 449327 635302 540153 187754 495363 1015092 34962 706466 306725 382388 525482 200728 290751 819649 565863 394777 723042 738683 939066 883381 642268 644890 408603 240149 700790 910532 762766 540606 258228 908864 657072 505751 949957 371024 757090 595138 736656 439882 345742
921137 134706 814870 587210 804767 196486 906770 569035 936870 579877 261241 560240 572004 534693 572728 809587 411171 604034 735701 748165 204496 101655 463480 352022 921975 689626 606502 602430 618990 544708 156337 682620 533305 365460 474680 150014 767381 338153 475704 999999999 613609 479568 482085 540116 679762 601232 66808 636580 430843 497150 285805 462742 627574 668600 442628 703405 550029 692655 593118 133903 569877 405816 599476 66172 290660 126480 653611 450469 697728 269081 195365 464524 676403 741549 809966 167168 751271 516741 431659 626449 491336 732219 301317 395778 260422 733494 1000070 623085 565413 274014 770779 618296 277201 567785 249122 338837 373930 328422 707291 669294
432522 659841 696272 445907 582740 653419 367874 526593 396458 190103 421558 236464 491007 134175 668130 199761 545484 684873 642245 570344 414795 573449 164654 585095 314545 187277 36334 478101 40402 406998 661930 211885 523779 296479 567154 537487 635792 372231 666578 613609 999999999 722336 205842 536431 459304 501607 662129 87983 333980 484279 701037 333335 488063 517803 339352 213437 582448 498241 281252 491794 165319 238922 33435 619202 578960 494224 567162 676290 91073 753836 742509 160223 783252 715150 196361 497890 557598 211229 356471 444044 544049 205679 409648 273132 673405 147169 405264 135907 135964 714365 249454 19313 871130 562078 782892 542977 265990 518150 424560 491973
784417 613700 434123 363550 500041 675421 824018 967428 847457 565350 361922 822992 311098 589628 152789 903306 176853 175994 368372 436941 454731 564990 570656 158664 938625 665518 740156 349423 699777 897783 635754 896853 937734 446049 169625 595145 413267 367532 62383 479568 722336 999999999 728311 243148 1022967 982777 534942 793754 388536 264453 212986 790844 365186 1040008 775381 661233 207845 426526 873676 527190 789564 499814 691565 545366 205335 514636 1048236 46544 765039 278723 362157 577592 209192 326777 879102 585527 450430 768650 774750 977523 910762 703810 674405 459557 227501 761005 972784 814333 598550 235782 962230 713504 474841 979536 342676 778534 636013 759460 501279 405561
633519 494912 816360 544448 725324 474779 573370 334980 602163 330869 374000 94803 575340 247949 717042 359340 560628 740538 750212 698268 315992 417259 197512 573024 505148 378475 177153 576121 237496 220897 492177 200819 326284 287394 602090 372384 755137 362378 683089 482085 205842 728311 999999999 600578 312922 319990 516567 177026 376322 541405 646624 130056 593184 353391 133942 403579 641301 623803 145849 348902 88528 243530 217442 469372 545685 355612 389690 682276 293702 681380 646495 189847 839693 808315 375501 335496 689311 40694 150717 279939 340927 405343 220881 283340 615949 352881 602908 146484 275501 653142 288753 222044 756942 367327 694599 341243 110283 317517 570823 610917
541278 667779 275148 121758 283529 714073 583396 895694 605943 356678 311740 689873 68004 403517 134601 696569 136889 148508 195894 220859 417533 593597 411802 214442 710492 442029 561655 106453 506270 803434 686019 734402 872612 320717 85802 604085 227926 264568 181565 540116 536431 243148 600578 999999999 912562 898530 606119 618239 224257 59794 372214 694855 124119 945210 684052 433485 46762 190072 743470 525861 640800 357169 503346 596556 268448 515696 968227 210588 560010 450009 506885 419649 246998 219504 666530 579751 229411 637468 689182 875027 859039 476469 622509 318222 365927 544255 736144 650389 402079 397272 785476 523612 644266 916612 510744 755902 534297 731990 258320 167210
878814 630274 1126775 856496 1028905 578607 798265 166804 822497 628685 661209 232033 888247 548804 1025683 500875 863192 1050285 1062176 1006359 577783 586056 509070 864650 663576 646359 422971 888380 499424 135208 616571 276263 197190 595181 909176 533975 1065440 665451 983012 679762 459304 1022967 312922 912562 999999999 115175 686813 380656 688488 853115 909003 233512 904811 73674 250799 672505 952376 931961 180427 555257 297952 555470 485646 639779 827822 566535 140144 978127 519197 926633 870573 501256 1148815 1121232 539382 512624 996309 278931 255712 53982 251187 660225 380745 594451 877865 582513 768621 326634 570582 909798 326430 478617 950131 201127 923431 381667 387890 376324 871659 920455
932497 536548 1130976 857019 1044729 479873 859301 51641 885493 650471 622847 265307 882537 567741 1002219 579632 833136 1028799 1061913 1015667 528934 502961 514677 824321 742898 687011 466234 887806 539776 99160 520831 351465 84187 577837 884390 451833 1070111 640197 948363 601232 501607 982777 319990 898530 115175 999999999 599943 434441 678147 838751 849651 204301 906541 69039 214508 712965 935019 941372 226747 485701 336567 547337 522813 554688 781432 497847 70396 939586 574169 858971 795649 507329 1125243 1113595 613834 436604 1007440 296783 210744 77160 138926 707194 314679 583020 818891 637968 847899 380659 594251 847614 417722 520479 863656 87157 849231 281701 364239 281295 890775 927340
983321 83988 880603 653982 871571 153149 966062 563345 996291 639888 326897 588341 638717 590868 634794 855174 476010 666078 801495 814903 262325 103149 517594 414342 973525 748007 652383 669233 670269 553250 106974 715096 526622 426599 539293 154611 833606 403387 535258 66808 662129 534942 516567 606119 686813 599943 999999999 678604 495934 563749 332778 481178 694377 668526 460954 762741 615003 759450 616597 171147 605070 463848 650178 48410 352812 167919 647012 508516 748366 302801 217983 518001 735516 805567 858172 184526 818062 548607 447914 632916 480433 790162 318193 456639 310496 787056 1054459 660810 622426 317482 804582 668127 263872 557515 269705 325250 412007 319917 773365 736098
499873 665363 784200 531792 670344 649714 424898 464847 451362 277514 473224 172349 575483 214886 748249 182533 617389 766262 729632 658324 447993 583447 224132 650537 330700 268476 56810 564125 127171 345023 664403 123943 466918 355176 643751 542025 723667 433942 740040 636580 87983 793754 177026 618239 380656 434441 678604 999999999 408189 564355 755122 289282 574811 443190 299833 294390 663726 586152 208415 507689 104860 297915 120565 633074 638245 512230 496776 747344 140058 802258 782020 217731 865227 801572 199584 503592 645573 165330 318252 371054 493992 279663 397090 336254 726210 203916 431264 54403 221964 766318 168932 105875 903959 502099 825724 516258 267631 493267 512269 579648
498515 535723 460091 188339 402652 565497 501096 678539 529628 189792 170024 465984 205039 201145 344997 517174 211768 366412 386858 357782 249705 449247 190741 259326 571545 302039 353289 215725 311547 581730 549059 518116 657813 104650 235956 443200 401104 92720 332686 430843 333980 388536 376322 224257 688488 678147 495934 408189 999999999 165250 398672 473882 237732 722608 464359 306361 265651 288692 519487 366964 419219 133020 303031 470454 268725 360269 748265 342686 379518 465120 482887 198398 466039 435523 496217 410588 354635 413323 471005 651698 649375 344770 420571 95162 376239 383893 624716 434191 212333 417384 577120 324972 624746 701920 509657 563451 314827 537889 280760 268902
528969 621552 324336 110770 311173 664955 561490 836103 585890 310156 258277 631211 76312 350455 183956 651115 117642 202655 245755 251995 362769 544459 354241 196221 675486 403461 508069 112253 455843 743643 638960 678832 813225 260929 94830 552095 272230 206389 202348 497150 484279 264453 541405 59794 853115 838751 563749 564355 165250 999999999 357975 635061 136341 885451 624281 397732 100732 205046 684732 473607 583288 297894 451543 550896 241554 463920 908467 224832 513443 434866 482702 362041 302225 277871 623240 526227 256808 578566 629479 815351 800214 440530 564373 258680 346921 502428 708400 594748 351724 382064 732413 472344 623303 857249 492545 699355 474515 675148 253510 180921
876554 415116 620274 468455 655351 481084 893790 825711 921047 587886 281907 739178 429526 581941 343471 897888 240712 372670 546182 592134 334677 381827 536694 161766 968645 700710 708864 468362 689516 776213 437901 837652 792491 404591 287332 421257 587076 331516 233345 285805 701037 212986 646624 372214 909003 849651 332778 755122 398672 357975 999999999 676789 490795 912840 658595 704446 358866 559352 784072 366932 723073 462126 675621 351551 130212 354317 909643 199978 764914 77798 149897 541730 421759 523792 883631 421914 601489 686877 653391 858872 757439 743394 535041 429337 31174 778540 1023227 761673 601883 25438 915537 697685 275050 831199 139990 612451 540416 597402 610358 535551
763273 439873 927420 653228 844637 403706 701150 209984 729538 456677 428927 130255 678239 373706 801162 464540 634640 827098 857833 813438 344392 378031 314201 632285 619492 508528 302074 683834 366726 109002 431533 262106 197543 374169 683637 326966 866706 438998 752649 462742 333335 790844 130056 694855 233512 204301 481178 289282 473882 635061 676789 999999999 702858 251954 20233 533601 732043 739366 139742 332038 185049 343130 347046 432807 594424 342270 274539 746412 418215 697796 647221 307184 924383 909372 487751 298026 805779 124713 35742 186681 211111 535080 163047 378740 645619 479307 720546 244557 402983 678502 351002 350385 738898 239741 699049 236143 160890 216834 692879 724674
421574 747818 224614 49884 177206 786690 471371 910773 491862 298261 377122 674665 61327 364490 236865 623319 250486 237743 157556 122919 475348 666970 395881 329844 614870 358951 518385 25144 452585 808376 764024 696833 891918 342251 208726 669029 164310 311584 304519 627574 488063 365186 593184 124119 904811 906541 694377 574811 237732 136341 490795 702858 999999999 945986 695263 345019 158222 68887 728164 590807 616824 360570 454753 678245 377689 582287 976934 334469 492607 568289 618804 403653 322248 227329 588336 639657 123908 625880 703502 873025 885831 386894 658289 328712 481595 465157 629511 614742 352871 515389 735545 472335 758920 935936 627244 800461 547616 775092 137613 44850
942949 605569 1169587 896938 1077347 548817 864776 114851 889668 678974 678655 283711 925442 597386 1053074 571852 886333 1078878 1102581 1051578 588120 570959 550824 881351 734949 705001 481628 928316 557340 143082 589868 345316 150819 624990 935585 519596 1108408 690945 1003523 668600 517803 1040008 353391 945210 73674 69039 668526 443190 722608 885451 912840 251954 945986 999999999 265545 731148 983207 977102 236586 550894 353344 590224 542139 623026 840488 562857 67019 996165 582929 924339 862543 543198 1176306 1157767 609366 503159 1042416 324228 265259 74569 205129 721426 378107 627585 881932 646644 840094 388794 621498 911579 399442 537047 932317 141649 916026 350690 412566 350259 921388 964305
767144 420018 919877 645513 839662 384627 707137 215654 735808 455106 413605 146221 669146 372404 788496 477186 620859 814771 849510 807163 327062 357807 310060 616742 630498 511189 309251 675802 371433 122602 411900 278942 199894 363398 670795 306769 859362 426283 738067 442628 339352 775381 133942 684052 250799 214508 460954 299833 464359 624281 658595 20233 695263 265545 999999999 535956 720553 733309 159114 312154 196681 334857 351300 412580 577901 322478 284217 731197 425792 678735 627508 303290 911645 899542 499045 277802 799908 134506 18696 202610 208145 539036 142814 369387 627435 486051 730772 257083 402543 659984 368371 355864 718708 243089 679437 220719 149829 200404 689121 718117
235503 781744 521128 317490 392258 791733 203382 735115 233558 124130 459249 448808 371822 180808 566811 283908 494997 575002 481579 394377 500416 691674 258544 557659 277785 26160 249723 344862 173841 616658 789241 414436 729217 338837 492140 667698 464308 386675 599605 703405 213437 661233 403579 433485 672505 712965 762741 294390 306361 397732 704446 533601 345019 731148 535956 999999999 479373 330602 494653 604795 378095 299250 190152 727351 574256 602963 779508 619409 169533 771468 785455 261367 665604 564786 245475 628760 378688 417979 551282 657240 744003 42989 574138 308354 682541 124564 318990 346941 146822 723604 425360 194152 925539 769249 814917 718732 427373 692552 241200 332458
