NAME : synthetic_000024
TYPE : CTSP-D
DIMENSION : 100
GROUPS : 8
RELAXATION_LEVEL : 1
EDGE_WEIGHT_TYPE : EXPLICIT
EDGE_WEIGHT_FORMAT : FULL_MATRIX
EDGE_WEIGHT_SECTION
999999999 507492 247115 361176 720185 398471 66019 537609 370188 210261 240406 530004 149334 342520 193115 684604 374782 420555 749064 656701 399922 211914 529471 383189 574886 531618 407552 130731 315342 531602 488100 514518 570637 594567 726891 236591 789101 547375 580737 501517 398079 207177 588945 120904 406571 683462 530982 258876 397120 786725 475119 629906 687624 266781 709215 195980 636343 523857 506276 263314 412358 316765 741951 547926 367425 238558 794613 284184 678577 667748 343850 150844 352547 139724 313332 679366 144766 490624 271618 575522 260832 933103 764420 560941 278842 320727 454121 91473 289433 158635 815119 558792 497934 618923 512275 220624 400565 509884 100775 571261
507492 999999999 719709 155186 573135 805619 571586 799688 768855 594044 454982 393108 393943 687612 428419 177735 707711 573359 305354 974557 110182 577025 875443 273638 683032 774578 761829 597983 717189 301764 420523 683280 550147 216016 219427 443245 328610 216375 905261 795260 415109 458931 227764 610901 215360 235814 542568 281185 252284 385796 423339 545824 480105 675389 214019 408796 931136 795342 835064 503906 95458 686107 257034 579364 738291 275002 550132 642401 667714 676402 756191 363029 486053 492182 194269 742570 451901 727981 308381 618141 641264 686728 566675 647120 691480 366073 381693 458914 312053 364632 535425 267085 669340 241016 350506 684694 208514 709536 589505 780189
247115 719709 999999999 565072 763089 179006 213019 394021 465451 155778 310148 615816 396347 204743 306213 890747 231330 395777 914148 458369 609545 176802 330525 629669 519585 402606 231068 276864 426547 778367 557450 440241 587832 754919 934748 473602 1022450 702384 387746 344847 467585 441517 830169 239076 649625 917218 544117 442079 544638 929768 542130 662545 763846 111016 930585 440590 453676 377221 323343 287531 628652 454616 967880 544621 487423 471367 869355 175211 663282 644618 434432 360977 581622 231193 532781 624407 270779 377724 517945 557544 412271 992092 822821 522601 394613 566279 540228 262317 536300 355977 902652 803859 427658 859695 614843 303824 642823 416712 243373 454582
361176 155186 565072 999999999 532177 652104 426677 662561 658656 439320 304867 328300 268473 536974 274343 326904 558698 444036 399393 832730 46555 422653 728349 249438 571072 639767 611908 463709 604142 348476 332902 558098 463046 258617 370443 348877 475151 225093 761372 653262 298475 355252 326376 471617 210422 374973 445010 126429 151108 455066 330520 479461 456423 520718 368550 301388 792030 656614 689343 355208 73854 579960 409622 479584 634358 148469 547821 489732 586800 590256 641843 212333 424179 336999 66460 645081 296717 592375 222550 518435 529604 691849 545449 538193 574531 305666 288659 305513 236477 211508 548234 337274 542861 349486 288982 554257 199695 579728 449978 651617
720185 573135 763089 532177 999999999 713188 773609 534144 1088928 612289 486863 207764 727553 589014 527474 603238 581123 373842 440293 699102 549702 592663 672320 781583 321481 501717 625765 850902 1033216 863953 233307 390811 179017 376756 633292 841484 841649 358306 663289 568718 322168 834717 800722 836203 739131 780893 221682 516953 386881 369067 245435 101203 103117 657720 704598 784274 643551 543012 629303 485974 577094 1027039 754119 232154 1080736 642396 138569 592834 181218 205768 1063577 608755 939721 594731 588458 290132 576926 479018 739288 239509 970640 230217 72005 291405 997324 828929 272426 628735 757637 589337 190699 837354 391665 811894 243762 938825 728731 431376 818508 465565
398471 805619 179006 652104 713188 999999999 380535 245994 642399 216399 353698 609200 541080 132791 377805 964371 132610 343203 949409 279756 698596 230591 153362 766265 421492 264560 90703 452673 605072 914512 545579 339196 534516 793760 1008836 634262 1125493 740232 211121 193417 469437 603644 949602 415313 776328 1022660 493162 525889 590557 946165 530575 612938 737992 137659 1019628 593901 279062 229052 154789 309772 722835 633621 1061683 481568 665903 590905 836299 164217 579559 556926 611455 474049 747501 325191 635569 516265 363159 256943 656161 482177 590763 942229 780396 436625 573506 717035 542655 379798 676662 462186 877399 932724 331992 977761 620535 482593 768131 304783 417086 319201
66019 571586 213019 426677 773609 380535 999999999 547247 325691 221338 288127 588244 198720 346976 246967 749009 379470 456292 815016 650443 464762 229070 521575 431058 607472 545155 404232 87104 273457 577550 543386 541515 618095 660260 791004 261006 846858 612740 575651 506651 451827 228681 642792 62934 459816 741343 577077 324592 461323 851892 529845 680838 745781 259621 770994 232297 635474 532356 503460 302289 476244 283796 802457 591095 330016 299996 853145 291518 721111 708576 297278 216860 368985 181139 377318 713528 197120 507469 321173 616167 230932 990067 820514 597040 236762 357728 511507 148835 336756 224324 875350 608578 525490 673002 572582 165783 454638 532193 48542 588848
537609 799688 394021 662561 534144 245994 547247 999999999 851396 328212 371660 495825 651015 201169 421870 929911 169213 230744 862178 181547 706871 325840 142821 843204 213764 32665 165034 631872 806848 982270 434847 147268 369193 722044 972692 764846 1128166 671952 130014 52582 393755 739333 986761 598431 835860 1033511 337870 550068 551760 834230 422975 442754 586180 296319 1005161 713355 132447 17115 105775 321145 736260 826598 1052530 311597 867034 656210 669405 255834 371690 346419 820543 547467 883623 413913 670821 287443 437094 72456 744167 295306 776596 752154 605761 242955 772042 822742 452132 479094 766597 528649 717507 986736 152269 1011262 522250 684912 825950 107330 592921 78640
370188 768855 465451 658656 1088928 642399 325691 851396 999999999 539025 609998 893700 391539 651430 563123 938977 682595 781880 1056629 921964 681913 550158 795342 530236 932040 854528 693771 241023 56244 636448 855953 863560 940599 915820 974439 327614 960386 876298 852836 805297 767366 309927 743578 264204 583888 863443 900501 596618 742583 1112692 843502 999900 1050432 555084 927100 361102 919124 835262 788511 627737 679915 84596 943709 915961 47676 510209 1156059 602227 1046275 1034116 31028 489489 337153 505289 594405 1038446 514932 821347 461079 941696 129072 1297141 1130329 922550 91606 425301 819768 461379 460580 506079 1171903 686498 847977 772138 871579 167172 584848 850890 277436 902245
210261 594044 155778 439320 612289 216399 221338 328212 539025 999999999 157515 460054 336998 132777 166286 758154 164763 255360 765337 450389 485534 21091 325903 553955 396485 324318 201901 307778 490038 701211 402027 324899 440287 606473 802578 442883 910489 553326 374117 291257 311822 415362 733264 277156 561126 807129 396755 312932 396916 776588 386747 512700 608883 81412 807830 395434 427092 314063 298726 131779 508612 504426 848623 401736 548598 375305 714878 74066 526496 510356 509044 258331 560744 109046 419577 503340 146793 286133 445653 419736 452225 839965 669996 391856 453941 513457 384486 167550 466946 245867 747331 717480 309642 761373 459403 372405 552701 312241 268653 367517
240406 454982 310148 304867 486863 353698 288127 371660 609998 157515 999999999 313062 300794 232648 56526 610691 253839 192068 608025 532538 351231 136904 423951 472264 347113 354072 307192 369178 555549 610654 260858 300756 330662 449355 655151 422079 779885 396082 459350 354453 167965 403136 620706 351037 464386 679695 290608 182834 240620 619758 246389 392831 467706 233142 668438 365286 495682 362992 385949 51487 377993 556469 711973 308038 607722 285283 575168 189481 438709 428817 582940 183076 538712 107888 302164 447398 96529 306966 377119 337107 500171 707586 537103 327799 518940 460793 235647 151253 399675 162357 603025 616489 283752 646652 306981 453900 454569 308584 334500 378765
530004 393108 615816 328300 207764 609200 588244 495825 893700 460054 313062 999999999 522849 476656 342361 468004 479692 276517 367142 676739 350726 439076 612973 577325 321452 464540 532707 659987 837572 669017 64048 352786 163586 239718 506289 634838 695267 198797 622082 512929 148232 629236 618732 649445 537816 619202 170388 310538 179926 341932 78708 154099 157636 521798 560201 578057 624586 498359 568177 328285 379880 828007 610408 206387 882351 434686 264902 461759 275082 285448 869759 407113 731986 417013 381948 358011 392111 426245 531592 241654 772026 403602 237395 283023 802409 621400 77601 439880 550093 388826 290015 647745 344506 633893 42617 750603 527210 389783 630352 449393
149334 393943 396347 268473 727553 541080 198720 651015 391539 336998 300794 522849 999999999 468147 244268 570796 498955 492769 667796 787006 296206 332011 662844 234102 647241 639654 538899 205251 336412 382300 496800 600454 604039 524389 610594 121858 650027 484939 710740 621566 419210 107952 444133 222959 261156 544819 570324 213496 357636 721243 486935 649368 675045 405346 581362 64495 761106 639116 635110 342076 299767 315529 609648 595079 370470 121416 777511 409524 723054 717213 373691 123869 237991 237502 206523 745132 215637 594871 122950 628463 262918 921041 759529 625780 306144 176693 455397 172522 140130 145339 788474 410640 583423 474371 494775 290768 256189 604542 202641 672021
342520 687612 204743 536974 589014 132791 346976 201169 651430 132777 232648 476656 468147 999999999 267005 840676 32538 215539 817877 319012 583456 136183 198043 678687 318331 203200 75560 430941 606072 824014 413179 237284 410043 663172 885022 575618 1012124 609747 242815 159893 336783 548129 846740 397281 680919 911226 367481 412761 462877 813414 398105 487993 608096 97675 900925 527607 294319 185768 167067 184465 609585 625429 944616 359996 666109 495423 708217 58848 468849 448300 620693 379751 693521 233320 528517 421429 265156 173711 572762 366095 575582 819073 654390 325713 571082 643981 409886 296506 594539 364227 747877 836404 225878 873746 487758 484560 671893 212042 392079 252587
193115 428419 306213 274343 527474 377805 246967 421870 563123 166286 56526 342361 244268 267005 999999999 591940 291997 248562 608556 576906 320808 148661 463306 421487 403446 406030 342563 323648 507974 562621 296440 356925 378927 449370 636349 365585 748095 397322 502404 400972 205319 346918 579844 309127 417357 645947 340486 148090 239362 629279 283001 436812 499548 247312 642393 308760 542699 412209 427671 101629 345206 506279 683964 360306 558434 234687 607079 216401 490687 481891 536962 127672 482194 78928 261519 503087 49898 359428 323338 390799 449775 743178 573547 383477 471638 405594 265146 101745 345871 107587 631216 571481 339905 606752 329823 411499 407894 363574 291088 433060
684604 177735 890747 326904 603238 964371 749009 929911 938977 758154 610691 468004 570796 840676 591940 999999999 857542 699264 209235 1109500 285051 739920 1020117 422124 784790 902058 912759 775342 888725 394760 513714 800641 631490 231949 44479 611500 239097 269429 1044228 932617 536228 630002 279607 788620 363374 199414 635412 448822 381470 308467 521179 605615 500825 838794 103547 581804 1062355 927904 977797 656412 273177 855253 151513 672333 906065 452623 539044 800160 735241 749299 927964 538417 638557 660728 371771 825435 620598 857456 478256 708946 812851 656223 575471 746835 864514 523627 484357 632392 478593 538404 508274 343407 788693 272352 429125 861308 359792 831904 767234 899315
374782 707711 231330 558698 581123 132610 379470 169213 682595 164763 253839 479692 498955 32538 291997 857542 999999999 210669 827366 289028 605028 167023 171309 707103 299076 172802 55553 463280 637682 851692 415762 216904 402265 674362 901755 607360 1033613 621184 213096 127356 344165 580083 871685 429450 707878 933521 360671 435789 477753 819059 400988 480641 605638 127749 920348 558879 262629 153588 137376 203866 631803 657508 964712 350036 697831 522862 703689 90697 453250 431752 651799 407929 725413 263048 553018 399914 293459 146645 602045 352834 607869 810555 647964 309721 602833 674418 415962 326887 623954 391763 744919 862910 207056 898347 493507 515903 698698 188243 424457 223551
420555 573359 395777 444036 373842 343203 456292 230744 781880 255360 192068 276517 492769 215539 248562 699264 210669 999999999 637464 411358 486207 238919 336982 649615 155604 202960 260307 542337 729633 779405 212856 115326 195184 493010 741971 614144 900924 442151 350278 239126 163042 594979 770409 517817 632950 808616 152162 343988 322807 618445 199261 272693 395073 286973 775873 557245 363146 229640 292294 157485 516561 736257 823740 148861 785108 465584 493292 221643 271136 255385 753090 373189 730569 280831 462586 258823 284251 158331 562403 164376 680881 604039 438852 140819 692887 648913 223622 337662 584820 351885 534253 777238 99331 793238 297234 618489 622503 136358 504734 207810
749064 305354 914148 399393 440293 949409 815016 862178 1056629 765337 608025 367142 667796 817877 608556 209235 827366 637464 999999999 1043448 375095 744889 973795 578978 684278 831223 882461 860682 1002667 586038 427344 719927 517422 159232 220508 738167 436020 212029 986887 876408 483663 749338 480269 865323 520496 408631 534529 490907 369510 99745 439536 470496 338663 840318 308845 696448 991619 863967 929326 643466 380769 976435 351565 568496 1030196 547057 349345 789571 598865 617684 1040687 598544 790455 686159 462342 700636 649156 791710 604166 599826 927604 453219 397310 646023 973653 669700 414654 677208 611286 590951 310822 539400 711465 477208 340483 952256 513845 756700 843756 816301
656701 974557 458369 832730 699102 279756 650443 181547 921964 450389 532538 676739 787006 319012 576906 1109500 289028 411358 1043448 999999999 878049 455180 129081 995518 379154 212232 249249 727769 884776 1139080 616198 325175 543718 903502 1152568 892299 1303109 853222 76277 179533 573974 863757 1153112 691103 994243 1206457 515618 714940 729676 1013528 604455 613661 759853 391644 1182500 845809 55594 181773 151945 481053 906575 912630 1229228 486731 945622 810311 836820 377491 525606 499714 891053 696372 1009216 552024 834702 425833 582153 253308 891037 465430 868439 906610 771101 413277 852974 962985 633587 615514 912971 679610 886823 1148136 332311 1178745 703729 762178 984800 287017 690759 235068
399922 110182 609545 46555 549702 698596 464762 706871 681913 485534 351231 350726 296206 583456 320808 285051 605028 486207 375095 878049 999999999 469009 774478 236837 609106 683560 658341 496609 628366 318765 362460 599507 493646 245758 327961 364063 428688 220884 807023 698531 336436 374275 285493 506920 189820 328931 478516 172792 180924 438806 361639 504098 468065 566944 322570 321368 836824 701250 735263 401415 31080 601368 363205 513919 655103 174828 553951 536284 616308 621262 666698 253517 428124 382518 89998 679435 342267 636291 231837 552935 553001 696727 557209 575309 600241 307236 319281 348809 242013 254535 549840 302019 584560 307251 309612 585643 179625 622300 485355 694002
211914 577025 176802 422653 592663 230591 229070 325840 550158 21091 136904 439076 332011 136183 148661 739920 167023 238919 744889 455180 469009 999999999 332657 544667 383007 319875 208537 316065 500232 691181 381236 313484 421533 586116 784371 441003 895053 532908 378957 291523 290848 414411 720264 286937 549873 792084 378109 296231 376791 755642 365975 493348 588225 98874 790959 391905 429527 312353 303237 110846 492651 512841 832211 384100 558162 363909 694347 77893 509873 494266 520463 247128 559403 98324 405051 489802 133654 279859 437519 403153 459801 819978 649885 376850 463890 507806 363435 160399 459113 233441 726550 706058 297823 748111 438313 384193 541234 303123 277090 361008
529471 875443 330525 728349 672320 153362 521575 142821 795342 325903 423951 612973 662844 198043 463306 1020117 171309 336982 973795 129081 774478 332657 999999999 876621 354719 173323 124162 598692 757062 1022055 549646 281597 501911 826133 1063981 765662 1202577 773972 57790 103850 492541 736647 1042944 562055 878773 1103323 466674 606495 638693 954743 536220 577940 717635 263382 1086861 720426 126597 130847 44827 373172 801765 784153 1132083 444570 817941 693416 805541 254839 513919 488817 764364 577783 881974 430693 724223 429742 463191 194191 770147 432814 739548 893225 743376 381219 724870 839358 559180 492779 791769 562222 852131 1034033 282186 1069524 634043 634265 869676 240955 561688 220579
383189 273638 629669 249438 781583 766265 431058 843204 530236 553955 472264 577325 234102 678687 421487 422124 707103 649615 578978 995518 236837 544667 876621 999999999 792800 826331 752833 418853 484917 148930 577158 764476 704475 474344 452698 209332 436242 456139 920010 821813 527906 236673 220751 445132 59286 335335 681555 307199 398339 657436 572890 727011 703757 628778 397818 205011 963513 833695 844427 522141 215147 445648 413553 713792 492840 187034 790784 622063 828847 829913 524071 299190 216491 446345 198772 877161 413667 779214 111729 751676 411292 933405 792939 763722 466855 105073 532348 386949 94319 316108 785788 177990 747949 250865 538384 487589 65136 778027 427065 849363
574886 683032 519585 571072 321481 421492 607472 213764 932040 396485 347113 321452 647241 318331 403446 784790 299076 155604 684278 379154 609106 383007 354719 792800 999999999 181836 330790 694193 880826 915716 271078 82517 168863 560500 824736 768874 1003170 516190 342037 252869 272768 750243 894296 667920 770869 918054 151065 485633 432320 642965 264197 234746 381779 408672 871641 711633 323876 224005 313486 312652 640153 889390 921224 115835 937299 612543 458244 346441 160508 136449 902710 526288 884648 435298 599521 106855 439851 167520 711352 87269 834435 538606 393386 38441 844185 799445 303466 493148 733538 504782 507780 908266 92454 914704 356901 766897 760189 118181 656014 144406
531618 774578 402606 639767 501717 264560 545155 32665 854528 324318 354072 464540 639654 203200 406030 902058 172802 202960 831223 212232 683560 319875 173323 826331 181836 999999999 178817 630795 808667 963710 404019 114737 336556 692273 944612 755296 1102770 642577 162678 75282 365873 730685 964948 598345 817054 1009061 305490 529757 525330 802282 392416 410103 553545 300431 978643 702682 161229 42537 133854 304552 713262 826606 1026325 278968 868449 639325 636816 254173 340597 315507 823825 532792 874135 403809 650486 259416 424525 47600 729241 262736 775568 720419 573282 210429 773401 809498 422483 468802 751746 513419 684860 966662 120342 989005 491666 687550 807009 75154 591696 54648
407552 761829 231068 611908 625765 90703 404232 165034 693771 201901 307192 532707 538899 75560 342563 912759 55553 260307 882461 249249 658341 208537 124162 752833 330790 178817 999999999 484688 651754 898683 468679 248521 447760 729776 957003 643056 1087027 676633 173189 114234 399009 614537 922293 449151 756014 986407 407324 488078 533223 872947 454083 526168 655021 144681 974788 596944 231274 147962 99300 257981 684710 675158 1018863 393682 712464 570344 751218 130804 489060 466307 662770 454294 760011 306675 604071 426120 339775 166811 646054 392635 627891 854027 693875 346360 618034 715328 470321 368618 667644 439180 793691 911654 241570 949306 547658 528905 747057 214222 446665 233166
130731 597983 276864 463709 850902 452673 87104 631872 241023 307778 369178 659987 205251 430941 323648 775342 463280 542337 860682 727769 496609 316065 598692 418853 694193 630795 484688 999999999 187485 558454 618801 628611 699839 710240 815540 223062 849362 665612 654013 589951 528772 190407 638005 37874 457200 745051 659554 377452 520615 905165 605848 760255 817524 340268 786098 213948 715730 616683 583416 387131 503059 196788 813121 674979 243113 323184 924267 376710 805357 793452 213772 266913 314802 264317 406726 800072 274773 593821 316746 701037 144791 1063362 894947 683151 150714 330731 584474 222167 327462 279754 943596 595988 612572 668340 641052 92863 453918 619161 39137 675212
315342 717189 426547 604142 1033216 605072 273457 806848 56244 490038 555549 837572 336412 606072 507974 888725 637682 729633 1002667 884776 628366 500232 757062 484917 880826 808667 651754 187485 999999999 597844 800150 813674 885972 860801 924922 278801 918219 820844 814184 761892 711855 258740 701194 213316 536950 819645 846151 540493 686441 1057653 787781 944620 994247 510836 880032 308564 879412 790968 747940 574613 627245 49077 898295 862203 60885 455808 1099835 555221 992669 980910 39362 433250 302239 451650 540326 986967 460095 774186 410469 888500 75940 1240975 1074279 870421 36771 380679 763766 406268 411309 449844 1115669 646203 797885 730237 815348 122988 537322 802273 224942 855359
531602 301764 778367 348476 863953 914512 577550 982270 636448 701211 610654 669017 382300 824014 562621 394760 851692 779405 586038 1139080 318765 691181 1022055 148930 915716 963710 898683 558454 597844 999999999 680353 894730 811104 517775 412523 338783 329640 514550 1064034 963554 644769 369858 123590 587251 146781 244937 793435 435838 498187 676827 678651 822709 776159 776918 335745 347392 1105252 973596 988726 661523 289156 553650 333795 827784 594122 328863 851119 768129 934420 938511 635690 444393 300267 592945 317051 993134 558925 916247 260568 866533 529001 988475 864211 884216 585684 228601 636550 534828 242173 459936 837186 56174 878628 145781 627437 619366 157043 911421 570261 983327
488100 420523 557450 332902 233307 545579 543386 434847 855953 402027 260858 64048 496800 413179 296440 513714 415762 212856 427344 616198 362460 381236 549646 577158 271078 404019 468679 618801 800150 680353 999999999 294106 131334 291630 553806 613224 734214 245481 559987 450222 92894 604520 640983 605541 542964 652643 123178 290385 182184 405691 15401 153952 207585 460962 601405 555341 564758 436708 504885 270517 393013 793740 651219 160324 847431 420223 314681 399939 254071 258951 830880 376358 716200 367457 378617 322048 346267 364469 519949 198488 737334 447269 277212 233194 764366 610787 44843 396838 539840 356582 345314 664057 284712 658532 88118 707752 532186 329801 587278 391935
514518 683280 440241 558098 390811 339196 541515 147268 863560 324899 300756 352786 600454 237284 356925 800641 216904 115326 719927 325175 599507 313484 281597 764476 82517 114737 248521 628611 813674 894730 294106 999999999 222129 584941 842332 720756 1009199 536753 277119 177910 268493 699748 884382 600359 748273 919035 190874 459271 431201 688372 283597 296773 439056 329769 881571 664876 272118 153723 238509 258880 630091 825050 930188 164504 871328 579754 524176 269325 241030 217874 833745 483723 838382 376715 577883 184257 387162 88587 675560 151406 771047 613793 461781 100722 777275 760953 316942 438147 698051 462778 571419 892264 17031 906751 382212 697227 737828 40753 589880 98698
570637 550147 587832 463046 179017 534516 618095 369193 940599 440287 330662 163586 604039 410043 378927 631490 402265 195184 517422 543718 493646 421533 501911 704475 168863 336556 447760 699839 885972 811104 131334 222129 999999999 402007 669404 723962 858322 362382 499170 398124 185310 711790 772013 681018 672434 780169 43718 408438 313013 474103 132526 78440 216990 480790 723620 665551 489146 375787 457889 319841 524267 885205 773790 57625 937269 540063 304837 415606 124373 127633 913601 480511 831980 436970 505721 194608 425929 307750 640765 82567 828693 409037 246115 131724 849427 731644 174561 480120 661496 459408 350288 795362 219797 789169 203999 783788 661633 262700 664964 309193
594567 216016 754919 258617 376756 793760 660260 722044 915820 606473 449355 239718 524389 663172 449370 231949 674362 493010 159232 903502 245758 586116 826133 474344 560500 692273 729776 710240 860801 517775 291630 584941 402007 999999999 267887 606785 467049 53567 843179 731696 333598 613867 435400 712545 420008 404402 409648 335693 210282 196872 301390 373668 276785 682067 329967 560002 853497 722229 782159 486069 260786 838075 380043 445983 892626 406515 335849 632591 503334 517687 897945 445087 673682 527118 324696 594908 490395 650256 476867 481325 786941 470790 358747 522149 830129 552555 269916 519945 487731 435954 319411 481469 574650 442525 203975 802617 411355 619265 691122 683204
726891 219427 934748 370443 633292 1008836 791004 972692 974439 802578 655151 506289 610594 885022 636349 44479 901755 741971 220508 1152568 327961 784371 1063981 452698 824736 944612 957003 815540 924922 412523 553806 842332 669404 267887 999999999 646830 216086 308600 1087671 976003 578938 666440 292739 829618 394753 196689 674791 492948 425289 320047 561737 640594 530351 883244 91360 619250 1105115 970895 1021551 700795 314782 890393 131080 711566 940531 493484 561699 844623 770625 785431 964232 581472 668422 704907 413693 862735 664750 900246 514739 747755 849175 673061 601785 786640 901501 555750 525638 675949 513882 581858 527791 358987 830612 281065 468270 900647 392022 874054 808308 941029
236591 443245 473602 348877 841484 634262 261006 764846 327614 442883 422079 634838 121858 575618 365585 611500 607360 614144 738167 892299 364063 441003 765662 209332 768874 755296 643056 223062 278801 338783 613224 720756 723962 606785 646830 999999999 645521 573579 816157 732502 538745 33010 429427 255346 258703 544476 691081 324533 462600 802135 604129 766696 783241 503349 601396 58430 869923 752189 741195 461938 357748 243754 620826 716425 295147 205893 882937 516797 843878 838488 318163 245213 118841 351487 282438 866988 334145 711466 134956 750089 203715 1027253 869530 747624 258331 110347 570702 286576 132969 266799 889808 380535 703736 459283 603965 280923 258682 723422 241308 789782
789101 328610 1022450 475151 841649 1125493 846858 1128166 960386 910489 779885 695267 650027 1012124 748095 239097 1033613 900924 436020 1303109 428688 895053 1202577 436242 1003170 1102770 1087027 849362 918219 329640 734214 1009199 858322 467049 216086 645521 999999999 497710 1233499 1123750 740733 672678 217026 871808 392272 105643 857367 600214 578377 535099 739526 839056 739552 991678 137158 636735 1259719 1123933 1162752 829852 402942 876395 87617 894520 919791 552357 776824 964295 967472 979963 956954 661914 627618 804164 491916 1052925 764550 1056337 532626 932395 846051 889024 814522 966124 902128 538199 699704 760836 522713 669115 743785 275760 995751 188256 654324 922825 395473 1036762 852124 1106841
547375 216375 702384 225093 358306 740232 612740 671952 876298 553326 396082 198797 484939 609747 397322 269429 621184 442151 212029 853222 220884 532908 773972 456139 516190 642577 676633 665612 820844 514550 245481 536753 362382 53567 308600 573579 497710 999999999 791969 680339 281529 578410 443036 666356 404921 426567 366218 288930 157962 239647 254053 342089 263749 628654 361891 524380 803777 671685 730144 432516 241060 800064 412159 403048 854870 369976 337712 579026 469820 482333 857420 399207 647297 475432 291480 556706 439242 599915 447138 439524 747852 478325 350473 478058 789334 527137 220228 470530 459859 388842 329683 483049 525913 453612 159752 758299 395525 570197 645074 635302
580737 905261 387746 761372 663289 211121 575651 130014 852836 374117 459350 622082 710740 242815 502404 1044228 213096 350278 986887 76277 807023 378957 57790 920010 342037 162678 173189 654013 814184 1064034 559987 277119 499170 843179 1087671 816157 1233499 791969 999999999 111793 510965 787720 1080034 617645 919550 1135826 467272 642099 663207 962125 547414 572690 716145 316357 1114726 769542 69600 124318 75783 407942 835140 840748 1160889 441561 875069 735186 799083 301235 497109 471454 821847 620821 933198 475955 761346 405399 506464 195933 815133 425003 795580 878832 735057 372564 781777 886757 573877 539318 837021 604301 847414 1073867 281180 1105984 646409 691311 910194 236823 616660 199823
501517 795260 344847 653262 568718 193417 506651 52582 805297 291257 354453 512929 621566 159893 400972 932617 127356 239126 876408 179533 698531 291523 103850 821813 252869 75282 114234 589951 761892 963554 450222 177910 398124 731696 976003 732502 1123750 680339 111793 999999999 399210 705861 974387 555623 817939 1026929 363299 536237 551803 854065 437296 474092 614081 251204 1003890 682706 141739 35752 60764 303024 727112 783243 1050335 340744 822355 635477 701699 217417 413013 388310 774357 523603 850924 384159 656389 334592 410764 90374 719822 329263 734314 790646 639661 277944 727537 795533 462717 449045 742060 505816 748306 970863 178357 999780 535979 639443 808306 137391 551263 128511
398079 415109 467585 298475 322168 469437 451827 393755 767366 311822 167965 148232 419210 336783 205319 536228 344165 163042 483663 573974 336436 290848 492541 527906 272768 365873 399009 528772 711855 644769 92894 268493 185310 333598 578938 538745 740733 281529 510965 399210 999999999 527094 621807 514260 501393 650922 155377 225260 162842 476846 78513 233524 300101 374761 613908 480352 526178 392206 448631 180055 367458 707502 662194 186033 760625 356805 407410 316304 307111 304731 741690 296095 646828 274772 330843 349574 254874 321313 457611 223771 650960 539883 369569 239770 675772 548238 74128 306611 478788 275276 436724 635748 255069 642695 151726 616769 490625 296830 496394 366201
207177 458931 441517 355252 834717 603644 228681 739333 309927 415362 403136 629236 107952 548129 346918 630002 580083 594979 749338 863757 374275 414411 736647 236673 750243 730685 614537 190407 258740 369858 604520 699748 711790 613867 666440 33010 672678 578410 787720 705861 527094 999999999 457381 222389 283150 570697 677689 318872 460471 810131 594784 757260 779951 473821 624199 54032 842408 726361 713024 440937 370548 227666 645329 701844 280932 208483 881173 489405 830320 824026 297963 231316 145497 327277 289327 849752 312586 687451 151765 734679 182850 1025166 865273 730190 235400 141285 562835 262989 154033 252572 890021 410309 682762 487424 599960 251244 282224 700992 208301 766420
588945 227764 830169 326376 800722 949602 642792 986761 743578 733264 620706 618732 444133 846740 579844 279607 871685 770409 480269 1153112 285493 720264 1042944 220751 894296 964948 922293 638005 701194 123590 640983 884382 772013 435400 292739 429427 217026 443036 1080034 974387 621807 457381 999999999 662574 182979 123029 760558 438187 463343 575256 642024 772274 706536 812731 212713 424195 1114679 980009 1006256 672157 254599 659486 210750 796641 703384 360462 771116 794241 891950 899258 739935 476224 412566 624424 318804 961641 586744 917422 322945 835680 629132 903022 792024 860085 685293 321360 599682 573512 310589 487416 751361 67725 869210 30354 576148 708331 188421 906004 643657 977937
120904 610901 239076 471617 836203 415313 62934 598431 264204 277156 351037 649445 222959 397281 309127 788620 429450 517817 865323 691103 506920 286937 562055 445132 667920 598345 449151 37874 213316 587251 605541 600359 681018 712545 829618 255346 871808 666356 617645 555623 514260 222389 662574 999999999 480529 766937 639953 377428 517627 905952 592123 743693 807065 305125 803876 240427 679905 583019 547587 364732 515525 228284 832605 653719 271449 336134 914286 344201 783596 770805 235275 267459 351091 244051 417687 774265 259400 562416 339868 678425 178830 1051847 882537 658412 176958 360920 573011 209565 352284 277767 935581 622938 584572 692927 632709 102863 476591 589336 21644 643756
406571 215360 649625 210422 739131 776328 459816 835860 583888 561126 464386 537816 261156 680919 417357 363374 707878 632950 520496 994243 189820 549873 878773 59286 770869 817054 756014 457200 536950 146781 542964 748273 672434 420008 394753 258703 392272 404921 919550 817939 501393 283150 182979 480529 999999999 288614 652366 289163 361510 600271 540009 689746 657717 638747 343241 244577 959546 827377 844509 515429 164700 499345 362283 685914 547832 185964 741553 625984 796512 799171 576264 302858 275562 452189 171361 850730 416599 769568 140686 724387 462311 883174 746814 740071 517000 161084 498494 397123 130675 316887 734369 156400 732108 213219 497598 531300 10808 764673 461303 836563
683462 235814 917218 374973 780893 1022660 741343 1033511 863443 807129 679695 619202 544819 911226 645947 199414 933521 808616 408631 1206457 328931 792084 1103323 335335 918054 1009061 986407 745051 819645 244937 652643 919035 780169 404402 196689 544476 105643 426567 1135826 1026929 650922 570697 123029 766937 288614 999999999 775530 498571 488095 507855 656553 767986 681131 888151 106182 533159 1164336 1028571 1064194 730175 301726 779065 89665 812549 824115 446806 730750 862340 893951 904586 858645 556967 534800 700224 387833 974072 660819 962188 428365 851042 746503 853057 761347 881779 802179 438967 615517 655873 419286 564629 703502 188818 905013 99414 577175 819874 291237 944909 747119 1015763
530982 542568 544117 445010 221682 493162 577077 337870 900501 396755 290608 170388 570324 367481 340486 635412 360671 152162 534529 515618 478516 378109 466674 681555 151065 305490 407324 659554 846151 793435 123178 190874 43718 409648 674791 691081 857367 366218 467272 363299 155377 677689 760558 639953 652366 775530 999999999 380624 297815 498176 119230 120540 251100 437177 724306 632660 461885 343122 422251 277454 509470 846470 774193 37154 898127 512181 343948 372029 152801 149355 873220 446482 800960 395969 483378 201117 386550 273233 612985 75578 790033 451887 287314 112634 809528 703585 161161 441027 634159 425130 387563 780464 186153 779057 206532 742609 641560 230568 624248 283364
258876 281185 442079 126429 516953 525889 324592 550068 596618 312932 182834 310538 213496 412761 148090 448822 435789 343988 490907 714940 172792 296231 606495 307199 485633 529757 488078 377452 540493 435838 290385 459271 408438 335693 492948 324533 600214 288930 642099 536237 225260 318872 438187 377428 289163 498571 380624 999999999 145989 528544 282459 444332 461571 394318 494899 267527 676794 542647 568778 234165 197272 525241 535997 410713 580159 131684 564178 364082 531730 529977 575483 110553 425845 212006 120770 571872 171810 482165 232478 447668 470542 707571 546433 457012 507219 323268 246969 188320 253539 100269 576451 436906 443031 463894 281340 470293 278804 475636 356149 547595
397120 252284 544638 151108 386881 590557 461323 551760 742583 396916 240620 179926 357636 462877 239362 381470 477753 322807 369510 729676 180924 376791 638693 398339 432320 525330 533223 520615 686441 498187 182184 431201 313013 210282 425289 462600 578377 157962 663207 551803 162842 460471 463343 517627 361510 488095 297815 145989 999999999 392583 180771 328818 320882 473761 453409 407614 683999 548670 596329 280829 211772 671018 501000 333530 725965 258518 420719 427321 436254 440556 721270 254646 554686 317578 202030 498881 281865 479491 353006 372576 616473 564837 408065 397301 653027 442177 138481 315888 370928 240869 430928 482935 417495 482812 143680 613412 350769 458406 496806 528525
786725 385796 929768 455066 369067 946165 851892 834230 1112692 776588 619758 341932 721243 813414 629279 308467 819059 618445 99745 1013528 438806 755642 954743 657436 642965 802282 872947 905165 1057653 676827 405691 688372 474103 196872 320047 802135 535099 239647 962125 854065 476846 810131 575256 905952 600271 507855 498176 528544 392583 999999999 419715 416361 273222 847101 408585 756371 960029 837928 909927 648883 449910 1034849 451127 529031 1089347 603242 261737 791722 539419 560537 1094741 638854 863860 708158 520805 645425 673802 766243 670639 556212 983811 355360 316884 605625 1026874 742506 403541 708207 680156 628322 218045 632290 681988 573793 325715 997796 592734 727131 884693 781322
475119 423339 542130 330520 245435 530575 529845 422975 843502 386747 246389 78708 486935 398105 283001 521179 400988 199261 439536 604455 361639 365975 536220 572890 264197 392416 454083 605848 787781 678651 15401 283597 132526 301390 561737 604129 739526 254053 547414 437296 78513 594784 642024 592123 540009 656553 119230 282459 180771 419715 999999999 162578 222620 445562 607481 546089 553390 424456 491500 255296 392399 781958 657128 156078 835503 413053 329561 384569 256511 259870 818236 365758 708240 353280 374146 319810 332751 352197 513172 194802 725503 461372 291097 226737 751900 604087 42423 383756 533337 345723 360584 663588 273660 660152 99276 694464 529212 318569 574014 381816
629906 545824 662545 479461 101203 612938 680838 442754 999900 512700 392831 154099 649368 487993 436812 605615 480641 272693 470496 613661 504098 493348 577940 727011 234746 410103 526168 760255 944620 822709 153952 296773 78440 373668 640594 766696 839056 342089 572690 474092 233524 757260 772274 743693 689746 767986 120540 444332 328818 416361 162578 999999999 147771 556711 702478 708667 558510 450335 534252 388190 533564 940975 752731 133911 993981 574016 227648 491753 130253 147338 973753 527660 870152 500543 529435 230383 485492 383821 673476 148316 884424 331416 167726 200713 908373 764216 197932 538550 693135 507329 274766 801844 295874 786830 196420 846537 679060 337524 726691 378613
687624 480105 763846 456423 103117 737992 745781 586180 1050432 608883 467706 157636 675045 608096 499548 500825 605638 395073 338663 759853 468065 588225 717635 703757 381779 553545 655021 817524 994247 776159 207585 439056 216990 276785 530351 783241 739552 263749 716145 614081 300101 779951 706536 807065 657717 681131 251100 461571 320882 273222 222620 147771 999999999 664642 602644 727670 704951 592611 673290 477747 493526 983543 651963 274585 1038093 579342 107602 601864 266295 287878 1026808 562376 874592 573201 517047 373094 549380 523814 672127 294720 927815 246838 89184 346611 959287 759708 234405 597500 688943 544737 139958 746455 436126 716195 180304 908231 647629 479543 787988 524862
266781 675389 111016 520718 657720 137659 259621 296319 555084 81412 233142 521798 405346 97675 247312 838794 127749 286973 840318 391644 566944 98874 263382 628778 408672 300431 144681 340268 510836 776918 460962 329769 480790 682067 883244 503349 991678 628654 316357 251204 374761 473821 812731 305125 638747 888151 437177 394318 473761 847101 445562 556711 664642 999999999 889211 460162 375955 280254 243848 198245 589982 532196 930033 435721 571216 453484 768605 65330 552731 533812 524244 336755 618946 188535 500430 513768 227393 271169 518955 447332 483955 887544 719427 411673 476354 581844 448736 242149 539644 325505 804319 795135 316906 841083 525516 388649 630604 307706 302083 350256
709215 214019 930585 368550 704598 1019628 770994 1005161 927100 807830 668438 560201 581362 900925 642393 103547 920348 775873 308845 1182500 322570 790959 1086861 397818 871641 978643 974788 786098 880032 335745 601405 881571 723620 329967 91360 601396 137158 361891 1114726 1003890 613908 624199 212713 803876 343241 106182 724306 494899 453409 408585 607481 702478 602644 889211 999999999 580881 1137354 1001896 1045789 716817 301937 842537 50283 761435 890533 471038 642589 856314 831252 844185 919369 570839 609029 705010 398840 918183 664783 932899 474715 798918 805109 758953 678488 834199 859258 502805 568601 668580 470169 574618 611566 280360 868711 196635 519789 866981 342726 910729 783104 979824
195980 408796 440590 301388 784274 593901 232297 713355 361102 395434 365286 578057 64495 527607 308760 581804 558879 557245 696448 845809 321368 391905 720426 205011 711633 702682 596944 213948 308564 347392 555341 664876 665551 560002 619250 58430 636735 524380 769542 682706 480352 54032 424195 240427 244577 533159 632660 267527 407614 756371 546089 708667 727670 460162 580881 999999999 821431 701148 694145 406372 318834 280002 604497 658092 333817 154455 828315 468792 785458 780130 347456 186989 173520 299444 235619 809193 279430 658228 106205 691872 232720 972444 813451 689925 282852 125791 513046 234263 114030 208602 836573 382580 647846 454512 547950 287133 242143 668637 222949 735792
