NAME : synthetic_000563
TYPE : CTSP-D
DIMENSION : 100
GROUPS : 8
RELAXATION_LEVEL : 1
EDGE_WEIGHT_TYPE : EXPLICIT
EDGE_WEIGHT_FORMAT : FULL_MATRIX
EDGE_WEIGHT_SECTION
999999999 151404 947116 515450 509481 643127 250684 141647 254138 444687 446122 287185 168683 690791 699335 895056 785585 352328 378981 183823 340469 690929 306180 504495 811482 763753 305853 650530 686378 572156 470467 627398 669500 418846 618501 316692 36719 83299 608553 447138 891583 334698 142027 884565 179297 313893 744208 1019908 325156 547241 725819 439193 871500 370117 462477 233757 481341 491423 718189 601143 696277 671467 741414 915829 918417 555323 670099 320344 603651 821856 723978 509210 159436 640890 356105 531992 449553 570305 673458 644111 489639 279453 167515 767951 955348 840420 766538 282059 591692 527235 283774 489806 133464 429257 750192 129849 453372 584646 501306 681572
151404 999999999 1087870 649601 659469 793175 402012 268268 369110 501911 592340 398851 306553 715178 849970 1036313 855997 494607 431856 149254 456916 717666 154918 653322 904524 894066 346433 795420 813992 678219 555847 753967 819536 556106 641614 310606 175972 137547 626751 569107 1019887 462510 254536 1008187 218715 248785 863511 1157822 337907 655275 876395 439794 987225 453029 513807 135061 610666 619282 861515 736143 807446 740954 889517 1052786 1044205 693863 819839 444610 744605 954205 757782 645144 45210 690537 358467 658628 592550 579960 820796 794261 630452 429879 312026 888203 1092300 970030 815958 419376 713177 667412 326616 640568 259879 441909 901410 183260 584891 619555 631246 792023
947116 1087870 999999999 772245 582893 524425 718610 820031 731067 769278 674338 916446 866168 890611 484249 52608 663791 752882 804335 1010334 893346 880000 1231400 462665 515284 237069 861210 635471 836471 512626 658099 836178 344471 532074 884168 961058 915413 1011423 902731 541959 189508 631120 837152 243258 915368 1074699 334355 87413 919481 518768 480863 946023 324669 721402 784502 1094214 488408 483459 231943 759862 416030 670181 253145 71197 214956 727633 337005 651854 343573 178622 853175 444741 1074605 769700 940670 828963 707841 929945 587228 365581 457763 723189 779614 315047 64623 194384 781181 813990 422609 715305 864286 572473 914050 911101 354366 923935 799823 833315 467856 427840
515450 649601 772245 999999999 198878 260699 336565 507316 542071 777297 135279 266461 346951 1038857 317756 724864 1000377 172261 742395 690653 210242 1034068 796287 376949 942074 715750 715957 185403 177234 714923 723373 125011 428839 476812 980430 778875 513091 514069 981438 575461 827484 510232 537055 851960 643464 817609 769501 859605 765341 691175 335791 869238 886567 672387 802149 749131 551193 564400 570272 86586 776427 912043 519336 781573 865633 58136 437115 522655 524314 744416 1046678 519750 670815 940980 800780 58772 101262 964374 232025 410100 471693 281077 441799 781727 813895 778314 1044581 233419 654554 57308 699066 221211 389921 844685 436444 607663 66544 929068 556625 769346
509481 659469 582893 198878 999999999 133706 268081 447005 439622 649517 94623 357563 362901 898940 191716 533658 826516 191830 629217 656265 321644 892736 814167 184804 755103 517119 624237 171819 326909 540676 576296 297666 238855 313837 848104 704886 493256 539457 853019 413222 628830 377179 476472 653114 586409 771221 574414 669687 681372 519120 217759 771614 688989 547202 674415 729103 377456 389602 372814 222342 587534 747706 330431 586882 666881 171163 245940 395319 327277 545708 898355 336604 667868 790957 715680 257649 125323 845044 174313 217352 288899 230094 379740 585436 620571 579476 883821 268932 469126 147133 611740 31974 415317 742301 273465 563315 217129 793587 378726 581851
643127 793175 524425 260699 133706 999999999 399694 576071 557679 750085 213658 476942 495345 987249 61622 480718 882913 317281 737995 787158 433644 980086 947863 246349 791423 515643 742003 114981 316361 603870 665664 311783 196475 402436 942358 827200 626444 672459 949690 495930 609166 483659 605021 642927 714179 899446 593319 611533 800922 585979 85865 884970 692654 651751 774490 861271 449430 459404 350611 235636 623987 817013 277662 543949 648249 208771 206489 504057 350204 529061 980148 397633 801339 873028 834407 312745 231735 947126 77240 187264 354960 363689 509713 598866 572392 565199 954461 396650 517565 204204 731221 155249 547524 854061 177019 693527 305442 886575 444934 621581
250684 402012 718610 336565 268081 399694 999999999 181271 206992 447427 226424 247087 150658 712285 453096 666008 715627 168561 407373 388200 260973 708498 556516 260928 693945 564109 379960 426094 513030 447003 410730 461225 421178 225195 650142 448614 229184 298991 649357 299407 692650 199990 211320 696533 321530 504956 572164 796917 431314 420595 479714 532982 701706 343556 471821 461588 305213 318411 486707 411730 546613 613767 497449 696448 724480 357591 422484 204482 381886 615372 726348 308854 404907 624158 466645 375308 244420 629434 439911 395594 274724 55910 113200 592411 735359 639907 737549 154523 425233 325888 363763 244492 195771 508125 499546 295600 292448 601109 320640 534741
141647 268268 820031 507316 447005 576071 181271 999999999 112994 328212 406736 340279 202563 588232 626345 768672 653855 335066 270437 213217 379510 586677 412814 397647 671805 627332 218034 607361 684481 430807 336104 629561 566405 288010 519217 271559 105155 222697 513408 306534 754194 195844 30178 745224 140259 324270 603530 889555 260318 405747 652887 369726 730314 240220 349304 292531 343875 353190 595242 587046 554642 541387 629560 784532 779915 534576 565398 179877 477226 686782 614004 376876 255565 522511 295606 538381 421703 483688 620211 541966 363342 231115 68092 627514 824051 703672 645924 288706 451307 503426 198313 421310 204445 350110 656464 118593 454886 477918 364254 539926
254138 369110 731067 542071 439622 557679 206992 112994 999999999 242832 423093 422934 290479 508294 600398 681009 546457 375550 200491 279592 452311 505159 503112 344708 559033 526611 184761 609527 717307 318018 228623 667037 510516 205403 444264 271419 217453 335678 442728 200066 651313 100709 116006 639098 185801 360824 495061 795991 243255 293164 626169 333141 620380 142260 266658 363492 244785 252159 514208 613790 443054 436007 561747 690309 675146 558350 507672 79235 393875 587793 526551 286937 348490 428534 276823 582249 446416 422586 613005 487979 284319 262867 129055 519533 729593 602011 548221 350525 344115 526312 173590 409862 305296 305534 608448 193900 499437 396788 265565 428131
444687 501911 769278 777297 649517 750085 447427 328212 242832 999999999 651324 662639 526971 265468 781363 727185 354698 615322 70090 360651 694576 262387 588623 509144 424004 534695 156448 821145 949442 259282 111307 902093 650690 348974 203204 230568 411303 526374 204763 267009 635273 272878 311517 604314 284777 353888 458505 813111 187335 250569 804876 177143 556411 104916 25015 427205 324914 321207 596381 843741 380689 240162 672731 711636 646170 787503 644642 256750 486497 597386 286164 384370 464359 196273 192342 820742 678570 197061 815402 633708 411379 502763 368092 483680 747215 596985 321872 593356 347653 755595 175371 617834 532647 142580 755407 328490 738895 153981 339413 365143
446122 592340 674338 135279 94623 213658 226424 406736 423093 651324 999999999 265169 287892 910024 274967 624358 865151 103906 621326 606755 227183 904818 745569 248127 807943 592748 603386 204786 298542 579644 591738 255028 331631 341745 853770 674973 435159 465539 856060 440717 709652 380676 436906 730188 546705 728179 639792 760681 656640 555922 299481 755182 759838 546624 676312 674150 415945 429177 458425 192419 643112 777610 422982 674990 746953 136207 338180 394844 398354 626503 915582 385632 605543 809271 691825 190387 37294 842127 228763 309109 337750 176213 338778 653286 709697 658980 910834 183687 520502 104272 588281 102213 338885 728496 367232 517206 131246 801270 421613 635594
287185 398851 916446 266461 357563 476942 247087 340279 422934 662639 265169 999999999 137799 926307 538557 864617 958153 167275 609412 471008 58874 924138 537587 457941 941028 793453 556751 439219 418036 693907 646100 357745 583816 468918 858536 592880 298717 261370 853413 546469 919576 443651 364224 929459 450987 601068 813156 1000190 592009 667458 562134 705132 941721 565107 685219 514006 550175 563622 688828 351272 792366 852731 672588 906316 953829 319452 588745 444308 601410 838868 948381 546565 427231 851466 626029 263706 245721 823806 477240 559302 506473 211417 294788 832027 943587 866919 970427 104454 669740 300048 536061 355518 154164 688349 630955 405630 200002 815194 564322 780888
168683 306553 866168 346951 362901 495345 150658 202563 290479 526971 287892 137799 999999999 789622 554557 813575 833189 188163 472256 348035 181175 787689 458323 404718 827911 714553 419052 489330 517878 579952 517404 459124 555791 372401 721332 458490 170412 177728 715890 435823 843190 325823 226496 846288 316868 477350 719111 945703 455522 553461 580432 568111 848882 431680 549126 402437 450081 462771 634311 432890 688315 724963 637507 846097 874782 388305 558474 322375 532077 766029 813082 458437 324505 717915 489891 363904 286107 686008 516612 530161 425341 146235 161434 740095 884837 790470 838613 113853 569706 361179 398468 348897 52608 550776 622968 273764 284706 678759 466852 675568
690791 715178 890611 1038857 898940 987249 712285 588232 508294 265468 910024 926307 789622 999999999 1010526 859273 270598 879584 317827 565938 959638 11159 762154 741087 414323 657945 385008 1068629 1208547 407938 322908 1163147 859461 587170 73611 405653 660634 768362 90095 491329 720569 529366 568161 675265 515743 502999 556256 911218 377900 416707 1031893 280002 604251 368740 241809 608789 540064 531676 770075 1102006 475051 220951 860272 823174 716914 1045643 851732 516202 680281 712209 59523 596375 672126 123515 357246 1083975 939005 143016 1057295 847045 634223 767321 632562 576247 851754 698417 155013 858808 510052 1014020 407085 866969 791310 273338 963043 564534 1002785 111519 548036 464259
699335 849970 484249 317756 191716 61622 453096 626345 600398 781363 274967 538557 554557 1010526 999999999 443669 890593 378370 773982 838665 495124 1002883 1004827 272356 790283 501145 783438 152929 352336 617755 691698 356177 179996 432398 969071 871391 681349 731157 977702 521007 584735 520720 654746 622251 762895 948140 586643 570425 843288 601894 26623 923018 677567 685957 805335 914237 470473 479190 331778 283295 624938 831548 247712 510222 623738 263489 190234 542037 352532 507360 1000008 415202 856759 893639 876101 367357 293331 978201 103168 178963 376394 420091 561051 589580 535967 543892 968729 457509 526057 262282 773821 209556 606915 891244 130183 744508 365402 912884 463427 624101
895056 1036313 52608 724864 533658 480718 666008 768672 681009 727185 624358 864617 813575 859273 443669 999999999 641690 701510 759848 960488 842173 848842 1180441 410214 497049 201501 814575 593227 794907 472920 615879 792344 296167 480867 849393 914553 863519 959021 867261 494045 183479 580792 786169 236013 865770 1027014 304895 136391 873396 477305 442269 903361 314971 675627 743238 1044391 439465 435076 179334 715437 384392 640049 205689 72645 215766 681513 288262 601773 291760 149911 824213 394265 1023520 737224 895392 782018 658269 892455 546030 316365 405969 670690 727580 288198 92317 173863 755934 761962 379594 668161 817031 522302 861442 868346 315045 873451 750765 797463 419065 395040
785585 855997 663791 1000377 826516 882913 715627 653855 546457 354698 865151 958153 833189 270598 890593 641690 999999999 866144 424722 715229 976599 259618 940491 645854 153669 449469 511133 982420 1152726 286249 318088 1117548 718608 523775 304356 575664 750025 868795 328273 426736 480380 515732 644988 429982 637788 694303 341500 669376 535443 309281 907311 478365 352067 415560 345796 779208 450391 437667 595828 1046514 274858 115149 693507 593178 469062 991952 709240 513847 538397 491932 216358 490912 818997 190918 530714 1053608 899733 378075 958966 713375 537944 763430 673251 354500 615960 469890 125211 870109 365423 962809 529905 795938 851670 454870 813889 678960 980416 281506 447807 271417
352328 494607 752882 172261 191830 317281 168561 335066 375550 615322 103906 167275 188163 879584 378370 701510 866144 999999999 575878 521889 141210 875509 646380 301222 826871 645118 545171 301280 349419 586690 571997 295114 417090 348478 818294 606625 345815 364665 817803 440298 768097 357567 364795 782657 471496 647399 677441 837619 593542 561212 403144 698596 802987 510978 639853 584270 429123 442850 528220 253701 668296 769834 506524 746346 803819 204240 422291 366401 450025 685939 891707 412358 510853 788036 628980 206941 97950 797898 330363 392825 367523 112746 269866 693939 782811 715997 897869 79879 543892 175173 527815 188257 237579 674920 464520 436720 123887 768678 439409 658691
378981 431856 804335 742395 629217 737995 407373 270437 200491 70090 621326 609412 472256 317827 773982 759848 424722 575878 999999999 290868 644867 316470 520238 504408 489249 573786 86612 800852 917159 304453 154770 867390 656096 345116 249124 168959 346668 459725 244787 278198 681363 254354 250642 653997 215139 292363 506154 853563 124821 290894 798505 152055 611313 90703 83943 359030 337587 336696 617863 812967 431983 310040 687257 750157 695137 757199 650973 234501 502749 637191 346009 395646 394291 263049 138125 782679 645987 222095 799406 637127 415357 463275 317571 531702 786968 640134 389173 546731 382163 725149 105283 598182 473646 118350 759768 259761 699746 208036 354788 416116
183823 149254 1010334 690653 656265 787158 388200 213217 279592 360651 606755 471008 348035 565938 838665 960488 715229 521889 290868 999999999 523925 568482 234948 608327 774762 800487 204262 810798 864588 561812 427395 806442 777122 483551 492384 161720 178044 232783 477515 472888 921744 380178 186643 904141 95800 130094 756418 1073741 189079 541224 865252 291229 874724 327186 370214 83907 522615 528803 793255 774871 693008 600811 836060 967982 942452 726076 775589 358790 673109 862822 608965 566526 106686 544508 209303 711564 616062 431070 827591 753088 562047 431480 277641 781790 1007056 874334 669224 458413 611586 696427 186641 631961 317157 292655 869005 94648 631014 471251 543345 677185
340469 456916 893346 210242 321644 433644 260973 379510 452311 694576 227183 58874 181175 959638 495124 842173 976599 141210 644867 523925 999999999 956906 596439 441961 950377 784193 597476 387460 359165 705374 669540 298874 555030 473165 893478 639666 348891 319369 889619 557410 908188 460932 405416 921388 498009 653982 811611 978392 636113 679186 517719 748052 938692 594257 717866 569957 554841 568507 669406 293943 796742 874178 645387 887537 943546 264886 560752 464411 589726 826321 978814 544899 484322 879451 670678 204908 202305 862482 427801 531328 502074 215747 327415 829190 923937 855905 995831 106546 672828 247786 577418 324149 207050 729528 594264 454306 144373 848171 567313 786119
690929 717666 880000 1034068 892736 980086 708498 586677 505159 262387 904818 924138 787689 11159 1002883 848842 259618 875509 316470 568482 956906 999999999 766747 733840 403165 647563 385360 1062164 1203296 398778 316489 1158230 851010 580537 76440 408720 660430 768955 94973 484242 709655 524253 567043 664263 516636 507795 545647 900327 380030 407954 1024123 284119 593154 364968 239097 612637 532415 523863 760599 1096663 464558 210166 851090 812474 705889 1040302 843223 511453 671524 701639 50362 588449 674834 113869 360233 1079546 934050 148827 1050406 838790 626686 763387 630069 565543 840956 687686 144851 855673 500794 1008731 407416 860762 790112 276147 954458 565233 998558 108946 540103 453865
306180 154918 1231400 796287 814167 947863 556516 412814 503112 588623 745569 537587 458323 762154 1004827 1180441 940491 646380 520238 234948 596439 766747 999999999 805130 1007918 1029303 434382 947634 955578 796537 661781 895297 972287 699643 690758 366392 328743 282814 672079 701614 1152607 601188 394272 1136896 328502 259361 989771 1298550 405156 775618 1031236 482899 1109247 562098 594995 161455 747828 755245 1008004 882824 927641 827571 1040269 1192990 1174573 842811 972283 581486 889560 1090811 811931 786841 157251 761550 413569 800814 744257 619968 974270 947153 775959 584743 462888 1015012 1232360 1104180 882613 569547 842987 817379 418855 795462 409413 495859 1055581 309278 730599 680598 768597 911850
504495 653322 462665 376949 184804 246349 260928 397647 344708 509144 248127 457941 404718 741087 272356 410214 645854 301222 504408 608327 441961 733840 805130 999999999 570325 346336 521584 337248 511001 361990 420263 482270 168846 160376 697485 614658 477353 559409 705661 249936 467233 254896 422060 484114 522265 703935 392607 544279 582716 342389 295735 655042 511713 415239 533035 689618 203521 214041 231948 407118 402738 573337 237201 448529 503412 355544 167779 277337 150930 384824 733915 155104 649054 626729 613915 434949 285412 705887 318496 144813 109612 260598 342269 405397 486116 415415 710599 354021 284959 329748 514512 157105 453942 622424 263770 514331 378766 641456 200594 397088
811482 904524 515284 942074 755103 791423 693945 671805 559033 424004 807943 941028 827911 414323 790283 497049 153669 826871 489249 774762 950377 403165 1007918 570325 999999999 314916 573880 898096 1080978 248007 348800 1052184 612226 478672 434713 654553 774824 894027 457762 394580 329036 502102 669780 277566 687464 777681 210265 516650 611291 274524 804036 578276 198619 451498 423704 847423 397753 384029 475111 977438 168250 209312 573385 444205 315874 925386 602284 507120 441236 348987 364529 422359 872398 312896 614697 998316 844370 501752 868619 611342 470383 734690 675822 216822 464909 323399 278014 844791 287520 898519 589079 726640 855037 549409 699817 721767 931803 399417 388398 173262
763753 894066 237069 715750 517119 515643 564109 627332 526611 534695 592748 793453 714553 657945 501145 201501 449469 645118 573786 800487 784193 647563 1029303 346336 314916 999999999 636432 629265 825868 276403 424059 808531 321825 347577 648211 735274 729265 836320 666361 327871 128953 431721 639562 137789 704687 852705 107970 279807 692576 284423 510391 711808 177039 494855 548966 883553 283513 274827 170365 730486 183612 439340 265351 176951 160679 685196 311554 449535 195541 63535 623875 257750 875088 535744 711429 774487 629818 692909 591496 328383 289641 584453 599164 98152 213191 76792 558843 689173 192865 663834 641802 495252 756441 677080 395435 720085 723948 596737 263078 193699
305853 346433 861210 715957 624237 742003 379960 218034 184761 156448 603386 556751 419052 385008 783438 814575 511133 545171 86612 204262 597476 385360 434382 521584 573880 636432 999999999 793624 892815 376455 231681 840069 682305 369015 312656 100033 276508 383676 303209 322020 749725 266881 192558 725783 132793 217143 577179 915602 61606 359586 808942 153436 687830 141831 167375 273555 379756 381732 662364 791564 506732 396580 723363 810844 766069 737011 678319 244270 543621 699938 420074 434113 308103 344987 92684 751335 624049 268182 797755 661315 445231 434973 276653 602828 848653 706021 470936 505566 443572 705131 22081 594598 412732 132076 783479 180301 667704 280354 398971 490773
650530 795420 635471 185403 171819 114981 426094 607361 609527 821145 204786 439219 489330 1068629 152929 593227 982420 301280 800852 810798 387460 1062164 947634 337248 898096 629265 793624 999999999 201959 699237 745727 203385 311397 481774 1019043 871332 639943 665840 1024341 579828 724141 548977 637377 757608 747616 930689 703816 722112 849711 679436 163422 942271 806119 719008 846014 878904 539225 550442 465376 132812 729983 910084 391833 657699 763222 127277 321371 567117 457740 643919 1066093 492272 809868 958616 884370 225477 203567 1016834 51473 301271 446579 379370 539293 710502 685259 680000 1047117 379286 618733 139674 780331 203334 538745 913378 282660 720269 245230 964237 537658 726512
686378 813992 836471 177234 326909 316361 513030 684481 717307 949442 298542 418036 517878 1208547 352336 794907 1152726 349419 917159 864588 359165 1203296 955578 511001 1080978 825868 892815 201959 999999999 866564 889525 60294 511955 634107 1152127 956037 686586 676755 1154079 734003 924650 679215 714170 956621 820118 992520 894365 922757 942537 844352 358276 1045983 1001931 844614 974402 919933 702668 715178 665080 107129 912983 1070764 593747 859655 963686 163272 521762 693242 646202 843714 1213440 663486 838474 1106802 977973 155374 271260 1138783 249248 500081 615692 457842 619029 903015 887027 879526 1205596 406177 795838 194595 876104 356926 556918 1021020 482490 783430 233574 1099785 705011 907866
572156 678219 512626 714923 540676 603870 447003 430807 318018 259282 579644 693907 579952 407938 617755 472920 286249 586690 304453 561812 705374 398778 796537 361990 248007 276403 376455 699237 866564 999999999 150463 831391 455962 239667 384114 471445 535468 653421 399685 147969 377246 254207 432444 349880 468431 593060 201723 553909 427590 26524 636836 436332 313110 236817 272685 641095 164172 151422 363118 760280 131292 213797 452334 453080 390773 705708 447635 260163 274381 338558 387555 207067 650799 285245 442431 768854 614656 420632 678617 446061 252939 489735 429362 227300 488191 337767 351086 599225 102312 676633 386004 509914 607889 401861 557920 495465 697421 329587 162107 115414
470467 555847 658099 723373 576296 665664 410730 336104 228623 111307 591738 646100 517404 322908 691698 615879 318088 571997 154770 427395 669540 316489 661781 420263 348800 424059 231681 745727 889525 150463 999999999 846399 550761 264368 277373 323149 434353 553747 286641 170701 527705 214588 328773 499359 338726 445932 351825 703066 279054 139650 714034 287968 457109 102951 128614 502803 224421 218529 487390 782561 277243 207612 566683 600999 540639 726274 544059 206427 380613 486998 323915 283375 523663 217623 292315 771507 622481 293781 734805 535494 316093 462781 356452 377306 636920 487818 326823 564119 236357 695001 244125 544322 533916 253121 655580 373445 692682 221223 236317 261363
627398 753967 836178 125011 297666 311783 461225 629561 667037 902093 255028 357745 459124 1163147 356177 792344 1117548 295114 867390 806442 298874 1158230 895297 482270 1052184 808531 840069 203385 60294 831391 846399 999999999 502394 595590 1105175 900939 628398 616664 1106336 695065 912679 634081 659032 941865 763965 934792 871296 923221 888618 808375 366365 993445 983049 797176 926967 860771 667222 680102 652734 78279 884940 1032137 588193 854517 951504 126798 511779 647002 623338 830631 1170072 631507 778787 1064005 924054 95576 224199 1089381 254364 487911 583395 405564 564941 881452 883793 865849 1165760 348274 765392 154769 822883 325546 497356 969234 485352 726395 175920 1053595 671042 878936
669500 819536 344471 428839 238855 196475 421178 566405 510516 650690 331631 583816 555791 859461 179996 296167 718608 417090 656096 777122 555030 851010 972287 168846 612226 321825 682305 311397 511955 455962 550761 502394 999999999 313561 825124 777838 643800 719676 836415 383696 412811 416217 590905 446657 690439 870977 407002 431566 743855 443628 191920 808106 498670 565468 673108 858463 326684 332265 154340 424429 448721 667989 91582 353646 451880 386975 10274 439149 182291 332604 843109 267424 816784 738922 773648 486272 364116 843861 270649 25675 240804 409607 509908 409595 385162 368791 803826 485272 358487 372335 676979 231063 607199 774342 104852 683173 455456 768744 314649 449070
418846 556106 532074 476812 313837 402436 225195 288010 205403 348974 341745 468918 372401 587170 432398 480867 523775 348478 345116 483551 473165 580537 699643 160376 478672 347577 369015 481774 634107 239667 264368 595590 313561 999999999 540106 465609 385578 489230 547254 99928 476407 105649 305420 475364 390962 564443 347105 602008 430612 215048 456042 496516 476770 255330 373022 567224 81684 95342 309859 527076 323888 436788 357427 497383 505836 471479 309363 128485 190201 403821 584687 90508 542660 477241 460108 529844 375996 545892 470546 293258 78932 258572 252445 367746 536920 424338 571563 368891 200822 441353 364542 281976 411118 463399 415873 393917 457755 484519 95568 312993
618501 641614 884168 980430 848104 942358 650142 519217 444264 203204 853770 858536 721332 73611 969071 849393 304356 818294 249124 492384 893478 76440 690758 697485 434713 648211 312656 1019043 1152127 384114 277373 1105175 825124 540106 999999999 332342 588847 695522 23956 448070 722529 473834 498162 680517 442693 432074 551688 911647 304291 388451 991368 207924 614533 308065 178491 536244 500611 493600 746706 1046156 469039 228001 833180 818942 722857 989854 817945 458926 649598 705709 121823 558741 598633 122294 283878 1023913 881487 77205 1010412 811007 593273 705644 566064 573598 849813 695527 205496 794045 485966 958017 334732 816220 721272 199859 929619 491646 941958 56415 510821 456538
316692 310606 961058 778875 704886 827200 448614 271559 271419 230568 674973 592880 458490 405653 871391 914553 575664 606625 168959 161720 639666 408720 366392 614658 654553 735274 100033 871332 956037 471445 323149 900939 777838 465609 332342 999999999 296166 382754 316566 421992 846892 361623 241919 821324 141897 123637 673000 1014734 44144 456051 897285 129588 780132 240460 232559 206811 479539 481689 762013 858219 600282 464313 821544 910187 862084 805213 774233 338691 642967 798807 450900 533362 266878 395172 48536 809162 692082 269385 879175 756236 542809 501176 337823 698623 947829 804043 516993 557135 542442 773803 101079 676445 441022 132704 877814 188532 725863 315778 498864 584371
36719 175972 915413 513091 493256 626444 229184 105155 217453 411303 435159 298717 170412 660634 681349 863519 750025 345815 346668 178044 348891 660430 328743 477353 774824 729265 276508 639943 686586 535468 434353 628398 643800 385578 588847 296166 999999999 119521 579714 411186 856823 299231 105649 849147 155347 306970 708267 987305 300548 510583 707930 414880 835331 334468 429724 239115 446404 456265 687440 597781 659781 636125 713605 882915 883294 549975 643992 284389 571840 787796 692389 475714 175725 607575 332850 533547 441550 543103 660397 618589 457664 263657 136596 732111 922449 805853 732943 280439 555852 520911 254514 471956 145275 402846 727064 107684 453013 553434 466504 645041
83299 137547 1011423 514069 539457 672459 298991 222697 335678 526374 465539 261370 177728 768362 731157 959021 868795 364665 459725 232783 319369 768955 282814 559409 894027 836320 383676 665840 676755 653421 553747 616664 719676 489230 695522 382754 119521 999999999 684482 525042 964804 411461 225158 959960 253046 357731 821618 1086573 396848 628231 757205 509379 949721 453380 543518 257996 555940 566647 780599 600654 776141 754585 796321 983546 992783 560017 721248 398653 669276 893040 803368 579688 167601 722339 425543 521431 462283 644026 694176 694035 556296 314841 237183 844961 1022955 913109 848212 286989 668920 534607 361665 523753 127098 502515 793721 203878 448792 663744 575444 761643
608553 626751 902731 981438 853019 949690 649357 513408 442728 204763 856060 853413 715890 90095 977702 867261 328273 817803 244787 477515 889619 94973 672079 705661 457762 666361 303209 1024341 1154079 399685 286641 1106336 836415 547254 23956 316566 579714 684482 999999999 457083 742823 477273 491385 701395 431437 412978 571052 931513 290640 402773 1000323 190003 636221 309472 179759 518849 510837 504340 761397 1048474 488322 250341 846705 838007 743801 992248 829425 461495 662339 724447 142759 569427 583364 144972 268352 1023963 883081 54567 1016869 821749 602679 705062 562359 593279 869290 714982 228788 791307 501042 960331 325204 821215 714137 185008 941087 480703 941624 70129 521799 475523
447138 569107 541959 575461 413222 495930 299407 306534 200066 267009 440717 546469 435823 491329 521007 494045 426736 440298 278198 472888 557410 484242 701614 249936 394580 327871 322020 579828 734003 147969 170701 695065 383696 99928 448070 421992 411186 525042 457083 999999999 451421 114163 315096 439347 377125 532969 297083 601642 382165 121802 543346 429440 424684 188425 289467 556219 59390 59729 341268 626952 254019 337087 409234 495953 475100 571287 377637 126803 224632 389959 486301 118072 548155 378833 407025 627622 474371 460939 566311 367034 145727 341805 292223 320982 534778 402576 471636 451261 144793 541034 323285 381453 467078 394869 488449 392571 553693 391879 77266 240571
891583 1019887 189508 827484 628830 609166 692650 754194 651313 635273 709652 919576 843190 720569 584735 183479 480380 768097 681363 921744 908188 709655 1152607 467233 329036 128953 749725 724141 924650 377246 527705 912679 412811 476407 722529 846892 856823 964804 742823 451421 999999999 558357 765396 53778 826067 966851 176982 190826 803397 390909 589256 811457 135191 608010 646534 1004116 410463 401024 259992 834410 257871 499939 337402 118817 39094 792599 402930 575383 318580 83200 678660 386695 999576 603481 819464 886194 746261 775819 681949 425084 417973 711708 727621 152303 135876 52810 601070 815151 310176 773618 756921 609675 885335 777482 465231 843879 840732 675321 390321 272456
334698 462510 631120 510232 377179 483659 199990 195844 100709 272878 380676 443651 325823 529366 520720 580792 515732 357567 254354 380178 460932 524253 601188 254896 502102 431721 266881 548977 679215 254207 214588 634081 416217 105649 473834 361623 299231 411461 477273 114163 558357 999999999 208262 549921 286485 458802 410158 697376 328213 227749 545632 402299 538435 170035 297864 464054 148213 157346 413524 572810 367824 414224 463026 591864 584201 516456 412644 22995 293171 491701 536609 186539 445234 431541 359059 557326 409882 467866 545541 394760 184469 249627 178124 433583 631273 507934 540383 354513 257463 484751 260789 345687 354380 370722 516701 292852 478125 420761 168744 354079
142027 254536 837152 537055 476472 605021 211320 30178 116006 311517 436906 364224 226496 568161 654746 786169 644988 364795 250642 186643 405416 567043 394272 422060 669780 639562 192558 637377 714170 432444 328773 659032 590905 305420 498162 241919 105649 225158 491385 315096 765396 208262 999999999 754437 110265 294759 610943 905088 232076 408072 681252 342749 736381 229539 331540 267599 356258 364756 614439 617038 558718 531452 651966 799731 790023 564670 589583 190073 495486 699888 596037 392763 237522 507179 267207 567513 451833 459848 649885 566720 382261 261286 98202 635329 839190 715494 631661 316826 459622 533549 172106 450477 223168 324382 682362 92285 484104 458673 376888 543687
884565 1008187 243258 851960 653114 642927 696533 745224 639098 604314 730188 929459 846288 675265 622251 236013 429982 782657 653997 904141 921388 664263 1136896 484114 277566 137789 725783 757608 956621 349880 499359 941865 446657 475364 680517 821324 849147 959960 701395 439347 53778 549921 754437 999999999 808917 942711 148645 239410 777464 366314 628396 779023 81594 584862 613998 985548 404046 393370 292340 863635 223706 455539 376837 172587 42564 819797 436547 565416 333325 114973 631666 387852 985800 560191 791660 910730 767193 736439 717181 456661 423709 719519 723253 123008 188340 78404 551898 825377 295017 799330 734328 632051 886397 745583 506507 829570 861423 634945 384773 239174
179297 218715 915368 643464 586409 714179 321530 140259 185801 284777 546705 450987 316868 515743 762895 865770 637788 471496 215139 95800 498009 516636 328502 522265 687464 704687 132793 747616 820118 468431 338726 763965 690439 390962 442693 141897 155347 253046 431437 377125 826067 286485 110265 808917 999999999 185306 661456 978183 145897 447197 789314 260088 780846 236611 298476 179191 427290 433262 700005 724763 599359 522666 745930 872426 847025 673129 688351 264636 579653 767039 552506 472266 184939 477117 177560 671089 560666 391563 760013 666963 469787 370729 208344 686761 911457 778560 603214 417793 515943 642269 111370 560041 299485 250231 784999 49591 588259 412806 447987 583611
313893 248785 1074699 817609 771221 899446 504956 324270 360824 353888 728179 601068 477350 502999 948140 1027014 694303 647399 292363 130094 653982 507795 259361 703935 777681 852705 217143 930689 992520 593060 445932 934792 870977 564443 432074 123637 306970 357731 412978 532969 966851 458802 294759 942711 185306 999999999 794160 1131299 167635 576656 974540 224758 903041 358863 354641 117115 588503 592090 868742 901001 722675 584724 921809 1026182 983124 851067 868334 435970 748579 916142 553609 639226 204194 509568 164128 840227 739807 360629 944463 848085 643143 551998 391960 819807 1064307 922911 627442 586522 659975 820868 210970 745157 447251 241235 967480 211189 759060 425207 608532 706736
744208 863511 334355 769501 574414 593319 572164 603530 495061 458505 639792 813156 719111 556256 586643 304895 341500 677441 506154 756418 811611 545647 989771 392607 210265 107970 577179 703816 894365 201723 351825 871296 407002 347105 551688 673000 708267 821618 571052 297083 176982 410158 610943 148645 661456 794160 999999999 361179 629215 217670 598741 634505 129784 436218 469558 837467 269562 257441 265257 794379 82751 335942 363361 267501 189088 745404 396864 423886 248248 156127 519567 266916 839813 435637 644063 827556 677051 601594 670402 408740 309997 601740 586681 25649 298249 143952 451789 710767 152699 721147 585687 548838 755895 600584 490771 683507 769134 502451 252264 96299
1019908 1157822 87413 859605 669687 611533 796917 889555 795991 813111 760681 1000190 945703 911218 570425 136391 669376 837619 853563 1073741 978392 900327 1298550 544279 516650 279807 915602 722112 922757 553909 703066 923221 431566 602008 911647 1014734 987305 1086573 931513 601642 190826 697376 905088 239410 978183 1131299 361179 999999999 972201 563636 566192 990221 318516 774275 826373 1157374 551374 544939 312352 847055 443811 690443 340387 105759 201133 815040 423949 717185 417315 216373 869475 512688 1142489 793460 991236 916364 794462 962772 673527 452335 530574 804128 852536 338303 66998 217678 791147 897193 472355 802687 920332 658659 992672 955674 440319 989770 886723 863330 530602 457432
325156 337907 919481 765341 681372 800922 431314 260318 243255 187335 656640 592009 455522 377900 843288 873396 535443 593542 124821 189079 636113 380030 405156 582716 611291 692576 61606 849711 942537 427590 279054 888618 743855 430612 304291 44144 300548 396848 290640 382165 803397 328213 232076 777464 145897 167635 629215 972201 999999999 412495 868921 114333 736000 198182 190691 244175 440323 441891 723021 842797 556228 423148 784821 867869 818303 788899 739899 305516 604604 756110 419920 495200 295752 358011 35440 798296 675710 247497 855318 722796 506809 485345 323679 654828 905344 760871 481524 548847 499846 757198 69735 652174 443006 106167 844892 195320 714701 282300 459305 540322
547241 655275 518768 691175 519120 585979 420595 405747 293164 250569 555922 667458 553461 416707 601894 477305 309281 561212 290894 541224 679186 407954 775618 342389 274524 284423 359586 679436 844352 26524 139650 808375 443628 215048 388451 456051 510583 628231 402773 121802 390909 227749 408072 366314 447197 576656 217670 563636 412495 999999999 621608 427547 333649 218572 265953 621272 141732 129554 358650 737845 152397 231120 445019 461355 406483 683011 435632 233985 263577 347440 399741 188361 628627 295348 428998 744733 590672 420430 660096 432508 232869 463606 403222 243313 497376 349258 368534 572981 99484 653673 368052 488112 581577 392745 546636 472899 672684 333010 141802 136823
725819 876395 480863 335791 217759 85865 479714 652887 626169 804876 299481 562134 580432 1031893 26623 442269 907311 403144 798505 865252 517719 1024123 1031236 295735 804036 510391 808942 163422 358276 636836 714034 366365 191920 456042 991368 897285 707930 757205 1000323 543346 589256 545632 681252 628396 789314 974540 598741 566192 868921 621608 999999999 947881 686021 710173 828734 940858 491901 500262 340217 295810 639759 850525 251930 510347 628108 280239 201972 567092 368914 513427 1020425 435875 883316 914345 901619 383471 316543 1001561 112069 194050 398222 446522 587646 600647 534531 549997 987499 482503 543680 281353 799509 236082 632732 915951 127246 771077 385809 935110 484194 639475
439193 439794 946023 869238 771614 884970 532982 369726 333141 177143 755182 705132 568111 280002 923018 903361 478365 698596 152055 291229 748052 284119 482899 655042 578276 711808 153436 942271 1045983 436332 287968 993445 808106 496516 207924 129588 414880 509379 190003 429440 811457 402299 342749 779023 260088 224758 634505 990221 114333 427547 947881 999999999 727422 242755 165058 328854 488791 487273 767274 944282 555388 374655 838674 888756 821155 889467 803017 381186 653581 774528 329068 547236 395690 289346 83877 904758 776696 140460 943885 789004 567398 588188 429936 659476 924355 773893 403576 658176 523803 857522 171652 741261 557036 35082 911669 309356 821123 201956 505462 540102
871500 987225 324669 886567 688989 692654 701706 730314 620380 556411 759838 941721 848882 604251 677567 314971 352067 802987 611313 874724 938692 593154 1109247 511713 198619 177039 687830 806119 1001931 313110 457109 983049 498670 476770 614533 780132 835331 949721 636221 424684 135191 538435 736381 81594 780846 903041 129784 318516 736000 333649 686021 727422 999999999 549690 563468 954205 399296 387079 345917 905256 181819 387159 437439 253785 117425 858649 488406 551287 362282 180040 558242 395156 961786 492837 747188 945094 797121 674275 768533 505403 436626 730347 715617 109697 269744 146043 475456 838876 281482 836110 698409 665367 885611 695024 568091 805725 890327 571758 382044 197717
370117 453029 721402 672387 547202 651751 343556 240220 142260 104916 546624 565107 431680 368740 685957 675627 415560 510978 90703 327186 594257 364968 562098 415239 451498 494855 141831 719008 844614 236817 102951 797176 565468 255330 308065 240460 334468 453380 309472 188425 608010 170035 229539 584862 236611 358863 436218 774275 198182 218572 710173 242755 549690 999999999 129818 404906 247723 247519 529222 739028 367950 301926 596981 669778 624841 682825 560300 152626 413035 558383 384601 305331 421412 286414 220066 716041 573681 297868 715098 546644 324697 398602 270657 461854 707372 564192 407310 491567 302002 650890 149481 515722 442642 208874 669251 270498 634390 257701 265454 352016
462477 513807 784502 802149 674415 774490 471821 349304 266658 25015 676312 685219 549126 241809 805335 743238 345796 639853 83943 370214 717866 239097 594995 533035 423704 548966 167375 846014 974402 272685 128614 926967 673108 373022 178491 232559 429724 543518 179759 289467 646534 297864 331540 613998 298476 354641 469558 826373 190691 265953 828734 165058 563468 129818 999999999 433597 346833 342634 615716 868729 390340 232619 693485 725748 656108 812495 666919 281764 507216 611243 264720 406307 475146 179109 191058 845424 703498 172873 840058 656446 434374 527241 390980 494474 760825 609557 305244 617088 364219 780584 187609 642715 553574 131731 777895 343625 763484 130309 360777 375044
233757 135061 1094214 749131 729103 861271 461588 292531 363492 427205 674150 514006 402437 608789 914237 1044391 779208 584270 359030 83907 569957 612637 161455 689618 847423 883553 273555 878904 919933 641095 502803 860771 858463 567224 536244 206811 239115 257996 518849 556219 1004116 464054 267599 985548 179191 117115 837467 1157374 244175 621272 940858 328854 954205 404906 433597 999999999 606384 612447 877001 834663 772386 666143 918816 1051616 1024228 788088 857180 442696 756909 946042 656295 650428 92890 601583 254824 765268 680518 468501 898355 834201 645612 501173 354125 862931 1090648 957082 723803 515712 693953 759442 258892 706079 364158 338361 948962 175440 687102 522450 627100 756495
