NAME : synthetic_000882
TYPE : CTSP-D
DIMENSION : 100
GROUPS : 8
RELAXATION_LEVEL : 1
EDGE_WEIGHT_TYPE : EXPLICIT
EDGE_WEIGHT_FORMAT : FULL_MATRIX
EDGE_WEIGHT_SECTION
999999999 1020191 528149 568592 835417 721782 1054619 253761 680861 761823 365930 966223 185271 589184 644748 436765 506452 601456 371052 669894 625055 137677 876458 925845 298610 776715 753812 759224 689996 292413 154553 242549 1062925 458941 605634 920391 893430 122508 809298 517929 1032560 805754 361579 338150 930804 684899 774909 1043386 583151 985164 263877 693693 778820 439812 543592 793573 369448 974817 295418 567374 579383 840389 471214 132064 912159 600633 799280 302861 637771 273370 948728 68933 917262 697401 835217 1027563 373603 393585 962423 680472 674433 729548 639544 739729 590712 897248 494966 774456 546897 179029 598655 538782 337241 1034094 570267 627771 241664 287262 609273 670707
1020191 999999999 727505 511951 188894 819654 95586 799256 477700 272729 654737 273594 1162491 760848 378839 645827 546206 441151 1071153 399678 423981 896048 147327 733837 723929 274901 562558 487301 330407 758939 1043513 815823 81807 564961 415585 698446 255608 1078891 431116 957865 48559 433548 666222 738768 546656 665986 245604 171708 792200 86864 764684 499664 429269 680117 564238 485080 1064432 125574 737292 723336 710095 879567 928634 967567 108057 738316 225874 1124438 523056 768256 174889 956641 761155 448827 422069 216048 764427 812900 787624 473750 699558 575179 899706 541265 571359 138784 674551 575224 710468 1159014 788931 726690 696047 77732 908018 396706 915007 763158 451486 530087
528149 727505 999999999 236951 551962 221564 715549 495344 671597 571005 374549 552734 572181 794806 474255 536366 251080 325204 372355 577846 329124 400412 588981 397947 400780 454809 806013 761066 462028 486392 448782 506546 732071 408225 400801 392439 742785 505725 353980 230517 715542 770027 300969 219142 423309 812955 535655 668613 94226 657667 435775 242497 740350 134774 585553 316120 365849 749089 442873 750029 751105 344752 203358 578416 634530 789246 573797 456409 205785 296987 586054 502739 390893 282770 377968 633754 599500 141299 436956 257635 146298 225538 211500 248173 156221 589096 79991 265114 722023 572114 821004 10903 439698 702874 190114 393930 301461 276803 542589 210379
568592 511951 236951 999999999 327124 410708 518019 424239 454873 334061 259955 399152 677438 630126 241253 381979 69778 88423 559203 350878 93536 431804 366930 481911 320777 238164 593720 540362 225122 397030 552480 440182 531252 236203 168358 459492 505840 596934 249867 461779 508428 542025 218229 242202 402791 620676 301185 489148 322636 453083 367302 151275 513185 168509 395791 250256 552482 518134 356145 582818 579869 517941 425474 563902 411399 619188 338767 616140 103590 295386 396895 517898 490752 133204 274700 466151 479736 301102 536274 122691 286154 234523 441823 223228 102185 374029 168589 275088 556088 675098 659331 240114 331053 501375 427065 157697 412590 283065 325471 145771
835417 188894 551962 327124 999999999 670802 222970 623363 369470 134747 471744 243032 974319 643498 205617 484692 357681 252739 885345 264015 236694 709073 41650 630267 541871 100296 487513 412331 147009 584139 854811 640239 228675 385902 229814 596677 244271 890853 307107 782104 197166 376180 478631 549969 461855 570980 75743 237346 624222 153424 584398 341471 359240 494049 419450 356878 878643 200579 558704 600625 589707 747444 749605 789855 84340 623292 85348 936221 353094 579960 155642 773201 653191 285793 308485 247619 605315 627989 687503 308984 544839 430495 737218 398288 396483 65456 493203 442070 582685 970935 673502 552374 518569 200886 737746 208794 726272 574502 301453 368563
721782 819654 221564 410708 670802 999999999 782591 716071 865096 725776 594251 587352 726605 1011666 649304 753281 448679 494138 467901 761148 488646 604965 700410 239889 622342 570894 1003265 951070 619698 707918 614801 726804 802373 618752 577874 252948 893416 674699 391858 261737 795647 951207 521624 438609 361096 1021435 676867 717366 140657 738292 656863 329650 922837 355353 793463 338499 462961 870732 664433 966096 966209 123715 281188 788454 744832 1004853 715169 573353 330667 515167 654135 706911 218882 386145 406353 672735 820752 330959 256572 364711 128411 244490 123621 278390 308847 689709 295079 249849 938212 728183 1038594 211463 660703 776057 184688 562550 481547 494948 735355 304812
1054619 95586 715549 518019 222970 782591 999999999 846317 556933 336418 693178 206362 1186666 839676 427718 704461 562492 458979 1072710 468439 438220 925497 184987 672909 763593 282735 650566 574572 369740 807104 1064500 863201 21756 608735 450677 637366 347938 1103934 390832 943435 47428 523243 694777 755143 482137 750500 293978 83707 771163 69788 806706 477455 516702 685731 631222 444107 1065978 220874 781427 800187 787660 831026 918804 1012568 164345 817765 285060 1134079 509940 793270 130597 993668 701784 432780 376859 133118 824704 814277 724285 457928 668849 540615 872233 506767 561845 158416 671269 533498 785439 1183655 868501 713315 741462 23789 887853 426986 929375 785881 514894 509317
253761 799256 495344 424239 623363 716071 846317 999999999 427475 530658 166913 793356 434161 366331 420786 183302 354470 422987 526151 425521 448378 195184 662380 871042 104291 583735 502955 505561 476698 41227 357328 17044 851512 237925 399347 856185 647876 357760 673276 592430 818200 552167 212676 277809 824359 443828 555207 848738 578967 776661 60607 572308 525500 366647 290229 673480 521797 739536 69222 334807 344156 839689 539584 168924 692770 372238 573732 500887 518442 204196 755185 185026 871234 556418 697475 841716 138168 405191 918336 546865 628663 637919 672897 636558 486241 688121 430465 682838 310516 428453 383273 505855 105278 824189 616076 426985 330516 223873 365076 558897
680861 477700 671597 454873 369470 865096 556933 427475 999999999 234724 363412 609731 857505 283235 229531 244179 421163 376703 884119 117141 388978 595874 390065 912802 405402 406219 139767 91515 286135 388471 765006 440003 552300 281718 292241 884528 251770 777393 607583 866389 514664 125232 424550 538213 781203 201805 298199 597541 764664 497635 424534 572947 98036 552010 137275 641160 878276 375979 391981 246174 232559 972274 818901 585522 394681 260968 285544 891816 546494 515471 524460 611945 927667 522995 620786 615308 335292 669711 970100 533362 740976 671228 883093 649048 557059 425754 592183 702546 235590 852167 311686 677903 353861 533248 853456 314624 686687 523465 129857 583591
761823 272729 571005 334061 134747 725776 336418 530658 234724 999999999 397084 376098 915999 510525 119866 373100 337803 246056 866505 132778 242877 645662 158079 724073 463223 186756 355731 281948 109043 489823 803433 546903 336084 302895 181520 692523 171781 832128 403432 793853 299626 253135 423521 515583 571188 436294 66568 366655 654786 271491 500783 402429 232226 483985 294834 446104 859983 213582 471648 468599 457122 817070 754594 699554 172504 489862 52392 902594 395300 527843 289978 695949 743592 346164 411366 381351 491884 618118 781997 364101 597365 500158 773029 471745 425611 192942 500469 521797 451914 911892 540290 573967 429698 312742 761112 179022 689193 526917 179408 422656
365930 654737 374549 259955 471744 594251 693178 166913 363412 397084 999999999 628061 520600 421971 279014 165752 190434 256756 521081 318502 282095 249956 512294 723259 70637 422349 476113 453340 325242 137143 413628 183550 700231 95571 242502 705405 538785 437031 507484 525567 668752 484794 75063 186029 662337 455620 409226 689265 466375 623419 115899 410138 455001 239786 241104 510172 515327 610602 97734 378512 381174 715537 474589 322622 546802 418185 433393 530783 357986 152061 594940 301922 726678 390809 531384 679367 230025 325414 773609 382534 491821 482678 574542 477856 331809 534919 299296 526563 350508 516225 447316 383941 72154 671917 529281 267432 323339 160878 260450 399512
966223 273594 552734 399152 243032 587352 206362 793356 609731 376098 628061 999999999 1074526 876281 414670 687622 459851 371663 922558 498960 346535 830253 235189 466565 697239 219301 730519 655350 346478 758521 948624 810306 227893 562062 402330 431020 469017 995096 203049 771818 234085 617714 607847 640180 276116 811529 311533 131330 593935 187677 743654 310703 601876 553821 641763 252188 915920 374739 724491 831579 821955 627451 754048 948979 257113 857347 328343 996279 355988 693839 105345 912545 495433 281276 183377 85441 806074 669723 518275 303982 481894 352612 685583 320144 410312 201481 524301 337760 811315 1072479 906716 548421 689627 207519 709620 371919 804387 682114 525877 342558
185271 1162491 572181 677438 974319 726605 1186666 434161 857505 915999 520600 1074526 999999999 773989 796527 614835 624995 727693 286995 835912 748906 270677 1015938 953601 460291 904263 936719 938707 833541 470575 126574 424537 1197219 616143 747877 955052 1058360 83912 898229 482566 1169567 982734 496565 435238 994478 869999 920545 1165470 600165 1118517 433765 779447 954957 522872 720776 872731 288814 1129449 466306 752640 764646 833541 448521 312639 1054901 785756 948612 183620 726150 394370 1071981 250841 939175 795334 924134 1143585 558496 431250 980900 774802 711608 793576 622407 810744 673819 1032736 564264 835665 732121 6755 782725 581481 506358 1167678 551125 765796 275157 400810 776008 751926
589184 760848 794806 630126 643498 1011666 839676 366331 283235 510525 421971 876281 773989 999999999 466349 258530 573012 576154 892109 379543 596414 561129 668425 1111869 416396 661523 238530 294020 533472 346830 717463 368395 835426 397102 503581 1088452 525524 707428 837159 939417 797804 356483 496965 602396 1009886 126292 568874 876961 887621 779043 403408 773768 346603 660549 242570 859801 887622 655814 379839 47514 54399 1130517 887079 463164 676561 24037 562746 864868 733101 545725 799049 527899 1120770 734237 855052 891111 228163 741636 1166397 737092 901032 864259 996478 849802 724750 703465 717318 903085 74172 767587 30624 803768 365440 815942 949638 533333 694388 562021 351687 774730
644748 378839 474255 241253 205617 649304 427718 420786 229531 119866 279014 414670 796527 466349 999999999 280141 229189 155183 750719 114965 162764 526435 242817 683448 346656 196402 368493 306714 68204 380801 683572 437467 431663 186625 73476 655012 280302 712631 380316 689694 397718 301921 303714 398051 554462 420218 134560 439977 562971 358635 386221 344699 273804 374776 227532 411963 744266 332943 358480 420332 412020 750742 647762 588804 271993 449112 154708 783827 322648 408025 350993 579771 698772 293676 395191 442567 400752 506786 740847 304983 522349 443559 682377 420254 341088 271068 399147 473536 398578 792484 496970 478627 317215 405048 663284 87544 570384 407360 115379 357464
436765 645827 536366 381979 484692 753281 704461 183302 244179 373100 165752 687622 614835 258530 280141 999999999 319928 342833 669119 253563 366273 359157 519871 862531 178066 468746 329242 323956 345709 144552 527988 196091 706492 145874 286997 841163 471009 535971 609197 690204 670982 368989 240634 350596 776767 292701 410836 720111 629398 636365 185709 530940 342199 402326 106928 623862 663850 572406 154068 213759 215665 872611 638749 344538 543480 253183 421437 662558 485530 304219 630718 367878 869409 498259 630067 721767 120654 490379 915666 496924 644211 616031 739466 604955 471485 550025 458792 657067 185730 609349 285338 545275 122939 681266 695022 318074 468253 317610 195885 527746
506452 546206 251080 69778 357681 448679 562492 354470 421163 337803 190434 459851 624995 573012 229189 319928 999999999 105069 532113 327462 124281 371128 399000 542807 251114 279760 557087 510153 233464 327405 502064 370440 573938 175982 157613 522216 506964 542958 319265 460591 548120 519430 150269 193125 471940 573235 317996 541235 343584 495174 297723 219850 489611 146329 345619 319771 525488 537072 286379 526130 524374 562379 418691 495869 441358 563577 352951 578610 168942 235172 447289 453188 549495 202414 343870 522237 412821 280372 595739 192459 330448 297327 462347 289354 151865 411501 172766 339756 498844 622214 601563 256978 261863 544196 437027 160310 368931 225288 291751 211028
601456 441151 325204 88423 252739 494138 458979 422987 376703 246056 256756 371663 727693 576154 155183 342833 105069 999999999 634547 267809 25400 468848 293985 541788 325593 176790 516419 459146 137435 389753 605788 439823 469838 201502 84711 515894 417769 645056 266369 548301 443407 457069 239942 298007 435554 553222 217125 442039 410893 391072 372083 200233 428770 244368 335256 283956 627879 435932 353844 528659 523764 596842 510320 577383 336607 562814 253714 683482 169796 334859 347458 544365 554313 158130 287408 426935 452686 379368 598148 161977 367402 296284 529949 277075 186023 306652 254729 330919 503250 724706 606218 328510 320877 440190 515302 69531 473984 326942 249708 207466
371052 1071153 372355 559203 885345 467901 1072710 526151 884119 866505 521081 922558 286995 892109 750719 669119 532113 634547 999999999 825475 648747 333844 925705 705616 491053 796975 994759 974385 765191 546562 218334 525752 1087378 605383 685080 713480 1030713 269109 726042 208274 1066487 1003670 461927 354008 782944 958679 850093 1033352 363017 1010157 491682 611994 973525 391306 760286 688186 6734 1069184 519413 858331 866200 562493 189989 490510 969674 896771 884923 109455 568214 369333 946289 399570 686507 645254 750243 1001575 664120 258688 724189 620979 486205 594387 352053 619522 514275 933110 401961 629759 832619 290773 909414 378320 546181 1057610 283784 692015 200889 360658 772828 580425
669894 399678 577846 350878 264015 761148 468439 425521 117141 132778 318502 498960 835912 379543 114965 253563 327462 267809 825475 999999999 277294 566482 290581 797869 375645 290552 254345 191863 168994 384327 732028 440685 467131 224534 183387 769059 223537 753062 490540 784790 430172 192211 364797 472172 664081 315431 189388 498978 668900 404192 406068 459655 162749 467718 164580 524800 819276 318952 374525 336674 325694 864561 740041 593092 304127 359590 185109 846384 436772 465160 419512 601836 813530 408283 503646 511629 367999 594046 855371 419934 635037 558522 788235 535102 452320 324968 500203 588284 319345 831187 409631 583127 332658 444693 764449 202102 635005 469043 60689 472214
625055 423981 329124 93536 236694 488646 438220 448378 388978 242877 282095 346535 748906 596414 162764 366273 124281 25400 648747 277294 999999999 491777 277402 525754 350802 155499 528708 469150 133973 415140 626298 465210 449698 226072 97604 498973 414436 666573 243371 555227 424250 463840 263795 317213 413966 569722 207653 418928 411910 370945 397339 184428 436185 257541 354663 263439 642052 424878 379229 548972 543637 588129 518952 602450 320980 582538 245314 700594 160006 357109 324516 568540 539363 138470 263810 402780 477130 391967 582553 145201 360920 282268 530268 261053 183365 287936 262124 314845 523912 746034 626616 331625 346255 419940 519019 75239 492478 348497 264150 194980
137677 896048 400412 431804 709073 604965 925497 195184 595874 645662 249956 830253 270677 561129 526435 359157 371128 468848 333844 566482 491777 999999999 750508 797941 192026 645227 687943 680901 565922 221716 169257 192928 934787 345520 480488 790514 788245 187080 671621 430401 905639 720684 230790 201060 794792 637052 652371 910700 464471 856478 173449 556130 692016 303542 461436 656241 329931 859207 205350 529957 539099 726599 379222 185655 788098 567408 679336 306513 500168 136451 816224 102485 791286 559899 697541 893231 333117 274089 837217 542823 546213 594216 535553 603317 453517 769350 360629 639384 505430 266383 577081 411246 242015 905595 470165 500337 149001 149647 507051 533450
876458 147327 588981 366930 41650 700410 184987 662380 390065 158079 512294 235189 1015938 668425 242817 519871 399000 293985 925705 290581 277402 750508 999999999 647754 582249 134435 501105 425002 187114 622862 896461 679198 189135 425411 270832 613517 236374 932456 327251 819399 156489 383883 520150 591453 473238 590112 109080 208588 659102 116505 624400 372466 369793 534412 450132 378946 918996 171158 598295 626673 615137 772777 787840 829390 45629 647569 105723 977430 387902 621586 137388 813962 671918 317944 325570 225829 640289 668001 704388 341873 575734 457993 770709 425070 433016 35976 531976 466341 609898 1012544 698086 589020 557861 162231 773427 250319 767717 616152 332649 400764
925845 733837 397947 481911 630267 239889 672909 871042 912802 724073 723259 466565 953601 1111869 683448 862531 542807 541788 705616 797869 525754 797941 647754 999999999 768847 541557 1051936 988081 633554 853549 835934 884502 694459 717399 623347 35547 873091 894919 323710 501214 698672 972928 660377 607991 191666 1094991 662753 594907 353436 647091 810458 341624 948164 507946 874900 277980 700420 815056 809719 1064492 1061144 195448 516623 972782 686207 1100447 697115 809071 378769 686053 558949 900020 31893 389809 322304 545139 952351 534149 57933 380558 251764 247628 362694 264797 392516 625878 444700 210950 1037901 954553 1141181 387222 794991 673381 424009 598615 693738 666475 789870 337298
298610 723929 400780 320777 541871 622342 763593 104291 405402 463223 70637 697239 460291 416396 346656 178066 251114 325593 491053 375645 350802 192026 582249 768847 999999999 492851 505429 492197 395136 85931 360293 119682 770460 160383 312960 753246 598445 377656 570327 523199 738737 529699 108868 190083 720126 469052 478325 759856 488256 693820 46892 468156 500737 268563 273469 569470 485790 676237 42105 377012 382560 745416 470757 252336 616131 416653 501350 487745 414172 129559 665495 233115 769926 453446 594782 749617 201498 326904 817029 443234 529238 533992 588966 532300 382270 605276 331763 578806 349789 455544 438610 410961 55128 742241 537152 338067 290191 145649 315732 454608
776715 274901 454809 238164 100296 570894 282735 583735 406219 186756 422349 219301 904263 661523 196402 468746 279760 176790 796975 290552 155499 645227 134435 541557 492851 999999999 536960 465538 128371 547014 781797 600778 294525 347963 185963 509065 332933 821765 218472 685300 270394 439844 415300 472479 384435 605979 122178 267378 524846 215878 538034 241358 418230 406673 423934 264480 790246 300871 515952 615973 607126 649895 654520 744930 180063 643543 155559 853596 253604 511637 172779 718011 562737 185511 224897 258050 587790 538447 599313 208716 444640 331970 637184 300428 298716 136278 399699 346309 594716 901338 692103 454701 478731 264705 639007 156936 647160 503634 309860 268267
753812 562558 806013 593720 487513 1003265 650566 502955 139767 355731 476113 730519 936719 238530 368493 329242 557087 516419 994759 254345 528708 687943 501105 1051936 505429 536960 999999999 76454 422103 468733 856207 512183 642278 405711 432001 1023334 310663 860623 743889 993208 605105 130792 543875 658634 916746 115994 421998 702167 899676 598589 514619 712549 133906 682608 235043 779083 989246 445628 483267 222768 206738 1111482 944277 643178 496386 214774 402179 991770 686195 626009 638355 686218 1067123 662166 755980 726130 383914 794286 1109337 672926 879869 810934 1017343 788519 695869 537020 726186 841932 228827 930892 258377 812762 450758 627633 984706 454219 794529 636630 268251 723358
759224 487301 761066 540362 412331 951070 574572 505561 91515 281948 453340 655350 938707 294020 306714 323956 510153 459146 974385 191863 469150 680901 425002 988081 492197 465538 76454 999999999 355183 468157 850152 516827 566604 373135 374475 958634 237819 859879 675846 957734 529330 62482 515706 629565 847630 181932 348472 625714 853709 522171 508167 651217 58032 642926 219465 713063 968597 372175 475828 268667 252932 1055977 910361 657026 419933 270021 327102 979697 628482 605325 562327 690581 1004425 599159 686835 649813 400178 761217 1045751 611483 825759 750199 972471 726313 642350 460881 681946 779253 267501 933179 317784 767124 439358 551557 944011 393965 776230 613840 218482 664076
689996 330407 462028 225122 147009 619698 369740 476698 286135 109043 325242 346478 833541 533472 68204 345709 233464 137435 765191 168994 133973 565922 187114 633554 395136 128371 422103 355183 999999999 437772 716501 493616 375668 238997 85667 603676 280796 749753 321831 685702 343603 340456 336994 418638 495137 482359 87388 375848 545844 300020 437418 301558 314861 378548 295641 357880 758594 304557 411727 487747 479090 714549 647273 642879 222357 515790 119851 806981 289088 440212 285157 627039 650833 246947 334652 376063 465982 513371 691354 262237 491405 400546 664239 374304 317094 211435 392149 426294 466357 829888 564073 464936 371742 347853 652123 73193 594436 436650 181814 319031
292413 758939 486392 397030 584139 707918 807104 41227 388471 489823 137143 758521 470575 346830 380801 144552 327405 389753 546562 384327 415140 221716 622862 853549 85931 547014 468733 468157 437772 999999999 388096 57086 811987 199729 361830 837307 606797 392521 644462 599118 778435 513451 193206 273113 799093 415528 515325 811010 573082 737528 57220 546824 486412 354487 251223 647175 541873 698391 44031 311784 319740 831110 546324 209947 652693 350395 533275 528149 494035 205258 717798 223486 855132 527874 668220 805061 122016 406616 902222 519652 615048 616583 671675 613343 464971 649079 417685 661024 286117 465027 366262 496634 68958 784845 617739 390086 347728 223670 323863 535189
154553 1043513 448782 552480 854811 614801 1064500 357328 765006 803433 413628 948624 126574 717463 683572 527988 502064 605788 218334 732028 626298 169257 896461 835934 360293 781797 856207 850152 716501 388096 999999999 351682 1075623 508643 630972 835623 952021 59998 771657 385273 1048819 889702 380449 310563 869743 801137 803838 1041226 483327 996854 342374 652880 860907 396381 630688 746419 217324 1016057 374476 689914 700182 726811 344335 281134 936438 725966 833393 151281 599590 276419 948122 195259 823087 669029 797566 1018447 492128 307488 866001 648356 590496 668360 518287 684888 547249 911929 437966 710898 666708 125312 730554 458387 411190 1045958 447032 647156 149129 280365 673353 625427
242549 815823 506546 440182 640239 726804 863201 17044 440003 546903 183550 810306 424537 368395 437467 196091 370440 439823 525752 440685 465210 192928 679198 884502 119682 600778 512183 516827 493616 57086 351682 999999999 868333 254900 416378 870024 662665 349479 689421 597945 834961 564382 227408 288218 839763 449899 571927 865768 589077 793557 74522 587835 538034 379039 302917 689142 521568 755369 85984 338604 348574 850487 545153 152921 709430 375355 590227 496988 533766 213175 772225 174267 884305 572545 713693 858757 140893 413052 931395 562749 641142 652472 681305 651558 500873 705030 442916 697487 315057 418713 384167 517127 122300 841048 623491 444029 332142 233119 380356 574046
1062925 81807 732071 531252 228675 802373 21756 851512 552300 336084 700231 227893 1197219 835426 431663 706492 573938 469838 1087378 467131 449698 934787 189135 694459 770460 294525 642278 566604 375668 811987 1075623 868333 999999999 614405 457916 658913 337000 1114265 410523 960505 37648 514001 703997 766892 503772 743900 297274 105089 789024 78774 813073 495082 508612 699361 630754 463973 1080644 207189 787265 796641 783848 851874 935184 1018398 163622 813268 285581 1147380 526321 803354 149053 1001351 723271 449408 397039 154749 826405 828786 745932 474591 687841 559916 890984 526014 577777 165677 686384 553561 782548 1194111 863984 730045 746944 29877 905681 435179 941677 796422 515270 526810
458941 564961 408225 236203 385902 618752 608735 237925 281718 302895 95571 562062 616143 397102 186625 145874 175982 201502 605383 224534 226072 345520 425411 717399 160383 347963 405711 373135 238997 199729 508643 254900 614405 999999999 162269 695592 443436 532598 466652 587534 581675 398489 143648 256531 632137 404736 319581 611281 502430 539014 199728 385154 368268 279134 177611 478988 599365 516105 172885 350337 349007 735435 538909 403994 457534 388096 341304 622115 339787 240960 518148 393380 724966 353868 488425 605875 251205 389116 770997 351549 504654 470496 617362 459085 327827 450414 328540 511269 322949 611744 425584 416127 132786 586788 580551 191149 411637 245943 168321 381969
605634 415585 400801 168358 229814 577874 450677 399347 292241 181520 242502 402330 747877 503581 73476 286997 157613 84711 685080 183387 97604 480488 270832 623347 312960 185963 432001 374475 85667 361830 630972 416378 457916 162269 999999999 596423 349410 664096 333591 617346 426979 373756 251326 335418 506726 472453 172883 449391 489560 380923 356565 282003 345081 303877 261027 358572 678545 387798 332554 456372 450149 681502 576175 563144 307611 488691 203367 723475 254412 354622 355973 543473 636906 235145 351665 443669 404071 437229 680156 242802 451652 379499 608980 358657 269138 292459 326001 412448 432193 744233 534013 405151 294085 429475 589950 31137 510468 351355 166548 291403
920391 698446 392439 459492 596677 252948 637366 856185 884528 692523 705405 431020 955052 1088452 655012 841163 522216 515894 713480 769059 498973 790514 613517 35547 753246 509065 1023334 958634 603676 837307 835623 870024 658913 695592 596423 999999999 839914 894107 290777 511703 663161 942292 644466 597523 156318 1068670 630615 559432 355998 611679 795710 315766 917874 496088 850177 246641 708080 780366 793672 1041001 1037258 223346 523685 962766 651630 1076521 664578 815185 355940 675102 523557 892132 65653 361850 288356 509700 933571 531129 90891 354057 246524 225134 376567 239069 373676 591238 433651 185455 1014647 955755 1117969 381934 777396 637843 434598 570986 691484 655806 762755 313955
893430 255608 742785 505840 244271 893416 347938 647876 251770 171781 538785 469017 1058360 525524 280302 471009 506964 417769 1030713 223537 414436 788245 236374 873091 598445 332933 310663 237819 280796 606797 952021 662665 337000 443436 349410 839914 999999999 975189 549387 965062 300978 180061 577492 677335 705988 419578 216995 410231 826251 305907 629596 566298 180847 653272 370522 597171 1024289 135044 598055 493578 478876 980061 925087 814300 212880 501951 179334 1060365 564093 680643 365908 825352 895108 509440 552244 443008 577785 786440 930590 529320 765164 661718 944218 631449 596603 267917 671910 678847 485856 1053747 551457 745732 556193 326278 932893 350120 847285 682278 284179 588868
122508 1078891 505725 596934 890853 674699 1103934 357760 777393 832128 437031 995096 83912 707428 712631 535971 542958 645056 269109 753062 666573 187080 932456 894919 377656 821765 860623 859879 749753 392521 59998 349479 1114265 532598 664096 894107 975189 999999999 822249 444251 1086352 902595 412817 354965 925029 798310 836715 1083952 542706 1035607 352937 703729 874504 446061 641168 798897 268965 1045559 385513 683264 694558 786801 404043 254557 971238 717760 864708 185815 649625 311038 990207 179580 882412 717164 848236 1062951 486841 364530 925509 697263 648513 723213 578129 738653 598150 949571 490941 766267 661538 80139 718205 515523 424881 1084777 506832 682235 204466 318130 693345 677099
809298 431116 353980 249867 307107 391858 390832 673276 607583 403432 507484 203049 898229 837159 380316 609197 319265 266369 726042 490540 243371 671621 327251 323710 570327 218472 743889 675846 321831 644462 771657 689421 410523 466652 333591 290777 549387 822249 999999999 569178 404468 655223 467802 472624 174181 800410 340386 328673 390927 347701 616983 118824 632017 376225 594617 53997 719488 497305 604679 789913 783731 449194 552985 813040 368169 822211 373874 805250 172811 537054 262420 762947 346104 116885 26027 287490 717526 479065 381280 129508 280090 150793 484086 117579 224411 309096 336037 144199 765504 896856 867570 348791 577040 384272 506579 304190 623848 522138 493840 147817
517929 957865 230517 461779 782104 261737 943435 592430 866389 793853 525567 771818 482566 939417 689694 690204 460591 548301 208274 784790 555227 430401 819399 501214 523199 685300 993208 957734 685702 599118 385273 597945 960505 587534 617346 511703 965062 444251 569178 999999999 945051 974739 452551 339680 596531 981160 762822 892711 179754 887017 542112 466623 944486 317073 761568 524012 203886 978217 561339 898972 903403 354620 52859 613204 864919 938762 800532 316370 435254 394635 813268 522836 480585 511328 590885 855107 720984 200229 516984 486135 302017 424349 143779 454202 386728 819553 293580 452518 871356 485181 961797 231210 574284 931557 77218 614972 283532 377585 741827 434510
1032560 48559 715542 508428 197166 795647 47428 818200 514664 299626 668752 234085 1169567 797804 397718 670982 548120 443407 1066487 430172 424250 905639 156489 698672 738737 270394 605105 529330 343603 778435 1048819 834961 37648 581675 426979 663161 300978 1086352 404468 945051 999999999 477153 674954 741245 509577 706359 263159 124263 775884 58236 780834 481943 471364 676908 594040 458379 1059754 173481 754551 759091 746267 850239 918071 985569 127532 775632 249649 1123948 509899 775315 142645 970336 726723 433857 393111 170379 790661 807804 751450 459026 678368 551820 880420 517822 560179 136893 666807 548498 745102 1166331 826346 714021 713938 29717 892310 405369 916727 769002 478977 513197
805754 433548 770027 542025 376180 951207 523243 552167 125232 253135 484794 617714 982734 356483 301921 368989 519430 457069 1003670 192211 463840 720684 383883 972928 529699 439844 130792 62482 340456 513451 889702 564382 514001 398489 373756 942292 180061 902595 655223 974739 477153 999999999 542137 654045 824223 242600 318964 578704 861085 474326 549701 641428 30374 657964 262249 695698 997698 315100 517138 330810 315147 1051822 928950 708150 373792 332476 292544 1014862 623802 636497 520934 736864 990924 587350 664110 605823 454030 781341 1030825 601862 824232 740581 980436 714747 642768 419250 692195 766699 328758 977391 380051 775337 478733 500683 956227 389039 807925 643377 233701 657026
361579 666222 300969 218229 478631 521624 694777 212676 424550 423521 75063 607847 496565 496965 303714 240634 150269 239942 461927 364797 263795 230790 520150 660377 108868 415300 543875 515706 336994 193206 380449 227408 703997 143648 251326 644466 577492 412817 467802 452551 674954 542137 999999999 114760 613116 528957 424097 681807 392038 625702 152968 361882 511909 166336 310014 463678 455868 635688 149342 453575 456179 643648 402177 345750 558472 493245 453012 483014 307112 104326 587152 304949 661980 351392 492825 666568 299518 252357 709062 339175 423106 425252 499517 424215 273565 538579 227556 470164 425570 492956 522140 310602 139224 674813 454435 269838 270507 104827 310971 346918
338150 738768 219142 242202 549969 438609 755143 277809 538213 515583 186029 640180 435238 602396 398051 350596 193125 298007 354008 472172 317213 201060 591453 607991 190083 472479 658634 629565 418638 273113 310563 288218 766892 256531 335418 597523 677335 354965 472624 339680 741245 654045 114760 999999999 594050 641631 505466 730664 301183 688149 219508 355940 623715 103300 424656 455438 347694 722921 231173 560744 564572 562308 288561 365249 633127 600558 538193 388343 300258 78381 637613 298550 604521 363661 498630 708353 391571 139818 651299 344987 358757 394254 398938 402396 252564 604604 163908 439638 532943 432903 626016 229875 237230 737115 347743 346417 176405 58525 421201 332558
930804 546656 423309 402791 461855 361096 482137 824359 781203 571188 662337 276116 994478 1009886 554462 776767 471940 435554 782944 664081 413966 794792 473238 191666 720126 384435 916746 847630 495137 799093 869743 839763 503772 632137 506726 156318 705988 925029 174181 596531 509577 824223 613116 594050 999999999 974589 506142 403401 421340 459806 765721 252274 802130 491253 767538 153271 776885 635262 757368 962527 956719 368216 595725 951895 508141 995369 536774 875816 306045 666516 372269 892193 221733 278511 160816 353532 880935 563355 242173 281446 297150 202133 478494 191892 344077 447630 436863 158847 937732 994132 1040201 414651 733762 483545 522960 477783 720899 649183 667986 266607
684899 665986 812955 620676 570980 1021435 750500 443828 201805 436294 455620 811529 869999 126292 420218 292701 573235 553222 958679 315431 569722 637052 590112 1094991 469052 605979 115994 181932 482359 415528 801137 449899 743900 404736 472453 1068670 419578 798310 800410 981160 706359 242600 528957 641631 974589 999999999 499997 796113 907149 694439 467894 753377 238857 682627 228027 829971 953638 553450 439305 122736 108222 1135436 930189 565478 591322 103697 486567 943565 719766 596739 725543 619803 1107294 707581 815369 815841 311657 780958 1151349 714666 903191 849045 1021486 830220 720839 625989 733265 884073 138680 863845 143234 820852 414268 727107 981719 499109 757998 610311 307114 759571
774909 245604 535655 301185 75743 676867 293978 555207 298199 66568 409226 311533 920545 568874 134560 410836 317996 217125 850093 189388 207653 652371 109080 662753 478325 122178 421998 348472 87388 515325 803838 571927 297274 319581 172883 630615 216995 836715 340386 762822 263159 318964 424097 505466 506142 499997 999999999 313017 615079 225538 519243 349303 298642 461255 343721 384996 843463 219146 492216 525599 514920 763274 726463 722947 137955 548976 38593 893769 348777 527504 230370 711088 683226 292449 347035 322677 531307 596297 720602 312440 548779 445061 731689 415256 384652 139915 469762 463733 507313 916838 599003 537543 451266 271042 724895 159102 681479 524037 225740 372125
1043386 171708 668613 489148 237346 717366 83707 848738 597541 366655 689265 131330 1165470 876961 439977 720111 541235 442039 1033352 498978 418928 910700 208588 594907 759856 267378 702167 625714 375848 811010 1041226 865768 105089 611281 449391 559432 410231 1083952 328673 892711 124263 578704 681807 730664 403401 796113 313017 999999999 716928 104637 804689 426695 568730 653159 656716 380141 1026649 292191 781716 835253 823719 758710 871650 1011608 205786 856007 314311 1100870 465533 775835 94695 985262 624400 388205 311482 50373 840729 776703 645065 412744 608763 479445 812758 446201 519163 174066 631686 467523 818321 1162883 906566 665326 743473 94548 833354 422285 901428 766519 538755 458925
583151 792200 94226 322636 624222 140657 771163 578967 764664 654786 466375 593935 600165 887621 562971 629398 343584 410893 363017 668900 411910 464471 659102 353436 488256 524846 899676 853709 545844 573082 483327 589077 789024 502430 489560 355998 826251 542706 390927 179754 775884 861085 392038 301183 421340 907149 615079 716928 999999999 717651 520541 294061 831614 227084 679779 344641 357170 823819 530153 843150 844496 263539 174435 647796 704697 882479 653583 460836 271242 376452 640585 566552 339765 343393 412006 677904 688650 190703 382896 318571 124293 244667 119442 274961 230427 655466 174152 273300 815125 601130 913496 86923 529738 760608 116697 480314 344715 356301 635335 262691
985164 86864 657667 453083 153424 738292 69788 776661 497635 271491 623419 187677 1118517 779043 358635 636365 495174 391072 1010157 404192 370945 856478 116505 647091 693820 215878 598589 522171 300020 737528 996854 793557 78774 539014 380923 611679 305907 1035607 347701 887017 58236 474326 625702 688149 459806 694439 225538 104637 717651 999999999 736918 423707 464920 621376 565563 401682 1003422 192816 711672 738465 726385 794842 860356 942806 103146 757587 219412 1069113 451955 724747 88211 924029 674538 375752 337290 139295 756794 751483 700781 400931 620428 494225 822297 460228 502515 88636 609827 491875 722740 1115428 808281 656052 671759 49172 834085 357432 863032 717711 448498 454965
263877 764684 435775 367302 584398 656863 806706 60607 424534 500783 115899 743654 433765 403408 386221 185709 297723 372083 491682 406068 397339 173449 624400 810458 46892 538034 514619 508167 437418 57220 342374 74522 813073 199728 356565 795710 629596 352937 616983 542112 780834 549701 152968 219508 765721 467894 519243 804689 520541 736918 999999999 514002 521567 306271 288844 615504 486846 712760 32577 367383 374735 780379 489296 206926 657195 406318 540774 477921 459679 148960 710491 196232 810630 500114 641501 795233 179221 350643 857733 489624 568201 577952 616856 577177 426364 648296 370042 622977 341241 428620 423257 446215 73447 785107 561845 382501 291953 167856 345488 499778
693693 499664 242497 151275 341471 329650 477455 572308 572947 402429 410138 310703 779447 773768 344699 530940 219850 200233 611994 459655 184428 556130 372466 341624 468156 241358 712549 651217 301558 546824 652880 587835 495082 385154 282003 315766 566298 703729 118824 466623 481943 641428 361882 355940 252274 753377 349303 426695 294061 423707 514002 999999999 615004 257909 534539 101989 605371 541811 505126 726266 722116 414684 445067 704001 417493 761325 387186 688242 56138 423069 346994 649604 354945 56885 144690 391257 630912 361572 398211 39735 203423 99184 400155 76847 105644 364840 217580 130699 700232 778102 803512 238779 481709 466574 410651 258333 505025 407257 448541 32230
778820 429269 740350 513185 359240 922837 516702 525500 98036 232226 455001 601876 954957 346603 273804 342199 489611 428770 973525 162749 436185 692016 369793 948164 500737 418230 133906 58032 314861 486412 860907 538034 508612 368268 345081 917874 180847 874504 632017 944486 471364 30374 511909 623715 802130 238857 298642 568730 831614 464920 521567 615004 999999999 627766 235279 671454 967542 314644 488991 317694 302396 1024310 898633 683114 363037 322786 274544 985305 596192 606588 507176 709897 965689 561396 641656 593769 430845 750980 1006016 575360 796117 714188 950924 688838 614208 405529 662364 741091 313328 949667 371654 745743 450202 493741 926282 361175 778013 613320 203331 629960
439812 680117 134774 168509 494049 355353 685731 366647 552010 483985 239786 553821 522872 660549 374776 402326 146329 244368 391306 467718 257541 303542 534412 507946 268563 406673 682608 642926 378548 354487 396381 379039 699361 279134 303877 496088 653272 446061 376225 317073 676908 657964 166336 103300 491253 682627 461255 653159 227084 621376 306271 257909 627766 999999999 456624 355219 384601 680252 310612 616083 617547 477692 273252 467438 578383 655443 497236 448531 203567 179326 562553 401825 506114 273074 402226 626581 465448 135043 553128 252006 262103 291002 338914 299925 152664 542453 63886 336357 588056 521271 686523 144287 305350 669494 302098 305733 250592 160481 425690 232430
543592 564238 585553 395791 419450 793463 631222 290229 137275 294834 241104 641763 720776 242570 227532 106928 345619 335256 760286 164580 354663 461436 450132 874900 273469 423934 235043 219465 295641 251223 630688 302917 630754 177611 261027 850177 370522 641168 594617 761568 594040 262249 310014 424656 767538 228027 343721 656716 679779 565563 288844 534539 235279 456624 999999999 618074 754703 480090 256438 195454 189181 907996 711803 449905 467288 227920 346319 761213 496961 391191 572421 474681 885500 492929 612497 664790 207474 561771 930392 497013 675947 627572 794971 611113 494549 483098 505717 664765 172018 715375 273039 593279 220056 607565 757516 290782 560531 401597 118022 537801
793573 485080 316120 250256 356878 338499 444107 673480 641160 446104 510172 252188 872731 859801 411963 623862 319771 283956 688186 524800 263439 656241 378946 277980 569470 264480 779083 713063 357880 647175 746419 689142 463973 478988 358572 246641 597171 798897 53997 524012 458379 695698 463678 455438 153271 829971 384996 380141 344641 401682 615504 101989 671454 355219 618074 999999999 681727 549562 605912 812339 807075 395631 510805 805952 420607 845969 419869 771357 157803 524174 316192 750742 298321 125981 68850 337407 727677 447395 335897 128266 229762 100748 433399 69867 202956 362001 308468 90202 787115 871716 889959 309868 581287 437953 459068 330935 597589 507968 522876 122928
