NAME : synthetic_000336
TYPE : CTSP-D
DIMENSION : 100
GROUPS : 8
RELAXATION_LEVEL : 1
EDGE_WEIGHT_TYPE : EXPLICIT
EDGE_WEIGHT_FORMAT : FULL_MATRIX
EDGE_WEIGHT_SECTION
999999999 717322 275233 824535 1224961 209924 1075106 503841 277692 283434 379319 717350 210572 459305 1118806 586882 835347 922100 375441 585427 52342 1025420 341373 479585 701074 756648 810663 455585 964717 368096 756270 746249 1226396 461627 879924 818602 344666 284014 433829 576560 504085 712982 528056 747082 272188 630876 788372 365846 730724 362513 643331 527830 565981 720289 451221 989363 887321 405304 100189 398301 121354 394790 212538 889039 661469 687759 761673 651400 763701 908219 415583 787688 779991 250641 948958 859351 1057582 777130 201444 231953 229875 923087 670822 903148 476082 932664 874617 127613 511363 308232 980754 841409 645073 979430 951189 837169 896601 275303 147598 156802
717322 999999999 443233 818020 744395 529242 545406 668470 701620 751241 364316 861664 771013 640650 670564 638916 202375 753560 630033 224927 732616 719070 560867 297275 726859 43060 142601 330816 441382 349295 875457 728044 770913 401837 287059 492371 645422 618916 483593 653590 360802 200091 238803 827056 445135 165588 271191 800281 387221 363342 74240 236320 231241 403552 266136 626217 177652 412451 645354 633329 611176 770061 505413 491731 824864 596715 728116 248480 434735 251095 311357 380543 399397 504054 515848 152312 619072 1004059 565226 626686 547949 443165 559737 818321 318257 820168 163951 774183 227738 640990 549256 406559 491123 323038 297937 698775 892406 611973 589386 568383
275233 443233 999999999 764011 1021761 100402 851751 473639 354157 394395 149351 712591 376761 426651 921313 516922 576371 806241 361573 321447 289721 868403 285348 221231 639330 483381 536445 234716 737690 96745 744101 671433 1031063 285675 631288 636020 351847 291169 309442 516814 307953 464468 260559 715949 19172 374431 548899 470080 529769 112528 369657 259690 321086 526036 177430 811011 612098 230381 216841 379567 169524 466262 62719 691829 659012 572639 682311 416230 572714 636349 142282 576378 575385 102563 746067 584118 859980 817273 146802 264784 145064 704990 544044 818074 225709 839259 599419 350610 251633 324921 780590 628582 494941 720807 692550 724289 843889 279342 150319 126198
824535 818020 764011 999999999 654793 836524 641137 320694 555790 571838 640780 173604 658316 365996 560405 248585 720509 189416 449662 922845 875912 365594 499931 887731 126271 819677 958270 583290 601064 733794 143931 95654 626945 500120 674941 383479 479880 542178 455210 252921 508228 628301 875315 104289 745414 656861 599871 518787 446155 683350 783685 871744 611602 425312 747080 417521 950550 542600 732910 426738 833811 467273 768113 449326 205585 222998 90869 569542 411041 1059753 798388 483801 458544 860104 491733 937846 523840 291258 878905 594062 891916 544226 260164 101755 908738 139626 938554 745830 671469 516311 494528 498188 329044 785000 770326 158275 80675 552100 838822 811543
1224961 744395 1021761 654793 999999999 1121579 200507 826721 1034593 1073634 874437 818558 1144832 845527 108604 728070 543297 466102 908823 959140 1264794 289685 901677 997691 688315 712676 823895 788818 304912 937864 796338 642041 46797 764047 457530 409473 943278 974598 796634 748699 725182 587090 950224 747589 1010537 680153 495723 1060663 496337 909268 772236 946713 708570 505031 888724 257049 750019 821774 1125695 892185 1169623 1006963 1064150 335948 830296 597907 625491 611217 461272 872954 956343 445448 448284 1119719 277127 758306 168089 945958 1168487 1018208 1165185 320809 594544 566118 1022419 533479 746120 1205388 789033 968773 244311 393282 593246 465968 478306 511720 668969 977741 1159638 1130376
209924 529242 100402 836524 1121579 999999999 952153 531951 370449 401604 247640 768840 362540 483929 1020621 587941 673063 892298 409451 377410 209744 962541 341393 270999 710506 570749 609397 333403 838083 193522 802998 746500 1130329 377076 730211 732949 392012 325641 388507 584999 403957 563868 322182 779882 111181 472814 648987 483931 628450 212718 457254 322341 421293 623920 268191 908053 691693 319400 188132 430134 89336 491366 68536 790679 713658 656183 758675 516624 670433 703080 218399 676134 674598 43190 845536 663393 959209 861192 47370 286023 55497 805267 629842 897252 266364 920570 679598 312731 350186 359560 879900 728536 585077 817144 788962 809047 915179 313485 63818 56643
1075106 545406 851751 641137 200507 952153 999999999 733872 914806 958398 708763 782885 1021152 742425 155039 642811 343559 470874 793181 762924 1110883 321614 771277 807321 636786 512763 623668 624936 114576 762880 769890 599695 232860 615587 258376 300220 825775 846098 662546 664411 571138 399319 757539 716422 842405 493887 308377 959512 349605 739752 576897 754130 531940 364705 706548 232148 551920 670145 978247 779940 1007944 908419 899180 215941 780971 518246 586365 435596 329668 675891 773399 288709 300267 945970 157274 559077 139317 924571 998157 884482 992154 152656 503058 573532 831780 549834 547424 1071261 609150 846148 146869 235489 480118 270706 280261 483484 678482 847221 995396 966904
503841 668470 473639 320694 826721 531951 733872 999999999 239217 263782 380817 238954 347268 48060 718802 100436 653027 436910 129556 701138 555245 573367 190772 639529 198261 686317 808974 356035 648545 468878 271373 246089 814287 271873 646019 434247 159203 222256 195170 82240 307920 526189 643879 249415 454469 506377 547307 234702 409108 417859 611682 640840 437260 387817 508219 570328 834274 286367 412948 106717 518528 180494 465118 518453 185817 229421 262774 448618 410072 919076 542895 471542 450707 560958 579631 813865 663813 354124 571007 273817 587258 591879 233734 402411 656320 434248 820654 429830 463953 195619 601263 514777 257304 766405 743130 355207 393826 232659 526037 500288
277692 701620 354157 555790 1034593 370449 914806 239217 999999999 49928 342796 439863 111473 201714 926022 333788 752934 674226 126344 655417 330032 800392 151575 566845 436660 731527 827387 374366 815236 398647 479069 485244 1027793 326694 771698 627234 91460 82928 258078 319069 377135 619937 592926 472502 337417 564614 671349 115980 567327 359233 631468 590950 489123 550560 469081 783509 878976 294398 202974 145280 325530 123130 316664 707578 384126 452684 501990 543906 585799 936434 473463 630703 615679 409531 769996 853922 867398 504461 397054 89393 420294 764057 445630 641189 575734 673407 865179 190713 473996 69514 797007 681594 441835 886691 860095 591083 624399 89766 341282 322935
283434 751241 394395 571838 1073634 401604 958398 263782 49928 999999999 391437 443822 86767 232217 965033 362213 802299 700670 165678 700894 335008 833257 200572 610252 457091 781335 876346 424285 860327 444232 484062 507193 1065428 375856 819979 668049 132634 132823 305575 345667 426244 669253 638332 483095 378449 614517 719461 84646 612279 406377 680867 636467 539014 594931 516404 820777 928659 344308 223256 181450 347998 113269 352473 749371 389310 485697 524498 592948 628883 985171 518165 675912 660203 442250 811812 903527 907073 493825 424082 132508 448828 808369 481493 661233 618129 694733 914870 178212 523558 117445 838000 726223 482463 935455 908973 618848 636822 139269 366291 350951
379319 364316 149351 640780 874437 247640 708763 380817 342796 391437 999999999 613983 406699 338842 773037 401093 456847 665400 296971 326290 407998 720125 218324 258756 520007 398117 485066 85770 595596 93025 640837 545899 882725 144259 501074 486701 302019 261986 191409 405554 159439 333814 266231 605799 136467 252791 411901 449402 380835 43307 291831 263490 186773 376730 132196 661668 541779 99014 292835 308018 299472 428408 190541 543045 564267 436707 554797 275808 423384 593734 162676 429068 427012 251108 598062 515667 711601 734749 294860 263347 294413 559875 405444 685424 276159 703808 528156 414699 139289 288813 632329 481843 351347 600503 572311 585388 721429 253423 286700 258143
717350 861664 712591 173604 818558 768840 782885 238954 439863 443822 613983 999999999 529819 286247 719583 224576 801881 358787 360137 925822 769682 532197 428959 872093 151397 871770 1004264 576899 726025 704343 40922 183197 793569 489877 771871 498928 382294 449491 423187 213395 514433 690676 871352 71459 693422 696081 683986 377061 528787 652977 814511 868106 636614 506081 736606 571464 1013441 516380 635243 338860 748780 331668 702783 576237 56157 289018 197150 620370 506844 1111534 776658 579814 554879 799078 627405 996696 677234 149072 806358 497989 823859 667294 320350 275079 890113 312966 1000462 622017 679443 418113 636737 607039 381747 888986 870430 307837 209627 461046 758632 734221
210572 771013 376761 658316 1144832 362540 1021152 347268 111473 86767 406699 529819 999999999 312228 1036317 443899 841938 783809 237683 695054 259909 911819 250739 597783 542534 804260 888326 454650 919395 442713 570211 592194 1138638 420538 867151 736657 202667 175870 359787 428377 470645 709977 632867 569852 363604 646415 767854 159605 672271 412692 698358 631468 572143 656452 521294 894536 948454 379596 174646 256728 295185 198288 325219 816129 475622 564070 609312 636378 693248 994829 511701 735033 721174 405240 878459 922226 977360 573301 376611 147700 403469 869578 557042 746936 602257 780070 934845 93631 544661 176219 906131 786778 551664 979424 952234 701185 723587 176545 317041 307629
459305 640650 426651 365996 845527 483929 742425 48060 201714 232217 338842 286247 312228 999999999 737090 132149 638593 472694 83869 661953 510335 601043 142896 597017 241778 660824 779646 320791 652041 425150 319237 287540 835483 239791 637832 445381 116013 176186 159520 118532 280341 508981 603693 297294 407480 481348 537765 217360 407609 374506 581050 600754 409804 387460 468120 590796 809706 247180 366920 61012 470920 166118 417182 528762 232361 253539 303504 430571 414491 890148 499975 471180 451965 513141 590778 788327 680441 396491 522951 228123 539221 596774 251193 444462 613158 475112 795975 390835 429815 151569 614548 517313 262347 757679 733439 389377 440345 186164 478158 452304
1118806 670564 921313 560405 108604 1020621 155039 718802 926022 965033 773037 719583 1036317 737090 999999999 620526 474438 374741 800226 878040 1159327 202604 793674 909294 585188 642481 762977 687271 231025 839794 699538 540379 109769 658759 388495 301643 834694 866389 689147 641298 621288 499875 864437 649270 909446 590527 409957 952491 392892 809065 690984 860830 612738 400118 794692 150948 698000 716879 1019289 783584 1066123 898899 961855 230968 728381 490395 524369 515937 355422 822997 862446 345758 346027 1020458 175456 702703 61573 851334 1067740 910325 1065502 231504 486232 477381 934170 447467 692389 1097373 694283 860297 140727 295579 484807 422293 428797 411754 582210 869658 1056887 1027465
586882 638916 516922 248585 728070 587941 642811 100436 333788 362213 401093 224576 443899 132149 620526 999999999 595196 340549 213580 703825 637029 472976 253120 655747 122702 650958 781414 355390 563403 493636 244528 161020 714702 268536 577415 342641 247313 302950 210788 21618 290137 475907 650942 205161 498144 473441 482380 334878 334159 442399 590201 647589 412289 311728 517579 471264 795100 302087 491586 191480 587122 280476 519541 426872 186144 130164 175411 402145 326660 889522 562470 393519 370777 611888 486860 777099 566565 365212 630398 354945 643340 505518 139754 317018 675113 345796 781861 522888 455663 281807 506565 432119 178772 697504 676002 257330 327538 311623 591173 563568
835347 202375 576371 720509 543297 673063 343559 653027 752934 802299 456847 801881 841938 638593 474438 595196 999999999 617454 654405 424024 860526 549205 601793 481436 654111 169400 291055 389858 243457 480086 806524 641333 571484 426554 86215 350722 678644 671884 501630 614100 376336 133100 426884 753592 572402 204479 120640 832796 275967 473951 243139 423796 272771 298009 407165 450456 243700 462351 749328 650513 744575 792192 633611 323676 776201 515330 636605 210742 309984 366384 468126 239236 263774 656756 333002 240062 426767 950423 715047 694403 702935 255707 481933 698176 504750 692013 234378 866221 325770 685199 363399 243081 421081 144560 116268 579586 786356 668265 726638 701301
922100 753560 806241 189416 466102 892298 470874 436910 674226 700670 665400 358787 783809 472694 374741 340549 617454 999999999 553343 898971 970814 176485 581580 885672 252360 745554 885464 591410 451513 754634 332683 200583 437560 521908 555770 267271 587537 640089 505397 355433 511331 553875 861084 287367 789270 607383 501230 662955 366510 708513 735478 857321 582249 351623 746731 239748 859201 575860 824254 531643 907869 608697 824616 307184 380134 237432 182414 514258 319080 977477 807244 381006 358511 907861 334227 851418 343812 480053 938088 691418 945850 400049 262528 103524 909023 80142 848690 863383 656152 621349 328377 376487 314733 652903 643191 84994 209007 647714 907617 878474
375441 630033 361573 449662 908823 409451 793181 129556 126344 165678 296971 360137 237683 83869 800226 213580 654405 553343 999999999 623172 426476 674771 79824 548725 325647 654939 764293 300078 696462 374814 395591 371136 901591 232488 664412 502455 35093 92703 153090 201655 280542 521798 562589 377920 342604 479379 563513 178455 448577 326635 564933 559974 404507 430580 429152 657224 804294 219316 283441 22924 390232 140551 344549 583695 304564 327431 386891 443665 463544 874876 451390 512437 495912 441379 646135 781076 741908 455824 446255 144411 464181 643729 319367 528084 562542 558359 790444 310657 408188 68238 672392 561962 316866 782140 756489 469266 523368 103183 398926 374140
585427 224927 321447 922845 959140 377410 762924 701138 655417 700894 326290 925822 695054 661953 878040 703825 424024 898971 623172 999999999 586703 897925 544113 106564 812913 265414 245149 348928 654238 256779 948311 827686 982336 435969 505729 658411 626546 579753 506318 712741 416534 380785 62573 907257 332407 299711 468428 767832 543132 298924 187170 64467 317287 552873 194398 813494 340001 414994 538090 634224 466575 751907 380669 678108 879693 702113 832402 390829 593814 327974 183571 557413 570290 341117 713097 312349 822789 1054609 400720 568401 377132 646783 665738 945423 116294 955031 330376 671783 251423 609699 748121 595245 598862 547691 522833 831132 1002232 569630 441224 428625
52342 732616 289721 875912 1264794 209744 1110883 555245 330032 335008 407998 769682 259909 510335 1159327 637029 860526 970814 426476 586703 999999999 1070857 389351 480156 752098 773029 818597 487766 999425 385633 808578 796839 1267475 500747 908840 860264 396173 334558 478174 627155 541144 741359 531926 799132 290055 656338 819548 416800 769237 386617 659263 532073 594464 759765 467139 1032228 899039 443248 146615 449375 122160 446773 228629 928910 713791 735604 812091 682902 803913 912821 425091 824788 818193 246115 988147 870842 1097934 828825 189679 282455 216790 959492 717623 953654 473973 982804 886674 172328 534958 359644 1020484 878486 689486 1005015 976723 885833 948341 325456 146144 164308
1025420 719070 868403 365594 289685 962541 321614 573367 800392 833257 720125 532197 911819 601043 202604 472976 549205 176485 674771 897925 1070857 999999999 686168 905554 411034 701380 836308 637465 336121 800971 508087 361696 261611 585768 472760 242023 709855 753157 592913 491617 560711 523492 870707 460824 853532 598221 448848 807002 358241 761080 718565 866927 595082 353434 774719 101504 791460 644168 925414 655113 992701 752400 897902 227992 548448 347802 344209 508477 308262 915366 840426 341826 327645 970833 221171 789249 183900 656515 1009725 801865 1012835 299026 357069 276876 930141 245509 782947 983597 676168 740287 199444 312903 382239 547369 544323 230436 380785 758788 988151 958402
341373 560867 285348 499931 901677 341393 771277 190772 151575 200572 218324 428959 250739 142896 793674 253120 601793 581580 79824 544113 389351 686168 999999999 468901 373735 588130 692204 230172 668711 294991 462118 414111 898549 175289 620296 492208 85214 74940 109068 247010 225674 468723 483257 438622 266224 416748 520096 239478 421937 246922 493511 480690 341156 406698 350469 656859 736913 148549 242741 94938 334098 211725 274354 569251 374582 346409 428108 392401 444991 802479 371568 484439 471055 370247 631241 712826 733625 532567 381308 116940 396787 619332 330020 569423 482786 596673 723062 303712 335681 83462 660205 536439 310503 735116 708532 496587 577004 76299 338982 312070
479585 297275 221231 887731 997691 270999 807321 639529 566845 610252 258756 872093 597783 597017 909294 655747 481436 885672 548725 106564 480156 905554 468901 999999999 771274 340230 346474 304443 694755 173924 897950 792089 1016657 388816 556570 663535 547666 495314 448916 661863 381164 410631 59422 860904 234319 318777 501971 681399 547344 222976 238888 61394 310589 552918 140944 828688 436815 355726 436068 562309 360247 670310 277850 695839 822881 672905 798942 399855 597348 433990 97424 573221 581845 234584 738074 408599 851220 993304 294423 478185 271336 678650 638145 921199 24917 934810 426063 569312 230947 527024 773659 617252 575003 615884 589328 812059 968196 484443 334793 322849
701074 726859 639330 126271 688315 710506 636786 198261 436660 457091 520007 151397 542534 241778 585188 122702 654111 252360 325647 812913 752098 411034 373735 771274 999999999 733497 869044 467803 575714 612946 152458 51868 667791 382458 621322 348270 356981 417723 331720 126759 396379 547650 762622 100704 620609 562215 535166 412675 379365 562022 685443 759149 509192 356818 631532 434670 871710 421182 608184 302774 707715 358989 642146 427000 144601 138990 70007 480941 355700 974250 679794 428879 403843 734586 480163 856345 538426 300049 752717 469766 765930 516887 172534 204569 791482 237645 859032 627363 562043 393072 491933 455655 237946 737928 719699 180707 204837 427336 712575 685273
756648 43060 483381 819677 712676 570749 512763 686317 731527 781335 398117 871770 804260 660824 642481 650958 169400 745554 654939 265414 773029 701380 588130 340230 733497 999999999 140140 358166 411956 388589 883690 731645 740727 424195 255453 481060 671980 648630 505950 666604 380531 193127 281623 834095 484608 179941 252671 827530 381253 399952 113790 279188 251576 399217 305978 606286 149422 439628 682770 656977 651893 795394 545264 473397 837091 600472 730647 252559 426664 240829 353302 367581 388151 546225 493032 127577 592849 1015986 607288 658809 590342 418315 563888 814622 361051 814485 135590 810431 259612 669389 525500 388565 496058 282402 258022 694697 892396 642186 630427 608946
810663 142601 536445 958270 823895 609397 623668 808974 827387 876346 485066 1004264 888326 779646 762977 781414 291055 885464 764293 245149 818597 836308 692204 346474 869044 140140 999999999 464266 532360 450586 1017955 869217 855749 539976 375374 620329 777343 745594 621284 795931 501056 333193 289451 969354 542413 308185 389464 930467 521385 475663 199456 288694 372039 539234 368439 739341 100598 545138 749237 769076 696601 903237 598976 608595 967288 737887 868792 389265 566707 110684 395080 506516 527612 577228 623358 76948 717263 1146498 638310 748023 616692 546584 701046 954683 360304 954619 94785 881580 356561 769962 654315 524529 632676 366559 348677 834777 1031665 737701 672544 655771
455585 330816 234716 583290 788818 333403 624936 356035 374366 424285 85770 576899 454650 320791 687271 355390 389858 591410 300078 348928 487766 637465 230172 304443 467803 358166 464266 999999999 512404 164625 599669 487646 796956 87050 425866 402033 314605 291473 161454 363846 80082 260933 295611 559757 222224 191825 332806 469650 295128 124042 264863 292235 117720 291439 163910 576774 506766 81650 363702 305043 383120 439549 275560 457303 531221 369988 494594 195824 338177 574891 217558 343562 341249 335747 512332 482667 625832 707358 380602 307043 379655 475189 336283 619166 325672 634846 492917 476528 109337 311254 546567 396517 276831 530987 503136 513853 663755 285794 371469 342560
964717 441382 737690 601064 304912 838083 114576 648545 815236 860327 595596 726025 919395 652041 231025 563403 243457 451513 696462 654238 999425 336121 668711 694755 575714 411956 532360 512404 999999999 648416 718368 545221 329568 507707 157472 227559 727917 743646 559643 584927 461740 285423 646073 663866 728602 379809 194168 867362 248049 625881 467331 642604 417517 266022 592100 234913 471090 560781 868764 684859 895005 817931 785800 151865 716872 446449 534310 321460 238475 596424 659050 184538 200748 831515 118817 473943 186110 872313 883960 779834 877730 58881 425300 548728 719339 531534 464585 965581 494575 745999 136820 134862 391357 211297 209887 443779 649998 743994 882022 853694
368096 349295 96745 733794 937864 193522 762880 468878 398647 444232 93025 704343 442713 425150 839794 493636 480086 754634 374814 256779 385633 800971 294991 173924 612946 388589 450586 164625 648416 999999999 732108 638869 949489 235987 536797 563252 374115 323843 283295 497543 244179 370881 194280 698025 96044 279308 457306 511472 452357 51433 275244 192316 230961 451402 83571 736910 521146 191787 299002 388619 266182 497715 157088 612754 653675 528392 647648 327883 498155 554322 76761 494043 495556 183100 664364 493502 778914 821628 237335 311795 229373 618711 496385 777466 188330 795149 508163 430995 156808 354681 699431 544914 439932 624416 596181 675718 814446 313427 246961 222817
756270 875457 744101 143931 796338 802998 769890 271373 479069 484062 640837 40922 570211 319237 699538 244528 806524 332683 395591 948311 808578 508087 462118 897950 152458 883690 1017955 599669 718368 732108 999999999 173233 769688 512679 772366 492763 419066 485993 449468 236280 534173 699429 895022 54606 724957 710136 687403 417908 531484 680676 830931 891703 653390 509017 761031 553328 1023256 542475 673004 373864 785253 372183 736415 567311 95019 291240 184401 631363 506003 1124160 803318 579531 554322 832331 615988 1007422 659605 154728 841291 535150 858197 659980 324959 243488 916566 281145 1010478 662206 699993 455180 623162 603496 389546 887948 870406 289257 170870 497387 794499 769649
746249 728044 671433 95654 642041 746500 599695 246089 485244 507193 545899 183197 592194 287540 540379 161020 641333 200583 371136 827686 796839 361696 414111 792089 51868 731645 869217 487646 545221 638869 173233 999999999 620117 404685 602394 319597 403445 462305 362065 169695 412659 542123 779800 118668 653008 565368 521099 464264 365375 588625 691242 776238 517744 343518 651427 390730 865887 448067 651948 348439 748013 410437 677975 394415 188257 131342 18169 479953 335819 972317 702936 409486 384139 768697 444434 851978 495745 327178 789717 514408 801715 486779 168328 156948 813132 188165 853566 675906 576268 439097 453560 431035 237143 716541 699784 131402 176151 471447 751688 723849
1226396 770913 1031063 626945 46797 1130329 232860 814287 1027793 1065428 882725 793569 1138638 835483 109769 714702 571484 437560 901591 982336 1267475 261611 898549 1016657 667791 740727 855749 796956 329568 949489 769688 620117 999999999 767256 485304 407977 936337 970519 795288 734898 730475 606405 970776 722265 1019151 698093 515685 1048869 502368 918829 795171 967206 722059 509076 903703 244719 784731 825568 1126669 884164 1175303 994780 1071377 340218 808021 584873 603108 625086 463922 908493 971449 455478 455733 1130225 285206 791885 171124 917418 1177463 1015419 1175271 338010 584362 535374 1041492 501551 780284 1201982 803417 963083 250475 404990 588460 502243 512970 488916 636702 974221 1166291 1136832
461627 401837 285675 500120 764047 377076 615587 271873 326694 375856 144259 489877 420538 239791 658759 268536 426554 521908 232488 435969 500747 585768 175289 388816 382458 424195 539976 87050 507707 235987 512679 404685 767256 999999999 446700 361640 253486 246782 81823 276797 50469 293465 382416 473209 269585 247069 347341 409099 269109 187565 341259 379073 172755 259021 249411 535817 573593 58894 363366 233001 410027 372892 312151 428175 444524 292528 412664 217245 303372 650547 298267 327073 318443 388073 487525 551175 597305 621229 424133 275526 428402 463026 261233 541486 409152 559562 559773 458697 192343 258653 519737 380674 209273 560298 533541 441326 580765 244366 403522 373761
879924 287059 631288 674941 457530 730211 258376 646019 771698 819979 501074 771871 867151 637832 388495 577415 86215 555770 664412 505729 908840 472760 620296 556570 621322 255453 375374 425866 157472 536797 772366 602394 485304 446700 999999999 294279 691674 693233 514744 597612 396507 167566 504138 718330 625246 257633 100900 842167 244544 523859 321285 500877 314385 267334 469880 372392 319549 490364 789530 657609 796571 797948 685450 252644 751593 482854 595541 232075 266619 444376 534005 192957 218273 717589 253132 319687 341906 920936 773966 721180 764056 174844 452640 642608 580504 632864 311794 899756 380028 702610 281569 180059 398937 120449 98879 526734 735894 691062 780417 753755
818602 492371 636020 383479 409473 732949 300220 434247 627234 668049 486701 498928 736657 445381 301643 342641 350722 267271 502455 658411 860264 242023 492208 663535 348270 481060 620329 402033 227559 563252 492763 319597 407977 361640 294279 999999999 536367 565297 387566 364250 329068 292531 629277 438159 622360 359129 233989 662715 116307 526056 483058 625491 353067 112262 533272 175104 591936 420435 718777 487181 771524 610651 670891 84317 489409 220224 309910 267738 66295 710495 599428 114067 93049 737659 145545 584282 241418 645967 780319 608750 781079 168688 202894 348818 688118 341316 581423 795918 434303 560440 169955 115063 185591 401581 387577 232495 441823 568303 764188 734494
344666 645422 351847 479880 943278 392012 825775 159203 91460 132634 302019 382294 202667 116013 834694 247313 678644 587537 35093 626546 396173 709855 85214 547666 356981 671980 777343 314605 727917 374115 419066 403445 936337 253486 691674 536367 999999999 67380 177436 234516 302880 545668 565146 404598 333237 498740 590854 155973 479878 327981 578525 562707 423342 462363 433777 692052 821016 232982 255250 55895 366498 126676 329199 617201 326253 362464 419496 468075 496300 887654 450866 543597 527656 426014 679641 797185 776203 469434 426599 116351 445954 675768 354420 560313 560145 591119 807161 276038 420791 36650 706246 593690 350834 808563 782568 503646 552295 79220 376891 353394
284014 618916 291169 542178 974598 325641 846098 222256 82928 132823 261986 449491 175870 176186 866389 302950 671884 640089 92703 579753 334558 753157 74940 495314 417723 648630 745594 291473 743646 323843 485993 462305 970519 246782 693233 565297 67380 999999999 184004 292612 297214 539088 517556 470138 273087 481989 593393 188340 496837 281453 549070 515383 406572 481455 390481 727851 796191 211797 190773 115585 299312 175800 264120 643187 393497 408920 477664 463849 519308 854954 399938 559378 545913 360610 705306 771227 806651 535561 359466 52105 379208 694224 396090 619167 506065 648686 782387 231705 391400 34203 733883 611345 382059 807031 780183 555412 616071 12186 309511 286103
433829 483593 309442 455210 796634 388507 662546 195170 258078 305575 191409 423187 359787 159520 689147 210788 501630 505397 153090 506318 478174 592913 109068 448916 331720 505950 621284 161454 559643 283295 449468 362065 795288 81823 514744 387566 177436 184004 999999999 214261 127785 368853 449802 414739 291136 328267 414065 331238 313045 231928 422233 446680 254421 298233 314356 556003 655327 93193 333640 151789 403635 292671 320261 462554 374629 268284 372877 290917 337613 731914 353857 375397 362280 407823 524194 632985 628571 548305 433537 222665 442985 510440 244291 509509 467170 532132 641513 410117 270313 188605 553935 427513 211350 631205 605149 421408 535440 184687 402371 373131
576560 653590 516814 252921 748699 584999 664411 82240 319069 345667 405554 213395 428377 118532 641298 21618 614100 355433 201655 712741 627155 491617 247010 661863 126759 666604 795931 363846 584927 497543 236280 169695 734898 276797 597612 364250 234516 292612 214261 999999999 301440 493586 658902 200619 497889 488353 502063 315545 354782 446156 603402 655606 425622 332434 524757 491785 811502 306801 482448 179092 580956 261012 516820 448474 171531 150922 185247 419067 348011 904466 567679 414507 391907 610222 508414 793109 587608 350699 626692 344716 640480 527078 161359 326594 680732 356720 798192 508999 466086 269778 527985 453481 199388 717802 696098 273181 330427 301809 585927 558748
504085 360802 307953 508228 725182 403957 571138 307920 377135 426244 159439 514433 470645 280341 621288 290137 376336 511331 280542 416534 541144 560711 225674 381164 396379 380531 501056 80082 461740 244179 534173 412659 730475 50469 396507 329068 302880 297214 127785 301440 999999999 243236 367189 491389 293668 201465 297475 458065 228845 200954 304391 363644 129608 221536 240235 504162 529576 99071 407194 279478 444842 420438 342035 390327 472241 291761 418604 166782 267476 611177 296939 283739 277331 410226 448075 508000 559716 650722 451323 325063 452791 419004 257325 540449 403155 555396 515816 506825 166052 308971 481223 337462 196807 509839 483072 434008 588330 294662 436108 406545
712982 200091 464468 628301 587090 563868 399319 526189 619937 669253 333814 690676 709977 508981 499875 475907 133100 553875 521798 380785 741359 523492 468723 410631 547650 193127 333193 260933 285423 370881 699429 542123 606405 293465 167566 292531 545668 539088 368853 493586 243236 999999999 364566 648304 457989 94680 91496 700089 188303 356356 196214 360965 147041 206096 308322 434623 324164 330504 623742 518452 629087 660156 518003 298965 660369 411734 540135 78587 234838 431643 374554 182170 199747 552923 332379 309877 443131 837533 608211 562677 599401 268536 375891 621500 435392 621713 311636 737112 214228 552116 367518 214954 309883 270367 242740 501585 700000 535668 613163 586334
528056 238803 260559 875315 950224 322182 757539 643879 592926 638332 266231 871352 632867 603693 864437 650942 426884 861084 562589 62573 531926 870707 483257 59422 762622 281623 289451 295611 646073 194280 895022 779800 970776 382416 504138 629277 565146 517556 449802 658902 367189 364566 999999999 855351 270827 276002 455108 705528 513056 237222 183747 3792 279667 520646 135668 790301 378125 357525 477399 574197 410697 690180 320758 656033 824158 656595 785398 362370 563599 380923 121193 533812 544343 288280 695364 349848 807367 997847 349098 505836 327241 633079 620806 902570 79462 913998 367187 611165 206035 547727 730806 575395 555326 559107 532872 790407 955253 507353 385864 371478
747082 827056 715949 104289 747589 779882 716422 249415 472502 483095 605799 71459 569852 297294 649270 205161 753592 287367 377920 907257 799132 460824 438622 860904 100704 834095 969354 559757 663866 698025 54606 118668 722265 473209 718330 438159 404598 470138 414739 200619 491389 648304 855351 999999999 696912 662144 634151 423799 478154 646668 784489 851957 607569 455788 722516 501892 972392 506872 659848 355396 767833 374409 712383 512918 102702 238330 130281 581553 451843 1074810 767519 525427 500182 807232 562056 957048 607953 208748 819816 520829 835327 605444 272835 206011 880254 243850 959725 659935 657439 441205 569826 548959 338649 833624 816246 237805 154353 481000 775440 749562
272188 445135 19172 745414 1010537 111181 842405 454469 337417 378449 136467 693422 363604 407480 909446 498144 572402 789270 342604 332407 290055 853532 266224 234319 620609 484608 542413 222224 728602 96044 724957 653008 1019151 269585 625246 622360 333237 273087 291136 497889 293668 457989 270827 696912 999999999 369332 541116 453224 517296 102763 371175 269734 313247 512948 179042 797439 615891 213533 207829 360503 172173 448444 61491 679512 639840 555155 664006 407293 559521 643728 150736 565091 563421 118667 734387 588072 848030 798247 158399 248029 159303 694778 526920 800102 240205 821556 603046 341370 246782 306716 768728 617611 478720 716952 688665 707065 825227 261332 155178 128931
630876 165588 374431 656861 680153 472814 493887 506377 564614 614517 252791 696081 646415 481348 590527 473441 204479 607383 479379 299711 656338 598221 416748 318777 562215 179941 308185 191825 379809 279308 710136 565368 698093 247069 257633 359129 498740 481989 328267 488353 201465 94680 276002 662144 369332 999999999 185647 654713 244842 269727 128677 272296 75606 256602 213873 515000 328377 270220 545587 479953 541356 619881 430207 380254 659472 434343 566379 93219 295314 416128 279891 258449 270606 460060 419751 307496 532514 838634 516354 498853 506539 360178 397183 663956 343663 669063 314664 664870 122798 499576 455277 299446 328257 348765 320486 545829 732808 476886 524225 498228
788372 271191 548899 599871 495723 648987 308377 547307 671349 719461 411901 683986 767854 537765 409957 482380 120640 501230 563513 468428 819548 448848 520096 501971 535166 252671 389464 332806 194168 457306 687403 521099 515685 347341 100900 233989 590854 593393 414065 502063 297475 91496 455108 634151 541116 185647 999999999 741283 156011 438538 281766 451548 227895 178388 398282 355034 358123 393046 695895 556758 710470 697228 599959 220971 660359 396196 516126 136984 189577 476691 465028 120452 144205 640183 246330 350344 354379 832856 694134 622530 686576 178478 363641 579067 526696 574246 347477 802882 301855 602156 280721 135949 305381 219935 195894 459979 666036 591514 695854 668272
365846 800281 470080 518787 1060663 483931 959512 234702 115980 84646 449402 377061 159605 217360 952491 334878 832796 662955 178455 767832 416800 807002 239478 681399 412675 827530 930467 469650 867362 511472 417908 464264 1048869 409099 842167 662715 155973 188340 331238 315545 458065 700089 705528 423799 453224 654713 741283 999999999 620888 469784 732378 703413 579309 601657 578752 804684 976384 388024 307799 184775 432494 54626 432093 746118 324975 464073 482197 622054 630861 1040407 587072 684801 666720 523866 808135 952293 896640 413714 507860 205298 532200 812876 466344 613181 690880 648389 962532 253141 574373 160800 831707 732499 479406 960293 934771 584465 578101 198212 450449 434362
730724 387221 529769 446155 496337 628450 349605 409108 567327 612279 380835 528787 672271 407609 392892 334159 275967 366510 448577 543132 769237 358241 421937 547344 379365 381253 521385 295128 248049 452357 531484 365375 502368 269109 244544 116307 479878 496837 313045 354782 228845 188303 513056 478154 517296 244842 156011 620888 999999999 418146 371005 509269 237055 22807 418238 285254 505233 325992 632375 437460 673445 572563 569010 162276 507134 240376 360911 152345 50694 617907 484889 63944 49587 630138 219232 493864 331337 677804 675694 534891 674540 197399 208638 433569 571962 433420 493548 721799 318678 498189 252513 114513 155404 363922 343422 313601 514952 497731 663998 634591
362513 363342 112528 683350 909268 212718 739752 417859 359233 406377 43307 652977 412692 374506 809065 442399 473951 708513 326635 298924 386617 761080 246922 222976 562022 399952 475663 124042 625881 51433 680676 588625 918829 187565 523859 526056 327981 281453 231928 446156 200954 356356 237222 646668 102763 269727 438538 469784 418146 999999999 289368 234842 210782 415227 110062 700719 539162 140874 283083 339566 272732 453003 161705 579957 602442 480006 597702 304535 462006 582329 125629 463928 463276 212017 633745 512230 747790 770986 259326 275041 256516 592549 448736 728674 238652 747115 525789 410841 148881 310862 668359 516065 394274 618409 590119 628641 763969 271719 257340 230066
643331 74240 369657 783685 772236 457254 576897 611682 631468 680867 291831 814511 698358 581050 690984 590201 243139 735478 564933 187170 659263 718565 493511 238888 685443 113790 199456 264863 467331 275244 830931 691242 795171 341259 321285 483058 578525 549070 422233 603402 304391 196214 183747 784489 371175 128677 281766 732378 371005 289368 999999999 180658 177913 384094 192317 630800 250247 345931 571139 569621 538104 704130 431651 495138 774889 560769 692974 221319 420922 310127 240523 376742 392019 433612 527363 223868 636097 953903 494434 554896 478217 459880 523579 792578 261840 797707 236736 700178 158020 572293 562139 411125 454652 377438 350639 674505 860311 541708 516687 495160
527830 236320 259690 871744 946713 322341 754130 640840 590950 636467 263490 868106 631468 600754 860830 647589 423796 857321 559974 64467 532073 866927 480690 61394 759149 279188 288694 292235 642604 192316 891703 776238 967206 379073 500877 625491 562707 515383 446680 655606 363644 360965 3792 851957 269734 272296 451548 703413 509269 234842 180658 999999999 275882 516854 132666 786554 376837 354477 476527 571487 410726 687835 320111 652304 820984 652958 781808 358597 559810 380868 119769 530071 540580 288774 691693 348540 803730 994777 349694 503983 328040 629486 617152 898881 82056 910276 365819 610297 202332 545461 727140 571700 551637 556302 530018 786678 951668 505221 385975 371328
565981 231241 321086 611602 708570 421293 531940 437260 489123 539014 186773 636614 572143 409804 612738 412289 272771 582249 404507 317287 594464 595082 341156 310589 509192 251576 372039 117720 417517 230961 653390 517744 722059 172755 314385 353067 423342 406572 254421 425622 129608 147041 279667 607569 313247 75606 227895 579309 237055 210782 177913 275882 999999999 242374 182940 520517 400916 194775 477463 405729 483211 545056 372402 390321 597145 388917 520738 97382 286825 481887 250492 268583 274061 414033 437959 378815 552576 776243 466756 424464 460218 388450 351961 628791 335102 637790 387109 593499 82348 423971 473426 317164 283796 415089 387044 513878 689716 401628 468117 440759
720289 403552 526036 425312 505031 623920 364705 387817 550560 594931 376730 506081 656452 387460 400118 311728 298009 351623 430580 552873 759765 353434 406698 552918 356818 399217 539234 291439 266022 451402 509017 343518 509076 259021 267334 112262 462363 481455 298233 332434 221536 206096 520646 455788 512948 256602 178388 601657 22807 415227 384094 516854 242374 999999999 421318 285654 525449 316843 621414 418839 666263 552827 563249 169250 484329 217832 339408 163412 46805 636985 487276 83855 65333 627154 228681 513517 338582 655083 671255 520701 671052 213506 185874 415466 577366 416624 513610 707960 322857 481668 260722 131382 133058 386634 366212 295611 495006 482770 657623 628075
451221 266136 177430 747080 888724 268191 706548 508219 469081 516404 132196 736606 521294 468120 794692 517579 407165 746731 429152 194398 467139 774719 350469 140944 631532 305978 368439 163910 592100 83571 761031 651427 903703 249411 469880 533272 433777 390481 314356 524757 240235 308322 135668 722516 179042 213873 398282 578752 418238 110062 192317 132666 182940 421318 999999999 702864 437592 221883 382217 439882 346398 559861 239335 573256 688902 531990 658110 278806 467028 473662 67754 451451 456835 249615 620393 409981 734885 862219 308469 385080 295770 567933 497334 780440 163079 794469 424596 513613 100661 418945 655929 499337 434720 550417 522372 672049 827483 381065 325684 303268
989363 626217 811011 417521 257049 908053 232148 570328 783509 820777 661668 571464 894536 590796 150948 471264 450456 239748 657224 813494 1032228 101504 656859 828688 434670 606286 739341 576774 234913 736910 553328 390730 244719 535817 372392 175104 692052 727851 556003 491785 504162 434623 790301 501892 797439 515000 355034 804684 285254 700719 630800 786554 520517 285654 702864 999999999 691649 594699 889249 639588 945844 750753 845889 135661 578307 341143 375142 428886 238851 815980 769830 256575 246888 912503 119869 690219 106406 706604 955423 773791 956075 198019 339648 343051 853511 318006 683426 959541 602723 719350 98736 220256 346376 446042 442818 264159 448447 732009 938923 909202
