NAME : synthetic_000065
TYPE : CTSP-D
DIMENSION : 100
GROUPS : 8
RELAXATION_LEVEL : 1
EDGE_WEIGHT_TYPE : EXPLICIT
EDGE_WEIGHT_FORMAT : FULL_MATRIX
EDGE_WEIGHT_SECTION
999999999 333481 213984 887737 534862 831461 722348 965667 567395 697720 419741 978632 839879 445941 719926 555442 244075 315219 381362 831729 761595 789635 610503 214344 615437 534085 699837 684744 638314 165437 522623 643403 809670 620799 569147 492866 54243 916229 721735 591950 731653 461118 612714 444833 145339 326464 566147 371759 485037 551513 688356 480760 378159 211167 609121 747105 160471 235099 645113 762418 696539 845555 477482 528565 958001 660576 817443 704177 723945 630332 478507 249720 120893 804115 408161 224381 412317 570462 498090 806402 744770 552556 156095 535795 41085 520896 456201 654114 796149 159020 270015 705058 382426 486444 784103 546837 753710 433012 277145 581470
333481 999999999 270453 555467 259222 506040 591868 638718 235218 384196 237774 677927 510594 251905 408029 272181 185916 238194 420575 571142 544451 519558 383189 373137 534268 271965 492018 409687 458429 497548 339466 395048 592416 294549 351956 299366 339933 614565 420215 276349 532749 365209 330256 388725 368795 208418 423057 471471 468228 227223 556370 331822 404285 373896 517470 549790 485199 98744 535346 516706 363226 517783 176347 199024 664678 483868 526287 381348 544456 365344 320304 295388 436386 508651 217525 557379 79570 248853 416043 483381 456994 270937 421272 215002 299121 418970 244591 442781 463191 270231 67821 462820 53267 206495 450715 400006 670315 426477 223223 373835
213984 270453 999999999 794892 370381 694322 814596 890020 486264 650783 466009 946178 711177 487856 568760 541491 316683 401946 535315 839672 801821 789097 640322 398271 729542 361802 745122 679191 699475 324436 576630 454923 604719 554290 373564 296043 174612 882903 689740 453991 783499 247450 444608 560803 134175 137522 645508 549305 622509 491154 778751 273067 526078 108130 717719 800314 361177 210780 745877 567524 591886 712870 446609 458267 934347 724392 796538 642229 787857 632720 273026 386741 244364 778572 447999 381790 341048 442356 605415 742081 571964 539977 368017 410259 214545 306931 271270 452066 701004 55021 208739 510994 322235 473823 677211 623096 871362 571300 366392 623286
887737 555467 794892 999999999 470836 211978 699365 116347 320429 240050 568086 292311 171410 549658 315288 393283 685477 673175 823631 403354 512057 364307 473856 872350 748206 493872 520688 356107 568826 1052608 553851 510800 633246 272723 569420 602873 895111 260021 266841 361604 549121 733574 434433 722041 914511 674511 622090 900025 795041 341072 681438 664854 804872 902911 726389 557505 1033347 652859 707673 537710 203952 188047 428149 359631 318019 580032 289587 205732 592006 393968 651325 771782 991432 271882 562611 1112091 475985 360712 701625 133885 404622 397445 952171 388682 851470 748077 579167 594315 93908 812413 621899 533298 505336 440878 125700 612307 815619 786091 689816 511964
534862 259222 370381 470836 999999999 330148 790946 581164 245714 419000 464717 694084 352838 469099 199667 403362 444635 494253 678254 665374 688873 608627 545371 625845 760094 26579 651696 512530 643520 681654 542744 138324 339087 314694 126154 133182 518762 635880 474932 110519 694012 263028 77881 634216 503731 233620 634113 730693 716522 289293 757899 195154 661431 470975 740723 710171 695321 334099 749511 257944 274760 351300 325303 254308 696883 667508 580808 386454 718637 492243 181248 554046 606001 558031 445764 741623 230204 123542 652024 464540 210082 404922 656188 115710 511517 283731 111586 202291 382602 406802 289556 205589 252132 369741 345247 612460 885849 678843 482143 553931
831461 506040 694322 211978 330148 999999999 827134 324946 306806 348069 606244 501237 40604 595685 134420 455204 673837 688148 862148 576236 661052 527268 576873 868004 847715 346468 652667 480405 682161 989491 630332 324858 423136 307844 397866 448938 826058 461684 398844 242014 688527 577521 269744 779516 824848 560527 714082 931384 860361 353600 802597 507987 843324 798257 825760 700393 988326 602939 816853 330185 175754 26335 443333 349879 522862 699285 463587 299385 727202 497790 496125 775932 918805 441653 594235 1050070 435164 261009 773744 297647 201300 459031 926862 295667 800936 579356 440966 402521 177146 724298 563110 333567 467297 474167 132307 698688 940274 838981 693339 606641
722348 591868 814596 699365 790946 827134 999999999 682250 570793 480619 356076 542872 801062 339980 821384 396459 501884 417467 377110 331985 198598 346665 255828 544221 127936 813951 178771 349238 150115 847354 253578 922236 1119468 531989 911710 877992 768062 510369 436817 730786 153314 957024 831626 279988 847046 797213 170343 439563 271370 517365 35936 919542 369697 889649 122609 149599 773994 607915 80476 1025000 659796 818483 465679 545078 501343 129213 424465 528588 109038 330550 906950 473916 838529 435535 375977 885389 573058 697663 225079 565781 914779 393860 657441 684769 684662 1009658 823851 993234 664529 784501 625847 983838 564003 421248 698894 193327 116288 312308 455664 238106
965667 638718 890020 116347 581164 324946 682250 999999999 405619 278672 612722 200168 284451 591098 431586 437339 749275 725079 859083 360620 485701 335710 485634 928168 749477 605032 508038 363256 567613 1131103 577720 626769 747788 345151 683680 714017 977863 188986 281466 470916 528947 844178 548802 749959 1004508 775356 632893 937524 816242 414238 669825 776075 840839 998103 728434 534036 1104647 733207 703682 653120 308305 299870 492431 439702 234791 573972 257786 262252 573215 412016 762317 825914 1074318 248083 610860 1189524 559542 466328 721695 161816 520513 441285 1016101 491598 927715 861071 687379 710509 198576 903189 706352 649593 586514 495738 238878 627141 797555 814661 746609 526782
567395 235218 486264 320429 245714 306806 570793 405619 999999999 179800 301094 471120 299516 292918 256929 174430 376166 382264 555454 419993 447668 363289 316162 568967 564674 272033 416168 267474 420685 732184 341354 360639 551793 73787 371664 366626 575115 409316 232365 162124 457787 484130 266687 476629 598893 380739 431259 624682 558848 54083 540628 424211 536659 594033 543414 473209 714758 332439 542781 455348 138535 311069 137008 43807 466809 442631 340868 158925 486968 252577 409794 473182 671540 319011 288098 791713 155660 131283 476567 256148 345038 177198 638948 130009 531470 518276 323423 439530 228951 497616 302139 417580 184972 171725 222368 412603 675391 534273 390044 334074
697720 384196 650783 240050 419000 348069 480619 278672 179800 999999999 334999 295885 320559 314379 366523 158992 472933 446424 586280 252910 315065 197151 238313 649526 514053 445579 304731 132356 339493 862534 313831 518057 693895 106225 542823 544716 715265 232916 58439 320128 340535 663866 424105 482409 752541 555791 384678 663688 554995 159982 457851 603250 567687 756688 492041 352688 830591 471387 477360 593984 192468 338143 220241 195072 288120 354433 161999 48842 379215 157301 588817 547244 810945 139607 332389 919675 309763 296868 461685 117884 467159 163005 738853 305237 658474 696889 502942 601486 185488 654404 451358 566301 330974 217977 218342 373600 595097 546671 468213 274208
419741 237774 466009 568086 464717 606244 356076 612722 301094 334999 999999999 578688 594753 26433 551769 176158 175805 117665 258586 413758 344777 375435 190784 320219 298775 484171 284536 277918 233533 573567 110741 602387 803417 307030 575970 532473 454224 519338 336887 433848 320312 602541 520626 176875 519702 441208 186087 332790 260029 252680 320283 568937 239645 551174 280972 336779 523685 255755 297572 716978 432283 608056 164362 260266 552369 258388 414968 362477 321961 221325 557025 218023 540558 406175 20257 624769 234913 399599 187410 452877 628491 172089 419730 376143 378726 656744 477561 663288 493207 442819 270136 668485 217873 132913 504924 162999 432784 233179 148835 163264
978632 677927 946178 292311 694084 501237 542872 200168 471120 295885 578688 999999999 461246 553239 584203 423192 741860 696352 794104 212227 346354 217706 408287 897432 633894 720130 387750 300799 459795 1140982 510470 768545 914606 397960 810824 825397 1001264 63365 258816 586124 394959 950023 680612 677240 1044415 850785 539191 873139 729089 455859 538988 886097 777525 1051498 615048 394664 1099577 760680 582385 816166 426244 478746 506833 490698 42818 457939 163728 313036 437789 357425 871740 796107 1095481 174670 583527 1195799 605176 570969 637417 230941 681830 426107 998308 587155 938232 977446 788663 854036 338094 947888 744245 803069 624996 492390 387142 540480 652386 739836 725821 449473
839879 510594 711177 171410 352838 40604 801062 284451 299516 320559 594753 461246 999999999 582640 164317 437490 672438 681715 852303 541776 630738 494056 553606 866345 826677 371062 625103 452693 657904 999881 612114 359044 463449 291073 428896 476090 837034 422688 368857 257189 659916 605866 297743 765735 840032 579435 693716 923183 845546 342665 777578 536186 833401 816440 804656 671258 995111 608615 793980 369873 162670 18590 433984 343244 483509 674116 428373 272488 699470 473571 523874 772154 930871 406865 583842 1060421 436873 271704 757264 261682 239573 441439 929540 305844 808054 610555 464366 438517 142640 738702 570245 371327 468953 461940 102226 679216 915102 826353 689139 585050
445941 251905 487856 549658 469099 595685 339980 591098 292918 314379 26433 553239 582640 999999999 546657 156478 201917 143306 274444 387326 319728 349144 164567 344841 291234 489512 260023 252443 211990 599998 89488 605941 806800 292942 583163 542582 479983 494213 313638 432055 296626 617101 522043 183994 544492 457845 171573 350367 265930 242505 304465 581175 255584 574724 272355 313245 549922 277159 285492 718659 420732 596448 158119 253720 526532 237150 389563 343932 300189 195815 568936 242983 566723 381209 40182 651179 241043 397681 186653 432097 626260 152334 445465 376022 404907 670247 487849 669250 477006 466143 288864 671367 227098 121701 490823 148646 421680 243715 175160 138218
719926 408029 568760 315288 199667 134420 821384 431586 256929 366523 551769 584203 164317 546657 999999999 428368 587593 615914 797363 616183 677630 562011 565578 779760 821446 213770 656943 491308 671781 873284 598246 196776 333512 290124 264607 314610 709566 535156 424118 131681 696582 443127 135393 728625 701202 432833 687788 860782 811639 310693 792853 373574 779036 670494 800100 710566 879205 499999 798189 233643 174734 158309 388557 293139 598145 692238 511444 320195 730492 493421 361710 694561 799888 488060 536567 933702 347334 161071 732157 358895 101413 431538 827266 193479 692351 446273 308806 279194 246420 602382 457488 219737 378247 427229 198145 669417 929108 783335 614511 587834
555442 272181 541491 393283 403362 455204 396459 437339 174430 158992 176158 423192 437490 156478 428368 999999999 320908 287973 430399 299019 288880 247609 143158 491530 395140 428111 248371 137700 246394 718056 175132 529199 724154 147374 528165 507312 579055 360908 168111 334676 290727 608188 436940 332230 627224 471514 260997 506799 409623 120915 366206 557910 411617 641954 373452 307002 679794 342622 369845 628831 279839 452661 97051 150528 403474 268726 262810 187624 315992 95683 544050 389060 672641 248713 173522 773431 215766 301986 319917 276861 519174 4173 583836 291924 515053 652213 456700 604061 323029 534877 333234 588991 223798 69936 341136 244231 501307 395179 311443 159820
244075 185916 316683 685477 444635 673837 501884 749275 376166 472933 175805 741860 672438 201917 587593 320908 999999999 85401 243658 587972 519350 546984 366481 194167 412859 456007 458199 444083 400634 400769 281269 578959 773663 412756 529098 467669 279036 680450 489016 456783 491862 502322 516162 245066 348951 334130 335973 287042 312596 345021 466372 486907 229529 387865 401225 507821 358894 130234 430555 701311 514357 682129 258029 332799 718861 424135 579009 487947 488151 388686 477947 109481 364812 567305 164189 454234 240882 426572 288743 587549 642113 317581 267211 394457 203018 562086 415243 620798 599526 282912 168179 646616 209450 255294 598254 314670 554682 263966 50509 338339
315219 238194 401946 673175 494253 688148 417467 725079 382264 446424 117665 696352 681715 143306 615914 287973 85401 999999999 184453 527900 447670 491784 302942 203793 327677 508950 385526 395574 323128 461793 208885 631701 830250 404172 589909 533933 355762 636939 452715 488834 416515 579515 560700 161790 430625 411566 253633 244978 234510 341601 382140 558852 167262 472270 315841 431901 407645 207808 345335 752149 519765 693299 249681 338665 669837 345616 532633 469339 409239 338970 548906 101243 435597 523714 114951 510903 272200 456229 203505 563958 680642 284109 302160 427113 275115 638186 479946 680924 593023 368096 239471 699397 244614 232344 598798 233171 469453 189456 38708 269909
381362 420575 535315 823631 678254 862148 377110 859083 555454 586280 258586 794104 852303 274444 797363 430399 243658 184453 999999999 598591 486649 577363 386321 175894 253764 692326 427129 503035 351655 480286 285467 815293 1012932 565615 770508 710945 433749 740810 577944 671918 442925 742954 745152 118154 522556 575435 265885 79261 109963 509647 348807 730322 18942 579859 254710 453955 401156 373318 296728 936198 689642 865137 418854 512894 760948 364936 635323 618023 417746 449442 721526 148881 485392 632343 268473 512874 456268 638871 167359 703075 864568 426232 285188 610585 351117 803437 658029 861984 751278 490134 411751 883046 429047 391266 763482 258077 381628 65083 198443 344754
831729 571142 839672 403354 665374 576236 331985 360620 419993 252910 413758 212227 541776 387326 616183 299019 587972 527900 598591 999999999 134256 56754 225181 720054 422352 691810 178142 162434 252743 987321 324960 770415 946180 351514 790872 785192 862445 179442 194495 571379 182732 896652 676166 480457 918844 768701 335920 676469 524501 382689 326844 840809 583266 938326 403959 182877 935456 636431 370385 846110 441504 560348 395713 420300 172178 247997 114482 296518 225725 207284 826514 622500 952043 134990 423809 1038241 512192 545998 435845 280981 717465 300205 827308 549827 790646 935456 739020 853238 399372 830259 630989 819206 522573 365850 444596 340765 443845 540479 562000 261661
761595 544451 801821 512057 688873 661052 198598 485701 447668 315065 344777 346354 630738 319728 677630 288880 519350 447670 486649 134256 999999999 150482 161819 624784 290433 714295 62499 186336 135246 908678 239029 808263 996285 391563 814648 796169 798376 311795 262211 608852 49222 895296 714097 369630 864214 751360 220896 562076 402561 399868 192634 846536 473050 892905 273076 48999 848673 591856 237496 897822 506036 648905 381228 434629 305744 122911 228562 363757 91470 196643 832745 533377 882408 242073 359642 955666 500604 578927 319792 380797 776514 288170 736076 574668 720904 940653 745508 886771 489486 784055 595721 863808 502737 341678 529284 231531 312375 425009 484908 181544
789635 519558 789097 364307 608627 527268 346665 335710 363289 197151 375435 217706 494056 349144 562011 247609 546984 491784 577363 56754 150482 999999999 193634 688541 422616 635067 176074 109913 244165 947568 295999 714039 890954 294796 734119 728715 818321 170634 138732 514825 193360 840844 619724 460046 871888 714837 321712 656207 511588 326554 335724 784561 561095 889090 402729 198419 899053 588222 373463 790974 387284 512549 343440 364217 183611 245207 78113 241862 237673 159976 770248 588984 909322 92546 383628 999805 458472 489290 419711 236253 663124 249147 793294 493093 748618 879172 682819 796703 351427 781527 580739 763335 470083 315933 395077 322784 461846 522302 524270 233691
610503 383189 640322 473856 545371 576873 255828 485634 316162 238313 190784 408287 553606 164567 565578 143158 366481 302942 386321 225181 161819 193634 999999999 495831 275748 569704 109967 122379 106449 763551 102446 672327 867124 276596 669347 644349 644131 354516 208451 477440 151951 738010 580077 270700 706316 590758 148648 465522 331230 263461 227758 692043 369465 732629 253746 168838 710344 430805 240383 771383 406104 570339 225863 293637 376626 126828 249192 283237 173267 81025 678553 397470 731290 247597 203070 813687 343372 444997 236811 342059 659164 141109 602248 434927 569473 785388 592178 746683 423383 623748 433910 732083 343016 183748 452418 141508 365003 334562 337669 42001
214344 373137 398271 872350 625845 868004 544221 928168 568967 649526 320219 897432 866345 344841 779760 491530 194167 203793 175894 720054 624784 688541 495831 999999999 425775 633780 562578 596879 491368 305168 395120 754809 942187 600639 695229 626106 268424 838937 656445 648368 586394 630245 700463 266367 359350 470793 408918 157480 285109 534703 513210 631940 177697 422463 423870 599726 229930 292524 464035 877772 707442 876202 444662 525325 869330 509519 733966 670469 568685 540295 625822 102550 310687 726037 318740 341173 434395 619083 321868 766718 829373 487706 113619 586289 191511 691748 578322 786173 789044 346843 336943 821508 402626 433345 790314 394477 557174 235811 182575 458410
615437 534268 729542 748206 760094 847715 127936 749477 564674 514053 298775 633894 826677 291234 821446 395140 412859 327677 253764 422352 290433 422616 275748 425775 999999999 780722 246965 392505 181878 730772 223487 896387 1096933 541360 874141 831113 663957 592871 481466 716312 241225 895895 810668 171877 747168 730557 134145 312514 145305 510770 107761 866087 248540 795320 22051 245406 654144 531358 54369 1007107 673702 842908 441025 531515 594508 177418 496272 558481 202218 356752 854528 365830 727996 502263 318791 765858 532163 682072 124184 615190 907995 391632 537731 663448 579792 951934 776171 960484 698920 694005 556360 961205 516585 398267 726449 152083 141848 190324 363406 241687
534085 271965 361802 493872 26579 346468 813951 605032 272033 445579 484171 720130 371062 489512 213770 428111 456007 508950 692326 691810 714295 635067 569704 633780 780722 999999999 676482 538604 667049 677387 564702 123100 321785 341238 100364 109038 515396 662105 501495 135376 718834 239733 82915 651828 495797 224304 655824 742803 733716 315004 780666 171080 675800 459845 761586 735063 694477 341302 771259 245342 299606 368509 348311 279667 723200 691188 607383 412926 742936 517653 157459 565104 600605 584600 464953 736998 249260 149939 671176 490342 211919 429579 659685 142032 512488 258174 95119 179997 406586 400884 296838 190865 269295 392723 368178 633981 907713 694987 495170 577414
699837 492018 745122 520688 651696 652667 178771 508038 416168 304731 284536 387750 625103 260023 656943 248371 458199 385526 427129 178142 62499 176074 109967 562578 246965 676482 999999999 172422 75949 846287 177239 775754 967815 367203 776510 753496 737213 345954 258560 578292 42410 847978 682461 309483 804237 700015 161394 503501 347350 365477 162137 801759 413007 834439 227558 59033 786187 534596 197394 870646 489680 642799 335397 398068 349290 70193 251494 353295 74567 164450 788216 470882 820589 260015 300145 893175 453310 546914 261269 387035 753651 246948 673693 539438 659229 895230 701642 851955 486980 725705 540598 833739 452797 293664 522889 170314 294955 366578 422938 122136
684744 409687 679191 356107 512530 480405 349238 363256 267474 132356 277918 300799 452693 252443 491308 137700 444083 395574 503035 162434 186336 109913 122379 596879 392505 538604 172422 999999999 212782 844696 217852 626197 811310 206450 638669 627712 711591 242193 89349 426115 208458 736127 531683 389906 763159 606272 270245 582239 453301 224739 327945 681875 485487 779396 370811 221099 800016 479035 351648 712425 320362 470378 233698 261780 275131 225131 137130 181036 246869 56629 667684 495357 803658 130209 283314 898226 349762 397649 358781 222729 590228 139283 697615 396978 643880 776590 580003 706534 315296 672017 470881 679856 360470 206323 350474 263887 464442 454362 425524 163666
638314 458429 699475 568826 643520 682161 150115 567613 420685 339493 233533 459795 657904 211990 671781 246394 400634 323128 351655 252743 135246 244165 106449 491368 181878 667049 75949 212782 999999999 780248 122845 773404 969928 383042 765672 735491 678246 414752 302129 580895 95205 821235 682233 234402 749294 666519 85771 427691 271843 367309 121310 779813 337860 783847 160858 109478 717218 488969 138867 875107 512316 674901 319077 395496 422433 25440 315563 386088 88440 184428 766791 402730 758488 320671 251545 825443 430855 547911 185384 435229 764740 243844 603490 535778 598236 871606 682042 845650 524938 675854 500276 834441 425134 274897 556207 96953 258681 290710 361451 89644
165437 497548 324436 1052608 681654 989491 847354 1131103 732184 862534 573567 1140982 999881 599998 873284 718056 400769 461793 480286 987321 908678 947568 763551 305168 730772 677387 846287 844696 780248 999999999 670514 777920 927287 786222 697782 620241 163745 1078938 885191 748202 875094 560831 758690 567613 197878 457411 702534 445016 590005 716945 815325 595889 482858 262519 728228 889726 90251 399750 767629 891890 859804 1004711 642325 693747 1119118 800867 978888 869563 862702 789445 596797 378288 81097 966318 564059 60579 576781 728870 622976 971751 889297 715026 196526 694385 204060 615159 591841 776098 960685 277750 432571 835235 547301 649686 947442 685306 861914 540976 425953 731657
522623 339466 576630 553851 542744 630332 253578 577720 341354 313831 110741 510470 612114 89488 598246 175132 281269 208885 285467 324960 239029 295999 102446 395120 223487 564702 177239 217852 122845 670514 999999999 677138 876810 322506 660972 624848 560163 455837 296485 493413 210800 704165 589482 172421 628643 546520 91770 364724 241235 287573 218689 665965 268187 661621 202479 226986 613360 366148 206872 785445 454939 627518 219295 308123 479071 147840 350166 352718 211246 165764 653377 298627 643405 346878 128738 718706 320297 459279 147982 426547 684556 171331 503246 441927 481994 756256 570539 744639 492469 553410 378320 740889 310433 175675 514425 71493 343105 237075 245895 63298
643403 395048 454923 510800 138324 324858 922236 626769 360639 518057 602387 768545 359044 605941 196776 529199 578959 631701 815293 770415 808263 714039 672327 754809 896387 123100 775754 626197 773404 777920 677138 999999999 201032 420885 86769 160814 619406 715211 576202 200128 817684 269997 94567 772522 588111 320712 768818 865838 854846 410277 889945 205257 798687 542501 876709 833345 802751 462377 883988 122974 343359 350515 458194 378690 777953 796766 675739 478231 845074 613010 197398 687933 698808 652317 583611 836235 368323 229356 789783 538409 136791 531222 775659 237642 625120 259243 187358 85497 435565 500306 418147 67772 390419 502418 389650 747543 1019942 817001 618263 684266
809670 592416 604719 633246 339087 423136 1119468 747788 551793 693895 803417 914606 463449 806800 333512 724154 773663 830250 1012932 946180 996285 890954 867124 942187 1096933 321785 967815 811310 969928 927287 876810 201032 999999999 604940 246958 318789 777899 867653 752248 389808 1009217 371552 287930 973202 730415 483880 968568 1060587 1055326 603710 1087787 331705 996701 673405 1077106 1024388 964569 652037 1083498 100203 505919 448753 657553 574440 930528 992761 843988 649750 1038725 803715 332058 881598 846307 820526 784638 982357 569261 422168 990814 692091 233242 726456 951786 435330 797176 328137 363924 156691 576827 656171 608807 135932 590795 701523 527580 947527 1219092 1016761 814984 881375
620799 294549 554290 272723 314694 307844 531989 345151 73787 106225 307030 397960 291073 292942 290124 147374 412756 404172 565615 351514 391563 294796 276596 600639 541360 341238 367203 206450 383042 786222 322506 420885 604940 999999999 439636 438838 632840 335878 160379 220871 407374 557661 326325 475070 662519 453022 407328 639036 554504 69395 504345 497112 546674 661464 519523 421803 762534 388085 513311 506273 132540 305803 155977 96374 393059 402777 267855 87940 440471 203319 482681 500995 729264 245724 298215 844905 216250 194498 466410 189009 386509 151189 679505 199916 583226 590879 396718 502540 188898 562329 362361 473482 241844 174670 197971 391266 641401 536383 418410 302061
569147 351956 373564 569420 126154 397866 911710 683680 371664 542823 575970 810824 428896 583163 264607 528165 529098 589909 770508 790872 814648 734119 669347 695229 874141 100364 776510 638669 765672 697782 660972 86769 246958 439636 999999999 77542 541773 754321 599446 225451 818883 184723 134986 738948 505540 243096 751515 815433 819566 415336 878061 118633 754842 457636 855507 835162 726953 405565 866875 194278 385655 422554 446609 380022 816143 790003 704096 508054 842490 618006 110650 636116 617927 681089 556304 755352 342140 245957 761697 579993 221219 529565 707127 241744 553829 181666 117021 91728 487338 421168 362769 137453 358476 490893 444806 729361 1003423 778427 572078 676036
492866 299366 296043 602873 133182 448938 877992 714017 366626 544716 532473 825397 476090 542582 314610 507312 467669 533933 710945 785192 796169 728715 644349 626106 831113 109038 753496 627712 735491 620241 624848 160814 318789 438838 77542 999999999 464546 766385 598857 243694 795848 130932 179217 687963 428264 166423 713462 751755 766729 403144 843449 62058 696044 381689 813440 812517 650063 340516 828041 271751 407939 472157 418585 365933 826733 760411 706640 515341 815993 600745 48483 572386 540401 684313 512373 677833 305027 254587 714831 596731 288687 508133 633041 239856 478776 152417 54966 162167 515522 343740 299590 214995 315486 461724 477174 690797 964251 723364 512948 646438
54243 339933 174612 895111 518762 826058 768062 977863 575115 715265 454224 1001264 837034 479983 709566 579055 279036 355762 433749 862445 798376 818321 644131 268424 663957 515396 737213 711591 678246 163745 560163 619406 777899 632840 541773 464546 999999999 938376 742970 584583 770458 421336 596093 492577 91096 299032 608814 425883 536049 564177 733626 446767 429844 157770 656814 786249 186798 244890 691801 735970 699504 841560 495954 538431 982528 701144 841857 718162 764904 658406 445841 298327 96485 827406 441062 224246 419500 565689 544909 820570 727245 576439 206239 531297 84197 479824 432293 623823 802388 121733 273224 678851 391454 509298 787105 588792 803197 483846 317138 617229
916229 614565 882903 260021 635880 461684 510369 188986 409316 232916 519338 63365 422688 494213 535156 360908 680450 636939 740810 179442 311795 170634 354516 838937 592871 662105 345954 242193 414752 1078938 455837 715211 867653 335878 754321 766385 938376 999999999 195624 529042 358699 889955 625729 624954 981105 788315 490896 820029 680402 392827 502875 826709 723838 988158 573176 360787 1038653 697467 542991 768399 371902 440780 443618 427906 63016 415569 105784 252122 402657 298684 812317 737192 1032762 113400 523419 1134059 541933 512447 587496 177088 634418 363913 938489 527354 875922 918664 728530 800665 291484 884524 680884 752477 561642 429825 340854 490394 623114 688334 665622 396251
721735 420215 689740 266841 474932 398844 436817 281466 232365 58439 336887 258816 368857 313638 424118 168111 489016 452715 577944 194495 262211 138732 208451 656445 481466 501495 258560 89349 302129 885191 296485 576202 752248 160379 599446 598857 742970 195624 999999999 377779 291547 715805 482118 468558 785696 601367 357098 656605 536201 204484 416629 656559 559811 794106 459695 302494 847905 501865 440996 652298 249607 386922 248017 241516 244607 314191 109599 104186 332188 131193 642145 553926 837606 89420 337796 941022 349760 353652 441775 133840 524992 171486 751264 360293 681665 750636 555582 659408 228820 689663 485979 624732 367656 235506 267145 349022 552525 533260 478337 248148
591950 276349 453991 361604 110519 242014 730786 470916 162124 320128 433848 586124 257189 432055 131681 334676 456783 488834 671918 571379 608852 514825 477440 648368 716312 135376 578292 426115 580895 748202 493413 200128 389808 220871 225451 243694 584583 529042 377779 999999999 619888 373327 105576 610055 583337 323030 584868 733023 693387 213979 699766 305672 653889 559412 695667 635260 750324 368841 698559 294218 164288 259244 275740 186276 590738 603401 480142 283205 648931 414566 291744 564422 676899 456944 417167 808764 217712 34385 618707 355715 194680 337099 695948 62366 563065 393501 217615 281883 272344 482450 326813 255471 247908 318046 236470 564840 832915 661902 485314 492990
731653 532749 783499 549121 694012 688527 153314 528947 457787 340535 320312 394959 659916 296626 696582 290727 491862 416515 442925 182732 49222 193360 151951 586394 241225 718834 42410 208458 95205 875094 210800 817684 1009217 407374 818883 795848 770458 358699 291547 619888 999999999 889822 724255 327071 839411 740959 178656 517238 355722 407433 144357 843951 430013 871317 224002 17042 812421 572766 188293 911800 527948 677810 377641 440266 354621 78057 271162 389335 44324 205518 830433 497843 852112 282621 336801 920573 495303 588701 275593 416296 793874 289331 698650 581584 691328 937337 743927 894135 520350 762768 580110 875358 494292 335697 557848 191922 268846 380317 454518 160400
461118 365209 247450 733574 263028 577521 957024 844178 484130 663866 602541 950023 605866 617101 443127 608188 502322 579515 742954 896652 895296 840844 738010 630245 895895 239733 847978 736127 821235 560831 704165 269997 371552 557661 184723 130932 421336 889955 715805 373327 889822 999999999 308184 740182 362956 168235 788210 771478 813542 514510 921563 69687 730334 302656 880120 906775 606838 372592 899858 356738 537148 601271 514069 476805 949272 846599 824848 637929 905518 703563 82480 596424 479787 803126 582341 613912 394879 381488 774565 723196 405848 608384 613469 362890 457927 61505 161426 232583 645607 302182 340947 306177 396400 554450 607890 765144 1033969 766052 551712 734353
612714 330256 444608 434433 77881 269744 831626 548802 266687 424105 520626 680612 297743 522043 135393 436940 516162 560700 745152 676166 714097 619724 580077 700463 810668 82915 682461 531683 682233 758690 589482 94567 287930 326325 134986 179217 596093 625729 482118 105576 724255 308184 999999999 694024 578520 307150 681249 800522 777044 317159 799865 238530 727857 542654 790545 739789 773178 409832 795949 196625 254369 293166 370203 286779 688159 705248 582682 385167 752380 519243 226450 625616 682490 559325 502587 818515 290565 135554 707690 449754 132222 439121 733419 147585 589356 314970 177044 177460 353062 482934 365392 152216 316217 413948 309928 660458 931333 741810 551319 593521
444833 388725 560803 722041 634216 779516 279988 749959 476629 482409 176875 677240 765735 183994 728625 332230 245066 161790 118154 480457 369630 460046 270700 266367 171877 651828 309483 389906 234402 567613 172421 772522 973202 475070 738948 687963 492577 624954 468558 610055 327071 740182 694024 999999999 575309 572613 148781 196313 83334 426499 247718 716722 103523 623772 164312 338920 496163 369439 201031 889548 604300 779843 340664 436631 643516 249042 519851 517994 304844 338148 706181 195192 559329 517987 192893 607014 404486 575912 55541 597223 804731 328090 379986 551447 408499 798250 633280 828534 655222 523469 399334 839459 382533 305695 672212 139953 312898 64703 194735 228790
145339 368795 134175 914511 503731 824848 847046 1004508 598893 752541 519702 1044415 840032 544492 701202 627224 348951 430625 522556 918844 864214 871888 706316 359350 747168 495797 804237 763159 749294 197878 628643 588111 730415 662519 505540 428264 91096 981105 785696 583337 839411 362956 578520 575309 999999999 271625 684103 516830 622914 595930 812070 399754 517795 70988 738895 855627 252038 284686 772380 698699 713675 842580 537864 566304 1028748 772986 888717 749825 837028 712295 401518 383335 116881 872629 504595 251949 446268 569211 626187 851527 706139 625046 293775 536029 171439 417571 405398 580740 820745 102247 301254 642670 422039 557435 800317 663209 887514 570597 392023 682706
326464 208418 137522 674511 233620 560527 797213 775356 380739 555791 441208 850785 579435 457845 432833 471514 334130 411566 575435 768701 751360 714837 590758 470793 730557 224304 700015 606272 666519 457411 546520 320712 483880 453022 243096 166423 299032 788315 601367 323030 740959 168235 307150 572613 271625 999999999 627278 606668 645386 397114 761463 161278 562519 237842 715425 758000 483857 204366 736960 437080 470568 580043 374574 360853 843691 691958 710669 539647 752821 566822 156041 429894 378879 690718 421243 516112 256510 315556 608306 635334 434627 470950 468695 285902 313438 228089 134603 327835 581263 179674 174232 379887 249067 410508 553199 604195 869786 597816 383477 582252
566147 423057 645508 622090 634113 714082 170343 632893 431259 384678 186087 539191 693716 171573 687788 260997 335973 253633 265885 335920 220896 321712 148648 408918 134145 655824 161394 270245 85771 702534 91770 768818 968568 407328 751515 713462 608814 490896 357098 584868 178656 788210 681249 148781 684103 627278 999999999 342123 189899 377250 134440 752730 252155 723474 112484 191177 636578 437859 115436 877171 539746 709742 311065 399207 503241 100904 388351 427588 160358 228185 740450 324250 685129 390305 206138 745875 409959 550795 100102 490669 775370 257498 521814 533689 526932 841736 658870 835811 568246 617131 455537 832650 398116 267390 594092 23090 251943 205283 292329 110469
371759 471471 549305 900025 730693 931384 439563 937524 624682 663688 332790 873139 923183 350367 860782 506799 287042 244978 79261 676469 562076 656207 465522 157480 312514 742803 503501 582239 427691 445016 364724 865838 1060587 639036 815433 751755 425883 820029 656605 733023 517238 771478 800522 196313 516830 606668 342123 999999999 168424 580836 414097 765508 96866 579567 317392 527481 359811 411240 360390 987981 760603 935466 489211 581507 839743 439598 714566 694296 489731 528491 757839 179438 462769 711598 340842 469897 515577 700756 242354 780832 923429 502646 249141 671009 348251 832741 700503 907160 825969 499905 452887 933539 486590 464366 836430 335705 427674 137067 249247 423903
485037 468228 622509 795041 716522 860361 271370 816242 558848 554995 260029 729089 845546 265930 811639 409623 312596 234510 109963 524501 402561 511588 331230 285109 145305 733716 347350 453301 271843 590005 241235 854846 1055326 554504 819566 766729 536049 680402 536201 693387 355722 813542 777044 83334 622914 645386 189899 168424 999999999 508112 245720 793224 107989 676622 149000 364496 511092 441079 191969 972348 684822 859996 423383 519296 692978 279787 577083 592906 324895 405010 783121 240341 592743 577766 276222 622799 487162 659239 94547 667482 888064 405541 395148 634748 452254 872517 712301 909609 731653 581263 473976 921932 464532 387439 750656 190597 272073 52326 262398 289640
551513 227223 491154 341072 289293 353600 517365 414238 54083 159982 252680 455859 342665 242505 310693 120915 345021 341601 509647 382689 399868 326554 263461 534703 510770 315004 365477 224739 367309 716945 287573 410277 603710 69395 415336 403144 564177 392827 204484 213979 407433 514510 317159 426499 595930 397114 377250 580836 508112 999999999 486929 458141 490751 597504 489465 423171 693261 319305 488703 508006 179998 355576 91999 37705 446849 389554 314021 154272 435259 203455 443861 436259 660537 293702 241213 775563 150527 181741 424320 256562 399064 123526 611228 174816 513856 552811 356334 487210 254621 496543 294987 468877 174111 120806 257217 358726 621438 485418 353237 280249
688356 556370 778751 681438 757899 802597 35936 669825 540628 457851 320283 538988 777578 304465 792853 366206 466372 382140 348807 326844 192634 335724 227758 513210 107761 780666 162137 327945 121310 815325 218689 889945 1087787 504345 878061 843449 733626 502875 416629 699766 144357 921563 799865 247718 812070 761463 134440 414097 245720 486929 999999999 884526 340365 854199 97386 144683 743132 571982 54451 993886 633484 794768 432608 513715 498274 103469 412577 505231 101246 304898 871999 440542 805066 421969 340220 854305 538659 666417 192380 547573 885238 363444 626673 652717 650406 974407 789201 960178 642752 748871 589969 952028 529077 388176 675606 157447 137685 283746 420435 206798
480760 331822 273067 664854 195154 507987 919542 776075 424211 603250 568937 886097 536186 581175 373574 557910 486907 558852 730322 840809 846536 784561 692043 631940 866087 171080 801759 681875 779813 595889 665965 205257 331705 497112 118633 62058 446767 826709 656559 305672 843951 69687 238530 716722 399754 161278 752730 765508 793224 458141 884526 999999999 716435 346291 849247 860769 633560 357011 866228 302260 469870 531656 466391 420593 886711 804981 764930 575186 862151 652426 14435 587333 515025 742826 548690 651580 349388 315766 747175 657967 339415 558452 627678 299477 471694 94716 101874 181311 577578 325084 319913 248459 355582 508440 539154 729821 1001721 747793 534495 691543
378159 404285 526078 804872 661431 843324 369697 840839 536659 567687 239645 777525 833401 255584 779036 411617 229529 167262 18942 583266 473050 561095 369465 177697 248540 675800 413007 485487 337860 482858 268187 798687 996701 546674 754842 696044 429844 723838 559811 653889 430013 730334 727857 103523 517795 562519 252155 96866 107989 490751 340365 716435 999999999 573680 247910 441450 405630 359598 289222 919355 670744 846258 400012 494150 744705 351958 618262 599239 406089 431634 707437 139413 484792 614987 249563 517331 438600 620759 155042 684577 846761 407450 289191 592665 346538 790603 642882 846221 732372 481962 397271 866418 411666 372326 744540 243294 379868 58233 183124 328060
211167 373896 108130 902911 470975 798257 889649 998103 594033 756688 551174 1051498 816440 574724 670494 641954 387865 472270 579859 938326 892905 889090 732629 422463 795320 459845 834439 779396 783847 262519 661621 542501 673405 661464 457636 381689 157770 988158 794106 559412 871317 302656 542654 623772 70988 237842 723474 579567 676622 597504 854199 346291 573680 999999999 785660 887873 322223 302593 817173 648147 699746 817500 548730 565255 1038565 808200 899893 749388 872177 731042 349867 436297 183047 882498 534543 312543 447046 549124 672582 849620 666328 640178 363224 517473 231387 354258 366192 527432 809036 108882 309131 593259 426569 573157 784792 701815 936669 624378 434386 712316
609121 517470 717719 726389 740723 825760 122609 728434 543414 492041 280972 615048 804656 272355 800100 373452 401225 315841 254710 403959 273076 402729 253746 423870 22051 761586 227558 370811 160858 728228 202479 876709 1077106 519523 855507 813440 656814 573176 459695 695667 224002 880120 790545 164312 738895 715425 112484 317392 149000 489465 97386 849247 247910 785660 999999999 229186 653157 517531 43094 986889 651828 820900 420642 510599 575994 157619 475851 536435 186540 334740 837546 359428 723033 481477 301104 764751 513398 661465 113080 593454 887030 369968 536599 643210 572775 935731 758532 941452 676881 683323 541374 941314 498484 377651 704405 130991 154644 190134 352342 219649
747105 549790 800314 557505 710171 700393 149599 534036 473209 352688 336779 394664 671258 313245 710566 307002 507821 431901 453955 182877 48999 198419 168838 599726 245406 735063 59033 221099 109478 889726 226986 833345 1024388 421803 835162 812517 786249 360787 302494 635260 17042 906775 739789 338920 855627 758000 191177 527481 364496 423171 144683 860769 441450 887873 229186 999999999 826348 589564 191674 926782 541191 689244 394421 456268 353714 90287 276518 401528 43618 220716 847234 512131 867465 289130 353410 934802 512208 604244 286626 425253 808211 305671 712251 597502 706860 954201 760675 910076 531079 779366 597076 890723 511300 352584 569329 205501 263659 390814 470018 177327
