NAME : synthetic_000256
TYPE : CTSP-D
DIMENSION : 100
GROUPS : 8
RELAXATION_LEVEL : 1
EDGE_WEIGHT_TYPE : EXPLICIT
EDGE_WEIGHT_FORMAT : FULL_MATRIX
EDGE_WEIGHT_SECTION
999999999 360507 399473 268716 252468 207721 179472 177728 229405 88494 812345 534039 172298 220775 546010 584421 472679 546958 509440 270286 991901 763236 476115 363231 527065 790532 426562 394653 931954 612885 798325 493282 734350 848585 679025 585426 591103 558462 813011 732990 329122 486523 806662 581722 324244 641491 272783 753931 707978 208166 728971 231146 918284 705554 976738 546670 822853 834907 143972 778430 333139 482442 626016 275663 914906 506035 143116 62634 358485 145570 325427 600037 574403 504270 857185 942314 650565 595398 621952 815645 791627 71391 206869 514473 739666 599349 208965 795837 760089 512259 293387 665746 492347 46112 428909 615906 671475 826181 174457 360187
360507 999999999 468741 194305 381170 410379 182282 353574 379598 428212 807863 638438 289977 172905 836121 228600 745794 437026 525333 542610 899330 667915 429796 289546 228668 788611 430349 683704 873478 267007 571702 644094 738143 754867 714565 865097 374580 572672 797763 590005 377466 704765 856275 828212 169991 729085 288765 735796 662868 267186 567450 140119 809818 778351 898464 460408 579470 830697 329644 697910 433928 739585 861358 145614 782870 466704 435108 392767 67572 220739 123400 251147 588011 680480 595484 822074 314013 366953 816102 856886 458974 404116 536659 281164 415741 238921 480895 453188 562607 564328 433410 788997 136961 405794 596486 897383 609529 553888 294761 364551
399473 468741 999999999 545712 631630 201335 410829 222059 170095 477141 412899 169956 250924 478647 472790 585757 378220 238406 114325 268626 605070 391006 143717 192940 444337 391094 78916 358840 536942 575175 529340 185317 334903 468715 282624 482459 374564 160215 413726 397811 689605 284542 417569 413441 572493 267045 606782 355439 317389 238912 410297 449765 541208 324216 585727 215241 567987 435524 258800 397313 66904 353080 432375 327341 550633 149681 296216 460761 409764 421742 540396 574184 175703 231213 618230 569724 580007 390630 363162 423868 678751 467465 362679 360450 620081 639427 262815 706394 468617 114481 112700 320552 583582 421421 159364 512390 291405 606577 246052 107732
268716 194305 545712 999999999 190085 414015 136330 359325 404861 302083 932648 710227 304921 67339 808923 406453 729330 587101 630614 520526 1057442 822258 554348 408944 422058 911902 533391 655172 1019755 453091 759637 693619 857750 910769 820260 845787 555842 681420 926506 757444 185264 720851 959927 830437 58919 812271 94573 864021 799153 307452 739729 99228 971490 869792 1051912 603061 770266 955914 322146 848013 492232 733383 871035 245420 951159 591212 393662 270427 243253 139925 84073 435655 697798 718539 788588 987531 503462 550959 848630 964129 647403 279653 474592 462736 607333 394775 455213 636771 744213 656168 472350 857264 280395 303847 635194 877104 750213 747647 310460 459455
252468 381170 631630 190085 999999999 455051 254221 414053 466683 223403 1040427 779374 381994 215894 777894 596406 714032 728534 733455 519628 1194772 960069 677490 540517 605010 1018861 641310 633368 1145973 643084 932308 743821 962957 1048244 914252 820724 724097 784307 1038114 908825 87482 737977 1047348 827493 236850 886329 104564 976859 921197 403087 896035 256461 1113611 948983 1184648 737840 946764 1063498 375124 981311 568442 728000 873308 393439 1100250 712073 394959 210362 421423 224490 273231 625714 800737 756522 969041 1133249 693073 721856 873980 1054767 837287 212247 438094 633432 796360 581908 460564 826825 909799 746111 534880 915687 468185 259714 679964 849529 877693 929835 386504 568206
207721 410379 201335 414015 455051 999999999 281526 57780 49363 278431 610444 326342 121163 348922 426293 593966 335422 396192 315342 136874 805585 586123 309198 247513 486962 588630 247829 275842 738239 603267 677558 289485 532701 667041 473964 454740 487548 361307 612933 576231 524182 307527 599294 423050 456066 433785 452407 555876 518145 145530 580744 333824 738930 497853 786898 385374 710030 632574 91935 595711 134943 330639 460513 271273 743825 331239 96354 265799 373126 275084 437073 595952 376493 307322 753486 766066 625762 498004 434896 608656 751076 271178 183014 435728 693612 630748 87664 767617 626702 309537 89307 460738 545109 222908 226736 487020 488697 731650 116073 200164
179472 182282 410829 136330 254221 281526 999999999 225353 269137 246553 804823 574180 168862 69107 690411 409301 606343 475732 499965 397208 944286 708966 431246 289490 373168 783736 403690 535940 900053 442473 682977 557548 728834 797448 688101 724577 473454 551059 800047 654753 289769 589050 826739 702474 174540 676796 200360 737841 676744 171970 641841 55773 861499 735042 935891 487020 700363 828086 189841 731886 356126 607170 741409 139991 846610 467230 275600 211104 191760 40413 159163 428218 567533 583408 726932 880273 484497 472790 714612 831612 628453 222551 368941 385284 580002 420512 332054 627977 657164 522510 336192 720955 312877 224101 499697 756418 630412 690645 174422 329353
177728 353574 222059 359325 414053 57780 225353 999999999 52825 258703 634932 365801 63705 293457 482573 542449 392558 385665 331797 190161 816650 590875 306109 218509 442633 613133 251612 330789 754749 554628 657183 337412 556939 674749 503145 511895 459685 380735 635340 570038 478569 364167 633803 480757 399739 472439 402818 576205 531343 92345 570640 276806 745420 534930 800437 380028 687111 657580 39448 604021 156292 388368 517885 216741 745571 333203 111201 239621 318688 221806 379732 546392 396688 359487 727854 770764 579906 468325 489456 641794 709145 246958 214096 399746 652485 576861 132565 723321 610708 335574 120973 506084 488922 203545 276860 544154 496747 703097 58816 190798
229405 379598 170095 404861 466683 49363 269137 52825 999999999 307970 582940 313779 100493 338090 462789 553129 369582 349260 281343 180841 768764 545619 264510 198344 441159 561127 205875 315895 704853 559856 628793 288982 504946 628190 450464 488245 438186 329580 583768 530973 530203 327049 581000 448702 442037 420114 452859 525081 482384 112580 534209 317735 699477 482339 751590 340088 660960 605507 91592 557124 103805 360674 482945 236430 702001 288822 140394 290703 337064 269844 418634 553283 345373 314521 704206 725699 580505 448683 447046 588969 703890 297552 232139 387210 646187 592779 136661 721399 578695 283086 69156 455699 511848 252364 230584 520509 449817 682287 94915 152717
88494 428212 477141 302083 223403 278431 246553 258703 307970 999999999 888610 600417 260206 270093 554536 655846 492705 634628 589307 307301 1075322 848409 561880 451643 609126 866786 510050 411512 1012813 688198 886589 551871 810761 933009 752319 597609 679001 637210 890541 820630 309267 526991 875474 608030 360815 707482 277147 832577 789917 296585 817119 290948 1003273 772534 1059071 633441 910748 910842 228551 862466 410255 508889 654870 358890 1001295 590781 194737 35458 434929 207473 372423 674351 652828 556139 944446 1027921 728440 682943 664192 885607 871097 24129 216084 601110 820474 664695 255564 872941 848582 587685 367249 724181 553952 55725 486929 626227 755257 912769 262090 445798
812345 807863 412899 932648 1040427 610444 804823 634932 582940 888610 999999999 312690 658553 868269 689615 829230 624836 380435 307001 635750 256337 216664 380689 526435 675046 21828 401327 657231 159674 792158 502898 389089 77997 201479 143488 669343 514423 256131 24610 325378 1092353 501541 125310 572397 947365 230652 1005049 73243 153585 638791 364588 833474 250418 181007 221811 351040 546497 23273 671205 180073 479274 586210 552005 691240 301363 343399 701080 873424 740579 822905 907853 800762 239726 422192 600839 285213 768038 533482 446265 107903 796131 879874 745726 575284 748533 896396 655011 839730 436232 300936 521376 288462 885462 832933 441315 685787 209642 621286 654172 475621
534039 638438 169956 710227 779374 326342 574180 365801 313779 600417 312690 999999999 408223 642898 410225 742980 329962 334462 155050 325573 549682 383139 258481 357102 594684 292208 220034 349209 463489 726190 600716 81125 242079 437724 169335 403192 492229 147485 322810 435054 843964 207720 275648 314378 739928 107457 765342 279721 283235 402951 460751 616201 508556 172120 521579 300404 644032 331810 405123 372581 218061 293852 315969 497263 536348 238456 406496 591102 578549 580791 709165 727432 148949 126811 698824 542045 723867 510849 223725 287041 805945 595691 437150 501990 748584 800198 352649 838960 532050 97438 244846 150610 750717 545992 128745 427597 288825 697789 402900 274912
172298 289977 250924 304921 381994 121163 168862 63705 100493 260206 658553 408223 999999999 237922 546145 483048 456261 374664 351703 253027 824312 593385 306063 192367 391371 636952 261714 393966 768778 498103 631180 388717 581000 679698 533082 575599 427274 402425 656692 560696 438764 424968 668351 543421 341564 512736 357417 595849 543788 39915 556932 217369 748489 572986 810918 375012 658063 681590 46794 610291 190941 451760 579714 155453 743413 337689 158771 234141 256988 172583 318951 488941 418829 415012 695550 771691 526220 433696 547245 674792 659177 243555 264694 358713 603584 515225 193125 670826 589997 365147 167438 553279 425606 209291 331040 607858 504090 667710 5578 191266
220775 172905 478647 67339 215894 348922 69107 293457 338090 270093 868269 642898 237922 999999999 751072 399306 669203 529075 565010 459945 999310 763850 491533 347120 390186 847379 468062 596778 958784 439855 717275 626632 792910 852443 754169 786639 510078 615950 862676 703496 234540 656296 893484 767899 108957 745065 142018 800275 736901 240187 687837 41076 914664 802804 992536 543155 731022 891542 256995 788428 424895 671666 807662 186804 896696 528110 335055 235729 205915 79451 104738 423774 632371 652165 753208 931917 486679 507031 782911 897933 631679 246280 422022 418485 587317 399172 394549 625949 697127 589509 405289 789950 286203 260911 568591 818240 688989 714289 243476 393904
546010 836121 472790 808923 777894 426293 690411 482573 462789 554536 689615 410225 546145 751072 999999999 1015093 95946 707278 540599 294621 943087 793344 614529 636192 893831 672941 551671 154472 849054 1018297 993760 331774 633787 844334 559043 47694 846970 551784 706419 839851 863040 203347 601250 125513 859809 460404 817944 677108 692569 571544 861646 745852 913222 510363 910639 679307 1034707 702882 508331 781572 454476 121013 166270 697302 944986 611486 416019 570155 798910 671762 849570 1013116 556529 283420 1086945 947583 1033597 862536 254557 620013 1145098 566608 341677 823229 1086337 1055528 358855 1168754 928461 489947 428121 406662 971351 523052 319114 71990 698325 1078071 541374 557753
584421 228600 585757 406453 596406 593966 409301 542449 553129 655846 829230 742980 483048 399306 1015093 999999999 920664 453374 601027 730807 853424 645133 492607 393802 155430 813598 523059 868828 853201 58456 456356 771066 772400 722004 770999 1037812 319566 637960 813292 543736 574981 857353 906389 986220 363292 813611 495977 756454 675700 450119 510271 368601 760560 849359 862554 487014 447172 849979 528270 681482 574052 907522 1012129 328083 719029 523156 639689 620391 229479 448600 323319 39968 650159 815649 443648 763113 112974 302326 948889 901911 246074 631820 744878 255987 217121 68832 674948 230660 475388 652661 589992 887008 136628 630316 737070 1069829 619593 396549 486647 479524
472679 745794 378220 729330 714032 335422 606343 392558 369582 492705 624836 329962 456261 669203 95946 920664 999999999 614147 451045 209289 873909 711632 520746 540319 798129 606737 457134 81608 782714 923016 902188 249253 563428 767522 488260 119337 751863 466066 639659 752218 797033 124007 548052 119241 778160 394235 745407 604935 613076 479761 772475 661245 837904 450356 843222 587063 942584 640088 420634 702460 358540 39006 168407 605269 866240 519242 335941 503897 706481 590478 765248 918066 472169 205486 994275 871669 937845 767247 219596 565652 1049184 501819 276626 727298 990428 962200 274664 1072815 837822 402736 332561 353610 880146 455115 227738 151604 614520 984370 451307 461836
546958 437026 238406 587101 728534 396192 475732 385665 349260 634628 380435 334462 374664 529075 707278 453374 614147 999999999 179519 497808 470414 235162 94884 188981 297984 363281 161607 597175 436859 422175 291225 391659 319495 323672 320172 712703 160158 199073 367074 186032 763062 510863 453161 635007 590431 377318 671009 307194 229308 340403 185130 489890 385898 402774 465273 35975 329588 402285 408165 262182 280157 586465 645062 342435 372449 97840 489550 608682 369573 504182 547234 428275 207530 443163 380272 404719 407558 179561 557945 448543 473711 618206 577082 197412 417437 519061 476732 509212 233104 237122 325373 458421 505346 582380 388505 741163 174143 371161 372576 196574
509440 525333 114325 630614 733455 315342 499965 331797 281343 589307 307001 155050 351703 565010 540599 601027 451045 179519 999999999 375754 490752 280302 108646 235799 448887 285491 97561 447645 423598 579510 454382 215159 229795 355359 190894 541399 337366 51160 305102 302122 785991 339351 332349 459377 650124 212718 699639 244846 203064 332066 321435 532010 428079 254376 471556 146005 496410 330113 366523 284071 180430 419826 466819 395397 440408 83751 410516 571413 460624 516483 613479 582279 67661 266847 550075 457360 573459 356124 378426 334771 651254 578613 474756 352712 594124 661604 375864 684924 388050 57627 227013 287403 624080 533673 223585 568529 179690 546109 347401 171161
270286 542610 268626 520526 519628 136874 397208 190161 180841 307301 635750 325573 253027 459945 294621 730807 209289 497808 375754 999999999 857829 656057 404292 374759 622000 614625 337654 141123 779561 739852 787326 260528 561496 729080 492583 327397 608854 411400 643397 666043 599017 219782 597172 312259 568899 426448 541006 593348 573149 281536 676781 452288 801978 491978 834019 479798 822929 655855 213803 658329 217651 213660 355836 406799 816162 417016 128740 310640 508765 381347 556242 732724 423702 254175 869582 832245 761313 621122 356919 610304 884050 310984 112355 565369 826111 766817 65401 902153 730885 349050 173858 427510 678594 261002 198517 359309 555404 851511 248514 311945
991901 899330 605070 1057442 1194772 805585 944286 816650 768764 1075322 256337 549682 824312 999310 943087 853424 873909 470414 490752 857829 999999999 235480 518997 654917 714226 270983 565435 898891 99414 804226 426731 630033 310482 146894 385653 924525 541070 448287 237326 313498 1232896 749917 369195 827781 1058850 482684 1141130 270022 287699 795859 343810 960281 92864 437181 39254 457304 459327 247813 847977 214102 670705 835862 808292 812812 142570 486633 901161 1054513 833120 970478 1014642 817739 434875 668823 501663 97653 765447 555502 702468 349213 745467 1062638 962423 626964 712023 922077 865292 793077 383866 508907 717723 544755 942878 1020172 674135 941659 320469 538206 820993 633076
763236 667915 391006 822258 960069 586123 708966 590875 545619 848409 216664 383139 593385 763850 793344 645133 711632 235162 280302 656057 235480 999999999 287356 419770 497098 210704 339801 720350 209385 601600 286288 462696 202240 88594 257906 784664 325702 249415 193953 111086 997425 590697 332746 692534 824877 356700 905652 161043 104104 563288 150370 724893 155112 341045 230754 222234 330096 230827 619958 38538 453207 676441 685506 577419 160108 257712 682473 825830 601050 735636 781152 612673 240764 509927 384856 180082 570708 342839 582147 318924 584304 834441 753664 403315 539539 713800 653731 629157 219812 314333 501324 437918 721389 793942 491708 807419 100776 404631 590375 403057
476115 429796 143717 554348 677490 309198 431246 306109 264510 561880 380689 258481 306063 491533 614529 492607 520746 94884 108646 404292 518997 287356 999999999 145994 340242 360673 66932 502346 469094 470941 386099 306149 308823 373758 287244 621618 237999 147462 372936 267067 720978 420669 428208 546888 566885 321006 631129 310402 245551 276864 273540 455168 442468 359169 507336 76501 424342 403825 333337 304910 186937 494031 560063 310965 439671 37293 404489 538661 363299 454199 527165 473634 161360 356866 474535 466204 465918 255641 478353 427776 549564 547408 487301 244530 491651 553746 386442 581221 326994 162925 233364 395893 520483 507888 296797 650673 200206 463635 303021 116083
363231 289546 192940 408944 540517 247513 289490 218509 198344 451643 526435 357102 192367 347120 636192 393802 540319 188981 235799 374759 654917 419770 145994 999999999 258732 506228 141537 500413 611684 386995 440157 377838 453598 508145 425559 653748 241417 283629 518927 373291 578816 465832 567312 595353 420956 441597 487882 456392 390210 155065 366496 309917 573097 489087 646460 197615 468930 549612 231830 442413 183570 522440 619222 164971 561424 183192 329279 423786 225359 316027 381667 384441 299233 421855 509359 593153 397912 250887 555479 568572 511515 433794 428622 190787 453085 446508 335005 532980 397633 276313 209286 506141 393924 401604 343803 685167 341877 485291 191311 85772
527065 228668 444337 422058 605010 486962 373168 442633 441159 609126 675046 594684 391371 390186 893831 155430 798129 297984 448887 622000 714226 497098 340242 258732 999999999 659046 376283 754254 706330 131569 348160 628787 617190 577488 615812 912330 173286 484019 659662 401084 606073 723810 750959 853448 397344 660844 516626 602076 521713 353272 370967 351101 621772 694889 720128 331593 352253 696074 438159 532338 442296 781051 875757 251479 585535 369386 549570 574823 184595 413210 351034 133395 495816 675550 366818 628048 139916 158966 806294 746527 267929 586319 655169 100573 213404 221456 572986 280811 349513 502061 465766 735977 229690 572633 600523 943819 465562 325612 393614 341999
790532 788611 391094 911902 1018861 588630 783736 613133 561127 866786 21828 292208 636952 847379 672941 813598 606737 363281 285491 614625 270983 210704 360673 506228 659046 999999999 380137 637810 176254 777415 496709 369256 56195 204716 122874 653614 500243 234555 33661 317280 1071059 483182 123763 556819 927074 212992 983913 57498 139044 617392 356214 812757 258450 166724 237709 333150 540723 44638 649439 175643 457454 568230 537724 670916 306716 323384 679331 851600 721418 801586 887787 785674 218127 403361 595560 293568 754358 519463 431766 108553 785778 858047 724424 559009 737340 880487 633448 828900 429049 279115 499554 274390 867761 811107 420694 670695 194553 614505 632554 454458
426562 430349 78916 533391 641310 247829 403690 251612 205875 510050 401327 220034 261714 468062 551671 523059 457134 161607 97561 337654 565435 339801 66932 141537 376283 380137 999999999 436169 507130 507828 452797 254408 325144 423141 288361 560803 296078 148058 397457 330868 691110 361652 429602 489715 552568 300149 603787 335771 282251 238344 339407 434645 493974 348018 550340 142212 490631 424572 282597 352435 120840 431812 506236 298099 496324 83412 343995 489144 366820 421774 516098 508329 164410 303290 540229 519868 508846 312460 430835 432297 602544 497208 422899 287436 544033 580243 321917 631530 393916 134852 168098 366675 534454 455107 236620 590493 245207 527862 257896 74339
394653 683704 358840 655172 633368 275842 535940 330789 315895 411512 657231 349209 393966 596778 154472 868828 81608 597175 447645 141123 898891 720350 502346 500413 754254 637810 436169 999999999 811702 875385 888178 269210 590300 783344 516004 190992 724357 471091 669670 749200 716892 164634 592743 199937 705586 429731 667362 628909 626581 421328 765726 591394 855254 490689 870494 573534 926678 674397 354836 715480 325782 105568 248639 546972 878403 506670 261795 423525 648893 517535 695098 869099 479735 236547 976355 887940 894113 738383 286396 609062 1011924 421124 195467 690568 953457 906585 204598 1032628 826837 406208 291448 402833 819572 375092 228781 221995 620679 962706 389372 428054
931954 873478 536942 1019755 1145973 738239 900053 754749 704853 1012813 159674 463489 768778 958784 849054 853201 782714 436859 423598 779561 99414 209385 469094 611684 706330 176254 507130 811702 999999999 808133 457758 542527 221488 133720 295796 829017 534331 377023 143072 310981 1189819 658989 269785 732064 1026418 389243 1099425 186216 225052 743469 347418 921145 131806 340532 62515 417118 495964 149213 788276 176052 603664 744295 711166 774389 192980 433947 832357 994233 806171 923223 983757 819905 362179 578687 544316 159039 774552 550978 605613 249799 773049 1001706 886851 612611 733614 921979 792077 819675 403134 433404 649218 447726 930661 957216 590433 845335 269812 575154 765013 578494
612885 267007 575175 453091 643084 603267 442473 554628 559856 688198 792158 726190 498103 439855 1018297 58456 923016 422175 579510 739852 804226 601600 470941 386995 131569 777415 507828 875385 808133 999999999 400895 759952 738600 675847 742103 1038596 278325 613174 775199 497443 626116 852827 874685 982340 413293 790841 544570 719992 638668 462708 462624 406393 711442 822946 814846 457008 390095 812298 544371 638667 570151 907555 1005751 346300 668047 498996 656547 652878 254403 482557 371396 19052 624403 806327 385392 712536 54941 259888 937581 869137 194488 664401 762399 227632 160392 121129 686939 186255 423431 633212 590579 866833 192378 658992 730320 1070329 582870 338207 501190 471547
798325 571702 529340 759637 932308 677558 682977 657183 628793 886589 502898 600716 631180 717275 993760 456356 902188 291225 454382 787326 426731 286288 386099 440157 348160 496709 452797 888178 457758 400895 999999999 668950 481763 327341 523062 995765 209891 453428 479906 182346 944892 793638 617394 912775 741693 610559 853105 444706 372991 592350 146548 676306 338137 611035 446265 315406 45010 516306 671948 323098 570061 872754 916681 543849 284351 383095 766417 856289 516393 719437 695101 417308 454162 720486 101210 329695 354166 210493 821057 604440 318778 866968 860462 298881 287031 522024 761690 366349 70766 508507 613782 695282 570148 839117 674833 1022859 333363 119165 630614 478624
493282 644094 185317 693619 743821 289485 557548 337412 288982 551871 389089 81125 388717 626632 331774 771066 249253 391659 215159 260528 630033 462696 306149 377838 628787 369256 254408 269210 542527 759952 668950 999999999 321095 518776 246969 328065 544095 220410 400760 509088 813630 128447 337470 244220 728792 167426 740138 360014 363844 391431 532524 604154 589678 232338 601313 359941 711334 407082 376550 453237 210372 213750 253984 499268 617015 293820 357348 546587 588847 558578 702134 759292 224758 51697 765189 623137 762987 561786 177850 351417 855096 549893 372847 541829 796882 824264 297662 885324 601680 160602 221394 172655 764670 499268 64943 354210 366650 760964 383169 292153
734350 738143 334903 857750 962957 532701 728834 556939 504946 810761 77997 242079 581000 792910 633787 772400 563428 319495 229795 561496 310482 202240 308823 453598 617190 56195 325144 590300 221488 738600 481763 321095 999999999 219933 75172 617317 463837 178736 81926 299567 1015680 439439 139684 521325 873988 174514 928874 45920 109883 561840 337047 758695 283109 142355 280438 287474 526527 100732 593255 173365 401290 525397 506165 617856 323904 271656 623771 795449 671234 746176 835256 745942 162267 358440 582305 318217 718378 483396 400266 131246 758435 801925 670613 516695 707937 838476 578687 800196 412122 223166 443566 246389 821162 755072 369585 636215 160040 597204 576574 399481
848585 754867 468715 910769 1048244 667041 797448 674749 628190 933009 201479 437724 679698 852443 844334 722004 767522 323672 355359 729080 146894 88594 373758 508145 577488 204716 423141 783344 133720 675847 327341 518776 219933 999999999 289721 831433 404511 317884 176902 178429 1086002 644405 326637 736708 912922 391584 994245 174016 157145 650379 214022 813470 72899 361636 143901 310538 367355 207171 704914 71413 532855 730877 724343 665996 103980 342557 763201 911217 688256 823869 868998 688033 306501 562707 418076 104596 641335 420433 618843 309362 640282 919612 830060 486462 600104 790834 731167 686674 270101 381600 580598 466285 804124 878202 555038 851967 178427 445905 676539 488766
679025 714565 282624 820260 914252 473964 688101 503145 450464 752319 143488 169335 533082 754169 559043 770999 488260 320172 190894 492583 385653 257906 287244 425559 615812 122874 288361 516004 295796 742103 523062 246969 75172 289721 999999999 543403 475173 141939 153816 341930 971138 364275 141754 447852 840877 101869 886646 118219 155067 517830 376519 722033 355722 88396 355359 285097 568066 163273 540784 235232 346908 450227 434629 586285 393088 252110 562131 739040 648989 702215 804373 747634 126593 283347 624271 390580 727211 494963 329247 143998 780795 744890 602994 515680 727616 834985 513744 820244 452361 168144 385891 180142 807515 696864 297857 562976 189973 634331 528327 361234
585426 865097 482459 845787 820724 454740 724577 511895 488245 597609 669343 403192 575599 786639 47694 1037812 119337 712703 541399 327397 924525 784664 621618 653748 912330 653614 560803 190992 829017 1038596 995765 328065 617317 831433 543403 999999999 856878 548183 687248 836961 905328 202232 575313 97069 895563 442882 857984 661591 682435 598882 860560 779684 898975 488728 891062 683253 1037545 681389 539738 770725 470513 131318 128910 724266 933305 615728 452149 612035 825291 707610 883637 1034188 551551 277454 1090660 933683 1051657 873084 226446 594522 1159270 608909 383205 838129 1100488 1080414 392540 1184527 929195 488420 448239 382757 999302 564324 324834 32295 691971 1083847 570643 572952
591103 374580 374564 555842 724097 487548 473454 459685 438186 679001 514423 492229 427274 510078 846970 319566 751863 160158 337366 608854 541070 325702 237999 241417 173286 500243 296078 724357 534331 278325 209891 544095 463837 404511 475173 856878 999999999 359219 497066 227803 740561 657304 601934 784455 543141 537217 648102 442747 361233 387733 198511 469006 448748 560073 546890 195987 231753 534278 470122 361916 398603 727617 798046 334055 414277 253773 570640 648031 314131 509634 496793 288112 367349 594865 268545 456011 254562 19790 714694 595014 313981 658859 669666 93623 257337 388150 574409 349058 188605 394846 436377 618575 401966 632946 532529 886544 305862 244116 427254 297628
558462 572672 160215 681420 784307 361307 551059 380735 329580 637210 256131 147485 402425 615950 551784 637960 466066 199073 51160 411400 448287 249415 147462 283629 484019 234555 148058 471091 377023 613174 453428 220410 178736 317884 141939 548183 359219 999999999 254905 288779 837139 348517 283692 461309 700249 178795 750784 195510 161813 383193 313420 582703 390762 211910 427113 163249 496946 279191 416126 247593 227101 432439 463320 445001 408446 114811 455375 620171 507249 567634 663113 617135 16502 270747 551987 421594 603448 378632 368462 285190 672375 627129 514269 385543 616412 700188 417077 708277 384587 64922 272206 259360 667647 581504 242738 573606 149637 552448 398057 222047
813011 797763 413726 926506 1038114 612933 800047 635340 583768 890541 24610 322810 656692 862676 706419 813292 639659 367074 305102 643397 237326 193953 372936 518927 659662 33661 397457 669670 143072 775199 479906 400760 81926 176902 153816 687248 497066 254905 999999999 303510 1088412 515976 149794 590467 939780 246277 1000398 62538 138192 635632 342816 827280 226938 200279 204228 338946 523313 37668 671003 156830 480463 601225 571339 683896 277118 335754 704723 874468 730326 819201 899656 784190 238760 435853 577447 261886 749979 515934 465397 132507 775307 881185 752528 560352 728332 880774 660359 819228 413742 303689 523666 307951 872420 834821 450872 704356 194262 598503 652443 471491
732990 590005 397811 757444 908825 576231 654753 570038 530973 820630 325378 435054 560696 703496 839851 543736 752218 186032 302122 666043 313498 111086 267067 373291 401084 317280 330868 749200 310981 497443 182346 509088 299567 178429 341930 836961 227803 288779 303510 999999999 937987 636867 436170 749432 753510 432655 845247 263623 190650 526219 39365 663178 221634 429478 319356 190918 227248 340807 593778 149606 451439 719807 748800 517357 193805 249185 671243 794690 525060 685427 708278 509610 286110 559521 283265 232069 463686 242888 649600 423920 473221 804234 753722 313944 428714 612568 652751 518101 112597 349944 498959 516954 629399 768219 525418 862265 153777 298019 558600 379498
329122 377466 689605 185264 87482 524182 289769 478569 530203 309267 1092353 843964 438764 234540 863040 574981 797033 763062 785991 599017 1232896 997425 720978 578816 606073 1071059 691110 716892 1189819 626116 944892 813630 1015680 1086002 971138 905328 740561 837139 1088412 937987 999999999 815519 1107110 909075 213171 949949 92864 1026429 966421 454010 921878 274845 1148865 1011206 1225242 775992 955372 1115574 439131 1021149 628996 809572 954191 421220 1131234 756839 472195 293419 428517 269509 257342 607838 853641 829526 972876 1166388 678647 736022 950447 1113401 820203 296461 522190 647683 783999 550908 538052 804957 928688 803578 599257 984134 440801 341919 750755 934484 920148 931326 443743 616939
486523 704765 284542 720851 737977 307527 589050 364167 327049 526991 501541 207720 424968 656296 203347 857353 124007 510863 339351 219782 749917 590697 420669 465832 723810 483182 361652 164634 658989 852827 793638 128447 439439 644405 364275 202232 657304 348517 515976 636867 815519 999999999 429620 129654 763588 271235 752328 480956 490860 439207 659390 640971 714436 329312 719346 481098 835331 517256 399355 580141 283334 86500 156736 559690 743854 413661 343411 530045 656985 581232 743664 850047 353189 81737 888431 748355 861644 674004 137246 446473 963290 530667 321191 644146 904612 905117 277588 990552 727334 287232 272227 238270 833752 480478 125193 230300 495078 881910 419504 381831
806662 856275 417569 959927 1047348 599294 826739 633803 581000 875474 125310 275648 668351 893484 601250 906389 548052 453161 332349 597172 369195 332746 428208 567312 750959 123763 429602 592743 269785 874685 617394 337470 139684 326637 141754 575313 601934 283692 149794 436170 1107110 429620 999999999 478686 981765 170764 1024124 172694 248885 655511 474416 862122 374400 105208 331658 419420 661795 124482 672370 298820 478990 509071 451602 727681 426540 392468 681992 864999 790590 839196 945698 881303 268265 357512 717075 408792 856217 621594 348876 20123 898111 870013 709485 650416 847569 971480 628044 939859 548661 304293 513898 195234 947730 820724 398748 588058 299658 734182 663399 501851
581722 828212 413441 830437 827493 423050 702474 480757 448702 608030 572397 314378 543421 767899 125513 986220 119241 635007 459377 312259 827781 692534 546888 595353 853448 556819 489715 199937 732064 982340 912775 244220 521325 736708 447852 97069 784455 461309 590467 749432 909075 129654 478686 999999999 876417 346811 853229 565901 589554 561270 774705 756041 803574 391699 794156 603877 955374 584337 513190 677212 412490 99516 49347 684054 839102 537247 440997 617141 782780 690589 859716 979408 463325 192530 1009362 838403 991289 801503 130128 497795 1092028 615805 392558 773516 1033409 1033047 376541 1119778 845013 404286 398569 285710 959101 567820 254208 115276 601860 1005037 538114 511481
324244 169991 572493 58919 236850 456066 174540 399739 442037 360815 947365 739928 341564 108957 859809 363292 778160 590431 650124 568899 1058850 824877 566885 420956 397344 927074 552568 705586 1026418 413293 741693 728792 873988 912922 840877 895563 543141 700249 939780 753510 213171 763588 981765 876417 999999999 839501 133587 877258 809134 338116 733086 124638 971000 894950 1055493 609479 749076 970554 364347 852582 523134 780451 915769 256166 947167 604127 443807 328851 229584 188053 46594 395167 716412 756548 763604 985125 465549 536277 888576 984849 607619 338235 528662 449523 570833 345174 503504 593859 731590 679912 507636 888734 231911 360957 672435 927139 758274 721035 347139 479927
641491 729085 267045 812271 886329 433785 676796 472439 420114 707482 230652 107457 512736 745065 460404 813611 394235 377318 212718 426448 482684 356700 321006 441597 660844 212992 300149 429731 389243 790841 610559 167426 174514 391584 101869 442882 537217 178795 246277 432655 949949 271235 170764 346811 839501 999999999 870153 219275 252706 504907 464713 716768 457117 65708 450463 341364 655323 246021 511642 336146 321814 355569 332761 591674 494941 291878 513249 698502 666582 685220 806855 794201 169868 193278 711408 492082 782138 556756 227433 184082 849323 703019 538742 563362 793965 874314 457952 886113 539904 165298 351490 84779 834263 653217 227989 461733 278882 717549 507511 364992
272783 288765 606782 94573 104564 452407 200360 402818 452859 277147 1005049 765342 357417 142018 817944 495977 745407 671009 699639 541006 1141130 905652 631129 487882 516626 983913 603787 667362 1099425 544570 853105 740138 928874 994245 886646 857984 648102 750784 1000398 845247 92864 752328 1024124 853229 133587 870153 999999999 938200 876680 368838 829020 182070 1056666 930160 1133989 684605 864374 1028307 363592 929866 548352 754278 896569 328821 1038573 667323 412322 252542 337009 185107 173174 526768 767276 759685 883104 1073918 595828 643841 884855 1029678 739058 258816 476799 555409 700307 478631 477439 726637 836086 719928 521947 908531 365496 296208 678710 888265 829630 842219 362648 529457
753931 735796 355439 864021 976859 555876 737841 576205 525081 832577 73243 279721 595849 800275 677108 756454 604935 307194 244846 593348 270022 161043 310402 456392 602076 57498 335771 628909 186216 719992 444706 360014 45920 174016 118219 661591 442747 195510 62538 263623 1026429 480956 172694 565901 877258 219275 938200 999999999 81551 574088 302097 764794 237854 188054 242262 277983 489141 95322 611322 129657 422334 567223 551537 621360 277985 273217 648833 815679 668414 757352 837195 728334 179755 399524 544507 272863 696867 461965 445733 160387 729514 822633 700867 502198 680600 823478 606759 772334 376028 248266 466582 292285 812276 776858 405191 680942 137125 561579 591686 409620
707978 662868 317389 799153 921197 518145 676744 531343 482384 789917 153585 283235 543788 736901 692569 675700 613076 229308 203064 573149 287699 104104 245551 390210 521713 139044 282251 626581 225052 638668 372991 363844 109883 157145 155067 682435 361233 161813 138192 190650 966421 490860 248885 589554 809134 252706 876680 81551 999999999 518488 227538 700107 229743 240590 269207 202585 417896 174361 564097 89396 383209 577083 581659 554541 253170 209628 613544 770414 595310 698933 767858 647188 149682 409504 473882 261602 615317 380428 478090 238723 649765 778131 675821 422225 600121 742971 577989 692097 302941 224756 430064 334499 734538 734496 398068 704626 56152 487651 540062 353457
208166 267186 238912 307452 403087 145530 171970 92345 112580 296585 638791 402951 39915 240187 571544 450119 479761 340403 332066 281536 795859 563288 276864 155065 353272 617392 238344 421328 743469 462708 592350 391431 561840 650379 517830 598882 387733 383193 635632 526219 454010 439207 655511 561270 338116 504907 368838 574088 518488 999999999 521093 213722 718203 563103 783789 342978 618762 661970 85711 581774 185267 472506 595363 125780 711066 310163 196302 268942 227596 184580 310759 454224 399691 421959 655883 740485 489211 393947 556239 660864 620812 278830 301943 318822 564901 485349 224901 633350 552259 351227 171699 550895 400424 247077 337375 631176 476531 627851 40960 165157
728971 567450 410297 739729 896035 580744 641841 570640 534209 817119 364588 460751 556932 687837 861646 510271 772475 185130 321435 676781 343810 150370 273540 366496 370967 356214 339407 765726 347418 462624 146548 532524 337047 214022 376519 860560 198511 313420 342816 39365 921878 659390 474416 774705 733086 464713 829020 302097 227538 521093 999999999 647157 251086 464535 352378 197246 191549 380141 592195 188862 460187 741069 775974 503007 216211 260616 674564 790034 503739 673949 687383 475351 312393 583528 247756 257509 427320 212018 678310 462475 433950 799886 760554 288187 389845 579047 659813 478948 75856 372220 506898 549338 600295 765709 544897 886575 186856 260159 555205 381617
231146 140119 449765 99228 256461 333824 55773 276806 317735 290948 833474 616201 217369 41076 745852 368601 661245 489890 532010 452288 960281 724893 455168 309917 351101 812757 434645 591394 921145 406393 676306 604154 758695 813470 722033 779684 469006 582703 827280 663178 274845 640971 862122 756041 124638 716768 182070 764794 700107 213722 647157 999999999 875152 773259 954045 504835 690308 856738 242858 750008 398927 661364 794292 147473 856529 492003 331334 255717 166520 85791 104014 390937 599047 632160 712987 892044 451693 466017 764608 865985 596605 266829 424386 377482 550948 373813 387270 592646 656065 558895 383019 764579 263313 274387 547953 811582 651471 674426 222935 360918
918284 809818 541208 971490 1113611 738930 861499 745420 699477 1003273 250418 508556 748489 914664 913222 760560 837904 385898 428079 801978 92864 155112 442468 573097 621772 258450 493974 855254 131806 711442 338137 589678 283109 72899 355722 898975 448748 390762 226938 221634 1148865 714436 374400 803574 971000 457117 1056666 237854 229743 718203 251086 875152 999999999 422051 108144 376186 373069 250343 774902 144008 605019 800937 789271 727876 61239 412492 835175 980888 744060 889121 926375 724901 379275 632700 418455 35249 672998 462941 683370 355674 656694 989459 902824 535533 621561 829215 803798 704080 292045 454379 652868 528544 850685 948682 627213 918689 250276 452395 745486 558128
705554 778351 324216 869792 948983 497853 735042 534930 482339 772534 181007 172120 572986 802804 510363 849359 450356 402774 254376 491978 437181 341045 359169 489087 694889 166724 348018 490689 340532 822946 611035 232338 142355 361636 88396 488728 560073 211910 200279 429478 1011206 329312 105208 391699 894950 65708 930160 188054 240590 563103 464535 773259 422051 999999999 402792 367101 656045 192726 573930 314777 382242 411391 371132 644130 465574 326537 578505 763052 714389 745062 860914 827618 199210 254413 712233 457300 810318 579840 265292 119346 867779 767740 604300 595568 814075 911992 523585 906667 540391 215415 414219 107672 878311 718099 293593 504809 278250 722688 567862 416763
976738 898464 585727 1051912 1184648 786898 935891 800437 751590 1059071 221811 521579 810918 992536 910639 862554 843222 465273 471556 834019 39254 230754 507336 646460 720128 237709 550340 870494 62515 814846 446265 601313 280438 143901 355359 891062 546890 427113 204228 319356 1225242 719346 331658 794156 1055493 450463 1133989 242262 269207 783789 352378 954045 108144 402792 999999999 449396 481060 211728 832780 204123 651974 804941 773580 806671 165722 473672 881896 1039250 831710 960829 1011874 827721 413008 638672 525705 123614 777957 562238 667969 311607 764745 1047089 939999 630111 729058 931357 843929 812082 398756 485970 698396 510097 947495 1003680 647450 907593 307265 560343 807401 619760
546670 460408 215241 603061 737840 385374 487020 380028 340088 633441 351040 300404 375012 543155 679307 487014 587063 35975 146005 479798 457304 222234 76501 197615 331593 333150 142212 573534 417118 457008 315406 359941 287474 310538 285097 683253 195987 163249 338946 190918 775992 481098 419420 603877 609479 341364 684605 277983 202585 342978 197246 504835 376186 367101 449396 999999999 355529 373303 405366 245278 262945 558322 612627 357647 368406 67837 480328 608937 392837 513402 567253 462710 171559 411589 407700 397596 443230 215447 524094 415402 509262 618062 563802 231115 453169 552124 462934 545039 253405 203364 309714 422609 534616 580138 360193 711266 149326 401199 372436 189231
