NAME : synthetic_000596
TYPE : CTSP-D
DIMENSION : 100
GROUPS : 8
RELAXATION_LEVEL : 1
EDGE_WEIGHT_TYPE : EXPLICIT
EDGE_WEIGHT_FORMAT : FULL_MATRIX
EDGE_WEIGHT_SECTION
999999999 769190 468938 949925 390244 887651 1111117 985160 991316 858095 430205 474327 1151983 916307 1053445 287241 952973 793562 994789 760320 688816 909973 343009 1064200 549959 515640 204966 529884 1056326 670256 571696 320092 686289 479605 747645 453518 41039 929908 549469 828012 589738 975243 654061 730267 565724 877928 923887 847226 507542 347472 721479 664561 999102 512538 109417 720281 641748 233019 236847 163358 194948 369175 1154988 606215 599910 891020 1156376 258840 530810 455752 199384 681289 214771 394441 326290 646589 1104993 1155848 323952 566184 132793 1044047 740660 706454 651936 308322 925522 835667 1026691 969663 794792 524559 865503 755061 984143 736463 500348 722984 627458 812527
769190 999999999 321356 754547 385402 310042 700496 730027 449054 373975 423839 606699 591880 784158 442571 854933 835698 383258 398942 264736 938930 1055481 476574 479448 951188 847970 624069 244044 686895 130043 356761 480414 204272 527089 183714 711046 769376 669495 793308 598511 237837 642820 247922 54166 794211 1002325 527489 694463 318603 430445 706541 237131 661680 703438 666522 102355 162564 643061 551021 703231 611289 478167 626855 406124 303497 704493 629837 538171 340890 346807 633295 629084 826608 401267 879921 900549 670855 593076 511928 238447 651945 681220 690360 113048 268188 704403 874929 988313 562268 511575 147544 285890 957629 673087 352733 214773 430310 1027374 267152 369727
468938 321356 999999999 661678 83136 430843 729113 667546 551420 422467 120598 331343 716021 661718 599230 534472 711534 373383 541159 306013 680551 840765 155344 616912 656371 559015 304396 83998 688447 205477 169414 160417 220616 258239 280285 421431 462002 603090 520318 503310 122734 616943 196642 296867 525796 791070 530151 570970 62574 121852 516173 333966 640924 431489 377819 309452 174741 321705 236982 383631 294280 161267 729692 235449 162619 600676 731702 220686 114210 30858 313591 441298 505361 80377 560822 637353 712510 719228 191081 217942 342108 678148 513864 299617 344075 388134 723341 765800 616016 556174 325868 59471 754520 509205 522921 272926 175063 760810 320085 383739
949925 754547 661678 999999999 718272 491327 270379 69114 420803 400117 589799 475850 463456 71321 511940 781111 101551 371884 489931 489876 484515 430283 662002 477085 635708 559544 750191 699672 208127 660094 493628 695172 564173 480198 570852 523446 917927 93253 479531 162290 600441 162835 535985 782851 463854 384866 261063 102723 600593 725414 242972 931796 165382 461556 917378 830286 644532 716970 758314 789405 768703 624233 423216 426346 518709 61947 421709 733434 547787 642376 753937 268654 819200 670827 770619 482783 294375 468281 659079 843613 831651 198139 215911 831512 954477 658140 174923 404454 319679 319426 615425 620898 336545 196391 538146 540471 505636 562971 937400 388761
390244 385402 83136 718272 999999999 513947 803496 729875 633369 503426 135629 337952 797881 711710 682317 484668 759934 451385 624202 388823 682763 858983 115792 699642 636541 545698 241818 141730 760164 280064 236810 103892 303509 276208 362556 412344 386231 666221 518774 564090 205628 686246 279422 353099 526788 811472 604976 623285 138033 45082 551648 349046 710471 434196 295949 355369 251623 268182 165708 320131 226600 140629 810383 297364 240634 656533 812322 154577 182202 83550 250983 481110 447288 52260 514644 638038 788471 801160 150833 230497 267367 749433 553910 343444 351839 351118 764349 782353 694276 634532 405826 142481 778620 553218 605972 355989 214672 757150 325965 463373
887651 310042 430843 491327 513947 999999999 391806 451330 141189 94111 461389 547335 297816 537778 168413 871368 585708 154454 110758 127332 806858 863754 546001 190020 876663 771876 697463 403696 384179 280783 324414 567561 213471 481222 165048 653765 873623 398993 697723 359331 309543 353204 235349 355658 691845 810807 236688 460001 381997 549479 528154 537023 368280 619773 805219 407809 290282 694677 650834 770806 697641 525358 324479 318357 288295 454131 327198 629056 357658 436293 705704 464023 868582 495907 883995 778679 361205 300116 570436 495485 755607 380139 501691 415152 566477 710739 641560 809418 252823 205498 164891 371475 761590 476081 99430 160203 409509 899491 559133 126708
1111117 700496 729113 270379 803496 391806 999999999 201293 262738 333569 698850 659103 218177 341699 323088 993002 362585 359375 330787 460649 748350 697150 784078 278551 886768 799992 906166 736791 65353 647319 567617 814706 557456 633460 534163 734583 1085258 215466 717204 296198 630580 143509 551105 743239 703515 653773 198976 332723 667538 824797 478612 919097 123527 677376 1056174 795202 645081 883464 891253 961441 918041 750559 168380 514768 566814 290507 165968 866144 621378 720155 912004 468805 1018345 766330 989786 741384 37241 222283 793153 859017 982202 77679 446225 801108 946988 850290 440631 674760 139357 189837 553302 674803 606192 418436 386767 513717 617893 830375 936265 356462
985160 730027 667546 69114 729875 451330 201293 999999999 366999 364116 606543 514091 397130 140428 454875 830920 165942 347697 437811 466287 550927 498423 683581 417791 697814 617800 782697 697760 139194 644487 498135 716378 548268 508702 547530 571536 954815 64850 536449 166048 595031 104173 525143 762207 521392 453617 215244 148099 605348 741121 296681 919348 100918 510687 945940 811280 632090 752400 784058 827008 799370 646608 355501 433212 516456 101547 353889 758891 553424 650871 787099 308544 865211 684775 822678 547243 225523 401895 684189 837619 863117 129540 266722 813685 943537 701087 242208 473567 258194 265736 586852 622360 405502 242923 488531 518904 521818 630790 927952 360415
991316 449054 551420 420803 633369 141189 262738 366999 999999999 133221 561120 603500 164619 479695 96002 940752 521498 201541 71908 247688 810723 830178 648584 79093 906952 805870 793372 534995 269366 419684 419621 673832 343980 549455 302997 702946 973311 328775 726160 327084 434806 262862 355550 496071 717219 779277 164354 418855 496679 664891 522165 678106 270659 659055 916625 548156 426233 783683 756554 861969 797515 622763 184518 392972 395970 399230 187087 733229 463065 552023 800958 473368 947570 608496 948130 789328 228899 167811 668258 635034 858525 268640 491352 555856 707632 782864 588051 785921 125490 101533 305738 492259 729122 462573 126444 292320 495763 901981 700298 179517
858095 373975 422467 400117 503426 94111 333569 364116 133221 999999999 427900 480745 295753 444471 206939 814101 492926 73904 152233 128462 719862 770260 515391 208103 798863 695289 660427 413808 313615 313997 286400 540827 226814 421756 200809 583914 840191 308798 618522 265220 310023 270600 229416 412897 611419 717430 154035 365909 365878 533490 437639 585849 288361 544854 783969 464360 313615 651592 623446 729644 664334 489599 307242 262152 264170 360862 309280 600056 330413 421195 668077 376732 817947 476576 823425 693545 308312 299313 535103 527210 725304 307491 410207 469400 613520 654908 547678 716925 202317 144680 227066 363942 668073 383934 172409 180503 363403 812375 602704 47930
430205 423839 120598 589799 135629 461389 698850 606543 561120 427900 999999999 211847 722282 579253 624863 436465 626655 364465 566311 334857 560984 727551 87843 634223 537421 438927 236101 202367 650223 297379 141521 116241 275710 142800 337951 301088 413315 544289 399954 440639 192333 572720 235039 407215 405776 679069 504056 492440 105582 135656 416034 454188 597095 311560 360131 425522 264143 237186 196581 310698 237105 64293 727220 184102 173705 527857 728761 172562 104910 89748 244414 346076 418588 84004 458553 517442 687994 726077 109050 337161 297412 638768 418747 416660 463235 281445 629083 651594 602162 543780 394820 138045 644879 419000 559693 319676 84727 640425 438723 382559
474327 606699 331343 475850 337952 547335 659103 514091 603500 480745 211847 999999999 745791 442946 687251 340378 481937 406899 632875 438592 349245 522218 235813 682471 346417 241812 278221 409792 599228 476675 255168 265876 422046 79621 476417 108728 442087 462493 190272 364987 369498 517335 374121 600343 194670 476115 491503 373249 299699 320461 251213 665287 540019 100391 450429 625945 444580 241740 303969 313642 299926 200925 735396 231654 309065 417669 736021 281663 266500 300762 280907 207250 359429 286601 344954 306059 659649 750341 215691 548858 360368 586521 267402 618664 674986 191190 463747 445136 600345 550723 539591 334291 446680 280755 644701 448458 176518 430308 650553 433371
1151983 591880 716021 463456 797881 297816 218177 397130 164619 295753 722282 745791 999999999 532303 152067 1085921 563044 358556 193774 411957 910691 892984 810038 112435 1026526 929933 952005 698467 263054 578547 580883 836139 507247 698990 462760 839136 1132646 384514 847875 423721 599199 304168 520140 642311 836901 845900 261091 496160 660953 828974 624455 826730 298130 789890 1079611 693597 587568 939683 918453 1018413 957512 782850 53245 548669 559766 463655 56409 894781 626128 716307 959314 590493 1097868 772266 1090182 895614 182609 4974 828201 792779 1019297 269952 591789 702757 857085 930976 638374 860726 156245 195841 456499 656876 796512 562233 240120 454892 653452 998654 851939 339789
916307 784158 661718 71321 711710 537778 341699 140428 479695 444471 579253 442946 532303 999999999 572914 731911 51894 406568 546860 521504 416424 360683 645335 540098 572580 501424 720719 707315 279281 681842 497637 678567 587364 458501 601062 478066 882633 152173 423640 186055 612776 229114 554663 808485 407309 314302 316503 92528 602556 714430 196619 948367 234400 415667 891198 853988 663331 684491 736220 753993 741130 607130 493261 429492 529137 83647 491840 711857 549632 639900 723710 240329 774161 662267 718873 417200 365429 537170 638587 854208 802782 269089 175679 854042 969410 617574 108592 333161 385340 379384 650096 625985 265626 164407 592569 569423 497077 493042 950917 426703
1053445 442571 599230 511940 682317 168413 323088 454875 96002 206939 624863 687251 152067 572914 999999999 1020951 613222 280491 58660 294467 905840 925463 710827 45465 998482 896409 860206 570395 344240 441406 485047 733612 381381 628575 329355 789312 1038105 421144 817625 423085 477906 351058 403386 494069 809237 874776 259504 514397 549605 717498 617567 678803 355686 747888 972829 544752 454711 854402 816897 931702 861896 688185 195198 467972 453562 493496 198486 794611 522647 604203 868200 566974 1023668 663368 1030346 883720 286277 152516 733589 652172 920998 345974 586963 554499 709484 861530 681467 881816 200182 193557 313035 539837 824614 558291 89910 328089 566564 997305 705637 254780
287241 854933 534472 781111 484668 871368 993002 830920 940752 814101 436465 340378 1085921 731911 1020951 999999999 757939 741066 964852 752144 423540 647529 379353 1019318 266742 256460 249714 616162 930984 732155 552329 381334 709102 392379 770266 259754 246745 787219 315812 696812 628727 849758 665044 830970 333122 622986 831612 683335 541046 442286 538301 826101 871301 320252 349542 838776 699158 216521 332813 184768 273718 377510 1075705 554132 599225 729904 1076302 334364 536066 508138 241450 526132 72507 456265 39706 386221 996231 1090441 343392 710603 276236 918171 565596 827360 823102 160761 713531 578029 940556 891064 829483 571128 620046 588038 970575 748271 464475 443522 796876 766201
952973 835698 711534 101551 759934 585708 362585 165942 521498 492926 626655 481937 563044 51894 613222 757939 999999999 457173 589994 572697 418479 334599 690566 578619 583254 519567 760157 758324 303648 733733 548384 723733 639220 502582 652471 508695 918376 192792 445123 237303 664339 264313 606546 860292 428250 292462 360121 144212 652811 761393 231561 1000112 265721 446490 931866 905861 715203 722437 779083 790009 781467 652316 521191 480249 580598 132811 519514 755000 599949 689226 762746 284044 803493 710040 742612 424867 389790 567818 682384 905487 842305 294813 215413 905933 1021047 650811 78439 317585 421099 420333 700963 676715 246565 208640 637167 620936 545276 488636 1002447 476738
793562 383258 373383 371884 451385 154454 359375 347697 201541 73904 364465 406899 358556 406568 280491 741066 457173 999999999 226136 118716 652420 715013 452308 278992 726353 622400 593566 377470 326628 299831 223723 479380 204775 348928 200014 510044 774110 286334 546371 221100 271221 267594 192200 414520 539735 661721 162251 321201 313500 477831 374878 575766 289118 471511 723543 463821 291689 582528 560997 660991 598983 424389 363047 191493 211025 324557 364677 537015 272418 367976 600952 309588 746276 419848 749921 624550 340171 362500 469691 504055 660953 318087 349477 466624 601430 582305 504490 658081 242899 183150 244017 317157 613158 324993 243515 171272 295171 745050 587807 28117
994789 398942 541159 489931 624202 110758 330787 437811 71908 152233 566311 632875 193774 546860 58660 964852 589994 226136 999999999 235981 862411 893089 652197 81998 949036 846097 801766 514096 340825 387828 426705 674952 324208 572542 273978 736116 979517 397250 768337 386391 420203 333833 345061 448808 760578 841533 230358 481731 491098 659097 575644 633065 342307 696380 914285 500282 399525 796357 758237 873507 803314 629705 228371 411172 394902 465210 231428 735957 463995 545773 809789 521079 966468 604816 974950 838551 295686 195373 675086 600595 862352 340375 545986 509220 663362 805081 654765 846044 196109 172095 262950 481728 791465 517949 55983 270922 508754 954420 658177 199527
760320 264736 306013 489876 388823 127332 460649 466287 247688 128462 334857 438592 411957 521504 294467 752144 572697 118716 235981 999999999 727729 813589 418863 310909 778128 672447 570937 287903 436017 187026 200722 440229 98540 367094 81298 546966 746466 405043 603319 335454 187266 383271 109402 296140 599674 760069 271837 433488 255138 423142 466153 461617 403715 519906 678376 345941 185167 569618 523501 645024 570590 399015 430090 207032 161314 440733 432388 501754 230645 309802 579272 393213 745833 368934 766935 695109 436428 414925 443875 398893 628311 428679 444932 349318 488394 591419 615910 751905 330776 272888 130152 246550 712927 423781 224856 54009 287853 819744 476427 108441
688816 938930 680551 484515 682763 806858 748350 550927 810723 719862 560984 349245 910691 416424 905840 423540 418479 652420 862411 727729 999999999 224019 572642 885547 180494 173177 549997 758049 683309 810759 582469 597990 740950 424270 785511 275296 648286 535707 164717 488858 707403 615364 693910 939447 155989 202474 656211 418398 645960 659280 288912 1014437 629141 249567 713684 969306 780516 501856 609354 537584 578589 542436 881388 535774 635435 458097 880691 593292 607098 650002 547442 343185 488990 632820 394068 45683 765999 915661 544481 898091 620945 671553 320625 963046 1024203 395958 350438 156440 754614 725866 848102 680135 210705 350023 891928 753820 518175 92635 999696 680304
909973 1055481 840765 430283 858983 863754 697150 498423 830178 770260 727551 522218 892984 360683 925463 647529 334599 715013 893089 813589 224019 999999999 757431 895799 395715 395518 759404 910143 637369 934399 712144 786301 851308 584782 883957 476139 869773 510522 367072 507939 840644 589403 808161 1066150 352942 53521 665976 411503 795626 842643 349312 1168198 595029 433277 928105 1103161 907855 712207 810569 755167 787109 723129 853498 652729 760058 433578 851990 791841 749190 811802 757939 426397 712829 807039 617568 263786 723698 897852 734184 1057071 834411 627962 368663 1099282 1182220 610270 256579 77689 744629 732918 942428 827587 102192 390669 933368 851006 667406 230887 1159334 740457
343009 476574 155344 662002 115792 546001 784078 683581 648584 515391 87843 235813 810038 645335 710827 379353 690566 452308 652197 418863 572642 757431 999999999 721193 520782 430848 154999 236927 734024 357377 229171 33251 351996 189074 414432 299424 327623 622679 407996 518650 260488 655455 315186 451621 417159 711850 590537 562084 172755 86638 469895 464388 679796 326708 272935 460901 325161 166759 108791 232977 151810 38252 815036 270138 257721 600217 816568 84745 188380 130602 163884 406664 350779 77316 406543 527452 774157 813816 36499 345596 210302 722354 477535 450046 467624 237484 685360 680082 689586 631372 467695 197713 682246 481949 643526 399281 166311 644357 441757 470273
1064200 479448 616912 477085 699642 190020 278551 417791 79093 208103 634223 682471 112435 540098 45465 1019318 578619 278992 81998 310909 885547 895799 721193 999999999 985030 884347 867991 593527 302366 469330 493099 745403 402760 627656 354710 782037 1047266 387929 804330 398796 497354 314839 420274 529922 795140 845825 232067 486274 564643 733072 596654 714404 317582 737958 986834 581172 480161 859687 828477 937688 871178 696650 151590 469881 465861 462485 154822 805577 534119 619762 875736 550453 1025254 677681 1026995 865309 241583 113743 742167 682500 931457 304823 565296 590375 744812 861089 648657 854753 160389 163266 344914 557455 795702 536186 128285 349690 571479 976296 739920 255583
549959 951188 656371 635708 636541 876663 886768 697814 906952 798863 537421 346417 1026526 572580 998482 266742 583254 726353 949036 778128 180494 395715 520782 985030 999999999 105728 451725 739524 821499 821227 601547 538367 768306 425338 821637 240146 508946 671307 180861 604786 713364 746843 720329 941382 190087 381250 765830 554607 637260 603665 408650 983876 763962 258248 595467 962643 788647 404638 525400 417018 480681 499751 1003821 572388 655479 598846 1003592 515577 610307 625785 446630 436478 337950 592701 231351 159756 899514 1031415 486671 864993 508602 809089 441400 954021 988247 297812 521476 334993 871222 833623 884997 671731 391075 470108 969801 792763 521356 177891 962458 754312
515640 847970 559015 559544 545698 771876 799992 617800 805870 695289 438927 241812 929933 501424 896409 256460 519567 622400 846097 672447 173177 395518 430848 884347 105728 999999999 384252 641269 735155 717931 496624 451691 663183 321169 716117 138184 475123 585402 82966 511614 610329 658036 615180 839716 96652 367604 668844 471190 536301 516026 322374 889828 676524 152656 543096 862640 685573 335916 450192 365687 413270 406323 909517 466663 550648 516905 909455 436974 507189 528219 380772 339723 318317 499436 231875 131786 810291 934778 398622 771249 451357 722530 354163 854482 895839 227894 466751 323369 775660 735648 779501 570918 363608 381565 865643 687127 417699 220413 870364 650266
204966 624069 304396 750191 241818 697463 906166 782697 793372 660427 236101 278221 952005 720719 860206 249714 760157 593566 801766 570937 549997 759404 154999 867991 451725 384252 999999999 380448 851421 509446 375268 144006 506914 275221 569371 283985 181016 726356 392486 623915 415206 770422 469288 594360 406479 720693 719709 647538 327732 197456 529210 576833 794327 334987 173845 596936 477878 48348 83099 79254 29119 172154 952987 403982 409693 690338 954275 87374 340545 283161 9226 482399 205821 224057 283818 504754 900271 956001 127063 462338 82148 839164 545436 584768 573415 156624 739651 682296 823408 766987 622571 351689 700633 557431 795785 553671 298593 604436 547196 613909
529884 244044 83998 699672 141730 403696 736791 697760 534995 413808 202367 409792 698467 707315 570395 616162 758324 377470 514096 287903 758049 910143 236927 593527 739524 641269 380448 999999999 702360 142653 210415 237392 191224 333873 241531 503328 527489 632914 599790 538083 106295 636388 186029 214976 604430 859403 539283 615120 114521 186634 576605 258362 659613 510184 431349 225485 118838 401658 307080 459489 367248 245170 717986 278325 181457 640305 720290 294203 163091 113970 389672 499493 584187 159908 643387 715568 716445 701213 273187 149101 409004 693048 570683 215628 272343 471742 777101 836424 614419 555071 274541 83630 820781 562625 488084 243919 243320 840082 250271 381815
1056326 686895 688447 208127 760164 384179 65353 139194 269366 313615 650223 599228 263054 279281 344240 930984 303648 326628 340825 436017 683309 637369 734024 302366 821499 735155 851421 702360 999999999 622792 523379 765315 529882 577262 513325 672008 1029443 150201 652436 234656 596167 81917 518454 726509 638619 592809 164830 267370 626209 779028 413499 897528 59695 614165 1004827 777917 617426 827044 840106 904528 864383 699528 218279 466890 527554 225309 216433 814888 578118 677401 856967 405699 957906 720764 926972 676069 86351 267627 741193 830525 928637 12818 381199 782736 924409 790259 380897 612381 145338 179017 539442 636140 544658 353601 395808 489932 567760 765798 912137 328465
670256 130043 205477 660094 280064 280783 647319 644487 419684 313997 297379 476675 578547 681842 441406 732155 733733 299831 387828 187026 810759 934399 357377 469330 821227 717931 509446 142653 622792 999999999 228321 365669 96257 397059 116746 581081 665780 581186 663630 499362 108047 567384 128741 131771 664802 881618 458259 590127 191816 323662 587123 275935 588634 573645 573443 172714 33271 523933 441933 588584 499753 354665 604151 281919 176151 605782 606753 426154 210924 226865 518610 508885 708013 285505 755557 771804 622239 580774 391425 215447 546268 615220 573442 172202 301885 578803 766330 865470 515349 458629 134193 161058 838227 558533 355261 133602 300267 898581 289416 294440
571696 356761 169414 493628 236810 324414 567617 498135 419621 286400 141521 255168 580883 497637 485047 552329 548384 223723 426705 200722 582469 712144 229171 493099 601547 496624 375268 210415 523379 228321 999999999 255678 166983 177200 223303 362990 554168 433679 437598 334191 128528 449683 119217 358078 437851 660091 369875 405780 107321 257466 370415 461328 473855 348417 499820 391798 198647 370344 337604 446952 378112 203566 586768 68146 54124 433149 588389 313907 55508 154545 383195 292282 545142 198984 568501 543797 553984 584651 249078 358895 438906 512624 362059 387367 478957 391831 566942 641162 463921 404877 285793 128349 618850 352694 423635 197818 88068 670619 458429 241105
320092 480414 160417 695172 103892 567561 814706 716378 673832 540827 116241 265876 836139 678567 733612 381334 723733 479380 674952 440229 597990 786301 33251 745403 538367 451691 144006 237392 765315 365669 255678 999999999 368505 221944 430589 323381 307732 655278 433289 551268 274096 687104 334347 452096 443172 741328 620279 595318 188689 65470 502551 451611 711462 354219 244261 457610 334363 165180 83297 223257 134947 71442 842404 300141 280076 633370 844003 62303 211304 140347 153211 439791 346804 80163 410855 552575 804169 839835 53579 333584 188452 753725 510530 446068 452788 248383 718061 708807 718186 659635 481450 209559 712557 515129 664173 417478 197642 667506 426680 496421
686289 204272 220616 564173 303509 213471 557456 548268 343980 226814 275710 422046 507247 587364 381381 709102 639220 204775 324208 98540 740950 851308 351996 402760 768306 663183 506914 191224 529882 96257 166983 368505 999999999 344143 62483 529972 676107 484929 601982 403910 97894 472291 48020 221547 601151 798115 365059 496108 179891 341696 502281 371576 493892 513764 598144 266733 87700 512556 450517 584073 502611 339073 527508 205250 113712 510409 529879 430809 173071 230564 515715 424932 694242 291854 728248 704276 534138 509989 381522 301572 556417 521876 486234 267410 396796 550375 674137 784604 429089 370836 120685 162382 753357 469471 302629 53300 251800 830898 383041 201705
479605 527089 258239 480198 276208 481222 633460 508702 549455 421756 142800 79621 698990 458501 628575 392379 502582 348928 572542 367094 424270 584782 189074 627656 425338 321169 275221 333873 577262 397059 177200 221944 344143 999999999 399907 185944 452181 451383 268654 348704 289901 495902 296416 520976 271798 536286 453199 378467 221927 266567 280979 591089 519656 178311 437680 547327 364963 250005 278396 328112 290752 150981 693440 162867 230677 419169 694374 253730 186965 228348 280294 218572 398961 223950 403020 382209 629705 703343 180091 476137 354681 564886 288663 540342 602217 233434 496351 508958 560188 506857 462750 256318 502517 294330 579899 372971 96919 507630 578324 373844
747645 183714 280285 570852 362556 165048 534163 547530 302997 200809 337951 476417 462760 601062 329355 770266 652471 200014 273978 81298 785511 883957 414432 354710 821637 716117 569371 241531 513325 116746 223303 430589 62483 399907 999999999 584943 738028 486339 651991 415181 158017 463375 105491 215285 650107 830495 350333 512060 242134 401953 534910 385041 483341 565172 658096 265643 125547 574925 512315 646556 564881 401454 487497 251722 172069 520954 490082 492884 234664 291953 578181 459483 756356 353370 788749 750469 507861 465118 443998 332189 618236 506540 515902 269699 412828 611034 693610 819888 400247 344607 63435 223138 784300 496494 246650 32967 310159 876517 402578 188500
453518 711046 421431 523446 412344 653765 734583 571536 702946 583914 301088 108728 839136 478066 789312 259754 508695 510044 736116 546966 275296 476139 299424 782037 240146 138184 283985 503328 672008 581081 362990 323381 529972 185944 584943 999999999 416189 527508 111416 438532 473228 591132 482153 701831 123678 436717 580519 424351 398178 385834 281986 753379 612315 62403 455371 724458 548511 237709 335860 291053 311262 271875 824861 339937 416606 470818 825222 318700 370162 390593 283130 266584 296233 364430 255321 229688 739192 843816 269803 635116 361435 659191 307535 716304 760298 145353 474096 398764 689468 643299 648037 432778 417457 328882 750313 557147 281341 344996 735052 537125
41039 769376 462002 917927 386231 873623 1085258 954815 973311 840191 413315 442087 1132646 882633 1038105 246745 918376 774110 979517 746466 648286 869773 327623 1047266 508946 475123 181016 527489 1029443 665780 554168 307732 676107 452181 738028 416189 999999999 900602 510352 799472 580769 948040 641821 732571 526744 838183 900332 815335 496399 342139 687123 676921 971730 475945 127894 725477 636260 202855 225804 128680 176216 350640 1133988 584952 585340 859598 1135281 245493 515987 446420 174248 649333 174381 384991 285962 606250 1080219 1136608 305121 574460 119979 1017060 707159 711948 665991 270836 889282 795705 1004358 948002 787332 515715 826408 722409 971033 725193 479428 681966 640989 794007
929908 669495 603090 93253 666221 398993 215466 64850 328775 308798 544289 462493 384514 152173 421144 787219 192792 286334 397250 405043 535707 510522 622679 387929 671307 585402 726356 632914 150201 581186 433679 655278 484929 451383 486339 527508 900602 999999999 502831 104034 530281 80899 460868 700357 488796 462223 167861 117757 540819 678356 263403 855578 93541 468213 887338 748975 568156 697800 724525 773536 742037 586082 349227 369188 451607 79431 348179 699292 489036 586769 731101 261228 817883 621665 781353 526800 230412 389447 624626 772982 806047 137789 231261 751057 879520 651844 260730 476213 234108 227821 527871 557583 412537 204132 445003 457067 459631 620205 863711 300831
549469 793308 520318 479531 518774 697723 717204 536449 726160 618522 399954 190272 847875 423640 817625 315812 445123 546371 768337 603319 164717 367072 407996 804330 180861 82966 392486 599790 652436 663630 437598 433289 601982 268654 651991 111416 510352 502831 999999999 428741 557543 575122 554066 789281 17327 330277 586841 389282 489935 494629 240249 854141 593711 90353 561293 815939 632138 345152 447127 390591 420398 378246 826903 400469 491632 435257 826812 430115 455146 489551 390895 257406 368980 469336 297862 119460 727339 852735 379798 736883 467487 639792 271710 808812 862777 244324 397805 290301 693278 654047 715391 524500 316061 298839 789886 621869 365087 240492 837959 574403
828012 598511 503310 162290 564090 359331 296198 166048 327084 265220 440639 364987 423721 186055 423085 696812 237303 221100 386391 335454 488858 507939 518650 398796 604786 511614 623915 538083 234656 499362 334191 551268 403910 348704 415181 438532 799472 104034 428741 999999999 438208 153035 374156 624126 416524 455828 167587 100968 441502 575084 200926 769849 175185 382115 783685 670575 482858 596628 620629 673146 639005 482053 399051 268150 356833 106512 398807 595385 389103 485702 628877 174032 723289 518743 693825 472077 301271 428664 520742 681418 703118 221885 168493 671267 792315 555809 283972 459694 267566 237300 464147 460295 405929 138962 425435 383738 355931 578567 775132 242482
589738 237837 122734 600441 205628 309543 630580 595031 434806 310023 192333 369498 599199 612776 477906 628727 664339 271221 420203 187266 707403 840644 260488 497354 713364 610329 415206 106295 596167 108047 128528 274096 97894 289901 158017 473228 580769 530281 557543 438208 999999999 530906 80717 232163 559338 788528 432988 520250 88448 244060 497662 336957 553971 467326 500410 263568 75283 424864 354965 493465 408934 252555 616110 190906 84243 542331 618302 336235 103140 134350 424188 419266 608367 195793 650770 667512 610547 602185 292339 243242 460847 586929 487607 258878 356836 473324 688818 769659 509309 449765 207476 65182 746987 476129 400390 150480 192983 794079 338153 276229
975243 642820 616943 162835 686246 353204 143509 104173 262862 270600 572720 517335 304168 229114 351058 849758 264313 267594 333833 383271 615364 589403 655455 314839 746843 658036 770422 636388 81917 567384 449683 687104 472291 495902 463375 591132 948040 80899 575122 153035 530906 999999999 455693 678579 561798 541838 117045 196971 554418 703231 338197 843309 24376 533876 925275 728972 558782 745518 760783 822868 783814 620433 268329 390594 458234 160328 267291 735530 504936 604205 775860 325306 876114 645250 846300 605105 152671 309082 661534 769620 848076 69274 305457 732579 869020 708393 336680 556771 156859 161743 497016 566637 492371 277001 385081 437082 489471 700569 855220 274965
654061 247922 196642 535985 279422 235349 551105 525143 355550 229416 235039 374121 520140 554663 403386 665044 606546 192200 345061 109402 693910 808161 315186 420274 720329 615180 469288 186029 518454 128741 119217 334347 48020 296416 105491 482153 641821 460868 554066 374156 80717 455693 999999999 259627 553351 755144 354422 462592 146920 314148 459829 395821 478271 465764 569935 301364 108794 472182 417321 545325 466826 299134 535912 158717 66699 480119 538064 396402 130519 200947 477906 381917 652423 260840 683285 656898 530428 523242 342775 314029 522798 509585 445245 300276 418929 505617 637754 740477 428680 369199 166969 137198 711069 429899 330223 84638 204991 783592 402843 195800
730267 54166 296867 782851 353099 355658 743239 762207 496071 412897 407215 600343 642311 808485 494069 830970 860292 414520 448808 296140 939447 1066150 451621 529922 941382 839716 594360 214976 726509 131771 358078 452096 221547 520976 215285 701831 732571 700357 789281 624126 232163 678579 259627 999999999 791362 1013385 564831 717503 304303 398074 718838 184736 698332 698971 625748 52161 159452 616622 518459 673065 579677 457226 675912 413561 307099 730597 678837 507462 334141 324666 603567 640633 798856 374825 857683 899674 714668 643659 487706 186984 616783 720234 704836 60463 215508 684405 895603 997046 606074 553585 190897 270080 969975 689417 404160 243329 424230 1026238 213411 403780
565724 794211 525796 463854 526788 691845 703515 521392 717219 611419 405776 194670 836901 407309 809237 333122 428250 539735 760578 599674 155989 352942 417159 795140 190087 96652 406479 604430 638619 664802 437851 443172 601151 271798 650107 123678 526744 488796 17327 416524 559338 561798 553351 791362 999999999 315109 576020 374581 493627 503775 225723 859758 580087 94321 576090 818970 633607 359424 459448 406328 434174 386524 815162 398390 491730 420373 815019 441920 457422 495121 405117 246530 386225 476846 314978 111712 714198 841777 389818 742928 482207 626011 257541 812112 868961 259820 380531 275842 681934 643622 713433 528085 299798 285084 783171 619633 367563 235861 844310 567818
877928 1002325 791070 384866 811472 810807 653773 453617 779277 717430 679069 476115 845900 314302 874776 622986 292462 661721 841533 760069 202474 53521 711850 845825 381250 367604 720693 859403 592809 881618 660091 741328 798115 536286 830495 436717 838183 462223 330277 455828 788528 541838 755144 1013385 315109 999999999 615287 360423 744931 796453 295975 1117214 548523 390413 891151 1050737 855288 674106 768785 720637 747929 676924 807544 600117 707590 384395 806137 749356 697949 762385 719688 373275 685907 759378 595132 236769 679138 850795 689748 1006774 797239 582995 315142 1047004 1131646 574590 214036 46257 696123 682722 888917 776599 50162 337226 881228 797542 617128 230810 1108963 687256
923887 527489 530151 261063 604976 236688 198976 215244 164354 154035 504056 491503 261091 316503 259504 831612 360121 162251 230358 271837 656211 665976 590537 232067 765830 668844 719709 539283 164830 458259 369875 620279 365059 453199 350333 580519 900332 167861 586841 167587 432988 117045 354422 564831 576020 615287 999999999 254973 468659 627335 367654 733442 134336 529683 863422 615774 452596 701093 698708 779880 729376 558470 244445 320404 367842 235150 244903 673842 423050 521536 726144 329517 848641 568849 833635 638277 184211 265934 602219 665776 793097 156964 335606 620031 760046 680376 424482 623001 109054 69713 380982 475910 565126 306188 277163 325837 425438 746134 747492 163820
847226 694463 570970 102723 623285 460001 332723 148099 418855 365909 492440 373249 496160 92528 514397 683335 144212 321201 481731 433488 418398 411503 562084 486274 554607 471190 647538 615120 267370 590127 405780 595318 496108 378467 512060 424351 815335 117757 389282 100968 520250 196971 462592 717503 374581 360423 254973 999999999 511254 628037 149069 855900 211282 363100 815142 762499 571166 614258 656821 686862 666222 524104 464007 337669 436638 46618 463166 632051 458285 549876 651246 166006 719142 574643 674653 409047 348111 501129 557916 761791 729062 255153 118636 762317 876887 556715 183300 368595 341736 323008 563000 534095 310268 95505 523280 480032 409144 503930 858393 343225
507542 318603 62574 600593 138033 381997 667538 605348 496679 365878 105582 299699 660953 602556 549605 541046 652811 313500 491098 255138 645960 795626 172755 564643 637260 536301 327732 114521 626209 191816 107321 188689 179891 221927 242134 398178 496399 540819 489935 441502 88448 554418 146920 304303 493627 744931 468659 511254 999999999 168445 463715 372794 578418 399774 423258 326635 158599 336436 271102 405602 322748 164229 672565 174289 102607 539863 674476 250982 52976 55353 336637 387324 519923 113937 563863 604125 651548 664322 203987 262425 376887 615838 459234 319043 386727 386988 667414 721930 556396 496619 295010 34666 706544 452840 477099 228988 129084 729487 364292 325369
347472 430445 121852 725414 45082 549479 824797 741121 664891 533490 135656 320461 828974 714430 717498 442286 761393 477831 659097 423142 659280 842643 86638 733072 603665 516026 197456 186634 779028 323662 257466 65470 341696 266567 401953 385834 342139 678356 494629 575084 244060 703231 314148 398074 503775 796453 627335 628037 168445 999999999 546565 386959 727574 413022 256480 399480 294481 225849 120627 275412 181604 119542 839342 312638 269329 663477 841165 110086 205526 113361 206577 479304 403185 58489 473142 614083 811448 832400 117457 269479 222866 767936 551496 387334 387546 313544 761168 765455 720098 660635 447433 179344 765711 553213 643147 393385 219914 730632 361404 491717
721479 706541 516173 242972 551648 528154 478612 296681 522165 437639 416034 251213 624455 196619 617567 538301 231561 374878 575644 466153 288912 349312 469895 596654 408650 322374 529210 576605 413499 587123 370415 502551 502281 280979 534910 281986 687123 263403 240249 200926 497662 338197 459829 718838 225723 295975 367654 149069 463715 546565 999999999 831454 355486 219683 701636 757622 561800 490944 552028 558638 551134 431909 598095 307200 415025 195242 597659 528569 413515 489999 531586 78471 578218 499915 527711 271178 490867 629407 457781 725607 611338 400975 32928 754583 848151 421003 215532 285754 468221 437214 594026 492979 251241 62317 608036 501989 341794 379823 826747 401870
664561 237131 333966 931796 349046 537023 919097 919348 678106 585849 454188 665287 826730 948367 678803 826101 1000112 575766 633065 461617 1014437 1168198 464388 714404 983876 889828 576833 258362 897528 275935 461328 451611 371576 591089 385041 753379 676921 855578 854141 769849 336957 843309 395821 184736 859758 1117214 733442 855900 372794 386959 831454 999999999 864478 765454 555199 134944 287543 611084 494003 649394 554989 484229 859439 526927 421200 875525 862318 491912 419413 364647 585408 753525 780099 391181 858570 971317 892172 828146 499848 118903 574080 890291 823271 124352 31307 699882 1025769 1094713 784003 729372 372445 340626 1077899 812761 588894 407639 501681 1094611 41468 569774
999102 661680 640924 165382 710471 368280 123527 100918 270659 288361 597095 540019 298130 234400 355686 871301 265721 289118 342307 403715 629141 595029 679796 317582 763962 676524 794327 659613 59695 588634 473855 711462 493892 519656 483341 612315 971730 93541 593711 175185 553971 24376 478271 698332 580087 548523 134336 211282 578418 727574 355486 864478 999999999 554530 949516 748982 580668 769133 785059 846356 807862 644738 259179 414939 481887 171631 257872 759803 529072 628358 799718 346035 898472 669577 867295 620300 136885 302969 685772 792035 872123 46877 322971 752852 890431 730953 340299 565276 157525 171122 515310 590357 499480 295006 394857 457645 513832 713183 876924 295279
512538 703438 431489 461556 434196 619773 677376 510687 659055 544854 311560 100391 789890 415667 747888 320252 446490 471511 696380 519906 249567 433277 326708 737958 258248 152656 334987 510184 614165 573645 348417 354219 513764 178311 565172 62403 475945 468213 90353 382115 467326 533876 465764 698971 94321 390413 529683 363100 399774 413022 219683 765454 554530 999999999 508294 725622 542024 290740 378455 349388 360917 294592 773292 314639 402528 409657 773507 358962 364830 400829 335184 208571 358573 383726 313147 205894 683360 794643 301497 648720 414764 601354 245699 718551 774787 205608 413391 355602 638157 594270 628606 434304 366737 267787 714248 535669 274755 329932 750202 499202
109417 666522 377819 917378 295949 805219 1056174 945940 916625 783969 360131 450429 1079611 891198 972829 349542 931866 723543 914285 678376 713684 928105 272935 986834 595467 543096 173845 431349 1004827 573443 499820 244261 598144 437680 658096 455371 127894 887338 561293 783685 500410 925275 569935 625748 576090 891151 863422 815142 423258 256480 701636 555199 949516 508294 999999999 613604 546526 217845 164925 178864 150503 305615 1086588 543021 521059 856656 1088205 190040 453584 369053 173125 651526 281434 309471 389102 669246 1046887 1083236 263744 458050 93953 992949 716630 599610 542533 318203 913122 851581 962293 903848 701560 435820 872797 727155 899509 649849 438431 759990 518041 740150
720281 102355 309452 830286 355369 407809 795202 811280 548156 464360 425522 625945 693597 853988 544752 838776 905861 463821 500282 345941 969306 1103161 460901 581172 962643 862640 596936 225485 777917 172714 391798 457610 266733 547327 265643 724458 725477 748975 815939 670575 263568 728972 301364 52161 818970 1050737 615774 762499 326635 399480 757622 134944 748982 725622 613604 999999999 195837 622784 518197 674609 580082 470652 727677 450785 343151 777085 730617 509566 362209 339022 606056 679191 802607 383587 867220 928538 766749 694876 497367 160263 612470 771504 745023 14651 166119 696991 939044 1032836 658166 605492 243059 291969 1008248 730764 454872 292580 451533 1054609 166824 454020
