NAME : synthetic_000328
TYPE : CTSP-D
DIMENSION : 100
GROUPS : 8
RELAXATION_LEVEL : 1
EDGE_WEIGHT_TYPE : EXPLICIT
EDGE_WEIGHT_FORMAT : FULL_MATRIX
EDGE_WEIGHT_SECTION
999999999 892618 753186 719240 391117 823440 1004783 932528 672039 893671 517610 949990 829141 170406 721564 662400 809354 812846 400681 712329 537115 682251 678569 722409 359087 720598 781688 765272 1105139 136740 519152 325407 626760 499573 130958 631780 865976 137608 656144 156019 250220 986406 785689 217487 850471 656939 379436 482475 801024 103896 562646 569709 478543 661733 655539 620746 915515 501041 839584 265239 621002 847477 726406 529656 62537 127559 259526 862445 515149 587979 1018115 133049 157872 819881 384022 667028 724664 911248 784475 133981 781166 189900 18075 226832 586222 735827 445155 926637 374839 451386 576193 824286 708476 201074 821972 700057 703810 303392 1052638 720665
892618 999999999 248860 898218 515283 115384 585684 729441 275351 859537 681677 344658 71175 756839 171099 370826 870105 204655 754912 602767 675270 335581 893521 551990 553744 746408 198935 242834 576405 877729 916732 923654 654803 872360 763248 271608 45391 957037 351400 859746 737296 614098 618852 734034 201880 241784 907351 477091 659180 866147 358321 337087 883212 416425 567810 315485 526888 392246 753714 724688 291306 82966 779909 379754 878360 890648 693413 866190 784242 707939 186845 793267 950049 916015 519384 318815 760995 704522 146053 782336 532248 803903 910686 691722 317087 161258 451752 314281 659185 570602 368518 1042563 226458 720585 436690 997861 200915 592632 350480 432532
753186 248860 999999999 958288 436411 290474 774255 875484 85728 974280 702012 554785 240292 652032 191563 448574 959825 64213 733352 697100 702742 93296 942735 654488 474750 827663 50317 12122 791666 706173 917273 868633 714897 872659 634385 159983 261999 845764 115540 762032 662092 793170 736323 644704 392090 245575 869298 280430 776492 753884 193830 312085 876189 497211 643928 134788 698536 285327 869539 653573 298326 280453 858639 230557 724357 784307 613361 971290 797777 750903 435550 634321 845657 1001417 435282 90914 841649 848398 108079 626819 658110 625565 770816 530905 293337 222134 368350 521323 624439 356205 177173 1107833 77162 559326 588194 1036946 130008 454065 587186 542112
719240 898218 958288 999999999 591133 782990 541417 351900 885196 216740 272082 679207 832412 583746 789431 530635 115845 981629 330791 303192 264438 956348 42506 355636 570956 161518 946571 965740 665843 836214 222636 423067 246249 224901 660271 802070 853048 634130 941628 564370 495496 499208 320150 538361 718795 717840 360658 852917 292456 615855 816197 647454 249872 482915 330419 856369 499440 711646 238827 486156 661672 816016 129357 783652 769225 599461 519599 177319 213240 209185 886861 765601 606748 104943 599298 924070 148151 349305 900754 751512 398080 838752 726121 757171 665312 771889 637048 682652 413356 912192 855578 149587 881361 761480 506000 122732 833490 697859 785141 469738
391117 515283 436411 591133 999999999 435525 666055 655065 351146 682826 319192 568431 447760 242124 346375 286243 631717 483467 307649 426239 328752 399952 564346 412156 39550 505619 447778 447192 748948 416269 496981 432485 384005 454123 260474 283233 483760 441982 379202 344786 228913 658686 494465 219648 459606 273877 433870 262448 524037 351760 252672 181202 452778 299767 360006 306864 573424 151160 595480 218841 231726 461608 527921 215019 392142 375412 181697 664859 395193 388261 627970 322718 434801 662811 10671 372064 516390 629017 430708 308218 456691 365583 408745 245140 199576 354474 68807 542533 197574 324622 286492 735745 370875 267272 464617 641790 346921 141225 666161 365611
823440 115384 290474 782990 435525 999999999 492559 621644 281856 746670 570922 264542 58387 676973 129061 257317 755133 268546 650856 487521 563582 359258 778743 436933 471910 631049 247912 289049 501514 824156 806978 825285 540079 762953 692584 243514 70078 875585 367589 775129 647846 516576 505313 649290 103389 168739 805053 454456 545830 786605 332917 254454 774934 301875 452623 306618 425459 335033 640604 634263 203872 33370 664538 343504 816034 808499 606663 752291 673517 594260 197691 735296 866250 800915 441296 333932 645636 596058 184727 723002 419199 755705 841353 637798 237245 99741 378326 231259 560040 553603 354977 927184 238014 665885 327538 883482 190150 532523 304242 317347
1004783 585684 774255 541417 666055 492559 999999999 210387 741428 381264 518659 245475 550172 834457 585846 392730 449303 760341 650304 309896 499198 825399 564613 285496 679481 394586 736830 775040 124847 1069162 697487 832573 411855 668607 890181 672482 546834 987183 825676 886212 759294 45577 246920 787635 389754 559527 781911 842966 257577 923516 741595 564954 693018 367518 353997 745005 92650 677981 306242 743430 534373 513964 419233 730019 1028048 927361 745328 409175 584105 474755 472554 976757 965940 493170 676561 794691 403794 200427 674218 961318 224130 1028887 1019296 910512 567059 553422 656209 272583 633170 938181 777567 638490 708552 930868 207536 664135 652910 806767 304676 300949
932528 729441 875484 351900 655065 621644 210387 999999999 825049 171129 415988 420358 679588 767710 684467 437133 247700 875616 542742 230410 396134 907967 382267 245586 656223 233153 846555 878928 327455 1019656 539435 705434 305772 519552 834506 746234 686035 887900 902352 795020 682523 164817 160678 718436 527761 636599 647947 878591 133810 839462 797340 609609 545925 393998 295899 815787 213046 712562 115336 667897 595338 649480 246538 776538 967043 835655 681980 201112 449643 351262 651731 932318 863522 288333 665631 875240 236769 27540 787664 916753 220026 994648 944576 885533 618781 655974 667113 438308 560838 964159 836770 432178 802112 900624 294167 472305 746418 793341 502977 337063
672039 275351 85728 885196 351146 281856 741428 825049 999999999 913436 624500 537725 243923 566938 159479 390350 892913 140948 650301 634840 626373 84146 867789 595286 389293 760223 110200 97059 771823 631633 835540 783130 644448 791113 551256 83494 274318 761607 86476 676821 576388 756013 679488 559048 375306 188489 784509 210365 718894 669574 109821 237953 793840 437371 578342 51313 660358 199988 810164 567934 233600 281794 790275 145548 645695 699635 527642 907973 718358 676634 454734 556212 760985 933175 349808 53654 773906 797644 132207 547924 605444 552559 689810 452450 221122 192969 283404 504017 540882 297677 100955 1034750 48893 481208 545864 959745 92569 370938 586071 488329
893671 859537 974280 216740 682826 746670 381264 171129 913436 999999999 387893 576166 802624 740945 788348 525706 100905 983833 493001 278720 371185 992940 255930 319888 673975 180572 951872 979427 498104 997882 433056 623727 299214 425613 814293 830977 814663 825840 983343 744376 651647 335746 241899 692245 661833 729074 562149 930499 201163 793492 867278 682098 452197 477195 338726 895615 371706 771367 106241 639162 679868 777165 167913 840763 936967 782733 663417 39616 380639 312645 803824 917832 799394 127751 692689 959811 172808 182629 897176 902744 327474 986662 903090 889291 695490 763620 711082 589621 543949 1005707 907591 264967 898050 899381 426379 325091 844393 810789 666969 435984
517610 681677 702012 272082 319192 570922 518659 415988 624500 387893 999999999 551390 611575 356647 548414 315674 320428 732365 131944 209229 20094 691338 247337 237800 300623 208186 696315 710491 634437 612747 236604 316074 111624 193432 427962 542814 638558 475053 675084 379485 268874 491178 278626 307363 532425 471762 271037 580837 287131 423475 548202 390331 208731 278120 171827 591699 439880 442575 322767 255086 413941 604105 221697 514421 555318 420350 275987 362536 102612 75464 715016 530548 451932 346830 327525 659751 215085 395925 657242 515347 301348 598805 529155 502982 409913 536980 365818 541812 156086 641641 586931 418271 626348 511968 381912 335246 583037 431991 664746 300223
949990 344658 554785 679207 568431 264542 245475 420358 537725 576166 551390 999999999 318647 784463 378296 287682 615979 531411 668325 382744 536254 618922 689245 333272 594292 517761 512340 553573 236972 984433 775226 857797 473297 736801 822923 482226 309043 966554 624182 861850 727969 279662 360649 744583 163254 376660 820019 679151 394118 887864 564135 417700 756263 295783 385586 552790 207334 527946 478326 712213 373113 279758 550003 562736 958682 900863 699432 593626 643567 539779 231878 891022 950485 663275 577579 591172 531069 399839 449188 876621 281774 928857 966674 806834 411419 344826 534879 33727 611455 778971 594428 804995 497880 831795 176358 796648 445362 697698 113356 252863
829141 71175 240292 832412 447760 58387 550172 679588 243923 802624 611575 318647 999999999 689781 110474 302918 808464 212771 683742 540203 605566 315921 826468 490373 485782 682782 194971 237564 555259 820176 846212 852807 587843 801765 699066 221260 37022 889741 327154 791517 667827 574724 560920 665644 160449 173925 836203 432201 601558 799314 310859 268083 812382 349627 502164 275973 483819 331334 696444 655007 221125 40163 716090 327418 817351 823102 624492 807330 714071 639551 213381 733785 882106 853858 452330 293461 697361 653881 132481 722300 475323 748461 847178 633610 248553 93583 385778 285890 588185 529181 327271 977884 196907 662237 385425 930098 157118 531782 347403 370644
170406 756839 652032 583746 242124 676973 834457 767710 566938 740945 356647 784463 689781 999999999 586947 496932 662937 706283 253631 544406 375398 595511 545703 552671 205064 563642 672271 663709 934915 256937 409151 256330 462706 379122 76788 511926 725859 200269 570858 110224 89550 816503 617927 49381 693713 515859 289205 409660 635084 109672 458389 423113 363719 493377 486265 517304 745110 376028 679271 101865 473128 703558 573053 421495 199359 134606 89135 712249 371798 429936 867274 181946 195411 679099 237501 573955 569174 745586 664085 168163 610981 255905 185453 198235 441695 596382 305534 762365 207135 415096 481518 704442 595883 191446 652256 586561 580676 206688 889335 551136
721564 171099 191563 789431 346375 129061 585846 684467 159479 788348 548414 378296 110474 586947 999999999 264724 780426 195783 604674 513920 545518 241702 778290 468744 385356 649856 163602 194507 612477 709850 777171 764336 543317 732267 592151 114718 147324 787216 245901 691155 571621 602993 548342 565897 216286 78835 753011 326250 588843 695979 204507 173453 740121 314022 465400 178399 507929 221777 682799 559720 135869 138939 681974 218012 708112 721131 526431 787631 649159 587075 320002 623895 780962 823663 349882 213030 664178 657485 111421 612604 468224 637989 739630 523338 152468 33491 281454 344600 502992 424939 225955 937963 122724 552021 396697 877818 67639 422363 431101 353392
662400 370826 448574 530635 286243 257317 392730 437133 390350 525706 315674 287682 302918 496932 264724 999999999 515837 460413 408297 249378 307151 472151 523631 205965 308695 385927 427388 453778 464879 701800 552277 592520 285174 508871 535958 309837 326441 681889 465541 577332 443570 394013 289182 457858 220405 203643 563936 453404 328803 601212 361866 176229 522547 49304 202029 378710 301396 286832 421115 428098 158322 290684 418466 344284 672519 615559 412685 523448 417927 337135 404489 608145 667132 559429 296073 439204 400351 409602 375499 593357 217191 651355 679032 530053 182782 243329 265435 265664 333451 546583 400702 677513 372466 553189 185474 627232 318704 422545 393156 101114
809354 870105 959825 115845 631717 755133 449303 247700 892913 100905 320428 615979 808464 662937 780426 515837 999999999 975861 410654 268514 306583 969103 155326 318219 617891 132761 942251 966074 571489 919158 333878 528377 252815 329316 738003 809496 824737 734414 957105 657291 573410 405037 258510 615240 679451 714766 466304 887753 222177 707539 835976 656395 355573 466547 315972 869914 421439 735325 143840 562065 661720 787139 104762 806524 855530 694507 590232 61610 294232 246000 835631 842768 707538 47382 640960 936158 119416 250270 891335 828033 344612 913685 817769 822564 672007 758846 668025 624463 474618 956334 876169 191173 882752 830257 451490 227921 831362 751748 715446 437919
812846 204655 64213 981629 483467 268546 760341 875616 140948 983833 732365 531411 212771 706283 195783 460413 975861 999999999 772991 709687 731497 156110 968542 664420 522528 844880 36437 52825 767896 768992 953713 915710 736182 908862 692139 200683 226760 901996 179369 815826 711398 782552 743291 696340 371935 263791 913205 343757 783899 809869 250738 343021 913946 509691 660390 192152 689523 333908 878118 702066 320431 251905 876737 285833 785586 839550 663093 983404 830568 776623 390362 695788 900874 1018793 483340 154977 859133 848976 87977 687891 661889 688739 830587 592152 322836 220697 414725 498646 665620 420402 238429 1130723 112622 620752 583819 1065629 149341 511853 552483 548293
400681 754912 733352 330791 307649 650856 650304 542742 650301 493001 131944 668325 683742 253631 604674 408297 410654 772991 999999999 341150 151782 705921 293921 367665 276011 321463 736566 743227 765038 508745 189649 189694 242518 147988 329817 574229 714530 345269 686043 253996 164800 623121 410304 207594 628657 525844 155651 562998 416928 301392 558572 433796 145132 380251 300114 609975 570225 453657 442719 155449 469409 682977 325797 521524 445008 293942 191045 462180 118175 191777 812740 435137 321346 425512 312562 676821 324672 524109 706890 420900 431187 507997 410345 429449 454847 599929 370039 655356 110331 605258 593700 458099 661851 431909 504932 348179 626593 383096 781166 415510
712329 602767 697100 303192 426239 487521 309896 230410 634840 278720 209229 382744 540203 544406 513920 249378 268514 709687 341150 999999999 189557 714223 308274 52470 426021 144631 676766 702656 427957 792665 401221 522789 102741 367239 608225 552278 557376 681982 704785 583482 462548 282025 73547 495649 416869 451552 473149 659902 97823 624216 590114 403870 389946 200226 66264 617057 235307 497082 177645 447233 401356 519866 178335 564991 742944 624664 456861 274222 278093 168352 583808 704004 659663 313656 436718 681094 159131 205549 624253 688408 103759 765045 725474 655159 416882 491233 443463 382645 337607 740975 630351 441722 620499 670499 206627 416036 567550 563417 492972 170265
537115 675270 702742 264438 328752 563582 499198 396134 626373 371185 20094 536254 605566 375398 545518 307151 306583 731497 151782 189557 999999999 694727 242332 219372 312107 190926 695610 710971 615450 631132 246380 334708 91532 204321 446136 544142 631760 495144 679075 399513 288015 471403 258628 326059 521949 469650 288428 589329 267060 443344 552788 390681 221305 267724 154333 594881 421053 447690 303873 274038 411979 596861 206141 519672 574298 440397 293791 346825 111478 60585 703822 548260 472002 334804 337430 662861 198500 375946 655082 532998 282831 615954 548779 518578 409840 532941 372630 527499 173068 652390 591880 412186 626654 528217 365497 334353 582179 445167 649589 286253
682251 335581 93296 956348 399952 359258 825399 907967 84146 992940 691338 618922 315921 595511 241702 472151 969103 156110 705921 714223 694727 999999999 936988 676058 435666 836347 141837 103604 853999 625371 893841 825687 718707 850013 569364 162454 342579 783152 26294 705618 616473 840155 760909 594236 455904 271876 832542 200896 799989 692400 147414 312727 850751 518427 656176 99979 744503 252697 890444 609772 314300 355309 865680 184938 648947 724389 567457 986273 781781 747210 520629 558583 785439 1008369 396683 33129 849790 880520 189933 552393 688134 543572 699489 456600 297822 275080 335903 585195 595627 266746 115378 1105601 121387 484203 629947 1025847 174082 391194 662249 570993
678569 893521 942735 42506 564346 778743 564613 382267 867789 255930 247337 689245 826468 545703 778290 523631 155326 968542 293921 308274 242332 936988 999999999 360083 542270 174301 933097 950578 689424 796855 180364 380601 238720 182693 622391 785117 848621 591984 921407 523366 458089 523635 334429 501054 719242 705005 318195 826722 310684 575009 795010 630889 207477 477113 327178 837101 516933 689665 267484 449330 648114 811976 145879 761584 729240 558050 484069 216908 177960 191994 891057 727648 564561 147442 572111 905041 162794 377364 889252 713739 407488 801217 685166 722247 649399 762290 613093 690652 381421 882960 833965 171400 866142 725642 514135 107765 819704 666394 797264 469821
722409 551990 654488 355636 412156 436933 285496 245586 595286 319888 237800 333272 490373 552671 468744 205965 318219 664420 367665 52470 219372 676058 360083 999999999 416745 196854 632156 659557 397429 794918 445107 553874 142394 409022 612389 513638 506608 701715 667937 600783 474914 264074 86767 504922 364622 409556 507412 633714 124168 638718 557023 369335 430495 157953 68536 580393 202578 468423 215171 459167 361872 469033 230552 534087 749086 641949 463863 319343 317537 209603 531484 704359 680627 364026 422800 642972 211299 218706 578210 688768 63577 762097 736401 648586 380641 444776 421568 331743 348731 718584 596979 493851 578430 665824 156934 467836 524554 552103 444605 119735
359087 553744 474750 570956 39550 471910 679481 656223 389293 673975 300623 594292 485782 205064 385356 308695 617891 522528 276011 426021 312107 435666 542270 416745 999999999 494870 486931 485643 767008 393945 465656 393888 374852 423585 229571 322502 521571 404215 414234 306022 189425 669592 496356 180543 491776 312079 397008 288106 523663 314701 288871 218286 420764 316777 360329 344152 587125 189444 590505 179567 268076 498636 515244 250929 364390 337398 142151 654016 369721 372472 662828 300384 396362 646887 39492 408517 504872 630774 470257 285351 465148 349408 376443 232384 237271 392713 108166 569547 167369 341271 321296 713412 409982 251497 481692 615628 386467 137912 694546 381127
720598 746408 827663 161518 505619 631049 394586 233153 760223 180572 208186 517761 682782 563642 649856 385927 132761 844880 321463 144631 190926 836347 174301 196854 494870 999999999 810953 834067 519291 820300 308679 473570 122291 286617 635881 676789 701037 663114 824425 575372 474900 355664 160209 514575 561460 582944 415252 758300 137701 622706 703701 523636 312884 336820 184494 737190 342819 603763 123273 461793 529411 663622 33705 674686 761271 615005 484162 159286 218730 133719 726472 738724 637753 173948 515231 803398 14587 220817 761052 723531 236578 806837 731011 708720 539272 629256 538346 521192 363948 829801 743937 297097 750544 718941 344593 280088 699566 631069 624294 314384
781688 198935 50317 946571 447778 247912 736830 846555 110200 951872 696315 512340 194971 672271 163602 427388 942251 36437 736566 676766 695610 141837 933097 632156 486931 810953 999999999 44016 749287 741428 917310 879843 701391 872464 659782 164706 214127 868711 162088 781587 675984 757601 711935 661490 350813 228846 876978 317992 752444 776515 219042 306737 877514 476586 626517 161398 663809 298737 846382 666496 285040 234997 842635 253060 755872 805856 627793 950754 794338 741134 385748 666411 867141 984898 447829 133597 825154 819744 63190 658095 631441 661923 799505 562648 286628 190594 378995 479147 629253 399293 210233 1095777 77003 591407 556129 1029824 113473 479725 540223 516965
765272 242834 12122 965740 447192 289049 775040 878928 97059 979427 710491 553573 237564 663709 194507 453778 966074 52825 743227 702656 710971 103604 950578 659557 485643 834067 44016 999999999 790534 718238 926731 879530 721928 882074 646359 169322 257849 857634 126554 773675 673228 794591 740922 656106 391283 251405 879788 292451 781189 765728 205632 320301 885830 502588 650114 146570 700205 296199 874481 664608 305019 277701 865201 242215 736479 796088 624538 976877 806664 758670 429673 646443 857440 1007902 446194 102762 848103 851912 105090 638940 662095 637591 782907 543027 301274 224248 378997 520214 634499 367657 189286 1115246 84437 571449 590642 1045261 135112 466027 583700 546429
1105139 576405 791666 665843 748948 501514 124847 327455 771823 498104 634437 236972 555259 934915 612477 464879 571489 767896 765038 427957 615450 853999 689424 397429 767008 519291 749287 790534 999999999 1160459 820842 950039 530659 790951 985962 711603 543677 1096376 858051 993868 864100 166891 369096 889594 399717 601748 901106 898816 382022 1028596 789057 625527 814962 450236 465480 783412 194864 739138 429434 848096 587594 516004 544080 783047 1124145 1034780 846041 528428 704861 595096 431267 1067128 1076202 614351 759118 825446 528608 321305 686147 1051937 334034 1114480 1120365 993902 623713 579017 729749 270347 738870 997097 821933 759113 733449 1016141 285433 788516 679983 887144 245842 386677
136740 877729 706173 836214 416269 824156 1069162 1019656 631633 997882 612747 984433 820176 256937 709850 701800 919158 768992 508745 792665 631132 625371 796855 794918 393945 820300 741428 718238 1160459 999999999 645880 458620 716614 622433 185363 607465 857127 272464 599153 284257 346338 1055738 866036 305762 866970 655462 509695 426008 886162 233297 527026 579222 603277 710436 731264 581161 977532 489748 934745 358742 629962 844092 829990 499805 74558 261850 338232 969075 626444 686584 1021782 93656 294204 933816 406929 616122 826018 996584 755038 108596 849407 82871 141664 186631 592205 729544 454173 957930 459868 370241 531211 949104 673729 158284 875027 826760 679908 292610 1079902 773954
519152 916732 917273 222636 496981 806978 697487 539435 835540 433056 236604 775226 846212 409151 777171 552277 333878 953713 189649 401221 246380 893841 180364 445107 465656 308679 917310 926731 820842 645880 999999999 204693 302849 44938 484704 757411 874092 419696 874486 363439 330370 661198 451979 371769 768317 699030 143316 752277 440912 415557 746731 611227 46517 514038 389786 796877 633807 641182 425038 326557 641386 840066 292995 710019 574530 393726 368410 394923 134904 235783 950090 587249 391950 327388 502102 864202 303154 529068 883333 574799 504567 662420 523376 601430 631862 768438 558092 769234 299408 791160 782468 305459 844085 599049 600364 181029 805477 567926 887931 529992
325407 923654 868633 423067 432485 825285 832573 705434 783130 623727 316074 857797 852807 256330 764336 592520 528377 915710 189694 522789 334708 825687 380601 553874 393888 473570 879843 879530 950039 458620 204693 999999999 420798 199189 321959 715139 885629 215571 802821 176048 209575 802585 588011 237814 811825 686359 62409 654155 588574 225460 680748 590885 173378 567710 487454 737306 755757 583331 596541 215965 632951 856326 467560 642672 384758 197848 258444 587526 255857 360334 995465 414558 187788 527846 433351 800198 472456 690162 858861 404577 617415 488845 326956 453697 611879 764439 501071 844286 265249 669762 710341 507718 803088 443800 694382 381395 775793 452959 970488 605069
626760 654803 714897 246249 384005 540079 411855 305772 644448 299214 111624 473297 587843 462706 543317 285174 252815 736182 242518 102741 91532 718707 238720 142394 374852 122291 701391 721928 530659 716614 302849 420798 999999999 266705 531253 560975 609923 586630 705831 490907 376830 382139 168111 413346 483577 472545 370477 636047 175599 534252 583592 406696 288547 238394 91193 619075 337913 482516 219723 362325 417061 573336 148145 553778 662043 531839 378383 281084 175980 67209 659710 631412 563364 289942 393752 685944 134128 284924 654690 615968 203286 696813 638829 593952 423416 525655 416103 469069 256750 707818 623712 394689 637773 605998 297741 343757 588679 511991 585573 235683
499573 872360 872659 224901 454123 762953 668607 519552 791113 425613 193432 736801 801765 379122 732267 508871 329316 908862 147988 367239 204321 850013 182693 409022 423585 286617 872464 882074 790951 622433 44938 199189 266705 999999999 455519 712761 829855 409293 830874 343636 296821 633821 421935 339105 725770 654105 136998 710939 414059 395685 703037 566320 26783 471435 351267 752780 601598 597317 406859 291570 596471 795991 275207 666484 552637 376838 332089 388864 93531 199556 908043 559445 381871 329261 459515 820211 282953 507277 838395 546437 469735 634291 505183 567800 586943 723651 514457 729822 256668 752282 739047 326833 799337 566940 562885 207508 760577 529445 849811 489579
130958 763248 634385 660271 260474 692584 890181 834506 551256 814293 427962 822923 699066 76788 592151 535958 738003 692139 329817 608225 446136 569364 622391 612389 229571 635881 659782 646359 985962 185363 484704 321959 531253 455519 999999999 505729 735824 214272 543754 154877 165098 874783 681704 122781 720046 526423 360578 374324 701128 126103 441435 438757 439595 538539 547688 500286 799417 372884 749535 175938 490044 716836 646576 406734 138192 160531 152871 786374 447977 502247 887158 105336 219393 755030 253193 551175 641973 811608 658838 91383 668447 179126 148800 135640 455346 605626 314389 798749 274512 363564 458950 781144 585127 122171 701173 662843 577101 180360 924067 599656
631780 271608 159983 802070 283233 243514 672482 746234 83494 830977 542814 482226 221260 511926 114718 309837 809496 200683 574229 552278 544142 162454 785117 513638 322502 676789 164706 169322 711603 607465 757411 715139 560975 712761 505729 999999999 256842 710381 156325 620289 511779 684315 598460 498587 324198 113121 712715 211693 637540 618165 89947 154642 716555 355973 495178 72540 588565 136007 728160 502048 151846 252995 706793 108182 612242 646264 463831 825006 637937 593718 433650 525199 707308 849689 283576 129420 690452 718750 153136 515098 526258 532590 649807 422446 137629 144595 214427 448933 465945 310222 113017 951646 88184 451443 472396 877985 72649 328518 543030 409171
865976 45391 261999 853048 483760 70078 546834 686035 274318 814663 638558 309043 37022 725859 147324 326441 824737 226760 714530 557376 631760 342579 848621 506608 521571 701037 214127 257849 543677 857127 874092 885629 609923 829855 735824 256842 999999999 925688 355537 827063 702593 573860 573779 701140 159535 210157 867751 467035 614158 835445 346067 303523 841178 371606 522665 309050 485291 368356 708765 689591 255648 37630 734545 363603 854359 858960 659684 821047 741164 663565 180522 770802 917776 870631 488499 322070 715624 660903 154336 759322 487281 785246 884009 670576 284305 130204 422294 277493 620644 563295 361000 997246 226253 699217 392707 953171 190649 568801 326329 387141
137608 957037 845764 634130 441982 875585 987183 887900 761607 825840 475053 966554 889741 200269 787216 681889 734414 901996 345269 681982 495144 783152 591984 701715 404215 663114 868711 857634 1096376 272464 419696 215571 586630 409293 214272 710381 925688 999999999 757669 104704 238606 963235 753157 227297 887219 715854 276398 588551 761818 92250 652059 622499 385002 671209 633193 711117 902394 574899 785815 254341 672008 902755 662928 616197 199623 67234 271590 791495 446449 536678 1063742 263094 27784 738101 437653 764179 664608 869375 863071 259831 763923 326455 130808 341888 641398 796432 505795 946937 359022 571926 671702 723271 792926 320646 821347 596873 779948 392517 1074743 722827
656144 351400 115540 941628 379202 367589 825676 902352 86476 983343 675084 624182 327154 570858 245901 465541 957105 179369 686043 704785 679075 26294 921407 667937 414234 824425 162088 126554 858051 599153 874486 802821 705831 830874 543754 156325 355537 757669 999999999 680882 593417 839063 753373 570445 461775 268466 810724 174614 792057 667077 127942 301563 831048 510879 645632 87730 743311 234114 881619 587031 307228 365894 853288 164521 622673 699220 544437 975715 764152 732445 534902 532309 760205 995732 375521 33745 837703 874852 205351 526154 682336 517407 673357 430386 287909 279386 316419 590477 575712 241749 92954 1090634 130365 457953 627810 1008949 179013 366017 671583 565317
156019 859746 762032 564370 344786 775129 886212 795020 676821 744376 379485 861850 791517 110224 691155 577332 657291 815826 253996 583482 399513 705618 523366 600783 306022 575372 781587 773675 993868 284257 363439 176048 490907 343636 154877 620289 827063 104704 680882 999999999 133910 863529 655571 125953 783880 618018 225453 518067 666505 52162 568487 523541 322529 566535 532395 627353 800383 484282 696670 149638 572208 802991 578426 531474 211557 41208 168836 711882 363970 445267 961482 239512 91244 665916 341488 684177 578222 775367 771764 230416 662426 313204 161805 290466 542976 698642 410820 842273 255375 516654 591730 668359 705007 276144 717431 544442 688109 315839 970094 618543
250220 737296 662092 495496 228913 647846 759294 682523 576388 651647 268874 727969 667827 89550 571621 443570 573410 711398 164800 462548 288015 616473 458089 474914 189425 474900 675984 673228 864100 346338 330370 209575 376830 296821 165098 511779 702593 238606 593417 133910 999999999 738885 535773 42995 651919 495958 225904 445875 550812 164518 472306 400251 284062 432787 407246 529518 671779 377599 591621 16034 446945 676754 483736 434278 286550 173147 49028 622754 282918 341294 831028 270377 223684 589942 228207 591458 480149 661075 659489 256101 535166 343260 262973 271187 420504 576123 297582 708377 126194 468948 501097 619306 598989 270317 585317 504003 575748 247379 836208 485731
986406 614098 793170 499208 658686 516576 45577 164817 756013 335746 491178 279662 574724 816503 602993 394013 405037 782552 623121 282025 471403 840155 523635 264074 669592 355664 757601 794591 166891 1055738 661198 802585 382139 633821 874783 684315 573860 963235 839063 863529 738885 999999999 214623 768927 415076 571210 750420 847066 220286 902427 749696 569033 658701 363903 331708 756605 95763 680804 262576 723174 541933 539815 378931 735932 1012082 904736 727558 363960 551447 442978 509734 964074 941292 448496 669294 808832 364165 155427 695571 948548 206391 1018554 1000460 901675 572806 571265 653544 304298 612734 940566 786674 593677 725307 921000 212744 621818 669308 799872 346681 297419
785689 618852 736323 320150 494465 505313 246920 160678 679488 241899 278626 360649 560920 617927 548342 289182 258510 743291 410304 73547 258628 760909 334429 86767 496356 160209 711935 740922 369096 866036 451979 588011 168111 421935 681704 598460 573779 753157 753373 655571 535773 214623 999999999 569135 423604 492541 535897 720251 40762 696947 643539 455740 446171 242537 136423 665977 184135 555150 135658 520522 446617 536198 190883 620829 816491 696707 530407 247496 337359 228438 577171 777129 730393 305827 505044 727877 172509 134583 656229 761528 87146 837593 798737 726686 466623 522721 507037 366947 411060 804403 683431 445011 660889 742582 192980 440175 606325 633113 465072 195008
217487 734034 644704 538361 219648 649290 787635 718436 559048 692245 307363 744583 665644 49381 565897 457858 615240 696340 207594 495649 326059 594236 501054 504922 180543 514575 661490 656106 889594 305762 371769 237814 413346 339105 122781 498587 701140 227297 570445 125953 42995 768927 569135 999999999 660117 492263 261397 416878 585916 143355 452613 397624 325641 451394 438130 510799 698836 362913 629930 53209 446262 677056 524402 414895 248699 160078 45174 663907 325618 380856 836492 227857 216963 632389 216972 570632 520260 696398 648817 213433 563836 300403 231677 229763 417132 572867 286692 723510 158123 433644 479085 662200 584582 227835 608138 546461 565014 215145 850973 507448
850471 201880 392090 718795 459606 103389 389754 527761 375306 661833 532425 163254 160449 693713 216286 220405 679451 371935 628657 416869 521949 455904 719242 364622 491776 561460 350813 391283 399717 866970 768317 811825 483577 725770 720046 324198 159535 887219 461775 783880 651919 415076 423604 660117 999999999 226102 784306 528256 463198 801884 409623 287865 740740 254336 392866 393036 325778 388635 556780 637146 237740 124746 595163 412872 850446 820087 615629 670837 633424 543529 184088 775232 874880 726193 467220 428570 575919 503058 287644 761813 336459 804292 867976 683332 276257 183008 412949 129584 549873 628442 437178 858465 334733 710145 236292 826085 282772 574822 221621 249455
656939 241784 245575 717840 273877 168739 559527 636599 188489 729074 471762 376660 173925 515859 78835 203643 714766 263791 525844 451552 469650 271876 705005 409556 312079 582944 228846 251405 601748 655462 699030 686359 472545 654105 526423 113121 210157 715854 268466 618018 495958 571210 492541 492263 226102 999999999 674328 303182 532356 625390 187805 95924 661634 251879 398794 185547 475455 167073 624726 483631 57857 190671 614328 187147 647812 649270 451698 725723 571867 513211 366320 566589 708439 756858 278408 239530 597049 609211 185491 554365 417144 587658 674930 469196 75454 80634 212327 344085 424365 403307 220280 866973 168995 497208 359448 803056 116621 363813 447723 300110
379436 907351 869298 360658 433870 805053 781911 647947 784509 562149 271037 820019 836203 289205 753011 563936 466304 913205 155651 473149 288428 832542 318195 507412 397008 415252 876978 879788 901106 509695 143316 62409 370477 136998 360578 712715 867751 276398 810724 225453 225904 750420 535897 261397 784306 674328 999999999 670248 534105 276938 685879 580207 111015 535139 442686 740730 707765 584760 537738 228021 619075 836887 407739 647930 436863 252607 272234 525692 199869 307460 968390 458571 248664 465439 436251 805517 413441 633552 851775 447397 570622 533652 382503 487148 601342 750416 501105 808402 250065 694470 717788 447908 800895 480332 652696 322150 769807 473274 933219 567341
482475 477091 280430 852917 262448 454456 842966 878591 210365 930499 580837 679151 432201 409660 326250 453404 887753 343757 562998 659902 589329 200896 826722 633714 288106 758300 317992 292451 898816 426008 752277 654155 636047 710939 374324 211693 467035 588551 174614 518067 445875 847066 720251 416878 528256 303182 670248 999999999 755049 499507 121760 278173 706770 488850 595072 163066 753309 167061 836155 442334 311344 464677 783123 116429 448064 532771 398223 916253 657019 647825 645154 357701 593018 921197 255056 190121 770090 851338 340450 351690 663638 345140 499514 256106 276384 354846 219955 646911 455405 100192 110028 998121 256428 283444 635882 903375 277020 203185 749497 552837
801024 659180 776492 292456 524037 545830 257577 133810 718894 201163 287131 394118 601558 635084 588843 328803 222177 783899 416928 97823 267060 799989 310684 124168 523663 137701 752444 781189 382022 886162 440912 588574 175599 414059 701128 637540 614158 761818 792057 666505 550812 220286 40762 585916 463198 532356 534105 755049 999999999 709630 680908 493363 439250 281594 164031 704538 207002 590833 94924 535948 485711 576597 164945 657400 834298 707434 548803 207639 334274 228626 614015 798575 738234 269551 534524 766922 148028 110532 696895 783005 127011 860854 813465 752139 504806 563370 540009 402303 427997 837596 720929 410984 700895 766972 230639 414222 646484 661162 495761 235608
103896 866147 753884 615855 351760 786605 923516 839462 669574 793492 423475 887864 799314 109672 695979 601212 707539 809869 301392 624216 443344 692400 575009 638718 314701 622706 776515 765728 1028596 233297 415557 225460 534252 395685 126103 618165 835445 92250 667077 52162 164518 902427 696947 143355 801884 625390 276938 499507 709630 999999999 560113 532784 374681 594176 570731 619178 836260 482756 743169 180507 582776 813230 626910 524111 159953 35244 188529 761512 413670 491375 976469 195689 93517 716997 346985 672876 626063 819155 770905 188447 699395 267347 110385 259271 551336 705868 414534 866866 290378 488863 580332 720519 700689 241298 749142 596544 687848 301313 994317 649030
562646 358321 193830 816197 252672 332917 741595 797340 109821 867278 548202 564135 310859 458389 204507 361866 835976 250738 558572 590114 552788 147414 795010 557023 288871 703701 219042 205632 789057 527026 746731 680748 583592 703037 441435 89947 346067 652059 127942 568487 472306 749696 643539 452613 409623 187805 685879 121760 680908 560113 999999999 187901 703470 403342 528558 59065 654497 106235 767735 464831 207763 342942 731606 38078 537711 590478 423312 857489 636366 607166 523543 448795 651828 873387 249683 119671 716630 769817 228112 439943 578240 449799 580468 345068 179085 233469 188648 531320 448261 220726 40329 964818 147178 374002 536978 881467 157412 261120 630054 462979
569709 337087 312085 647454 181202 254454 564954 609609 237953 682098 390331 417700 268083 423113 173453 176229 656395 343021 433796 403870 390681 312727 630889 369335 218286 523636 306737 320301 625527 579222 611227 590885 406696 566320 438757 154642 303523 622499 301563 523541 400251 569033 455740 397624 287865 95924 580207 278173 493363 532784 187901 999999999 572290 215698 344077 213949 475137 113775 581213 387800 51408 280451 553136 168123 565108 555637 356443 674152 487634 439273 448466 487857 614273 695934 186842 279763 537115 582099 273147 474690 390962 516817 587551 395567 21137 175874 125955 387920 330153 373551 227695 797035 236046 422285 357730 724960 194274 286957 504187 276892
478543 883212 876189 249872 452778 774934 693018 545925 793840 452197 208731 756263 812382 363719 740121 522547 355573 913946 145132 389946 221305 850751 207477 430495 420764 312884 877514 885830 814962 603277 46517 173378 288547 26783 439595 716555 841178 385002 831048 322529 284062 658701 446171 325641 740740 661634 111015 706770 439250 374681 703470 572290 999999999 486605 371186 754351 624813 598273 433443 280084 604254 807813 301886 666529 532685 354598 321893 415319 113110 221712 923639 542693 357461 354537 457621 821429 309438 533403 845082 530028 491826 617770 483584 555199 593101 732634 514852 748450 255395 744812 738782 346072 803664 553135 583215 223925 766292 521538 869446 507494
661733 416425 497211 482915 299767 301875 367518 393998 437371 477195 278120 295783 349627 493377 314022 49304 466547 509691 380251 200226 267724 518427 477113 157953 316777 336820 476586 502588 450236 710436 514038 567710 238394 471435 538539 355973 371606 671209 510879 566535 432787 363903 242537 451394 254336 251879 535139 488850 281594 594176 403342 215698 486605 999999999 153331 423572 274948 321807 373043 416942 204130 335189 369472 383232 676372 605890 406463 474392 379172 293051 437070 617005 654803 510212 310131 485377 351270 366475 424793 601865 175445 664749 677800 544880 224967 292487 289660 278443 315830 579260 442804 629216 420862 566423 165065 581607 367479 439747 406053 66687
655539 567810 643928 330419 360006 452623 353997 295899 578342 338726 171827 385586 502164 486265 465400 202029 315972 660390 300114 66264 154333 656176 327178 68536 360329 184494 626517 650114 465480 731264 389786 487454 91193 351267 547688 495178 522665 633193 645632 532395 407246 331708 136423 438130 392866 398794 442686 595072 164031 570731 528558 344077 371186 153331 999999999 557976 270636 433441 241148 391582 346062 485703 216627 502254 683633 573575 397805 330127 258216 155213 568517 641653 612093 358407 370496 623089 198783 270513 576649 626048 131466 701387 669290 590278 358357 445208 377810 379670 281171 675179 568874 475974 566898 606191 212126 433450 515395 497502 498545 144498
620746 315485 134788 856369 306864 306618 745005 815787 51313 895615 591699 552790 275973 517304 178399 378710 869914 192152 609975 617057 594881 99979 837101 580393 344152 737190 161398 146570 783412 581161 796877 737306 619075 752780 500286 72540 309050 711117 87730 627353 529518 756605 665977 510799 393036 185547 740730 163066 704538 619178 59065 213949 754351 423572 557976 999999999 660873 156563 793927 521604 220450 311459 766276 95995 594479 649525 480603 888082 682960 647233 489152 505080 710876 908862 304715 68062 750541 788265 177442 496700 595772 502556 638510 401304 200188 210729 240526 519331 499944 255175 53235 1005628 93666 430100 544482 926452 118873 319932 609499 478930
