NAME : synthetic_000926
TYPE : CTSP-D
DIMENSION : 100
GROUPS : 8
RELAXATION_LEVEL : 1
EDGE_WEIGHT_TYPE : EXPLICIT
EDGE_WEIGHT_FORMAT : FULL_MATRIX
EDGE_WEIGHT_SECTION
999999999 409985 466867 562433 370934 617527 306526 512364 426240 288988 253903 507017 207932 496533 733260 341169 416027 492638 167704 322866 312453 58153 232039 471338 400442 285558 184214 497311 594210 470870 509396 170669 362434 300800 669005 36640 186098 471647 467970 319425 754971 259528 519853 418809 511601 296728 309676 466383 590719 435860 514604 377694 493810 623586 554381 337626 261635 319824 261715 161782 700560 253380 339846 426006 692757 183714 277530 176346 536861 242459 403547 392976 474287 463635 94737 130110 419738 586164 36195 393668 346793 659987 531066 337557 230490 547093 359434 580478 335743 436235 128956 346842 211454 213689 540912 719453 555037 357518 433020 642261
409985 999999999 748710 468802 746803 681488 520721 452745 817119 627592 377479 748221 396581 763687 544001 732303 622098 267358 244264 506218 254481 369799 627357 880312 179488 302392 556048 576003 946719 862621 889452 559420 378824 459068 583897 439335 595857 877319 280637 376939 1015960 274616 589322 775453 872438 535543 699828 599559 780009 289927 295879 689725 792771 939106 542409 698480 152187 339387 629943 504869 992589 316948 744423 128102 935012 240578 604904 553186 294862 651447 603369 77087 837275 858299 483897 404161 713594 940417 374626 728288 490033 957566 684219 653478 621009 900930 730819 275000 745323 603003 497112 727697 480115 518939 362613 537299 664291 523575 511176 796890
466867 748710 999999999 537471 630305 370817 749516 488279 295713 188574 372748 80462 673165 37144 722829 282999 156960 643913 577458 250445 508758 522013 315448 450409 821986 454598 551504 322769 247310 641291 705099 516481 828664 296701 571751 475318 427445 566438 910238 393548 288392 475626 336754 172108 216620 731249 280857 249704 193302 563573 645248 96596 51294 194971 443668 642503 647845 784266 589866 576412 245374 433417 510414 823900 228774 609431 654024 540716 969875 444100 173011 689803 205822 625120 500690 374522 48564 245940 477717 120652 281475 208979 222844 703985 529293 216936 215415 754817 411851 207488 537326 604875 280483 257609 991317 706694 290198 246550 327831 267016
562433 468802 537471 999999999 918485 264473 836452 55418 764951 546755 314667 487370 706183 528417 192644 702824 381727 213655 505209 333220 277873 573676 642711 894266 634533 281771 744462 222301 784441 994653 1045497 724540 780487 311957 119088 597620 693585 960674 741106 246705 711224 316405 216933 663226 741498 836479 677793 290919 450332 181137 192089 542583 588441 719372 112414 894636 491698 730720 819352 723046 730023 310389 848342 594564 623674 535341 839716 735534 763443 745721 367911 392471 719001 983079 655311 445913 531967 782537 536619 597141 289462 709043 351779 899614 776899 750696 659424 290821 790460 330025 691369 892102 425685 467995 826882 176570 295185 313947 212185 428011
370934 746803 630305 918485 999999999 914038 312271 865304 393019 458714 603858 702059 373431 667413 1097872 356326 668958 863527 509756 622670 682910 387877 322984 300163 669545 652045 193055 806064 605759 126407 142688 200266 507674 621669 1015675 334404 231157 192829 687065 671816 873476 629258 828850 484320 530320 283553 350828 753606 811753 805730 885503 537864 626393 694801 889904 59256 595624 499165 116866 241976 789375 618027 128398 718101 843662 506761 162406 198103 762520 191854 665100 748196 501888 129443 277641 472940 585742 596202 404665 512267 660257 749540 791487 153042 142313 569607 422013 948930 231518 710715 253385 27235 506340 475157 725554 1083439 837627 655589 754425 880091
617527 681488 370817 264473 914038 999999999 922257 246141 654068 468453 379898 297391 806856 346739 402667 616740 253136 461257 631734 298571 438380 651518 597244 803590 822873 408110 774874 122034 606255 959401 1018879 746022 921365 316932 233270 645197 684064 901577 928196 334252 465669 447152 101171 533977 587198 914075 601475 160432 217004 401650 445927 420161 414634 515942 154394 906822 654848 870791 838029 773330 502716 416858 814970 796546 380522 666749 880493 764293 965282 723717 252388 605388 575833 944936 694957 487522 388199 607078 605229 470520 270735 490808 147981 939161 783819 583656 556689 552144 732435 204671 735186 886827 417643 440788 1015903 388148 82476 263756 191628 172700
306526 520721 749516 836452 312271 922257 999999999 792071 612794 561432 548733 800781 133559 782838 985614 542796 719974 713876 337089 629345 561934 271769 452196 577391 395601 555670 213205 801088 818059 437551 435819 247324 201292 605410 950647 284177 343065 499186 388119 608422 1031006 520052 823293 657155 734141 28895 520162 772813 892097 680290 741127 654194 766533 876910 847165 253019 389348 206158 226861 174161 963900 530763 390317 453886 978285 313791 153668 222156 461783 361162 708451 549419 698555 441678 249057 435343 700975 808828 317150 654343 651854 922370 837006 166796 270229 773841 589765 771973 461364 742528 212410 308362 516779 512133 416372 973831 861401 663924 734698 946760
512364 452745 488279 55418 865304 246141 792071 999999999 710282 491677 262030 441971 663286 481170 247681 647591 331669 215411 464911 278204 240279 526360 587392 838937 611050 236436 693250 181562 734538 940090 991365 672502 745596 256554 158596 547091 639483 905425 717900 194272 675010 273112 180739 609793 689478 790947 622446 245538 413932 163391 199913 489486 539467 673290 93501 842522 459541 695342 767486 673623 688475 262592 793631 575398 587368 496396 789889 684137 745187 691224 317040 375666 666226 928396 604435 393418 480585 732341 487788 543914 234497 665694 313032 849897 724029 699787 604730 307940 735116 281565 641107 838807 370526 412642 804690 231679 262317 259871 160846 399195
426240 817119 295713 764951 393019 654068 612794 710282 999999999 220918 500246 376167 588108 329743 957545 85504 406702 806577 588184 432422 633012 481677 194281 155018 826650 581601 400308 579396 213845 366879 431493 367887 754835 461389 827021 410801 276000 280177 889334 553269 488113 582911 598460 123605 137685 587344 117804 509035 488634 729156 817550 234758 270124 304486 693059 425485 679352 722521 400354 448863 399567 548815 264701 850631 471793 608877 477247 392226 960542 251969 413536 780728 113156 349976 399268 417113 267212 204272 455903 183630 475927 361136 508660 510227 345742 176620 105559 914359 163581 461043 419722 372877 367626 320995 956012 941421 571603 451469 557231 562536
288988 627592 188574 546755 458714 468453 561432 491677 220918 999999999 283352 248742 490688 223181 739343 156942 215974 588418 422603 213546 420239 346430 135812 349260 670132 367005 363456 375826 320267 491703 552332 328651 650748 240499 616191 292175 242469 434139 749503 333067 471137 373526 396924 148111 244940 542806 135499 311483 354482 510003 598187 92766 207022 335136 482229 463462 504770 608804 405773 387993 411960 336140 349362 682037 417099 450770 467041 352609 814277 267410 216245 581417 210401 476940 313082 225231 140045 313532 306109 106226 257325 371182 335645 518647 345780 273874 116572 697472 264036 264561 349075 432130 153319 109520 826419 723308 388003 236128 343460 421547
253903 377479 372748 314667 603858 379898 548733 262030 500246 283352 999999999 371490 428382 386332 496690 424551 247151 306376 255128 129837 139717 277123 344184 607457 473866 85093 431911 257945 586875 683205 732241 410522 543418 83861 416318 287262 380747 656548 573062 67963 639602 103084 278947 426960 520868 543597 394926 248906 415094 230033 318425 324001 418685 565658 300804 580505 296914 493164 505558 415648 615419 60739 538193 464023 560420 290545 530598 422605 622455 434557 228824 317066 489231 672366 343728 131388 340846 581771 233684 369937 123856 581020 329242 590676 462237 543533 398929 414418 490518 237627 381414 577536 132741 179510 659417 481749 331398 152386 188626 446185
507017 748221 80462 487370 702059 297391 800781 441971 376167 248742 371490 999999999 714945 49774 666480 360486 127611 615814 599102 242029 499261 559106 382238 530808 837748 447223 610418 266330 309938 718569 781996 576087 864227 289156 509082 520322 491200 645604 931041 378237 268140 473723 276710 252562 291601 784361 355744 196643 113474 536983 613674 164245 117751 232080 386327 710821 661057 817838 654493 630076 253031 431518 584900 833584 191656 632763 715076 599482 986641 513108 146458 684117 284271 702573 552086 400571 117246 310277 512761 198799 262245 225510 151096 767309 594400 286289 293458 725153 488284 163757 590398 676118 304773 293338 1014548 650546 219528 227094 286090 186818
207932 396581 673165 706183 373431 806856 133559 663286 588108 490688 428382 714945 999999999 703668 852431 508680 621518 580361 203923 521539 430117 159102 405163 587422 296362 427066 207838 684900 778590 498116 512099 230493 166835 492358 821602 198540 313047 538495 320605 484346 960480 390304 706510 607615 694264 141821 480968 663376 797296 547294 607574 581794 697475 821115 722475 318182 258259 137435 262365 149674 902151 404331 412536 347347 900082 180292 216592 211269 396074 350512 608093 419137 657204 497922 189874 326999 625488 769885 206859 592071 539025 861073 733109 259009 279260 732282 543040 640243 457041 637508 169815 360264 416846 421621 374055 840780 750978 555136 616636 846433
496533 763687 37144 528417 667413 346739 782838 481170 329743 223181 386332 49774 703668 999999999 710450 319805 154873 646328 600895 259879 519373 550791 351882 484707 843566 465949 586589 309545 262154 678025 741911 551693 857319 307028 555374 506534 463445 602406 933795 401120 261783 489400 321515 206378 241834 765046 317988 237839 159018 566544 645980 132400 68020 192988 430324 679320 668202 812221 626125 610234 229208 447029 547535 843117 196484 633553 689635 575758 991971 480942 172742 702485 235104 661810 533816 398976 83693 262052 505710 157508 286451 196375 199735 740057 565606 236972 252130 756644 448806 199850 570951 641953 303704 284877 1015824 694420 268059 251006 322445 233001
733260 544001 722829 192644 1097872 402667 985614 247681 957545 739343 496690 666480 852431 710450 999999999 895241 569432 282609 648551 525831 427013 735869 832672 1086427 722687 447718 917363 400917 970099 1179870 1228612 900470 900003 503185 170165 769494 877416 1149820 824455 429648 867937 475780 389835 854723 930910 989433 869898 473326 612792 305499 253373 733790 773151 897814 280208 1069989 612431 852888 994138 890038 898706 480637 1034511 671129 782002 673775 1007146 909136 830074 931094 556804 477002 909581 1168905 827757 625679 720849 968741 704010 788443 482087 881842 521831 1066265 955602 938244 852032 287144 980520 516023 861444 1072028 615024 658462 904410 16227 457584 506321 402804 575365
341169 732303 282999 702824 356326 616740 542796 647591 85504 156942 424551 360486 508680 319805 895241 999999999 364074 730558 502681 369923 553981 397032 109139 192328 741608 503797 329653 530664 275263 358315 422110 295592 675496 393629 772994 326838 200571 287265 805703 481102 518219 502727 551182 128156 191492 518658 32477 463804 473706 654502 742936 201078 271985 344521 638959 378697 593902 641547 341521 374097 437388 470213 231077 765166 487745 523503 415797 320660 876418 188377 367481 697235 156692 342200 318925 334171 243897 266042 370496 162347 413695 396636 476581 455240 283106 231416 67783 836966 129514 416021 342412 332794 292049 245334 873688 879266 534800 393068 500380 546031
416027 622098 156960 381727 668958 253136 719974 331669 406702 215974 247151 127611 621518 154873 569432 364074 999999999 491549 485980 117466 371891 462667 347818 552745 718511 320320 547210 174579 402912 707641 767975 515301 761635 163632 425042 435797 442780 648443 814742 250628 393971 348143 192365 291958 361820 706857 348340 102551 176806 411930 491130 172304 208251 347379 293134 667242 541263 713509 602701 556442 379502 306248 564509 711031 313398 520637 653877 536281 867455 477237 18867 557001 342438 692913 476693 296516 151738 400856 415036 225858 134636 349600 123117 710157 545398 369122 305883 601781 479607 55011 516754 641939 204800 209921 899692 553229 172082 99523 170979 226808
492638 267358 643913 213655 863527 461257 713876 215411 806577 588418 306376 615814 580361 646328 282609 730558 491549 999999999 378953 398003 184040 482023 645178 910479 443204 228060 673944 381268 878413 960235 1001602 663273 617756 356553 321531 529127 661042 947376 547210 257896 868517 238884 386687 728303 819183 720471 700492 430185 611314 80609 29284 617219 694271 837935 308696 827730 332066 571128 752326 637962 868696 262924 821418 395451 781801 400085 753253 667199 560602 718069 473592 196012 789726 951606 586208 411868 623209 874396 459050 667547 362709 840661 509148 810381 722863 837824 704630 111202 787898 452829 614790 839458 439107 485861 629964 274015 468700 397380 334401 607118
167704 244264 577458 505209 509756 631734 337089 464911 588184 422603 255128 599102 203923 600895 648551 502681 485980 378953 999999999 372321 227634 125791 394534 639010 247599 231876 316920 510670 740685 621558 652171 316947 289664 332995 622156 195312 352406 633159 332918 298673 862507 193043 530606 565002 660973 341984 470478 503470 661212 343373 405454 500468 613582 753710 531060 465561 93982 239060 393450 270587 821182 215748 500302 263067 790659 35435 380635 312890 393358 407477 469419 238487 624228 616416 240295 203237 534712 733336 133893 528475 377308 782494 581834 435385 378860 693677 511854 447875 503294 487699 256849 488961 297280 323094 415478 636860 586498 401550 440331 698628
322866 506218 250445 333220 622670 298571 629345 278204 432422 213546 129837 242029 521539 259879 525831 369923 117466 398003 372321 999999999 259495 362846 319013 561848 601478 206215 476420 183950 480452 680808 736727 448047 653457 47309 406746 348342 391513 636192 698605 143342 510000 231695 206883 337155 423756 619261 345818 143547 289231 317410 402465 220821 299176 445342 274255 611256 424212 604383 540923 475459 488923 189516 533896 593571 430590 407404 581926 465884 750369 436249 99395 443057 396569 667678 396678 194992 225534 476549 315275 273241 43787 455994 212452 640660 488324 440390 326878 509196 464518 116841 436985 595462 119266 148102 784055 509783 232268 34958 134770 328024
312453 254481 508758 277873 682910 438380 561934 240279 633012 420239 139717 499261 430117 519373 427013 553981 371891 184040 227634 259495 999999999 309366 463972 729543 384540 54767 495929 326003 726591 776961 819545 482835 505340 212442 395613 349094 477074 763385 490206 122905 765439 54849 341457 565618 660137 564015 523019 345191 525667 123839 203442 463675 556038 702936 315525 649752 221430 455063 573924 464567 748346 84321 637466 359991 682983 257474 581405 488520 527514 534048 353029 185501 628036 768075 406980 228513 479172 721484 280543 509496 237877 715439 429833 640082 541378 683208 534266 284309 604929 349241 438080 658293 267185 312943 577892 414294 412709 272444 258730 543179
58153 369799 522013 573676 387877 651518 271769 526360 481677 346430 277123 559106 159102 550791 735869 397032 462667 482023 125791 362846 309366 999999999 287978 518530 345501 292186 195024 529970 652258 496764 529543 191866 306657 335334 684648 73147 229923 507521 410276 338241 810370 260477 552011 476933 569518 266700 365918 505264 638762 432860 506067 434230 550326 681311 576661 347307 218262 262846 273034 156028 757518 263782 374625 374496 746538 133986 272266 189836 479761 283477 449069 361885 532188 491216 114593 168015 475359 644180 47757 451468 381987 717093 574089 330724 253834 605153 417240 562095 382421 478536 134746 365962 258250 266343 482773 722786 593267 396707 463068 687338
232039 627357 315448 642711 322984 597244 452196 587392 194281 135812 344184 382238 405163 351882 832672 109139 347818 645178 394534 319013 463972 287978 999999999 265574 632480 417138 243001 496395 373467 363476 421800 207573 571483 331151 725081 218372 113629 318300 697166 406766 583653 410676 518547 205449 289106 430306 78033 437652 489887 572445 660153 219686 321843 424715 593225 328590 486486 535710 274533 279046 512411 382293 217826 656557 539456 414642 340992 232782 767548 131620 345535 596020 252097 349728 215702 237337 268411 364731 261737 206259 360974 470881 469499 388996 213902 327330 138854 748280 147849 392613 243828 296344 217711 174834 766215 817081 518569 348422 453774 557353
471338 880312 450409 894266 300163 803590 577391 838937 155018 349260 607457 530808 587422 484707 1086427 192328 552745 910479 639010 561848 729543 518530 265574 999999999 858551 682424 381036 721934 334252 235228 297115 357094 748229 583696 965284 445604 288923 138312 905076 667480 628925 676153 742083 278396 276382 549280 216535 653855 643519 836900 924917 383578 424844 442299 831222 347933 732968 724802 350723 438124 536072 647709 188031 892447 621080 652334 426849 376492 979517 239639 557520 855710 261695 218668 414251 502368 419868 325258 506012 335555 605575 500627 660000 442894 312052 309516 247013 1013850 136111 605857 420459 288282 477071 431210 961357 1070515 721193 585387 692707 717373
400442 179488 821986 634533 669545 822873 395601 611050 826650 670132 473866 837748 296362 843566 722687 741608 718511 443204 247599 601478 384540 345501 632480 858551 999999999 418623 493829 708626 987416 793493 808414 508245 218422 557356 752273 417896 570431 827514 106850 495823 1104089 381841 725155 811497 906892 416805 710042 718053 888959 453397 472233 747540 859755 1000952 695462 614539 177267 191883 556695 436163 1066724 419582 697284 63457 1029159 220366 512405 494495 148975 619367 700792 247285 869912 792542 444345 449670 780487 979914 372313 776063 596833 1028547 801001 550206 564910 940325 756402 453244 723053 711309 442722 655461 541615 570074 193974 715537 793028 626231 639537 917355
285558 302392 454598 281771 652045 408110 555670 236436 581601 367005 85093 447223 427066 465949 447718 503797 320320 228060 231876 206215 54767 292186 417138 682424 418623 999999999 469648 290791 671904 740790 785944 453356 519073 158953 394985 321778 438757 722184 522257 77415 714277 39525 308400 511657 605854 554949 473293 301398 478773 157328 243624 408947 501595 648537 299210 622467 246975 468359 546572 443663 695089 35344 598812 400214 632737 265199 560753 461467 564745 494898 301511 236955 574008 731136 380045 186096 424527 666836 257039 455017 187642 661761 385537 620314 509791 628624 481745 333170 560508 301061 413972 626686 214520 260783 609812 433898 374405 221342 221123 500676
184214 556048 551504 744462 193055 774874 213205 693250 400308 363456 431911 610418 207838 586589 917363 329653 547210 673944 316920 476420 495929 195024 243001 381036 493829 469648 999999999 659006 604903 306799 335268 35447 367283 465057 848190 147870 130915 333740 528101 499133 826224 443533 681955 446055 521078 189148 307665 616917 710193 619607 696860 454957 563105 666483 728731 153905 404197 344611 78415 58472 755226 437046 205128 537005 778914 315487 106684 10984 603380 150239 538961 555259 485682 303275 89609 301412 503171 595656 215467 448498 508241 713713 669316 164321 71701 560860 378402 756830 254676 579501 60345 172109 357234 338394 580807 903480 704842 511141 599910 771324
497311 576003 322769 222301 806064 122034 801088 181562 579396 375826 257945 266330 684900 309545 400917 530664 174579 381268 510670 183950 326003 529970 496395 721934 708626 290791 659006 999999999 569684 859836 917277 631379 800147 196561 250671 525950 574981 809063 812898 215017 493710 329133 22970 466439 534794 793442 511288 73327 232958 310990 372019 346188 372617 498338 120978 795204 537648 749649 724661 654716 507999 296786 713596 685986 406111 545820 763776 648601 853218 618209 165930 501651 516696 846113 577090 367201 325434 568615 483946 400191 151265 486753 131516 822945 672274 539281 476581 483430 637762 119571 617102 778837 302765 330917 900509 384878 89329 150481 70481 226897
594210 946719 247310 784441 605759 606255 818059 734538 213845 320267 586875 309938 778590 262154 970099 275263 402912 878413 740685 480452 726591 652258 373467 334252 987416 671904 604903 569684 999999999 566904 630198 570832 944696 522603 817303 587645 475539 472219 1061791 621796 301725 685017 582852 176011 84458 793834 299294 496837 400104 797839 882612 263095 197069 119101 690657 639328 824728 907786 612215 648649 206043 644866 477799 1001711 314001 767136 688268 595921 1129143 460962 417669 897310 121386 550031 589135 545498 256525 9575 617419 218786 517625 175926 461025 723408 555792 47166 236126 989583 377425 454670 615667 586304 467437 427849 1134869 953973 529456 484549 573731 469376
470870 862621 641291 994653 126407 959401 437551 940090 366879 491703 683205 718569 498116 678025 1179870 358315 707641 960235 621558 680808 776961 496764 363476 235228 793493 740790 306799 859836 566904 999999999 64694 304901 634012 687772 1084213 435557 302775 98898 813282 750314 854593 722324 882019 478426 501679 409008 364281 800555 831532 897326 980392 556872 627279 669505 954100 185216 710579 625375 237029 360754 764379 705797 147077 840483 837237 622054 288812 309438 888780 248966 707051 858619 480026 16950 382728 556022 601589 557670 506375 520648 721595 727002 826620 274307 242940 537993 425898 1051167 230750 754811 365543 138035 571385 533553 851816 1164858 879560 711271 815369 903265
509396 889452 705099 1045497 142688 1018879 435819 991365 431493 552332 732241 781996 512099 741911 1228612 422110 767975 1001602 652171 736727 819545 529543 421800 297115 808414 785944 335268 917277 630198 64694 999999999 339593 636172 741423 1137811 473218 351912 158989 819864 799851 919048 765319 939645 542967 565966 408297 426984 859451 894768 941354 1022790 619726 691702 733763 1008877 194008 738311 632676 259546 384589 828565 751326 203975 858500 901926 649448 296463 339763 894784 301318 766768 890524 544627 81536 417722 603120 664888 621023 543987 584449 776747 791361 887792 269053 278906 602017 489800 1089232 293751 814208 395485 163598 624948 588845 852185 1213827 939606 767916 870847 966202
170669 559420 516481 724540 200266 746022 247324 672502 367887 328651 410522 576087 230493 551693 900470 295592 515301 663273 316947 448047 482835 191866 207573 357094 508245 453356 35447 631379 570832 304901 339593 999999999 393657 438976 826071 134146 95909 321263 548465 478239 790784 429422 654348 410910 486840 223897 272940 587302 676712 605915 685259 419906 527725 631265 704569 170100 407237 367928 95135 82553 719852 419876 189417 548391 743698 319467 139390 25341 623266 120857 507570 553723 451235 299474 78229 279220 468203 561629 204594 413061 481225 678334 637786 194879 61969 526519 343294 749644 227038 548937 65551 176419 328798 307504 604547 886305 674829 482556 573765 738559
362434 378824 828664 780487 507674 921365 201292 745596 754835 650748 543418 864227 166835 857319 900003 675496 761635 617756 289664 653457 505340 306657 571483 748229 218422 519073 367283 800147 944696 634012 636172 393657 999999999 617855 899341 360050 479405 687254 188245 588174 1117003 479630 820220 772695 860471 228022 647639 789852 938435 605731 646855 740120 856229 983890 817536 448838 290026 50729 408375 311230 1062673 505224 567653 281577 1052769 254853 345372 372393 260804 514472 746548 429144 823326 636665 356618 465669 781904 936063 351786 754116 663438 1021928 865550 367613 436638 898220 708823 650868 620657 770220 335701 500070 560432 572578 218071 890610 874491 684893 729885 981481
300800 459068 296701 311957 621669 316932 605410 256554 461389 240499 83861 289156 492358 307028 503185 393629 163632 356553 332995 47309 212442 335334 331151 583696 557356 158953 465057 196561 522603 687772 741423 438976 617855 999999999 396498 329505 391544 649411 655761 99194 556981 184676 219197 373230 462772 597174 367228 172247 331749 276259 362862 260686 344788 491357 268283 605832 380220 568195 533393 458480 536140 142647 540761 547848 477029 368345 568770 454880 706065 440115 145160 395754 433977 675412 381434 170700 269644 518322 288608 311261 46682 503001 248840 628290 483791 481419 356490 467516 478714 155223 421223 594639 116487 156318 741744 487388 258797 69167 134864 365658
669005 583897 571751 119088 1015675 233270 950647 158596 827021 616191 416318 509082 821602 555374 170165 772994 425042 321531 622156 406746 395613 684648 725081 965284 752273 394985 848190 250671 817303 1084213 1137811 826071 899341 396498 999999999 703186 787070 1042842 858620 349637 698934 431304 235059 716448 785269 949519 750887 323815 446478 299231 296205 595695 620597 737845 134139 995630 610758 849478 921203 830625 733057 420988 937166 710699 613554 652937 946414 838810 878751 836548 415289 508349 767350 1071726 759999 547032 576103 816756 645425 650038 364159 718242 360306 1006481 875587 788673 722831 378977 871225 370100 797346 988871 512974 551278 943919 156345 293633 380371 273004 405860
36640 439335 475318 597620 334404 645197 284177 547091 410801 292175 287262 520322 198540 506534 769494 326838 435797 529127 195312 348342 349094 73147 218372 445604 417896 321778 147870 525950 587645 435557 473218 134146 360050 329505 703186 999999999 157437 439287 478878 353564 762133 296126 548663 413777 504061 271801 296370 491742 608452 472486 551191 383315 498938 623905 586919 301072 289026 320648 225150 129345 703847 289280 306865 447643 703012 206731 243338 139823 549743 212169 424378 425805 466720 428678 58274 159921 427403 579296 70898 394293 374840 662856 553349 303417 194355 540760 351615 616272 309520 459431 94172 310446 233155 228710 548240 755623 580496 383241 463049 662586
186098 595857 427445 693585 231157 684064 343065 639483 276000 242469 380747 491200 313047 463445 877416 200571 442780 661042 352406 391513 477074 229923 113629 288923 570431 438757 130915 574981 475539 302775 351912 95909 479405 391544 787070 157437 999999999 288497 622236 448152 697163 422232 597792 315149 391379 319805 177098 523709 595819 595775 680054 331054 435411 535616 659789 224463 446287 448933 163308 173644 624726 403607 160398 603524 652744 363893 227421 121233 695528 57558 437440 578038 355564 292562 127741 253370 379758 466395 221970 319887 429305 583240 565880 276621 103621 430930 247488 756107 152901 481880 143824 203953 275627 244145 684371 862496 608878 424500 523538 660744
471647 877319 566438 960674 192829 901577 499186 905425 280177 434139 656548 645604 538495 602406 1149820 287265 648443 947376 633159 636192 763385 507521 318300 138312 827514 722184 333740 809063 472219 98898 158989 321263 687254 649411 1042842 439287 288497 999999999 858717 721594 764359 708588 830538 398103 410913 470295 300109 745616 759077 879479 965272 488327 547399 578193 910330 249704 725619 672187 279015 391776 672564 686840 132921 869408 751888 639146 345692 333117 934317 230940 650080 864611 392267 83249 393814 536196 530179 463142 507841 446851 678708 636228 763409 345543 262666 445744 352612 1044160 171742 698539 386451 191269 535068 493099 904932 1134357 820205 664166 770663 832055
467970 280637 910238 741106 687065 928196 388119 717900 889334 749503 573062 931041 320605 933795 824455 805703 814742 547210 332918 698605 490206 410276 697166 905076 106850 522257 528101 812898 1061791 813282 819864 548465 188245 655761 858620 478878 622236 858717 999999999 599043 1195345 484657 829882 886002 979508 413728 775194 819623 987401 559979 576015 831294 945478 1083579 802119 629214 276859 187907 580928 469689 1153391 520956 733069 153541 1122696 300951 525137 530905 75652 665965 797450 352006 942214 814541 494513 535751 867012 1053862 444723 855709 696744 1114330 901776 552931 599698 1014634 827404 549190 772037 810624 484621 676786 630196 654615 87708 817909 896331 724903 743380 1018503
319425 376939 393548 246705 671816 334252 608422 194272 553269 333067 67963 378237 484346 401120 429648 481102 250628 257896 298673 143342 122905 338241 406766 667480 495823 77415 499133 215017 621796 750314 799851 478239 588174 99194 349637 353564 448152 721594 599043 999999999 643263 114441 233602 470601 561318 604825 452699 224229 403086 178019 265584 359693 442508 588512 238744 648279 322980 537489 573214 481137 629140 82951 604868 477482 560336 333321 596778 489950 642145 501467 231779 308296 531877 739268 410555 199266 368409 617497 296913 409663 116010 597491 308571 656847 530195 580508 449638 368636 554069 226338 447715 645480 190421 236436 686496 414562 297315 151190 144785 423373
754971 1015960 288392 711224 873476 465669 1031006 675010 488113 471137 639602 268140 960480 261783 867937 518219 393971 868517 862507 510000 765439 810370 583653 628925 1104089 714277 826224 493710 301725 854593 919048 790784 1117003 556981 698934 762133 697163 764359 1195345 643263 999999999 741648 495076 390214 353464 1011088 529208 438338 261187 792377 862613 378956 264558 186719 600283 896654 927959 1072651 854148 856912 96223 699514 746130 1101391 87654 895295 924025 815795 1252758 701963 412767 950787 375124 837655 783812 660757 335244 309438 766085 377732 527577 128302 362263 969072 793853 319494 455750 974647 642541 419723 818741 850638 565438 545687 1277580 853155 416256 493097 534139 293388
259528 274616 475626 316405 629258 447152 520052 273112 582911 373526 103084 473723 390304 489400 475780 502727 348143 238884 193043 231695 54849 260477 410676 676153 381841 39525 443533 329133 685017 722324 765319 429422 479630 184676 431304 296126 422232 708588 484657 114441 741648 999999999 347139 520429 615993 520304 471421 336499 511194 176495 258090 423295 521080 667971 338339 597142 208574 428924 521239 414275 718502 42374 582627 366135 661480 226021 531370 435853 528846 479199 329531 214504 582954 713355 354243 174297 442731 679507 228704 466688 218473 684051 420031 590509 487474 640737 485872 337974 550670 333021 386406 604447 220292 264798 572077 462501 411675 250645 259112 535913
519853 589322 336754 216933 828850 101171 823293 180739 598460 396924 278947 276710 706510 321515 389835 551182 192365 386687 530606 206883 341457 552011 518547 742083 725155 308400 681955 22970 582852 882019 939645 654348 820220 219197 235059 548663 597792 830538 829882 233602 495076 347139 999999999 484244 550437 815836 532291 89875 233901 319040 375804 364568 385903 508031 109986 818139 555371 769658 747628 677493 513647 315966 735896 701123 407433 565652 786689 671555 868969 640806 185020 514307 533348 868226 599945 389753 341923 582093 506143 418219 174104 493993 134950 845877 695200 553647 496226 486410 659382 137543 639935 801621 325732 353694 917553 373945 82255 173306 90476 220520
418809 775453 172108 663226 484320 533977 657155 609793 123605 148111 426960 252562 607615 206378 854723 128156 291958 728303 565002 337155 565618 476933 205449 278396 811497 511657 446055 466439 176011 478426 542967 410910 772695 373230 716448 413777 315149 398103 886002 470601 390214 520429 484244 999999999 97020 634651 140459 394370 365122 648619 735882 121139 149370 220573 583472 506457 650000 734406 466153 484440 311311 482045 358217 826589 360869 591181 538424 436250 953154 313076 301177 729445 62526 461825 419677 372111 145787 168418 441480 66498 378898 270136 387343 580700 406528 128866 67705 838558 255235 346944 449184 460933 300257 257554 959701 838507 451704 350241 451949 438987
511601 872438 216620 741498 530320 587198 734141 689478 137685 244940 520868 291601 694264 241834 930910 191492 361820 819183 660973 423756 660137 569518 289106 276382 906892 605854 521078 534794 84458 501679 565966 486840 860471 462772 785269 504061 391379 410913 979508 561318 353464 615993 550437 97020 999999999 710133 214889 461511 395675 739012 825455 202951 174063 167832 654676 560920 746654 823876 530605 564321 262793 577031 401926 923000 346233 686527 606061 511986 1047514 378462 374114 825942 37354 484730 504735 469115 210123 75627 535761 151685 463721 225460 439306 642822 473390 40193 152477 929932 299635 416105 531222 509650 396212 354208 1051790 914692 506816 432741 529318 468683
296728 535543 731249 836479 283553 914075 28895 790947 587344 542806 543597 784361 141821 765046 989433 518658 706857 720471 341984 619261 564015 266700 430306 549280 416805 554949 189148 793442 793834 409008 408297 223897 228022 597174 949519 271801 319805 470295 413728 604825 1011088 520304 815836 634651 710133 999999999 496773 762805 877601 683934 747288 635474 746851 854806 843349 224297 400022 229598 198596 154838 942582 528743 361970 473855 959902 321067 124826 198577 487870 335438 695888 560808 674819 412983 232365 426562 682685 784554 310420 633824 643365 901045 825115 139599 243480 749961 567098 782041 434502 731207 194151 279473 504956 497953 444125 977328 851525 654026 727963 933630
309676 699828 280857 677793 350828 601475 520162 622446 117804 135499 394926 355744 480968 317988 869898 32477 348340 700492 470478 345818 523019 365918 78033 216535 710042 473293 307665 511288 299294 364281 426984 272940 647639 367228 750887 296370 177098 300109 775194 452699 529208 471421 532291 140459 214889 496773 999999999 446179 468027 624959 713339 192748 275762 360619 617115 368364 561548 612770 325752 349484 451765 439465 229572 733090 493713 491595 398071 298222 845557 172873 350285 664956 178657 348705 291100 302110 238499 290298 338564 161567 389455 410555 464131 440410 266069 254123 73487 806397 133567 398817 316429 326118 262860 216361 843988 853993 520118 370521 477913 539223
466383 599559 249704 290919 753606 160432 772813 245538 509035 311483 248906 196643 663376 237839 473326 463804 102551 430185 503470 143547 345191 505264 437652 653855 718053 301398 616917 73327 496837 800555 859451 587302 789852 172247 323815 491742 523709 745616 819623 224229 438338 336499 89875 394370 461511 762805 446179 999999999 183631 354651 424669 274837 299834 428493 193995 746766 542765 740036 678568 618309 444038 298706 655477 701612 351686 538903 723049 606225 865344 563391 96371 528334 443752 786333 539173 337939 252375 495630 457914 328372 126427 420274 84662 781217 623818 466028 407431 536735 575245 48055 579545 726395 260491 280881 906566 457225 88754 108892 95903 199419
590719 780009 193302 450332 811753 217004 892097 413932 488634 354482 415094 113474 797296 159018 612792 473706 176806 611314 661212 289231 525667 638762 489887 643519 888959 478773 710193 232958 400104 831532 894768 676712 938435 331749 446478 608452 595819 759077 987401 403086 261187 511194 233901 365122 395675 877601 468027 183631 999999999 537333 603822 275504 223216 301485 340088 817937 711924 890246 758849 724977 286599 470925 696538 877242 173538 696128 816102 699209 1037513 621420 192206 710211 392676 815614 645708 473241 229947 402264 591252 312256 292901 273832 102228 870103 699426 384361 406847 715626 601018 178195 685129 785501 380522 379966 1073130 597544 156266 262739 278792 73994
435860 289927 563573 181137 805730 401650 680290 163391 729156 510003 230033 536983 547294 566544 305499 654502 411930 80609 343373 317410 123839 432860 572445 836900 453397 157328 619607 310990 797839 897326 941354 605915 605731 276259 299231 472486 595775 879479 559979 178019 792377 176495 319040 648619 739012 683934 624959 354651 537333 999999999 88452 536843 613837 757796 255061 773366 315710 556831 697499 588303 790002 192662 755966 414218 706155 369682 705047 612093 583613 652100 393821 212975 709847 887922 530508 343422 542603 793851 404310 587435 282234 761370 435588 763562 663864 757355 626447 191810 717045 374713 561900 780852 362485 409248 645865 293542 399864 317023 258800 537884
514604 295879 645248 192089 885503 445927 741127 199913 817550 598187 318425 613674 607574 645980 253373 742936 491130 29284 405454 402465 203442 506067 660153 924917 472233 243624 696860 372019 882612 980392 1022790 685259 646855 362862 296205 551191 680054 965272 576015 265584 862613 258090 375804 735882 825455 747288 713339 424669 603822 88452 999999999 622851 695985 838353 292126 850747 360668 600104 775160 662094 866008 278889 840437 423977 775503 427391 777831 689884 588466 736802 473557 225133 796827 971442 608633 429126 626587 878884 481569 674079 365300 839037 501608 835315 744352 842854 714684 112067 804115 450059 638057 861151 450931 497696 658475 244731 458053 399297 329529 596235
377694 689725 96596 542583 537864 420161 654194 489486 234758 92766 324001 164245 581794 132400 733790 201078 172304 617219 500468 220821 463675 434230 219686 383578 747540 408947 454957 346188 263095 556872 619726 419906 740120 260686 595695 383315 331054 488327 831294 359693 378956 423295 364568 121139 202951 635474 192748 274837 275504 536843 622851 999999999 116121 253480 462492 547743 577186 697076 493749 480687 323603 382567 421071 754647 324514 530694 557452 444182 893787 349579 180460 636862 176985 541160 405804 297948 48751 258315 391784 54683 260950 283651 276808 607660 433257 220865 137269 728202 326131 227028 441826 511995 210244 177466 910239 717569 337712 230727 330986 346477
493810 792771 51294 588441 626393 414634 766533 539467 270124 207022 418685 117751 697475 68020 773151 271985 208251 694271 613582 299176 556038 550326 321843 424844 859755 501595 563105 372617 197069 627279 691702 527725 856229 344788 620597 498938 435411 547399 945478 442508 264558 521080 385903 149370 174063 746851 275762 299834 223216 613837 695985 116121 999999999 146984 493593 643225 687285 813172 595304 592493 208082 479107 502843 864172 218500 644575 662824 552546 1006842 445541 224260 735557 169519 610758 519284 410391 79673 196192 507645 116081 331608 168914 267321 710167 534662 169375 204788 805273 401347 258417 554218 601860 318771 290865 1025184 757040 335489 296927 379090 296940
623586 939106 194971 719372 694801 515942 876910 673290 304486 335136 565658 232080 821115 192988 897814 344521 347379 837935 753710 445342 702936 681311 424715 442299 1000952 648537 666483 498338 119101 669505 733763 631265 983890 491357 737845 623905 535616 578193 1083579 588512 186719 667971 508031 220573 167832 854806 360619 428493 301485 757796 838353 253480 146984 999999999 617918 722058 830463 943085 685610 703545 95085 626045 566590 1007816 195473 783494 758670 656598 1146893 532325 364798 882467 192971 652556 636003 551422 225537 125633 641199 229959 476080 58498 377541 799684 626438 132799 288277 948592 463296 392568 667388 673106 462505 430907 1161343 881958 444710 440942 515304 365535
554381 542409 443668 112414 889904 154394 847165 93501 693059 482229 300804 386327 722475 430324 280208 638959 293134 308696 531060 274255 315525 576661 593225 831222 695462 299210 728731 120978 690657 954100 1008877 704569 817536 268283 134139 586919 659789 910330 802119 238744 600283 338339 109986 583472 654676 843349 617115 193995 340088 255061 292126 462492 493593 617918 999999999 872871 536951 766891 799514 715901 622756 318336 807039 662898 512904 564352 829844 718936 832730 707629 282408 465396 635491 941258 642194 427833 444788 689558 534293 516991 232554 603780 244014 889843 751422 659983 588744 397751 738608 238577 680783 862894 384325 420550 889434 264238 184061 246743 139680 315604
337626 698480 642503 894636 59256 906822 253019 842522 425485 463462 580505 710821 318182 679320 1069989 378697 667242 827730 465561 611256 649752 347307 328590 347933 614539 622467 153905 795204 639328 185216 194008 170100 448838 605832 995630 301072 224463 249704 629214 648279 896654 597142 818139 506457 560920 224297 368364 746766 817937 773366 850747 547743 643225 722058 872871 999999999 548481 441403 75926 195078 815710 589364 164766 664518 861632 459821 104079 161289 704558 198413 661759 703790 530277 188692 242899 449141 596312 629754 369359 527557 646640 775166 790343 96453 123033 600809 441424 909348 261903 705767 213071 60183 492819 466036 666601 1055934 832683 645116 740121 884136
