NAME : synthetic_000981
TYPE : CTSP-D
DIMENSION : 100
GROUPS : 8
RELAXATION_LEVEL : 1
EDGE_WEIGHT_TYPE : EXPLICIT
EDGE_WEIGHT_FORMAT : FULL_MATRIX
EDGE_WEIGHT_SECTION
999999999 390071 590591 424902 200012 378001 132513 185200 244588 256154 318343 429243 488623 225181 331572 152173 337617 575497 725387 674784 214554 282587 492712 462296 262364 161532 306584 336572 524258 465704 474660 641884 499827 574726 371493 204749 577452 345557 156604 400562 647853 284726 459873 771317 291117 417269 276615 674682 511725 623174 547371 124387 86801 713551 391303 171437 329755 120853 606913 237690 260933 276547 455283 201367 442573 486750 271108 462314 319446 367403 101568 284277 321189 649123 435626 518431 510575 630473 723559 498151 349465 490096 176147 169463 682401 779638 510509 301480 336161 340713 456668 652342 588162 595026 627053 100924 573708 113537 537441 156580
390071 999999999 471640 92180 583974 103624 467402 210402 440050 645292 577000 816666 754614 301107 497699 254967 493960 679593 664167 691903 234846 574443 621486 594949 466575 310038 278725 214947 361797 549447 525335 637998 139783 197480 654620 545660 356966 687762 297364 429515 359095 396938 693551 776966 626335 309215 234086 532810 846077 305433 893555 282129 447000 601528 721158 503768 616612 488601 412169 586536 427544 160769 208106 588245 506105 551868 361877 507124 614230 756348 289739 635235 580982 589854 168234 211479 122479 366536 672511 697511 627230 725309 317132 475169 292847 795736 825593 494889 715743 634541 145624 392381 307750 367957 561870 480527 381954 491629 756317 255038
590591 471640 999999999 386359 684573 370153 721753 532836 403433 754833 488899 877954 587127 678132 366134 569162 354906 345566 195400 265766 398834 869782 1023292 993167 813299 429468 289531 660095 111147 271233 954337 208625 583408 594121 553434 582258 157768 660686 436638 857767 263647 329735 508720 328045 613178 767383 648339 84472 756136 312840 815445 484205 572059 133745 660957 555461 917403 709035 111635 825855 375866 573158 679746 755591 243208 977184 327910 219657 549649 840772 547769 869877 491650 129814 305997 672585 518603 219886 206443 467755 533089 528528 414446 518311 590886 350855 707831 851510 762959 929775 341093 215824 248551 163293 104121 684411 116316 696687 526462 575313
424902 92180 386359 999999999 607059 52489 520327 263039 421544 672900 559525 839489 730076 377383 465292 310087 459709 622081 580792 618693 233341 640020 708051 680759 540685 312148 237709 305085 275424 494775 615311 563187 200516 231115 638847 552548 265240 688394 303080 518868 270369 365477 663385 699981 627075 401363 317562 443661 839417 221685 890427 304889 467364 513889 716402 511202 684218 534465 321079 640342 404095 240217 296320 626263 450489 641478 331969 447613 603735 782293 331079 689385 563513 508534 80377 286785 147729 275217 590196 659155 611474 694156 314040 478403 288866 719862 812913 571695 732730 701350 53594 301074 216948 275909 480607 522077 291638 534018 720079 312092
200012 583974 684573 607059 999999999 556713 218464 384451 282151 71304 257544 233042 373714 407885 342483 351946 352829 559289 776712 692735 377690 319817 588277 561198 376701 302626 436251 531732 645247 484623 608012 675142 699006 772925 266816 111977 711818 182582 307766 554015 799360 354955 376789 784398 152594 601875 470340 767869 337730 786014 362924 303752 139749 789649 233906 129463 354119 169597 728674 223056 309289 476447 653313 103935 479246 612512 361618 504055 220320 175535 300607 243249 258011 708551 602559 718073 705914 774702 770178 433301 257227 399670 307519 166262 876763 786416 352077 407583 136485 354380 630893 793429 741391 729758 692217 150325 698341 149058 451164 356024
378001 103624 370153 52489 556713 999999999 479012 225724 369720 623243 507808 788747 679517 351518 415816 272559 410644 581862 561428 588680 181413 604239 690258 662009 511189 260098 189188 297557 261682 452916 604187 534529 234512 275503 587038 500379 267170 635917 251421 506950 293494 315452 613812 673362 574609 400792 299760 434752 787068 253663 837973 256134 416964 501473 663959 459119 649428 490311 319006 598724 352824 221054 310645 579207 408961 629391 281485 408089 551487 732136 287355 647709 511800 486614 77179 313704 192144 290783 569443 611593 559638 644836 261664 426096 340718 692206 760936 544111 681305 666003 80337 316240 235949 280407 458642 476539 287043 488684 672023 275467
132513 467402 721753 520327 218464 479012 999999999 258746 370430 240664 420320 406131 573244 213878 455166 212690 462295 697528 857708 804010 335484 150190 382874 353838 160044 292305 435205 350244 651429 593431 390427 772777 553049 631749 457918 281566 700171 397949 285537 336377 762338 416309 558392 900296 356419 399760 289205 805582 556189 731210 579943 243651 187109 845733 448610 262866 197250 48889 733071 120028 389340 323205 476422 152649 572584 396386 403589 593069 405964 340957 193067 169067 422443 781588 544784 549646 579762 748687 855676 604503 440526 586206 307765 276282 750396 907696 568458 194150 342448 208366 559331 771639 702588 717408 759565 71878 699435 69821 636183 212364
185200 210402 532836 263039 384451 225724 258746 999999999 318701 441101 438856 614423 620377 145551 399114 47079 400084 627105 702115 687394 144327 378523 490518 460499 290408 173434 252778 181551 441116 499913 426800 642642 314674 389654 508358 367294 472685 512776 157198 332946 517292 312448 573768 781983 453452 285084 137101 611040 677657 479341 718968 109921 255301 665653 553233 327005 423756 278202 515414 378631 318997 99085 283233 378952 464005 447792 281952 475640 460568 552306 83851 427609 442534 623285 297609 338781 327798 509873 705092 595555 482459 605950 189704 307385 499856 795643 667310 325933 519781 440279 305496 534440 458475 488508 597169 270661 481365 281536 646483 49765
244588 440050 403433 421544 282151 369720 370430 318701 999999999 351753 138159 480082 314839 433750 87748 322071 93093 331405 501047 434531 207317 518501 736147 705549 506153 145984 194159 500085 375153 223175 708013 406958 578005 636142 217321 179291 448514 282065 162179 624857 548548 77381 258424 530444 224852 602835 453472 486182 420463 549742 474029 210967 189015 507995 300826 152689 563913 341728 456556 451187 27745 412369 590863 361874 205996 722991 97892 228846 184484 438740 268390 489275 142155 429672 385991 631355 555643 517512 496347 276874 189932 290708 131657 116794 710374 537349 391454 545542 364600 571957 424846 532849 494933 466100 411822 313525 428710 324088 328599 329510
256154 645292 754833 672900 71304 623243 240664 441101 351753 999999999 313316 173918 404453 446418 407862 404883 418516 615270 842406 753815 445816 309420 584562 559519 389023 372061 507289 576542 716534 548280 618708 738888 755348 830752 308173 176409 783062 201574 376381 574646 870003 425481 419610 843844 192380 637828 514613 837881 334142 855650 347842 368248 207447 858170 250820 199375 335982 193983 799939 207064 379125 528924 700645 92438 545431 619975 432794 570568 267808 111249 357700 212862 313153 775613 671319 768528 766415 845704 835260 479801 303842 439012 377700 236777 938015 844618 360005 414994 104843 332395 698555 864556 811850 801004 760005 183939 769640 177955 490164 408127
318343 577000 488899 559525 257544 507808 420320 438856 138159 313316 999999999 397240 181831 534658 123813 432702 134771 302301 540525 442254 342767 555279 802197 772589 573835 273791 328665 619342 485095 244243 792784 432105 714016 773644 79510 149124 563040 172181 289097 718072 669640 201678 141561 530867 132125 716439 567517 565592 287013 677479 343025 328966 237111 570804 175106 157610 595961 379812 561388 469568 156470 536375 718572 358205 252675 804110 230924 278453 60818 371242 374649 497245 3998 480630 521290 763632 693532 635190 531375 184322 52458 172210 262711 148960 848387 531315 254108 611232 286302 599725 561226 647730 619242 579880 469562 351511 537473 358530 219122 439722
429243 816666 877954 839489 233042 788747 406131 614423 480082 173918 397240 999999999 411897 616986 514057 578758 525340 678001 936729 830291 608531 438783 710096 688838 541085 531677 656711 749102 854953 641144 763289 826469 928926 1003949 356424 303528 926579 230735 538266 730857 1020836 557368 456540 912055 266445 805870 687151 957878 268644 1012280 251641 536783 372266 967420 256494 339588 451219 362530 936637 340683 507650 702841 873771 253552 649003 760460 572054 674830 338199 65185 530782 323757 395402 877867 831611 942255 938358 993151 926826 521444 365660 464757 534446 377155 1109509 908217 317847 560896 115501 441373 861680 1010117 964234 944361 866421 356076 908527 348871 510407 582039
488623 754614 587127 730076 373714 679517 573244 620377 314839 404453 181831 411897 999999999 710559 266997 612539 274318 293651 579202 452426 522003 692608 954947 926501 732139 455234 493625 800367 612422 315983 957988 465529 892833 949951 117212 292160 692781 204214 470693 888721 805528 364791 78447 520600 221406 895782 747489 651275 185324 823672 242936 510568 402954 635807 160544 318097 727830 527772 678693 596729 327649 718131 900396 476648 346664 966955 398123 368313 169568 414767 553972 613514 178060 539136 683833 944768 868607 766963 565366 130086 139916 63651 443514 321718 1018052 512444 128167 767364 331094 727870 725891 775215 761117 708025 537242 501548 660816 505761 99604 619407
225181 301107 678132 377383 407885 351518 213878 145551 433750 446418 534658 616986 710559 999999999 519680 117034 522602 757088 847147 827834 287438 280992 345787 316092 165578 298294 397505 137722 584558 633592 283548 784855 354595 433760 594010 429920 611120 569180 283232 193156 644409 443450 675323 923232 516064 194267 79622 755706 734792 599057 767395 227728 311874 811107 615934 395891 319679 254542 656604 317523 440304 140374 263644 364136 600451 303347 416292 614101 542577 551910 165398 362534 537891 768305 427786 338838 395008 641987 849788 706383 570690 706624 316319 388866 558787 935969 735509 194454 542048 338345 426694 667255 587423 626171 742361 262636 622758 268595 751516 109687
331572 497699 366134 465292 342483 415816 455166 399114 87748 407862 123813 514057 266997 519680 999999999 406367 11292 243949 434572 354920 274640 601700 823677 793109 593559 225890 227744 579220 362398 143547 795419 333147 637375 689483 195861 231575 441092 294677 242052 711501 549624 100912 198093 449557 247919 684182 535454 444331 405355 561522 462958 294270 270318 454611 298519 217292 646338 423840 437770 529521 80221 489216 663097 432160 137831 810598 135848 163291 184090 481568 354332 564918 126891 368560 416856 697818 606960 513940 427732 201384 171973 229022 209424 187752 752111 454873 365890 632872 400169 653460 459076 525583 501187 457666 354523 395245 414368 405122 258746 413861
152173 254967 569162 310087 351946 272559 212690 47079 322071 404883 432702 578758 612539 117034 406367 999999999 408622 641283 733120 710946 172867 331720 455354 424929 247541 182397 283863 190073 481009 516915 400384 668431 351264 428004 498045 346675 515934 491351 166965 309926 563419 326991 571039 806473 433729 283779 134950 648844 657352 526217 695985 112293 230438 701032 534247 308166 377186 234657 557055 332329 326390 124530 304131 338156 483455 419578 299347 497080 448410 515674 58985 381240 436192 654328 343702 366259 369890 555095 735175 597678 473114 602900 200201 293409 541648 819046 650849 284254 488261 393549 352458 579455 504404 532054 628818 229373 522942 239645 645708 7518
337617 493960 354906 459709 352829 410644 462295 400084 93093 418516 134771 525340 274318 522602 11292 408622 999999999 238417 424018 346000 273190 609343 829187 798573 599238 227299 222005 579605 352072 134281 799405 323252 633715 684867 205986 242161 430960 305858 243361 714796 539908 97105 203998 440975 259211 685151 536734 433043 415277 552573 473053 296370 278189 443436 309271 227053 654195 431690 427061 538171 82313 489105 661751 441795 126988 814893 132239 152353 195168 492729 357410 573996 137793 357633 409907 695308 602145 503960 417350 203929 182437 234474 210449 196800 745927 446705 375139 638634 411423 661538 452395 515376 491885 447456 343428 403165 403890 413197 262405 416130
575497 679593 345566 622081 559289 581862 697528 627105 331405 615270 302301 678001 293651 757088 243949 641283 238417 999999999 288915 158787 488887 842029 1067549 1036954 837492 458942 403828 801209 411515 130948 1036408 177261 816154 852991 322031 448733 486510 448156 474326 950065 600702 314887 226642 234055 427599 909687 764057 389392 478882 637922 536529 529411 511051 357302 424059 447008 885571 663810 453699 764207 319012 708431 868768 658008 173518 1052480 345409 174525 350135 663564 592964 795594 302248 261673 553062 890066 769787 557662 273901 164326 316799 230165 441082 424086 886396 231162 421629 876819 576465 891474 597128 558070 571262 497522 267646 635033 447113 644135 205810 648792
725387 664167 195400 580792 776712 561428 857708 702115 501047 842406 540525 936729 579202 847147 434572 733120 424018 288915 999999999 139100 560305 1007895 1187855 1157240 968493 571736 449665 844120 306373 296459 1128559 113809 778667 788930 584901 666146 345137 707234 582474 1033430 435421 442349 506735 150512 672626 953062 826411 167867 763009 493945 821628 635686 687671 98108 693189 649498 1054862 836496 289789 949826 476716 754270 872016 862552 297514 1149897 454496 273050 598590 911362 702290 989594 542047 78841 500441 867412 713958 393704 18649 449172 571978 515618 554443 616427 779337 175608 707279 1007778 826827 1064998 536377 381500 434089 345982 105364 809426 305804 820832 494691 739892
674784 691903 265766 618693 692735 588680 804010 687394 434531 753815 442254 830291 452426 827834 354920 710946 346000 158787 139100 999999999 543164 952841 1157158 1126336 930619 535118 439609 847489 362841 211877 1111327 57719 819114 841960 474065 580760 423009 599577 548460 1019636 528474 392535 384470 96645 572719 957685 820165 277818 637668 578468 695267 604209 623168 225105 579209 571388 998422 776241 376288 884122 414670 754678 894682 786203 232530 1130251 414182 215017 495954 811490 670992 919833 443009 144059 541121 902224 761886 484844 121767 323015 465336 388951 516920 542667 852033 108250 580346 970315 725031 1006450 582273 478354 513577 429058 163864 747966 381406 758355 362692 718212
214554 234846 398834 233341 377690 181413 335484 144327 207317 445816 342767 608531 522003 287438 274640 172867 273190 488887 560305 543164 999999999 477868 628094 597602 414467 78861 111090 312326 317966 359655 570414 498360 371258 432187 419914 319322 364793 457116 70290 477164 433604 178539 464582 637659 395606 421134 278093 480177 612471 411950 661335 91997 238413 529501 488000 277888 525322 334464 398340 449846 198386 219621 388563 410390 321928 590753 144896 332303 379504 553194 149911 497504 346733 481497 225812 424733 353985 415980 562554 475873 392559 496743 82823 245642 516468 651408 590817 452758 500121 539262 253270 438055 374019 382123 455951 315442 364502 328074 531675 179592
282587 574443 869782 640020 319817 604239 150190 378523 518501 309420 555279 438783 692608 280992 601700 331720 609343 842029 1007895 952841 477868 999999999 275715 251944 130136 440930 581613 412236 795696 741671 326668 922513 635170 714169 581877 408983 840203 500667 433153 310775 894519 566409 688163 1048913 471240 423262 359724 953239 643519 857862 655496 387515 331477 994968 551902 398797 47634 178223 876119 102597 538379 416925 532760 221014 722012 322081 553694 742813 531893 378637 329490 117299 556919 931710 674951 611043 675237 884356 1005854 739040 568129 713764 456890 418101 839755 1055731 666806 132327 412627 62008 683964 908156 835218 857044 909562 206996 842204 198151 764850 328812
492712 621486 1023292 708051 588277 690258 382874 490518 736147 584562 802197 710096 954947 345787 823677 455354 829187 1067549 1187855 1157158 628094 275715 999999999 30822 230359 622270 739164 409040 930297 953219 124316 1118361 620984 690614 840415 664155 954482 770806 609475 199079 978410 765118 941125 1253631 735598 346729 391047 1101404 918257 926903 931199 554337 565980 1155837 822152 645257 259025 427211 1001468 378272 749973 469533 486373 494471 925367 98884 743226 942165 788651 652142 487276 386555 804473 1109160 767409 559721 683688 980414 1189349 985856 823383 969075 640402 655579 818915 1264195 939218 191593 688229 270354 760292 1006063 923781 968962 1083912 453902 967771 449214 1018971 448837
462296 594949 993167 680759 561198 662009 353838 460499 705549 559519 772589 688838 926501 316092 793109 424929 798573 1036954 1157240 1126336 597602 251944 30822 999999999 200019 591452 708684 383734 900649 922447 114950 1087559 598721 669601 811654 635328 925629 743780 578671 177598 951037 734304 911795 1222809 707630 326663 363361 1071492 892691 900234 906778 523556 536135 1125606 795100 615844 239081 398743 972240 354124 719269 441617 465651 468787 894551 93914 712407 911343 759779 629941 456495 365088 774900 1078560 739112 540250 660065 952427 1158681 956091 794341 939912 609583 625682 798326 1233376 912650 161542 663600 251849 732756 978031 896055 940232 1053355 425135 938491 420757 989677 418456
262364 466575 813299 540685 376701 511189 160044 290408 506153 389023 573835 541085 732139 165578 593559 247541 599238 837492 968493 930619 414467 130136 230359 200019 999999999 397893 524583 287329 728157 724648 231380 893818 513182 591506 616118 440007 762989 557588 386289 190299 804658 538083 713855 1027243 516390 293196 239809 894300 713928 761949 734774 332886 336885 943570 608410 417980 159971 207990 804595 203895 520653 305920 404717 296728 698238 236375 518163 716008 563870 477388 266761 236982 576257 890315 585875 483385 558629 799412 968799 756816 597637 742544 415717 426218 718804 1036993 728004 39697 493506 179314 588514 824224 746643 778892 866040 231805 770482 229582 791803 242447
161532 310038 429468 312148 302626 260098 292305 173434 145984 372061 273791 531677 455234 298294 225890 182397 227299 458942 571736 535118 78861 440930 622270 591452 397893 999999999 145926 354397 363885 335712 579540 496347 443402 507434 348502 240461 420788 378945 16254 491417 499809 145414 403442 631477 317415 458378 309566 513394 536039 483589 583906 70588 165285 554110 411149 199055 488484 281515 447069 398655 145687 266414 446005 344616 304351 597067 120973 320111 305431 477666 136204 444364 277665 494132 300176 489877 430759 478265 571414 422478 321474 435736 18255 166959 594818 642546 516684 437447 422160 500478 330287 498757 440994 438595 470789 258726 414288 271311 474545 189912
306584 278725 289531 237709 436251 189188 435205 252778 194159 507289 328665 656711 493625 397505 227744 283863 222005 403828 449665 439609 111090 581613 739164 708684 524583 145926 999999999 408086 217965 272927 679569 392101 417794 464428 408064 354263 276983 474312 150086 585270 364258 129055 425794 532426 415154 518251 381533 372095 614132 358309 668134 194812 305451 418989 494966 317130 629241 427109 301177 544183 172370 315122 465418 488365 230883 700486 97741 235951 378507 607693 258385 590183 332581 370826 192626 487192 381244 338455 452355 422429 381118 456468 134235 279641 524526 547485 582650 563151 542983 642206 233090 357366 307581 294903 345059 404637 268539 417230 482854 290505
336572 214947 660095 305085 531732 297557 350244 181551 500085 576542 619342 749102 800367 137722 579220 190073 579605 801209 844120 847489 312326 412236 409040 383734 287329 354397 408086 999999999 555679 671818 310426 798672 226849 304486 686946 536277 564297 680359 338144 214667 574028 488885 755190 939362 623401 110197 61953 729806 846561 519602 883769 291071 419074 793419 723981 498159 446935 388347 616547 455111 499403 93242 126193 498049 633244 336923 456464 641868 637884 684363 248970 499651 622958 766430 373195 201270 279412 580277 849716 776846 661575 787341 370055 483114 432573 955115 840899 306326 667835 466151 358525 606132 521976 576881 739010 393043 584389 400398 828034 183905
524258 361797 111147 275424 645247 261682 651429 441116 375153 716534 485095 854953 612422 584558 362398 481009 352072 411515 306373 362841 317966 795696 930297 900649 728157 363885 217965 555679 999999999 308799 855323 305204 472308 484707 558023 552244 80387 651296 367655 758209 194614 297772 534998 434078 597691 661435 548340 174167 766907 226407 824993 408418 520424 239890 660193 519777 843200 644940 83782 761942 347830 471471 569777 704479 269715 879066 284366 252909 543821 811252 467545 808112 488430 237396 195131 561458 408094 154641 316834 505528 534361 559521 351679 481648 489312 455841 724297 765249 739551 856924 230006 163609 159753 95842 210061 622602 53574 635194 567374 486558
465704 549447 271233 494775 484623 452916 593431 499913 223175 548280 244243 641144 315983 633592 143547 516915 134281 130948 296459 211877 359655 741671 953219 922447 724648 335712 272927 671818 308799 999999999 915230 190638 686721 725887 294316 372947 388225 412969 350437 826733 503208 190298 237646 307370 376264 780787 636397 336910 488625 531814 548111 406227 411410 330712 403575 360748 786995 564648 366757 672262 204772 578814 737834 575658 44395 932487 218147 55894 303018 614903 471514 708277 245883 237686 428771 759526 642432 462098 287905 198567 278501 257479 317537 331078 765636 314271 438210 764289 530491 794790 473047 467148 466058 401831 229354 536292 352559 546589 259445 524380
474660 525335 954337 615311 608012 604187 390427 426800 708013 618708 792784 763289 957988 283548 795419 400384 799405 1036408 1128559 1111327 570414 326668 124316 114950 231380 579540 679569 310426 855323 915230 999999999 1068339 508493 574769 841110 666340 871237 788377 565034 97329 884430 724942 934171 1206778 745456 231675 307013 1028862 945305 829250 965567 509119 556828 1087999 838990 640709 327278 438899 921467 422657 717677 384669 371040 526274 883187 28255 698957 897348 788663 701307 443859 443954 795541 1049771 680950 441403 574844 890341 1131804 972458 821058 963991 597743 643826 701822 1219429 958884 203913 723492 343277 668618 916182 832257 884587 1023422 461581 888484 460234 1011898 393115
641884 637998 208625 563187 675142 534529 772777 642642 406958 738888 432105 826469 465529 784855 333147 668431 323252 177261 113809 57719 498360 922513 1118361 1087559 893818 496347 392101 798672 305204 190638 1068339 999999999 763698 785263 472844 563554 365543 596272 508891 975522 471857 357365 392936 140729 564100 908815 773600 226764 649205 521080 707849 564124 595843 182635 580617 550305 968743 747626 319610 858145 384882 706296 842057 764960 201071 1087993 375674 179710 488904 803335 631167 895760 433363 92204 485076 847676 705561 428158 101223 335563 460983 401985 478336 519274 794341 157905 593559 933458 717968 977652 525819 422358 456033 371874 108425 719778 323938 730638 382372 675577
499827 139783 583408 200516 699006 234512 553049 314674 578005 755348 714016 928926 892833 354595 637375 351264 633715 816154 778667 819114 371258 635170 620984 598721 513182 443402 417794 226849 472308 686721 508493 763698 999999999 79258 790814 672617 448817 816820 429602 421907 416847 536669 832811 900345 755825 276836 275450 634281 977924 351861 1023452 406047 566939 707054 852712 630983 671967 582800 507032 666913 566456 230308 139047 688856 642981 536637 501588 642577 748815 866424 398504 713826 717980 707830 279605 93175 75102 437346 788778 837294 763532 864653 452203 605040 205762 920339 960083 533171 833879 691009 242316 461843 378794 455704 679990 580091 481176 589878 896043 348789
574726 197480 594121 231115 772925 275503 631749 389654 636142 830752 773644 1003949 949951 433760 689483 428004 684867 852991 788930 841960 432187 714169 690614 669601 591506 507434 464428 304486 484707 725887 574769 785263 79258 999999999 851632 741421 448493 884426 494546 492066 396803 588629 886845 918265 823098 344078 354505 635872 1043450 329188 1090547 475781 638875 710626 918461 699588 750608 660731 506789 746024 622329 308660 204267 766076 681604 603022 553976 678473 811660 941960 473170 793016 777635 722095 302463 136332 83565 424079 800547 886806 824212 918256 514596 671931 129273 939468 1023000 610598 906929 769699 259968 446743 368668 452375 694747 657271 484819 667281 946894 425883
371493 654620 553434 638847 266816 587038 457918 508358 217321 308173 79510 356424 117212 594010 195861 498045 205986 322031 584901 474065 419914 581877 840415 811654 616118 348502 408064 686946 558023 294316 841110 472844 790814 851632 999999999 176352 636927 126126 363266 771509 745240 280561 111441 555971 116180 780528 632882 626741 209703 755069 267097 399169 285742 625017 109260 200898 619045 413348 632054 488876 235963 606892 790271 370750 311680 850390 310334 336737 52449 342523 439214 509804 75556 531539 600686 837912 771973 709793 573878 172774 27453 132856 338672 205550 927690 552898 174616 651813 255329 620391 640718 721362 695947 653442 523611 386532 609637 391389 184348 504770
204749 545660 582258 552548 111977 500379 281566 367294 179291 176409 149124 303528 292160 429920 231575 346675 242161 448733 666146 580760 319322 408983 664155 635328 440007 240461 354263 536277 552244 372947 666340 563554 672617 741421 176352 999999999 623124 145484 250549 599866 717846 255673 279349 672559 87135 621565 478238 664450 310835 711668 351948 266603 118339 682427 187732 41895 448361 237343 634538 320794 207029 465716 649276 209507 369036 674892 268628 394159 124512 259576 288491 348200 150172 599231 535026 705798 667790 689681 659213 330727 159799 305811 239245 75400 834273 674834 305966 475495 188910 451441 568316 706591 661771 640928 583836 210254 605788 215461 356487 352530
577452 356966 157768 265240 711818 267170 700171 472685 448514 783062 563040 926579 692781 611120 441092 515934 430960 486510 345137 423009 364793 840203 954482 925629 762989 420788 276983 564297 80387 388225 871237 365543 448817 448493 636927 623124 999999999 727413 422190 773953 115129 371419 615383 484648 672597 665074 565747 187381 846151 155627 904011 456780 582431 262298 737988 588900 887275 698176 58459 814287 421675 487203 560377 764965 349788 896259 354524 332354 621125 880778 510758 861563 566455 286736 191147 541063 378704 74267 358593 585529 612885 639870 410665 550810 434705 507884 804147 798565 811493 902012 213110 84762 90787 17946 261781 677562 41605 690226 647228 520691
345557 687762 660686 688394 182582 635917 397949 512776 282065 201574 172181 230735 204214 569180 294677 491351 305858 448156 707234 599577 457116 500667 770806 743780 557588 378945 474312 680359 651296 412969 788377 596272 816820 884426 126126 145484 727413 999999999 390671 729702 830070 357246 231546 682091 61529 762524 621507 737765 166263 831599 206752 411242 261286 742005 51354 186327 532287 349607 729752 401114 307399 611134 794536 280333 424477 793867 379828 450184 111401 217722 433539 413241 169705 650542 663120 851258 809302 797932 696912 295655 135307 245385 374802 212595 973583 678965 170526 589504 130936 530586 699361 812127 776940 744685 640593 327095 704364 328152 295052 497018
156604 297364 436638 303080 307766 251421 285537 157198 162179 376381 289097 538266 470693 283232 242052 166965 243361 474326 582474 548460 70290 433153 609475 578671 386289 16254 150086 338144 367655 350437 565034 508891 429602 494546 363266 250549 422190 390671 999999999 476388 498194 160221 419439 644688 329176 442173 293425 520226 548982 479829 596202 55954 168966 562631 423928 208845 480770 277329 450384 394288 161868 250274 430206 345013 318356 582850 134377 333553 319537 483193 122534 440633 292951 504571 294949 474780 418638 477928 582540 438724 336337 451727 33269 178179 583838 656080 530593 425735 429921 493207 323454 498934 439043 439901 480836 255618 417276 268267 490706 174472
400562 429515 857767 518868 554015 506950 336377 332946 624857 574646 718072 730857 888721 193156 711501 309926 714796 950065 1033430 1019636 477164 310775 199079 177598 190299 491417 585270 214667 758209 826733 97329 975522 421907 492066 771509 599866 773953 729702 476388 999999999 788482 636606 859585 1114611 682463 149332 209872 931862 891136 734233 916275 420836 485769 991478 779213 570684 325510 385113 824139 394016 632596 287353 288054 483245 793322 122663 609269 806543 719222 666806 357441 424614 721059 954715 583776 362966 485108 793675 1037037 894331 749945 890190 509463 569683 620733 1127857 899712 178450 678023 343999 572045 819501 735789 787357 928177 404044 791166 405024 936747 302499
647853 359095 263647 270369 799360 293494 762338 517292 548548 870003 669640 1020836 805528 644409 549624 563419 539908 600702 435421 528474 433604 894519 978410 951037 804658 499809 364258 574028 194614 503208 884430 471857 416847 396803 745240 717846 115129 830070 498194 788482 999999999 472841 728569 581712 773385 664743 587716 268192 954906 67872 1012140 523825 664830 342901 843757 681318 940451 766678 152247 880128 522706 509859 544438 843081 464317 910927 451755 447320 726315 971816 569414 928535 673193 387325 219719 509633 342030 43768 450949 700135 720457 753644 492594 643682 354000 605889 914617 837543 906746 956493 218429 55021 59797 103184 364831 748772 153591 761366 761983 566961
284726 396938 329735 365477 354955 315452 416309 312448 77381 425481 201678 557368 364791 443450 100912 326991 97105 314887 442349 392535 178539 566409 765118 734304 538083 145414 129055 488885 297772 190298 724942 357365 536669 588629 280561 255673 371419 357246 160221 636606 472841 999999999 298449 489163 301305 596220 449520 413371 488526 476824 543841 215942 247265 440140 372460 226214 613095 394166 379290 508128 50256 397073 566455 428029 160270 742324 35138 178222 254949 515243 281328 549159 205508 367680 320959 598506 506210 440962 439659 300993 254016 329679 127245 188733 653264 499133 454824 577780 441906 622857 362034 455882 420262 388949 347470 367240 351331 378784 359379 334478
459873 693551 508720 663385 376789 613812 558392 573768 258424 419610 141561 456540 78447 675323 198093 571039 203998 226642 506735 384470 464582 688163 941125 911795 713855 403442 425794 755190 534998 237646 934171 392936 832811 886845 111441 279349 615383 231546 419439 859585 728569 298449 999999999 458987 227535 854679 705307 573455 256572 748262 315597 464134 377846 559794 200226 295994 726712 515928 600472 597450 266643 669496 849171 480613 268349 945223 332897 289873 156965 449218 513723 620034 138685 463413 613491 889265 804608 689619 493644 64917 120253 32299 389912 290434 949925 453327 202586 750780 362464 728841 656224 697474 685101 630449 460493 488205 582956 494220 77950 578207
771317 776966 328045 699981 784398 673362 900296 781983 530444 843844 530867 912055 520600 923232 449557 806473 440975 234055 150512 96645 637659 1048913 1253631 1222809 1027243 631477 532426 939362 434078 307370 1206778 140729 900345 918265 555971 672559 484648 682091 644688 1114611 581712 489163 458987 999999999 659416 1049515 913762 316685 705155 637455 760975 700360 718754 248602 657800 664983 1094340 872018 432404 979074 510994 846919 981930 879435 329172 1225957 510510 311471 582087 896796 767220 1014078 531305 198236 620880 985690 840038 539098 132964 394952 549792 458542 613299 637202 918858 25170 646469 1066939 809834 1102154 660333 528693 575139 487818 224531 843657 443727 853918 425030 813700
291117 626335 613178 627075 152594 574609 356419 453452 224852 192380 132125 266445 221406 516064 247919 433729 259211 427599 672626 572719 395606 471240 735598 707630 516390 317415 415154 623401 597691 376264 745456 564100 755825 823098 116180 87135 672597 61529 329176 682463 773385 301305 227535 659416 999999999 708287 565348 692180 224209 773093 267637 350640 205195 701012 100598 126448 506567 309442 677449 375626 251098 552142 735927 256156 382610 752551 321982 408435 77465 239279 375418 394499 130746 611989 602835 791483 747813 742211 663495 287448 112109 248392 313351 151180 912071 658449 219446 550177 154230 506973 638636 757144 719465 690048 600097 284588 651045 287498 299851 439623
417269 309215 767383 401363 601875 400792 399760 285084 602835 637828 716439 805870 895782 194267 684182 283779 685151 909687 953062 957685 421134 423262 346729 326663 293196 458378 518251 110197 661435 780787 231675 908815 276836 344078 780528 621565 665074 762524 442173 149332 664743 596220 854679 1049515 708287 999999999 149522 835208 928434 606155 961617 392026 503226 900276 808567 585852 448606 444178 718957 487398 604033 203212 139838 552327 742678 259845 564439 751690 730085 740688 341906 526491 719910 875631 474334 213644 344238 675097 958963 879581 756075 886596 474786 575095 472188 1065308 927530 298137 735316 467936 454838 700888 615944 676681 848110 455029 687556 460001 928930 276720
276615 234086 648339 317562 470340 299760 289205 137101 453472 514613 567517 687151 747489 79622 535454 134950 536734 764057 826411 820165 278093 359724 391047 363361 239809 309566 381533 61953 548340 636397 307013 773600 275450 354505 632882 478238 565747 621507 293425 209872 587716 449520 705307 913762 565348 149522 999999999 722007 787770 537981 823975 242568 360397 782082 665936 440973 397116 326591 614960 396401 455243 78706 187513 436244 599729 331141 418734 610388 583011 622420 193668 441858 571029 747937 376931 260698 318870 589412 830737 730131 608038 737268 326292 427926 480256 928308 783683 263990 606292 416023 369397 615088 532753 579642 721049 331090 581796 338471 779425 128124
674682 532810 84472 443661 767869 434752 805582 611040 486182 837881 565592 957878 651275 755706 444331 648844 433043 389392 167867 277818 480177 953239 1101404 1071492 894300 513394 372095 729806 174167 336910 1028862 226764 634281 635872 626741 664450 187381 737765 520226 931862 268192 413371 573455 316685 692180 835208 722007 999999999 825441 328647 884917 566906 656458 75771 735285 638578 1000870 793350 129149 910219 458756 645455 739858 839870 315078 1052340 412295 290056 626402 922195 629706 954320 568141 134657 364653 725746 565393 227305 184196 527185 607742 590572 498569 601656 616265 341427 774988 932193 843275 1013433 394315 213891 271948 184566 122141 768813 153142 781103 582965 654788
511725 846077 756136 839417 337730 787068 556189 677657 420463 334142 287013 268644 185324 734792 405355 657352 415277 478882 763009 637668 612471 643519 918257 892691 713928 536039 614132 846561 766907 488625 945305 649205 977924 1043450 209703 310835 846151 166263 548982 891136 954906 488526 256572 705155 224209 928434 787770 825441 999999999 964391 59487 574097 427508 815555 125225 350653 669293 507327 839490 541205 441909 776343 960067 423905 512928 948945 516629 536788 236150 295716 599312 543353 283255 719496 806404 1015516 966399 919237 749597 314848 235083 248718 529654 373186 1127236 696192 59424 743534 233208 664491 845211 930423 905597 862519 715514 487111 818055 486656 280667 663093
623174 305433 312840 221685 786014 253663 731210 479341 549742 855650 677479 1012280 823672 599057 561522 526217 552573 637922 493945 578468 411950 857862 926903 900234 761949 483589 358309 519602 226407 531814 829250 521080 351861 329188 755069 711668 155627 831599 479829 734233 67872 476824 748262 637455 773093 606155 537981 328647 964391 999999999 1020388 498863 648581 404191 849238 673324 902904 739513 205062 850404 525382 461471 482187 821979 490557 856168 451859 476271 731766 960463 538438 899238 681197 440569 187589 444184 276796 101951 508662 725090 729313 774995 478708 636518 288676 661144 927313 793315 899737 919584 174037 120683 66682 149928 416418 723564 197199 735998 787509 529054
547371 893555 815445 890427 362924 837973 579943 718968 474029 347842 343025 251641 242936 767395 462958 695985 473053 536529 821628 695267 661335 655496 931199 906778 734774 583906 668134 883769 824993 548111 965567 707849 1023452 1090547 267097 351948 904011 206752 596202 916275 1012140 543841 315597 760975 267637 961617 823975 884917 59487 1020388 999999999 617993 465560 874896 174075 393047 677621 531164 898142 552928 496400 816976 999852 439898 572241 967555 571000 596173 289645 290587 638813 549804 339362 778766 859882 1057652 1014661 976881 808042 372910 291707 306557 578595 418672 1177333 751323 114942 762287 243248 671184 898000 988409 962232 920490 774932 513230 876374 511417 335952 701389
124387 282129 484205 304889 303752 256134 243651 109921 210967 368248 328966 536783 510568 227728 294270 112293 296370 529411 635686 604209 91997 387515 554337 523556 332886 70588 194812 291071 408418 406227 509119 564124 406047 475781 399169 266603 456780 411242 55954 420836 523825 215942 464134 700360 350640 392026 242568 566906 574097 498863 617993 999999999 165204 612399 449021 225069 435094 243041 489586 357956 214190 207774 391192 323980 374307 526897 190267 389377 352200 478216 67062 405764 332656 557441 311371 441973 404592 507415 636257 487565 373038 496273 88698 201241 574138 711906 560740 372102 433806 448561 333639 529740 464084 474120 533177 225134 455876 237680 537377 119808
86801 447000 572059 467364 139749 416964 187109 255301 189015 207447 237111 372266 402954 311874 270318 230438 278189 511051 687671 623168 238413 331477 565980 536135 336885 165285 305451 419074 520424 411410 556828 595843 566939 638875 285742 118339 582431 261286 168966 485769 664830 247265 377846 718754 205195 503226 360397 656458 427508 648581 465560 165204 999999999 687059 305692 84991 376031 153525 604201 262491 211394 352065 534342 184388 394785 567424 244165 417075 233466 315215 173509 302118 239634 614295 463878 593736 569364 642293 683812 419988 264562 407291 172530 89668 739302 724877 424305 374620 268743 383420 491399 662135 606172 600348 594621 124977 572510 135187 455747 235927
713551 601528 133745 513889 789649 501473 845733 665653 507995 858170 570804 967420 635807 811107 454611 701032 443436 357302 98108 225105 529501 994968 1155837 1125606 943570 554110 418989 793419 239890 330712 1087999 182635 707054 710626 625017 682427 262298 742005 562631 991478 342901 440140 559794 248602 701012 900276 782082 75771 815555 404191 874896 612399 687059 999999999 734276 660351 1042477 829761 204419 945667 481504 706847 809331 867943 318417 1110751 444789 292590 631003 936163 677173 988134 572922 96868 434065 797926 639110 302622 116058 507751 608591 573237 538095 624767 692004 273711 762367 982116 854405 1054099 465864 288226 347690 260154 101481 804052 226362 816038 559259 707329
391303 721158 660957 716402 233906 663959 448610 553233 300826 250820 175106 256494 160544 615934 298519 534247 309271 424059 693189 579209 488000 551902 822152 795100 608410 411149 494966 723981 660193 403575 838990 580617 852712 918461 109260 187732 737988 51354 423928 779213 843757 372460 200226 657800 100598 808567 665936 735285 125225 849238 174075 449021 305692 734276 999999999 226464 583180 400423 736289 452102 324047 652095 836037 331386 420242 844746 398314 445479 117566 254447 475841 463245 171815 640721 686248 890662 841754 809877 681793 265141 127873 208791 405186 247993 1003558 653007 120508 640575 170647 581209 724080 822710 792392 754890 632866 377489 712570 378867 256082 540175
171437 503768 555461 511202 129463 459119 262866 327005 152689 199375 157610 339588 318097 395891 217292 308166 227053 447008 649498 571388 277888 398797 645257 615844 417980 199055 317130 498159 519777 360748 640709 550305 630983 699588 200898 41895 588900 186327 208845 570684 681318 226214 295994 664983 126448 585852 440973 638578 350653 673324 393047 225069 84991 660351 226464 999999999 440577 222352 602715 317218 179875 425730 609596 214922 352090 650626 235411 376469 148548 291884 249545 349504 159637 580172 495160 665123 625895 654212 643600 341926 180365 324577 198516 38141 792462 668799 342790 454786 226420 445416 527796 671769 624649 606779 563324 193952 573178 201252 373917 314254
