NAME : synthetic_000953
TYPE : CTSP-D
DIMENSION : 100
GROUPS : 8
RELAXATION_LEVEL : 1
EDGE_WEIGHT_TYPE : EXPLICIT
EDGE_WEIGHT_FORMAT : FULL_MATRIX
EDGE_WEIGHT_SECTION
999999999 736791 472965 654226 254713 189210 755476 270094 337702 275932 856153 257726 472990 816753 487797 540268 758750 540247 464588 549388 595939 258474 936729 764231 872748 1041303 242286 700783 718325 283274 813686 368870 621873 100635 587113 869903 264540 314005 792033 584002 810470 541874 929664 645368 459077 331522 677556 211453 427985 223111 988013 598325 809829 770854 703459 615005 264716 140582 1152692 529334 835980 371956 1151760 740141 1160244 591295 373331 227805 195939 831554 542346 648926 136438 71754 347524 526850 293011 553808 1035840 592017 501144 455567 616346 107306 717338 1176077 1008568 870432 228754 416118 788690 367590 310604 801982 220253 439138 403344 582503 434079 131773
736791 999999999 674002 277112 645983 776487 887509 579482 626948 460859 193485 566834 531835 420136 267293 642347 731734 626678 830880 740371 259154 580546 579119 754938 271864 464517 626261 740412 319412 454705 687408 572585 142801 819155 251059 191009 615175 588044 715993 389404 430346 479573 391146 363434 433950 470809 355277 756949 344881 558982 291214 169328 884612 58948 697901 383788 561375 851358 531087 253745 693863 587619 543787 16372 555591 387935 535182 529355 829419 801248 311716 720644 659898 687092 541568 266379 532725 209167 384294 357691 792206 509081 223175 782372 565997 564284 495047 322701 720839 782189 338576 806880 430104 779112 679853 744299 583688 249414 524814 622023
472965 674002 999999999 775553 647621 327226 299684 231923 140403 428162 679940 591079 142519 489406 569450 82461 290185 91934 170173 89017 420319 243827 547142 292987 645824 746019 623016 228277 452429 448779 360986 143653 532152 465024 693977 861709 636402 181642 329405 783299 974876 211701 641023 819414 696489 584363 394571 292552 574717 306869 802282 506711 343472 730380 236970 806283 252041 464915 866907 624251 384224 129911 856073 686631 860764 788698 173100 343253 372558 359463 362750 176277 544034 405920 664027 633980 247567 473888 796682 770879 118651 743320 456728 409066 302405 879185 682095 609784 256440 141785 910629 201494 470353 330311 637124 88608 110353 425994 733838 491390
654226 277112 775553 999999999 478165 758977 1041097 603583 681846 411168 470263 418396 648102 670042 207913 772301 916702 758812 902113 857802 439785 598866 833938 937262 548016 741625 467182 906505 553542 394252 895684 642489 322590 751765 81871 268340 448909 633516 913296 126128 200356 628242 665272 86454 223242 326480 570278 751047 233473 551540 553416 332624 1054796 254257 872407 111145 580116 790023 804156 152503 907032 658469 818364 264623 830333 122117 606899 509739 802099 993960 461830 874142 539284 628561 355452 145377 562217 337630 656266 95785 883779 281184 415111 732091 766317 838046 769631 595024 726087 846196 141016 848902 363273 967740 520830 823087 667885 420006 303343 523041
254713 645983 647621 478165 999999999 433221 946340 415900 508267 263567 807697 83849 594334 857008 379201 695559 906909 690262 686774 734234 599168 403854 1003122 918045 849685 1039699 26543 861535 740196 251309 938776 512820 571178 349935 432318 731401 30915 466526 929579 377919 596712 637844 934548 443321 256472 175246 716390 446936 301108 341697 929551 555279 990399 662314 851339 408468 397210 389210 1137177 397498 958714 522810 1142248 643717 1152471 385075 498641 310702 449344 985906 565053 812520 121329 280423 123794 388139 409397 518342 1002366 395484 707931 223494 605259 361072 822116 1165717 1028460 866283 449235 632271 595343 597028 255304 955715 45087 640984 550763 579646 199170 160487
189210 776487 327226 758977 433221 999999999 584387 206521 218631 348172 857255 414729 376777 753770 565084 405518 616834 410072 280897 389283 580314 201645 848056 617982 854080 998820 416135 551928 676293 364727 686579 271204 643078 142551 682615 936310 436698 223501 656602 713355 936242 458382 887182 768631 595188 462743 625918 34821 525595 218711 989938 616660 644049 820913 564165 742977 219259 137720 1116612 615890 709710 266195 1111275 783607 1118209 720328 293737 254413 56294 682717 518802 500266 311947 154327 505310 618012 250839 572279 1017220 714480 326500 609407 609137 91457 610750 1135467 951441 837785 76011 238108 899236 181991 395704 654493 404193 271696 294295 573142 590940 281852
755476 887509 299684 1041097 946340 584387 999999999 531342 438073 724960 834209 890762 396577 568132 842392 272252 189964 284178 313388 212107 630598 543084 534630 167230 772543 800672 922029 150232 596380 745258 286700 441091 756463 726828 961666 1078218 935809 481271 235077 1065446 1241312 416036 719782 1094888 987978 881208 544753 553094 859750 606431 933206 735092 71338 946421 198054 1085908 551721 716127 913844 894919 301751 428511 895389 902452 896022 1070263 465516 642837 614909 180878 588603 168385 839719 693500 962870 906582 546267 713457 890781 1049692 257934 1038947 665379 674731 348131 914668 717091 718208 527547 346667 1168507 409104 764887 173316 934024 316420 404830 644202 1030660 788627
270094 579482 231923 603583 415900 206521 531342 999999999 95022 210766 651022 360002 202952 559286 397756 283060 499737 279877 306117 319457 373806 12497 669540 508298 648040 797755 391151 448742 473541 231584 546650 101812 441988 300215 522742 748902 404503 50720 528657 585591 795187 273595 685693 631103 484470 362681 425732 181141 379551 75208 783581 415185 574525 627445 443838 611975 24188 317754 914162 452434 568526 108799 909977 587968 917376 591788 103488 114780 262604 576382 312321 398541 316038 198360 436298 458249 46758 371770 811462 578864 306172 522492 402959 246991 447260 934268 755383 633697 142149 248621 744153 245334 258180 546266 407083 239017 138951 366948 510594 261590
337702 626948 140403 681846 508267 218631 438073 95022 999999999 302768 672698 454643 158760 538757 474076 202566 421079 202944 220352 225967 395939 106005 629456 427048 656911 788289 484002 364633 470737 323678 478762 59385 485093 343455 600164 805453 498104 49726 454792 672923 877069 241755 677741 715397 576042 456605 417072 185066 464844 169956 802731 458178 483832 678932 365757 698257 117627 350904 907601 529440 501466 49496 900649 637237 906992 678875 93558 209592 272202 494688 333072 313208 403631 268591 531295 536835 123059 418062 817268 664228 212471 616458 429358 287017 393765 924643 736592 633434 142623 164462 821128 179937 348715 464917 496865 146176 75683 394251 605038 351170
275932 460859 428162 411168 263567 348172 724960 210766 302768 999999999 587802 185840 345038 597187 219872 458703 658882 450487 516589 517146 346882 202561 740191 672520 614174 795172 237132 621258 483851 20910 681613 284635 349925 361290 334463 599730 241074 253495 676671 377672 593812 378146 686382 427188 273718 156310 455627 340002 178415 145292 717886 328003 759539 495746 604475 405274 186722 395894 899989 268478 700681 298315 902095 464296 911546 384143 259899 101585 393284 739282 305646 575603 217835 230019 240770 269974 181664 284871 774319 373741 515233 315258 359553 330722 561430 926119 775475 621342 316848 459015 551809 448950 49191 709360 275799 448733 320179 329464 305823 168922
856153 193485 679940 470263 807697 857255 834209 651022 672698 587802 999999999 725150 541914 290687 433099 627442 657267 611442 848423 727683 278169 655624 428571 681669 90212 271827 785513 684060 239161 587358 590867 613666 239282 926198 441935 312149 777615 644528 629651 582263 610239 468664 210950 556680 617534 634134 294689 831884 511453 651954 133036 259841 816159 224166 636388 577250 638374 953508 340326 433606 591353 626211 351504 205657 363139 581008 579791 632542 913005 714802 340914 677632 801638 797016 713993 447884 606484 303210 196750 550690 796722 694032 248118 881883 488667 372682 310938 153129 791369 808267 517129 847012 568764 698032 836780 762121 612750 284114 707789 756369
257726 566834 591079 418396 83849 414729 890762 360002 454643 185840 725150 999999999 525608 774642 299542 632667 839640 626131 647669 679247 515790 348666 922340 852018 766068 955857 60367 797801 657153 171442 866443 451662 487963 358232 364244 662031 56585 409590 859782 331906 557216 563576 850732 395635 206147 97874 634495 422185 222725 284803 848098 471707 931082 586027 784536 363086 339065 398240 1053604 322574 885811 463076 1058534 565341 1068730 339233 433517 248254 440789 919457 482959 750096 126052 261189 91152 314666 346436 434529 919354 344141 661435 198310 521482 356117 747174 1082032 944859 782434 416673 591384 544419 563713 172544 889351 113020 593878 489212 496119 177787 133596
472990 531835 142519 648102 594334 376777 396577 202952 158760 345038 541914 525608 999999999 381126 446433 124747 314183 112426 307056 212763 277948 214785 472636 327483 514291 633198 568160 277890 322777 363768 347450 107590 390420 494913 567585 720201 577254 161515 335280 668912 848414 84162 523890 698874 595267 497751 266439 343619 464079 262990 667205 365330 420972 588530 259478 689364 211346 506140 753286 499662 368601 110612 745231 544656 751168 673699 100801 285089 430861 394362 220324 235479 508525 401284 585631 510858 189362 334303 670476 653184 261137 651048 314299 439226 244362 769049 578771 484349 300909 266783 779631 311135 378588 364383 593542 220353 83650 283494 645314 452037
816753 420136 489406 670042 857008 753770 568132 559286 538757 597187 290687 774642 381126 999999999 543905 416702 381718 402527 656380 508565 264231 568565 164247 406020 212592 256692 831162 421959 122962 606693 304344 482909 351178 859385 613053 587973 831222 531061 347343 753642 846357 297186 156266 750111 742219 705133 141913 721839 607847 593665 368560 348660 539743 472732 372554 759490 557270 876354 377561 572824 302571 489502 366862 436411 371928 754975 461109 594103 809060 430428 292044 428892 809180 747099 797698 588518 526362 365323 324511 725856 592477 816713 271294 806169 222648 390190 197850 152344 678837 630655 756441 684971 602098 416856 872824 577993 464647 285787 822536 754479
487797 267293 569450 207913 379201 565084 842392 397756 474076 219872 433099 299542 446433 543905 999999999 571177 731245 558450 694272 653162 284040 393805 705587 750203 485333 681563 359056 713563 420975 207263 723235 434779 207121 578612 126114 382151 348506 425970 734047 228474 405644 436900 584634 252503 199004 203968 419736 553551 78704 350816 551223 199759 861125 289419 683368 245239 374715 614380 769549 55410 737412 450734 777372 266090 788279 232207 399486 311258 612163 810665 284689 677581 396826 448742 280920 64627 355293 178811 629584 208730 676267 274924 272613 550389 593299 800017 685628 513242 525394 638491 347194 642926 177916 782965 412562 615227 460923 262088 283775 364290
540268 642347 82461 772301 695559 405518 272252 283060 202566 458703 627442 632667 124747 416702 571177 999999999 218579 16061 240132 100444 383655 295532 465796 225546 585573 673150 670065 166058 392961 478436 281062 182925 503887 540454 692022 832691 681453 232916 253092 793264 972652 163720 570824 823621 716839 614035 335163 370702 587565 354663 744815 480127 300957 700291 163192 813968 299228 542760 793878 624325 304203 174267 781933 656088 786128 798123 199587 385462 452724 293554 332363 117439 599089 470918 698975 635587 286638 452829 731003 777827 176147 769994 420087 484078 220967 804694 606026 544845 332564 221038 902753 283194 496081 263524 689412 167207 144969 393133 762917 544342
758750 731734 290185 916702 906909 616834 189964 499737 421079 658882 657267 839640 314183 381718 731245 218579 999999999 219995 395359 237421 484496 512234 347318 24458 590141 610709 880946 72154 424308 677263 101360 398232 611124 755204 841291 919811 890768 450294 50974 959508 1114159 295349 531087 979809 899626 809922 378250 582314 763497 569080 749375 593165 159052 790415 55910 976133 514249 754541 724213 779533 120667 391260 706097 747439 706998 963411 408391 596340 660037 80799 454879 118926 815040 689498 899082 792902 498088 579848 702261 939624 324487 959912 516158 699198 169293 725698 527401 533330 546620 402433 1034853 470112 690472 51818 903578 353894 360788 501549 955803 759554
540247 626678 91934 758812 690262 410072 284178 279877 202944 450487 611442 626131 112426 402527 558450 16061 219995 999999999 253903 116503 367888 292374 455208 228614 569903 659111 664610 171672 377174 470007 277184 178709 488473 543407 678735 817102 675555 230301 251868 781339 959166 147800 556247 810947 706462 605315 319340 375260 576263 350253 729013 464839 310162 684681 164161 801732 295049 546864 779900 611336 300169 171279 768209 640470 772529 786122 192617 379730 458333 296704 317005 125191 595586 470346 691068 622765 280906 437973 715848 765524 191026 760563 404295 486939 210485 791061 592791 529557 336286 232580 888723 293424 486936 266542 685108 178815 141003 377547 753896 540441
464588 830880 170173 902113 686774 280897 313388 306117 220352 516589 848423 647669 307056 656380 694272 240132 395359 253903 999999999 162408 583322 314033 699712 388253 815930 913003 665441 323447 622564 537306 486007 263533 688097 420796 820382 1014977 683000 269293 443593 891305 1097359 381354 809525 935180 790026 665421 564729 253681 684097 374242 971925 661780 379150 885536 353571 917247 330292 406145 1033801 749661 508637 247617 1022039 842534 1026260 897412 300983 417567 304329 443883 523240 278941 569926 412352 731584 757170 342096 625186 966619 883613 71448 824336 619237 372332 456779 1044823 846040 779762 239387 57593 1041152 99196 564287 419766 665606 87091 247357 586733 810617 526532
549388 740371 89017 857802 734234 389283 212107 319457 225967 517146 727683 679247 212763 508565 653162 100444 237421 116503 162408 999999999 482425 331109 539319 233771 684297 763493 709932 167273 492338 537743 324334 232557 600632 530941 776604 930160 723807 269666 283745 869784 1057735 263523 664158 904336 784852 673367 434731 355805 661607 394625 844125 576237 260743 797943 192165 892201 340224 525802 883667 707501 347161 218927 870385 753816 873901 875054 260780 431796 428023 295415 429175 118777 628269 484949 752898 717787 336553 546721 827056 856556 91238 832260 518952 476417 298975 892612 692375 641748 324941 165126 991107 232877 559092 268444 722250 118845 198295 490956 822848 576724
595939 259154 420319 439785 599168 580314 630598 373806 395939 346882 278169 515790 277948 264231 284040 383655 484496 367888 583322 482425 999999999 379016 422886 506554 277966 449102 573920 485627 142670 353038 456170 337428 126933 657324 370814 450032 572131 366414 476146 504212 633006 220478 339574 511307 480239 441970 135912 554218 344227 381391 410116 109064 632110 317583 445618 514580 362407 682101 557328 319753 467250 350704 557623 273361 566634 506563 302569 368269 636317 558902 62940 462868 564238 531903 534005 335010 330181 106772 441839 479111 538969 553726 36563 610147 327430 581834 429725 275932 513409 538784 551199 572673 344121 534212 618705 496234 340192 21980 558801 512657
258474 580546 243827 598866 403854 201645 543084 12497 106005 202561 655624 348666 214785 568565 393805 295532 512234 292374 314033 331109 379016 999999999 680276 520789 654201 805740 379190 461183 481285 223275 558940 114272 444037 290827 518311 748262 392724 63014 541100 578553 789481 284437 693629 624883 476062 353204 434175 177783 373345 63962 788348 417334 586640 627790 456334 605224 19543 309397 921768 448210 580783 121279 917870 588731 925372 584818 114869 104842 257418 588871 318003 410939 303578 186720 425714 453645 49236 373565 817798 572395 316088 512915 407506 238240 459002 942177 764303 640894 140297 256455 739609 250276 250484 558758 394746 248745 151447 371517 500687 249206
936729 579119 547142 833938 1003122 848056 534630 669540 629456 740191 428571 922340 472636 164247 705587 465796 347318 455208 699712 539319 422886 680276 999999999 368255 340343 279580 976865 408521 285477 751819 247937 580115 515381 966936 777277 737401 978790 633126 299656 917645 1007877 395970 235003 914309 902984 858596 290707 814211 766983 715579 472892 512294 488205 629170 362975 923710 672249 978773 383495 736196 233944 582851 363123 595190 362799 919049 566567 723096 900876 365919 441283 434548 945142 865390 951929 751854 643813 526780 393771 890002 629919 976601 433524 911571 244836 381246 190495 275843 772048 686689 917140 748629 750593 363700 1015345 632893 553865 444803 981351 889081
764231 754938 292987 937262 918045 617982 167230 508298 427048 672520 681669 852018 327483 406020 750203 225546 24458 228614 388253 233771 506554 520789 368255 999999999 614590 633681 892223 66591 448428 691191 120720 407322 633325 757487 861372 943299 902538 458369 68942 978246 1135133 313561 554989 999506 916394 824593 401940 583676 780896 578807 773778 615020 134599 813671 68350 995287 523656 755532 746614 799019 138114 399535 728218 770593 728939 982249 419446 607342 659771 68094 475579 117726 824167 695630 913069 812231 508736 600858 726178 958768 318136 975736 538574 701763 193521 747606 549863 557707 549050 398754 1056377 466521 705198 37980 913627 351819 369572 523304 971152 769054
872748 271864 645824 548016 849685 854080 772543 648040 656911 614174 90212 766068 514291 212592 485333 585573 590141 569903 815930 684297 277966 654201 340343 614590 999999999 197759 826179 623478 193431 616710 516748 597554 280115 935261 511794 402361 820444 634604 558571 654389 696690 434972 121672 633914 677871 679702 251382 826307 561702 659331 161448 294421 749055 309719 574699 652010 638397 959663 287586 494263 515134 608523 292983 285823 303556 653767 566556 645539 910335 642468 336560 622564 831484 809613 764437 509332 606003 332611 163938 623379 759413 754863 256636 887695 424451 316198 223948 64711 784439 780304 603713 824734 601831 627827 875335 731375 591117 290273 766662 782771
1041303 464517 746019 741625 1039699 998820 800672 797755 788289 795172 271827 955857 633198 256692 681563 673150 610709 659111 913003 763493 449102 805740 279580 633681 197759 999999999 1015492 662287 324708 799971 517540 730671 474980 1094571 708833 565895 1011090 775362 567577 850943 878499 549094 112154 827945 875356 872481 372904 968219 756987 821267 239155 486751 760892 495055 613454 847485 792181 1115099 120887 691931 507292 738793 112473 477246 119632 850099 705177 813811 1054803 641045 499091 676720 1012913 974660 959060 707039 760103 521467 130933 819708 848617 952358 436306 1043669 469630 136649 89712 173970 925323 887093 785502 940440 787925 635214 1063022 834580 715904 465747 963831 961736
242286 626261 623016 467182 26543 416135 922029 391151 484002 237132 785513 60367 568160 831162 359056 670065 880946 664610 665441 709932 573920 379190 976865 892223 826179 1015492 999999999 835984 714681 225105 912375 487449 548286 339858 417875 716698 22743 441697 903371 371676 593366 611330 909930 436733 247932 155788 690406 428377 281603 316662 908299 531877 965503 644220 825417 402572 372110 379565 1113741 379902 932281 497639 1118524 624456 1128676 378923 472783 284924 434893 960046 539155 787128 106250 262331 117685 371220 383706 494363 979701 387422 685130 222806 580558 347218 795591 1142059 1003397 841929 428905 610509 587922 576834 229853 929861 54725 618008 525369 554547 199248 139002
700783 740412 228277 906505 861535 551928 150232 448742 364633 621258 684060 797801 277890 421959 713563 166058 72154 171672 323447 167273 485627 461183 408521 66591 623478 662287 835984 999999999 446151 640504 169375 348983 612306 691862 828745 930669 847136 398339 121996 940190 1105877 278291 575854 964975 872247 775242 394803 517719 738956 520713 784500 592066 148302 799360 49419 958690 465257 689383 778455 764190 190415 340056 761647 755598 763307 944535 364284 551216 593317 131259 447829 52020 764740 632855 862005 776755 452367 573557 746101 922214 252790 928922 519585 636305 199892 782096 581997 570372 483616 332345 1030024 400110 656295 102571 855411 285228 311024 500472 923146 710225
718325 319412 452429 553542 740196 676293 596380 473541 470737 483851 239161 657153 322777 122962 420975 392961 424308 377174 622564 492338 142670 481285 285477 448428 193431 324708 714681 446151 999999999 491753 369846 411873 231741 769871 493244 500685 713629 453457 402224 632599 735870 242010 212556 631665 619260 584622 57984 646577 485159 497121 351858 226998 582017 376035 399227 639515 467518 790539 440661 450723 375091 421572 436640 335731 444306 634162 383717 491724 732486 488058 179185 438480 699196 650808 676657 466378 435409 242361 347801 605367 566120 693820 148394 719031 255099 460961 292522 162697 603939 587685 648031 633887 484892 468337 758163 538269 401880 163797 699836 645855
283274 454705 448779 394252 251309 364727 745258 231584 323678 20910 587358 171442 363768 606693 207263 478436 677263 470007 537306 537743 353038 223275 751819 691191 616710 799971 225105 640504 491753 999999999 698350 305198 348540 371635 318621 588699 227449 274402 694300 357772 575022 394516 691965 408099 252886 135955 465572 357710 160907 165328 716478 327631 779349 487594 623058 385629 207564 407140 903300 253968 717173 318975 906022 457446 915647 364303 279981 121494 408606 757767 314683 595172 214963 241485 221878 254587 202500 285486 775725 354472 536143 294562 363736 343459 577145 929951 782506 626012 335656 479724 534582 469027 30984 727902 266449 469636 340558 334860 285416 169493
813686 687408 360986 895684 938776 686579 286700 546650 478762 681613 590867 866443 347450 304344 723235 281062 101360 277184 486007 324334 456170 558940 247937 120720 516748 517540 912375 169375 369846 698350 999999999 445499 579075 820566 824415 870530 919940 500013 51820 951009 1088827 304034 445356 964704 903546 825892 333300 651762 764922 610283 672164 564670 243380 744955 132447 964784 557642 823752 628381 767439 23254 441732 609327 703572 609683 954237 447629 631867 733381 126655 439157 207367 855966 742743 917769 781766 536802 558889 616005 928571 414564 968667 483572 764086 130103 628280 432060 456392 613340 486403 1005369 553169 707407 117682 940109 435072 410348 475680 967134 799438
368870 572585 143653 642489 512820 271204 441091 101812 59385 284635 613666 451662 107590 482909 434779 182925 398232 178709 263533 232557 337428 114272 580115 407322 597554 730671 487449 348983 411873 305198 445499 999999999 430142 387353 560619 753587 499301 54951 426855 642741 840074 187257 619775 681428 553215 440910 358724 238940 433856 171751 743485 403361 479420 625642 342321 666628 116388 398764 849640 490115 467562 16037 843102 583381 849625 648346 37693 203545 326200 475413 274688 299699 416909 297549 521801 498699 105436 364529 758067 631699 241669 599703 371268 331637 350293 867162 680714 574543 195947 211113 780194 236012 326750 445250 506569 181017 37964 336455 590418 361742
621873 142801 532152 322590 571178 643078 756463 441988 485093 349925 239282 487963 390420 351178 207121 503887 611124 488473 688097 600632 126933 444037 515381 633325 280115 474980 548286 612306 231741 348540 579075 430142 999999999 697294 261909 329806 541549 447420 601409 402804 510382 343037 377650 399924 404091 399827 248755 621592 282024 428641 368030 26986 758997 198236 572547 408334 425259 727125 566725 225217 588787 445071 573051 154654 583669 403964 392855 403548 697246 684844 171569 588368 562446 566162 484445 240926 395400 70844 431499 374717 650086 480799 95655 656549 451806 596128 479254 306156 584044 639437 426333 665001 329487 660562 598730 601559 440887 112285 490662 517875
100635 819155 465024 751765 349935 142551 726828 300215 343455 361290 926198 358232 494913 859385 578612 540454 755204 543407 420796 530941 657324 290827 966936 757487 935261 1094571 339858 691862 769871 371635 820566 387353 697294 999999999 682736 960333 362418 333819 793211 684231 910705 571610 982424 745216 559516 431163 724398 175183 522898 275933 1059012 672503 786577 856486 701582 715183 302886 40026 1209172 622722 843497 386239 1206316 823669 1214142 691513 401171 294140 121391 822982 599750 639971 235363 132070 447669 621225 334665 627502 1099161 691687 468901 555794 681301 56507 736325 1230656 1054999 927142 208584 380316 887403 321621 400708 794390 311933 413965 416747 646205 534053 231459
587113 251059 693977 81871 432318 682615 961666 522742 600164 334463 441935 364244 567585 613053 126114 692022 841291 678735 820382 776604 370814 518311 777277 861372 511794 708833 417875 828745 493244 318621 824415 560619 261909 682736 999999999 299083 401878 551957 839862 143358 281131 550520 624152 140524 190990 267880 504442 673378 160004 472457 540462 267357 976930 246036 795812 146438 499424 720234 781538 70724 836716 576598 793416 242308 805072 143550 525055 431307 727227 919346 387203 795256 479390 556741 314443 64988 480928 265681 635216 113584 801929 262232 349513 659988 694517 814379 728271 552622 647230 764557 221446 768068 287723 892616 472507 741224 586116 350100 280446 457510
869903 191009 861709 268340 731401 936310 1078218 748902 805453 599730 312149 662031 720201 587973 382151 832691 919811 817102 1014977 930160 450032 748262 737401 943299 402361 565895 716698 930669 500685 588699 870530 753587 329806 960333 299083 999999999 700942 763546 901766 393541 326309 670308 522414 341144 484800 564663 541798 920384 446361 717760 338748 355000 1074031 132470 887552 373879 728748 995550 597306 343256 875330 769065 616761 176704 629025 388839 715909 682863 986529 987423 500999 911567 772796 829685 612753 348730 702561 389797 453601 364014 979332 548342 414160 930075 752533 632406 619266 464360 887273 964518 238206 984591 559907 966257 771385 929070 767720 439559 569651 744876
264540 615175 636402 448909 30915 436698 935809 404503 498104 241074 777615 56585 577254 831222 348506 681453 890768 675555 683000 723807 572131 392724 978790 902538 820444 1011090 22743 847136 713629 227449 919940 499301 541549 362418 401878 700942 999999999 454816 912126 351082 571870 617795 906440 416306 228228 144539 691071 448145 270319 329576 899079 526026 978173 631400 835410 381861 384767 402161 1107847 366590 939562 509962 1113157 612853 1123442 358298 483230 295993 456482 970213 539541 798725 128249 282587 96597 357271 394819 489628 972522 367605 701145 200511 577354 369041 801740 1136565 1000981 837865 447476 627689 567889 595395 229124 940054 72016 633848 537124 552357 176803 157502
314005 588044 181642 633516 466526 223501 481271 50720 49726 253495 644528 409590 161515 531061 425970 232916 450294 230301 269293 269666 366414 63014 633126 458369 634604 775362 441697 398339 453457 274402 500013 54951 447420 333819 551957 763546 454816 999999999 480354 623246 828107 238324 663806 666022 526518 407969 402480 193130 415277 125245 775962 420434 523874 638648 394443 648660 70572 346812 893371 481256 522173 59070 887826 597685 894723 629214 70242 162463 279441 526422 303615 347977 366411 242789 484224 488332 73342 378889 796768 614714 261841 567770 398197 278525 405047 912005 728477 615501 150508 212801 773155 221434 299129 496348 457760 195838 90072 362476 556764 312207
792033 715993 329405 913296 929579 656602 235077 528657 454792 676671 629651 859782 335280 347343 734047 253092 50974 251868 443593 283745 476146 541100 299656 68942 558571 567577 903371 121996 402224 694300 51820 426855 601409 793211 839862 901766 912126 480354 999999999 962485 1108793 303897 492433 979489 908697 824758 360726 621892 771077 595512 715901 585205 194365 774192 93105 977702 541542 794253 679328 780394 69809 421388 660537 731969 661036 966055 433182 620135 701447 85839 452725 165080 841876 721887 915391 794273 523071 575666 663483 941290 372388 971455 505798 736920 150237 679662 482781 499679 584902 447985 1027271 515402 705517 69578 928463 398129 390289 494535 968604 785806
584002 389404 783299 126128 377919 713355 1065446 585591 672923 377672 582263 331906 668912 753642 228474 793264 959508 781339 891305 869784 504212 578553 917645 978246 654389 850943 371676 940190 632599 357772 951009 642741 402804 684231 143358 393541 351082 623246 962485 999999999 226475 664734 767442 65489 125791 254013 639661 710996 208888 522961 673900 405628 1087142 374860 911147 31182 561414 723790 920347 184647 964733 658160 933182 378910 944969 7329 610366 479201 750409 1039059 511906 902636 457663 570658 254530 169730 549925 397488 773113 31949 882907 163621 486390 672906 820951 953662 871598 695951 692233 833983 217991 826602 328729 1011259 422466 818487 673065 482735 187604 452846
810470 430346 974876 200356 596712 936242 1241312 795187 877069 593812 610239 557216 848414 846357 405644 972652 1114159 959166 1097359 1057735 633006 789481 1007877 1135133 696690 878499 593366 1105877 735870 575022 1088827 840074 510382 910705 281131 326309 571870 828107 1108793 226475 999999999 827771 818025 167617 351743 480171 758935 931975 416649 738020 661951 524194 1254176 386972 1070937 195553 771300 950251 920800 350639 1099029 855976 939037 414773 951295 219192 805062 694914 975017 1190552 659624 1074166 683230 796110 475710 341408 755751 534314 774829 221791 1081703 373928 605461 898754 960435 955800 920456 751668 910619 1040846 93118 1039622 544686 1164867 641764 1019979 866565 614267 398613 679305
541874 479573 211701 628242 637844 458382 416036 273595 241755 378146 468664 563576 84162 297186 436900 163720 295349 147800 381354 263523 220478 284437 395970 313561 434972 549094 611330 278291 242010 394516 304034 187257 343037 571610 550520 670308 617795 238324 303897 664734 827771 999999999 440034 687304 605268 522148 184687 425781 468400 323426 590628 320410 426563 537838 246472 682111 277167 585096 669266 486538 322658 192730 661088 493604 667008 668787 170658 337221 513096 375602 172914 247729 562845 470277 613779 499418 250116 297422 588789 645593 328071 667559 256758 516693 184402 684895 494951 402160 382867 345705 753019 393581 403432 347167 642197 296405 167483 231189 664876 506030
929664 391146 641023 665272 934548 887182 719782 685693 677741 686382 210950 850732 523890 156266 584634 570824 531087 556247 809525 664158 339574 693629 235003 554989 121672 112154 909930 575854 212556 691965 445356 619775 377650 982424 624152 522414 906440 663806 492433 767442 818025 440034 999999999 750545 781468 769980 261367 856795 657970 709279 237939 386342 686702 431092 526464 766932 680031 1002971 229871 600110 439099 628260 224293 405651 231771 767279 593680 702353 943230 571768 387767 584766 903810 862767 858393 615581 647950 417908 171193 736986 746930 858299 329397 931525 377821 248576 104401 71866 813950 781204 725118 832839 681181 561747 956424 729305 606049 357118 868303 851998
645368 363434 819414 86454 443321 768631 1094888 631103 715397 427188 556680 395635 698874 750111 252503 823621 979809 810947 935180 904336 511307 624883 914309 999506 633914 827945 436733 964975 631665 408099 964704 681428 399924 745216 140524 341144 416306 666022 979489 65489 167617 687304 750545 999999999 189692 314078 644596 764563 251561 571936 638766 407049 1112850 340065 933388 36337 607058 784553 890389 200794 977149 697145 904732 351058 916713 58470 647567 528576 807523 1058332 526778 929815 520977 628970 319817 188422 593085 406150 742454 54188 922865 228176 489460 731848 834736 924339 854941 679972 743749 878249 152559 874547 378002 1031295 487803 859764 709850 490624 252431 513786
459077 433950 696489 223242 256472 595188 987978 484470 576042 273718 617534 206147 595267 742219 199004 716839 899626 706462 790026 784852 480239 476062 902984 916394 677871 875356 247932 872247 619260 252886 903546 553215 404091 559516 190990 484800 228228 526518 908697 125791 351743 605268 781468 189692 999999999 132481 614819 595302 139142 416561 725163 398500 1016208 435813 848220 156973 460440 599223 957502 184131 919507 567829 967187 427463 978450 133120 524212 372842 629693 980273 472362 830713 331874 448958 132860 169652 453771 376908 813782 139490 788344 77003 471107 550187 775151 989159 883344 709766 579790 732434 340042 719032 227451 951333 300175 722171 586556 458279 90865 328494
331522 470809 584363 326480 175246 462743 881208 362681 456605 156310 634134 97874 497751 705133 203968 614035 809922 605315 665421 673367 441970 353204 858596 824593 679702 872481 155788 775242 584622 135955 825892 440910 399827 431163 267880 564663 144539 407969 824758 254013 480171 522148 769980 314078 132481 999999999 568126 463355 125946 291278 754709 385878 914991 488533 756305 284680 339210 470475 966548 224718 843822 454470 972682 468767 983182 261223 415909 248452 497438 890628 417435 730505 212908 317002 93653 216841 337308 352079 829647 260538 668768 159856 442995 418928 701548 995865 866916 700283 449169 607931 457804 590626 119452 860939 210024 601698 476472 421150 149515 199802
677556 355277 394571 570278 716390 625918 544753 425732 417072 455627 294689 634495 266439 141913 419736 335163 378250 319340 564729 434731 135912 434175 290707 401940 251382 372904 690406 394803 57984 465572 333300 358724 248755 724398 504442 541798 691071 402480 360726 639661 758935 184687 261367 644596 614819 568126 999999999 595431 477547 454854 409680 237862 534073 413486 349094 649272 421513 743462 491109 455416 341443 367677 485357 371280 492346 641865 332325 453297 681920 446079 151603 384205 667277 608679 661345 470745 389882 242553 404218 614085 508137 687387 155290 672414 210883 509552 331285 217911 552582 530367 673656 577514 462084 424477 731384 480651 346755 157763 691392 612646
211453 756949 292552 751047 446936 34821 553094 181141 185066 340002 831884 422185 343619 721839 553551 370702 582314 375260 253681 355805 554218 177783 814211 583676 826307 968219 428377 517719 646577 357710 651762 238940 621592 175183 673378 920384 448145 193130 621892 710996 931975 425781 856795 764563 595302 463355 595431 999999999 518360 203492 964269 594957 611808 802783 529515 740119 196347 172365 1086439 605525 674892 233204 1080691 764619 1087473 717851 263126 242403 87314 648626 492194 465986 326412 166555 511764 608495 226871 550984 989040 710566 295569 613854 583928 121664 576337 1104839 919623 808514 43007 207933 891789 156139 388501 620291 420529 238884 260738 547919 596359 291289
427985 344881 574717 233473 301108 525595 859750 379551 464844 178415 511453 222725 464079 607847 78704 587565 763497 576263 684097 661607 344227 373345 766983 780896 561702 756987 281603 738956 485159 160907 764922 433856 282024 522898 160004 446361 270319 415277 771077 208888 416649 468400 657970 251561 139142 125946 477547 518360 999999999 321488 629908 271639 884476 363483 712970 233441 355499 560270 846950 103106 780668 449272 854276 342856 865064 214549 401677 278644 568713 843939 333449 699192 326610 396804 203003 98989 342099 244140 707767 199518 674151 209845 338234 500131 636259 877093 757670 587055 494905 627016 373675 623191 129968 815289 335562 610025 464411 322400 214689 299745
223111 558982 306869 551540 341697 218711 606431 75208 169956 145292 651954 284803 262990 593665 350816 354663 569080 350253 374242 394625 381391 63962 715579 578807 659331 821267 316662 520713 497121 165328 610283 171751 428641 275933 472457 717760 329576 125245 595512 522961 738020 323426 709279 571936 416561 291278 454854 203492 321488 999999999 784962 402800 648851 602447 513209 550516 55547 301622 934562 403618 631564 181171 932481 565642 940616 529435 162716 43866 270540 646875 324208 471179 246368 153869 361971 407469 73980 357895 823228 518715 379453 450606 405789 229930 504080 956826 786078 652244 174799 316709 692554 303703 194343 616689 334860 311969 209696 370495 437790 190505
988013 291214 802282 553416 929551 989938 933206 783581 802731 717886 133036 848098 667205 368560 551223 744815 749375 729013 971925 844125 410116 788348 472892 773778 161448 239155 908299 784500 351858 716478 672164 743485 368030 1059012 540462 338748 899079 775962 715901 673900 661951 590628 237939 638766 725163 754709 409680 964269 629908 784962 999999999 390198 907930 299376 735582 664091 771205 1086489 258910 544031 668713 755578 278013 298377 290277 671545 710327 765191 1045761 798618 472540 784012 929762 929550 830242 557138 739250 434330 115821 641952 917364 800195 380902 1014889 585091 293959 310760 216257 923525 933985 570607 975169 696574 785416 960580 886414 740731 416857 816026 885881
598325 169328 506711 332624 555279 616660 735092 415185 458178 328003 259841 471707 365330 348660 199759 480127 593165 464839 661780 576237 109064 417334 512294 615020 294421 486751 531877 592066 226998 327631 564670 403361 26986 672503 267357 355000 526026 420434 585205 405628 524194 320410 386342 407049 398500 385878 237862 594957 271639 402800 390198 999999999 739293 224009 553254 413158 398611 701942 581904 224232 575219 418338 587191 180760 597558 407265 366032 378511 670961 667914 147909 566803 542223 541671 472562 239946 368631 45039 449351 378652 624434 474666 82573 631176 436323 610551 486321 315581 557272 612868 442147 638096 309932 643081 581494 575343 414493 91807 483285 496530
809829 884612 343472 1054796 990399 644049 71338 574525 483832 759539 816159 931082 420972 539743 861125 300957 159052 310162 379150 260743 632110 586640 488205 134599 749055 760892 965503 148302 582017 779349 243380 479420 758997 786577 976930 1074031 978173 523874 194365 1087142 1254176 426563 686702 1112850 1016208 914991 534073 611808 884476 648851 907930 739293 999999999 943506 186810 1106087 593471 777809 870833 912101 254526 468255 851146 900041 850997 1091601 499905 682902 677290 123538 595850 185497 887425 745691 999503 924534 584737 721616 857801 1069645 319407 1070707 665442 733363 327674 869451 674992 691742 583761 408124 1178116 472565 796950 125702 980584 373138 441961 647553 1063844 834844
770854 58948 730380 254257 662314 820913 946421 627445 678932 495746 224166 586027 588530 472732 289419 700291 790415 684681 885536 797943 317583 627790 629170 813671 309719 495055 644220 799360 376035 487594 744955 625642 198236 856486 246036 132470 631400 638648 774192 374860 386972 537838 431092 340065 435813 488533 413486 802783 363483 602447 299376 224009 943506 999999999 756812 364737 608427 889899 550717 264926 750984 640897 565763 44234 577836 372337 588068 570551 872872 859557 368879 779479 686152 724579 552003 275211 580756 261120 402707 342930 848313 508244 281788 822091 624324 584885 533540 365518 767828 836012 294027 858683 461103 837621 698557 799237 638183 307163 526049 651750
703459 697901 236970 872407 851339 564165 198054 443838 365757 604475 636388 784536 259478 372554 683368 163192 55910 164161 353571 192165 445618 456334 362975 68350 574699 613454 825417 49419 399227 623058 132447 342321 572547 701582 795812 887552 835410 394443 93105 911147 1070937 246472 526464 933388 848220 756305 349094 529515 712970 513209 735582 553254 186810 756812 999999999 928568 458351 701870 730035 732721 155092 335397 713531 713292 715382 915234 352735 540705 608541 134939 411433 75083 759136 634007 844934 745750 442353 537105 696683 892048 282133 907397 478719 645423 150672 734184 533795 521185 493069 355477 993371 422722 636898 104907 847766 305193 304888 461452 902805 703671
615005 383788 806283 111145 408468 742977 1085908 611975 698257 405274 577250 363086 689364 759490 245239 813968 976133 801732 917247 892201 514580 605224 923710 995287 652010 847485 402572 958690 639515 385629 964784 666628 408334 715183 146438 373879 381861 648660 977702 31182 195553 682111 766932 36337 156973 284680 649272 740119 233441 550516 664091 413158 1106087 364737 928568 999999999 587828 754708 913399 197410 977955 682172 927015 372321 938908 23853 633652 506860 780534 1055285 525752 922107 488844 601045 285275 183438 575424 408288 765712 36521 907406 191992 494893 703458 834682 947058 871285 695819 720714 860045 188433 853948 356174 1027797 453111 843452 696240 493415 216327 483764
