NAME : synthetic_000983
TYPE : CTSP-D
DIMENSION : 100
GROUPS : 8
RELAXATION_LEVEL : 1
EDGE_WEIGHT_TYPE : EXPLICIT
EDGE_WEIGHT_FORMAT : FULL_MATRIX
EDGE_WEIGHT_SECTION
999999999 699578 634481 504562 120417 115491 147128 558614 417619 301246 385939 603491 91862 71942 394369 516594 242151 499026 715197 559077 124687 303983 345099 322847 406134 366779 88628 595114 391081 668502 284795 468793 389550 475954 84364 507127 129065 170716 303850 763244 564841 343743 504463 155710 518401 583700 422296 67696 323689 727046 591457 296706 600176 383769 360840 489639 359506 457747 724471 373465 306354 557288 504442 109201 561283 596263 633277 443679 363393 412620 422207 558787 350122 195987 411107 310424 363755 236808 622411 530735 323454 157730 219265 227540 738236 509321 610292 413203 577443 708114 613660 300725 483713 316453 364012 564809 134394 271107 142241 622591
699578 999999999 373784 1066605 664624 778148 670792 464981 844067 456069 392859 109163 635180 770309 517982 871477 712869 619687 361212 180803 677584 430767 1004117 849937 910398 617039 680332 709622 1046064 612188 744361 775399 431865 402638 774600 1008387 664851 675718 907735 199959 552292 392608 1052578 821058 660164 137250 578063 767114 870308 139089 258154 846396 199666 794771 425259 213998 344024 918560 361458 440995 986577 329169 932331 768439 286395 282242 229514 264333 638242 633677 1059763 542009 570995 846439 786936 401045 994874 934314 395409 176464 992062 674345 532639 850338 554076 1122948 319219 818285 1153368 211403 408135 983723 821979 548058 794126 159039 613369 956793 735231 439174
634481 373784 999999999 1114402 542097 744940 686968 717142 577877 550074 253457 295801 616819 688746 272846 1009930 518211 817862 694853 235899 549387 340617 979437 630273 664207 364101 571492 928138 1025375 882113 528498 477309 245232 159325 679605 742637 671800 522498 716121 244388 792514 308258 1108161 692238 858186 273093 747913 695003 655265 265379 549020 886436 497542 896965 274387 306194 415198 650352 698226 261411 939027 90594 1043004 736727 118725 574384 144284 300361 769510 354636 1054523 195553 704927 825709 514911 464349 805271 828235 26064 381634 834627 695712 581902 684327 861202 1137634 58878 549718 1195298 187818 693863 932541 961748 344962 887131 413184 620163 824376 593201 723913
504562 1066605 1114402 999999999 622768 389786 427910 701325 870657 613630 861116 998782 498758 481232 896108 295694 728482 534780 905880 980509 623972 773865 225322 752499 820448 870326 589579 538914 202636 692436 762016 951368 877013 961896 504067 892108 442616 668397 677233 1190212 641374 806913 25035 550002 513752 988812 524502 465941 739338 1140490 858827 229194 898502 287097 843076 893427 744214 882831 915116 861760 291852 1029013 206847 395431 1022023 847943 1079478 862231 443452 915323 156305 1061580 504025 313008 884823 684141 670328 457404 1106623 892443 582747 419743 549113 624211 808126 106617 1079711 876131 86841 1145655 783762 302298 321832 819611 280538 908366 494785 519722 616510 771055
120417 664624 542097 622768 999999999 233058 252416 610116 314395 336541 307248 560774 175774 151209 285638 630239 129540 580730 741402 505489 14385 238770 449792 240094 322514 247558 33324 684582 495493 738503 175706 352010 298792 383002 138226 428828 232594 52958 257538 698241 631681 279642 623576 159280 605564 537264 499658 161779 249130 669837 602226 417064 599037 497347 277267 450633 346832 365279 750121 282705 401945 472793 622928 227900 484128 612007 562286 400507 454672 292823 530923 446529 427258 311020 298693 313435 337586 288614 527129 509081 327448 263802 272084 189817 794101 621054 525729 305553 693366 639366 652929 394547 594512 206480 478564 548364 213928 296650 72430 667020
115491 778148 744940 389786 233058 999999999 127886 566424 506774 343442 493562 688825 143437 102960 509688 433347 344999 472162 743871 651714 234823 408697 236558 399013 478395 480593 199959 553501 282010 651069 383269 571717 501116 587476 129715 570722 123324 279957 353182 859779 554640 446692 390592 198762 482845 671697 405667 84474 393437 819419 637570 192215 655921 304533 470562 575337 434137 535862 753452 485201 208805 665126 407614 9732 665926 637883 734228 533190 330334 525816 309595 674263 339520 81169 509478 377979 389613 203650 733961 603943 325905 131894 257099 281609 735713 394777 717764 506683 461960 807188 632378 205604 407824 431922 282933 633304 167406 260111 235311 635683
147128 670792 686968 427910 252416 127886 999999999 439463 562166 222326 434125 588917 81698 192003 484410 378886 381270 357401 616185 560950 261034 346921 333618 469968 553256 481404 226451 449373 375273 532225 426248 603831 453200 536544 215935 653800 19935 305373 446381 771325 432342 379093 421194 292405 373861 574947 284985 175387 470588 725803 513509 199468 535398 246531 417882 478002 330462 604577 625780 438557 322739 601131 380052 119242 594509 512539 654474 441388 218449 528680 390859 649282 215643 178497 550877 271001 497529 329106 679944 494568 443484 11434 138800 370472 611521 462080 651815 555939 510380 723228 504531 321770 342141 413613 228962 520100 66881 381136 288607 508204
558614 464981 717142 701325 610116 566424 439463 999999999 907583 274878 546165 456717 466777 621698 675132 445304 724512 175447 204575 489555 623920 499310 725831 849949 931411 735069 601980 246269 756236 165250 770737 899827 592493 634943 641166 1038286 448393 652867 856806 650334 87557 493932 681287 714304 210179 466206 181172 607882 859076 588208 207339 525472 265315 414915 558648 410957 338514 968684 213791 587775 738303 632170 523331 558231 598430 184931 604032 423494 268356 775419 750665 797000 230538 598264 872564 326775 922210 768544 726349 343866 878250 434577 342285 781578 184394 784529 660431 891273 784938 635095 82839 740323 400235 645547 424568 326737 424699 818797 674404 72291
417619 844067 577877 870657 314395 506774 562166 907583 999999999 633526 452756 735126 489312 403968 329780 933324 186739 893817 1011345 663985 303470 441105 659349 121107 94700 228450 336302 998808 698889 1046036 139594 121076 412213 456586 377621 166944 542852 263435 216478 803007 938549 468718 877799 320975 919618 706819 812053 422302 140576 798408 859661 698751 840923 800841 421708 647486 599576 74890 1019139 403374 595467 552406 914235 505678 584931 874970 667422 598374 769050 224241 744210 397844 740146 567308 63028 587652 281634 429132 553693 728016 351024 573288 581063 248406 1091693 838514 594144 28173 925556 740243 939150 585314 901313 299100 780649 771581 528292 383548 275946 957491
301246 456069 550074 613630 336541 343442 222326 274878 633526 999999999 322586 385391 213692 370660 429644 461218 449715 288813 414143 373465 350565 252450 554154 575725 656774 473454 331064 402475 594255 415849 496072 632664 361110 425986 385605 763744 221193 378111 588051 580043 308599 262539 601165 453649 324937 376786 208962 360385 585655 527992 294752 390553 313246 357179 323444 283694 138725 693871 423366 351798 544971 459497 502466 333908 439731 296916 481223 261029 219482 516967 605073 574498 155578 400814 600733 85921 658836 530608 550555 280114 624558 223675 86547 514296 459272 666891 502954 618006 700012 540245 317376 543771 412438 385639 351609 300985 178011 571480 403090 330519
385939 392859 253457 861116 307248 493562 434125 546165 452756 322586 999999999 283698 363379 445258 140020 770829 324936 608151 592251 215501 317270 87260 729350 459292 517590 229544 332640 721718 775124 707900 352915 396366 48518 105708 439711 615878 418610 301718 524992 392439 606673 60572 855184 465311 645923 255988 530663 449344 480758 369276 435036 633536 403901 651969 33177 197254 208651 526785 598620 50852 692206 171617 797046 485089 177297 455301 255256 151588 536580 255467 802766 254301 476877 573862 397796 239082 614237 595477 245831 282851 624829 443121 337181 476194 716663 884768 224458 427754 941845 332583 549070 686346 724181 155201 640558 326518 367481 602113 369307 574577
603491 109163 295801 998782 560774 688825 588917 456717 735126 385391 283698 999999999 545403 673054 410057 826735 604514 591438 401414 74238 573381 324414 919595 741210 801255 508472 578168 691537 962777 616149 635458 668351 323007 298466 675573 899270 580856 569397 800518 201168 540567 285366 986546 718554 632787 28869 537771 671185 761791 144004 264665 773691 208285 737602 316135 113954 258480 809557 404186 331916 897604 235141 879889 679210 191980 290674 158136 161095 586373 526316 979767 445943 517903 760594 678311 318330 888171 835696 313767 117835 888010 593700 453757 744599 578008 1047903 237488 709459 1084977 178400 416623 894077 776869 438896 734304 130669 527878 855123 630486 447848
91862 635180 616819 498758 175774 143437 81698 466777 489312 213692 363379 545403 999999999 157676 404452 459567 305312 411916 626107 509362 185920 276408 376759 404564 488266 399730 153597 511930 421267 578375 351343 524837 378327 463160 174917 591732 62234 228398 394030 718289 473965 311708 494102 247572 433805 528461 333378 146717 408173 676741 507274 273878 520326 327692 344366 431981 291194 536223 635467 363183 352241 533289 461618 133810 530332 510453 595312 390401 280618 447015 443946 569803 260768 217497 474146 236250 455606 317172 608237 461728 413671 92934 129151 317867 646474 522576 585067 481251 578603 666948 522671 348918 421484 332525 310487 492428 42926 358346 221752 531061
71942 770309 688746 481232 151209 102960 192003 621698 403968 370660 445258 673054 157676 999999999 436764 534768 247389 549397 783753 626570 148423 366780 298770 296434 376625 394128 118973 639250 344377 723530 283007 472311 443716 529445 27002 471317 177838 189800 257218 828526 622129 407353 484605 101581 565032 652619 476230 18909 291793 794196 662435 294790 671937 404413 418020 559407 431210 433348 793102 427516 251322 615184 510569 102704 622138 666704 696478 512626 409798 437377 380641 597458 405545 168737 408435 382360 305638 164947 675010 602303 256706 200637 286820 182865 798777 471867 668324 404426 547542 772203 679828 244296 507233 357622 383200 636642 197837 200829 135685 687371
394369 517982 272846 896108 285638 509688 484410 675132 329780 429644 140020 410057 404452 436764 999999999 849353 245383 718341 731760 337183 289981 178322 734852 361831 405964 101505 317899 831863 780684 833383 257457 259273 92153 128881 423160 496395 465944 256502 443997 477310 729277 182069 893984 425230 753612 381321 637510 446388 386107 469149 574663 676896 543860 722548 118359 335168 337226 404667 738252 90615 687514 227241 862773 502868 256361 594513 339639 291288 628638 117108 814877 165723 576148 590352 270275 354120 533517 562838 253300 422162 561956 495016 420675 411878 850147 903404 274156 302900 971200 414466 684222 679998 805771 79159 707942 465663 422565 554080 326591 708549
516594 871477 1009930 295694 630239 433347 378886 445304 933324 461218 770829 826735 459567 534768 849353 999999999 757683 269879 645524 828621 637859 688967 429743 830905 911365 857836 602336 246734 436464 404020 801265 982208 801297 876513 561769 1003805 398819 683051 785101 1027428 371079 710581 271353 631977 238440 824331 293553 515871 826473 970401 632647 256086 682273 132967 763500 738023 599407 967790 654093 788799 477744 919547 89622 432301 900924 616117 940039 721207 243077 905149 407214 1009800 310930 397117 927237 546140 810903 599325 1008891 710521 734549 367455 434154 714838 522223 398426 964006 929748 366588 994214 527235 485392 49866 784563 152682 714295 431192 665275 657402 508479
242151 712869 518211 728482 129540 344999 381270 724512 186739 449715 324936 604514 305312 247389 245383 757683 999999999 707114 839269 539585 120238 285986 535817 138862 211652 167115 155371 812535 579692 860107 47154 227204 297561 368108 224606 318291 361558 77228 201842 710447 752718 321259 731985 196905 733209 577966 625314 263447 157644 692832 692042 535534 679938 624717 291761 503858 430591 244173 847490 283903 479013 466132 746291 341821 488264 705112 571308 452834 583514 202174 620295 381941 553441 416102 169686 410585 291740 332690 498532 575891 316735 392601 394498 167348 908888 713590 516055 176239 793004 648445 760209 470032 722999 178196 605424 618192 342985 313647 112029 777007
499026 619687 817862 534780 580730 472162 357401 175447 893817 288813 608151 591438 411916 549397 718341 269879 707114 999999999 376788 608402 592814 541223 588579 816077 899730 757115 563596 113752 613165 181292 754234 909580 648766 708727 573163 1003631 372460 630485 802361 791653 106635 549146 513495 649567 41383 594686 82750 532578 820089 731433 369936 383337 423494 253957 611435 520726 406334 945739 385578 640066 612305 728317 349300 465815 701243 351136 723892 517659 141871 801995 600805 861792 153673 483143 869801 369189 854785 674336 822320 473696 797412 348915 315076 726118 282720 624014 765239 882300 616271 767160 257438 616173 225406 671207 267805 468373 369874 732268 633471 239842
715197 361212 694853 905880 741402 743871 616185 204575 1011345 414143 592251 401414 626107 783753 731760 645524 839269 376788 999999999 459833 755766 573988 921688 973957 1050875 810963 740838 424250 954310 286012 882483 980597 640737 657289 799553 1157533 621340 775815 997721 561131 275009 554362 885860 867624 407326 422007 383722 772446 987170 499649 157278 725129 198650 619299 614393 409912 411799 1079095 9667 641192 928779 623383 726068 734950 582591 137711 559487 444270 469664 844188 951330 819679 423323 785684 967012 429731 1071635 940354 710585 321971 1038624 613402 496961 925637 199504 988195 636000 991043 989493 565512 122276 929844 602134 723583 628451 284045 587318 984436 811410 137068
559077 180803 235899 980509 505489 651714 560950 489555 663985 373465 215501 74238 509362 626570 337183 828621 539585 608402 459833 999999999 517411 266769 886032 674752 732340 436483 525476 713842 930243 653036 568416 594826 251914 224234 626728 828942 550766 509520 738033 210415 569359 226141 969906 664533 649666 45524 547124 626405 696041 168073 313251 752628 261859 730511 248520 90610 236959 738626 463560 261866 859489 165606 875295 642290 123422 338736 115745 119617 585768 452966 950392 373598 517692 726675 606387 296598 826584 786566 250779 147446 831034 566938 431450 685170 626150 1022875 177090 637980 1065758 166781 459968 855252 778965 369969 725029 177285 496965 801792 573265 490478
124687 677584 549387 623972 14385 234823 261034 623920 303470 350565 317270 573381 185920 148423 289981 637859 120238 592814 755766 517411 999999999 250644 447137 226601 309291 246927 36095 696057 492659 751521 165584 344963 307101 390578 133205 415400 241333 46032 243179 708892 644812 291368 625353 148219 617197 549658 511982 160383 235199 681238 616590 421143 613257 504901 286803 463625 360998 352949 764489 291102 397772 481469 628747 230183 493759 626391 572489 413356 465705 291391 528991 449207 439480 311475 289887 327816 323493 279767 533926 522798 314646 272363 285277 175798 807829 619793 534285 295495 693447 649701 667097 390119 602816 210924 485832 562227 224986 285448 58464 681071
303983 430767 340617 773865 238770 408697 346921 499310 441105 252450 87260 324414 276408 366780 178322 688967 285986 541223 573988 266769 250644 999999999 645045 424741 492550 239034 259849 654916 690653 655795 322494 407848 112436 190667 363935 596169 331351 245048 477122 462399 551203 41075 767934 397942 577265 299778 461177 369198 443371 431453 419850 546302 399893 567815 74535 218738 165334 511928 581346 100868 610101 257183 712231 400018 257621 436543 329766 167608 458896 276842 717238 324353 402517 488470 393660 175862 564113 522561 333028 290504 564597 355986 254866 420196 677272 798363 309418 419174 854703 405455 514261 604655 643146 150153 555728 333324 280342 535280 306788 536828
345099 1004117 979437 225322 449792 236558 333618 725831 659349 554154 729350 919595 376759 298770 734852 429743 535817 588579 921688 886032 447137 645045 999999999 539013 602005 691354 417089 633890 46002 767043 563092 749628 734637 821048 315693 668892 339396 487202 457323 1095029 689336 683229 239997 344332 582836 903930 546565 288465 523524 1053140 838090 205301 865144 346221 705403 807062 662005 664904 931341 718561 66919 900967 360807 245509 902426 833819 970618 766853 459345 733240 85205 896221 498413 159370 680343 603439 445375 235411 967510 828061 357528 330901 472359 410946 870780 179548 953751 667764 267124 1043197 802198 77457 431024 655823 327326 853595 391792 295543 425549 798081
322847 849937 630273 752499 240094 399013 469968 849949 121107 575725 459292 741210 404564 296434 361831 830905 138862 816077 973957 674752 226601 424741 539013 999999999 83703 266184 252811 916150 578115 977688 106722 228056 427567 489935 269473 188815 451663 198704 100753 837266 871193 459454 760472 205402 838326 714240 736321 315268 25780 823744 828762 589094 818128 699770 426233 642184 567735 136920 982359 415200 474734 588652 805878 399137 614880 841050 698468 591244 684429 282860 623703 469412 663607 453722 156655 544276 180664 308033 608274 714753 236833 480565 511799 128450 1034067 717934 635947 134252 805630 774644 890566 464533 801946 306759 678856 757038 446229 263500 182839 905738
406134 910398 664207 820448 322514 478395 553256 931411 94700 656774 517590 801255 488266 376625 405964 911365 211652 899730 1050875 732340 309291 492550 602005 83703 999999999 305203 336321 999825 638601 1060761 170339 215633 481301 534681 349629 107116 535074 278712 145144 882990 954102 524714 829843 281386 922027 773568 819868 395531 84967 874407 903499 666595 890150 780879 485151 706886 641982 63047 1059117 470539 536135 632351 883633 479090 662278 916741 745603 656473 768086 309670 685486 489190 747167 528858 154497 621848 193496 367066 640682 782961 270775 563778 594553 199840 1115689 778972 676572 120917 869086 820120 970231 525694 883417 362477 759767 825873 529904 313463 266540 986117
366779 617039 364101 870326 247558 480593 481404 735069 228450 473454 229544 508472 399730 394128 101505 857836 167115 757115 810963 436483 246927 239034 691354 266184 305203 999999999 280768 868973 736340 887269 166557 169664 185828 229633 375681 394923 461762 204392 354612 577800 780862 256888 870995 361416 789404 479932 674631 407089 291258 570629 655203 661579 629461 726940 201024 426710 404364 303336 818017 178882 638225 327153 860698 475276 357630 673257 440708 379754 652909 47322 774362 214849 608024 558292 169907 408403 442718 498635 342145 511072 479805 492664 446238 332962 915069 865988 372038 201831 940374 514929 753161 629784 817509 89591 710140 554853 426784 480614 267725 775307
88628 680332 571492 589579 33324 199959 226451 601980 336302 331064 332640 578168 153597 118973 317899 602336 155371 563596 740838 525476 36095 259849 417089 252811 336321 280768 999999999 665261 462861 725294 199819 380898 327159 412199 108158 441229 206909 82121 257245 721585 619152 300924 590538 140745 586810 555533 483547 128789 258752 691215 605480 385210 605529 469369 303705 466552 354753 382813 749735 310988 370200 500288 592673 194976 509916 613930 586795 417215 434179 325857 497912 479475 410851 277707 325024 316567 332155 263240 557117 520694 313499 237707 260748 184992 785194 587855 553359 329496 660043 663504 648429 363011 567735 238794 450162 558770 194143 276965 72429 661098
595114 709622 928138 538914 684582 553501 449373 246269 998808 402475 721718 691537 511930 639250 831863 246734 812535 113752 424250 713842 696057 654916 633890 916150 999825 868973 665261 999999999 651525 158561 859486 1019227 762499 821868 664320 1102119 466327 735467 895501 889678 158961 662828 515292 740653 79845 697088 194738 621514 918521 828364 453153 432072 510288 287672 725184 627864 518822 1048068 431727 753818 667482 839089 335892 548372 810792 431173 829583 627785 231812 914195 631243 975476 261824 550957 977339 482848 941962 750480 933367 574722 878856 439705 424537 819764 277537 637770 874623 988460 612893 869027 317905 672814 217538 783712 307022 564703 471241 811681 733348 292264
391081 1046064 1025375 202636 495493 282010 375273 756236 698889 594255 775124 962777 421267 344377 780684 436464 579692 613165 954310 930243 492659 690653 46002 578115 638601 736340 462861 651525 999999999 789487 605926 791506 780609 867024 360818 701540 382027 532362 493514 1139520 715803 728691 220790 386712 604711 947512 575812 334318 561707 1097097 875200 231342 903821 365092 751297 850575 704804 701627 963938 764538 103439 946740 361361 290850 947935 870098 1015728 810921 488344 777913 48441 941824 531197 203787 721751 645884 475555 271610 1013492 869799 386952 371926 513664 450676 895877 140371 999493 708194 232251 1088048 833929 113583 442893 701630 347708 894491 434919 328346 469973 828523
668502 612188 882113 692436 738503 651069 532225 165250 1046036 415849 707900 616149 578375 723530 833383 404020 860107 181292 286012 653036 751521 655795 767043 977688 1060761 887269 725294 158561 789487 999999999 907098 1048412 753355 798942 746174 1166399 545693 785356 972204 804567 107555 653822 669396 822075 184821 627618 247314 707445 983952 741973 356206 561855 415457 425395 718506 575928 499324 1102848 291992 747721 792927 797399 492424 644324 763432 330965 766674 588594 322011 929362 773890 960223 318536 664402 1015875 480430 1029075 854074 891535 506305 974986 524609 466532 895933 119015 788354 825175 1031896 768731 793848 204056 796995 370896 798351 441859 485482 535496 910837 796939 173073
284795 744361 528498 762016 175706 383269 426248 770737 139594 496072 352915 635458 351343 283007 257457 801265 47154 754234 882483 568416 165584 322494 563092 106722 170339 166557 199819 859486 605926 907098 999999999 189489 320856 384607 258583 275631 406654 124022 188150 731155 799681 355559 766596 219360 780208 608286 672459 300073 129602 717065 733869 574974 719844 668355 319931 538178 472368 198277 890590 308490 503775 483331 787522 380786 508677 747594 592224 487478 630193 192302 648112 378213 600562 451265 126645 454841 276815 349479 507362 612994 314653 437519 441627 172221 955073 742058 531443 129920 823897 668628 805299 494367 767387 200040 648760 655778 389533 321853 147964 822531
468793 775399 477309 951368 352010 571717 603831 899827 121076 632664 396366 668351 524837 472311 259273 982208 227204 909580 980597 594826 344963 407848 749628 228056 215633 169664 380898 1019227 791506 1048412 189489 999999999 350274 375241 448061 270377 583922 299339 328459 712011 941260 426534 956077 405363 939384 639518 826838 489143 251631 714340 824861 762687 798553 849345 369472 593368 572947 181393 987670 345534 688534 464854 973213 568800 501596 842897 581155 547676 795631 142234 834819 288306 757445 640724 71741 573292 400399 527783 452069 679072 464576 615255 594806 344809 1081326 929053 501076 97282 1012289 650041 921087 678803 945889 257698 830556 722796 558891 489501 336840 942524
389550 431865 245232 877013 298792 501116 453200 592493 412213 361110 48518 323007 378327 443716 92153 801297 297561 648766 640737 251914 307101 112436 734637 427567 481301 185828 327159 762499 780609 753355 320856 350274 999999999 86426 435305 577040 436479 285078 499303 413034 651191 100235 872369 453085 685797 294625 570005 449779 450129 396263 483507 651506 451817 679402 38075 243268 254172 486773 647083 16201 693798 174619 823256 493147 191455 503817 273961 199165 570945 208613 810613 213404 513480 582153 355435 279873 589122 586863 232941 330019 605942 462851 367266 455813 764254 895112 227243 386454 956013 351310 596995 687337 755568 120831 666854 373543 387557 588225 354918 622240
475954 402638 159325 961896 383002 587476 536544 634943 456586 425986 105708 298466 463160 529445 128881 876513 368108 708727 657289 224234 390578 190667 821048 489935 534681 229633 412199 821868 867024 798942 384607 375241 86426 999999999 520331 623510 520331 365334 569154 348433 700635 165993 956786 534710 747243 269732 632743 535852 513886 341964 501244 735509 461084 757506 118839 247578 303938 531322 662633 102489 779885 98736 902405 579467 128354 523984 211098 216309 641612 235896 897003 163858 581023 668481 395708 341188 659007 669924 146519 336363 682106 545896 442876 531515 798127 981289 147993 429214 1041440 285586 628909 773332 829790 190744 745894 377438 470323 668293 435874 656325
84364 774600 679605 504067 138226 129715 215935 641166 377621 385605 439711 675573 174917 27002 423160 561769 224606 573163 799553 626728 133205 363935 315693 269473 349629 375681 108158 664320 360818 746174 258583 448061 435305 520331 999999999 444590 200851 171545 231435 826330 643995 404856 508133 76475 589603 654328 499011 45902 264809 793762 675144 321184 682523 431369 411362 562399 438491 406380 808831 419130 264653 608207 537236 129670 616979 680311 692811 514643 434239 417970 398819 581864 427798 192697 383367 391940 283073 160142 665053 608808 239140 224990 303356 156534 819486 491042 661307 378573 568677 769098 697518 256925 534145 344063 410177 644254 216488 187680 112580 705939
507127 1008387 742637 892108 428828 570722 653800 1038286 166944 763744 615878 899270 591732 471317 496395 1003805 318291 1003631 1157533 828942 415400 596169 668892 188815 107116 394923 441229 1102119 701540 1166399 275631 270377 577040 623510 444590 999999999 636151 385760 220118 969817 1059977 626933 903582 371961 1024904 871194 924387 490136 183654 965272 1009489 754356 995003 875059 584063 808133 747975 92563 1165729 567408 602019 719293 970859 572404 751848 1023062 834366 758177 870316 390608 749575 557890 851655 613923 228808 728762 228606 434714 718052 886017 316806 664027 700614 289136 1222513 840984 760593 194566 933772 907082 1077346 591472 978179 460910 853578 929197 633824 373507 370268 1093211
129065 664851 671800 442616 232594 123324 19935 448393 542852 221193 418610 580856 62234 177838 465944 398819 361558 372460 621340 550766 241333 331351 339396 451663 535074 461762 206909 466327 382027 545693 406654 583922 436479 520331 200851 636151 999999999 285553 430228 760962 444610 364436 436631 277163 390160 566104 298399 162014 452752 716456 514567 215179 534346 266436 401545 469111 322778 585903 630893 421670 324624 586588 399387 114078 580992 514603 642378 431150 234849 509022 399768 631035 227866 181878 531128 264044 483418 320742 664307 489030 431700 31369 135635 354125 622543 473403 637615 536402 524254 711963 511438 323011 362020 394608 248779 515906 53894 370635 269864 516239
170716 675718 522498 668397 52958 279957 305373 652867 263435 378111 301718 569397 228398 189800 256502 683051 77228 630485 775815 509520 46032 245048 487202 198704 278712 204392 82121 735467 532362 785356 124022 299339 285078 365334 171545 385760 285553 999999999 233382 693995 678157 284268 670211 169774 656211 544407 548905 203247 211407 670000 632413 467085 624909 550132 269658 462815 372819 317509 784301 269597 435390 459435 674710 275598 475266 643832 556025 411842 506290 247704 569999 411281 476831 355528 245822 346100 319238 306662 505610 527926 323135 316758 319031 175650 837210 661620 511602 253466 736802 633559 691969 427280 647460 178783 531238 568810 265768 303260 70711 707486
303850 907735 716121 677233 257538 353182 446381 856806 216478 588051 524992 800518 394030 257218 443997 785101 201842 802361 997721 738033 243179 477122 457323 100753 145144 354612 257245 895501 493514 972204 188150 328459 499303 569154 231435 220118 430228 233382 999999999 912267 867988 515234 687420 155765 820216 774802 726143 275596 76917 893858 859763 534414 855758 657640 491914 695613 603306 208191 1006554 485451 391227 667501 750776 355622 690104 869378 773135 644538 664808 377022 540512 564010 653949 393807 257286 570900 89924 222094 695283 761202 136143 455838 514523 76312 1038791 633884 716869 233243 724287 850286 905404 380762 760971 379958 635947 801846 436956 169135 186368 917455
763244 199959 244388 1190212 698241 859779 771325 650334 803007 580043 392439 201168 718289 828526 477310 1027428 710447 791653 561131 210415 708892 462399 1095029 837266 882990 577800 721585 889678 1139520 804567 731155 712011 413034 348433 826330 969817 760962 693995 912267 999999999 736058 421487 1179200 857109 832938 203919 738938 829840 860747 62653 448374 962726 389153 935518 424343 296992 446020 877312 561416 427233 1066542 250783 1078932 850465 222509 473770 139145 329938 786303 579438 1160404 438777 717815 935781 741104 506074 1002121 984722 270330 318781 1016932 777351 641427 867617 752613 1233286 210973 775255 1275686 62871 601236 1061919 977568 532644 931206 325003 707117 994205 761712 632592
564841 552292 792514 641374 631681 554640 432342 87557 938549 308599 606673 540567 473965 622129 729277 371079 752718 106635 275009 569359 644812 551203 689336 871193 954102 780862 619152 158961 715803 107555 799681 941260 651191 700635 643995 1059977 444610 678157 867988 736058 999999999 551186 619993 719399 132638 548546 149262 606618 877901 674165 294869 484833 352651 359941 615651 487366 398194 995666 283377 644855 709175 705682 453535 547363 673935 272444 684657 494704 232279 823377 705251 860249 216792 574985 908344 375407 927062 758280 800232 425766 875822 425484 359602 791829 183018 730421 736857 924348 722595 718899 161047 712361 329077 692193 372950 411523 431039 813015 691046 138519
343743 392608 308258 806913 279642 446692 379093 493932 468718 262539 60572 285366 311708 407353 182069 710581 321259 549146 554362 226141 291368 41075 683229 459454 524714 256888 300924 662828 728691 653822 355559 426534 100235 165993 404856 626933 364436 284268 515234 421487 551186 999999999 800216 438870 586546 260142 471022 409414 478903 390409 398333 578488 373760 592517 64741 182745 155490 540891 561308 93929 649477 222153 737897 437855 219292 416659 289560 131923 476008 290240 754341 312648 416464 525892 418346 179990 602810 563604 302758 259419 604935 387646 277336 459766 668084 834272 273463 445607 888627 364870 502329 644197 663798 171491 581493 302899 312222 576226 347141 526491
504463 1052578 1108161 25035 623576 390592 421194 681287 877799 601165 855184 986546 494102 484605 893984 271353 731985 513495 885860 969906 625353 767934 239997 760472 829843 870995 590538 515292 220790 669396 766596 956077 872369 956786 508133 903582 436631 670211 687420 1179200 619993 800216 999999999 556840 491609 977182 505563 468753 748015 1128754 841687 221735 882297 268181 837952 882243 733223 891954 895047 857278 305763 1022109 182263 395721 1014122 830302 1070197 852110 425751 916385 175877 1059635 487536 315885 890271 673328 683440 469035 1100930 879070 596390 412582 538936 632481 785462 131570 1072430 882511 103904 1135517 763875 316085 298566 818113 262951 894037 488025 532309 620220 750615
155710 821058 692238 550002 159280 198762 292405 714304 320975 453649 465311 718554 247572 101581 425230 631977 196905 649567 867624 664533 148219 397942 344332 205402 281386 361416 140745 740653 386712 822075 219360 405363 453085 534710 76475 371961 277163 169774 155765 857109 719399 438870 556840 999999999 666065 695584 575051 119845 196630 829117 738494 385210 742090 503163 434504 607229 493312 340769 876781 437300 284415 627704 602251 200571 641384 745151 720566 557732 510710 398855 429498 574701 503577 248369 336583 451447 208097 137948 675369 660791 174297 301457 374004 82864 893806 523697 680216 326218 607567 797837 768417 275027 606362 348325 481639 698281 289993 137371 99065 777949
518401 660164 858186 513752 605564 482845 373861 210179 919618 324937 645923 632787 433805 565032 753612 238440 733209 41383 407326 649666 617197 577265 582836 838326 922027 789404 586810 79845 604711 184821 780208 939384 685797 747243 589603 1024904 390160 656211 820216 832938 132638 586546 491609 666065 999999999 636069 116124 547649 841252 772646 409017 377945 463312 240695 648265 561839 445711 969590 415810 676711 610812 768480 321579 477141 741824 389543 765117 558140 155413 834744 589256 899064 181986 486985 897667 406842 869258 682783 862341 515058 808751 364614 344701 744219 295607 606561 805848 909020 593219 808543 290511 615333 197091 704430 257045 509457 392673 742471 655488 270403
583700 137250 273093 988812 537264 671697 574947 466206 706819 376786 255988 28869 528461 652619 381321 824331 577966 594686 422007 45524 549658 299778 903930 714240 773568 479932 555533 697088 947512 627618 608286 639518 294625 269732 654328 871194 566104 544407 774802 203919 548546 260142 977182 695584 636069 999999999 537875 651339 735042 151717 280378 762501 226029 731640 288615 96993 245514 781311 425225 303787 880284 208594 875027 662140 165676 306262 140399 140034 582678 497506 965667 418344 514213 744681 649804 305750 862769 814460 289929 122798 864127 580177 441551 719851 594234 1035443 214356 681064 1074702 172482 430507 876501 774496 411116 727505 144189 512732 832456 606398 461490
422296 578063 747913 524502 499658 405667 284985 181172 812053 208962 530663 537771 333378 476230 637510 293553 625314 82750 383722 547124 511982 461177 546565 736321 819868 674631 483547 194738 575812 247314 672459 826838 570005 632743 499011 924387 298399 548905 726143 738938 149262 471022 505563 575051 116124 537875 999999999 460137 741096 680467 342213 344693 389576 237450 532391 457563 333353 864902 393168 560758 562668 657710 359812 398534 632927 327942 661508 449251 87469 719660 569522 783353 72733 426468 787351 291733 781810 609250 750955 420374 728137 277565 232463 649831 331737 604521 696975 800187 609467 709772 261567 565417 244300 589042 245138 421516 290819 664628 554129 253250
67696 767114 695003 465941 161779 84474 175387 607882 422302 360385 449344 671185 146717 18909 446388 515871 263447 532578 772446 626405 160383 369198 288465 315268 395531 407089 128789 621514 334318 707445 300073 489143 449779 535852 45902 490136 162014 203247 275596 829840 606618 409414 468753 119845 547649 651339 460137 999999999 310702 794299 653384 276567 664382 385509 422932 557335 426325 452186 781841 433595 244034 620006 492056 83904 625689 657014 698918 511310 392555 450930 369149 608254 389879 152984 425860 375946 322210 171484 681845 597700 270447 183665 275602 201536 784020 459470 673122 422402 533556 774189 667239 237591 488343 367376 364291 631222 185410 212197 152304 674158
323689 870308 655265 739338 249130 393437 470588 859076 140576 585655 480758 761791 408173 291793 386107 826473 157644 820089 987170 696041 235199 443371 523524 25780 84967 291258 258752 918521 561707 983952 129602 251631 450129 513886 264809 183654 452752 211407 76917 860747 877901 478903 748015 196630 841252 735042 741096 310702 999999999 846392 843464 581782 834281 696149 447628 661477 583043 144566 995678 437459 458538 612622 798807 394179 638276 855165 721826 610435 686711 308556 607824 495163 668370 444543 180663 557486 154899 290570 633401 732683 212956 480936 519204 115949 1042874 701848 660262 156378 790529 798202 901634 448230 798800 329310 674984 774669 450380 243017 187082 916089
727046 139089 265379 1140490 669837 819419 725803 588208 798408 527992 369276 144004 676741 794196 469149 970401 692832 731433 499649 168073 681238 431453 1053140 823744 874407 570629 691215 828364 1097097 741973 717065 714340 396263 341964 793762 965272 716456 670000 893858 62653 674165 390409 1128754 829117 772646 151717 680467 794299 846392 999999999 385770 914199 326536 881442 402171 248057 397112 873203 500164 409171 1027410 249616 1023886 809958 213678 411139 133502 286342 730348 577378 1116211 452883 661886 893774 737673 457363 983309 953296 290129 260156 992938 731266 593160 845144 690277 1186834 220630 771128 1226409 80970 538593 1023238 920539 517087 877904 263733 662857 966487 735862 569946
591457 258154 549020 858827 602226 637570 513509 207339 859661 294752 435036 264665 507274 662435 574663 632647 692042 369936 157278 313251 616590 419850 838090 828762 903499 655203 605480 453153 875200 356206 733869 824861 483507 501244 675144 1009489 514567 632413 859763 448374 294869 398333 841687 738494 409017 280378 342213 653384 843464 385770 999999999 654989 59271 574864 457565 254731 261528 928793 163594 484141 835302 472824 702011 628121 433518 26011 420715 287184 416133 687594 879530 664280 355245 690530 813500 289065 937622 824420 562815 168913 912069 513148 381269 790139 313857 929197 490290 838531 945140 439897 153209 834860 584462 568579 578737 136441 472750 862551 673811 184604
296706 846396 886436 229194 417064 192215 199468 525472 698751 390553 633536 773691 273878 294790 676896 256086 535534 383337 725129 752628 421143 546302 205301 589094 666595 661579 385210 432072 231342 561855 574974 762687 651506 735509 321184 754356 215179 467085 534414 962726 484833 578488 221735 385210 377945 762501 344693 276567 581782 914199 654989 999999999 688698 146413 616717 666466 517186 725499 734719 636582 235588 800424 217042 194203 792903 647636 850467 633899 257241 708036 226452 842574 303720 141868 701394 456952 555517 343255 879326 670660 478464 190882 321317 467350 665728 276983 850866 698898 313325 917199 604032 241308 242850 602682 125617 689837 266290 409192 427143 597718
600176 199666 497542 898502 599037 655921 535398 265315 840923 313246 403901 208285 520326 671937 543860 682273 679938 423494 198650 261859 613257 399893 865144 818128 890150 629461 605529 510288 903821 415457 719844 798553 451817 461084 682523 995003 534346 624909 855758 389153 352651 373760 882297 742090 463312 226029 389576 664382 834281 326536 59271 688698 999999999 617522 429161 213669 252456 911753 203027 454195 858131 424760 748715 646304 384152 84660 365691 252744 458644 658987 910907 622377 394785 713764 791973 290893 936417 835862 512584 124723 916354 536232 398967 788560 369889 964765 438668 818598 985172 381718 212191 857007 633486 545250 619860 85396 488976 870154 671338 243577
383769 794771 896965 287097 497347 304533 246531 414915 800841 357179 651969 737602 327692 404413 722548 132967 624717 253957 619299 730511 504901 567815 346221 699770 780879 726940 469369 287672 365092 425395 668355 849345 679402 757506 431369 875059 266436 550132 657640 935518 359941 592517 268181 503163 240695 731640 237450 385509 696149 881442 574864 146413 617522 999999999 642053 640417 495363 836529 628600 666200 381660 807342 146218 302657 792169 562723 838014 617560 158945 774261 348563 884857 224076 278362 794280 438372 688706 482448 894051 625215 616200 235123 315432 585932 535036 370855 854052 796968 372076 897276 497068 387609 103366 655633 22099 635738 301333 547156 524896 485387
360840 425259 274387 843076 277267 470562 417882 558648 421708 323444 33177 316135 344366 418020 118359 763500 291761 611435 614393 248520 286803 74535 705403 426233 485151 201024 303705 725184 751297 718506 319931 369472 38075 118839 411362 584063 401545 269658 491914 424343 615651 64741 837952 434504 648265 288615 532391 422932 447628 402171 457565 616717 429161 642053 999999999 226371 220163 495445 621052 29219 666523 197166 786187 462340 206957 476915 286515 178751 532870 230198 780138 251232 475494 551324 367748 242924 581216 565842 264238 310048 592626 427333 329399 443673 732288 863500 250306 397090 922780 364003 565982 660396 717664 123154 629726 353828 351839 570980 337839 590531
489639 213998 306194 893427 450633 575337 478002 410957 647486 283694 197254 113954 431981 559407 335168 738023 503858 520726 409912 90610 463625 218738 807062 642184 706886 426710 466552 627864 850575 575928 538178 593368 243268 247578 562399 808133 469111 462815 695613 296992 487366 182745 882243 607229 561839 96993 457563 557335 661477 248057 254731 666466 213669 640417 226371 999999999 149292 720729 415131 248080 784051 222729 784964 565750 187505 278328 203948 51131 495158 451880 868685 409813 427093 647860 594116 209514 782042 722448 316076 89040 778066 483309 345241 636831 559696 938779 249665 623233 979082 257001 390794 780420 688378 348387 635284 131413 415755 743259 521364 420066
