NAME : synthetic_000750
TYPE : CTSP-D
DIMENSION : 100
GROUPS : 8
RELAXATION_LEVEL : 1
EDGE_WEIGHT_TYPE : EXPLICIT
EDGE_WEIGHT_FORMAT : FULL_MATRIX
EDGE_WEIGHT_SECTION
999999999 389525 420019 550361 153218 334203 587823 253946 560140 786868 129564 678925 175991 539278 417025 173822 459617 788473 265055 349151 786302 486273 398827 743962 217190 287953 635341 103492 425092 399064 299673 196775 447694 394492 200542 383599 670232 397963 425541 490322 294641 374130 722428 597247 369834 529971 245637 357775 309619 459475 447850 381296 619791 390266 543441 428016 70780 309899 322663 364886 833666 281907 834987 256929 485614 508171 558940 390311 422800 199554 643296 210068 668084 302230 234498 363511 83293 641467 485391 709445 788713 313135 632602 214490 361714 388031 273620 506397 284754 397829 642085 372220 266534 521999 609903 343619 94755 519445 126225 466637
389525 999999999 768315 805928 342632 643871 314863 623280 455315 1041609 448522 981587 564919 378932 804129 558376 836116 644412 639990 93603 652415 661839 715881 571849 209347 658643 448662 447735 739931 688216 637926 461550 831870 670375 285538 221698 942256 187180 803598 735295 342274 539795 983561 480519 62005 701669 546249 31810 216177 708632 315993 525054 742290 639302 205199 389820 444906 341423 693884 42014 656108 603096 679369 512652 148285 512457 758802 772839 793515 560682 575941 584749 448364 517746 155061 283251 472473 793720 313373 543171 1044724 464486 784011 179693 293941 135727 465006 800505 672669 632822 393811 349373 383203 722304 653179 244980 311660 733482 470861 816554
420019 768315 999999999 254001 563222 542514 1005940 171198 697283 429609 476046 280822 284176 731471 201598 345362 132807 886288 170080 698015 874804 357073 93446 879340 633429 392286 814136 447382 93945 155526 130429 312719 365837 182947 619147 803257 310272 815302 128686 247876 492337 358608 367113 729324 766700 376918 227986 737745 599692 233277 663084 386195 485883 232611 861331 581213 349550 504998 396350 733210 953587 504384 933328 278665 889328 569965 347569 153216 88341 414299 711518 376780 865221 308387 622855 597910 362998 458952 710315 848614 429741 384713 454940 616829 588375 710760 630573 162124 218546 255450 869513 782750 433986 331527 576309 606987 464880 309139 304381 48262
550361 805928 254001 999999999 703510 764403 1090372 366484 582845 240463 647232 200976 478692 643620 455521 546005 378050 725645 379587 719058 710457 186371 187046 739294 731329 622758 706201 615353 168959 155729 281303 369182 619463 155920 743727 903883 137176 904398 381236 70883 471697 276168 178830 606512 823708 176817 304727 779787 599737 97851 602089 298643 264496 169531 838369 502772 485104 477636 633670 765245 798630 719485 768927 307458 946617 439707 118005 406882 340743 619518 555948 588282 762037 289047 687550 564048 525874 219571 646127 713899 242953 344679 218175 696173 552377 710642 807695 94593 451624 173219 784353 920183 423646 126091 389693 588589 552717 100960 425125 257674
153218 342632 563222 703510 999999999 301672 463998 392761 639626 940019 116684 829133 291745 599103 525170 255323 584154 865261 398948 340907 866310 631401 549815 809968 133466 329857 691879 130245 576032 552170 448873 344495 511532 547675 67978 257998 823088 283244 549381 642881 392692 513509 875525 675150 301184 675511 398788 314459 356421 612050 508756 516467 759330 542178 533071 517447 221237 405296 363923 333926 900414 260623 909239 406433 395140 616517 708520 509310 553757 232143 738442 264646 714136 447381 210580 429591 201190 786201 536537 776225 941840 445170 777069 172910 431930 394619 151980 658694 396301 548626 676016 220665 382833 671118 732825 398509 182353 669966 279241 608164
334203 643871 542514 764403 301672 999999999 705297 397931 894323 970670 213288 821210 290180 870417 400979 224429 491700 1122675 385716 639339 1120447 765296 579142 1077200 434535 152604 966085 231939 601001 612385 483938 495067 296775 622055 360123 518224 850157 554213 461854 723874 628543 674866 906996 931409 599307 805109 498344 616069 633168 695535 778618 689007 908543 641311 833669 762080 348971 643940 161291 635414 1167175 53017 1169150 539904 679372 836673 813961 417454 487540 154122 975528 177523 995432 595102 508966 694798 286241 914271 813367 1042729 971074 628850 906699 473000 693949 690105 207327 689084 324001 657256 963799 411117 596291 781927 925719 671136 422544 770884 397611 572314
587823 314863 1005940 1090372 463998 705297 999999999 841768 763494 1330151 577879 1249768 752087 681353 988933 719318 1043938 932459 852206 407527 943298 963029 972345 854596 372537 782793 736571 594239 998092 956953 880461 725910 966110 943795 398083 206516 1223304 190717 1009341 1021387 646809 838111 1269182 785244 275073 1004701 804040 330086 526753 992626 628086 826882 1053282 920885 449093 704671 657212 648519 814278 355483 930696 684309 961340 784924 170634 827317 1057483 970889 1009730 689495 884928 725453 722446 802651 402906 597715 657522 1101791 619313 830212 1332878 760966 1092048 396238 608169 448502 498031 1069944 859005 918445 660431 295391 679031 1019976 967994 558904 546881 1028169 702594 1053250
253946 623280 171198 366484 392761 397931 841768 999999999 641875 580162 305548 446508 116871 656033 200252 182560 212986 854099 24246 562950 846053 390199 182444 831773 470519 259709 747171 276419 205837 215552 87029 204399 311671 228256 450356 637198 459313 651816 181264 328278 397178 333464 515483 677497 614102 424812 145151 591810 481199 301345 575454 356445 534147 256633 741680 512029 185366 412337 275756 591707 914294 353386 902250 205891 734202 537183 422599 156731 171005 255256 684800 222161 792659 258039 471743 499128 191987 528465 621355 798566 581042 323133 521850 460353 491751 585564 462064 294474 104679 276339 785183 611762 341562 393752 585190 498334 312296 379415 152978 215411
560140 455315 697283 582845 639626 894323 763494 641875 999999999 767971 684874 783783 667117 89591 838193 706413 817215 228442 666029 372263 227428 396543 608614 190564 554493 828132 123357 662753 620866 551576 594387 442608 945630 523715 623039 662375 708019 635557 796424 522030 267279 339923 727347 37271 509843 414525 499532 450488 289657 511006 142644 312133 388918 473478 348390 134577 557973 251428 859234 419908 276850 842027 274867 438200 592871 143657 482905 788773 766357 754035 121460 753463 179321 393614 459397 210930 618993 455949 144334 156859 772203 320629 447922 496165 207761 319917 791606 631457 738824 453130 210063 763561 310071 459886 252827 246111 474506 483050 529558 736103
786868 1041609 429609 240463 940019 970670 1330151 580162 767971 999999999 876267 174220 696680 841018 611402 762703 518071 863575 587865 952811 845532 390576 399339 895623 971721 821618 888424 844900 374706 387869 501962 609484 777103 393677 982548 1144342 120904 1144703 535362 308765 702593 503814 64997 784361 1061951 359829 542103 1016409 831391 337748 814368 522252 387820 409799 1057978 712820 719691 706672 825817 1000414 938117 930215 900404 547909 1184187 626458 293039 572982 499254 835010 711365 800079 944764 527714 927246 787808 755346 319923 855101 876090 4651 577383 326168 936512 775922 939817 1036398 286519 647480 411761 977148 1158260 658406 325299 533566 816014 793005 310045 660788 407746
129564 448522 476046 647232 116684 213288 577879 305548 684874 876267 999999999 751362 193277 657783 414670 144655 480333 913281 306607 432054 911901 605045 478050 865558 243605 213963 753257 32087 503594 491856 375023 317489 394930 492849 184656 373024 756591 399680 445668 593284 421874 498527 811275 721729 412543 647923 348695 418619 419880 562753 565968 507669 742424 497667 628144 554446 169991 436724 248487 434120 955764 163948 959242 373268 511164 637596 670564 403647 454664 115728 771549 148231 782154 423234 303405 482473 121379 759575 600174 831160 877618 441056 751043 270590 482084 480215 160499 590312 289777 508544 750825 314795 396010 634848 738650 458008 210745 629330 229694 518074
678925 981587 280822 200976 829133 821210 1249768 446508 783783 174220 751362 999999999 562540 844043 445292 625458 350110 919676 449182 899097 903635 387249 280268 937466 880727 669511 907134 721398 254026 294220 380286 525156 608862 311238 879192 1053994 97122 1060137 370865 265751 658788 470242 130635 807108 992405 374022 445776 953562 784114 284464 799537 494646 445110 346290 1031193 701487 608700 666573 669849 942317 993446 784612 961479 469551 1116448 640533 308735 411365 337765 695050 752992 657592 963001 466931 851209 756195 633800 386328 844363 912961 172431 532234 388588 853696 744788 896762 908566 181214 497693 357739 984988 1049784 606370 325185 581793 777609 703201 301067 554287 249153
175991 564919 284176 478692 291745 290180 752087 116871 667117 696680 193277 562540 999999999 665570 241507 67342 292544 889569 114105 518837 883953 477712 297950 857215 388452 170213 760484 166648 322037 324393 197562 229678 286571 332459 354656 545661 575898 565172 257799 434579 404522 397542 631906 704079 545640 516418 211786 533122 459522 405821 578147 415606 621853 351339 709105 532866 125769 420616 196480 538745 943814 242295 937518 260748 659930 582241 523783 218830 262787 140885 728071 112842 800462 317170 409880 495836 95785 624700 621009 823018 697622 365391 617294 390398 490860 551828 346462 410548 109142 367823 783700 505693 357061 491869 652507 485714 258562 480716 137577 325114
539278 378932 731471 643620 599103 870417 681353 656033 89591 841018 657783 844043 665570 999999999 855652 697393 844465 272496 679688 302642 277596 459457 647067 210990 501050 818759 96115 638864 662153 593811 619145 451995 949907 566833 574258 592962 773524 563321 820873 578986 261815 383363 796982 104174 436392 482880 519687 377908 242683 564320 91816 356240 469499 518257 258967 150373 548430 245912 851466 346583 301351 819267 313179 459934 511122 215584 551200 808498 793912 737801 207642 742045 136626 423145 404876 175830 606368 535130 67249 177630 845117 346955 526656 443432 177824 246272 750048 683036 747144 499877 141430 702421 314761 524739 338748 201180 447969 546247 529238 773253
417025 804129 201598 455521 525170 400979 988933 200252 838193 611402 414670 445292 241507 855652 999999999 270454 96025 1044941 177366 752166 1035682 543641 283808 1027033 629527 251466 945997 395166 292370 342481 247992 404564 166827 366347 590929 782530 497493 804296 76673 446132 597417 515775 552895 873163 786859 569232 338669 772326 678342 427947 775678 541268 679882 410237 936562 710310 359553 612538 240169 776059 1107586 377052 1092911 399997 901396 726116 546474 52827 115881 315580 872805 275195 992248 447328 649459 699215 337090 657911 821607 994316 610738 517702 653354 631500 691942 779463 543097 362738 132374 432971 985426 727633 541570 527217 756071 697415 493895 506429 345090 206416
173822 558376 345362 546005 255323 224429 719318 182560 706413 762703 144655 625458 67342 697393 270454 999999999 336594 931874 176445 522775 927376 541241 364598 895081 367640 121789 793224 125079 388345 391722 264802 280159 274404 399496 321973 513236 641837 536801 302088 501683 440064 455262 698041 743635 532118 580770 274339 526932 478482 472769 607716 471507 684868 417027 717259 571862 149128 456147 154086 536410 983103 175469 979486 318838 640393 630925 590086 259445 313732 73543 774773 49910 830107 374881 404492 523856 93296 689843 648394 860644 763562 416465 682271 379524 520214 561615 287290 476959 145706 432829 808678 459132 397784 557680 708995 509041 266737 547110 182845 383775
459617 836116 132807 378050 584154 491700 1043938 212986 817215 518071 480333 350110 292544 844465 96025 336594 999999999 1013220 196508 775473 1002414 489628 225325 1002476 676546 339954 930809 456906 226493 287331 225429 404078 259145 314121 647090 837717 406463 855847 34782 379478 594360 482713 460966 850546 825481 509663 326343 804592 689388 365961 770362 509755 618312 362629 951240 695485 394608 608402 332446 804693 1079109 463875 1060634 384716 944242 695140 478325 77875 50858 392197 838912 351573 980020 423878 683935 699200 386416 589313 817283 970931 517225 498730 585721 670848 690696 796220 619848 283547 190895 385651 979404 795109 536435 463811 708187 702879 524769 440951 365921 120876
788473 644412 886288 725645 865261 1122675 932459 854099 228442 863575 913281 919676 889569 272496 1044941 931874 1013220 999999999 878337 573783 20203 547173 793804 81028 772750 1053299 196716 891177 801299 732949 797368 661596 1162822 704830 844607 862576 831917 831046 996124 677221 494832 531001 837161 191566 704043 548852 709255 646790 510747 674522 358140 504533 479606 654298 485767 361268 784259 479162 1083656 615262 74578 1070314 48170 648214 765670 318979 611315 993787 962783 981433 174887 979574 214490 597919 676637 435721 845877 545473 339507 102305 868157 531341 540447 714827 433955 516082 1017082 792928 954544 631858 278491 974750 534132 600007 337947 467665 702811 625780 752539 919894
265055 639990 170080 379587 398948 385716 852206 24246 666029 587865 306607 449182 114105 679688 177366 176445 196508 878337 999999999 581651 870273 411259 193476 855966 482222 243715 771031 278693 215412 231564 104674 227832 287880 246125 458428 646882 466973 662831 163613 344672 420388 357157 523509 701682 629019 445018 169322 608401 502318 318591 598682 380339 554827 276940 762112 536013 198428 435636 257636 609203 938532 342913 926487 230125 748175 561356 440443 135754 157745 247490 708965 212266 816312 282109 487458 521857 197799 547397 644449 822739 588565 347377 540985 474558 514633 605621 460504 303783 82096 297180 808339 616401 365083 412563 608281 520333 328437 397370 171515 211499
349151 93603 698015 719058 340907 639339 407527 562950 372263 952811 432054 899097 518837 302642 752166 522775 775473 573783 581651 999999999 579919 570348 639394 505692 217994 632229 382070 424623 662556 607546 567892 386545 796844 588173 297129 290773 855914 263349 744213 648221 251077 449628 895730 400270 138886 609606 471979 79562 123356 622405 230262 433789 648723 554410 196440 297590 394217 249206 667499 52077 593234 593937 611901 433004 241884 420240 667789 716764 730553 536992 491159 555501 391242 432807 130559 190191 431883 700495 235475 474844 956027 375495 690796 168172 200674 59210 480769 718636 623234 546529 344255 402230 295412 631665 560644 151528 260275 643694 410200 745971
786302 652415 874804 710457 866310 1120447 943298 846053 227428 845532 911901 903635 883953 277596 1035682 927376 1002414 20203 870273 579919 999999999 533236 782073 96846 776186 1048591 206748 889283 789049 720963 787873 655346 1155527 692897 847184 869522 815313 838627 985843 663079 492033 520848 819806 191247 711556 533767 701025 653877 513071 661058 360987 494686 462461 642498 497875 358408 780292 476533 1078610 622383 92865 1067942 58912 640192 775812 309608 595572 984303 952098 978053 163508 975371 228557 589160 680203 436784 842209 527943 344831 113788 850122 523853 523077 718099 434474 522718 1018245 778965 947089 619930 292470 979929 529628 585066 321858 469765 701768 610912 747254 907771
486273 661839 357073 186371 631401 765296 963029 390199 396543 390576 605045 387249 477712 459457 543641 541241 489628 547173 411259 570348 533236 999999999 264417 555478 626787 643759 519890 573505 264943 202791 308577 289540 691448 177459 656961 792311 314123 785505 480407 130232 319569 125667 340635 420232 689245 44213 266958 639089 447258 129023 424805 136828 144485 135371 667423 323626 435147 321311 663800 619983 618763 714769 592118 231795 808002 253337 98392 490876 442229 611613 374381 589842 575798 184304 564812 398126 490747 155199 466854 529085 394284 202895 146348 581934 386215 552326 759285 245760 493132 114150 599464 833630 284258 65998 220871 428032 457665 86875 376635 382686
398827 715881 93446 187046 549815 579142 972345 182444 608614 399339 478050 280268 297950 647067 283808 364598 225325 793804 193476 639394 782073 264417 999999999 788579 601679 435904 727124 447070 26265 62113 103028 254334 441224 89547 598959 774617 278950 782086 216701 163320 418127 268791 334413 639822 720899 286442 170330 686425 533303 144157 582969 296559 396583 139582 792052 496748 328857 429482 446657 678532 861648 535585 840685 207923 844818 478603 263583 231925 177939 437602 618949 404444 779221 226838 577867 522759 357978 374750 630100 758313 400456 302658 369904 577310 512562 646050 637686 112827 264669 162273 786595 770309 360619 243418 483018 535784 425535 222820 274029 127537
743962 571849 879340 739294 809968 1077200 854596 831773 190564 895623 865558 937466 857215 210990 1027033 895081 1002476 81028 855966 505692 96846 555478 788579 999999999 710871 1016869 123746 845266 798594 729390 781671 633165 1136191 701224 784892 791804 853745 758976 983007 685308 455034 520789 864132 154324 632365 563522 688638 576197 453571 678979 301465 493323 507942 650473 406658 324351 746192 438970 1048404 544694 90503 1025462 107677 627229 688969 310292 629198 977068 951674 940379 185360 941515 133969 580628 614776 383416 806401 575700 275730 34535 900121 509423 569594 653617 383474 447072 961023 799211 929279 628873 197895 907868 500192 613281 362396 411632 654929 638379 719638 915918
217190 209347 633429 731329 133466 434535 372537 470519 554493 971721 243605 880727 388452 501050 629527 367640 676546 772750 482222 217994 776186 626787 601679 710871 999999999 456990 589082 247906 627651 590456 508185 362282 635441 579802 79443 173472 860407 181874 642323 664812 339709 501983 908990 587658 168982 670587 435561 181844 264912 634841 415270 497680 739379 562703 403866 446143 285324 348377 491807 203362 800407 394088 814225 423925 272866 558625 714499 606067 639961 358460 663596 386638 604709 451113 96173 345169 292667 776685 435179 678267 974104 426274 767107 58331 350549 275405 263162 702536 497406 563725 561015 216967 350025 676417 687961 308426 178963 680397 330222 680813
287953 658643 392286 622758 329857 152604 782793 259709 828132 821618 213963 669511 170213 818759 251466 121789 339954 1053299 243715 632229 1048591 643759 435904 1016869 456990 999999999 914671 210913 456228 474919 346704 397997 183378 487881 397490 581484 701601 610870 309543 587869 561852 567680 758509 865342 625606 680851 380399 627968 596693 561050 728767 585802 788236 513458 828274 693566 270838 577934 35337 640768 1104856 125830 1100975 430925 724930 750247 682092 265008 334963 98531 894997 77928 950958 487349 508398 644716 212771 786799 768891 982432 821854 534311 779877 479096 641345 674645 303573 543196 174230 531655 928212 501509 519169 652466 822704 628687 382601 638877 302201 420406
635341 448662 814136 706201 691879 966085 736571 747171 123357 888424 753257 907134 760484 96115 945997 793224 930809 196716 771031 382070 206748 519890 727124 123746 589082 914671 999999999 734686 740476 671386 706201 543986 1044027 643767 664083 668193 830935 635673 908438 645196 356092 459431 849250 104461 508912 537259 608338 452519 336068 633675 187595 431716 505399 593952 292764 235928 644188 340050 947271 421005 211623 915071 230835 547723 569155 266812 605525 897955 880043 833915 198634 838049 56408 507282 493200 271841 702377 573269 155367 94675 892716 432083 565671 532285 273936 323365 842067 753947 840120 574153 102203 784292 407244 583078 363714 295691 543783 606353 623724 854298
103492 447735 447382 615353 130245 231939 594239 276419 662753 844900 32087 721398 166648 638864 395166 125079 456906 891177 278693 424623 889283 573505 447070 845266 247906 210913 734686 999999999 472720 460057 344070 286574 387538 460851 197150 388196 725381 412364 422143 561220 397967 467985 779917 699775 415612 616283 316614 417111 403774 530680 547117 477698 711353 465595 621063 531174 138359 413121 246150 430503 935237 180406 937489 341710 519153 611146 638547 381031 429259 113188 746786 138734 765273 392140 298417 463115 89646 727909 582790 810793 846286 411853 719411 268248 462088 470314 192344 559144 267428 476541 736018 339116 369518 602884 709808 440489 190904 597277 197781 490132
425092 739931 93945 168959 576032 601001 998092 205837 620866 374706 503594 254026 322037 662153 292370 388345 226493 801299 215412 662556 789049 264943 26265 798594 627651 456228 740476 472720 999999999 69344 128675 278555 453147 97418 625219 800659 254058 807911 221868 154298 438039 281120 309882 651295 745756 283210 195275 710653 555057 139478 600273 308888 391946 148130 812729 512090 355107 448925 465675 702292 870045 558201 847818 230072 869735 488306 254395 241654 181894 461073 626437 427250 793189 245043 602927 542077 383763 365868 647279 768858 375718 320021 361604 602839 531677 668003 663028 88642 283602 169875 802303 796544 381010 237585 485270 556295 451229 215357 300262 118854
399064 688216 155526 155729 552170 612385 956953 215552 551576 387869 491856 294220 324393 593811 342481 391722 287331 732949 231564 607546 720963 202791 62113 729390 590456 474919 671386 460057 69344 999999999 128664 231277 495954 28191 595949 763917 271646 768079 277659 113127 375559 211960 323364 581952 698186 226763 155592 659833 496164 88398 533735 239702 337534 78952 750871 444006 331937 385575 489036 649433 801312 566208 779655 175609 822232 419126 210615 290001 239474 465258 558062 435324 724285 181091 557169 478252 370478 320221 580565 699570 389671 254258 314679 560718 467558 609313 652353 113206 309157 101099 734283 770836 319773 186485 420921 494568 411772 168198 272929 187013
299673 637926 130429 281303 448873 483938 880461 87029 594387 501962 375023 380286 197562 619145 247992 264802 225429 797368 104674 567892 787873 308577 103028 781671 508185 346704 706201 344070 128675 128664 999999999 184120 384118 141568 500215 679847 381814 689760 202281 241253 370168 267804 436984 628529 637110 341057 101824 607408 471860 214412 545195 293307 451325 173453 734043 470530 229041 383835 362042 602786 860839 438309 845267 159291 760116 478416 335957 196435 175150 338273 624872 307193 754894 201053 493254 475507 255097 442732 592203 749458 503166 274350 436353 488590 466628 581981 534707 215534 185338 194494 754033 669536 311944 307894 512040 481622 336262 292831 177978 178639
196775 461550 312719 369182 344495 495067 725910 204399 442608 609484 317489 525156 229678 451995 404564 280159 404078 661596 227832 386545 655346 289540 254334 633165 362282 397997 543986 286574 278555 231277 184120 999999999 503030 218182 377333 535224 498604 537613 376656 303711 192939 181893 546718 479038 467879 333197 85438 432124 287747 273349 371134 194078 424966 201525 549969 310235 149512 207978 425916 424403 718046 442534 709679 62740 591956 352599 364045 359163 355490 342097 498472 329923 588599 105940 326062 296109 209999 444720 417211 599401 611842 136412 435885 329769 288220 398110 469832 344457 296651 205288 580917 554800 137273 326625 430723 298863 183535 325935 97901 360283
447694 831870 365837 619463 511532 296775 966110 311671 945630 777103 394930 608862 286571 949907 166827 274404 259145 1162822 287880 796844 1155527 691448 441224 1136191 635441 183378 1044027 387538 453147 495954 384118 503030 999999999 517091 579435 764751 664112 793664 243497 604525 688132 645036 719287 982057 802813 721071 456313 800596 745484 583713 863680 668108 832060 556117 990546 812748 410811 704101 152391 810709 1220819 293664 1210988 516096 905806 847720 704673 212643 282377 279436 995326 248804 1085524 569454 678608 781968 365217 815522 907086 1102393 776305 631674 810323 652430 776675 834123 481558 527871 208559 577902 1070088 682890 637521 682429 895149 772277 538795 663308 420783 373242
394492 670375 182947 155920 547675 622055 943795 228256 523715 393677 492849 311238 332459 566833 366347 399496 314121 704830 246125 588173 692897 177459 89547 701224 579802 487881 643767 460851 97418 28191 141568 218182 517091 999999999 588890 753050 280609 755786 303293 102258 352564 184362 329977 553944 682359 204050 148906 642483 474942 73508 508014 212051 315058 50765 727728 417274 329296 362026 503609 631084 773135 574754 751571 159359 806254 390953 194394 313643 265694 472822 529944 444572 696837 158143 542543 454254 371716 301773 554705 671442 395775 229494 295695 547837 443398 588010 653112 130466 325723 72975 707508 764879 297721 167033 394112 471767 400840 151265 269219 215184
200542 285538 619147 743727 67978 360123 398083 450356 623039 982548 184656 879192 354656 574258 590929 321973 647090 844607 458428 297129 847184 656961 598959 784892 79443 397490 664083 197150 625219 595949 500215 377333 579435 588890 999999999 191609 867595 215429 612382 680335 392199 535009 918618 657239 239189 701159 440647 259496 334128 649710 486469 534527 778232 578430 482896 508308 271231 402910 431358 282287 874842 322676 887020 440070 327945 615366 739293 573224 614835 300010 728291 332593 681665 475319 171632 412243 261306 810176 509303 751856 984602 462463 800801 132239 416371 354038 183747 705232 460976 582557 639252 177556 392461 701412 739118 377525 199316 702546 325173 665091
383599 221698 803257 903883 257998 518224 206516 637198 662375 1144342 373024 1053994 545661 592962 782530 513236 837717 862576 646882 290773 869522 792311 774617 791804 173472 581484 668193 388196 800659 763917 679847 535224 764751 753050 191609 999999999 1033653 42336 803081 836746 489327 666716 1081880 690985 159991 835558 609018 215804 387242 807010 519843 659661 897097 734844 419564 574944 453748 494816 614012 247339 877077 490866 899007 596438 171598 694892 882663 764431 804142 486291 779931 521127 669911 621043 229944 467073 451337 938867 525968 762256 1146788 589793 929185 210533 475374 346856 313560 876000 652490 734987 615425 139651 510142 844646 831167 427228 352277 849959 501991 850129
670232 942256 310272 137176 823088 850157 1223304 459313 708019 120904 756591 97122 575898 773524 497493 641837 406463 831917 466973 855914 815313 314123 278950 853745 860407 701601 830935 725381 254058 271646 381814 498604 664112 280609 867595 1033653 999999999 1035989 420919 208021 608873 412888 56908 728995 958693 293755 427094 915768 736873 233644 736366 434667 353900 303628 974598 636115 602149 614761 706600 901756 906114 809418 872597 438462 1081983 564378 225840 456657 383441 714109 668511 679202 887200 424678 821021 700686 635960 292525 779622 830669 121731 481842 295521 827849 688970 847814 916496 166299 527382 309507 913186 1042287 560532 248865 494265 725657 681446 227561 544007 291709
397963 187180 815302 904398 283244 554213 190717 651816 635557 1144703 399680 1060137 565172 563321 804296 536801 855847 831046 662831 263349 838627 785505 782086 758976 181874 610870 635673 412364 807911 768079 689760 537613 793664 755786 215429 42336 1035989 999999999 821394 836234 476421 659873 1082970 662971 127078 828221 614374 185531 367585 806960 493587 651136 885267 734917 380596 554179 466909 480639 644039 216746 843237 524810 866450 597629 130089 675451 877703 783876 820528 514384 754423 547841 635170 618643 220701 445744 469866 929419 496759 730085 1147294 582610 919698 208244 454700 317178 351415 880830 673171 733733 579470 181973 501683 839839 813388 405788 356940 846415 511878 862678
425541 803598 128686 381236 549381 461854 1009341 181264 796424 535362 445668 370865 257799 820873 76673 302088 34782 996124 163613 744213 985843 480407 216701 983007 642323 309543 908438 422143 221868 277659 202281 376656 243497 303293 612382 803081 420919 821394 999999999 376156 568218 465124 476450 830304 792131 503087 301403 772013 660272 360119 745117 491722 612928 350088 921694 672682 361103 582561 304035 772627 1060975 432445 1043769 361008 910504 677386 476097 44847 40534 358619 822387 318065 956862 402832 650965 672536 351824 587528 791851 951062 534779 476627 583406 637309 664312 766134 585990 287686 156446 373113 954582 760425 510654 459028 696798 674966 492045 437187 334169 129753
490322 735295 247876 70883 642881 723874 1021387 328278 522030 308765 593284 265751 434579 578986 446132 501683 379478 677221 344672 648221 663079 130232 163320 685308 664812 587869 645196 561220 154298 113127 241253 303711 604525 102258 680335 836746 208021 836234 376156 999999999 400880 206215 248615 547578 753732 135137 245842 709317 528862 30848 534072 229548 239694 102222 768563 435736 427506 406964 602162 694537 748966 676856 721921 241244 876419 380303 100375 394766 336094 575045 504612 546472 700554 219109 618482 493945 472534 211779 578687 658457 311514 273821 207338 628151 482326 639849 753178 116149 422034 103088 720198 857448 352815 85519 347105 517992 486829 61528 366912 264604
294641 342274 492337 471697 392692 628543 646809 397178 267279 702593 421874 658788 404522 261815 597417 440064 594360 494832 420388 251077 492033 319569 418127 455034 339709 561852 356092 397967 438039 375559 370168 192939 688132 352564 392199 489327 608873 476421 568218 400880 999999999 198851 646560 304547 371867 359602 268400 319974 128800 376799 178294 182822 408874 312631 375313 133638 291168 16125 593561 300415 543367 575958 541825 213672 488809 224083 416753 552026 544788 486781 350051 486566 397844 194552 259735 105604 351778 455045 224275 420585 705895 127178 445302 285805 96461 238991 542420 481425 485705 301608 388010 556512 58396 380592 348375 119231 215121 392953 267634 537733
374130 539795 358608 276168 513509 674866 838111 333464 339923 503814 498527 470242 397542 383363 515775 455262 482713 531001 357157 449628 520848 125667 268791 520789 501983 567680 459431 467985 281120 211960 267804 181893 645036 184362 535009 666716 412888 659873 465124 206215 198851 999999999 448447 371066 564965 168890 190695 516019 327639 185848 330091 27791 246157 134994 562352 235010 331405 203009 592238 498189 596396 622732 578663 136826 684808 212441 219666 463960 432099 521035 357514 505105 512499 80459 439174 287880 391431 275402 375750 490013 507149 77303 265949 456416 276212 436390 647554 301062 437695 116715 524490 710778 159080 182660 255167 313228 335936 194113 277597 396324
722428 983561 367113 178830 875525 906996 1269182 515483 727347 64997 811275 130635 631906 796982 552895 698041 460966 837161 523509 895730 819806 340635 334413 864132 908990 758509 849250 779917 309882 323364 436984 546718 719287 329977 918618 1081880 56908 1082970 476450 248615 646560 448447 999999999 745983 1002316 314111 478015 957815 775199 276656 765420 468344 357679 348301 1006903 664252 655022 651408 763458 942630 911690 866102 876038 485563 1125033 584385 245806 512809 439396 770470 678897 735769 905655 467637 866377 734743 690372 292007 807376 842796 66432 520350 296732 874727 722912 884814 971401 221586 584288 351644 935015 1094051 600588 274656 502042 761582 730123 256716 596284 347658
597247 480519 729324 606512 675150 931409 785244 677497 37271 784361 721729 807108 704079 104174 873163 743635 850546 191566 701682 400270 191247 420232 639822 154324 587658 865342 104461 699775 651295 581952 628529 479038 982057 553944 657239 690985 728995 662971 830304 547578 304547 371066 745983 999999999 536562 435268 534610 477494 323281 538005 173250 343336 400943 503440 360111 171776 595228 288689 896397 446520 239764 879147 237742 473218 614872 167277 503244 823451 799695 791296 105701 790718 160547 427527 492136 245792 656264 468809 167197 121162 788673 355462 461225 529380 243251 346083 827108 658641 774994 482606 201100 795037 347083 482194 259824 279779 511246 506041 566542 767359
369834 62005 766700 823708 301184 599307 275073 614102 509843 1061951 412543 992405 545640 436392 786859 532118 825481 704043 629019 138886 711556 689245 720899 632365 168982 625606 508912 415612 745756 698186 637110 467879 802813 682359 239189 159991 958693 127078 792131 753732 371867 564965 1002316 536562 999999999 730474 550574 59483 252598 725898 368580 552722 778379 655079 265233 434991 431057 373447 660530 90043 717226 561145 739738 523130 124082 557376 784621 758932 785103 527093 629474 554176 509920 534688 143861 326727 450918 826755 369996 603221 1064869 488186 817014 155397 336548 190499 413159 811274 654570 650673 455753 287912 406122 747411 697070 287125 302685 756744 464173 814908
529971 701669 376918 176817 675511 805109 1004701 424812 414525 359829 647923 374022 516418 482880 569232 580770 509663 548852 445018 609606 533767 44213 286442 563522 670587 680851 537259 616283 283210 226763 341057 333197 721071 204050 701159 835558 293755 828221 503087 135137 359602 168890 314111 435268 730474 999999999 307068 679542 486294 143744 454886 177819 111008 168181 699747 353278 477946 360411 699801 659725 621818 754995 592318 274708 848406 271013 68477 516762 463932 651793 379487 628950 593565 228271 607591 433775 532766 111687 495277 538975 363761 245811 103131 625301 421873 589438 802749 250153 526361 149196 621116 877789 326614 51586 213992 465174 501858 77602 419007 398007
245637 546249 227986 304727 398788 498344 804040 145151 499532 542103 348695 445776 211786 519687 338669 274339 326343 709255 169322 471979 701025 266958 170330 688638 435561 380399 608338 316614 195275 155592 101824 85438 456313 148906 440647 609018 427094 614374 301403 245842 268400 190695 478015 534610 550574 307068 999999999 516529 371716 215062 444045 212313 410561 149056 633518 372414 181666 282191 403267 509493 770168 447969 757386 61411 674512 392035 322673 289723 276489 344775 539649 323177 655906 113169 407652 373690 229271 417242 490943 655772 544087 179222 409344 408163 364853 482882 507919 266986 248039 161365 653285 616173 210250 287902 445148 380134 257464 280923 121084 275253
357775 31810 737745 779787 314459 616069 330086 591810 450488 1016409 418619 953562 533122 377908 772326 526932 804592 646790 608401 79562 653877 639089 686425 576197 181844 627968 452519 417111 710653 659833 607408 432124 800596 642483 259496 215804 915768 185531 772013 709317 319974 516019 957815 477494 59483 679542 516529 999999999 196819 682267 309106 502272 723680 612433 225385 376574 413133 320255 663240 31536 662033 574488 683288 484224 168913 499129 735478 741123 762160 530173 570011 553761 456127 491091 123287 268624 440763 773588 311247 546479 1019458 440038 763858 148872 278735 131671 440878 772388 640859 606577 404117 336428 358298 698676 639212 229327 280013 709163 439525 785997
309619 216177 599692 599737 356421 633168 526753 481199 289657 831391 419880 784114 459522 242683 678342 478482 689388 510747 502318 123356 513071 447258 533303 453571 264912 596693 336068 403774 555057 496164 471860 287747 745484 474942 334128 387242 736873 367585 660272 528862 128800 327639 775199 323281 252598 486294 371716 196819 999999999 504060 152797 310922 526894 437979 262290 187804 334690 125964 630941 174170 544000 583206 553778 325391 364125 307983 544920 637832 641879 508847 399786 518800 362344 317347 170505 81261 385221 577569 181198 419910 834689 255103 567856 206582 88454 113150 507516 605033 555637 428429 332683 476467 177744 509056 445975 43548 215061 521724 333791 646761
459475 708632 233277 97851 612050 695535 992626 301345 511006 337748 562753 284464 405821 564320 427947 472769 365961 674522 318591 622405 661058 129023 144157 678979 634841 561050 633675 530680 139478 88398 214412 273349 583713 73508 649710 807010 233644 806960 360119 30848 376799 185848 276656 538005 725898 143744 215062 682267 504060 999999999 515654 210758 252826 72166 747093 418825 396728 383628 576225 668113 745321 648107 719970 211032 848883 371141 122284 375933 320643 546012 500672 518038 688519 191302 589768 472130 442123 231968 560931 651178 340372 249640 226616 598786 460643 615713 722557 120646 397163 75883 705738 826764 327134 99271 349668 494794 456641 79820 336117 255026
447850 315993 663084 602089 508756 778618 628086 575454 142644 814368 565968 799537 578147 91816 775678 607716 770362 358140 598682 230262 360987 424805 582969 301465 415270 728767 187595 547117 600273 533735 545195 371134 863680 508014 486469 519843 736366 493587 745117 534072 178294 330091 765420 173250 368580 454886 444045 309106 152797 515654 999999999 304953 462907 461966 246981 101611 459099 163167 761786 279021 391967 727512 400980 386398 457804 211214 521373 730002 720321 646688 260927 651749 222566 356225 319417 84379 516113 523988 47233 267542 818212 280359 514811 357132 87550 180326 660139 630621 663207 445918 209810 621797 234670 490767 350241 110250 356213 509596 443022 706804
381296 525054 386195 298643 516467 689007 826882 356445 312133 522252 507669 494646 415606 356240 541268 471507 509755 504533 380339 433789 494686 136828 296559 493323 497680 585802 431716 477698 308888 239702 293307 194078 668108 212051 534527 659661 434667 651136 491722 229548 182822 27791 468344 343336 552722 177819 212313 502272 310922 210758 304953 999999999 243745 162465 539932 208562 342824 185171 611237 483224 569426 636555 552300 155498 671185 185665 234015 489686 459077 535672 331570 521416 484889 99576 430753 266466 404012 279387 350181 462426 525715 72068 269745 450101 254666 417679 653753 327393 460196 143637 497486 708985 149586 198256 237489 293763 336526 212255 291430 424088
619791 742290 485883 264496 759330 908543 1053282 534147 388918 387820 742424 445110 621853 469499 679882 684868 618312 479606 554827 648723 462461 144485 396583 507942 739379 788236 505399 711353 391946 337534 451325 424966 832060 315058 778232 897097 353900 885267 612928 239694 408874 246157 357679 400943 778379 111008 410561 723680 526894 252826 462907 243745 999999999 277957 709384 364859 573425 405464 808219 700447 554095 857629 519213 371151 890559 255639 147053 627503 573458 754608 323556 733717 561301 319215 667157 462005 631023 68266 496552 488320 392294 315783 61662 689688 450576 619358 893382 349674 636453 257809 598833 952217 389364 154561 145751 498216 580196 178329 516460 504291
390266 639302 232611 169531 542178 641311 920885 256633 473478 409799 497667 346290 351339 518257 410237 417027 362629 654298 276940 554410 642498 135371 139582 650473 562703 513458 593952 465595 148130 78952 173453 201525 556117 50765 578430 734844 303628 734917 350088 102222 312631 134994 348301 503440 655079 168181 149056 612433 437979 72166 461966 162465 277957 999999999 686391 369317 329597 320869 531804 599155 722443 592289 701125 139022 778362 340195 174080 357410 313467 489316 479424 464179 647327 121665 518123 411786 378266 273661 508321 620741 412376 186746 266528 526714 400636 550499 656527 169691 358496 23045 659254 755685 260271 140661 346768 431656 384614 131934 268928 265889
543441 205199 861331 838369 533071 833669 449093 741680 348390 1057978 628144 1031193 709105 258967 936562 717259 951240 485767 762112 196440 497875 667423 792052 406658 403866 828274 292764 621063 812729 750871 734043 549969 990546 727728 482896 419564 974598 380596 921694 768563 375313 562352 1006903 360111 265233 699747 633518 225385 262290 747093 246981 539932 709384 686391 999999999 347716 583442 365791 863500 200615 481615 789256 512729 584901 288045 455385 765123 897862 904016 733371 465498 751277 273625 569849 325184 275000 625353 770945 214264 384118 1061703 499646 761782 360686 286450 157438 665596 855884 810530 673550 211339 552752 431730 732973 590313 256460 451884 750201 591566 908088
428016 389820 581213 502772 517447 762080 704671 512029 134577 712820 554446 701487 532866 150373 710310 571862 695485 361268 536013 297590 358408 323626 496748 324351 446143 693566 235928 531174 512090 444006 470530 310235 812748 417274 508308 574944 636115 554179 672682 435736 133638 235010 664252 171776 434991 353278 372414 376574 187804 418825 101611 208562 364859 369317 347716 999999999 423540 118140 724662 349423 411404 709543 408399 311826 536738 122668 419865 662064 644801 620185 221014 619019 284610 273017 355294 108505 484799 424259 143508 290196 716676 197045 414955 388563 99597 259140 668879 535929 606884 351716 290276 661286 175852 389621 263404 148429 345519 408915 395289 622881
