NAME : synthetic_000531
TYPE : CTSP-D
DIMENSION : 100
GROUPS : 8
RELAXATION_LEVEL : 1
EDGE_WEIGHT_TYPE : EXPLICIT
EDGE_WEIGHT_FORMAT : FULL_MATRIX
EDGE_WEIGHT_SECTION
999999999 708621 543585 409724 614358 443632 609568 321963 581993 547578 387436 270137 339216 386319 535937 419823 301484 204818 631428 225942 428644 247375 635376 568193 404517 521549 396532 369347 429575 549920 283855 579781 687447 319788 621313 376654 565416 640012 769718 592010 197673 448989 396963 518435 420942 670028 664738 374383 237114 481437 514598 322747 485778 368187 283089 470078 522637 602689 567463 672562 641084 411570 491687 640000 365280 237095 504852 133498 469781 247597 355211 196705 274566 474511 491557 525764 468526 198958 140387 91981 377220 580238 182271 373751 438298 547256 333094 479198 577265 165740 28690 593830 369217 303846 201178 466126 645386 224952 231852 388559
708621 999999999 848767 1056906 94768 459096 509313 817144 681731 267341 323851 540727 1046429 326266 1079114 410808 411261 902307 197512 510015 942725 845631 182980 891747 304214 1138778 1088403 766944 1091054 189900 896269 1073756 832958 632105 98889 965268 1011459 146719 789346 268476 882597 696886 861223 304583 1084859 116335 129053 529178 484739 264441 748179 683247 296951 1063166 973954 728089 187155 486701 641884 866906 860831 975307 255645 428318 943485 874929 212216 823550 1090604 642741 912769 528920 494197 248727 1129884 293172 1141936 541828 604398 620324 558443 1023949 748913 375327 928943 850777 732460 487412 471616 832581 734927 1125779 894059 539341 529210 990576 733666 887298 723840 758430
543585 848767 999999999 463543 772098 870149 395249 865419 212126 859689 608572 386905 637738 665788 327821 445179 628241 662893 666336 474907 240352 780747 679488 42983 639042 456904 583575 908679 507716 663156 369114 276563 185579 830998 813006 895908 196567 709891 317641 905998 489645 155086 185901 853200 509653 746500 734441 838850 507073 772053 103249 849359 809191 581016 727124 122236 701638 410996 242312 146269 111073 309364 778546 486245 323188 407050 664500 496337 435372 766309 293976 623464 706060 737324 485366 555820 562395 462373 457646 565994 855380 203425 725856 515084 210410 3672 869528 362738 409902 681318 558369 346401 253259 773025 632942 264530 218827 446446 311735 156197
409724 1056906 463543 999999999 963368 853345 767298 640936 634908 943155 738651 520998 225031 761077 210723 676507 683544 359004 928051 549339 223616 527396 936749 454986 763835 119836 132505 720401 44823 874346 161595 289564 649025 714500 983681 589567 334320 953726 779248 989624 215493 495926 289080 918077 46145 989192 980464 782529 578221 867852 516589 703479 881448 143717 381261 489339 872438 772929 646913 605702 571188 154520 877613 837937 147096 185062 844711 277470 74911 642729 182135 599042 682444 851528 81906 806974 102184 518173 460389 494915 782732 343213 533484 683411 253533 466081 696290 667523 757624 429812 397816 257221 220995 712763 605176 211625 668404 185442 339368 390332
614358 94768 772098 963368 999999999 395140 456804 735241 617000 217650 229083 449445 951850 234442 990638 328563 318661 809239 161043 415651 854206 757787 148441 814945 209842 1046815 993694 690572 997119 109493 803061 988236 771056 554355 52842 880060 928223 114421 740608 235004 787857 618303 773911 248933 990833 108142 115175 456645 390053 188753 673547 605210 230015 968416 881600 650316 92387 434060 577324 801173 792324 884711 181687 385687 851926 780910 119148 728785 998249 559009 821747 437103 408007 164278 1036935 223415 1047708 447420 509758 526573 486619 941088 660355 283973 841485 774315 654193 415534 415153 740860 640841 1038426 804254 458818 437874 902160 673436 792839 631895 673706
443632 459096 870149 853345 395140 999999999 713722 390148 801445 195486 313002 483931 751740 245460 962780 496460 245967 572759 521190 395335 839681 455067 514333 907004 291961 963895 829590 321236 872412 420530 719260 992660 949154 199999 362704 548777 959336 492216 973728 215520 640246 726794 783470 156112 863550 499484 503348 89044 363136 209450 797986 247608 165142 799828 624850 758636 346630 694787 768724 958081 936002 839105 214813 682414 794878 676829 365417 576598 911969 244840 777160 264628 175925 245281 935150 494932 908445 410604 434579 361439 110921 974221 375519 401089 840696 873452 294538 608264 667728 487123 457354 1019508 779599 145160 256511 883536 869820 668295 603367 724560
609568 509313 395249 767298 456804 713722 999999999 886868 190371 618853 400742 339815 864148 468545 699141 224426 485369 801927 312020 406601 577112 846607 326529 435313 423417 804469 853938 890120 810817 354159 619352 664160 328771 770095 507488 980503 587551 362604 283976 656303 682985 279663 492613 629734 808754 394758 381869 724291 418008 540528 294492 808636 589336 839275 880209 298042 420143 22771 154257 369437 371102 634401 542408 93196 622981 628071 384837 650773 768380 729856 587286 556493 603776 498460 817153 241122 868540 422350 470377 568987 750725 596291 758862 317406 552525 395903 846999 131009 46263 775280 636487 730033 552402 680381 564517 618202 228719 659583 456056 381031
321963 817144 865419 640936 735241 390148 886868 999999999 892195 575012 554132 557017 461739 512489 815516 670491 443354 284699 814843 480470 729832 115025 813420 889146 553686 760743 564345 92968 641138 715444 567517 872978 1006732 191231 718418 159339 871844 804008 1080744 603096 441332 766675 711850 535677 631128 823571 823050 302743 470044 552895 834277 142583 526785 535084 295870 789663 658713 875226 872902 993855 962729 697295 562004 895287 651385 515948 659024 397983 713714 177494 651317 338303 330448 571057 717244 739244 656414 467782 433928 323260 279360 886201 139982 593044 744632 869091 98217 757266 847706 212511 307822 872380 673945 277883 332083 760138 958163 486831 553713 710519
581993 681731 212126 634908 617000 801445 190371 892195 999999999 745946 502089 342227 770619 567995 532595 315692 556806 748060 488395 430943 424096 829310 502518 249397 530369 651469 739295 914942 679673 508418 505948 487719 155537 812264 663934 957598 408405 536520 188559 788566 598770 147243 346639 748486 679475 571265 558573 791561 455038 660771 121695 842061 705170 730049 821991 146019 562177 209237 39852 185187 182081 488570 665061 283514 487855 528308 524585 583121 622069 758607 453275 592523 660361 621050 672222 393588 736974 433004 458305 570121 813888 415547 754578 406214 396241 212138 872625 206816 215237 742067 604591 556507 413914 735249 601765 459031 69022 565084 376110 249087
547578 267341 859689 943155 217650 195486 618853 575012 745946 999999999 251233 484234 881094 197175 1015962 430666 261559 714479 366734 413948 883444 623695 356678 900500 220879 1043240 944067 513559 969514 277658 792847 1030939 900778 384266 175696 730574 983968 327492 897699 47873 741960 706191 813766 39775 961670 325778 332316 274557 380331 87636 772218 434666 61944 915758 777009 739410 202879 597297 708644 920568 904607 897872 81591 566299 857916 758771 235146 678104 991864 411219 833632 350903 283569 124985 1022796 379634 1012998 440279 487541 455942 301752 998199 533454 346430 877819 862548 483310 539889 573179 634297 568664 1069535 826465 302803 346903 930455 810311 759850 644705 732344
387436 323851 608572 738651 229083 313002 400742 554132 502089 251233 999999999 240460 723390 68054 783089 187922 110797 586390 262032 189317 647800 554686 262084 649560 30529 827277 764837 530664 770975 167492 579964 790528 655172 397743 245040 684279 738872 258838 665608 297435 558893 454959 572978 247981 764375 285535 281714 331024 161613 163639 521308 443942 204114 739405 661037 488177 136697 381809 466508 671982 654768 670676 169974 373348 634671 554780 117748 499708 777539 378396 606660 225230 229165 129546 814102 192747 820508 220570 281386 302453 359488 752775 456447 96509 638986 611409 489337 300397 354726 523470 414600 834211 593786 300290 228660 695600 568624 564988 415097 484823
270137 540727 386905 520998 449445 483931 339815 557017 342227 484234 240460 999999999 555776 287098 544098 163780 241462 467235 408792 91409 408205 508061 416770 424961 270155 598148 571581 573706 558058 354522 359405 550090 476112 470619 477017 641418 499941 432755 529000 531802 375364 243956 332519 472780 552860 468206 459480 459119 121137 397730 315786 499844 429351 550441 546174 275160 362190 332557 318511 478320 454095 435356 405556 372255 402757 345683 330462 329704 550399 416479 372303 251578 325804 368477 590991 289455 611912 90994 130566 234094 478777 514087 423616 165523 398626 390136 531126 209139 307194 435689 297495 594325 355808 397913 260970 456136 410606 366204 183502 248791
339216 1046429 637738 225031 951850 751740 864148 461739 770619 881094 723390 555776 999999999 725518 434585 719393 640682 184840 954484 546555 414703 347557 960202 639900 742267 332789 108789 550480 204569 881039 269975 511197 819699 579824 960347 379276 545865 969028 937974 923682 182155 623511 451858 849383 195203 1001035 994668 669411 565962 819187 664400 555570 819931 84558 172043 627778 859687 864115 772400 784002 748802 352550 829487 917897 321727 242329 839600 228260 297717 514471 345609 532116 599715 813612 281814 840518 201572 515386 450287 430336 661628 556688 386996 695691 441890 640876 535839 745090 843349 271362 314786 482251 385341 606622 535106 419123 817638 206516 408303 523687
386319 326266 665788 761077 234442 245460 468545 512489 567995 197175 68054 287098 725518 999999999 821501 255276 85404 576296 304991 219255 687943 525455 302279 705971 47914 855826 775904 480459 790661 203736 606019 834376 720161 344991 235365 650776 786796 291518 733317 244844 570217 513852 616991 187415 783452 312110 310930 269022 186570 111563 581837 393364 143438 749122 647692 546936 148521 449410 532979 735256 716885 705271 120177 438402 666785 576035 146715 508344 805091 335027 640957 202762 182153 90560 838863 253666 837608 247476 300802 296038 298309 801024 427480 161819 681488 668754 440512 367824 422462 506533 411525 874338 631769 246422 203433 735248 635020 581816 450462 535458
535937 1079114 327821 210723 990638 962780 699141 815516 532595 1015962 783089 544098 434585 821501 999999999 672231 756108 546163 921611 602417 136437 706813 932707 303278 811928 142443 341818 886061 242380 889581 253307 81601 501217 855499 1020712 785697 147185 956564 639453 1063785 374238 420888 219435 997634 249257 993581 983036 904239 635745 932896 411778 854388 956711 354427 581537 401184 905620 710508 555892 450441 419288 124606 941673 783131 170660 303437 872619 421612 145936 783073 185661 698370 786879 908211 186291 801034 281822 575709 533538 604274 910502 150546 692805 707717 152211 329077 856232 628573 702183 603706 533893 57940 189746 832943 706311 88538 546627 328964 371280 329842
419823 410808 445179 676507 328563 496460 224426 670491 315692 430666 187922 163780 719393 255276 672231 999999999 261571 622726 252851 197820 536510 641160 262684 487791 215232 744097 734107 668147 715440 221394 515651 663318 470156 546052 367920 775632 600742 284521 478184 474062 539143 290513 453050 432851 710858 321446 311118 501102 201088 345106 349462 585517 389664 713567 701653 322988 256846 209032 279226 490757 476587 575385 349537 225763 548682 506641 219482 492636 698923 508148 515521 335178 379349 305684 742346 131111 770549 221290 281020 362380 527025 613345 548647 95438 520738 447560 625108 112547 181002 581612 448307 716928 491902 455964 342753 583905 381323 529014 337341 347873
301484 411261 628241 683544 318661 245967 485369 443354 556806 261559 110797 241462 640682 85404 756108 261571 999999999 491076 372399 158496 625147 446402 371877 666417 114177 781926 693178 422196 711541 275416 531531 774830 703344 291747 320739 574643 732742 366097 732680 309007 488088 482010 559266 241528 704041 390058 387546 239694 124451 184465 552784 336060 201047 666008 562948 514227 230087 468733 525166 712227 690541 636909 194360 471106 596521 498657 221416 425500 730665 267996 572769 119035 121979 173181 762487 299390 757127 181330 225993 210783 265463 747326 348083 168266 621371 631443 380335 369842 440818 422387 326366 810448 567177 196924 120877 671600 625493 502017 385502 487934
204818 902307 662893 359004 809239 572759 801927 284699 748060 714479 586390 467235 184840 576296 546163 622726 491076 999999999 835430 430677 481474 169840 838988 676812 600548 478333 281293 369726 356740 751511 314418 611486 830019 395551 810965 242485 624286 842249 930301 754791 181080 604593 486276 680529 346717 871195 866482 488317 441382 660036 660739 370759 654711 251551 79011 618381 718931 797176 740254 804710 770556 436313 670348 839457 393300 265515 704124 167922 433020 331785 402213 374823 430911 660120 433403 730582 372386 403057 341716 283937 478879 637583 202669 578438 502041 666437 352332 673677 772940 86997 176159 601133 433329 428421 375827 503077 805552 228829 372765 521197
631428 197512 666336 928051 161043 521190 312020 814843 488395 366734 262032 408792 954484 304991 921611 252851 372399 835430 999999999 409014 786843 816060 14532 709164 261378 996909 979142 785441 966160 102449 766711 907057 637484 649748 213800 946239 839618 51410 592020 391401 778627 519338 702203 391627 961214 83095 70289 566558 394316 313608 563861 698349 362504 956930 912390 548684 174597 289485 448702 673361 669289 827826 310194 231507 801533 754450 159977 726270 951753 638023 768318 486622 486056 275914 994957 121756 1020502 439553 504580 554438 596675 851178 717975 259226 769497 668029 745445 304074 275523 779098 659827 964061 744049 551169 490445 833749 537773 773806 588700 593317
225942 510015 474907 549339 415651 395335 406601 480470 430943 413948 189317 91409 546555 219255 602417 197820 158496 430677 409014 999999999 469496 443990 414118 511697 215121 639100 579562 489591 581945 335452 390869 617672 567293 381398 434341 578482 574305 422537 616073 461818 374801 334976 401320 397805 575477 454994 448309 367814 34114 330502 406910 412878 355705 555216 509029 365775 323886 395689 405066 569674 545176 486117 339359 422689 448188 365687 298416 318969 588976 330472 421813 161582 234451 307409 624930 300093 632086 31888 96430 164883 387370 588868 353179 149799 464314 478232 446638 276805 368515 384591 254631 655643 412744 306614 170828 516547 499711 377311 231237 330555
428644 942725 240352 223616 854206 839681 577112 729832 424096 883444 647800 408205 414703 687943 136437 536510 625147 481474 786843 469496 999999999 628077 797711 231862 676886 228390 347737 792088 267514 753255 167129 153387 425600 746920 884480 723779 143265 820993 557280 931314 300505 297540 86032 866445 269761 857952 847533 786200 503187 799484 302803 751306 824901 348819 532174 283056 769353 586612 441849 382161 347586 69121 808080 657395 93414 217377 736235 332384 198436 675420 79575 575237 664041 773766 248721 665877 322062 443954 406271 486917 794900 157096 598647 571396 29957 242786 758789 497578 576040 523720 431830 186526 60459 715205 583631 47992 450345 252672 239746 199047
247375 845631 780747 527396 757787 455067 846607 115025 829310 623695 554686 508061 347557 525455 706813 641160 446402 169840 816060 443990 628077 999999999 816687 801110 560531 647082 449404 203117 526516 721499 462936 767244 932634 259207 748715 134497 771091 812430 1017092 657848 333122 695601 617690 586045 516497 836209 833919 366201 441622 586423 759847 222144 569148 420089 185680 715539 673950 837511 814134 915033 882573 591103 596292 866594 545900 411545 667788 296185 600710 213152 548758 329510 351775 596931 602929 727153 541396 424752 378417 279128 349317 785128 98324 575097 644938 784402 192689 715608 810908 104389 226282 763097 574370 321368 326123 655569 892729 379881 471904 628887
635376 182980 679488 936749 148441 514333 326529 813420 502518 356678 262084 416770 960202 302279 932707 262684 371877 838988 14532 414118 797711 816687 999999999 722347 259736 1006738 986281 782437 974564 98619 775300 918929 651830 646453 201036 946289 851904 37066 606532 380247 785089 531942 713274 382464 969511 68792 56056 561568 398378 305976 577141 695379 354392 963802 915649 561489 167844 303985 462801 687533 683277 838004 302178 245944 811215 762254 156129 732090 961300 636326 778181 487177 483960 269146 1004210 131931 1028667 444934 510024 557209 591742 863549 718489 264536 780661 681211 742749 317001 289891 781498 663680 975536 754369 547926 490740 844732 552153 781052 597493 604829
568193 891747 42983 454986 814945 907004 435313 889146 249397 900500 649560 424961 639900 705971 303278 487791 666417 676812 709164 511697 231862 801110 722347 999999999 680061 437656 579224 935551 498325 706050 374679 245160 198948 861960 855676 912973 164267 752828 336320 946983 500241 197416 192018 893368 501076 789418 777344 873437 544321 812877 145624 878596 849408 578894 738233 164808 744085 451626 281557 151370 117851 300630 819503 526909 320364 416169 707010 512141 420471 796086 294294 657358 741125 778551 469778 598803 551359 497772 489412 595778 889196 169073 750200 556589 202284 41136 897093 405667 451358 700169 581385 316156 254865 806776 666789 248781 248138 455387 337055 186275
404517 304214 639042 763835 209842 291961 423417 553686 530369 220879 30529 270155 742267 47914 811928 215232 114177 600548 261378 215121 676886 560531 259736 680061 999999999 854065 786722 525204 795431 162090 605958 820233 683934 390497 220965 688218 769046 252203 691661 266956 580628 485332 602633 218613 788655 275903 273389 316837 185671 133352 551459 438147 174960 760839 674000 518554 118447 403856 494365 701448 684566 698724 139523 390943 662163 579466 107257 520472 804060 376680 634604 232715 224776 99084 839947 205753 844261 245791 304820 317152 346031 782982 462222 126036 668448 641871 484681 327306 377214 534731 431052 863363 622455 292122 234972 724622 596486 588419 443064 515173
521549 1138778 456904 119836 1046815 963895 804469 760743 651469 1043240 827277 598148 332789 855826 142443 744097 781926 478333 996909 639100 228390 647082 1006738 437656 854065 999999999 227776 840121 128229 952283 250401 222163 636604 831440 1071092 705795 288630 1026860 773255 1090354 332021 525344 311858 1020240 137718 1063208 1053639 895807 670075 964928 529832 821881 982046 248278 496689 511442 957694 813204 670149 587601 555220 171605 974402 882753 195835 287623 927667 391809 51955 759324 228596 705302 790808 945548 52654 875154 149742 609142 556142 603098 897348 292820 652495 763451 255328 458674 815636 718613 801399 549623 511959 167819 255868 825395 712026 193316 673495 296934 414966 424051
396532 1088403 583575 132505 993694 829590 853938 564345 739295 944067 764837 571581 108789 775904 341818 734107 693178 281293 979142 579562 347737 449404 986281 579224 786722 227776 999999999 650912 101381 914192 235572 421605 768811 668653 1007434 487964 466187 998918 894731 988525 206098 594908 401460 914856 93256 1032717 1025231 751014 603669 876094 625491 648884 882228 30234 279956 593505 901378 856772 746565 728267 693316 280143 886251 916586 260399 229044 877715 267682 198464 600223 291147 593235 668511 865888 175693 860941 93235 547681 484136 488152 746173 475411 477789 724349 377016 586382 633211 743389 838575 364288 376722 384836 332152 684919 597619 341864 779207 205421 403262 490374
369347 766944 908679 720401 690572 321236 890120 92968 914942 513559 530664 573706 550480 480459 886061 668147 422196 369726 785441 489591 792088 203117 782437 935551 525204 840121 650912 999999999 723606 683819 634501 939223 1038705 136635 668169 243815 931996 769152 1102535 536740 514087 798252 766072 473789 713656 785213 786055 239362 473090 503423 868112 87097 471177 621257 387314 823726 621004 876484 892216 1030415 1000805 765107 511718 888815 718659 583337 626365 464715 791781 160269 715152 333627 301501 527064 798486 721574 742056 482729 460411 347626 211851 946647 193793 583323 804449 912335 43130 763504 848549 290918 361290 943553 734255 234667 325655 825517 982554 557502 598528 752536
429575 1091054 507716 44823 997119 872412 810817 641138 679673 969514 770975 558058 204569 790661 242380 715440 711541 356740 966160 581945 267514 526516 974564 498325 795431 128229 101381 723606 999999999 910068 199820 323138 693098 726080 1015929 578942 373120 990690 823765 1015524 232182 540351 333903 943255 10029 1025859 1017376 798995 609805 896004 561412 712025 907643 120097 369693 534052 905714 816130 691474 649292 614899 198404 905890 880536 191826 216265 878867 296103 97452 655130 226720 622461 703897 881219 78128 845463 57792 550449 490878 517423 797592 381214 540822 718959 297467 510211 701787 709537 800451 432843 415151 283684 265772 730143 628128 252950 713194 209704 378116 434720
549920 189900 663156 874346 109493 420530 354159 715444 508418 277658 167492 354522 881039 203736 889581 221394 275416 751511 102449 335452 753255 721499 98619 706050 162090 952283 914192 683819 910068 999999999 712960 883898 662960 547861 155692 850026 822111 91365 637934 308818 710127 509796 671429 297983 904346 120201 114971 464154 315226 215368 564219 596761 265296 890335 827041 541587 76247 331635 468858 692188 682971 787207 213143 291320 756585 694947 57609 654178 904863 538185 725198 392367 385614 175854 945421 115488 962465 367164 431809 467997 494256 834737 623186 191118 739163 665329 644152 306087 310804 690531 577753 935953 705343 449322 395396 801048 566023 710351 538019 568636
283855 896269 369114 161595 803061 719260 619352 567517 505948 792847 579964 359405 269975 606019 253307 515651 531531 314418 766711 390869 167129 462936 775300 374679 605958 250401 235572 634501 199820 712960 999999999 305502 549856 602711 824721 556657 310221 792133 668639 839989 133385 360293 183563 770083 195521 827604 818870 655873 420983 714703 395783 601087 731690 224254 367542 361016 712596 622965 511630 515272 480114 130625 724226 684849 84169 51575 684181 170016 199206 530200 87804 457553 544464 696020 234169 645818 255563 360285 305836 357926 660403 323775 440804 522156 188045 372354 603651 512546 605739 358589 280665 311227 121490 584709 464707 192780 549543 85589 178311 256992
579781 1073756 276563 289564 988236 992660 664160 872978 487719 1030939 790528 550090 511197 834376 81601 663318 774830 611486 907057 617672 153387 767244 918929 245160 820233 222163 421605 939223 323138 883898 305502 999999999 437770 898973 1021735 853052 80904 945134 576944 1078789 434438 392749 217631 1015447 329679 982286 971168 939583 651656 945865 370621 901812 973335 432774 652088 368308 906646 677586 515101 384927 356062 176152 954146 751863 221619 357052 872108 475419 227316 827162 224881 728367 817158 918286 267660 788611 363422 593528 558661 640192 948158 78354 745431 709036 153459 277072 907287 607078 672227 663154 581221 71415 213829 868574 736819 113906 493113 387369 390817 315447
687447 832958 185579 649025 771056 949154 328771 1006732 155537 900778 655172 476112 819699 720161 501217 470156 703344 830019 637484 567293 425600 932634 651830 198948 683934 636604 768811 1038705 693098 662960 549856 437770 999999999 945036 818615 1054799 357818 686794 139203 943725 663719 240576 368875 902421 695152 720579 707761 933553 594557 815177 172869 970771 858889 765557 898453 217371 717665 350304 194435 55013 81989 494696 819692 419819 508430 583922 680092 662097 618535 886776 478405 727359 800809 775812 668133 547754 747423 564246 578311 691082 954291 359523 867023 558834 395643 182967 997407 362307 361973 838093 706504 509160 437459 873898 736806 446866 100081 623063 462183 308829
319788 632105 830998 714500 554355 199999 770095 191231 812264 384266 397743 470619 579824 344991 855499 546052 291747 395551 649748 381398 746920 259207 646453 861960 390497 831440 668653 136635 726080 547861 602711 898973 945036 999999999 533226 349033 880480 632679 997264 411873 499482 707115 707546 344783 716545 648578 649445 111696 359574 367956 778656 51152 338034 638423 437305 735225 484415 755079 786266 942398 915027 731271 376508 762203 684894 554290 490326 440570 780593 72568 674788 219895 169772 390606 795759 589936 754316 380965 373453 267040 90687 895433 192896 457212 754610 834581 100374 646999 727047 308610 322511 913422 686907 98585 210788 785555 880933 536316 530235 675870
621313 98889 813006 983681 52842 362704 507488 718418 663934 175696 245040 477017 960347 235365 1020712 367920 320739 810965 213800 434341 884480 748715 201036 855676 220965 1071092 1007434 668169 1015929 155692 824721 1021735 818615 533226 999999999 867171 963992 166345 791448 186915 801341 658434 805883 210533 1009265 155539 164218 430762 406201 165592 715900 584365 199037 981331 881203 690868 115194 484791 624433 847330 837377 911834 156756 437942 877371 799779 150053 740701 1021735 544428 848268 436322 396966 152344 1058890 271129 1065114 465600 525679 531378 460181 977160 652530 313223 873120 815344 633577 460407 465162 739077 646788 1069826 832825 440568 435942 932471 721699 809336 657185 708731
376654 965268 895908 589567 880060 548777 980503 159339 957598 730574 684279 641418 379276 650776 785697 775632 574643 242485 946239 578482 723779 134497 946289 912973 688218 705795 487964 243815 578942 850026 556657 853052 1054799 349033 867171 999999999 866710 940413 1144482 760384 423275 820716 724671 691611 569077 962762 961108 460721 575882 702553 882669 301602 680001 461888 209249 838819 799059 971665 944007 1034078 1000787 678448 712047 1001089 635742 507139 795257 400949 664477 322936 644395 459998 472054 717058 657069 860088 580836 559015 511276 413612 438236 880046 229557 708610 743841 899522 257321 849495 945151 216797 353057 839461 674554 429453 455842 745432 1019699 471114 592616 747818
565416 1011459 196567 334320 928223 959336 587551 871844 408405 983968 738872 499941 545865 786796 147185 600742 732742 624286 839618 574305 143265 771091 851904 164267 769046 288630 466187 931996 373120 822111 310221 80904 357818 880480 963992 866710 999999999 879423 496869 1031624 443504 321373 175986 970953 378163 916532 905102 912058 608409 897662 293160 887841 928043 472914 672945 294710 849418 601755 436921 305600 275929 194195 905491 676487 232318 360640 813953 475119 282979 809943 222837 697274 785472 867890 328586 722959 419688 552791 525296 616238 922986 14996 739154 653333 127556 196897 897646 537180 597691 666775 570822 152091 198024 841858 706138 126781 412291 395640 356750 255425
640012 146719 709891 953726 114421 492216 362604 804008 536520 327492 258838 432755 969028 291518 956564 284521 366097 842249 51410 422537 820993 812430 37066 752828 252203 1026860 998918 769152 990690 91365 792133 945134 686794 632679 166345 940413 879423 999999999 643265 348532 796113 560712 737230 355268 985345 37152 26792 543835 404174 282835 608041 682316 329809 975733 918037 590858 148879 339984 496723 721674 716659 859253 278116 282909 831074 776944 145276 741473 980649 626539 798588 483530 473626 248461 1022694 156560 1044088 453927 518932 558995 574077 891332 714106 274669 804830 711712 730282 347163 325111 781837 668005 1000501 776105 534519 486413 868318 587310 794196 615164 630205
769718 789346 317641 779248 740608 973728 283976 1080744 188559 897699 665608 529000 937974 733317 639453 478184 732680 930301 592020 616073 557280 1017092 606532 336320 691661 773255 894731 1102535 823765 637934 668639 576944 139203 997264 791448 1144482 496869 643265 999999999 936964 773332 325773 493318 905440 825181 673443 660592 970692 638258 816271 273993 1028510 863530 889249 1002451 313443 702226 306657 211012 193081 220943 625946 819145 361306 635540 697699 666090 763580 753002 945386 603635 777379 841466 774834 802955 523972 879165 619983 646836 758501 994279 498716 943108 573046 527446 315531 1060057 365758 327338 928362 791781 648342 562678 917279 786479 581889 124983 735996 557575 415810
592010 268476 905998 989624 235004 215520 656303 603096 788566 47873 297435 531802 923682 244844 1063785 474062 309007 754791 391401 461818 931314 657848 380247 946983 266956 1090354 988525 536740 1015524 308818 839989 1078789 943725 411873 186915 760384 1031624 348532 936964 999999999 787238 752168 861588 74364 1007595 341971 349924 300462 428188 134432 817646 461237 108320 960020 815569 785396 236812 634419 750865 964610 949257 945569 127482 599771 905487 805456 271466 723238 1038915 444720 881343 395349 324465 169331 1069471 415686 1058474 488087 534916 500691 325606 1045833 569865 391851 925681 908826 509066 582027 611035 673366 612461 1117393 874309 336546 390927 978315 852203 805943 692540 779718
197673 882597 489645 215493 787857 640246 682985 441332 598770 741960 558893 375364 182155 570217 374238 539143 488088 181080 778627 374801 300505 333122 785089 500241 580628 332021 206098 514087 232182 710127 133385 434438 663719 499482 801341 423275 443504 796113 773332 787238 999999999 451774 308427 714226 223406 829293 822203 567626 397973 671731 499768 490442 680019 180616 237993 460069 695504 682469 597304 634080 599321 258321 681818 735748 213838 84931 672354 64279 281486 427491 221155 392426 472226 660388 297222 662523 271392 343004 278803 286983 567327 456947 322778 521513 321001 493086 486710 563008 661422 229540 183140 431051 252678 498325 397626 323850 650332 47867 228353 357865
448989 696886 155086 495926 618303 726794 279663 766675 147243 706191 454959 243956 623511 513852 420888 290513 482010 604593 519338 334976 297540 695601 531942 197416 485332 525344 594908 798252 540351 509796 360293 392749 240576 707115 658434 820716 321373 560712 325773 752168 451774 999999999 213712 701021 539385 597660 585931 702733 364988 618593 72013 731278 656954 584544 677271 33228 546669 289910 151782 235585 210200 356422 624835 362247 349278 381182 509610 438261 490808 647288 313873 491704 569332 583174 540202 405041 598058 328002 337959 450633 721673 332392 627187 360643 272904 157643 757088 215936 281402 604089 469380 455199 276521 640143 501218 338677 200958 417847 231831 105655
396963 861223 185901 289080 773911 783470 492613 711850 346639 813766 572978 332519 451858 616991 219435 453050 559266 486276 702203 401320 86032 617690 713274 192018 602633 311858 401460 766072 333903 671429 183563 217631 368875 707546 805883 724671 175986 737230 493318 861588 308427 213712 999999999 799023 334298 774271 763672 736316 435405 728420 227519 717328 756608 396930 546373 202283 690695 501550 361248 332170 296974 143027 736640 571834 142858 224168 656754 324077 277414 637871 110322 521304 609486 700655 327114 581605 390832 378432 349311 441865 747662 190927 575487 492740 67747 189068 730032 411568 490457 514899 405620 264589 69369 666293 530183 131695 379678 263369 180827 113105
518435 304583 853200 918077 248933 156112 629734 535677 748486 39775 247981 472780 849383 187415 997634 432851 241528 680529 391627 397805 866445 586045 382464 893368 218613 1020240 914856 473789 943255 297983 770083 1015447 902421 344783 210533 691611 970953 355268 905440 74364 714226 701021 799023 999999999 935219 356487 362174 234840 363793 89291 768495 395082 44070 886247 741738 734147 221858 608676 712003 919952 902639 878156 87610 582096 837284 734413 250645 650123 968642 373209 814095 321945 250102 131275 998290 393547 985577 422492 466201 427395 261978 985354 496825 344448 862047 856162 443664 543931 583684 599361 538546 1051934 808662 264777 317262 913033 814036 733868 626928 721561
420942 1084859 509653 46145 990833 863550 808754 631128 679475 961670 764375 552860 195203 783452 249257 710858 704041 346717 961214 575477 269761 516497 969511 501076 788655 137718 93256 713656 10029 904346 195521 329679 695152 716545 1009265 569077 378163 985345 825181 1007595 223406 539385 334298 935219 999999999 1020412 1012009 789866 603084 888493 561695 702299 899780 110850 359832 533695 899321 813800 690719 651834 617330 200662 898401 877754 191742 209932 872708 287446 105208 645668 226234 614225 695362 874012 88013 840679 60237 543916 483973 509097 788312 386541 531055 713229 299678 512200 691916 706418 797842 422917 406231 291581 265767 721118 619822 256873 713861 202047 373643 433730
670028 116335 746500 989192 108142 499484 394758 823571 571265 325778 285535 468206 1001035 312110 993581 321446 390058 871195 83095 454994 857952 836209 68792 789418 275903 1063208 1032717 785213 1025859 120201 827604 982286 720579 648578 155539 962762 916532 37152 673443 341971 829293 597660 774271 356487 1020412 999999999 12894 555962 435366 290556 644485 698774 335041 1009230 946365 627703 164913 372299 531531 756305 751888 895874 284699 312226 867392 811671 168857 773916 1016810 646141 835041 508502 493276 259748 1058609 193708 1078989 486581 551418 587439 586165 928420 737942 308419 841886 748292 747202 383767 358617 808963 697799 1037611 812832 551094 510875 905310 620861 828304 650974 667346
664738 129053 734441 980464 115175 503348 381869 823050 558573 332316 281714 459480 994668 310930 983036 311118 387546 866482 70289 448309 847533 833919 56056 777344 273389 1053639 1025231 786055 1017376 114971 818870 971168 707761 649445 164218 961108 905102 26792 660592 349924 822203 585931 763672 362174 1012009 12894 999999999 558179 429397 294052 632325 699443 339428 1001943 941969 615851 165094 359414 518853 743588 739284 885980 288564 299398 857856 803524 166133 767278 1007440 645563 825353 505606 492620 261959 1049481 182571 1070716 479784 544732 582937 588409 916931 735611 300899 831245 736213 747707 371737 345792 805139 692630 1026797 802795 551667 508207 894822 608026 820601 641942 656386
374383 529178 838850 782529 456645 89044 724291 302743 791561 274557 331024 459119 669411 269022 904239 501102 239694 488317 566558 367814 786200 366201 561568 873437 316837 895807 751014 239362 798995 464154 655873 939583 933553 111696 430762 460721 912058 543835 970692 300462 567626 702733 736316 234840 789866 555962 558179 999999999 339097 267962 774698 160804 232467 721009 537830 733246 395089 707073 761630 937437 912926 779762 275530 704091 734458 610924 406867 505068 844099 157624 719539 216666 133407 296258 864427 522308 832406 376721 388321 300089 30243 927042 288718 406898 789864 842293 208982 609369 679299 401957 384719 961654 725754 71298 207396 828252 860552 598938 555542 688089
237114 484739 507073 578221 390053 363136 418008 470044 455038 380331 161613 121137 565962 186570 635745 201088 124451 441382 394316 34114 503187 441622 398378 544321 185671 670075 603669 473090 609805 315226 420983 651656 594557 359574 406201 575882 608409 404174 638258 428188 397973 364988 435405 363793 603084 435366 429397 339097 999999999 297442 436712 393821 321814 578586 518849 396295 297796 405538 427443 598748 575021 518769 306441 426765 480245 393796 274569 339971 619647 312981 454454 140482 206272 275575 654695 290903 658977 60996 119794 165170 359852 622966 347907 137635 498269 510361 429974 290420 377879 389487 265542 689205 446161 280300 149201 550129 524017 403379 264468 364048
481437 264441 772053 867852 188753 209450 540528 552895 660771 87636 163639 397730 819187 111563 932896 345106 184465 660036 313608 330502 799484 586423 305976 812877 133352 964928 876094 503423 896004 215368 714703 945865 815177 367956 165592 702553 897662 282835 816271 134432 671731 618593 728420 89291 888493 290556 294052 267962 297442 999999999 684801 419059 50395 848500 726990 651809 139548 519540 623930 834003 817606 816168 10327 494374 777188 682877 164300 608650 913908 379622 751857 287358 235375 42249 946515 305352 941390 358102 408879 389518 297889 911816 491601 259157 793030 774913 468244 455524 494450 583990 504564 985855 743187 275017 285100 846759 725855 686459 561735 645363
514598 748179 103249 516589 673547 797986 294492 834277 121695 772218 521308 315786 664400 581837 411778 349462 552784 660739 563861 406910 302803 759847 577141 145624 551459 529832 625491 868112 561412 564219 395783 370621 172869 778656 715900 882669 293160 608041 273993 817646 499768 72013 227519 768495 561695 644485 632325 774698 436712 684801 999999999 802196 724435 618205 731080 44614 606244 309265 144748 163769 138314 368106 690675 384343 370009 423720 568766 493052 501057 718242 336226 563652 641302 648347 551282 455008 618335 399962 408325 520681 793685 301801 694465 425833 274700 104613 827225 261046 307099 665884 533671 437986 296018 712151 573169 337339 153900 462009 290291 141938
322747 683247 849359 703479 605210 247608 808636 142583 842061 434666 443942 499844 555570 393364 854388 585517 336060 370759 698349 412878 751306 222144 695379 878596 438147 821881 648884 87097 712025 596761 601087 901812 970771 51152 584365 301602 887841 682316 1028510 461237 490442 731278 717328 395082 702299 698774 699443 160804 393821 419059 802196 999999999 389082 618702 405199 758236 534356 794360 817616 965554 937135 731047 427638 804446 684456 551284 539327 434670 771805 84001 676951 253373 214826 441309 783873 635283 736849 409105 394197 283432 136778 902704 171543 498921 760932 852981 49222 683532 766360 285015 320907 912294 691963 147808 244852 787964 910312 530104 543450 693389
485778 296951 809191 881448 230015 165142 589336 526785 705170 61944 204114 429351 819931 143438 956711 389664 201047 654711 362504 355705 824901 569148 354392 849408 174960 982046 882228 471177 907643 265296 731690 973335 858889 338034 199037 680001 928043 329809 863530 108320 680019 656954 756608 44070 899780 335041 339428 232467 321814 50395 724435 389082 999999999 853965 718453 690083 189219 568547 668885 876092 858657 837918 52336 544512 797550 697187 214694 616172 930599 358199 773748 289154 224188 92297 961209 355371 951057 381109 426769 394082 261542 942400 477063 300615 820012 812148 438226 501095 543174 575499 507061 1010683 767458 250569 285312 871680 770964 697996 585657 678080
368187 1063166 581016 143717 968416 799828 839275 535084 730049 915758 739405 550441 84558 749122 354427 713567 666008 251551 956930 555216 348819 420089 963802 578894 760839 248278 30234 621257 120097 890335 224254 432774 765557 638423 981331 461888 472914 975733 889249 960020 180616 584544 396930 886247 110850 1009230 1001943 721009 578586 848500 618205 618702 853965 999999999 253120 584758 876050 841409 735799 726545 691447 282929 858682 899863 258595 211737 852959 240803 214491 570033 287167 564860 639413 838917 197268 839432 121484 523376 459372 459983 716041 482852 447575 701065 377469 583942 603246 726488 822563 334185 347841 400146 328099 655078 569095 347099 772102 184700 385944 480979
283089 973954 727124 381261 881600 624850 880209 295870 821991 777009 661037 546174 172043 647692 581537 701653 562948 79011 912390 509029 532174 185680 915649 738233 674000 496689 279956 387314 369693 827041 367542 652088 898453 437305 881203 209249 672945 918037 1002451 815569 237993 677271 546373 741738 359832 946365 941969 537830 518849 726990 731080 405199 718453 253120 999999999 689512 792111 875716 815491 870795 836236 480556 737250 918415 440649 322364 778617 239018 456134 380266 454477 445116 494333 729504 447820 808686 373148 481722 420667 359050 524904 685519 249332 656197 555110 730597 378304 752291 851617 143084 254399 633895 488804 483131 445262 548414 878049 283521 445922 590233
470078 728089 122236 489339 650316 758636 298042 789663 146019 739410 488177 275160 627778 546936 401184 322988 514227 618381 548684 365775 283056 715539 561489 164808 518554 511442 593505 823726 534052 541587 361016 368308 217371 735225 690868 838819 294710 590858 313443 785396 460069 33228 202283 734147 533695 627703 615851 733246 396295 651809 44614 758236 690083 584758 689512 999999999 579403 310113 159074 207338 180162 345137 658059 383844 342243 386017 542268 450986 479346 674316 307461 521109 599846 616401 529229 435698 591482 357563 364191 476393 751740 305078 649855 393862 256748 124703 782921 244674 303928 622021 489314 432634 268454 669977 530633 321675 190405 423735 246875 104190
