NAME : synthetic_000601
TYPE : CTSP-D
DIMENSION : 100
GROUPS : 8
RELAXATION_LEVEL : 1
EDGE_WEIGHT_TYPE : EXPLICIT
EDGE_WEIGHT_FORMAT : FULL_MATRIX
EDGE_WEIGHT_SECTION
999999999 652774 537974 885411 843157 627549 178755 670852 312569 509601 615272 89718 493447 242164 240782 634629 245061 424122 505586 369901 308721 546766 477942 716618 235147 518121 464474 195870 381068 722832 478121 697150 300123 257749 483310 395361 248038 320966 470642 650143 338313 208121 205832 490805 202291 182582 514361 552340 347749 396014 449680 440346 149233 262799 342530 632258 467110 169101 358583 592136 401411 181060 816713 495923 290480 641160 248174 140231 750140 242446 526549 86125 803093 630902 766357 709702 716651 438312 397987 547230 659462 160448 739315 621396 342179 362155 457871 623426 131898 531951 458329 359633 462566 198719 111758 815699 522414 363972 500735 466894
652774 999999999 218434 234386 744452 665833 830571 771573 696991 175399 745824 599178 163814 507293 741318 519275 733120 239621 1090462 914111 347915 580093 351119 155154 426560 272508 361427 804676 323661 75560 521327 520218 595265 705030 214879 287222 607862 746686 215872 839582 543835 492040 755858 242092 545805 589062 311173 528559 334108 893874 763586 433715 516796 515930 342062 331140 990673 577675 550268 430358 515398 535671 774641 349206 371018 460612 702845 592596 570673 624137 163342 692090 289955 519985 602012 619009 64001 216545 750558 878272 16277 809598 111726 760559 486699 930133 760464 417963 761171 853871 615075 832949 191829 840465 621220 835336 706723 701393 476876 257834
537974 218434 999999999 396365 552512 449898 704307 554661 503606 255982 527572 464375 200626 475308 690772 312911 685765 142194 913703 733597 287768 362003 430209 190753 356812 54100 433357 718877 157926 288035 586319 328546 401974 667289 67936 145580 579069 554963 269378 621148 553053 341478 590763 47222 382139 425422 410673 311439 319323 704037 553856 219150 433379 494217 327038 152287 801296 519929 566855 222422 304821 478387 573371 437529 252841 261915 662282 441517 385391 592047 74182 553357 265816 312862 415528 416891 261660 204946 546541 665413 234073 698052 329532 542270 499460 755141 549698 219495 621514 640997 399494 642376 153834 736370 543458 627467 489364 699831 258442 323209
885411 234386 396365 999999999 810737 793869 1062393 900588 899672 402145 887049 827987 398021 738616 972795 630523 964176 465236 1306046 1126955 582187 725063 555865 216063 660913 444832 568678 1038989 536621 174367 720172 606254 797786 934701 422416 506065 837088 950875 444226 984350 765064 715233 976246 435841 765041 808795 509490 669310 566802 1099864 946032 610814 751074 745425 574582 438195 1197159 811144 768907 554463 698622 769372 857009 549242 599534 565212 933048 816941 641145 853746 371262 920728 270326 632707 670928 713155 170649 450883 941905 1053151 230584 1043149 184487 901992 708813 1146351 940952 528586 990009 1028911 785480 1038241 422874 1074581 855548 930190 867822 922004 633488 478477
843157 744452 552512 810737 999999999 223385 933570 244705 580869 806357 287315 754401 749777 924500 1072641 247670 1073353 658168 922431 772950 763667 296632 966770 622486 797194 509444 966647 1034472 589767 794467 1103535 225266 547082 1071975 602846 620160 1010950 612580 813256 344359 1029940 660062 742679 561587 643357 661092 955447 301961 821561 707692 490706 440113 829064 950438 827141 413769 776417 926875 1048623 334119 445769 896567 69317 977123 681403 290610 1063844 702945 174499 1017453 626671 797952 541542 249239 143197 144916 760732 739875 534750 510344 760592 964311 841589 293136 987328 812051 478841 333098 839826 496889 391116 665758 694516 1010408 914581 151005 364297 1146017 366192 864411
627549 665833 449898 793869 223385 999999999 710604 107152 357532 680772 102036 540325 624622 734498 862105 165824 863807 516760 716362 557520 593095 99082 816644 581808 611981 397265 813693 815804 430601 729955 934918 212399 328197 865749 480055 468566 812745 390448 677354 196787 844964 457831 519294 440641 432229 444991 814630 139318 657355 495082 276201 270050 629972 761462 661567 355972 571942 725672 864861 241066 244051 699355 189177 829560 504201 230940 857182 487705 219558 817407 518330 577511 548273 162996 211618 131174 699520 600681 315611 323726 681890 742704 774469 115698 808184 595535 264714 265325 617198 304863 170093 448585 563786 788789 706533 201015 147389 947912 201570 723032
178755 830571 704307 1062393 933570 710604 999999999 729301 356395 688125 673558 239941 672040 399324 286259 753177 296887 598854 368912 286174 487476 646111 644453 887897 413340 678595 630192 162002 546392 901177 616800 819648 393254 328487 653985 565798 367744 337484 648842 683420 474058 363786 196015 657180 335255 298600 684137 664806 524794 339140 477265 575507 325287 414071 519190 783189 377130 315205 491575 726335 517048 341588 896036 662125 464239 771525 319654 268967 867184 355392 699557 154025 966462 749084 878661 812651 894330 616832 423704 544235 837592 62451 918054 675917 492682 260608 488081 760684 94969 536016 543052 330654 639627 95095 251233 879085 581653 444496 624309 642851
670852 771573 554661 900588 244705 107152 729301 999999999 373777 779240 56111 588106 723724 804703 910429 270947 913460 613112 679606 537327 677143 195076 906637 688905 687377 501466 902658 850036 522885 836460 1016027 310113 373400 919510 581365 562662 875289 394281 773213 105016 917435 523039 533505 542857 487629 491660 907795 243226 743407 469945 259923 363714 694260 832077 746945 462948 533528 786458 937940 348218 320025 764233 185195 920361 586549 336412 910516 534750 304502 878184 621645 610188 652236 268444 288535 212929 806250 696476 309990 265646 787561 768670 880716 54128 884712 577367 248111 372013 639712 252692 222540 433843 662269 814196 760010 149917 149458 1009230 300925 816825
312569 696991 503606 899672 580869 357532 356395 373777 999999999 619417 317795 244054 577159 500908 552429 429006 557315 466084 417928 238040 444116 306327 677096 691861 414579 458102 667920 478927 373859 772437 737721 497279 102136 569867 483376 412887 545615 51671 594391 339356 613597 244781 162152 464300 185400 160680 696590 338654 510397 200588 137243 302409 381951 527593 510099 519479 297754 457091 634956 429713 217297 447371 540372 694173 363837 464174 560366 196008 535964 544169 535761 241070 727998 424667 541985 469382 752970 528778 87404 243507 709561 394998 805108 321003 596779 267425 145306 467036 265936 224954 197071 138938 521269 440440 415579 523223 225354 671943 319463 618659
509601 175399 255982 402145 806357 680772 688125 779240 619417 999999999 742744 471439 56870 336954 570948 562259 562168 167941 981310 812738 202316 584633 187280 309484 274919 297018 194778 643691 264350 228343 355836 583814 523560 532574 204557 222021 434995 664576 42282 828281 368451 385503 644222 245823 445338 485083 158061 542468 168483 804216 712095 416478 364504 343283 175661 406212 898016 412381 375168 472913 479743 371685 822731 190165 258796 516164 530906 477548 641199 451613 182678 562227 440849 561597 671130 667406 234296 91039 687560 831713 174181 659688 234177 756473 311303 822504 711662 474398 629266 808011 587643 746100 117037 686332 461624 870421 684332 525999 479410 84319
615272 745824 527572 887049 287315 102036 673558 56111 317795 742744 999999999 533077 688047 753513 855107 265189 858273 575402 635321 487437 631422 165862 863414 672874 638107 473680 858842 793947 482682 813047 968190 314414 318760 864816 548815 523469 822131 339298 734428 97482 866704 471387 477883 511714 434014 436722 866618 219507 698440 421138 207173 326312 641804 780950 701628 449122 489411 733076 887361 332622 273973 711762 233336 877601 540448 329215 855772 479745 319394 824672 591633 554117 647098 261999 308376 228727 783937 657917 255807 228702 761579 712621 856235 14964 835354 527089 195267 360568 583727 212424 171675 382181 626233 758175 705441 205529 93384 955683 269744 776325
89718 599178 464375 827987 754401 540325 239941 588106 244054 471439 533077 999999999 446559 264187 322818 545014 325455 362799 513708 356227 270070 457832 473429 648515 209922 439726 461616 285274 306455 671931 504829 607809 215016 332197 414727 326704 301565 263625 435918 574332 373730 125011 182513 417241 112573 96496 503291 462642 322706 366621 380212 351950 147824 289578 319327 548982 449883 213172 394993 504026 311767 206807 729330 491402 228558 552559 323025 53361 660536 300402 461376 92914 727105 541271 676646 620204 662242 391362 331427 486192 607530 238624 693038 540063 363875 358502 387169 535971 162093 468614 372090 319819 407354 280989 173889 731014 441147 429243 411224 442300
493447 163814 200626 398021 749777 624622 672040 723724 577159 56870 688047 446559 999999999 345661 579011 505427 571162 115915 950360 778567 185678 528902 233757 276101 263630 240352 238999 640971 213446 229906 397853 527635 479148 544314 147691 171040 447913 623801 72232 774626 393277 350565 613194 188968 408816 450182 210403 486093 171762 766219 664255 361762 354119 356217 179903 351938 861227 414082 402592 416171 427820 371968 765867 239204 224014 459765 541665 446928 585289 463743 128490 538893 402448 504750 615068 610588 227374 55376 642054 783342 167943 648296 246757 701903 336240 790597 663298 418177 607228 759436 535202 707050 61919 677999 457541 813683 631620 549416 423454 126307
242164 507293 475308 738616 924500 734498 399324 804703 500908 336954 753513 264187 345661 999999999 234199 685367 225830 333963 747302 609057 187542 638934 246908 614371 128848 480726 232190 315946 351938 565249 240870 734762 444401 198919 408044 338603 104585 526296 294694 811488 114139 282231 438674 434757 326662 340790 289743 622895 173920 627835 632161 484848 118962 27494 165758 610766 705522 85797 135323 616191 490501 61154 915281 264193 247809 668159 196025 305707 793801 119145 431896 323566 728969 682680 817334 780555 569185 300075 587524 744356 508756 354981 568975 763280 100935 603682 637417 637234 373578 725163 582285 583548 344491 370790 148352 934860 668120 228220 558388 268930
240782 741318 690772 972795 1072641 862105 286259 910429 552429 570948 855107 322818 579011 234199 999999999 851025 12590 554201 653407 563612 409050 776409 457316 843361 334477 686589 441948 133614 548934 799289 371680 908958 537790 51699 625991 546831 140706 556456 528729 890789 242086 415267 426627 646645 430195 419257 505031 774932 407386 606351 689083 649569 261613 229027 399347 812889 658489 171015 252084 795989 626968 213189 1050689 472221 442740 847317 47051 376105 965203 123249 656424 314650 952035 847660 984573 934637 803362 531432 636628 781753 742938 224275 801839 861587 285097 543084 697636 822908 321097 768023 694730 581853 572840 210039 159456 1053832 762570 160720 717291 500097
634629 519275 312911 630523 247670 165824 753177 270947 429006 562259 265189 545014 505427 685367 851025 999999999 850300 410717 829719 657699 518247 131073 719272 421289 556831 265775 719021 830258 343410 578287 856563 68284 361452 844704 357803 372669 776558 473822 567031 361859 787582 436045 578367 316485 432650 459921 708896 90532 574635 603673 394177 202657 597678 710517 580393 195343 691103 695999 805673 90493 236701 662614 260844 729825 439001 65485 837168 497897 115530 784527 386152 605166 382485 4356 133656 105215 546365 492900 418132 469905 535543 772948 624177 279643 743031 691755 384538 103712 658345 448185 237218 548654 448601 818255 691573 316176 277247 910500 134242 617553
245061 733120 685765 964176 1073353 863807 296887 913460 557315 562168 858273 325455 571162 225830 12590 850300 999999999 548486 664518 572860 402855 777361 446301 836660 329112 682505 430939 145692 545291 790500 359217 907710 540462 39173 620635 542264 130243 562392 519994 895196 230257 414974 433853 641937 431648 421951 494163 774976 399433 614758 694183 648500 258474 219604 391346 809307 668029 165853 239953 794176 627591 207565 1052179 461072 438838 845626 35035 378807 964222 112833 650315 320695 946312 846976 983909 934805 794966 524108 641951 788006 734533 235116 792531 864943 274018 552854 702597 820693 329356 773991 696941 589340 566097 221928 159054 1056305 765935 148992 716770 490581
424122 239621 142194 465236 658168 516760 598854 613112 466084 167941 575402 362799 115915 333963 554201 410717 548486 999999999 851361 676035 146826 419343 308603 295088 219970 158817 308773 593148 97551 314426 453334 442671 366424 528139 74356 55214 438151 514074 160596 660363 411349 252438 516260 106735 306631 349674 299777 380137 178568 659029 548886 249532 302888 352277 186015 287013 755123 383264 425622 325261 312184 341024 667865 319158 134683 373461 523563 353280 502087 451590 104222 455497 397843 409421 530148 515409 301236 84007 528023 667730 249870 583974 342105 589007 358463 691038 547730 334865 524781 643770 419864 598882 55699 618778 412876 710255 516477 557675 315275 207951
505586 1090462 913703 1306046 922431 716362 368912 679606 417928 981310 635321 513708 950360 747302 653407 829719 664518 851361 999999999 180692 782463 699457 981055 1104054 722977 871613 968134 522966 770098 1165640 977963 896488 515039 697176 883999 803698 732698 366885 947750 591235 835435 600447 337288 871256 544741 501777 1014421 742469 836344 226076 441355 720203 648972 766543 832786 937264 146086 669128 854201 843705 635004 686389 864764 999107 726362 873489 688440 503941 925267 721588 935816 430142 1145835 825390 924174 845037 1150449 896525 411601 417856 1101180 429617 1192665 629351 846267 160333 452431 881069 373782 427503 593042 283382 902888 446788 605708 815574 569428 812928 733987 956006
369901 914111 733597 1126955 772950 557520 286174 537327 238040 812738 487437 356227 778567 609057 563612 657699 572860 676035 180692 999999999 617983 529179 829634 923749 565293 691053 817714 447393 592069 989526 847640 725338 334349 599319 705530 626906 614135 187682 781261 462946 708199 428091 173714 691599 370125 328393 859077 568866 676164 69612 282418 539873 500462 631385 673472 757490 97388 538979 728392 666277 455336 548165 720715 847616 555021 698196 589841 336828 758061 606031 757593 285659 965462 653346 759651 682265 973248 725757 243274 296957 925314 347111 1018078 484180 709929 40680 294228 703661 247538 297857 420539 109792 728711 380086 479384 682176 410570 714611 556167 794150
308721 347915 287768 582187 763667 593095 487476 677143 444116 202316 631422 270070 185678 187542 409050 518247 402855 146826 782463 617983 999999999 494241 237396 434935 79004 294971 230522 458202 175259 415584 342351 561294 358815 381539 220622 154064 291438 484154 165854 704181 273427 199794 446641 247603 260385 295365 252662 467633 68472 615779 555051 327002 168888 207121 70532 425317 706763 238784 289987 441693 357553 196185 762948 253461 91098 492976 377146 281155 621007 304769 247463 360102 543882 516080 646591 618757 411878 131408 521521 674570 353219 462623 430642 643305 225397 624993 557058 458904 426954 652247 462156 560391 165346 492609 275041 793420 556710 413397 400886 177042
546766 580093 362003 725063 296632 99082 646111 195076 306327 584633 165862 457832 528902 638934 776409 131073 777361 419343 699457 529179 494241 999999999 717720 509768 515007 308258 714679 739086 331818 647194 836260 197042 253983 777089 386332 370248 720044 348093 579828 261277 748399 366124 462349 348072 346755 365156 716270 56058 558307 473563 263155 171298 537285 665681 562556 289516 560167 634136 768080 173688 150724 606057 277285 730741 405715 183971 768781 406635 230106 725489 427321 504811 495327 126819 235810 166550 618185 503082 287943 343991 595890 672423 690392 180687 710530 564225 253630 206230 551330 321365 109790 419660 467605 718403 618887 299271 150418 855354 105862 624803
477942 351119 430209 555865 966770 816644 644453 906637 677096 187280 863414 473429 233757 246908 457316 719272 446301 308603 981055 829634 237396 717720 999999999 495080 266608 462387 15373 558841 386148 384981 170327 749997 595521 410445 368997 349885 317047 713938 161898 939494 221572 432654 655930 409008 491744 521896 49093 683873 168977 836854 791964 546622 332094 237963 167973 582496 923001 332689 220102 633594 589894 302870 975267 18055 327149 680957 411747 499308 809007 334460 361043 551069 627666 717926 837665 823808 401084 228215 756965 911169 345365 601795 372537 875869 172298 830247 794201 641206 609221 889081 696496 785056 277169 617181 394743 1014083 792081 372404 617499 107591
716618 155154 190753 216063 622486 581808 887897 688905 691861 309484 672874 648515 276101 614371 843361 421289 836660 295088 1104054 923749 434935 509768 495080 999999999 512236 233812 503668 888175 344257 178378 664854 405712 590912 812892 233916 322123 718477 743435 343788 769921 669312 528234 781246 235389 571808 615315 459221 454241 442396 892447 731425 397204 597603 627908 450702 226262 989544 673668 678660 341025 485532 631035 661368 495538 426269 356969 809332 629428 448444 733502 190963 739309 135152 423074 479508 510946 144029 314768 729374 837397 167633 877005 225086 687835 612324 945755 726040 317866 808100 813197 569802 830798 270565 912972 707207 729767 651776 825011 417434 393595
235147 426560 356812 660913 797194 611981 413340 687377 414579 274919 638107 209922 263630 128848 334477 556831 329112 219970 722977 565293 79004 515007 266608 512236 999999999 356638 255966 379208 224204 493339 331999 605916 341780 310833 291542 214784 226672 448854 235532 702705 233571 174761 391787 313630 229960 256503 293799 496196 114127 570364 536702 357130 90541 153688 109981 485743 657472 163461 253084 487403 369123 121595 789988 284331 119036 539386 305595 232708 664959 237952 323084 294695 617667 554196 688577 652891 490471 210030 497439 653772 431502 385570 506656 648783 197338 568424 540339 508858 358926 632758 466475 518505 243824 414393 196147 812921 556630 356400 431019 234243
518121 272508 54100 444832 509444 397265 678595 501466 458102 297018 473680 439726 240352 480726 686589 265775 682505 158817 871613 691053 294971 308258 462387 233812 356638 999999999 464040 704674 139274 341980 611867 288357 357433 666850 93896 142208 582606 509703 304861 567085 566651 314941 554145 53396 349363 391662 447235 258370 336394 658676 502415 166955 425832 501716 343539 130350 755746 517136 581893 175966 253982 476887 526596 471245 243917 219859 661184 411867 346902 594455 121813 525735 288144 265330 376035 370716 315164 234211 497077 612810 288108 676744 383630 488353 515278 714215 497914 179078 592664 588410 346258 597038 186163 716781 534472 577946 435483 708070 204381 357267
464474 361427 433357 568678 966647 813693 630192 902658 667920 194778 858842 461616 238999 232190 441948 719021 430939 308773 968134 817714 230522 714679 15373 503668 255966 464040 999999999 543642 383610 397164 161189 751015 587606 395116 371072 348296 301675 704122 166795 933928 206517 423843 644051 410647 482520 511905 64029 681807 162081 825787 784090 543831 319300 222845 160403 585577 911390 317933 205434 634028 585057 288614 974054 32007 320948 681881 396394 488499 810203 319087 365251 538311 635615 717586 838618 823298 412513 229926 748403 903054 356158 587149 385746 871156 156944 817862 786523 642518 595921 881121 691198 774446 279783 602236 380198 1011734 786461 358034 615261 112806
195870 804676 718877 1038989 1034472 815804 162002 850036 478927 643691 793947 285274 640971 315946 133614 830258 145692 593148 522966 447393 458202 739086 558841 888175 379208 704674 543642 999999999 565656 869023 495886 893002 487826 182536 659243 573546 249154 472115 601807 816853 358272 402105 332673 672350 397637 374027 603965 747161 475247 497209 610701 636031 290907 321040 468033 823360 539116 232918 371962 787607 596048 272189 1004684 575238 466209 836876 175276 333456 945786 233182 697366 239941 984592 826501 961607 903442 868345 588617 556864 690939 808720 100284 877851 798436 391277 422607 620512 818438 220798 680082 645724 481673 622593 76811 183463 997813 700579 294209 696495 582759
381068 323661 157926 536621 589767 430601 546392 522885 373859 264350 482682 306455 213446 351938 548934 343410 545291 97551 770098 592069 175259 331818 386148 344257 224204 139274 383610 565656 999999999 399213 513865 386258 272715 531321 114221 42446 450724 423166 252120 565344 447363 184162 439972 110790 228994 272754 384953 298419 231989 570224 451706 160554 287535 375074 237413 264018 667083 380764 464591 266720 215472 341647 592220 398959 106855 318257 525249 285171 445912 461467 165724 395826 422064 341361 471340 445012 381424 176156 432225 570325 335885 540744 431250 495919 400606 610092 450374 285614 464283 546327 323564 509293 152841 579739 395509 628124 420376 580123 231727 293971
722832 75560 288035 174367 794467 729955 901177 836460 772437 228343 813047 671931 229906 565249 799289 578287 790500 314426 1165640 989526 415584 647194 384981 178378 493339 341980 397164 869023 399213 999999999 552205 572893 670651 760639 289827 362690 662984 822196 270568 907811 591028 566641 830638 315328 620916 664072 340182 594406 394733 969431 837450 505807 583874 571437 402332 385426 1066233 639363 595289 491279 588786 598016 828924 379763 444440 517147 759115 666805 619972 679711 237883 764780 302626 579362 651301 674923 34393 284642 825312 951383 64657 878198 47230 827882 534628 1005307 834091 475295 833687 926966 686942 908495 265025 907724 685912 892980 777399 748180 545551 304171
478121 521327 586319 720172 1103535 934918 616800 1016027 737721 355836 968190 504829 397853 240870 371680 856563 359217 453334 977963 847640 342351 836260 170327 664854 331999 611867 161189 495886 513865 552205 999999999 894334 672573 320062 521310 484324 250278 765643 325808 1034642 142853 505825 678808 558964 557542 577043 212119 809781 281977 868448 865474 669252 357978 216760 276457 737497 944572 309864 125493 775449 696103 300496 1104953 172822 430782 825165 325020 544441 954033 264490 521380 562076 796673 854695 981252 958856 570030 381397 823273 980323 515239 563306 535739 979300 141278 840032 869826 787688 606828 960264 796948 824394 432791 566036 372443 1135524 888304 242880 742960 272825
697150 520218 328546 606254 225266 212399 819648 310113 497279 583814 314414 607809 527635 734762 908958 68284 907710 442671 896488 725338 561294 197042 749997 405712 605916 288357 751015 893002 386258 572893 894334 999999999 428861 900427 382253 410741 828876 541928 593213 408218 833493 495439 646304 341453 495940 524856 735581 158791 613681 670553 459031 259539 652570 759126 619973 189087 756956 750619 850843 119608 302629 715715 256210 759301 487028 69229 893174 561891 59792 837669 402701 670626 346444 72617 87703 106977 539653 521862 484931 528959 536421 838065 619755 328058 786684 759653 449040 109468 724943 508059 304804 616104 474508 883143 749617 324641 338540 961653 196932 645524
300123 595265 401974 797786 547082 328197 393254 373400 102136 523560 318760 215016 479148 444401 537790 361452 540462 366424 515039 334349 358815 253983 595521 590912 341780 357433 587606 487826 272715 670651 672573 428861 999999999 546123 381358 312512 505375 153090 500929 367666 558539 167031 219134 362242 118088 118535 610842 272083 426790 302103 196484 207579 328293 471833 427549 426595 399389 415941 579689 346358 129911 397637 517305 611965 273135 386430 537118 161689 474447 507072 433726 251123 632039 357270 485414 420346 650928 432555 164529 315759 607991 418472 703819 326396 533982 359795 199183 382977 298292 293560 158375 240462 421929 464478 386687 516103 228064 637881 238076 529040
257749 705030 667289 934701 1071975 865749 328487 919510 569867 532574 864816 332197 544314 198919 51699 844704 39173 528139 697176 599319 381539 777089 410445 812892 310833 666850 395116 182536 531321 760639 320062 900427 546123 999999999 601222 525457 97696 578243 490597 905621 192465 411965 454175 624458 433977 428191 458668 771881 372704 638405 707095 642206 248005 189311 364497 794985 695323 150883 201391 785302 626605 189974 1053248 424841 424472 837056 9693 385335 957698 80968 628557 337957 925361 841512 978342 931871 766244 498930 655677 804451 705834 267653 761184 872076 238252 581060 715053 810542 353382 789544 700750 610064 542582 257884 159640 1060449 773241 116222 712029 458936
483310 214879 67936 422416 602846 480055 653985 581365 483376 204557 548815 414727 147691 408044 625991 357803 620635 74356 883999 705530 220622 386332 368997 233916 291542 93896 371072 659243 114221 289827 521310 382253 381358 601222 999999999 88217 512059 533625 210968 638756 485159 295820 554126 41329 343031 386805 353344 340884 251583 681715 549533 225695 371038 426595 259245 216241 778843 454983 499066 268862 302703 413075 618177 377553 193804 313705 596430 397538 440740 525286 52404 505910 326828 357089 469930 462993 269599 141184 535683 665363 228450 643758 325362 563079 431722 724107 546781 272947 574895 641022 405750 620429 92287 680533 481329 666635 500038 632028 280473 263455
395361 287222 145580 506065 620160 468566 565798 562662 412887 222021 523469 326704 171040 338603 546831 372669 542264 55214 803698 626906 154064 370248 349885 322123 214784 142208 348296 573546 42446 362690 484324 410741 312512 525457 88217 999999999 440421 461504 210959 607053 427270 209386 470732 100001 259706 303320 346069 334137 202971 607535 493717 199173 288051 359928 209235 272171 704045 376503 443388 291421 257724 335660 625789 361947 107347 341805 520009 311215 470528 452378 135509 418204 411060 370957 497219 476008 346760 134542 473332 612519 298688 555797 392936 536860 377768 643422 492524 306142 487305 588556 365697 546981 110743 592961 397991 664534 462455 566217 268054 254556
248038 607862 579069 837088 1010950 812745 367744 875289 545615 434995 822131 301565 447913 104585 140706 776558 130243 438151 732698 614135 291438 720044 317047 718477 226672 582606 301675 249154 450724 662984 250278 828876 505375 97696 512059 440421 999999999 562485 393080 871897 109450 354936 453849 537792 388278 391954 364494 709084 276774 643798 681573 574270 182829 91933 268507 712158 711502 89529 124826 711498 569612 114388 997328 332282 344612 763509 96843 351461 887277 17460 536479 334105 833553 773635 909601 868391 668831 403860 632972 787126 608444 313132 663559 830712 145277 601921 688265 734381 367672 769978 653354 607266 448923 316562 136282 1011128 733149 135311 646459 361334
320966 746686 554963 950875 612580 390448 337484 394281 51671 664576 339298 263625 623801 526296 556456 473822 562392 514074 366885 187682 484154 348093 713938 743435 448854 509703 704122 472115 423166 822196 765643 541928 153090 578243 533625 461504 562485 999999999 638145 346615 637166 284428 142013 515301 223771 192352 735645 384002 549125 149083 139989 353827 407827 552315 548286 570379 246334 475641 658463 478751 268120 470216 568060 731292 407183 511666 568607 221240 578194 559501 586028 241807 779321 469468 582504 507847 803201 574369 86239 226269 759047 382303 854233 340373 624366 218820 150638 516126 252963 211600 238318 87416 568932 426469 428966 544149 250299 684486 368576 660128
470642 215872 269378 444226 813256 677354 648842 773213 594391 42282 734428 435918 72232 294694 528729 567031 519994 160596 947750 781261 165854 579828 161898 343788 235532 304861 166795 601807 252120 270568 325808 593213 500929 490597 210968 210959 393080 638145 999999999 817377 328936 356108 611240 251955 416600 455016 142379 540552 126846 775320 692489 409499 324375 301286 133828 421518 868118 370249 336576 479139 466748 329703 826150 168246 230962 524654 488841 444909 651589 409629 199221 525734 472685 566051 680879 672190 275841 76757 665428 812486 215535 619223 276074 747805 271690 789669 692695 483864 592097 789084 575031 718102 118810 645224 420046 870378 671895 486266 475866 54307
650143 839582 621148 984350 344359 196787 683420 105016 339356 828281 97482 574332 774626 811488 890789 361859 895196 660363 591235 462946 704181 261277 939494 769921 702705 567085 933928 816853 565344 907811 1034642 408218 367666 905621 638756 607053 871897 346615 817377 999999999 925554 530594 488602 602872 485750 480349 945884 315964 772204 393652 206694 413818 695953 838966 774713 546540 446097 782368 946600 430000 351245 765272 280152 954394 613209 426287 896272 522043 407509 872709 683247 580374 744154 358788 392840 315805 879184 741472 260620 173392 855190 728825 950463 82641 898453 503602 196475 458036 599321 166266 243339 367410 712707 773083 748217 224362 147482 1002855 362706 856876
338313 543835 553053 765064 1029940 844964 474058 917435 613597 368451 866704 373730 393277 114139 242086 787582 230257 411349 835435 708199 273427 748399 221572 669312 233571 566651 206517 358272 447363 591028 142853 833493 558539 192465 485159 427270 109450 637166 328936 925554 999999999 395816 541719 517035 440784 454039 270547 729507 234182 732098 745762 589879 232112 86741 226267 696768 805422 169221 21360 714041 601407 166954 1023552 234704 348789 765620 195222 417798 893048 125090 499555 423432 792770 785138 917873 885344 601350 358646 700514 857102 541930 421214 585585 876662 57250 699174 751176 732198 465315 838233 695248 690710 408553 425954 230471 1045737 781906 157585 663982 287285
208121 492040 341478 715233 660062 457831 363786 523039 244781 385503 471387 125011 350565 282231 415267 436045 414974 252438 600447 428091 199794 366124 432654 528234 174761 314941 423843 402105 184162 566641 505825 495439 167031 411965 295820 209386 354936 284428 356108 530594 395816 999999999 264114 294618 60811 99746 451914 360176 265622 419224 362259 236114 172276 309701 265348 424683 512528 268108 416673 386308 215401 241984 643202 449604 126996 436396 403924 101836 550708 359682 344850 211889 602679 432615 569461 520127 553525 297704 324647 480080 502006 363279 592364 481058 368074 440373 365683 416460 280140 458683 300499 362216 302632 404847 255952 656400 386135 490082 302091 375802
205832 755858 590763 976246 742679 519294 196015 533505 162152 644222 477883 182513 613194 438674 426627 578367 433853 516260 337288 173714 446641 462349 655930 781246 391787 554145 644051 332673 439972 830638 678808 646304 219134 454175 554126 470732 453849 142013 611240 488602 541719 264114 999999999 545976 211207 167470 685509 488106 503284 190498 282002 421737 327557 462052 500379 639530 268025 373305 562404 565140 348955 378352 702479 673908 389269 605541 444485 166697 689323 447859 604983 119747 838676 574111 697782 627745 816870 559253 228203 358615 766027 240626 856382 480008 539578 178430 292596 601507 112024 347410 355319 155894 566718 284506 317570 683365 386492 565635 457210 621912
490805 242092 47222 435841 561587 440641 657180 542857 464300 245823 511714 417241 188968 434757 646645 316485 641937 106735 871256 691599 247603 348072 409008 235389 313630 53396 410647 672350 110790 315328 558964 341453 362242 624458 41329 100001 537792 515301 251955 602872 517035 294618 545976 999999999 336461 379934 394322 301337 285170 664177 522177 192168 388018 454716 292515 180312 761471 476106 531748 227559 273476 434961 576913 417948 206726 272738 619200 395005 400161 550294 80576 506449 312680 315785 429153 421670 292026 180819 511531 636238 256717 650849 353732 526124 464785 712153 518764 232318 574734 611830 373439 602596 133152 689249 497866 625869 466302 660919 242391 304072
202291 545805 382139 765041 643357 432229 335255 487629 185400 445338 434014 112573 408816 326662 430195 432650 431648 306631 544741 370125 260385 346755 491744 571808 229960 349363 482520 397637 228994 620916 557542 495940 118088 433977 343031 259706 388278 223771 416600 485750 440784 60811 211207 336461 999999999 43774 512104 350101 325641 358938 307955 242499 210205 354047 325066 448177 452845 299087 461985 394579 199360 279613 620543 508872 186542 442091 425277 67121 548180 390661 393779 181337 637030 428878 564091 507990 606250 356760 267486 424000 556440 344675 648292 442447 417862 384413 312327 427661 245161 403285 267015 301541 358685 388830 274478 626615 344971 521683 299117 436593
182582 589062 425422 808795 661092 444991 298600 491660 160680 485083 436722 96496 450182 340790 419257 459921 421951 349674 501777 328393 295365 365156 521896 615315 256503 391662 511905 374027 272754 664072 577043 524856 118535 428191 386805 303320 391954 192352 455016 480349 454039 99746 167470 379934 43774 999999999 544846 374424 358497 320683 291927 276906 221974 367685 357214 487211 413144 302498 475389 427973 223573 288844 634144 539342 226739 473954 419102 43154 575164 392390 437534 146251 678834 455992 589377 529509 649714 397448 246782 403741 599541 313210 690941 443885 436113 341501 297759 462112 206330 384376 276064 265100 401192 358361 269126 634605 345075 522542 328158 472355
514361 311173 410673 509490 955447 814630 684137 907795 696590 158061 866618 503291 210403 289743 505031 708896 494163 299777 1014421 859077 252662 716270 49093 459221 293799 447235 64029 603965 384953 340182 212119 735581 610842 458668 353344 346069 364494 735645 142379 945884 270547 451914 685509 394322 512104 544846 999999999 679374 186522 862984 806573 545049 366418 282979 187644 562318 951113 375392 269188 621359 594814 343311 967360 39753 338615 667032 459754 525324 793897 381941 338869 584374 593204 707832 823240 813975 358051 216276 774072 926394 304156 643465 325548 879520 220417 861546 808119 626213 644638 903798 702550 809543 261170 660529 436224 1009748 798955 421350 613807 91852
552340 528559 311439 669310 301961 139318 664806 243226 338654 542468 219507 462642 486093 622895 774932 90532 774976 380137 742469 568866 467633 56058 683873 454241 496196 258370 681807 747161 298419 594406 809781 158791 272083 771881 340884 334137 709084 384002 540552 315964 729507 360176 488106 301337 350101 374424 679374 999999999 529113 516440 311919 140689 527507 649020 533973 233459 605709 625539 748555 117803 151127 594696 295362 696082 382166 132739 763956 413793 202410 715786 379116 518437 439872 86222 214985 159991 564858 464138 331489 398300 544499 686486 638167 234449 688622 602350 303124 151177 569864 375319 149521 460311 425653 732072 615923 330447 205186 844094 66874 587556
347749 334108 319323 566802 821561 657355 524794 743407 510397 168483 698440 322706 171762 173920 407386 574635 399433 178568 836344 676164 68472 558307 168977 442396 114127 336394 162081 475247 231989 394733 281977 613681 426790 372704 251583 202971 276774 549125 126846 772204 234182 265622 503284 285170 325641 358497 186522 529113 999999999 677506 623159 389112 199517 185606 8306 465479 766834 244630 247542 494392 424467 203438 823815 185198 159012 544683 369943 340448 673462 292332 265938 408764 561238 572742 700182 676908 396640 127700 588926 742530 336330 493208 402659 710505 180143 680825 625293 508344 472975 720320 529825 623414 175487 518517 293209 856994 624723 385195 462239 120122
396014 893874 704037 1099864 707692 495082 339140 469945 200588 804216 421138 366621 766219 627835 606351 603673 614758 659029 226076 69612 615779 473563 836854 892447 570364 658676 825787 497209 570224 969431 868448 670553 302103 638405 681715 607535 643798 149083 775320 393652 732098 419224 190498 664177 358938 320683 862984 516440 677506 999999999 218889 501122 514174 651738 675637 715535 97297 563802 752832 618963 414064 567980 654065 854643 545439 647699 628778 337776 700349 637282 734105 309901 925775 599342 700317 621901 951122 715164 185624 227445 905912 397641 1000452 417233 728555 110257 230447 656266 285430 228301 366981 61668 713218 434184 507606 613722 347699 752000 509769 792821
449680 763586 553856 946032 490706 276201 477265 259923 137243 712095 207173 380212 664255 632161 689083 394177 694183 548886 441355 282418 555051 263155 791964 731425 536702 502415 784090 610701 451706 837450 865474 459031 196484 707095 549533 493717 681573 139989 692489 206694 745762 362259 282002 522177 307955 291927 806573 311919 623159 218889 999999999 335539 513654 659236 624000 531107 298799 592628 767095 423770 249145 580745 440133 808354 468133 444624 697586 330454 484501 680608 600302 376044 742825 389944 482825 403759 813868 621283 53939 120089 777664 522131 874727 205847 725509 321347 11921 459979 392638 97228 166511 175322 604452 566429 552587 408732 128813 808882 320965 723353
440346 433715 219150 610814 440113 270050 575507 363714 302409 416478 326312 351950 361762 484848 649569 202657 648500 249532 720203 539873 327002 171298 546622 397204 357130 166955 543831 636031 160554 505807 669252 259539 207579 642206 225695 199173 574270 353827 409499 413818 589879 236114 421737 192168 242499 276906 545049 140689 389112 501122 335539 999999999 395022 510549 393781 219049 597254 493342 608687 152179 88490 460166 436051 559512 241759 200848 634745 309583 315738 582009 272590 422580 425631 199588 336205 295775 480530 332763 332321 446268 448598 587173 545441 340141 548189 566868 330960 185332 482765 421851 181368 440010 299927 631214 490169 468210 274449 708570 74236 453683
149233 516796 433379 751074 829064 629972 325287 694260 381951 364504 641804 147824 354119 118962 261613 597678 258474 302888 648972 500462 168888 537285 332094 597603 90541 425832 319300 290907 287535 583874 357978 652570 328293 248005 371038 288051 182829 407827 324375 695953 232112 172276 327557 388018 210205 221974 366418 527507 199517 514174 513654 395022 999999999 145719 193924 551358 595579 98333 253451 537313 386795 69975 814565 350147 182031 589052 241012 186884 710078 188430 407059 219011 697751 594582 731207 687219 580749 300262 468626 625413 521933 295300 596968 650907 216736 498956 519124 562879 278257 606299 471876 467537 331935 323881 110291 828669 554357 318109 465964 317931
262799 515930 494217 745425 950438 761462 414071 832077 527593 343283 780950 289578 356217 27494 229027 710517 219604 352277 766543 631385 207121 665681 237963 627908 153688 501716 222845 321040 375074 571437 216760 759126 471833 189311 426595 359928 91933 552315 301286 838966 86741 309701 462052 454716 354047 367685 282979 649020 185606 651738 659236 510549 145719 999999999 177308 631976 728141 98926 107984 640278 517518 83758 941820 254618 272132 692188 187687 332109 818310 108344 448099 345726 744895 707885 842149 806319 576960 313140 614337 771084 516562 367063 572926 790740 79728 624918 664568 660646 393299 752017 609687 608345 359339 379851 163111 961919 695612 206358 584259 271070
342530 342062 327038 574582 827141 661567 519190 746945 510099 175661 701628 319327 179903 165758 399347 580393 391346 186015 832786 673472 70532 562556 167973 450702 109981 343539 160403 468033 237413 402332 276457 619973 427549 364497 259245 209235 268507 548286 133828 774713 226267 265348 500379 292515 325066 357214 187644 533973 8306 675637 624000 393781 193924 177308 999999999 472802 764528 237065 239823 500604 427680 196061 828859 184548 161574 551030 361771 338256 679762 284092 274071 404648 569481 578459 706351 682420 404498 136004 589200 743202 344162 486985 409818 713596 172505 677669 626288 514919 468429 721109 532616 621920 183700 511890 286276 861418 627240 376988 467102 124601
632258 331140 152287 438195 413769 355972 783189 462948 519479 406212 449122 548982 351938 610766 812889 195343 809307 287013 937264 757490 425317 289516 582496 226262 485743 130350 585577 823360 264018 385426 737497 189087 426595 794985 216241 272171 712158 570379 421518 546540 696768 424683 639530 180312 448177 487211 562318 233459 465479 715535 531107 219049 551358 631976 472802 999999999 810288 644649 711788 116603 302260 605083 444035 589733 370670 132117 789055 514231 241117 723695 223635 629165 211899 196984 272243 289498 352765 356572 538856 627999 347352 787606 431957 464042 644963 785404 524027 91690 693103 604374 364840 655221 305868 829522 658388 507737 436927 838316 210200 475447
