NAME : synthetic_000970
TYPE : CTSP-D
DIMENSION : 100
GROUPS : 8
RELAXATION_LEVEL : 1
EDGE_WEIGHT_TYPE : EXPLICIT
EDGE_WEIGHT_FORMAT : FULL_MATRIX
EDGE_WEIGHT_SECTION
999999999 580721 606633 486651 1041950 1184135 743244 795823 525350 250543 839170 744950 1033087 576016 930547 458532 525363 616380 1254734 859847 252796 560137 384615 1100695 220774 227511 842586 394219 139699 406202 89049 918132 1030488 856832 1014254 332405 1247047 932517 633241 554259 617969 795685 340547 161505 681100 541288 708892 996857 358410 952516 1200661 546489 261284 646906 956113 785325 581347 521147 474073 650552 572742 1171298 676260 1197837 556078 171907 567201 902987 168348 891789 897174 748834 947220 931130 786646 45333 905520 118012 905799 890389 280713 1005097 26096 893274 1140445 103897 827464 956118 680092 371474 883825 410533 59417 250101 644402 37759 896736 930974 602663 718484
580721 999999999 487443 109092 489932 627100 352770 535537 102102 478180 272349 349032 453076 381710 495487 360409 401384 135889 681979 414078 428248 25743 368437 546890 502672 358937 574940 189050 521523 181263 519563 373491 477175 391864 441752 493139 670427 405285 92277 409054 585943 418150 255616 419310 268222 363136 398142 520981 485881 616354 626663 519790 460022 284707 446259 647795 340529 197360 505453 361134 435657 595737 612064 632494 398248 453219 155243 511468 455125 355345 370994 278171 421610 508467 229426 564705 678697 552118 380197 392092 402151 451864 564084 564164 575359 500886 247089 392316 355167 363297 515352 335105 610898 474486 563352 594834 714919 581691 106809 322027
606633 487443 999999999 411375 912827 785352 837890 203245 547602 704085 555011 284735 757050 814003 422489 174584 101835 376346 895021 899740 356433 494607 700800 708915 703900 450833 245704 479310 469733 412837 517993 819176 899643 406552 695256 284322 907938 862542 578633 82065 107451 903915 524941 509747 294443 126579 871475 512258 256830 1102293 853969 88051 345595 245657 524707 191522 150341 291730 151126 824787 53624 836805 124694 819454 91031 614426 622085 365227 613202 523276 832400 764809 541684 411615 683359 627568 298889 671267 514414 466310 655658 633417 580542 315943 770521 505482 610191 623626 828127 252524 1002155 688582 664541 357915 75909 641948 295443 1068126 591381 806625
486651 109092 411375 999999999 599013 701788 431512 496147 136413 420992 352731 339760 548765 410708 510873 265101 316786 144350 768210 508397 319559 100382 343110 619142 439906 260244 539926 118262 416728 80461 419393 482283 586244 415373 527623 385178 760511 512801 193912 329818 502311 497802 190401 325825 257457 284808 460170 553939 379091 695325 714023 430758 350991 253444 493041 586445 275264 125289 407838 413752 357916 684680 535179 712781 320347 376956 211427 511324 378256 414812 478106 372387 476114 519597 338403 475502 638501 472609 433826 431552 348434 523094 468046 546145 655315 400537 345064 470661 416865 256903 597388 317534 522194 365548 486265 504453 665987 662150 190911 399998
1041950 489932 912827 599013 999999999 483455 380364 869203 518340 871087 372656 662452 254266 584568 679674 829942 850889 547124 436265 278782 917786 502209 717860 455700 904221 835874 889587 654641 1004463 667449 994269 124005 13245 596573 332158 980570 397508 125098 414855 848465 1019917 381335 701465 885987 622057 806151 467142 630946 971089 463738 392662 969303 949932 668027 537511 1022467 765657 659636 972741 495871 869557 362474 1028615 449045 836473 887489 476800 740297 890346 457434 154654 313155 495649 702092 261600 1016633 991269 984607 486491 543601 800715 424561 1029789 832672 419922 976327 303426 373197 458799 848967 393292 679761 1059707 964301 984166 1047896 1048184 434481 440207 384906
1184135 627100 785352 701788 483455 999999999 770833 641173 717288 1105060 354770 505090 244035 929250 384144 800600 777617 567871 124752 715015 974294 652170 984337 83731 1129750 956754 635257 811182 1093042 781354 1109205 514880 477971 379288 199606 983719 157855 559862 620568 759388 882436 802477 881108 1025557 531647 735176 859122 293776 963001 933782 116259 868510 992973 579695 260800 802365 682633 671712 907850 861440 766142 131676 862671 49381 748985 1076439 728188 456312 1078024 294310 563803 667395 250105 403287 524245 1176343 709123 1173669 286717 322531 1028880 179063 1163563 550128 65813 1090501 401898 234921 832163 863683 848433 947540 1223057 1009568 833490 1204596 775994 901043 664534 758263
743244 352770 837890 431512 380364 770833 999999999 882279 297565 530526 479731 683153 531405 208780 792870 696192 747123 481707 768510 122005 697105 343383 372899 711174 565830 580008 918757 414641 746804 461564 719064 277420 374143 687820 574310 790451 738328 255706 266693 757843 932842 66295 427156 607447 608855 712059 90279 787762 791237 264439 715440 862251 734172 633533 694979 1000417 692846 546164 836896 117352 785239 681375 962551 753107 747573 573789 222882 827409 577172 592873 231496 107132 657342 810716 255959 708921 1024148 661333 625528 663018 470993 636643 737797 895795 706001 703846 397115 567255 79639 675156 166053 339132 746089 744525 913643 739368 1064277 230720 246814 31520
795823 535537 203245 496147 869203 641173 882279 999999999 620749 859801 496553 210029 669809 904924 257772 339823 270462 401403 760227 918813 543029 551411 826830 574037 865401 615390 47630 593986 662831 527889 706791 797251 856637 287003 596019 484296 780768 846472 615824 241568 265321 945342 653836 681414 274227 260231 933578 350036 456998 1140370 727280 287896 538313 250892 391816 163561 235540 372982 354370 895774 224432 716561 229993 681729 240254 779539 688215 188007 778910 426795 821773 792373 420785 240590 679711 812075 143377 848079 406712 349191 801522 516710 769934 115622 640202 692559 572019 527941 890686 426989 1037682 807024 852003 552088 214376 829504 184279 1104558 641563 852807
525350 102102 547602 136413 518340 717288 297565 620749 999999999 390736 363975 444533 526272 285808 596825 399148 453105 230890 763128 383769 415787 77794 269530 639043 418229 318926 662428 137484 489008 167762 476065 395312 506527 493675 525850 499541 747786 415569 109294 466170 638492 363665 185638 367778 362134 421024 323874 623012 497867 560224 707201 566096 451308 371245 547195 720221 408825 258521 539333 278744 494208 674997 671548 718937 456597 380584 75339 610345 382989 454240 379908 250939 521219 609317 261322 503006 764053 480045 480263 493963 314525 545405 512119 658353 662515 458248 323184 482709 280527 379247 463601 234817 547698 463642 622621 534048 795601 527566 78251 266095
250543 478180 704085 420992 871087 1105060 530526 859801 390736 999999999 750319 747899 916003 341003 927411 531206 605633 565307 1153862 651923 374215 452944 157745 1025070 35591 254093 907218 302961 330144 353686 276303 748517 861123 835380 916168 485258 1138079 751788 496340 632026 749943 574265 230649 207641 669594 602319 480623 974717 503954 713963 1097926 670380 403966 652045 912874 895277 624971 510597 607578 424843 657442 1065647 803032 1108772 628992 101643 402326 919064 104442 829464 718260 560865 893456 934045 636021 206684 990218 141234 851263 852317 76304 929946 257808 936054 1052017 271749 713910 870153 458607 452450 654236 193493 230868 402353 761460 231735 997955 695427 456032 510649
839170 272349 555011 352731 372656 354770 479731 496553 363975 750319 999999999 290636 211385 599545 328396 506880 509004 233340 415567 469475 648757 297402 632787 275218 775020 612094 517840 457835 760003 433162 769197 309743 360085 232013 175466 680626 409546 361531 273873 500479 662301 529107 526949 678550 260648 463122 558395 309194 664644 702848 361743 621554 673046 310588 215292 650739 415948 349760 638922 545802 517491 333304 664452 361282 488547 723314 383001 378944 725025 113370 343065 373161 177988 349103 227209 828021 620783 821330 146332 190707 674167 181595 820069 465965 303902 750320 87641 119991 523350 550961 603117 596862 874674 689272 622393 857136 676258 666765 318002 458489
744950 349032 284735 339760 662452 505090 683153 210029 444533 747899 290636 999999999 479134 729657 185760 308597 274336 213940 611337 711997 505109 369074 682866 426371 761156 531560 239183 453621 629966 395080 659934 587375 649698 127227 412907 490518 623323 636459 419663 254631 387969 744399 522624 603080 83023 234373 741207 256764 467316 936859 569393 364628 515208 98745 245008 360147 182268 237765 403117 708604 261225 552082 380817 536783 244548 684712 504258 172052 685008 239952 611801 588805 257871 188298 470675 749701 345201 768955 229689 183054 680017 348696 720877 215310 486584 642640 362742 341610 699272 385033 834101 656759 794414 531484 342936 773129 393713 900797 450671 654803
1033087 453076 757050 548765 254266 244035 531405 669809 526272 916003 211385 479134 999999999 702021 448677 718187 717998 442517 243748 471021 855893 475134 781103 202883 944326 808557 681353 641882 963336 628438 968155 270863 246163 383542 81865 891639 222659 316583 419713 707812 863362 559769 705768 871584 465617 672204 620835 387224 875933 690937 188215 827944 881599 516662 299763 831217 623593 560118 848780 628128 723064 154205 859824 221860 696015 903728 520040 515946 905854 243163 319771 430965 260446 471447 296195 1017780 776434 1003159 264255 323022 840103 176036 1015646 612801 178223 949300 206023 142198 596739 761413 604470 742878 1063957 897651 820620 1047880 838165 657777 461010 521280
576016 381710 814003 410708 584568 929250 208780 904924 285808 341003 599545 729657 702021 999999999 874209 649815 714268 515719 945115 328746 590300 360636 191401 860337 376503 458551 947368 338238 609121 402444 570283 472881 577231 769056 729655 697071 919327 459513 331431 732013 894402 238836 314580 464492 647622 689140 141523 889850 704732 376501 890063 816855 627600 656607 805472 995345 685295 535959 775482 91876 760508 855922 934576 918941 723883 404335 228544 893109 407924 705693 431429 278893 773462 888356 406680 536681 1047942 479649 735685 760126 295306 775057 575663 943986 867166 558074 531156 706439 129451 604139 313348 169179 568196 634238 886407 565295 1076690 355633 290255 199726
930547 495487 422489 510873 679674 384144 792870 257772 596825 927411 328396 185760 448677 874209 999999999 487603 442278 371432 504899 795993 688739 519043 851144 320891 942390 716895 251696 628146 813827 573737 845175 635548 668396 105914 368398 665416 528069 687859 546853 417960 509929 847882 699072 788509 258224 408234 862914 92550 640664 1028684 475445 509890 696774 284373 149873 418221 358911 420555 561890 839273 416291 468237 483706 426079 409992 868133 645676 72860 868565 223950 671069 689608 188254 22772 550731 935447 334029 953876 193394 138676 857424 278632 906365 170073 388005 828016 415769 309886 823659 567798 927704 822076 980173 712800 459393 958874 399112 992454 585074 767939
458532 360409 174584 265101 829942 800600 696192 339823 399148 531206 506880 308597 718187 649815 487603 999999999 74427 284891 895677 772005 206952 360557 527461 718351 532728 279777 387227 311880 330895 247697 369900 723042 816740 433221 671098 183455 900188 760336 452164 101424 244592 762438 352176 342907 269067 83048 719417 565025 162489 959371 847841 168140 209958 221338 546833 365967 128726 170475 145221 669151 126238 824945 286928 826249 100165 444401 474446 450452 443442 512096 727304 635708 550677 484433 580119 472717 461331 508630 514386 481124 481216 630098 432948 434755 771927 354715 539587 601605 676644 87398 862195 516849 513527 225679 240216 491153 466756 926596 455208 664673
525363 401384 101835 316786 850889 777617 747123 270462 453105 605633 509004 274336 717998 714268 442278 74427 999999999 304654 879266 815461 272568 405615 598977 697231 607011 353940 317338 378287 393257 312231 436336 750042 837644 401556 664001 224648 887362 790534 493587 28896 185723 813380 423106 416052 254516 45884 776370 525273 199011 1011411 834068 119787 269222 203336 518847 292362 96100 204129 131937 728185 51813 813504 220443 806912 32874 518454 528212 397546 517439 497621 758833 679491 528134 436311 609957 542102 387730 580725 495150 455164 555220 613607 499485 371201 754530 422128 552787 592945 733192 158445 912465 586836 581620 283676 172139 559104 392332 977824 502153 715676
616380 135889 376346 144350 547124 567871 481707 401403 230890 565307 233340 213940 442517 515719 371432 284891 304654 999999999 644116 528419 415598 155154 479830 484353 584148 389213 439785 262412 528809 218402 541773 445605 533885 272679 407098 450351 641275 487179 215019 304878 480756 545641 334672 458823 132403 260852 532590 410040 436160 742368 591877 424006 439732 151844 349273 521738 226008 118362 425906 496909 328387 564931 498750 583252 293100 519117 290967 379976 520220 275794 456401 396513 334248 382054 307260 609975 544154 612931 292124 287250 492396 388925 595692 428653 526144 523004 255041 343552 489922 319222 640130 450691 656608 455941 451243 637631 582612 706968 240494 451859
1254734 681979 895021 768210 436265 124752 768510 760227 763128 1153862 415567 611337 243748 945115 504899 895677 879266 644116 999999999 695252 1058093 705710 1022736 187180 1180991 1027630 756572 870426 1172925 848664 1184199 496419 433993 488977 240816 1077126 44207 533908 659162 863045 994855 790516 937458 1094028 627597 835414 858643 416169 1057924 899192 56089 975952 1079589 677573 372364 922517 783331 755122 1010774 869422 872076 89594 978148 78881 852158 1135199 762059 577559 1137098 383593 545606 671464 353502 524815 539894 1243144 832781 1234016 384154 428737 1077648 265938 1235593 672617 124867 1165339 439957 300574 836981 952668 822559 984755 1289741 1096083 946851 1272443 899491 868829 701562 760808
859847 414078 899740 508397 278782 715015 122005 918813 383769 651923 469475 711997 471021 328746 795993 772005 815461 528419 695252 999999999 796412 411519 494192 665161 687125 686227 951095 512921 855374 551527 831106 200656 275204 694578 527465 883297 661013 162084 321903 822602 999767 103137 535115 719168 645433 776749 195852 776694 881428 233471 645239 933713 832761 677756 680785 1049544 750703 611392 915957 236878 848758 612018 1023927 690774 811596 691929 314722 839717 695248 581262 151374 136309 640327 815773 245963 826828 1057145 781267 614396 659816 590940 602446 853195 917182 649215 815203 381977 535431 199484 761751 136255 459720 865027 844241 975547 857534 1102946 197531 317503 142087
252796 428248 356433 319559 917786 974294 697105 543029 415787 374215 648757 505109 855893 590300 688739 206952 272568 415598 1058093 796412 999999999 415761 424614 890681 365483 134804 589825 283632 125122 251982 163777 799236 905126 624055 822603 112912 1056622 826189 506101 301463 381976 759965 277982 166946 450373 289997 693916 761098 129777 945298 1006690 304964 37542 409907 731250 540626 332931 303247 236916 636801 320294 980300 437991 994231 303382 275112 481698 655822 273046 680188 790834 666239 728428 687323 656412 271199 654901 317087 688876 664781 346670 797586 226933 641367 937831 149782 658107 757827 655300 121466 858246 429014 309344 47883 401075 286781 649954 916734 490548 667127
560137 25743 494607 100382 502209 652170 343383 551411 77794 452944 297402 369074 475134 360636 519043 360557 405615 155154 705710 411519 415761 999999999 342777 572177 477746 340404 591735 166854 505128 165586 501010 383656 489630 415917 465805 485371 693495 412828 93565 414994 591004 409328 231770 398989 287371 369114 383842 545959 479473 607718 650259 522831 448532 300620 471816 659249 349841 202982 504906 344363 442151 619090 619294 657044 404534 429684 136917 533363 431662 381088 377985 275210 447329 531625 240688 543019 694754 528807 405888 417276 376846 477278 544073 583749 599990 482444 269151 417308 340576 357244 507639 309610 589033 462573 570420 573346 729291 573522 96805 312220
384615 368437 700800 343110 717860 984337 372899 826830 269530 157745 632787 682866 781103 191401 851144 527461 598977 479830 1022736 494192 424614 342777 999999999 907316 192948 289812 872699 233289 424990 298944 382333 596505 708335 751854 789764 536247 1003739 596942 364676 621511 766451 418152 176080 281278 600503 583841 326715 886193 548363 567902 966648 686424 460523 594424 814481 890428 593537 456565 634531 269540 649305 933522 813375 983383 615665 212995 261097 854376 216590 723325 564043 405783 789941 861079 492397 345523 965483 290906 748622 758715 103908 814373 384557 886888 927739 371393 585065 750601 302104 464712 501509 38719 378318 464514 767482 374474 983707 546654 321460 352928
1100695 546890 708915 619142 455700 83731 711174 574037 639043 1025070 275218 426371 202883 860337 320891 718351 697231 484353 187180 665161 890681 572177 907316 999999999 1049188 873375 572252 729516 1009319 698477 1025541 468101 448266 302429 137935 901244 207241 516359 545142 679773 808001 747400 799867 942359 449286 654262 797828 235934 880825 890225 154627 790797 909564 497885 185226 736851 601817 588013 828048 796249 687573 150821 790971 110543 669160 994502 653639 393750 996033 210602 515664 605758 169117 341705 459292 1093242 652768 1091397 203995 243319 949018 96051 1080032 490324 67294 1006845 329626 156831 768599 780469 800527 870976 1139948 926156 759815 1121379 718802 856345 589316 696375
220774 502672 703900 439906 904221 1129750 565830 865401 418229 35591 775020 761156 944326 376503 942390 532728 607011 584148 1180991 687125 365483 477746 192948 1049188 999999999 253188 912959 322864 310540 369334 254672 781363 894129 852296 942485 474498 1166014 785493 525064 634035 744949 609827 250810 198829 684197 606384 516208 992295 494554 749009 1125149 666029 393077 664290 932835 894395 631708 523402 601219 460424 658704 1093113 799147 1134565 631661 90663 433433 931493 92516 851397 751779 594756 914618 948266 666878 176071 993449 107788 872352 871397 104992 953743 230210 944958 1077621 252160 741226 894987 494135 451431 689772 228155 197226 390071 758792 199499 998798 730709 485550 545712
227511 358937 450833 260244 835874 956754 580008 615390 318926 254093 612094 531560 808557 458551 716895 279777 353940 389213 1027630 686227 134804 340404 289812 873375 253188 999999999 663020 181542 170571 180140 160653 713609 823788 636802 787369 246792 1020635 734384 421404 381179 496757 640530 153075 71755 461912 355312 568521 777683 260468 820278 973766 416869 170988 432828 731918 641643 384800 299254 356258 510444 405580 944712 549178 970339 379191 164695 375045 696799 163840 664891 698716 561906 721388 719732 575718 221980 740955 238037 679709 666776 215533 777699 207979 700535 912955 142043 603804 728685 531730 198577 736979 294937 268285 176153 507369 248712 745612 793111 397030 551271
842586 574940 245704 539926 889587 635257 918757 47630 662428 907218 517840 239183 681353 947368 251696 387227 317338 439785 756572 951095 589825 591735 872699 572252 912959 663020 999999999 639631 709017 573829 753540 822715 877242 298151 605174 528763 779493 872751 652965 288467 297250 981104 700237 729005 309929 307849 972369 341649 501366 1174934 726600 327805 584422 291335 394280 169007 282642 417744 396336 935869 270419 718045 255461 677732 287482 827159 728651 179038 826534 439942 849272 826742 426612 231976 709651 859239 106053 895606 417102 358449 848602 521861 816662 89366 639177 739459 596501 539161 929697 474307 1072171 852351 898959 597993 247378 876441 158623 1138968 680278 889686
394219 189050 479310 118262 654641 811182 414641 593986 137484 302961 457835 453621 641882 338238 628146 311880 378287 262412 870426 512921 283632 166854 233289 729516 322864 181542 639631 999999999 351525 67250 339846 532143 642641 533546 629833 376432 859422 553051 240928 397943 556368 478539 72326 233909 372540 357224 419715 672196 378880 668356 815292 478619 320273 362443 610173 665280 362112 223380 438848 365415 426323 784591 597806 819086 390780 265481 198354 625666 267195 528963 517388 384213 591794 636224 395279 376184 733527 363719 549518 549358 230179 633635 379125 654230 761731 321768 435861 577524 378831 268969 577743 213497 422179 331403 550099 406573 754293 638222 215500 384258
139699 521523 469733 416728 1004463 1093042 746804 662831 489008 330144 760003 629966 963336 609121 813827 330895 393257 528809 1172925 855374 125122 505128 424990 1009319 310540 170571 709017 351525 999999999 340262 58581 882822 992226 747954 935104 192716 1169394 904576 589610 422032 478271 805686 320355 144640 573466 413844 728882 885629 218848 979643 1120530 407178 124627 534214 853600 646119 457810 421486 334538 670151 438598 1093073 536580 1111141 424986 229999 545460 780675 226818 798742 868914 732284 849209 812442 743476 170186 768317 232551 809035 787186 328941 915239 114007 763936 1054309 58465 761405 872359 694259 246481 900381 440274 199039 111831 505149 176885 757868 954130 566915 718788
406202 181263 412837 80461 667449 781354 461564 527889 167762 353686 433162 395080 628438 402444 573737 247697 312231 218402 848664 551527 251982 165586 298944 698477 369334 180140 573829 67250 340262 999999999 339972 547808 654945 483032 608084 331780 840904 574206 254243 331242 492221 526920 128459 245389 315961 290125 475403 623285 330457 720551 794483 415450 286169 301125 567338 598165 295163 160101 379763 423256 359674 765107 532276 792953 323874 300875 239377 566861 301914 492666 538859 418297 552519 580440 405850 395320 666852 394681 510324 504326 284943 602470 387726 591087 735493 321163 423938 550877 433361 213787 626836 280500 442030 299424 484292 424120 687099 689193 239521 430418
89049 519563 517993 419393 994269 1109205 719064 706791 476065 276303 769197 659934 968155 570283 845175 369900 436336 541773 1184199 831106 163777 501010 382333 1025541 254672 160653 753540 339846 58581 339972 999999999 871377 982347 774114 944662 247288 1178512 890013 580696 465232 532494 775774 297986 111942 598522 452781 695085 913437 272465 944151 1130869 459563 173225 562472 876004 698052 493667 441024 387754 636221 483711 1102391 590397 1124936 467121 178483 526647 815921 175097 815574 854385 712382 868962 845136 735077 113217 816874 173970 828003 809909 282558 930494 63159 804645 1067736 18884 763910 884234 662377 283076 868390 401157 146586 163017 557287 124006 809020 919949 554305 692163
918132 373491 819176 482283 124005 514880 277420 797251 395312 748517 309743 587375 270863 472881 635548 723042 750042 445605 496419 200656 799236 383656 596505 468101 781363 713609 822715 532143 882822 547808 871377 999999999 113105 541726 331575 866433 463803 52474 293869 750293 925080 294134 577724 762635 536128 706457 367377 602252 858375 422207 445422 869565 832188 578293 505798 943407 669651 552759 867436 387668 773108 411954 938671 490118 738447 763537 352818 688603 766385 412575 49405 195471 463892 656941 144305 892644 927208 860781 444750 496873 677530 412834 906168 775171 449067 853546 226435 349409 352027 735820 333643 558164 935703 846188 892589 923909 980000 388247 317075 275761
1030488 477175 899643 586244 13245 477971 374143 856637 506527 861123 360085 649698 246163 577231 668396 816740 837644 533885 433993 275204 905126 489630 708335 448266 894129 823788 877242 642641 992226 654945 982347 113105 999999999 584639 323119 967584 395926 118440 402625 835230 1006722 377250 689963 874248 608979 792908 461592 620595 958039 465279 389305 956061 937193 654882 526830 1009668 752436 646447 959513 489055 856336 358589 1015508 444509 823238 876591 465853 728636 879429 445839 146293 304314 484894 690773 249112 1005423 979084 973885 475119 532034 790451 415023 1018181 820755 414002 964370 290347 362643 452162 835945 392549 670148 1048622 951594 971022 1036679 1035822 435405 428456 377744
856832 391864 406552 415373 596573 379288 687820 287003 493675 835380 232013 127227 383542 769056 105914 433221 401556 272679 488977 694578 624055 415917 751854 302429 852296 636802 298151 533546 747954 483032 774114 541726 584639 999999999 309017 616116 503966 593542 441031 381668 505940 743592 605368 708514 175734 361172 757152 141026 593435 926480 449933 489223 636763 214459 118516 449726 308800 337553 530084 733370 387150 435503 491470 412947 371706 781751 540604 146964 782449 141930 574507 585242 137355 122897 448704 857981 396116 870974 119731 62779 763689 232516 833592 236119 364978 756267 317713 241390 717793 505969 824988 721666 903635 653215 458315 882999 455872 890206 479541 662570
1014254 441752 695256 527623 332158 199606 574310 596019 525850 916168 175466 412907 81865 729655 368398 671098 664001 407098 240816 527465 822603 465805 789764 137935 942485 787369 605174 629833 935104 608084 944662 331575 323119 309017 999999999 849137 234295 380886 425099 651469 800258 609574 697363 853388 409532 618667 661656 305367 831665 753734 186410 769778 845828 460794 218880 758578 568316 521299 795772 662303 664620 157970 793188 193619 639926 894864 531320 436784 896718 173082 378543 469594 180650 391140 324946 1002351 698318 993517 189357 247096 839867 94224 995346 534187 138601 925785 204810 71648 633577 721452 663046 752409 1048940 862180 755829 1031693 760909 719559 468597 560408
332405 493139 284322 385178 980570 983719 790451 484296 499541 485258 680626 490518 891639 697071 665416 183455 224648 450351 1077126 883297 112912 485371 536247 901244 474498 246792 528763 376432 192716 331780 247288 866433 967584 616116 849137 999999999 1080244 897963 578597 251409 285583 854804 382668 277629 452073 257498 794283 745858 27497 1044320 1028403 215394 81435 404783 730248 454230 308524 332030 142235 738320 261703 1004562 343866 1008643 257499 384935 570152 622191 382632 693869 863281 749842 733941 660327 722166 360452 580249 415924 697250 664577 459577 812079 306629 591781 953881 238906 703560 780776 754313 132265 954147 538923 391702 86014 313314 369452 566539 1014537 569687 759731
1247047 670427 907938 760511 397508 157855 738328 780768 747786 1138079 409546 623323 222659 919327 528069 900188 887362 641275 44207 661013 1056622 693495 1003739 207241 1166014 1020635 779493 859422 1169394 840904 1178512 463803 395926 503966 234295 1080244 999999999 499123 642022 872344 1009430 757775 925090 1085855 633905 842883 828595 441674 1061870 861123 54042 987219 1079373 684538 389871 943821 791263 754662 1019219 841643 882698 76346 995084 108754 861214 1123112 742659 600928 1125125 389788 512633 643538 366915 548719 516461 1233937 858984 1222300 394053 442381 1062055 274810 1228541 697223 140570 1159629 425259 299740 808445 953956 786476 965487 1280392 1095777 962219 1263596 925304 831297 683585 731975
932517 405285 862542 512801 125098 559862 255706 846472 415569 751788 361531 636459 316583 459513 687859 760336 790534 487179 533908 162084 826189 412828 596942 516359 785493 734384 872751 553051 904576 574206 890013 52474 118440 593542 380886 897963 499123 999999999 320426 792009 967774 261652 593567 779876 582874 747624 343436 654647 891155 374383 484752 910281 860063 623738 558212 990923 712519 590774 905281 370810 815490 451923 983116 532789 780260 773659 365328 740471 776648 465009 35668 191160 516281 709200 180660 904984 977538 869361 497212 549191 683038 463903 921839 826452 494161 872559 277271 401218 333811 768580 289795 559251 946969 873578 936556 936245 1029646 341236 337832 259823
633241 92277 578633 193912 414855 620568 266693 615824 109294 496340 273873 419663 419713 331431 546853 452164 493587 215019 659162 321903 506101 93565 364676 545142 525064 421404 652965 240928 589610 254243 580696 293869 402625 441031 425099 578597 642022 320426 999999999 500850 677918 330769 294590 474300 343128 454963 321742 558529 572984 528071 603093 612066 539709 366857 474386 735042 430617 289493 597010 292883 527217 570345 703111 618717 489929 489836 109128 572452 492258 375547 285307 186252 443442 562380 154384 611857 758042 589263 404854 428912 420563 454337 619246 634208 563194 562525 220399 388383 280285 450801 426258 327346 656746 553349 654525 642824 797589 492940 44224 236990
554259 409054 82065 329818 848465 759388 757843 241568 466170 632026 500479 254631 707812 732013 417960 101424 28896 304878 863045 822602 301463 414994 621511 679773 634035 381179 288467 397943 422032 331242 465232 750293 835230 381668 651469 251409 872344 792009 500850 999999999 177345 823984 445447 444039 242440 45926 789988 502351 225299 1022281 818814 121500 297890 191224 499635 268920 84539 212087 148500 742950 28495 799090 205383 789831 12030 545821 540867 371291 544866 483113 760937 687086 510701 411226 611813 570901 359928 609105 478990 436899 580367 597937 528380 342752 738194 451012 548253 580091 746676 186821 922600 608234 610495 312229 156452 587981 366368 988338 511789 726495
617969 585943 107451 502311 1019917 882436 932842 265321 638492 749943 662301 387969 863362 894402 509929 244592 185723 480756 994855 999767 381976 591004 766451 808001 744949 496757 297250 556368 478271 492221 532494 925080 1006722 505940 800258 285583 1009430 967774 677918 177345 999999999 999095 593266 546421 401819 223072 961270 601750 260030 1197133 955394 80305 361214 353099 622924 175286 255429 388639 145460 912249 152407 939358 58899 918342 188641 654297 713693 446445 652554 627676 937157 864093 642541 496362 788013 645431 315223 697818 617233 567059 709900 735685 592211 380556 870901 523121 717492 728716 918194 302733 1098136 758515 677282 369719 51131 655033 288317 1163538 687659 901398
795685 418150 903915 497802 381335 802477 66295 945342 363665 574265 529107 744399 559769 238836 847882 762438 813380 545641 790516 103137 759965 409328 418152 747400 609827 640530 981104 478539 805686 526920 775774 294134 377250 743592 609574 854804 757775 261652 330769 823984 999095 999999999 487455 664712 671443 778179 98611 838247 856086 198392 739127 928544 797184 697469 744091 1065417 758500 612212 902959 149664 851332 705454 1028592 781295 813676 624779 288789 885062 628243 642463 245143 158353 705303 866333 302199 759777 1086731 708833 675433 715699 519328 677802 791565 955812 736962 761085 444002 609058 116155 740643 100005 387007 795246 807176 979698 789766 1127872 164445 312630 97804
340547 255616 524941 190401 701465 881108 427156 653836 185638 230649 526949 522624 705768 314580 699072 352176 423106 334672 937458 535115 277982 231770 176080 799867 250810 153075 700237 72326 320355 128459 297986 577724 689963 605368 697363 382668 925090 593567 294590 445447 593266 487455 999999999 186693 442434 407893 416707 744299 390198 668425 882028 513696 315515 429474 682465 714357 419258 288558 465812 359144 473279 850830 638763 887833 439589 198041 228926 694603 200110 600648 558047 414404 663823 706658 446769 317368 791098 297396 621563 621678 158428 704143 328560 719429 830597 281285 500175 646875 379150 294261 584034 165258 362157 323633 592385 348416 808003 640708 262275 398702
161505 419310 509747 325825 885987 1025557 607447 681414 367778 207641 678550 603080 871584 464492 788509 342907 416052 458823 1094028 719168 166946 398989 281278 942359 198829 71755 729005 233909 144640 245389 111942 762635 874248 708514 853388 277629 1085855 779876 474300 444039 546421 664712 186693 999999999 533667 421246 585622 849413 296502 835803 1039764 467859 196402 504336 803032 698801 453360 370961 402418 526796 467110 1010200 601103 1038091 443030 108257 415611 767669 106313 734616 744301 600859 791887 791178 628371 151191 803779 167839 750081 738056 189287 846511 145243 769272 980649 96416 665970 796107 551968 257975 758130 295644 197788 195482 561668 179044 805191 810795 445794 580367
681100 268222 294443 257457 622057 531647 608855 274227 362134 669594 260648 83023 465617 647622 258224 269067 254516 132403 627597 645433 450373 287371 600503 449286 684197 461912 309929 372540 573466 315961 598522 536128 608979 175734 409532 452073 633905 582874 343128 242440 401819 671443 442434 533667 999999999 209388 663437 316061 431549 866149 580953 362339 465190 51289 281223 408452 158804 163204 386384 628975 257588 559535 406707 557340 230748 610271 423366 253875 610772 244304 555661 518154 281992 264481 409884 682618 415328 697417 245321 214798 600433 361697 657867 296404 503411 580618 318633 338429 621065 334578 763457 574008 728139 481756 363094 707410 457845 830332 371735 579759
541288 363136 126579 284808 806151 735176 712059 260231 421024 602319 463122 234373 672204 689140 408234 83048 45884 260852 835414 776749 289997 369114 583841 654262 606384 355312 307849 357224 413844 290125 452781 706457 792908 361172 618667 257498 842883 747624 454963 45926 223072 778179 407893 421246 209388 999999999 744896 488495 233460 976498 789718 163290 292157 158400 477514 308056 52586 166177 177111 698329 73285 768781 250782 763622 35601 519711 495548 368382 519005 453096 716294 641190 485303 403930 567235 554576 388013 588203 451507 413101 547545 569575 515775 352038 710795 437418 507361 547729 701550 169827 876737 569042 595900 307592 201826 573590 400385 942511 465914 680728
708892 398142 871475 460170 467142 859122 90279 933578 323874 480623 558395 741207 620835 141523 862914 719417 776370 532590 858643 195852 693916 383842 326715 797828 516208 568521 972369 419715 728882 475403 695085 367377 461592 757152 661656 794283 828595 343436 321742 789988 961270 98611 416707 585622 663437 744896 999999999 863737 798180 251774 805433 887373 731438 682829 772748 1042262 731437 581673 855140 58865 818064 771340 995345 842333 780464 537111 249864 892833 540643 670618 320847 192096 736378 879744 339680 671345 1076610 617438 702782 736879 429656 720909 706441 955936 794572 681377 478651 651364 43432 687766 174997 298366 705022 740129 946434 700758 1112870 225248 292105 101549
996857 520981 512258 553939 630946 293776 787762 350036 623012 974717 309194 256764 387224 889850 92550 565025 525273 410040 416169 776694 761098 545959 886193 235934 992295 777683 341649 672196 885629 623285 913437 602252 620595 141026 305367 745858 441674 654647 558529 502351 601750 838247 744299 849413 316061 488495 863737 999999999 721938 1010121 390130 599066 771920 351479 96538 509427 437429 478472 648416 846071 502881 386013 576221 337310 493642 922559 663225 163056 923288 195973 642126 681740 138367 109938 536387 998660 417311 1011998 162888 129841 902334 211429 973392 256493 303155 895754 395511 258137 826751 641573 911376 854695 1044199 788219 551384 1023449 483706 974225 599810 765294
358410 485881 256830 379091 971089 963001 791237 456998 497867 503954 664644 467316 875933 704732 640664 162489 199011 436160 1057924 881428 129777 479473 548363 880825 494554 260468 501366 378880 218848 330457 272465 858375 958039 593435 831665 27497 1061870 891155 572984 225299 260030 856086 390198 296502 431549 233460 798180 721938 999999999 1047224 1009741 188540 102668 383454 708312 427485 285072 317872 115691 742898 234803 986402 318006 988721 231778 404462 569738 596440 402298 674400 856742 747114 713007 635182 714079 385429 552854 439339 676869 642912 475087 792479 332532 564840 934313 263305 690446 762768 757639 122605 955732 549251 417596 109827 286519 395259 539612 1016901 566137 760287
952516 616354 1102293 695325 463738 933782 264439 1140370 560224 713963 702848 936859 690937 376501 1028684 959371 1011411 742368 899192 233471 945298 607718 567902 890225 749009 820278 1174934 668356 979643 720551 944151 422207 465279 926480 753734 1044320 861123 374383 528071 1022281 1197133 198392 668425 835803 866149 976498 251774 1010121 1047224 999999999 853323 1126032 982793 894007 914135 1263100 956805 810579 1098708 309959 1049674 821611 1226965 905023 1012010 780813 484952 1070726 784400 814734 375546 348192 873535 1048206 477982 912975 1280840 854301 847867 893009 671805 832640 951959 1145624 868199 931018 615408 766700 290155 934200 102767 543925 943430 991689 1178064 941301 1323588 36288 511018 295801
1200661 626663 853969 714023 392662 116259 715440 727280 707201 1097926 361743 569393 188215 890063 475445 847841 834068 591877 56089 645239 1006690 650259 966648 154627 1125149 973766 726600 815292 1120530 794483 1130869 445422 389305 449933 186410 1028403 54042 484752 603093 818814 955394 739127 882028 1039764 580953 789718 805433 390130 1009741 853323 999999999 933413 1028865 631444 336081 890451 737983 704167 965876 815112 828962 34199 941097 68061 807726 1079857 705989 548294 1081781 336684 494774 617341 312874 496328 484405 1188572 807267 1178769 340261 388342 1021726 221032 1181745 644952 87443 1111997 384018 248928 783017 902780 774250 928673 1235132 1045313 908178 1217987 873383 822247 645474 707033
546489 519790 88051 430758 969303 868510 862251 287896 566096 670380 621554 364628 827944 816855 509890 168140 119787 424006 975952 933713 304964 522831 686424 790797 666029 416869 327805 478619 407178 415450 459563 869565 956061 489223 769778 215394 987219 910281 612066 121500 80305 928544 513696 467859 362339 163290 887373 599066 188540 1126032 933413 999999999 286764 311436 607718 238962 205876 323061 73412 837287 105159 914951 133273 901286 133524 575431 641433 453265 573768 599614 878618 797548 622499 499400 729724 571820 367249 621831 593167 547541 629666 712409 520516 402157 851168 449126 669642 698203 844518 222441 1028043 678950 605489 296610 97986 583052 351148 1092908 618877 830742
261284 460022 345595 350991 949932 992973 734172 538313 451308 403966 673046 515208 881599 627600 696774 209958 269222 439732 1079589 832761 37542 448532 460523 909564 393077 170988 584422 320273 124627 286169 173225 832188 937193 636763 845828 81435 1079373 860063 539709 297890 361214 797184 315515 196402 465190 292157 731438 771920 102668 982793 1028865 286764 999999999 422329 746400 524923 338405 324724 215836 674340 314006 1003137 418498 1014360 301267 303514 518047 660345 301202 699524 824807 702039 745515 694152 688896 285063 644410 336937 706700 679987 380236 817427 235192 640318 958346 162362 685916 779953 692772 130830 895564 465734 319697 16602 384275 297149 635795 954175 525397 704108
646906 284707 245657 253444 668027 579695 633533 250892 371245 652045 310588 98745 516662 656607 284373 221338 203336 151844 677573 677756 409907 300620 594424 497885 664290 432828 291335 362443 534214 301125 562472 578293 654882 214459 460794 404783 684538 623738 366857 191224 353099 697469 429474 504336 51289 158400 682829 351479 383454 894007 631444 311436 422329 999999999 325759 371925 107524 141564 335249 644954 206962 610381 361029 606577 179501 586726 437500 267206 586955 294771 595321 547412 329618 286938 447746 651101 394174 670308 294277 259853 585598 411640 623021 292806 553146 544990 364899 389644 639874 291520 791655 570493 695931 438797 316140 674727 430897 858523 390973 603616
956113 446259 524707 493041 537511 260800 694979 391816 547195 912874 215292 245008 299763 805472 149873 546833 518847 349273 372364 680785 731250 471816 814481 185226 932835 731918 394280 610173 853600 567338 876004 505798 526830 118516 218880 730248 389871 558212 474386 499635 622924 744091 682465 803032 281223 477514 772748 96538 708312 914135 336081 607718 746400 325759 999999999 555293 424953 435160 648125 757557 505603 324765 605894 295426 489485 868209 581365 220041 869250 102177 545592 588454 42188 172534 441923 953896 482518 961077 70177 66471 838774 128973 933783 318044 249636 857746 300429 164409 736753 615727 815768 781354 1000162 762961 574610 980248 546594 878301 516932 673380
785325 647795 191522 586445 1022467 802365 1000417 163561 720221 895277 650739 360147 831217 995345 418221 365967 292362 521738 922517 1049544 540626 659249 890428 736851 894395 641643 169007 665280 646119 598165 698052 943407 1009668 449726 758578 454230 943821 990923 735042 268920 175286 1065417 714357 698801 408452 308056 1042262 509427 427485 1263100 890451 238962 524923 371925 555293 999999999 311442 461857 312006 998964 241291 880056 117991 843842 274989 804537 792646 346374 803199 588063 964077 918246 584264 399494 818095 809831 145858 857517 569230 512198 847149 680202 759321 257965 803257 687106 721355 689808 998850 443076 1161244 876754 844226 535291 140977 821751 113226 1227971 754381 969796
