NAME : synthetic_000704
TYPE : CTSP-D
DIMENSION : 100
GROUPS : 8
RELAXATION_LEVEL : 1
EDGE_WEIGHT_TYPE : EXPLICIT
EDGE_WEIGHT_FORMAT : FULL_MATRIX
EDGE_WEIGHT_SECTION
999999999 1057353 619863 347301 894644 613231 590469 728237 1026307 942283 623362 201813 959153 982430 874863 992942 813655 59931 1222434 1033923 351655 837855 994641 856543 577751 962352 1087321 1037713 1003685 523283 658047 1285024 571433 617816 318688 997099 550247 956164 822226 585715 878249 581898 966652 1289681 721035 522028 407937 904587 159989 938170 926247 919897 484379 705806 1044761 695504 563751 641017 517249 828571 478823 1078893 85231 739915 905848 761076 608434 612929 599895 943445 725833 569007 902037 412105 366698 856421 832203 953889 551998 562007 163862 574279 846787 224859 924101 353928 951449 699115 811207 1014092 980534 931835 1100523 858524 1098785 921194 1064888 582242 554543 932533
1057353 999999999 546723 776387 203055 939868 729818 403529 247141 115072 439709 880868 314033 291669 442845 251282 1045572 1015436 486904 25256 884955 581616 262174 354143 882316 206792 657689 710744 290168 893362 944105 439426 779702 494841 952204 840598 551962 239928 361223 573299 426359 582010 426066 493109 399457 944572 665640 158787 915990 297415 145928 471443 969548 827694 143598 948200 510974 846260 639979 626313 655618 484039 976501 899449 787513 353982 696988 763947 530667 236359 853889 591283 236543 766893 882426 1081928 532092 642629 816232 512920 930654 500653 888863 834356 133803 968766 1067920 455017 884999 448857 183086 385563 494336 336333 315699 633947 326673 585216 539643 275892
619863 546723 999999999 498129 345797 835241 650327 143868 647957 446667 198550 512668 631405 376550 646566 621942 1021505 599805 915157 530288 630294 717441 630020 562558 769887 564896 934459 936657 654542 745429 864368 922053 680658 77726 675433 993706 403581 366967 531629 34610 258399 40493 709464 955854 442036 785892 377105 440166 460072 601405 400980 703092 784095 807814 606243 888963 342223 781026 491316 742894 468413 824733 558420 880492 904671 192830 634454 696240 46289 357831 839460 487530 328303 546173 637545 1068397 676780 840296 698962 342880 555834 342430 936504 409818 438378 710237 1111211 479985 912834 758955 407696 654990 844953 254731 740952 812764 723156 495101 387967 581288
347301 776387 498129 999999999 652672 367350 259684 543407 700329 664870 393206 146538 625648 781760 530517 667066 572715 289641 878527 751433 132848 491490 667131 522692 308791 645724 742495 697708 672240 268508 405745 947191 256726 453093 187313 675827 227837 738128 490370 473467 725580 475296 622584 947668 398403 299160 128220 617684 289540 607731 666003 573696 289464 402793 735106 438326 266410 349369 171578 484824 136241 732756 264662 457468 581220 556463 270476 292893 457966 723329 429595 225363 676719 77939 139425 620140 484909 610398 253100 264453 185373 276440 549053 213915 644185 216436 691097 364840 516113 668893 745471 591116 754247 668165 765057 577498 729374 238041 238021 605778
894644 203055 345797 652672 999999999 885672 672555 201958 368281 123721 272753 734613 393587 167634 478880 353803 1025785 858710 638955 189693 775161 600776 364594 377773 822473 291997 745750 778720 394383 821138 899351 616547 718722 300443 838006 883375 448198 104826 364966 373978 247293 382453 501050 661924 344384 870906 529718 152421 744825 366109 63270 524919 887422 799960 293149 911329 391722 802128 548351 640856 551957 592817 818098 875767 812854 153368 643533 713726 333829 90317 829702 510444 52576 661517 775792 1067353 550309 694281 750865 393615 784192 383023 890814 669802 128132 861342 1074812 405296 878922 539706 93121 448332 608632 145253 457872 676600 453453 508852 432477 341194
613231 939868 835241 367350 885672 999999999 213549 841698 770374 848686 681636 464423 679971 1042428 540682 742791 208185 556352 836479 915326 273747 419888 737238 597943 65901 752832 601682 524420 726802 99713 44873 938774 167203 775350 294562 426857 453453 986656 582205 816460 1027019 820082 614861 914047 548709 92050 463814 793124 627583 677892 874637 550869 135303 151878 846320 82428 518695 99549 352619 382395 368126 682656 555320 140109 354252 838294 244453 175978 790725 971323 150095 378312 924647 298291 258905 254788 451905 475867 138883 517239 470575 523835 252363 570385 827076 261401 339342 488888 217232 641092 975343 615206 698988 948225 796228 451198 757456 378034 470631 689586
590469 729818 650327 259684 672555 213549 999999999 639525 576602 636069 480802 399432 488173 830721 357726 546749 372933 530622 687525 705026 252571 267655 542585 397350 152764 549545 503651 448024 536411 168416 228017 776735 50406 583974 313518 416149 251470 774102 377274 636164 823079 641063 443030 762761 335541 218907 304887 580737 549224 481471 661122 382460 251881 159759 643932 244915 316925 134026 159565 246694 189419 533284 513694 230282 321587 631920 33978 45971 604426 758793 190829 170340 712334 183458 240176 419160 281436 368743 88672 315718 427514 320461 300386 471152 614397 305376 463722 276273 271085 479334 761905 430896 552793 740074 615530 336974 576803 167759 268410 489998
728237 403529 143868 543407 201958 841698 639525 999999999 523297 306927 160101 592470 519428 254350 559117 500229 1011253 699951 794960 387808 675070 651465 509322 465633 775878 440309 845803 859626 536036 761135 864663 791949 677831 110897 729697 936058 389084 231727 439386 173004 185891 181225 609455 829868 368694 806675 415252 307198 571690 489323 258205 613642 813102 788551 471317 884276 323470 773524 489080 683376 477423 718807 658389 864095 852905 49927 617327 684870 136982 220720 820098 469323 186635 574172 679367 1056533 605725 766095 702818 324837 639844 319210 904037 507143 300771 759800 1085125 419086 884815 656283 267008 554088 737787 131133 616669 741745 602901 473235 371930 467018
1026307 247141 647957 700329 368281 770374 576602 523297 999999999 246736 478052 830640 90646 511734 232723 33409 842171 975385 273018 233348 781935 369494 34266 182627 721370 83211 410672 466739 48067 744949 765361 277716 626480 577317 850989 603656 477589 450126 211214 664480 615523 673518 187621 307901 305435 795030 618428 220909 908245 95907 308717 243094 828156 638831 104841 762090 465158 671606 536403 414390 565275 237746 941324 703855 560673 476881 542661 600607 616444 440830 660663 481428 418919 667032 775477 873754 325639 406068 665133 466759 877724 454940 673985 818741 240175 857831 845717 336310 676017 203007 400541 161038 249548 512334 93395 402424 85585 470907 472022 94569
942283 115072 446667 664870 123721 848686 636069 306927 246736 999999999 325741 766538 282600 268602 387303 235328 968829 900500 515720 92125 776678 519521 246460 288876 788766 175065 637468 677955 276621 795653 856517 493739 685058 388785 843167 793874 442930 205325 285784 470709 370350 479629 394256 538294 300885 846653 551935 55982 801256 257774 62091 426793 869068 746238 169948 863757 398669 758309 534722 562463 547528 477003 861492 820214 730909 257116 604295 673055 426019 195002 774131 488486 172678 659109 774878 1007662 468695 599340 720341 400624 816365 388506 821221 719330 21761 861339 1003645 359863 813541 428337 160978 344810 491582 268974 334822 585352 332287 483658 429773 232977
623362 439709 198550 393206 272753 681636 480802 160101 478052 325741 999999999 462779 447227 388660 449359 448636 853314 586161 734991 417743 522470 519774 455165 369503 615803 397744 736676 738143 476430 601323 704979 755763 518158 121010 580519 798660 229615 347516 336951 202087 345802 210399 516180 782537 243691 647267 265791 298005 477233 417994 303359 506088 654949 632240 458165 725187 163980 614640 329020 546677 317812 633667 545720 707244 711411 163956 459800 526401 155620 333168 663912 311150 287786 417262 525611 899002 478416 641871 542762 165263 512140 160473 752646 398634 310042 608206 931704 282267 731624 566587 362117 462707 654487 276295 568311 614583 545654 315985 212534 400514
201813 880868 512668 146538 734613 464423 399432 592470 830640 766538 462779 999999999 760625 843714 673213 797231 672346 146088 1020951 856600 191013 638026 798324 657697 416197 770118 888858 842700 805955 366203 507363 1085359 387885 488165 195847 813426 353065 808468 623940 481956 762479 481009 765077 1088698 525371 380532 216834 724355 163162 740662 758110 718085 354397 530138 855689 543254 374546 470041 315454 630840 277086 877080 118206 575388 719935 616452 413811 427461 481083 794561 553931 367289 750045 216635 205619 718329 630898 756409 375368 372687 49877 385156 675399 122444 747087 236922 801419 499698 640904 812346 824855 731031 898710 723018 900388 723550 865828 380484 359084 736333
959153 314033 631405 625648 393587 679971 488173 519428 90646 282600 447227 760625 999999999 550765 142402 67330 753064 906372 288236 295685 700271 280490 59122 103046 631570 110421 354871 399036 48501 656279 674720 327203 537767 556767 769133 526697 408978 486910 136939 643612 635930 652462 113280 341540 241693 706076 553176 241283 848867 30159 340982 158847 740007 548267 182414 671519 406094 581099 458023 325591 489552 201444 873928 613716 477253 477108 454320 510959 595394 475575 570310 402834 446075 587267 693098 785454 235516 328637 576482 407498 806453 396467 586749 758427 269713 774124 760996 261233 587519 146291 443342 73404 219239 531177 139764 321084 106397 391480 405695 53332
982430 291669 376550 781760 167634 1042428 830721 254350 511734 268602 388660 843714 550765 999999999 644936 503219 1189530 954199 772405 292313 910004 768345 514447 543958 978141 443609 905416 942585 544639 972678 1058553 731056 875240 364632 969056 1050401 595263 64400 532337 410607 157186 417043 661360 783824 509005 1021329 654440 311880 825295 525029 210166 689313 1034266 963435 420751 1072314 533832 962244 697344 808491 695468 745251 912658 1039508 980468 227570 803065 873217 385472 77621 993600 664479 119896 801226 912412 1231787 717825 859999 905624 535593 891821 526469 1057605 761434 281212 996034 1241653 569445 1045023 696786 111904 610254 759345 124137 594581 843134 597015 664394 578637 500064
874863 442845 646566 530517 478880 540682 357726 559117 232723 387303 449359 673213 142402 644936 999999999 208827 611323 818891 348015 421753 586812 139849 201405 101109 495065 236742 288268 303273 187124 523689 533629 423321 405805 568922 654425 406805 338019 580653 120197 651372 704375 659578 92078 417941 207299 572325 481890 335916 781779 148341 437473 56845 608658 406240 321495 529499 357472 441345 358940 185004 396148 206692 790241 471317 345580 525086 324649 375623 604880 567440 427953 305946 530497 480522 577912 644569 93173 215464 444440 358319 715565 350023 447613 691287 369714 654731 625178 190765 446601 139704 545408 74571 228704 601366 258233 198532 219391 292852 340517 167433
992942 251282 621942 667066 353803 742791 546749 500229 33409 235328 448636 797231 67330 503219 208827 999999999 820005 941983 294749 234709 749468 347608 11326 150951 692716 62075 408777 459466 41444 715163 738942 307891 596798 550244 818539 591474 444182 440484 178462 637495 600218 646505 175301 334767 272036 765453 585080 203146 875291 65305 296468 225535 797966 613554 115509 736724 432046 644397 503530 392747 532120 242089 907948 679906 544083 454800 512777 571838 589336 430329 636178 448621 405395 634284 743158 852645 301990 393341 635377 433636 844324 421859 654075 785696 226125 825803 828144 303272 654687 198758 393227 140626 256270 496209 119825 387207 102784 438227 438625 61299
813655 1045572 1021505 572715 1025785 208185 372933 1011253 842171 968829 853314 672346 753064 1189530 611323 820005 999999999 758433 840822 1022525 481429 472702 812182 691634 264002 844422 569506 481603 794921 307605 167112 954929 341114 956550 496330 339911 624333 1129865 685730 1005669 1193438 1010061 663786 917342 681402 294042 659917 912990 835496 759105 1004499 601842 329285 226115 932498 135228 689657 240491 530394 427790 554231 697983 760191 150043 311590 1001106 393936 327090 975908 1114806 196086 542198 1069767 500394 466730 47649 518356 472281 327281 688488 676765 692844 179142 778306 948088 459751 143037 620523 167567 674959 1110427 681133 709229 1106816 845427 459629 808634 538022 641207 776154
59931 1015436 599805 289641 858710 556352 530622 699951 975385 900500 586161 146088 906372 954199 818891 941983 758433 999999999 1166761 991634 292339 779151 943319 803512 519306 913281 1028131 978005 951465 465112 601077 1231387 511534 590722 262303 937305 498136 924769 769583 566349 857212 563366 910830 1234728 669955 465666 358320 860917 150709 886081 887391 863103 429312 646357 997316 638438 515564 581849 460482 769293 422768 1022159 41629 681496 845959 730024 548823 553007 576038 911601 666693 512953 868986 352832 307446 801804 774374 894524 492340 513766 104846 526157 787807 192848 881778 298987 895190 645620 752297 957819 946383 877105 1043709 830949 1046120 861869 1011727 526050 503387 881260
1222434 486904 915157 878527 638955 836479 687525 794960 273018 515720 734991 1020951 288236 772405 348015 294749 840822 1166761 999999999 481464 929412 423166 285879 379359 804819 355078 283980 370670 260615 843443 817036 120129 730971 842050 995594 527521 679221 713688 415245 929231 886049 938169 255971 77718 522891 887736 824636 493846 1124122 317063 577695 308237 928927 686423 351786 801332 686691 739517 706951 455456 743996 155035 1137631 731122 529451 749256 657007 694388 880970 705941 697416 653829 688330 826956 919467 859537 406828 370438 768006 687913 1063565 677688 661700 1033354 511468 991955 798050 528250 677818 210861 660557 293172 137529 783845 181154 388992 192298 640808 679055 334930
1033923 25256 530288 751433 189693 915326 705026 387808 233348 92125 417743 856600 295685 292313 421753 234709 1022525 991634 481464 999999999 859746 560003 245808 331513 857578 186917 642798 693772 274552 868356 919878 440066 754863 476375 927025 821552 526819 237146 337568 556091 420870 564880 408413 491629 374287 919561 641151 133758 893364 277684 129634 451987 944413 804027 132541 924277 486191 821969 614723 604544 630416 471040 952830 876056 766935 338005 672259 739378 512727 232020 830417 566046 227273 741672 857194 1059191 510218 623829 791321 488134 906361 475846 866863 811244 109869 943528 1046474 430020 862512 433222 181422 366306 482210 327571 306899 614322 315118 560005 514560 255489
351655 884955 630294 132848 775161 273747 252571 675070 781935 776678 522470 191013 700271 910004 586812 749468 481429 292339 929412 859746 999999999 517146 747856 599737 229002 736722 756151 698133 748413 176703 317153 1010075 224327 585922 69085 646600 333761 864211 571091 604918 857972 606408 677314 1002569 492553 189899 260047 726554 354104 686610 783562 621233 167899 354181 829326 353528 383893 289541 248496 499026 229357 777382 285247 390682 556761 686314 277646 266574 590590 849216 374394 302036 802223 118241 15257 527326 523576 621216 201141 381971 198616 393067 495645 302577 755412 86254 611945 448080 460243 718790 868271 654881 797788 798432 836548 589536 799014 311603 347347 688732
837855 581616 717441 491490 600776 419888 267655 651465 369494 519521 519774 638026 280490 768345 139849 347608 472702 779151 423166 560003 517146 999999999 339581 230988 382953 376233 252729 225318 322398 420292 406822 520008 308674 640498 580419 286107 349543 704740 236415 716048 811910 723422 196851 499706 282788 465086 477539 465920 767987 288176 565454 132798 505821 276238 461160 398381 391235 320856 328945 45190 370323 268146 756089 336101 212322 624253 239694 271298 672771 690793 294613 287382 650747 427126 505742 505065 50883 128659 345169 391397 674310 386993 307817 680499 500656 572973 486503 237530 307090 221383 673973 208462 286719 712070 380030 97576 341811 273989 358523 307021
994641 262174 630020 667131 364594 737238 542585 509322 34266 246460 455165 798324 59122 514447 201405 11326 812182 943319 285879 245808 747856 339581 999999999 148399 687769 72649 397521 448583 30191 710960 732801 302497 592515 557915 816901 581248 445276 451662 177425 645175 610837 654171 164852 327592 273609 761106 586937 213625 878285 61641 307505 216180 794063 606882 125256 730106 434784 638638 502612 384663 531853 230831 909578 672704 534685 464179 508633 566951 596978 441456 629180 447586 416272 633124 741339 844486 294560 383149 631149 436345 845186 424676 645536 788506 237045 823613 819018 302757 646572 187546 404511 131856 245123 506738 113231 377466 93614 436970 440135 62109
856543 354143 562558 522692 377773 597943 397350 465633 182627 288876 369503 657697 103046 543958 101109 150951 691634 803512 379359 331513 599737 230988 148399 999999999 545426 155369 380688 403056 149753 565670 597281 428814 447620 485669 668747 507000 306635 479716 35900 570651 604960 579201 146955 438809 143541 616255 451400 236163 748529 86908 337156 150222 647846 476199 248378 598238 307734 500904 355733 274601 386668 264402 771312 546455 442033 429082 363386 424603 523075 466427 501284 300558 429401 485626 593063 727786 180343 316553 486016 309015 703429 298548 535864 657895 270487 675215 716753 158190 531000 197085 445393 93273 285485 501450 242761 299214 208349 289518 304048 92651
577751 882316 769887 308791 822473 65901 152764 775878 721370 788766 615803 416197 631570 978141 495065 692716 264002 519306 804819 857578 229002 382953 687769 545426 999999999 699289 584930 513235 679136 55296 97519 902802 104057 709588 262652 433714 387858 922887 527529 751463 961260 755203 573824 881887 488085 84347 399906 733479 578680 627490 812982 510528 129233 140336 793354 129648 453001 72827 286803 349533 302374 649957 514167 162191 351715 772802 185331 120909 725244 907543 152389 313695 860737 236761 213754 311512 409709 454176 73160 451531 427602 458251 270446 516560 767081 235806 385811 429023 234582 603810 912669 569541 667491 882953 752706 426758 713822 313980 405026 637764
962352 206792 564896 645724 291997 752832 549545 440309 83211 175065 397744 770118 110421 443609 236742 62075 844422 913281 355078 186917 736722 376233 72649 155369 699289 999999999 464031 509413 102398 717222 752640 358943 599948 494685 805689 634688 419041 380375 172331 581768 538197 590817 223689 391031 247340 768149 554996 141071 838714 90771 235487 265072 797943 631172 94504 753454 398684 656138 488466 421213 513335 302071 877869 700635 580763 394214 515728 578720 533812 369809 655772 434731 343774 619624 731575 879302 327520 437116 637977 400405 818238 388200 684002 750200 164692 815960 861870 288959 681651 254131 334676 179467 317095 434144 176566 427424 164114 425663 411400 69326
1087321 657689 934459 742495 745750 601682 503651 845803 410672 637468 736676 888858 354871 905416 288268 408777 569506 1028131 283980 642798 756151 252729 397521 380688 584930 464031 999999999 88692 368308 632486 573870 403731 535695 856758 815146 244212 596132 841395 406648 938340 982584 946402 244701 356132 493244 669103 729076 594515 1020714 380470 695372 232462 714073 450542 515247 551425 630036 513379 581670 258948 623051 179851 1006596 478431 260779 809767 480960 494152 892296 829749 453141 539280 798318 675300 743481 583416 273262 134943 567315 630518 923476 624189 392710 933147 624211 801837 515416 465162 414613 210177 798181 298133 177718 878176 360731 166837 336981 525761 603152 405459
1037713 710744 936657 697708 778720 524420 448024 859626 466739 677955 738143 842700 399036 942585 303273 459466 481603 978005 370670 693772 698133 225318 448583 403056 513235 509413 88692 999999999 421163 563233 494040 489747 474480 859143 753785 156927 574564 878196 423124 937268 1007616 944903 285764 443996 495688 596607 698629 630828 982129 420932 732865 253853 642319 375359 571324 469546 616187 440681 545510 216073 586942 251776 959187 396343 175653 827393 429431 432264 892841 865655 374559 508940 830899 626578 684731 494823 260347 97196 503168 616398 874153 611648 305940 896876 662693 737385 427524 458071 329529 264093 838731 333145 254624 904418 429279 127865 401063 495904 583800 445378
1003685 290168 654542 672240 394383 726802 536411 536036 48067 276621 476430 805955 48501 544639 187124 41444 794921 951465 260615 274552 748413 322398 30191 149753 679136 102398 368308 421163 999999999 704415 720654 286178 585911 581597 817315 556272 453487 481844 182151 668820 640345 677778 139871 306515 283817 754101 596779 243024 890677 65591 337589 195108 788276 593304 150490 716550 447146 627718 505431 367150 536324 200648 918499 657453 512612 491484 502589 558670 620569 471610 614594 450245 446167 635043 741342 826169 279493 358475 624639 448630 852181 437262 626163 800506 267015 822528 797653 307443 628535 158742 434668 114088 214971 536115 96181 354428 69232 439071 449417 76584
523283 893362 745429 268508 821138 99713 168416 761135 744949 795653 601323 366203 656279 972678 523689 715163 307605 465112 843443 868356 176703 420292 710960 565670 55296 717222 632486 563233 704415 999999999 141305 938034 118513 688670 207419 488251 377886 919440 544892 725121 947013 728312 606180 919964 495161 51223 370413 741138 529239 649882 815894 543919 85670 193807 811691 177074 441404 125817 275586 390139 283781 688410 461095 216781 404855 761553 202393 149678 701717 904092 207471 310900 856949 202226 161572 354410 442435 500100 79817 439789 375076 447725 325704 470744 773894 180759 435405 438345 289825 639107 912628 597555 706690 872944 781915 471495 743080 313581 394781 658320
658047 944105 864368 405745 899351 44873 228017 864663 765361 856517 704979 507363 674720 1058553 533629 738942 167112 601077 817036 919878 317153 406822 732801 597281 97519 752640 573870 494040 720654 141305 999999999 922169 186835 802415 339397 388919 475582 1001501 584040 846765 1049229 850713 603405 894745 558650 136843 496723 800668 670461 674630 885293 539250 179345 131305 845203 37564 541196 98208 376800 366826 395999 664498 599667 101215 321046 858968 255832 185626 819364 986217 121104 397250 939926 334274 302180 214420 442668 451781 165455 539840 514612 545641 211924 611501 835070 306238 295077 498014 177662 626516 987776 607727 679915 967747 786082 429061 747541 395529 492744 687748
1285024 439426 922053 947191 616547 938774 776735 791949 277716 493739 755763 1085359 327203 731056 423321 307891 954929 1231387 120129 440066 1010075 520008 302497 428814 902802 358943 403731 489747 286178 938034 922169 999999999 822623 853195 1077745 646674 735440 677211 463735 940089 858953 949153 334089 65559 568757 984239 880126 484757 1176002 351069 553372 394494 1023696 790920 323822 908717 732842 840369 776763 556403 811063 258694 1199803 839976 644524 743676 744719 788356 892300 671763 804170 722087 661866 902243 1001232 975313 495952 482791 860586 734288 1130212 723068 775879 1085607 494591 1077523 916622 585921 790205 299080 621276 356684 245833 761089 190191 498328 220820 709796 732682 362029
571433 779702 680658 256726 718722 167203 50406 677831 626480 685058 518158 387885 537767 875240 405805 596798 341114 511534 730971 754863 224327 308674 592515 447620 104057 599948 535695 474480 585911 118513 186835 822623 999999999 616943 279745 426486 288754 819491 427680 664556 862480 668956 489623 806819 384254 168677 322188 629890 543737 531503 708927 428132 202883 146284 694329 208513 354362 101308 190547 283200 213171 576214 498181 207097 334439 672590 84271 42279 635219 804155 174236 211444 757455 178808 210549 388291 326685 401030 38741 353005 410866 358865 292411 470636 663354 266809 443169 325551 259916 524308 808731 479429 595213 781912 663937 370341 625140 210850 305920 540259
617816 494841 77726 453093 300443 775350 583974 110897 577317 388785 121010 488165 556767 364632 568922 550244 956550 590722 842050 476375 585922 640498 557915 485669 709588 494685 856758 859143 581597 688670 802415 853195 616943 999999999 636240 918053 334159 342060 454386 87261 275500 96261 632621 884866 364330 731334 327084 375872 460873 526907 349394 625485 733020 739695 541881 825432 270807 716249 426496 666653 407224 748497 549107 813383 829766 150201 566214 629941 39129 330552 771411 418016 293713 493344 591745 1003046 599412 762879 637595 271647 534439 269988 865403 397896 378096 668702 1041973 402971 842736 682356 374303 578348 768884 240721 669784 735529 650538 424720 317931 507430
318688 952204 675433 187313 838006 294562 313518 729697 850989 843167 580519 195847 769133 969056 654425 818539 496330 262303 995594 927025 69085 580419 816901 668747 262652 805689 815146 753785 817315 207419 339397 1077745 279745 636240 999999999 692467 400392 924992 640171 648192 910482 648905 744518 1069236 561152 203426 315201 793618 351969 755630 848432 687654 167844 397526 898180 376885 448054 330343 317328 560012 296771 842888 264898 423821 605518 743697 340817 321747 637791 910129 414026 371056 863375 186551 76519 540131 589114 680309 251169 446113 185612 457533 533098 317021 822014 41174 632957 517122 497232 785255 931013 723071 863060 855263 905137 649184 867501 380681 413417 757814
997099 840598 993706 675827 883375 426857 416149 936058 603656 793874 798660 813426 526697 1050401 406805 591474 339911 937305 527521 821552 646600 286107 581248 507000 433714 634688 244212 156927 556272 488251 388919 646674 426486 918053 692467 999999999 603359 986325 518606 989040 1098014 995835 416572 600337 567659 510923 705483 742705 965367 543993 844106 369718 557165 295062 706302 357751 656281 362761 548681 252817 587835 404642 924667 287767 95431 910032 408958 386053 948105 972787 281955 525732 934177 599170 631917 346381 334888 198147 445476 656025 837331 654145 179365 886525 776498 668861 271298 518184 211599 406083 952178 455246 409537 997946 577242 208542 546112 514527 616008 566909
550247 551962 403581 227837 448198 453453 251470 389084 477589 442930 229615 353065 408978 595263 338019 444182 624333 498136 679221 526819 333761 349543 445276 306635 387858 419041 596132 574564 453487 377886 475582 735440 288754 334159 400392 603359 999999999 543471 272039 393017 573835 398873 426729 743132 172568 426119 145489 393281 445013 388023 451328 389915 439840 405572 507489 495585 65650 385120 102305 362934 105054 544588 465041 479595 510604 384999 232145 297244 357316 528167 437293 83987 480879 216522 332257 670348 322890 478200 314698 64352 400241 70394 533100 354276 421699 418697 708006 151028 509270 476840 540955 386146 566620 495623 548551 446710 514924 91852 17185 383270
956164 239928 366967 738128 104826 986656 774102 231727 450126 205325 347516 808468 486910 64400 580653 440484 1129865 924769 713688 237146 864211 704740 451662 479716 922887 380375 841395 878196 481844 919440 1001501 677211 819491 342060 924992 986325 543471 999999999 468545 399560 188412 406910 597198 728118 448593 968662 612161 247546 801387 460947 146026 624914 983287 903905 361984 1014283 483905 904660 644944 745182 645486 682315 883479 979824 916962 195088 745715 815930 368146 15354 933808 609708 62591 753126 865854 1171672 654141 795653 850773 485728 857315 475955 995640 732845 217218 950442 1179638 509361 983672 633047 57141 545938 696745 115886 534660 778919 535613 608910 527181 435968
822226 361223 531629 490370 364966 582205 377274 439386 211214 285784 336951 623940 136939 532337 120197 178462 685730 769583 415245 337568 571091 236415 177425 35900 527529 172331 406648 423124 182151 544892 584040 463735 427680 454386 640171 518606 272039 468545 999999999 538663 585006 547121 179468 474562 107647 595821 416399 230982 713022 117363 329278 174284 625798 466481 266804 587137 271867 486685 325201 277944 354722 298284 737005 538609 448738 404898 343499 407272 491364 454732 492895 270214 415575 455839 564939 723396 185676 333200 465660 273156 670045 262659 535437 622429 266054 648032 717991 125567 528190 230345 437777 127398 319604 482561 276582 313068 243007 259765 268947 117658
585715 573299 34610 473467 373978 816460 636164 173004 664480 470709 202087 481956 643612 410607 651372 637495 1005669 566349 929231 556091 604918 716048 645175 570651 751463 581768 938340 937268 668820 725121 846765 940089 664556 87261 648192 989040 393017 399560 538663 999999999 292681 9073 717552 972090 445100 764409 355235 461000 425849 613813 427373 708131 761028 794685 627203 872328 334030 765420 476657 739704 451543 834185 525043 866434 898820 220610 621819 681917 48263 390032 826221 476541 359051 524542 612678 1052791 676957 840484 681328 334500 524370 335292 925902 377102 461306 683683 1098657 479358 901284 767632 438945 663630 854736 288282 757011 812218 737780 484864 378066 594523
878249 426359 258399 725580 247293 1027019 823079 185891 615523 370350 345802 762479 635930 157186 704375 600218 1193438 857212 886049 420870 857972 811910 610837 604960 961260 538197 982584 1007616 640345 947013 1049229 858953 862480 275500 910482 1098014 573835 188412 585006 292681 999999999 296979 739012 906872 533207 992544 597947 397331 718470 607281 308491 755109 998583 969320 537852 1067994 508384 957086 674483 847475 663313 836835 815700 1045263 1019380 193027 799730 868079 282314 190134 1000666 652743 198023 759309 862868 1238186 763560 918087 888145 509815 807825 503618 1079569 665886 375348 941912 1262189 588790 1062192 780789 245315 684637 853437 104772 705049 896742 700570 655886 556652 582768
581898 582010 40493 475296 382453 820082 641063 181225 673518 479629 210399 481009 652462 417043 659578 646505 1010061 563366 938169 564880 606408 723422 654171 579201 755203 590817 946402 944903 677778 728312 850713 949153 668956 96261 648905 995835 398873 406910 547121 9073 296979 999999999 726081 981113 453159 767220 358147 470053 421951 622678 436089 716353 763313 799787 636258 876534 340424 769919 481512 746789 455846 842822 522146 871298 905416 229091 627086 686761 57210 397540 831289 482245 367009 527396 614360 1057236 684570 848071 685311 340858 522946 341883 931548 374851 470288 684675 1103841 486916 906725 776209 446778 672215 863398 295114 766033 819702 746750 490724 384075 603436
966652 426066 709464 622584 501050 614861 443030 609455 187621 394256 516180 765077 113280 661360 92078 175301 663786 910830 255971 408413 677314 196851 164852 146955 573824 223689 244701 285764 139871 606180 603405 334089 489623 632621 744518 416572 426729 597198 179468 717552 739012 726081 999999999 326116 282457 653537 571520 349982 871477 136496 451201 64156 691689 473060 289740 595183 440979 515388 451007 239208 488063 120141 881943 531862 374040 570687 410767 456767 670016 585355 491191 397880 553618 572202 668064 692774 164146 218635 527888 441993 807593 432808 491346 780826 380218 743546 659522 276921 496385 51456 555228 55374 141969 634401 183305 215212 145426 384840 428031 161381
1289681 493109 955854 947668 661924 914047 762761 829868 307901 538294 782537 1088698 341540 783824 417941 334767 917342 1234728 77718 491629 1002569 499706 327592 438809 881887 391031 356132 443996 306515 919964 894745 65559 806819 884866 1069236 600337 743132 728118 474562 972090 906872 981113 326116 999999999 581702 964610 888577 523898 1186989 368373 599207 381640 1005522 764100 369100 879026 746279 816927 776223 532716 812335 231934 1204647 808742 605800 782565 731829 770692 923977 721821 775132 722415 709001 898317 992937 935289 481510 447783 844082 747605 1132184 736903 738291 1096271 537077 1066528 871450 592242 754927 284060 672993 357893 215062 807100 215082 466667 237589 709632 741877 383006
721035 399457 442036 398403 344384 548709 335541 368694 305435 300885 243691 525371 241693 509005 207299 272036 681402 669955 522891 374287 492553 282788 273609 143541 488085 247340 493244 495688 283817 495161 558650 568757 384254 364330 561152 567659 172568 448593 107647 445100 533207 453159 282457 581702 999999999 546265 313382 246023 607246 218265 326646 264130 570188 455634 337812 568533 164606 460678 244279 315370 266504 402480 635986 531387 486473 342880 304307 373782 399245 433599 485317 192919 389109 374610 488434 723080 237858 400215 419463 165960 572773 155206 550586 516896 279158 574001 734482 61058 536516 333892 430148 233252 424153 436742 379767 374355 348053 186047 166591 211500
522028 944572 785892 299160 870906 92050 218907 806675 795030 846653 647267 380532 706076 1021329 572325 765453 294042 465666 887736 919561 189899 465086 761106 616255 84347 768149 669103 596607 754101 51223 136843 984239 168677 731334 203426 510923 426119 968662 595821 764409 992544 767220 653537 964610 546265 999999999 409183 792209 543284 700154 866429 590791 46340 221921 862598 174401 488880 156009 323988 432896 329475 732755 466228 228519 432446 808492 252870 196922 742852 953321 229301 361085 906123 239872 175908 338952 489481 538522 130257 487220 382815 495538 340644 491623 824893 169411 429536 489556 304950 685161 962615 646439 750578 920213 830523 511056 791655 364134 442865 708902
407937 665640 377105 128220 529718 463814 304887 415252 618428 551935 265791 216834 553176 654440 481890 585080 659917 358320 824636 641151 260047 477539 586937 451400 399906 554996 729076 698629 596779 370413 496723 880126 322188 327084 315201 705483 145489 612161 416399 355235 597947 358147 571520 888577 313382 409183 999999999 508329 299969 531191 547440 532298 407234 463422 639331 524951 157762 423074 156893 482816 118081 688575 323105 529113 610244 428541 301077 347796 334935 597522 493608 190186 551277 169311 265065 707506 457941 604644 332669 155917 266140 168375 605200 209399 532055 344550 765061 296512 575849 621246 621941 531613 710578 540067 692369 572106 659398 203551 147481 524833
904587 158787 440166 617684 152421 793124 580737 307198 220909 55982 298005 724355 241283 311880 335916 203146 912990 860917 493846 133758 726554 465920 213625 236163 733479 141071 594515 630828 243024 741138 800668 484757 629890 375872 793618 742705 393281 247546 230982 461000 397331 470053 349982 523898 246023 792209 508329 999999999 767567 214211 102095 377991 815322 690271 166215 807792 352685 702460 482673 508420 497198 440494 822626 764296 677792 259044 548804 617402 414396 235431 718203 435288 204831 608612 724261 951960 415041 549679 665409 354623 774019 342297 766243 683473 35182 810667 948966 304466 758150 387510 209500 298393 456537 293119 313197 534412 304638 429998 380865 189232
159989 915990 460072 289540 744825 627583 549224 571690 908245 801256 477233 163162 848867 825295 781779 875291 835496 150709 1124122 893364 354104 767987 878285 748529 578680 838714 1020714 982129 890677 529239 670461 1176002 543737 460873 351969 965367 445013 801387 713022 425849 718470 421951 871477 1186989 607246 543284 299969 767567 999999999 825277 780348 831632 515566 688345 915834 706237 443624 630315 439045 766889 397678 988435 114392 736692 870732 606595 558943 581504 441254 789092 713364 483626 748943 366553 368766 881426 753472 891738 534653 442108 167484 453645 834356 90770 784210 392942 964242 595882 800387 921202 828341 830962 1010424 701199 986798 858806 955258 497279 445232 816586
938170 297415 601405 607731 366109 677892 481471 489323 95907 257774 417994 740662 30159 525029 148341 65305 759105 886081 317063 277684 686610 288176 61641 86908 627490 90771 380470 420932 65591 649882 674630 351069 531503 526907 755630 543993 388023 460947 117363 613813 607281 622678 136496 368373 218265 700154 531191 214211 825277 999999999 314921 174320 732766 550082 173393 673107 381851 579688 442028 333342 472056 230932 852994 617464 490445 447146 447502 506599 565581 449285 573318 386912 418666 572248 679969 792802 240800 346598 570090 383316 787051 372030 595854 735048 243826 762076 772443 242922 594862 173768 418752 88942 249040 502510 161534 336655 131340 376085 383842 24993
926247 145928 400980 666003 63270 874637 661122 258205 308717 62091 303359 758110 340982 210166 437473 296468 1004499 887391 577695 129634 783562 565454 307505 337156 812982 235487 695372 732865 337589 815894 885293 553372 708927 349394 848432 844106 451328 146026 329278 427373 308491 436089 451201 599207 326646 866429 547440 102095 780348 314921 999999999 480082 886019 779940 230210 894810 400462 787316 548014 607214 556333 537528 847470 854957 777686 208450 630549 700278 384881 134636 808779 505582 110638 667502 782964 1044664 514600 651647 742805 402410 807960 390904 862522 701752 71282 869222 1045932 387412 852877 487195 108519 400203 552518 207947 396867 636005 394231 502320 436756 289944
919897 471443 703092 573696 524919 550869 382460 613642 243094 426793 506088 718085 158847 689313 56845 225535 601842 863103 308237 451987 621233 132798 216180 150222 510528 265072 232462 253853 195108 543919 539250 394494 428132 625485 687654 369718 389915 624914 174284 708131 755109 716353 64156 381640 264130 590791 532298 377991 831632 174320 480082 999999999 629534 408945 341019 531178 412498 451436 402678 175671 441371 159063 835754 468322 318549 578484 350841 394303 661566 612189 427316 351482 577060 519369 611416 631899 101512 172878 466143 413279 759069 405327 431285 741450 410587 685067 602927 245359 434764 97601 586868 85948 180627 651433 247232 162537 209067 338051 393433 197235
484379 969548 784095 289464 887422 135303 251881 813102 828156 869068 654949 354397 740007 1034266 608658 797966 329285 429312 928927 944413 167899 505821 794063 647846 129233 797943 714073 642319 788276 85670 179345 1023696 202883 733020 167844 557165 439840 983287 625798 761028 998583 763313 691689 1005522 570188 46340 407234 815322 515566 732766 886019 629534 999999999 268032 892444 216612 500456 201642 339091 475060 339020 773892 432695 273845 478737 817723 285690 235343 742167 967991 275626 380902 920697 239810 155762 372515 528037 582842 164218 498709 351734 507830 386147 469847 847325 130466 467844 515304 350562 724777 979786 682310 792065 929940 866816 554910 828013 385414 456114 740419
705806 827694 807814 402793 799960 151878 159759 788551 638831 746238 632240 530138 548267 963435 406240 613554 226115 646357 686423 804027 354181 276238 606882 476199 140336 631172 450542 375359 593304 193807 131305 790920 146284 739695 397526 295062 405572 903905 466481 794685 969320 799787 473060 764100 455634 221921 463422 690271 688345 550082 779940 408945 268032 999999999 722290 123262 469877 67990 318788 235624 349070 533453 636659 76246 211380 776593 173499 115628 761714 888822 31724 321942 843694 324947 339209 269329 314088 323992 155051 468861 549123 472144 146289 616690 725213 374003 304194 394666 113714 495297 885243 479691 549128 881367 656087 299642 617702 316300 421986 564675
1044761 143598 606243 735106 293149 846320 643932 471317 104841 169948 458165 855689 182414 420751 321495 115509 932498 997316 351786 132541 829326 461160 125256 248378 793354 94504 515247 571324 150490 811691 845203 323822 694329 541881 898180 706302 507489 361984 266804 627203 537852 636258 289740 369100 337812 862598 639331 166215 915834 173393 230210 341019 892444 722290 999999999 845018 481764 749164 580854 506350 604314 340529 960910 790497 659557 422249 610087 672669 580504 354563 746102 527620 339916 711821 824512 966064 414180 508271 732405 483572 904376 471166 768447 828798 171374 909252 943398 382352 768094 307812 308858 255815 350749 438157 174667 502674 183149 518911 498700 157640
695504 948200 888963 438326 911329 82428 244915 884276 762090 863757 725187 543254 671519 1072314 529499 736724 135228 638438 801332 924277 353528 398381 730106 598238 129648 753454 551425 469546 716550 177074 37564 908717 208513 825432 376885 357751 495585 1014283 587137 872328 1067994 876534 595183 879026 568533 174401 524951 807792 706237 673107 894810 531178 216612 123262 845018 999999999 561208 110955 398962 356564 420816 650272 636683 73203 294810 876730 269792 200233 843621 999059 104702 415252 953152 365339 338475 182877 437254 433199 192290 559935 551379 565089 179111 645895 842490 343800 258419 507550 146235 615517 998589 602885 664849 984410 778410 412380 740164 412426 512653 687378
