NAME : synthetic_000018
TYPE : CTSP-D
DIMENSION : 100
GROUPS : 8
RELAXATION_LEVEL : 1
EDGE_WEIGHT_TYPE : EXPLICIT
EDGE_WEIGHT_FORMAT : FULL_MATRIX
EDGE_WEIGHT_SECTION
999999999 501217 108841 795741 264682 472730 347265 208898 419437 228639 718801 383952 576990 640948 896646 471272 627888 560111 529447 854976 963378 663107 410678 214767 294432 709736 493636 320468 454276 995087 510455 418921 905383 422559 592777 338255 620681 593830 991583 618330 384207 902200 512705 270454 438300 198761 207667 635115 189822 385593 384091 826230 458879 858357 424170 594379 572168 498860 866210 572264 377264 361838 504494 592028 362376 488119 506927 173799 171329 472231 940114 472636 641227 496035 739801 358113 820124 113956 331675 830636 492241 442543 626796 970377 699265 553666 515958 888820 602568 269724 801902 177670 467490 382800 359222 856179 847055 694937 678346 436607
501217 999999999 426517 901095 264271 816733 830241 338480 82966 729695 910006 151062 886370 934139 875762 313580 786106 784072 545492 970835 662833 705877 814416 714475 215139 342416 897935 186791 49260 1133310 581505 861011 907606 161013 590683 204810 376319 801448 683909 335484 851589 907847 55236 742440 414575 442722 633596 858281 454192 390844 772944 906564 824906 958630 326736 298114 343906 759480 1017094 821168 124622 276215 712010 700856 852986 285642 550772 606655 346203 965253 659796 427448 579431 473417 371142 143199 630608 615105 202008 822634 786169 638659 425527 647109 498954 150757 737603 629935 741726 766656 546362 329204 43707 756673 319224 787953 989010 757687 536900 786016
108841 426517 999999999 865250 170281 573805 452150 104422 343565 315591 801545 294127 675284 738095 944906 463778 702086 644048 568790 927736 954205 716090 517695 311140 240910 677031 601365 261713 377666 1074079 560568 527759 958334 379114 632657 243565 609849 675959 981363 598977 491789 955730 429227 378392 458540 247988 313339 721190 244538 404664 489219 891925 562564 928424 423415 570254 560841 587222 945218 660969 307813 348825 583067 655082 464086 380785 550673 279255 155026 571306 935035 492199 671282 523540 708025 285439 831364 209524 239211 879602 586148 515272 625772 956012 702896 503387 597777 887178 672129 368529 798130 143111 388491 486004 359291 893903 924184 753224 693494 537646
795741 901095 865250 999999999 894962 446866 757534 905132 876809 857249 152698 926148 371488 338605 222637 589000 171143 264373 355804 69743 688109 198206 558588 813622 778421 739045 560130 793903 892455 232263 328192 643674 191258 742611 313751 927699 592270 228447 711144 639929 710330 184982 953342 710169 489841 617988 639954 224069 620727 525698 536618 47365 485251 63231 575940 663412 594328 334436 128073 283161 838628 641670 297191 214173 796696 1113539 354089 660976 737318 854341 646532 473771 349280 427711 743595 846564 480818 809797 915052 191592 372246 353201 536448 729300 510631 793277 294272 597875 193469 806349 580581 763270 909297 514633 600765 290721 98215 145328 436697 464353
264682 264271 170281 894962 999999999 680310 611232 74232 183056 484938 859037 124091 771519 829827 934532 391093 746038 709240 560013 962055 855856 721546 645371 477459 135932 554848 731036 139511 215043 1117949 569995 670747 955684 260889 620558 73882 520829 736281 881062 498282 644578 954154 260694 530811 429623 302852 443711 788006 307590 381021 610434 913803 676981 957558 366063 464378 474098 663810 991553 735371 158442 284264 640673 680861 627054 242118 550400 411210 170864 736553 842716 458585 641182 499481 586053 133876 765425 375367 68933 872246 674682 566400 550311 850667 630490 365699 660828 800834 708747 533687 711318 142921 223467 601391 313562 867386 967185 766302 638934 645229
472730 816733 573805 446866 680310 999999999 315366 654183 755876 443869 313335 765747 109191 174464 635578 584341 293649 189898 427485 481342 948679 434256 112946 402227 618557 836310 128222 644835 785103 581551 368267 196895 620563 668199 456967 740857 687806 222144 977235 718218 264332 615091 853897 286009 470868 384904 267819 226336 376923 458911 103230 491591 38620 497387 539098 718913 657386 130449 461802 163705 707717 550840 203976 337168 353266 922423 397521 300363 512015 408039 911602 486757 531526 464707 856484 702107 743652 434748 729830 578026 80853 231143 653841 976591 685200 779528 185106 854295 305632 379598 793360 539181 802702 92920 512026 652255 453329 428126 621909 36173
347265 830241 452150 757534 611232 315366 999999999 555358 752146 176445 628643 727386 414876 475247 929941 705686 594590 493884 642955 795853 1157563 708010 202744 152970 615335 968315 241301 643561 786526 894684 595069 135073 921071 719741 692534 684284 843423 529272 1186833 858331 62211 916053 849660 90594 621340 412486 212885 541033 398565 583948 221027 800532 279263 810729 653740 845503 801013 424920 776881 476382 706118 624004 480244 612571 40056 832703 612264 230475 484040 141249 1125685 649909 762148 648984 994876 690592 972716 245380 676971 867932 385392 464363 827864 1176435 881980 850468 472453 1069090 594604 98985 993351 502113 801511 244146 600510 928617 768689 715561 834776 293518
208898 338480 104422 905132 74232 654183 555358 999999999 256995 419374 856827 196454 750873 811610 961606 438294 749220 702718 583949 970513 915302 741009 608296 415557 187957 620827 693243 199642 289240 1122740 586470 625299 979697 323074 646462 143158 575570 732133 941207 556967 593059 977721 333968 479228 459985 293801 403783 781222 295176 408228 576527 927408 646898 968239 406750 524593 527618 651767 994857 724813 229567 325819 637034 691449 568195 279706 570706 370096 167814 675711 900125 491332 674515 528932 652086 205288 813247 313858 140912 897830 657159 564899 600348 912354 679968 435298 654917 856074 714876 472888 766376 142375 297662 570370 348182 900630 971871 782868 681784 618361
419437 82966 343565 876809 183056 755876 752146 256995 999999999 647651 872518 82919 831404 882251 872082 302821 750473 738644 522196 946340 707750 686084 746085 633325 140888 392812 830589 112868 34841 1107924 550939 788470 900646 141225 573424 130458 396080 758875 730737 361987 775726 900304 99725 665290 387028 375067 559634 814886 385529 354217 705738 886466 761404 936402 302542 324853 356364 708220 987895 773186 48483 236643 666609 669968 773794 257131 522900 531442 269064 885833 700415 405808 572709 451780 423220 61727 651570 533390 125130 815369 731151 591840 438571 696485 516490 196741 691077 665294 707587 686178 578294 250058 49513 690932 279224 790472 960712 736392 543829 723858
228639 729695 315591 857249 484938 443869 176445 419374 647651 999999999 745866 607653 551853 616153 1002573 671698 687034 595673 670100 904984 1153418 770001 341850 43630 522299 923636 402469 548756 682469 1021489 633949 300217 1001322 646143 728251 558671 819024 632163 1182350 823986 235330 997014 739521 158447 612542 372237 224224 656713 358821 565428 340669 896046 414171 915528 621036 804172 772319 525700 897482 589792 605885 571489 562725 682025 169394 686176 642018 214785 395115 263260 1126039 645268 789758 656785 952701 586521 988774 115468 553597 937561 497663 524485 815417 1165681 880576 778255 563033 1071736 676004 77715 988906 405049 695320 355245 559350 983336 884868 788756 846297 413487
718801 910006 801545 152698 859037 313335 628643 856827 872518 745866 999999999 909854 225057 186450 372183 610796 124810 158724 379788 170037 804147 265153 426235 702706 757182 803730 416454 776996 893289 278408 331925 506929 343548 748999 361323 902341 649795 125586 829324 693958 577006 337325 958624 592006 497587 563053 540240 89171 562422 519856 411193 199991 350277 189810 585326 710709 640501 223941 151758 156074 829631 636869 219818 217094 666590 1090905 365524 566095 691917 714877 762997 491646 419340 449079 813661 833219 591255 713977 889895 331642 248413 292774 598374 842179 591535 822472 203787 710340 170619 687773 678134 719436 910902 392522 593805 426731 140194 223350 516519 336934
383952 151062 294127 926148 124091 765747 727386 196454 82919 607653 909854 999999999 848936 903379 936235 369504 790597 768677 575739 995113 790322 740395 743654 598323 153282 475717 829209 133128 104764 1155209 598060 777322 962603 212194 630769 54996 474206 791850 813466 442218 756942 961884 137822 644042 439992 380856 547872 846485 389051 400465 705753 939121 767111 987091 360762 405426 432482 731685 1032385 799954 94066 286018 697460 715291 745388 189484 572756 517103 258011 855994 782447 462780 637006 507786 506087 80233 728622 496495 55554 877548 749538 622099 513977 779364 592970 279566 720372 746412 749542 653675 658834 233437 107555 693667 325603 858594 1006144 789118 615703 732065
576990 886370 675284 371488 771519 109191 414876 750873 831404 551853 225057 848936 999999999 65336 577786 628771 244268 152281 439357 394969 942448 404259 213751 510633 698211 867175 191636 723107 858615 480121 379126 286529 556300 731813 454132 828334 713906 170688 970091 749587 359133 550398 927238 393553 510987 470392 374791 148724 464336 509931 211863 418328 138195 414615 588476 755556 689718 133375 365705 108211 784068 613280 203083 313942 450889 1013122 412607 406531 601154 491125 903418 520269 527007 490076 884287 780960 731380 543531 816824 526285 100304 260110 673190 974373 692345 833561 176328 847013 271362 485649 795338 628894 876436 201829 571922 610499 361190 385317 623188 143360
640948 934139 738095 338605 829827 174464 475247 811610 882251 616153 186450 903379 65336 999999999 554097 665522 238496 167294 462226 352259 948339 403320 276281 575213 751523 894800 243626 775673 908389 423060 403269 344109 528287 777325 468338 884824 740133 172185 975265 778350 417833 522157 976703 457735 547084 527489 439758 130491 522239 551377 276805 385970 201998 374597 628142 787098 719542 174661 314680 121895 835483 659056 232011 321207 510206 1070777 437950 471259 659064 543273 908398 552869 538570 518998 910121 833572 735360 608852 873119 507656 155145 298686 696134 982456 708199 873684 204510 852948 274139 548938 807178 686945 926257 267164 616864 597314 313961 376465 636530 208660
896646 875762 944906 222637 934532 635578 929941 961606 872082 1002573 372183 936235 577786 554097 999999999 569262 341964 445690 377966 247996 506058 234870 741398 959602 803933 638207 758048 812258 879422 360771 386422 829860 46417 730963 315146 950702 516002 414865 524853 564308 890121 51304 930784 869311 504929 701513 778501 429674 708359 554332 711803 178444 673990 218769 576184 596304 536188 509442 320812 477355 842881 655014 449742 321016 969951 1125262 394254 792282 799073 1040845 465486 477020 299496 435061 633828 856609 323031 935453 938373 66070 555588 478104 459919 550809 404765 744003 458502 426254 335465 963086 436785 821192 894266 686986 621479 105095 296941 215078 345530 645389
471272 313580 463778 589000 391093 584341 705686 438294 302821 671698 610796 369504 628771 665522 569262 999999999 486000 503156 235264 658664 492999 392656 618488 640231 255208 263572 691545 255210 311317 821232 278917 687996 598250 161744 277190 390763 149416 513529 520892 153470 704516 598059 367214 616154 118448 301101 493016 570647 314998 127910 573852 593154 603682 645643 51981 140753 101182 495599 707649 545394 275480 115085 433939 395782 738909 557235 245421 480088 311242 846752 471871 119185 269952 163295 289315 291492 375161 563727 379106 512975 533184 368763 162781 499111 241805 211982 461279 423402 440243 676607 334468 320724 326888 551113 112889 489137 679005 444780 249060 561141
627888 786106 702086 171143 746038 293649 594590 749220 750473 687034 124810 790597 244268 238496 341964 486000 999999999 103753 256023 227096 710788 164930 400863 643407 638792 684279 416717 657488 770415 373550 207115 488733 327874 625104 243401 785712 529508 74394 737438 572549 551174 322591 835223 542222 372980 457368 468851 109319 458616 396792 374027 209101 332112 232030 460822 587934 517881 169874 245807 138042 708414 514196 126095 94548 634283 973878 240810 489892 582247 700059 670577 366865 307712 324548 695724 713001 497454 638774 773164 285626 214011 186838 479795 745845 480114 697727 124348 615553 46129 638112 573806 609190 787942 350450 471318 366453 222780 141051 406220 304911
560111 784072 644048 264373 709240 189898 493884 702718 738644 595673 158724 768677 152281 167294 445690 503156 103753 999999999 294933 309325 790245 253784 297787 552144 615397 727690 313769 637251 762296 436315 236083 385260 431183 624564 303573 756742 572913 36492 817843 611523 448727 425805 829550 446235 384966 409280 384099 78777 407565 395100 272863 306675 228362 320431 468847 621155 553076 70276 308145 46116 693585 507880 72132 161709 533305 945134 270878 408748 540009 596650 751155 388146 375604 352662 742842 694610 579108 557268 744507 388670 110515 146944 528906 822464 542970 713494 48504 694795 120953 542478 644308 567829 780136 250371 464851 466192 291897 240561 472553 202103
529447 545492 568790 355804 560013 427485 642955 583949 522196 670100 379788 575739 439357 462226 377966 235264 256023 294933 999999999 425538 524855 164657 497510 629964 433687 433551 551693 445757 536881 587900 60392 581901 396152 386833 63917 582886 278430 296036 553831 318837 621309 394418 597551 564216 135830 330927 451733 351125 339668 179227 455716 364328 457181 414434 220294 332294 262515 310454 472526 340626 485778 289722 236444 162784 681642 764783 31180 455543 421201 775276 489630 118044 120341 72218 448001 495571 330097 585091 570312 313883 357645 197344 234227 550418 257722 444742 263032 432252 209905 647811 366387 443234 553625 429371 251263 326991 444041 214208 196762 415857
854976 970835 927736 69743 962055 481342 795853 970513 946340 904984 170037 995113 394969 352259 247996 658664 227096 309325 425538 999999999 737064 267273 594235 861465 846847 804228 586468 862691 962130 162567 397053 676305 207709 812332 383039 995957 659151 272844 758788 707105 745604 201426 1023081 754371 559432 681411 691660 255014 683517 594750 576404 80384 518886 29312 645642 731321 662550 379320 73359 319686 907939 710986 351940 281404 834290 1182190 423507 714450 802781 884812 695575 543513 415975 497454 807731 915645 534451 863465 983314 233855 411748 413245 602951 779579 573673 862454 345181 649333 256065 850577 638260 829037 978990 556091 669906 332309 49488 214488 500649 502663
963378 662833 954205 688109 855856 948679 1157563 915302 707750 1153418 804147 790322 942448 948339 506058 492999 710788 790245 524855 737064 999999999 546197 1022332 1118282 727413 320968 1074898 717200 694068 866460 581774 1106095 552468 595017 492141 830985 344586 776996 29270 358335 1141849 557261 711260 1073307 541971 782055 953147 820100 795120 587998 980277 657462 980263 709891 539218 391481 393625 824414 809497 835350 707003 606431 748214 629035 1194710 948391 555906 948235 803720 1294094 41578 510571 417688 508629 293993 730164 213585 1050632 822078 503437 874143 721449 338351 46320 275713 514210 771740 95478 674472 1147207 164933 811322 700594 954028 604189 407002 781557 581327 328108 939664
663107 705877 716090 198206 721546 434256 708010 741009 686084 770001 265153 740395 404259 403320 234870 392656 164930 253784 164657 267273 546197 999999999 530378 727363 597486 547216 561998 610188 699707 429550 155636 619415 242688 549171 115886 746917 397040 234375 572674 443940 673460 239833 758863 641769 300462 470045 545781 274098 476083 342502 495826 200818 470867 253045 383608 466099 396641 303807 322472 296066 650298 454379 233132 97579 748027 929401 171158 558313 575116 827138 505829 280407 157008 234331 554384 660228 332709 700685 734316 168918 353842 247010 342388 581926 327347 595182 249207 451120 133024 733826 413472 598929 716181 469822 415635 221108 292811 52884 252154 436358
410678 814416 517695 558588 645371 112946 202744 608296 746085 341850 426235 743654 213751 276281 741398 618488 400863 297787 497510 594235 1022332 530378 999999999 302385 605448 879109 85731 633235 777778 692445 441885 89094 728732 677054 536524 711771 737829 331831 1051332 762553 151772 723423 845713 183855 513777 371773 204787 339221 360716 490580 44648 602737 76576 610007 569261 757925 702086 231957 574137 275765 697639 564710 297304 432873 240360 884938 466430 238771 485643 299448 987047 535568 610116 521977 901993 688268 823841 351381 701806 681892 187378 302448 710746 1046917 751774 798047 283975 929639 407338 272791 862367 510757 794750 69098 530642 750955 566146 530199 694270 96035
214767 714475 311140 813622 477459 402227 152970 415557 633325 43630 702706 598323 510633 575213 959602 640231 643407 552144 629964 861465 1118282 727363 302385 999999999 503753 895132 366652 530916 668154 978658 592630 267062 958041 623102 687461 551326 786418 588631 1147306 793183 207167 953707 727378 118554 576602 339413 181699 613575 325695 530711 299003 852424 373412 871934 589073 774642 740309 482211 854371 546641 590023 543130 519143 638913 155561 688308 601536 174480 374149 260193 1090202 608885 749901 618784 923770 571756 950624 102105 545367 894689 454639 481499 780833 1131580 844517 755446 519403 1035488 632512 58189 953531 386641 681735 312785 528597 941411 841569 745604 808418 371277
294432 215139 240910 778421 135932 618557 615335 187957 140888 522299 757182 153282 698211 751523 803933 255208 638792 615397 433687 846847 727413 597486 605448 503753 999999999 437870 690141 28415 173680 1005797 450450 647784 826978 138842 492126 149578 388044 638657 753424 369093 636575 825758 240611 527321 299950 235270 419310 693211 245244 255002 565414 793758 622540 840103 231193 337151 340464 579102 881812 646895 92714 149821 544188 565918 638749 335662 427407 391766 131454 751147 712210 326920 508094 369586 469036 83602 629862 406862 136945 742759 598382 468827 415179 725053 495256 263313 567102 668562 598482 554239 578879 117305 190054 551146 183004 733782 856042 644480 503070 585819
709736 342416 677031 739045 554848 836310 968315 620827 392812 923636 803730 475717 867175 894800 638207 263572 684279 727690 433551 804228 320968 547216 879109 895132 437870 999999999 949288 421708 375970 960584 491612 950738 679254 299118 442408 520318 155218 729516 341523 118160 968076 681531 390295 878394 366577 559417 755446 784105 573479 390031 834484 727284 858920 783817 315161 122931 178932 734642 866624 772920 399042 352184 665024 589777 1000836 627693 456852 740899 539513 1109513 321070 349735 390779 377104 31259 423265 334502 811701 512620 601906 777367 610236 205533 304959 235044 196329 692392 299173 638960 934897 227542 539701 381262 810941 368831 536041 836697 598165 304334 816139
493636 897935 601365 560130 731036 128222 241301 693243 830589 402469 416454 829209 191636 243626 758048 691545 416717 313769 551693 586468 1074898 561998 85731 366652 690141 949288 999999999 717799 862001 666657 493383 106230 740384 758093 583951 797501 804316 343198 1103586 831797 180268 734701 930124 250188 582736 455760 289467 336068 445060 563954 125000 606321 94637 605598 643598 829468 771003 258355 556261 280993 782115 644135 332176 465143 272431 970365 521200 323262 571213 300094 1038234 601926 658448 583934 970986 773157 871123 427301 787526 702274 208157 354360 773568 1101903 808921 876851 313089 980860 432198 327920 918076 596424 879076 142844 608582 778969 552672 553957 747397 136044
320468 186791 261713 793903 139511 644835 643561 199642 112868 548756 776996 133128 723107 775673 812258 255210 657488 637251 445757 862691 717200 610188 633235 530916 28415 421708 717799 999999999 145358 1022444 465713 676088 836615 123437 502663 138445 381354 659680 742713 359188 664981 835596 212568 555649 310671 262500 447697 714696 272767 268612 592992 807863 649424 855150 236683 325844 334828 602658 899342 669661 64509 157448 565719 582462 666773 319769 441255 420180 159564 779143 703458 335764 514698 379646 452958 57901 627541 433405 126154 751989 623095 490413 411944 713162 492167 241752 589113 661327 616425 581804 571807 144275 161854 578436 194554 739358 873190 658118 504226 612363
454276 49260 377666 892455 215043 785103 786526 289240 34841 682469 893289 104764 858615 908389 879422 311317 770415 762296 536881 962130 694068 699707 777778 668154 173680 375970 862001 145358 999999999 1124176 568587 821446 909359 150667 585809 157125 392465 781474 716223 355316 809595 909254 68809 699450 402946 406248 592941 837846 417064 373624 737055 900461 791531 951288 316588 317821 355588 734002 1005558 797820 81040 256427 690173 687960 808385 259717 539414 565082 303061 920469 688644 419422 580803 465578 405739 96468 648265 568230 153586 824111 758313 615839 437996 680773 514309 180023 715091 655790 726899 720952 570114 284532 17877 721766 299543 795155 978004 750690 546193 753512
995087 1133310 1074079 232263 1117949 581551 894684 1122740 1107924 1021489 278408 1155209 480121 423060 360771 821232 373550 436315 587900 162567 866460 429550 692445 978658 1005797 960584 666657 1022444 1124176 999999999 557569 766222 314512 974583 545406 1154394 818338 401599 885597 866637 839219 309468 1185441 865721 721294 830735 818591 366425 831621 755330 683068 233911 615921 178004 807830 891863 823573 502340 128966 433099 1068935 872082 491438 439994 930991 1341432 585046 844482 955606 965841 825640 705919 575535 659898 962414 1076061 674414 992366 1141771 369739 524212 559385 761715 910850 727567 1024603 479166 784134 409203 960581 783417 982407 1141106 666489 830617 460525 150920 376876 656255 609031
510455 581505 560568 328192 569995 368267 595069 586470 550939 633949 331925 598060 379126 403269 386422 278917 207115 236083 60392 397053 581774 155636 441885 592630 450450 491612 493383 465713 568587 557569 999999999 527572 397814 420863 97467 599894 336864 239599 610583 375713 570144 395166 631843 519503 167001 315291 411935 295730 321944 197785 401015 344007 398763 389657 254993 386840 317911 250085 437052 281450 511385 314633 176124 119447 634295 785360 35119 419378 419956 724682 545697 159859 168810 119028 506936 518642 382317 555726 587247 320531 297479 139786 294151 608571 317377 490755 202836 488269 161518 606338 425097 444179 585832 374497 273050 350915 409774 196642 254016 357912
418921 861011 527759 643674 670747 196895 135073 625299 788470 300217 506929 777322 286529 344109 829860 687996 488733 385260 581901 676305 1106095 619415 89094 267062 647784 950738 106230 676088 821446 766222 527572 999999999 816442 732254 623125 740617 813528 418568 1135195 835580 74395 811062 888060 156211 588503 421045 229643 421878 408531 560726 126609 688485 158427 693330 637465 828494 775702 320556 651805 360537 740493 624504 386376 521932 166955 904872 550731 260353 521503 211407 1071444 612431 696242 602144 974786 728673 909881 338513 731627 770696 274763 388913 789421 1129505 833826 857550 372956 1014102 496251 224095 944905 544339 837798 153184 593614 840041 645813 619150 778406 184627
905383 907606 958334 191258 955684 620563 921071 979697 900646 1001322 343548 962603 556300 528287 46417 598250 327874 431183 396152 207709 552468 242688 728732 958041 826978 679254 740384 836615 909359 314512 397814 816442 999999999 759913 335183 974898 553151 398501 571189 601750 878907 6376 962412 863967 527071 712711 777993 407579 718763 574678 701278 144711 659158 178413 601864 632790 570895 497446 279508 459487 869819 679167 442552 319984 960941 1151985 409426 793591 815322 1027825 511903 500858 328602 457397 675853 882633 368133 938777 962463 85281 541684 477759 496556 597226 444857 778817 448623 472483 327601 958718 481304 838317 924581 677136 644015 150199 257123 213320 382727 632784
422559 161013 379114 742611 260889 668199 719741 323074 141225 646143 748999 212194 731813 777325 730963 161744 625104 624564 386833 812332 595017 549171 677054 623102 138842 299118 758093 123437 150667 974583 420863 732254 759913 999999999 435143 241841 264802 641105 620173 238135 732454 759667 211130 629508 254165 311996 512213 698066 325136 230210 633961 749964 679679 801062 166795 203592 221140 602829 857119 662588 119123 118532 552651 540288 747216 397127 390635 489819 251648 859273 582572 269075 431697 315235 330315 139288 517273 531213 231496 674633 632074 480120 302043 590043 381437 132346 578610 542305 580786 669514 453295 246493 167011 615389 160480 649417 829257 600322 404007 639297
592777 590683 632657 313751 620558 456967 692534 646462 573424 728251 361323 630769 454132 468338 315146 277190 243401 303573 63917 383039 492141 115886 536524 687461 492126 442408 583951 502663 585809 545406 97467 623125 335183 435143 999999999 640603 288801 296890 520526 333964 667155 333783 643981 616687 192213 394457 507621 347819 402955 239647 496522 315975 489457 368855 271128 353587 283545 332428 436310 349602 539305 345462 256252 149945 731760 820209 87043 513466 484586 821783 454690 168124 74563 123082 452753 550549 287635 646030 628104 251823 382019 234228 237111 521699 239865 479537 280411 397441 199345 702771 341235 506263 602053 469941 309124 263417 406933 168554 169078 449772
338255 204810 243565 927699 73882 740857 684284 143158 130458 558671 902341 54996 828334 884824 950702 390763 785712 756742 582886 995957 830985 746917 711771 551326 149578 520318 797501 138445 157125 1154394 599894 740617 974898 241841 640603 999999999 506633 781818 854904 478119 716517 973830 192513 602951 448430 357959 512271 835201 364562 404502 675458 943326 739741 989509 374990 442183 462617 715570 1029745 785620 124365 295801 686568 714788 700610 188606 576978 480420 228919 810307 821192 474100 653016 517705 551090 102568 758308 449240 12647 890345 730019 611429 542562 822042 622440 325477 708245 782914 746263 607484 694363 202172 161700 665004 331740 877293 1004320 794052 639524 706374
620681 376319 609849 592270 520829 687806 843423 575570 396080 819024 649795 474206 713906 740133 516002 149416 529508 572913 278430 659151 344586 397040 737829 786418 388044 155218 804316 381354 392465 818338 336864 813528 553151 264802 288801 506633 999999999 574326 372134 48826 837136 554534 431111 755232 225082 447078 632340 628891 460733 259659 693473 584435 712326 640485 198298 81115 49041 582012 718797 618306 383212 261862 511217 434966 878152 651663 302293 622311 459188 983636 325632 202502 243176 224447 170384 404067 255835 712314 496278 471239 625936 459127 57104 349697 122638 232518 538466 280528 484039 820532 190837 466856 403978 668962 262011 420382 688961 448994 170534 669609
593830 801448 675959 228447 736281 222144 529272 732133 758875 632163 125586 791850 170688 172185 414865 513529 74394 36492 296036 272844 776996 234375 331831 588631 638657 729516 343198 659680 781474 401599 239599 418568 398501 641105 296890 781818 574326 999999999 804154 614698 483210 392994 848113 482586 396311 438347 420130 57243 437346 410923 308273 271355 260760 284021 482046 626438 557419 106698 273052 63658 714597 525778 95610 149022 568565 970398 274717 444388 568063 629943 737315 396409 366456 358259 743294 716647 564503 593074 769480 359658 144552 170397 528005 810610 536669 725035 78212 681541 102578 578836 634999 595735 799254 286192 482590 440702 256058 215033 464553 236644
991583 683909 981363 711144 881062 977235 1186833 941207 730737 1182350 829324 813466 970091 975265 524853 520892 737438 817843 553831 758788 29270 572674 1051332 1147306 753424 341523 1103586 742713 716223 885597 610583 1135195 571189 620173 520526 854904 372134 804154 999999999 384380 1171082 576145 731525 1102563 571080 810865 982369 846719 823962 616922 1009333 679523 1008957 731328 567477 416869 421144 852663 831487 862830 731159 633984 776467 656472 1223977 969198 584902 977381 831320 1323352 66869 539749 446019 537897 313548 754500 239985 1079323 846178 524951 902467 750296 367124 44042 304972 536210 799846 123236 701592 1176369 194107 838588 722290 983068 632363 427545 803811 606876 357070 968435
618330 335484 598977 639929 498282 718218 858331 556967 361987 823986 693958 442218 749587 778350 564308 153470 572549 611523 318837 707105 358335 443940 762553 793183 369093 118160 831797 359188 355316 866637 375713 835580 601750 238135 333964 478119 48826 614698 384380 999999999 855401 603181 389665 769087 249130 454388 645922 669962 468324 275893 717976 632765 741081 688721 205329 37533 60864 616854 766105 656461 353814 256502 547846 478060 891936 615032 340731 633493 452284 999227 344504 231580 291209 259727 139439 375910 295237 714688 468393 520000 659303 492170 105922 357188 166525 188286 575283 304802 526780 830045 216639 457093 365673 694136 264685 467884 736314 496162 219037 698298
384207 851589 491789 710330 644578 264332 62211 593059 775726 235330 577006 756942 359133 417833 890121 704516 551174 448727 621309 745604 1141849 673460 151772 207167 636575 968076 180268 664981 809595 839219 570144 74395 878907 732454 667155 716517 837136 483210 1171082 855401 999999999 873696 874470 113931 612732 421078 220268 490637 407617 579546 178454 754345 226773 761679 652962 845183 796710 381463 723453 427529 728649 630758 442159 576701 92601 872257 590236 245026 506674 154742 1108603 639309 738684 634023 993540 714722 951259 291000 708435 829460 338658 434810 817548 1162901 867273 861190 431631 1051558 554907 157698 978773 527058 825239 203891 603730 894568 716539 677190 816060 246642
902200 907847 955730 184982 954154 615091 916053 977721 900304 997014 337325 961884 550398 522157 51304 598059 322591 425805 394418 201426 557261 239833 723423 953707 825758 681531 734701 835596 909254 309468 395166 811062 6376 759667 333783 973830 554534 392994 576145 603181 873696 999999999 962606 859276 525816 709875 773796 401674 715825 573133 696150 138385 653692 172125 601123 634006 571767 492248 273304 453846 869209 678157 437807 315963 955907 1151300 407263 789582 813122 1022455 516625 499877 328623 456215 678400 881871 371807 934963 961380 85222 536316 473680 497853 601930 446958 779654 443628 476828 322877 954108 484706 836232 924541 672071 642768 154049 250827 209422 384208 627497
512705 55236 429227 953342 260694 853897 849660 333968 99725 739521 958624 137822 927238 976703 930784 367214 835223 829550 597551 1023081 711260 758863 845713 727378 240611 390295 930124 212568 68809 1185441 631843 888060 962412 211130 643981 192513 431111 848113 731525 389665 874470 962606 999999999 763484 465281 474461 659058 904671 485077 438786 805228 959651 860184 1011341 377865 352419 399115 802227 1068249 865551 148091 322392 757419 751288 870344 238403 601765 630569 367895 982053 709742 479577 634088 525673 418019 159784 684896 626441 193161 877385 826934 683352 480664 693744 553747 203189 782556 681488 791262 781269 598931 347802 51227 790178 365594 843177 1040377 810438 592134 822257
270454 742440 378392 710169 530811 286009 90594 479228 665290 158447 592006 644042 393553 457735 869311 616154 542222 446235 564216 754371 1073307 641769 183855 118554 527321 878394 250188 555649 699450 865721 519503 156211 863967 629508 616687 602951 755232 482586 1102563 769087 113931 859276 763484 999999999 534540 321908 123166 502910 307978 495578 183063 750932 255740 766593 564179 755665 712221 375968 743107 436269 618738 533433 421518 548864 122941 758571 534040 139933 396446 231633 1042279 563960 684269 565466 905161 603959 892557 182501 595019 805735 343709 395109 741332 1090979 797597 760040 417989 986047 536404 96251 908688 415691 714759 199553 510259 860534 731789 654235 753024 256729
438300 414575 458540 489841 429623 470868 621340 459985 387028 612542 497587 439992 510987 547084 504929 118448 372980 384966 135830 559432 541971 300462 513777 576602 299950 366577 582736 310671 402946 721294 167001 588503 527071 254165 192213 448430 225082 396311 571080 249130 612732 525816 465281 534540 999999999 244759 412736 453529 256887 53924 469270 499971 492499 549408 88003 248046 188441 377677 602985 426984 349992 153998 315508 286284 657081 629159 136535 406395 304943 760695 513620 34352 214795 69872 388479 359797 382207 513588 435917 443045 416397 250878 206811 557201 268037 328815 342835 459204 327943 605463 377085 323477 419979 445186 116952 440657 575217 349819 240066 449734
198761 442722 247988 617988 302852 384904 412486 293801 375067 372237 563053 380856 470392 527489 701513 301101 457368 409280 330927 681411 782055 470045 371773 339413 235270 559417 455760 262500 406248 830735 315291 421045 712711 311996 394457 357959 447078 438347 810865 454388 421078 709875 474461 321908 244759 999999999 201357 487937 14068 194704 330807 644006 387446 681210 249728 437523 400909 361156 702365 433221 326585 211532 343244 407114 443003 543290 309224 182479 132037 553469 755754 278682 442670 298502 587182 318779 626523 269247 346510 635729 372438 271661 443743 793532 511286 440116 361294 702394 425392 375887 618025 160017 423364 315937 190709 657857 680120 505699 483917 351426
207667 633596 313339 639954 443711 267819 212885 403783 559634 224224 540240 547872 374791 439758 778501 493016 468851 384099 451733 691660 953147 545781 204787 181699 419310 755446 289467 447697 592941 818591 411935 229643 777993 512213 507621 512271 632340 420130 982369 645922 220268 773796 659058 123166 412736 201357 999999999 452433 187710 372690 176425 676831 251596 699926 441046 632657 589118 316332 691479 386354 511907 412276 343079 458277 246054 681438 422542 34084 291929 354120 922930 442878 572049 446966 782093 499455 776821 173877 502957 713398 298736 300541 619510 969785 677607 641321 346624 867110 454419 196391 788303 314725 609064 176161 387733 759857 675987 565069 635879 232089
635115 858281 721190 224069 788006 226336 541033 781222 814886 656713 89171 846485 148724 130491 429674 570647 109319 78777 351125 255014 820100 274098 339221 613575 693211 784105 336068 714696 837846 366425 295730 421878 407579 698066 347819 835201 628891 57243 846719 669962 490637 401674 904671 502910 453529 487937 452433 999999999 486046 467932 322543 270434 264010 271455 539285 682437 613167 136968 240805 66939 770290 582435 149024 198047 579338 1023655 330811 479035 618771 631538 779861 453300 415025 414634 797209 771874 606735 626296 822937 379984 159256 224385 581505 855120 586709 782221 127192 724871 149038 598745 682320 646597 855647 303487 539268 467684 228953 245975 513531 248404
189822 454192 244538 620727 307590 376923 398565 295176 385529 358821 562422 389051 464336 522239 708359 314998 458616 407565 339668 683517 795120 476083 360716 325695 245244 573479 445060 272767 417064 831621 321944 408531 718763 325136 402955 364562 460733 437346 823962 468324 407617 715825 485077 307978 256887 14068 187710 486046 999999999 207439 320226 647597 378337 683911 263560 451564 414686 357625 703046 430191 337055 225493 342662 410947 428983 548817 317197 168471 136872 539511 768592 290651 452583 309296 601228 328558 638240 256751 353307 642474 367096 272240 456865 806870 523896 453640 359868 715061 427706 361881 630963 164713 434064 306031 204753 666358 681212 510694 495542 343031
385593 390844 404664 525698 381021 458911 583948 408228 354217 565428 519856 400465 509931 551377 554332 127910 396792 395100 179227 594750 587998 342502 490580 530711 255002 390031 563954 268612 373624 755330 197785 560726 574678 230210 239647 404502 259659 410923 616922 275893 579546 573133 438786 495578 53924 194704 372690 467932 207439 999999999 445944 539279 476903 586668 80199 267843 217342 378136 633996 434301 313748 117587 323507 316087 618505 588372 172672 363412 251320 724419 561159 87976 267795 120832 414506 320895 434531 463943 391887 491456 412088 252729 250127 600922 316604 323672 349938 507690 353469 562226 423620 270405 391166 423241 75324 493003 607109 389670 292971 434543
384091 772944 489219 536618 610434 103230 221027 576527 705738 340669 411193 705753 211863 276805 711803 573852 374027 272863 455716 576404 980277 495826 44648 299003 565414 834484 125000 592992 737055 683068 401015 126609 701278 633961 496522 675458 693473 308273 1009333 717976 178454 696150 805228 183063 469270 330807 176425 322543 320226 445944 999999999 579505 77329 590450 524675 713278 657536 204172 561491 256758 657258 520979 263829 398743 260468 851176 424570 210369 447982 331330 945343 491309 569647 478400 857416 648557 783305 335430 665208 651008 164842 262323 666869 1004310 708902 754189 253309 887969 376488 277518 819714 473693 754157 26593 486515 716877 551348 498738 652374 74308
826230 906564 891925 47365 913803 491591 800532 927408 886466 896046 199991 939121 418328 385970 178444 593154 209101 306675 364328 80384 657462 200818 602737 852424 793758 727284 606321 807863 900461 233911 344007 688485 144711 749964 315975 943326 584435 271355 679523 632765 754345 138385 959651 750932 499971 644006 676831 270434 647597 539279 579505 999999999 530091 56611 584168 658305 590384 376196 152036 328038 849939 653392 333840 236972 839889 1127574 366611 696608 759783 899457 615934 481070 341765 434938 729906 859120 454095 844976 930687 155192 415789 384748 527805 699713 495367 793032 333404 569224 224612 846950 558048 785120 916972 556970 613609 254425 124417 150152 423115 507933
458879 824906 562564 485251 676981 38620 279263 646898 761404 414171 350277 767111 138195 201998 673990 603682 332112 228362 457181 518886 980263 470867 76576 373412 622540 858920 94637 649424 791531 615921 398763 158427 659158 679679 489457 739741 712326 260760 1008957 741081 226773 653692 860184 255740 492499 387446 251596 264010 378337 476903 77329 530091 999999999 535323 557001 740144 680222 167382 497657 202111 713019 563526 239196 373519 316599 918725 426764 285167 510977 369457 943632 510301 563924 490751 879943 706120 776770 412758 729054 616180 118698 259894 680338 1007305 714551 794435 221705 886251 343230 347455 823542 537576 808959 76659 526078 689569 489987 465922 652772 42783
858357 958630 928424 63231 957558 497387 810729 968239 936402 915528 189810 987091 414615 374597 218769 645643 232030 320431 414434 29312 709891 253045 610007 871934 840103 783817 605598 855150 951288 178004 389657 693330 178413 801062 368855 989509 640485 284021 731328 688721 761679 172125 1011341 766593 549408 681210 699926 271455 683911 586668 590450 56611 535323 999999999 634715 713861 645629 390702 102209 334437 898908 702024 358024 277029 849492 1174893 414448 721684 800424 902791 668449 531989 397568 485831 786514 907331 508697 870642 976862 206456 425611 415844 583955 752681 551976 847303 353440 622826 256477 862844 613780 826317 967974 569381 661523 304341 78724 200943 479694 517219
424170 326736 423415 575940 366063 539098 653740 406750 302542 621036 585326 360762 588476 628142 576184 51981 460822 468847 220294 645642 539218 383608 569261 589073 231193 315161 643598 236683 316588 807830 254993 637465 601864 166795 271128 374990 198298 482046 567477 205329 652962 601123 377865 564179 88003 249728 441046 539285 263560 80199 524675 584168 557001 634715 999999999 192238 151300 456012 690474 509561 268440 81839 398150 374209 686929 550202 224048 428168 269035 794826 516316 103267 278029 149277 341187 280771 408898 514027 362791 516862 491311 329689 203635 547246 279545 245554 425097 466073 415893 624918 378222 281328 333363 502396 65240 502917 662527 434232 275036 514685
594379 298114 570254 663412 464378 718913 845503 524593 324853 804172 710709 405426 755556 787098 596304 140753 587934 621155 332294 731321 391481 466099 757925 774642 337151 122931 829468 325844 317821 891863 386840 828494 632790 203592 353587 442183 81115 626438 416869 37533 845183 634006 352419 755665 248046 437523 632657 682437 451564 267843 713278 658305 740144 713861 192238 999999999 70265 622309 788563 665430 317818 233383 555481 493856 878200 577534 351722 618504 426287 986679 379346 235292 316668 268564 149703 340251 332507 693423 432658 550181 663093 496342 136387 387902 202473 151854 583013 341098 541898 813331 253480 429448 328140 690094 246816 501379 758909 518741 250813 697421
