NAME : synthetic_000114
TYPE : CTSP-D
DIMENSION : 100
GROUPS : 8
RELAXATION_LEVEL : 1
EDGE_WEIGHT_TYPE : EXPLICIT
EDGE_WEIGHT_FORMAT : FULL_MATRIX
EDGE_WEIGHT_SECTION
999999999 221274 411061 369193 447407 358965 436049 400559 578757 218360 153187 143872 283865 113143 557673 675262 445502 494817 434116 385638 561201 241586 389361 412597 554956 439468 313735 235005 106869 514112 69556 375689 129057 195903 69293 247162 88654 586988 555725 289683 468213 554785 206060 379608 452602 391916 402715 498960 680794 299289 560414 413167 491599 338972 320734 517569 493178 289027 441587 481484 477304 450608 564699 468155 96509 376828 491722 598145 515468 29054 531602 575025 510370 347804 484287 427197 532146 73778 155856 518022 423603 382666 475764 210739 234389 58622 494265 228597 486805 318331 175355 525847 324019 220733 488293 242474 310182 339367 257550 316058
221274 999999999 435499 569799 526235 428328 476399 208658 636935 196985 374340 93296 484543 323362 341034 724866 630887 354677 222032 367684 552924 449142 610057 203752 364750 320179 509687 450712 137277 456960 272202 384064 201365 157069 183194 468192 264397 367906 776791 124734 663974 594932 396234 166947 512499 210571 450115 555859 692578 246960 349835 607701 434386 560242 541386 331097 467253 402312 563585 570298 503806 231625 631619 308573 164678 445551 273196 644105 344890 193779 476024 645120 351101 490484 682415 648463 620809 262980 342204 662352 214469 376033 256739 337901 304772 164052 712382 272942 610168 173525 290495 305195 398290 219503 499769 194306 523944 484013 288084 456203
411061 435499 999999999 434914 858443 768635 842039 408381 989213 240602 467355 453669 392490 382677 581042 289404 421170 789329 481222 90584 954046 403108 631430 604227 476527 270676 670413 558136 458145 179453 471320 769895 522076 546984 458556 498632 498483 701386 724993 352382 477358 962536 337758 457504 862315 638181 44758 908756 1082866 197758 550850 435928 856685 573793 535986 745739 118225 699604 230367 892220 69455 593597 975643 740034 340119 786684 549227 1007293 403883 416427 898690 219161 375504 243682 498988 634421 215764 353867 328968 339852 465140 72519 542715 229246 177343 417073 745781 185621 890548 317380 242730 634642 110933 221044 77697 597331 467074 740339 159335 720053
369193 569799 434914 999999999 683745 628705 715065 691717 813850 446052 257762 509689 85843 256051 871796 551074 98312 861708 747427 485573 862660 128861 239086 772069 821698 640539 381673 280215 475958 611099 363857 691330 483016 562164 435822 189381 397143 934607 290732 585034 100208 813458 173971 699277 709005 759587 394628 749287 952398 492785 860655 50506 830866 196544 161392 885495 553138 535146 262529 697272 462700 799732 791641 837224 405651 642273 814621 844239 760702 397465 866916 442451 741972 194175 115122 219061 379528 308866 227685 250206 733327 468967 801020 268305 342301 424550 337736 376423 649676 587179 304943 868977 331529 426872 493077 604584 91530 516904 391797 511930
447407 526235 858443 683745 999999999 97978 90569 729982 134376 647491 444304 448729 623072 502844 811709 1116773 781460 459924 721148 827379 219697 576381 521436 580198 879628 839074 321724 404021 422032 948031 391046 177961 348149 369330 405616 494373 360933 748479 681547 648725 774391 131420 592352 672545 43780 506388 849208 67035 270888 725749 838245 734028 293269 519872 539080 575731 935688 161705 858274 46869 924594 646900 117570 489833 526128 80732 744481 161127 869492 443522 301758 1012232 877216 758196 780355 576982 963059 509647 564451 907404 719709 826595 727966 648599 681705 448477 543362 674794 132394 694801 620218 718357 768600 656911 935563 340607 593062 171973 703203 172083
358965 428328 768635 628705 97978 999999999 86372 632649 220948 552610 377799 351081 560876 425816 719390 1032956 724543 394579 625588 733926 236038 512969 495288 491069 783184 741355 297721 355637 325592 852571 308221 109107 252505 271522 312125 441683 275672 664466 666283 550749 723744 196938 519873 576208 93702 419983 761666 140130 329654 630065 744366 679195 254577 483005 495958 500451 842203 94155 782984 142361 835718 556879 209615 415897 432813 18221 651442 239190 771902 352283 275978 930424 779363 683708 732028 550997 883671 425053 486759 839928 623659 733912 634748 565205 592999 354822 537757 583816 202182 596888 533779 630271 682588 562994 845247 244603 540507 157084 611769 141172
436049 476399 842039 715065 90569 86372 999999999 673049 160895 618786 463792 408795 647058 509269 740334 1111306 810906 371390 657216 802150 151693 599090 576531 505588 817834 795186 377060 441223 389787 915975 389837 99625 320558 320819 383489 527857 356197 667777 744437 600955 809956 121413 604447 611426 50373 429391 837477 82075 246027 693738 769659 765558 202909 566959 581114 490275 910012 180196 866178 132776 909989 572956 158754 404240 503032 73702 674678 169007 813659 426399 213628 1010256 824045 767345 818071 632373 964928 504674 569717 925204 657297 803463 658586 644925 668253 425294 611656 656489 222854 648933 611403 641660 759982 631145 917827 283369 626748 229824 683694 219565
400559 208658 408381 691717 729982 632649 673049 999999999 833808 246417 548482 299391 612769 478698 183479 678792 729882 458678 73205 319229 728709 588789 782735 237839 157228 175119 708031 635396 340511 344600 463077 576243 409154 361836 381782 633976 462697 293486 936630 112415 773969 787561 522998 72275 712780 302342 441011 754296 871580 223833 169049 719379 593440 728119 702698 373701 383946 610907 603858 775010 463993 201460 830869 399498 313578 649325 141100 837228 140714 378172 632217 626277 154644 560138 794685 813587 622383 415067 474360 714320 57373 336044 134435 426667 361754 351869 892093 324247 818380 106166 386850 227810 426442 267475 446394 390644 668126 692259 319791 664554
578757 636935 989213 813850 134376 220948 160895 833808 999999999 772815 578134 566820 755596 637159 895755 1250340 911929 501129 816591 954697 183308 709316 638615 659603 977619 955023 442668 533635 544684 1072025 524375 258344 472703 480774 533040 624633 493475 813445 788675 761340 902379 59686 726626 771622 127880 581856 981308 81982 158768 849471 926764 863874 313697 643121 665154 628124 1062937 295850 992628 117542 1055987 727105 26683 543264 653705 202781 831338 37394 974454 573058 303619 1146211 984941 892532 907269 693178 1097333 642676 698753 1040733 817119 954829 815546 782096 813109 575691 645383 804636 195926 809039 752692 792786 901337 783679 1065980 444250 722664 297391 832666 302492
218360 196985 240602 446052 647491 552610 618786 246417 772815 999999999 337504 216592 369042 255381 428650 529223 484246 551648 306928 184232 720509 349474 559426 382382 378971 226503 526252 432045 229006 300843 287755 539175 300163 310485 242458 409473 304153 512407 701166 146441 527595 740196 280683 264683 644937 404961 253157 691025 853559 81035 414933 472963 617313 502068 472306 519924 291410 496966 378285 685934 309745 386998 762206 504913 124491 570825 376426 787035 324262 210617 659339 448158 311600 319796 548276 583358 425408 197008 236186 483737 291858 187969 364661 180307 120730 199746 673378 83783 701211 141156 141264 444366 205276 24309 309302 359753 428890 556115 92323 531730
153187 374340 467355 257762 444304 377799 463792 548482 578134 337504 999999999 292662 183691 87223 710161 689896 349839 615985 585987 470184 608269 135499 236363 561286 699894 563871 203158 95578 250591 606001 115953 433941 235832 320978 203494 96656 144759 738563 403656 436286 356944 569560 151187 531857 463717 532831 444887 506838 706315 412916 711373 307387 573350 186059 170774 656591 570186 286790 417154 465937 524100 602429 558545 598411 235304 392780 644659 605099 654741 180678 609176 581258 645937 317003 368889 274468 527294 140545 139096 463514 574947 461496 628790 238222 299523 210593 343614 312557 440076 458831 231857 678332 361039 330803 543626 357412 178613 292214 340655 279011
143872 93296 453669 509689 448729 351081 408795 299391 566820 216592 292662 999999999 423877 254996 432888 738523 580350 366858 315234 400425 504071 383734 525547 269129 456349 390354 416872 362646 44907 507877 183913 324261 110057 93896 92694 388664 172505 446241 696266 203198 607388 529753 340414 260206 439861 249928 459339 484902 638385 286643 442982 551620 403510 478299 462710 375846 506470 314853 543641 490983 523121 310517 558907 332866 126900 368942 364333 577801 431946 114822 445448 649157 435090 459698 624373 566780 616532 201979 286853 633352 307761 404552 347602 308435 296899 85792 624546 273211 523810 247023 262498 387421 394355 233281 525041 143685 453939 393180 295718 365642
283865 484543 392490 85843 623072 560876 647058 612769 755596 369042 183691 423877 999999999 170819 791172 552889 167535 777414 666261 430348 791957 48281 242211 686469 747310 573450 339604 227790 390491 561750 282527 616511 400160 477782 351076 139355 316683 850177 341508 504358 184371 750574 90398 617101 645059 673790 356692 687132 888308 422226 781810 129844 752624 187219 148164 799703 509226 468805 263832 640795 431254 714958 734678 752017 320803 575468 732667 784197 688868 311960 789607 442176 671970 172705 200604 241968 381861 223076 142996 286750 652492 415450 718736 197346 274046 338827 354385 305289 602497 509502 228121 784912 283082 351442 458667 521131 74696 461958 324122 453356
113143 323362 382677 256051 502844 425816 509269 478698 637159 255381 87223 254996 170819 999999999 647984 617016 334196 606917 522623 382995 645949 128789 305832 521401 625980 480624 289382 182415 219951 518779 122113 463908 232449 307356 180430 155920 157345 691266 459283 366442 355190 622063 98914 470103 516610 504388 362591 561653 755040 328290 645072 300370 591632 249874 224193 630196 483536 341386 357168 529623 441514 554964 619595 581233 167275 442389 585060 661239 577023 141541 630199 510534 566311 258075 371150 334899 460246 63772 61631 420097 510376 374485 569950 154899 212562 169305 418555 225486 514206 383616 144744 628001 278765 246603 459571 351813 200704 364086 253466 347004
557673 341034 581042 871796 811709 719390 740334 183479 895755 428650 710161 432888 791172 647984 999999999 835761 912779 440538 125495 490505 760212 764297 946486 236585 146381 320244 849556 790739 477625 484146 612868 640737 534639 466312 524189 800538 605175 157323 1107215 286859 956026 842724 700888 178385 786155 315247 616929 822097 901627 405700 47418 901062 613216 894205 871686 319983 536790 719352 785345 858450 630512 169400 898120 381643 480709 733861 69593 891646 206770 531889 645596 794807 238752 743605 976549 981379 796733 584363 650435 896378 138708 508689 86690 608889 545161 502957 1051688 507611 917583 289542 567753 121397 608452 450335 608725 477708 842984 808641 503148 780466
675262 724866 289404 551074 1116773 1032956 1111306 678792 1250340 529223 689896 738523 552889 617016 835761 999999999 485282 1078687 751742 366420 1232148 584637 786826 889633 709587 515740 882659 766788 738199 356070 725972 1046576 796315 830576 731602 687574 757436 970776 821638 638044 538866 1229548 540182 735954 1126141 926823 279233 1172200 1355779 484637 798564 524821 1141980 736818 698023 1031676 298972 955195 290662 1145843 222080 873459 1234216 1028974 618768 1050521 815777 1271842 637081 686458 1183872 110739 605020 381869 555672 770073 172065 607994 555880 326904 736122 353603 811941 468245 446323 692470 888786 465581 1129500 598917 499915 906384 351645 508600 233302 881493 620608 980201 443043 963947
445502 630887 421170 98312 781460 724543 810906 729882 911929 484246 349839 580350 167535 334196 912779 485282 999999999 940316 790919 486716 957427 215518 326233 834628 848279 655927 479601 378336 550597 600623 449647 783566 566013 641151 514122 287306 484024 988696 336525 628996 57612 910834 240290 746255 806082 829284 377408 846778 1049558 517449 896996 50148 920147 290093 257212 954900 537007 631391 212035 795464 434419 856262 889824 912061 466621 738481 859953 942119 782856 472457 957131 381605 760940 181904 78485 296213 318794 378650 293501 165564 776006 468340 847510 304541 369200 497396 413214 406224 747752 623787 348374 921691 331673 462472 467139 686006 189841 615122 415243 609816
494817 354677 789329 861708 459924 394579 371390 458678 501129 551648 615985 366858 777414 606917 440538 1078687 940316 999999999 407981 717023 337159 732907 817639 223388 559854 626688 647442 651100 390595 787285 501304 287061 380639 299632 426493 709453 471279 324159 996560 448992 961559 442395 700501 386446 421753 158358 804791 443257 471745 596128 481765 907190 189639 784545 780960 131231 809876 447433 908757 504041 856985 279585 511316 60495 492542 401091 390317 486932 585507 468064 213042 999710 607726 826528 976650 868603 973865 563360 648636 1000194 416383 727217 378736 674787 654838 444520 890697 625456 589010 495362 628262 322021 750612 573944 850832 258633 793039 538404 642280 514503
434116 222032 481222 747427 721148 625588 657216 73205 816591 306928 585987 315234 666261 522623 125495 751742 790919 407981 999999999 392313 698387 638904 822148 184639 161650 243989 731607 668223 359279 414281 491421 558336 421165 360956 404511 675597 485980 220335 981895 162537 832954 767194 575912 55199 699968 257653 513194 739223 841542 293789 127833 777679 557495 769403 746467 311626 456103 614776 672993 767226 537193 136375 815959 347672 355367 641317 70259 816812 177539 409028 594330 699357 200946 625060 853271 856360 694720 458963 525160 782694 16134 408981 61554 486460 425647 380610 928381 387992 818484 172184 444243 154680 495370 329478 519519 380985 717527 700879 386292 672785
385638 367684 90584 485573 827379 733926 802150 319229 954697 184232 470184 400425 430348 382995 490505 366420 486716 717023 392313 999999999 904494 431198 659609 523241 387466 182035 671621 564805 412681 136281 451709 723404 482287 494227 421946 517708 474248 612643 770623 271944 540724 923507 360912 371290 826881 562656 129399 873153 1037785 121108 460332 494447 798144 600963 565093 665320 108314 672970 311721 864219 146097 508356 943180 665307 301285 752140 459692 969937 315412 384767 840117 307050 288076 304933 562557 669851 306348 341081 338592 423260 376298 19571 453664 242824 171325 379152 775474 160252 872290 232731 238376 546359 155769 171103 134294 542900 502895 723892 131022 701355
561201 552924 954046 862660 219697 236038 151693 728709 183308 720509 608269 504071 791957 645949 760212 1232148 957427 337159 698387 904494 999999999 743733 728084 525266 859507 871249 528346 591638 495913 1007745 524189 185802 436090 410340 500863 676962 489266 659516 894847 675708 958730 125473 743378 660475 177954 446483 954451 163436 143182 789426 796230 913054 148869 718483 731990 468038 1010283 330102 1000007 243649 1023159 591271 202275 387274 614634 225110 700778 158707 867926 546737 126687 1135017 883254 902811 967480 783933 1093338 633224 704673 1065322 701907 908326 686336 771929 785908 539704 760008 769353 341476 725317 734485 648597 880958 736134 1027469 362791 775480 379925 794729 371039
241586 449142 403108 128861 576381 512969 599090 588789 709316 349474 135499 383734 48281 128789 764297 584637 215518 732907 638904 431198 743733 999999999 229158 649192 728326 562716 300372 186021 348451 565504 235583 568274 354242 433427 307351 103006 269379 816448 352082 478431 228964 703327 71620 588270 597692 633171 370869 640068 840791 409473 757405 175968 704843 170957 134046 758962 517244 421190 299302 595093 448005 680545 688730 709025 287652 527690 703885 737493 672829 270214 741657 474033 657855 202842 243749 240040 415493 186164 114440 331684 625682 417841 689437 190072 266575 298086 344637 293898 559670 487746 211914 752105 292213 334145 473298 475732 79521 417107 315941 407493
389361 610057 631430 239086 521436 495288 576531 782735 638615 559426 236363 525547 242211 305832 946486 786826 326233 817639 822148 659609 728084 229158 999999999 791534 931662 781588 200274 168321 481891 794432 342338 584665 451695 538772 433750 150097 361454 971586 178930 670324 294007 652114 298697 768149 555988 755757 597544 588310 790497 627815 947057 277140 735760 58728 95446 875834 746278 404835 496283 521904 673097 836063 613639 809714 469216 503849 881006 673085 882573 416300 764627 676933 871015 412944 291214 55852 614763 368544 327899 487991 810909 646674 865104 417152 492188 446015 115984 515951 453697 689379 431832 912772 520748 548153 699865 565801 168714 350341 540303 357048
412597 203752 604227 772069 580198 491069 505588 237839 659603 382382 561286 269129 686469 521401 236585 889633 834628 223388 184639 523241 525266 649192 791534 999999999 339565 410209 661500 625509 310763 576036 449396 406270 345487 263001 358427 657581 431220 184285 964437 251939 867165 606207 599088 166488 552437 78905 627203 586972 667535 406473 270979 810917 379980 746221 731688 142136 606343 503556 759374 627067 668267 67507 662601 163200 368188 504371 175546 655078 362134 383630 414665 821829 384502 691466 885347 834619 805350 463637 544941 861621 193090 536319 161466 539856 499489 354042 885595 464667 692208 291653 492688 139568 587606 406578 657112 259000 721726 596346 474242 568551
554956 364750 476527 821698 879628 783184 817834 157228 977619 378971 699894 456349 747310 625980 146381 709587 848279 559854 161650 387466 859507 728326 931662 339565 999999999 205857 864523 788951 497726 353719 618926 719281 565867 514599 538852 781899 619576 303324 1079538 265295 896638 928652 659594 207091 859823 415993 516865 899737 1002600 331016 99919 844089 717402 875792 848294 450190 413083 766128 696305 925327 516592 280384 976493 499422 464695 799349 171455 978292 73498 533671 753391 680190 104778 670459 918014 959536 690282 563142 614533 808366 160537 406836 181402 553398 481061 508075 1042891 445609 972546 242410 519206 258776 525314 395871 490973 539023 807795 848757 433347 820951
439468 320179 270676 640539 839074 741355 795186 175119 955023 226503 563871 390354 573450 480624 320244 515740 655927 626688 243989 182035 871249 562716 781588 410209 205857 999999999 751338 658543 420263 170309 508829 704148 495003 474379 448377 632498 520382 457838 913589 195821 707166 914583 491355 243958 829059 468479 311349 873421 1011981 153844 284953 657101 745192 723464 691562 548300 216867 700495 492742 881211 312753 376546 948306 568923 342977 759148 302768 963550 133392 426479 785692 477079 106643 475041 728881 801504 484730 423462 454195 604622 229659 201523 301032 376114 299535 408595 896596 268988 908943 146657 351302 396038 326471 234146 289196 514422 640408 769380 249496 743455
313735 509687 670413 381673 321724 297721 377060 708031 442668 526252 203158 416872 339604 289382 849556 882659 479601 647442 731607 671621 528346 300372 200274 661500 864523 751338 999999999 115921 372423 806782 246389 393284 318020 398575 327435 200279 245926 845731 368573 600017 463483 452827 344059 676433 355727 611939 646998 388721 591776 605306 859440 429985 545064 200583 225088 723105 772918 211263 599640 325196 726229 715595 418564 648880 409662 305072 780674 476034 828447 331818 571156 772510 824040 502158 466707 256068 715160 333449 341637 623968 723349 663669 763809 441188 501872 356481 245106 512429 268290 631576 433935 794068 563341 523522 746451 412137 290634 150144 541139 157571
235005 450712 558136 280215 404021 355637 441223 635396 533635 432045 95578 362646 227790 182415 790739 766788 378336 651100 668223 564805 591638 186021 168321 625509 788951 658543 115921 999999999 318167 700836 178865 432294 283619 370606 270005 91232 194355 806983 346387 524013 370682 534406 228335 613387 430956 587774 533132 470021 673736 508197 795030 330285 580582 134844 140942 707523 663497 261537 484727 417146 612286 672321 511496 641728 324924 367603 723687 564174 746336 259201 612424 656706 738670 386672 377561 217556 599650 235127 229376 514270 658124 555602 707359 329145 393719 287805 261931 407901 374720 549577 326459 749781 449816 426032 633435 397704 189133 236875 435814 231980
106869 137277 458145 475958 422032 325592 389787 340511 544684 229006 250591 44907 390491 219951 477625 738199 550597 390595 359279 412681 495913 348451 481891 310763 497726 420263 372423 318167 999999999 527349 139723 312059 74778 96858 48220 347044 127629 489697 653716 239805 574752 511199 310375 304147 416908 285476 459443 462757 625967 304789 487098 519488 406774 435541 421194 410929 520329 280466 528648 462580 527248 354393 535009 361784 119434 343735 409165 558165 470284 78540 448192 644780 471658 440380 591019 523981 608414 172767 258084 613329 351393 414749 392456 292661 292413 54100 579992 273633 489343 280618 249082 431644 389220 242058 532007 147445 416073 354505 298819 327409
514112 456960 179453 611099 948031 852571 915975 344600 1072025 300843 606001 507877 561750 518779 484146 356070 600623 787285 414281 136281 1007745 565504 794432 576036 353719 170309 806782 700836 527349 999999999 581868 831701 600122 599573 543301 653669 602057 626923 899535 341181 656762 1037226 495919 411257 944255 629112 223489 990084 1144989 222562 444764 614598 891031 735896 699547 715956 69533 797575 405321 986756 185012 545951 1062158 731154 424373 870762 472250 1084839 281711 510006 932480 337885 249447 422348 678411 802787 361686 474734 474855 510659 399847 147801 471098 378506 307585 500572 910118 294395 1000396 292811 374383 566031 280145 293951 152941 645214 635298 853470 265656 830018
69556 272202 471320 363857 391046 308221 389837 463077 524375 287755 115953 183913 282527 122113 612868 725972 449647 501304 491421 451709 524189 235583 342338 449396 618926 508829 246389 178865 139723 581868 999999999 341795 120665 205047 91509 212068 35267 629345 515503 353953 464055 505152 220648 436344 400697 417651 459197 446522 635864 368594 618833 411551 471388 297302 285827 540917 558491 229926 476815 422135 535767 494115 508597 482563 165872 325417 545374 546255 582068 85459 509340 622445 578035 378798 477798 385508 575500 118778 180625 542208 481979 447659 528941 257731 294002 111400 440792 292735 421034 385293 230059 571282 377796 289351 548963 242726 291741 272183 322024 250007
375689 384064 769895 691330 177961 109107 99625 576243 258344 539175 433941 324261 616511 463908 640737 1046576 783566 287061 558336 723404 185802 568274 584665 406270 719281 704148 393284 432294 312059 831701 341795 999999999 250342 232251 315111 511164 306579 570994 759921 508763 789589 211652 562251 513346 146410 330611 769261 181590 314389 610903 670077 741221 151793 565212 572831 398373 830238 182027 815630 224278 838799 473565 258075 312714 429936 114107 575060 261212 716956 360935 180388 949214 728369 719217 800103 639580 907730 448114 521427 883999 558776 726299 558983 586349 600469 354305 637287 584728 302953 557506 548684 542952 695253 553658 844058 189758 607516 262431 610583 242674
129057 201365 522076 483016 348149 252505 320558 409154 472703 300163 235832 110057 400160 232449 534639 796315 566013 380639 421165 482287 436090 354242 451695 345487 565867 495003 318020 283619 74778 600122 120665 250342 999999999 87150 64772 330734 92095 529146 628461 312442 583188 441664 330323 366711 344825 304159 519557 390991 561063 377687 548232 529851 362638 411553 403647 424661 590423 206074 570414 388142 590455 397719 462120 362971 182488 270713 465250 487708 541910 111017 402550 699033 544511 476838 597479 498566 658550 202830 282974 646525 414811 483096 448233 337692 350466 105004 540970 336459 415108 354594 298658 476164 444915 311186 597468 122094 412403 283170 363318 255591
195903 157069 546984 562164 369330 271522 320819 361836 480774 310485 320978 93896 477782 307356 466312 830576 641151 299632 360956 494227 410340 433427 538772 263001 514599 474379 398575 370606 96858 599573 205047 232251 87150 999999999 127031 416698 178839 447282 715610 280764 661950 440658 401962 308951 355628 217374 551360 399372 545582 379489 484918 607565 311816 498596 490006 337543 599980 254050 625505 413722 616409 319282 474834 277610 213596 288611 396775 489384 500517 170294 353552 739254 507888 536858 677170 585702 704260 266612 351146 709498 357139 498448 379685 389513 386479 150123 626700 365000 458134 328266 345700 397594 483778 327014 618797 51164 495474 342329 388468 314154
69293 183194 458556 435822 405616 312125 383489 381782 533040 242458 203494 92694 351076 180430 524189 731602 514122 426493 404511 421946 500863 307351 433750 358427 538852 448377 327435 270005 48220 543301 91509 315111 64772 127031 999999999 300120 81529 537862 606029 276926 535381 504156 275173 349312 405382 330178 455144 451763 625271 321981 532309 480767 424454 387800 374261 454901 530255 255082 507584 443516 526641 402611 521236 401758 120702 330323 456070 549478 507676 46915 464915 634292 506949 415404 550921 476192 594148 141951 225127 586522 395979 421791 439462 273718 285947 42863 531875 273004 461631 314092 234017 479848 380157 251296 534414 173185 372198 321179 300365 295085
247162 468192 498632 189381 494373 441683 527857 633976 624633 409473 96656 388664 139355 155920 800538 687574 287306 709453 675597 517708 676962 103006 150097 657581 781899 632498 200279 91232 347044 653669 212068 511164 330734 416698 300120 999999999 238804 833960 308603 521591 282112 624244 160896 622195 520086 629418 469005 560007 763330 478926 799416 239664 655918 94144 74155 752975 609799 347661 401172 508306 547158 697652 602636 693699 320982 454604 736169 654871 732476 275453 689820 576932 721021 305718 290531 180896 518054 219066 180742 424393 663878 506111 720602 275251 347674 305423 264146 368923 464772 539535 284689 773004 387989 398657 571080 451406 99081 328090 394405 322558
88654 264397 498483 397143 360933 275672 356197 462697 493475 304153 144759 172505 316683 157345 605175 757436 484024 471279 485980 474248 489266 269379 361454 431220 619576 520382 245926 194355 127629 602057 35267 306579 92095 178839 81529 238804 999999999 613197 537240 356332 497264 472536 255915 430783 368707 394666 488282 414781 602158 385165 613793 445272 436525 319837 311563 516294 581831 201123 511258 393744 563967 479239 478466 455000 179918 293129 536788 514405 586498 94195 474298 654790 584395 413571 510569 407222 608745 149443 215410 577441 477505 471311 520085 289533 321291 113443 454805 317082 398435 391169 259312 557138 407867 308229 575927 212807 322732 251984 346113 227990
586988 367906 701386 934607 748479 664466 667777 293486 813445 512407 738563 446241 850177 691266 157323 970776 988696 324159 220335 612643 659516 816448 971586 184285 303324 457838 845731 806983 489697 626923 629345 570994 529146 447282 537862 833960 613197 999999999 1142198 366612 1026043 756707 760643 249307 716768 245137 732586 746779 795844 511204 204663 969902 510725 924446 907702 193345 673480 684690 887189 795087 757440 136448 819969 272457 529468 676299 155202 803620 358896 558519 537021 919681 389763 831904 1045311 1012923 914193 630457 707205 995119 236348 629237 159165 686005 633126 528558 1067997 595918 866638 388196 640670 68159 710018 536269 739258 441403 891801 778136 598280 750574
555725 776791 724993 290732 681547 666283 744437 936630 788675 701166 403656 696266 341508 459283 1107215 821638 336525 996560 981895 770623 894847 352082 178930 964437 1079538 913589 368573 346387 653716 899535 515503 759921 628461 715610 606029 308603 537240 1142198 999999999 824842 283241 809451 422683 929161 719180 931885 685229 747269 945000 760988 1103971 301206 911533 218243 235801 1053086 843155 578568 543866 675245 753158 1006000 762627 988115 626528 673274 1043748 824758 1024879 583879 939024 717914 1009856 484797 268100 130067 654927 522997 465073 497676 969646 755021 1028381 537934 614928 613851 146565 644643 595453 837952 563821 1081567 619391 686215 783754 744080 273346 514934 664928 525700
289683 124734 352382 585034 648725 550749 600955 112415 761340 146441 436286 203198 504358 366442 286859 638044 628996 448992 162537 271944 675708 478431 670324 251939 265295 195821 600017 524013 239805 341181 353953 508763 312442 280764 276926 521591 356332 366612 824842 999999999 670502 719660 414129 118243 636372 292325 376718 680085 816204 154645 279296 615167 552166 615734 590545 393759 360915 518004 521195 692084 416422 245219 755594 395163 201208 568233 230977 768813 230851 268569 593196 570497 232070 466207 690772 701341 556632 302758 364204 628552 148293 284516 218625 324456 266878 243679 779864 229486 726999 49717 281755 298475 344788 169960 406161 319010 557518 594309 232081 567167
468213 663974 477358 100208 774391 723744 809956 773969 902379 527595 356944 607388 184371 355190 956026 538866 57612 961559 832954 540724 958730 228964 294007 867165 896638 707166 463483 370682 574752 656762 464055 789589 583188 661950 535381 282112 497264 1026043 283241 670502 999999999 905038 268201 786694 801571 857277 433880 840611 1044409 565647 942042 56278 930290 266303 238400 983183 593705 629763 269475 785112 491877 892201 879371 936367 499312 736714 901296 933871 832466 496212 966006 436872 811421 235959 21835 257092 374407 405691 322368 214592 818359 522625 888325 347303 415873 522756 370708 452194 731265 668228 388753 959664 385135 506700 524515 704682 183265 605015 463328 602320
554785 594932 962536 813458 131420 196938 121413 787561 59686 740196 569560 529753 750574 622063 842724 1229548 910834 442395 767194 923507 125473 703327 652114 606207 928652 914583 452827 534406 511199 1037226 505152 211652 441664 440658 504156 624244 472536 756707 809451 719660 905038 999999999 714835 723709 105911 527942 957089 64526 139543 815068 874871 863851 254344 651290 670321 570126 1031402 282929 979128 135773 1030232 673625 76802 485677 624055 179837 779234 49694 928265 546381 243985 1127323 939978 879557 911316 707503 1080559 621832 683235 1033030 768414 924706 763694 762047 788031 546198 668931 777108 228974 768074 729981 737808 878758 752474 1038568 400844 723164 303344 804505 302895
206060 396234 337758 173971 592352 519873 604447 522998 726626 280683 151187 340414 90398 98914 700888 540182 240290 700501 575912 360912 743378 71620 298697 599088 659594 491355 344059 228335 310375 495919 220648 562251 330323 401962 275173 160896 255915 760643 422683 414129 268201 714835 999999999 526707 608993 589911 308487 653243 849526 338357 691989 212038 690483 240061 204422 715726 449723 432317 266453 615929 387016 625788 707798 671773 231813 535913 642270 752332 602836 232440 729107 430890 587244 166217 286264 311610 376203 138478 54169 321976 562193 348121 628351 118788 195020 257106 414581 222426 591031 420385 141257 695096 227095 264277 410352 448064 149346 443393 244324 429706
379608 166947 457504 699277 672545 576208 611426 72275 771622 264683 531857 260206 617101 470103 178385 735954 746255 386446 55199 371290 660475 588270 768149 166488 207091 243958 676433 613387 304147 411257 436344 513346 366711 308951 349312 622195 430783 249307 929161 118243 786694 723709 526707 999999999 652919 230128 486145 693197 803573 263358 183016 731055 523229 715827 693521 304747 445700 562142 637886 718286 517372 137558 769940 327386 302888 592303 115644 773400 207554 354238 561537 676657 224995 584446 806706 803058 667502 406627 475137 746038 48345 386485 101752 441864 385070 325667 873827 347619 767040 140567 398210 181179 460735 288168 502665 331938 666457 647320 349055 619276
452602 512499 862315 709005 43780 93702 50373 712780 127880 644937 463717 439861 645059 516610 786155 1126141 806082 421753 699968 826881 177954 597692 555988 552437 859823 829059 355727 430956 416908 944255 400697 146410 344825 355628 405382 520086 368707 716768 719180 636372 801571 105911 608993 652919 999999999 477020 855316 46443 243490 721694 814412 759461 250971 551285 568494 540375 935105 177024 873540 82610 929420 619622 119266 454341 525995 75776 719844 145710 853049 445932 258247 1023139 862250 773873 808430 611748 975695 518150 577905 927153 699403 827134 703572 658145 686693 447969 582691 677423 175275 683537 627268 689359 776064 655840 938886 322137 619135 205689 705307 201237
391916 210571 638181 759587 506388 419983 429391 302342 581856 404961 532831 249928 673790 504388 315247 926823 829284 158358 257653 562656 446483 633171 755757 78905 415993 468479 611939 587774 285476 629112 417651 330611 304159 217374 330178 629418 394666 245137 931885 292325 857277 527942 589911 230128 477020 999999999 656617 510302 588906 442476 349839 801448 301839 714186 703378 125918 653068 440724 773924 553212 704750 145867 585498 102840 365740 432352 254302 576662 433702 363069 337398 852089 453949 698521 874301 801842 830229 451677 536069 871319 264023 573805 239914 545515 515341 335167 843790 483194 622025 337743 498103 212341 608393 428297 696876 200693 701537 534539 497039 507271
402715 450115 44758 394628 849208 761666 837477 441011 981308 253157 444887 459339 356692 362591 616929 279233 377408 804791 513194 129399 954451 370869 597544 627203 516865 311349 646998 533132 459443 223489 459197 769261 519557 551360 455144 469005 488282 732586 685229 376718 433880 957089 308487 486145 855316 656617 999999999 901674 1080395 223149 588367 393568 862757 540551 502252 767733 160033 688907 185876 881315 79237 620637 966720 757457 340106 779542 582111 1000824 444741 411124 904642 195475 417056 201763 455437 598024 181607 340527 305791 295959 497062 110069 574742 207692 169281 414984 710958 186360 874916 345582 229170 665262 83906 231294 102443 602261 431383 724490 164285 705377
498960 555859 908756 749287 67035 140130 82075 754296 81982 691025 506838 484902 687132 561653 822097 1172200 846778 443257 739223 873153 163436 640068 588310 586972 899737 873421 388721 470021 462757 990084 446522 181590 390991 399372 451763 560007 414781 746779 747269 680085 840611 64526 653243 693197 46443 510302 901674 999999999 204069 767536 851667 799651 263241 586861 605796 566067 981355 220926 918309 80296 975842 654406 76756 480238 572348 122149 756624 99748 894806 492374 263135 1068948 904698 818493 846822 643803 1021155 564213 623061 970341 739205 873485 740568 704107 733096 494319 607934 723863 178041 727589 673525 722361 822306 702089 985328 363998 658872 239006 751737 238395
680794 692578 1082866 952398 270888 329654 246027 871580 158768 853559 706315 638385 888308 755040 901627 1355779 1049558 471745 841542 1037785 143182 840791 790497 667535 1002600 1011981 591776 673736 625967 1144989 635864 314389 561063 545582 625271 763330 602158 795844 945000 816204 1044409 139543 849526 803573 243490 588906 1080395 204069 999999999 924931 938360 1002833 288464 790677 809865 602908 1144602 419626 1112086 269876 1151442 733108 185446 525093 742771 313836 843079 121528 1010976 669575 258853 1255626 1026052 1013083 1050804 845688 1210821 750296 815648 1169285 845089 1040552 828820 890451 911145 665996 802732 897335 354593 865660 855983 788427 1004173 867866 1157639 500100 862323 442669 923744 442407
299289 246960 197758 492785 725749 630065 693738 223833 849471 81035 412916 286643 422226 328290 405700 484637 517449 596128 293789 121108 789426 409473 627815 406473 331016 153844 605306 508197 304789 222562 368594 610903 377687 379489 321981 478926 385165 511204 760988 154645 565647 815068 338357 263358 721694 442476 223149 767536 924931 999999999 383763 513367 679161 569645 537744 548065 221606 576947 380045 764922 262615 397508 839630 544933 205384 648250 363743 862501 267948 291506 721054 415984 249783 341375 587053 647804 404221 273427 300352 490739 277722 131332 354975 225330 150643 279548 742940 116965 781894 123059 197707 443465 202787 82189 254716 426746 487649 637107 102331 612635
560414 349835 550850 860655 838245 744366 769659 169049 926764 414933 711373 442982 781810 645072 47418 798564 896996 481765 127833 460332 796230 757405 947057 270979 99919 284953 859440 795030 487098 444764 618833 670077 548232 484918 532309 799416 613793 204663 1103971 279296 942042 874871 691989 183016 814412 349839 588367 851667 938360 383763 999999999 887740 650382 893467 869264 364053 499928 738938 761035 884774 597316 205469 928068 422191 478445 759417 95742 924097 164304 535885 683917 761741 196672 724456 962893 979763 766523 581302 643030 872684 136926 479012 111220 594886 527949 507783 1054457 490779 940328 273888 555730 166656 585440 435352 574145 500673 836632 826418 483773 798269
413167 607701 435928 50506 734028 679195 765558 719379 863874 472963 307387 551620 129844 300370 901062 524821 50148 907190 777679 494447 913054 175968 277140 810917 844089 657101 429985 330285 519488 614598 411551 741221 529851 607565 480767 239664 445272 969902 301206 615167 56278 863851 212038 731055 759461 801448 393568 799651 1002833 513367 887740 999999999 879998 239990 207112 927337 553529 585651 242682 747159 456372 835972 841534 881231 443036 692778 845821 894424 780849 440966 916320 418610 760533 192289 75651 249512 355421 349785 266194 211800 763178 476859 832733 292860 363029 467217 367510 398855 698227 613854 333442 903594 338729 452439 488128 650955 141220 566766 411214 562140
491599 434386 856685 830866 293269 254577 202909 593440 313697 617313 573350 403510 752624 591632 613216 1141980 920147 189639 557495 798144 148869 704843 735760 379980 717402 745192 545064 580582 406774 891031 471388 151793 362638 311816 424454 655918 436525 510725 911533 552166 930290 254344 690483 523229 250971 301839 862757 263241 288464 679161 650382 879998 999999999 714516 720214 319811 900608 333801 931996 332811 926125 444969 325958 238411 525245 254092 555374 297689 730496 471300 42026 1051028 747897 839391 942012 790425 1015151 565365 645061 1008996 562256 804315 541443 697258 698267 457225 788847 676470 425660 601780 655225 500263 795500 635721 926595 260704 750176 411340 699219 393189
338972 560242 573793 196544 519872 483005 566959 728119 643121 502068 186059 478299 187219 249874 894205 736818 290093 784545 769403 600963 718483 170957 58728 746221 875792 723464 200583 134844 435541 735896 297302 565212 411553 498596 387800 94144 319837 924446 218243 615734 266303 651290 240061 715827 551285 714186 540551 586861 790677 569645 893467 239990 714516 999999999 39097 836117 688201 389931 446231 525599 616681 788402 619128 773077 415065 493381 829486 676165 825692 366710 745578 626438 813650 359465 267635 88482 564902 313175 269498 446656 757797 588117 813803 358445 433466 396641 174712 457392 466183 633392 373329 864390 462983 490327 642960 529149 116211 348014 481628 350085
320734 541386 535986 161392 539080 495958 581114 702698 665154 472306 170774 462710 148164 224193 871686 698023 257212 780960 746467 565093 731990 134046 95446 731688 848294 691562 225088 140942 421194 699547 285827 572831 403647 490006 374261 74155 311563 907702 235801 590545 238400 670321 204422 693521 568494 703378 502252 605796 809865 537744 869264 207112 720214 39097 999999999 826707 650906 402017 407511 547691 578097 771339 641773 766540 391167 507415 807986 697307 796490 349204 752722 587584 783502 320370 242176 111246 526172 287962 237472 410674 734402 551865 792592 323180 398936 379153 210596 424160 493050 605985 340511 846418 425307 459488 604616 523564 77510 368229 447642 367609
517569 331097 745739 885495 575731 500451 490275 373701 628124 519924 656591 375846 799703 630196 319983 1031676 954900 131231 311626 665320 468038 758962 875834 142136 450190 548300 723105 707523 410929 715956 540917 398373 424661 337543 454901 752975 516294 193345 1053086 393759 983183 570126 715726 304747 540375 125918 767733 566067 602908 548065 364053 927337 319811 836117 826707 999999999 747998 538010 893961 621344 810179 175372 636728 86036 490282 509730 278784 615759 486026 488787 344270 962757 511737 821359 1000219 923224 944669 577555 661833 993448 323193 678256 270235 668522 634277 461032 959933 600698 700642 433754 621069 198810 724996 543857 799237 312227 826808 631744 612209 605730
