NAME : synthetic_000444
TYPE : CTSP-D
DIMENSION : 100
GROUPS : 8
RELAXATION_LEVEL : 1
EDGE_WEIGHT_TYPE : EXPLICIT
EDGE_WEIGHT_FORMAT : FULL_MATRIX
EDGE_WEIGHT_SECTION
999999999 56293 175495 418781 674340 385415 247682 454614 385234 512819 125401 822397 473153 418780 401012 383679 803910 170817 355286 84860 612914 528351 210285 755607 109383 384691 339015 322111 707377 413699 362730 700092 625676 437430 547639 385501 481014 677536 553790 631769 736556 650819 506344 943559 59482 438389 434198 405970 620747 271438 188373 160316 635213 471275 384639 357205 657383 407909 641385 478852 444918 640097 829107 655359 515693 547864 471667 94814 508244 661296 444786 661852 690729 386619 781549 403386 418261 402386 845091 249705 492992 166047 136348 514931 540858 597824 774905 785759 729278 225991 447654 196761 972890 686741 622544 185785 625543 170396 237671 504615
56293 999999999 177942 473470 715958 441239 298607 508928 329293 560966 158658 842150 527086 370091 406220 369670 806881 150927 302330 67386 599974 583499 171165 780422 126391 440984 325324 374783 733413 358302 416116 702750 673027 493638 603676 419606 438000 688032 594851 619645 768822 668980 459605 974777 65553 455465 489240 461931 666604 324112 140454 106190 679724 434885 329552 301899 667759 423870 620833 526981 490645 635864 843215 628311 485011 554373 507306 134342 471669 698926 501059 701488 737520 423675 811513 443239 455235 393028 832562 205549 549283 144162 110119 485879 585955 574661 799824 820691 724366 172468 501100 201921 1006244 723037 600647 144026 674206 163732 291437 527448
175495 177942 999999999 509466 585127 462043 246461 547184 386855 463228 98243 668141 568331 349603 228542 214938 630446 69608 426554 243554 440549 608222 145456 611797 284799 440597 171345 322529 566730 401740 468281 526391 566719 498906 577866 277257 378833 510166 465495 458780 612342 494354 419450 814618 118804 281458 519946 442439 553549 388827 172543 250160 560567 345672 434563 350212 489888 249306 476423 430991 384991 464603 666049 500486 372048 376603 364604 119843 381196 556225 492393 564573 626696 289784 650307 317244 319008 229102 671765 365418 540699 75906 287912 367496 472485 437175 631214 669348 553792 227299 443440 24611 849930 576357 459641 311673 574604 338930 351630 358706
418781 473470 509466 999999999 578884 57465 289312 37718 801718 384225 411845 895681 59158 831724 642932 705813 989792 552012 742747 458641 900719 111361 615202 800092 397808 108673 668110 252108 750494 831662 66491 899586 470120 85991 212574 465361 881254 833993 498159 914003 721897 762188 914506 908726 456048 608452 20117 152496 487086 154783 604201 565849 514993 854703 783515 775330 817742 594139 959283 366012 381634 883723 941564 998173 879536 749735 499335 398326 890515 611315 124491 591027 527199 442414 779505 425416 458253 704461 1111854 612935 140929 551636 490828 873498 442705 929386 815540 737903 966525 644746 254810 513397 915259 644264 947305 555749 450601 456880 182830 618541
674340 715958 585127 578884 999999999 531119 441640 596140 968615 197628 557868 382201 611754 896765 481242 616482 578953 654121 1006363 758375 664594 579948 726768 282279 749348 477375 612534 392986 248480 978916 608364 534010 121243 495651 417186 308046 881947 436455 121233 664195 170001 339204 936311 330605 653571 380758 567808 428791 95307 618776 757647 815929 65839 816094 1018873 931113 432398 402113 753830 223618 236885 586439 457315 827742 788157 457081 222776 582178 837771 70266 457005 37517 106685 296382 224959 273124 266263 585060 783005 921391 463002 660895 809789 773202 145104 758022 289702 162517 631477 812425 325280 564995 337006 92335 757819 858705 149220 826613 604963 304632
385415 441239 462043 57465 531119 999999999 234583 91600 770531 334584 365553 840330 113522 791738 587302 653802 932335 508279 721535 433742 845434 146807 574332 745442 378434 54360 617049 194656 695585 799036 80993 842169 426341 61498 195585 407896 837202 776593 445611 858428 669813 705233 872421 859649 417516 551243 60191 102341 441201 140983 566924 538286 468352 807714 759594 742513 760308 537279 905361 314210 326818 826988 885107 945894 829866 692544 442826 354964 843145 560308 90922 541318 485911 384991 727156 368297 401093 651136 1055261 594829 125391 508500 470302 823297 392111 876521 761160 688324 909486 610098 205839 464406 868086 593170 893878 535135 408771 443618 159154 561159
247682 298607 246461 289312 441640 234583 999999999 325680 606906 266903 163225 664640 347637 593894 353961 421520 717770 305656 600901 326788 611430 374357 380159 580366 308726 201516 386827 79225 529482 628739 268437 622234 380412 259561 331615 203712 624729 567244 325634 624867 533418 509405 665898 739116 247801 328732 294773 196738 378171 222616 388278 404681 395468 586628 625793 573472 549249 310287 670833 233175 205337 597684 694246 712728 601697 468312 269888 170638 620708 441434 248147 435365 446068 189480 585468 189942 216537 417066 824820 496646 295656 308391 376816 593981 300933 642730 598438 571884 682453 439936 205932 242644 760861 470732 659598 432424 378659 386309 193805 357187
454614 508928 547184 37718 596140 91600 325680 999999999 836534 404256 449548 921655 21962 868625 678826 743173 1021574 589522 774302 492034 936865 81174 652325 825029 429565 137757 705625 285035 775881 866866 95579 932440 484133 100902 210999 497619 918741 865198 520834 949948 743504 791611 951736 926661 492886 642254 32626 176537 502914 187480 640677 599842 531400 892404 816006 810620 849255 628693 996121 388421 407663 918456 969633 1035499 917204 783562 527924 435857 928225 631888 139193 610237 538746 474053 801348 455690 488612 741488 1146785 643531 142734 589084 522645 911124 463396 966565 840059 756637 1000702 680601 275481 551082 931213 664858 984319 587423 463047 486031 217624 649731
385234 329293 386855 801718 968615 770531 606906 836534 999999999 848308 444893 982356 853984 158311 533269 416260 861245 317284 157656 348247 590571 912260 242263 949965 418060 768835 392835 686075 912025 37910 742448 765939 953406 822456 928193 661015 256122 793814 850498 611672 975165 814811 233534 1166752 362113 623784 817937 786456 940389 649892 219776 239155 946963 311504 113213 37911 775131 593246 561201 815432 770925 670252 954198 524659 387899 657525 746125 437254 334083 933997 828231 945639 1013544 675640 1004471 703912 703901 454941 795571 251989 876844 311477 331461 400049 859339 506873 968658 1037378 743324 166971 812744 404875 1208010 950750 536017 276171 960579 392070 618999 710223
512819 560966 463228 384225 197628 334584 266903 404256 848308 999999999 410156 528241 421340 804371 439445 559579 671029 532069 861322 593446 674914 398500 608578 428428 573709 280508 541711 204543 381807 864784 410977 599871 113593 303367 250449 219299 810514 513956 121461 680736 339673 424901 860242 525073 504121 355537 374542 232544 115329 422883 629413 665800 138337 755085 881578 812373 502604 361793 755733 33991 79403 620651 586945 818625 745372 478229 179954 427714 783201 227634 265595 206877 179444 194311 397652 160822 179671 537401 841574 762479 279981 537329 643679 732986 59503 745694 441834 353856 686858 683867 129415 448354 534377 260603 753113 698404 113513 651297 411347 315837
125401 158658 98243 411845 557868 365553 163225 449548 444893 410156 999999999 698325 470570 433507 292319 307900 692700 145243 452272 209295 526909 512164 217705 630312 226653 347202 265871 242340 581993 465837 370040 589944 520199 405090 492512 261740 472160 559605 436667 543971 612216 527731 509510 818916 95831 316942 422795 353583 511789 291484 225527 258639 523494 442860 471435 410871 539666 287605 569281 376435 336545 539600 707937 597013 470245 434856 348995 33420 478697 540316 401438 542898 583652 265044 656517 284869 296626 316661 755155 364147 450242 146942 260204 465497 430579 532230 649593 662787 628693 278093 368275 106753 849109 564669 553645 302491 523637 294682 254321 379944
822397 842150 668141 895681 382201 840330 664640 921655 982356 528241 698325 999999999 940759 859651 455802 566687 250777 720791 1074136 903108 471158 925466 770754 101314 924316 787071 590463 657235 146576 977873 905426 270655 497834 822760 776782 461948 804353 197346 406800 458858 214133 173914 860569 240616 777636 386933 889951 745119 467706 883592 817390 916662 440291 728292 1066661 945672 212899 418903 556597 536494 514155 369005 87815 638286 669776 325646 401035 731114 733673 318182 787364 349992 486807 475331 168618 480663 450294 527821 480270 1032490 807325 729156 951557 652688 469938 586934 92583 254799 359754 864322 649798 643531 294815 290254 572298 979805 526833 992671 857746 318854
473153 527086 568331 59158 611754 113522 347637 21962 853984 421340 470570 940759 999999999 888180 700779 764926 1042674 610004 789119 508470 958827 72700 672196 843755 444834 158735 727267 306584 794800 884658 111624 953842 498427 118421 218942 518925 939148 886141 538834 971902 760902 811995 971721 942358 512442 663902 54046 195903 518005 204184 659781 616680 546711 913383 831529 828507 870292 650487 1018042 406490 427059 940269 989511 1057271 938630 805205 548115 456405 949267 648919 155750 626700 551782 495202 818818 476454 509387 763368 1168626 657714 153659 609453 537841 932631 480655 988401 858613 772782 1022409 699059 293168 572466 945994 681874 1006204 602451 476650 499353 235656 670705
418780 370091 349603 831724 896765 791738 593894 868625 158311 804371 433507 859651 888180 999999999 429703 298130 717496 288556 310223 413389 440958 938083 217579 838754 485755 779125 288198 671379 805604 134730 779483 626649 900510 836259 925271 597630 98893 665556 784671 461640 878822 699239 93059 1059559 375749 528245 845416 787076 883116 689467 230496 315898 885001 155234 270903 137352 648058 500919 404926 773694 725010 527130 822960 366348 231701 534687 675683 437915 175846 853276 834647 869553 955730 617153 901331 648722 641570 336417 638811 374694 883539 286566 415566 244921 804651 350766 856644 944209 594850 204002 793036 359428 1104282 865598 379671 376544 912103 483316 654585 614665
401012 406220 228542 642932 481242 587302 353961 678826 533269 439445 292319 455802 700779 429703 999999999 136230 402908 269710 618335 472095 258519 720977 315003 416738 510037 548443 142598 401027 379267 533481 620406 299198 511315 603798 637816 222020 402413 283962 381671 271126 449124 283918 457835 634146 346762 101142 647339 529689 487805 560123 362258 466993 482516 334932 611948 495772 263724 80630 326051 416998 365969 249680 442957 381569 310575 148168 273487 324702 356871 430165 583432 450284 556247 248883 473293 281692 259775 103908 472861 582496 625271 278082 515843 296829 418936 308595 435502 514633 337971 408522 483953 205281 676856 439213 319342 534287 529722 567307 525031 185694
383679 369670 214938 705813 616482 653802 421520 743173 416260 559579 307900 566687 764926 298130 136230 999999999 460587 218764 521558 436703 230336 795824 231439 540893 490303 622997 44685 484158 507514 411237 672011 359402 640069 680852 734928 340526 266197 377840 513454 249989 582725 402180 321633 761452 324267 237336 713616 613325 618153 598366 282607 401070 614791 200040 506409 380095 358979 214384 261685 533813 482470 275575 538701 292397 187246 241345 403888 333783 224748 566347 666546 586081 688100 365316 603474 398837 382223 38901 462951 510995 712006 225764 471363 176573 545750 224979 558938 649034 360977 317465 585096 201328 806219 575349 245755 473632 656600 532483 561369 321439
803910 806881 630446 989792 578953 932335 717770 1021574 861245 671029 692700 250777 1042674 717496 402908 460587 999999999 663090 980209 873523 281025 1043898 690689 317563 912936 883939 498240 737879 334526 848022 982918 104131 677399 930633 917905 524510 642586 158195 557608 262327 431731 247670 694957 489447 749138 390025 988948 850913 646354 938554 741576 856733 623850 568292 960677 827978 172613 412821 348558 667344 629552 191016 167132 425923 497538 257949 502552 725696 562838 508800 900637 542089 685108 547532 402975 567142 534295 426647 229591 969423 931398 671171 915409 481364 620670 391714 321417 488107 132905 778049 771689 607752 543852 490080 369703 927509 705397 969302 906421 372275
170817 150927 69608 552012 654121 508279 305656 589522 317284 532069 145243 720791 610004 288556 269710 218764 663090 999999999 361907 217955 449049 655086 76735 669868 273409 492145 174512 383728 626314 332717 505226 559183 636185 549822 636775 346096 329258 553590 534783 468751 676449 547000 364665 876739 112391 337143 564179 498618 623148 420029 104401 197293 630140 307355 366975 280739 533376 304805 471869 499592 454122 487460 712515 484582 346206 416369 432938 153700 344101 623862 546680 633003 696289 359211 712436 386844 388202 243192 681635 312919 595481 8392 254333 344723 542059 427347 689216 734833 575369 158623 507221 89322 913465 643203 452465 265348 643789 313888 383308 418371
355286 302330 426554 742747 1006363 721535 600901 774302 157656 861322 452272 1074136 789119 310223 618335 521558 980209 361907 999999999 289038 720991 853932 303541 1029450 344940 730829 488855 676956 987077 192893 678734 880505 972273 778869 897811 701033 409116 895073 885357 742334 1038217 901757 390756 1238481 357286 696683 760906 757386 964023 587982 259122 196227 975172 456423 55132 172943 875441 664554 702519 827412 788773 791081 1056346 673466 531211 756233 789251 433700 483030 981680 791791 988280 1035916 710153 1074225 733832 740824 558086 936504 133940 838479 354026 251947 541463 882740 648400 1048688 1095874 870089 209840 802898 449389 1275361 1002614 677720 187000 974801 294243 562972 779616
84860 67386 243554 458641 758375 433742 326788 492034 348247 593446 209295 903108 508470 413389 472095 436703 873523 217955 289038 999999999 666929 569959 230263 838405 72561 441792 392456 397848 790565 381181 396906 769405 706750 490241 609011 470226 488965 752763 638056 686691 821192 730625 505255 1028083 126435 517361 475990 469128 702897 304557 191595 109123 718116 492393 325870 326478 732513 486203 686098 559583 527453 703211 906749 690989 546174 620125 556517 179559 528805 746081 502757 746372 772145 471477 865811 488009 503117 460389 899466 171203 549482 210977 51543 547944 623571 639115 857749 870611 791742 209666 520878 267056 1057671 771595 665505 107159 705445 96360 276513 586454
612914 599974 440549 900719 664594 845434 611430 936865 590571 674914 526909 471158 958827 440958 258519 230336 281025 449049 720991 666929 999999999 979423 453979 488169 720283 806962 274854 659343 475085 573947 875697 204878 725975 862212 890855 468895 362060 278641 592112 21347 571449 353979 413966 702872 553705 320441 905539 787563 698194 810305 504566 625459 685384 288733 695355 559591 268559 320852 91050 657653 608604 102334 412219 171165 216616 207597 496498 555820 281832 599957 841231 628353 757917 496302 569648 526906 499784 211484 232616 730721 882200 455952 700540 200626 642553 116139 501541 639075 153987 530827 736350 423502 754731 596093 102064 698741 748963 762528 774135 368328
528351 583499 608222 111361 579948 146807 374357 81174 912260 398500 512164 925466 72700 938083 720977 795824 1043898 655086 853932 569959 979423 999999999 720822 826430 509003 173325 760363 320193 778896 941800 175702 959249 462270 117251 168574 525462 983980 886085 519269 991256 736524 806817 1019169 909340 563178 674609 94327 194672 484824 266074 712196 676977 514161 953810 894869 885383 871337 664448 1043269 389144 417578 953492 979534 1087009 974269 815104 543044 501733 989055 623356 143307 598572 510512 500030 794540 477357 509995 790952 1182112 723734 118542 655289 602056 967215 457822 1016720 840190 742350 1032870 754044 276665 609803 909233 656018 1032934 666949 438139 566791 293853 672023
210285 171165 145456 615202 726768 574332 380159 652325 242263 608578 217705 770754 672196 217579 315003 231439 690689 76735 303541 230263 453979 720822 999999999 726658 296968 561715 192483 458763 685197 256285 564679 588242 712043 618729 710210 418925 271007 594405 608307 474768 741036 598219 299636 938076 160697 394494 628497 570871 698451 476204 51179 171488 704733 263720 301171 205200 574517 362649 461808 576197 530439 507014 755291 461522 315984 455517 504597 220380 300510 693892 617684 704462 771632 433381 774229 461824 461685 264043 683833 279556 666632 72409 253201 318180 617566 412627 745826 801253 591914 93764 583072 162638 976701 711899 439991 244818 720060 319707 440464 478865
755607 780422 611797 800092 282279 745442 580366 825029 949965 428428 630312 101314 843755 838754 416738 540893 317563 669868 1029450 838405 488169 826430 726658 999999999 853596 691741 557831 566490 50961 949270 812700 305639 396740 725481 676133 381363 793807 212071 307200 479780 117849 141410 850577 221924 715054 332921 793624 648645 366510 795746 770501 861956 339271 719017 1026793 912502 219788 365184 578028 438099 418629 390200 176268 659204 668272 309438 311953 662194 729416 217130 689526 249252 387812 391305 86723 392527 363949 502380 540719 977062 708078 678084 888210 651370 369732 600188 19426 170556 403465 820303 551659 587391 270248 190001 590080 921416 425749 924675 771632 253373
109383 126391 284799 397808 749348 378434 308726 429565 418060 573709 226653 924316 444834 485755 510037 490303 912936 273409 344940 72561 720283 509003 296968 853596 999999999 393012 445636 371507 804416 451818 333989 809206 687218 437286 561852 476528 559981 784743 631231 739429 826424 754301 577419 1033863 167138 543423 416022 425436 686500 243054 261750 179414 704190 560502 386722 397719 764668 513672 745191 540467 513904 749360 934476 754469 611401 656437 559271 193475 597167 743782 453760 740824 753135 473582 874044 485525 504747 510555 952754 216397 498679 267450 93083 612206 609653 699904 872725 871633 838503 282176 488369 306132 1060216 771175 725494 157947 683029 77633 219289 605546
384691 440984 440597 108673 477375 54360 201516 137757 768835 280508 347202 787071 158735 779125 548443 622997 883939 492145 730829 441792 806962 173325 561715 691741 393012 999999999 588204 149232 642024 795539 131773 795401 374249 58435 168927 360369 818823 727456 391287 819169 615467 654186 856692 805513 409712 506494 105158 49394 388176 170861 559116 542220 415014 785039 765907 739053 711564 494352 870016 259853 273151 784096 833042 913837 802763 647688 390907 341392 819766 505967 60994 487130 434906 336485 672831 317958 350874 617665 1012699 608025 108340 493235 482345 795296 337835 843436 707332 634128 865219 605238 152238 440274 814379 538823 859611 546379 357706 462898 178627 512000
339015 325324 171345 668110 612534 617049 386827 705625 392835 541711 265871 590463 727267 288198 142598 44685 498240 174512 488855 392456 274854 760363 192483 557831 445636 588204 999999999 452658 521521 391480 632413 395784 627697 646368 705983 324683 271498 406506 504779 294359 591242 421977 324454 776355 279593 240049 676565 580914 607361 557074 243337 359952 606097 213455 477159 355731 387048 213057 305128 514344 463338 316224 567823 331715 215406 267976 394850 290762 242923 566265 633692 583850 678598 347886 615869 381152 367732 71674 507464 471388 679938 181665 427832 207174 532366 266390 576357 656225 402844 281722 558429 159121 819400 577717 288357 432002 642606 488380 519977 326556
322111 374783 322529 252108 392986 194656 79225 285035 686075 204543 242340 657235 306584 671379 401027 484158 737879 383728 676956 397848 659343 320193 458763 566490 371507 149232 452658 999999999 515723 707961 249548 647557 317160 202942 256151 213369 698976 582627 285389 671066 504917 514097 741582 705960 326256 357444 252546 129687 319438 232029 467501 480968 340201 657691 703298 652693 566080 345156 724780 172683 159197 634868 696280 771954 668043 498712 256227 249396 690911 403867 183371 392532 383085 191146 559980 177718 209780 475333 863481 568852 227884 386751 446479 659279 248200 700583 583448 535446 716116 519110 127069 316521 722788 435210 715449 504608 311655 448800 213486 367451
707377 733413 566730 750494 248480 695585 529482 775881 912025 381807 581993 146576 794800 805604 379267 507514 334526 626314 987077 790565 475085 778896 685197 50961 804416 642024 521521 515723 999999999 912747 762297 306374 357722 676658 630867 331022 765169 208354 260346 468773 100641 121123 821919 254879 667936 290703 744331 599389 326957 744809 727957 816764 300971 691338 986032 874373 211426 322635 565926 389979 368877 381177 210847 646045 644397 284580 260997 613611 703885 179971 641041 213162 355135 340527 97542 341567 313029 469535 549864 931489 660750 634454 840642 627711 323762 583838 69069 165471 405674 778585 503362 542476 298718 157115 576042 875093 386668 876000 720672 208131
413699 358302 401740 831662 978916 799036 628739 866866 37910 864784 465837 977873 884658 134730 533481 411237 848022 332717 192893 381181 573947 941800 256285 949270 451818 795539 391480 707961 912747 999999999 773285 754676 968165 849893 952996 672376 229250 787021 861978 594827 978976 812449 201428 1167626 386813 626760 847537 811533 954117 680831 240470 272448 959610 289943 144951 56542 768735 596942 539646 832286 786722 657101 946512 499076 366428 652320 756147 460433 309585 941970 854437 954827 1027305 688216 1006351 717372 715704 450131 773418 289836 903216 327590 366664 379525 873452 485496 967739 1042197 727508 190569 834110 418228 1209993 957595 514389 312704 976345 428311 649242 713559
362730 416116 468281 66491 608364 80993 268437 95579 742448 410977 370040 905426 111624 779483 620406 672011 982918 505226 678734 396906 875697 175702 564679 812700 333989 131773 632413 249548 762297 773285 999999999 889285 505985 136647 270506 460113 833449 829540 517997 890102 742167 763454 864290 935283 404218 595987 86332 181125 519848 92574 550188 505057 546499 811017 720482 717202 812365 578590 929524 388431 395688 865945 945824 963988 840244 736327 504993 352646 847309 634378 170695 616865 566252 439613 798988 427232 459318 673944 1092591 548120 198555 504108 427068 835224 467268 896817 829041 763696 950891 588353 283742 474817 945310 667049 916168 491845 489065 391168 125114 615351
700092 702750 526391 899586 534010 842169 622234 932440 765939 599871 589944 270655 953842 626649 299198 359402 104131 559183 880505 769405 204878 959249 588242 305639 809206 795401 395784 647557 306374 754676 889285 999999999 620657 844297 841416 435063 557697 98799 493461 190327 407006 195192 611974 508279 645116 293510 899872 764991 590169 841277 638959 753322 570683 482029 862827 731781 101816 313839 286783 592253 550708 103635 207355 368232 415488 156390 424453 622796 480904 464288 816058 496496 637279 459598 391725 482156 449831 324431 249129 866431 849468 567289 811299 398694 553971 320846 315470 470630 99346 676617 691465 503780 561589 451331 303788 823837 647416 865211 808395 289018
625676 673027 566719 470120 121243 426341 380412 484133 953406 113593 520199 497834 498427 900510 511315 640069 677399 636185 972273 706750 725975 462270 712043 396740 687218 374249 627697 317160 357722 968165 505985 620657 999999999 385041 297322 303933 899001 526771 133894 728753 289254 430967 950752 447212 615016 417280 457413 324868 31103 528211 735857 777302 57666 839114 990999 916915 519341 430862 811715 147240 183829 658873 568561 880374 821733 520719 237896 539235 864797 179652 346160 148406 65957 283365 345409 252052 260284 613638 868758 875382 346986 641930 757103 808139 95891 808373 406077 282711 714507 790631 223704 550023 447809 208755 812253 811391 29013 764787 519622 357667
437430 493638 498906 85991 495651 61498 259561 100902 822456 303367 405090 822760 118421 836259 603798 680852 930633 549822 778869 490241 862212 117251 618729 725481 437286 58435 646368 202942 676658 849893 136647 844297 385041 999999999 134713 409665 876954 773293 420419 874008 642720 696696 914461 826057 465196 558023 72394 79785 402898 202300 614803 593046 431167 843463 815677 793360 758028 547382 926540 288069 309683 836645 872695 971310 861052 698794 432481 398351 878200 531002 38882 509372 441427 384706 700597 363491 396348 674931 1065291 653511 63905 550755 528442 853498 362549 900675 740260 655851 916552 659967 174799 498704 831278 563970 916500 593064 364995 503880 218539 558371
547639 603676 577866 212574 417186 195585 331615 210999 928193 250449 492512 776782 218942 925271 637816 734928 917905 636775 897811 609011 890855 168574 710210 676133 561852 168927 705983 256151 630867 952996 270506 841416 297322 134713 999999999 422408 955099 759953 371178 899864 579195 673662 997273 744229 566301 573148 194169 141864 321945 334756 713643 706986 351452 913294 931329 896839 747275 570006 963745 250574 290895 850307 837301 1017151 920800 708127 417042 493190 946106 465965 108794 438895 342615 395108 636860 366130 396136 722300 1076450 776438 72066 639128 650667 911225 307195 944685 688464 579576 923225 762497 154514 572599 742235 497957 956971 714381 271875 631721 346751 552770
385501 419606 277257 465361 308046 407896 203712 497619 661015 219299 261740 461948 518925 597630 222020 340526 524510 346096 701033 470226 468895 525462 418925 381363 476528 360369 324683 213369 331022 672376 460113 435063 303933 409665 422408 999999999 595477 369632 189613 477511 351142 306143 646883 558367 354858 151243 465018 330809 285514 425479 449798 514401 288081 537391 711563 623648 352833 148395 544529 195221 144026 430227 490747 603325 526073 289991 88391 290692 564665 281027 382849 287542 358116 27415 397550 59675 43941 318187 658223 624236 419400 352922 521489 513723 208175 530305 400022 401117 507625 504501 267962 256950 587483 303756 539764 563630 317979 550277 397508 155393
481014 438000 378833 881254 881947 837202 624729 918741 256122 810514 472160 804353 939148 98893 402413 266197 642586 329258 409116 488965 362060 983980 271007 793807 559981 818823 271498 698976 765169 229250 833449 557697 899001 876954 955099 595477 999999999 607494 776065 381769 845622 652545 56781 1015729 431089 503532 893410 821150 878855 746281 298412 399647 877435 76197 369170 236226 591455 480007 315132 781894 731478 455283 760051 269894 145840 484785 666126 482958 82739 832541 871219 852028 950062 617866 862365 650807 638824 300528 546774 468875 919525 329700 497873 161455 803505 262002 810790 912705 515410 285052 814898 382518 1062899 841317 289986 465002 913423 566405 710133 587149
677536 688032 510166 833993 436455 776593 567244 865198 793814 513956 559605 197346 886141 665556 283962 377840 158195 553590 895073 752763 278641 886085 594405 212071 784743 727456 406506 582627 208354 787021 829540 98799 526771 773293 759953 369632 607494 999999999 402781 268811 308852 97260 663561 424243 626454 245355 832580 693525 495993 789461 643377 750815 475368 531357 883261 757875 20282 272494 367286 509447 471358 178687 161318 448854 472463 138936 344360 593015 536330 366481 742882 398977 540566 391631 296686 409939 377024 339527 346741 866144 773268 561951 798071 455376 464959 393006 224038 373351 198028 686562 613502 486113 476143 352757 380674 818216 554096 846632 758606 215482
553790 594851 465495 498159 121233 445611 325634 520834 850498 121461 436667 406800 538834 784671 381671 513454 557608 534783 885357 638056 592112 519269 608307 307200 631231 391287 504779 285389 260346 861978 517997 493461 133894 420419 371178 189613 776065 402781 999999999 595052 224295 310008 829192 420875 532348 285224 490132 345690 107203 516406 637839 694697 101406 713388 898479 813186 393408 301053 677854 132415 126228 526422 466269 746900 692139 387266 109940 461226 737548 118506 383634 109778 174708 175907 281545 151891 146641 485031 739816 800333 400882 541379 689536 678104 64369 675091 320975 250061 585051 692708 245727 445971 437719 150242 678572 737779 157394 708168 498852 223851
631769 619645 458780 914003 664195 858428 624867 949948 611672 680736 543971 458858 971902 461640 271126 249989 262327 468751 742334 686691 21347 991256 474768 479780 739429 819169 294359 671066 468773 594827 890102 190327 728753 874008 899864 477511 381769 268811 595052 999999999 566212 347923 433153 692514 572665 327785 918460 798765 700569 825891 525428 646228 686949 308931 716622 580798 260015 330153 98484 664375 615836 90350 397487 180155 236073 208454 501599 573257 301030 598664 852343 627654 759030 504869 562326 534928 507107 229712 213340 751784 892733 475737 720724 220329 646824 131214 492582 633474 133720 552014 745363 441278 744782 593636 113582 719475 752238 782417 789885 371250
736556 768822 612342 721897 170001 669813 533418 743504 975165 339673 612216 214133 760902 878822 449124 582725 431731 676449 1038217 821192 571449 736524 741036 117849 826424 615467 591242 504917 100641 978976 742167 407006 289254 642720 579195 351142 845622 308852 224295 566212 999999999 218660 902085 207442 703495 352326 713279 569411 260511 736944 780258 859287 231747 773468 1041811 937273 311191 382100 662486 355902 347843 479787 293853 741777 731312 374234 267302 641744 788626 113348 605198 141302 272992 352900 58033 344246 321979 546106 649966 971743 618126 684245 872341 714946 280262 677698 121773 68282 506313 832916 468035 589026 237847 81316 671457 912533 317932 900983 716923 265455
650819 668980 494354 762188 339204 705233 509405 791611 814811 424901 527731 173914 811995 699239 283918 402180 247670 547000 901757 730625 353979 806817 598219 141410 754301 654186 421977 514097 121123 812449 763454 195192 430967 696696 673662 306143 652545 97260 310008 347923 218660 999999999 709304 363277 604769 213516 759151 617087 400048 731587 644262 742749 378772 577651 895836 777677 94585 245273 444857 423468 389386 261131 185004 524922 527189 168029 264222 560828 588069 269275 664407 301722 443381 324285 216882 337103 304522 363408 443878 858576 691743 555358 778631 510333 373324 463014 158258 285582 293674 691930 531371 469747 411458 256334 454933 806026 458626 821214 703106 153115
506344 459605 419450 914506 936311 872421 665898 951736 233534 860242 509510 860569 971721 93059 457835 321633 694957 364665 390756 505255 413966 1019169 299636 850577 577419 856692 324454 741582 821919 201428 864290 611974 950752 914461 997273 646883 56781 663561 829192 433153 902085 709304 999999999 1072500 460133 558865 927457 861436 931200 775409 319217 408895 930469 132308 345903 221415 647690 534752 361064 831014 780989 509095 815276 307876 197451 541512 719280 517461 132141 887750 910532 906794 1002776 668635 919094 701308 690468 356576 588966 465436 959153 364022 508519 213826 855056 309413 867544 969076 566369 296434 859802 425447 1119679 896975 336296 469374 964518 576343 739912 642945
943559 974777 814618 908726 330605 859649 739116 926661 1166752 525073 818916 240616 942358 1059559 634146 761452 489447 876739 1238481 1028083 702872 909340 938076 221924 1033863 805513 776355 705960 254879 1167626 935283 508279 447212 826057 744229 558367 1015729 424243 420875 692514 207442 363277 1072500 999999999 909314 544122 898087 757587 424918 937279 979553 1063278 395870 940924 1239214 1129060 435420 575608 790949 546959 547018 602168 322556 872668 889413 531281 474677 848769 950999 302466 787488 318447 405805 560316 164342 550862 529319 723173 718867 1176633 793135 884732 1079117 872454 468017 817001 205270 171637 599955 1031061 654228 790822 54406 270758 804879 1118167 472395 1108396 919200 459242
59482 65553 118804 456048 653571 417516 247801 492886 362113 504121 95831 777636 512442 375749 346762 324267 749138 112391 357286 126435 553705 563178 160697 715054 167138 409712 279593 326256 667936 386813 404218 645116 615016 465196 566301 354858 431089 626454 532348 572665 703495 604769 460133 909314 999999999 391339 470016 424738 607213 315512 149638 162856 619232 416654 378758 330565 606215 360007 581975 470245 431653 582632 780337 596832 458377 494504 442812 77393 453593 634831 467986 638158 678833 359797 745991 380489 391251 343507 786003 269431 516869 108283 173922 457091 526118 538667 734450 755789 671683 196249 453324 141486 941011 658518 563240 209062 617625 220615 279799 462227
438389 455465 281458 608452 380758 551243 328732 642254 623784 355537 316942 386933 663902 528245 101142 237336 390025 337143 696683 517361 320441 674609 394494 332921 543423 506494 240049 357444 290703 626760 595987 293510 417280 558023 573148 151243 503532 245355 285224 327785 352326 213516 558865 544122 391339 999999999 609857 480066 392249 548589 437640 530926 384971 435867 695390 585956 226007 32355 400206 337284 288191 279308 391057 464710 408329 141310 180485 350307 457015 329024 532747 349346 458880 178267 380941 207345 179388 204495 507694 646560 570320 345399 565153 393831 327871 392146 352224 416499 358732 487913 418885 256857 584313 338466 398082 593004 437495 608698 516413 86887
434198 489240 519946 20117 567808 60191 294773 32626 817937 374542 422795 889951 54046 845416 647339 713616 988948 564179 760906 475990 905539 94327 628497 793624 416022 105158 676565 252546 744331 847537 86332 899872 457413 72394 194169 465018 893410 832580 490132 918460 713279 759151 927457 898087 470016 609857 999999999 144980 475249 173005 618678 582762 503458 865514 801234 791136 816630 596517 965537 357744 375837 886316 937418 1005802 888898 751160 495569 410511 901141 602059 111271 580994 513445 441429 771041 423111 456029 711236 1114711 631500 123036 564042 508959 882536 433445 936554 808790 727654 968376 660008 245349 523055 903621 635030 954003 573913 437181 475950 199654 617111
405970 461931 442439 152496 428791 102341 196738 176537 786456 232544 353583 745119 195903 787076 529689 613325 850913 498618 757386 469128 787563 194672 570871 648645 425436 49394 580914 129687 599389 811533 181125 764991 324868 79785 141864 330809 821150 693525 345690 798765 569411 617087 861436 757587 424738 480066 144980 999999999 339031 215163 572618 565600 366053 783224 790040 755302 678303 470583 854174 213517 231182 759125 793716 901626 796289 620445 352909 352408 817104 459052 53780 439400 385565 305514 627009 283785 316618 604996 987690 637979 99139 500522 512226 787891 290544 830269 663820 586394 838207 620983 103517 439364 765748 491979 845046 575252 308369 497843 218021 478672
620747 666604 553549 487086 95307 441201 378171 502914 940389 115329 511789 467706 518005 883116 487805 618153 646354 623148 964023 702897 698194 484824 698451 366510 686500 388176 607361 319438 326957 954117 519848 590169 31103 402898 321945 285514 878855 495993 107203 700569 260511 400048 931200 424918 607213 392249 475249 339031 999999999 537066 724038 769941 29507 817719 981161 903603 488750 407195 784509 146863 175986 629689 537804 853998 798380 492299 214522 532369 842690 149660 364086 119239 73190 266663 317226 236747 241585 590738 838467 870240 368225 629162 753672 784528 81477 782257 376197 257818 684359 778935 236160 535957 428380 179545 785537 806510 59781 764133 526427 329927
271438 324112 388827 154783 618776 140983 222616 187480 649892 422883 291484 883592 204184 689467 560123 598366 938554 420029 587982 304557 810305 266074 476204 795746 243054 170861 557074 232029 744809 680831 92574 841277 528211 202300 334756 425479 746281 789461 516406 825891 736944 731587 775409 937279 315512 548589 173005 215163 537066 999999999 459519 412529 561211 727168 628850 624803 771260 527565 858693 395163 390302 808997 916210 888476 760226 685830 483864 270194 763769 634865 226733 621728 592038 409010 791935 403438 433304 603850 1032686 458558 266001 418274 336051 756186 473967 823193 813160 766269 895952 496516 306023 398049 952496 666572 843946 400983 515664 304171 37197 579714
188373 140454 172543 604201 757647 566924 388278 640677 219776 629413 225527 817390 659781 230496 362258 282607 741576 104401 259122 191595 504566 712196 51179 770501 261750 559116 243337 467501 727957 240470 550188 638959 735857 614803 713643 449798 298412 643377 637839 525428 780258 644262 319217 979553 149638 437640 618678 572618 724038 459519 999999999 121370 732074 301653 262574 185347 623396 405474 510043 596326 552657 558182 803962 506192 359260 504636 537002 220492 337774 728191 616980 737031 797023 461991 815363 488656 491466 314968 733814 228390 665925 97102 208218 362763 642681 459982 789767 839046 643074 54939 593767 193576 1016951 747604 487765 194765 742105 276053 425100 520540
160316 106190 250160 565849 815929 538286 404681 599842 239155 665800 258639 916662 616680 315898 466993 401070 856733 197293 196227 109123 625459 676977 171488 861956 179414 542220 359952 480968 816764 272448 505057 753322 777302 593046 706986 514401 399647 750815 694697 646228 859287 742749 408895 1063278 162856 530926 582762 565600 769941 412529 121370 999999999 782088 414921 224476 218380 730614 498628 631094 631847 594230 676110 909793 624714 477063 613276 602747 238117 449819 795287 602821 799736 841383 521065 899149 542808 552293 431460 855124 115863 650505 188915 99754 481637 688914 580611 881373 913870 762047 114657 607211 274584 1097134 817986 608604 73403 779201 167491 383125 608827
635213 679724 560567 514993 65839 468352 395468 531400 946963 138337 523494 440291 546711 885001 482516 614791 623850 630140 975172 718116 685384 514161 704733 339271 704190 415014 606097 340201 300971 959610 546499 570683 57666 431167 351452 288081 877435 475368 101406 686949 231747 378772 930469 395870 619232 384971 503458 366053 29507 561211 732074 782088 999999999 814755 990823 909910 468978 401963 772700 167795 190829 613941 511706 843599 792748 478496 211318 545383 838747 122141 392413 90747 73915 271430 288183 243428 244309 586069 819508 884196 397376 636413 769164 778537 94678 772364 348450 228356 665953 787013 262792 542096 400267 151105 774609 820750 86595 781777 549415 318083
471275 434885 345672 854703 816094 807714 586628 892404 311504 755085 442860 728292 913383 155234 334932 200040 568292 307355 456423 492393 288733 953810 263720 719017 560502 785039 213455 657691 691338 289943 811017 482029 839114 843463 913294 537391 76197 531357 713388 308931 773468 577651 132308 940924 416654 435867 865514 783224 817719 727168 301653 414921 814755 999999999 422124 285465 515404 414201 249884 727796 676789 379994 683921 217890 76529 409701 603701 458376 36971 764529 834709 785188 887975 561067 788707 594416 579989 231437 484106 498409 882257 309697 508923 89867 744283 195635 735824 840899 442621 302175 768764 344785 988509 771989 224654 484960 854891 577231 690312 517759
384639 329552 434563 783515 1018873 759594 625793 816006 113213 881578 471435 1066661 831529 270903 611948 506409 960677 366975 55132 325870 695355 894869 301171 1026793 386722 765907 477159 703298 986032 144951 720482 862827 990999 815677 931329 711563 369170 883261 898479 716622 1041811 895836 345903 1239214 378758 695390 801234 790040 981161 628850 262574 224476 990823 422124 999999999 136956 863979 663677 670909 847870 807171 770299 1044494 636981 498085 745065 799151 456106 446222 990668 826669 999051 1053669 722615 1075400 747972 752629 544090 905380 183482 874052 359624 293866 509469 899690 616578 1045860 1101271 846591 208976 830064 456089 1277811 1010177 645843 229895 995039 341785 602137 780029
357205 301899 350212 775330 931113 742513 573472 810620 37911 812373 410871 945672 828507 137352 495772 380095 827978 280739 172943 326478 559591 885383 205200 912502 397719 739053 355731 652693 874373 56542 717202 731781 916915 793360 896839 623648 236226 757875 813186 580798 937273 777677 221415 1129060 330565 585956 791136 755302 903603 624803 185347 218380 909910 285465 136956 999999999 739071 555380 533962 779632 734736 637116 918494 501364 361237 621167 708555 404622 310656 896211 798012 907980 976777 638524 966692 667014 666628 418651 768430 248237 846773 275150 314581 372520 822646 479635 931228 999467 711618 134346 779082 367830 1170211 912888 508907 263710 924412 378049 593008 672364
