NAME : synthetic_000691
TYPE : CTSP-D
DIMENSION : 100
GROUPS : 8
RELAXATION_LEVEL : 1
EDGE_WEIGHT_TYPE : EXPLICIT
EDGE_WEIGHT_FORMAT : FULL_MATRIX
EDGE_WEIGHT_SECTION
999999999 474581 471033 459458 807368 336522 693149 606654 200307 319853 322307 765359 341752 955041 673757 241411 210501 437873 686153 227807 768864 788096 86172 299161 222175 132052 270726 622280 662354 727167 235660 278494 555576 428746 255645 766845 616681 532284 744910 626387 158428 650976 352701 498344 78251 777510 26880 452489 718916 95158 157733 285484 178205 835651 347858 452337 376069 840296 342051 612103 785191 514768 882133 714000 587777 604595 856293 180753 612648 387168 313941 532248 778797 789825 577587 128871 282562 279593 697882 515225 463088 681230 764018 378811 217859 180244 138752 183078 702719 749777 510727 547085 359484 607474 127627 939153 339352 687910 701390 556521
474581 999999999 317030 752262 733388 746997 288564 132417 492438 217350 790710 364432 543159 507046 486926 597754 317790 295423 224249 334311 687915 347174 389172 453926 254067 405874 224138 191548 647019 504293 560877 727914 201144 653224 381844 857061 153357 677914 413128 770494 388931 613402 156935 372668 431246 747039 476990 220926 249636 422037 622519 352756 602494 444596 378341 315020 217860 396281 585014 390840 352339 329669 626608 787094 315223 150820 663528 340141 438657 683116 163570 66975 632142 354923 599231 412605 266295 287425 298038 47536 588719 435849 761171 529476 301829 426877 611932 657611 524004 410860 542084 205738 564910 447863 354086 960425 749907 693032 527517 117396
471033 317030 999999999 890922 1021539 805915 597567 374847 602285 426197 775738 670123 709741 769733 790818 687709 263115 564446 377825 243285 976116 630895 400821 626280 312772 343222 250215 288975 913651 815280 664874 747655 517207 821085 545819 1096822 339548 884745 729779 984012 491615 885100 214154 56020 395242 1023499 455892 507373 422198 481724 624289 537412 646401 749756 152968 19076 132393 672440 736501 141149 642165 620212 942972 1030279 625955 314878 974149 291465 153238 815679 326796 372558 933755 642971 849629 495558 451151 194555 607910 310228 796259 747862 1029679 718248 437761 540860 595331 626075 827958 727110 783477 520538 732593 743053 412791 1228175 808801 955555 830636 429636
459458 752262 890922 999999999 570349 216153 820682 868443 288651 534984 398465 866761 211469 1084521 604187 218223 634883 513546 972577 662836 552789 934672 500972 298921 581614 584553 645781 941126 430440 665939 229158 313455 699816 118368 371608 391024 903552 209003 780987 247355 400139 448103 709377 929893 533509 509391 484678 585261 989280 413432 376210 399631 300877 907001 794464 874089 769446 981347 167253 1028254 920912 551070 797172 369878 645177 903068 717342 611068 1042465 75299 610835 779576 622524 927349 360859 395751 487247 699208 818875 799738 234993 662619 474312 240504 468353 351260 416389 436281 610758 791156 340357 686286 191757 551291 478494 583220 215992 422104 605447 768840
807368 733388 1021539 570349 999999999 759257 581708 775846 621956 604272 928166 574228 493594 755445 260709 659382 856097 457455 874932 889801 45589 670979 783022 509235 756136 871978 799499 898018 151030 279322 628930 833051 552417 478279 557786 277111 830008 362222 448320 346353 655562 156396 808705 1076119 844685 71157 832223 517337 864815 714634 830410 538733 749919 561969 1008480 1012607 892551 694972 523058 1120571 648919 404852 310437 236573 432523 845129 199225 850793 1162619 572483 700323 709490 134433 655186 237095 680619 596546 887899 572673 765946 375350 336508 115520 443988 641609 627124 858288 899475 228680 459803 298432 542306 486577 285929 726726 253771 760337 148258 222882 661609
336522 746997 805915 216153 759257 999999999 887261 875858 259404 540441 182313 946275 296026 1158783 737990 154352 543105 579056 970753 563464 734775 997402 406583 347257 524084 468218 584511 921374 611032 800192 195994 102188 752712 281169 385825 605775 899599 401803 883473 459655 358261 619969 661359 834786 414453 704807 355417 633888 996056 336516 201379 424645 159535 1000318 683605 787445 701808 1047923 251026 947049 987869 637934 945542 579116 731236 893129 881203 514451 949126 187683 586786 790285 788339 993748 530322 337136 489743 612257 888162 793280 389616 780440 674198 346847 445261 321636 241328 244347 753333 891989 488409 740477 291364 676118 410360 797598 2959 613025 749177 795358
693149 288564 597567 820682 581708 887261 999999999 240469 632197 374523 978327 76964 616775 271654 323835 733519 585367 311256 314750 608114 540965 114060 616717 543726 498501 660811 491965 366690 553415 305706 691433 898738 138870 704453 503595 785670 293355 676843 153653 747400 561371 514764 440222 651558 672091 620361 703846 254679 293801 615164 816763 463888 772219 156461 666366 598251 506418 161654 666201 642535 101091 271679 379018 717365 182772 315904 448717 601717 698475 767057 396661 226072 453906 107275 544455 592623 418168 568543 11268 287347 602478 245271 649171 580423 479785 579634 818097 867056 353225 146166 514870 149294 632653 325802 565658 833297 889868 600822 359239 171175
606654 132417 374847 868443 775846 875858 240469 999999999 619056 338742 923102 304841 657301 400039 517163 724959 441003 379661 107656 453228 731596 256138 521011 569727 385376 532573 349986 127998 711595 518624 686887 859583 224202 763969 502762 933756 55263 774707 390049 862151 518741 675140 274276 425458 561089 800565 608424 300179 121369 553990 754915 470212 733674 381930 472813 379315 312842 298101 701728 403466 268240 390278 615310 863347 343323 75714 673193 465587 460772 801865 295796 88873 660191 268672 676703 543497 389319 400839 251673 93172 687942 450818 820956 637563 430873 554545 744239 789726 552339 384158 627147 235395 678092 493433 486482 1016676 878746 759216 557129 116659
200307 492438 602285 288651 621956 259404 632197 619056 999999999 281664 356133 694547 141595 903778 527274 106076 347619 330291 716684 376837 586510 740633 218057 119106 294470 307798 358566 673303 473123 586552 68759 269263 495792 233422 128607 566558 645754 332065 643350 427026 113100 466629 426239 641514 261880 585964 227146 377626 739932 129192 216984 168432 148437 753419 509807 585439 481982 791684 145209 739960 732084 397314 739803 514051 486445 641144 696210 325265 753862 213394 337118 532448 611090 737794 386878 107429 230846 410838 633832 539454 264298 553838 569183 181940 192157 66726 238940 283724 550455 650744 323638 483967 159241 461142 189965 739838 262197 494377 547778 536015
319853 217350 426197 534984 604272 540441 374523 338742 281664 999999999 608724 445718 326723 640787 401895 387736 263670 152861 439569 295608 559608 474240 248501 237177 160765 310920 195592 406668 488357 443696 348759 534903 236154 437992 164780 673800 369578 474285 430302 570923 190975 461308 212770 478478 308900 600087 332565 136481 460045 241032 444199 135882 407311 515907 405398 414890 294096 526369 367759 542955 469269 225505 593402 606065 277872 368169 592425 267107 575266 465829 99413 251207 533515 474294 423578 220646 50837 284994 378756 264868 384188 386396 604205 317120 105652 219241 443793 492650 436784 434107 358204 227309 348816 342469 193415 802189 543278 529554 437648 255799
322307 790710 775738 398465 928166 182313 978327 923102 356133 608724 999999999 1044539 443645 1248069 877274 276838 526586 684959 1006787 536885 900412 1082222 407874 469114 542702 435080 593030 944498 777885 938036 315383 95323 839751 454694 480822 787559 936695 577608 999127 640805 418091 782534 674997 793261 387124 877467 328506 724866 1038149 371205 168196 520591 208482 1106715 634665 756667 694545 1134165 406801 914203 1076022 753396 1088955 758743 841602 925605 1034868 496394 904532 364560 627410 844194 944554 1081330 694053 388115 561552 593556 981105 833409 553393 908916 849219 496008 503826 399757 184590 149713 897236 1006310 644331 829034 445471 812297 436624 979094 182505 784555 893845 861104
765359 364432 670123 866761 574228 946275 76964 304841 694547 445718 1044539 999999999 668056 217805 327194 793593 662072 367253 365092 685008 536677 97462 690387 600023 574269 736628 568806 426944 566209 295027 751286 962806 209820 749120 566223 798168 354732 710430 126198 773790 629557 527700 516993 723469 746703 620217 776904 319775 337228 685116 884995 526254 837237 80222 742615 671546 582226 124651 717736 708273 74923 316103 336701 731912 221595 378595 420628 678105 765523 817164 472641 300721 441625 81040 568814 661264 487334 645477 69342 360501 641705 246225 652899 628306 550153 644879 887963 937083 350670 115058 547726 218451 682387 344385 638200 827946 948803 612245 357217 247121
341752 543159 709741 211469 493594 296026 616775 657301 141595 326723 443645 668056 999999999 884725 442003 167961 469006 306295 761932 500704 461776 730184 350363 89648 397050 442771 459751 733354 342746 504172 135338 348754 491361 113026 168222 425516 693369 191642 593884 288758 225716 342151 514296 753906 400098 451746 368545 375170 777987 263801 337169 190857 256328 715237 634109 694327 582035 778315 49686 842094 717712 352839 650492 372467 447699 693732 591464 450575 862943 150515 409170 568430 500916 723996 256505 235086 281120 526156 615876 590471 124313 485874 431788 52385 273549 178934 366760 406341 458128 603082 201230 478014 22971 380228 310521 598480 298015 358831 454190 557469
955041 507046 769733 1084521 755445 1158783 271654 400039 903778 640787 1248069 217805 884725 999999999 529154 1005138 823797 581310 402188 841342 723206 166968 874978 814313 748382 907995 729431 487397 770160 485296 963025 1169754 408789 966922 775192 999204 430185 926247 322076 985941 830201 732357 663350 816782 926189 809828 963399 526168 359662 881699 1084876 735521 1042906 195591 872590 776142 711772 114748 934361 769007 172103 533650 470548 935475 439346 454918 575915 844419 830081 1034274 647148 440469 621136 166738 780958 860886 686662 793493 270657 484609 859132 450452 846455 845769 746432 850445 1084051 1132617 546143 310330 763784 420108 899508 556144 827577 1006812 1161379 814328 552916 402502
673757 486926 790818 604187 260709 737990 323835 517163 527274 401895 877274 327194 442003 529154 999999999 601769 665516 250044 614699 697481 218215 420748 625917 409485 562566 703994 592887 641285 241057 62466 562008 784565 295855 487873 421260 471643 571822 416366 207405 461967 515530 203212 584612 846586 689824 296568 694503 285632 604107 579068 743472 388432 674198 334512 801680 784294 667854 451525 487760 877687 399799 177157 212529 406623 175128 588068 190531 667475 923924 573205 486424 455496 145378 406358 260352 546399 412114 682997 315475 514845 369276 80998 326670 391383 470874 504833 760941 808182 37204 219246 263861 286976 447611 66706 566501 509900 739947 285920 40669 404781
241411 597754 687709 218223 659382 154352 733519 724959 106076 387736 276838 793593 167961 1005138 601769 999999999 426467 426802 821981 452063 628880 843272 289385 198116 388737 368456 451824 776713 508356 663051 42355 182942 598506 208372 231473 557466 750959 327835 735123 410458 212429 509643 524021 722791 316470 613906 266473 479756 845726 206092 178978 270368 95892 849442 581313 670054 573543 893922 137576 827558 833968 488660 812826 515181 580735 745799 758213 400590 836634 147608 440516 638491 668430 839806 422793 197115 336912 493490 734625 644592 284797 637448 590213 220043 296407 170888 214549 247163 620819 743200 369190 586342 172811 537518 277505 742037 157067 520456 617317 641803
210501 317790 263115 634883 856097 543105 585367 441003 347619 263670 526586 662072 469006 823797 665516 426467 999999999 415886 503324 33909 812695 661026 137885 394499 102955 95953 94492 429805 727400 706766 406406 488943 461144 575828 319178 880486 438173 655041 675680 754464 243500 705755 167264 296332 139463 842977 198885 391889 540909 221805 367098 324587 383573 739713 165285 244892 168072 711524 488513 404124 663508 489121 854614 818502 533404 421728 856033 30205 410213 559667 193372 383608 794975 666869 651749 240321 260164 69284 592782 348149 571183 647606 840227 487599 217691 291753 342410 379388 700198 677369 582436 457254 491074 605293 159210 1031927 546003 763209 700902 423716
437873 295423 564446 513546 457455 579056 311256 379661 330291 152861 684959 367253 306295 581310 250044 426802 415886 999999999 487317 448188 412189 424166 381122 233052 312953 455283 347154 481212 354559 295474 384452 599553 186420 400083 204278 561832 425520 395867 314961 482535 284204 323128 351257 618787 444610 460361 455972 79482 494591 346326 532743 164872 476484 423276 557087 555223 435098 472907 355455 668988 412344 77483 448466 491763 156724 432932 440387 417431 707848 456803 244005 294789 380850 418522 303844 316581 163494 437071 311018 336759 310997 244055 470092 273399 225208 287609 542416 591409 284342 321683 248756 172820 323175 189619 321977 669749 581575 399435 285018 267641
686153 224249 377825 972577 874932 970753 314750 107656 716684 439569 1006787 365092 761932 402188 614699 821981 503324 487317 999999999 509383 831306 292348 599986 673655 464255 598397 419202 88853 816481 610515 785096 948322 327216 869676 604327 1040184 71161 882273 468396 969797 612504 779609 337960 420172 633111 902666 684832 407835 44420 642368 838959 573289 824202 434316 501748 387311 353032 320761 805505 367109 310501 496195 693587 969801 443493 81954 760825 530647 428033 904870 384743 194876 755334 308629 783579 635155 489439 452551 325853 177498 795324 544295 924501 743710 525873 651095 824849 868457 648787 460787 734665 339207 783046 595530 571908 1118814 973672 864260 653941 222708
227807 334311 243285 662836 889801 563464 608114 453228 376837 295608 536885 685008 500704 841342 697481 452063 33909 448188 509383 999999999 846334 680110 162706 427359 135402 101806 116458 432466 761307 737897 433858 504643 486783 606585 352604 913699 446396 687578 702800 786898 274996 739611 179313 272033 152236 876872 212883 421820 548391 249419 381573 358451 404147 763302 133540 224545 163500 730024 518955 384306 683528 520793 884870 851955 562728 428546 888011 51768 386392 587767 220841 400924 827810 686649 685620 269996 293642 58988 615875 361271 604183 678026 874128 520331 251581 322730 354142 388102 732372 704137 616294 483506 522608 637734 190274 1065724 566329 797103 733175 443771
768864 687915 976116 552789 45589 734775 540965 731596 586510 559608 900412 536677 461776 723206 218215 628880 812695 412189 831306 846334 999999999 632845 742146 471990 712330 830411 754984 853293 123888 241882 596917 805117 507891 455091 517490 290916 785603 343787 411413 340426 615652 120093 763406 1030747 804226 87386 793399 471748 821923 675489 797355 497119 717790 528541 964189 967257 847278 658656 493920 1074985 611043 359273 291770 241139 388350 800481 185382 807918 1117049 549448 655316 664492 104756 617402 206436 641415 552846 843598 532187 720680 347099 295767 128262 411098 599038 588745 824094 866216 187864 423059 263178 497614 456315 240672 685361 292428 735996 135109 181750 617022
788096 347174 630895 934672 670979 997402 114060 256138 740633 474240 1082222 97462 730184 166968 420748 843272 661026 424166 292348 680110 632845 999999999 708267 655787 582748 743250 566535 365461 657206 391658 801411 1005057 244860 818510 612305 889656 297792 789556 223522 857992 664166 618543 504100 681544 760089 715614 796607 363521 258253 714999 918433 572978 877894 146112 720761 634919 558965 52231 779510 651459 22894 385578 430117 822435 295249 322872 517441 680601 710830 880579 481153 280206 538787 17988 653957 694614 520670 634588 116880 330720 716179 339876 747306 694348 579843 685745 917205 965724 445976 212484 627197 256931 746324 431861 660615 924575 1000052 703903 452424 237655
86172 389172 400821 500972 783022 406583 616717 521011 218057 248501 407874 690387 350363 874978 625917 289385 137885 381122 599986 162706 742146 708267 999999999 288201 136071 93128 185790 536653 643859 675661 271816 358985 480839 450894 225684 772710 530519 541201 678442 639093 130914 627802 267372 433758 63920 760232 88743 384427 632797 88883 241607 245852 247325 762806 293496 382704 296360 760347 362648 541661 706390 458585 829454 714827 523888 518448 812971 111216 547860 426135 230134 447889 741042 710794 562289 115297 218890 206362 622070 429311 463112 624866 751520 377624 155932 172212 224879 268993 657250 682471 493289 473300 371071 560967 59424 935496 409503 674356 656647 474424
299161 453926 626280 298921 509235 347257 543726 569727 119106 237177 469114 600023 89648 814313 409485 198116 394499 233052 673655 427359 471990 655787 288201 999999999 314873 381187 376112 643843 363210 469507 156285 378198 413263 202003 80748 486986 604704 261079 537220 360721 157515 352961 426913 672125 344843 478409 324699 294997 690742 209306 336055 101297 264716 653061 559564 611456 496961 705239 132004 756523 644778 291000 621897 427229 383984 604620 577120 379156 779479 232822 320232 480892 492441 650863 278547 176276 191545 447383 543851 501310 176963 440304 466081 93289 188527 119849 357449 402749 431800 545441 211646 400316 112067 343803 240224 647351 349690 389466 428999 472573
222175 254067 312772 581614 756136 524084 498501 385376 294470 160765 542702 574269 397050 748382 562566 388737 102955 312953 464255 135402 712330 582748 136071 314873 999999999 162360 64175 403263 630772 604176 360421 488317 368400 508330 235253 794313 394559 575198 578839 674820 181653 607554 137351 357330 178522 745565 223053 290939 496742 187569 375234 232892 368859 650053 254547 297280 187833 634363 424181 447260 582823 386261 752772 730203 433051 382922 753081 108245 465924 506758 102049 314737 692414 586765 557811 191652 159635 135773 505028 293355 488214 545679 744834 407688 127613 230354 360703 405056 597250 581198 489049 363141 419873 502418 113736 938947 527042 668259 597971 345930
132052 405874 343222 584553 871978 468218 660811 532573 307798 310920 435080 736628 442771 907995 703994 368456 95953 455283 598397 101806 830411 743250 93128 381187 162360 999999999 182602 525693 734750 750680 356384 404686 530354 541218 316514 865771 532414 633934 738247 731519 223729 717530 260979 367479 53820 851169 113501 446511 635345 179417 281139 333306 310256 812310 215814 324275 262342 794530 452981 483641 744079 531915 902635 807947 588573 516626 893016 67754 481558 510619 264179 470088 824558 747858 654022 208024 292006 159139 667381 439412 556237 696166 843417 470742 234610 265184 252576 286398 736709 741125 584816 524697 463155 640441 145397 1028354 471025 766180 736574 505725
270726 224138 250215 645781 799499 584511 491965 349986 358566 195592 593030 568806 459751 729431 592887 451824 94492 347154 419202 116458 754984 566535 185790 376112 64175 182602 999999999 351860 679634 629800 424238 543972 370589 571507 295768 851081 351621 635256 587343 734716 245818 654410 82173 296684 213916 793064 266715 311524 454629 248575 427378 289473 427623 646935 209962 235387 123678 617049 487887 383363 569089 415766 773968 785879 450401 337252 782923 116073 403448 570933 107842 289482 727874 572419 609803 254995 208083 90133 499612 256819 547352 567925 794744 468315 187645 294522 409028 450822 628688 588420 541868 367619 482643 535979 175021 990779 587466 718855 630018 329266
622280 191548 288975 941126 898018 921374 366690 127998 673303 406668 944498 426944 733354 487397 641285 776713 429805 481212 88853 432466 853293 365461 536653 643843 403263 525693 351860 999999999 825630 645395 742061 891407 345816 844102 569628 1042235 73427 868901 517643 960588 564622 790268 269701 331716 564058 919315 618479 403300 133249 587520 777907 542546 770090 501228 415359 298610 271931 399489 774073 286168 381232 503787 743114 971940 466395 53350 800758 458338 346062 870741 336275 190468 785341 380377 784095 584238 453892 374354 377950 145808 779947 577219 937377 720889 481161 606731 760804 802588 677029 511485 729743 355712 755342 613402 514923 1134905 924322 872681 681584 236613
662354 647019 913651 430440 151030 611032 553415 711595 473123 488357 777885 566209 342746 770160 241057 508356 727400 354559 816481 761307 123888 657206 643859 363210 630772 734750 679634 825630 999999999 289035 478054 682672 489518 331206 418326 232500 762976 221794 448441 233787 514280 38689 699512 966596 704048 116419 687760 426095 813710 571215 679769 404117 599029 575221 885237 902938 782074 690854 372182 1023020 637132 322030 385069 165775 379437 774523 291791 719224 1060210 425561 587334 635254 198076 643788 86504 537478 472223 765413 546454 685204 224616 320903 116063 293631 510071 482500 708183 748887 226720 460273 151679 477304 335549 228013 589485 315399 612230 47986 220008 594937
727167 504293 815280 665939 279322 800192 305706 518624 586552 443696 938036 295027 504172 485296 62466 663051 706766 295474 610515 737897 241882 391658 675661 469507 604176 750680 629800 645395 289035 999999999 622992 845691 305709 549951 477186 514470 573856 475675 169530 516416 569565 252943 614435 871281 739396 326607 747096 318592 595562 633055 802059 442887 734045 289720 836448 810054 696423 416795 550117 894159 369629 218890 155097 452335 189532 592070 159258 710738 942950 635620 522210 465591 148400 375919 318069 600942 458960 719482 296055 527430 431175 68824 361614 453709 519850 561468 818424 866055 62327 181186 325593 299186 509997 125749 616297 532954 802164 330934 69028 411509
235660 560877 664874 229158 628930 195994 691433 686887 68759 348759 315383 751286 135338 963025 562008 42355 406406 384452 785096 433858 596917 801411 271816 156285 360421 356384 424238 742061 478054 622992 999999999 222764 556723 196133 190205 542513 714222 309381 692992 397611 180387 477113 493712 702194 306476 586219 261992 437895 807915 184629 202327 228721 120990 807100 565306 647632 547136 851967 114767 803655 791956 446482 773573 496203 538425 709797 721342 382096 815371 154482 405863 599892 632557 797816 391843 169810 297939 471760 692470 607969 257130 596205 564665 185999 260916 135400 233728 271517 581898 701020 335210 544484 144339 497321 252263 723447 198654 493006 578560 601754
278494 727914 747655 313455 833051 102188 898738 859583 269263 534903 95323 962806 348754 1169754 784565 182942 488943 599553 948322 504643 805117 1005057 358985 378198 488317 404686 543972 891407 682672 845691 222764 999999999 760975 361040 396735 698517 877474 484276 912135 550928 344395 687212 624429 771384 352449 782886 291787 644201 977241 306070 123763 436722 127597 1022613 615747 728775 654133 1056643 311481 888295 997697 665720 995761 667064 755634 868313 940171 459074 884912 272774 564542 777591 849571 1003214 598744 316958 485956 557907 900907 772367 458135 818502 755226 401138 432255 319347 157868 148692 803758 919701 549188 749704 350213 720054 376889 889252 103475 689838 800240 790013
555576 201144 517207 699816 552417 752712 138870 224202 495792 236154 839751 209820 491361 408789 295855 598506 461144 186420 327216 486783 507891 244860 480839 413263 368400 530354 370589 345816 489518 305709 556723 760975 999999999 586455 367446 715311 277770 575048 218955 655360 422533 452463 331993 573073 537925 576396 567119 118944 324903 476430 677898 328161 634133 282515 560986 514056 407956 295948 540009 588829 236722 172258 425775 645112 120737 292780 464431 474555 638719 641752 268391 160320 440623 242270 461116 453754 279298 453640 142646 221722 493712 236897 597371 459812 341121 441656 679376 728380 332018 218901 418542 13759 508964 269232 428381 792532 755377 537380 336339 109227
428746 653224 821085 118368 478279 281169 704453 763969 233422 437992 454694 749120 113026 966922 487873 208372 575828 400083 869676 606585 455091 818510 450894 202003 508330 541218 571507 844102 331206 549951 196133 361040 586455 999999999 281243 349097 801974 123360 662625 202335 332704 343318 627244 864271 494767 423897 455487 474207 883857 362268 386907 302514 304085 788675 740100 805375 694243 864619 88270 954373 804301 433904 684815 308904 527623 803331 610106 555606 974166 94371 522074 675261 515740 810781 253896 337223 393460 635249 702331 700298 119161 544697 394566 127353 386161 284082 422917 454229 496166 672788 224788 572811 90152 433631 416623 534788 282177 331867 491095 660479
255645 381844 545819 371608 557786 385825 503595 502762 128607 164780 480822 566223 168222 775192 421260 231473 319178 204278 604327 352604 517490 612305 225684 80748 235253 316514 295768 569628 418326 477186 190205 396735 367446 281243 999999999 561520 534348 339947 519054 439568 98535 402236 346428 592131 286899 534735 278549 249072 624131 160563 329727 39988 272414 626225 483343 531155 416251 663236 204966 675775 603553 275265 632161 499351 361001 532578 601141 306290 698976 301356 241182 414553 523195 609287 337729 126799 115790 369073 505233 429379 253351 437448 527193 172585 108132 84927 342380 390749 448698 525926 268402 355504 191103 354594 171540 714836 388536 449915 447047 412722
766845 857061 1096822 391024 277111 605775 785670 933756 566558 673800 787559 798168 425516 999204 471643 557466 880486 561832 1040184 913699 290916 889656 772710 486986 794313 865771 851081 1042235 232500 514470 542513 698517 715311 349097 561520 999999999 983220 234671 678702 148178 643509 271186 885802 1146656 825044 207082 793697 638950 1040206 688236 735878 561820 653161 803689 1044862 1083935 964552 922752 428405 1216743 869490 544112 582613 70415 609682 992738 474255 866055 1247964 426889 772337 853396 394560 876135 258157 657897 645683 929600 778833 898498 310132 552247 163316 395288 666992 600609 772002 802767 453102 690568 316906 702543 407368 459937 727127 192235 605872 185923 446325 817524
616681 153357 339548 903552 830008 899599 293355 55263 645754 369578 936695 354732 693369 430185 571822 750959 438173 425520 71161 446396 785603 297792 530519 604704 394559 532414 351621 73427 762976 573856 714222 877474 277770 801974 534348 983220 999999999 818466 444235 907698 541346 726893 271436 387263 565382 853643 616056 346322 103016 571459 768732 503985 753166 430088 450434 346218 295319 335338 736358 354866 312198 441076 669752 912812 397579 25177 728433 464714 413522 835270 313637 130733 715139 311841 725554 564024 419151 390944 304610 106386 730681 505994 873246 676619 454776 580071 755262 799309 607158 438058 674053 288492 714715 546769 501292 1069642 902518 810420 611888 169007
532284 677914 884745 209003 362222 401803 676843 774707 332065 474285 577608 710430 191642 926247 416366 327835 655041 395867 882273 687578 343787 789556 541201 261079 575198 633934 635256 868901 221794 475675 309381 484276 575048 123360 339947 234671 818466 999999999 609759 99664 413957 241917 679724 931877 591737 303887 559148 475065 890457 455318 506786 348138 423656 738779 820273 870503 753928 831644 194695 1011667 772818 407552 596415 187376 494338 823574 511123 638497 1037619 214195 568368 688190 416390 779490 159052 425950 437863 708416 672834 723101 90097 484282 272400 167801 447904 369087 541353 574915 416699 620831 162730 561338 172824 373174 498533 414459 402591 214084 410806 663499
744910 413128 729779 780987 448320 883473 153653 390049 643350 430302 999127 126198 593884 322076 207405 735123 675680 314961 468396 702800 411413 223522 678442 537220 578839 738247 587343 517643 448441 169530 692992 912135 218955 662625 519054 678702 444235 609759 999999999 664950 596608 410460 550895 785104 739196 495817 760265 294020 446751 657016 847598 479817 790697 129274 779921 728146 625790 247304 643088 787266 201108 246580 225779 614024 158628 465755 297966 686692 841206 738515 482349 359197 315450 207234 460413 629059 462462 671949 142592 422998 549150 128445 529754 549072 527217 602558 856238 905381 227204 11869 448941 220165 605195 236773 621805 702086 885801 493198 233886 301614
626387 770494 984012 247355 346353 459655 747400 862151 427026 570923 640805 773790 288758 985941 461967 410458 754464 482535 969797 786898 340426 857992 639093 360721 674820 731519 734716 960588 233787 516416 397611 550928 655360 202335 439568 148178 907698 99664 664950 999999999 512830 265439 778075 1031374 688199 278475 653261 562003 975632 552403 588379 446964 505896 794019 919726 969882 852968 897215 284947 1110179 839921 484303 618661 123864 564966 914029 521839 737604 1136780 278838 666172 777014 430130 846636 205087 523800 536007 808075 742359 814872 187991 536802 238140 267454 547469 467301 624960 654945 454631 676481 236833 641827 268596 429981 597541 338385 459891 205864 448161 748879
158428 388931 491615 400139 655562 358261 561371 518741 113100 190975 418091 629557 225716 830201 515530 212429 243500 284204 612504 274996 615652 664166 130914 157515 181653 223729 245818 564622 514280 569565 180387 344395 422533 332704 98535 643509 541346 413957 596608 512830 999999999 499642 313363 532722 189767 630510 180453 310347 638323 63544 255497 127118 216951 695330 408443 475191 369411 716148 246090 628178 658248 359893 724637 584615 438139 535012 697940 224958 643981 325171 228838 434686 621261 663481 431917 32459 143539 302818 564643 435050 333448 525539 620944 248249 88230 49267 260028 309266 544302 602376 363180 412271 247632 449158 84836 804639 361182 543856 542962 445620
650976 613402 885100 448103 156396 619969 514764 675140 466629 461308 782534 527700 342151 732357 203212 509643 705755 323128 779609 739611 120093 618543 627802 352961 607554 717530 654410 790268 38689 252943 477113 687212 452463 343318 402236 271186 726893 241917 410460 265439 499642 999999999 670994 938546 689050 138783 675860 392598 776243 558353 677297 384884 597907 537650 861525 874857 754056 652350 375733 992116 598501 286485 356640 204212 341332 738870 269418 698913 1030437 437063 559662 599808 174601 605160 89724 524364 448199 741276 507780 650770 230492 282662 147769 291182 489422 470732 704020 746137 190666 422274 143117 440408 337483 189505 572141 347201 621330 86226 184035 558518
352701 156935 214154 709377 808705 661359 440222 274276 426239 212770 674997 516993 514296 663350 584612 524021 167264 351257 337960 179313 763406 504100 267372 426913 137351 260979 82173 269701 699512 614435 493712 624429 331993 627244 346428 885802 271436 679724 550895 778075 313363 670994 999999999 267737 295466 809461 348875 299035 374382 324869 508938 331842 506102 596657 229059 204085 83958 553144 547070 332161 508960 410520 751009 818477 427808 256039 771613 193291 362525 635434 113544 223910 725291 511672 636315 327161 242099 130490 448928 181985 590143 549036 815549 516007 241829 360263 491129 532987 621449 550445 570873 331885 537248 533383 251067 1014160 664317 741576 623636 271028
498344 372668 56020 929893 1076119 834786 651558 425458 641514 478478 793261 723469 753906 816782 846586 722791 296332 618787 420172 272033 1030747 681544 433758 672125 357330 367479 296684 331716 966596 871281 702194 771384 573073 864271 592131 1146656 387263 931877 785104 1031374 532722 938546 267737 999999999 420862 1077099 480979 562797 464554 517837 647624 585805 675775 802848 159026 63688 184531 721883 778627 124624 693506 675523 998848 1080661 681969 362256 1030129 322708 114390 854597 379278 427229 989336 694085 901308 534186 501240 230692 662004 364437 844028 803880 1082551 764713 484032 581946 616359 643733 883711 782295 834619 576489 776624 798417 451554 1280662 837629 1008030 886349 484496
78251 431246 395242 533509 844685 414453 672091 561089 261880 308900 387124 746703 400098 926189 689824 316470 139463 444610 633111 152236 804226 760089 63920 344843 178522 53820 213916 564058 704048 739396 306476 352449 537925 494767 286899 825044 565382 591737 739196 688199 189767 689050 295466 420862 999999999 820270 60662 445317 668351 136943 229350 308919 256445 820395 269609 376393 307474 811910 406820 536029 759354 522031 893039 769059 585733 551159 876865 109276 535050 460108 279042 493055 804612 763504 621489 168717 281862 206965 677921 468184 516982 688127 810254 431523 219558 225935 203063 240308 721167 742903 552895 531038 419634 624886 123323 991636 417265 733280 720555 524005
777510 747039 1023499 509391 71157 704807 620361 800565 585964 600087 877467 620217 451746 809828 296568 613906 842977 460361 902666 876872 87386 715614 760232 478409 745565 851169 793064 919315 116419 326607 586219 782886 576396 423897 534735 207082 853643 303887 495817 278475 630510 138783 809461 1077099 820270 999999999 803107 527162 895744 686991 788536 520276 706722 614835 999788 1013412 892649 743082 476434 1128967 694122 417687 376680 165676 459437 867119 267302 835243 1168173 517191 698366 729173 192025 700565 199942 653356 586465 879667 612043 782637 329360 376419 44406 404758 625927 598015 818472 857731 269655 507562 267484 565238 442141 307231 705901 216167 705714 93459 263191 684637
26880 476990 455892 484678 832223 355417 703846 608424 227146 332565 328506 776904 368545 963399 694503 266473 198885 455972 684832 212883 793399 796607 88743 324699 223053 113501 266715 618479 687760 747096 261992 291787 567119 455487 278549 793697 616056 559148 760265 653261 180453 675860 348875 480979 60662 803107 999999999 466890 718718 118204 168766 306909 198899 848316 328206 437033 366375 848726 368883 596640 794432 533192 901881 740724 603921 603009 878159 168713 595035 412823 318844 536378 801660 798908 603230 152272 297948 267096 708935 516240 489676 699829 790022 405255 233260 205312 143942 184114 724018 764811 536091 559105 386342 628439 139152 965750 358194 713789 722841 563137
452489 220926 507373 585261 517337 633888 254679 300179 377626 136481 724866 319775 375170 526168 285632 479756 391889 79482 407835 421820 471748 363521 384427 294997 290939 446511 311524 403300 426095 318592 437895 644201 118944 474207 249072 638950 346322 475065 294020 562003 310347 392598 299035 562797 445317 527162 466890 999999999 415496 367691 565515 209543 517979 385179 517957 499968 382470 414235 423215 603359 354482 113056 463093 568681 142299 354299 473697 399074 645529 525085 203757 215640 426725 360229 380800 342341 170275 400982 256708 260033 389468 256518 540351 346884 234713 325424 569805 619033 322420 298122 327734 106591 393658 235701 328066 739740 636542 472201 324610 188753
718916 249636 422198 989280 864815 996056 293801 121369 739932 460045 1038149 337228 777987 359662 604107 845726 540909 494591 44420 548391 821923 258253 632797 690742 496742 635345 454629 133249 813710 595562 807915 977241 324903 883857 624131 1040206 103016 890457 446751 975632 638323 776243 374382 464554 668351 895744 718718 415496 999999999 671205 870041 591472 852086 402711 544850 431564 394225 282638 822743 409364 277744 496539 670296 969986 436603 119971 742375 567624 470488 923058 412702 209927 742127 275229 785301 662241 510560 492258 304574 204984 804844 530908 919423 757086 550813 675103 857350 901724 637091 438396 739343 337686 798590 589626 602029 1111561 998954 861658 642526 226993
95158 422037 481724 413432 714634 336516 615164 553990 129192 241032 371205 685116 263801 881699 579068 206092 221805 346326 642368 249419 675489 714999 88883 209306 187569 179417 248575 587520 571215 633055 184629 306070 476430 362268 160563 688236 571459 455318 657016 552403 63544 558353 324869 517837 136943 686991 118204 367691 671205 999999999 204307 190643 182579 752765 381595 464173 368474 767178 273999 621467 710291 422540 788114 632130 498897 562664 761156 197655 631302 338348 258542 473416 683757 715293 487429 34094 197902 287781 619041 466302 380058 588526 675381 294629 135436 89571 202947 251991 607747 662448 419583 466879 283880 512680 73851 855035 339474 598697 606363 490168
157733 622519 624289 376210 830410 201379 816763 754915 216984 444199 168196 884995 337169 1084876 743472 178978 367098 532743 838959 381573 797355 918433 241607 336055 375234 281139 427378 777907 679769 802059 202327 123763 677898 386907 329727 735878 768732 506786 847598 588379 255497 677297 508938 647624 229350 788536 168766 565515 870041 204307 999999999 368174 83136 949985 492115 605371 533628 970545 314730 764778 913126 604984 955942 694147 689052 757942 913031 337036 761157 316098 459260 676329 827132 918258 593374 224161 398634 435692 820119 665250 459427 766232 766757 386490 338666 245256 41026 69196 767266 854022 534479 667740 346596 677083 268434 921010 203809 695333 764662 694429
285484 352756 537412 399631 538733 424645 463888 470212 168432 135882 520591 526254 190857 735521 388432 270368 324587 164872 573289 358451 497119 572978 245852 101297 232892 333306 289473 542546 404117 442887 228721 436722 328161 302514 39988 561820 503985 348138 479817 446964 127118 384884 331842 585805 308919 520276 306909 209543 591472 190643 368174 999999999 312250 586313 485987 523682 406044 623777 232394 663569 563991 237148 597984 497331 321554 503512 571273 315190 689942 331711 221977 381558 496205 569760 327173 158095 91546 368588 465427 400185 259011 400834 515910 184701 107010 122918 379374 428064 417253 486546 257850 316080 213035 322040 188308 707525 427327 438784 415985 376804
178205 602494 646401 300877 749919 159535 772219 733674 148437 407311 208482 837237 256328 1042906 674198 95892 383573 476484 824202 404147 717790 877894 247325 264716 368859 310256 427623 770090 599029 734045 120990 127597 634133 304085 272414 653161 753166 423656 790697 505896 216951 597907 506102 675775 256445 706722 198899 517979 852086 182579 83136 312250 999999999 898530 526050 627951 543193 929569 231859 787528 870811 545188 886609 611022 633119 744899 838897 354937 790154 236603 439620 650889 751341 876273 512833 190249 358391 452739 774618 647531 377392 702251 684282 306725 304982 192593 119241 151748 696177 797843 455659 623032 264581 608414 255540 837920 162431 613395 693209 662518
835651 444596 749756 907001 561969 1000318 156461 381930 753419 515907 1106715 80222 715237 195591 334512 849442 739713 423276 434316 763302 528541 146112 762806 653061 650053 812310 646935 501228 575221 289720 807100 1022613 282515 788675 626225 803689 430088 738779 129274 794019 695330 537650 596657 802848 820395 614835 848316 385179 402711 752765 949985 586313 898530 999999999 822694 751410 662416 144559 764786 784694 125206 363108 292871 740271 269097 454433 389993 754957 842583 862020 548955 380929 427538 128386 589627 727433 554988 724715 147829 440464 676651 257235 651045 672324 618827 707236 954978 1004209 350595 117998 577534 289521 727822 365987 709228 814582 1002748 619020 357370 327245
347858 378341 152968 794464 1008480 683605 666366 472813 509807 405398 634665 742615 634109 872590 801680 581313 165285 557087 501748 133540 964189 720761 293496 559564 254547 215814 209962 415359 885237 836448 565306 615747 560986 740100 483343 1044862 450434 820273 779921 919726 408443 861525 229059 159026 269609 999788 328206 517957 544850 381595 492115 485987 526050 822694 999999999 135100 161812 767194 652409 282306 728183 624795 977139 982165 653045 428066 991195 184646 270101 719619 315257 443647 937701 730198 812155 403303 413340 120592 675513 390086 736033 772887 999381 652743 379162 456269 459462 485320 837762 779503 743219 560586 656075 745659 323787 1193168 686389 922783 839260 495502
452337 315020 19076 874089 1012607 787445 598251 379315 585439 414890 756667 671546 694327 776142 784294 670054 244892 555223 387311 224545 967257 634919 382704 611456 297280 324275 235387 298610 902938 810054 647632 728775 514056 805375 531155 1083935 346218 870503 728146 969882 475191 874857 204085 63688 376393 1013412 437033 499968 431564 464173 605371 523682 627951 751410 135100 999999999 120864 677346 720453 159766 645601 612531 939588 1017708 621020 321856 968660 273031 168862 798820 315642 372541 926649 646601 837901 478526 438318 176640 608448 311093 782289 742982 1018903 703696 423030 524456 576318 607001 821377 725781 771370 516901 717139 735461 395736 1217079 790327 944442 823920 429191
