NAME : synthetic_000115
TYPE : CTSP-D
DIMENSION : 100
GROUPS : 8
RELAXATION_LEVEL : 1
EDGE_WEIGHT_TYPE : EXPLICIT
EDGE_WEIGHT_FORMAT : FULL_MATRIX
EDGE_WEIGHT_SECTION
999999999 328849 426576 282673 221491 232509 1038187 667933 659434 928415 49859 193735 311645 35584 866366 418242 528494 843617 694537 405238 359739 821424 327666 593183 416407 61452 269804 269305 685528 465962 968104 581063 615768 513965 237599 552606 1019599 797296 462484 962865 325612 847228 704857 558823 835664 617669 534174 566336 305876 729379 249357 575355 811902 315150 510321 450224 1016395 577117 594677 828721 601892 479823 457587 616118 525012 749824 571974 880508 860112 355729 673924 251437 198626 409034 659354 475560 642911 763815 123800 770563 475707 290179 658216 434713 323805 44411 456942 131435 638053 691789 32334 531915 966288 547322 482853 403211 558022 662121 890245 100050
328849 999999999 663041 203575 246991 543623 883280 773634 677599 841245 328455 154919 315461 363693 972283 369847 228963 622771 433936 258542 531836 594502 26770 264930 404800 365242 597323 59866 693415 526346 812797 253876 542283 754051 555978 431360 870973 585770 165614 872026 191336 640947 541409 666017 908730 477843 441424 332946 420396 565063 571830 253606 595308 637073 195043 540604 838401 272860 265898 631743 281638 225986 481664 468609 548947 596190 397062 741987 839116 96406 599535 222658 465763 334087 690332 713467 568312 603083 257181 692461 309000 618253 465739 686559 116556 367402 664874 452245 780899 493706 321617 206397 827759 457495 169381 418724 788441 545917 772366 414221
426576 663041 999999999 487570 421247 248299 968274 343203 455763 787483 471400 511951 399336 415826 504499 449796 768905 900054 839494 549534 158656 890946 676070 905832 406528 456583 399014 617217 485716 316595 910098 869134 551420 91445 270660 577416 943980 850509 718629 820258 528498 882461 719621 275005 513857 634614 535295 713942 271443 737772 287428 845794 868903 279783 857277 270447 981824 813153 901069 855037 864504 683735 365734 643017 382809 738488 649947 816858 648585 628845 586367 454514 227951 477834 438381 50902 568082 757774 416480 655464 593107 394816 724552 40984 585309 387212 65928 427559 273763 754629 457668 819707 885938 537584 832259 372682 131851 632187 797224 335977
282673 203575 487570 999999999 77008 429818 769670 570072 482680 687414 312735 122340 111946 315134 769082 180367 288381 560999 418563 122928 342436 538774 225725 419323 206905 341085 533322 185330 501198 323042 698685 381670 374098 575882 450428 285053 753012 514952 232569 720513 47774 565532 428983 462582 707797 346224 278254 287354 225873 453767 471851 359872 529358 531027 383577 337319 740987 335671 413924 548005 380398 215345 280692 342272 349874 477555 291008 615680 658031 143183 433873 37919 328378 152859 493104 536072 401660 489781 160648 531218 193572 550386 376467 516879 100310 301059 478611 411368 578772 409829 296437 332137 702712 293613 361600 216850 605267 401027 633886 325305
221491 246991 421247 77008 999999999 352893 817710 542032 481026 717933 258556 115508 101677 251040 743846 202718 364022 626497 492982 189829 284883 605803 264131 485263 212207 282321 460499 211396 503058 302745 747366 451969 402817 511200 373785 331490 799583 579166 305991 751905 124698 627862 483410 431404 691492 396265 315410 360929 174776 507908 395463 432674 594423 454173 438164 306617 794909 411748 481154 608493 454317 292345 272872 394628 344136 528461 352616 660766 669448 208847 462248 39090 251698 188606 487384 470874 430425 542340 98192 559975 258696 476851 439366 448196 165518 233119 418684 345174 539837 473147 240629 401733 747051 329326 414109 209895 543497 442782 673247 251797
232509 543623 248299 429818 352893 999999999 1091727 567076 627094 941719 263731 391789 394420 207274 745814 488352 712610 954705 842263 534974 274105 938088 547634 807252 462985 237589 163277 486849 656894 442836 1026038 786116 655058 319250 28996 633614 1069763 905321 650646 976220 477568 948172 790143 474394 741807 699252 601241 709710 306408 812607 53588 773471 922252 101507 733783 407288 1087427 761141 806633 924704 797625 645118 465023 702674 514197 824022 681510 932985 832496 545721 704856 391934 111488 498469 617489 287528 678575 841282 291034 791977 598097 166820 766870 239016 505900 188142 301838 186115 511181 800321 256399 735605 1012662 609844 706602 435608 367121 722375 927797 133545
1038187 883280 968274 769670 817710 1091727 999999999 705145 524340 218042 1076168 889403 728518 1065215 748966 621947 702433 308131 505790 652368 838215 338490 909259 859158 634461 1099472 1241276 909659 497462 660341 71181 797302 436766 1005744 1120029 486515 25741 320752 739449 201770 739404 270170 344430 708673 646354 423474 504706 556374 785943 319952 1144913 757785 320374 1181970 930732 703774 83657 688825 843526 265674 742164 661449 627793 427730 589427 292610 489470 159338 398327 788782 388302 792788 982992 629268 547737 986493 413260 282305 915855 313160 585674 1251734 417947 1009051 786570 1042868 909723 1154130 790084 392190 1058336 792836 82564 492466 930925 658162 995283 376837 171474 1044295
667933 773634 343203 570072 542032 567076 705145 999999999 195540 497559 717785 657352 458331 672919 202295 424520 778973 736571 757128 556283 311457 739123 795536 953638 379275 717423 728607 749885 215197 248057 660910 900304 381570 337668 594039 474506 679460 692975 753196 525843 588653 705465 559960 111529 174766 502553 431853 663372 376047 568389 615042 865630 711055 619382 944488 235449 740828 810291 943792 675767 874420 686493 299865 516374 247038 553067 563129 576124 331281 701406 381355 555149 497668 464496 168606 335161 381562 572197 596940 406369 559625 728098 605508 376037 663817 641923 277788 719482 87706 625040 699807 859047 624373 423438 925385 358042 311645 461225 538330 606295
659434 677599 455763 482680 481026 627094 524340 195540 999999999 332120 707506 592276 381481 674398 333138 307791 634075 542221 579059 430713 353470 546064 702465 816363 275817 717155 788967 667816 30288 194530 474077 758150 197140 483395 656018 307091 499073 499682 620960 364580 486279 510283 368643 185585 244968 321113 270272 500786 354957 375242 679975 720274 517527 702176 825784 221165 552193 658263 804715 480584 724557 544805 208286 335809 137177 358248 393644 385717 206122 592078 187170 480369 532320 344723 27038 467307 191509 377203 560528 215500 413715 793903 422477 495389 561489 645236 393146 742538 272435 438445 688440 722463 442042 257970 810519 271336 471042 270832 353702 624501
928415 841245 787483 687414 717933 941719 218042 497559 332120 999999999 971808 809592 619011 950629 530951 515307 706185 402374 551720 586705 674037 424333 868015 883669 512007 989477 1099336 853837 302622 499052 197666 819974 315224 814064 970654 410746 192850 386262 724877 34735 668827 358514 325565 516958 428350 365411 409360 550031 645247 309122 995282 778684 396317 1024221 932794 537334 276651 707635 868898 336594 770445 640917 481666 376493 427523 273239 452963 159278 180415 745039 255686 701592 838626 535294 351765 799248 287562 277998 812605 158084 532441 1106916 413514 827329 730924 924689 725243 1031526 584379 402814 953004 802136 148424 393842 926582 527270 798494 295360 100223 915893
49859 328455 471400 312735 258556 263731 1076168 717785 707506 971808 999999999 210214 353262 57337 916113 459077 539938 872525 715874 435585 409339 849291 323225 589096 460164 36915 271901 268712 733291 514509 1005723 582331 658010 557419 264114 589748 1058132 827156 473365 1006134 352627 878164 739714 608672 885467 653969 573663 590324 354808 764388 271992 580151 841179 336732 499904 499601 1051780 587938 591896 860728 607496 498794 504362 651602 572484 786168 603711 919320 907256 368305 716676 284715 244019 447161 707912 519667 685353 799528 160688 813777 506224 293619 689139 477410 340738 84191 504136 124498 687437 722410 19108 534471 1005556 587290 472448 448597 602266 701258 930996 137759
193735 154919 511951 122340 115508 391789 889403 657352 592276 809592 210214 999999999 210847 229207 859271 299037 334913 667310 505736 237601 389632 642922 164716 415742 318555 243686 461960 105269 612997 417846 818285 395240 495727 603316 406065 406662 873320 623407 269163 842766 150759 675857 546747 546526 806641 466517 400564 381373 286592 571542 423519 385534 636554 487826 349598 422008 857758 383625 414866 660379 411188 288618 385149 461680 456235 596845 405095 736666 775070 162184 555566 112583 310856 274507 600012 562693 523356 608227 102454 653098 306721 481567 487976 533751 130861 225428 518584 324665 652939 520454 197293 345001 823772 415871 323437 321205 639566 523054 755957 266236
311645 315461 399336 111946 101677 394420 728518 458331 381481 619011 353262 210847 999999999 337082 657914 106809 370723 561183 455051 151953 245273 543859 337210 520698 110542 373088 524544 293359 402627 212070 659067 477224 304752 483573 419485 247290 709282 512139 324834 653216 138313 556947 403738 350637 599158 313633 223817 323956 128144 427467 443323 450429 528730 494713 493261 225434 711422 414092 513773 534956 467384 284401 174485 314611 245439 444173 287158 570053 567844 250047 363564 99891 283899 105368 389271 445106 332128 459602 193596 460928 206470 538227 372932 432750 209211 314356 381142 425874 467490 406559 334631 429670 655307 236304 472095 110386 508559 351726 578603 319486
35584 363693 415826 315134 251040 207274 1065215 672919 674398 950629 57337 229207 337082 999999999 869316 443890 564029 875595 728814 437184 362290 853799 361846 627678 439106 44504 234354 304017 701190 480079 995431 616277 639599 501032 209322 580717 1046232 828927 498046 985194 358923 878369 734153 565310 842762 646213 560625 600085 319496 758562 219097 610837 843757 284602 543403 461259 1045140 612667 629383 859386 637416 514669 475772 645161 541632 778178 603021 907027 876871 391262 697129 282746 189594 436834 672998 463621 666490 792546 154882 793136 507434 254862 689519 420782 359059 31037 450719 96817 638614 723188 49464 567231 992389 573359 515912 423846 546229 688624 915156 80719
866366 972283 504499 769082 743846 745814 748966 202295 333138 530951 916113 859271 657914 869316 999999999 614398 960665 853566 911173 745123 507120 862405 994807 1139910 571969 913732 902606 950592 336293 446041 721650 1083941 529493 468553 770945 639421 723796 816038 940920 549642 784812 816520 692151 313786 104472 653326 600733 832914 578234 694558 789787 1047400 832779 783732 1138106 437267 802997 987849 1129151 787500 1053547 869410 492817 668182 431393 671368 726594 652120 351199 896655 509732 755823 688465 654126 309798 480921 520784 688571 798940 497602 739377 899182 753360 528717 860562 838282 444716 909360 234964 766795 898471 1045316 676342 589467 1120123 554117 428187 597781 601726 799489
418242 369847 449796 180367 202718 488352 621947 424520 307791 515307 459077 299037 106809 443890 614398 999999999 357611 468408 389950 131763 291287 454040 394861 529186 48658 479694 626255 362843 323876 182910 552710 476825 200120 524812 514862 145362 602564 418648 328678 549221 178597 459991 302278 328305 542867 211393 117476 267792 191289 325268 539292 443531 436074 586353 524066 216203 606540 393194 519537 436352 454653 264972 125206 214333 183423 339707 202228 463328 477665 285381 259658 187834 376865 39984 321279 489748 227753 355844 298665 357455 148582 638865 282936 487442 253706 420976 417175 532205 453442 315450 440608 434656 548501 129550 506898 80450 541337 245110 472086 423908
528494 228963 768905 288381 364022 712610 702433 778973 634075 706185 539938 334913 370723 564029 960665 357611 999999999 415624 214307 229152 615987 385313 247938 184549 405617 575344 796654 281263 640364 540493 635086 124173 454683 854210 730859 333130 694448 386602 66621 732396 242947 441477 382359 685843 878835 350488 364529 156163 498707 402000 750599 86803 392268 812562 229628 571542 646002 48883 171729 438750 97684 92705 482338 336821 532599 437263 260195 579683 749695 172767 500474 325538 615433 318528 654059 815503 474648 438055 425528 577547 221302 815988 295336 800701 207976 559681 751601 658820 811046 313995 529351 96091 659768 378052 228493 433781 878964 423819 621689 596344
843617 622771 900054 560999 626497 954705 308131 736571 542221 402374 872525 667310 561183 875595 853566 468408 415624 999999999 205266 438434 746803 31268 646756 556972 501917 901937 1083465 660652 527826 587593 252419 496896 363191 961694 980341 326192 307934 49920 463997 413988 519921 43993 182845 692598 751213 265569 365758 291643 658796 169482 1004349 459071 32459 1053892 637083 633631 238227 393425 541269 68178 440690 397350 534528 258089 531836 184228 275061 243335 532389 535758 355276 592927 843444 456342 569230 932320 357066 165847 720715 357920 368206 1098152 188413 940086 545781 859462 854687 971121 805870 154660 856862 498915 293603 362527 640782 534216 966211 279320 302158 875540
694537 433936 839494 418563 492982 842263 505790 757128 579059 551720 715874 505736 455051 728814 911173 389950 214307 205266 999999999 307438 680851 174176 455920 353558 435169 748587 951816 478829 575082 553944 442990 292405 381949 914378 864912 284585 501571 185117 269473 572066 371944 236777 236394 685947 816562 257969 328994 132554 574173 246368 887340 253994 186284 943719 431893 595538 441666 188387 337894 240716 236673 218196 493820 243253 518688 281114 197744 405243 637981 356299 405911 455110 734816 362488 603954 879662 390916 273966 577247 454601 249223 968948 159120 876632 376214 717824 806427 825629 809958 154393 702303 293864 475634 335100 436152 468888 928955 317223 456577 743839
405238 258542 549534 122928 189829 534974 652368 556283 430713 586705 435585 237601 151953 437184 745123 131763 229152 438434 307438 999999999 393017 416772 285045 397468 178210 463971 650166 267151 443068 313137 581202 345877 283741 631637 557980 176186 636813 392107 196917 618492 87058 442612 309163 459016 670769 231034 182885 174980 278256 333954 580703 313806 406669 636384 395412 342602 620300 268426 387962 425299 326812 137855 256778 225046 313731 359768 168493 501384 581445 165400 341189 154720 427422 91793 446860 594029 309829 370746 282318 435135 70648 666224 253559 583873 144625 421667 526791 532923 583415 286901 419361 302997 588475 198958 379806 204956 653671 293077 524590 441424
359739 531836 158656 342436 284883 274105 838215 311457 353470 674037 409339 389632 245273 362290 507120 291287 615987 746803 680851 393017 999999999 736301 548266 761421 248846 406750 436841 492933 383446 177996 776193 720901 408545 238701 302922 421948 814925 697011 568967 708162 379555 731467 568544 207380 483679 481352 381062 555476 117776 587950 326670 695284 715235 350373 722291 136748 843983 658998 755508 704817 712618 528793 216561 488849 249575 591721 492104 682372 558478 485577 450493 313083 188331 319264 343387 201104 428307 610572 307670 529911 434637 440873 568264 196244 442418 331253 136458 409314 278808 598999 391975 672447 757002 384742 698664 215156 263722 485705 669653 294939
821424 594502 890946 538774 605803 938088 338490 739123 546064 424333 849291 642922 543859 853799 862405 454040 385313 31268 174176 416772 736301 999999999 618231 525705 489576 879235 1064255 633436 533226 580891 281343 465645 361673 954757 963342 314435 337600 46520 434679 437601 496738 70237 180304 690707 760899 256889 355672 264833 645125 170854 987166 427877 29976 1037817 606054 626607 269398 362448 510002 87761 409427 369635 526305 247939 527734 191038 256747 266238 547537 508579 358937 571486 827089 439719 572961 924494 357915 174125 699003 369777 347112 1079328 171461 930670 519925 838376 847259 949686 806187 138590 833903 467944 321048 353758 609951 522399 960802 278797 324235 855928
327666 26770 676070 225725 264131 547634 909259 795536 702465 868015 323225 164716 337210 361846 994807 394861 247938 646756 455920 285045 548266 618231 999999999 266140 428903 360138 594038 61079 718630 548766 838850 261466 568768 767322 558712 458104 897108 610372 186616 898792 216265 665622 567735 687309 932434 504569 467927 357772 438543 591322 573641 265185 619619 639204 186588 561760 863775 290071 268672 656847 293620 250734 505192 495289 573004 622593 423542 768441 865279 123139 626123 242311 473982 359550 714843 726700 594858 629341 265426 719166 335761 615303 491549 698405 142306 367801 680132 447633 800959 519219 317867 216178 854129 484002 159784 441907 802692 572687 799034 416592
593183 264930 905832 419323 485263 807252 859158 953638 816363 883669 589096 415742 520698 627678 1139910 529186 184549 556972 353558 397468 761421 525705 266140 999999999 575420 626004 860175 323971 823675 709947 795282 63705 639189 994874 820427 517559 854231 538411 200662 908314 382826 590273 558140 855854 1060592 533802 547932 336858 644129 575727 836621 104985 539771 901735 111056 736543 794728 176080 15703 593643 117003 271563 654241 519811 709398 611559 443881 749362 933879 276995 684817 451332 724103 489245 835551 954870 659180 609913 517749 760138 402648 881439 470188 933454 320529 632277 897770 713579 979308 483709 584006 94668 825159 561805 132434 600387 1024572 606866 795328 678938
416407 404800 406528 206905 212207 462985 634461 379275 275817 512007 460164 318555 110542 439106 571969 48658 405617 501917 435169 178210 248846 489576 428903 575420 999999999 477497 607434 392162 295013 135025 566743 524011 201178 479251 490401 175733 613842 451997 374760 546466 214266 490222 329148 280827 504173 238942 139008 315256 158506 350790 515137 491264 469887 558621 566305 167548 625185 441695 566106 465163 502838 313083 79509 244390 144147 361051 243420 475128 457571 324903 258049 206009 352111 87102 286428 444978 227672 378436 302353 354202 196871 618682 320054 444958 290261 413985 371259 523028 405533 351445 441274 481082 558224 146882 548155 33881 494434 260199 477890 410551
61452 365242 456583 341085 282321 237589 1099472 717423 717155 989477 36915 243686 373088 44504 913732 479694 575344 901937 748587 463971 406750 879235 360138 626004 477497 999999999 235265 305463 743687 523059 1029330 619111 677109 540369 235129 613687 1080951 856037 508834 1023958 382607 906444 765422 609770 887205 678586 595581 621928 362509 789992 240975 616629 870384 304771 536471 505076 1077155 623499 628810 888359 643890 532175 517039 676832 583676 810779 631416 941882 918941 403286 735172 311129 232089 470248 716202 503624 704218 824622 184253 831694 534580 257085 717367 459698 374525 75517 493350 87621 682797 750825 46393 571147 1027704 608759 509031 463677 586156 723511 951690 120662
269804 597323 399014 533322 460499 163277 1241276 728607 788967 1099336 271901 461960 524544 234354 902606 626255 796654 1083465 951816 650166 436841 1064255 594038 860175 607434 235265 999999999 537494 818587 601911 1174073 850446 805046 455539 135128 770826 1220098 1035062 731111 1133973 579923 1081141 927779 637540 903122 837186 742565 820590 456658 951184 113588 845158 1051116 131803 771736 568335 1231886 845448 862452 1059473 871654 742252 619151 838884 672469 965763 808403 1081989 994733 624083 857390 497292 260771 629845 780031 430474 829728 982088 375593 947266 717999 22449 895145 380705 589895 237116 458046 148077 669211 928979 276172 801532 1163687 752727 744296 583144 503416 867447 1080488 208742
269305 59866 617217 185330 211396 486849 909659 749885 667816 853837 268712 105269 293359 304017 950592 362843 281263 660652 478829 267151 492933 633436 61079 323971 392162 305463 537494 999999999 685817 505296 838692 313659 547309 708585 498313 443297 896001 621211 215634 885637 187659 675851 565576 640328 892211 495363 447416 369031 386064 589841 513618 312287 631974 579059 247663 514825 869105 327073 325383 664539 340048 264106 465624 487606 535150 619175 420346 763769 838984 124895 606065 194784 413084 330652 678433 667961 574200 627697 204699 701400 326525 558460 494968 638773 124038 308417 623236 392398 751014 524775 261751 265837 850402 463429 220853 401525 744725 559956 790308 356278
685528 693415 485716 501198 503058 656894 497462 215197 30288 302622 733291 612997 402627 701190 336293 323876 640364 527826 575082 443068 383446 533226 718630 823675 295013 743687 818587 685817 999999999 222119 448819 764537 194266 512051 685833 309825 472068 486719 630289 334842 502394 494399 358186 214460 242686 317528 275847 502949 382031 362933 709841 726033 504250 732368 836954 250462 527695 662574 811654 464752 729147 552451 231355 332486 161140 343605 394397 361885 177215 606138 175245 500680 561445 359499 50286 496629 184492 362115 584633 191657 421527 823683 417069 525236 576982 672253 422859 770544 295526 430932 714202 730301 415402 262463 822476 293177 498644 262074 327520 652530
465962 526346 316595 323042 302745 442836 660341 248057 194530 499052 514509 417846 212070 480079 446041 182910 540493 587593 553944 313137 177996 580891 548766 709947 135025 523059 601911 505296 222119 999999999 598868 658997 234900 374106 471803 274050 636973 538648 509315 533487 340607 567654 405496 145926 388796 324260 229519 442285 160587 422550 496361 626262 557212 526043 696773 46334 667954 575816 700838 539745 637561 447876 60636 334393 71928 422024 356622 505087 399103 453439 273166 310879 342215 222087 193408 345313 252516 441380 372499 352243 327930 608611 420744 357431 415782 450781 267323 548451 270558 448182 495513 615766 579029 228366 677424 110402 380659 315798 491667 430456
968104 812797 910098 698685 747366 1026038 71181 660910 474077 197666 1005723 818285 659067 995431 721650 552710 635086 252419 442990 581202 776193 281343 838850 795282 566743 1029330 1174073 838692 448819 598868 999999999 732882 371184 951314 1054171 415979 59364 258232 670448 192761 668241 211342 273317 655944 617628 352558 435296 487236 719804 248891 1079044 692916 260179 1117462 864039 643139 81525 623292 779719 202376 678327 591714 563581 356634 528833 221459 418425 93822 371246 718087 325741 722073 916687 559083 498709 930425 348827 211177 845543 259136 514507 1184923 347949 951013 715513 973398 853009 1084881 743945 323110 987962 726556 51235 423437 863500 591347 943143 307778 123012 975790
581063 253876 869134 381670 451969 786116 797302 900304 758150 819974 582331 395240 477224 616277 1083941 476825 124173 496896 292405 345877 720901 465645 261466 63705 524011 619111 850446 313659 764537 658997 732882 999999999 578279 956884 801195 456941 791938 476687 152471 844613 341448 529138 494439 804837 1002831 471145 488702 273774 603146 512038 818749 41297 478664 883017 148842 687702 734050 112376 49090 531649 56592 214555 602017 457029 654709 547864 381515 685929 871645 243815 622862 415970 697401 437137 777963 917318 597713 546294 495092 697087 344921 871131 406486 898477 286629 617786 857328 706022 929269 420121 575275 50646 762160 502205 161885 550493 984613 544044 731677 661317
615768 542283 551420 374098 402817 655058 436766 381570 197140 315224 658010 495727 304752 639599 529493 200120 454683 363191 381949 283741 408545 361673 568768 639189 201178 677109 805046 547309 194266 234900 371184 578279 999999999 604847 683303 121785 415165 316564 453072 349101 359891 338215 181388 329435 436901 123983 100875 310919 349187 194009 708186 538675 335074 746339 663545 280973 435918 472881 626372 309335 539643 371279 193169 138738 171360 188472 201379 277936 300256 448415 59857 386633 546247 221283 222334 578413 27696 208081 498123 157615 244181 815161 225679 592293 427556 614944 500107 724206 444915 243556 639352 547687 358645 84826 652029 222117 605818 84087 276840 611314
513965 754051 91445 575882 511200 319250 1005744 337668 483395 814064 557419 603316 483573 501032 468553 524812 854210 961694 914378 631637 238701 954757 767322 994874 479251 540369 455539 708585 512051 374106 951314 956884 604847 999999999 337347 644392 980811 912740 805670 845415 615610 941137 779444 297823 496041 697911 600866 791703 355504 795961 349927 932519 931297 327225 948050 328177 1026028 897572 989772 912903 950493 767463 428972 707499 433537 793307 721319 859428 662065 717926 633256 543655 315922 555568 462395 40626 618531 812888 507878 693058 671080 447600 791994 81038 674415 473361 108254 503967 255394 820715 544496 907790 923188 601330 923169 445494 48172 687821 834315 420482
237599 555978 270660 450428 373785 28996 1120029 594039 656018 970654 264114 406065 419485 209322 770945 514862 730859 980341 864912 557980 302922 963342 558712 820427 490401 235129 135128 498313 685833 471803 1054171 801195 683303 337347 999999999 660204 1098140 931066 668119 1005163 498197 974394 816913 502426 768691 726000 628372 732381 334399 839516 24885 789773 947883 81933 744157 436276 1115171 779544 820304 951160 814377 665402 493625 729185 543136 851350 706639 961203 861362 562449 733381 412668 138342 524000 646308 307478 706954 868498 306902 820756 622011 137952 792296 258239 523436 193900 326392 174500 536652 825833 258784 750829 1041099 637192 716840 463411 385465 750073 956378 142144
552606 431360 577416 285053 331490 633614 486515 474506 307091 410746 589748 406662 247290 580717 639421 145362 333130 326192 284585 176186 421948 314435 458104 517559 175733 613687 770826 443297 309825 274050 415979 456941 121785 644392 660204 999999999 468954 276272 332023 442351 260274 315314 157040 401530 551433 66391 44848 193696 333217 180371 684649 417630 294203 731225 542852 318078 464704 352950 504857 291166 419625 249684 215915 69176 234136 197505 88637 330902 420508 335634 172262 306418 522139 143930 329633 612590 143555 212421 429682 261485 125185 783784 147611 616828 320180 559840 536282 671950 525376 177222 572020 425904 417821 51072 532133 208124 654039 117155 349713 566762
1019599 870973 943980 753012 799583 1069763 25741 679460 499073 192850 1058132 873320 709282 1046232 723796 602564 694448 307934 501571 636813 814925 337600 897108 854231 613842 1080951 1220098 896001 472068 636973 59364 791938 415165 980811 1098140 468954 999999999 316562 729577 177718 723750 268141 330430 683592 621042 406873 485611 546353 764305 306275 1123025 752052 317673 1159465 923394 680147 97698 682526 838649 260855 737249 650550 605380 411817 565861 277344 475662 139236 372988 775991 365580 775372 961367 611002 522350 961809 391189 268338 897643 288616 570951 1230323 406717 984720 772557 1023534 885165 1134543 764461 382294 1040184 785882 58079 473014 922859 636965 970073 357609 146815 1024071
797296 585770 850509 514952 579166 905321 320752 692975 499682 386262 827156 623407 512139 828927 816038 418648 386602 49920 185117 392107 697011 46520 610372 538411 451997 856037 1035062 621211 486719 538648 258232 476687 316564 912740 931066 276272 316562 999999999 430565 401693 474868 55390 135292 645903 714675 215915 315950 252922 608924 124591 955128 437433 18616 1004356 612377 584593 259519 369229 522775 55910 421422 359784 485124 208226 483918 144691 226899 230526 503368 496508 312528 546182 794005 407122 526597 883092 312030 128143 674071 324350 321590 1049560 140018 890483 504137 812263 805565 924131 760609 106164 811230 474070 293205 312929 614203 484303 917819 233237 286852 827404
462484 165614 718629 232569 305991 650646 739449 753196 620960 724877 473365 269163 324834 498046 940920 328678 66621 463997 269473 196917 568967 434679 186616 200662 374760 508834 731111 215634 630289 509315 670448 152471 453072 805670 668119 332023 729577 430565 999999999 752977 190146 485942 407297 655233 863881 361374 356725 183225 451192 429002 687386 127353 438305 749972 210996 536503 687961 114730 191665 479965 148345 84159 453639 349154 509785 462950 272077 608189 752528 107063 503783 268458 555917 288709 638980 766333 475578 466388 361793 587647 209792 750626 323824 748915 144752 494346 705323 592553 778904 347358 462893 106562 691142 371591 202073 399915 832680 434306 645796 532195
962865 872026 820258 720513 751905 976220 201770 525843 364580 34735 1006134 842766 653216 985194 549642 549221 732396 413988 572066 618492 708162 437601 898792 908314 546466 1023958 1133973 885637 334842 533487 192761 844613 349101 845415 1005163 442351 177718 401693 752977 999999999 701195 369997 350473 548826 448387 395096 442306 576400 679976 332673 1029776 803365 410483 1058422 959924 571502 267910 732238 893402 350005 794263 669222 516396 405674 462028 296794 481544 171461 202341 775715 289730 735170 873278 568657 383524 831256 321480 299780 846797 192359 563048 1141497 438305 859963 762447 959310 757689 1066224 613054 425694 987348 828149 141673 426902 954318 561920 828971 326220 115670 950619
325612 191336 528498 47774 124698 477568 739404 588653 486279 668827 352627 150759 138313 358923 784812 178597 242947 519921 371944 87058 379555 496738 216265 382826 214266 382607 579923 187659 502394 340607 668241 341448 359891 615610 498197 260274 723750 474868 190146 701195 999999999 526546 396167 483995 718427 317524 260535 241524 261872 420949 519588 317314 488657 578794 356940 360360 706999 289593 376325 510315 336633 167675 292333 311936 358269 446796 254421 587965 651823 113124 418910 85634 375645 143900 499071 576210 386931 457796 205617 514885 156033 597241 338010 559067 75999 346312 516010 455559 603666 370846 337169 292904 675084 276460 336951 230889 643225 377415 609842 372328
847228 640947 882461 565532 627862 948172 270170 705465 510283 358514 878164 675857 556947 878369 816520 459991 441477 43993 236777 442612 731467 70237 665622 590273 490222 906444 1081141 675851 494399 567654 211342 529138 338215 941137 974394 315314 268141 55390 485942 369997 526546 999999999 162980 666422 713590 251387 351950 308023 648354 145177 998666 490363 50502 1046328 666403 613935 205329 422909 574596 29700 473442 414969 516843 246163 508852 152793 275349 199398 491205 551265 324506 595820 836697 451588 537320 912963 329380 133395 723684 319450 371964 1095132 189080 922843 558032 860916 834946 973037 776990 155772 861969 528050 250872 346913 668704 521565 943721 254220 258316 874262
704857 541409 719621 428983 483410 790143 344430 559960 368643 325565 739714 546747 403738 734153 692151 302278 382359 182845 236394 309163 568544 180304 567735 558140 329148 765422 927779 565576 358186 405496 273317 494439 181388 779444 816913 157040 330430 135292 407297 350473 396167 162980 999999999 510627 593182 90917 190217 226916 487638 24804 841416 453157 153857 887156 610918 451684 312134 382084 543342 136471 445039 325177 353930 89265 348996 55663 145232 201501 401935 445955 182971 454999 678721 299161 395291 750662 178399 62149 581198 218360 241416 940813 87955 759950 442232 714395 672797 826698 625954 82003 722531 477877 286443 184274 606666 359762 783425 98796 239468 723149
558823 666017 275005 462582 431404 474394 708673 111529 185585 516958 608672 546526 350637 565310 313786 328305 685843 692598 685947 459016 207380 690707 687309 855854 280827 609770 637540 640328 214460 145926 655944 804837 329435 297823 502426 401530 683592 645903 655233 548826 483995 666422 510627 999999999 277496 440767 356964 581554 264523 523253 524832 771836 664441 537225 840857 125595 732273 720240 846764 637144 782649 593156 203629 453151 167533 514409 488530 565293 373636 597106 346156 445882 395660 367767 165304 282456 337156 534091 485472 396911 470793 639198 542453 313322 558265 534429 210411 616599 125982 566143 590481 761692 626177 351686 820874 255785 287203 413304 537435 501426
835664 908730 513857 707797 691492 741807 646354 174766 244968 428350 885467 806641 599158 842762 104472 542867 878835 751213 816562 670769 483679 760899 932434 1060592 504173 887205 903122 892211 242686 388796 617628 1002831 436901 496041 768691 551433 621042 714675 863881 448387 718427 713590 593182 277496 999999999 559720 515238 744998 535884 594373 789537 965140 731146 792190 1066043 390093 699044 903205 1049146 684733 969522 789072 427277 574744 360231 570011 636895 547650 248061 828039 412073 698799 671136 581704 225054 500078 425701 586824 756264 394275 658082 902286 657861 544129 794409 811901 449465 892776 242213 669515 867115 966437 572761 502804 1049555 490948 462247 500771 497379 778473
617669 477843 634614 346224 396265 699252 423474 502553 321113 365411 653969 466517 313633 646213 653326 211393 350488 265569 257969 231034 481352 256889 504569 533802 238942 678586 837186 495363 317528 324260 352558 471145 123983 697911 726000 66391 406873 215915 361374 395096 317524 251387 90917 440767 559720 999999999 100649 197853 397290 113998 750500 430407 234290 796410 571390 369814 398934 361676 520053 226256 427975 277219 269467 15113 274482 132220 90431 270441 400946 381436 154415 369741 587819 209801 346159 667637 134550 146388 494393 227325 169290 850082 102975 674568 371345 625705 590370 737895 561157 125484 636440 446115 357562 97035 563446 270184 704662 73430 295087 633117
534174 441424 535295 278254 315410 601241 504706 431853 270272 409360 573663 400564 223817 560625 600733 117476 364529 365758 328994 182885 381062 355672 467927 547932 139008 595581 742565 447416 275847 229519 435296 488702 100875 600866 628372 44848 485611 315950 356725 442306 260535 351950 190217 356964 515238 100649 999999999 232825 297511 211795 653014 450355 334178 697480 566033 273877 489494 388015 535828 326442 454285 277099 171975 107832 189741 223335 131981 346424 400020 347591 158712 294664 490035 127654 291509 569559 127061 240166 412976 254374 146943 754681 191411 575001 326913 538173 492886 649585 481123 219907 555463 454853 432129 16083 553546 169659 609822 128005 358063 541249
566336 332946 713942 287354 360929 709710 556374 663372 500786 550031 590324 381373 323956 600085 832914 267792 156163 291643 132554 174980 555476 264833 357772 336858 315256 621928 820590 369031 502949 442285 487236 273774 310919 791703 732381 193696 546353 252922 183225 576400 241524 308023 226916 581554 744998 197853 232825 999999999 445662 247449 754855 232820 263059 811169 384006 480778 506761 163838 322807 299262 230269 107039 381666 183500 417772 282224 109880 426265 598791 244144 351125 323395 602401 236298 523195 755812 327826 284302 447135 423319 120840 837432 141232 750132 255610 587830 684494 696834 707330 164194 575919 252184 508345 243474 380033 348153 809107 270392 466381 612264
305876 420396 271443 225873 174776 306408 785943 376047 354957 645247 354808 286592 128144 319496 578234 191289 498707 658796 574173 278256 117776 645125 438543 644129 158506 362509 456658 386064 382031 160587 719804 603146 349187 355504 334399 333217 764305 608924 451192 679976 261872 648354 487638 264523 535884 397290 297511 445662 999999999 509277 359262 577566 626574 400512 608011 146147 781127 542237 638020 623546 595104 412451 163583 402251 224060 518823 392916 626951 558389 369011 400740 198668 197063 212175 353720 316962 373352 536487 221137 491274 325379 466183 474192 305679 326149 290286 254182 390042 366379 506554 335914 554775 707546 304956 585052 129428 381495 416207 623863 272553
729379 565063 737772 453767 507908 812607 319952 568389 375242 309122 764388 571542 427467 758562 694558 325268 402000 169482 246368 333954 587950 170854 591322 575727 350790 789992 951184 589841 362933 422550 248891 512038 194009 795961 839516 180371 306275 124591 429002 332673 420949 145177 24804 523253 594373 113998 211795 247449 509277 999999999 864070 470822 142697 909227 631120 468851 287415 399685 560771 117272 461635 347482 372457 113439 363925 35913 169535 179192 395368 469810 188185 479676 701249 323151 402122 767861 187745 38020 605754 212006 266091 964055 106665 778255 466625 738648 689811 850931 636551 93894 747174 497090 263224 204879 627481 380870 798785 109968 219962 746940
249357 571830 287428 471851 395463 53588 1144913 615042 679975 995282 271992 423519 443323 219097 789787 539292 750599 1004349 887340 580703 326670 987166 573641 836621 515137 240975 113588 513618 709841 496361 1079044 818749 708186 349927 24885 684649 1123025 955128 687386 1029776 519588 998666 841416 524832 789537 750500 653014 754855 359262 864070 999999999 808177 971890 65819 758360 460529 1139975 799362 836853 975533 833076 686474 518481 753593 567759 876044 730432 986084 885146 581308 758253 434205 163034 548018 669992 321869 731839 893157 325678 845545 645203 114533 816220 272236 542868 206644 345076 173102 555997 849795 268291 768515 1065981 661900 730967 488239 398096 774871 981241 157720
575355 253606 845794 359872 432674 773471 757785 865630 720274 778684 580151 385534 450429 610837 1047400 443531 86803 459071 253994 313806 695284 427877 265185 104985 491264 616629 845158 312287 726033 626262 692916 41297 538675 932519 789773 417630 752052 437433 127353 803365 317314 490363 453157 771836 965140 430407 450355 232820 577566 470822 808177 999999999 439960 871705 180410 656386 695531 71137 90337 492115 28629 179149 568493 416213 619361 506635 341013 645019 831102 227877 582539 395506 681315 404176 740497 893312 557723 505182 482883 656073 308023 865403 365205 876244 269062 610284 831470 702675 896797 379057 571847 51134 721657 463577 189147 518760 958883 503183 690518 651503
811902 595308 868903 529358 594423 922252 320374 711055 517527 396317 841179 636554 528730 843757 832779 436074 392268 32459 186284 406669 715235 29976 619619 539771 469887 870384 1051116 631974 504250 557212 260179 478664 335074 931297 947883 294203 317673 18616 438305 410483 488657 50502 153857 664441 731146 234290 334178 263059 626574 142697 971890 439960 999999999 1021459 616351 603142 255601 372747 524094 60798 422944 369465 503585 226395 502532 161482 242722 239024 517654 507129 330357 561041 810997 423883 544467 901596 330306 144324 688875 339812 336324 1065765 156008 908846 516011 827443 824094 939175 778973 122230 825410 477999 297556 331320 618983 502298 936428 251655 296419 843250
315150 637073 279783 531027 454173 101507 1181970 619382 702176 1024221 336732 487826 494713 284602 783732 586353 812562 1053892 943719 636384 350373 1037817 639204 901735 558621 304771 131803 579059 732368 526043 1117462 883017 746339 327225 81933 731225 1159465 1004356 749972 1058422 578794 1046328 887156 537225 792190 796410 697480 811169 400512 909227 65819 871705 1021459 999999999 824093 486924 1180848 861210 901783 1022373 896304 746242 554181 800388 597964 919334 781498 1023976 905136 644369 793896 493176 210837 598102 689951 305329 768875 936953 388835 877939 699136 120979 866442 256075 605264 272450 342843 231722 553427 899758 333646 832678 1101951 705377 796710 529870 374605 816392 1015895 222855
510321 195043 857277 383577 438164 733783 930732 944488 825784 932794 499904 349598 493261 543403 1138106 524066 229628 637083 431893 395412 722291 606054 186588 111056 566305 536471 771736 247663 836954 696773 864039 148842 663545 948050 744157 542852 923394 612377 210996 959924 356940 666403 610918 840857 1066043 571390 566033 384006 608011 631120 758360 180410 616351 824093 999999999 717242 871695 243713 122258 665870 203832 294651 645713 558742 707486 666143 481420 809209 963336 243827 714753 409526 660085 484683 842265 907522 686388 667458 451381 798219 419553 793517 524507 881382 284101 551850 856821 623856 960375 543618 497154 138355 889362 581217 27496 586495 981488 644595 850386 602036
450224 540604 270447 337319 306617 407288 703774 235449 221165 537334 499601 422008 225434 461259 437267 216203 571542 633631 595538 342602 136748 626607 561760 736543 167548 505076 568335 514825 250462 46334 643139 687702 280973 328177 436276 318078 680147 584593 536503 571502 360360 613935 451684 125595 390093 369814 273877 480778 146147 468851 460529 656386 603142 486924 717242 999999999 713021 608777 728117 586058 669075 479407 102325 379650 114381 468317 398936 549449 427284 473426 317747 320301 311184 253714 214890 299031 298037 487687 366187 393843 364009 573885 465286 311328 433861 431140 221117 523827 243483 493228 480862 643044 622117 273492 696756 137771 335967 362111 534274 405977
