NAME : synthetic_000202
TYPE : CTSP-D
DIMENSION : 100
GROUPS : 8
RELAXATION_LEVEL : 1
EDGE_WEIGHT_TYPE : EXPLICIT
EDGE_WEIGHT_FORMAT : FULL_MATRIX
EDGE_WEIGHT_SECTION
999999999 746990 645576 734981 1009444 973194 366207 970219 502033 359946 590880 746159 664058 111736 556101 555330 912586 445159 200545 459414 916996 724389 781093 295040 494884 820867 565108 912217 532778 544506 831150 395354 915860 865976 1067385 164413 437124 550446 546208 745730 873165 883074 441970 817276 885712 752780 634177 1010057 837062 240826 354826 773852 949341 49508 857181 506751 799476 209100 547808 1114931 950253 448594 748668 948912 581985 958421 1110724 904283 499117 134899 315682 1062332 235272 19519 282004 595883 538866 136993 818436 863905 42351 810325 399402 628146 665996 846006 533688 303714 637540 602340 247200 815710 857817 806481 489916 1007376 1191797 788472 945625 148386
746990 999999999 961438 467609 457994 429705 808312 777583 791142 533436 686143 773237 231417 849924 756886 466294 218230 484836 546455 314175 985440 434972 67380 451952 317844 931774 223814 458498 246256 209286 104784 776175 435852 346510 730446 824219 748134 354610 503998 226716 992203 830478 306419 933166 285677 853905 857020 454804 951957 693961 702943 39131 1107839 697563 799257 487785 680729 681813 203021 660387 766840 547825 82025 747881 183923 934241 732594 684975 431589 824068 519445 622528 528276 748382 559561 740769 554617 621701 81318 471491 752747 874259 863454 168974 131314 103309 215365 447757 747859 475661 833175 581054 635142 268484 267870 770471 657018 899787 798599 701270
645576 961438 999999999 591525 908137 882633 279515 577445 181614 469939 289668 312652 1036623 613477 205449 499744 993534 484517 664185 685839 339246 611713 1025130 696460 655306 251689 918854 779116 892749 786404 983281 259771 802858 818888 750065 502311 244718 607151 461256 1101624 275935 419002 781875 245852 893217 238671 120809 911937 256859 425040 326972 962344 316151 642154 414393 473657 457623 460376 797873 879921 560430 419408 906291 575006 790073 433045 810464 573634 530467 538567 517006 836461 742168 626180 499647 233143 409885 601519 989475 712045 687864 288445 251278 954508 970242 1056354 835478 660954 246924 504376 411322 565489 562968 818614 838122 633214 1003026 237844 527183 509197
734981 467609 591525 999999999 326730 296937 567731 323493 467806 377385 305655 328358 642815 794736 399773 180723 420335 290284 585419 368971 526604 32689 534354 529754 308321 487394 553988 201736 546100 397542 444468 516456 219237 227964 346613 712714 462472 216213 198850 675129 543476 363783 485399 490024 307399 418351 471681 329730 506292 543761 474320 450599 659138 694292 333170 231407 214312 557361 408532 381019 309406 303325 390322 293938 368600 467067 381226 231172 238188 733086 419667 328408 629377 724411 453550 360102 230395 603805 460225 139022 764482 424268 608869 550540 541900 536734 468451 492546 345809 136315 668938 120308 177080 243071 511259 331773 471211 459879 335503 610642
1009444 457994 908137 326730 999999999 36448 891293 462423 794223 672134 629215 615835 687906 1085385 724242 487382 269968 585727 831037 569863 770422 317531 504165 752845 521039 761177 648860 129023 657849 532749 370477 841131 107499 145875 332873 1015976 788432 459499 515200 681112 806827 591130 652374 765252 172649 707597 787329 5330 776909 849692 793796 421624 915487 963652 569784 537994 470878 857260 538195 213013 462638 615879 384176 439117 489470 676336 309893 393509 521490 1031702 700324 189920 852516 1002417 740109 681520 553830 872718 397568 196111 1031999 695036 934305 612385 582732 462646 591174 725238 661416 452297 982774 349106 371885 220923 648916 427065 203605 741293 507027 903835
973194 429705 882633 296937 36448 999999999 858954 456035 764733 636933 601260 594758 658358 1049551 696001 453637 251270 550793 794590 533522 756405 285765 478377 716478 484592 742997 616111 106147 624348 497598 345982 809210 79834 109533 339052 980845 757178 423422 482249 654373 790377 577456 616856 746882 144237 686820 761895 36889 759269 814914 760638 394187 900530 927336 554722 503982 451848 822059 503255 233594 454680 582136 354068 431316 454464 665826 322325 382112 486232 996274 664488 203537 816212 966244 704419 654352 521947 836436 372659 171808 995637 676884 902656 581171 552549 440362 556818 688800 635714 419656 948616 328705 356069 185914 614311 424406 237581 721884 498193 868235
366207 808312 279515 567731 891293 858954 999999999 697639 155579 274902 304700 435810 830257 343517 230699 408910 897750 334830 403256 499841 568951 573807 864414 454431 490940 471775 712183 769279 682236 607844 856673 54039 784674 769477 836596 231307 113935 481086 377254 903830 518140 574019 568323 467390 823722 415003 280139 893767 485592 155680 106652 819575 585728 363317 554743 362100 535668 189090 617475 928955 677725 284007 772097 683627 624959 629933 890717 656156 399636 266712 298444 878443 480625 346860 266314 281652 337747 330719 855496 706276 408530 474950 55958 759452 783968 910442 640036 425873 323994 439333 144893 599540 623164 741070 627196 745676 1034159 442807 659964 231544
970219 777583 577445 323493 462423 456035 697639 999999999 550233 619647 395561 272785 965232 1002410 469752 448600 677023 547220 859427 681456 330591 354653 842179 822410 621351 356070 877378 361394 868781 720393 734390 644438 392064 463748 183210 901221 584730 527681 440669 993623 382532 165141 801458 361626 552029 339227 471434 467642 365124 741971 639752 754823 476232 938297 163281 484373 170774 767052 731564 338442 20171 524950 696688 29835 692093 221573 243958 93208 520251 930017 675146 310881 916375 955679 697193 417450 434421 854674 755036 318155 1006419 297665 717102 873289 862766 832071 791210 782065 376953 403256 832531 203187 146433 520950 831869 56579 469453 351465 54515 827517
502033 791142 181614 467806 794223 764733 155579 550233 999999999 288343 170963 282895 856126 494441 80978 341464 843146 308225 490996 506449 417636 481204 853209 516940 479322 320644 738079 667216 711609 608955 821328 109712 686761 686996 699322 383231 68417 440144 303838 922356 371224 419836 600391 316683 752957 259912 132212 797352 335918 265375 155405 795039 451028 489535 401940 306953 395135 300373 620174 804940 530650 243804 741161 538547 615394 474459 755906 517299 360058 417507 335952 756427 568365 483459 320793 133422 254244 436186 825128 601215 544003 319747 166913 775212 792420 888760 655679 480565 173337 357042 299912 475365 490392 673779 656855 600563 917923 289953 509705 356371
359946 533436 469939 377385 672134 636933 274902 619647 288343 999999999 276233 429604 570153 418099 290939 196710 634608 87828 246443 227012 633042 369910 589738 240542 216504 546272 451637 563943 424239 334335 584819 245852 571703 535693 707670 343935 229905 222536 186412 639243 607056 555624 312229 544565 575021 466398 395814 673552 565824 180402 170350 545350 707568 322555 526204 147033 450638 185130 344438 758384 600106 96120 499514 596344 350077 644888 750807 548044 150717 360042 59562 705763 314442 348237 78592 306471 185432 235700 582262 510576 392292 514839 330223 492701 513867 635710 372500 200571 338668 242926 320026 456125 499803 491756 369216 652793 842616 510709 601145 234167
590880 686143 289668 305655 629215 601260 304700 395561 170963 276233 999999999 156999 791992 611065 95245 219920 704265 243743 519973 443588 357540 323522 751868 514548 399790 274654 678965 500984 657606 531298 698842 250825 522215 531127 532696 507041 190818 333705 182781 848380 336836 292205 556552 273743 603811 192986 174184 632614 294878 353687 245942 683026 444493 565605 266642 207947 231004 382433 543405 634087 375461 187474 625089 379932 526249 372651 587922 351631 267422 537038 335594 585467 590355 574602 342028 56798 134111 491567 706928 434294 629967 238718 331316 703667 712621 776683 590235 473530 66685 216667 436985 304403 321022 528962 606390 441818 747175 239055 362136 443639
746159 773237 312652 328358 615835 594758 435810 272785 282895 429604 156999 999999999 908859 760463 205141 327297 748693 384521 675161 571780 218331 356772 840530 663955 520517 160036 801384 488719 783464 646600 766348 384668 515727 550283 438412 653250 327087 439560 298141 957459 219105 139272 690235 162226 634027 92169 200059 620148 179667 507079 395854 763054 335028 722073 119075 335336 148317 537178 658826 568111 254165 336540 702828 265947 633398 215925 498416 261001 390906 685010 489164 525990 743956 729491 498125 155591 262404 648562 779278 423408 785737 101388 449160 817595 820450 853803 711299 622528 112545 302490 576719 266733 253934 571277 735442 326434 692952 131527 228305 598262
664058 231417 1036623 642815 687906 658358 830257 965232 856126 570153 791992 908859 999999999 775108 842735 582140 445999 555920 477607 351931 1127016 610971 203617 392752 392304 1059418 118633 676256 148047 262422 331125 811669 656624 568114 942438 780396 800029 469436 614339 81700 1121811 990651 261934 1059648 515257 977897 948640 684913 1079999 689230 734502 269727 1234010 618030 958356 584130 844087 666662 250188 885988 951912 620346 304368 935460 278406 1094501 950809 872154 524820 770089 533289 845451 428793 671297 564012 840409 658744 564714 304319 678424 656972 1009431 885924 92680 107166 272179 202428 410358 858186 607928 814325 762582 819057 486511 203082 966565 888110 1024946 977900 665618
111736 849924 613477 794736 1085385 1049551 343517 1002410 494441 418099 611065 760463 775108 999999999 559996 614111 1006780 505902 305474 552849 911505 788008 886828 399511 581814 814329 674454 981277 641973 644303 930415 384746 987692 944597 1114696 112286 436530 626650 598873 856734 861638 899567 547413 810111 971430 753442 623131 1086409 828663 260901 365382 875153 926547 157271 876319 563360 832493 239603 648569 1175629 982250 495902 846586 983508 679705 965752 1161745 944166 566108 76981 385065 1123059 346521 104058 345670 605600 582633 229052 919115 928673 131339 812820 362230 736876 773969 950277 638778 402758 648540 659038 202333 863999 901301 890338 597488 1043864 1260419 784319 972585 184104
556101 756886 205449 399773 724242 696001 230699 469752 80978 290939 95245 205141 842735 559996 999999999 294318 790558 286858 518241 490819 362298 416221 821097 530053 455249 267970 726488 596139 702312 587321 777899 179729 617128 623656 618565 450851 123607 402320 255826 904384 324883 343715 595013 265057 694031 196687 106344 727599 285762 315366 201283 757128 418627 537940 324044 269360 314290 348393 599076 726414 450088 222482 700885 457697 588141 405842 675395 436502 327235 483684 346095 678497 593365 538342 340691 52474 204456 474666 784029 529500 597189 254541 247440 757766 770975 851135 640414 490963 93510 300886 372060 397886 410585 617296 648836 519739 841203 234078 430132 407940
555330 466294 499744 180723 487382 453637 408910 448600 341464 196710 219920 327297 582140 614111 294318 999999999 501825 110176 416111 247762 545627 175308 531948 373815 193709 477805 474122 372185 456755 319720 483601 361983 383100 360715 515761 534058 316022 114974 38493 633609 540029 423183 368545 478265 416812 396797 391321 489401 498371 365582 307710 464091 653221 515759 391026 51436 290440 377449 331954 561742 430357 128508 407023 422284 309518 523942 556306 367448 72034 553319 241297 509131 468717 544315 273432 274564 89862 426122 489860 315661 585915 427413 456233 491495 496907 557982 384018 333587 282826 47967 495657 266515 315504 335380 410112 473748 648710 443744 440830 430007
912586 218230 993534 420335 269968 251270 897750 677023 843146 634608 704265 748693 445999 1006780 790558 501825 999999999 563217 715456 454067 941342 392654 247119 624198 429260 907519 437987 319265 456494 373426 114909 856140 289818 213648 585675 962203 815485 416775 539310 424214 962695 769279 491430 910243 124994 838367 877810 265611 926219 811855 791583 179125 1077837 863437 741482 540908 625588 808077 373105 482716 671243 615763 171900 649187 332528 867563 573189 591249 498153 968786 639889 454801 713171 910573 682319 761046 589377 778967 141751 359751 925213 843811 949310 386791 349493 195380 408568 609228 755654 489679 953162 506698 551202 177851 466657 655460 454752 880212 710564 840252
445159 484836 484517 290284 585727 550793 334830 547220 308225 87828 243743 384521 555920 505902 286858 110176 563217 999999999 312247 204088 597816 282126 545724 282649 171167 518190 440094 476265 416815 301898 524018 295790 484458 451223 624807 430411 263428 146449 106787 617999 580497 499851 313101 517407 495233 436265 392728 587275 538496 264242 228425 491467 687758 405738 468904 63675 381755 272041 313411 671110 528191 65120 440676 522416 307197 595030 666241 470847 66767 447486 131759 618479 371047 434238 163332 286968 123301 316482 524685 422774 475863 477940 387394 471149 485755 584360 353563 241171 310246 157476 400545 374209 420652 411891 364324 576678 754808 482658 533517 321995
200545 546455 664185 585419 831037 794590 403256 859427 490996 246443 519973 675161 477607 305474 518241 416111 715456 312247 999999999 266389 873572 568869 581522 94539 310069 783333 371332 744284 338696 344830 631257 406327 743964 685575 929778 303354 423032 380712 418973 558427 842270 802048 242082 781032 696597 705822 616115 831122 802116 247649 337617 573416 935863 151108 772512 375465 692913 215704 347698 956326 840334 342091 549510 834652 383433 890833 966642 782414 348815 292615 187384 904348 78064 202451 178905 543630 428936 87919 618111 703121 209761 757138 453690 432574 468906 645739 333647 107593 579513 463892 347294 682495 731304 620169 292376 888486 1021397 748245 844397 195092
459414 314175 685839 368971 569863 533522 499841 681456 506449 227012 443588 571780 351931 552849 490819 247762 454067 204088 266389 999999999 789385 344167 366001 183078 60693 715413 236147 494366 214022 108093 381258 472861 489699 423994 712300 514583 453720 154176 273688 415931 777973 670695 121351 715138 430304 633358 596799 569549 735929 379807 397008 332005 887825 410625 638453 237929 533875 368105 117659 712863 664724 268416 295935 653217 131677 771703 739975 593287 180876 517865 205723 662512 282797 456750 245409 489933 312823 324941 373261 463187 474625 669941 555626 268780 287343 417479 149802 158800 510220 284812 519153 483601 538831 354982 163819 697698 765444 680286 680899 391441
916996 985440 339246 526604 770422 756405 568951 330591 417636 633042 357540 218331 1127016 911505 362298 545627 941342 597816 873572 789385 999999999 557720 1052819 872077 738747 97194 1019697 652216 1001592 864845 970862 527214 682000 733209 512515 799729 480100 657607 516033 1174616 67315 179306 906991 101595 820898 167848 288854 775320 84669 676865 562851 972843 146508 900147 202266 552048 315756 710388 877067 668871 321880 544752 912355 344137 850953 117809 572246 378098 608571 834524 692031 638810 945956 898869 694670 330191 477970 835901 985800 593239 958463 119910 562179 1035581 1037648 1061642 929621 831070 294549 519790 713491 436610 400653 767165 953168 384033 799846 128535 276911 769354
724389 434972 611713 32689 317531 285765 573807 354653 481204 369910 323522 356772 610971 788008 416221 175308 392654 282126 568869 344167 557720 999999999 501757 509506 283798 516369 523448 197561 516306 367749 413142 523623 210951 207610 368498 709363 471435 193677 199021 642640 573185 396140 458774 518833 282930 445799 492720 320091 535497 540856 477382 418212 689026 682516 365380 226741 246533 552495 378550 390665 340971 302090 357884 324985 337738 499552 399557 261927 225396 728364 408716 338124 609843 714532 444354 379078 236313 591524 428456 140687 752611 453883 616932 518818 509661 504794 438662 473308 367672 135645 669420 151643 208257 214861 482707 360899 473453 488134 367809 604024
781093 67380 1025130 534354 504165 478377 864414 842179 853209 589738 751868 840530 203617 886828 821097 531948 247119 545724 581522 366001 1052819 501757 999999999 487317 376417 998959 231380 515993 259473 258297 134684 834204 491824 402864 789127 868043 808349 419287 569400 177824 1059462 897510 339445 1000318 334497 920921 922021 500553 1019163 744644 759934 88509 1175058 732040 866358 551754 747759 730392 250007 711286 831831 609479 145546 812552 240121 1001195 788421 749858 494720 865657 571609 675845 555247 783949 610541 806158 619733 660691 107204 533124 783602 941582 919914 168062 125847 72249 248112 488059 814038 542441 882178 646926 700592 328026 292713 833577 698547 966878 864244 745853
295040 451952 696460 529754 752845 716478 454431 822410 516940 240542 514548 663955 392752 399511 530053 373815 624198 282649 94539 183078 872077 509506 487317 999999999 234551 786543 281881 673773 249334 251837 537654 447064 670787 606970 876362 389359 451748 316357 384900 472257 847514 782463 147945 784927 611562 706230 633390 752573 806191 303901 372273 479202 947816 245633 751553 341450 661452 277588 254092 890023 804103 327916 456708 796033 291674 876755 909043 740214 302397 382222 183967 838819 101218 296877 196881 546984 405644 175393 524036 637850 302438 753101 508285 341270 376374 551229 239289 41530 578366 419780 422186 635281 687241 537703 200271 846446 947406 750935 812989 272873
494884 317844 655306 308321 521039 484592 490940 621351 479322 216504 399790 520517 392304 581814 455249 193709 429260 171167 310069 60693 738747 283798 376417 234551 999999999 667959 281226 439269 263067 132252 369793 458373 436392 375507 652141 532946 432145 93725 223150 449782 730463 614679 180288 668015 390903 586187 559949 521080 688533 385850 385222 328846 841985 447285 582338 191859 475759 379594 144171 656302 604778 236076 284053 592994 136611 716526 680626 532841 132519 540129 211588 605479 335645 490204 253833 449123 266451 358208 366121 405243 513910 619953 545852 304095 315726 419549 191436 204411 465897 227498 527203 423004 478347 311833 217007 637103 713346 633238 621711 411205
820867 931774 251689 487394 761177 742997 471775 356070 320644 546272 274654 160036 1059418 814329 267970 477805 907519 518190 783333 715413 97194 516369 998959 786543 667959 999999999 949004 637004 929108 797110 926370 430141 665370 706169 538312 702537 383765 592165 445112 1111183 62563 191008 830403 6022 791310 82091 191724 765773 20582 581181 467363 922412 176231 804941 199924 477594 291265 615012 809335 685743 342661 461607 862296 361943 786867 181877 599401 380709 535915 737348 604542 649726 856920 802625 604597 240260 402618 742575 939174 573770 862472 66146 465773 969209 974309 1013500 859389 745982 208831 458088 616360 414962 390184 730464 878987 412462 815218 35665 301973 673542
565108 223814 918854 553988 648860 616111 712183 877378 738079 451637 678965 801384 118633 674454 726488 474122 437987 440094 371332 236147 1019697 523448 231380 281881 281226 949004 999999999 616364 32644 158409 327793 693091 600826 515963 872204 671237 681536 364679 504377 192783 1011535 890152 144169 948976 479427 867133 832629 646649 969570 572835 615932 261409 1122539 517370 857749 471831 746323 551419 146673 833590 862798 504010 272462 847893 185985 993254 887015 785142 413111 663328 414813 789158 332407 570428 446111 726011 546794 456606 305132 608212 562767 901104 767929 64844 106266 302880 90135 295431 745469 503752 700534 674255 731035 433553 85298 883752 852339 914166 885585 553797
912217 458498 779116 201736 129023 106147 769279 361394 667216 563943 500984 488719 676256 981277 596139 372185 319265 476265 744284 494366 652216 197561 515993 673773 439269 637004 616364 999999999 619084 479885 392620 718167 30739 113465 273464 905695 664123 364229 396498 684898 684883 473782 592285 640854 195445 580745 658308 132851 653397 737615 674478 427858 795672 868341 450141 423560 345790 748039 487711 220575 357778 499596 377287 334883 439541 564738 274800 281552 415276 923704 598124 173283 774909 903620 635923 552833 431633 776950 416779 67098 937873 570914 810590 591564 569098 491015 545755 642000 532398 333090 866977 222558 251565 190605 599879 336503 279646 615744 399763 797865
532778 246256 892749 546100 657849 624348 682236 868781 711609 424239 657606 783464 148047 641973 702312 456755 456494 416815 338696 214022 1001592 516306 259473 249334 263067 929108 32644 619084 999999999 148574 348723 664183 604979 521867 870375 638675 654069 350034 485614 224355 991670 875820 113937 928915 490503 847098 808598 655872 949646 541649 587006 282636 1101821 484938 843419 451516 733620 519777 137830 837819 853705 480042 287830 839483 182087 978399 887378 777125 393485 630688 385629 792296 300594 537963 415972 703510 526505 423977 327294 607399 530883 882543 737887 95890 136028 330193 77654 263582 724242 488553 668540 666042 722757 439983 55273 877187 861449 894070 875064 521447
544506 209286 786404 397542 532749 497598 607844 720393 608955 334335 531298 646600 262422 644303 587321 319720 373426 301898 344830 108093 864845 367749 258297 251837 132252 797110 158409 479885 148574 999999999 286654 580076 468666 390565 724242 615078 558775 207654 352156 317555 859467 732150 121753 797397 375213 715696 692174 531465 817690 486493 504601 231246 971949 495020 699758 323431 587933 473105 12234 700230 705468 367017 204872 691047 43806 835465 743581 628609 263908 615596 313364 652915 339978 544376 352288 581215 397479 415322 274833 462913 554122 747056 663590 172453 183867 312309 70920 241641 597100 346666 624723 517542 574277 311826 120120 728643 734845 762732 727527 492056
831150 104784 983281 444468 370477 345982 856673 734390 821328 584819 698842 766348 331125 930415 777899 483601 114909 524018 631257 381258 970862 413142 134684 537654 369793 926370 327793 392620 348723 286654 999999999 819738 366383 279372 665800 895808 785364 381903 522093 312504 984674 806559 397083 928411 203504 852091 872703 366724 945980 755201 750087 66390 1100710 781657 776695 514380 658097 747001 283597 579501 725912 582925 85913 705295 251041 908487 660966 644058 463603 898818 580226 546099 620459 830972 621957 755139 573453 701364 27505 418355 840078 865451 910456 273732 235389 98607 309120 528120 756275 482540 896294 547737 598186 213445 365089 720329 563863 896398 761568 772690
395354 776175 259771 516456 841131 809210 54039 644438 109712 245852 250825 384668 811669 384746 179729 361983 856140 295790 406327 472861 527214 523623 834204 447064 458373 430141 693091 718167 664183 580076 819738 999999999 734209 721624 782562 273720 60006 440647 328889 883028 479575 523435 550467 426088 778326 369078 240132 843714 445087 165500 77177 785416 554221 386307 503308 316986 481824 200929 590264 875467 624480 240418 736026 630092 594102 582779 836689 602179 358555 307829 278612 825094 484386 376467 252231 229651 287310 341750 819876 654638 437575 428723 94250 737193 759457 877375 617101 415037 272367 390069 192403 545838 569139 696165 608915 692112 981474 399658 607439 252569
915860 435852 802858 219237 107499 79834 784674 392064 686761 571703 522215 515727 656624 987692 617128 383100 289818 484458 743964 489699 682000 210951 491824 670787 436392 665370 600826 30739 604979 468666 366383 734209 999999999 89342 299548 914757 681169 365888 409515 662543 713899 503800 583470 669134 166844 607857 682105 110598 681979 747410 688119 404107 825115 871224 479822 434165 374110 756496 475918 232869 388514 511335 355355 365609 427332 595247 296828 312199 421797 931745 603331 189114 771660 907855 642026 574962 447002 779896 391073 92344 940389 599343 827203 573461 549496 464472 532963 640297 555948 346319 878735 250478 281430 170128 588191 366590 277437 643556 430487 804923
865976 346510 818888 227964 145875 109533 769477 463748 686996 535693 531127 550283 568114 944597 623656 360715 213648 451223 685575 423994 733209 207610 402864 606970 375507 706169 515963 113465 521867 390565 279372 721624 89342 999999999 386927 879284 672547 317976 392737 573202 758754 558567 508718 709365 89057 641850 699399 145676 724054 715216 668169 314953 872653 819686 531809 409237 418485 720399 396812 318727 457659 488046 266096 435709 347949 655297 386131 377614 385338 893324 559904 277367 706679 859496 600546 586564 436728 729056 303344 146104 887628 641113 815761 486094 461078 377879 451963 579532 573704 332576 851365 296670 338503 82563 508604 444374 344705 681154 496942 764588
1067385 730446 750065 346613 332873 339052 836596 183210 699322 707670 532696 438412 942438 1114696 618565 515761 585675 624807 929778 712300 512515 368498 789127 876362 652141 538312 872204 273464 870375 724242 665800 782562 299548 386927 999999999 1021335 722736 561900 521262 956035 565696 347385 824509 543762 465593 514831 638128 338160 547989 855050 764054 700813 657111 1029934 341321 561758 304341 875209 733812 162388 195651 620340 648703 177188 688292 399883 61159 182090 580978 1046671 756553 149831 975832 1055001 786090 566517 532117 941264 690184 264523 1099857 478086 863591 854672 835758 763998 793906 838973 530249 467841 962008 251707 214928 461973 843089 128482 291762 531590 237721 933083
164413 824219 502311 712714 1015976 980845 231307 901221 383231 343935 507041 653250 780396 112286 450851 534058 962203 430411 303354 514583 799729 709363 868043 389359 532946 702537 671237 905695 638675 615078 895808 273720 914757 879284 1021335 999999999 327253 563288 514188 860775 749447 792520 533786 698262 914597 642787 511154 1017436 716688 169002 261490 845412 814568 186800 770252 482632 732580 158896 621245 1091530 881054 409690 810309 883570 645699 856016 1070593 847231 494652 36277 323917 1039251 364306 146125 281681 497815 491838 215737 887545 849598 202559 702376 251101 730070 763753 926832 621925 380887 540874 576418 91141 772766 806732 831902 588983 944624 1182738 672843 869176 123189
437124 748134 244718 462472 788432 757178 113935 584730 68417 229905 190818 327087 800029 436530 123607 316022 815485 263428 423032 453720 480100 471435 808349 451748 432145 383765 681536 664123 654069 558775 785364 60006 681169 672547 722736 327253 999999999 403744 280869 868444 436539 466228 541607 380152 732656 317861 199069 791179 399971 198394 87033 754757 519001 422743 445240 274589 421818 233041 569576 817240 564744 202441 703094 570182 568752 529221 777073 542222 321783 360120 273185 767156 500569 418860 254976 171548 235992 367840 787206 599812 478809 376766 146805 721568 740976 847773 601483 416372 214547 339992 249830 487250 509558 651402 598977 632186 924682 351664 548272 290222
550446 354610 607151 216213 459499 423422 481086 527681 440144 222536 333705 439560 469436 626650 402320 114974 416775 146449 380712 154176 657607 193677 419287 316357 93725 592165 364679 364229 350034 207654 381903 440647 365888 317976 561900 563288 403744 999999999 150947 519019 654229 525842 273804 592752 352530 511452 502740 460311 612709 402834 374818 355550 767843 505411 493437 133793 384255 404798 219831 575916 511193 201483 301017 499284 194732 628674 592899 439138 82194 576003 241983 524157 417120 543032 282947 387197 200595 414141 385000 322838 574503 540394 533143 378035 382181 449508 274768 281251 397478 139111 542406 329459 384664 269333 307478 543545 642830 558331 528767 446935
546208 503998 461256 198850 515200 482249 377254 440669 303838 186412 182781 298141 614339 598873 255826 38493 539310 106787 418973 273688 516033 199021 569400 384900 223150 445112 504377 396498 485614 352156 522093 328889 409515 392737 521262 514188 280869 150947 999999999 667761 507553 401828 392869 445310 451956 363564 353223 517476 465693 345187 278640 502298 619796 508844 370102 43776 276674 360096 364368 577713 421751 104537 445401 415684 344361 500543 564918 364204 92890 535339 237253 525308 476332 534117 264890 236784 51371 420959 528312 337031 578670 396941 423030 524474 531397 596226 414528 343823 246735 63410 470729 269730 314497 371260 437301 469936 669932 410610 428375 415225
745730 226716 1101624 675129 681112 654373 903830 993623 922356 639243 848380 957459 81700 856734 904384 633609 424214 617999 558427 415931 1174616 642640 177824 472257 449782 1111183 192783 684898 224355 317555 312504 883028 662543 573202 956035 860775 868444 519019 667761 999999999 1173214 1031106 336784 1111763 510152 1030392 1009544 677615 1131725 765605 806018 260336 1286811 699616 999085 640745 882620 744106 305613 886306 981532 682999 307628 963790 324338 1135298 959229 900456 581224 851020 605719 849111 510473 752888 638190 898728 714348 645236 285014 694956 738626 1058662 959679 147151 137009 234634 266971 487936 913850 655004 892803 793033 848701 494493 278028 990482 876358 1077310 1010325 745029
873165 992203 275935 543476 806827 790377 518140 382532 371224 607056 336836 219105 1121811 861638 324883 540029 962695 580497 842270 777973 67315 573185 1059462 847514 730463 62563 1011535 684883 991670 859467 984674 479575 713899 758754 565696 749447 436539 654229 507553 1173214 999999999 221855 892862 63094 844933 144629 239449 811562 42059 634822 521661 982152 116050 859086 238107 540157 340924 669150 871694 718546 371606 523451 921910 392690 848878 181045 626215 419378 598459 784769 664991 685564 916454 854652 663831 300619 465181 799183 998031 623176 915049 119313 507111 1031497 1036297 1072773 921897 807112 270723 519506 661593 464533 434950 786321 941537 437683 849095 97864 328067 726754
883074 830478 419002 363783 591130 577456 574019 165141 419836 555624 292205 139272 990651 899567 343715 423183 769279 499851 802048 670695 179306 396140 897510 782463 614679 191008 890152 473782 875820 732150 806559 523435 503800 558567 347385 792520 466228 525842 401828 1031106 221855 999999999 791698 196526 647050 180956 321611 596036 200805 645065 534644 814350 325000 857426 32406 443551 149752 674468 744153 497155 151773 460105 754019 171708 712246 104205 408440 199144 493054 824221 614743 463713 867720 866725 627814 294822 376885 781285 823355 416281 922146 133502 584712 898084 895244 900142 800476 740957 251757 387428 715678 262582 222444 598176 831664 221631 627477 187254 111382 735654
441970 306419 781875 485399 652374 616856 568323 801458 600391 312229 556552 690235 261934 547413 595013 368545 491430 313101 242082 121351 906991 458774 339445 147945 180288 830403 144169 592285 113937 121753 397083 550467 583470 508718 824509 533786 541607 273804 392869 336784 892862 791698 999999999 829822 496854 748335 701331 651286 850812 428909 473298 335877 1000835 392776 759499 355013 655208 408232 119394 812775 784994 374143 320286 772979 165504 892325 848617 712432 300059 528730 271859 764044 223376 444523 302098 599658 429105 322426 381292 568760 446407 787227 623999 197410 229967 404125 91736 153724 623172 406162 558300 602106 657861 431692 58920 816066 853423 795003 801905 413936
817276 933166 245852 490024 765252 746882 467390 361626 316683 544565 273743 162226 1059648 810111 265057 478265 910243 517407 781032 715138 101595 518833 1000318 784927 668015 6022 948976 640854 928915 797397 928411 426088 669134 709365 543762 698262 380152 592752 445310 1111763 63094 196526 829822 999999999 794323 81843 187270 769832 21265 577762 464026 924042 175236 801635 204994 477407 295071 611680 809618 690872 348114 460436 863972 367294 787477 187837 604864 385544 535866 733133 602709 654666 854795 798993 602365 238325 402410 739718 941067 577447 858926 70301 460928 969568 974926 1015268 859427 744436 207674 459108 611899 418684 394474 733081 878640 418045 820259 34853 307577 670070
885712 285677 893217 307399 172649 144237 823722 552029 752957 575021 603811 634027 515257 971430 694031 416812 124994 495233 696597 430304 820898 282930 334497 611562 390903 791310 479427 195445 490503 375213 203504 778326 166844 89057 465593 914597 732656 352530 451956 510152 844933 647050 496854 794323 999999999 724968 775024 169708 809528 755361 719674 249952 959352 837873 619941 461693 505573 756688 378926 376797 546325 539789 211733 524221 331408 744221 457964 466545 428473 925528 591125 342595 708000 881089 633077 660103 499349 749109 229617 235005 903679 726718 872509 440518 410196 300073 427766 589054 650461 395915 894619 384752 427480 83368 486482 530907 374270 765358 585889 796027
752780 853905 238671 418351 707597 686820 415003 339227 259912 466398 192986 92169 977897 753442 196687 396797 838367 436265 705822 633358 167848 445799 920921 706230 586187 82091 867133 580745 847098 715696 852091 369078 607857 641850 514831 642787 317861 511452 363564 1030392 144629 180956 748335 81843 724968 999999999 144228 711949 102575 512051 397969 845731 256424 734238 175967 395584 238152 544959 727913 652211 322668 380285 785889 338318 706182 215507 575721 343755 454023 676658 525086 612063 778510 734982 526917 162343 320594 668461 863963 515549 793873 59998 416950 887925 893624 937528 777593 665477 127869 378890 559705 358526 342702 660647 796909 395301 778980 47054 288530 604624
634177 857020 120809 471681 787329 761895 280139 471434 132212 395814 174184 200059 948640 623131 106344 391321 877810 392728 616115 596799 288854 492720 922021 633390 559949 191724 832629 658308 808598 692174 872703 240132 682105 699399 638128 511154 199069 502740 353223 1009544 239449 321611 701331 187270 775024 144228 999999999 791131 205537 397258 285624 855403 320667 621556 311171 371538 340406 432065 704017 762919 453323 328642 798037 465872 691529 357931 697818 458975 430346 546172 449586 718445 692485 615551 440972 117593 302405 565916 880335 591238 676181 202900 275527 863160 875541 949263 746251 594930 126279 390833 424640 445309 444952 701772 755170 525920 884591 164103 424111 488537
1010057 454804 911937 329730 5330 36889 893767 467642 797352 673552 632614 620148 684913 1086409 727599 489401 265611 587275 831122 569549 775320 320091 500553 752573 521080 765773 646649 132851 655872 531465 366724 843714 110598 145676 338160 1017436 791179 460311 517476 677615 811562 596036 651286 769832 169708 711949 791131 999999999 781550 851321 796026 418296 920333 964165 574599 539922 475367 858681 536805 217598 467805 617908 381366 444288 488120 681417 314983 398516 522872 1032998 701344 195009 852125 1003126 741235 685054 556405 873286 393861 199893 1032426 699629 936962 609769 579887 458581 589520 725190 665170 454655 984665 353433 376613 219678 647361 432366 205696 745779 512166 905023
837062 951957 256859 506292 776909 759269 485592 365124 335918 565824 294878 179667 1079999 828663 285762 498371 926219 538496 802116 735929 84669 535497 1019163 806191 688533 20582 969570 653397 949646 817690 945980 445087 681979 724054 547989 716688 399971 612709 465693 1131725 42059 200805 850812 21265 809528 102575 205537 781550 999999999 597828 484222 942415 155918 821835 212369 498130 307956 631862 829915 697316 352512 481656 882263 372445 807403 180674 608955 393891 556477 751700 623950 662260 875954 818713 623485 259557 423148 760417 958938 590619 878780 82976 477716 989784 994843 1033382 879962 765701 228882 478496 629853 431768 405396 749345 899484 421233 827206 55838 310736 690051
240826 693961 425040 543761 849692 814914 155680 741971 265375 180402 353687 507079 689230 260901 315366 365582 811855 264242 247649 379807 676865 540856 744644 303901 385850 581181 572835 737615 541649 486493 755201 165500 747410 715216 855050 169002 198394 402834 345187 765605 634822 645065 428909 577762 755361 512051 397258 851321 597828 999999999 114105 710467 716153 224351 620259 314150 571793 35459 494651 922592 721827 240690 669309 722746 510687 718037 903269 683366 329892 191742 175179 870288 324945 223332 134400 355360 323870 176881 750065 680884 281825 569499 206514 624741 653060 797253 508060 279481 397332 407489 141456 605306 641068 672125 487578 782995 1014062 548340 713372 92575
354826 702943 326972 474320 793796 760638 106652 639752 155405 170350 245942 395854 734502 365382 201283 307710 791583 228425 337617 397008 562851 477382 759934 372273 385222 467363 615932 674478 587006 504601 750087 77177 688119 668169 764054 261490 87033 374818 278640 806018 521661 534644 473298 464026 719674 397969 285624 796026 484222 114105 999999999 713519 605908 337616 510992 259119 471482 147654 514590 844658 619587 180348 665610 622344 520051 604941 815293 587545 293711 291097 201450 793176 415466 337135 176180 242405 244557 280808 749102 613340 395924 455570 160718 660344 683063 804756 540321 339155 284853 341810 198485 519074 549128 636722 531738 683588 944496 434344 607971 206678
773852 39131 962344 450599 421624 394187 819575 754823 795039 545350 683026 763054 269727 875153 757128 464091 179125 491467 573416 332005 972843 418212 88509 479202 328846 922412 261409 427858 282636 231246 66390 785416 404107 314953 700813 845412 754757 355550 502298 260336 982152 814350 335877 924042 249952 845731 855403 418296 942415 710467 713519 999999999 1098067 724353 783545 489342 664725 700011 226584 625989 744810 553049 60503 725266 200330 917637 700889 662778 435014 846670 535359 589302 558894 774507 576291 738423 553427 646326 45637 444701 781128 863572 874236 207851 170445 94011 246227 472403 743274 469526 850684 561090 614130 239520 300902 745436 619546 891112 777927 722247
949341 1107839 316151 659138 915487 900530 585728 476232 451028 707568 444493 335028 1234010 926547 418627 653221 1077837 687758 935863 887825 146508 689026 1175058 947816 841985 176231 1122539 795672 1101821 971949 1100710 554221 825115 872653 657111 814568 519001 767843 619796 1286811 116050 325000 1000835 175236 959352 256424 320667 920333 155918 716153 605908 1098067 999999999 939806 345856 650708 454209 751293 984159 814673 468105 628440 1037855 490507 962576 257876 716244 524113 709585 850626 764089 785211 1011622 930314 759161 402737 575756 886497 1114077 735236 991628 235280 565061 1144251 1150023 1188785 1033256 908137 377809 634295 724288 577183 544462 901800 1050862 528770 945682 209514 422947 806193
49508 697563 642154 694292 963652 927336 363317 938297 489535 322555 565605 722073 618030 157271 537940 515759 863437 405738 151108 410625 900147 682516 732040 245633 447285 804941 517370 868341 484938 495020 781657 386307 871224 819686 1029934 186800 422743 505411 508844 699616 859086 857426 392776 801635 837873 734238 621556 964165 821835 224351 337616 724353 939806 999999999 830608 468275 767861 189976 498301 1073175 918462 414150 699239 916176 532603 936120 1071979 869785 457137 163781 274701 1020639 189950 53274 243981 574846 504838 91391 768930 821345 70194 790677 402056 580062 617574 796722 484466 254384 615585 563214 259239 778562 822196 759079 441295 973797 1147717 771726 915719 133742
857181 799257 414393 333170 569784 554722 554743 163281 401940 526204 266642 119075 958356 876319 324044 391026 741482 468904 772512 638453 202266 365380 866358 751553 582338 199924 857749 450141 843419 699758 776695 503308 479822 531809 341321 770252 445240 493437 370102 999085 238107 32406 759499 204994 619941 175967 311171 574599 212369 620259 510992 783545 345856 830608 999999999 412050 118860 649021 711764 485901 147104 430429 723160 164134 679955 136261 402458 181688 461077 801425 585136 449962 837529 841080 599146 273757 346190 753395 793157 391009 895891 137158 568018 865803 863137 869822 768070 710069 230941 355051 695054 235196 198678 569281 799314 219491 615294 190364 113199 710230
506751 487785 473657 231407 537994 503982 362100 484373 306953 147033 207947 335336 584130 563360 269360 51436 540908 63675 375465 237929 552048 226741 551754 341450 191859 477594 471831 423560 451516 323431 514380 316986 434165 409237 561758 482632 274589 133793 43776 640745 540157 443551 355013 477407 461693 395584 371538 539922 498130 314150 259119 489342 650708 468275 412050 999999999 320340 326197 335515 612279 465489 78821 434531 459269 320158 541163 604007 407251 59528 502044 195138 559701 432561 495245 224797 258224 75003 379572 518375 367033 538295 432377 411026 495745 505419 583295 382668 300289 274057 95965 444798 310806 356978 379264 401687 513158 700120 442566 472074 379285
