NAME : synthetic_000648
TYPE : CTSP-D
DIMENSION : 100
GROUPS : 8
RELAXATION_LEVEL : 1
EDGE_WEIGHT_TYPE : EXPLICIT
EDGE_WEIGHT_FORMAT : FULL_MATRIX
EDGE_WEIGHT_SECTION
999999999 916927 963660 353575 839656 462329 628151 724450 409166 493272 981488 751754 900578 920370 604981 747282 621318 250302 748809 926065 246133 825929 291445 257711 946008 448137 407672 826674 893690 711382 454277 817754 388884 547569 438757 668964 330904 1077258 875069 619810 370138 853712 736417 271738 514332 580127 859150 301272 634646 744590 311822 829556 428498 421113 377181 825036 938493 651417 566512 107500 400762 636856 546040 746358 697115 413588 254804 449816 654243 562955 562963 466726 759002 661673 868920 320831 770273 500372 260386 374643 1031672 687017 529291 533834 729565 692785 435699 811116 505945 280006 723266 244721 664422 838042 738297 264466 768565 610287 51356 570878
916927 999999999 973484 597751 348414 754787 367678 414688 606629 534537 65051 827999 114290 801658 313235 422665 712873 916200 668826 927400 887878 556919 730759 742836 462392 633049 615314 90316 90513 704933 638011 115926 646301 573691 704922 351349 592403 331330 58001 570045 715363 471982 334690 923440 500905 338953 823025 662664 303390 906620 608052 211158 981189 550003 539904 178549 48402 473296 609058 954756 958769 854682 862185 825299 846044 601170 1091217 955335 599513 392141 358065 539003 181012 420261 609071 1026132 896465 428425 1114484 619738 372687 729450 401833 413586 783339 574836 546612 202873 576674 666578 454192 673856 392040 835878 404607 690035 844609 659834 909922 502224
963660 973484 999999999 982234 627182 508227 1050417 572192 1071169 621329 999174 219256 864843 178526 844709 557517 375215 732875 322800 48608 726221 416993 1077275 729044 552255 581019 640976 936302 884857 313815 1148199 981301 1092090 1175701 548619 1079397 810345 796415 918723 476476 615393 506566 652091 715665 635502 893176 154784 1005948 962355 223191 829920 1096142 594341 1013145 864458 1062177 1021791 1178691 486002 891182 607933 327444 421388 224709 266815 647163 887915 556215 1280813 989462 902594 647849 831395 1140452 369743 739633 194231 928108 917315 678915 706302 314703 776582 738527 254769 1290427 1029219 1072696 567075 770150 532547 900999 1116283 153423 578218 765399 199964 415033 915037 577402
353575 597751 982234 999999999 626543 505983 275659 543743 92883 368954 662620 765591 608614 877771 309003 569928 607324 474425 687067 935990 450481 699456 140596 323041 761718 403128 343254 508973 595401 674851 169471 488409 109988 228908 450958 315813 174180 822825 565897 525387 398936 687640 517876 492303 365558 264028 842086 64923 297617 798216 158518 481309 625066 68704 122471 480986 610720 307528 499604 427861 594326 695379 634523 760332 734541 335721 585175 623448 345980 215824 243072 339483 468938 310466 756739 586956 811573 170137 599197 307621 800386 668052 278543 305644 727504 374941 85460 464691 417838 240092 561721 131798 311278 832401 552725 257705 785791 568534 366671 433531
839656 348414 627182 626543 999999999 515896 535244 125841 682870 352295 372105 501103 237783 453589 342349 113093 418040 745226 337586 582029 719628 210324 764635 601694 145247 428994 445019 326011 258593 383238 744773 377642 718940 723343 484315 547482 523187 254822 296238 292115 524971 123763 109125 744623 326837 401203 479600 682533 437314 585468 546516 501756 750948 614170 516585 464968 396804 671759 348912 837474 736216 556012 590014 499352 531832 435207 939491 716618 796858 505292 420580 375307 239598 621374 260678 836304 569737 483385 967714 470512 193209 414423 348260 325440 459178 789295 621714 481275 361429 559650 149438 634153 591899 495374 110296 576148 515326 372382 813799 281085
462329 754787 508227 505983 515896 999999999 657584 391332 598753 225703 807404 291502 683702 459659 492572 403138 163825 264445 301425 467664 246946 413417 579814 220971 570449 130332 176671 680067 690424 255671 675389 702940 611814 724084 59313 696178 333263 770092 698243 226393 110643 473377 448149 255372 258196 516720 396822 515948 595418 300409 347467 782190 235669 552167 403738 758092 795049 761754 167249 405720 220394 192819 131667 286037 243007 189437 455756 203837 838654 583818 515714 232170 574300 737562 440455 330209 320024 508352 486156 203341 698816 227181 395524 365823 267253 858731 570327 757836 178153 272756 367801 404149 721032 376089 406751 263278 309406 170510 416539 255250
628151 367678 1050417 275659 535244 657584 999999999 506906 252291 449406 428253 852756 418491 909405 209345 530116 700041 712520 729126 1001853 685550 683797 386509 540159 680408 529751 481619 291414 397659 738663 271786 251787 290159 208224 598328 42477 362367 658307 355050 575276 571775 635896 444947 726898 425774 157259 897405 335095 98063 908672 364673 209546 834851 211545 285094 216384 366373 137055 578815 695043 806098 821874 787902 848276 841978 468345 849242 822810 262065 75967 149000 431985 308305 90787 745178 828502 912242 153862 866021 461915 664164 746108 277272 314592 808535 254904 201174 196376 507407 449463 540230 391456 66124 897367 508349 473238 872805 649286 637169 475121
724450 414688 572192 543743 125841 391332 506906 999999999 611234 232121 453090 413361 318492 412592 298659 26198 306617 619980 256207 524399 594634 177006 676672 480524 224823 303762 323204 366246 332708 290248 679584 409434 644280 673677 358521 528242 419367 380601 357272 171171 399774 143901 81115 619049 210377 355699 418042 594136 410998 492350 443321 524366 626835 543087 426093 490079 461651 642957 225163 716389 611373 448034 472304 410622 433069 314385 814661 593306 760826 461165 371354 257728 259422 597213 238342 710464 481780 421776 843105 351345 316487 315621 270000 238620 368651 760229 553593 501178 236234 445379 40126 532164 569732 426952 15553 459991 430179 256861 695902 157443
409166 606629 1071169 92883 682870 598753 252291 611234 999999999 453661 670097 855534 634296 961807 348117 637355 696920 558133 771207 1024533 535440 774002 136343 413599 822680 494000 434390 521806 617970 761778 77334 492333 39809 143625 543456 286112 266301 860536 582723 608736 491816 754517 576233 576897 446869 294179 929038 111316 304013 889993 251332 461410 714083 68749 206950 468250 612341 242972 586650 495275 683201 787724 727405 850322 825952 426236 653495 713930 258961 214669 272671 425155 500872 259709 832711 668220 902759 201908 664635 399510 846882 756567 341370 373346 816684 291710 63099 448653 504926 332484 632888 216591 268864 920420 618751 349362 875804 656547 431050 513653
493272 534537 621329 368954 352295 225703 449406 232121 453661 999999999 590161 411238 473732 508847 268827 254232 253970 400761 318131 573848 373766 346633 484028 249400 452799 98695 93357 456550 476975 309039 529798 477534 478390 554536 171631 484951 210205 601285 479312 156758 184993 361645 258319 403371 33638 299211 475993 404589 377086 460522 233671 557728 446654 392893 247298 532819 572879 567074 135554 485222 424485 372734 347810 406358 393900 82921 591552 421528 661499 380165 301832 30791 353542 535219 398722 501876 466432 311477 618886 119242 545486 307445 175337 142160 369317 674125 408467 533271 58060 216416 230318 320111 514976 468945 246502 229052 431611 207158 463816 78258
981488 65051 999174 662620 372105 807404 428253 453090 670097 590161 999999999 864230 135869 824474 377203 457949 756463 976422 702761 954133 948162 582429 795159 804091 470943 688183 673288 155209 120582 742154 699551 177923 709687 632373 759174 409265 656106 306777 111646 614771 772709 493335 375544 983112 556555 403966 851399 727522 367556 945012 672108 256302 1036301 614264 604594 228043 68159 527801 657126 1018137 1014623 898513 910947 861840 886155 659313 1153280 1009322 651934 455912 423114 596359 237916 475607 631014 1085359 933000 493416 1176877 679389 362038 768660 463891 473800 820271 624873 610519 252631 629770 729191 491501 738663 448299 866196 441622 752461 880054 704255 973962 553048
751754 827999 219256 765591 501103 291502 852756 413361 855534 411238 864230 999999999 728533 195081 653203 406349 158814 531631 163571 176542 521366 305745 858193 511394 475362 363014 423058 776679 744617 123487 932778 815864 875185 964802 329557 884744 592734 718878 770633 280088 396871 398787 493931 516542 429356 696751 117529 787490 770014 87446 611807 922188 417993 799328 649560 890603 875010 976238 276224 686025 424288 131435 225340 5487 66153 429911 702396 377102 1072719 787626 703780 435799 667303 941295 287981 557432 68830 722017 732745 460533 631511 106927 575737 538187 45613 1085015 815908 897966 354847 550901 373820 681841 918878 89927 423518 546235 20392 204594 704424 378136
900578 114290 864843 608614 237783 683702 418491 318492 634296 473732 135869 728533 999999999 691244 302401 322406 623587 869410 566906 819428 841526 447857 747417 702222 348121 569701 561649 133138 25945 606686 677269 185638 673941 626279 638482 412718 569959 242091 75219 483132 658532 360438 242808 874223 440646 344949 716186 672690 335066 809693 588795 305451 915968 571338 530332 269124 161773 540615 528330 925957 895822 765530 781960 726189 751393 548296 1052907 887063 669578 423065 366269 484007 142398 486752 498030 974633 797325 439809 1078044 572772 267131 633701 371775 373068 684702 650409 571687 291149 508007 634697 356392 664207 456893 730596 306566 656665 744265 572069 887300 428460
920370 801658 178526 877771 453589 459659 909405 412592 961807 508847 824474 195081 691244 999999999 700472 394637 299256 715347 190719 139894 702141 245515 987504 668622 373749 494041 550850 769939 712142 211698 1037239 817189 987225 1052953 483213 934862 713447 618463 748120 353080 552674 331142 489579 701967 515386 753062 80392 910648 816989 261598 735375 935570 612343 899160 756070 900536 850058 1042132 381366 864450 617278 325892 417547 199054 261228 553487 892972 571303 1151828 854283 765028 538355 668357 1000172 193469 749854 228613 799977 923501 590254 528295 233353 644166 606494 197921 1157061 913697 912776 461887 690134 374637 815199 974260 111776 416271 690779 188617 319115 875729 450388
604981 313235 844709 309003 342349 492572 209345 298659 348117 268827 377203 653203 302401 700472 999999999 322565 505987 612405 522312 796100 584027 475144 449268 436220 486415 362471 328238 223673 291902 535574 404690 225787 386308 381701 435671 234972 279234 514866 270132 373297 428191 432189 242531 621795 239134 59039 690845 372054 117656 715075 294904 289667 699486 280791 229617 266965 339579 344488 385554 641790 673871 636499 616636 649010 648799 313732 780751 679608 462766 164597 78333 260663 160758 300098 536529 725558 715467 146278 803184 322766 498814 546295 99428 126881 608187 461592 285330 265381 323909 355568 331104 364127 273797 692331 301112 379507 672875 453200 596764 276033
747282 422665 557517 569928 113093 403138 530116 26198 637355 254232 457949 406349 322406 394637 322565 999999999 308521 637336 246164 510121 612406 155058 702724 501441 200181 321617 344116 378951 338282 284282 705554 423962 670455 698890 373307 550546 444547 366990 365890 179060 417469 117712 95036 635714 233934 380039 404164 620198 433692 487345 468536 541002 637965 569175 452161 506169 470213 666476 235995 737099 623523 448644 478091 403910 429877 335846 832513 603531 785123 485696 396054 280696 274324 620197 216048 725554 475085 447401 861209 373418 299063 311958 296074 264815 362326 783919 579604 518145 254402 468761 36814 557410 592452 414708 22074 482845 422444 260927 717939 178007
621318 712873 375215 607324 418040 163825 700041 306617 696920 253970 756463 158814 623587 299256 505987 308521 999999999 426995 140259 329737 410520 269757 703428 369795 438923 206019 265860 651652 635932 91846 774126 685606 717076 806301 184216 733609 435129 662088 654872 143215 253694 345758 381044 416441 274451 545717 243777 630985 621038 209239 454802 784293 362442 640515 490782 754746 757870 820690 121286 569245 357071 142051 177232 153695 142818 271961 614898 322978 914876 632903 551193 277524 541410 787443 285693 481304 212644 565418 645499 304103 582202 66348 422874 386076 120556 928071 657112 759786 196805 398410 271962 527766 766035 228584 320045 396255 179167 54068 577255 230441
250302 916200 732875 474425 745226 264445 712520 619980 558133 400761 976422 531631 869410 715347 612405 637336 426995 999999999 565777 699363 28393 673339 480609 176986 821313 316250 308922 830629 869770 518492 623541 838173 553470 701066 269482 754915 351570 998516 864845 474236 220255 724195 658213 21810 432047 611399 645912 449905 683627 510143 347853 885676 179324 539677 427508 870839 948540 778294 413948 160112 150719 406661 311595 526521 470974 321695 195814 199615 817092 637546 601148 386214 739073 771917 703941 116044 538780 561304 225317 297313 936199 487471 516269 502708 517944 848566 557980 863363 383813 264856 605549 342933 765087 621067 635392 240500 546063 433569 198965 464723
748809 668826 322800 687067 337586 301425 729126 256207 771207 318131 702761 163571 566906 190719 522312 246164 140259 565777 999999999 274235 548194 147648 798107 492443 320887 309409 363931 622365 583839 56861 846797 664502 796506 864574 310839 757204 523654 559506 612010 162646 378719 237722 337317 555918 325213 571915 168539 720589 639899 248986 545894 776118 499260 708907 565354 742949 716359 859294 192899 703889 495768 241240 306825 161988 201189 365451 754953 458978 965608 670391 582286 347702 514656 819521 148606 621372 232151 612831 785532 403276 473870 94607 458331 420339 123032 972728 723658 752363 272075 504859 216093 627220 794764 172419 264770 507532 177909 138522 707128 261462
926065 927400 48608 935990 582029 467664 1001853 524399 1024533 573848 954133 176542 819428 139894 796100 510121 329737 699363 274235 999999999 691378 371705 1032801 687889 512190 535752 595585 889036 839111 265752 1101471 933684 1045914 1128020 505866 1030792 764640 757833 872336 428123 573397 462476 604512 682847 587555 844607 106516 960722 913747 194122 784509 1048098 567800 966048 817700 1014245 975654 1130267 438712 856468 579459 292705 388005 182029 229406 601412 859908 528655 1232767 941043 854081 600647 783725 1091913 326654 712181 162236 879975 889666 633807 667650 267991 728184 690122 209199 1242155 982006 1024602 520016 726356 484658 856759 1067708 105215 530671 722310 158259 368059 878029 529054
246133 887878 726221 450481 719628 246946 685550 594634 535440 373766 948162 521366 841526 702141 584027 612406 410520 28393 548194 691378 999999999 652244 462280 148807 797998 290908 281548 802255 841737 502304 602088 809792 532077 677935 247325 727909 324118 972504 836598 451478 194946 701034 631566 41958 404787 583253 634291 428224 655698 504372 320983 857671 190950 515063 400464 842672 920161 753132 391481 165091 160842 398990 305098 516161 462221 294151 220107 206083 794288 610421 573136 358662 710875 745895 684387 143570 531995 533966 248972 269192 911032 472348 487878 474418 505515 825118 533470 835305 358402 237222 581054 319450 738643 610271 609999 212950 536497 414280 195031 438810
825929 556919 416993 699456 210324 413417 683797 177006 774002 346633 582429 305745 447857 245515 475144 155058 269757 673339 147648 371705 652244 999999999 825127 569341 173402 378363 420206 524733 467946 202905 845362 572680 804597 846121 405193 705191 555001 413256 502861 206389 465552 94273 248002 666753 338912 531488 269859 743648 588003 392922 578871 692546 631338 707169 577910 657018 605288 819616 263015 796859 624044 387654 445673 305079 348597 416625 867698 592363 936299 636383 546323 377130 424824 774177 61389 742916 372383 592426 897830 456581 326652 239782 436998 402041 268927 936687 719220 670197 320991 559125 144872 666364 746737 287319 177131 567866 317015 243687 789640 271072
291445 730759 1077275 140596 764635 579814 386509 676672 136343 484028 795159 858193 747417 987504 449268 702724 703428 480609 798107 1032801 462280 825127 999999999 368723 897480 497758 438614 643373 733387 779152 163999 618635 104670 260450 531246 421750 274647 963401 702003 640010 469172 820162 655640 501308 486698 402470 944733 82566 427672 879688 252215 596049 650853 181085 250592 601068 740180 374274 606141 388536 619971 772633 699932 852774 819425 434594 544369 658060 363170 340492 381163 453370 608683 395225 880395 581678 897098 307641 551664 399682 940498 767430 416424 440920 823728 402616 186935 582325 526035 308237 691694 176530 405174 931810 686553 316602 877863 670994 322606 555046
257711 742836 729044 323041 601694 220971 540159 480524 413599 249400 804091 511394 702222 668622 436220 501441 369795 176986 492443 687889 148807 569341 368723 999999999 696714 190994 157352 656133 700746 457690 486122 661984 417884 551680 185583 582310 177796 849422 692846 362966 116132 602255 505524 188586 276318 434446 612056 315513 507138 519670 178111 708969 303067 382525 255711 693868 773790 615864 308848 235910 272666 410898 332461 505909 463894 166499 350694 300442 668789 464535 424445 227917 568054 604545 611330 292094 540634 387366 376008 132691 794884 436118 341392 330873 483834 696101 401277 686542 251788 90839 474255 200481 595401 593594 495231 67939 529750 354093 220400 323445
946008 462392 552255 761718 145247 570449 680408 224823 822680 452799 470943 475362 348121 373749 486415 200181 438923 821313 320887 512190 797998 173402 897480 696714 999999999 510825 540186 457340 372664 376298 886617 510977 857799 867916 552227 691993 644086 247229 417270 347439 604756 97309 246680 817247 433922 545411 420920 814953 582520 562807 668003 636187 796728 753942 647257 599035 509442 816803 408006 931122 787082 560970 616021 475196 521333 532996 1017104 758826 942092 650016 564397 480159 381235 766166 191274 900235 540011 625214 1046585 571453 157668 413057 483614 456636 440845 934240 762423 617103 445714 668409 222874 756796 736578 443905 212881 681843 484822 406022 915197 375174
448137 633049 581019 403128 428994 130332 529751 303762 494000 98695 688183 363014 569701 494041 362471 321617 206019 316250 309409 535752 290908 378363 497758 190994 510825 999999999 60045 555217 573961 283111 571334 575496 512424 610239 73541 567634 229751 682643 577587 171978 96012 414894 345119 315904 132244 386659 447236 424983 465335 396959 248912 652136 348208 440796 290273 628491 671566 638486 119289 421225 326602 298680 258382 357698 332199 68001 510988 322843 722335 456990 386211 101879 452037 611658 420926 410491 408782 383036 539601 98133 620124 269682 265193 235914 326557 739535 458160 627826 67566 196114 290965 322763 593953 434089 319156 198144 383096 174989 411284 149216
407672 615314 640976 343254 445019 176671 481619 323204 434390 93357 673288 423058 561649 550850 328238 344116 265860 308922 363931 595585 281548 420206 438614 157352 540186 60045 999999999 533398 563214 340926 511716 548559 452441 552544 117412 520754 169715 694636 561750 216338 100798 446592 351580 312725 123300 345177 506119 365150 423617 455893 188950 616435 371545 382221 231870 595127 651085 585363 171215 393185 346651 355786 308094 417743 391571 14527 498448 351513 665561 407429 342239 77643 435405 560917 466867 413130 468402 331699 525639 39414 638096 328994 228896 205470 386417 683999 399809 592482 99236 141687 317422 264501 544647 493582 337963 147890 443141 232647 375079 166110
826674 90316 936302 508973 326011 680067 291414 366246 521806 456550 155209 776679 133138 769939 223673 378951 651652 830629 622365 889036 802255 524733 643373 656133 457340 555217 533398 999999999 109337 653212 557526 54549 561598 499566 628047 281774 502895 374962 63700 508530 634016 448071 285245 838566 423132 248817 783112 573893 217801 851675 518193 179361 902315 463210 449609 142179 118013 408752 542014 865459 878925 792185 792559 773548 788980 519065 1003305 878057 537430 307227 268164 458350 110268 354895 581147 941725 844251 339189 1026194 535414 397190 674561 314742 329274 731340 517464 460799 161945 502245 578261 406370 583541 325287 793053 358721 601923 794307 597825 820023 432040
893690 90513 884857 595401 258593 690424 397659 332708 617970 476975 120582 744617 25945 712142 291902 338282 635932 869770 583839 839111 841737 467946 733387 700746 372664 573961 563214 109337 999999999 622214 659003 160818 657708 605766 643777 390396 563760 265718 49483 494434 661189 381915 254969 875214 443600 331374 735312 659807 316720 824880 581924 279715 921305 556005 521098 243497 138647 517854 537703 921969 900506 777980 791561 742137 765724 549608 1051346 893231 646651 405422 352436 485673 134912 463984 519242 976329 813326 425834 1076050 572597 292945 648326 366389 370309 700442 626772 555666 265707 513633 630919 371356 655405 434259 749035 321479 653302 760696 583827 881820 435357
711382 704933 313815 674851 383238 255671 738663 290248 761778 309039 742154 123487 606686 211698 535574 284282 91846 518492 56861 265752 502304 202905 779152 457690 376298 283111 340926 653212 622214 999999999 838323 692676 784807 862503 272856 769040 506555 612316 647462 163421 342103 290404 370606 507536 321822 581702 167284 703882 653016 203188 527730 800104 444321 701883 554860 768126 751806 865470 175262 660980 441911 184876 250658 120504 149188 344566 705090 403791 967025 676258 590198 336718 543914 828214 205079 569152 191575 614293 735725 380210 527762 37758 463370 425376 78418 976715 717507 775981 257052 478978 250960 605391 804710 160542 300788 479169 141277 108285 667994 264101
454277 638011 1148199 169471 744773 675389 271786 679584 77334 529798 699551 932778 677269 1037239 404690 705554 774126 623541 846797 1101471 602088 845362 163999 486122 886617 571334 511716 557526 659003 838323 999999999 522184 70074 98717 620416 297355 343420 909772 620231 684196 567881 821983 639973 643016 521919 347663 1005535 173896 342316 967264 327934 473115 784181 138683 283771 485729 638158 220553 663319 547816 753204 864792 803543 927573 903272 503565 705134 785718 200157 254536 326838 501610 549858 252240 904658 730904 980091 261467 713786 476728 901928 833546 409819 443486 893798 238713 126206 463985 581663 407447 702981 286583 269376 997236 686313 423317 953057 733433 482278 588083
817754 115926 981301 488409 377642 702940 251787 409434 492333 477534 177923 815864 185638 817189 225787 423962 685606 838173 664502 933684 809792 572680 618635 661984 510977 575496 548559 54549 160818 692676 522184 999999999 531872 458306 648925 236870 500897 426156 112259 543218 649315 498610 329211 847400 444752 237917 827418 553100 191228 888669 514121 125238 919731 437559 441349 88063 122354 361399 572517 862908 895206 824678 819636 812521 824946 534063 1005065 897412 489211 278555 254823 475971 150014 307800 630093 951097 882759 321343 1026826 546720 451201 712233 323036 343097 770334 467388 433188 107396 526617 580299 449388 573193 278837 836147 403089 604446 833953 631559 814475 461038
388884 646301 1092090 109988 718940 611814 290159 644280 39809 478390 709687 875185 673941 987225 386308 670455 717076 553470 796506 1045914 532077 804597 104670 417884 857799 512424 452441 561598 657708 784807 70074 531872 999999999 158700 558020 322684 282834 899507 622532 634521 503173 787913 611715 572967 473767 333088 952053 104006 343800 906381 265412 498648 714693 105616 231199 506443 651646 269623 609552 479900 683701 802572 738666 869908 843173 445277 637667 716830 268109 254431 311536 449142 540073 291461 862710 660951 920390 240035 647203 416139 884822 777999 375091 405787 837337 304694 102360 486483 527774 341497 664699 217696 302882 942377 652264 356261 895351 678519 414681 541307
547569 573691 1175701 228908 723343 724084 208224 673677 143625 554536 632373 964802 626279 1052953 381701 698890 806301 701066 864574 1128020 677935 846121 260450 551680 867916 610239 552544 499566 605766 862503 98717 458306 158700 999999999 666700 223188 391933 864929 563231 702785 620927 812091 623922 719556 540942 322662 1028319 254618 295648 1006765 381172 393004 853969 172320 320886 410330 568052 125252 690072 637276 823234 908322 854809 959794 941275 542460 795339 851906 117110 218124 304404 529030 509737 164810 906829 811697 1016651 254223 805476 521205 866256 861947 410747 447594 923632 148089 153895 387151 610026 466743 701488 358510 187286 1022920 678309 485622 985193 761566 572453 603122
438757 704922 548619 450958 484315 59313 598328 358521 543456 171631 759174 329557 638482 483213 435671 373307 184216 269482 310839 505866 247325 405193 531246 185583 552227 73541 117412 628047 643777 272856 620416 648925 558020 666700 999999999 637015 277266 739119 649041 204867 69483 455000 408198 265036 204925 458281 426840 464322 536979 349323 292762 725323 277548 495148 345960 701919 744031 702669 144477 394835 257714 244558 190709 324079 288184 130125 465082 250414 780796 524511 456883 175018 523971 678262 439629 352247 365859 449057 494770 145496 672004 250535 337884 309299 299412 800304 513156 701052 130556 223010 339755 354776 661726 409221 374074 216844 348655 172701 396337 211933
668964 351349 1079397 315813 547482 696178 42477 528242 286112 484951 409265 884744 412718 934862 234972 550546 733609 754915 757204 1030792 727909 705191 421750 582310 691993 567634 520754 281774 390396 769040 297355 236870 322684 223188 637015 999999999 404543 654424 345240 605960 612112 652767 462392 769224 460081 188061 925719 373922 117877 942640 407082 176492 876224 250336 327446 188722 344913 128658 612328 736991 847601 857685 825991 880367 875990 507287 891445 863694 257745 117804 183134 468782 313939 75360 766441 870908 945256 195471 908065 502111 666051 777893 310983 347534 840175 243468 238706 166644 542762 491668 563007 433414 45185 926756 528574 515498 904664 682178 678769 506621
330904 592403 810345 174180 523187 333263 362367 419367 266301 210205 656106 592734 569959 713447 279234 444547 435129 351570 523654 764640 324118 555001 274647 177796 644086 229751 169715 502895 563760 506555 343420 500897 282834 391933 277266 404543 999999999 750700 547533 365490 229033 559549 415869 365088 216544 265590 673159 197378 333844 624039 24074 536192 476209 219625 78530 523744 618127 442677 332329 362660 446626 521424 463226 587428 560467 163228 505033 468206 507685 286797 252789 179424 428874 428174 608485 467579 637602 209904 526132 133455 711293 497244 198400 204797 555626 530641 238061 514545 251620 87150 428212 112925 418039 661922 431275 111194 612838 398933 318391 283932
1077258 331330 796415 822825 254822 770092 658307 380601 860536 601285 306777 718878 242091 618463 514866 366990 662088 998516 559506 757833 972504 413256 963401 849422 247229 682643 694636 374962 265718 612316 909772 426156 899507 864929 739119 654424 750700 999999999 313918 544878 778419 321975 343960 998537 573116 566419 668119 884502 570415 806147 772564 540367 1004554 794577 728081 505546 366978 782563 602878 1083941 990486 794041 837715 718302 760557 683829 1191861 969491 911586 655605 587973 621515 360146 728716 438327 1091000 784872 660180 1219659 716926 90184 647326 558151 545976 681923 892416 797437 528802 615171 799054 402400 856259 698792 691061 365048 817674 729512 620584 1055584 533794
875069 58001 918723 565897 296238 698243 355050 357272 582723 479312 111646 770633 75219 748120 270132 365890 654872 864845 612010 872336 836598 502861 702003 692846 417270 577587 561750 63700 49483 647462 620231 112259 622532 563231 649041 345240 547533 313918 999999999 512052 661324 419993 277010 871475 445679 302947 767542 630699 279180 848920 564335 230249 925794 522749 499376 194015 104403 471782 551345 908707 903783 796684 804642 767883 788182 547746 1042413 899389 600219 368585 323268 484934 126346 417968 556285 973715 839025 395761 1066258 567763 342350 671701 353396 362315 725878 579328 521154 216298 520248 618942 396917 633873 388502 779822 347477 642015 787374 601839 865850 445018
619810 570045 476476 525387 292115 226393 575276 171171 608736 156758 614771 280088 483132 353080 373297 179060 143215 474236 162646 428123 451478 206389 640010 362966 347439 171978 216338 508530 494434 163421 684196 543218 634521 702785 204867 605960 365490 544878 512052 999999999 260727 250170 240375 469829 162601 418402 326021 561117 490413 346538 388451 644590 459719 546261 403324 614118 614807 702273 60597 591438 446402 284666 301327 276006 281944 214515 669926 424724 805375 513040 426778 187011 398270 664794 250585 553964 343731 452383 699553 254196 472441 173332 300138 262101 234927 814078 561034 620195 117819 357387 142771 472717 641339 323062 185915 364151 299641 89792 583251 100931
370138 715363 615393 398936 524971 110643 571775 399774 491816 184993 772709 396871 658532 552674 428191 417469 253694 220255 378719 573397 194946 465552 469172 116132 604756 96012 100798 634016 661189 342103 567881 649315 503173 620927 69483 612112 229033 778419 661324 260727 999999999 508224 439454 220388 217888 442086 496028 406019 519918 410863 240848 715274 271303 448608 303539 694787 751603 666908 202537 331349 245957 303462 235664 391384 352218 115267 415049 253229 736696 496367 437487 176404 535020 646936 503397 317069 429642 418998 443773 110080 716110 320002 328763 306248 368115 759020 467082 691494 163566 162605 386344 293634 632889 477928 415168 152647 415602 240214 328776 244680
853712 471982 506566 687640 123763 473377 635896 143901 754517 361645 493335 398787 360438 331142 432189 117712 345758 724195 237722 462476 701034 94273 820162 602255 97309 414894 446592 448071 381915 290404 821983 498610 787913 812091 455000 652767 559549 321975 419993 250170 508224 999999999 190952 719997 345476 490748 362633 737668 538171 485606 583608 621540 700855 686187 569663 585118 520347 772919 310720 835811 690625 473116 522951 397874 438616 440135 919962 663356 894434 596641 507960 390103 355478 724695 137702 803015 465982 562579 949494 479170 237878 325767 413148 382443 360494 890747 696259 600288 350627 578032 131919 672466 696050 381137 135778 590319 410671 310289 821583 283437
736417 334690 652091 517876 109125 448149 444947 81115 576233 258319 375544 493931 242808 489579 242531 95036 381044 658213 337317 604512 631566 248002 655640 505524 246680 345119 351580 285245 254969 370606 639973 329211 611715 623922 408198 462392 415869 343960 277010 240375 439454 190952 999999999 659701 229303 301462 498324 573479 347271 571932 438942 446001 683182 507485 407469 411133 381271 581966 287515 740018 665313 523074 540207 491089 511587 340354 849851 651929 703809 407109 319562 277609 179388 533882 308027 755605 562178 378635 877199 372976 295873 394772 239398 216405 449019 699795 515773 423212 279008 456885 121224 526069 505378 507820 73883 474690 510956 329278 712789 196634
271738 923440 715665 492303 744623 255372 726898 619049 576897 403371 983112 516542 874223 701967 621795 635714 416441 21810 555918 682847 41958 666753 501308 188586 817247 315904 312725 838566 875214 507536 643016 847400 572967 719556 265036 769224 365088 998537 871475 469829 220388 719997 659701 999999999 435254 622628 631540 469234 695710 492672 362485 897445 157541 556997 441808 881895 956559 795088 409316 179682 129090 390295 294845 511493 455091 325936 200945 178481 835806 651649 612957 390325 745433 787723 695747 103861 521774 574991 231127 303755 934766 475730 524829 509870 504238 866840 575393 874922 383370 278025 603297 361135 780314 606204 634524 253901 530545 425493 220433 464982
514332 500905 635502 365558 326837 258196 425774 210377 446869 33638 556555 429356 440646 515386 239134 233934 274451 432047 325213 587555 404787 338912 486698 276318 433922 132244 123300 423132 443600 321822 521919 444752 473767 540942 204925 460081 216544 573116 445679 162601 217888 345476 229303 435254 999999999 272919 487388 405783 349917 482899 240544 526973 480284 383776 243089 501402 539331 546913 153519 511388 458110 398770 378297 424657 416206 111350 621554 455020 645365 358601 277167 48562 319907 512997 393702 534418 486973 293113 648533 144051 519906 323853 149131 113721 386249 656095 398445 502461 84775 235002 213564 328822 491697 482358 224012 250006 449627 224820 487089 68411
580127 338953 893176 264028 401203 516720 157259 355699 294179 299211 403966 696751 344949 753062 59039 380039 545717 611399 571915 844607 583253 531488 402470 434446 545411 386659 345177 248817 331374 581702 347663 237917 333088 322662 458281 188061 265590 566419 302947 418402 442086 490748 301462 622628 272919 999999999 740156 328507 78702 754847 277226 275418 712132 228374 203432 259464 358389 289360 424464 625906 685149 671465 644377 692355 688234 331016 770608 695286 405129 105904 21590 285652 207414 247629 592815 726386 757212 94954 791440 333063 554440 589935 123983 159717 652264 405582 231089 252482 356524 348438 386910 335878 223127 740167 358801 372905 716701 494138 576634 318682
859150 823025 154784 842086 479600 396822 897405 418042 929038 475993 851399 117529 716186 80392 690845 404164 243777 645912 168539 106516 634291 269859 944733 612056 420920 447236 506119 783112 735312 167284 1005535 827418 952053 1028319 426840 925719 673159 668119 767542 326021 496028 362633 498324 631540 487388 740156 999999999 870326 808438 181331 694004 941592 535465 868885 722133 907775 871177 1026888 342535 798107 541754 248958 342523 122003 183353 510549 819389 494607 1131387 837782 750166 503928 677429 987692 230675 674830 148618 778391 849795 545127 578281 178015 625199 587133 129660 1139636 884364 918088 424326 641686 378239 769987 963121 31469 424537 640001 108987 274226 813086 426701
301272 662664 1005948 64923 682533 515948 335095 594136 111316 404589 727522 787490 672690 910648 372054 620198 630985 449905 720589 960722 428224 743648 82566 315513 814953 424983 365150 573893 659807 703882 173896 553100 104006 254618 464322 373922 197378 884502 630699 561117 406019 737668 573479 469234 405783 328507 870326 999999999 362131 813641 176378 542778 610793 123626 168044 543812 675373 350634 529683 384305 579795 708121 640455 782124 751786 359871 542532 613423 368615 278973 307684 374128 532461 360816 799390 558430 829370 234964 554216 327037 859638 693921 334487 358446 751535 402655 136041 526884 448761 243419 609423 115069 365094 858591 603990 256034 807411 596123 320512 474192
634646 303390 962355 297617 437314 595418 98063 410998 304013 377086 367556 770014 335066 816989 117656 433692 621038 683627 639899 913747 655698 588003 427672 507138 582520 465335 423617 217801 316720 653016 342316 191228 343800 295648 536979 117877 333844 570415 279180 490413 519918 538171 347271 695710 349917 78702 808438 362131 999999999 830277 342481 202356 789306 246711 264467 191652 313330 235040 500019 688349 761992 748687 722928 765750 763790 409510 836762 773144 359625 89455 83197 364209 214211 186727 649322 799186 831610 134280 856360 410479 570855 663088 201770 236231 725150 352870 243318 180853 434046 419149 445353 390353 158765 809982 411802 443636 789784 568810 635762 392140
744590 906620 223191 798216 585468 300409 908672 492350 889993 460522 945012 87446 809693 261598 715075 487345 209239 510143 248986 194122 504372 392922 879688 519670 562807 396959 455893 851675 824880 203188 967264 888669 906381 1006765 349323 942640 624039 806147 848920 346538 410863 485606 571932 492672 482899 754847 181331 813641 830277 999999999 640995 991069 373679 837755 687232 960643 953084 1027446 330394 669019 385676 109023 199302 87845 66696 464953 666064 334603 1117714 840596 759994 481711 741656 995494 375025 518166 33996 771442 695730 490599 718912 177328 631742 595154 126317 1132871 855094 966648 402568 571739 453534 703524 974571 149869 503416 563460 80314 261952 695209 439204
311822 608052 829920 158518 546516 347467 364673 443321 251332 233671 672108 611807 588795 735375 294904 468536 454802 347853 545894 784509 320983 578871 252215 178111 668003 248912 188950 518193 581924 527730 327934 514121 265412 381172 292762 407082 24074 772564 564335 388451 240848 583608 438942 362485 240544 277226 694004 176378 342481 640995 999999999 544451 479863 209201 79906 533478 632505 438166 354056 348816 449841 537308 476221 606469 578013 183497 494408 473880 497659 289882 263059 202881 447189 426539 632163 463829 655366 214545 514557 151378 734129 517550 218082 226609 575358 522253 227894 523319 273825 88015 452285 88888 418040 682227 455166 110196 631823 419839 301872 307818
829556 211158 1096142 481309 501756 782190 209546 524366 461410 557728 256302 922188 305451 935570 289667 541002 784293 885676 776118 1048098 857671 692546 596049 708969 636187 652136 616435 179361 279715 800104 473115 125238 498648 393004 725323 176492 536192 540367 230249 644590 715274 621540 446001 897445 526973 275418 941592 542778 202356 991069 544451 999999999 986222 419848 465774 37192 188198 278185 666811 888418 959703 919811 905252 918522 925966 602009 1038323 967886 397923 266787 284535 550326 267744 229255 751018 1001062 987686 332515 1057405 607350 572564 816728 387990 416375 876583 369083 410410 24580 611445 621415 563714 587382 205861 948485 519532 645910 940931 730404 834021 554884
428498 981189 594341 625066 750948 235669 834851 626835 714083 446654 1036301 417993 915968 612343 699486 637965 362442 179324 499260 567800 190950 631338 650853 303067 796728 348208 371545 902315 921305 444321 784181 919731 714693 853969 277548 876224 476209 1004554 925794 459719 271303 700855 683182 157541 480284 712132 535465 610793 789306 373679 479863 986222 999999999 685566 554706 966065 1019220 918002 402044 331272 31009 286601 196720 413692 352155 386072 294105 41176 971045 758896 706365 444218 800187 904272 647195 145642 406094 680992 323156 379084 931272 407781 600059 576735 418173 999029 704309 962541 407962 391849 602195 497904 893165 506692 642213 370524 427746 390713 377358 488382
421113 550003 1013145 68704 614170 552167 211545 543087 68749 392893 614264 799328 571338 899160 280791 569175 640515 539677 708907 966048 515063 707169 181085 382525 753942 440796 382221 463210 556005 701883 138683 437559 105616 172320 495148 250336 219625 794577 522749 546261 448608 686187 507485 556997 383776 228374 868885 123626 246711 837755 209201 419848 685566 999999999 150526 422269 559113 239714 527378 496565 655071 737791 682660 794205 772815 372805 653846 681782 288480 159523 206785 365425 435732 241808 766257 653147 848921 134580 667895 349749 779210 698488 273104 305725 759375 313724 18773 404585 446072 295677 565372 198704 243310 861433 550409 315506 819681 598112 435258 449577
377181 539904 864458 122471 516585 403738 285094 426093 206950 247298 604594 649560 530332 756070 229617 452161 490782 427508 565354 817700 400464 577910 250592 255711 647257 290273 231870 449609 521098 554860 283771 441349 231199 320886 345960 327446 78530 728081 499376 403324 303539 569663 407469 441808 243089 203432 722133 168044 264467 687232 79906 465774 554706 150526 999999999 456002 561500 364827 379704 424157 525152 587615 534951 644397 622305 222287 572553 546275 434920 210060 187378 218376 387937 349643 634752 543527 698492 134744 591908 200503 697469 549785 170855 191348 610170 455723 167955 445033 297977 164872 441870 134525 339726 713498 435978 188335 669883 449665 373372 311083
825036 178549 1062177 480986 464968 758092 216384 490079 468250 532819 228043 890603 269124 900536 266965 506169 754746 870839 742949 1014245 842672 657018 601068 693868 599035 628491 595127 142179 243497 768126 485729 88063 506443 410330 701919 188722 523744 505546 194015 614118 694787 585118 411133 881895 501402 259464 907775 543812 191652 960643 533478 37192 966065 422269 456002 999999999 160760 300604 638317 879993 940084 891400 879528 887026 895889 580632 1027886 946561 423895 265166 270956 526987 232256 249393 715204 985701 956536 325171 1047780 588038 536126 785585 366231 392626 844991 397305 414310 24612 585430 607697 529631 581337 223541 915197 484839 632186 909170 700748 827228 526269
