NAME : synthetic_000709
TYPE : CTSP-D
DIMENSION : 100
GROUPS : 8
RELAXATION_LEVEL : 1
EDGE_WEIGHT_TYPE : EXPLICIT
EDGE_WEIGHT_FORMAT : FULL_MATRIX
EDGE_WEIGHT_SECTION
999999999 391939 284833 418363 434983 515761 729263 601522 412486 245089 560956 570009 432845 62233 88557 310369 488194 390314 413586 182444 151300 687105 392615 360771 41091 33872 563047 233958 696686 534982 90488 508461 478935 681983 649926 580385 504529 222357 379512 423737 489341 304472 619418 216710 339199 230057 224246 531500 236184 247880 454005 448172 111024 199957 495045 139076 389641 612697 318951 175602 292124 563254 89312 364826 626746 810242 283432 375347 372181 572919 466422 476608 255148 263787 107408 260509 611495 641951 722614 203848 574866 342706 417186 521511 193439 575995 247547 777188 45358 270278 305171 516476 650177 318833 387704 508729 208250 608613 460259 365245
391939 999999999 481113 631764 524526 544538 654862 261588 771699 375517 402797 459018 722939 336063 303815 678301 870743 696414 723120 469520 414005 681857 535603 534984 414027 381376 332949 516022 783378 714795 362181 424032 867756 760100 259702 953752 852218 610942 706053 148261 131098 221939 796582 434498 53321 452917 609775 913901 161843 375643 689754 283980 342302 216921 126082 473218 226819 677679 380739 405851 372045 576036 382676 83749 242684 809570 293852 210855 630549 737223 165949 167092 152456 573479 363530 484429 613869 579106 697408 449850 803667 417301 778891 546756 345053 911140 255514 721043 370843 658628 426325 662344 708803 579426 133003 118107 599597 220560 168837 82071
284833 481113 999999999 155487 715859 790984 990662 739734 617644 105794 788651 814291 249379 314595 289572 518442 635612 644727 663859 464538 133663 961799 676885 645602 250447 253201 761630 512763 981143 817563 206160 756641 600540 965978 690118 742255 714020 399665 621899 415889 510890 271830 900844 501107 444417 54804 413489 674358 339952 521875 209794 662565 201395 281316 606970 176043 594567 895029 136644 459070 561155 837500 198187 504530 651653 1087929 198044 326593 152024 856313 621100 464009 418217 150636 385487 32529 885492 903256 994581 488627 847902 124438 618144 796362 144224 792722 480220 1044130 324361 352144 583827 801223 932468 108181 550090 589151 370523 645938 618943 411212
418363 631764 155487 999999999 853317 933129 1139405 892077 682256 257621 942900 966551 148221 458083 438688 592408 667100 738206 753682 587832 274895 1104494 808741 774227 379401 390375 917110 630771 1111264 935822 351493 907998 621124 1097810 826292 774632 775608 473979 708336 552164 648841 415421 1016028 633528 597519 200714 490888 700430 494994 663893 61647 817397 351286 436639 757845 286733 749640 1030437 261189 593638 705625 980324 339451 659105 785130 1228485 340747 460013 76037 976148 775630 595932 573673 187314 524293 165620 1028535 1051840 1138929 617529 952272 231349 680361 938751 299711 855336 632024 1190938 461650 392560 723231 926923 1067898 107487 705314 735948 443814 782657 773700 558419
434983 524526 715859 853317 999999999 95988 329925 537915 478190 653232 304965 257055 853406 402055 434022 445531 622530 333361 353418 280478 582977 258363 69019 110924 474116 464058 385850 259691 274985 203815 510137 210455 656485 255937 729557 652747 508188 484998 372570 653095 654994 620442 277262 221910 489355 661799 469006 655435 483374 197260 887048 300561 518838 507341 529746 569742 317083 179894 714583 259842 169129 141449 517875 442550 735249 376258 646257 666091 804269 217156 441810 687141 406439 689496 330487 694003 187027 252808 298289 242313 312824 746878 489071 102418 596607 529023 288279 361547 392444 596972 132677 141699 217120 752312 406655 585771 501840 706138 431879 569557
515761 544538 790984 933129 95988 999999999 233942 510567 570473 721024 249584 187916 940928 476570 503688 541183 715543 423203 441522 372128 659829 171384 164056 206596 555978 542760 344144 354754 239696 250357 584907 159772 750974 215849 722717 741059 594543 580067 464184 682979 671344 669717 303945 309573 517089 737838 564301 747365 530879 269442 969704 285105 590880 563011 527107 653120 321601 133561 777621 343778 230610 47861 594632 460797 734523 297314 703809 707871 887547 247707 435123 711109 446907 775056 408942 771094 95913 158224 207747 332205 366255 811581 581410 6437 664736 608716 335330 267761 471669 691311 211028 182116 164455 834560 416684 587763 596180 704534 425656 600274
729263 654862 990662 1139405 329925 233942 999999999 520450 798520 909339 256743 195935 1160764 682234 701383 774490 944213 648976 664759 601645 864559 122278 397484 440257 770287 752683 351146 587898 298360 436184 787912 240536 982104 276536 761225 961639 813234 812921 691920 802869 764520 826931 453620 535888 644479 939898 797461 974090 692074 482439 1180779 371555 789469 736127 592673 868313 435270 242641 956219 565396 437168 190243 800494 576394 786345 186809 874636 849540 1100317 414619 504709 817571 602731 992562 622103 974437 152692 87579 90598 560334 546022 992421 809491 227510 855006 816616 512527 68284 684024 923017 433467 376078 233161 1045994 522758 657051 828034 756370 497810 726820
601522 261588 739734 892077 537915 510567 520450 999999999 917509 634826 277554 349872 976443 539607 521533 839079 1038677 808398 834288 613219 659658 590736 579346 597863 632914 601300 174756 644886 737558 741408 597237 352374 1048100 712073 242794 1105542 982076 800325 831238 381218 302856 483279 809140 555774 295493 707646 794393 1080106 405071 477421 949236 238329 581712 464488 137250 708800 247515 635359 642258 545367 447687 521666 617362 242626 273715 701733 555423 463286 886912 750023 135737 368166 349068 819731 536217 740536 542480 469367 589693 579571 849902 678674 926569 509640 599748 1026114 380903 588259 567934 870633 497973 676582 656302 834326 214013 182198 796397 245393 142960 340515
412486 771699 617644 682256 478190 570473 798520 917509 999999999 629215 758596 726640 600186 449545 492541 103353 145752 150478 139870 307373 514903 700967 409478 369977 416516 440127 812173 272791 605647 397203 491844 670463 189707 606236 1029343 188077 96504 218149 106604 831379 886391 716896 443314 361800 719079 571973 205572 177289 634978 441064 682273 698363 516446 609480 847038 446487 670738 579891 705294 375173 476533 609450 480106 718792 1014296 782431 689735 787803 608691 436091 787671 882850 619685 497600 408288 585279 646446 728610 745272 338090 343024 718471 10970 576620 589351 175207 541560 815218 413305 292232 435291 435935 608867 579276 717922 878895 247126 991961 778769 764711
245089 375517 105794 257621 653232 721024 909339 634826 629215 999999999 696505 727088 352865 254771 219230 526374 670273 631175 653077 426339 114727 889778 622105 595396 222315 211233 663304 478782 924792 776099 154846 671642 643246 907758 587173 773581 725180 414187 615334 314291 407856 167984 861464 449821 339936 90966 424452 711459 238890 456106 314453 568818 138328 182197 501472 188907 500008 833085 76364 406316 490632 766163 157784 401877 549943 1018109 96763 228129 257043 812645 518296 364265 321615 227522 329602 114423 813477 822593 920029 442412 819918 97770 631547 726004 56627 801337 396855 965687 274829 395366 520662 751842 870177 209251 449212 483438 388186 542904 516586 305547
560956 402797 788651 942900 304965 249584 256743 277554 758596 696505 999999999 72353 988682 503727 509730 703097 896542 624799 647726 488364 673979 313572 363937 395767 600893 576273 102848 498281 462811 496968 598413 94582 920483 437246 511244 941989 802872 703543 658231 551008 508219 591143 553476 419203 398811 742644 691967 933729 464094 343203 991022 128763 593708 515588 336093 695577 197860 363631 732796 431098 297362 250502 614653 328489 533099 428948 647020 604858 915309 497138 248148 562602 376233 819864 462312 777882 266162 193725 315511 446476 611624 770101 768986 247052 646184 830846 316105 324690 516942 799902 326290 429003 381458 860029 273683 400508 710145 502881 241508 478447
570009 459018 814291 966551 257055 187916 195935 349872 726640 727088 72353 999999999 1002110 516536 528666 679502 867949 586941 608389 474975 693746 241758 321563 357760 610829 588965 175198 477055 391364 438173 617149 62522 896010 365800 582209 906268 763689 692033 623369 606958 570709 634481 489477 405364 448968 765854 679029 903403 502045 335730 1011843 175660 615326 549439 402639 707722 240496 293810 769128 424212 288275 181998 631858 380531 602785 359791 685481 654481 933819 434783 312284 622411 412709 832776 466379 800934 194310 124064 246019 432331 553920 805932 737297 184406 674499 786062 334533 262140 524933 793976 305588 369909 310097 878725 326823 466975 701607 572490 304767 531019
432845 722939 249379 148221 853406 940928 1160764 976443 600186 352865 988682 1002110 999999999 485911 480066 523228 559131 682096 693160 574871 320542 1110861 800158 761471 391793 413304 977532 608391 1093857 903879 392404 940921 507189 1083440 939383 664285 687737 413838 645981 665266 760096 520572 978386 631945 681859 270026 432231 587683 571470 678326 105174 869144 401610 511975 847465 294399 804729 1023340 380939 597433 723905 988786 374885 735819 901029 1228775 447299 575715 98980 945549 851224 713186 638376 169334 539122 239474 1036733 1073760 1148672 611185 902463 358361 596258 946972 377952 766260 672579 1206291 478185 310424 730511 905810 1060261 143975 776001 834524 385756 895173 847778 657271
62233 336063 314595 458083 402055 476570 682234 539607 449545 254771 503727 516536 485911 999999999 45579 350348 536782 407588 432523 181741 183546 647623 367596 340717 98499 72648 502181 236119 671032 523120 108436 455811 531782 654639 595378 624551 537911 274882 403526 381858 440192 276968 608998 195355 282863 261268 274130 580089 186590 207292 498581 388312 117430 161875 435102 191940 328464 581734 322658 151770 247632 523312 118634 304232 574381 773358 271194 344285 418665 558812 404370 433364 194654 316667 74924 294675 571410 594667 681207 190115 574976 351389 455347 482013 198717 605625 188318 732895 36341 331422 269601 497108 619079 364008 325690 451532 264244 554935 398132 316879
88557 303815 289572 438688 434022 503688 701383 521533 492541 219230 509730 528666 480066 45579 999999999 392275 575145 453162 478071 226735 165100 673686 404122 379603 112295 80028 498898 281129 705852 564064 88769 469503 567233 688612 561410 665217 581900 310374 448768 339219 401482 231399 650192 235538 251346 238561 311363 618479 147862 236998 483191 389082 88178 117251 409879 191747 325303 613893 283410 192120 273109 549567 105197 281340 538260 801002 227359 299000 405904 598905 387939 391361 172553 312607 116068 273268 597309 613902 705591 232701 618860 313934 498034 508861 162604 650342 194608 754562 80091 355864 301433 535404 651020 350661 309405 421027 296805 520057 382582 277506
310369 678301 518442 592408 445531 541183 774490 839079 103353 526374 703097 679502 523228 350348 392275 999999999 199684 164969 171547 226264 412305 687979 377154 334633 313249 337298 746615 204967 617521 411077 388583 620133 217388 613811 937334 275495 198814 119775 124117 731493 789558 614451 472939 289374 625243 471355 104966 241088 536724 369675 597777 629816 413252 508664 760134 345334 595136 574314 602556 293781 410288 584367 376753 630048 920230 782841 586416 685653 520824 452654 706460 783470 527487 405645 315482 486298 625917 698192 731466 263184 385114 616479 107075 547571 486037 275576 458945 799462 314008 213280 376896 434919 606979 487199 633784 788303 149847 898861 697983 666901
488194 870743 635612 667100 622530 715543 944213 1038677 145752 670273 896542 867949 559131 536782 575145 199684 999999999 296052 283591 425930 556876 846444 553609 513271 480507 509477 944409 401459 746215 538979 553301 810476 60653 748165 1130422 107799 169710 267031 252309 911480 976467 783952 578159 488001 817441 598391 263955 43335 722598 568363 653959 828327 578648 687818 957446 481366 794767 724753 743419 493452 607622 754980 537642 826636 1110959 925611 744712 856327 591091 576552 905761 964602 721916 496120 511107 603388 792190 873751 890775 462228 473317 749542 134787 721729 640120 231949 658272 960810 500982 283852 570778 580644 753046 574049 832455 983093 287152 1090853 897361 852616
390314 696414 644727 738206 333361 423203 648976 808398 150478 631175 624799 586941 682096 407588 453162 164969 296052 999999999 26749 231974 523356 550489 265898 229588 408860 423084 687438 181123 460342 251709 479633 533617 338784 459207 946250 319567 178210 268746 45970 779124 820116 684555 308528 263298 646286 593060 250614 325136 580031 334332 750035 578825 501299 568009 754336 468832 561405 429715 706795 290981 360718 460671 473654 632694 937150 633662 672899 751111 670137 292261 685039 827203 545131 551250 347214 614076 496616 580846 594797 246567 221115 727051 161398 429219 582651 218588 448339 664771 374550 375083 312140 286004 459279 631028 622083 794145 297850 912282 675560 704452
413586 723120 663859 753682 353418 441522 664759 834288 139870 653077 647726 608389 693160 432523 478071 171547 283591 26749 999999999 258091 544224 563647 286871 252015 430852 446064 711866 207658 466093 257463 502419 555962 329570 466392 972988 299642 155379 281541 47440 805218 846692 709459 307854 290041 672942 612751 263811 310163 606075 360805 763700 604006 524437 593318 780966 487821 587456 441238 728916 317609 386609 477623 495861 659436 963894 642658 696621 776373 684589 296770 711363 853459 571779 566441 373101 632900 512128 598512 608020 273269 214370 748492 150476 447429 605268 192216 475055 678309 399115 384284 337473 297101 469507 646812 648678 820881 311205 939031 701863 730807
182444 469520 464538 587832 280478 372128 601645 613219 307373 426339 488364 474975 574871 181741 226735 226264 425930 231974 258091 999999999 332194 538841 225325 187649 214092 216105 523366 54395 523990 353147 271604 413095 439883 511533 724449 494313 383104 217066 236823 547153 590242 456546 437133 69665 418066 409838 204253 467009 348064 146621 615613 405529 289057 338283 539743 301112 368885 448640 498577 68069 191054 419643 271746 412257 711889 654161 452636 521196 532334 391785 481501 595421 317136 414433 115651 438090 466653 517776 578425 42675 394686 524109 315717 378424 372767 442150 234482 639879 153265 322314 171280 339148 485702 482935 410662 573143 228084 688337 472818 472999
151300 414005 133663 274895 582977 659829 864559 659658 514903 114727 673979 693746 320542 183546 165100 412305 556876 523356 544224 332194 999999999 831013 543243 512008 118709 119562 657668 381707 847489 685327 76787 634396 531921 832396 652108 659475 611030 299462 504870 390480 476029 245743 769191 367446 368420 79032 309862 598441 255610 390392 318097 551432 81292 197458 534947 76913 485710 761837 190441 325483 431167 706719 65235 417521 619836 956235 191642 315929 241359 723684 531878 443653 317912 160268 252494 111281 754854 776987 864753 355149 719901 205182 517072 665331 87413 687622 359644 916128 190889 286702 451363 667776 799296 186082 455887 530217 273551 608179 528079 359312
687105 681857 961799 1104494 258363 171384 122278 590736 700967 889778 313572 241758 1110861 647623 673686 687979 846444 550489 563647 538841 831013 999999999 318721 361104 727254 714132 416052 515781 177455 322565 755853 259238 888134 154779 823798 855854 707100 740047 595076 826518 801737 828829 332806 478923 662170 908857 723415 873754 690405 440698 1140996 401771 761256 726943 640499 824239 455158 126271 944144 514480 400748 124314 765845 599255 843372 130301 867777 861158 1058750 297188 548505 848538 603390 945715 580327 942250 76377 122893 44379 500349 428461 978790 711886 165745 833764 704693 498325 114930 643053 853307 382150 267907 111502 1005872 549316 704334 758348 813038 540200 746030
392615 535603 676885 808741 69019 164056 397484 579346 409478 622105 363937 321563 800158 367596 404122 377154 553609 265898 286871 225325 543243 318721 999999999 42938 429889 423686 437272 197276 304280 179283 473489 270602 587496 289404 756317 585465 442131 421372 304175 654692 666683 606643 262692 175906 495388 622256 404858 586759 473436 176021 839286 341215 484967 489638 556338 522748 345188 223367 687437 217927 164399 207696 478961 456796 757921 429509 624825 658037 756106 204909 472772 692830 404535 639175 293301 653124 251121 321643 360437 191451 274387 717915 420338 170433 565734 466924 285916 425921 352724 534622 113016 133937 260532 705516 427706 608406 439729 729684 462795 571729
360771 534984 645602 774227 110924 206596 440257 597863 369977 595396 395767 357760 761471 340717 379603 334633 513271 229588 252015 187649 512008 361104 42938 999999999 396721 392763 463382 155789 337043 188121 444381 304057 545974 323986 764374 548557 407298 378963 265724 647369 665565 590216 274225 145706 491990 590829 362316 547205 460385 163700 803139 361399 457399 471688 565347 487641 357555 262154 662756 189098 164065 250595 448515 458929 763335 469978 603746 644796 719873 220105 485259 687836 397294 602075 265815 620875 294020 363709 403067 157234 268749 692088 380761 212997 539434 436885 280848 468791 322825 492528 109075 156508 298869 670050 434443 614544 397783 735776 475350 565289
41091 414027 250447 379401 474116 555978 770287 632914 416516 222315 600893 610829 391793 98499 112295 313249 480507 408860 430852 214092 118709 727254 429889 396721 999999999 32670 600655 263026 733423 567170 75334 549367 466297 719253 669355 576718 510770 213592 393832 432456 503899 304145 650731 254271 362222 195751 218828 523548 254277 288657 413742 486710 100148 210496 522128 98026 426882 651062 298065 214304 333128 603554 65230 393529 643864 849831 273292 376311 331637 605866 498595 486007 284400 222700 148281 224417 651786 682996 763055 239492 601542 318552 420220 561772 175403 584670 286413 817983 86447 244602 345145 551533 688529 278645 419863 531806 194714 627198 492855 380117
33872 381376 253201 390375 464058 542760 752683 601300 440127 211233 576273 588965 413304 72648 80028 337298 509477 423084 446064 216105 119562 714132 423686 392763 32670 999999999 572668 267810 727942 568292 56825 528055 496881 712841 636943 604166 533254 242480 411129 402324 472244 277450 652896 247926 329552 198588 246438 552646 221844 273662 428438 459905 78496 179404 489658 119317 398740 642561 285263 205936 316362 589999 55974 361367 611771 838331 252123 349142 347635 606014 467316 455704 252480 244032 133984 230045 638222 665184 748850 236301 608737 308836 444362 548394 159945 605776 260558 802093 71614 277257 333071 548800 680032 293416 388646 499140 225112 594883 461742 348316
563047 332949 761630 917110 385850 344144 351146 174756 812173 663304 102848 175198 977532 502181 498898 746615 944409 687438 711866 523366 657668 416052 437272 463382 600655 572668 999999999 542958 564646 585327 585300 184389 962703 539100 410950 998802 865195 731063 716713 478339 424181 539438 647107 457348 340618 719966 721601 983565 424815 377293 969001 118665 576377 481322 246605 690106 173935 464029 690038 459772 336797 350352 603431 270163 435199 528940 602234 542341 897430 589316 168076 482840 343497 811325 474829 754916 368560 295123 416156 483916 697855 727630 822108 342433 617421 899993 316663 419413 521906 818357 377463 518374 483283 842492 217162 310046 733528 405238 164208 413290
233958 516022 512763 630771 259691 354754 587898 644886 272791 478782 498281 477055 608391 236119 281129 204967 401459 181123 207658 54395 381707 515781 197276 155789 263026 267810 542958 999999999 485705 305717 323936 416727 422314 475054 768152 460867 340912 225341 191338 598954 639039 510737 388141 89128 465481 458325 209587 440754 400219 168396 655386 427287 342172 392233 579563 345030 397952 417323 551663 110176 206164 401087 322926 454770 757517 625711 506902 574973 572219 345548 516082 646495 364303 452832 169188 485314 446502 506834 557021 67267 341323 576506 282072 361176 425809 395468 272458 621203 207122 337602 172428 298272 453661 524627 448530 616259 242576 733185 507011 523518
696686 783378 981143 1111264 274985 239696 298360 737558 605647 924792 462811 391364 1093857 671032 705852 617521 746215 460342 466093 523990 847489 177455 304280 337043 733423 727942 564646 485705 999999999 208782 777584 386962 795204 25567 958786 736722 590658 694273 506261 919528 910849 894942 179937 480061 753906 926490 676170 767099 757263 470821 1139493 522384 788458 782325 765364 824635 561296 106159 988098 522199 443970 217000 783240 699720 972502 187966 921091 938624 1056211 169712 672948 949458 677647 937681 597203 957164 197284 289996 209876 494039 287021 1019662 616045 238217 868240 572642 561160 271705 656998 809083 405420 188406 81368 1006877 656334 826719 717713 942369 663668 836310
534982 714795 817563 935822 203815 250357 436184 741408 397203 776099 496968 438173 903879 523120 564064 411077 538979 251709 257463 353147 685327 322565 179283 188121 567170 568292 585327 305717 208782 999999999 622532 403587 586881 209219 931003 536803 388620 495617 297578 833085 845888 778231 86332 328535 674607 762915 477192 561683 648298 350794 958150 504366 637794 659483 730868 650677 518280 196299 845727 371963 343585 268209 624206 635509 934600 387120 789991 832808 875348 42033 644429 871889 582757 755257 448534 790660 287941 387032 366201 333707 116059 873567 407686 254226 720982 382135 464626 436695 501334 609315 291014 68264 218433 829178 604480 784927 521045 905960 634464 750376
90488 362181 206160 351493 510137 584907 787912 597237 491844 154846 598413 617149 392404 108436 88769 388583 553301 479633 502419 271604 76787 755853 473489 444381 75334 56825 585300 323936 777584 622532 999999999 557668 536370 761709 611252 650883 585990 287114 466840 364047 440732 230666 707547 298772 312942 153043 293323 596127 200372 315717 394735 477050 25347 148258 477873 112006 412325 689625 228470 255782 355450 631540 20518 354699 582889 881778 198056 303072 317137 659700 466354 417849 250231 226487 180457 186904 679591 700348 789076 289311 665108 252586 495551 590318 103146 659574 283347 839829 121666 304315 377860 600819 727017 261899 388884 480144 266324 568179 461834 318565
508461 424032 756641 907998 210455 159772 240536 352374 670463 671642 94582 62522 940921 455811 469503 620133 810476 533617 555962 413095 634396 259238 270602 304057 549367 528055 184389 416727 386962 403587 557668 999999999 837090 361684 572728 852051 711310 630093 568472 570245 542520 586627 462952 343441 408075 707442 617275 846654 451546 273222 952380 142553 556732 496297 383354 646531 198647 283359 716411 361729 225777 170049 571923 342472 588729 385645 634256 611377 873801 405573 290812 590134 362195 771606 404310 742409 197115 157632 273431 370495 517729 752843 681011 158192 618222 737410 276426 302520 463289 731571 244632 335918 306285 818810 291087 446583 639358 558428 282154 491473
478935 867756 600540 621124 656485 750974 982104 1048100 189707 643246 920483 896010 507189 531782 567233 217388 60653 338784 329570 439883 531921 888134 587496 545974 466297 496881 962703 422314 795204 586881 536370 837090 999999999 795942 1127160 157518 228477 257044 293424 898740 968162 766334 630483 505447 814489 566846 258222 80501 715067 585412 604471 845266 561566 676280 960346 455268 807453 768422 714467 505764 627073 792079 519370 828850 1105390 971969 722379 838737 545142 625562 913741 952304 721895 456583 514421 568792 831054 909024 932308 478788 527232 717910 179195 757265 617326 292565 667281 1001820 496958 249412 594259 624787 798010 532062 838621 982253 271769 1086563 905718 844050
681983 760100 965978 1097810 255937 215849 276536 712073 606236 907758 437246 365800 1083440 654639 688612 613811 748165 459207 466392 511533 832396 154779 289404 323986 719253 712841 539100 475054 25567 209219 761709 361684 795942 999999999 933733 742329 595304 686987 505176 897036 887190 874715 190876 465282 731293 911426 669037 770311 736718 452714 1127114 497615 771994 762908 740674 811435 537351 82422 970210 506914 424374 191822 767880 676395 947720 179610 902138 917435 1043843 172590 648199 926400 656275 925810 581252 942479 171751 265151 189373 480282 295774 1002147 616771 214126 851156 580595 540405 253531 641635 801926 387501 180636 55817 993980 632515 802201 709750 917564 638956 813930
649926 259702 690118 826292 729557 722717 761225 242794 1029343 587173 511244 582209 939383 595378 561410 937334 1130422 946250 972988 724449 652108 823798 756317 764374 669355 636943 410950 768152 958786 931003 611252 572728 1127160 933733 999999999 1212617 1107488 870203 959379 274713 179328 419195 1006784 682959 313021 674797 869337 1173565 415099 615642 887501 437628 589018 462994 200154 718818 412779 853709 565206 658710 601211 741948 631356 313584 47385 939729 492094 366346 841943 946689 288714 231200 409965 805933 622010 701542 769018 704964 826608 701063 1030465 595727 1036822 723029 572382 1163377 498120 829329 630405 913212 656108 871254 878680 796302 329979 152113 858084 44289 298493 293470
580385 953752 742255 774632 652747 741059 961639 1105542 188077 773581 941989 906268 664285 624551 665217 275495 107799 319567 299642 494313 659475 855854 585465 548557 576718 604166 998802 460867 736722 536803 650883 852051 157518 742329 1212617 999999999 148755 363906 283761 1003907 1064500 880860 560394 549873 900721 703909 357926 77417 811141 629104 760468 885798 676168 780243 1033205 584896 858815 730705 847525 562320 664028 776292 636267 904023 1195723 921881 845069 952962 698605 570032 975371 1056451 802672 603774 590613 709933 809008 897625 900102 526030 452218 854833 178992 746926 741134 174386 728780 970762 588277 391091 621405 588045 755133 681842 904942 1063144 386916 1174311 966529 941427
504529 852218 714020 775608 508188 594543 813234 982076 96504 725180 802872 763689 687737 537911 581900 198814 169710 178210 155379 383104 611030 707100 442131 407298 510770 533254 865195 340912 590658 388620 585990 711310 228477 595304 1107488 148755 999999999 314635 150879 919318 970403 808872 416764 429077 800293 668476 302022 179885 721411 505109 773217 755381 610331 699143 920451 542970 734576 582012 801342 449030 535369 628704 574884 794774 1094787 774645 784041 879168 701378 422749 855786 970027 699762 592158 490926 681630 660674 750315 751353 408119 309549 814850 96117 600306 684520 79745 613364 822011 502010 383703 488764 439293 606757 673698 789385 955992 343503 1071419 846537 850200
222357 610942 399665 473979 484998 580067 812921 800325 218149 414187 703543 692033 413838 274882 310374 119775 267031 268746 281541 217066 299462 740047 421372 378963 213592 242480 731063 225341 694273 495617 287114 630093 257044 686987 870203 363906 314635 999999999 235216 644674 711676 517494 566555 286673 557721 353888 18523 310172 458236 360341 482183 612398 312434 421207 706225 228801 566728 636620 489689 272996 406535 626418 272368 574613 848382 846276 481538 589772 403562 537629 664866 697923 466520 286802 264143 367370 671654 730992 781761 259730 488646 501267 219175 586485 378256 393081 422447 846435 240435 114958 387784 506455 671841 368112 588056 725987 30219 829527 657371 587592
379512 706053 621899 708336 372570 464184 691920 831238 106604 615334 658231 623369 645981 403526 448768 124117 252309 45970 47440 236823 504870 595076 304175 265724 393832 411129 716713 191338 506261 297578 466840 568472 293424 505176 959379 283761 150879 235216 999999999 781022 826953 679515 352636 278678 654824 571559 217735 283184 581937 354237 717356 605572 489618 565282 770620 445953 583728 475012 691488 300780 384895 502877 459055 646084 948114 679474 662927 747764 638665 337978 705007 830403 553799 521026 349020 590612 539889 622239 639328 258580 261387 709787 117574 470300 569060 205342 463525 709111 368938 336891 339435 331539 504906 601734 639173 807547 265083 924106 695733 708804
423737 148261 415889 552164 653095 682979 802869 381218 831379 314291 551008 606958 665266 381858 339219 731493 911480 779124 805218 547153 390480 826518 654692 647369 432456 402324 478339 598954 919528 833085 364047 570245 898740 897036 274713 1003907 919318 644674 781022 999999999 96820 147490 917375 527864 165891 403581 647745 954721 199205 483759 613187 431579 339455 223786 246965 462705 371816 814821 290978 491833 490756 717209 382548 227773 235832 955108 218186 92469 567493 859306 310269 53818 250333 537571 432377 428646 756874 726274 843621 537349 912635 322659 837072 685707 305966 985272 368805 868814 418074 667493 542114 785986 847365 522735 280267 201727 627135 230767 314423 83540
489341 131098 510890 648841 654994 671344 764520 302856 886391 407856 508219 570709 760096 440192 401482 789558 976467 820116 846692 590242 476029 801737 666683 665565 503899 472244 424181 639039 910849 845888 440732 542520 968162 887190 179328 1064500 970403 711676 826953 96820 999999999 239892 927639 560510 175229 495754 712827 1019800 253873 505118 709777 400093 417336 293777 179048 545140 350363 804843 387684 529197 502991 700633 460305 212571 143849 927360 312846 189283 662788 868236 260151 65979 275569 627767 479477 522241 736379 693603 814104 574058 934106 419475 892923 673220 394459 1032287 385297 832005 476358 744862 557108 793284 835002 616974 254923 121070 696749 135084 266745 124113
304472 221939 271830 415421 620442 669717 826931 483279 716896 167984 591143 634481 520572 276968 231399 614451 783952 684555 709459 456546 245743 828829 606643 590216 304145 277450 539438 510737 894942 778231 230666 586627 766334 874715 419195 880860 808872 517494 679515 147490 239892 999999999 864429 454281 199399 256311 522948 826792 138854 430651 475181 463008 205324 119659 346654 320171 394913 794735 159116 413015 451355 710224 246995 269289 382380 959129 74750 72436 423852 809589 380236 199317 225779 390100 342083 282349 754574 743722 852842 456980 843368 195399 721433 673637 159584 879422 334933 888855 310674 528275 495014 740579 830060 377186 322761 320636 496980 374924 380709 143972
619418 796582 900844 1016028 277262 303945 453620 809140 443314 861464 553476 489477 978386 608998 650192 472939 578159 308528 307854 437133 769191 332806 262692 274225 650731 652896 647107 388141 179937 86332 707547 462952 630483 190876 1006784 560394 416764 566555 352636 917375 927639 864429 999999999 414705 757641 846328 548033 595579 734010 436250 1036345 574837 723221 745759 807008 732186 594330 213061 931502 458072 426937 309995 708719 716262 1012301 367886 876273 918598 953941 60107 718763 955315 667164 833671 534533 873440 317416 419481 373132 419271 108291 959032 453086 306441 806553 393622 548607 440948 586635 678360 375388 135649 221409 908977 682987 862724 593332 983287 708858 834417
216710 434498 501107 633528 221910 309573 535888 555774 361800 449821 419203 405364 631945 195355 235538 289374 488001 263298 290041 69665 367446 478923 175906 145706 254271 247926 457348 89128 480061 328535 298772 343441 505447 465282 682959 549873 429077 286673 278678 527864 560510 454281 414705 999999999 385566 446434 273910 528038 332316 80366 665666 340465 311729 334660 492137 348448 308974 396962 517874 43594 122304 357405 303412 369396 674189 598115 461766 513603 582726 363586 427128 572973 284978 467586 120450 477217 405116 451054 517117 27277 389435 546706 370981 315725 393998 480802 185304 576598 177369 390569 103021 302213 434408 531245 360502 530860 296946 649091 418011 449256
339199 53321 444417 597519 489355 517089 644479 295493 719079 339936 398811 448968 681859 282863 251346 625243 817441 646286 672942 418066 368420 662170 495388 491990 362222 329552 340618 465481 753906 674607 312942 408075 814489 731293 313021 900721 800293 557721 654824 165891 175229 199399 757641 385566 999999999 412456 556478 860606 113220 330405 654085 273658 294150 171109 166541 424616 209659 649033 354194 355356 331021 551538 333459 70973 295239 791343 266028 206113 591509 698819 181554 197980 101177 528568 310803 445114 591704 565259 680738 399829 760057 391542 726178 519820 304441 860071 211158 709181 317553 606751 384272 624611 681482 539198 125709 169693 546598 273677 181529 83872
230057 452917 54804 200714 661799 737838 939898 707646 571973 90966 742644 765854 270026 261268 238561 471355 598391 593060 612751 409838 79032 908857 622256 590829 195751 198588 719966 458325 926490 762915 153043 707442 566846 911426 674797 703909 668476 353888 571559 403581 495754 256311 846328 446434 412456 999999999 366726 638299 303653 468506 249206 617826 150738 244120 577613 126252 550593 840783 149924 404514 508490 784544 143927 468745 638661 1034540 187385 318815 179629 801593 584983 454310 376799 136652 331325 35238 832612 852390 942107 433831 794354 151230 573039 743277 108068 746582 431340 992518 269900 317440 529986 746422 878236 126748 511732 564910 325530 630510 582167 388274
224246 609775 413489 490888 469006 564301 797461 794393 205572 424452 691967 679029 432231 274130 311363 104966 263955 250614 263811 204253 309862 723415 404858 362316 218828 246438 721601 209587 676170 477192 293323 617275 258222 669037 869337 357926 302022 18523 217735 647745 712827 522948 548033 273910 556478 366726 999999999 307270 459040 348935 499906 602976 318533 423997 702707 240974 558776 619218 500296 262422 394675 610454 279476 571119 848428 828933 489270 595036 420930 519208 659184 700762 463752 303604 258371 381333 655446 715966 765294 246788 470297 512925 207310 570727 386807 379859 415249 830275 238938 132921 374157 488463 654315 384694 582901 724035 47394 829052 651516 588868
531500 913901 674358 700430 655435 747365 974090 1080106 177289 711459 933729 903403 587683 580089 618479 241088 43335 325136 310163 467009 598441 873754 586759 547205 523548 552646 983565 440754 767099 561683 596127 846654 80501 770311 1173565 77417 179885 310172 283184 954721 1019800 826792 595579 528038 860606 638299 307270 999999999 765931 608341 684707 867996 621471 731084 1000013 522605 835605 750729 784165 534746 646809 785687 580302 869332 1154226 948803 786886 899188 624402 597939 947536 1007866 764884 532881 553852 642282 821653 905386 918131 502572 488993 789525 166459 753474 682162 230047 700019 988459 544268 322214 608652 606654 777842 609675 874586 1026068 329854 1134061 939069 895951
236184 161843 339952 494994 483374 530879 692074 405071 634978 238890 464094 502045 571470 186590 147862 536724 722598 580031 606075 348064 255610 690405 473436 460385 254277 221844 424815 400219 757263 648298 200372 451546 715067 736718 415099 811141 721411 458236 581937 199205 253873 138854 734010 332316 113220 303653 459040 765931 999999999 297885 549424 335365 181011 59575 279509 311692 266235 656394 268708 294418 314705 571417 220878 165133 390645 820688 183511 184651 483279 677804 281553 248725 89426 415867 233173 337361 615925 607768 715105 339842 720599 306058 641109 534786 196698 786432 196425 752836 222874 498470 360767 607119 691534 429960 210426 279892 444288 373129 279101 130292
247880 375643 521875 663893 197260 269442 482439 477421 441064 456106 343203 335730 678326 207292 236998 369675 568363 334332 360805 146621 390392 440698 176021 163700 288657 273662 377293 168396 470821 350794 315717 273222 585412 452714 615642 629104 505109 360341 354237 483759 505118 430651 436250 80366 330405 468506 348935 608341 297885 999999999 701612 260141 322779 314131 420846 386545 230030 377012 517497 88639 47484 316457 325190 303909 610236 566066 450965 482532 620030 379936 351054 524854 233956 510306 140486 501663 364652 395527 475195 106636 429985 549630 450428 274972 399491 552916 120158 529327 203106 458711 65473 309953 414073 566439 288325 463841 367474 583914 341687 401928
454005 689754 209794 61647 887048 969704 1180779 949236 682273 314453 991022 1011843 105174 498581 483191 597777 653959 750035 763700 615613 318097 1140996 839286 803139 413742 428438 969001 655386 1139493 958150 394735 952380 604471 1127114 887501 760468 773217 482183 717356 613187 709777 475181 1036345 665666 654085 249206 499906 684707 549424 701612 999999999 866832 397409 490453 815792 317308 799765 1062180 322299 627368 744797 1017242 380751 714218 846522 1263171 400433 521166 83283 999108 830783 657325 625617 202896 561197 214127 1065481 1093223 1176608 647892 967498 292926 679410 975480 352944 852593 677661 1230515 498510 390064 758880 953327 1099537 135182 759186 795365 452517 843799 828514 617576
448172 283980 662565 817397 300561 285105 371555 238329 698363 568818 128763 175660 869144 388312 389082 629816 828327 578825 604006 405529 551432 401771 341215 361399 486710 459905 118665 427287 522384 504366 477050 142553 845266 497615 437628 885798 755381 612398 605572 431579 400093 463008 574837 340465 273658 617826 602976 867996 335365 260141 866832 999999999 470477 387386 243138 578504 69153 416746 604073 341344 221830 306577 494260 204873 450118 527441 518261 479556 792608 515143 150587 448860 247816 701390 357066 653037 338383 295233 414489 366707 611762 641403 708085 285513 519358 794421 200675 437239 406002 700313 266729 440715 443230 737380 151316 305389 614971 419991 141404 355383
111024 342302 201395 351286 518838 590880 789469 581712 516446 138328 593708 615326 401610 117430 88178 413252 578648 501299 524437 289057 81292 761256 484967 457399 100148 78496 576377 342172 788458 637794 25347 556732 561566 771994 589018 676168 610331 312434 489618 339455 417336 205324 723221 311729 294150 150738 318533 621471 181011 322779 397409 470477 999999999 126485 459974 130968 404506 698664 209530 268308 360515 637040 43153 339123 559918 888132 173982 277734 322131 674324 452356 393271 237334 238723 191825 185679 684895 702012 793518 304094 683485 235813 520272 596141 83714 683537 280799 842736 136658 328332 386198 613897 735950 266911 375712 459957 291660 545740 448255 295855
199957 216921 281316 436639 507341 563011 736127 464488 609480 182197 515588 549439 511975 161875 117251 508664 687818 568009 593318 338283 197458 726943 489638 471688 210496 179404 481322 392233 782325 659483 148258 496297 676280 762908 462994 780243 699143 421207 565282 223786 293777 119659 745759 334660 171109 244120 423997 731084 59575 314131 490453 387386 126485 999999999 337641 257286 318374 684192 220123 293366 338538 605612 168404 224626 435048 856848 140904 183117 423749 691482 340933 276784 139673 357492 223161 277943 651453 650533 753950 337438 723710 256607 614807 567367 137523 767450 228628 795075 197276 451399 379189 623447 720224 370386 268796 334017 404512 419956 338302 170650
495045 126082 606970 757845 529746 527107 592673 137250 847038 501472 336093 402639 847465 435102 409879 760134 957446 754336 780966 539743 534947 640499 556338 565347 522128 489658 246605 579563 765364 730868 477873 383354 960346 740674 200154 1033205 920451 706225 770620 246965 179048 346654 807008 492137 166541 577613 702707 1000013 279509 420846 815792 243138 459974 337641 999999999 589838 212742 659548 505756 472297 403090 549703 498339 131616 207447 762279 419451 326466 755902 746902 92666 240953 240511 695109 446575 609612 580401 526679 648497 512333 830607 541953 855200 527869 469564 972609 307118 660736 467091 765130 457691 671411 686366 704304 132558 64426 698416 177581 101735 203405
139076 473218 176043 286733 569742 653120 868313 708800 446487 188907 695577 707722 294399 191940 191747 345334 481366 468832 487821 301112 76913 824239 522748 487641 98026 119317 690106 345030 824635 650677 112006 646531 455268 811435 718818 584896 542970 228801 445953 462705 545140 320171 732186 348448 424616 126252 240974 522605 311692 386545 317308 578504 130968 257286 589838 999999999 516249 745226 262722 310133 431152 700792 91619 466413 688486 945895 268476 391246 234611 690566 577130 516267 360768 125076 246272 145261 748998 781020 860454 331319 674452 272553 447881 658972 163832 620759 379744 915831 184393 209875 442114 640237 782630 182833 499181 590922 201283 675284 572311 425356
