NAME : synthetic_000372
TYPE : CTSP-D
DIMENSION : 100
GROUPS : 8
RELAXATION_LEVEL : 1
EDGE_WEIGHT_TYPE : EXPLICIT
EDGE_WEIGHT_FORMAT : FULL_MATRIX
EDGE_WEIGHT_SECTION
999999999 643878 648482 138282 326029 666465 512893 559300 259511 280337 46101 204153 809913 295197 427162 698582 328999 213247 396999 556423 702614 764326 179086 257110 639021 126897 476524 692334 455508 534165 877858 203514 483443 758762 875915 631658 728538 374582 686902 578020 197428 713801 601095 685363 562889 374450 387914 599238 192991 392320 643811 809741 564839 324206 725193 641374 275832 612391 402894 514338 476758 727765 71996 336493 764956 610943 552263 65951 778859 105925 850854 315040 430251 488925 299645 152073 48941 90685 140172 837307 375149 249493 457066 495461 414490 398580 386988 306311 377727 501712 247066 254795 491396 680336 668522 668785 624368 528021 566014 373016
643878 999999999 806071 780985 534536 483422 158054 918796 841087 806312 685820 803020 282946 352354 547464 466197 737369 850188 274940 339762 927683 463247 633719 849270 587624 674968 737857 50656 238702 535872 487714 440402 885287 404870 338150 902212 612211 298599 316353 491050 748432 345080 313741 772842 702650 801649 329143 578568 759542 851850 209920 334257 292913 534101 627119 843357 513816 585695 855139 350188 492816 196494 575086 324702 442335 232688 177517 619155 375213 672077 457774 626163 460320 495190 348979 774676 686046 599854 783870 360875 519164 412417 474387 216627 585743 324058 266509 441774 708733 148277 553792 889118 751751 52541 120299 935594 405743 120919 861065 505911
648482 806071 999999999 673796 903230 1141282 661928 248027 544133 463636 640059 569637 730913 683115 995495 427769 343352 668134 765782 982454 127446 495240 815255 563049 253062 532537 175680 825369 589219 270559 611258 638377 296307 1150439 768906 144262 303945 761630 1055664 1084367 506626 1088958 512511 80510 108451 338779 519802 241282 524251 371561 630581 677327 958938 366021 284516 54952 421150 239614 361838 456003 1008390 714737 616788 586767 1176765 592319 628556 701896 598761 553188 605196 335443 361037 312580 612705 610343 634433 564002 700259 686680 338933 712793 982751 838020 267188 518299 727597 457058 276227 758423 423137 810920 163390 799182 725936 158640 434880 766311 163064 350649
138282 780985 673796 999999999 431389 783738 646364 534090 175928 233123 95198 122809 935713 433445 528226 796782 331518 79316 534807 685379 703650 867003 260243 164607 713005 158001 498221 829033 584704 612583 985973 341127 453167 886863 1001013 626900 805139 512141 818874 691273 168353 844624 716180 724001 604504 355074 510344 672293 152236 353360 769587 930543 697162 404267 798784 655515 367380 684886 365239 625219 587863 856641 205999 468133 890332 734562 681785 182771 893363 143943 960550 363793 523921 574663 434373 66034 95346 194182 27805 957181 456750 386660 571005 632736 477515 520672 525270 414914 398263 639732 328295 145419 510543 816303 800841 661090 727987 665914 561868 458215
326029 534536 903230 431389 999999999 355669 476218 866235 583997 604790 366470 527534 786390 260442 101510 802790 630846 509660 268537 291061 982583 847131 175253 579699 812583 444081 748307 584049 468539 710919 931139 267625 795814 478491 850695 920120 887509 248671 430331 260898 521847 448750 657698 919090 801861 685793 460577 779195 518747 711472 640343 813852 320738 538371 891327 910077 482520 792045 721235 603070 157167 693033 311559 374615 474032 624998 540006 261162 815340 425484 900284 577370 589432 656146 329667 470508 371165 371365 415724 843508 573912 203606 143104 322266 639059 469394 294133 460276 660400 393971 482207 464317 764641 584892 614455 958447 720394 419140 856884 564891
666465 483422 1141282 783738 355669 999999999 535843 1161525 925449 933641 710477 870598 764983 464066 272468 910510 931832 862740 375847 163692 1242097 926903 530905 923575 983756 770458 1013767 515320 580754 899260 968595 533902 1100453 164705 815607 1191822 1035903 379875 189413 97340 852775 179168 748596 1135570 1033219 993436 627600 960501 853252 1028168 675324 817597 200637 785881 1046107 1161568 737145 971389 1036439 737551 199292 679865 632906 554655 139801 682497 598374 605811 853162 754921 938041 852139 785896 845711 530308 816912 714463 688969 769765 844289 803586 455401 213158 319773 877247 631457 414653 686959 942463 419806 754386 818201 1030191 532137 601428 1229801 834937 427401 1134202 791323
512893 158054 661928 646364 476218 535843 999999999 762184 691199 652277 551636 656344 315343 241673 517749 374751 579670 711066 211263 373772 780235 396592 536022 700516 462099 528223 582701 195890 80709 395262 461085 314218 727394 502040 381444 750294 503676 228333 406780 514014 598101 439505 212948 636266 555955 643787 171174 446169 610333 694248 164458 337730 335578 376050 515491 695814 356794 455103 697376 213686 483037 224452 441586 178860 533731 155180 66870 498833 343428 527528 429840 468154 307491 349362 213444 632973 551068 457918 652534 367391 362258 309109 459673 217946 430448 166009 182085 284635 550817 116055 397705 765230 597000 176949 156351 784651 299612 111904 706706 348906
559300 918796 248027 534090 866235 1161525 762184 999999999 370129 301070 534406 413433 910085 700717 966360 630690 235389 502891 802808 1015940 196796 705402 738309 387366 462666 432411 185051 949100 681935 429671 829562 628310 81332 1204916 958126 120535 534401 791451 1114749 1088623 372745 1147194 669767 328003 276018 185084 595132 435558 385184 181765 780567 866960 1003301 393480 516861 198102 431744 440004 169773 589805 998132 873652 555328 634495 1224339 738889 748707 623120 794751 453427 818307 312256 461918 445715 642952 468278 528538 495597 561887 881798 399932 707249 974259 892161 334158 598182 769822 495252 221293 834449 408119 650760 174127 925185 864377 141701 612668 849603 86812 413307
259511 841087 544133 175928 583997 925449 691199 370129 999999999 80894 217527 57016 946310 519916 684353 753895 209843 132768 629402 809281 552458 829378 423021 18930 637389 169224 375014 884998 617832 548862 955064 425782 288932 1011383 1008204 473570 729212 609659 934636 837523 93151 963214 708182 605697 495123 206481 530892 597507 81818 188939 784859 928223 812994 365307 719006 516334 351740 608668 200872 613510 736176 878371 298425 516389 1020028 745419 711315 322971 877780 178012 933343 290851 490125 524340 496209 117283 212887 251883 202427 951971 412246 491373 716577 729439 404962 539629 610153 418393 284970 713110 306817 280638 383755 867867 835977 504783 697373 736721 411281 418753
280337 806312 463636 233123 604790 933641 652277 301070 80894 999999999 246148 112910 891049 504509 706256 683970 130249 207460 614687 807235 476467 760271 455925 99804 560915 163267 294130 847896 575645 475721 886976 413855 220052 1007556 951318 398220 652203 596925 926353 849856 83008 956282 649108 524804 414667 127576 485998 521465 89189 120407 732892 868776 806198 304348 641390 437002 300587 532267 132217 554668 751246 827711 300825 483564 1019357 692371 665827 346280 814562 179997 866382 221713 426580 455060 470200 167540 240577 245311 260900 891423 347439 486192 729921 713687 331928 493835 591137 371109 205373 686326 256723 354393 302888 829100 790906 430909 631360 708322 334613 355417
46101 685820 640059 95198 366470 710477 551636 534406 217527 246148 999999999 161199 843889 339190 466929 718751 309897 167787 442254 602253 686415 786646 209876 213751 648710 108001 465735 733836 491272 545240 902849 246226 456558 804550 909527 613306 739572 420026 732979 621102 164705 759821 629117 681779 559775 349448 419460 608396 157138 362143 677664 840971 610922 334376 735000 629144 290664 621375 373191 540054 519180 763520 110801 373781 810406 643533 588320 105553 806830 86967 876563 312064 447433 502893 339298 106713 5890 106807 102089 868068 386532 295210 500099 541008 418447 429958 431241 329949 365427 544971 256571 223890 479868 721136 706491 649705 646854 571039 547472 385970
204153 803020 569637 122809 527534 870598 656344 413433 57016 112910 161199 999999999 922356 473765 627701 746186 227346 98819 582297 757123 588710 820254 366007 53046 640799 128217 396253 848160 585604 547105 944200 378987 332198 959441 985483 510765 733271 561841 884226 781986 73638 912309 688733 626343 511185 239101 501330 600321 55078 231903 758813 908117 762319 351834 724474 546290 329993 612110 243862 594511 680299 850887 247797 479157 967176 720455 680759 266750 861629 132001 921179 288318 477051 517454 455380 60776 156749 206157 150206 932848 401707 441368 660994 682352 404796 510622 565019 392158 300145 671198 285628 242776 406799 832114 804522 543739 685164 695543 446724 406545
809913 282946 730913 935713 786390 764983 315343 910085 946310 891049 843889 922356 999999999 556310 815845 309422 788941 991914 517901 622338 858308 262724 850491 959071 479289 798856 726748 250514 355556 481054 227774 621305 901132 670782 66582 857288 460138 537980 590000 773493 855176 615364 245886 673773 647327 845161 425589 490555 870633 899121 166226 69666 575727 587292 479599 779767 594582 491350 898612 337955 768421 93548 737969 475921 710510 202147 261065 805109 146832 803328 203157 676231 471066 467253 518573 911040 842305 741757 945975 86246 549397 624062 748064 488428 591561 415433 494236 530225 736586 396063 639506 1064705 736255 232891 174415 883197 299419 373956 834798 539329
295197 352354 683115 433445 260442 464066 241673 700717 519916 504509 339190 473765 556310 999999999 330999 542376 476907 506478 110215 315296 779262 588170 294363 524324 560088 350981 549751 402040 213758 462428 677682 94920 644132 508707 622660 727777 630700 93199 423468 401397 432383 454359 399896 686027 576391 540942 201063 529313 439073 581549 397972 572901 305890 322349 635757 699896 273103 541707 588341 342661 328461 466105 230558 114854 525201 376075 297323 266802 564316 342470 647323 389319 341689 407115 73458 435954 340208 268192 433959 602340 344230 67965 302545 209815 416500 209476 92204 226059 480151 207156 292610 536775 566193 392902 395673 765789 459986 233912 670295 332820
427162 547464 995495 528226 101510 272468 517749 966360 684353 706256 466929 627701 815845 330999 999999999 866070 731018 605554 306912 250643 1078594 904147 268595 679567 890824 545568 844314 594282 524538 791790 978612 357150 896612 413340 877690 1017656 961422 292682 382365 175135 623297 394516 714044 1007527 892349 786652 531141 859309 620027 812856 681412 850630 290849 629557 966715 1004608 574391 871868 822568 669283 79014 722494 412490 445255 402071 671683 584053 361961 861132 526994 947407 673842 670369 736560 403898 570003 471742 472227 510997 880036 661913 285251 81812 331010 729525 538950 340428 545692 758420 420033 577419 548270 860739 599678 641515 1056039 784020 441982 954977 652082
698582 466197 427769 796782 802790 910510 374751 630690 753895 683970 718751 746186 309422 542376 866070 999999999 562205 833413 566224 748470 554230 77379 801153 770093 174895 641226 456986 465659 343349 213117 205232 562002 637596 864446 341832 561754 154086 575955 771212 886217 672935 802583 161934 365865 356443 606258 344673 195477 691140 659013 257435 250874 710047 395654 172426 479206 429574 192549 655532 200409 844720 315695 633599 429120 899259 235073 312946 719149 171143 653063 189263 463265 272895 229559 475682 753966 715244 612424 814675 258935 344631 603285 819853 592324 353262 335055 528913 392995 495524 490800 468963 939914 462756 439102 356012 584050 82399 483974 549001 340749
328999 737369 343352 331518 630846 931832 579670 235389 209843 130249 309897 227346 788941 476907 731018 562205 999999999 326159 583404 791249 376820 639232 506828 228453 432018 203207 168970 774574 499671 350918 766780 398023 168632 985322 846385 303476 522786 569555 898134 856154 163517 929779 543621 399074 285661 65348 408607 393041 180927 114695 637502 760632 782564 207241 511594 324139 224635 403484 117828 451109 764018 733216 320121 427459 1002038 595843 582052 390951 701322 224632 747729 114273 318084 336204 426620 267276 304031 260504 358454 781538 239579 476444 740460 677680 209075 414528 553616 295993 75174 632941 189598 467598 180024 753386 705673 340153 515437 651728 237657 250052
213247 850188 668134 79316 509660 862740 711066 502891 132768 207460 167787 98819 991914 506478 605554 833413 326159 999999999 610038 764436 683601 906062 337022 115986 735332 195314 495041 897428 645682 639271 1028099 412727 421672 966045 1056373 605040 827887 587763 897487 769944 168713 923468 765151 725159 609725 335007 566765 694691 149730 321542 826488 982560 775655 437763 819746 643806 408746 706740 333501 672173 666419 915918 276384 532207 969640 789880 742439 261758 940682 188692 1003956 382196 561618 606505 501664 81253 166373 253366 94747 1008336 489187 462737 649873 708693 498664 576718 598637 464224 398833 711323 366215 147916 505477 883576 863725 636886 768903 737069 541910 492665
396999 274940 765782 534807 268537 375847 211263 802808 629402 614687 442254 582297 517901 110215 306912 566224 583404 610038 999999999 217375 868975 599417 359946 633346 614881 460746 644382 325556 222955 525699 671741 203629 749312 402506 582165 822207 675117 24182 314864 328575 542443 346377 409934 760074 657583 647998 253368 588902 548844 689922 375532 547137 200501 415853 683124 787476 371502 600341 696386 376147 278514 424508 336529 179020 421684 364771 277244 359657 554372 451614 640552 490551 410418 471442 160097 542254 443839 377521 532653 576736 429245 148798 253793 100077 503299 258194 39549 314571 581536 128164 396198 627297 660588 322403 346089 859722 485400 154855 767234 416691
556423 339762 982454 685379 291061 163692 373772 1015940 809281 807235 602253 757123 622338 315296 250643 748470 791249 764436 217375 999999999 1086350 767614 453327 809957 820215 646227 861100 378842 417064 736711 816025 395866 959033 202393 677691 1039081 872341 225243 139509 151304 729422 160736 586719 974193 874116 854659 465842 797343 732513 893179 518977 669847 47587 632523 882453 1004793 586474 808122 900583 573862 176822 533220 511078 396045 212206 523138 437526 502677 699183 633152 785089 704186 624813 683546 376081 708413 605363 562514 676001 697646 646589 321065 168853 156475 720665 469258 254914 531733 795139 257822 607879 745150 877374 391303 452554 1076712 672090 267740 983349 633990
702614 927683 127446 703650 982583 1242097 780235 196796 552458 476467 686415 588710 858308 779262 1078594 554230 376820 683601 868975 1086350 999999999 620148 877278 570712 379928 578972 234317 948833 705142 394507 733274 724320 270204 1260966 895764 79313 424360 862608 1166956 1179794 535958 1200186 638746 193434 225034 349663 630394 368659 551434 365229 756589 804299 1065790 456993 404326 84436 508625 367052 353681 578639 1098409 841676 682327 690769 1285587 717807 750418 761583 725353 600362 728783 405227 474638 432523 711807 637888 680568 625385 731200 813144 439926 801529 1073202 946706 365752 630061 831910 555201 326380 872069 501207 830857 217947 922880 851015 57779 562208 881730 142012 452726
764326 463247 495240 867003 847131 926903 396592 705402 829378 760271 786646 820254 262724 588170 904147 77379 639232 906062 599417 767614 620148 999999999 857859 845356 245119 712728 533519 454304 379963 290496 127857 617108 714189 867412 283550 632470 202661 611684 776530 910433 747258 806660 190149 428615 430066 683625 396938 269881 765287 736392 254827 197021 726530 468776 222869 547989 499711 265644 732900 254462 876859 290358 697587 478048 903966 244530 330790 781169 116089 723753 112956 539133 344463 305308 525433 826096 783376 679929 884036 198306 418586 651859 852685 613541 430197 386675 564000 458019 572859 510772 540413 1009076 538895 428851 345893 653019 139962 500015 622737 413891
179086 633719 815255 260243 175253 530905 536022 738309 423021 455925 209876 366007 850491 294363 268595 801153 506828 337022 359946 453327 877278 857859 999999999 416293 772826 305913 647411 684359 501773 667145 958903 241035 662496 648595 916908 808065 857317 335881 592176 435986 373901 613847 677292 844904 723045 553525 461445 735145 367007 570525 690408 864673 475073 467634 857130 812598 412847 748422 581291 603621 332280 760465 198664 385681 646772 665535 590545 115983 849657 285010 929533 479865 551418 616149 338807 306377 215381 252388 242411 893866 513351 227109 318056 442826 565907 471932 368449 417462 550999 485516 396835 292214 662892 679015 689165 845561 721098 512826 742706 507790
257110 849270 563049 164607 579699 923575 700516 387366 18930 99804 213751 53046 959071 524324 679567 770093 228453 115986 633346 809957 570712 845356 416293 999999999 655126 175143 393906 893667 628000 565886 970764 429786 306299 1012241 1021304 491747 747054 613195 936610 834776 104075 964844 721976 624604 513857 225281 541834 615157 90231 206625 796992 941950 814772 380069 736996 535111 364582 626397 218512 627352 732931 890130 300055 524721 1020140 757832 722076 319272 892392 181856 948789 307422 505149 540545 503091 109954 209445 256167 190334 965938 427669 493533 713775 733423 422083 550747 615128 430169 303534 719647 319682 263530 402678 876933 846505 522701 712721 743589 429691 433862
639021 587624 253062 713005 812583 983756 462099 462666 637389 560915 648710 640799 479289 560088 890824 174895 432018 735332 614881 820215 379928 245119 772826 655126 999999999 555221 299579 598578 403938 105814 367101 549765 478534 964054 515877 387543 92556 617979 868702 943456 567617 901527 277109 195516 186656 464740 363598 40741 586585 514534 393842 424372 788372 314989 86297 304318 364472 28737 509185 249090 884819 470516 584256 447278 995107 359754 414291 674189 345723 571178 357259 353136 224203 157704 486944 660764 644195 548466 734818 433685 263958 609224 858986 665800 236744 357509 575366 357751 358849 572359 392667 858417 302220 571754 492937 409200 189952 573393 378689 267095
126897 674968 532537 158001 444081 770458 528223 432411 169224 163267 108001 128217 798856 350981 545568 641226 203207 195314 460746 646227 578972 712728 305913 175143 555221 999999999 357884 719970 458163 454584 833691 257323 356924 847462 862785 506599 647256 441438 768416 686661 83194 797633 569934 576089 454646 247641 375343 514535 88101 267907 634211 787784 647322 246903 641123 521143 213827 527192 278045 476860 588447 725230 137573 350947 858051 596711 553829 191160 745373 21430 809189 208877 368493 417229 328001 114194 102253 84039 179727 813346 299256 325852 566887 560694 320424 384927 440953 269518 257473 544507 172347 303373 371921 703901 677118 543360 574716 568467 440808 301279
476524 737857 175680 498221 748307 1013767 582701 185051 375014 294130 465735 396253 726748 549751 844314 456986 168970 495041 644382 861100 234317 533519 647411 393906 299579 357884 999999999 766473 503320 248801 660217 490777 180675 1042536 776411 178097 383047 636056 950133 948436 331493 983078 485101 230793 125114 176420 419687 266288 349366 220353 595516 685835 843714 228582 368547 165213 277006 273433 213397 404843 865192 688674 450481 469104 1064797 553849 565653 532548 615938 378770 646182 171051 278488 260920 485033 435081 460045 395034 524614 701999 222886 568512 840140 727766 152259 421541 608790 330134 100696 661977 267016 636254 16533 742154 679878 216038 431329 675120 124910 236369
692334 50656 825369 829033 584049 515320 195890 949100 884998 847896 733836 848160 250514 402040 594282 465659 774574 897428 325556 378842 948833 454304 684359 893667 598578 719970 766473 999999999 274967 554858 465725 489030 918797 423193 300622 927050 615672 349241 339839 529869 792088 366072 321669 787821 724123 838274 366087 592857 803694 889249 208810 307943 331403 569400 631660 864840 552497 599032 892080 370276 537390 172356 623040 369055 462212 238988 200954 668780 357885 717769 436832 662189 488006 517627 395787 821248 733926 646150 832439 332671 550985 462715 519819 264368 615061 360059 316953 480333 742587 198878 593593 938663 779850 26882 109720 959488 412086 171539 888445 537958
455508 238702 589219 584704 468539 580754 80709 681935 617832 575645 491272 585604 355556 213758 524538 343349 499671 645682 222955 417064 705142 379963 501773 628000 403938 458163 503320 274967 999999999 327263 464150 266687 646685 564755 421971 672613 456173 232876 469358 546811 524702 502563 189848 568532 482066 563561 91121 383407 537797 614324 190724 363327 384434 295425 465682 620868 277855 393481 617266 156885 501394 272335 383517 120388 593833 163768 97082 449696 350596 459280 433679 387721 230693 277965 164307 566165 490108 392593 593191 392340 282037 280758 476504 261916 351187 85406 185617 205771 470108 170807 319745 710077 517843 254433 218956 707491 262465 177092 627670 268636
534165 535872 270559 612583 710919 899260 395262 429671 548862 475721 545240 547105 481054 462428 791790 213117 350918 639271 525699 736711 394507 290496 667145 565886 105814 454584 248801 554858 327263 999999999 418344 446224 428018 892017 528491 380389 194476 526468 796618 853299 473488 829815 246768 241419 171424 393211 272332 68623 492257 445897 363396 437494 708096 210881 191338 311084 259002 81761 442450 185686 789730 451756 478582 352242 920810 323818 358396 568466 367188 469637 401578 259120 121578 55313 388971 562759 540872 443779 633549 453229 159086 508256 763811 585438 143968 267898 486226 253228 282671 498069 288708 757910 256782 528730 456597 409661 183029 503028 353859 161537
877858 487714 611258 985973 931139 968595 461085 829562 955064 886976 902849 944200 227774 677682 978612 205232 766780 1028099 671741 816025 733274 127857 958903 970764 367101 833691 660217 465725 464150 418344 999999999 718198 840863 888843 217043 751647 309008 687224 803391 964303 871604 830955 281689 539944 553591 811481 498754 395058 889397 864241 299703 160434 771731 592367 329180 665189 619917 389734 860714 363530 942959 293485 809236 573833 927603 307115 394573 889781 117972 843685 31280 665496 467212 431944 621207 947596 899894 796081 1001847 142249 543220 743997 920103 668500 557706 488068 639789 572907 700700 567276 661887 1126346 665096 443729 367849 769868 259253 551316 745784 537729
203514 440402 638377 341127 267625 533902 314218 628310 425782 413855 246226 378987 621305 94920 357150 562002 398023 412727 203629 395866 724320 617108 241035 429786 549765 257323 490777 489030 266687 446224 718198 999999999 566605 594400 687860 666854 629028 184125 512518 460803 339502 542451 436514 651686 535383 460234 220429 514810 345383 497444 457366 629496 392476 272407 631071 648622 217410 527855 505029 363215 374477 534872 136361 147155 607910 429243 360388 184746 610124 248000 689020 322750 325571 392224 102732 341222 246877 173899 343471 658259 306310 78975 349561 303690 372504 230900 186851 193581 411335 298772 224605 451776 507299 477601 470569 705230 481191 324816 606267 297282
483443 885287 296307 453167 795814 1100453 727394 81332 288932 220052 456558 332198 901132 644132 896612 637596 168632 421672 749312 959033 270204 714189 662496 306299 478534 356924 180675 918797 646685 428018 840863 566605 999999999 1151739 953002 191121 558469 736312 1063434 1024568 293484 1095401 656710 372401 295888 110070 557231 446511 305203 100435 762226 863195 949195 352053 542601 253756 382617 453145 88444 570904 931742 857039 484257 587378 1169297 720182 720620 548082 795015 377573 826822 263146 438381 433946 590883 387469 450722 424450 480950 880357 368359 645072 908402 841844 311588 561548 718218 450576 176584 791041 353233 569568 176368 895969 840371 218435 609246 808068 137433 381145
758762 404870 1150439 886863 478491 164705 502040 1204916 1011383 1007556 804550 959441 670782 508707 413340 864446 985322 966045 402506 202393 1260966 867412 648595 1012241 964054 847462 1042536 423193 564755 892017 888843 594400 1151739 999999999 712905 1219261 1003070 415790 95470 248229 930628 62536 705197 1133217 1042227 1049579 631064 946803 934164 1090034 612808 730906 202818 815120 1015921 1177746 773224 956234 1096973 715186 334585 595362 713031 573447 40891 629554 555025 704360 779090 834837 859728 892731 789404 842038 561988 910778 807699 763553 876728 754896 822524 521683 339286 314863 896541 632182 435192 712811 983629 393948 798698 940706 1058463 445321 524605 1256145 796314 390717 1166555 809376
875915 338150 768906 1001013 850695 815607 381444 958126 1008204 951318 909527 985483 66582 622660 877690 341832 846385 1056373 582165 677691 895764 283550 916908 1021304 515877 862785 776411 300622 421971 528491 217043 687860 953002 712905 999999999 899561 485914 602637 636247 828992 917595 659854 302952 707521 690688 901184 490690 531283 933329 955203 232107 91844 630591 647058 505985 819397 656733 530693 954226 396812 828215 157977 804004 542354 753228 266610 327646 871594 170911 867703 199593 734596 528345 519476 585129 975377 907869 806936 1011597 85372 607318 690359 808457 548582 645749 480425 559423 593640 791655 458796 701623 1130708 785100 286391 236731 923767 345465 435811 880664 597774
631658 902212 144262 626900 920120 1191822 750294 120535 473570 398220 613306 510765 857288 727777 1017656 561754 303476 605040 822207 1039081 79313 632470 808065 491747 387543 506599 178097 927050 672613 380389 751647 666854 191121 1219261 899561 999999999 446571 814102 1126348 1125826 459873 1159400 627130 223810 210170 272082 592612 368320 474863 285995 743131 807717 1021194 406576 427522 89452 454849 369573 274415 558073 1041269 832140 615521 646134 1242103 702832 726558 692108 731244 528029 743940 344460 442826 410069 663051 560983 607432 557468 654550 819279 397190 745094 1016414 904398 323788 593515 786330 507728 259929 835450 442299 752504 161740 901763 833893 38410 558048 847191 65835 410504
728538 612211 303945 805139 887509 1035903 503676 534401 729212 652203 739572 733271 460138 630700 961422 154086 522786 827887 675117 872341 424360 202661 857317 747054 92556 647256 383047 615672 456173 194476 309008 629028 558469 1003070 485914 446571 999999999 680760 908523 1002330 660132 940694 299295 230964 262627 552778 430376 133238 679106 601290 406878 397660 837334 405296 20381 358525 453031 121179 595310 299609 950061 469683 671915 516169 1036233 379541 448059 761516 316269 662954 306012 445691 305945 241623 558688 753246 735154 638219 826729 400836 353555 683963 924460 716162 329290 422905 636038 440135 448913 618157 483118 950558 383653 588893 506587 462439 207275 615440 448256 355606
374582 298599 761630 512141 248671 379875 228333 791451 609659 596925 420026 561841 537980 93199 292682 575955 569555 587763 24182 225243 862608 611684 335881 613195 617979 441438 636056 349241 232876 526468 687224 184125 736312 415790 602637 814102 680760 999999999 330299 326877 523573 361162 421702 758456 653741 633795 254771 590769 529478 674712 392782 565498 213009 407534 688113 781769 361271 602472 681452 383007 269822 444773 315275 175946 433152 380115 293388 336150 570261 431697 656113 479378 409332 471752 151085 520808 421738 357854 509572 595138 423713 125646 244520 121097 497429 260481 47747 307429 570385 151249 383807 603412 652367 345625 367121 851828 494528 178185 758116 411457
686902 316353 1055664 818874 430331 189413 406780 1114749 934636 926353 732979 884226 590000 423468 382365 771212 898134 897487 314864 139509 1166956 776530 592176 936610 868702 768416 950133 339839 469358 796618 803391 512518 1063434 95470 636247 1126348 908523 330299 999999999 242018 851280 33294 611262 1037861 947542 962820 536701 851337 855938 1004684 521703 647363 122085 723482 921168 1083547 683079 860782 1011222 619781 304540 510386 636558 481444 128049 536721 460634 636212 691566 756996 773735 802939 694643 746788 472623 838122 735712 684386 810849 672474 729287 443263 302002 222731 803149 537567 345308 621075 893612 298556 710209 883555 965950 360070 436648 1163032 702042 295320 1074465 716063
578020 491050 1084367 691273 260898 97340 514014 1088623 837523 849856 621102 781986 773493 401397 175135 886217 856154 769944 328575 151304 1179794 910433 435986 834776 943456 686661 948436 529869 546811 853299 964303 460803 1024568 248229 828992 1125826 1002330 326877 242018 999999999 768048 243875 725682 1084518 977293 916205 581276 917211 767422 948424 665730 820132 198509 722890 1010926 1101071 671591 928756 957173 702753 103732 683947 549324 502328 231053 666896 579671 515791 846927 670161 933224 782911 735992 798627 471938 726979 625334 606924 676357 848151 745434 381866 121003 297267 817896 586519 368098 627384 872071 399993 684671 721670 964954 542602 602975 1164083 807513 413421 1066325 733809
197428 748432 506626 168353 521847 852775 598101 372745 93151 83008 164705 73638 855176 432383 623297 672935 163517 168713 542443 729422 535958 747258 373901 104075 567617 83194 331493 792088 524702 473488 871604 339502 293484 930628 917595 459873 660132 523573 851280 768048 999999999 880625 618988 559704 442445 189506 437998 527080 19014 197560 692928 838811 730326 279384 651590 487231 260897 538954 208735 524477 668925 786065 220030 423750 941232 653823 618353 263378 790594 97920 848897 214829 404713 444004 404907 103764 159001 167098 195606 863084 328675 408982 647847 642196 331366 446831 521369 326095 232770 621968 216071 304958 343237 774819 742937 494778 612784 645197 394491 333880
713801 345080 1088958 844624 448750 179168 439505 1147194 963214 956282 759821 912309 615364 454359 394516 802583 929779 923468 346377 160736 1200186 806660 613847 964844 901527 797633 983078 366072 502563 829815 830955 542451 1095401 62536 659854 1159400 940694 361162 33294 243875 880625 999999999 643031 1071082 980832 994357 569962 884368 884941 1035836 551890 673999 150316 756243 953481 1116799 715471 893766 1042487 652678 315779 537587 664891 514253 97339 567839 492681 661856 720050 785835 801536 835260 727935 780048 504751 865377 762690 713597 835909 698622 762384 472018 315822 255461 836277 570851 377511 653846 926001 331772 742171 905809 998918 387242 465211 1196121 734027 328213 1107350 749173
601095 313741 512511 716180 657698 748596 212948 669767 708182 649108 629117 688733 245886 399896 714044 161934 543621 765151 409934 586719 638746 190149 677292 721976 277109 569934 485101 321669 189848 246768 281689 436514 656710 705197 302952 627130 299295 421702 611262 725682 618988 643031 999999999 468625 417953 599317 217362 274127 635428 653292 118227 220055 548115 344773 313629 556398 358744 279156 652731 94685 687992 205174 531110 292806 739260 82692 151342 609448 177803 577239 252720 431645 225539 224196 340303 683910 626630 523135 729909 244135 304379 464879 663570 430756 346094 206628 374068 301562 490738 328958 403201 852967 495664 294811 216054 656282 92138 322129 598179 294850
685363 772842 80510 724001 919090 1135570 636266 328003 605697 524804 681779 626343 673773 686027 1007527 365865 399074 725159 760074 974193 193434 428615 844904 624604 195516 576089 230793 787821 568532 241419 539944 651686 372401 1133217 707521 223810 230964 758456 1037861 1084518 559704 1071082 468625 999999999 122488 403855 508355 194981 578012 441287 586544 616739 947337 382026 210898 134446 438246 189481 432306 424367 1014188 665649 646584 582519 1161617 550554 596239 734427 536629 595901 536002 370527 349688 291659 613563 662526 676367 597626 749600 623828 345644 722500 988320 825003 281236 505218 721001 462392 326948 739309 448228 864572 222197 761195 684506 234259 384603 744444 242257 355511
562889 702650 108451 604504 801861 1033219 555955 276018 495123 414667 559775 511185 647327 576391 892349 356443 285661 609725 657583 874116 225034 430066 723045 513857 186656 454646 125114 724123 482066 171424 553591 535383 295888 1042227 690688 210170 262627 653741 947542 977293 442445 980832 417953 122488 999999999 301114 411427 161025 461071 345357 534820 598897 850487 263500 246754 140773 319499 164423 338136 353848 902836 622619 524554 478598 1068394 495164 525397 612115 523708 474215 542818 248156 252926 207515 505392 544218 554405 475178 629668 611533 232315 608356 877103 729603 162888 410046 619301 350537 211228 650669 326794 746476 122718 698285 627575 238330 347973 659085 192687 243573
374450 801649 338779 355074 685793 993436 643787 185084 206481 127576 349448 239101 845161 540942 786652 606258 65348 335007 647998 854659 349663 683625 553525 225281 464740 247641 176420 838274 563561 393211 811481 460234 110070 1049579 901184 272082 552778 633795 962820 916205 189506 994357 599317 403855 301114 999999999 472623 427642 203480 54021 696689 814062 846774 269467 539781 309861 289694 436888 54210 508259 822559 792387 374235 492799 1065818 654817 644407 438668 751918 268530 793957 176268 374349 385390 491711 289080 343573 314443 382791 833932 297493 538161 799414 742688 257143 478260 618581 360750 111122 698253 254925 481589 182271 816772 767389 306018 565131 716948 207655 308822
387914 329143 519802 510344 460577 627600 171174 595132 530892 485998 419460 501330 425589 201063 531141 344673 408607 566765 253368 465842 630394 396938 461445 541834 363598 375343 419687 366087 91121 272332 498754 220429 557231 631064 490690 592612 430376 254771 536701 581276 437998 569962 217362 508355 411427 472623 999999999 336012 451896 523241 259779 421884 439774 205307 436219 546860 187003 347703 526255 144345 521405 349888 316716 86209 656968 224234 180493 392494 393564 378516 470045 297022 159412 218221 131370 486176 417597 316246 521400 449393 196829 259023 495618 318284 268940 10784 213898 115139 380708 242838 229501 642045 434787 345434 305419 628512 262794 255447 544562 183337
599238 578568 241282 672293 779195 960501 446169 435558 597507 521465 608396 600321 490555 529313 859309 195477 393041 694691 588902 797343 368659 269881 735145 615157 40741 514535 266288 592857 383407 68623 395058 514810 446511 946803 531283 368320 133238 590769 851337 917211 527080 884368 274127 194981 161025 427642 336012 999999999 546038 478186 392280 439440 767056 275059 126714 289214 325333 13284 473250 232602 855764 474022 545301 417905 976828 355725 402708 635323 363155 530563 382823 312505 189767 123057 455914 620033 603847 508620 694156 451124 224481 576304 829870 644286 196058 330725 549355 321848 320506 553499 352603 817702 270321 566219 489728 392865 193614 556305 353525 228209
192991 759542 524251 152236 518747 853252 610333 385184 81818 89189 157138 55078 870633 439073 620027 691140 180927 149730 548844 732513 551434 765287 367007 90231 586585 88101 349366 803694 537797 492257 889397 345383 305203 934164 933329 474863 679106 529478 855938 767422 19014 884941 635428 578012 461071 203480 451896 546038 999999999 207588 707871 855097 734629 297052 670591 504043 276920 557927 219066 541023 667524 800641 221736 434882 943976 669036 632021 258719 807613 99362 866519 233726 422338 462377 414392 86792 151631 171751 179768 879561 346713 412942 646890 648795 350280 460903 528888 340928 251067 631308 232254 286897 360880 786818 756364 509361 630449 654903 409709 351684
392320 851850 371561 353360 711472 1028168 694248 181765 188939 120407 362143 231903 899121 581549 812856 659013 114695 321542 689922 893179 365229 736392 570525 206625 514534 267907 220353 889249 614324 445897 864241 497444 100435 1090034 955203 285995 601290 674712 1004684 948424 197560 1035836 653292 441287 345357 54021 523241 478186 207588 999999999 750171 868066 887286 321561 587633 336700 338504 487014 11992 562083 852667 845887 401258 539588 1104993 708344 696541 457892 805721 287531 847055 228342 428231 439190 535812 287923 356395 342238 381103 887883 351091 574153 830188 786014 310985 529213 661884 410225 164731 745293 301418 469458 223562 868081 819921 316185 618884 764685 225813 362253
643811 209920 630581 769587 640343 675324 164458 780567 784859 732892 677664 758813 166226 397972 681412 257435 637502 826488 375532 518977 756589 254827 690408 796992 393842 634211 595516 208810 190724 363396 299703 457366 762226 612808 232107 743131 406878 392782 521703 665730 692928 551890 118227 586544 534820 696689 259779 392280 707871 750171 999999999 175028 476020 431905 422993 673935 433616 397070 750756 191436 643515 95724 571897 310979 649176 42063 101067 640287 181779 638080 268450 523452 324312 335780 354821 745786 676089 575726 779751 204569 399225 465920 620901 369137 450724 249771 346319 366944 591345 267586 478412 898605 607008 182069 99973 773016 204882 252312 711735 387918
809741 334257 677327 930543 813852 817597 337730 866960 928223 868776 840971 908117 69666 572901 850630 250874 760632 982560 547137 669847 804299 197021 864673 941950 424372 787784 685835 307943 363327 437494 160434 629496 863195 730906 91844 807717 397660 565498 647363 820132 838811 673999 220055 616739 598897 814062 421884 439440 855097 868066 175028 999999999 624167 564568 417503 727653 578213 438902 866716 314739 807925 137763 738334 482402 770105 200343 276048 810610 81410 794052 134338 650057 443348 430505 527537 901330 838923 736483 942690 29661 522674 640826 786431 528917 557678 411267 519751 518354 703941 431568 622848 1063907 694248 287402 217302 831970 254537 412066 789093 513772
564839 292913 958938 697162 320738 200637 335578 1003301 812994 806198 610922 762319 575727 305890 290849 710047 782564 775655 200501 47587 1065790 726530 475073 814772 788372 647322 843714 331403 384434 708096 771731 392476 949195 202818 630591 1021194 837334 213009 122085 198509 730326 150316 548115 947337 850487 846774 439774 767056 734629 887286 476020 624167 999999999 615472 848109 983399 571958 777463 894182 540444 220141 487184 514752 375330 221292 482040 397743 514621 655323 635542 740908 691046 599185 655854 360527 716039 613638 563286 689552 651758 625995 321722 209363 122774 700201 442287 234928 513581 782035 219700 596358 765044 859817 344213 406893 1058469 635032 226781 967070 613097
324206 534101 366021 404267 538371 785881 376050 393480 365307 304348 334376 351834 587292 322349 629557 395654 207241 437763 415853 632523 456993 468776 467634 380069 314989 246903 228582 569400 295425 210881 592367 272407 352053 815120 647058 406576 405296 407534 723482 722890 279384 756243 344773 382026 263500 269467 205307 275059 297052 321561 431905 564568 615472 999999999 401248 378486 56220 288197 323562 250326 643437 527458 272675 242069 836683 390624 375010 362675 512476 260478 569514 93250 125332 170399 256475 358566 330043 233566 424159 587567 52534 347074 617957 500783 100893 210043 380575 102409 175726 441136 77827 549092 244853 547554 498437 444302 333410 456977 351614 54923
725193 627119 284516 798784 891327 1046107 515491 516861 719006 641390 735000 724474 479599 635757 966715 172426 511594 819746 683124 882453 404326 222869 857130 736996 86297 641123 368547 631660 465682 191338 329180 631071 542601 1015921 505985 427522 20381 688113 921168 1010926 651590 953481 313629 210898 246754 539781 436219 126714 670591 587633 422993 417503 848109 401248 999999999 339211 450328 113937 581391 308816 956943 487585 669880 521590 1048708 394625 461148 759711 336140 657250 326373 437724 306474 240994 563303 745897 730479 634673 820786 420962 350063 687721 931263 726526 321776 429108 643887 440684 437276 629352 478949 944170 368538 604837 522860 442878 221493 627371 430508 352871
641374 843357 54952 655515 910077 1161568 695814 198102 516334 437002 629144 546290 779767 699896 1004608 479206 324139 643806 787476 1004793 84436 547989 812598 535111 304318 521143 165213 864840 620868 311084 665189 648622 253756 1177746 819397 89452 358525 781769 1083547 1101071 487231 1116799 556398 134446 140773 309861 546860 289214 504043 336700 673935 727653 983399 378486 339211 999999999 431631 288835 326200 494579 1021646 760130 615414 608849 1202773 634780 666153 697757 649811 542263 658555 334687 390483 348171 631366 590782 623391 560234 682553 737841 358243 724895 996249 863800 284342 546315 750058 474730 263959 788140 427878 788909 150003 838958 767675 105031 481998 797556 116782 370803
