NAME : synthetic_000639
TYPE : CTSP-D
DIMENSION : 100
GROUPS : 8
RELAXATION_LEVEL : 1
EDGE_WEIGHT_TYPE : EXPLICIT
EDGE_WEIGHT_FORMAT : FULL_MATRIX
EDGE_WEIGHT_SECTION
999999999 1138856 153217 1143425 639059 176136 228627 741750 580890 254131 662046 860050 833956 297645 746474 629611 49829 617329 267354 933948 502907 723319 454837 896862 802169 530654 168269 830495 872653 613985 1005909 825777 517617 303318 889729 546861 48962 589662 546377 248341 565619 1107232 374745 427465 533216 523279 183537 283838 825706 273222 757572 691198 261920 566216 787555 768072 740104 874089 832787 481370 961247 284734 641674 403399 771934 649308 910264 552522 985287 865814 659542 953985 455513 339344 358231 461150 144218 790405 651525 839629 997394 971947 413806 248243 684144 946677 451796 447758 933718 776839 392502 986974 825704 304225 762697 292749 817523 846398 986823 682537
1138856 999999999 986658 9139 838878 1001190 980949 607635 602291 903237 674276 702799 377697 841299 759484 583035 1120903 916740 885023 507407 769024 942468 846712 369122 348564 787536 1197482 448329 672246 889766 251312 578823 621865 1062239 416659 894474 1094618 879235 842436 940532 613382 36881 878760 965267 974031 784775 1244509 976296 722180 1131905 391344 631500 886880 574167 369223 481819 663565 367906 799926 698531 178682 947776 524148 736538 920230 503649 259275 899955 196646 509604 759696 427850 972106 809936 857920 953332 998865 549730 905510 459998 837067 828916 883430 1224238 714568 519989 767681 705906 366766 492924 853544 297520 677837 1322421 920200 855232 334394 301568 153464 733357
153217 986658 999999999 991363 531655 119672 137678 603465 430744 110803 528203 734434 682129 147001 627416 481673 147357 555705 119364 791554 373008 634363 367159 746282 648968 433009 247029 695226 743789 545972 853459 687254 364949 267182 753991 449719 107983 518962 464888 131481 427143 955386 287478 348278 487988 424085 284947 233033 702282 277759 604370 572900 129211 413320 634353 619580 608216 732952 719124 333175 808747 216020 489218 253566 677537 496184 757062 456805 836567 722535 538648 807111 410767 199490 230885 378610 19914 648264 557110 706163 884340 858770 305646 309752 580573 805236 314253 305384 783742 629536 270733 835394 697175 394382 668579 141420 664318 696275 834303 558271
1143425 9139 991363 999999999 847057 1004927 986698 615999 608815 908533 682285 711765 385632 845819 768092 590137 1125144 916316 890243 516491 776126 951009 848245 377794 354782 788473 1203073 447168 681239 889403 260373 587600 626693 1068736 414462 902225 1099336 879141 842915 946196 615874 37890 881062 972414 974383 785828 1250034 979027 731055 1138229 397325 631194 890885 579162 375697 489829 672041 366856 808826 704717 184148 950660 530478 740866 928935 509571 266787 907743 195957 518467 767888 436940 973191 813814 864145 960664 1003692 558255 913778 458481 846201 838037 890293 1230269 713859 529098 774241 709454 375702 501104 860088 306582 686696 1328452 928878 860377 340732 304466 159142 741634
639059 838878 531655 847057 999999999 639596 411537 233683 325639 428593 167421 246643 462418 490946 124472 298621 661068 962198 430498 403221 189267 136280 765322 476173 528525 787255 573607 814035 270275 941513 606733 288767 451571 373165 854688 100044 593833 914078 848971 401712 624937 823404 713948 227710 933038 777073 617343 723629 208337 444343 502383 816282 558449 451998 503450 358055 184984 796653 195260 312729 685875 694162 389131 488819 157984 426193 583856 98132 790049 358256 79218 463757 869240 544768 304604 195627 524887 296003 69510 834108 358591 333245 227284 548735 876604 405943 257258 553408 492109 345956 262841 566087 228426 631211 150462 429381 537002 664229 704546 107262
176136 1001190 119672 1004927 639596 999999999 257271 685292 491750 211010 616834 828310 730261 182340 727500 548038 136439 452703 210363 864617 469332 748301 279720 799441 679496 354648 325855 663475 834616 446345 895545 767554 393593 384844 722733 562771 157955 420709 373344 247106 404777 967775 199083 466543 377193 347185 352575 119388 798302 387225 635673 516657 118171 442737 668662 681550 697639 712494 821778 404036 826990 111569 536900 271525 789465 535788 789731 570230 835772 794794 638622 870881 298912 191797 335062 496077 135357 723524 669940 671204 986186 960697 417298 399658 508023 879772 404702 296002 838751 694532 376757 883061 788811 471385 780662 218839 694839 702168 852489 655409
228627 980949 137678 986698 411537 257271 999999999 521549 388473 97561 438830 632164 643269 204071 517872 427883 249872 678298 117554 716933 279171 503915 481918 698928 633428 538340 217774 747935 645680 665856 817354 605106 372378 139439 804518 322307 182415 638110 579702 42039 483444 952762 406576 212460 617638 528604 265697 367459 597454 175281 589860 653843 231889 414363 614781 564864 515030 772602 604485 287030 802608 346953 460588 292263 549782 477536 735089 328642 851697 650577 431182 744454 541899 275911 138251 244059 124053 574257 428858 761868 769334 743846 185281 247432 676275 728369 237221 362134 733002 570331 166766 792735 598741 344716 540652 146946 648168 707980 827564 454745
741750 607635 603465 615999 233683 685292 521549 999999999 218630 492903 87184 173001 235600 507023 159737 160837 749188 900208 484869 196972 243040 337177 722016 242538 320817 719819 724180 647615 164438 875706 373078 84038 365105 540179 678185 305627 692924 850705 787298 494355 522250 594041 693100 408344 895124 710615 771767 736777 162872 615652 306209 696702 578092 340253 296541 134740 59498 613652 232187 282995 462629 703984 236177 455381 322684 270282 357099 309016 576960 135822 154994 240057 845349 533909 384717 385567 604405 63744 298427 668745 356024 334321 355239 720285 771508 207152 290278 495857 259314 117747 355588 332893 128592 812687 320870 468704 325844 465606 479178 126627
580890 602291 430744 608815 325639 491750 388473 218630 999999999 327573 189198 388322 255494 309416 332272 59727 577580 683306 313535 375608 179232 460896 503392 315980 254794 502904 606016 489506 382793 659304 429409 291098 147400 459950 532557 333696 532559 633815 569908 351063 313062 577248 476527 371729 676494 493501 654087 527844 370670 530132 214939 498381 377346 131071 233128 190227 255696 478144 425760 101772 427207 494719 80029 241066 470618 110786 349155 341439 502006 305879 266413 379405 627443 323185 257595 366362 436939 239764 392370 509291 569081 545929 284141 624994 566304 391886 165455 277249 353030 202804 251276 407094 343929 722952 465235 289329 268309 362900 450907 260648
254131 903237 110803 908533 428593 211010 97561 492903 327573 999999999 417425 624426 582053 107840 519233 375482 256550 594505 20398 682087 263046 539129 394979 643438 559070 446457 297356 651944 633292 580206 755108 576771 285388 232728 708960 353443 205435 552178 491688 59735 386393 873617 323798 268635 541226 436511 342979 303530 592760 272787 514721 556558 148467 330490 542371 513958 497513 679028 612294 227345 724560 277793 391956 195857 579035 403585 664543 361171 765322 613371 430299 700037 468347 180458 124177 294552 112013 538623 460139 665501 777193 751650 207816 339042 580926 695465 203451 264683 679924 522768 165752 734481 586756 434336 570304 51249 574199 622296 749875 448910
662046 674276 528203 682285 167421 616834 438830 87184 189198 417425 999999999 214042 296740 443418 143113 145003 672134 867443 411313 283524 159702 290546 680782 318169 361780 687600 638323 661788 217858 844227 449490 167652 333774 453050 698563 224358 613480 818104 753516 413792 502230 657600 643804 321693 853538 677915 685728 677514 189075 528520 337568 686707 514887 320050 336706 192458 80809 637805 237188 224371 518657 645318 235392 405942 289836 272671 417552 228724 623148 222904 90961 326378 798589 478859 303843 299854 527638 148843 236478 682433 387158 362958 268677 633239 755498 292760 214120 456318 339781 182762 272138 411825 172584 725507 285706 398209 369887 499888 537631 74784
860050 702799 734434 711765 246643 828310 632164 173001 388322 624426 214042 999999999 366229 657085 122347 332465 874892 1071525 620274 201880 361445 276283 890003 340037 470293 891096 813370 811056 32382 1047331 452245 136167 535676 615553 837228 345630 812458 1022024 958219 613028 695169 696983 856393 471126 1063152 881751 858562 891521 38392 688478 464587 868999 728517 512863 448059 285053 135091 770530 100533 438071 585419 859354 408832 618107 236080 442190 477849 344515 711075 195723 201771 279509 1010474 692579 504837 440513 731935 187853 281798 832306 183129 162061 449382 793552 944409 195345 423666 664105 336154 262990 467971 406337 44548 877576 239322 609489 471852 616357 596939 177514
833956 377697 682129 385632 462418 730261 643269 235600 255494 582053 296740 366229 999999999 550528 393767 218707 827489 816783 567112 221752 400627 572732 673266 75101 114678 645129 860304 464352 341428 789831 174084 230280 340707 703669 481461 517201 786075 769174 712575 606419 434061 361026 671224 594574 837386 637959 908501 744680 374503 776652 131185 565087 612417 294035 99868 104407 294224 412800 451919 357241 227177 712053 193959 461639 556999 196534 121790 522520 346231 178903 383489 175123 805839 545950 509518 579940 689738 185654 530026 485365 534613 518940 518664 875154 650230 241070 412319 466311 115815 117975 496680 153449 330703 972434 555661 541245 111195 254877 243642 358433
297645 841299 147001 845819 490946 182340 204071 507023 309416 107840 443418 657085 550528 999999999 564065 365972 281517 494602 89884 682939 307377 612941 293528 618489 507658 340205 383807 555249 660843 478643 718427 588184 221117 340568 613351 430004 254563 450501 388432 167573 287112 809590 228661 364051 449393 330138 425704 235787 629373 378125 463203 450147 71473 270240 494634 499241 523899 588803 660672 224157 663940 204727 356622 106568 647201 358499 617002 438381 689566 613080 476530 688570 380938 72740 197985 385969 161754 542634 532873 567517 822496 797298 289199 435695 473086 698357 238904 163953 657460 512208 238198 703810 615992 527500 638982 70003 523061 549422 689530 489472
746474 759484 627416 768092 124472 727500 517872 159737 332272 519233 143113 122347 393767 564065 999999999 286494 764154 1007142 517366 290643 258480 183807 817333 390505 480039 827924 692859 798461 146072 984422 516423 185019 475833 494066 832242 223296 699654 957968 893114 501957 645231 748246 775527 349231 989200 818110 737601 799849 84232 566565 463104 829665 634662 463163 455547 294444 100245 769189 97536 356688 620907 768626 375019 540045 163256 411811 514390 222185 736660 256934 88950 358678 931212 607698 396531 318310 623244 210472 166886 819363 258934 233556 333146 671492 898573 290539 325510 595044 398733 276726 357381 472849 106379 755229 161967 510225 485429 623981 636562 75981
629611 583035 481673 590137 298621 548038 427883 160837 59727 375482 145003 332465 218707 365972 286494 999999999 628982 739454 363001 317297 185991 430213 561960 271050 243551 559043 643628 518104 325274 715055 391811 231462 204338 485285 556767 324163 580897 689949 626471 392864 363875 560767 536181 382303 734927 549811 691911 587068 317172 558001 210120 544086 434884 180903 219457 138532 202481 498053 376625 148532 413202 553967 91251 300716 433880 128628 324891 331059 501574 247447 230814 325536 686755 382481 292060 371684 486520 180119 367569 538578 514496 491879 301693 656552 615513 333202 193925 336005 305723 147939 277973 365114 287927 753749 429323 340817 255031 368914 435395 219487
49829 1120903 147357 1125144 661068 136439 249872 749188 577580 256550 672134 874892 827489 281517 764154 628982 999999999 569171 266583 938498 514666 751802 411122 892648 789140 488216 217899 798313 885844 566472 997724 833133 502584 340677 857598 571941 71397 542542 500921 262260 536437 1088517 332000 456832 484078 481230 232866 237191 841558 317109 744656 653015 235927 551751 775800 766770 751447 845038 852947 480509 944353 240682 633924 384450 798884 638742 898314 578096 962164 869616 676170 954451 406592 314012 370201 489949 144783 795094 678030 806554 1018094 992558 434043 297674 642098 951984 459113 422034 930407 776868 407265 980906 839006 353534 789708 288386 804541 825301 969948 697679
617329 916740 555705 916316 962198 452703 678298 900208 683306 594505 867443 1071525 816783 494602 1007142 739454 569171 999999999 580444 1020851 773008 1093081 201243 890957 715657 180432 777506 471646 1064570 27601 930332 964409 535906 816997 515389 916643 609271 49506 114030 651171 386334 879888 271764 858630 98794 189814 800303 335081 1053530 833429 686674 285354 447428 561287 720949 826927 938744 550612 1103769 653356 784850 342422 672831 473379 1120021 646551 808235 925297 720373 957537 928138 990810 165857 427006 690597 880247 575082 908387 1013726 463912 1252212 1228808 781538 852329 203888 1039816 706038 412238 930588 847905 728740 940657 1027061 920670 1112649 564587 727013 643295 805298 931699
267354 885023 119364 890243 430498 210363 117554 484869 313535 20398 411313 620274 567112 89884 517366 363001 266583 580444 999999999 672211 259678 544258 380216 629510 541672 429742 316928 631554 628149 565559 739736 568496 266122 251275 688562 358834 219095 537474 476357 78535 366114 855181 310751 279874 529528 419724 362243 296581 589342 292834 497237 537111 137010 311704 525354 501236 491791 658711 611422 214491 706374 269521 376000 175470 582767 386532 647724 366776 745818 603172 428441 688203 457685 162613 126312 304398 123580 528963 464809 645131 775913 750410 213798 359381 562627 685955 197293 244581 666410 510702 168383 719889 581840 454542 574151 31071 556853 602939 731735 445896
933948 507407 791554 516491 403221 864617 716933 196972 375608 682087 283524 201880 221752 682939 290643 317297 938498 1020851 672211 999999999 439519 469036 861085 166250 336430 844035 921124 685812 169752 994590 256223 117921 506392 736246 700688 490013 884996 972132 912302 688160 634523 505086 845449 601400 1031130 835929 968734 903011 229044 811678 348331 781711 752161 468485 320446 196066 222750 631561 302277 461395 410102 869860 354355 615159 434670 375721 307209 491867 541848 69867 332550 79618 990774 698373 579260 576420 794093 143553 456487 706753 333505 323037 552106 916604 865016 19464 482497 640192 147457 177260 551779 210045 188769 1008208 436835 653086 332247 472975 416996 301698
502907 769024 373008 776126 189267 469332 279171 243040 179232 263046 159702 361445 400627 307377 258480 185991 514666 773008 259678 439519 999999999 321324 576124 442975 427326 598710 482195 658551 371234 752482 570197 326183 274087 306440 705149 161856 454520 724982 659903 254568 445327 746607 526183 196382 744426 588489 530069 542750 329798 381151 390566 638140 377194 285243 403907 306802 237232 653929 354041 129096 598443 512063 257871 299645 347227 290018 510665 170312 680317 374894 169934 473260 681857 356916 144812 187751 370910 298499 243442 677407 517406 492000 119102 483607 693514 450183 69017 365527 472324 306901 112646 538827 324459 578747 339723 251748 439578 542070 620988 186218
723319 942468 634363 951009 136280 748301 503915 337177 460896 539129 290546 276283 572732 612941 183807 430213 751802 1093081 544258 469036 321324 999999999 894558 573843 650343 919895 630904 947746 307523 1073070 700229 368501 587698 431795 986956 185694 681680 1045425 980452 502920 761030 930347 839502 295860 1059836 909655 669670 840660 242358 492819 627921 952529 677473 588118 625364 470412 279374 927452 184203 447611 799561 812671 521381 620241 55544 558694 694275 178089 910598 440344 200214 540468 993628 671245 418563 262206 624728 392764 80079 968015 311572 289568 331352 590137 1012298 466354 387110 686837 582526 454779 376706 656606 280285 659144 47106 547714 657413 790257 816348 218228
454837 846712 367159 848245 765322 279720 481918 722016 503392 394979 680782 890003 673266 293528 817333 561960 411122 201243 380216 861085 576124 894558 999999999 748344 585889 80140 603012 439039 885992 185347 809592 792145 358462 621287 495282 716464 436741 157259 98082 452640 245469 810421 81100 657575 173178 75760 631957 178913 869139 643445 549694 261684 250030 392696 585359 665020 755477 505369 914660 460910 690938 170444 506885 278030 923306 486619 689641 725081 658737 794415 735579 841575 132963 225902 489392 679011 387011 737924 814886 440541 1067782 1043717 580392 673277 232891 879330 508245 226172 789077 684380 527736 811621 845975 749885 915707 363531 599373 550050 714458 741422
896862 369122 746282 377794 476173 799441 698928 242538 315980 643438 318169 340037 75101 618489 390505 271050 892648 890957 629510 166250 442975 573843 748344 999999999 181104 719972 914290 524923 311507 863923 131338 210526 412931 749183 536544 542517 848536 843535 787312 663718 508979 359485 745597 631535 912410 712866 962587 817512 355592 823440 204394 635865 682053 367183 170990 136311 295985 467259 433820 416466 247402 784751 262700 532785 551170 269272 141838 546863 377284 144316 397256 105283 880885 617365 562657 613624 752857 181835 540661 545566 494954 481976 562075 924292 721780 184386 463811 540255 40844 137705 545719 95869 310994 1020591 551084 604907 173718 308926 257308 369160
802169 348564 648968 354782 528525 679496 633428 320817 254794 559070 361780 470293 114678 507658 480039 243551 789140 715657 541672 336430 427326 650343 585889 181104 999999999 549490 850632 349927 447987 688348 224559 334612 287001 714296 369149 566353 756172 669189 615538 593489 341249 322581 594109 623298 743682 543164 898016 677364 473770 783469 44598 455169 561761 237667 25079 187982 380120 301243 549052 349968 172413 645821 175794 408174 641865 156023 110324 572894 261539 290975 452613 285956 718788 488909 509370 614505 659492 283448 597919 370999 644099 627201 538168 875782 541546 355740 420177 396087 218201 208679 505889 226586 431585 973959 639345 512823 15404 146234 196245 432137
530654 787536 433009 788473 787255 354648 538340 719819 502904 446457 687600 891096 645129 340205 827924 559043 488216 180432 429742 844035 598710 919895 80140 719972 549490 999999999 674096 366572 884204 156631 769889 784647 355506 677463 421233 747394 509809 130928 68303 505698 211163 750884 156216 700260 194524 10333 705069 258631 873246 705441 517026 183763 309021 381363 552144 649103 758412 436616 924260 476144 639089 248016 493668 300158 944588 468628 648310 756129 595868 779672 750134 817505 185200 268153 528417 718955 452913 728854 841234 366364 1071880 1048537 617817 741972 153968 862820 533206 234305 760206 669722 564095 776031 846630 821651 937456 409010 561948 496726 661609 752731
168269 1197482 247029 1203073 573607 325855 217774 724180 606016 297356 638323 813370 860304 383807 692859 643628 217899 777506 316928 921124 482195 630904 603012 914290 850632 674096 999999999 938756 831453 772003 1034345 805961 582688 201439 997044 474300 168261 746532 698428 257143 670364 1168734 521916 346355 697160 665726 48299 442445 776328 139684 806847 819822 376188 627170 832294 779184 709076 971925 767929 504736 1018925 437394 678317 486955 683939 694628 952826 477755 1062678 857085 612823 954558 618906 444788 351641 379558 228136 780693 568809 950549 927362 902655 370198 80331 824561 931013 450583 547369 947355 783245 371529 1008740 785289 147859 674711 347892 865460 919610 1044024 640207
830495 448329 695226 447168 814035 663475 747935 647615 489506 651944 661788 811056 464352 555249 798461 518104 798313 471646 631554 685812 658551 947746 439039 524923 349927 366572 938756 999999999 791714 445286 514702 678149 396072 869614 59286 819352 796069 437658 410053 706602 268419 411763 493502 829965 537716 366834 979473 600659 808940 922091 347106 190251 570231 373999 368329 526382 703545 80523 879709 536608 341464 579245 426882 456090 951577 389496 401440 827510 251947 640258 748906 629788 549402 495786 669764 834304 712723 623490 881580 21263 989600 971304 736570 989754 267951 705003 617215 391409 557075 548786 687803 539339 769606 1082656 947239 601248 353570 219010 356620 736569
872653 672246 743789 681239 270275 834616 645680 164438 382793 633292 217858 32382 341428 660843 146072 325274 885844 1064570 628149 169752 371234 307523 885992 311507 447987 884204 831453 791714 999999999 1039989 421371 113699 529524 635166 816219 367891 824683 1015071 951722 624791 685287 667045 855137 491697 1059151 875022 877161 894013 66084 708787 444664 855709 732310 504105 426400 265410 137078 748972 132883 439358 557900 861571 397119 616885 268218 429187 450614 367345 684762 167441 218632 247781 1008308 693261 515700 461914 742119 168688 309576 812977 198223 179647 464787 814131 932582 162972 430905 659826 305929 242938 480151 375353 46953 899586 271304 615889 448774 593599 568761 191887
613985 889766 545972 889403 941513 446345 665856 875706 659304 580206 844227 1047331 789831 478643 984422 715055 566472 27601 565559 994590 752482 1073070 185347 863923 688348 156631 772003 445286 1039989 999999999 902786 939195 511942 804958 489793 897812 603783 28149 92619 637560 360176 852905 259676 842592 111662 166337 796259 330441 1029778 823661 659597 258284 434244 536310 693796 800960 914904 523996 1080841 631639 757315 335165 647379 452901 1099184 620685 780693 906496 693485 931548 906121 963992 169380 409815 673421 863523 565539 883046 993926 437935 1228358 1205073 764102 845814 177950 1013591 685962 390037 903494 822036 711005 913228 1002835 916283 1091905 548632 699648 615723 777806 909138
1005909 251312 853459 260373 606733 895545 817354 373078 429409 755108 449490 452245 174084 718427 516423 391811 997724 930332 739736 256223 570197 700229 809592 131338 224559 769889 1034345 514702 421371 902786 999999999 332502 502268 875308 511576 673824 958349 885376 834610 780433 564329 249523 818572 761080 964413 764101 1082554 900225 473143 948888 264588 657558 777374 453532 229535 264168 424825 444193 550331 531181 183169 868318 364259 624479 674281 360086 122107 678196 313572 261530 528028 176800 942329 707413 683358 743974 861755 311166 670400 533465 587555 578514 689058 1048272 745515 269325 585722 618963 117981 268211 669483 46210 429190 1145276 674876 713217 210510 298678 179976 499544
825777 578823 687254 587600 288767 767554 605106 84038 291098 576771 167652 136167 230280 588184 185019 231462 833133 964409 568496 117921 326183 368501 792145 210526 334612 784647 805961 678149 113699 939195 332502 999999999 433691 619103 702553 372762 776957 915030 852687 578295 581282 570000 767624 483519 964711 775802 853325 815699 145882 694475 331055 746505 658907 403291 312801 152125 105430 635401 224103 364066 451921 782743 292212 531428 341937 321875 344149 374890 575844 71917 215674 175498 917992 611808 468580 458519 688354 57085 346018 699412 311484 293336 436121 799579 825070 125436 374302 566754 214537 129530 438827 288311 101392 890697 342396 551798 335829 480486 464727 184854
517617 621865 364949 626693 451571 393593 372378 365105 147400 285388 333774 535676 340707 221117 475833 204338 502584 535906 266122 506392 274087 587698 358462 412931 287001 355506 582688 396072 529524 511942 502268 433691 999999999 480601 447982 435465 472848 486415 422546 330426 173377 590991 339195 434129 531083 346102 628329 404697 517877 539754 242745 365171 275496 49345 275175 311250 402969 407010 570960 145696 443804 371867 153864 122218 604439 144203 396844 444037 480136 438348 403133 495616 485513 205618 275616 439849 377004 379581 513289 413291 716417 693168 340773 619806 425997 524081 223680 134008 453344 329140 291754 491737 491249 716847 598202 235489 302401 336922 469356 401942
303318 1062239 267182 1068736 373165 384844 139439 540179 459950 232728 453050 615553 703669 340568 494066 485285 340677 816997 251275 736246 306440 431795 621287 749183 714296 677463 201439 869614 635166 804958 875308 619103 480601 999999999 924525 273429 269579 777275 719115 172999 610635 1036874 545453 145466 753979 667672 244215 500214 578026 75474 673027 787533 371268 516350 693040 612896 518330 887264 566851 366160 886538 482179 538521 419407 483941 562427 807724 276595 950203 675512 417111 777010 677340 413139 208267 178276 249816 600058 367636 884820 725924 701223 187540 180539 813653 744513 294663 492445 778751 613337 208790 844979 589672 272948 474681 277455 728083 806739 910540 445737
889729 416659 753991 414462 854688 722733 804518 678185 532557 708960 698563 837228 481461 613351 832242 556767 857598 515389 688562 700688 705149 986956 495282 536544 369149 421233 997044 59286 816219 489793 511576 702553 447982 924525 999999999 864844 855150 484399 461252 763013 326942 380950 551587 880634 586453 422078 1038023 658943 837563 978207 373121 240863 629318 422596 389904 552291 735446 69313 910206 585791 331663 637926 465718 513209 988175 428530 405208 872849 224424 659769 787166 639941 602265 554621 722968 883718 771380 649407 922960 54869 1013047 995754 787294 1047245 311896 719549 666763 449693 565820 574241 739505 540452 796943 1140547 984236 658090 370411 227758 343120 773144
546861 894474 449719 902225 100044 562771 322307 305627 333696 353443 224358 345630 517201 430004 223296 324163 571941 916643 358834 490013 161856 185694 716464 542517 566353 747394 474300 819352 367891 897812 673824 372762 435465 273429 864844 999999999 503085 869888 805372 318260 605373 875791 657967 127998 878751 737074 517643 655381 307505 344301 534277 798234 492969 446807 541730 414180 267376 811738 293648 289877 732275 627756 408013 447549 227997 442884 635749 8768 825707 438455 157567 544163 810917 491267 233684 95588 440843 369358 107394 838432 454651 429605 145659 448732 850668 494784 217207 518105 563554 406439 192201 636042 324371 531971 218972 363431 576854 691996 752948 188378
48962 1094618 107983 1099336 593833 157955 182415 692924 532559 205435 613480 812458 786075 254563 699654 580897 71397 609271 219095 884996 454520 681680 436741 848536 756172 509809 168261 796069 824683 603783 958349 776957 472848 269579 855150 503085 999999999 578404 531184 200003 529328 1063369 355725 386273 529873 501843 195323 274251 778370 249794 711577 663545 225838 521093 741133 719388 691750 836919 786880 432759 916652 269508 594218 360998 729342 602643 863818 509022 943882 816852 612358 905119 451492 301570 309755 419588 96820 741451 608619 806021 951749 926260 367640 244120 661973 897748 402898 409383 885245 728028 344611 938955 777745 313469 720140 245167 771496 803985 942201 634957
589662 879235 518962 879141 914078 420709 638110 850705 633815 552178 818104 1022024 769174 450501 957968 689949 542542 49506 537474 972132 724982 1045425 157259 843535 669189 130928 746532 437658 1015071 28149 885376 915030 486415 777275 484399 869888 578404 999999999 65146 609616 337643 842354 232213 814443 105164 140341 771469 305851 1004076 796558 639417 248455 406409 511860 673906 777956 889276 515287 1054524 604613 743127 309298 623559 425353 1071810 597526 763277 878566 683466 908574 879262 942892 151681 381680 645296 835381 538583 859055 966221 431562 1202744 1179359 735996 819878 173412 991058 658317 363229 883322 798859 682923 894730 977558 891282 1064497 520488 680801 601038 764100 882584
546377 842436 464888 842915 848971 373344 579702 787298 569908 491688 753516 958219 712575 388432 893114 626471 500921 114030 476357 912302 659903 980452 98082 787312 615538 68303 698428 410053 951722 92619 834610 852687 422546 719115 461252 805372 531184 65146 999999999 549814 278944 805622 177671 751879 132143 76886 725863 264236 939856 741470 583930 220448 347859 449399 618875 717405 825148 484361 989761 539495 699118 262136 561901 360299 1006685 536928 712744 814064 648503 847974 814191 885322 143270 318578 581896 772234 484705 796979 901311 406896 1138591 1115108 672354 769806 163339 931099 593344 298222 827435 738022 619096 841887 913795 844650 999382 458289 627715 556580 721017 817669
248341 940532 131481 946196 401712 247106 42039 494355 351063 59735 413792 613028 606419 167573 501957 392864 262260 651171 78535 688160 254568 502920 452640 663718 593489 505698 257143 706602 624791 637560 780433 578295 330426 172999 763013 318260 200003 609616 549814 999999999 442884 912069 379687 220262 594743 495798 304629 350273 579406 215757 549725 615611 203800 372699 575227 530713 491779 730696 591553 249312 762062 327065 421607 251405 546139 437487 696056 325325 809928 620882 413910 712619 520437 240187 109953 249078 123229 544884 425646 720711 756828 731266 174784 289388 640658 700273 205924 322285 698531 537181 145098 756869 577868 386515 537163 106464 608322 666256 787096 435644
565619 613382 427143 615874 624937 404777 483444 522250 313062 386393 502230 695169 434061 287112 645231 363875 536437 386334 366114 634523 445327 761030 245469 508979 341249 211163 670364 268419 685287 360176 564329 581282 173377 610635 326942 605373 529328 337643 278944 442884 999999999 578038 265762 590122 403687 203898 711096 363654 681042 658565 306826 192878 303914 183069 342231 440857 566312 308677 738692 316231 449874 336351 289107 191617 777551 260829 444174 614049 435648 571412 575432 606388 378025 228008 420706 600421 444446 524660 686251 280405 877882 855551 498431 722409 253559 653481 389600 123159 549316 462064 445940 567611 650661 814610 771402 336554 354425 312273 474163 572651
1107232 36881 955386 37890 823404 967775 952762 594041 577248 873617 657600 696983 361026 809590 748246 560767 1088517 879888 855181 505086 746607 930347 810421 359485 322581 750884 1168734 411763 667045 852905 249523 570000 590991 1036874 380950 875791 1063369 842354 805622 912069 578038 999999999 843188 942988 937190 748180 1215544 941252 714644 1105812 364343 594635 854006 543769 344276 465432 651000 331298 792734 672032 150531 912945 498357 704392 910057 476288 240254 881514 159934 502236 744394 426025 935530 776812 831509 932060 967909 537855 890756 423658 837076 827860 859768 1197004 677787 518702 742690 672161 361176 477886 828446 295373 670109 1295175 909669 825177 308944 266816 126347 718816
374745 878760 287478 881062 713948 199083 406576 693100 476527 323798 643804 856393 671224 228661 775527 536181 332000 271764 310751 845449 526183 839502 81100 745597 594109 156216 521916 493502 855137 259676 818572 767624 339195 545453 551587 657967 355725 232213 177671 379687 265762 843188 999999999 590403 220826 149373 550989 107730 832870 564665 554595 328006 175893 380280 590149 650435 721303 553539 873050 419962 715191 92178 492611 238329 871467 477736 701743 666423 697152 777068 690924 833343 155857 169278 426646 613732 307241 715530 759457 497660 1030312 1005706 517855 592405 310132 862991 457284 206277 786420 668247 466660 816012 813120 668797 863516 297684 608473 577985 739662 699637
427465 965267 348278 972414 227710 466543 212460 408344 371729 268635 321693 471126 594574 364051 349231 382303 456832 858630 279874 601400 196382 295860 657575 631535 623298 700260 346355 829965 491697 842592 761080 483519 434129 145466 880634 127998 386273 814443 751879 220262 590122 942988 590403 999999999 809368 689994 389673 570040 433363 217356 585670 779216 416602 458698 600078 496952 380162 834750 421578 295935 794727 545736 451580 410442 345212 481522 706628 131438 873621 544100 275098 648070 736959 433400 173139 34048 336122 470521 225941 847390 581647 556771 93396 322495 820121 608253 214964 485331 657567 493881 144216 727117 446813 409064 335944 294052 635743 733338 817350 304687
533216 974031 487988 974383 933038 377193 617638 895124 676494 541226 853538 1063152 837386 449393 989200 734927 484078 98794 529528 1031130 744426 1059836 173178 912410 743682 194524 697160 537716 1059151 111662 964413 964711 531083 753979 586453 878751 529873 105164 132143 594743 403687 937190 220826 809368 999999999 200527 716754 257808 1042085 763548 710441 347488 392840 563651 745746 835232 928567 613757 1086643 632519 831166 272003 677666 449183 1090847 655618 842818 887219 779541 965204 906471 1008343 78436 388667 647354 833557 506569 910156 979837 532908 1240644 1216496 738519 773989 277437 1049594 675855 399325 952856 855056 687477 970265 1019142 837441 1083020 518047 756280 688627 853131 913231
523279 784775 424085 785828 777073 347185 528604 710615 493501 436511 677915 881751 637959 330138 818110 549811 481230 189814 419724 835929 588489 909655 75760 712866 543164 10333 665726 366834 875022 166337 764101 775802 346102 667672 422078 737074 501843 140341 76886 495798 203898 748180 149373 689994 200527 999999999 697037 253095 863737 696037 510243 186238 299628 372513 545452 640824 748936 435828 914503 466070 634974 241437 485076 289864 934437 460386 642669 745809 593774 771356 740157 810015 187377 258015 518116 708650 443980 720097 830971 367224 1062404 1039022 607496 733245 160910 854676 522933 224238 753170 661353 553769 769744 837299 813353 927293 398867 555756 492751 657669 742873
183537 1244509 284947 1250034 617343 352575 265697 771767 654087 342979 685728 858562 908501 425704 737601 691911 232866 800303 362243 968734 530069 669670 631957 962587 898016 705069 48299 979473 877161 796259 1082554 853325 628329 244215 1038023 517643 195323 771469 725863 304629 711096 1215544 550989 389673 716754 697037 999999999 465819 821314 176891 854139 855761 413183 673311 879855 827479 755878 1014469 810981 552723 1065895 463784 726079 530073 723350 741994 1000579 520743 1107986 904924 658561 1002644 639023 484194 399936 422393 266900 828558 609853 990778 969197 944667 417319 90640 856925 978472 498881 588465 995647 831504 419657 1057024 831163 120691 714168 393048 912888 965181 1091046 686267
283838 976296 233033 979027 723629 119388 367459 736777 527844 303530 677514 891521 744680 235787 799849 587068 237191 335081 296581 903011 542750 840660 178913 817512 677364 258631 442445 600659 894013 330441 900225 815699 404697 500214 658943 655381 274251 305851 264236 350273 363654 941252 107730 570040 257808 253095 465819 999999999 864562 506141 635763 435154 165627 450646 670690 711683 757518 659158 896392 454802 808764 33155 557480 288205 878066 548328 786850 663349 798628 833477 712213 898952 179568 204675 422147 597418 250790 766918 761030 605162 1058253 1033071 510330 517790 411788 919588 474561 281339 857998 727526 464115 893774 849815 585916 869586 294287 692237 674748 833692 725221
825706 722180 702282 731055 208337 798302 597454 162872 370670 592760 189075 38392 374503 629373 84232 317172 841558 1053530 589342 229044 329798 242358 869139 355592 473770 873246 776328 808940 66084 1029778 473143 145882 517877 578026 837563 307505 778370 1004076 939856 579406 681042 714644 832870 433363 1042085 863737 821314 864562 999999999 650715 464464 858621 700656 498061 450650 286205 115003 771841 78272 413222 597723 832667 398136 594994 205636 432853 489952 306283 720684 212607 166315 304182 987647 667509 471981 402538 699218 190594 244019 830132 198809 175295 413843 755692 932121 224791 393724 643924 355724 265095 434318 427740 44609 839392 207969 579707 476560 619966 610603 144044
273222 1131905 277759 1138229 444343 387225 175281 615652 530132 272787 528520 688478 776652 378125 566565 558001 317109 833429 292834 811678 381151 492819 643445 823440 783469 705441 139684 922091 708787 823661 948888 694475 539754 75474 978207 344301 249794 796558 741470 215757 658565 1105812 564665 217356 763548 696037 176891 506141 650715 999999999 741517 828272 396420 578273 762763 687129 593408 944216 636372 433841 955311 492516 607760 467156 546460 630066 878886 346742 1014588 750979 491259 852378 685588 448843 274427 248717 258350 675494 433489 936369 793149 768774 262561 105533 847586 819868 365700 537414 853434 688001 280256 919161 663592 197691 537279 322015 797516 870792 979593 520199
757572 391344 604370 397325 502383 635673 589860 306209 214939 514721 337568 464587 131185 463203 463104 210120 744656 686674 497237 348331 390566 627921 549694 204394 44598 517026 806847 347106 444664 659597 264588 331055 242745 673027 373121 534277 711577 639417 583930 549725 306826 364343 554595 585670 710441 510243 854139 635763 464464 741517 999999999 434458 517813 193400 35708 179554 364476 307632 537629 307699 213816 603979 135054 364219 622867 112343 154128 541136 291466 295998 428446 306307 682650 445468 467173 578253 614903 276766 571890 368368 642495 624292 499052 832944 519205 367795 379682 354443 243922 201812 465095 262184 423896 931127 619783 468313 59956 162338 238296 410093
691198 631500 572900 631194 816282 516657 653843 696702 498381 556558 686707 868999 565087 450147 829665 544086 653015 285354 537111 781711 638140 952529 261684 635865 455169 183763 819822 190251 855709 258284 657558 746505 365171 787533 240863 798234 663545 248455 220448 615611 192878 594635 328006 779216 347488 186238 855761 435154 858621 828272 434458 999999999 443689 367435 465509 597798 745342 266889 920686 509049 502644 419083 460579 371489 967255 426831 536518 806914 435332 724968 763896 739834 361618 380233 607645 791095 592100 689448 878460 186448 1052052 1030873 688651 880500 87997 801147 582192 296582 673367 620230 635495 673025 824969 967281 961384 510083 464254 363087 522120 759014
261920 886880 129211 890885 558449 118171 231889 578092 377346 148467 514887 728517 612417 71473 634662 434884 235927 447428 137010 752161 377194 677473 250030 682053 561761 309021 376188 570231 732310 434244 777374 658907 275496 371268 629318 492969 225838 406409 347859 203800 303914 854006 175893 416602 392840 299628 413183 165627 700656 396420 517813 443689 999999999 324696 550633 566195 595372 612204 731004 295107 711486 135720 419375 153596 713590 417656 671920 501134 726238 682299 546802 755405 320678 78099 259297 441407 148484 612659 597575 580268 893301 868054 349262 437988 453276 767858 309196 186376 721567 579975 300873 765064 687463 523593 705208 129780 577124 589803 737044 560344
566216 574167 413320 579162 451998 442737 414363 340253 131071 330490 320050 512863 294035 270240 463163 180903 551751 561287 311704 468485 285243 588118 392696 367183 237667 381363 627170 373999 504105 536310 453532 403291 49345 516350 422596 446807 521093 511860 449399 372699 183069 543769 380280 458698 563651 372513 673311 450646 498061 578273 193400 367435 324696 999999999 225937 272441 383269 376332 555905 163214 395800 418046 114190 171233 600418 97962 347503 455131 437442 401750 396634 453070 522434 253914 308838 461124 424939 347659 516658 392514 695267 672753 365589 661525 435624 486660 244251 174033 407826 291686 319825 443960 468320 759061 594765 281491 253068 293649 421304 391694
787555 369223 634353 375697 503450 668662 614781 296541 233128 542371 336706 448059 99868 494634 455547 219457 775800 720949 525354 320446 403907 625364 585359 170990 25079 552144 832294 368329 426400 693796 229535 312801 275175 693040 389904 541730 741133 673906 618875 575227 342231 344276 590149 600078 745746 545452 879855 670690 450650 762763 35708 465509 550633 225937 999999999 164511 355747 322602 525523 329929 194788 638794 155163 397140 617172 138822 122709 548222 286607 271948 427545 274330 718318 479087 489050 590807 644344 260697 572841 389509 623179 605870 515657 855985 551023 339865 398573 389448 209869 185651 484404 226477 408808 954130 614592 496953 35671 169499 218004 407146
768072 481819 619580 489829 358055 681550 564864 134740 190227 513958 192458 285053 104407 499241 294444 138532 766770 826927 501236 196066 306802 470412 665020 136311 187982 649103 779184 526382 265410 800960 264168 152125 311250 612896 552291 414180 719388 777956 717405 530713 440857 465432 650435 496952 835232 640824 827479 711683 286205 687129 179554 597798 566195 272441 164511 999999999 194203 485967 361084 286773 329411 678554 158380 423516 457414 180489 225851 419254 442223 130618 279206 189331 794813 507711 427771 480382 624804 97213 425839 547643 463516 444935 425884 788085 678279 214378 328620 444687 168213 22689 409698 232084 244769 884302 455524 478399 191902 333967 347075 254624
