NAME : synthetic_000216
TYPE : CTSP-D
DIMENSION : 100
GROUPS : 8
RELAXATION_LEVEL : 1
EDGE_WEIGHT_TYPE : EXPLICIT
EDGE_WEIGHT_FORMAT : FULL_MATRIX
EDGE_WEIGHT_SECTION
999999999 894837 1023234 658808 881625 998009 877124 778459 567897 489217 687835 755579 790257 558524 780158 326279 908746 666178 560613 943551 690739 566086 967677 770479 119331 126522 230357 172190 394822 1125074 980755 973306 485970 131400 1041580 385245 1021302 532895 895671 790775 746787 380832 763197 846695 865591 956505 448104 875082 792485 973430 740313 661957 805721 1083701 854516 454850 890680 777482 337638 880966 1069647 462561 755098 854625 540181 933015 624728 825309 789695 534857 854149 684896 360960 1199669 985020 793764 832628 740566 951761 319661 879767 659212 1220664 467226 590311 134358 973833 658803 167014 815265 862645 136172 267944 1035433 726588 66484 250509 924377 258401 845742
894837 999999999 814094 336909 630359 837944 91656 561631 347610 601125 223802 1057409 739721 600409 286863 720545 282350 985400 795497 352922 222875 367216 322114 195994 821723 808291 949032 725560 785420 737356 629101 312728 963513 765175 480670 808025 554596 837496 471925 238915 704316 580849 845109 263279 72334 536465 520385 639805 293327 348709 319346 818895 142053 496818 818510 453771 755672 859465 576562 506646 449800 444864 1042506 1167885 405888 449383 451451 899418 1018051 395981 462919 586418 571637 675995 739612 129692 549782 404067 318456 598060 693925 252754 717743 587337 337266 853218 277426 667815 921254 337164 572886 807882 716526 727857 344379 925567 833576 256385 646973 232702
1023234 814094 999999999 577485 195280 51216 894169 300805 693921 549489 854878 521851 234969 477983 543498 697082 538803 526055 487278 477913 701999 916147 522491 647232 903908 897468 881852 898584 641375 193849 193639 535874 671232 928170 398836 658372 299866 534807 342517 588661 276455 688484 310311 551144 742820 286657 997579 191087 532250 497274 530826 398059 689084 418728 195549 885253 132720 305710 767741 307886 459156 734242 505130 572940 942955 372433 499242 289713 445855 668845 353223 361581 728709 352329 74484 715212 280303 449440 517943 946964 155673 858524 337146 578931 901157 1091778 574142 365213 910915 482280 249741 887250 758966 110706 514295 1087682 789194 570505 827533 1011267
658808 336909 577485 999999999 382563 585082 382374 280671 128486 268764 284052 724572 437418 263539 121355 411668 249938 649700 458671 289792 138723 341438 309483 145820 560051 547667 653182 489186 459331 577667 433826 314631 630655 529604 406187 482991 419548 500800 290345 138456 394288 288361 526286 188263 274294 366394 445466 386454 134031 317327 84272 487477 198773 444972 523115 334254 482451 541983 321841 299301 421530 213164 710274 837389 371624 308542 116727 587077 690377 131777 255198 268251 298730 593773 508408 207255 298716 131985 293718 440341 429692 283493 625389 260242 324451 662720 315854 340978 638813 165014 331590 543534 426655 524510 79635 706357 533039 266849 401507 463823
881625 630359 195280 382563 999999999 209366 706617 112618 501112 393356 659778 541402 172591 323133 352044 558977 366582 510838 401244 317054 507015 722339 365087 455535 763496 755217 772767 741365 527009 243751 108401 378895 607786 774647 284913 548057 201155 455935 170840 398495 178419 522458 297013 367672 558232 149515 809507 13981 341851 343544 336474 342160 499881 319873 215953 696648 131913 303398 597060 129342 344603 548624 523910 625081 750101 214621 310979 320829 476077 479152 168249 196909 559253 346756 126377 524860 85239 254192 356710 768559 68696 663245 355606 418592 706682 934824 414336 238758 790596 293911 57491 746145 613681 157349 319262 943273 666473 400172 663709 819308
998009 837944 51216 585082 209366 999999999 915536 304727 696794 532919 866122 472256 207948 462253 561409 672821 567318 479744 453108 509737 714002 919896 555633 664885 878873 873038 848610 879284 611279 244986 230624 569224 630468 907359 439667 627113 340915 498363 369438 607774 253786 674122 267853 574701 766078 320621 994264 202005 551131 531205 544886 360085 709059 462091 154376 882767 112901 261689 754832 331848 500654 730030 455682 521783 945054 403865 498985 241720 395950 668359 375051 352675 715517 403002 107624 734198 293840 460779 549961 937111 155488 868058 388327 563486 906384 1071558 606924 344359 880234 502671 266498 862520 736405 157914 526577 1063099 759876 599866 811239 1028549
877124 91656 894169 382374 706617 915536 999999999 630248 361969 633867 189365 1106803 804853 642811 356360 735392 369707 1030405 837160 441307 250535 324000 412489 256142 814470 800989 953315 712497 809632 825250 712573 403503 992681 750590 571036 831108 642473 875393 553727 308809 766525 592996 904308 343788 154231 621057 474062 715247 365242 438849 382238 869834 207223 588073 886316 424759 828578 919360 575796 586307 541275 447437 1092599 1219752 359736 534690 499101 961737 1072251 413569 541189 644449 577144 767291 819827 184820 623998 469207 408092 568000 768050 218322 808916 616030 295387 822633 368722 721989 920031 412866 649210 801934 722856 811557 405687 901859 841979 345565 639822 141753
778459 561631 300805 280671 112618 304727 630248 999999999 393315 289352 563273 534640 180516 222211 275058 460507 325704 485657 340427 296298 412521 615982 343628 374373 661571 652600 685198 633283 441953 348872 202398 356734 549130 667653 314764 464611 258128 395619 163941 323092 154490 412674 297682 308195 489554 193058 698232 111980 268391 328410 249132 307863 423705 356023 256885 585545 202770 309452 485705 127888 366207 436455 517796 632694 642257 215087 199317 342840 479938 368472 134904 98855 448310 428229 236884 445568 58341 162087 331391 655969 149238 564054 444770 312057 601870 826183 386180 169137 697353 229118 84424 644071 511101 269173 227771 838765 573753 359571 553908 733001
567897 347610 693921 128486 501112 696794 361969 393315 999999999 281191 208798 771732 530340 307687 234582 374679 357057 688135 492741 407710 127066 223198 419793 202889 482035 468842 601660 395707 448146 705061 559889 422461 632718 436517 530844 469330 547946 524472 418811 230982 483166 233554 601232 293557 304397 494728 317068 503409 249469 431907 207843 544116 239030 568256 617563 205811 589425 617921 234762 426598 541205 105343 759244 888249 249073 436155 199705 666857 748959 52137 383234 357602 225040 721380 627486 230616 419657 258173 404878 318672 541781 196313 753524 258940 211701 554118 415622 413523 575959 289034 453365 467049 369089 648228 207708 608615 485990 366096 310883 404804
489217 601125 549489 268764 393356 532919 633867 289352 281191 999999999 489739 494014 329840 71702 368355 175040 485897 407957 213048 497930 383920 470819 533575 414467 372254 363252 413278 350169 193018 636230 491553 542867 362589 381951 571370 217208 537846 243422 418435 400673 280898 142879 356378 434194 541954 472212 494525 387577 374906 531159 322800 278674 466733 614270 410030 393922 420584 373490 225398 397798 609303 246155 482508 611389 481417 461693 173096 425648 478733 230198 377571 196486 186107 714003 502694 472108 344351 284221 517751 412622 398339 475266 733008 32674 470507 543874 556143 190799 415621 376049 373669 354741 221762 548908 300000 550118 295212 511622 278392 685984
687835 223802 854878 284052 659778 866122 189365 563273 208798 489739 999999999 980225 720374 514848 322152 565155 398415 896934 701539 467842 153039 143534 457469 226825 627704 614251 772064 524153 648815 827571 694385 453651 835562 561825 604251 668561 651695 732715 537092 286710 675881 422880 802177 346942 227218 612800 296690 665193 336335 479099 325158 750685 212998 632518 806597 235865 765796 818488 394433 558723 592998 272292 967557 1096496 182570 535622 390779 865724 955728 259591 511653 549088 400849 805865 783375 184595 574604 405715 447001 379787 711375 29510 843941 466380 113544 635019 429674 614273 735648 388048 605504 615754 544922 790687 340585 712728 664515 388804 453958 196610
755579 1057409 521851 724572 541402 472256 1106803 534640 771732 494014 980225 999999999 369897 466665 780747 503982 857436 94433 281262 830752 858493 962860 878253 861452 655035 656529 540060 714343 398908 709268 634893 891374 272338 722579 825672 395033 741166 264364 691791 825759 381049 603976 244524 830022 989490 690354 964398 527444 779441 862418 741530 238711 915570 861274 341319 876293 434004 238374 677388 650447 884227 737423 17533 117673 970139 742186 607937 234463 77040 722344 668638 476702 645023 857781 543272 929323 577542 663888 865996 854647 481679 967648 851045 521630 964024 871347 920292 391426 595502 752319 578129 644631 567692 609484 715820 820019 512271 890681 688858 1174814
790257 739721 234969 437418 172591 207948 804853 180516 530340 329840 720374 369897 999999999 261322 452905 464879 504421 339027 255497 468320 575261 751227 516588 548869 671059 665132 647839 672553 406424 378654 273152 530117 451375 699920 455846 423645 373651 306148 325050 500808 49760 472504 125497 488695 668008 320650 808338 158779 447348 498475 422710 177334 600008 491976 87241 699647 102945 133914 554526 282893 514348 545293 352476 458997 771827 374439 331897 162488 307507 493736 306738 172813 515105 507985 212954 620152 212231 336170 505674 740037 120982 716870 509811 361475 741894 864245 561985 139101 675976 409580 208892 654650 528579 276279 399216 855235 554263 538464 606859 899954
558524 600409 477983 263539 323133 462253 642811 222211 307687 71702 514848 466665 261322 999999999 344830 238296 452484 387637 195145 455249 392971 514034 494536 407098 440644 432172 467607 421841 231479 566569 423308 504954 377383 453341 516491 255547 475762 238567 361705 383107 211841 211973 301162 406716 536480 409949 552585 316882 348653 489027 300281 236461 461024 559316 343813 447521 349663 318263 293429 337141 558438 294755 453434 582123 528828 407736 151012 369516 441277 260863 322032 126401 254007 649643 431065 470786 278835 245171 479162 478784 326643 503946 666967 101248 510156 615528 522406 123535 476115 340480 306580 423235 290587 477935 275357 620205 353184 480952 349610 708445
780158 286863 543498 121355 352044 561409 356360 275058 234582 368355 322152 780747 452905 344830 999999999 524725 128599 715096 533806 173128 172983 417655 188562 103738 680681 668410 767831 610456 561364 505560 373492 193337 721841 650914 299655 585563 332170 581692 215052 48036 418403 407776 560431 68047 215117 290665 541696 359964 15468 198129 45556 542428 149178 335261 531900 435207 472225 574321 443139 239217 306666 330522 765131 888014 453025 215966 196591 613103 736597 250289 192213 304655 419891 496251 469983 172961 268270 118354 172967 553113 411967 332407 531457 366465 394807 782163 195450 389338 756556 65920 295074 664032 544744 471020 69504 827539 647379 147261 522802 467798
326279 720545 697082 411668 558977 672821 735392 460507 374679 175040 565155 503982 464879 238296 524725 999999999 648555 409604 253316 667365 497706 500980 700198 550734 206965 200407 243448 220500 105853 802714 661151 708541 284936 240387 745998 115985 712353 244140 593438 549839 420696 142719 449841 592479 670621 646620 469304 551639 533581 699992 479915 351720 598467 788876 532590 396925 564632 465433 188138 572565 782595 292929 497789 618115 497497 636255 338442 516021 515531 324735 552501 363796 167627 887555 659145 597207 516944 454214 684184 351759 553917 543529 905260 163140 511062 403956 718172 332536 240736 542164 544863 190186 68206 710829 459871 390622 123132 671448 184961 757938
908746 282350 538803 249938 366582 567318 369707 325704 357057 485897 398415 857436 504421 452484 128599 648555 999999999 800887 631160 72520 269384 515904 63350 176564 808965 796760 892002 738887 677652 455548 349382 65507 828530 779393 207963 702001 272766 682369 197998 127692 479871 535582 623360 63531 215676 255719 651507 377991 116857 81110 170348 623701 187718 234140 572667 550092 497559 635115 571620 237538 195577 456712 840931 958040 553814 168251 312947 666747 805264 377525 200780 385511 548459 409489 464652 217317 295626 207777 49879 675051 434133 415846 449002 487684 489823 908849 70270 472314 882928 112137 310947 792245 671613 447426 188742 955849 771611 34102 651270 502183
666178 985400 526055 649700 510838 479744 1030405 485657 688135 407957 896934 94433 339027 387637 715096 409604 800887 999999999 195399 780751 780577 873747 827131 790137 563155 564190 456142 620250 304475 703549 611809 839800 190086 629130 789901 300809 711917 171781 647806 758475 338118 512136 221631 768403 919181 656207 871327 497224 715209 813445 673913 178064 844368 827847 333302 784850 420217 222230 584286 608129 846196 648545 90008 209691 879778 698944 534001 239266 128053 637818 620517 415625 552579 843661 534513 856283 534146 600710 813957 760499 458259 883128 841646 434082 875979 779534 866287 328774 508938 692505 539929 552269 473270 601155 648132 731251 420404 833324 594515 1092573
560613 795497 487278 458671 401244 453108 837160 340427 492741 213048 701539 281262 255497 195145 533806 253316 631160 195399 999999999 621639 586835 681805 665315 601671 444662 441560 395517 473815 165792 630746 509539 677053 209002 492115 655184 177373 592170 55379 503093 574682 226602 327617 202700 591845 731079 529609 690354 389672 535795 655336 490617 101346 655732 696277 301411 597737 357714 216872 405317 468314 705924 456375 270311 398835 689924 553668 344917 265396 272877 442520 469377 251609 370303 747993 467969 665904 396547 424859 650926 589451 369568 687885 755295 240374 682762 653699 699399 171312 429399 519767 412288 430057 321499 529685 465081 627012 313119 661940 429991 897196
943551 352922 477913 289792 317054 509737 441307 296298 407710 497930 467842 830752 468320 455249 173128 667365 72520 780751 621639 999999999 332741 580573 48413 242793 839191 827487 909889 776289 685479 384440 285592 62131 824906 816240 136557 709766 201726 674861 146459 187726 449860 565016 591141 122678 287614 191595 711645 329570 158332 33888 205660 602687 259149 166128 529723 607077 448955 601515 609219 188820 133654 502239 813825 926535 617712 105873 329020 628839 774140 421231 162297 370664 582723 338331 404633 288786 256101 213749 40235 726190 385697 484013 377290 504382 555423 952470 97644 455713 905752 128318 264778 822088 696902 381983 217062 993649 790257 96939 688638 574599
690739 222875 701999 138723 507015 714002 250535 412521 127066 383920 153039 858493 575261 392971 172983 497706 269384 780577 586835 332741 999999999 247886 332186 94194 608288 595023 728131 518856 563985 677804 542312 331524 744516 559447 466622 586257 505086 624886 386367 145141 532762 358625 664840 210188 177402 462728 382772 512670 187917 349888 172198 623067 115633 498824 660374 285570 615291 680606 361075 406365 464024 229891 844666 972555 285021 388822 253450 725799 827015 173411 359397 406942 352066 666306 630360 103835 421798 253248 319261 419947 559710 160081 702647 367479 223365 667140 316183 478856 703022 238588 452517 593534 495591 638090 187753 728331 611623 268981 435727 325149
566086 367216 916147 341438 722339 919896 324000 615982 223198 470819 143534 962860 751227 514034 417655 500980 515904 873747 681805 580573 247886 999999999 577940 339342 521494 508394 679376 412607 597162 915772 774324 576138 783857 446779 714374 613475 748625 703214 624775 393027 703225 367659 814201 457940 367567 701688 153174 725253 433004 596843 406637 747511 340806 746683 838435 114833 812588 831185 314843 638755 711235 225441 952114 1080518 39731 632958 422542 881528 949464 257833 593172 579042 334050 913417 848622 315305 639504 473282 565701 248601 764753 115262 949075 441677 30002 500413 556730 628705 635452 481612 672714 511938 465806 865922 414591 584047 582541 512092 356044 280522
967677 322114 522491 309483 365087 555633 412489 343628 419793 533575 457469 878253 516588 494536 188562 700198 63350 827131 665315 48413 332186 577940 999999999 238789 866063 854053 943423 798614 723254 419004 329273 13808 867012 838961 158576 747598 238050 718021 194718 191031 497550 592029 639174 126370 261333 235850 714607 377703 175453 27062 227426 649099 244908 178196 578096 613440 496944 649669 631252 237151 135703 518519 861376 974605 616099 152329 362163 677224 822139 438728 210249 415244 606865 356657 449793 274111 304400 250195 16077 738058 433765 476044 397522 537921 551488 970496 51762 500955 936797 158068 313136 849172 726432 424025 242975 1015832 823317 69777 710911 549283
770479 195994 647232 145820 455535 664885 256142 374373 202889 414467 226825 861452 548869 407098 103738 550734 176564 790137 601671 242793 94194 339342 238789 999999999 681391 668408 788865 598322 604111 603312 475346 237640 776474 639161 378531 627560 425507 645334 315759 60964 511311 418918 650682 120598 129410 389712 476881 463208 115478 257553 126161 622907 54232 408679 630185 379194 574057 665355 435144 342247 372000 308131 846521 971934 377338 309834 256807 706634 822318 238380 295434 391273 420202 579737 573674 71324 371379 213065 226364 511138 514555 241472 617394 404725 313351 754743 222105 471927 769339 166962 398698 665804 558262 573456 150103 811455 669793 174796 512771 364062
119331 821723 903908 560051 763496 878873 814470 661571 482035 372254 627704 655035 671059 440644 680681 206965 808965 563155 444662 839191 608288 521494 866063 681391 999999999 13485 173462 110646 279284 1007129 863599 872547 392320 87536 931754 272068 907399 420362 783472 695644 627466 274229 646720 748209 785467 842214 429643 756712 692130 870044 638992 545905 720946 974212 736105 406691 771367 661352 247288 766954 962500 378603 652987 759422 502470 822524 515221 709975 683345 443064 741987 567036 262234 1085008 865888 712123 716454 632073 850029 293788 760638 600605 1104980 351885 541753 216383 875855 539499 117525 711023 745917 17574 150503 916741 623353 184313 142788 826897 175049 800952
126522 808291 897468 547667 755217 873038 800989 652600 468842 363252 614251 656529 665132 432172 668410 200407 796760 564190 441560 827487 595023 508394 854053 668408 13485 999999999 183749 98337 276739 998740 854775 860451 395774 78100 920887 270661 897429 418804 773058 683026 621101 262471 643164 735871 772170 832343 417834 748607 679946 858230 626886 542645 707786 963291 731193 393576 765038 657972 234081 756992 951198 365293 654124 761922 489622 811761 504173 706956 683392 430121 731556 558568 249567 1075273 858607 698857 707190 620899 838027 281975 753356 587172 1095576 342196 528530 215842 863505 532702 129463 699269 736886 11931 141616 908912 611448 190217 144555 814495 161573 787737
230357 949032 881852 653182 772767 848610 953315 685198 601660 413278 772064 540060 647839 467607 767831 243448 892002 456142 395517 909889 728131 679376 943423 788865 173462 183749 999999999 280377 245822 1013168 879379 951883 267777 260994 983247 225648 942216 353419 828981 791625 612243 370564 592069 835686 904297 876494 599793 763403 776895 942734 723179 491964 834352 1026142 696559 565240 750770 603870 377922 804571 1022497 506422 541890 632058 664454 873887 581378 646224 583482 555327 788815 586362 377636 1112890 857125 830366 743244 696306 927427 464220 754477 746842 1126740 405633 696746 361552 961588 534822 64001 785358 767962 176047 232575 915395 703306 288804 120458 914732 323386 954711
172190 725560 898584 489186 741365 879284 712497 633283 395707 350169 524153 714343 672553 421841 610456 220500 738887 620250 473815 776289 518856 412607 798614 598322 110646 98337 280377 999999999 318427 982152 834969 803790 466727 40853 879357 319505 865864 461700 737600 619490 625517 222413 668853 676406 694280 802245 319756 736420 623177 805416 571714 571830 633668 920931 745879 298087 768123 684741 167362 726530 904391 290372 709918 824661 392403 772096 464668 735765 732475 363350 696257 545447 194961 1045231 852853 622100 684361 578131 782794 183973 748469 496323 1068781 322981 433877 193733 803151 534940 227797 648331 716054 104540 152323 897972 559296 217373 217294 753590 87718 692769
394822 785420 641375 459331 527009 611279 809632 441953 448146 193018 648815 398908 406424 231479 561364 105853 677652 304475 165792 685479 563985 597162 723254 604111 279284 276739 245822 318427 999999999 767462 633866 733091 187557 331946 746726 24358 699920 143843 591575 593267 368249 230190 368419 627010 729665 634484 574016 517586 567767 719111 515810 267136 655165 789418 463090 497273 509154 382662 289677 564312 789779 380052 393264 512467 596636 638584 365635 430796 414049 396218 552618 343234 263830 868390 612918 658068 500252 473060 707620 457611 509496 629446 881399 199397 604818 490726 747919 289032 269558 566815 523706 265092 168975 670182 492872 461224 148842 704068 290637 844300
1125074 737356 193849 577667 243751 244986 825250 348872 705061 636230 827571 709268 378654 566569 505560 802714 455548 703549 630746 384440 677804 915772 419004 603312 1007129 998740 1013168 982152 767462 999999999 148925 430439 830028 1016351 266656 787662 182802 683343 291688 542391 404460 761306 482294 488840 671136 215078 1021528 251346 491241 391943 509523 555469 633437 269944 371021 909055 284266 481455 832657 278472 317876 769562 692164 765945 948073 294296 534436 474900 634571 693622 322864 440180 795979 160349 169182 662394 300024 446945 420123 995978 261189 837748 143420 660394 895603 1175006 468922 478472 1033187 439642 267020 989754 857152 102960 501462 1186348 909119 481192 902418 955892
980755 629101 193639 433826 108401 230624 712573 202398 559889 491553 694385 634893 273152 423308 373492 661151 349382 611809 509539 285592 542312 774324 329273 475346 863599 854775 879379 834969 633866 148925 999999999 342555 715582 869749 210281 655263 113078 564119 160016 414780 285416 613511 393137 369124 559174 94062 875325 119937 360318 303808 370978 447509 511750 236768 296932 762574 203727 397034 684036 136169 271683 621334 617367 710077 805378 181293 385610 405707 565641 546229 182936 297357 647577 238490 123026 539482 151327 302029 325341 847228 153947 702198 247683 514429 755483 1027388 381003 346572 895463 308478 118920 846127 713205 98999 360087 1041163 771408 379934 754424 836215
973306 312728 535874 314631 378895 569224 403503 356734 422461 542867 453651 891374 530117 504954 193337 708541 65507 839800 677053 62131 331524 576138 13808 237640 872547 860451 951883 803790 733091 430439 342555 999999999 878188 844232 168233 757444 250114 729574 208503 192429 510779 598725 652559 129021 253467 249273 714256 391505 180831 39165 233566 661798 240716 185402 591849 614160 510752 663122 636462 250919 141065 522202 874521 988003 614541 166066 370936 690854 835501 442896 223650 427366 612710 364431 463282 269624 317963 260171 26127 740240 447571 472878 405672 546583 549350 974332 38902 513264 944503 166881 326895 855726 733774 436977 250139 1020870 831673 64847 716127 541114
485970 963513 671232 630655 607786 630468 992681 549130 632718 362589 835562 272338 451375 377383 721841 284936 828530 190086 209002 824906 744516 783857 867012 776474 392320 395774 267777 466727 187557 830028 715582 878188 999999999 467631 863868 170401 800901 153639 711081 758515 430374 417621 362817 784087 904441 738572 751981 595702 725996 858767 676927 275198 829118 905116 476406 681717 549037 370582 473004 676995 913871 567590 274199 368792 781972 761336 526052 403991 318129 580594 676362 457942 449894 953948 663217 834666 605507 620754 852132 628268 570522 816641 959209 377043 792103 606661 897984 380162 323615 716398 621113 384161 335244 727533 652339 549427 252304 857759 461184 1031400
131400 765175 928170 529604 774647 907359 750590 667653 436517 381951 561825 722579 699920 453341 650914 240387 779393 629130 492115 816240 559447 446779 838961 639161 87536 78100 260994 40853 331946 1016351 869749 844232 467631 999999999 918171 330099 903045 475783 775346 660257 653666 259247 690215 716993 734629 839096 345321 769288 663553 845538 611921 591658 674353 959885 771130 332963 796959 705754 207776 763367 943914 331176 719105 830610 424669 810556 502664 756150 744747 404138 733930 578133 234097 1082259 884253 662593 719598 616850 823120 210004 779487 533708 1105207 356105 469061 164426 843821 563453 203742 688175 750906 87781 172994 930747 599195 177559 215390 794277 128125 727285
1041580 480670 398836 406187 284913 439667 571036 314764 530844 571370 604251 825672 455846 516491 299655 745998 207963 789901 655184 136557 466622 714374 158576 378531 931754 920887 983247 879357 746726 266656 210281 168233 863868 918171 999999999 770358 98983 710382 155200 321625 451871 660784 581151 257951 419247 135433 841348 298889 284213 132250 323270 615308 395489 42908 497924 734245 407272 588125 714659 186879 61477 618647 808221 909649 750864 109762 416930 604862 760989 537224 194499 408317 684399 201775 332262 425120 259395 301333 163649 846527 349178 619986 241044 584365 689905 1062307 205384 483877 986733 241884 249986 914301 784398 291346 327676 1095463 866429 226398 792667 707237
385245 808025 658372 482991 548057 627113 831108 464611 469330 217208 668561 395033 423645 255547 585563 115985 702001 300809 177373 709766 586257 613475 747598 627560 272068 270661 225648 319505 24358 787662 655263 757444 170401 330099 770358 999999999 722689 148296 615178 617250 386834 247915 379732 651281 752776 657346 585224 538396 592027 743408 540008 278165 678414 813015 477486 511709 526551 393408 303237 587547 813705 398619 390414 506794 611726 662368 389927 440366 414671 417550 576364 366030 279494 890397 631710 680973 522941 497403 731968 465906 528845 648695 902898 222859 621970 486030 772269 309589 253152 591173 545945 258831 173892 689748 517127 451728 135955 728385 298299 863601
1021302 554596 299866 419548 201155 340915 642473 258128 547946 537846 651695 741166 373651 475762 332170 712353 272766 711917 592170 201726 505086 748625 238050 425507 907399 897429 942216 865864 699920 182802 113078 250114 800901 903045 98983 722689 999999999 647513 131105 365048 376911 643805 497341 308351 488398 65813 864429 214890 317169 211117 343425 541509 452576 123788 407079 753758 314713 502795 706160 140444 159740 624637 723641 820283 782879 116296 402206 515318 673869 544852 171051 356689 672629 179508 233708 481812 199788 296504 238085 854008 260073 663832 206802 555654 726584 1054372 288951 422473 951726 267162 179935 889827 757522 192989 340287 1078531 828942 298586 781367 773751
532895 837496 534807 500800 455935 498363 875393 395619 524472 243422 732715 264364 306148 238567 581692 244140 682369 171781 55379 674861 624886 703214 718021 645334 420362 418804 353419 461700 143843 683343 564119 729574 153639 475783 710382 148296 647513 999999999 557997 621253 280123 340365 238666 641272 774618 584989 700036 444194 584424 708632 537794 138959 699093 751545 344785 613115 407214 250760 413026 523504 760833 478495 256333 381185 708425 608455 389573 295057 271417 473150 523883 305715 380872 802608 519094 707809 451876 475235 703455 591696 422390 717384 809330 266682 706355 633805 751077 226566 392496 570584 467647 407007 310689 581738 512506 599344 282571 712660 427503 929150
895671 471925 342517 290345 170840 369438 553727 163941 418811 418435 537092 691791 325050 361705 215052 593438 197998 647806 503093 146459 386367 624775 194718 315759 783472 773058 828981 737600 591575 291688 160016 208503 711081 775346 155200 615178 131105 557997 999999999 255016 311417 516270 449462 209940 401101 76914 735802 183181 201320 174408 218160 470668 351790 197842 383509 624464 302739 458889 576375 42591 202837 493597 674616 784045 657788 51230 273007 483919 632301 414020 41523 253943 543557 309775 268068 379467 114304 165404 185913 722939 239380 546419 337885 433276 604141 924847 243522 332257 834050 149375 118582 765933 634639 258779 211955 951651 712887 230930 652362 676227
790775 238915 588661 138456 398495 607774 308809 323092 230982 400673 286710 825759 500808 383107 48036 549839 127692 758475 574682 187726 145141 393027 191031 60964 695644 683026 791625 619490 593267 542391 414780 192429 758515 660257 321625 617250 365048 621253 255016 999999999 465884 425969 607524 65684 167342 328757 524892 406763 56645 206435 84562 587169 101604 353731 579936 422493 519829 621567 453195 282454 319835 332980 810313 933887 430007 249151 232612 660763 782824 256166 235925 350606 433464 521898 514802 126583 315293 165559 176993 547934 459259 299931 558874 395650 368292 784631 184879 434409 776892 106853 341280 679409 564737 513087 110344 835356 671446 135245 532411 422946
746787 704316 276455 394288 178419 253786 766525 154490 483166 280898 675881 381049 49760 211841 418403 420696 479871 338118 226602 449860 532762 703225 497550 511311 627466 621101 612243 625517 368249 404460 285416 510779 430374 653666 451871 386834 376911 280123 311417 465884 999999999 423347 143775 458898 633184 318867 758727 165824 414079 481384 385506 164614 563437 490233 135701 650248 143940 156540 505196 270794 508125 495890 364041 478248 723270 362226 285904 195323 325477 445506 287641 126823 465771 523616 244888 582336 197151 300346 485605 690435 143373 671481 529292 312309 694449 817805 540642 90720 637381 379803 201890 610835 483211 304234 361210 811317 514570 513621 558514 857873
380832 580849 688484 288361 522458 674122 592996 412674 233554 142879 422880 603976 472504 211973 407776 142719 535582 512136 327617 565016 358625 367659 592029 418918 274229 262471 370564 222413 230190 761306 613511 598725 417621 259247 660784 247915 643805 340365 516270 425969 423347 999999999 494866 475643 533966 579956 362801 518402 418741 595815 365320 409743 463799 702873 552869 272812 561409 511828 82790 504229 689307 151165 594817 721268 369459 552425 244111 564157 600456 185271 474815 329043 44089 823057 637900 460097 462540 359743 575979 270766 535101 401864 846375 111039 374656 413892 603220 333578 351197 436809 494623 257218 139403 679692 349184 435434 253032 554687 141282 616639
763197 845109 310311 526286 297013 267853 904308 297682 601232 356378 802177 244524 125497 301162 560431 449841 623360 221631 202700 591141 664840 814201 639174 650682 646720 643164 592069 668853 368419 482294 393137 652559 362817 690215 581151 379732 497341 238666 449462 607524 143775 494866 999999999 602502 774524 445833 850707 283076 556732 621955 525769 101570 703565 616852 114782 747903 198595 17146 577239 407600 639817 595840 227071 335451 829894 499305 412415 69333 183023 558145 428925 259860 538949 622453 313138 721194 335737 442092 627690 765293 239207 794968 620015 388918 808881 853317 683285 188036 630077 523465 334232 631793 517638 379700 500894 829556 515646 657180 615756 989358
846695 263279 551144 188263 367672 574701 343788 308195 293557 434194 346942 830022 488695 406716 68047 592479 63531 768403 591845 122678 210188 457940 126370 120598 748209 735871 835686 676406 627010 488840 369124 129021 784087 716993 257951 651281 308351 641272 209940 65684 458898 475643 602502 999999999 191691 278871 590574 377541 59326 140798 112596 593191 144608 288804 562831 487848 494869 615413 509278 243434 254188 393297 813963 934386 495208 194645 261423 650860 782016 314393 199770 353720 486981 459164 476690 173596 288938 167850 111837 611695 432382 362070 497003 433488 432747 845444 127653 440154 824602 79189 310307 731626 612774 468118 134207 893167 715228 79215 588878 468283
865591 72334 742820 274294 558232 766078 154231 489554 304397 541954 227218 989490 668008 536480 215117 670621 215676 919181 731079 287614 177402 367567 261333 129410 785467 772170 904297 694280 729665 671136 559174 253467 904441 734629 419247 752776 488398 774618 401101 167342 633184 533966 774524 191691 999999999 467187 518848 567594 221177 287077 249174 750800 75550 438869 746408 439395 683343 788701 538362 435114 393650 406884 974368 1099053 407260 380594 386197 828105 948647 348977 391028 516558 529229 617831 668357 73960 477472 332838 255666 581452 621632 253134 658846 530470 337890 834200 221335 598957 880251 264863 500748 770820 671975 658091 274541 900643 786861 192901 612308 288009
956505 536465 286657 366394 149515 320621 621057 193058 494728 472212 612800 690354 320650 409949 290665 646620 255719 656207 529609 191595 462728 701688 235850 389712 842214 832343 876494 802245 634484 215078 94062 249273 738572 839096 135433 657346 65813 584989 76914 328757 318867 579956 445833 278871 467187 999999999 811796 163485 276517 210850 295073 483197 422873 171684 363633 700131 274464 452699 643864 75730 195222 566719 672892 774478 734643 87470 339909 469904 625574 488027 112082 291319 609710 243267 214098 451235 134814 238869 231451 795664 214711 622693 267262 490370 681027 991602 287485 359095 885922 224754 118031 824641 692199 191716 288514 1014148 763130 285958 718300 747100
448104 520385 997579 445466 809507 994264 474062 698232 317068 494525 296690 964398 808338 552585 541696 469304 651507 871327 690354 711645 382772 153174 714607 476881 429643 417834 599793 319756 574016 1021528 875325 714256 751981 345321 841348 585224 864429 700036 735802 524892 758727 362801 850707 590574 518848 811796 999999999 810126 557135 731280 521940 770793 486094 876452 893820 112980 882914 867839 287045 743220 844599 264329 955996 1081009 114890 751375 498916 919873 963224 330570 700250 642728 320170 1035971 935058 462501 731337 574653 701293 135863 842473 268183 1069209 462186 183148 362599 698266 675066 547160 601677 765418 424284 417485 960991 524228 454530 521832 651650 292628 409992
875082 639805 191087 386454 13981 202005 715247 111980 503409 387577 665193 527444 158779 316882 359964 551639 377991 497224 389672 329570 512670 725253 377703 463208 756712 748607 763403 736420 517586 251346 119937 391505 595702 769288 298889 538396 214890 444194 183181 406763 165824 518402 283076 377541 567594 163485 810126 999999999 350155 356423 342928 329128 508283 333832 202420 697383 119746 289421 593852 141296 358548 548408 509950 611153 752481 227717 311243 306980 462100 480121 178705 191159 555792 358423 124934 532907 91881 259485 369093 766888 56277 668085 366283 413463 710086 930016 426692 228843 782081 302925 67437 739409 607181 161555 324999 937065 657976 411695 659548 826636
792485 293327 532250 134031 341851 551131 365242 268391 249469 374906 336335 779441 447348 348653 15468 533581 116857 715209 535795 158332 187917 433004 175453 115478 692130 679946 776895 623177 567767 491241 360318 180831 725996 663553 284213 592027 317169 584424 201320 56645 414079 418741 556732 59326 221177 276517 557135 350155 999999999 184022 53805 541513 158136 319934 525231 450529 463634 570351 455819 226772 291739 344577 763670 885796 468439 200912 202258 608239 734021 264041 179969 302825 431897 480812 458500 183152 258763 115641 159693 567861 402822 347051 516083 374223 410048 795899 185070 388288 766619 51947 284639 675396 555060 458170 74906 840380 656440 137877 535482 479109
973430 348709 497274 317327 343544 531205 438849 328410 431907 531159 479099 862418 498475 489027 198129 699992 81110 813445 655336 33888 349888 596843 27062 257553 870044 858230 942734 805416 719111 391943 303808 39165 858767 845538 132250 743408 211117 708632 174408 206435 481384 595815 621955 140798 287077 210850 731280 356423 184022 999999999 233795 635396 267375 154150 557754 628523 475148 632003 638151 217000 114476 528579 845426 957172 634625 129349 361554 658194 804977 448035 193802 404221 612475 331623 424946 296813 286351 246939 32299 750570 412229 496857 372114 537134 570877 979835 78061 489039 937943 159158 292958 853010 728593 397892 246952 1022780 822968 94446 717708 575086
740313 319346 530826 84272 336474 544886 382238 249132 207843 322800 325158 741530 422710 300281 45556 479915 170348 673913 490617 205660 172198 406637 227426 126161 638992 626886 723179 571714 515810 509523 370978 233566 676927 611921 323270 540008 343425 537794 218160 84562 385506 365320 525769 112596 249174 295073 521940 342928 53805 233795 999999999 502872 177958 361407 504222 412631 450345 540185 404403 234822 337272 297329 726170 850195 439969 229447 151252 580808 699528 216012 188163 267385 379448 514204 458650 197461 251314 87180 211473 523663 392229 331478 547299 321087 386081 746814 238870 350340 712834 81412 281093 622192 501333 466083 25786 789057 602721 191553 483997 484790
661957 818895 398059 487477 342160 360085 869834 307863 544116 278674 750685 238711 177334 236461 542428 351720 623701 178064 101346 602687 623067 747511 649099 622907 545905 542645 491964 571830 267136 555469 447509 661798 275198 591658 615308 278165 541509 138959 470668 587169 164614 409743 101570 593191 750800 483197 770793 329128 541513 635396 502872 999999999 676984 654245 206076 672410 273856 115527 490691 431629 670462 524232 223616 349919 759657 521879 370758 164595 205044 497111 442629 239491 453604 684313 388092 691120 357622 426191 635982 677712 297904 740315 687043 310015 745168 754010 688584 153232 528809 516345 365684 531189 419850 452746 477147 728358 414089 656402 523052 943054
805721 142053 689084 198773 499881 709059 207223 423705 239030 466733 212998 915570 600008 461024 149178 598467 187718 844368 655732 259149 115633 340806 244908 54232 720946 707786 834352 633668 655165 633437 511750 240716 829118 674353 395489 678414 452576 699093 351790 101604 563437 463799 703565 144608 75550 422873 486094 508283 158136 267375 177958 676984 999999999 421418 680281 396036 621364 718074 473736 381839 380599 343756 900600 1025849 380118 339247 310937 758716 876011 280089 335891 444532 461817 597157 614992 29637 416880 263840 235110 533732 560863 233165 636420 455827 312692 782454 217238 525765 812465 206827 442576 705813 602637 610569 202671 843894 716072 175878 549701 324483
1083701 496818 418728 444972 319873 462091 588073 356023 568256 614270 632518 861274 491976 559316 335261 788876 234140 827847 696277 166128 498824 746683 178196 408679 974212 963291 1026142 920931 789418 269944 236768 185402 905116 959885 42908 813015 123788 751545 197842 353731 490233 702873 616852 288804 438869 171684 876452 333832 319934 154150 361407 654245 421418 999999999 529982 770462 438084 623190 755834 228293 49543 657900 843782 942829 783734 152622 459204 637798 795339 576433 237366 450394 725976 179229 355772 450901 299925 343212 186448 885066 382018 649497 220967 627169 721542 1103094 219392 524980 1029608 280064 288560 956772 827049 308976 367153 1137264 909336 247891 834077 726396
854516 818510 195549 523115 215953 154376 886316 256885 617563 410030 806597 341319 87241 343813 531900 532590 572667 333302 301411 529723 660374 838435 578096 630185 736105 731193 696559 745879 463090 371021 296932 591849 476406 771130 497924 477486 407079 344785 383509 579936 135701 552869 114782 562831 746408 363633 893820 202420 525231 557754 504222 206076 680281 529982 999999999 785761 93456 111212 635421 340978 558594 631417 323924 413303 858856 429753 418943 108862 269609 580881 372082 259993 596095 516568 202849 701499 277043 417130 568583 822159 148923 803541 511081 442260 829132 935497 625881 220291 730424 484388 264967 720277 598432 269478 481490 920305 611916 606742 684104 984492
454850 453771 885253 334254 696648 882767 424759 585545 205811 393922 235865 876293 699647 447521 435207 396925 550092 784850 597737 607077 285570 114833 613440 379194 406691 393576 565240 298087 497273 909055 762574 614160 681717 332963 734245 511709 753758 613115 624464 422493 650248 272812 747903 487848 439395 700131 112980 697383 450529 628523 412631 672410 396036 770462 785761 999999999 771858 765046 208795 630910 740613 154359 866738 993743 101432 641672 386267 816693 869501 217610 588358 532162 234112 926764 822305 375700 618357 462372 599483 144426 730368 206572 959240 362398 136109 399834 601208 568543 520681 493208 652439 397110 356229 848013 413505 477129 470973 553227 242280 394684
