NAME : synthetic_000021
TYPE : CTSP-D
DIMENSION : 100
GROUPS : 8
RELAXATION_LEVEL : 1
EDGE_WEIGHT_TYPE : EXPLICIT
EDGE_WEIGHT_FORMAT : FULL_MATRIX
EDGE_WEIGHT_SECTION
999999999 933407 483666 848760 270315 776614 145436 342616 663401 621980 272568 1150989 491386 87611 799612 856957 419854 711571 681760 530943 434812 675556 618326 838164 72894 825687 1012105 517828 557598 829894 938983 465749 778546 620107 528168 429228 634317 921981 275357 365068 686140 946300 862788 828126 567180 541852 643540 898736 544992 13437 599979 434346 763708 299186 820397 1026472 431952 836164 629672 1043463 676919 603836 808148 811857 175065 881634 758723 626774 44665 909956 600675 434834 913965 466837 274871 204571 739917 770592 561624 1125380 738189 954483 925290 611546 687494 857141 1051496 195209 746949 829124 860102 1138238 415405 183481 589270 570352 706430 703636 812119 722062
933407 999999999 680103 155759 676687 634379 921379 783138 270842 881044 680723 423175 445516 849301 258658 267330 654865 376045 254969 871033 498955 463275 533528 582818 861991 1021491 204305 558708 413260 466118 158871 523865 369396 900326 413351 529634 301456 357550 661770 723977 484071 488357 84065 763616 952493 534288 335132 493662 468285 936268 590448 650281 261647 818226 394391 589408 501568 420031 306012 293749 266373 708847 248655 933382 758531 369201 629596 372879 914124 576775 335497 531088 264837 896734 705042 924100 331469 254004 373627 302896 879573 630983 365860 410906 585653 181369 427766 866045 582470 200348 147739 320283 923644 784850 346184 830875 340515 451625 451621 417696
483666 680103 999999999 678792 420134 293981 580176 156167 453075 241986 266877 738385 332845 446518 692049 753369 597656 679228 454036 198456 364068 704049 174818 362197 424810 445260 664682 615662 286719 841889 765673 512080 376127 255581 331847 454410 470319 856228 384425 118668 249171 942515 596069 351473 281351 145819 347996 442800 560781 494928 131911 608472 429481 206305 793620 556616 357888 821378 467114 661735 431796 128375 461392 391405 373061 465880 276322 573451 499136 436678 398052 228039 800939 216739 483290 341532 677769 656343 379015 756428 313293 475461 509672 591111 212216 703684 622826 576694 270776 685830 686335 764710 250135 477498 443031 177749 646973 278672 819215 718412
848760 155759 678792 999999999 581408 699533 816547 754428 226654 902518 618582 574111 386714 761890 102984 119904 525417 223627 224959 876708 420030 310836 561023 664069 780437 1066580 354666 421670 392907 313672 92484 405656 441633 920231 365574 424744 226178 224613 573418 697111 529596 350961 169619 830705 959645 538123 337456 593998 339028 849678 615091 518849 318408 781918 241323 707109 424194 268496 230592 441215 248569 734406 327533 984070 677607 473252 691138 241721 823793 673473 287717 490050 139329 889738 598754 871384 178179 103209 317994 458329 921829 732030 481603 274743 632250 32816 564421 755995 643285 44595 11787 475723 906400 685319 268277 845668 192122 501425 297884 262966
270315 676687 420134 581408 999999999 672483 247843 354422 412514 637862 159080 944423 255223 182704 529329 586705 198853 443663 433711 561222 183802 415968 483008 710818 207672 851322 779776 267825 347345 572180 670550 198053 590009 644763 295730 158971 375234 654327 36113 330939 533135 688204 612168 761289 627392 399671 423952 739686 277310 269816 489735 212651 543285 343541 555579 877633 183151 573544 370687 824546 434490 546776 588610 808334 116721 691595 654776 356478 242540 772918 355437 250372 643709 524341 63515 357073 470265 500595 316769 897332 729815 827190 731974 342424 572937 588259 859879 203549 627550 559927 592915 911746 500356 109078 330647 573839 436547 539321 552877 458149
776614 634379 293981 699533 672483 999999999 864684 446654 512742 318996 538265 521676 489852 733699 752906 804841 817548 788289 499361 364674 553700 840852 194804 87192 715277 395575 531685 801602 392315 948059 766759 700740 265154 339364 464350 651703 557122 915097 636751 412403 179388 1027077 558688 131200 421809 275179 387856 202933 722388 787554 183979 825175 382948 496481 885198 277345 548904 915555 556180 490897 472421 192418 386147 303683 652104 293622 18085 695651 789725 158817 489087 429168 838020 429365 735155 630273 769881 720685 494318 586258 264295 184613 324921 726678 100078 730979 398477 852542 57789 724023 702643 588665 487133 749744 552935 303788 747415 201093 925927 835725
145436 921379 580176 816547 247843 864684 999999999 456979 659940 747309 329281 1187247 501401 134827 752449 804683 328614 649511 681404 658078 431584 598796 689785 916972 164814 956004 1027314 437879 587127 746670 902325 413124 824660 747618 541532 393363 620557 855213 270875 465614 750488 861526 859080 931294 701803 608034 667757 962659 487938 132988 682037 341709 788158 420352 748501 1096708 430749 759947 616093 1070103 682306 706498 833501 934731 213916 927699 846599 580087 103748 985023 603271 475717 861045 598869 217909 345766 684172 727673 564547 1144544 858807 1034528 969579 556581 769669 819466 1097551 69829 828053 790348 828268 1158776 551875 138979 576555 691301 652905 762469 731288 650674
342616 783138 156167 754428 354422 446654 456979 999999999 529983 294058 198745 887437 373526 322636 747352 809994 550841 708501 537548 209915 372633 714342 323334 517868 293514 506966 796247 596659 370484 864064 845561 500062 517751 297358 389158 441848 531245 904204 323431 59226 398015 973172 700703 486374 272975 270183 449243 598098 564816 354930 286871 563846 550304 50178 826570 712679 366498 851506 527210 802713 520183 263821 587725 478430 271354 613073 429418 602852 365230 592586 466835 265055 862413 170727 411721 185367 717034 712152 437400 895189 401963 629904 657411 610402 368341 774835 774451 467532 426671 752843 763542 904741 159574 378810 494518 235048 683568 424595 842102 740207
663401 270842 453075 226654 412514 512742 659940 529983 999999999 681411 410747 563622 174882 580203 247061 305299 431353 278398 24631 651380 230612 342210 349270 497358 591641 855510 374614 360722 166526 435558 316224 291149 287714 698439 145149 278661 57235 412962 394412 472014 333979 516554 200199 641008 734328 315160 125815 459810 264464 666652 399721 431035 179437 559934 372665 593377 232633 402947 59375 432931 44614 516934 216829 777621 488362 361274 501156 199495 645597 527084 65594 267973 349371 663100 448205 657793 257197 212544 102843 493769 710719 588385 388957 238006 431519 250633 505888 609350 454955 233257 234946 509331 680256 521561 88629 622718 236196 312434 413583 327251
621980 881044 241986 902518 637862 318996 747309 294058 681411 999999999 478795 839499 574283 614353 925725 985855 826915 919859 678597 91666 605126 946035 347690 406110 582549 213889 823042 854090 518445 1082977 985065 751289 531316 20702 570728 693010 705196 1091194 604033 306935 401735 1181928 798008 274668 106923 366356 565215 520499 802389 635099 291011 838736 619965 326958 1033118 587136 598896 1061312 702344 796686 654086 172262 641128 190519 564723 593386 309891 814525 650817 474605 631723 469933 1030733 163319 698467 428507 916518 890237 616590 893471 122479 484603 631056 832959 309321 929652 716438 761320 340710 914317 908932 897814 225778 672430 681230 65428 886499 435442 1060269 959824
272568 680723 266877 618582 159080 538265 329281 198745 410747 478795 999999999 878548 236114 205991 591254 653049 352535 532863 425773 402742 202732 527287 360520 587858 200532 692324 742724 400259 287011 680882 711026 307618 507026 485725 267589 251188 393439 737654 125894 171863 422561 793467 604944 615279 470956 279145 373706 635453 378088 279633 354548 365357 492808 196832 650630 768069 197588 673261 388885 771326 416679 395093 536807 650899 115379 610342 520213 431071 269855 655759 345439 162766 708429 369471 220147 254116 548446 557871 308182 854471 572427 705428 653692 431202 441617 633298 780509 314478 499486 607864 629065 866987 352068 212551 350333 414878 514049 436661 659646 558972
1150989 423175 738385 574111 944423 521676 1187247 887437 563622 839499 878548 999999999 689907 1081010 674021 690033 994739 779074 539004 873801 764820 863113 564674 435764 1079067 893455 219545 920880 600266 887628 576694 854401 374765 860060 649282 835801 618684 779097 917283 834561 489850 909965 415269 610598 939326 622872 520472 319050 824191 1158177 608259 994645 402133 935171 815380 299972 764105 842027 621711 135419 526993 690325 357207 800450 985722 274744 529686 742974 1146672 376835 602001 717574 686448 928786 992385 1066666 738180 661142 636700 142097 779551 395758 230258 783941 545295 602725 123199 1147955 501371 617930 567907 129370 978291 1049867 651174 816044 738250 462949 871974 825524
491386 445516 332845 386714 255223 489852 501401 373526 174882 574283 236114 689907 999999999 410282 373872 436504 337575 346777 191208 526376 76667 373549 297136 504862 419023 770026 526671 311801 105300 509067 479065 211410 346131 588379 40626 167056 160596 532566 230707 319038 321325 611118 371966 603598 607580 228160 170062 508494 237597 495393 329453 342909 288202 396913 462402 648378 74916 489530 156252 569335 185593 429252 333490 704059 316543 444108 474189 240697 476378 555723 110120 110580 488980 523654 302907 485759 348318 338629 72107 643311 629712 614611 482397 259155 392705 404367 609453 458426 435813 380966 396687 657426 530524 362624 121213 510546 316244 316602 486407 385591
87611 849301 446518 761890 182704 733699 134827 322636 580203 614353 205991 1081010 410282 999999999 712010 769360 340485 624504 599287 526014 350347 590349 563992 789101 39590 824505 934607 434117 482993 745369 851860 378571 711739 615407 448237 341627 549180 835035 188861 331084 628005 861808 780147 797163 573658 484011 567634 841046 457887 87798 552362 355156 688423 287729 734115 972575 347838 750432 544547 969716 595753 572201 733329 800858 95558 815140 715631 539166 66351 858705 518496 363515 826368 469545 190677 231589 652456 683060 479304 1049310 724596 906444 858140 524181 640255 769891 985409 152170 699161 741792 773277 1062628 426416 102934 504126 557379 618914 642631 727195 635922
799612 258658 692049 102984 529329 752906 752449 747352 247061 925725 591254 674021 373872 712010 999999999 62646 445310 125066 255578 890176 388524 210926 596233 727197 734682 1102559 455138 336516 407357 217644 158499 339728 506504 942168 363018 370383 221758 165988 527197 692734 576543 275229 262342 882949 972785 559642 371492 668638 265108 799061 646694 437057 383330 768968 145695 789202 393702 175104 225065 540009 282363 763350 401661 1024427 634402 552403 742609 173497 770717 744831 294362 483588 117195 894664 537152 845202 79534 35729 314558 560849 957779 804907 565973 196769 676478 83254 657408 688573 695432 58592 111956 578241 904202 627383 253408 865562 102537 551894 199783 160709
856957 267330 753369 119904 586705 804841 804683 809994 305299 985855 653049 690033 436504 769360 62646 999999999 490622 160585 311663 951648 450345 237665 653376 775047 793056 1160213 470590 379501 467894 199471 133588 393884 552996 1002519 425219 428126 283411 110276 586083 755325 630300 231780 289511 935489 1034343 619538 427959 710321 316886 855989 704804 481253 429202 831548 129108 825990 455606 153030 286853 558583 338035 822232 442922 1080885 693612 591021 795218 230279 826971 788530 355360 546150 57010 956908 591331 906834 120862 98007 376675 568916 1015317 847813 600818 248315 731340 88390 684098 739535 747709 82878 123672 586235 966782 682481 315943 926166 151929 604393 186637 181773
419854 654865 597656 525417 198853 817548 328614 550841 431353 826915 352535 994739 337575 340485 445310 490622 999999999 330785 455917 754481 265710 271486 622770 840403 376051 1038681 801968 112181 442842 418128 602279 140351 679066 835373 372917 170625 377743 529988 227503 522010 656802 533328 610038 920779 823464 543784 495472 845194 187243 414143 642903 14716 599694 542203 421816 985018 269928 431888 374337 864199 468177 718962 642152 989061 307848 772036 800821 284436 379955 893155 396706 390828 545189 721416 154655 548929 370322 426737 367092 920916 910901 951709 806672 251059 717916 521061 930088 259434 766441 491763 537112 937080 699083 237809 343579 761931 342809 653932 402689 325207
711571 376045 679228 223627 443663 788289 649511 708501 278398 919859 532863 779074 346777 624504 125066 160585 330785 999999999 296115 873011 336252 87322 613477 775751 651325 1110203 563298 219180 410454 163797 282292 245969 563578 934469 349854 289739 231191 210669 448537 658572 608904 265256 363867 914456 953864 561758 400739 733691 166619 709458 657730 321044 446633 722636 118220 862812 342287 143368 232275 643757 321858 767817 474562 1038586 556015 626169 775788 106485 678877 804001 301491 455709 214421 867102 440329 781994 45745 122041 306452 674153 967282 865189 646523 102661 702205 208005 749476 583055 730596 181337 233905 691460 867971 532624 242096 856693 43467 589521 141062 49630
681760 254969 454036 224959 433711 499361 681404 537548 24631 678597 425773 539004 191208 599287 255578 311663 455917 296115 999999999 651787 250869 362742 341760 480632 609691 848667 350976 385108 169498 450698 312039 315680 267881 696033 158420 302308 81293 420663 414612 479075 321606 528021 181028 628559 734715 313326 116296 439272 288745 685324 393805 455646 156470 569169 386123 571765 252534 416556 83701 408440 26958 512153 192830 769316 506706 338553 488363 221493 664939 508020 81175 278413 352968 666243 470734 670330 272265 222130 120136 470055 703749 569258 365423 260602 420931 251124 481641 631662 441647 236234 232310 485513 685591 542789 112876 621036 253320 298400 429008 345371
530943 871033 198456 876708 561222 364674 658078 209915 651380 91666 402742 873801 526376 526014 890176 951648 754481 873011 651787 999999999 547619 892074 342789 450654 493271 298612 834411 789801 485136 1034404 962842 688799 540314 89554 528725 630070 668418 1053925 528636 232730 407803 1137477 787062 347425 82953 339968 543362 557960 745327 544114 286750 766895 614107 238304 988703 640900 541318 1015903 665138 817743 629005 183794 640872 282178 481135 614702 352113 766680 560544 523483 596416 417615 999391 74456 620160 336866 873753 854455 576443 914470 212600 542268 655357 781502 329782 901923 752064 674516 373140 884257 884065 920444 137996 588359 639943 61634 842304 441153 1011855 910325
434812 498955 364068 420030 183802 553700 431584 372633 230612 605126 202732 764820 76667 350347 388524 450345 265710 336252 250869 547619 999999999 344936 359053 574696 364088 808516 596037 255139 180168 491816 512041 151144 422594 617330 116587 98129 199761 536791 163818 324580 391120 600570 430810 661809 625974 283055 246124 583539 197813 437388 384221 272302 362710 386718 454455 723359 6304 478982 195110 642471 250726 473330 407801 748431 260497 520774 537334 231516 415341 628273 171735 137662 505703 534484 227579 456727 347833 355238 132969 713781 672078 686397 558972 237873 454735 432713 685892 385286 501544 406545 430916 728323 532203 292656 154823 540032 313705 389099 469719 367747
675556 463275 704049 310836 415968 840852 598796 714342 342210 946035 527287 863113 373549 590349 210926 237665 271486 87322 362742 892074 344936 999999999 658280 835471 620734 1143573 648648 160957 452876 156272 365655 222024 629923 959286 385575 276207 289035 259208 427637 668835 662208 272261 448510 963686 970862 598672 457643 801900 149686 671940 698067 259617 517650 722522 150385 934163 351235 161521 288941 727697 386771 802425 548927 1076536 532086 699166 827264 145639 639543 868845 352159 476304 286534 878935 400723 767371 132675 209297 348221 760516 1002896 930160 722166 115566 750409 294175 829093 530257 783680 268160 320997 777790 873474 492829 287917 881561 125081 645936 137042 56967
618326 533528 174818 561023 483008 194804 689785 323334 349270 347690 360520 564674 297136 563992 596233 653376 622770 613477 341760 342789 359053 658280 999999999 228675 551322 506925 494469 608737 205410 776339 640290 506991 202457 366835 274926 457128 384578 761958 447842 272822 74825 864333 450343 307074 421991 83451 225520 281316 532662 627869 57003 630371 273186 371882 718078 408805 354193 747837 382775 487365 315652 175845 298129 428425 475899 291271 178288 515080 624654 295240 312198 235743 693953 381106 544775 505423 600784 561814 310152 582538 361999 345981 335256 542910 95807 589795 451156 670704 145119 577258 566542 590451 422160 567073 372465 298158 574880 103969 753769 658889
838164 582818 362197 664069 710818 87192 916972 517868 497358 406110 587858 435764 504862 789101 727197 775047 840403 775751 480632 450654 574696 835471 228675 999999999 773821 469381 461022 812955 401491 931104 723961 715685 222460 426435 474140 671066 547030 884988 675933 478233 183678 1002415 512349 189123 508964 312024 377855 118740 727966 848476 238187 846718 346099 568037 865139 195933 570568 895645 546813 412731 454303 274136 339741 376043 703104 224015 98541 689931 847908 75325 484711 461556 803397 513747 771996 703000 752800 696970 496730 506547 345537 117570 249221 724004 151058 696382 312636 899287 91663 692708 665840 507875 570154 795688 549942 390146 733467 191448 909548 824476
72894 861991 424810 780437 207672 715277 164814 293514 591641 582549 200532 1079067 419023 39590 734682 793056 376051 651325 609691 493271 364088 620734 551322 773821 999999999 791298 939212 466459 484789 776376 871238 405562 707290 582807 455529 364998 563832 861992 207808 307420 617693 892751 790705 773577 538317 473298 570669 830655 484893 79115 535989 390760 690888 255618 762658 960060 360988 779883 559181 970840 604460 548506 735372 770321 103598 810517 697270 562827 74458 844652 528550 362331 850000 434769 223872 192247 677588 704795 489579 1052535 694744 890736 854010 550030 623844 789850 980562 190100 683116 762162 791676 1065426 389822 140012 518843 527012 643703 634146 757759 664840
825687 1021491 445260 1066580 851322 395575 956004 506966 855510 213889 692324 893455 770026 824505 1102559 1160213 1038681 1110203 848667 298612 808516 1143573 506925 469381 791298 999999999 927064 1060922 700938 1274000 1142589 957296 654011 209701 760888 899668 886938 1268468 817231 520543 540054 1367529 942043 283566 262156 548515 732445 586848 1003742 839013 455984 1050203 762162 536871 1219741 604874 802404 1248879 884636 882109 822573 342387 773344 93520 778135 688819 396306 1006949 857248 517474 813310 671286 1200704 358857 912192 625564 1102276 1067828 803848 975504 144932 501233 717936 1028872 437069 1095975 772983 973086 441402 1084075 1071546 976197 413538 885734 868479 277496 1074209 571123 1251263 1152707
1012105 204305 664682 354666 779776 531685 1027314 796247 374614 823042 742724 219545 526671 934607 455138 470590 801968 563298 350976 834411 596037 648648 494469 461022 939212 927064 999999999 719094 455739 668097 360466 663062 294110 843528 487298 653243 424890 561526 757196 738478 426608 692410 200590 650104 910307 526993 369039 350985 623326 1017436 548606 800171 251145 839180 595875 414671 596640 622483 428565 90438 346015 655358 209652 834557 839490 238275 532424 536217 1000952 432680 425025 580622 468772 875566 820475 961409 521283 443714 463193 119212 794029 477370 213485 576884 513765 383183 233695 980597 490554 398625 348369 135126 914704 888339 463037 784229 523573 393331 652549 608721
517828 558708 615662 421670 267825 801602 437879 596659 360722 854090 400259 920880 311801 434117 336516 379501 112181 219180 385108 789801 255139 160957 608737 812955 466459 1060922 719094 999999999 411828 312385 494568 104109 631346 864899 339055 161271 303916 418279 286210 558679 630609 428664 521891 914433 864206 536423 446959 802422 96722 513551 638007 101888 537807 596802 310729 940822 260921 322347 301408 787543 402078 728218 577238 1003023 384324 716919 785988 186057 480543 858485 340513 392391 433566 766255 243458 624673 259899 320574 319191 836813 926262 918777 747731 148076 704421 414614 866535 369513 747198 385595 433187 853460 752286 334423 278945 788673 234147 622110 295365 213423
557598 413260 286719 392907 347345 392315 587127 370484 166526 518445 287011 600266 105300 482993 407357 467894 442842 410454 169498 485136 180168 452876 205410 401491 484789 700938 455739 411828 999999999 574053 481329 314348 243959 534811 72774 272262 187050 572751 318189 311521 218782 666795 331812 511603 568058 153152 86894 403466 330104 563529 247294 448016 206117 404991 518809 543326 177310 547957 184409 486729 150106 358980 250625 628139 387435 344472 377577 310134 549172 450703 113363 125145 514462 496998 400458 514896 401365 371821 104923 567835 557322 509883 384630 337504 298463 417142 512554 550335 336629 399122 400864 580641 516295 450426 168397 458283 373443 211853 551364 454770
829894 466118 841889 313672 572180 948059 746670 864064 435558 1082977 680882 887628 509067 745369 217644 199471 418128 163797 450698 1034404 491816 156272 776339 931104 776376 1274000 668097 312385 574053 999999999 328217 377839 714312 1097350 513521 430648 392417 149432 583773 816244 768911 116440 479482 1075435 1114667 725550 560262 880829 302982 825833 821261 404967 593347 874743 72450 1004655 498030 46684 393911 754872 477305 931613 615699 1202179 688354 767384 936099 268468 792922 954580 464140 616790 221105 1025814 555104 923228 178473 240048 470229 768285 1131048 1015327 782684 254058 863961 285074 874933 677269 890276 270477 319732 785618 1023595 646648 405786 1019532 201535 747992 22745 124280
938983 158871 765673 92484 670550 766759 902325 845561 316224 985065 711026 576694 479065 851860 158499 133588 602279 282292 312039 962842 512041 365655 640290 723961 871238 1142589 360466 494568 481329 328217 999999999 489613 503570 1003226 457207 512749 318597 203012 663819 787935 602916 333579 212320 897728 1045670 623177 420448 643454 418850 939586 695551 594508 383979 873740 260794 745770 516295 281602 323028 450725 333906 815264 384230 1057940 768706 519639 759774 323100 913090 725422 378741 581658 111307 978260 685083 963867 237464 176099 409945 447961 998391 781719 520710 351789 706041 82860 586625 840305 711915 112046 82402 464998 996472 773052 360747 929693 260436 572957 317775 311683
465749 523865 512080 405656 198053 700740 413124 500062 291149 751289 307618 854401 211410 378571 339728 393884 140351 245969 315680 688799 151144 222024 506991 715685 405562 957296 663062 104109 314348 377839 489613 999999999 543496 762481 242101 58756 238242 456592 206215 459165 532414 492921 473823 811741 764461 433267 358889 712112 79369 463899 534733 141107 459997 504163 357683 851530 156873 376355 234684 724072 327859 624109 502112 898938 312232 634182 684825 166963 433900 764262 257375 288283 450742 668204 197554 545409 274924 314561 229785 782177 822236 823894 667878 146197 602790 406801 790501 350740 647110 377570 417436 798181 657687 288660 203231 685915 242129 526054 357650 260734
778546 369396 376127 441633 590009 265154 824660 517751 287714 531316 507026 374765 346131 711739 506504 552996 679066 563578 267881 540314 422594 629923 202457 222460 707290 654011 294110 631346 243959 714312 503570 543496 999999999 551609 307712 509431 342029 662776 559428 462822 132525 781450 293826 395192 616403 249365 184812 172681 539337 786250 255054 682608 123800 564074 646698 309565 420254 677164 342751 285829 243183 361874 120995 564729 617334 103404 260228 486426 776606 240576 291097 349382 580957 582878 644289 693607 537037 477340 313875 380317 514185 301662 146744 523625 223790 473924 273678 791884 213320 470489 443525 388652 624592 690397 354755 490435 520485 99492 693259 612998
620107 900326 255581 920231 644763 339364 747618 297358 698439 20702 485725 860060 588379 615407 942168 1002519 835373 934469 696033 89554 617330 959286 366835 426435 582807 209701 843528 864899 534811 1097350 1003226 762481 551609 999999999 585848 704039 721300 1107459 611344 314027 421760 1197076 817174 291923 89386 383280 583112 541042 814887 633314 310025 847388 639428 327678 1048213 606628 611076 1076248 718381 817372 671708 191828 660993 195708 568650 614057 330414 828885 650037 494602 647966 482989 1047809 156804 704786 424144 931833 906626 632075 914161 132941 503786 651754 846646 329851 947145 736981 763496 361407 931507 926759 918513 217730 676167 696607 77835 901555 455489 1074662 973966
528168 413351 331847 365574 295730 464350 541532 389158 145149 570728 267589 649282 40626 448237 363018 425219 372917 349854 158420 528725 116587 385575 274926 474140 455529 760888 487298 339055 72774 513521 457207 242101 307712 585848 999999999 202451 142761 525436 270700 332491 291556 611238 337510 581939 610931 213404 129604 472277 258198 532594 312527 377447 247608 416565 462399 612105 115242 490618 138951 528900 149539 418635 292910 691466 353823 404629 449337 246080 514481 522253 79691 124478 475615 531688 343448 512677 346053 327340 48669 603523 618736 581798 442472 270031 369313 385692 569309 499010 409023 364088 374938 617509 543199 402867 111242 508279 315771 283987 490777 391822
429228 529634 454410 424744 158971 651703 393363 441848 278661 693010 251188 835801 167056 341627 370383 428126 170625 289739 302308 630070 98129 276207 457128 671066 364998 899668 653243 161271 272262 430648 512749 58756 509431 704039 202451 999999999 231946 499551 159182 400459 487388 544484 472004 759740 705715 381001 327031 674673 127767 428774 481956 175889 435982 447114 405177 814524 103227 425829 227755 708467 309967 568096 479753 842439 266949 604060 635394 197854 401002 722770 233820 232698 485100 609637 175776 493846 313062 341706 200619 772357 765435 781557 639981 187177 552838 430182 764975 336419 599245 401615 436373 787815 599872 260577 190631 627610 278965 483610 409801 310453
634317 301456 470319 226178 375234 557122 620557 531245 57235 705196 393439 618684 160596 549180 221758 283411 377743 231191 81293 668418 199761 289035 384578 547030 563832 886938 424890 303916 187050 392417 318597 238242 342029 721300 142761 231946 999999999 386247 360895 475036 377734 480676 240098 683405 751039 340156 169977 514586 207473 636577 431526 376730 236512 556804 333608 649210 203066 363279 4651 486883 100762 545584 274020 812082 460248 418124 544600 144458 613466 579972 73765 266191 332979 673958 405511 645464 216222 186040 94119 544052 742788 641279 446167 181872 471559 244090 562934 566937 499452 221599 236275 559991 685930 483520 45058 644397 190942 358948 369993 278741
921981 357550 856228 224613 654327 915097 855213 904204 412962 1091194 737654 779097 532566 835035 165988 110276 529988 210669 420663 1053925 536791 259208 761958 884988 861992 1268468 561526 418279 572751 149432 203012 456592 662776 1107459 525436 499551 386247 999999999 658652 851196 740286 130904 392438 1045707 1136295 725349 536867 818344 377224 919669 812653 518503 538982 922578 109683 931305 542480 110389 389285 651277 447249 929317 551338 1189940 766295 697865 905418 306679 888738 897275 459498 643095 92754 1055850 649681 989290 189209 201131 477492 650917 1123656 956194 705577 312513 841046 191814 782800 787455 857936 192290 225720 667917 1062494 742165 414488 1030635 223618 714580 149566 204857
275357 661770 384425 573418 36113 636751 270875 323431 394412 604033 125894 917283 230707 188861 527197 586083 227503 448537 414612 528636 163818 427637 447842 675933 207808 817231 757196 286210 318189 583773 663819 206215 559428 611344 270700 159182 360895 658652 999999999 297322 499114 699094 594600 725177 596245 364437 397180 706771 283976 276611 453834 240708 517374 315618 562882 844274 162102 582338 356278 799253 413481 510853 562725 773207 107795 661571 619016 356187 252582 738636 334886 216534 642938 493932 99618 340204 472141 497046 295784 874016 694692 792512 702483 346165 537305 582211 830498 232477 592181 554423 584750 888124 472483 132606 315890 539742 437954 506141 563778 466684
365068 723977 118668 697111 330939 412403 465614 59226 472014 306935 171863 834561 319038 331084 692734 755325 522010 658572 479075 232730 324580 668835 272822 478233 307420 520543 738478 558679 311521 816244 787935 459165 462822 314027 332491 400459 475036 851196 297322 999999999 346768 923735 641494 466354 305535 213920 390018 551607 520036 376417 242111 534304 491700 101369 776277 670985 318331 801882 471090 746864 461373 241271 529587 481712 264777 559850 394654 552388 381500 551924 409396 209254 807115 210108 391665 232700 665121 657354 380977 838656 403542 592807 604313 562192 327285 718069 723381 467317 386571 696552 706074 848508 211491 371924 439431 243211 632042 371747 794054 692053
686140 484071 249171 529596 533135 179388 750488 398015 333979 401735 422561 489850 321325 628005 576543 630300 656802 608904 321606 407803 391120 662208 74825 183678 617693 540054 426608 630609 218782 768911 602916 532414 132525 421760 291556 487388 377734 740286 499114 346768 999999999 849614 402995 307078 484291 144396 208651 213082 547659 695208 123126 663052 222860 446360 706639 346516 387064 736926 376802 414624 294657 230665 239783 455119 537410 216710 167215 516790 690168 240064 310125 282762 666384 451145 593010 579468 590894 543619 317443 510416 396578 296216 260555 548569 103126 560075 376688 727040 121754 550865 533789 517792 494648 623449 374420 358536 568096 33768 746725 656356
946300 488357 942515 350961 688204 1027077 861526 973172 516554 1181928 793467 909965 611118 861808 275229 231780 533328 265256 528021 1137477 600570 272261 864333 1002415 892751 1367529 692410 428664 666795 116440 333579 492921 781450 1197076 611238 544484 480676 130904 699094 923735 849614 999999999 520294 1156571 1218643 819781 642336 941420 416741 942186 912182 519925 657986 985848 148895 1057751 606685 121888 482909 782104 554977 1025775 673935 1292484 804185 822708 1016335 371687 909198 1018850 554228 720637 223648 1132357 671532 1037948 265630 306443 565576 781144 1223460 1078520 832469 363274 948067 318564 912720 791950 969451 314257 353376 798072 1132722 763015 500819 1119460 295556 825985 135374 234496
862788 84065 596069 169619 612168 558688 859080 700703 200199 798008 604944 415269 371966 780147 262342 289511 610038 363867 181028 787062 430810 448510 450343 512349 790705 942043 200590 521891 331812 479482 212320 473823 293826 817174 337510 472004 240098 392438 594600 641494 402995 520294 999999999 689008 868606 450251 251891 431692 427317 866319 507177 607070 180140 736650 407122 539168 432807 435540 244355 280074 188323 625925 173185 854942 687732 308502 552870 337266 845673 513290 262156 451869 302872 812723 645293 844952 323020 246438 301164 315803 799332 570065 313326 377603 505312 201753 395701 806736 505315 209912 166970 332731 840017 721101 282926 747276 323454 371108 462091 410295
828126 763616 351473 830705 761289 131200 931294 486374 641008 274668 615279 610598 603598 797163 882949 935489 920779 914456 628559 347425 661809 963686 307074 189123 773577 283566 650104 914433 511603 1075435 897728 811741 395192 291923 581939 759740 683405 1045707 725177 466354 307078 1156571 689008 999999999 381211 378756 515451 304386 839723 840104 278071 929532 514057 533057 1013671 328900 656543 1043932 682199 600375 601601 225093 516081 190162 724228 412616 140345 819316 847367 234048 613635 530003 969118 420669 824768 659267 897697 850377 615624 692806 177803 223728 438184 848689 213289 862109 489586 927724 187794 854911 833841 693094 483591 827484 676296 287677 874240 331169 1053147 961229
567180 952493 281351 959645 627392 421809 701803 272975 734328 106923 470956 939326 607580 573658 972785 1034343 823464 953864 734715 82953 625974 970862 421991 508964 538317 262156 910307 864206 568058 1114667 1045670 764461 616403 89386 610931 705715 751039 1136295 596245 305535 484291 1218643 868606 381211 999999999 422644 625980 621062 823249 580589 365340 836312 694476 290876 1069978 692945 619671 1096947 747724 889807 711872 255314 719974 272419 539255 686244 411380 847433 600881 579035 679193 498167 1082247 104985 684172 364818 955433 937059 658811 986689 219002 590966 725651 861270 400239 984875 816661 724875 438202 967177 966982 991948 152250 644694 722091 126174 923750 517927 1092181 990468
541852 534288 145819 538123 399671 275179 608034 270183 315160 366356 279145 622872 228160 484011 559642 619538 543784 561758 313326 339968 283055 598672 83451 312024 473298 548515 526993 536423 153152 725550 623177 433267 249365 383280 213404 381001 340156 725349 364437 213920 144396 819781 450251 378756 422644 999999999 203408 357398 465756 550849 101637 551974 285584 315288 671587 488925 277792 700552 337555 532950 289711 206191 319993 478063 394381 348349 257975 459212 545856 377471 266412 154020 664531 362520 461612 444267 554233 524253 255342 625030 405623 429183 392839 483221 175104 564372 515072 587647 227980 548283 545096 634703 392798 483978 319969 307765 525762 163016 702819 604796
643540 335132 347996 337456 423952 387856 667757 449243 125815 565215 373706 520472 170062 567634 371492 427959 495472 400739 116296 543362 246124 457643 225520 377855 570669 732445 369039 446959 86894 560262 420448 358889 184812 583112 129604 327031 169977 536867 397180 390018 208651 642336 251891 515451 625980 203408 999999999 355507 356166 649196 278155 498548 120902 486503 498302 493946 244845 528520 169429 402873 90155 397107 166072 653074 472157 277030 375855 312077 633940 414811 108243 212034 468638 563631 472963 600052 382278 337562 129130 481942 587518 475866 313610 346513 305735 365287 439960 627489 330092 351894 343725 495056 588662 529778 173344 509251 359592 188971 538091 448643
898736 493662 442800 593998 739686 202933 962659 598098 459810 520499 635453 319050 508494 841046 668638 710321 845194 733691 439272 557960 583539 801900 281316 118740 830655 586848 350985 802422 403466 880829 643454 712112 172681 541042 472277 674673 514586 818344 706771 551607 213082 941420 431692 304386 621062 357398 355507 999999999 711327 907967 311239 849586 287751 647841 811693 139885 580469 841979 515369 296061 415203 376035 267486 493356 750063 124462 210641 658901 903237 83592 462963 490619 732070 616618 797537 782776 705141 641661 483657 388661 464253 138389 137596 696272 235310 626803 195940 937031 185002 627476 593988 389524 669636 833752 527088 499005 690372 200823 860302 783263
544992 468285 560781 339028 277310 722388 487938 564816 264464 802389 378088 824191 237597 457887 265108 316886 187243 166619 288745 745327 197813 149686 532662 727966 484893 1003742 623326 96722 330104 302982 418850 79369 539337 814887 258198 127767 207473 377224 283976 520036 547659 416741 427317 839723 823249 465756 356166 711327 999999999 542996 567000 182038 442401 572908 278957 848855 204104 298574 205094 690972 306393 665149 481210 940443 390790 622480 707496 97404 512698 770180 248364 332886 373470 730121 275018 621355 196878 242761 231289 741402 865244 830933 652405 68643 627434 336619 770350 423513 666686 307228 350774 757947 723850 366885 184914 737446 164999 536530 282047 182989
13437 936268 494928 849678 269816 787554 132988 354930 666652 635099 279633 1158177 495393 87798 799061 855989 414143 709458 685324 544114 437388 671940 627869 848476 79115 839013 1017436 513551 563529 825833 939586 463899 786250 633314 532594 428774 636577 919669 276611 376417 695208 942186 866319 840104 580589 550849 649196 907967 542996 999999999 610317 428556 769575 311882 817469 1036258 434700 832821 631938 1049787 680985 615656 814149 824907 178857 889435 769636 625968 35198 920036 604333 441384 912998 480171 271271 217991 738459 770402 565212 1131128 751121 964951 932983 609920 697935 857559 1059420 184777 757363 829404 861070 1144111 428831 179196 591518 583249 705130 712285 808283 719053
599979 590448 131911 615091 489735 183979 682037 286871 399721 291011 354548 608259 329453 552362 646694 704804 642903 657730 393805 286750 384221 698067 57003 238187 535989 455984 548606 638007 247294 821261 695551 534733 255054 310025 312527 481956 431526 812653 453834 242111 123126 912182 507177 278071 365340 101637 278155 311239 567000 610317 999999999 651529 330186 336686 764947 429043 378851 794389 429386 537580 368182 119738 354635 380947 468846 337950 166001 556930 610215 310631 358164 252076 746683 328032 552749 471761 647454 611882 351853 633503 311436 354765 381042 582505 87917 643355 491538 668647 147131 629925 620917 640746 372121 565777 415691 241198 620337 155563 798588 701956
434346 650281 608472 518849 212651 825175 341709 563846 431035 838736 365357 994645 342909 355156 437057 481253 14716 321044 455646 766895 272302 259617 630371 846718 390760 1050203 800171 101888 448016 404967 594508 141107 682608 847388 377447 175889 376730 518503 240708 534304 663052 519925 607070 929532 836312 551974 498548 849586 182038 428556 651529 999999999 601101 555772 410001 989330 276741 419499 373451 863550 468664 729106 643171 999839 322287 774662 808558 278673 394304 898630 398388 399537 535447 734489 169295 563475 361315 419372 369772 918967 921762 957446 808779 244143 725711 513683 931603 272328 773644 484453 530503 935230 712672 252449 343795 773672 334522 659493 389813 313902
763708 261647 429481 318408 543285 382948 788158 550304 179437 619965 492808 402133 288202 688423 383330 429202 599694 446633 156470 614107 362710 517650 273186 346099 690888 762162 251145 537807 206117 593347 383979 459997 123800 639428 247608 435982 236512 538982 517374 491700 222860 657986 180140 514057 694476 285584 120902 287751 442401 769575 330186 601101 999999999 591395 524773 416677 362074 555165 238265 282072 136108 447703 45353 675646 592912 182108 375795 377875 754705 361751 203080 330224 457654 645456 590287 711164 417396 354937 235603 361735 619235 422193 210004 417070 325248 350523 330509 746618 327942 346694 320726 374541 678287 649887 259373 571303 403214 191064 572678 496257
299186 818226 206305 781918 343541 496481 420352 50178 559934 326958 196832 935171 396913 287729 768968 831548 542203 722636 569169 238304 386718 722522 371882 568037 255618 536871 839180 596802 404991 874743 873740 504163 564074 327678 416565 447114 556804 922578 315618 101369 446360 985848 736650 533057 290876 315288 486503 647841 572908 311882 336686 555772 591395 999999999 840848 762853 380818 864741 552597 848233 553298 312113 629988 514969 248670 660566 479313 618230 324915 642764 495576 292231 885085 185906 396831 135240 734123 734207 463930 939952 440017 679923 704985 622592 418501 800893 823010 436606 476850 777851 791423 949853 156907 353834 518029 272054 700176 472223 853155 751738
820397 394391 793620 241323 555579 885198 748501 826570 372665 1033118 650630 815380 462402 734115 145695 129108 421816 118220 386123 988703 454455 150385 718078 865139 762658 1219741 595875 310729 518809 72450 260794 357683 646698 1048213 462399 405177 333608 109683 562882 776277 706639 148895 407122 1013671 1069978 671587 498302 811693 278957 817469 764947 410001 524773 840848 999999999 934118 460479 30507 335609 682483 412984 877709 545656 1145662 669725 697016 873791 223893 785805 886452 406783 572146 158777 984370 546459 898654 117501 170037 416959 696922 1075939 946966 711451 219524 803539 213111 802663 680242 827429 198030 247569 714277 985990 638962 352170 970584 146666 684435 57551 98493
1026472 589408 556616 707109 877633 277345 1096708 712679 593377 587136 768069 299972 648378 972575 789202 825990 985018 862812 571765 640900 723359 934163 408805 195933 960060 604874 414671 940822 543326 1004655 745770 851530 309565 606628 612105 814524 649210 931305 844274 670985 346516 1057751 539168 328900 692945 488925 493946 139885 848855 1036258 429043 989330 416677 762853 934118 999999999 720248 964032 650289 337218 548857 468899 389309 513795 883257 237349 291781 792871 1033459 120615 600662 627778 842008 706652 936128 898003 831745 764609 622605 412334 505746 105179 225853 831070 344420 739767 194251 1073376 286125 743878 705585 407217 764388 969847 664137 579547 819349 338350 984855 912435
