NAME : synthetic_000668
TYPE : CTSP-D
DIMENSION : 100
GROUPS : 8
RELAXATION_LEVEL : 1
EDGE_WEIGHT_TYPE : EXPLICIT
EDGE_WEIGHT_FORMAT : FULL_MATRIX
EDGE_WEIGHT_SECTION
999999999 513387 563982 681235 437696 642487 663413 576140 511818 32392 357994 272023 442681 356504 425540 233674 298827 153510 353579 511156 483660 483295 228087 758512 330969 106280 555266 386390 860151 100911 322234 291338 836279 122465 237543 180458 324836 726675 451443 222509 745659 276986 331425 451871 604668 175407 458023 300468 617114 283681 33070 158524 386173 714781 259920 372020 681893 333763 429081 416224 695895 523240 252513 612513 503127 534422 297269 422770 660989 648640 185771 212231 294117 308776 469460 593766 512922 476958 562471 254517 454714 542861 461589 326837 523164 847774 380005 220752 280443 255336 679323 257334 663697 281392 435000 395867 302941 560530 321866 284694
513387 999999999 290457 192557 137072 771678 734927 521129 965854 482336 684341 767329 71563 614601 317078 462788 236101 484356 551197 660083 835754 921505 718157 600932 833097 449063 82454 372830 770030 611980 407074 704313 726209 399792 697127 691752 423982 694065 876649 382998 690207 768302 826460 201104 93060 440181 913763 336490 945392 318135 480657 570131 712074 257368 333548 801824 724368 219190 294776 782364 432734 707705 737853 503295 940710 358734 415546 178354 373436 561119 698602 672147 377567 754840 53191 306578 769169 919068 131086 755808 726719 977911 266281 572077 874231 761900 887018 721522 237619 351793 416341 648922 684568 547241 760195 599775 251558 671139 509243 359829
563982 290457 999999999 439692 398192 534811 481312 256490 881708 532729 562243 835329 281847 799315 151553 390970 412535 456541 405476 451790 697121 828772 700344 310590 817006 463418 225196 608779 480106 640121 615861 829860 435879 444699 794790 710156 632114 414384 779490 546583 406287 840812 894140 131916 294892 581437 836501 538568 778619 509925 533665 536832 879209 518834 305066 922297 462283 423006 551521 661261 155272 505660 816353 223368 845358 92465 313486 434788 103629 279908 722576 768543 292085 692156 260802 29897 590126 829731 174646 746815 564407 876714 535068 443711 729298 472306 875940 716235 327349 312863 137301 781032 420098 442295 619642 437507 441114 442937 379593 291152
681235 192557 439692 999999999 247612 953475 910761 690023 1153155 652066 876622 917303 258785 705004 501190 654279 384677 670965 743343 847204 1028186 1110249 896653 737095 1008788 629729 219274 440479 911725 781899 498331 829111 865471 576435 836810 861672 513441 854056 1066196 512416 845546 916352 974554 382913 145041 575811 1100481 445403 1137780 438731 649702 755198 809651 80915 524906 924980 896326 354264 349541 974280 554509 896202 884499 662728 1129644 522730 608077 274328 496627 719571 866655 813644 570123 941089 245731 446149 960514 1107408 265728 931354 918879 1167302 306465 764633 1066741 905214 1060420 896970 419380 543328 541181 773043 855062 739503 952731 791395 388143 854358 701672 552320
437696 137072 398192 247612 999999999 819152 794491 596965 926542 409924 675645 669805 116345 483044 377819 451897 138921 449422 564317 696134 827370 887649 658862 704912 767844 398483 218093 235810 866719 538604 273752 587845 825461 341674 590720 617888 290429 775623 846500 267224 776621 669016 727269 280932 218284 329556 872955 208035 947463 195496 407178 528368 583295 277401 328624 684809 790248 106683 159509 767754 549734 737909 637285 590840 907448 448384 426575 41314 491942 647730 621974 567115 388678 713992 140365 419688 784271 883699 261897 690722 735330 946249 137124 574990 867486 857468 817701 656484 202318 347014 532391 531786 753439 541501 756206 616585 140536 717556 519278 367309
642487 771678 534811 953475 819152 999999999 80790 283255 569964 630501 325851 822745 725231 996123 454600 427652 742704 493680 293860 134153 336934 515728 586951 388494 657891 558871 735136 936269 344118 639139 900799 918403 355280 598448 846544 657862 911216 224280 474474 794499 257108 834426 863417 571765 811274 783386 551908 840222 329228 809815 634731 496428 1026999 1026675 508664 977898 120660 775696 924990 358916 510653 123422 828195 334048 521923 442717 408437 838984 537824 297630 674601 826942 441538 496426 723055 542514 191626 523205 693988 628571 230196 532847 931600 315662 341529 332840 706604 618439 635195 493515 509466 894971 151254 361283 297767 246985 769864 101632 334424 463724
663413 734927 481312 910761 794491 80790 999999999 224965 641854 647866 375589 863227 694169 1010987 420319 437287 730256 510847 309852 157896 408357 586681 633824 309320 713521 571995 691495 929797 267690 671816 900209 947193 275775 605250 878760 698798 911781 143531 543442 796488 176385 874354 907271 533823 766744 791893 620429 835431 409415 804380 651826 526788 1049586 986239 499699 1012465 40100 760933 910751 422866 441204 173758 865477 268870 594145 391142 403690 817664 473115 226021 715544 857705 432447 551284 688689 485630 260312 593590 647344 677747 289209 607340 913561 340708 416593 255945 764781 664353 620912 486516 441637 919618 73120 384089 360978 271753 758635 103561 344062 454053
576140 521129 256490 690023 596965 283255 224965 999999999 729682 552016 411794 821535 488643 891407 220732 345826 557275 428571 270881 229691 512781 673361 626730 190064 730617 471436 471108 763215 291949 617587 747073 867089 262219 484859 811281 667774 760898 179466 624419 652853 185416 830426 874429 322181 545253 664227 693967 675031 564816 643615 554933 480024 949047 767030 349769 946958 206570 582207 729235 496879 235963 282769 813763 59931 686384 167590 279585 625293 255819 72689 683402 786907 291371 578405 478569 260924 379708 677200 424982 674877 373043 710518 725067 315829 536634 280419 788301 651721 449028 343067 231573 828914 165041 340991 442055 272055 587148 202057 275534 308138
511818 965854 881708 1153155 926542 569964 641854 729682 999999999 530968 323239 467634 895792 793385 734415 510623 793151 482197 479719 516084 233520 56574 287616 905053 230480 528060 979435 896488 909104 423189 828765 629796 912028 585340 550154 364708 828694 775877 105317 733935 807521 480508 470592 826137 1046137 681580 54003 812281 288417 794608 534861 398826 762069 1200576 635725 633121 680114 831103 940285 232906 948870 475742 497226 788644 48190 806495 577273 920232 944369 786862 372608 547569 608793 212664 914117 905404 381649 52732 965121 279842 363661 57371 971007 438720 231482 897103 234041 305662 734198 618578 938596 643262 693958 441190 290585 460755 804262 566589 502116 620171
32392 482336 532729 652066 409924 630501 647866 552016 530968 999999999 357201 303985 411431 365693 395697 213495 271408 137261 338790 497911 489138 499880 251185 732600 357920 80597 523243 372476 838091 130090 311802 315294 813087 90142 265810 210016 316020 706040 465807 207836 724102 308696 363494 419732 573316 168285 476998 283021 621978 263817 4652 160064 403247 687286 229433 399027 664831 307265 409493 422059 666038 513109 283631 586679 519814 504992 272479 396672 630303 624282 216289 240072 266737 324125 437895 562549 508897 494048 530128 280855 450833 559545 440200 315374 529186 825805 408411 246690 248495 225760 649337 277716 645080 269502 436341 383520 277443 545661 304412 256138
357994 684341 562243 876622 675645 325851 375589 411794 323239 357201 999999999 498883 618847 711777 419061 224522 559333 240843 157282 222811 152210 268421 261108 594525 338935 308054 683359 716257 627963 327511 663459 607482 621385 363549 531360 334595 669674 488207 218805 555540 516979 510907 537866 520730 755114 524822 283435 620557 274738 594665 361846 199504 725422 934468 352848 658551 407347 597634 732903 100531 625871 204158 506998 469472 284045 484166 272192 680313 621372 473968 351197 514234 308519 177194 631180 584746 159273 270564 661653 303146 102729 314490 753164 119456 191938 615321 392183 292690 473392 334197 615417 591788 408303 137119 82351 139811 579108 279394 185391 324813
272023 767329 835329 917303 669805 822745 863227 821535 467634 303985 498883 999999999 699267 350081 693846 477728 535885 396237 566695 705341 563266 469857 242431 1009677 237566 372716 818021 536057 1091118 204283 461772 168178 1073439 393914 99683 164905 454061 952309 464602 408117 975715 13245 59852 723663 860253 343666 425501 483998 686177 482662 303654 344285 298316 936964 530440 170099 889495 563387 609520 503923 963335 699478 38382 864826 485303 801019 552263 644736 930972 893927 148154 112992 556955 351636 728362 865029 653547 459764 829838 212901 600402 518963 650931 527655 593480 1078421 243877 210110 545031 524151 947222 198224 880202 489837 550332 593818 529324 760806 548922 550818
442681 71563 281847 258785 116345 725231 694169 488643 895792 411431 618847 699267 999999999 565003 273917 395727 175111 413858 490773 608335 770768 852067 646613 589188 761540 377545 125076 338998 752561 540867 362182 642878 710689 328309 631711 620571 379167 665819 807668 324301 665173 700650 758646 167873 162059 378181 843486 287541 883247 265189 409851 499264 658885 316528 266392 740273 686910 166131 272247 715908 433751 653890 670605 478486 871376 334743 353372 153822 376322 535863 627611 606394 314962 684370 31876 303533 710363 849430 156926 684260 665801 908846 253325 508892 809713 743567 815521 649979 166056 284912 416321 588097 648640 481804 696039 540788 195223 623841 447619 295977
356504 614601 799315 705004 483044 996123 1010987 891407 793385 365693 711777 350081 565003 999999999 697566 573761 394927 502498 703575 863208 825288 782316 518077 1057142 567477 439044 688532 265457 1183038 395568 209684 187168 1152965 409780 252142 432195 193412 1057630 763431 252732 1072216 340371 382820 668016 701070 227401 744589 278349 958273 299972 361424 513051 106161 697918 542437 256341 1025631 398923 356203 758372 951364 878613 312753 915259 800442 804402 618476 444734 902939 960903 422135 248278 600643 626024 596756 827815 868606 773545 720933 514519 810431 838057 400250 681045 862685 1171260 587891 492910 472643 548342 933394 153252 1002808 635188 785459 749169 370714 909771 666967 583274
425540 317078 151553 501190 377819 454600 420319 220732 734415 395697 419061 693846 273917 697566 999999999 239490 339903 307326 265429 346391 560589 682508 549244 361062 665640 321332 286113 546103 503536 494712 535933 703719 467046 312127 661174 562171 550701 400189 633626 449384 404320 700188 751776 118297 362387 471712 688002 461426 653579 430353 397270 385883 767154 572672 166871 792575 413353 362732 508755 519291 270368 396548 677473 225394 699666 110069 162007 404923 238054 278556 575172 635218 141619 541441 268997 178952 468644 682915 252572 595978 434656 732339 504404 299610 595234 493036 724620 565808 234621 170230 253801 658454 375815 293429 482667 304905 369962 354205 233919 143552
233674 462788 390970 654279 451897 427652 437287 345826 510623 213495 224522 477728 395727 573761 239490 999999999 341601 82755 134533 293505 376713 462784 310234 532355 426193 135132 469466 517316 626674 273462 475635 524714 603739 170855 465918 331299 485184 493071 416266 368112 512031 486068 532394 316772 538082 356108 460866 420254 495680 391346 217104 147741 616700 710439 129373 601761 452348 379035 520820 320237 496531 318311 468335 387156 481425 335620 79207 458543 473461 418510 345745 441900 100866 307311 409879 418387 340785 461404 454657 357439 287633 517476 536758 128095 416408 614259 485211 328280 249607 111001 481852 490450 431666 89844 304363 185752 364224 336825 93742 109707
298827 236101 412535 384677 138921 742704 730256 557275 793151 271408 559333 535885 175111 394927 339903 341601 999999999 323791 466707 612754 708858 756372 521348 696185 629258 266623 300162 206240 843435 399726 203346 468598 806632 208298 461875 478968 219581 735713 716957 149265 742484 535946 594268 280868 328767 204141 739312 126112 833847 97642 268551 397448 485455 415998 234305 566090 732586 38658 182541 646497 567411 648356 504816 565163 776287 434869 335431 127084 515232 618294 483097 437238 301176 581283 206824 439629 681852 751881 327607 552261 629234 815497 195163 469213 749450 832895 678823 518092 109736 250365 549365 413486 699991 430794 641343 519871 30071 642846 421298 278982
153510 484356 456541 670965 449422 493680 510847 428571 482197 137261 240843 396237 413858 502498 307326 82755 323791 999999999 201532 360762 386649 440023 247506 614735 365507 68920 504220 475917 708562 192344 425725 443287 686223 122706 383293 255150 433162 573928 397535 317226 593656 404258 451737 366347 567155 293991 429675 379871 514808 353822 141358 87119 539139 719827 162996 519168 528578 362441 492958 323099 571895 377620 385906 469281 459622 409727 156280 448545 544875 501257 268625 359427 165943 270517 433258 485137 381822 436788 497259 292187 324772 497924 515036 179629 427362 696095 423540 260494 252431 149197 556550 410836 510204 133788 323078 246840 341185 408456 168364 165485
353579 551197 405476 743343 564317 293860 309852 270881 479719 338790 157282 566695 490773 703575 265429 134533 466707 201532 999999999 159981 295214 425420 357500 460047 459736 265225 540176 650008 524579 367785 609969 638647 508697 305272 572548 406259 619662 385627 375850 502612 409279 576837 615791 373418 614289 489558 437716 553092 394787 523610 342863 223034 739750 806792 236472 707569 329622 502676 648418 255787 471630 184321 564459 324658 441280 326964 138274 576443 464688 339475 422565 550542 176704 309397 498326 427591 220355 427190 513786 405339 175537 471615 660981 45085 330443 511863 517478 383914 365955 218645 460405 609890 315257 77037 217307 53164 491429 207028 45492 197342
511156 660083 451790 847204 696134 134153 157896 229691 516084 497911 222811 705341 608335 863208 346391 293505 612754 360762 159981 999999999 289169 459581 477341 390324 561678 425193 632292 803693 405518 514642 767042 791458 401131 464295 721885 540971 777311 266404 412617 660509 296194 716458 749672 464600 708650 649335 487024 707337 335756 677145 502069 369980 896796 917197 378468 855127 185926 646727 795288 285879 464793 54433 707694 289243 470294 360355 277379 713529 478090 275359 557711 701227 312123 399986 609452 465534 150176 464919 595936 522060 152426 490342 803808 185110 309323 392925 614888 507482 506704 362574 459037 765651 185701 229893 225737 115680 639284 56791 200310 334329
483660 835754 697121 1028186 827370 336934 408357 512781 233520 489138 152210 563266 770768 825288 560589 376713 708858 386649 295214 289169 999999999 178805 323864 679406 353350 451014 832176 857285 675738 430029 800383 697612 679600 508449 617261 410876 805103 543534 139041 694087 575490 576307 589354 667327 904865 657079 216340 763083 133620 738626 493753 329415 823928 1086586 504981 731977 446748 747349 879451 67488 741789 244663 580535 572656 185802 613299 421685 831144 745463 564040 425664 604897 458851 211922 782567 717232 148337 186319 808121 350773 139755 201762 901519 265482 40721 663788 391676 355300 625239 486314 733555 692048 461800 288981 77923 259741 727505 336365 330934 475944
483295 921505 828772 1110249 887649 515728 586681 673361 56574 499880 268421 469857 852067 782316 682508 462784 756372 440023 425420 459581 178805 999999999 266939 848480 233798 489959 932236 869608 853650 400587 803816 626497 856050 548075 545631 350244 804807 719902 49625 705747 751451 483010 479909 776659 1000111 656228 48692 782724 247758 763508 503989 359387 758430 1159804 589579 638522 624708 794668 909061 176496 893446 419636 496385 732406 19975 752376 527013 883240 889794 730319 360291 540367 559546 176101 869336 852054 326369 10782 916326 268658 307169 59665 938153 385197 180704 841594 251009 289653 692446 572055 883364 635076 637954 390023 234026 405022 769027 510299 449351 571837
228087 718157 700344 896653 658862 586951 633824 626730 287616 251185 261108 242431 646613 518077 549244 310234 521348 247506 357500 477341 323864 266939 999999999 816656 118026 269164 746634 609524 876003 135587 541237 375314 863765 320240 294343 88325 541078 735666 245354 448135 761897 255125 277235 613820 805370 394260 234837 527454 451452 511671 254562 163570 504137 936083 410098 409012 663255 557913 656850 262313 804339 464793 256990 677441 285949 644963 389201 647449 783495 696584 102149 283885 408314 112644 669566 728182 412188 259021 743067 48315 360535 324930 689676 313777 356698 863253 176162 32351 480606 396698 790290 375180 659098 285916 307975 372853 528566 533957 352866 411244
758512 600932 310590 737095 704912 388494 309320 190064 905053 732600 594525 1009677 589188 1057142 361062 532355 696185 614735 460047 390324 679406 848480 816656 999999999 919479 652578 532140 900743 175313 805445 895758 1047657 128468 659095 995353 857395 910849 174881 800594 810377 147470 1018263 1063277 425810 595810 830224 872963 820250 708906 789557 735165 669556 1122204 817828 516833 1130471 272091 714393 852916 672821 185897 436621 1000631 146000 859937 261660 461505 739413 241069 121045 872911 970479 466652 765238 570347 295640 536208 853267 479786 864758 542144 880659 840531 504751 697686 170007 976792 841776 594587 513851 196981 1006788 237241 531027 614560 456299 726137 345310 465512 480091
330969 833097 817006 1008788 767844 657891 713521 730617 230480 357920 338935 237566 761540 567477 665640 426193 629258 365507 459736 561678 353350 233798 118026 919479 999999999 385039 863642 697431 966229 230785 625904 399601 957740 433648 320582 155363 623313 826100 235186 541788 854083 250563 246547 731839 921249 482912 188253 622288 463785 609878 360710 280915 531825 1045201 528119 405025 746106 664655 752927 305715 917182 540326 266760 783624 248385 759239 504673 753737 898377 798609 157305 319725 525256 162237 785258 844570 471507 223439 860838 77456 427713 281422 788382 414831 376632 953546 59128 111846 595516 514704 903594 415583 746893 393104 362947 466838 633888 618317 461076 528810
106280 449063 463418 629729 398483 558871 571995 471436 528060 80597 308054 372716 377545 439044 321332 135132 266623 68920 265225 425193 451014 489959 269164 652578 385039 999999999 479086 408206 757689 178248 356915 395749 732503 58714 343817 253331 364253 626189 450352 248467 643870 378882 431060 358316 536330 225908 474485 312738 580796 287653 83649 130826 482344 673349 158419 478186 587478 305082 429097 386056 591350 444651 356327 506601 509846 429396 191943 393318 558260 543735 263719 318499 187878 315556 400442 492972 450741 485675 479157 308231 393645 548967 453462 247052 491708 745429 440416 274283 211676 151435 575010 358139 566491 201518 389956 312874 280967 470781 227939 179127
555266 82454 225196 219274 218093 735136 691495 471108 979435 523243 683359 818021 125076 688532 286113 469466 300162 504220 540176 632292 832176 932236 746634 532140 863642 479086 999999999 453043 704187 650438 483316 767328 659193 435998 753889 729192 500305 637750 885643 449375 631011 820067 877699 168758 76408 502714 928757 410335 934265 389324 522197 591308 783509 296013 344182 864626 677219 289856 376789 783271 357830 682658 790673 446052 950888 304225 411169 259375 298298 503441 737570 728306 375329 771838 93350 236564 752345 930734 52756 787180 714509 986767 348735 566696 869188 696748 919469 753336 274848 360957 342198 712759 636102 547815 755052 585168 319956 636737 501467 361012
386390 372830 608779 440479 235810 936269 929797 763215 896488 372476 716257 536057 338998 265457 546103 517316 206240 475917 650008 803693 857285 869608 609524 900743 697431 408206 453043 999999999 1049638 474297 74314 411317 1012598 353782 441191 542587 83223 941254 837522 164642 948526 531100 585763 479496 451132 215533 843022 97075 988376 126566 368077 528878 371115 432971 430116 501476 934416 186747 90972 791110 763938 834267 498661 771265 889408 639093 528268 194656 709029 824533 540247 423396 497462 695066 368455 634025 854834 863133 493947 626711 798985 929125 134805 644167 897804 1039122 735788 595748 314382 443827 746027 357686 903177 601297 798126 702443 176222 838441 605795 475755
860151 770030 480106 911725 866719 344118 267690 291949 909104 838091 627963 1091118 752561 1183038 503536 626674 843435 708562 524579 405518 675738 853650 876003 175313 966229 757689 704187 1049638 999999999 890371 1037170 1151372 47627 775223 1091169 930599 1051335 140393 809576 944489 115455 1101090 1140288 585788 769646 956008 886105 963954 671371 932669 841303 746950 1238461 992342 641718 1227024 228995 865549 1009027 686572 361017 435955 1087636 278668 861533 418349 567585 899098 416300 225479 946990 1067752 582489 805110 736156 467876 527464 860308 652276 922377 551659 875028 1000203 565149 684184 12753 1020139 904545 737080 634806 372290 1115799 219825 601298 624846 503153 873489 349648 544105 599834
100911 611980 640121 781899 538604 639139 671816 617587 423189 130090 327511 204283 540867 395568 494712 273462 399726 192344 367785 514642 430029 400587 135587 805445 230785 178248 650438 474297 890371 999999999 405666 280601 871193 214440 207478 79927 405521 752630 374572 314100 774923 212864 259402 536464 702503 258858 370261 394069 562770 380044 132250 145291 398601 815650 335943 340690 695345 434484 524237 363452 762470 516173 197292 660543 419953 600045 348604 523301 732718 690078 87132 188056 355425 233216 566750 669452 486784 393167 654373 155305 429790 459291 558578 331711 467149 877730 279098 122509 376608 327259 746739 265110 682968 290821 394828 400115 403337 568382 346573 351161
322234 407074 615861 498331 273752 900799 900209 747073 828765 311802 663459 461772 362182 209684 535933 475635 203346 425725 609969 767042 800383 803816 541237 895758 625904 356915 483316 74314 1037170 405666 999999999 340202 1002369 306607 367231 471626 16998 922510 773427 108548 932233 456891 511761 484212 492003 147590 775618 77323 932688 106593 307247 470972 312163 498007 403150 432384 907797 197487 155216 733536 770755 793942 424427 760789 823493 635590 496523 235082 718413 811744 468601 349171 469154 630600 393426 642820 807354 796993 519102 556342 750485 863119 199427 599791 840612 1026172 663072 526055 301373 414615 752708 285705 878886 555512 744488 661333 174949 805341 567104 448368
291338 704313 829860 829111 587845 918403 947193 867089 629796 315294 607482 168178 642878 187168 703719 524714 468598 443287 638647 791458 697612 626497 375314 1047657 399601 395749 767328 411317 1151372 280601 340202 999999999 1127590 391871 81347 287200 328450 1017213 615041 322034 1036721 157062 195779 705650 796382 264699 584643 383716 826672 392374 312584 422062 132278 836143 537279 97511 968269 486915 495192 633574 972013 795889 133735 901816 643221 813787 587690 555770 931343 939458 273275 93502 581192 487874 674189 859652 766638 616895 789243 359468 710024 678748 539113 606662 731644 1138969 411465 345535 510961 536791 954726 56112 952337 563184 671341 675964 453440 843660 610626 569080
836279 726209 435879 865471 825461 355280 275775 262219 912028 813087 621385 1073439 710689 1152965 467046 603739 806632 686223 508697 401131 679600 856050 863765 128468 957740 732503 659193 1012598 47627 871193 1002369 1127590 999999999 747078 1069492 914764 1016825 136152 810745 911691 105000 1083048 1123940 544726 723846 925619 886473 928379 684471 897225 816131 729249 1211240 946169 610653 1205381 235797 827613 969712 685760 313794 436484 1068406 241686 864937 377628 541118 858553 369525 192125 930966 1045621 553537 797867 693464 422669 531451 862229 607076 910776 550893 880448 959740 550777 690787 45425 1012741 891477 701449 604773 325359 1090461 218100 584602 624530 491733 836703 346999 524698 569943
122465 399792 444699 576435 341674 598448 605250 484859 585340 90142 363549 393914 328309 409780 312127 170855 208298 122706 305272 464295 508449 548075 320240 659095 433648 58714 435998 353782 775223 214440 306607 391871 747078 999999999 350501 293392 315349 648024 508868 198319 663281 398347 453510 329755 489153 186680 531612 257392 637365 231116 90264 189347 464364 617661 145431 480576 617612 246650 371094 443961 581548 488313 372551 514117 567989 422137 208768 335209 543634 555866 301572 324335 193719 373148 353142 474580 501660 543621 440933 356250 445403 607205 394871 293196 549168 763254 487227 321907 162767 145539 564523 348229 593487 248980 445778 355663 222253 506379 264132 179010
237543 697127 794790 836810 590720 846544 878760 811281 550154 265810 531360 99683 631711 252142 661174 465918 461875 383293 572548 721885 617261 545631 294343 995353 320582 343817 753889 441191 1091169 207478 367231 81347 1069492 350501 999999999 206462 358431 955074 533720 324432 975972 91964 144583 675612 790122 261180 504255 396260 745791 398543 264015 351987 212800 851542 494473 135898 901482 485719 518100 553722 931355 723472 61425 849380 562529 770691 533848 562640 894134 883945 192214 26293 531655 406970 662047 824686 690099 536108 770723 278202 634080 598380 560539 538192 650912 1078635 336459 264321 486931 491510 914506 99185 887613 496064 592969 607011 451535 775240 547620 521838
180458 691752 710156 861672 617888 657862 698798 667774 364708 210016 334595 164905 620571 432195 562171 331299 478968 255150 406259 540971 410876 350244 88325 857395 155363 253331 729192 542587 930599 79927 471626 287200 914764 293392 206462 999999999 469679 791080 332177 386451 815429 176588 209809 611071 782078 327698 314018 466972 539473 454999 212139 187854 415816 894680 408449 325501 725660 513269 597638 347874 826652 534578 173178 714365 368577 664698 409457 601727 799956 739463 16764 195559 421048 200699 646226 739114 490718 341631 731858 85603 436621 406655 633393 365638 444480 917866 200263 60736 455943 398211 811482 287314 717570 330190 389801 430499 481686 596701 392587 419282
324836 423982 632114 513441 290429 911216 911781 760898 828694 316020 669674 454061 379167 193412 550701 485184 219581 433162 619662 777311 805103 804807 541078 910849 623313 364253 500305 83223 1051335 405521 16998 328450 1016825 315349 358431 469679 999999999 935861 775267 117102 945929 448776 503011 500393 508705 149453 775762 93796 937735 122415 311422 475764 296511 511680 415820 419597 919897 214369 168327 738073 786924 803371 416434 775330 824408 650969 508130 251557 734770 825970 466064 341185 481439 632395 410420 659170 814978 797809 536085 554755 757878 863964 212723 608457 845197 1040279 659274 524994 316297 426869 768874 274548 891397 563885 750352 670713 191424 816308 577164 460857
726675 694065 414384 854056 775623 224280 143531 179466 775877 706040 488207 952309 665819 1057630 400189 493071 735713 573928 385627 266404 543534 719902 735666 174881 826100 626189 637750 941254 140393 752630 922510 1017213 136152 648024 955074 791080 935861 999999999 674670 825431 32888 962462 1000858 498287 709159 831908 750522 851759 552689 820300 709455 608502 1108394 932943 521139 1090755 103661 761325 908648 549988 335094 300368 949715 191704 728802 335426 439260 804515 378642 134486 807532 932091 458330 665237 653983 410355 395477 726099 588614 781993 415039 744553 904450 425457 555302 127655 880282 764306 626872 512160 340107 983469 81973 462575 488624 362836 765469 211423 407457 477301
451443 876649 779490 1066196 846500 474474 543442 624419 105317 465807 218805 464602 807668 763431 633626 416266 716957 397535 375850 412617 139041 49625 245354 800594 235186 450352 885643 837522 809576 374572 773427 615041 810745 508868 533720 332177 775267 674670 999999999 673073 705945 477846 480765 728885 954173 626020 77482 748747 229725 728378 470067 319536 745973 1117124 543921 634570 580916 755434 873531 127874 843887 374326 488150 683342 66051 702813 478990 843457 840176 682027 343933 526180 512046 142872 824246 802650 283557 52802 868854 255677 260469 101303 901342 335827 149543 797411 263318 271638 649575 526182 833769 619357 592698 341674 186896 355552 730734 464259 400217 524850
222509 382998 546583 512416 267224 794499 796488 652853 733935 207836 555540 408117 324301 252732 449384 368112 149265 317226 502612 660509 694087 705747 448135 810377 541788 248467 449375 164642 944489 314100 108548 322034 911691 198319 324432 386451 117102 825431 673073 999999999 836936 406047 463847 415336 474610 64476 680251 80573 825870 74566 203435 365017 337695 528878 304293 419447 805662 164882 211281 627571 698875 686271 373766 671285 725598 554171 393283 238208 650207 719871 386124 301585 368344 530783 356059 575099 698807 699461 476236 468607 641966 765337 248492 491497 734482 933141 584154 436504 220258 313905 680883 266294 778223 447077 636845 553612 131556 700154 460276 348468
745659 690207 406287 845546 776621 257108 176385 185416 807521 724102 516979 975715 665173 1072216 404320 512031 742484 593656 409279 296194 575490 751451 761897 147470 854083 643870 631011 948526 115455 774923 932233 1036721 105000 663281 975972 815429 945929 32888 705945 836936 999999999 985662 1025055 497304 701036 845740 781560 860420 585576 828997 727394 631518 1125427 925027 532939 1111801 136459 766828 912976 580789 316342 331817 972184 187127 760566 331837 454888 806715 363020 129410 831787 952654 471755 693730 651877 399980 427592 757535 580932 808558 445954 776692 907188 450180 587718 102807 908716 790131 634422 524933 322789 1001795 113692 485923 519609 389172 772398 242019 428722 489951
276986 768302 840812 916352 669016 834426 874354 830426 480508 308696 510907 13245 700650 340371 700188 486068 535946 404258 576837 716458 576307 483010 255125 1018263 250563 378882 820067 531100 1101090 212864 456891 157062 1083048 398347 91964 176588 448776 962462 477846 406047 985662 999999999 58328 728053 861296 341699 438572 481100 699365 480612 308177 354145 286430 934896 536158 156861 900367 562784 605724 516805 969957 711113 32601 873223 498410 807734 560044 643292 936984 902888 159874 107729 563983 364620 729979 870557 665905 472903 832693 226043 612574 531979 647453 538140 606615 1088402 255900 222831 547750 530265 953747 189368 890709 499905 562938 604591 528657 771800 558404 557413
331425 826460 894140 974554 727269 863417 907271 874429 470592 363494 537866 59852 758646 382820 751776 532394 594268 451737 615791 749672 589354 479909 277235 1063277 246547 431060 877699 585763 1140288 259402 511761 195779 1123940 453510 144583 209809 503011 1000858 480765 463847 1025055 58328 999999999 783223 919433 399587 433307 538280 707256 538395 363247 395110 316861 992583 589121 165297 934854 621076 661928 533404 1020810 740691 90119 918976 493689 858407 608005 701341 989230 946574 193326 163667 614004 380434 787862 923793 689022 469420 889682 240342 637770 524634 703996 575437 616923 1127559 238214 245280 604857 582431 1004835 236684 927311 539402 583457 640132 586940 805705 600376 608496
451871 201104 131916 382913 280932 571765 533823 322181 826137 419732 520730 723663 167873 668016 118297 316772 280868 366347 373418 464600 667327 776659 613820 425810 731839 358316 168758 479496 585788 536464 484212 705650 544726 329755 675612 611071 500393 498287 728885 415336 497304 728053 783223 999999999 244691 452392 777176 406968 766433 378120 420010 452087 749576 454935 204062 799718 523683 292953 427248 621182 286543 514373 701813 310650 794722 167456 250063 313967 235258 367991 621929 649325 217348 623931 156418 159868 583717 775994 140943 657886 546745 829310 415166 402414 703541 576550 789717 625397 197518 217166 268496 655325 484298 387727 589745 417123 309694 471906 336522 207311
604668 93060 294892 145041 218284 811274 766744 545253 1046137 573316 755114 860253 162059 701070 362387 538082 328767 567155 614289 708650 904865 1000111 805370 595810 921249 536330 76408 451132 769646 702503 492003 796382 723846 489153 790122 782078 508705 709159 954173 474610 701036 861296 919433 244691 999999999 532648 994780 424309 1008822 407919 571797 653819 800350 223992 410570 893875 751681 310018 367017 854573 415982 758900 830888 517744 1019007 377831 483243 257950 357068 574675 789370 765175 446601 836748 136065 302478 827764 998218 120687 844188 789108 1055446 332340 639498 942302 762768 975914 810024 326392 428066 401643 740826 710289 618817 828079 660062 343056 713056 574741 431096
175407 440181 581437 575811 329556 783386 791893 664227 681580 168285 524822 343666 378181 227401 471712 356108 204141 293991 489558 649335 657079 656228 394260 830224 482912 225908 502714 215533 956008 258858 147590 264699 925619 186680 261180 327698 149453 831908 626020 64476 845740 341699 399587 452392 532648 999999999 628305 142875 790111 138996 163639 328332 297899 593303 315039 362122 804179 225069 272719 589852 730519 670451 309479 687936 675910 579720 393644 301942 684753 733536 326186 237834 373986 483162 409520 610667 674079 649424 525889 411356 616337 715543 311429 472960 696971 944294 523380 380227 254884 321202 712705 210084 779487 427387 604473 538373 191003 692640 449815 356176
458023 913763 836501 1100481 872955 551908 620429 693967 54003 476998 283435 425501 843486 744589 688002 460866 739312 429675 437716 487024 216340 48692 234837 872963 188253 474485 928757 843022 886105 370261 775618 584643 886473 531612 504255 314018 775762 750522 77482 680251 781560 438572 433307 777176 994780 628305 999999999 758464 295444 740672 480901 345657 716842 1147308 584715 593256 657668 777227 886354 201145 908784 450405 453288 752260 60384 763376 529347 866396 902049 753574 322754 500314 559909 159464 862230 860811 360830 37925 915518 230104 335621 94125 917012 395414 223738 873885 202554 254254 681317 567800 897941 595645 668585 394599 261952 422811 750306 539610 457349 570562
300468 336490 538568 445403 208035 840222 835431 675031 812281 283021 620557 483998 287541 278349 461426 420254 126112 379871 553092 707337 763083 782724 527454 820250 622288 312738 410335 97075 963954 394069 77323 383716 928379 257392 396260 466972 93796 851759 748747 80573 860420 481100 538280 406968 424309 142875 758464 999999999 893481 31460 278831 436028 376049 455426 335981 479691 841169 121643 130708 697356 693507 737385 448580 686694 802635 559544 432799 172991 641091 738480 466697 374839 403022 607125 319115 565499 757933 776717 444202 548861 702231 842377 168554 547108 803701 953122 664701 516558 226948 348942 675463 327664 810899 504328 702615 605457 97641 742928 509002 381596
617114 945392 778619 1137780 947463 329228 409415 564816 288417 621978 274738 686177 883247 958273 653579 495680 833847 514808 394787 335756 133620 247758 451452 708906 463785 580796 934265 988376 671371 562770 932688 826672 684471 637365 745791 539473 937735 552689 229725 825870 585576 699365 707256 766433 1008822 790111 295444 893481 999999999 868294 626606 461995 954411 1199767 620682 856018 449506 872051 1007489 201099 800433 282074 706061 623838 243690 689754 530098 953814 813071 603313 553597 734625 568380 338822 892357 795353 188825 258165 905537 473470 219755 236743 1027882 374545 95674 660546 492741 481930 745251 602010 794792 823311 475409 405967 192523 349332 853838 367463 436155 587342
283681 318135 509925 438731 195496 809815 804380 643615 794608 263817 594665 482662 265189 299972 430353 391346 97642 353822 523610 677145 738626 763508 511671 789557 609878 287653 389324 126566 932669 380044 106593 392374 897225 231116 398543 454999 122415 820300 728378 74566 828997 480612 538395 378120 407919 138996 740672 31460 868294 999999999 259831 413239 394395 454316 304807 489314 809910 99523 145688 673353 664612 707819 448323 655549 783459 529119 402062 164409 612772 707191 455790 375955 371937 587541 297004 537170 730052 757795 420969 535319 674715 823169 178551 518645 779305 921815 654140 502429 195779 317968 646559 336302 779530 476334 676884 576147 71041 712241 479297 350440
33070 480657 533665 649702 407178 634731 651826 554933 534861 4652 361846 303654 409851 361424 397270 217104 268551 141358 342863 502069 493753 503989 254562 735165 360710 83649 522197 368077 841303 132250 307247 312584 816131 90264 264015 212139 311422 709455 470067 203435 727394 308177 363247 420010 571797 163639 480901 278831 626606 259831 999999999 164704 399597 684500 230817 396873 668651 304224 405517 426663 667570 517459 282791 589275 523918 506687 275360 393574 631508 627149 218106 238190 269078 328294 436498 563502 513483 498117 529537 283740 455426 563652 436418 319682 533792 829032 410891 249631 247378 227496 650823 274502 648741 273800 440993 387758 274207 549689 308262 258175
158524 570131 536832 755198 528368 496428 526788 480024 398826 160064 199504 344285 499264 513051 385883 147741 397448 87119 223034 369980 329415 359387 163570 669556 280915 130826 591308 528878 746950 145291 470972 422062 729249 189347 351987 187854 475764 608502 319536 365017 631518 354145 395110 452087 653819 328332 345657 436028 461995 413239 164704 999999999 532603 801752 249647 485922 550057 435904 556980 262624 643978 374299 341441 526600 379235 483345 226948 524085 621106 551867 203381 331273 244766 186209 519465 564770 355579 355333 584165 210101 297432 418254 583017 186434 369654 734265 339546 180541 335845 235111 629449 399599 537941 145999 276905 255035 411410 423289 205280 247900
386173 712074 879209 809651 583295 1026999 1049586 949047 762069 403247 725422 298316 658885 106161 767154 616700 485455 539139 739750 896796 823928 758430 504137 1122204 531825 482344 783509 371115 1238461 398601 312163 132278 1211240 464364 212800 415816 296511 1108394 745973 337695 1125427 286430 316861 749576 800350 297899 716842 376049 954411 394395 399597 532603 999999999 803876 605441 166894 1067691 493906 461608 758790 1028318 906118 265472 977944 775286 876117 670876 546073 982596 1020220 402741 220279 658083 616192 690759 908350 884548 748893 813057 490775 827065 810958 505803 711911 859002 1226349 542192 475264 552161 608621 1010529 133634 1048327 666907 793233 781235 463663 946670 707294 642864
714781 257368 518834 80915 277401 1026675 986239 767030 1200576 687286 934468 936964 316528 697918 572672 710439 415998 719827 806792 917197 1086586 1159804 936083 817828 1045201 673349 296013 432971 992342 815650 498007 836143 946169 617661 851542 894680 511680 932943 1117124 528878 925027 934896 992583 454935 223992 593303 1147308 455426 1199767 454316 684500 801752 803876 999999999 581620 929973 972910 381502 343473 1030511 635415 965055 902561 741386 1179436 600231 669795 294252 577479 798479 898297 829667 631430 987931 309224 526164 1025711 1156378 344334 968111 982067 1217727 299037 825410 1125768 985746 1094717 933881 467550 600277 622044 780578 931964 797646 1012301 856157 413777 926784 763983 612497
259920 333548 305066 524906 328624 508664 499699 349769 635725 229433 352848 530440 266392 542437 166871 129373 234305 162996 236472 378468 504981 589579 410098 516833 528119 158419 344182 430116 641718 335943 403150 537279 610653 145431 494473 408449 415820 521139 543921 304293 532939 536158 589121 204062 410570 315039 584715 335981 620682 304807 230817 249647 605441 581620 999999999 625712 505275 268503 416827 449516 436883 415091 512396 373303 608535 276781 101321 339981 401074 418541 419967 468466 67440 427693 280752 334681 455817 587647 334600 453861 406791 645224 426254 246768 544281 630157 585807 421335 129704 18704 420058 492968 475752 216135 431191 289267 261201 409361 191133 45648
372020 801824 922297 924980 684809 977898 1012465 946958 633121 399027 658551 170099 740273 256341 792575 601761 566090 519168 707569 855127 731977 638522 409012 1130471 405025 478186 864626 501476 1227024 340690 432384 97511 1205381 480576 135898 325501 419597 1090755 634570 419447 1111801 156861 165297 799718 893875 362122 593256 479691 856018 489314 396873 485922 166894 929973 625712 999999999 1035943 584326 587582 671323 1062090 854545 152400 984473 653406 902468 669040 652220 1022987 1019604 309423 160080 665676 520063 771539 952157 815878 628279 885999 382556 761085 685960 631806 672353 762936 1214483 402691 377056 606336 623855 1045006 153190 1022785 630861 715209 740799 550903 909060 683332 655031
