NAME : synthetic_000224
TYPE : CTSP-D
DIMENSION : 100
GROUPS : 8
RELAXATION_LEVEL : 1
EDGE_WEIGHT_TYPE : EXPLICIT
EDGE_WEIGHT_FORMAT : FULL_MATRIX
EDGE_WEIGHT_SECTION
999999999 396473 339108 269760 695033 589299 340221 123516 404649 300839 58546 271056 242367 618170 515549 492285 443728 443770 513558 327243 355520 630992 414324 759085 733155 572218 81112 417361 571285 621788 166442 171472 259897 565426 657961 741380 586010 559095 332233 555110 470735 193345 224129 548016 159512 580158 434228 729576 267308 450163 241634 390702 720860 199923 339269 354259 759694 613597 444137 697854 338527 353909 626817 466286 340998 334062 94732 267283 581953 496326 158328 398698 467032 185876 692755 492463 324686 320008 323582 304495 461827 425343 313909 256745 412686 535358 697200 555593 214830 222973 519067 182580 741405 754648 167331 280698 320365 542288 698104 612458
396473 999999999 673029 259476 1074333 942774 98562 487846 256615 433495 350610 455574 420149 997465 786640 883967 826011 202959 804805 638937 120292 983680 161068 862697 1085606 815978 400404 812484 558738 765932 562226 252964 427245 702598 871288 788093 960358 671927 683039 904935 646340 579172 453068 943630 350819 939481 710652 845890 204854 476868 470720 752015 1079694 581870 673391 119698 1116139 944197 197079 1059174 208181 749735 941623 831701 440035 701512 484637 644292 810925 443548 513674 334899 819223 473126 715772 700525 622602 657111 174004 694459 853411 375213 664884 318316 775625 832768 910404 871506 447779 259605 813537 221825 816812 1102701 548554 373552 638884 932709 954256 966991
339108 673029 999999999 607668 420138 270160 587112 215594 549705 306029 396556 257801 278031 347354 202415 294068 451041 624486 184862 525345 670300 310763 616692 551296 412579 273584 405240 275767 523836 407416 241261 502116 578381 376023 371736 587973 303850 397042 469337 231994 281302 331181 232271 436010 322551 268943 636578 516115 479827 428859 220629 99237 407417 344975 525 668860 443284 277468 628331 387857 521271 254286 287724 172296 337074 89303 255414 378111 294988 517918 391849 488198 148129 471338 572662 254436 77599 19307 650223 340041 414480 486000 459204 595179 490789 689473 405771 680263 520210 419726 187913 457913 562247 430120 342856 349620 512725 325943 376824 294427
269760 259476 607668 999999999 953764 858095 280115 392554 436558 484167 211475 478253 440749 877785 773602 740574 619202 423018 776733 398645 151132 899717 379412 959464 1001510 823281 221769 658668 704141 835845 417922 112994 171276 774052 900709 913838 848876 756085 458007 824439 691803 395327 447695 761891 341641 848029 456955 934855 303350 594482 467869 659549 988033 392720 607856 150846 1027206 883225 419315 964543 362607 594140 895222 733667 511785 602375 361533 442907 828323 600103 312866 482647 736469 245670 851215 728154 585096 588751 94153 506655 660882 522015 441326 59876 553050 580368 940750 623068 205372 313556 783045 216559 927984 1023539 363241 436267 401257 791684 955143 880997
695033 1074333 420138 953764 999999999 183794 995851 587454 969830 724632 751845 677530 697961 77055 448958 223387 472974 1043877 402441 701065 1050023 166661 1034112 812745 160021 500943 732081 309440 907804 699072 535955 866090 864467 701253 571988 897047 116427 738332 614403 217352 637129 573129 651399 315295 731600 168417 777494 779024 892266 832081 640632 327089 126463 580710 419660 1048726 150437 256737 1047537 111170 939094 369305 306975 248464 752542 373362 600420 559843 532665 924921 659652 906973 276695 745789 910096 579985 491559 431258 1017989 487303 400836 901882 617631 922689 564343 760799 579767 720856 801054 831922 392619 852947 852232 186101 602489 769755 688290 175075 477663 167227
589299 942774 270160 858095 183794 999999999 857260 469975 811379 561827 647836 518050 543317 139820 265180 233028 500087 889246 218746 678855 934695 41722 884168 633650 144304 318663 642149 295592 727113 516067 449995 759119 798074 517474 395343 714237 100664 554794 600285 39088 455433 513399 499924 387299 592634 25760 774034 599313 749732 656989 486255 198611 137308 524323 269774 933295 173424 87315 893475 118911 788691 333017 139768 127622 585485 255769 496571 525223 350541 750594 594326 742612 124107 681296 726311 396882 331056 285669 910205 459736 434594 733637 597908 836652 577572 786630 407792 757996 735437 689745 208858 725812 670573 165448 537277 611888 665470 215886 314655 24273
340221 98562 587112 280115 995851 857260 999999999 414982 171269 335858 304490 360148 325798 919445 691415 814003 781845 142915 711196 619638 180552 897675 99418 766767 998898 718827 362649 747025 468849 667776 500624 231406 431134 604376 772936 695913 880651 574256 652056 818938 547907 531460 361636 886341 265242 855401 703592 749153 109692 381066 378374 670524 994529 536272 587502 179321 1030186 854331 139227 974771 112165 686129 849535 750302 341508 622548 420175 601878 713171 354977 476523 241901 734628 451906 625018 602588 532493 572107 217426 644479 802044 282919 633503 332209 741048 822164 811988 855586 437652 168055 720172 157641 722468 1014961 502834 275846 617537 861368 857110 881531
123516 487846 215594 392554 587454 469975 414982 999999999 432576 254490 181152 209957 196652 510435 396423 399046 416020 490082 391688 377231 466042 511688 469714 670742 614238 456746 193445 334807 529418 528436 110895 289533 371880 477238 546505 669440 474931 478664 352305 434735 377874 193066 157487 483730 165193 462453 491186 639002 319988 410832 167514 272212 603662 205734 215756 464677 641933 490749 492080 581374 380605 277130 503309 350074 297290 217521 53640 266702 469212 476654 213063 401047 346590 276425 630353 388450 206183 196508 440237 273336 414672 417129 336372 379908 412068 573821 584898 582014 318476 262524 396811 266039 661389 634814 184812 260230 367009 446481 578588 493532
404649 256615 549705 436558 969830 811379 171269 432576 999999999 250517 391623 293520 272115 896438 605173 815952 839907 84445 634088 722013 351805 849052 104278 613300 945662 616954 455289 762306 302380 530102 537641 360646 567399 468649 654374 532659 853488 432702 736522 772291 432561 594038 319685 915719 267903 814633 818862 599451 146873 231732 329277 644619 946950 602336 550180 350565 979170 791477 90386 930229 75593 708138 776706 721627 235142 606916 457894 669959 605024 187002 560438 87439 695654 559827 459559 494975 480886 538952 385838 696858 845907 123292 718088 481515 816777 930326 691339 956046 559507 181700 644129 250885 563964 957549 570811 200203 717230 858384 752607 835255
300839 433495 306029 484167 724632 561827 335858 254490 250517 999999999 326612 51099 59820 653035 360451 588190 665545 331240 385883 619316 476869 599004 333366 476125 695172 383163 378954 547040 276140 352789 364231 373871 546081 290300 439297 443422 608858 272448 604608 522767 216357 446226 98930 707592 150521 566084 730468 450784 229603 156437 96714 404058 696828 458249 306531 475349 728748 541162 336096 680519 241100 501794 527953 478083 42826 374068 300403 520947 377429 227044 448524 182365 448564 486650 392070 267175 233170 297899 481940 524971 654988 181587 587964 503098 666520 822663 478880 834430 511110 184149 395666 271789 449187 707071 433811 60016 610596 626238 521402 585556
58546 350610 396556 211475 751845 647836 304490 181152 391623 326612 999999999 304221 271407 675109 568887 546383 478266 420377 568786 330398 300533 689526 386967 795501 791666 623256 63691 469373 587708 661461 219298 114296 220282 603132 706512 770021 643598 593304 350393 613651 511562 229089 262152 593649 177062 638609 429837 767240 247296 467733 281148 449234 779237 232752 396731 299328 818119 671751 419905 756160 320610 405238 684257 524652 363878 392530 152500 297559 631464 503828 173359 398440 525565 171538 717286 538143 378471 377552 266172 344016 502893 429266 331782 201694 437248 538865 746095 564803 185890 213968 574611 150106 773898 813191 199260 296565 325681 596783 751348 670979
271056 455574 257801 478253 677530 518050 360148 209957 293520 51099 304221 999999999 38253 605154 331283 537445 616996 371499 352119 581278 486978 556102 369331 491348 653831 362600 351356 495953 319713 359702 317984 365811 524426 299792 428161 470643 561436 289198 561995 478965 213551 402910 52510 656589 136721 521115 693703 463519 250926 202667 46155 354982 654043 415375 258293 485452 686924 502183 375910 636946 274723 451034 492465 430096 91041 323522 258577 476528 360936 277502 411568 230797 402375 456242 424963 254113 187367 248711 485989 477350 604958 232298 545786 491247 620839 782165 468222 791816 484958 197756 361418 273938 470694 666907 392558 93935 571994 575930 500438 541998
242367 420149 278031 440749 697961 543317 325798 196652 272115 59820 271407 38253 999999999 624346 366568 548178 610446 346643 385406 559505 449041 582201 341071 525579 681227 399993 321428 501373 335757 396043 307159 328558 491620 335376 466394 499663 581567 322502 545316 504321 251209 387277 48775 660125 99788 544967 670750 498502 216171 215541 57425 372520 680060 399130 278497 447516 713824 531821 350628 662165 245712 452873 524405 449623 102205 336310 241173 462404 398874 280735 388746 218225 425017 428234 450483 292346 212540 266871 447736 468868 602872 226423 528563 454979 608579 762925 506460 775071 454364 161205 394426 235686 502496 695292 374282 73634 550776 588764 537590 567441
618170 997465 347354 877785 77055 139820 919445 510435 896438 653035 675109 605154 624346 999999999 397186 156516 419882 969548 350285 636196 973049 140549 958976 772346 181954 455780 656235 240846 845986 651296 459867 789319 791735 647996 534982 849451 46469 682996 550868 164601 577709 500164 577310 276785 655533 117522 717921 737753 816329 765554 567176 252237 151388 508298 346864 971748 187138 224648 973093 127380 864149 297792 277370 175058 682311 296900 523520 491164 487702 857667 586354 835359 208362 672965 857442 523781 420634 357486 941276 419320 348712 831690 552750 847567 507965 710139 547545 673892 728252 756025 341216 776009 807468 210785 528924 696653 623195 114300 452463 132192
515549 786640 202415 773602 448958 265180 691415 396423 605173 360451 568887 331283 366568 397186 999999999 421714 634813 688439 46906 727758 809720 289059 693498 385104 366132 74382 589768 437925 469312 255090 442118 662316 768031 252295 173240 452761 351760 290108 670312 233320 198419 533380 338409 582453 448294 282096 838792 349525 582179 415407 319130 243913 377987 547227 202588 808209 401306 207579 693731 369293 601502 436148 177706 262060 370031 275106 444201 579688 101984 508650 590706 525476 212940 666737 461291 134762 190888 219542 800488 537266 587401 507344 660783 770574 685146 888101 204612 875466 712829 527668 56361 592669 413128 370510 543881 419142 715126 432640 182559 283372
492285 883967 294068 740574 223387 233028 814003 399046 815952 588190 546383 537445 548178 156516 421714 999999999 270636 881999 378816 479772 846904 258243 865549 806447 330379 492476 519283 86129 817830 671120 327111 660159 642735 652913 585481 863901 152536 680475 394360 231284 566542 352433 499417 162705 558024 208064 562194 770780 717417 721432 494077 198392 303061 359169 293546 845692 340982 315113 884704 277834 773386 147987 363625 160037 623743 214427 400052 336482 522713 808462 439171 766074 209186 524357 857906 525815 371393 295936 810447 264045 202577 769727 396304 705841 354651 560431 607368 528156 579497 658439 372907 662747 830145 358894 382761 621775 466805 51169 530543 241500
443728 826011 451041 619202 472974 500087 781845 416020 839907 665545 478266 616996 610446 419882 634813 270636 999999999 886244 600253 258094 755233 528171 857963 1002256 599406 709187 425638 207897 933434 858429 305584 574962 476587 824516 807720 1034713 422838 840974 172941 491598 726310 250618 566615 173562 574042 476101 309900 966990 709738 819449 571192 391366 570578 245626 450646 754373 607018 576902 886945 545808 779002 198980 621241 399924 707617 364405 382599 181739 735545 891169 313511 816234 442770 374038 1011351 705370 512417 441245 706314 143410 72167 833149 185295 569343 94617 290429 836246 257974 421081 660354 597483 624859 1012219 628139 279108 676223 247952 305640 776057 510827
443770 202959 624486 423018 1043877 889246 142915 490082 84445 331240 420377 371499 346643 969548 688439 881999 886244 999999999 716426 746880 313739 927551 44370 689836 1025216 701273 482656 823940 371574 612181 589850 366594 570729 551326 738541 602925 927451 514361 770551 850181 517000 636791 392497 973332 325533 891481 836835 677728 176576 313169 404053 717313 1025492 643690 624945 312731 1058402 872257 6779 1008156 109477 767211 858850 795413 318591 676692 508682 711019 689465 256950 593350 170895 771658 580583 528020 579371 558201 612648 357211 744663 897912 203520 751950 474489 855324 952798 775334 982865 572231 228437 726364 271114 637853 1037823 611022 277564 743498 926052 837038 913269
513558 804805 184862 776733 402441 218746 711196 391688 634088 385883 568786 352119 385406 350285 46906 378816 600253 716426 999999999 706576 821335 243922 719068 429713 324800 113667 584726 399815 512423 301684 425953 666956 760756 298890 209010 499525 304897 336098 645255 186456 240472 514398 352614 540475 460544 235285 815978 394272 601538 453091 334308 209137 334815 528001 184919 819838 359872 165606 721484 324982 625695 402700 142732 218786 399595 246949 436452 555897 144104 546806 576709 556778 169632 655663 508043 179025 191930 203506 808888 509335 550136 541032 636722 770083 654724 859985 235998 844949 703695 545201 10664 604306 459345 331123 527357 443037 693704 387723 192123 237449
327243 638937 525345 398645 701065 678855 619638 377231 722013 619316 330398 581278 559505 636196 727758 479772 258094 746880 706576 999999999 546864 714922 710503 1044798 802725 798255 266724 396061 894364 900771 290716 390209 235451 852524 895289 1046603 625646 855705 88229 658309 752168 195995 529473 428267 486242 659100 114355 1012079 577031 773310 542437 512623 778589 181934 525171 546326 817676 739011 745775 753129 650455 346834 772672 556647 661310 462856 324724 154828 817605 823449 171086 724789 585439 167786 1005730 754118 556608 508551 491982 219886 321024 752461 83487 341676 170658 208812 930495 236167 193844 543392 707633 476164 1038140 830132 193699 606461 13394 526081 897744 695758
355520 120292 670300 151132 1050023 934695 180552 466042 351805 476869 300533 486978 449041 973049 809720 846904 755233 313739 821335 546864 999999999 976307 269690 934137 1078959 848546 335963 769519 646572 825145 519831 187477 322408 761637 914235 870610 939629 735948 600820 898455 693173 517882 471428 887295 361460 928164 608088 913961 254674 551545 490981 737993 1069408 517958 670588 1526 1107399 947228 308579 1047324 288234 705172 951353 816116 493278 683527 449768 574950 847900 533985 442532 418612 810701 387313 801478 740437 631619 652671 57860 632850 790697 459837 583412 210936 695406 731484 954149 773780 353030 292733 829084 217156 893727 1098506 485918 419766 548584 897244 985463 958512
630992 983680 310763 899717 166661 41722 897675 511688 849052 599004 689526 556102 582201 140549 289059 258243 528171 927551 243922 714922 976307 999999999 923233 646119 102653 335941 683493 326959 755733 534493 490828 800840 838408 540267 405348 731993 111977 579055 635048 78769 483620 552590 539411 405631 633314 55944 808134 612478 789869 689618 525340 240292 97942 563270 310389 974905 132528 90079 931875 82608 827799 368266 140994 168132 621438 297354 538185 562009 367428 783418 634220 779001 165625 721322 747866 422942 369689 326606 951921 495273 460820 768891 633348 878001 608445 816611 413890 786054 775633 729993 233552 767111 686276 123896 576998 650025 701559 234012 314422 19456
414324 161068 616692 379412 1034112 884168 99418 469714 104278 333366 386967 369331 341071 958976 693498 865549 857963 44370 719068 710503 269690 923233 999999999 717512 1022233 710894 448229 804498 404039 633109 565692 326686 529310 571162 753486 635119 917824 536100 737305 845223 529722 607665 384604 950942 307527 885128 798249 703717 150434 335543 397927 707030 1021057 613903 617133 268662 1054893 871512 40000 1002927 95491 746282 860737 785943 326330 663936 484312 680833 700932 288563 560323 190654 764633 543465 561164 590120 553609 603803 312841 717505 872483 227564 718693 431568 823650 915298 791095 946661 532915 207397 728750 236880 667667 1035943 580886 276348 707582 910758 847918 908332
759085 862697 551296 959464 812745 633650 766767 670742 613300 476125 795501 491348 525579 772346 385104 806447 1002256 689836 429713 1044798 934137 646119 717512 999999999 692871 317920 840151 816225 325218 145243 756340 849928 1015557 194074 241726 124454 728985 203686 1005112 608496 292956 851210 535101 966114 624585 654838 1159150 35717 679653 385852 517483 620610 715609 865132 551682 932672 725536 556097 696573 715496 654888 804467 507318 647105 448011 638294 724361 913245 286316 434379 883800 529016 598025 940756 190682 297760 496467 562050 948810 886845 962374 490228 992086 979097 1038881 1229383 242886 1226154 973915 650252 436997 744462 66574 685065 851166 523760 1033674 817421 353753 646536
733155 1085606 412579 1001510 160021 144304 998898 614238 945662 695172 791666 653831 681227 181954 366132 330379 599406 1025216 324800 802725 1078959 102653 1022233 692871 999999999 399535 784373 408352 835303 595533 590469 903256 936376 610025 451958 789236 178427 651267 720198 180927 564406 648176 639438 458261 735005 153788 891000 661224 890702 777274 624772 342517 33607 658255 412218 1077557 35180 159196 1029705 54688 926935 456573 193636 268312 715422 399214 640019 652083 429190 871111 731306 873394 268269 818610 813032 500649 468825 428763 1054448 582990 529049 861219 720042 978830 685026 889816 451828 854963 873296 831022 314136 869543 739568 28854 673772 747717 789460 294514 343142 120747
572218 815978 273584 823281 500943 318663 718827 456746 616954 383163 623256 362600 399993 455780 74382 492476 709187 701273 113667 798255 848546 335941 710894 317920 399535 999999999 648831 511664 444646 198584 510510 710835 828380 211292 99051 396160 411730 253866 742698 291340 188033 603065 379163 654104 489448 338578 910004 282816 611264 409632 359109 318178 416463 617010 273801 847023 434321 247907 706980 411664 622256 510529 205933 332441 384576 349037 506593 651661 31925 499888 657050 533273 283296 730630 414004 122561 250983 289792 843631 610763 661422 510046 732763 824265 759151 961446 132257 949440 774980 560220 119901 632937 351946 398832 612072 443145 785767 500481 138288 333716
81112 400404 405240 221769 732081 642149 362649 193445 455289 378954 63691 351356 321428 656235 589768 519283 425638 482656 584726 266724 335963 683493 448229 840151 784373 648831 999999999 438345 645548 702860 196565 150426 180150 646528 736329 821034 628081 639888 289597 610053 551757 182058 305112 551350 232735 630590 366766 810685 310636 524873 322731 444712 769464 182926 405336 334930 808915 674059 481976 745580 384017 373714 691292 516061 418042 386943 150028 243903 659782 564852 114239 461134 522930 109973 770978 572428 399186 385936 293585 297392 455943 491133 271011 194508 378648 475175 775299 501388 133807 277407 589567 211636 821981 807353 150287 353968 262129 570327 772019 664477
417361 812484 275767 658668 309440 295592 747025 334807 762306 547040 469373 495953 501373 240846 437925 86129 207897 823940 399815 396061 769519 326959 804498 816225 408352 511664 438345 999999999 793099 675696 250925 582162 557025 649737 608769 862038 230242 672528 312090 284388 556864 267563 452955 162288 498410 272764 482833 780561 654755 689351 450694 195684 383056 273777 275284 768352 421885 369618 826176 357614 714580 64633 413373 192343 585399 187105 328086 250631 539835 772172 354222 719191 236658 438833 848426 524943 348764 271971 731069 178500 150685 726872 312802 622256 281984 491152 634989 464277 493885 597202 395943 592873 833298 436301 298390 574066 382953 136328 569705 308658
571285 558738 523836 704141 907804 727113 468849 529418 302380 276140 587708 319713 335757 845986 469312 817830 933434 371574 512423 894364 646572 755733 404039 325218 835303 444646 645548 793099 999999999 284935 637605 606095 799980 239983 439391 231368 799552 195334 880629 691040 272116 721969 372011 955348 412929 739615 1004447 319365 402687 121187 364119 620525 847062 734156 524356 645217 870482 676875 378352 837318 358381 756935 644122 680482 233553 608030 576455 796113 420402 115530 723308 227978 639191 755175 157216 334656 446919 523492 672361 795769 915715 186767 864061 737228 940494 1098633 467954 1110484 773406 393911 522979 490636 268421 838466 709951 291584 885958 847291 557918 747736
621788 765932 407416 835845 699072 516067 667776 528436 530102 352789 661461 359702 396043 651296 255090 671120 858429 612181 301684 900771 825145 534493 633109 145243 595533 198584 702860 675696 284935 999999999 611664 724278 880383 63584 159181 198232 606303 98197 860028 486785 151353 706639 399376 828572 495830 534935 1015087 111427 571547 299037 380766 480737 613973 720596 407817 823642 629899 446387 618658 609956 558695 661304 402788 513604 331908 495206 582066 768118 167388 371458 741372 442749 465126 800963 218470 153114 351241 417580 833890 741734 820220 408748 847115 850895 893800 1084235 183811 1080926 836223 534471 310321 624566 159058 592598 707299 406379 889508 685912 281605 531897
166442 562226 241261 417922 535955 449995 500624 110895 537641 364231 219298 317984 307159 459867 442118 327111 305584 589850 425953 290716 519831 490828 565692 756340 590469 510510 196565 250925 637605 611664 999999999 333081 349319 565745 606339 765973 431573 572540 250770 419978 464936 95099 266013 386069 270066 436848 404535 723088 415337 520156 273654 256311 574323 109127 241175 518626 613949 489791 591252 550150 480878 187567 513348 322714 406901 199057 81381 160909 528431 587483 151818 510712 335029 235345 731699 463664 265939 223105 483826 162557 308519 527774 236581 389689 302890 475072 642412 478282 287707 361539 428513 344367 753196 614292 101766 370987 278912 377614 618031 471578
171472 252964 502116 112994 866090 759119 231406 289533 360646 373871 114296 365811 328558 789319 662316 660159 574962 366594 666956 390209 187477 800840 326686 849928 903256 710835 150426 582162 606095 724278 333081 999999999 206815 662888 787740 808926 757469 646286 430221 724197 579318 332274 334704 701102 229095 750730 472219 824569 216397 492328 354881 560782 891673 333350 502339 186343 930326 779163 364418 868862 285075 517762 788635 637216 403552 504709 266174 393361 715515 507652 261635 392395 636038 222654 748791 615165 475042 483542 152112 447739 606366 429553 412009 131609 522662 590927 827789 625453 206394 212184 673590 116218 820541 924188 300653 328778 389010 710695 843376 782508
259897 427245 578381 171276 864467 798074 431134 371880 567399 546081 220282 524426 491620 791735 768031 642735 476587 570729 760756 235451 322408 838408 529310 1015557 936376 828380 180150 557025 799980 880383 349319 206815 999999999 822786 916433 989367 769933 813567 306344 769011 729767 291572 481160 633970 395716 783613 285681 986986 422322 681985 499617 605608 918052 283771 578423 322120 957891 838818 568074 893261 491852 495279 860402 670465 582123 548196 324379 315269 839779 707799 205791 595060 684341 118773 934856 752287 578064 559151 265193 386472 528125 630462 291905 111535 399931 409142 955345 452682 63494 410152 765026 319516 994108 961128 263491 511961 240370 693342 949775 819030
565426 702598 376023 774052 701253 517474 604376 477238 468649 290300 603132 299792 335376 647996 252295 652913 824516 551326 298890 852524 761637 540267 571162 194074 610025 211292 646528 649737 239983 63584 565745 662888 822786 999999999 200465 212302 602058 44651 815815 485149 100843 660162 341751 806476 435087 534087 966860 164225 507969 238753 323799 457626 625512 673980 376467 760135 644970 455289 557737 618963 495586 629937 416469 499284 268461 465187 530806 724394 183942 315993 690216 381213 452276 746694 209446 127255 312597 383831 770768 702523 790484 348306 802191 790325 854507 1040321 231810 1039612 780222 471241 308636 561920 188625 610036 658828 343149 841620 672135 317935 535410
657961 871288 371736 900709 571988 395343 772936 546505 654374 439297 706512 428161 466394 534982 173240 585481 807720 738541 209010 895289 914235 405348 753486 241726 451958 99051 736329 608769 439391 159181 606339 787740 916433 200465 999999999 339941 493080 244724 841064 373252 225203 699677 453099 747880 561422 417704 1007517 209351 668676 431673 432900 416443 474059 713675 371973 912710 485107 315274 744665 473773 670119 609242 265762 425831 431889 448088 597729 749807 77978 514513 750931 567766 377072 822220 374187 174049 343155 387448 914049 709709 758951 538966 830878 905787 858202 1060305 40118 1048489 864871 622193 213508 702042 288163 445454 707536 498614 882917 589875 122792 406754
741380 788093 587973 913838 897047 714237 695913 669440 532659 443422 770021 470643 499663 849451 452761 863901 1034713 602925 499525 1046603 870610 731993 635119 124454 789236 396160 821034 862038 231368 198232 765973 808926 989367 212302 339941 999999999 804345 194430 1016714 684982 308411 858708 520134 1018533 593651 733167 1160327 141073 620054 320867 505359 669629 809195 872196 588425 869206 823073 643293 609702 806287 584117 841441 598117 708408 407726 677226 721940 926426 364570 346597 879471 454046 660522 926858 76683 338371 522309 595174 891857 909450 1002262 413198 1002149 940293 1060857 1240744 350636 1243373 953999 600323 508332 697325 58418 784370 853987 480661 1036449 881222 459950 729829
586010 960358 303850 848876 116427 100664 880651 474931 853488 608858 643598 561436 581567 46469 351760 152536 422838 927451 304897 625646 939629 111977 917824 728985 178427 411730 628081 230242 799552 606303 431573 757469 769933 602058 493080 804345 999999999 636797 542310 120489 531259 478964 534972 293790 616006 76102 712630 694201 776485 719642 524256 210901 152946 488035 303369 938302 192124 187775 931116 127486 822755 281179 240383 132038 637482 258846 491295 476704 443620 811928 564142 791223 162512 651309 811500 477558 376026 314833 909579 406420 353619 786875 542646 820956 507009 712900 507215 679793 706480 716116 296014 739442 762987 206708 506449 653461 612446 122585 415317 98943
559095 671927 397042 756085 738332 554794 574256 478664 432702 272448 593304 289198 322502 682996 290108 680475 840974 514361 336098 855705 735948 579055 536100 203686 651267 253866 639888 672528 195334 98197 572540 646286 813567 44651 244724 194430 636797 999999999 823297 521438 115749 665895 335124 831222 421127 570477 969801 179171 481385 201208 318579 483352 665903 679509 397512 734461 686306 495359 520868 658598 464008 649036 457989 529701 245422 486286 531775 732655 227447 274044 690529 345506 483743 742755 177468 159253 328894 403006 747906 715022 810166 310853 809005 775423 866441 1047581 275174 1049328 773664 448505 346144 541657 183094 652018 662406 321135 845224 702064 362586 573432
332233 683039 469337 458007 614403 600285 652056 352305 736522 604608 350393 561995 545316 550868 670312 394360 172941 770551 645255 88229 600820 635048 737305 1005112 720198 742698 289597 312090 880629 860028 250770 430221 306344 815815 841064 1016714 542310 823297 999999999 582019 714973 159297 509486 340745 484564 579539 174555 971377 595917 760852 519758 444163 695145 146622 469096 600112 733915 664445 770201 669704 668563 267289 700810 481163 647357 398576 304205 92090 764228 819453 177203 728764 513455 213550 981357 709821 510179 454047 548675 141430 233318 752600 18612 404690 95049 224506 874666 229870 254522 555017 645320 500427 1003654 747951 171718 600317 76592 439675 834228 616105
555110 904935 231994 824439 217352 39088 818938 434735 772291 522767 613651 478965 504321 164601 233320 231284 491598 850181 186456 658309 898455 78769 845223 608496 180927 291340 610053 284388 691040 486785 419978 724197 769011 485149 373252 684982 120489 521438 582019 999999999 419901 487404 461086 390959 554545 49046 756402 573716 711215 619108 447298 165359 175969 498825 231620 897046 211294 85304 854419 157986 749754 315322 132344 101846 546603 223111 463174 503840 323249 712605 566576 703637 88160 653110 694437 362776 292003 247905 874878 440733 428847 694889 578573 804416 565051 774743 388898 748645 706777 651298 177085 688617 642885 200169 510037 572808 644916 222701 302389 63120
470735 646340 281302 691803 637129 455433 547907 377874 432561 216357 511562 213551 251209 577709 198419 566542 726310 517000 240472 752168 693173 483620 529722 292956 564406 188033 551757 556864 272116 151353 464936 579318 729767 100843 225203 308411 531259 115749 714973 419901 999999999 559425 249500 715905 350228 468724 866521 261182 444572 221902 230430 368744 575273 573264 281773 691651 599566 405498 522925 565233 445061 533510 375362 418571 206688 370538 431509 623571 172857 313321 590934 347336 374111 649631 292026 66515 213898 287357 696685 602468 694574 322464 701356 703739 754329 939479 264085 938976 684994 400442 251066 485091 289105 568871 558478 274713 741173 589917 320561 475781
193345 579172 331181 395327 573129 513399 531460 193066 594038 446226 229089 402910 387277 500164 533380 352433 250618 636791 514398 195995 517882 552590 607665 851210 648176 603065 182058 267563 721969 706639 95099 332274 291572 660162 699677 858708 478964 665895 159297 487404 559425 999999999 350404 369463 333151 497032 309540 818055 460221 602632 360470 330350 628447 14067 331039 516868 668289 563032 637285 603425 530540 204484 591493 386400 489036 276270 146329 76685 621899 663948 86738 578128 407223 172800 822287 558748 360693 313844 473945 115569 274495 599465 143752 355626 224659 382141 735223 388949 228088 412934 516159 374289 847192 673760 32196 444965 184000 403391 706356 533134
224129 453068 232271 447695 651399 499924 361636 157487 319685 98930 262152 52510 48775 577310 338409 499417 566615 392497 352614 529473 471428 539411 384604 535101 639438 379163 305112 452955 372011 399376 266013 334704 481160 341751 453099 520134 534972 335124 509486 461086 249500 350404 999999999 612141 110434 500528 642210 505975 252311 254165 20214 325188 637045 362865 232720 469914 671530 492770 396227 618536 289130 405237 488569 402938 141200 287820 206199 424126 381723 325388 360266 266965 380054 407820 476334 280577 171142 220152 464496 426176 556750 274195 493290 455561 568746 729801 493172 739306 438913 193909 361046 254608 517769 654471 340177 122362 520049 540150 514793 524139
548016 943630 436010 761891 315295 387299 886341 483730 915719 707592 593649 656589 660125 276785 582453 162705 173562 973332 540475 428267 887295 405631 950942 966114 458261 654104 551350 162288 955348 828572 386069 701102 633970 806476 747880 1018533 293790 831222 340745 390959 715905 369463 612141 999999999 648917 361593 482829 930402 800511 851396 610973 348905 426633 370146 435513 886270 459487 472657 975106 403573 863902 207950 522847 322075 746564 348375 467225 320860 683968 933473 449040 876928 371014 522972 1007896 680283 510316 433387 843099 255403 107502 886335 350103 717277 268072 449580 770062 406766 574512 745058 534902 729394 987227 486982 401525 732015 417219 171864 692227 391325
159512 350819 322551 341641 731600 592634 265242 165193 267903 150521 177062 136721 99788 655533 448294 558024 574042 325533 460544 486242 361460 633314 307527 624585 735005 489448 232735 498410 412929 495830 270066 229095 395716 435087 561422 593651 616006 421127 484564 554545 350228 333151 110434 648917 999999999 590295 593735 597945 160931 292145 130367 405515 729795 342978 322926 359951 765834 593900 327787 709775 216187 442041 593545 485247 186833 358878 191469 409830 491284 337279 315967 245015 469607 342248 540224 387850 273255 307121 354192 430660 578057 268131 466755 355238 557792 693691 601539 711567 362646 100898 468571 144377 599517 751898 313700 121514 478932 603361 625227 616888
580158 939481 268943 848029 168417 25760 855401 462453 814633 566084 638609 521115 544967 117522 282096 208064 476101 891481 235285 659100 928164 55944 885128 654838 153788 338578 630590 272764 739615 534935 436848 750730 783613 534087 417704 733167 76102 570477 579539 49046 468724 497032 500528 361593 590295 999999999 752871 620279 748624 666219 487654 190242 141244 507606 268526 926781 179597 112782 895556 119727 789646 312560 164983 114535 591285 246103 486658 506084 370502 759526 579069 747667 120865 666257 743322 411818 333747 283320 902271 439534 410045 740060 577652 825043 554665 763394 431234 734069 720710 688430 225787 721197 690451 177570 521736 614662 645733 190132 339537 36660
434228 710652 636578 456955 777494 774034 703592 491186 818862 730468 429837 693703 670750 717921 838792 562194 309900 836835 815978 114355 608088 808134 798249 1159150 891000 910004 366766 482833 1004447 1015087 404535 472219 285681 966860 1007517 1160327 712630 969801 174555 756402 866521 309540 642210 482829 593735 752871 999999999 1126408 672359 883268 655633 617674 864888 295478 636381 607796 903119 838984 835135 839533 745492 441320 875250 655682 772093 570364 438400 260228 930014 929948 282200 827882 687843 259151 1118535 868147 670201 620228 550830 315980 380732 857344 180112 397194 215438 123714 1042254 171951 266005 643751 816559 569231 1152338 919069 308046 714834 125668 604728 1006203 789338
729576 845890 516115 934855 779024 599313 749153 639002 599451 450784 767240 463519 498502 737753 349525 770780 966990 677728 394272 1012079 913961 612478 703717 35717 661224 282816 810685 780561 319365 111427 723088 824569 986986 164225 209351 141073 694201 179171 971377 573716 261182 818055 505975 930402 597945 620279 1126408 999999999 659288 369525 487976 584933 683381 832008 516497 912483 694197 522543 684420 682729 637741 769075 474285 611488 424591 602915 692641 879437 251119 424508 852041 513958 562422 910279 197782 263025 462171 527067 926893 852253 926824 476159 958514 952994 1004239 1195526 213673 1191788 944339 627617 401645 720779 83627 654131 818548 500304 1000852 781944 324379 612541
267308 204854 479827 303350 892266 749732 109692 319988 146873 229603 247296 250926 216171 816329 582179 717417 709738 176576 601538 577031 254674 789869 150434 679653 890702 611264 310636 654755 402687 571547 415337 216397 422322 507969 668676 620054 776485 481385 595917 711215 444572 460221 252311 800511 160931 748624 672359 659288 999999999 299351 268792 565743 887041 467196 480232 253196 922302 745081 177209 867684 73426 596086 739874 645342 240480 519785 333964 534590 606757 296768 418859 179324 627760 413526 553577 496752 423370 465398 271804 568416 722548 218760 577356 342275 679414 784831 708116 812021 412686 60379 610495 104076 640519 906342 434622 170063 572736 763436 749521 774003
450163 476868 428859 594482 832081 656989 381066 410832 231732 156437 467733 202667 215541 765554 415407 721432 819449 313169 453091 773310 551545 689618 335543 385852 777274 409632 524873 689351 121187 299037 520156 492328 681985 238753 431673 320867 719642 201208 760852 619108 221902 602632 254165 851396 292145 666219 883268 369525 299351 999999999 248269 527780 784857 614597 429384 550113 812174 618270 319667 772202 269069 648933 593040 594300 113611 508064 456678 677374 392124 93875 602235 144958 557197 634346 256796 288306 351323 425535 571125 680014 805447 109716 744101 623921 822743 977964 466701 990611 653598 281204 463726 378542 342283 784211 589778 171182 764986 754802 538752 679214
241634 470720 220629 467869 640632 486255 378374 167514 329277 96714 281148 46155 57425 567176 319130 494077 571192 404053 334308 542437 490981 525340 397927 517483 624772 359109 322731 450694 364119 380766 273654 354881 499617 323799 432900 505359 524256 318579 519758 447298 230430 360470 20214 610973 130367 487654 655633 487976 268792 248269 999999999 315579 623138 373232 221097 489465 657169 476680 408014 605053 302469 405085 471243 392356 137192 280979 218075 433152 361525 323566 374188 272235 367618 424207 463467 260475 155952 209698 484524 432010 558803 276491 503885 475404 576510 741185 472970 749351 456451 211198 342902 274342 501519 639277 351741 129698 532737 533623 494932 510410
390702 752015 99237 659549 327089 198611 670524 272212 644619 404058 449234 354982 372520 252237 243913 198392 391366 717313 209137 512623 737993 240292 707030 620610 342517 318178 444712 195684 620525 480737 256311 560782 605608 457626 416443 669629 210901 483352 444163 165359 368744 330350 325188 348905 405515 190242 617674 584933 565743 527780 315579 999999999 331465 342744 98716 736614 369746 233832 720857 309368 612061 193579 261347 79797 436016 57827 298074 358422 345376 617128 405511 585764 78762 491050 660572 331406 176495 106271 712153 304774 343831 584673 437569 639057 446667 653607 445013 636598 543953 505365 206948 532373 638921 364019 350219 445254 499378 227284 391779 221783
720860 1079694 407417 988033 126463 137308 994529 603662 946950 696828 779237 654043 680060 151388 377987 303061 570578 1025492 334815 778589 1069408 97942 1021057 715609 33607 416463 769464 383056 847062 613973 574323 891673 918052 625512 474059 809195 152946 665903 695145 175969 575273 628447 637045 426633 729795 141244 864888 683381 887041 784857 623138 331465 999999999 638104 407027 1068025 39850 170655 1029813 25460 925607 433597 211228 254587 718844 386965 627027 629240 446854 878726 712512 876545 260488 799848 830466 512739 467578 422716 1043330 559275 499760 865892 695587 963650 657330 860985 476035 825235 854775 827050 324209 862047 760614 61022 654845 747966 765385 265063 368736 113038
199923 581870 344975 392720 580710 524323 536272 205734 602336 458249 232752 415375 399130 508298 547227 359169 245626 643690 528001 181934 517958 563270 613903 865132 658255 617010 182926 273777 734156 720596 109127 333350 283771 673980 713675 872196 488035 679509 146622 498825 573264 14067 362865 370146 342978 507606 295478 832008 467196 614597 373232 342744 638104 999999999 344829 516976 677929 575025 644054 613008 538007 211521 604009 397590 501035 289088 157973 67633 635908 675011 81163 587990 419284 165207 835415 572788 374760 327705 472970 114954 273046 609902 130688 351407 215052 368807 749181 376456 220409 420943 529686 379525 860917 684031 33495 455914 169933 409949 719907 543815
339269 673391 525 607856 419660 269774 587502 215756 550180 306531 396731 258293 278497 346864 202588 293546 450646 624945 184919 525171 670588 310389 617133 551682 412218 273801 405336 275284 524356 407817 241175 502339 578423 376467 371973 588425 303369 397512 469096 231620 281773 331039 232720 435513 322926 268526 636381 516497 480232 429384 221097 98716 407027 344829 999999999 669149 442908 277214 628788 387453 521713 253863 287558 171806 337588 88842 255497 377885 295244 518441 391795 488697 147705 471329 573144 254843 78123 19401 650475 339736 414039 486510 458979 595318 490464 689197 405982 679950 520228 420127 187941 458237 562672 429781 342759 350098 512546 325419 376897 294041
354259 119698 668860 150846 1048726 933295 179321 464677 350565 475349 299328 485452 447516 971748 808209 845692 754373 312731 819838 546326 1526 974905 268662 932672 1077557 847023 334930 768352 645217 823642 518626 186343 322120 760135 912710 869206 938302 734461 600112 897046 691651 516868 469914 886270 359951 926781 607796 912483 253196 550113 489465 736614 1068025 516976 669149 999999999 1106009 945778 307587 1045948 286890 704013 949879 814751 491773 682166 448488 574047 846375 532664 441625 417255 809298 386619 800098 738911 630135 651238 57794 631860 789738 458479 582690 210673 694679 731172 952624 773389 352500 291212 827590 215651 892289 1097092 484913 418252 548012 896022 983943 957115
