NAME : synthetic_000728
TYPE : CTSP-D
DIMENSION : 100
GROUPS : 8
RELAXATION_LEVEL : 1
EDGE_WEIGHT_TYPE : EXPLICIT
EDGE_WEIGHT_FORMAT : FULL_MATRIX
EDGE_WEIGHT_SECTION
999999999 801530 389680 591298 299153 364928 837592 143688 498751 835461 439745 413466 61541 524247 288377 902070 685899 722365 281862 240252 330095 67842 424177 800805 976920 653782 463089 542395 857606 948813 598694 485856 472587 866997 382455 494279 201289 960082 590946 317167 666335 457603 306862 831033 640230 811626 472982 195588 426119 982329 762886 690403 917055 656418 788387 488261 551680 584984 639760 547848 814155 160705 923123 228163 532950 895556 507889 422579 117720 570689 357591 214096 180925 91951 458544 821021 400179 811829 967842 236825 807154 876259 868291 180409 456984 561443 470636 409846 534940 448920 538549 885842 713782 713154 688143 656901 223763 919400 711571 132265
801530 999999999 443536 362230 563447 488304 654397 661325 627328 488668 852611 544423 757635 428984 623894 364108 575741 79724 762810 726595 585253 852017 963552 233154 680115 260505 748873 603502 491990 564208 275809 971196 334897 379666 426349 600132 851517 214434 218798 496159 598602 854004 872083 41194 520527 137056 638207 751800 479587 558661 289546 688422 670939 281336 423185 802972 481721 222042 365820 480952 358500 642476 617527 878531 901409 119003 504847 471780 839014 232149 595651 693201 628005 740226 451410 98045 417874 287044 551648 903330 146733 101892 593148 902172 810574 776587 809262 518704 572645 1004937 601743 661524 160467 88411 491102 763151 752274 495246 290760 747520
389680 443536 999999999 211933 287670 48766 537037 272016 283744 479174 627094 375644 335451 379250 183450 517208 386407 364850 476480 284031 343842 451380 534749 411130 652491 395959 570113 295146 499357 595685 209364 555030 188790 485925 167676 259587 507219 635040 271480 78024 382763 449236 571609 479505 322612 495271 497660 421520 323942 622533 375345 448404 603455 267436 420723 418021 223636 261850 446134 440643 432960 232762 590041 434997 512787 520746 424104 311553 462309 218242 174738 249733 253538 312211 106761 490058 196233 423580 608609 459814 494824 502186 538205 461599 608604 430094 615480 347532 268240 575630 518085 576259 407737 358079 351204 472052 309027 554076 324148 385609
591298 362230 211933 999999999 485710 226661 366675 482873 267862 272720 827708 549776 533180 509874 330937 311029 240226 302040 684040 430814 536981 655897 627087 230497 458978 447850 758876 241310 291484 388503 96099 624023 303164 276095 340586 241511 719126 576309 302875 289888 253944 503619 781999 403397 174788 465835 672522 632852 487190 412624 176689 341139 418887 89246 210124 446595 119594 293100 534000 576437 223113 440562 393564 585756 543964 393994 572953 474614 672151 229146 277816 414641 465469 506491 136045 442874 359879 226459 398985 610703 470261 379116 345938 630029 803994 414575 809257 519452 210662 667921 676464 396093 408762 301843 171956 405301 459625 343084 127157 597399
299153 563447 287670 485710 999999999 304756 824624 169485 543319 758365 342035 125732 287398 225191 351693 765250 673133 490399 207652 395386 59151 324782 655536 635305 938462 368820 283950 567371 777163 874196 444721 701529 234991 742997 154008 524490 289019 688565 344871 223731 667347 628613 314843 584671 610128 541589 227747 189116 127024 897081 621599 725851 890786 514213 694828 625972 510949 342587 341785 251949 691893 197718 874973 483327 704086 673292 214627 124220 290577 355695 396822 345832 134223 290747 394013 559268 149863 663934 883739 501246 535208 653861 824134 463112 321021 667563 327814 113787 544782 689934 271786 863842 444632 479603 637976 732997 402162 826341 574120 198423
364928 488304 48766 226661 304756 999999999 524252 260180 247083 482998 637646 403428 307649 418904 136144 537159 370781 410254 481178 238291 362966 429244 486155 440290 647043 443926 588699 264679 504133 599040 242306 506313 235313 502717 203253 224916 498972 682430 320218 81229 363126 401190 570890 525012 310519 543488 523329 419154 356666 628615 398465 421869 594684 293689 429280 371928 211683 310560 491094 478352 449759 215024 586629 391279 465745 561210 459015 344642 447064 265778 127005 207123 248208 282068 99416 537513 233260 447717 614401 416273 543189 542983 533426 421979 623008 388601 630847 376732 240553 527087 549163 566181 456427 403896 346154 437359 264206 562224 347211 376788
837592 654397 537037 366675 824624 524252 999999999 772204 342634 179816 1161723 906090 776218 876122 550124 356152 154683 622210 1004752 610957 880790 905318 666166 429162 149343 805979 1106902 295980 188686 198790 452538 624964 668459 313036 693863 343649 1008257 856835 663727 604664 171258 520482 1090073 692199 214519 783709 1029337 938221 847065 242825 365342 176506 83396 400461 233382 448764 313800 654580 897886 942578 307153 721170 123274 731787 507249 624339 937340 834381 942825 591788 481135 624942 767899 745668 430639 750402 717158 379063 232137 751980 791005 618877 89152 799541 1145318 363137 1152419 876459 303135 697274 1039391 51361 750398 626477 195017 266504 636324 235501 368270 888462
143688 661325 272016 482873 169485 260180 772204 999999999 451951 743120 412405 293240 118904 389904 236663 789038 617555 582696 245330 245726 214017 190893 493088 677579 902337 510966 398526 487429 764306 859032 475121 543807 329886 757871 239158 439923 239090 816499 448484 194389 603795 484033 318601 689697 562995 668019 377142 167997 292989 888789 646502 644972 846968 537723 688974 494121 466883 442860 502367 421266 704880 52517 843769 314681 561097 758798 384065 287695 190704 432312 299305 199286 38205 121524 359440 677912 256495 694082 874580 332014 663493 739364 789832 294343 412536 550492 423780 283272 472309 525618 432873 817187 570138 573163 603684 631649 245827 822129 595508 117169
498751 627328 283744 267862 543319 247083 342634 451951 999999999 386186 859739 649194 437993 662994 217239 515939 199579 561340 695118 268327 602434 566012 377690 483610 487778 661587 824657 49961 408794 485066 352198 363145 466733 469443 449588 27717 679254 839891 521728 323090 173532 241786 769068 668251 178715 719576 767275 619864 603749 525265 417278 193841 424575 355886 366603 179654 150410 511281 724767 724078 425360 399450 441492 395790 276212 660797 705914 591716 608268 451807 152858 284744 456180 407380 198802 701734 479076 462426 510933 417754 722369 646444 387390 459968 852261 154151 861585 623170 64839 416547 795916 392653 648566 559213 237031 190620 293830 476159 378071 563753
835461 488668 479174 272720 758365 482998 179816 743120 386186 999999999 1100390 819465 774611 766513 552076 177962 199893 467479 955008 635497 809617 902556 755462 257195 199524 669633 1030584 336830 22812 116512 333817 727643 566567 133386 612556 373991 981963 683876 535195 555576 233337 611252 1050668 524339 208599 622454 941323 900001 755108 146868 201381 297408 182272 268525 71495 540030 284280 527331 769034 832862 131636 696573 133263 777451 618417 447771 834614 742715 927865 469147 485313 635432 730089 745416 383681 586339 630419 204587 132389 800503 630697 443647 105003 836236 1076554 467820 1081647 788966 326144 791644 939750 174834 601585 473470 152144 395012 663760 89973 220234 859775
439745 852611 627094 827708 342035 637646 1161723 412405 859739 1100390 999999999 309358 476937 428372 648018 1100289 1008418 790471 167609 650560 292613 405068 863921 964798 1279430 607766 117194 890966 1119115 1216155 782631 925005 557635 1080972 491186 844974 253081 921763 646797 557060 999658 885683 152441 863563 947490 790163 225870 252668 376560 1238543 958044 1050142 1230297 852590 1036520 903480 848217 647995 526256 392431 1030755 464139 1216412 667656 962662 970119 357328 386235 335100 677960 707171 608017 403669 500277 731982 819970 478799 997996 1225308 674613 780851 951554 1165101 612527 53611 962782 64952 337181 871992 887996 289473 1202629 705477 779186 978292 1043090 643926 1167522 912181 318263
413466 544423 375644 549776 125732 403428 906090 293240 649194 819465 309358 999999999 409110 134923 470249 800060 759392 481132 235352 520164 83481 427936 781255 660971 1008704 309903 215698 667891 836296 932656 489985 826795 257106 784738 212242 628079 353765 632721 337715 326234 757797 751342 340796 557423 693703 492720 123270 262000 68148 950676 660608 823576 966295 559557 751808 745147 596514 339279 251503 136412 736543 323447 943326 607878 826108 661301 94902 79165 380839 373520 509020 470506 259349 414756 481196 518586 190010 697486 938158 625171 484403 642609 895290 584189 271336 781361 272657 30555 642623 815648 149301 941417 402428 469849 713736 839814 527653 878757 617733 295966
61541 757635 335451 533180 287398 307649 776218 118904 437993 774611 476937 409110 999999999 508803 226837 844189 624390 678056 312780 183876 327617 129382 393124 746082 915383 625268 487031 481220 796818 887701 544809 450431 434517 808349 347090 433050 251801 923799 551565 266106 604966 410455 353544 788682 578754 775840 482986 225376 411841 921471 706111 630194 855572 600628 728321 435759 490634 544913 620810 539338 755623 116304 861611 203701 486964 847909 501399 406598 172839 525682 296053 153812 156638 30623 399392 782648 368086 755318 906971 218164 772039 828770 806774 175719 488513 505776 501446 400997 473470 421923 543741 824384 678641 669266 626902 599139 170844 858941 654847 159188
524247 428984 379250 509874 225191 418904 876122 389904 662994 766513 428372 134923 508803 999999999 517091 720651 739290 374761 370258 586818 207642 548204 854357 576774 962802 179638 320573 671946 780773 874505 433005 892111 208318 712295 216926 638615 486980 499511 243627 355441 743691 803396 475006 436671 671902 362673 209274 392460 98168 887005 588980 818949 927544 498550 695999 785486 581154 248569 118834 66639 668210 406684 896237 696603 874317 547796 76435 102233 507469 299037 540164 537969 352305 508167 474448 391611 186328 619452 875565 716468 353744 529953 852445 683901 383518 807505 381282 122069 643255 891533 179617 905717 277387 363623 681105 850551 599925 815126 552304 418392
288377 623894 183450 330937 351693 136144 550124 236663 217239 552076 648018 470249 226837 517091 999999999 637693 397671 546178 481644 103802 409855 356218 353670 558028 688549 569296 622988 256851 574584 663448 369016 380261 358171 598041 303186 208556 462234 818396 453283 164528 379024 286325 552132 660928 352523 678533 579419 403881 438718 698585 507623 411071 628942 410714 510598 274912 268068 443949 604193 569421 546482 184290 635028 259280 358320 693017 542749 428266 393136 401620 69226 84779 245585 196542 195775 673436 333563 557386 684033 284427 677887 675197 580162 299117 644572 318418 654865 448651 247033 394079 619534 597876 589737 539947 402284 395160 131360 638385 457780 346646
902070 364108 517208 311029 765250 537159 356152 789038 515939 177962 1100289 800060 844189 720651 637693 999999999 358613 369125 971424 733410 808536 966191 893569 145172 332005 590087 1015744 470742 167541 209014 321249 874439 543846 48544 611582 497212 1021096 534742 477224 594651 391687 754376 1074818 392605 342174 501014 915622 930122 732301 196112 144202 467087 341070 253372 154456 686060 381748 472086 696264 784009 92276 749274 277807 885090 772397 293911 794731 720907 979503 427256 578419 722306 768199 817499 446101 460503 621611 102579 190745 909499 510832 294815 273214 935096 1068935 623480 1071667 769909 451339 932080 899966 342683 504840 378090 285489 562810 762402 140652 194080 900822
685899 575741 386407 240226 673133 370781 154683 617555 199579 199893 1008418 759392 624390 739290 397671 358613 999999999 528618 850516 464812 730039 753728 557255 376259 291459 688068 956381 150045 221112 287769 334663 527834 531032 310072 547497 195156 853922 787944 543013 451617 33625 412223 935392 616141 67449 693934 882325 783550 702721 329473 305269 115647 231322 298568 204816 340615 163036 533170 772577 805082 278989 566609 242147 595244 418875 572953 796566 690053 789440 469147 328464 474851 613307 593964 279647 665886 572371 337529 315457 616967 699661 563107 187848 659381 993170 268371 1000618 730272 151212 592728 896520 200519 645684 530578 86040 205859 491409 287856 287037 733902
722365 79724 364850 302040 490399 410254 622210 582696 561340 467479 790471 481132 678056 374761 546178 369125 528618 999999999 692731 648443 515796 773521 888714 226058 664807 222912 690679 541152 474378 555543 209696 898622 258586 374523 349414 533814 777079 279674 146380 416461 548567 782764 801880 114759 469159 165367 582032 677669 414538 556317 266469 637976 648052 230050 398043 734253 419814 147855 330176 432119 343350 563046 599872 799716 832891 183059 451191 405746 761996 152457 520404 614307 549832 660527 378704 141003 342798 277784 547545 824455 171100 163734 569346 822626 750651 712923 750348 453959 509726 930076 552328 635143 136671 11289 446657 707070 673828 488447 253977 670989
281862 762810 476480 684040 207652 481178 1004752 245330 695118 955008 167609 235352 312780 370258 481644 971424 850516 692731 999999999 483296 177622 260024 703914 842821 1127496 543117 184459 728068 974732 1071446 650295 762930 441383 947668 361411 681412 132625 866810 546361 402429 839889 719245 109272 780574 791623 724558 226586 87501 289010 1096664 827435 886824 1075856 719218 894155 735953 692854 545215 485571 360328 895978 297415 1065953 509368 796343 875724 318065 294409 193504 562702 542283 440432 239374 334582 578300 747713 356833 870593 1083002 518687 716766 856452 1013479 460371 175921 795367 189187 252909 710472 730194 301079 1047312 631289 681701 826043 876793 477424 1026845 779153 153671
240252 726595 284031 430814 395386 238291 610957 245726 268327 635497 650560 520164 183876 586818 103802 733410 464812 648443 483296 999999999 449362 304908 267938 659642 755353 658179 644201 315782 658266 742906 472659 307185 448066 692062 381915 269661 435492 918504 549843 250608 441121 238309 535554 763189 429510 776828 617864 398299 500098 780371 607084 454759 692714 512741 600046 253776 355855 540894 683086 632954 641488 201143 706591 155876 315401 796814 601801 491100 356257 501933 154991 49694 268863 155229 297376 773523 410895 656715 765822 181011 775651 778978 651913 202196 655659 321914 667495 502923 315096 306188 667118 660858 685947 641919 483561 416741 28994 723830 557968 334086
330095 585253 343842 536981 59151 362966 880790 214017 602434 809617 292613 83481 327617 207642 409855 808536 730039 515796 177622 449362 999999999 345103 705846 675018 992297 370429 226347 626164 827912 924925 490064 753997 268829 788483 198602 583491 281517 693965 369442 282183 724956 684426 286874 603021 666438 549702 169892 185103 115490 946478 665814 784460 945777 560002 744797 683603 567460 368710 326458 219285 738157 249202 928281 528276 760315 698641 178287 118805 300411 390398 455888 400122 182634 334995 450522 571367 187079 706486 933351 544797 542345 679432 878053 502023 267082 726356 272829 85698 603284 739153 219254 919251 455131 504708 692668 792147 454400 875276 619637 213433
67842 852017 451380 655897 324782 429244 905318 190893 566012 902556 405068 427936 129382 548204 356218 966191 753728 773521 260024 304908 345103 999999999 465998 861917 1044762 689673 444483 609977 924636 1016168 659364 530954 519330 931896 427888 561907 154575 1002425 637967 376807 734060 513486 262049 879897 707982 853971 470439 181558 450550 1049415 826030 757142 984864 718757 854712 548614 619016 632705 666029 564259 878967 219170 990914 269713 587342 949540 522755 448797 69973 623180 425432 281268 224372 159764 524235 865935 442334 874670 1034945 272970 848839 930125 936089 208331 429191 624332 443502 429092 602744 486568 540271 953632 755929 763933 755650 721500 286358 986088 774722 132094
424177 963552 534749 627087 655536 486155 666166 493088 377690 755462 863921 781255 393124 854357 353670 893569 557255 888714 703914 267938 705846 465998 999999999 854096 814537 922305 880153 423378 777382 842319 693239 70106 711247 846852 649288 397769 619838 1165742 806063 514943 524865 146180 727292 1002477 553612 1029249 870080 616511 766054 885269 790858 489661 748049 715985 743082 218444 520596 796532 950836 898922 803030 457825 783797 196797 175386 1017573 866324 757511 534137 750784 368331 316402 523259 376491 513099 1021383 678548 837588 871571 193913 1029191 1001334 734283 261556 879787 303295 893094 766275 442439 41385 925098 716878 942436 883690 611871 406460 254962 844611 747988 550615
800805 233154 411130 230497 635305 440290 429162 677579 483610 257195 964798 660971 746082 576774 558028 145172 376259 226058 842821 659642 675018 861917 854096 999999999 446981 445386 876510 446680 259208 332391 202656 846165 407178 149030 481410 459831 902290 427832 333149 485247 404730 724848 948510 267511 334876 369099 774344 808011 592900 330625 71124 491900 439136 147530 195785 662674 334602 328464 551276 639591 125883 642782 384492 815156 756792 198201 651404 581880 867901 287513 507935 640126 652881 721722 362399 331196 488162 53910 322296 840190 378047 190643 362162 856612 931370 615863 933438 631166 420321 894501 756308 431545 362608 234460 290704 578437 688245 264098 106134 784601
976920 680115 652491 458978 938462 647043 149343 902337 487778 199524 1279430 1008704 915383 962802 688549 332005 291459 664807 1127496 755353 992297 1044762 814537 446981 999999999 869151 1216364 439582 190467 124106 529908 771546 759859 303269 798527 486076 1140579 864891 734219 725071 314331 669175 1217604 713534 339530 815890 1131500 1065660 946048 152680 398412 325222 66491 466760 270967 597680 435978 726190 968380 1029345 322587 852608 66717 879912 652880 624491 1029289 933497 1078767 667104 619330 766310 894576 885037 549197 778160 818735 393077 150235 900426 824634 623651 114338 946775 1259099 511257 1265127 978410 442660 844917 1133803 98041 799890 671267 301505 411487 781429 191356 419757 1019395
653782 260505 395959 447850 368820 443926 805979 510966 661587 669633 607766 309903 625268 179638 569296 590087 688068 222912 543117 658179 370429 689673 922305 445386 869151 999999999 498217 657037 679910 767219 354962 948433 211132 591268 282258 634528 651385 323820 145298 407831 700334 845104 650210 261865 622133 183226 385999 553102 255200 772244 474771 784822 844180 406749 598253 812490 546731 155384 107390 222986 554552 511753 802813 790727 908319 378896 251688 251831 659380 219339 570680 613647 473103 617092 462785 212403 257900 494632 762484 813288 174604 362347 765980 793069 562050 814809 559099 290208 625677 962170 343088 827020 101343 213045 615979 835618 677505 702376 449427 566998
463089 748873 570113 758876 283950 588699 1106902 398526 824657 1030584 117194 215698 487031 320573 622988 1015744 956381 690679 184459 644201 226347 444483 880153 876510 1216364 498217 999999999 850580 1048103 1144848 704062 936291 472413 1000009 418290 806900 308507 807841 550373 507620 951179 882501 231971 757239 892649 679174 112359 267685 283640 1164208 875979 1009389 1171052 773896 964078 890968 793749 552734 412163 278836 951404 445949 1151782 688280 959599 867352 246530 294863 377549 589147 675124 597618 379476 505034 676830 710573 400540 913167 1151473 699197 669543 849204 1102311 642963 65501 941404 60890 245855 828515 908415 172322 1144880 597634 679407 917850 1012963 642778 1092454 832506 331525
542395 603502 295146 241310 567371 264679 295980 487429 49961 336830 890966 667891 481220 671946 256851 470742 150045 541152 728068 315782 626164 609977 423378 446680 439582 657037 850580 999999999 359372 435105 331566 404638 470271 423676 462804 48310 718628 817408 514342 344245 125369 283912 805778 644653 130534 702509 787998 655336 618810 475349 378591 159292 377105 326403 319719 217484 121791 503908 726318 734749 381159 435197 392157 445643 310126 629370 719223 606498 649833 442298 189212 329126 488697 450610 198708 682131 491267 422091 461029 467680 706023 615857 337889 509337 881063 173439 889836 640780 31825 461470 812537 345358 636452 539957 188945 179885 341918 426792 342455 601278
857606 491990 499357 291484 777163 504133 188686 764306 408794 22812 1119115 836296 796818 780773 574584 167541 221112 474378 974732 658266 827912 924636 777382 259208 190467 679910 1048103 359372 999999999 97041 348883 748944 582396 126098 630407 396747 1003030 683560 547355 576056 254400 632946 1070958 526708 231364 626875 957807 920508 771511 124863 207950 315844 180894 282241 84925 561578 306682 539742 780402 846969 133491 718032 125839 800254 639082 445698 849610 759177 949485 482597 507937 658026 750846 767685 404919 589935 647689 205694 110477 823296 635389 442557 107158 859039 1094693 488492 1099608 805767 348905 813393 954940 177493 609440 480801 174953 413658 686541 67466 231372 880838
948813 564208 595685 388503 874196 599040 198790 859032 485066 116512 1216155 932656 887701 874505 663448 209014 287769 555543 1071446 742906 924925 1016168 842319 332391 124106 767219 1144848 435105 97041 999999999 444122 807987 678043 184595 727325 476391 1097991 743371 638354 672046 318609 696363 1167168 595961 313399 700926 1053879 1016447 867563 44471 292448 361306 148987 376327 180857 624147 397153 631158 869553 940442 212925 812065 82759 880279 693558 502607 944219 855281 1042950 575662 595669 745820 846418 858199 499649 662027 744358 278866 33471 902616 710102 502656 112701 941814 1191668 544602 1196531 902113 429170 876392 1049725 163398 691940 562874 261164 457478 770687 69331 322678 975819
598694 275809 209364 96099 444721 242306 452538 475121 352198 333817 782631 489985 544809 433005 369016 321249 334663 209696 650295 472659 490064 659364 693239 202656 529908 354962 704062 331566 348883 444122 999999999 697201 234041 298506 291801 324813 702241 487695 211326 282617 349723 578989 753603 316479 270277 371514 610255 609721 424034 460741 177148 437219 496904 70015 263958 527163 210587 202070 445403 499492 248170 440202 463292 628294 625609 326076 500831 411891 665613 139440 329212 447424 451184 521263 180768 350609 304573 221573 448335 653440 375506 309062 420528 663565 753985 503252 757774 459440 300074 734548 606078 477017 312671 208401 261037 500191 500365 388785 129592 583375
485856 971196 555030 624023 701529 506313 624964 543807 363145 727643 925005 826795 450431 892111 380261 874439 527834 898622 762930 307185 753997 530954 70106 846165 771546 948433 936291 404638 748944 807987 697201 999999999 737592 826833 682072 386336 683889 1177612 825921 544555 494592 121377 791085 1010976 532313 1045033 920598 675431 807025 851659 780390 449446 705275 713257 721576 188567 511659 816067 983813 939790 785634 504809 745222 261287 119827 1017606 908974 797820 598178 766607 382506 356845 571667 431259 520040 1034390 712050 825482 838350 261056 1045720 1002161 697762 329213 938805 263494 951831 810041 427529 78915 972776 674811 961534 894400 589672 360252 299610 815503 740259 609268
472587 334897 188790 303164 234991 235313 668459 329886 466733 566567 557635 257106 434517 208318 358171 543846 531032 258586 441383 448066 268829 519330 711247 407178 759859 211132 472413 470271 582396 678043 234041 737592 999999999 527654 91687 440903 518953 489312 118656 197459 535990 635908 549521 360894 463624 341603 376311 419898 190303 694574 403572 612919 721929 303059 497543 606759 373897 113534 258321 274417 479505 318260 693669 585017 701052 440305 269854 178355 504136 121638 362283 404662 294975 421596 271563 348582 85268 441303 682282 608309 338225 420790 648032 593821 525117 616722 527845 226694 440445 751204 373951 699227 245163 248234 473500 650044 468338 622554 360776 412664
866997 379666 485925 276095 742997 502717 313036 757871 469443 133386 1080972 784738 808349 712295 598041 48544 310072 374523 947668 692062 788483 931896 846852 149030 303269 591268 1000009 423676 126098 184595 298506 826833 527654 999999999 590306 451358 992199 562000 470504 563840 343145 707007 1049507 411453 294525 516484 902473 903006 717547 181794 124252 418852 304888 228789 106044 638365 338249 464466 695922 776846 53025 716490 244492 842551 724195 322277 785033 705819 947753 415006 537194 682804 738646 781082 409101 477442 602418 96878 173267 866790 525753 320623 233212 894103 1051462 575116 1054813 754347 405047 885141 890671 303460 511190 382534 237462 514385 721025 115593 168928 871142
382455 426349 167676 340586 154008 203253 693863 239158 449588 612556 491186 212242 347090 216926 303186 611582 547497 349414 361411 381915 198602 427888 649288 481410 798527 282258 418290 462804 630407 727325 291801 682072 91687 590306 999999999 426314 430250 577795 210150 139387 546823 588686 467557 452577 481576 429453 335475 332140 156568 748159 468207 615456 754762 361631 546848 568735 384849 205219 301880 275130 539719 231582 733674 508870 658455 530077 256604 144075 412702 205768 323241 335240 203645 336448 270684 438759 30685 510062 735119 531210 425303 510540 684692 511410 464466 591409 469207 182820 435824 688028 350974 729530 331863 339250 501879 639037 398953 676833 421387 321590
494279 600132 259587 241511 524490 224916 343649 439923 27717 373991 844974 628079 433050 638615 208556 497212 195156 533814 681412 269661 583491 561907 397769 459831 486076 634528 806900 48310 396747 476391 324813 386336 440903 451358 426314 999999999 670446 812500 494326 302627 172564 265021 758071 641014 165398 691881 747058 607898 581241 515542 394416 205416 424249 329950 350041 205176 125493 483875 698691 700222 405949 387594 437013 404140 302492 635008 682873 569103 601523 424228 141161 281293 442073 402449 171823 674143 455509 440325 501097 426843 694661 620452 382415 465740 836062 181768 845079 601613 47862 437242 774073 392645 620901 531627 222870 212739 296393 463791 353975 553361
201289 851517 507219 719126 289019 498972 1008257 239090 679254 981963 253081 353765 251801 486980 462234 1021096 853922 777079 132625 435492 281517 154575 619838 902290 1140579 651385 308507 718628 1003030 1097991 702241 683889 518953 992199 430250 670446 999999999 974260 632718 429238 838438 658796 107533 873549 801060 828604 359136 99908 396975 1127345 877347 873051 1084314 768007 926840 687357 705671 629801 604986 485492 939398 287972 1082545 423145 734239 959252 442822 399589 85729 635967 529462 401474 253716 280372 598343 847750 434286 923544 1113188 427364 821727 939740 1028465 362861 282577 757183 297278 365442 706218 641062 433463 1054161 732468 766494 842646 848540 422257 1060153 827016 122192
960082 214434 635040 576309 688565 682430 856835 816499 839891 683876 921763 632721 923799 499511 818396 534742 787944 279674 866810 918504 693965 1002425 1165742 427832 864891 323820 807841 817408 683560 743371 487695 1177612 489312 562000 577795 812500 974260 999999999 373832 675602 811763 1062297 973472 173271 734227 148519 696207 875368 578947 729470 492639 901523 864452 495644 623489 1013811 695625 381519 395703 529388 552294 807567 806244 1065550 1112431 240832 565224 575194 977767 416799 797644 880783 780025 910640 658080 144994 560479 479369 725154 1089756 153727 241392 788792 1080871 873092 990217 868235 613937 786376 1207025 640705 858677 246538 283312 702609 977448 942428 674319 501253 884937
590946 218798 271480 302875 344871 320218 663727 448484 521728 535195 646797 337715 551565 243627 453283 477224 543013 146380 546361 549843 369442 637967 806063 333149 734219 145298 550373 514342 547355 638354 211326 825921 118656 470504 210150 494326 632718 373832 999999999 302821 555040 717350 655527 242742 476918 228100 444433 533015 270239 647814 348492 639633 705482 267885 463761 679442 402087 10454 234943 306854 428449 435278 667547 693387 776773 329372 318544 260840 621659 74042 443822 509720 413623 537347 323669 231165 199408 376502 636968 717311 226183 310091 627989 707055 608661 675699 609170 309641 482761 846835 423191 686892 136456 135341 472126 691998 572387 576430 316122 529682
317167 496159 78024 289888 223731 81229 604664 194389 323090 555576 557060 326234 266106 355441 164528 594651 451617 416461 402429 250608 282183 376807 514943 485247 725071 407831 507620 344245 576056 672046 282617 544555 197459 563840 139387 302627 429238 675602 302821 999999999 444343 449351 495217 529441 390488 530908 444437 344452 284197 699652 452209 502288 673986 343646 498206 430201 291282 294515 439676 410993 510897 157643 663650 390572 519143 582367 388017 272740 384965 264480 186127 207763 175614 245722 175888 531364 170004 500007 685652 414499 528924 563338 611056 406908 541838 457465 549629 300768 321106 554543 473758 645892 437690 408391 423615 513682 271185 631581 401161 307585
666335 598602 382763 253944 667347 363126 171258 603795 173532 233337 999658 757797 604966 743691 379024 391687 33625 548567 839889 441121 724956 734060 524865 404730 314331 700334 951179 125369 254400 318609 349723 494592 535990 343145 546823 172564 838438 811763 555040 444343 999999999 379523 922268 639294 79710 713904 880253 770783 702929 360888 333610 89821 251771 319024 237597 307728 162858 545010 781892 808964 310921 552253 268839 567820 385280 600319 798710 690307 771961 481000 310167 453806 601490 574413 276607 687121 572732 367696 347019 589122 719250 589901 215450 633230 986103 234757 993971 729125 132312 560013 897218 220097 662144 549963 114198 174640 467100 320932 312281 719386
457603 854004 449236 503619 628613 401190 520482 484033 241786 611252 885683 751342 410455 803396 286325 754376 412223 782764 719245 238309 684426 513486 146180 724848 669175 845104 882501 283912 632946 696363 578989 121377 635908 707007 588686 265021 658796 1062297 717350 449351 379523 999999999 763161 894130 412588 932477 853888 633023 724003 739443 659015 344022 602691 592788 602167 72276 390417 707274 888051 855387 665069 438521 637660 260000 77200 897506 827694 713850 574965 655111 274522 285752 506200 385572 404269 920026 619233 704172 725812 271065 933691 882295 588112 335280 892921 158624 904994 731636 306247 180506 899907 571354 851729 779007 470366 264264 241825 699978 618986 567572
306862 872083 571609 781999 314843 570890 1090073 318601 769068 1050668 152441 340796 353544 475006 552132 1074818 935392 801880 109272 535554 286874 262049 727292 948510 1217604 650210 231971 805778 1070958 1167168 753603 791085 549521 1049507 467557 758071 107533 973472 655527 495217 922268 763161 999999999 889729 879231 832321 309191 152003 397274 1194017 930637 962650 1163725 821827 991864 788873 781651 654281 587903 458855 997371 370615 1157519 530553 839107 984899 417615 403106 193160 670516 617070 498328 323037 380615 669725 856186 464616 974716 1180147 534896 824332 965611 1104231 470238 191080 855752 205790 360366 790905 748584 383406 1134357 739729 790867 917041 943899 524337 1125050 881648 205634
831033 41194 479505 403397 584671 525012 692199 689697 668251 524339 863563 557423 788682 436671 660928 392605 616141 114759 780574 763189 603021 879897 1002477 267511 713534 261865 757239 644653 526708 595961 316479 1010976 360894 411453 452577 641014 873549 173271 242742 529441 639294 894130 889729 999999999 561384 112024 645631 773659 494339 588321 326897 729105 706499 322415 460093 843589 522867 247361 363443 484712 393370 672983 651800 914239 942073 122919 511443 487348 864388 264972 634317 728805 655553 772158 490995 69505 441913 321092 581949 938937 122890 110252 629132 936145 819987 817703 817949 532962 613769 1043856 604953 697985 160606 121552 531271 804235 788517 526734 330471 772327
640230 520527 322612 174788 610128 310519 214519 562995 178715 208599 947490 693703 578754 671902 352523 342174 67449 469159 791623 429510 666438 707982 553612 334876 339530 622133 892649 130534 231364 313399 270277 532313 463624 294525 481576 165398 801060 734227 476918 390488 79710 412588 879231 561384 999999999 634450 816793 727228 636307 351255 264158 168818 284552 240041 189642 343888 99312 466986 705581 737740 254557 513092 283093 569062 431447 527390 729533 623629 739787 402938 283842 433490 556307 548733 216125 608094 505994 302850 336741 591997 639710 516066 228400 628936 930800 284746 937911 664396 117546 591341 829858 255689 582528 470421 58418 245344 457345 298399 237494 679978
811626 137056 495271 465835 541589 543488 783709 668019 719576 622454 790163 492720 775840 362673 678533 501014 693934 165367 724558 776828 549702 853971 1029249 369099 815890 183226 679174 702509 626875 700926 371514 1045033 341603 516484 429453 691881 828604 148519 228100 530908 713904 932477 832321 112024 634450 999999999 566816 729298 435634 695717 421630 803257 804520 395377 555265 888317 582051 236470 271451 401126 493563 659695 752654 921455 986823 233116 433103 430990 830011 278653 662884 737515 631510 763188 529484 42794 411962 422989 688675 945405 11343 221862 726252 934507 743587 872644 740034 471957 670835 1070324 518346 793706 98042 164224 611615 871133 799897 632077 416049 737162
472982 638207 497660 672522 227747 523329 1029337 377142 767275 941323 225870 123270 482986 209274 579419 915622 882325 582032 226586 617864 169892 470439 870080 774344 1131500 385999 112359 787998 957807 1053879 610255 920598 376311 902473 335475 747058 359136 696207 444433 444437 880253 853888 309191 645631 816793 566816 999999999 289457 186316 1070884 778221 944675 1089473 679365 873130 853449 719367 447577 300540 166850 855264 416877 1065978 686527 929958 756943 134365 198631 410854 488411 623465 568937 349362 494918 603677 598303 313074 813241 1058570 700958 557197 738994 1018233 651944 177063 894942 173235 153224 763455 901918 74900 1064666 485719 570799 836987 957693 621479 998864 736794 342845
195588 751800 421520 632852 189116 419154 938221 167997 619864 900001 252668 262000 225376 392460 403881 930122 783550 677669 87501 398299 185103 181558 616511 808011 1065660 553102 267685 655336 920508 1016447 609721 675431 419898 903006 332140 607898 99908 875368 533015 344452 770783 633023 152003 773659 727228 729298 289457 999999999 299869 1044001 786002 812968 1011726 676750 842225 651710 629690 530223 511143 396974 850510 220441 1005738 422330 710023 860068 354430 301699 122354 537874 467290 356916 171090 247752 518179 748028 334978 831293 1030038 432203 722555 840571 952361 375279 263413 713628 276601 270395 639732 643084 360553 982381 632914 667032 765253 798031 391257 975556 736249 66200
426119 479587 323942 487190 127024 356666 847065 292989 603749 755108 376560 68148 411841 98168 438718 732301 702721 414538 289010 500098 115490 450550 766054 592900 946048 255200 283640 618810 771511 867563 424034 807025 190303 717547 156568 581241 396975 578947 270239 284197 702929 724003 397274 494339 636307 435634 186316 299869 999999999 884742 593344 772013 905185 493300 686818 711841 540560 271516 215499 132900 669737 312951 880324 602674 796988 595621 104191 12686 411738 305507 470113 450636 255801 412449 427149 458915 130351 629741 872370 621879 427979 576772 833116 587308 339406 741628 340806 39436 592181 802262 194433 880999 342456 403275 653517 793908 511092 812747 551062 321547
982329 558661 622533 412624 897081 628615 242825 888789 525265 146868 1238543 950676 921471 887005 698585 196112 329473 556317 1096664 780371 946478 1049415 885269 330625 152680 772244 1164208 475349 124863 44471 460741 851659 694574 181794 748159 515542 1127345 729470 647814 699652 360888 739443 1194017 588321 351255 695717 1070884 1044001 884742 999999999 299404 405567 188411 391542 202527 667284 431036 641148 876181 952419 219365 842758 123905 919679 737575 488897 958098 872623 1074297 588052 631449 781646 874785 892250 529526 655741 763812 278611 14564 942268 705294 490621 157171 980191 1212543 588382 1216947 920125 468015 919631 1063793 205593 692983 564307 297061 501881 808393 72064 335097 1005164
762886 289546 375345 176689 621599 398465 365342 646502 417278 201381 958044 660608 706111 588980 507623 144202 305269 266469 827435 607084 665814 826030 790858 71124 398412 474771 875979 378591 207950 292448 177148 780390 403572 124252 468207 394416 877347 492639 348492 452209 333610 659015 930637 326897 264158 421630 778221 786002 593344 299404 999999999 420917 383018 109346 133769 595481 270263 341991 577494 653918 80139 608022 333411 761536 688596 268196 661257 581645 837159 290996 453234 591277 624822 680315 312485 386463 479263 49779 288819 786388 429667 259436 304638 806702 927852 546283 931032 630244 353265 830892 766943 372273 401582 272855 219617 507345 635960 228359 51319 757410
690403 688422 448404 341139 725851 421869 176506 644972 193841 297408 1050142 823576 630194 818949 411071 467087 115647 637976 886824 454759 784460 757142 489661 491900 325222 784822 1009389 159292 315844 361306 437219 449446 612919 418852 615456 205416 873051 901523 639633 502288 89821 344022 962650 729105 168818 803257 944675 812968 772013 405567 420917 999999999 258764 408689 315854 272459 240020 629465 863229 883279 391906 592546 295788 563326 333003 688519 870466 759531 801392 565672 345701 476427 647475 599658 345588 776796 642823 452590 392906 582294 808475 678514 249467 633587 1040334 186762 1049062 795817 181323 520975 966353 227337 749888 639193 201522 97884 477773 378472 401581 757475
917055 670939 603455 418887 890786 594684 83396 846968 424575 182272 1230297 966295 855572 927544 628942 341070 231322 648052 1075856 692714 945777 984864 748049 439136 66491 844180 1171052 377105 180894 148987 496904 705275 721929 304888 754762 424249 1084314 864452 705482 673986 251771 602691 1163725 706499 284552 804520 1089473 1011726 905185 188411 383018 258764 999999999 437915 250025 531223 383003 696921 940415 994182 313284 796563 66622 815029 586767 626336 991776 892549 1020669 635910 559754 705284 840847 825106 498398 768593 776415 386043 181249 835303 812656 623426 78749 882504 1211804 444772 1218340 936254 382123 778489 1095334 32127 780756 653580 253203 345381 718405 204757 396677 963737
656418 281336 267436 89246 514213 293689 400461 537723 355886 268525 852590 559557 600628 498550 410714 253372 298568 230050 719218 512741 560002 718757 715985 147530 466760 406749 773896 326403 282241 376327 70015 713257 303059 228789 361631 329950 768007 495644 267885 343646 319024 592788 821827 322415 240041 395377 679365 676750 493300 391542 109346 408689 437915 999999999 197574 535126 206019 259611 502679 564727 178174 500170 400046 668452 632093 305080 567892 481240 728424 200621 362325 492608 515601 575642 215366 368108 374584 156369 379347 693531 401108 290558 360174 709120 823990 499764 827747 529028 296712 756890 673415 420274 351158 232165 217285 481821 541233 319506 59943 648160
788387 423185 420723 210124 694828 429280 233382 688974 366603 71495 1036520 751808 728321 695999 510598 154456 204816 398043 894155 600046 744797 854712 743082 195785 270967 598253 964078 319719 84925 180857 263958 721576 497543 106044 546848 350041 926840 623489 463761 498206 237597 602167 991864 460093 189642 555265 873130 842225 686818 202527 133769 315854 250025 197574 999999999 533027 244213 455945 697540 762247 77568 644212 204561 747348 618222 391890 764697 674512 876218 398119 446481 595100 673674 699894 331190 520228 563557 146549 188986 771162 563185 385804 171367 802137 1011299 469073 1016008 721267 302911 780955 870016 238508 531285 403672 131904 410089 628809 133375 148825 804764
488261 802972 418021 446595 625972 371928 448764 494121 179654 540030 903480 745147 435759 785486 274912 686060 340615 734253 735953 253776 683603 548614 218444 662674 597680 812490 890968 217484 561578 624147 527163 188567 606759 638365 568735 205176 687357 1013811 679442 430201 307728 72276 788873 843589 343888 888317 853449 651710 711841 667284 595481 272459 531223 535126 533027 999999999 330051 669158 862958 840860 597671 445116 565481 311499 98651 840177 816031 700979 605856 613819 246108 295637 511586 408260 359026 873344 599412 639501 653686 326182 890240 825619 515840 386197 906522 89531 917885 723262 242371 252409 894439 499759 811501 731264 401123 196776 265106 628466 557438 587819
