NAME : synthetic_000475
TYPE : CTSP-D
DIMENSION : 100
GROUPS : 8
RELAXATION_LEVEL : 1
EDGE_WEIGHT_TYPE : EXPLICIT
EDGE_WEIGHT_FORMAT : FULL_MATRIX
EDGE_WEIGHT_SECTION
999999999 735616 164902 835894 816485 799525 611076 716290 476168 495242 1132213 236994 558700 334070 30457 818972 772926 420501 658890 739829 820148 527600 833715 47772 844011 623220 747083 353573 966774 763780 604342 273992 161111 790907 695082 552711 191202 487914 185026 759628 359098 771756 274608 559304 513726 249451 833501 813037 747185 712610 763417 83848 244933 484821 548027 717030 465096 988190 514568 677054 894550 91051 771963 99642 281811 914683 826968 1015671 656342 672929 544887 372532 449172 508303 997793 943840 372587 435859 521412 704949 1106141 1065472 396368 560572 286622 544648 473258 904237 174891 821302 403008 850482 452515 107091 324078 657304 507211 871842 874453 873605
735616 999999999 717725 113682 618579 234298 524134 518648 597267 483176 409483 657551 386219 688904 737179 481012 629583 639974 739524 716590 205614 215482 329215 698405 367152 488615 121543 466811 231894 416329 338390 472431 611061 374121 521021 602539 925084 607648 703163 493247 456140 49173 502763 660628 633699 702218 389128 110914 595696 330007 521091 654702 491430 436557 337188 108512 538738 262829 561284 258653 233049 786895 113601 647498 504556 393098 488044 301023 390969 269599 436179 423631 444142 227408 275045 225020 363852 372862 270950 480003 372285 334814 348662 447299 475086 353561 337793 303224 908944 462321 711004 431964 313049 830203 434160 327052 641575 335325 197581 372917
164902 717725 999999999 804517 679961 828198 712244 589869 331152 590810 1126214 89796 630468 172779 135617 896038 881229 267502 794019 865109 839923 502245 878808 190081 752787 499774 755730 433485 940818 833464 664788 320239 117246 849725 567407 672235 261052 340917 338075 844584 435290 745694 215122 688894 641137 400699 890970 810290 851917 622311 638859 187139 273008 567917 464601 723814 333467 979593 627613 602685 907909 252827 729711 211370 214490 962490 904551 1013697 553044 716958 628923 436180 532608 500564 991005 938714 380391 366338 467083 791675 1088613 1052500 418223 446878 347193 607353 406389 933487 248885 894542 549644 914618 408194 167987 283691 568006 636412 789630 882455 783893
835894 113682 804517 999999999 601852 297601 629097 516831 644490 594926 344093 737625 495509 756860 835303 558765 722204 695944 845380 816034 256301 308640 390658 800781 317894 507183 203140 579706 137367 500182 444536 578963 703204 450320 524161 711834 1023353 652936 813244 581267 569005 66983 590001 770195 744848 814316 456568 142683 689666 323782 508390 756711 593972 549070 383522 204676 588729 206506 672096 269610 247370 891621 87639 751132 590029 438298 564856 254681 401616 367750 545784 536180 557523 331615 221302 185991 467727 445390 341096 574883 289629 261677 456937 480868 583996 464451 406841 334211 1007384 538318 824616 499393 396366 926825 523964 339735 752995 271600 211476 314382
816485 618579 679961 601852 999999999 850684 1030386 118787 349827 934390 914493 590991 885479 522426 795295 1074587 1180335 419210 1214757 1233336 824180 546953 943829 813105 302269 205027 736324 814157 701436 1003720 868525 717209 659332 975258 132399 1063393 938634 341806 921321 1066588 806248 597415 568264 1110453 1066995 962903 998185 720740 1144386 288614 98027 779204 686286 885281 363573 714230 351406 799159 1010978 362988 841089 905746 524390 792367 556658 1011483 1082682 849625 245774 842312 922287 777268 867838 601133 814292 786669 639249 454493 458646 1035680 838474 831385 673792 278096 747697 845692 441667 919807 927616 1059300 1062497 1039620 503898 847946 561151 302438 1069484 363090 804182 322420
799525 234298 828198 297601 850684 999999999 384325 746894 785913 399442 375495 788018 291792 842813 809784 262747 438862 815374 594235 544620 47680 368497 95318 755043 598784 706960 114361 463368 323952 210700 230695 526575 712000 155050 747143 485047 989135 798234 712171 294487 454704 266663 626018 542038 530679 690075 159139 155352 409486 562289 752808 715773 563910 369625 540746 138860 726408 264972 459815 488194 118879 827023 342425 701301 632174 162955 268357 263380 616343 139491 336549 432402 394683 342681 265432 220738 447824 539732 454256 301112 388807 340071 411416 655943 513351 280999 514063 105511 972884 241693 647402 202112 467580 904207 557298 553483 540951 561515 124839 601684
611076 524134 712244 629097 1030386 384325 999999999 912380 829517 122015 753849 715088 147623 804372 633476 236205 171107 825163 216407 203726 429879 485375 346885 563687 859600 839805 431343 281759 696817 212817 185810 404754 603814 269079 902996 107276 774026 844382 456214 165549 282296 572479 579949 160020 160734 407658 304856 509324 139886 772259 937598 540348 455406 156869 667840 424577 777987 649050 107982 696154 502255 596851 631796 517660 591758 399453 242051 646264 786412 264659 108418 293112 187164 430134 649757 603954 416632 597547 571748 114823 773030 724276 372854 769727 372159 187110 597195 452883 759406 247918 304337 297742 533400 715151 534695 737738 172059 843692 508027 874184
716290 518648 589869 516831 118787 746894 912380 999999999 270452 815669 845339 500074 767986 444902 697071 962934 1063745 343296 1095973 1115107 723519 430241 838477 709131 252569 93445 632852 695927 629125 891578 752599 601017 556569 865647 23197 944613 850800 266490 810792 952360 687913 503069 458697 991697 948322 850084 890398 624904 1027801 193352 49616 673199 571900 766637 244984 608854 256402 720455 892192 260000 747067 803896 433961 684868 447691 909109 971163 770087 132114 730012 804173 658711 749058 483854 735550 702794 520810 336968 340714 920094 774085 761164 555042 163292 630911 728258 323015 821804 838751 948328 945923 931180 385120 756787 446341 193501 950876 312807 710322 280413
476168 597267 331152 644490 349827 785913 829517 270452 999999999 714584 988502 243398 702624 174882 452451 944470 996876 72933 976678 1019821 778351 418019 863767 479983 481305 191622 683078 565528 777728 873124 709284 446643 327877 865589 247265 831363 588830 14999 605348 914269 560774 604234 268008 867510 819962 656158 899746 707142 962306 366249 320008 452051 402682 672877 262137 652399 59531 847275 779168 384010 825927 566979 557503 469281 254958 944801 953265 891682 279843 720817 724616 540860 645457 453030 861314 816840 413470 250436 333020 870552 930984 906072 458469 171991 481160 666705 271961 880902 577926 935224 778997 934699 324210 498996 296353 323085 819472 531762 792406 512850
495242 483176 590810 594926 934390 399442 122015 815669 714584 999999999 774597 593174 108308 683141 516266 328646 292855 706868 281584 306036 438924 399183 390791 447541 788896 738292 413436 159810 683413 283458 169241 283268 481833 325830 804510 130654 665197 729534 352423 265389 160705 532318 460310 184104 151131 312560 367350 494568 261874 690166 844526 421724 333844 50816 570896 397960 664878 653754 81068 616908 517066 488953 581195 399648 472366 459382 336093 660409 694133 261679 64483 174302 69281 343610 657262 606729 305138 490619 478085 210510 780669 732640 264099 666528 250344 131251 494887 487453 650063 334345 247963 373198 431459 600779 418434 650578 158531 780510 514052 806776
1132213 409483 1126214 344093 914493 375495 753849 845339 988502 774597 999999999 1067022 666558 1095282 1136935 576855 772191 1038789 954774 889490 336296 624383 411307 1091655 612929 846873 388049 822209 216536 554748 605449 860504 1017374 493037 855794 857650 1323287 997022 1071332 633594 812531 388779 911637 913465 904993 1056139 468717 319293 750039 656934 828523 1049228 887639 742541 727081 416420 932421 146713 834846 611441 257597 1173587 431471 1038854 913781 388953 578160 117807 740057 513218 712007 785416 764934 628593 135319 188619 760799 780087 676389 657130 84305 84293 736272 824493 855470 652310 743327 303618 1307000 555015 1022511 497530 722474 1231190 842536 680316 915455 553512 265452 596552
236994 657551 89796 737625 590991 788018 715088 500074 243398 593174 1067022 999999999 617576 102940 211164 881054 886025 183738 819671 882173 795193 443685 846318 249313 667134 410073 706958 433364 874803 815116 644600 311116 117577 825035 477622 688140 350813 253953 389671 835030 432949 681658 162010 711782 663332 448279 864950 755446 854722 537549 549066 231609 260533 563539 383524 674716 243672 920379 640108 522619 859253 327944 659438 253424 156544 930383 889757 957055 465788 686663 623222 426755 529719 450401 932469 881363 344688 293278 396889 784042 1024904 990888 387293 358335 342968 590014 332914 892213 338678 877349 589104 891977 344577 257273 231295 483915 660026 705963 831599 698455
558700 386219 630468 495509 885479 291792 147623 767986 702624 108308 666558 617576 999999999 698110 575777 265576 298461 706048 356105 351059 330682 339098 290696 511274 712664 698141 307648 205175 577800 205469 61129 310479 515392 234781 759438 216415 739081 717224 438038 217890 200244 435269 468798 274698 251220 406778 277483 388568 262867 624735 791831 479016 359402 81364 524398 294454 648393 545618 178082 548542 408974 566592 490013 459539 479397 364901 274083 552141 640692 153436 50368 194320 113225 284374 549008 498658 291026 461976 427385 169292 672475 624395 245177 629522 283832 39850 457564 382676 723348 264864 355978 291854 394220 665771 414508 590868 260176 698284 405759 727845
334070 688904 172779 756860 522426 842813 804372 444902 174882 683141 1095282 102940 698110 999999999 306267 957780 975457 103270 918307 977486 844838 482796 908368 350569 641645 362088 752930 523988 893870 889741 719474 399906 218742 894380 421755 783710 419516 181042 492467 915951 522453 706565 229644 809825 761321 551218 932810 792907 943202 517879 494511 334473 349461 650099 381128 720777 198525 949792 734522 518071 903530 424000 673800 356364 219794 992116 966569 989865 437139 752477 708353 512442 617532 500281 962768 913868 413673 316047 418964 866597 1046466 1016045 458769 325616 433358 667747 351976 944787 409793 952414 691353 962539 380666 335200 291039 468074 758491 687130 873403 673377
30457 737179 135617 835303 795295 809784 633476 697071 452451 516266 1136935 211164 575777 306267 999999999 837777 796831 394900 686728 766324 828866 526664 846993 71115 832105 604365 753550 370722 967521 781189 619595 283211 146548 806491 675558 578002 188092 463813 214525 779649 375593 771944 263675 586194 540188 278891 848953 817646 770473 700517 744680 96812 249654 503564 536492 723045 444011 992176 538686 667858 902309 117734 769146 116958 269715 928622 845877 1020920 641550 685517 564089 386771 467766 510472 1002129 948363 376169 425983 515081 725143 1108711 1068808 402932 543394 299000 560023 464227 914871 172083 839457 432115 867131 447417 94742 317808 645200 533940 861749 881193 862061
818972 481012 896038 558765 1074587 262747 236205 962934 944470 328646 576855 881054 265576 957780 837777 999999999 195570 956660 392506 314834 308228 542229 178918 771234 847549 907439 361459 467800 580735 72136 238539 575960 780773 108452 959022 339227 993297 958478 680771 71853 463996 520763 728224 382684 394390 637611 111993 417621 176468 792019 977014 741429 624535 334244 732318 373214 887281 504735 343287 714570 356361 817455 594067 720909 738014 190295 8829 486174 830923 233113 274162 459893 370015 496425 500570 467189 544894 695449 635883 122207 615565 568391 499305 845775 549305 291045 681709 279044 978015 22342 540456 79515 622589 925598 669061 772157 405742 815807 377368 853924
772926 629583 881229 722204 1180335 438862 171107 1063745 996876 292855 772191 886025 298461 975457 796831 195570 999999999 994840 213360 121355 486404 633529 367699 726193 985727 996032 519139 452662 762694 228460 312586 575856 774152 287995 1056079 225493 926511 1011652 607655 144534 453373 674643 750531 243796 275431 552602 304510 587215 35949 911122 1085317 705825 626503 326629 821547 522186 944101 694235 258382 833543 544161 750021 742460 682548 762219 385604 195025 678994 934710 360398 272279 463786 358056 580170 691216 654191 583407 759874 724044 150131 808671 760963 538582 927865 543174 337344 756019 472224 912616 217212 423234 275083 692671 874662 703587 881881 285325 962168 560860 996625
420501 639974 267502 695944 419210 815374 825163 343296 72933 706868 1038789 183738 706048 103270 394900 956660 994840 999999999 959074 1009117 811719 447460 888531 429564 550765 263834 717315 552201 831172 886369 718890 429336 282631 883838 320102 817613 521166 77853 562844 921508 548726 651395 247934 849736 801547 617333 919913 748065 961100 432125 392820 406095 381740 668444 312744 685828 110747 895519 766378 442819 864050 511526 610120 425431 235373 971007 965488 938329 347517 739446 723305 532679 638637 475489 909177 862790 415090 275772 370166 875242 984551 957427 461037 237030 464041 672159 304811 913647 510895 948982 748172 952856 347973 433993 291858 385991 800073 599568 831774 582427
658890 739524 794019 845380 1214757 594235 216407 1095973 976678 281584 954774 819671 356105 918307 686728 392506 213360 959074 999999999 106336 640968 680255 543471 616356 1066179 1016645 647570 411864 911572 400332 401284 530680 702287 461834 1084174 151425 784109 991664 476973 325764 417529 788119 711896 109357 157574 414078 489522 725004 218862 971016 1125705 607735 577346 331937 851617 640944 931247 858939 203803 896954 709907 614956 845645 583382 724747 579596 394468 852101 975542 480670 308509 441889 346934 624563 858534 814953 579362 766569 759549 297693 980646 931980 541622 944125 495978 393030 773870 651168 772069 411582 262905 469257 710992 750146 682237 932085 159823 1053922 718968 1082529
739829 716590 865109 816034 1233336 544620 203726 1115107 1019821 306036 889490 882173 351059 977486 766324 314834 121355 1009117 106336 999999999 592262 689035 481106 695270 1060943 1040971 613701 456951 867823 338292 382846 580577 766207 399741 1105255 194035 876269 1034797 562705 256385 460463 763688 761314 181204 226139 502071 420782 686637 139451 975789 1140989 681778 629813 351452 870279 612252 970756 805302 243254 899474 654949 703609 827169 657611 773772 505112 315012 793038 989822 448515 311144 478966 375302 633710 803238 763596 611069 795650 774735 244119 922667 874514 569276 970093 546129 390714 797722 587479 863537 335871 356802 394131 733948 835701 723469 941460 232727 1042703 668725 1074521
820148 205614 839923 256301 824180 47680 429879 723519 778351 438924 336296 795193 330682 844838 828866 308228 486404 811719 640968 592262 999999999 364548 134603 776676 563924 688713 95456 491899 276326 258108 269688 546220 724862 201427 725090 529236 1010713 790140 741526 341966 482748 231990 633430 586634 573698 722524 201544 113763 457145 535620 726703 736303 580713 406257 527148 126048 718852 219258 502147 463639 79112 852015 308124 723021 638711 188092 313478 221504 594502 177250 377126 458285 429201 345581 220655 174169 460343 536180 445352 348645 344410 295810 427062 641327 535631 316171 507837 102634 994414 286799 686622 243938 465822 923561 563898 530923 583782 524010 78164 565107
527600 215482 502245 308640 546953 368497 485375 430241 418019 399183 624383 443685 339098 482796 526664 542229 633529 447460 680255 689035 364548 999999999 446113 493634 395963 366529 270934 316660 441881 470105 322677 280182 396394 453803 423097 529827 714716 430679 521150 524829 306371 245916 287338 582065 543513 533362 485279 312103 597582 291005 452770 449430 288032 348502 190808 239049 358636 477677 479357 218993 420753 586423 246662 445298 289421 526792 550793 513417 301691 310751 378277 272256 338360 55737 489398 437826 166471 171719 93666 490371 587039 550281 170750 303547 292598 299249 146130 466233 698745 529999 579201 522364 102135 618350 218708 252721 548288 397695 390779 417298
833715 329215 878808 390658 943829 95318 346885 838477 863767 390791 411307 846318 290696 908368 846993 178918 367699 888531 543471 481106 134603 446113 999999999 787557 694099 795137 208314 485155 402154 143698 234411 566262 761619 81861 837913 453166 1019963 876624 727446 224863 477906 361927 685362 506825 503766 697461 68090 247977 342231 655827 845850 750971 608339 372059 625799 229759 804527 326885 437644 580927 177609 851554 437736 734209 692771 84065 183055 311952 707249 162262 326361 461269 402649 413043 323545 288389 501876 614629 535693 245881 441619 393605 461108 741319 547993 292943 592184 107699 1003912 156751 634139 109595 541205 940155 618667 644982 514730 656477 198916 696846
47772 698405 190081 800781 813105 755043 563687 709131 479983 447541 1091655 249313 511274 350569 71115 771234 726193 429564 616356 695270 776676 493634 787557 999999999 823712 615702 705382 306231 930085 716241 557455 231497 153951 743844 688604 506925 234137 492587 148473 711861 311951 735909 256831 515272 469145 212019 786472 772831 700144 692951 755168 44235 207058 437114 528172 675736 463043 948373 467930 653158 851715 98101 739480 53742 265732 868206 779223 974737 641286 627190 497134 326291 401489 471051 957657 903584 334567 414227 494173 657188 1067539 1026186 355390 550181 241697 497746 450091 859465 217865 773634 363791 803101 424047 154557 298467 637849 462970 848752 832411 852686
844011 367152 752787 317894 302269 598784 859600 252569 481305 788896 612929 667134 712664 641645 832105 847549 985727 550765 1066179 1060943 563924 395963 694099 823712 999999999 294076 488403 710987 402037 781339 678563 652555 685611 741168 269608 918453 1007597 482938 890148 855201 700954 332341 569403 972984 936738 913749 755800 452299 950655 131618 223311 781683 641922 738168 295996 474341 443604 503219 869910 180289 564947 921800 256369 786127 562543 750925 854742 553887 204511 627232 758187 667182 731969 449184 518231 496053 545828 409502 343987 835727 536253 530348 562617 316033 673453 674213 374746 650217 993465 829207 973853 798752 413712 908842 527005 186913 942133 61518 528668 31734
623220 488615 499774 507183 205027 706960 839805 93445 191622 738292 846873 410073 698141 362088 604365 907439 996032 263834 1016645 1040971 688713 366529 795137 615702 294076 999999999 594925 611863 630922 835450 688100 512408 463265 814667 73848 865706 760819 191110 718176 891310 604321 481671 365651 910905 866507 758467 842547 598592 960202 193882 140319 579775 481305 690325 175737 568128 167317 713670 812986 237911 721340 710588 420316 591566 354511 869907 915898 761630 107082 674648 731391 576417 670519 417065 728486 690399 438157 251538 273397 855740 781268 762751 475090 73506 543220 658837 243451 789754 748437 894260 857772 881919 307105 665870 356124 167459 868513 348381 685318 325111
747083 121543 755730 203140 736324 114361 431343 632852 683078 413436 388049 706958 307648 752930 753550 361459 519139 717315 647570 613701 95456 270934 208314 705382 488403 594925 999999999 436324 270171 299202 251139 473892 642317 253735 633454 520624 938274 694800 684349 378946 426357 159321 545952 579157 558709 672348 267591 81143 486527 447957 638447 663589 503954 372955 431895 32272 623598 250269 485604 373883 152410 785785 233072 652213 550469 276300 368214 270373 502664 167024 357626 398136 389287 256614 257162 203310 379518 442147 350058 371818 376131 330297 350801 546317 467621 282931 412999 198084 921959 342184 655582 310452 372784 848222 476072 439560 567794 454510 127745 493224
353573 466811 433485 579706 814157 463368 281759 695927 565528 159810 822209 433364 205175 523988 370722 467800 452662 552201 411864 456951 491899 316660 485155 306231 710987 611863 436324 999999999 691605 410489 252303 124295 322606 437905 682045 266025 535804 580526 249673 412419 10746 512914 304362 303253 256788 237062 480592 513151 421511 597265 730189 274041 174531 134910 456702 411337 519391 686571 214285 531503 570188 366490 542975 254365 316835 564116 476032 704500 584229 328433 196059 44912 99278 267811 693379 639627 175532 360327 374500 358832 811908 766555 148816 538515 90684 192746 373637 564731 519897 468879 262872 496909 314324 460658 270380 550612 257747 714324 556998 733401
966774 231894 940818 137367 701436 323952 696817 629125 777728 683413 216536 874803 577800 893870 967521 580735 762694 831172 911572 867823 276326 441881 402154 930085 402037 630922 270171 691605 999999999 534300 520657 704213 837961 476383 639332 789673 1155586 785562 932755 618208 681116 195972 725974 848105 828750 928490 470092 189289 733423 440418 613534 886290 723044 641862 518428 286667 722985 106889 755678 396964 227412 1018784 221075 879342 726363 424477 585150 156048 523966 432926 627702 649856 655917 459040 120841 120871 595611 582747 478436 623776 153394 132244 580128 611127 706019 552547 544201 315383 1139510 558721 923562 509937 532656 1059902 659165 464960 837905 344839 203368 388825
763780 416329 833464 500182 1003720 210700 212817 891578 873124 283458 554748 815116 205469 889741 781189 72136 228460 886369 400332 338292 258108 470105 143698 716241 781339 835450 299202 410489 534300 999999999 170598 513291 717370 61842 887426 320050 942208 887069 634650 83928 405710 458068 660485 370443 373297 595962 92272 361719 200431 722251 906288 684452 560887 280368 660256 307881 815750 467235 313216 644623 316882 767961 529866 664810 669968 186682 80756 455081 759644 161566 223302 398451 315391 424372 464971 426266 476232 623795 563762 103802 584595 536334 430972 773649 488258 226194 609695 251196 926645 62744 512614 89748 550796 870794 600068 701293 384568 751654 332462 788845
604342 338390 664788 444536 868525 230695 185810 752599 709284 169241 605449 644600 61129 719474 619595 238539 312586 718890 401284 382846 269688 322677 234411 557455 678563 688100 251139 252303 520657 170598 999999999 345332 548195 186972 745770 269521 788096 723538 493093 205713 245762 386865 490058 328068 308454 464758 229362 331425 276718 598914 773067 522883 391812 140203 512586 240862 653069 485390 235616 521525 347876 617943 446214 504722 499680 311924 247354 491183 622765 92461 108254 233127 168730 271060 488505 438573 306357 462614 414809 167727 612099 563904 260814 622190 322452 59710 452952 322845 772172 233088 417068 249943 391372 711323 430532 569332 317900 659938 345142 691722
273992 472431 320239 578963 717209 526575 404754 601017 446643 283268 860504 311116 310479 399906 283211 575960 575856 429336 530680 580577 546220 280182 566262 231497 652555 512408 473892 124295 704213 513291 345332 999999999 204958 531425 584950 388340 464894 461594 241640 526122 122563 512761 181498 421356 373540 261281 573215 542083 544049 529123 639467 190184 50683 252461 373990 444347 403899 717844 337429 473054 620595 315010 525525 178384 194241 648882 584507 743421 500788 404136 312444 116654 218651 247443 726845 672704 113713 265397 308607 474165 838287 796143 124852 439122 34738 287320 288266 631695 448579 574303 345379 595265 239265 377698 158043 477677 372856 665868 600935 678256
161111 611061 117246 703204 659332 712000 603814 556569 327877 481833 1017374 117577 515392 218742 146548 780773 774152 282631 702287 766207 724862 396394 761619 153951 685611 463265 642317 322606 837961 717370 548195 204958 999999999 732717 535713 572219 327007 340965 280213 730894 323371 642038 118625 594616 546209 335623 773868 699660 743697 554010 603223 124287 156485 455648 390168 610644 309098 871127 525018 522757 794073 247328 632667 142817 123604 845272 789343 903511 495567 599727 516279 321534 420866 389242 882056 829154 264596 280850 373833 678599 983218 945546 301327 399626 233875 491177 319753 817403 311880 778746 472744 797872 308931 227982 179432 498700 542736 715887 769591 715634
790907 374121 849725 450320 975258 155050 269079 865647 865589 325830 493037 825035 234781 894380 806491 108452 287995 883838 461834 399741 201427 453803 81861 743844 741168 814667 253735 437905 476383 61842 186972 531425 732717 999999999 862974 376153 973322 879114 671928 144023 431897 412887 666925 428356 428151 637224 42733 309381 261298 690258 877363 709744 576841 314629 641136 267191 807209 406426 364727 613370 256212 801354 486713 691343 675543 133901 114751 393385 733552 144787 262595 420096 347900 412855 403810 366222 481615 615167 546661 164514 522960 474773 437862 755979 509320 246468 597404 189435 957507 88492 563308 69126 541436 897952 603364 673335 439291 708245 273526 746798
695082 521021 567407 524161 132399 747143 902996 23197 247265 804510 855794 477622 759438 421755 675558 959022 1056079 320102 1084174 1105255 725090 423097 837913 688604 269608 73848 633454 682045 639332 887426 745770 584950 535713 862974 999999999 932931 828265 243302 792021 946762 674229 507545 439434 979288 935484 832192 888633 628473 1020157 200485 72761 653100 554685 755841 235182 608667 233986 728877 880374 262782 750988 783004 440053 665148 428230 909731 967324 778193 130803 725929 794655 645551 737425 475909 743930 709883 507395 322149 332134 913441 785691 771532 542720 145983 615326 719818 310391 824216 816291 944826 930176 929051 373228 734494 429317 194170 937811 329055 714369 298256
552711 602539 672235 711834 1063393 485047 107276 944613 831363 130654 857650 688140 216415 783710 578002 339227 225493 817613 151425 194035 529236 529827 453166 506925 918453 865706 520624 266025 789673 320050 269521 388340 572219 376153 932931 999999999 701362 846362 382835 267474 270594 651625 569686 58554 55345 327111 412129 600639 206316 820794 974286 490595 436946 181344 700199 509734 784248 748300 52856 747353 603759 525250 704889 466651 582312 506711 344318 748211 824174 357359 166364 292686 195555 474231 749865 702401 429176 616177 608220 220311 873552 824877 390616 793370 353695 249983 622715 558356 687615 352638 204523 404131 559712 652224 535532 781163 66638 908521 607010 935754
191202 925084 261052 1023353 938634 989135 774026 850800 588830 665197 1323287 350813 739081 419516 188092 993297 926511 521166 784109 876269 1010713 714716 1019963 234137 1007597 760819 938274 535804 1155586 942208 788096 464894 327007 973322 828265 701362 999999999 597392 319010 930394 542461 960034 445595 696015 655117 375265 1016049 1004057 904345 876205 899858 274766 435724 661841 714354 908231 594425 1179044 670853 849057 1085476 177190 956557 287869 449868 1099768 1000937 1206829 811030 860417 720005 559181 626990 698134 1188760 1134853 563099 607472 700350 875518 1296337 1256069 587570 706800 475788 728483 646633 1093447 16318 997496 521292 1030402 633885 99220 503930 821184 646685 1040800 1065609 1038227
487914 607648 340917 652936 341806 798234 844382 266490 14999 729534 997022 253953 717224 181042 463813 958478 1011652 77853 991664 1034797 790140 430679 876624 492587 482938 191110 694800 580526 785562 887069 723538 461594 340965 879114 243302 846362 597392 999999999 618992 928616 575772 613711 282792 882492 834934 670161 913077 717756 977056 370188 315866 465216 417538 687764 271607 664262 72113 856332 794166 390749 836951 578827 565747 482699 269742 957460 967268 901067 283053 734364 739403 555834 660399 466414 870449 826410 428254 263962 344803 885051 938702 914369 473195 177274 496121 681215 284554 892730 586743 949114 793571 948211 337679 508502 311332 328485 834431 534405 803238 514365
185026 703163 338075 813244 921321 712171 456214 810792 605348 352423 1071332 389671 438038 492467 214525 680771 607655 562844 476973 562705 741526 521150 727446 148473 890148 718176 684349 249673 932755 634650 493093 241640 280213 671928 792021 382835 319010 618992 999999999 615503 259041 746382 353065 381509 338371 64429 714411 759491 585342 763701 853781 158114 248633 357347 602900 658139 579373 934179 351993 711986 819860 142417 764825 137465 364800 802938 688051 953552 725673 575432 411439 286222 325047 484524 941487 887515 354914 488952 547459 560841 1058551 1013952 356942 647871 230010 435489 518496 812166 304975 686765 218238 724112 476795 273421 370335 710466 330634 906163 806370 916804
759628 493247 844584 581267 1066588 294487 165549 952360 914269 265389 633594 835030 217890 915951 779649 71853 144534 921508 325764 256385 341966 524829 224863 711861 855201 891310 378946 412419 618208 83928 205713 526122 730894 144023 946762 267474 930394 928616 615503 999999999 409701 536624 686533 311001 322691 570274 165135 444276 117377 789450 969913 683987 575810 277533 715574 384872 858433 550436 273268 711578 400175 753832 606786 662708 697001 253833 76887 536806 821189 228467 216407 409469 313304 475140 547810 509911 506728 668299 617987 54886 666481 618448 460746 826634 497480 249468 658367 331112 915332 87421 469327 143853 597042 865658 630882 764929 334035 828052 416349 864143
359098 456140 435290 569005 806248 454704 282296 687913 560774 160705 812531 432949 200244 522453 375593 463996 453373 548726 417529 460463 482748 306371 477906 311951 700954 604321 426357 10746 681116 405710 245762 122563 323371 431897 674229 270594 542461 575772 259041 409701 999999999 502205 301137 309276 263264 247457 474537 502973 421790 587681 721822 278805 173154 132630 448066 401187 513984 676572 218457 521585 560912 374112 532243 259652 313476 557309 472294 694794 575475 320409 193654 34321 97515 257278 683460 629666 167204 352803 365117 356457 801800 756534 139132 531045 90011 186083 365355 556440 526498 464598 272971 491600 305596 466180 265061 541298 264589 703995 547406 723252
771756 49173 745694 66983 597415 266663 572479 503069 604234 532318 388779 681658 435269 706565 771944 520763 674643 651395 788119 763688 231990 245916 361927 735909 332341 481671 159321 512914 195972 458068 386865 512761 642038 412887 507545 651625 960034 613711 746382 536624 502205 999999999 530651 709743 682868 747350 424626 123447 641135 310831 501061 691938 528912 485585 342136 152468 546842 244184 610456 245512 244223 826041 76144 685834 531418 419758 527474 287471 379730 315708 485274 469298 492746 265694 257782 212735 402137 391908 287856 525575 343340 309918 390289 446976 517284 402730 354687 323012 943995 501372 759223 467676 337938 864086 463413 315938 690733 295596 207384 335141
274608 502763 215122 590001 568264 626018 579949 458697 268008 460310 911637 162010 468798 229644 263675 728224 750531 247934 711896 761314 633430 287338 685362 256831 569403 365651 545952 304362 725974 660485 490058 181498 118625 666925 439434 569686 445595 282792 353065 686533 301137 530651 999999999 602541 554535 396777 706126 597016 717483 438019 502912 217301 135119 423994 273426 513767 231277 764952 518463 404362 698351 354579 516921 226842 13050 769410 737006 799851 384480 526743 480917 286837 392838 289375 776541 724575 185311 162409 256147 637618 873493 837473 229698 296750 216229 438110 201139 730212 430500 723102 511894 734612 193737 346502 69932 382723 553459 598084 671399 599040
559304 660628 688894 770195 1110453 542038 160020 991697 867510 184104 913465 711782 274698 809825 586194 382684 243796 849736 109357 181204 586634 582065 506825 515272 972984 910905 579157 303253 848105 370443 328068 421356 594616 428356 979288 58554 696015 882492 381509 311001 309276 709743 602541 999999999 48504 321202 462709 659119 232382 872997 1022722 503736 468001 234818 748169 568263 822458 805824 103077 800414 660562 522605 762279 479435 615395 556839 386957 804899 873336 415609 224505 334835 244572 526735 807166 760090 472895 660092 657878 268150 930765 882054 436663 838063 386665 307582 668920 612897 683058 397879 180782 451608 606608 654522 573487 832094 52531 964316 664541 990855
513726 633699 641137 744848 1066995 530679 160734 948322 819962 151131 904993 663332 251220 761321 540188 394390 275431 801547 157574 226139 573698 543513 503766 469145 936738 866507 558709 256788 828750 373297 308454 373540 546209 428151 935484 55345 655117 834934 338371 322691 263264 682868 554535 48504 999999999 279865 465062 639462 258927 833914 980225 456473 419848 200407 705596 545506 775422 791998 73139 762395 649557 480308 732325 432217 567415 559736 399558 794047 831494 399024 201087 290090 205170 488642 794217 745616 428354 615291 616712 274854 918011 869477 393520 793460 338897 280398 625328 607816 641787 407520 149917 458389 563542 610448 526574 791787 11366 930212 650905 955488
249451 702218 400699 814316 962903 690075 407658 850084 656158 312560 1056139 448279 406778 551218 278891 637611 552602 617333 414078 502071 722524 533362 697461 212019 913749 758467 672348 237062 928490 595962 464758 261281 335623 637224 832192 327111 375265 670161 64429 570274 247457 747350 396777 321202 279865 999999999 679200 749911 532059 790208 891492 217283 279560 325429 632984 648051 626616 922563 300980 734024 801493 201595 771991 194866 409127 769965 644514 938744 758289 551327 374686 278824 296332 491760 928954 875458 370121 521092 569763 516199 1048350 1002622 364085 686793 241700 409680 547506 787056 362038 645166 153967 685710 500528 336134 404818 738306 271438 925763 790694 939215
833501 389128 890970 456568 998185 159139 304856 890398 899746 367350 468717 864950 277483 932810 848953 111993 304510 919913 489522 420782 201544 485279 68090 786472 755800 842547 267591 480592 470092 92272 229362 573215 773868 42733 888633 412129 1016049 913077 714411 165135 474537 424626 706126 462709 465062 679200 999999999 314022 281335 711458 900166 752229 618241 357179 670373 285223 841040 392742 403455 635378 244645 844068 499829 733919 714496 94682 115538 374828 758521 180747 304514 462422 390568 446724 388634 355462 520906 649382 577284 195463 504411 456962 477657 785653 551503 288952 630104 167792 1000231 89663 602570 43061 575587 940532 641792 697313 476297 720041 266951 759740
813037 110914 810290 142683 720740 155352 509324 624904 707142 494568 319293 755446 388568 792907 817646 417621 587215 748065 725004 686637 113763 312103 247977 772831 452299 598592 81143 513151 189289 361719 331425 542083 699660 309381 628473 600639 1004057 717756 759491 444276 502973 123447 597016 659119 639462 749911 314022 999999999 555924 433554 624177 730199 568370 453978 447861 101864 648351 175851 566395 365707 122809 856199 198453 720259 600148 298713 423445 203908 499303 244738 438423 473576 469736 310418 184826 130804 441528 477468 377982 443000 299066 254887 417501 558205 538652 364057 444159 199645 987775 396818 736468 356781 413333 911927 527304 435294 648631 410802 86799 452324
747185 595696 851917 689666 1144386 409486 139886 1027801 962306 261874 750039 854722 262867 943202 770473 176468 35949 961100 218862 139451 457145 597582 342231 700144 950655 960202 486527 421511 733423 200431 276718 544049 743697 261298 1020157 206316 904345 977056 585342 117377 421790 641135 717483 232382 258927 532059 281335 555924 999999999 875370 1049378 678444 594730 293505 785659 488676 909262 667591 233847 797823 517265 727419 708332 655427 729060 366388 177391 654160 898762 326220 237973 431014 325685 544249 665107 626669 548884 724533 688138 115710 783842 735824 503883 892138 511754 301614 720375 448212 890190 197006 408467 255312 657081 849928 669603 845979 269410 927628 532543 961811
712610 330007 622311 323782 288614 562289 772259 193352 366249 690166 656934 537549 624735 517879 700517 792019 911122 432125 971016 975789 535620 291005 655827 692951 131618 193882 447957 597265 440418 722251 598914 529123 554010 690258 200485 820794 876205 370188 763701 789450 587681 310831 438019 872997 833914 790208 711458 433554 875370 999999999 191108 651238 515071 639452 164808 426628 322301 528439 770351 77875 555054 791051 240653 656339 431017 722871 799876 577709 88277 562072 666806 554770 628938 346563 543481 509644 426621 279078 223445 763087 589013 572644 448557 195129 552197 585149 245769 631912 862010 775757 859041 753331 290062 777377 397453 55324 838367 169497 518209 162022
763417 521091 638859 508390 98027 752808 937598 49616 320008 844526 828523 549066 791831 494511 744680 977014 1085317 392820 1125705 1140989 726703 452770 845850 755168 223311 140319 638447 730189 613534 906288 773067 639467 603223 877363 72761 974286 899858 315866 853781 969913 721822 501061 502912 1022722 980225 891492 900166 624177 1049378 191108 999999999 718550 612440 794884 274631 616224 305443 708601 922200 264971 745106 850488 428949 729580 492245 913809 985077 758793 151188 744986 829853 691703 778955 507575 723743 693997 554667 374209 366790 939844 754786 744756 586759 206197 668433 751990 356576 822889 887712 961588 983330 941624 416882 805530 486843 205101 983211 284745 708211 248450
83848 654702 187139 756711 779204 715773 540348 673199 452051 421724 1049228 231609 479016 334473 96812 741429 705825 406095 607735 681778 736303 449430 750971 44235 781683 579775 663589 274041 886290 684452 522883 190184 124287 709744 653100 490595 274766 465216 158114 683987 278805 691938 217301 503736 456473 217283 752229 730199 678444 651238 718550 999999999 163272 407341 486591 633681 431091 905581 448720 610160 810774 140727 695244 24353 226986 832325 749572 932504 601478 589828 468056 290241 371505 427305 915011 860991 290957 372231 450512 629635 1024282 983177 313059 512852 203252 463283 407515 820557 258449 742881 363071 770321 380213 189211 255502 596266 451206 805870 790862 810440
244933 491430 273008 593972 686286 563910 455406 571900 402682 333844 887639 260533 359402 349461 249654 624535 626503 381740 577346 629813 580713 288032 608339 207058 641922 481305 503954 174531 723044 560887 391812 50683 156485 576841 554685 436946 435724 417538 248633 575810 173154 528912 135119 468001 419848 279560 618241 568370 594730 515071 612440 163272 999999999 303006 354775 473393 362867 743333 386560 464673 653231 298400 534615 157357 148116 691566 633132 771399 479033 446097 362796 166543 269315 264035 753040 699154 127759 241772 300718 524170 861297 820540 153753 408801 83977 334693 269981 669377 419455 622307 380454 641612 229618 344279 125627 461883 418556 659777 631637 668950
484821 436557 567917 549070 885281 369625 156869 766637 672877 50816 742541 563539 81364 650099 503564 334244 326629 668444 331937 351452 406257 348502 372059 437114 738168 690325 372955 134910 641862 280368 140203 252461 455648 314629 755841 181344 661841 687764 357347 277533 132630 485585 423994 234818 200407 325429 357179 453978 293505 639452 794884 407341 303006 999999999 521710 355371 621840 617380 131743 566104 485167 487928 532535 386672 435619 445816 342319 626920 644288 230180 61149 137661 35855 292889 621712 570121 260692 444210 428223 223948 744450 696885 217982 618993 221795 90840 446885 463033 646281 336605 282884 368810 383241 591584 377827 600150 207123 730187 479335 756179
548027 337188 464601 383522 363573 540746 667840 244984 262137 570896 727081 383524 524398 381128 536492 732318 821547 312744 851617 870279 527148 190808 625799 528172 295996 175737 431895 456702 518428 660256 512586 373990 390168 641136 235182 700199 714354 271607 602900 715574 448066 342136 273426 748169 705596 632984 670373 447861 785659 164808 274631 486591 354775 521710 999999999 403025 205346 585213 647945 139259 568562 626270 297390 492143 266784 703032 740821 629557 127829 499890 559524 417429 504709 241715 599210 554810 281338 114881 97778 680285 671811 645174 312163 115524 400252 484845 85724 629545 699859 719513 713300 708959 142531 615247 233946 109686 708618 326457 534037 325642
717030 108512 723814 204676 714230 138860 424577 608854 652399 397960 416420 674716 294454 720777 723045 373214 522186 685828 640944 612252 126048 239049 229759 675736 474341 568128 32272 411337 286667 307881 240862 444347 610644 267191 608667 509734 908231 664262 658139 384872 401187 152468 513767 568263 545506 648051 285223 101864 488676 426628 616224 633681 473393 355371 403025 999999999 592888 276142 472393 351258 184586 757193 222111 622731 518238 301813 380405 299106 477900 163763 344794 372040 369407 224406 283961 229800 348344 410460 319460 373147 400653 355819 320663 517892 439135 266742 381796 228507 891920 354948 636907 327525 340773 817660 443875 415355 554218 443806 158995 481062
