NAME : synthetic_000780
TYPE : CTSP-D
DIMENSION : 100
GROUPS : 8
RELAXATION_LEVEL : 1
EDGE_WEIGHT_TYPE : EXPLICIT
EDGE_WEIGHT_FORMAT : FULL_MATRIX
EDGE_WEIGHT_SECTION
999999999 73180 343517 125836 380849 917314 805672 143539 377414 715066 277746 458446 403496 284601 450503 264374 479788 553721 114743 375497 389181 275680 835959 112676 522648 755366 40011 680525 842593 467229 577055 107941 887200 256792 546985 447044 828749 300594 296617 763054 421681 394610 444655 703426 222971 350350 851100 65278 263351 281239 435548 534009 108716 749633 117822 326096 784721 758787 546182 259135 567648 699029 366199 628530 817919 613008 822853 309959 172786 930326 808145 18953 647073 502551 211632 809419 559866 830243 491733 365351 674521 947963 772448 747135 796363 329215 150293 369228 444983 380387 325381 852920 264566 718644 825998 783389 842322 878545 815235 356855
73180 999999999 295066 113217 413715 888776 811176 175396 415005 688798 206985 521090 342213 271106 510143 264892 496450 608316 118539 441830 461480 342587 812745 176526 459790 788937 60787 673849 871000 505275 633570 35640 868685 290014 596046 375488 870007 298357 355537 726759 411739 357790 371647 665684 294044 293526 862835 85229 194131 208207 490939 498534 43020 794771 190709 396384 823461 801475 504717 328880 533880 657564 309338 591589 802428 670000 794466 237104 245568 901527 771654 83054 618128 493469 260585 844327 534459 863946 554631 438400 645258 936185 732706 724217 774801 279631 82748 342124 371818 439557 252407 856704 330188 680646 820649 818883 857866 926408 843226 399108
343517 295066 999999999 398441 406638 609627 629491 470450 426983 418523 178113 630828 106713 163524 604161 214656 399803 661719 410617 585529 654643 506871 545601 377664 210947 721313 352637 460644 774418 496611 694412 284375 611023 335538 622812 243828 831253 210780 476117 437862 232539 88662 286969 375670 495083 52881 700431 379963 311017 255214 565669 216230 252933 780639 443077 575089 776388 774854 212524 589893 253465 364075 57440 303727 554731 729669 517084 270201 471907 621767 482113 337971 344522 295737 374897 778122 275104 790894 661711 666095 369934 693962 440168 460485 512575 16271 221052 120885 302236 723318 229415 666160 489910 390184 601906 757329 710177 916597 746912 435216
125836 113217 398441 999999999 506300 999539 920997 94181 503242 800505 275089 571296 429184 384018 567098 374844 600672 674095 26702 483282 475270 384521 925007 232596 541080 881125 86237 786540 967732 593062 695821 114215 981631 381979 670477 429803 954132 409338 415625 834541 524573 467168 411144 772885 322109 388557 970148 63831 199565 243630 555983 607579 149129 874177 200257 424385 910438 883944 610511 301757 643499 762515 403869 699506 915608 731193 905406 266170 264786 1012187 879208 144781 729214 606309 336709 935245 646634 956023 603898 430878 756185 1049385 838485 836616 887392 382440 177416 454506 406000 374704 298968 967144 376073 787650 933233 909223 963252 1001962 940280 482511
380849 413715 406638 506300 999999999 713753 466911 505091 29224 525080 505831 261156 513267 244110 226151 198792 138017 257126 495038 264240 375951 251698 613457 289851 609064 375569 420072 400056 461922 96027 290637 440394 636904 124506 216285 639278 459308 195860 181902 621109 242036 368917 670014 579983 301372 454537 493358 445637 581331 560957 179791 439521 407268 391257 367698 304360 410764 393263 482567 453352 452866 598802 463194 515964 560265 324783 628605 588893 333325 726925 660881 361932 484842 277728 181231 430659 401047 450586 284772 438223 508279 663536 649501 534513 570239 406439 422406 311142 680662 613142 572559 517153 239674 593981 524291 405169 476477 526908 434712 61065
917314 888776 609627 999539 713753 999999999 413759 1058204 742444 203051 778742 964182 629330 635869 926895 669964 584834 902772 1007314 977934 1087308 949811 103473 900124 584213 721222 938598 330348 686048 734570 933605 886222 131250 757827 840779 746713 841146 634482 886448 185617 513250 532800 804837 245214 978072 637556 489799 968692 914271 853101 879680 393854 850427 858149 984195 1011392 792054 831147 402649 1115707 357038 274658 625950 308367 185011 953745 94478 860110 984370 13361 152720 905333 270751 445624 832159 753922 357766 746561 980390 1139381 243529 223320 207535 180372 145342 625837 825374 548481 824349 1270714 811905 396978 934504 234006 292186 752235 532730 954086 672542 774359
805672 811176 629491 920997 466911 413759 999999999 945082 488148 347319 800617 658886 708642 546212 622791 546410 335149 560876 917548 705022 822427 716185 323214 739848 735173 316997 839829 180084 272289 435696 585664 825436 286228 567439 499935 855553 430920 513007 645473 458780 411177 542783 907394 468536 768271 679051 86341 869510 921256 875543 580969 471924 786663 460344 823963 761128 385311 430297 517655 920171 447392 509170 676197 462783 232743 596148 379378 895133 797569 422789 470604 788332 384030 335676 639346 342919 385909 333744 664272 896381 382068 245849 500760 310404 297478 641293 781094 514092 924709 1080052 857955 50391 705399 472427 121901 344315 122264 543593 259465 522435
143539 175396 470450 94181 505091 1058204 945082 999999999 496671 856572 364154 525553 512828 427812 527087 407457 615112 639582 69744 433274 406451 339409 978402 215687 627671 872844 119916 823629 965195 583495 657708 191430 1030477 385053 644443 522727 935018 443838 383999 900037 565217 530641 505231 839444 270696 467430 987186 90767 293412 337399 523478 671180 217898 850503 151831 366765 895151 863583 679393 216968 705812 832377 483128 764975 961416 691564 963730 360312 212592 1071125 945045 158815 787554 646027 325392 924754 701435 946907 556627 351363 814912 1091442 907145 889583 939133 455027 254073 509731 500180 280688 392173 992941 334657 854508 968752 898210 976010 972998 938456 471024
377414 415005 426983 503242 29224 742444 488148 496671 999999999 554232 518355 232256 533310 263622 197564 215641 163974 234824 490592 235805 348480 228291 641923 280994 631570 378172 417109 427239 468528 90329 267811 443231 664403 125413 198600 656251 455118 216669 157772 650302 270120 393089 685148 608987 281564 473728 510910 441476 588088 570706 151615 467393 411576 382850 355414 278284 408640 387281 509880 433646 481322 627530 482993 544652 587719 302754 657579 599111 317074 755599 690102 358465 514029 306950 171281 432005 430036 452944 256392 412815 537496 689153 678596 563373 598724 425949 429339 335397 695186 592741 584946 538505 217251 623021 549260 405997 491973 517347 441806 34615
715066 688798 418523 800505 525080 203051 347319 856572 554232 999999999 593441 782286 455470 432898 745581 467153 405395 735995 807211 787412 893512 752728 127102 697328 437780 606970 737257 191138 599851 558933 768562 688055 196651 558460 675846 587946 732311 431883 691544 117783 311790 336579 645305 122184 777834 452719 433631 767524 728400 669691 698099 203853 651464 729780 781215 816020 678170 707348 227015 913582 166732 163619 443012 140246 158653 792833 109394 680102 782337 216267 145003 702791 74245 249438 631869 650355 155202 649362 801526 941550 51750 292574 158445 48587 97798 434403 628507 347119 664494 1067988 633803 356591 737002 125136 253676 642148 466827 842669 579891 584437
277746 206985 178113 275089 505831 778742 800617 364154 518355 593441 999999999 681056 161707 278344 662182 310169 538362 742724 295419 614850 654579 520846 720434 360595 266814 857971 265950 636151 922568 601669 772482 178040 787651 401278 715848 169596 958130 326215 513894 600364 392696 266329 175987 537827 485420 141331 867704 283590 135549 77101 632576 389659 169262 896213 395089 582625 905823 895738 376203 535816 426920 519144 152895 470390 732622 809159 688081 94570 444168 790386 642972 282471 519197 464944 408054 915159 453075 930727 714285 641174 543622 871943 596159 636732 688814 163616 128153 286554 181752 641086 66738 839370 505823 551322 778951 892231 873656 1032316 894590 515169
458446 521090 630828 571296 261156 964182 658886 525553 232256 782286 681056 999999999 733180 470850 37446 417498 379474 134425 550053 94198 186895 187297 861852 346121 841195 437735 495587 639190 543381 232094 139951 555817 875673 295345 174494 838130 452348 430732 167919 881462 501665 612683 856410 841119 254871 671174 656245 508607 714224 715510 84520 698181 536039 359223 375814 168712 429058 382174 739100 368061 713252 859745 682940 776841 799392 169535 882827 745356 313019 977103 920536 442366 745322 537770 273021 474213 662196 499595 33610 276997 768231 885281 910470 787639 819075 626252 567079 556228 862802 500494 744094 707940 195272 855077 743173 448451 624854 462441 523021 208325
403496 342213 106713 429184 513267 629330 708642 512828 533310 455470 161707 733180 999999999 269690 707645 319655 502767 767906 446688 683359 745191 600023 580428 458556 119751 822805 402919 533081 871382 603284 800446 321440 652095 438063 729482 147533 934838 317412 574874 446928 329842 172346 199005 385019 580883 62269 784061 426049 292241 228537 670220 255253 299514 886157 513609 667168 879564 879657 229569 660110 290612 362533 50527 322910 604807 835854 541778 231798 550978 640364 488029 402315 382302 383184 471098 879284 332478 891106 764594 748560 404009 743842 439105 501724 553021 107747 259945 220037 216821 781468 182912 741389 583385 397609 666974 859188 797583 1021883 844225 540648
284601 271106 163524 384018 244110 635869 546212 427812 263622 432898 278344 470850 269690 999999999 442740 53805 260147 498253 385594 433081 514144 364545 551916 269110 371230 579924 310930 402806 644853 336191 530897 280951 602666 177788 460377 396629 682677 49669 323455 492078 140644 147821 430875 436211 367937 210434 604585 341600 381558 345100 403069 268159 242020 625678 350286 433244 629417 622551 294521 488632 296962 439930 219383 361818 534013 566204 541690 369643 359661 649029 536820 271103 367801 222365 230712 637126 278309 652444 500929 539889 395262 665990 507664 463147 511956 162419 234986 99165 443052 638421 343809 589946 347401 451569 549673 614495 605354 762086 616827 271934
450503 510143 604161 567098 226151 926895 622791 527087 197564 745581 662182 37446 707645 442740 999999999 389885 342281 116439 546981 107699 213911 187907 824512 337837 813823 409496 488687 601748 514725 194679 130691 544254 838232 269759 145879 816417 432258 401081 154616 845441 467589 582555 836742 805740 258091 645916 621822 503727 701785 699920 47483 664599 522328 340335 375766 183003 405380 361065 706254 382399 678886 824950 657233 742116 761947 164696 845777 729683 314995 939804 884264 433657 709396 501785 255684 448496 626902 473670 59215 301638 732093 848197 874822 750540 781759 600264 551550 525668 843825 521274 726169 672018 192762 819604 706091 422333 591276 450794 493507 175722
264374 264892 214656 374844 198792 669964 546410 407457 215641 467153 310169 417498 319655 53805 389885 999999999 238392 449064 372713 379423 462195 312730 581931 230176 423956 550720 295579 416189 622013 293430 481251 281220 627871 123984 413923 440786 648118 36704 269879 534145 160223 200801 471347 480277 320225 259026 598572 325887 400109 370881 351013 314714 243096 586633 314534 381254 596231 585607 344383 447500 341136 486592 269136 406784 556611 516947 576519 397369 316877 683243 578442 248656 405763 239365 179514 607734 315037 624488 447829 491161 432967 684439 552092 493759 540744 211910 245272 149256 482279 600840 376772 592315 295633 495565 561663 584112 595294 722931 593946 221017
479788 496450 399803 600672 138017 584834 335149 615112 163974 405395 538362 379474 502767 260147 342281 238392 999999999 334075 593936 398074 512160 389413 482840 405886 577887 322132 516354 263943 384996 153750 367544 516653 501448 232910 276720 643509 432104 213899 319887 510471 179089 335962 683831 477439 436053 452344 372075 544819 637742 604766 294953 362175 479449 388687 489219 442091 376817 378906 411021 587152 365529 502558 456634 422268 424738 395108 503693 629707 462772 597802 546942 461629 376604 173969 304198 379196 303494 393322 396913 576210 396885 525530 543100 408349 439907 405083 483653 283029 697532 747452 603411 384792 376927 490144 386400 357772 362672 522384 356939 198227
553721 608316 661719 674095 257126 902772 560876 639582 234824 735995 742724 134425 767906 498253 116439 449064 334075 999999999 655309 223305 320839 302130 799308 442059 866032 309520 592924 572510 415192 182832 34079 641073 802314 341521 62473 887927 317989 451484 258529 843934 490718 625880 913793 811426 372830 707931 546163 610317 795816 787705 118211 686748 615564 225106 487781 298899 295440 247764 732619 498594 695038 835673 717513 754431 727943 67951 828679 817063 428733 915157 879318 536013 710645 506629 348101 342124 636002 367635 120470 411348 730546 798195 877096 733376 757927 660380 640880 568109 922630 634656 808448 607769 305140 824205 657407 316923 510794 334956 396714 229251
114743 118539 410617 26702 495038 1007314 917548 69744 490592 807211 295419 550053 446688 385594 546981 372713 593936 655309 999999999 461067 450071 362905 930888 215531 560184 868762 77811 786911 956932 579913 676304 127034 986009 371291 653558 452992 939171 407981 396810 844706 525605 476092 435834 783406 299114 403722 964698 49497 225527 267780 537411 616804 158325 858064 176726 400735 896363 868620 621774 275062 652290 774308 419239 709547 918926 711405 912998 291075 241325 1020066 889532 133457 736656 607232 322057 922380 652711 943524 582416 404498 763794 1051583 849862 842276 892676 394821 190702 460337 431121 350316 322431 964245 355116 798298 933267 896203 956584 984743 929640 468565
375497 441830 585529 483282 264240 977934 705022 433274 235805 787412 614850 94198 683359 433081 107699 379423 398074 223305 461067 999999999 117419 99848 877679 265304 796278 513682 410977 662015 618135 269328 233097 477198 899487 255921 251592 777343 539955 399687 109771 878761 489534 579890 790832 833425 162957 621112 712376 421598 635950 642553 131384 680314 461145 447909 285193 75618 512546 468749 716954 275428 699787 847812 634097 765078 822775 263653 892160 672382 221377 991120 919974 360645 742807 538337 212487 554632 655501 579630 123601 198251 767429 919697 904418 798462 834468 578882 495161 526039 795711 414022 675465 755082 111674 848011 778353 528262 684859 555559 595896 203595
389181 461480 654643 475270 375951 1087308 822427 406451 348480 893512 654579 186895 745191 514144 213911 462195 512160 320839 450071 117419 999999999 149603 988217 294055 862280 623272 417752 775718 728606 386739 321769 496847 1012815 344368 359526 822596 637998 487807 202207 980061 588944 661850 828252 931889 169207 683845 829244 419944 651536 669349 246261 773079 489663 544455 278015 80941 615927 568455 806000 208044 795492 943323 698050 861347 936151 345432 999825 698490 216708 1100571 1022323 378641 845074 644115 283563 660958 756038 686297 203338 91517 870500 1035688 1003502 907194 944977 645773 528256 611421 830489 318453 709658 872497 166754 946784 894651 635081 801045 639578 707398 314891
275680 342587 506871 384521 251698 949811 716185 339409 228291 752728 520846 187297 600023 364545 187907 312730 389413 302130 362905 99848 149603 999999999 852810 166185 715832 565542 311174 648116 666419 291383 318598 378065 882829 197057 315291 685855 609002 339091 70740 835100 444302 512248 696530 785431 70804 538181 735243 322342 536703 545075 190033 624749 363398 520178 188715 68776 575195 537046 656822 212681 648104 795598 551983 714046 806645 352176 860397 574833 127091 963145 877974 260992 701133 504396 133990 611977 611237 636012 219511 189833 727080 914433 857225 769449 809699 498609 398658 461984 700603 367877 579908 766566 17157 800451 775812 585186 712927 636986 642010 193824
835959 812745 545601 925007 613457 103473 323214 978402 641923 127102 720434 861852 580428 551916 824512 581931 482840 799308 930888 877679 988217 852810 999999999 811269 553920 623105 859683 226877 594144 631703 830132 813201 78257 663221 737306 709268 744694 545756 788252 172820 422725 463101 767062 215747 883840 579573 404038 890130 855464 796576 777395 330779 776205 758012 896348 913218 694339 731705 350971 1024294 293553 254514 569631 259516 90549 850347 63644 806612 892970 115898 164154 822942 201284 350608 738331 658227 278375 652309 877620 1042618 177118 184402 210047 88827 43241 561459 754313 470622 786405 1180950 759981 314033 837832 210176 205125 655115 444757 857471 578890 674300
112676 176526 377664 232596 289851 900124 739848 215687 280994 697328 360595 346121 458556 269110 337837 230176 405886 442059 215531 265304 294055 166185 811269 999999999 577678 657784 151102 633543 749522 368297 464782 211930 854491 173072 438119 528593 724204 265770 184195 761164 388571 405764 534885 705157 125116 399033 776834 168778 370652 379741 323852 536356 198165 642551 86256 223061 682362 653417 558443 219719 565998 707425 414093 630560 781557 500605 806689 409392 94358 913408 805862 96246 635206 464229 109733 710279 544741 732097 379505 290065 662529 904451 776442 723424 769674 366334 235131 366406 537827 370684 416888 788803 153677 720522 774701 683857 763514 769478 722770 255944
522648 459790 210947 541080 609064 584213 735173 627671 631570 437780 266814 841195 119751 371230 813823 423956 577887 866032 560184 796278 862280 715832 553920 577678 999999999 889501 520577 555213 926726 694227 899291 437040 630317 546137 823335 166191 1006967 415365 686981 398691 398992 243757 223410 341831 699267 178877 816116 542606 383794 320077 774245 263256 417466 966321 633337 783551 950729 956640 219586 779763 290155 309556 164298 297549 595404 933805 505474 314266 670436 593710 434028 521859 371302 433883 585025 944594 349297 953848 871756 867743 386840 730146 380577 486286 534172 217553 377109 300453 242785 899346 265544 761414 699014 351222 674669 926580 835676 1100246 900612 642651
755366 788937 721313 881125 375569 721222 316997 872844 378172 606970 857971 437735 822805 579924 409496 550720 322132 309520 868762 513682 623272 565542 623105 657784 889501 999999999 794912 416166 105784 289491 322056 814628 599035 500015 263749 965140 125616 531766 501618 724736 493870 652895 1005960 714264 632834 774023 269307 819616 949235 921493 383559 648534 780241 144987 726963 585360 71555 113646 699470 777193 639704 749429 777762 681146 536236 318673 670526 947568 679794 731498 748107 736414 613541 458409 548290 57202 571131 75022 429324 710833 623433 561499 764848 584745 589236 727031 791441 602816 1019639 925892 923711 352399 561589 722903 435819 37297 225971 236056 88236 401881
40011 60787 352637 86237 420072 938598 839829 119916 417109 737257 265950 495587 402919 310930 488687 295579 516354 592924 77811 410977 417752 311174 859683 151102 520577 794912 999999999 710695 881583 507020 615880 88464 913018 295786 586826 433130 868745 331158 335298 780191 450107 410802 425907 719702 254808 353513 886925 30670 234121 259151 474718 551290 103442 789619 140742 358356 824634 798798 560111 271547 585896 713147 369358 645164 844922 651703 844137 286727 201300 951490 825212 58820 667889 531535 251637 849095 582223 869821 528717 386959 695218 976524 787645 770904 820787 337542 143510 390220 424669 378770 307300 886623 300883 734791 856787 823105 879025 918397 854159 396809
680525 673849 460644 786540 400056 330348 180084 823629 427239 191138 636151 639190 533081 402806 601748 416189 263943 572510 786911 662015 775718 648116 226877 633543 555213 416166 710695 999999999 410937 407591 603258 682989 237549 470266 510454 679020 541345 379946 580292 308887 262177 372322 732081 304204 687687 507981 263002 741228 762480 712517 555114 291962 644130 542139 719778 704134 487511 518425 337608 834949 267465 342536 503700 287083 160861 623628 261778 729935 705558 342666 332280 664815 210293 180554 546139 459231 206113 458558 653391 836995 213705 271036 349491 170378 186147 473683 632465 351774 749832 994693 690052 208454 634399 311000 146941 451125 288503 652087 389975 461004
842593 871000 774418 967732 461922 686048 272289 965195 468528 599851 922568 543381 871382 644853 514725 622013 384996 415192 956932 618135 728606 666419 594144 749522 926726 105784 881583 410937 999999999 383095 426903 894613 557931 585824 369186 1016923 170720 598878 600816 716428 542302 699197 1061305 715136 732471 827262 203107 907504 1022089 989735 487426 674013 858819 231709 822010 689014 142131 198283 724387 878773 659593 753156 829211 692514 504101 421616 647796 1014494 777482 695026 734020 823705 619103 493159 639803 88178 591395 68777 535094 815717 624493 504096 757894 570308 565410 781936 866437 653785 1076133 1029163 986983 295412 661565 721815 394022 105162 157475 278901 28072 495114
467229 505275 496611 593062 96027 734570 435696 583495 90329 558933 601669 232094 603284 336191 194679 293430 153750 182832 579913 269328 386739 291383 631703 368297 694227 289491 507020 407591 383095 999999999 216802 533251 643657 215433 130671 732645 365088 286935 222239 664039 309424 451274 764721 629643 353231 545897 446088 530967 676558 656940 149014 504370 501140 295257 438948 327982 318311 297944 550808 503265 512214 653172 553723 571722 567463 247109 655784 684912 395290 747348 700690 448293 529648 324279 258820 342486 453431 363919 245965 462575 550396 654725 696183 560272 589242 497566 517641 393931 775702 659184 668405 485759 283918 642660 512717 316291 421960 430888 357082 112474
577055 633570 694412 695821 290637 933605 585664 657708 267811 768562 772482 139951 800446 530897 130691 481251 367544 34079 676304 233097 321769 318598 830132 464782 899291 322056 615880 603258 426903 216802 999999999 666804 831605 371716 93029 919254 317220 484450 280599 877027 524793 659508 944304 844969 388691 740244 567172 632200 822542 816021 142768 720815 642307 223452 506255 308345 300543 249413 766698 507948 729015 869431 750008 788279 757663 36782 860417 845498 445686 945909 912132 559665 744014 540372 374299 349882 669799 375409 118432 413148 763725 824951 910412 765226 788984 692833 668662 601732 952852 638765 837944 631782 323183 857683 684762 325711 530376 322564 410103 260753
107941 35640 284375 114215 440394 886222 825436 191430 443231 688055 178040 555817 321440 280951 544254 281220 516653 641073 127034 477198 496847 378065 813201 211930 437040 814628 88464 682989 894613 533251 666804 999999999 871407 317846 627256 344669 898313 312803 389730 720367 421045 353522 338341 658679 329622 276808 879685 106055 158782 173399 524068 493695 38931 824469 224607 432020 850952 830353 496312 359863 529783 648413 292382 585365 806848 703324 792236 202022 280683 898804 765013 118645 616246 502457 292994 870417 534941 889564 589385 472302 643081 942103 724312 725106 776225 268434 63700 343602 337864 463863 219360 870085 365534 673438 829930 845225 876337 956858 866726 428864
887200 868685 611023 981631 636904 131250 286228 1030477 664403 196651 787651 875673 652095 602666 838232 627871 501448 802314 986009 899487 1012815 882829 78257 854491 630317 599035 913018 237549 557931 643657 831605 871407 999999999 699007 739855 783769 716406 591237 815998 250492 467657 526095 841337 293778 918877 647690 359568 943638 921924 864305 791890 399215 833711 739007 940389 940369 669019 710718 423530 1063127 362510 332755 638537 334167 76712 848873 138607 875612 932357 138513 237957 873255 270066 390266 774869 628630 338194 619962 888765 1072325 248270 106982 286535 151062 99188 626570 814171 527809 860594 1221564 829774 266360 868605 288421 164413 628561 403123 829270 545692 697944
256792 290014 335538 381979 124506 757827 567439 385053 125413 558460 401278 295345 438063 177788 269759 123984 232910 341521 371291 255921 344368 197057 663221 173072 546137 500015 295786 470266 585824 215433 371716 317846 699007 999999999 316450 548777 580469 144439 146916 638235 248012 323994 572602 588382 220624 376220 603839 321815 463630 449026 234420 428779 286275 507718 256526 263915 533464 512673 462865 364814 451288 599004 387730 517198 624054 408276 666968 477935 235430 771186 681300 237928 504773 312691 75972 554900 414555 575022 326541 383617 530978 740899 660169 577903 620480 330939 305300 270307 581178 524426 467199 616673 180540 603396 607524 529254 591214 641490 558445 114811
546985 596046 622812 670477 216285 840779 499935 644443 198600 675846 715848 174494 729482 460377 145879 413923 276720 62473 653558 251592 359526 315291 737306 438119 823335 263749 586826 510454 369186 130671 93029 627256 739855 316450 999999999 854694 293716 412078 260606 784915 439933 581044 883679 753926 385548 670810 488268 606748 778388 765475 125668 634015 599000 206183 493240 325178 261766 221757 680940 521761 640539 779254 679459 698669 665539 118389 767389 794349 438243 853121 819633 528620 652510 450381 336335 303052 579962 328099 169977 447486 671795 736156 818728 672207 696066 622724 621012 523497 893559 665465 782251 547302 314905 766437 595192 276733 454409 331574 348545 201638
447044 375488 243828 429803 639278 746713 855553 522727 656251 587946 169596 838130 147533 396629 816417 440786 643509 887927 452992 777343 822596 685855 709268 528593 166191 965140 433130 679020 1016923 732645 919254 344669 783769 548777 854694 999999999 1074456 446174 673130 561181 474649 319110 58135 502231 653674 191166 931471 448180 244584 187558 783138 394960 338782 1021476 564574 749239 1019835 1016938 361495 704219 428118 472607 187825 449830 741940 955475 664666 171038 613564 756674 598185 452062 517039 530543 566882 1021947 476053 1034614 870819 810758 536215 879697 545394 635624 685650 238714 297749 363423 77641 802833 130950 887469 670301 512772 810193 1001133 945108 1157765 989586 658683
828749 870007 831253 954132 459308 841146 430920 935018 455118 732311 958130 452348 934838 682677 432258 648118 432104 317989 939171 539955 637998 609002 744694 724204 1006967 125616 868745 541345 170720 365088 317220 898313 716406 580469 293716 1074456 999999999 633404 552784 850091 608786 767322 1112642 839866 679237 883483 370665 891060 1040496 1017783 419167 770956 866149 93773 784829 615149 56626 71960 821852 813808 763419 874927 888340 806088 656591 299825 793761 1044957 731408 850996 872922 809940 739033 579321 617440 88112 694997 102026 435084 728962 749046 670521 890312 709271 712031 835742 881611 715117 1125418 952610 1024580 460491 608452 848519 552120 90305 325033 112946 174102 472155
300594 298357 210780 409338 195860 634482 513007 443838 216669 431883 326215 430732 317412 49669 401081 36704 213899 451484 407981 399687 487807 339091 545756 265770 415365 531766 331158 379946 598878 286935 484450 312803 591237 144439 412078 446174 633404 999999999 291248 501582 123630 182065 480511 448922 351381 259087 567277 361581 424384 391025 359816 285737 274226 576011 350592 407012 580361 572983 318511 481950 310305 457030 267400 376207 519909 519402 541276 416343 350933 647781 545598 285081 371712 202689 207906 588949 280835 604688 459832 520978 398765 647856 520822 457728 504431 210833 272878 126566 492600 636238 392117 558348 322166 464135 525699 566047 565601 712420 570816 227620
296617 355537 476117 415625 181902 886448 645473 383999 157772 691544 513894 167919 574874 323455 154616 269879 319887 258529 396810 109771 202207 70740 788252 184195 686981 501618 335298 580292 600816 222239 280599 389730 815998 146916 260606 673130 552784 291248 999999999 778085 387110 470541 689575 730602 131702 512604 664815 351885 547543 547621 140635 574164 368593 466780 232636 124977 515779 480999 609402 281049 595147 743192 525333 660822 739590 316419 798239 577462 179210 899746 820207 279462 642931 442257 106270 549905 554109 573412 201456 256749 668305 845325 802059 706148 745048 469767 399178 417214 695558 437906 576465 695857 61692 745408 706188 523102 643004 589454 575853 123227
763054 726759 437862 834541 621109 185617 458780 900037 650302 117783 600364 881462 446928 492078 845441 534145 510471 843934 844706 878761 980061 835100 172820 761164 398691 724736 780191 308887 716428 664039 877027 720367 250492 638235 784915 561181 850091 501582 778085 999999999 391150 369396 619294 62588 852854 460278 544558 809449 735427 673183 798141 229077 686451 846647 841735 900777 795909 824627 225833 980491 196013 89207 447652 135171 245347 902727 113213 678573 850661 195504 45094 753014 136287 343692 708206 768054 224032 766825 902679 1021139 113680 357164 41981 148376 172690 454114 657861 396570 638807 1129992 629839 462478 818728 49319 354991 759930 579934 960382 696932 678403
421681 411739 232539 524573 242036 513250 411177 565217 270120 311790 392696 501665 329842 140644 467589 160223 179089 490718 525605 489534 588944 444302 422725 388571 398992 493870 450107 262177 542302 309424 524793 421045 467657 248012 439933 474649 608786 123630 387110 391150 999999999 159026 519476 343935 466222 285248 475268 480747 510174 466064 421697 197578 382146 567772 473862 509646 552825 557650 241996 602514 211747 359109 286909 276160 396752 556287 420941 487143 471156 526591 433726 406919 256850 81738 320334 550019 167119 561382 526504 631622 282969 526482 415137 335129 381120 241059 372182 111664 534752 758357 453310 452994 428094 358597 409074 530553 481187 701292 514939 293906
394610 357790 88662 467168 368917 532800 542783 530641 393089 336579 266329 612683 172346 147821 582555 200801 335962 625880 476092 579890 661850 512248 463101 405764 243757 652895 410802 372322 699197 451274 659508 353522 526095 323994 581044 319110 767322 182065 470541 369396 159026 999999999 367286 309040 512704 136285 615415 440069 397760 343378 540353 140746 318263 723469 480787 580980 711520 714781 153288 624563 176334 305030 133941 234373 467772 693299 439001 358843 499143 545335 414410 385534 263607 211890 378313 709006 188409 720134 641480 685116 290086 606692 377848 376484 428403 102714 292646 57776 383783 767542 317826 578522 495096 324197 513244 689574 627042 858045 672118 407857
444655 371647 286969 411144 670014 804837 907394 505231 685148 645305 175987 856410 199005 430875 836742 471347 683831 913793 435834 790832 828252 696530 767062 534885 223410 1005960 425907 732081 1061305 764721 944304 338341 841337 572602 883679 58135 1112642 480511 689575 619294 519476 367286 999999999 560363 659081 234233 982046 437314 215986 168612 805794 450708 339082 1056432 562354 757595 1058677 1053363 418569 697154 484449 530679 233691 507569 798665 980823 722743 145074 615261 814781 656178 451992 574011 579168 583553 1062994 530575 1076512 889531 810004 593558 936724 603272 692833 743060 279548 299999 407812 19513 785848 119280 940392 681635 570903 865055 1041516 994326 1192851 1033752 684942
703426 665684 375670 772885 579983 245214 468536 839444 608987 122184 537827 841119 385019 436211 805740 480277 477439 811426 783406 833425 931889 785431 215747 705157 341831 714264 719702 304204 715136 629643 844969 658679 293778 588382 753926 502231 839866 448922 730602 62588 343935 309040 560363 999999999 800155 397690 554874 748765 672944 610805 758778 169859 625094 829633 784611 851975 784597 809509 163391 924802 139315 41682 385085 75036 274102 872252 163731 616493 795707 255805 106444 693824 102989 305683 656565 760549 178956 761401 863751 969760 91031 398160 71905 166206 204349 391907 595993 339181 579861 1072727 567888 478774 768834 15368 375293 750369 586870 948228 693927 635559
222971 294044 495083 322109 301372 978072 768271 270696 281564 777834 485420 254871 580883 367937 258091 320225 436053 372830 299114 162957 169207 70804 883840 125116 699267 632834 254808 687687 732471 353231 388691 329622 918877 220624 385548 653674 679237 351381 131702 852854 466222 512704 659081 800155 999999999 520392 792329 261891 486321 501142 260598 634828 320742 590780 122564 103550 644602 607278 662396 152109 661209 806756 535082 726949 843513 421785 886713 530479 58421 991433 896698 210989 721607 533279 145977 680333 630806 704108 286002 172446 748290 956967 872031 798348 841103 484941 359083 467090 661466 311793 540587 818490 71374 815400 820651 653524 772183 707735 707552 248370
350350 293526 52881 388557 454537 637556 679051 467430 473728 452719 141331 671174 62269 210434 645916 259026 452344 707931 403722 621112 683845 538181 579573 399033 178877 774023 353513 507981 827262 545897 740244 276808 647690 376220 670810 191166 883483 259087 512604 460278 285248 136285 234233 397690 520392 999999999 751164 378546 276863 217007 608920 248870 250508 831853 457298 605519 828752 826566 235258 604257 286027 381017 15872 329276 594658 775850 546752 228178 492158 649266 503409 347605 378490 346773 408893 830866 316178 843722 702690 689075 402595 734164 458013 496642 548656 48379 213451 173589 249729 730280 184044 714690 521492 411477 647219 809979 761726 967962 799769 479987
851100 862835 700431 970148 493358 489799 86341 987186 510910 433631 867704 656245 784061 604585 621822 598572 372075 546163 964698 712376 829244 735243 404038 776834 816116 269307 886925 263002 203107 446088 567172 879685 359568 603839 488268 931471 370665 567277 664815 544558 475268 615415 982046 554874 792329 751164 999999999 915866 984161 941328 583646 553250 841319 414093 858667 773987 331455 381981 600071 944286 530254 595483 749338 548078 313627 572474 462173 962236 826680 497886 555212 833143 469602 404715 672035 283253 467073 269589 657256 908185 468205 300990 586537 396215 380982 711368 839090 582401 998929 1102592 927035 93549 726084 558750 199146 290124 45731 481266 196627 543983
65278 85229 379963 63831 445637 968692 869510 90767 441476 767524 283590 508607 426049 341600 503727 325887 544819 610317 49497 421598 419944 322342 890130 168778 542606 819616 30670 741228 907504 530967 632200 106055 943638 321815 606748 448180 891060 361581 351885 809449 480747 440069 437314 748765 261891 378546 915866 999999999 237092 269040 492187 580689 128138 810660 142161 365013 847813 820710 588626 260898 615493 741613 394330 674353 875588 667654 874245 295253 205771 981562 854439 83960 697955 562153 273661 873380 612545 894418 541384 382665 725256 1007178 816388 801365 851309 364639 166139 420432 434781 357816 320025 916460 313338 763815 887255 847250 907420 938198 880195 419897
263351 194131 311017 199565 581331 914271 921256 293412 588088 728400 135549 714224 292241 381558 701785 400109 637742 795816 225527 635950 651536 536703 855464 370652 383794 949235 234121 762480 1022089 676558 822542 158782 921924 463630 778388 244584 1040496 424384 547543 735427 510174 397760 215986 672944 486321 276863 984161 237092 999999999 64241 679820 524781 180264 970938 374822 589382 990877 974461 511687 496801 562083 653320 288348 605910 865435 859209 823613 73546 434844 925893 777748 276253 654182 586811 448264 1005949 585840 1023519 747816 619486 678835 1004448 730231 771198 823297 295709 158932 410711 208610 572738 118836 962107 524295 686296 907124 981670 986564 1105103 994019 577588
281239 208207 255214 243630 560957 853101 875543 337399 570706 669691 77101 715510 228537 345100 699920 370881 604766 787705 267780 642553 669349 545075 796576 379741 320077 921493 259151 712517 989735 656940 816021 173399 864305 449026 765475 187558 1017783 391025 547621 673183 466064 343378 168612 610805 501142 217007 941328 269040 64241 999999999 674136 465840 181694 952198 397879 602353 966627 953604 450481 529484 503026 590342 227489 544804 809660 852803 763127 29866 453764 864577 715168 290729 595451 539955 444266 978553 530145 995022 749071 645440 619598 949005 667153 713320 765381 240666 148459 361939 165803 618078 57295 914920 531344 623965 855721 954992 946041 1087602 961687 563838
435548 490939 565669 555983 179791 879680 580969 523478 151615 698099 632576 84520 670220 403069 47483 351013 294953 118211 537411 131384 246261 190033 777395 323852 774245 383559 474718 555114 487426 149014 142768 524068 791890 234420 125668 783138 419167 359816 140635 798141 421697 540353 805794 758778 260598 608920 583646 492187 679820 674136 999999999 619008 499608 330182 371694 201806 387020 347237 661284 396424 632652 778365 619707 695596 715505 179392 798354 703709 314527 892608 836868 417896 662146 454528 231558 426483 580018 451143 105059 329634 684750 803584 827701 703143 734596 562545 526426 483106 813671 542409 697512 630556 190664 772584 661526 399870 554838 449523 464834 132497
534009 498534 216230 607579 439521 393854 471924 671180 467393 203853 389659 698181 255253 268159 664599 314714 362175 686748 616804 680314 773079 624749 330779 536356 263256 648534 551290 291962 674013 504370 720815 493695 399215 428779 634015 394960 770956 285737 574164 229077 197578 140746 450708 169859 634828 248870 553250 580689 524781 465840 619008 999999999 458848 743280 615048 692437 714340 728579 50936 756075 37329 171946 239351 94824 349577 751441 300917 476461 627745 406159 274159 524140 129621 193177 493340 701139 86177 707522 723641 805838 154088 488736 240368 248183 300064 232353 432098 169954 469396 903047 430590 498691 607861 185183 415882 685815 574146 871877 649024 489926
108716 43020 252933 149129 407268 850427 786663 217898 411576 651464 169262 536039 299514 242020 522328 243096 479449 615564 158325 461145 489663 363398 776205 198165 417466 780241 103442 644130 858819 501140 642307 38931 833711 286275 599000 338782 866149 274226 368593 686451 382146 318263 339082 625094 320742 250508 841319 128138 180264 181694 499608 458848 999999999 793909 225826 421061 818030 798838 463505 367634 494586 616149 266319 551307 768711 678987 756280 211435 276259 863087 731250 113436 580086 463588 268076 836298 497844 855081 569648 472272 607057 903680 691585 687940 738898 237345 41619 306037 340843 482009 220109 831229 349775 639977 791071 811319 838376 927174 830879 399018
749633 794771 780639 874177 391257 858149 460344 850503 382850 729780 896213 359223 886157 625678 340335 586633 388687 225106 858064 447909 544455 520178 758012 642551 966321 144987 789619 542139 231709 295257 223452 824469 739007 507718 206183 1021476 93773 576011 466780 846647 567772 723469 1056432 829633 590780 831853 414093 810660 970938 952198 330182 743280 793909 999999999 699406 523336 89949 33433 793612 722566 740163 862025 838071 788470 673395 206687 801854 980146 644193 868913 873572 731015 727024 550113 538039 144360 673027 167882 341406 635528 740180 705647 885337 712488 722026 783588 812159 668777 1068168 859687 962938 497102 520586 839642 577280 127657 370273 136419 224449 395694
117822 190709 443077 200257 367698 984195 823963 151831 355414 781215 395089 375814 513609 350286 375766 314534 489219 487781 176726 285193 278015 188715 896348 86256 633337 726963 140742 719778 822010 438948 506255 224607 940389 256526 493240 564574 784829 350592 232636 841735 473862 480787 562354 784611 122564 457298 858667 142161 374822 397879 371694 615048 225826 699406 999999999 224141 746227 713191 634071 147072 645943 784876 472927 709711 867642 540407 890471 426135 64602 997447 886623 113171 717834 550173 186842 777647 627774 800350 407587 247733 745249 990701 855414 808275 854951 430210 267126 445454 562384 288261 443103 873180 183074 799974 860700 750962 843764 821215 795817 327012
326096 396384 575089 424385 304360 1011392 761128 366765 278284 816020 582625 168712 667168 433244 183003 381254 442091 298899 400735 75618 80941 68776 913218 223061 783551 585360 358356 704134 689014 327982 308345 432020 940369 263915 325178 749239 615149 407012 124977 900777 509646 580980 757595 851975 103550 605519 773987 365013 589382 602353 201806 692437 421061 523336 224141 999999999 586750 543785 725105 199827 715192 862913 619501 781089 863866 338137 922989 631882 159609 1024694 943310 313447 766188 566910 202762 627797 676759 652612 195832 135293 791845 967437 923672 831074 870010 566577 458131 530481 760813 340650 639884 811461 85932 866923 827391 601279 748632 630899 666067 243876
