NAME : synthetic_000901
TYPE : CTSP-D
DIMENSION : 100
GROUPS : 8
RELAXATION_LEVEL : 1
EDGE_WEIGHT_TYPE : EXPLICIT
EDGE_WEIGHT_FORMAT : FULL_MATRIX
EDGE_WEIGHT_SECTION
999999999 434232 338315 687258 77737 180711 423118 514646 366665 366326 195346 199098 326048 188913 279391 565298 538610 394224 582683 727419 122520 357689 240758 364593 213863 472792 565974 337676 476143 572676 351703 52981 361510 392141 233792 262387 707640 222301 510595 214248 411055 511343 382159 309775 457286 508382 475824 393467 380738 420422 360917 209939 356111 352671 61977 594606 395711 326572 369021 636201 540780 390881 439654 572688 528897 444130 417672 420081 501422 168449 270190 555896 306761 354600 183518 444445 19286 635656 429616 277690 203983 513514 733937 221726 388053 233037 386355 372700 446550 340961 357160 504602 618472 342611 662723 241804 422659 581043 282548 203612
434232 999999999 309975 822099 358368 405593 198422 947856 799956 332845 434287 288629 120376 313075 218812 131234 472349 726785 392686 788874 312056 730155 586575 78760 605966 849361 828550 768745 874955 254755 595128 411238 680608 601166 381864 555798 838812 236890 549923 579772 844880 582239 76042 124523 280495 850854 597046 548641 345082 647687 652660 626556 263009 786355 474012 1028122 331039 501908 487257 663566 656106 282229 499726 484598 903429 334492 204458 852833 349729 269545 702250 977778 385150 590965 617518 857390 449350 867352 474683 232059 377720 447169 313513 351581 773817 559907 327142 106142 835931 244477 631727 125206 832390 672886 868555 601796 624208 454072 195647 507089
338315 309975 999999999 961776 302639 187237 148305 804055 636943 33506 200670 149669 212132 372621 361353 401269 693568 459744 661394 967819 273742 695996 351650 300932 552162 810600 886419 597731 809276 556624 306294 356838 691713 683202 130900 578224 981263 168051 725265 360502 683144 743525 234859 247303 528560 845612 287237 658460 50390 348184 682960 542869 51500 647392 334959 878700 58191 205718 610963 853763 798393 63668 192645 717337 866586 558207 139429 716541 596919 224243 579149 871036 87193 300233 479740 771144 357500 947851 638285 372976 439608 665669 604390 432199 537296 558947 48746 343692 782749 433822 349614 433354 923659 674944 966272 372779 320571 701639 144546 272308
687258 822099 961776 999999999 678103 859514 962194 808539 801954 995136 879520 816709 807747 589242 626823 906516 390736 1037781 535837 131030 693445 489288 905002 755969 554529 506309 245872 811868 580875 698994 1035881 642097 394803 295554 901513 433492 20421 794667 277214 872205 813746 240598 838264 763984 565511 419215 1161159 303868 1011943 1103733 363700 609560 951343 740453 736898 862433 1016943 1012012 352252 207688 167354 988743 1112502 403656 513537 500802 962378 752731 514870 738036 690235 723773 967355 1039606 717496 628684 674865 184225 347457 612715 523151 405201 933869 529719 975976 473021 1008011 717159 540774 579028 1034158 769063 149352 417637 134820 896713 1108944 453081 834331 888354
77737 358368 302639 678103 999999999 184230 365160 589504 444067 333858 208280 153645 254084 125950 204926 489592 487240 451689 517552 704479 46706 405089 296118 287421 265513 523711 584187 415404 535183 497358 384485 59307 389998 388716 223456 275776 698217 160777 475540 274435 488175 482471 309820 234319 388314 548535 486518 376026 349724 452898 380335 274002 310319 428016 130682 669754 360797 339175 340527 604247 522546 347251 434585 519657 579810 381569 360708 494533 437216 99798 344013 624616 291099 385708 260724 508892 91205 647590 390543 204686 163812 460893 656257 172277 458052 256932 351361 294975 501757 270928 398456 426888 625591 374178 668989 301571 449020 523127 220276 241785
180711 405593 187237 859514 184230 999999999 313386 616903 450282 207164 30593 117864 285352 300051 344347 525213 660577 322178 669542 888699 185255 528742 183097 359894 385649 638344 746684 411569 630334 611182 212727 218510 541535 566783 59475 442024 879757 171988 658516 182699 496597 666547 334332 294974 534413 682776 302537 559176 218411 278289 541602 367078 223200 460287 156978 691927 238163 155014 524747 787669 706179 249374 258985 690889 693601 542301 305627 529372 593205 173059 393864 685060 131463 211949 294197 588748 197702 815958 572659 350223 347681 633337 718977 353340 372716 413739 229597 388407 607289 420206 238149 510280 797795 522054 841883 200720 269259 688156 211712 101918
423118 198422 148305 962194 365160 313386 999999999 921639 758783 157453 334041 226317 154771 388298 335750 261660 646831 606926 585300 948047 323385 770106 490774 224436 630304 888871 924529 721610 898273 453004 454583 424406 746510 705965 266194 624473 980525 204386 703748 495120 805228 729570 138401 198884 462780 910592 418664 667490 164543 494705 729116 632974 97758 761103 438296 998905 144778 353813 611820 826594 795039 96511 316804 664406 944965 506812 8919 830419 533369 266899 685662 976392 235413 448460 589055 867493 441971 976530 620538 349725 460416 619902 464420 443667 679308 614744 143910 270280 866356 393518 497830 322182 946977 733212 987141 510637 465472 639617 145779 409305
514646 947856 804055 808539 589504 616903 921639 999999999 169478 821793 605163 697053 840471 661778 767765 1079087 901841 484426 1003977 915254 635953 335593 477603 875564 373449 305945 570144 210819 232373 1050132 610279 538034 441456 598867 673866 498450 825230 732137 807914 456028 125771 780988 896603 823770 907917 398238 778080 657485 831036 646130 486009 332485 838355 162160 485126 80553 852647 673427 685619 889725 751960 866198 808437 938111 317789 869146 914838 95254 926450 682757 245782 127222 736772 618955 334449 179856 498741 649785 765554 761062 626684 886413 1238658 656946 364328 463579 844598 877077 268172 807433 572261 1006645 667795 424777 701948 454787 676328 968013 790970 541827
366665 799956 636943 801954 444067 450282 758783 169478 999999999 653694 437119 536759 687843 533677 636353 930601 819415 333681 903405 891605 489132 313993 308638 731256 281306 346649 585745 41708 291216 926838 445070 399062 408675 547798 506301 422151 820719 575656 743562 286556 46449 724219 743732 675454 794380 433998 613565 593867 662551 485841 445891 226455 672913 63441 328049 241771 684448 504466 607694 843396 712494 699588 639840 856023 382624 764314 751672 99742 822964 531118 126123 265643 567940 453566 183402 228398 353227 669066 686534 631684 512072 800208 1100071 540581 221799 380718 676541 738076 302757 685762 409599 869624 676382 386848 716435 285917 513979 879191 632989 372522
366326 332845 33506 995136 333858 207164 157453 821793 653694 999999999 216643 181748 240794 406033 394174 416772 726041 460036 691450 1001297 306214 723852 361446 329105 579875 837533 917975 613861 834293 582554 301862 387085 722031 715959 148434 609621 1014642 201557 758673 373115 699642 777021 259002 277628 559313 874429 265279 691744 16884 338013 714135 568535 69839 666841 359296 895371 31009 200445 644424 887104 831853 62160 166916 749465 893391 590179 148596 735706 628047 257405 600926 892221 89788 295112 501285 794724 385384 980026 671719 405933 472790 698162 620077 465615 543659 589505 22873 372688 808833 466155 346931 457326 956173 704921 998889 383266 308156 733085 176302 284556
195346 434287 200670 879520 208280 30593 334041 605163 437119 216643 999999999 147620 314262 327157 374364 552474 688609 292739 699561 911821 213070 534409 157834 389930 392689 641344 759833 397484 629770 641716 182933 237432 552904 585591 69846 457732 899826 201964 683698 161331 483145 690579 362255 325005 564565 689444 281660 580804 226086 249212 555315 369821 240921 451068 162439 678850 247484 132527 548348 812518 728134 264034 247113 719269 696077 571634 325990 519644 622935 203347 388730 678096 133536 182500 289362 585842 210906 830668 598305 380009 372090 661487 747432 379189 347572 427486 239466 418851 608809 450028 207577 540202 813817 532754 858067 176854 241787 717269 239551 75897
199098 288629 149669 816709 153645 117864 226317 697053 536759 181748 147620 999999999 168254 230332 244818 411034 574102 440042 566431 829698 124665 553644 298006 242388 410979 670510 736808 501144 675220 496197 322084 209707 543562 534624 110905 428742 836434 54499 590442 292600 583060 605017 219269 177478 430564 700382 375782 512857 198073 383229 533642 408738 158203 535821 212394 775103 207631 243967 468431 720041 655366 194368 304193 601621 726692 446760 220250 605004 493499 80804 459420 750102 156737 319759 363392 642269 218285 798298 503134 253415 293558 546279 602141 289434 486031 410537 198225 272710 645367 321472 352548 392585 774497 527440 817301 313686 367731 593247 98694 218623
326048 120376 212132 807747 254084 285352 154771 840471 687843 240794 314262 168254 999999999 243227 181042 245377 497581 606943 451326 793826 207554 647071 466222 88910 514282 766934 779000 655092 785197 346976 478937 311136 611031 556766 264262 486593 825984 117084 549365 459813 733380 574818 56132 44181 321115 778968 496222 515029 255720 534235 589221 527722 174391 678356 360041 920211 247931 388993 458225 673130 640507 204484 404633 517609 822317 358382 155697 746081 390960 157714 596205 878681 276353 475264 507211 762004 342703 827414 465819 195073 314726 470184 433889 294839 653727 482759 241638 131904 749112 240516 513947 230691 796458 600043 835854 481581 512963 497008 78129 386743
188913 313075 372621 589242 125950 300051 388298 661778 533677 406033 327157 230332 243227 999999999 106520 439047 362454 577031 394073 599462 115233 417454 421544 234426 299757 536395 536748 510918 564422 393174 507440 140910 370187 318358 327499 245129 608676 205532 361890 398658 574517 374840 290151 205989 268856 539707 596822 286520 422870 575261 346346 330113 363469 505885 249609 742141 427747 453585 238632 491619 425982 401213 533209 394284 590357 256490 386598 567024 313059 149974 419194 675380 385704 508089 353940 551587 193564 588508 274920 99290 72136 335767 578841 59584 576966 246841 418787 222550 524099 154019 523526 347041 559992 360973 601040 426029 568908 397188 249353 367130
279391 218812 361353 626823 204926 344347 335750 767765 636353 394174 374364 244818 181042 106520 999999999 338699 332917 648613 325201 614795 172038 519280 494071 141314 405897 637036 611373 611704 668389 293350 557068 238215 463216 384976 354735 339069 644991 200102 370234 475742 678127 394201 214296 137165 190445 633556 620042 337459 410769 621929 434099 436498 337927 610900 335591 848195 409510 487494 278786 496213 459533 373192 542657 358462 689973 202009 336352 672857 249560 171712 524295 781594 397896 556122 454617 657376 288128 653897 285480 14269 161319 304977 472322 133570 662630 347160 401591 119564 627027 76731 580493 240592 620921 456667 659062 502211 609706 348442 219429 428847
565298 131234 401269 906516 489592 525213 261660 1079087 930601 416772 552474 411034 245377 439047 338699 999999999 532774 842485 422314 857578 443240 856372 708013 206377 735228 974913 937592 898920 1003029 251550 701823 542320 801585 709991 494299 677736 921758 362107 629609 703633 975676 666337 191808 255525 342872 971860 680209 652028 425438 748703 770996 757205 350188 917557 603890 1159345 406394 604124 589454 731042 744565 357673 578463 536651 1028292 406173 270103 984067 403314 399632 833483 1108161 484568 696743 748443 987069 580536 969895 563655 350652 499964 511132 203326 472111 896879 684922 405144 219260 963124 346032 741554 139196 932604 795358 966121 724457 721818 497437 313635 627121
538610 472349 693568 390736 487240 660577 646831 901841 819415 726041 688609 574102 497581 362454 332917 532774 999999999 932822 148266 325287 475542 577519 778655 423083 539537 665364 504608 809228 725154 309191 869787 485786 478018 321774 681065 404024 402788 532554 128856 752857 850593 172117 510024 454824 193092 615617 949663 252858 742458 937392 432370 592977 666739 773045 600468 975756 739618 811549 216223 199015 251422 700144 875237 36624 702843 140062 649603 817035 129680 495822 693420 867562 729527 870284 664460 743588 536919 503344 136386 322328 335245 27940 543142 317480 916426 441848 732114 377978 677621 259990 885658 393610 460070 487977 481469 780413 929829 74227 550026 729024
394224 726785 459744 1037781 451689 322178 606926 484426 333681 460036 292739 440042 606943 577031 648613 842485 932822 999999999 968783 1099548 476939 589812 155573 681731 485282 659117 860035 296319 615754 929207 164668 447110 655165 748367 348330 607411 1057974 494056 898905 179999 365182 894508 653945 616868 837490 735981 312065 768365 461028 171464 677288 433958 509205 384874 332454 535919 485399 262179 755116 1020373 910947 520193 373021 966778 703323 833235 598193 433203 888794 485559 379658 596797 372949 173084 322575 555451 396905 941177 821179 651333 598027 907615 1039513 615641 121424 565980 480720 708336 616792 720135 117234 832246 937389 631726 981000 152465 206741 973614 531480 223408
582683 392686 661394 535837 517552 669542 585300 1003977 903405 691450 699561 566431 451326 394073 325201 422314 148266 968783 999999999 457583 493100 693467 813285 365276 632209 790912 649217 887464 845438 177082 882253 532775 600551 452459 677290 508627 546681 516957 276182 791920 939014 319522 447551 414092 135867 749397 936935 381724 706746 946844 556454 680449 625707 863679 643673 1080896 699180 810376 332098 335410 399551 654519 851921 132499 832435 140158 589852 914559 81600 496720 779744 983008 713096 881240 734548 856766 585833 651172 260318 319958 393818 143338 401271 367818 970466 540691 692964 319976 798338 250013 905319 288407 608058 607006 629726 819112 933657 83995 517948 752250
727419 788874 967819 131030 704479 888699 948047 915254 891605 1001297 911821 829698 793826 599462 614795 857578 325287 1099548 457583 999999999 711417 585811 958140 730683 627400 619473 367993 896802 693184 630791 1079100 677955 483970 353070 924223 493379 126815 799926 244589 926718 908230 224702 816466 749664 515587 536859 1190871 334270 1018172 1147841 445769 684630 950602 832320 782598 973855 1020064 1043551 364139 126541 188646 986820 1132365 327243 632612 455449 949443 852210 454952 749055 773446 838838 985021 1081849 786683 736222 717828 313823 330179 601459 541790 346483 858642 540911 1049366 535945 1011603 688122 650447 555091 1082878 718387 275975 505078 265736 952657 1148987 373741 831794 931031
122520 312056 273742 693445 46706 185255 323385 635953 489132 306214 213070 124665 207554 115233 172038 443240 475542 476939 493100 711417 999999999 447175 322110 242151 309594 566401 614121 459559 580018 460512 394878 104079 425733 409960 213153 307225 713296 119919 476316 303864 533575 487362 263197 187818 360644 587614 481944 389650 322640 462048 412516 320243 275411 474319 169456 716145 331284 338360 347966 605953 533730 313021 421326 506284 622363 360927 319425 541045 414308 56504 390579 671135 274609 395056 306038 554863 137297 674220 389652 174396 170954 448421 612147 171070 492500 292935 321948 252273 545698 243494 413866 384097 649963 411226 692689 330218 454455 505503 177690 259297
357689 730155 695996 489288 405089 528742 770106 335593 313993 723852 534409 553644 647071 417454 519280 856372 577519 589812 693467 585811 447175 999999999 488934 651699 144002 119872 275062 328231 153928 769631 637318 346049 105868 264606 586283 190132 507697 565761 475375 455451 324514 446474 699619 616596 616951 155893 793389 326971 738025 697671 150829 168716 711818 251646 372369 403366 753374 651875 363628 554196 416827 747471 780148 612971 175395 567650 765768 266439 621288 503464 213606 290355 659570 643623 275447 166365 338539 358172 441770 508586 358983 565203 983235 388690 506177 172344 744028 638464 108981 535547 619923 755811 362813 90502 403651 473243 714140 647306 624713 506932
240758 586575 351650 905002 296118 183097 490774 477603 308638 361446 157834 298006 466222 421544 494071 708013 778655 155573 813285 958140 322110 488934 999999999 535527 364627 577845 746398 266994 549405 777757 149805 293731 536873 611194 224607 471537 925378 350203 749566 33856 352006 747678 516698 471222 682350 642967 314472 624520 367371 208871 552236 321856 395819 338514 179818 545376 390856 195845 606587 873302 769714 415217 331296 812292 628321 677674 482547 402162 733233 334361 299278 567946 271997 156901 214025 496019 245286 824543 669904 496396 444687 753171 900053 461206 189802 432447 384061 559096 539177 564917 132270 685875 815788 514079 860088 22914 226112 818350 394378 81937
364593 78760 300932 755969 287421 359894 224436 875564 731256 329105 389930 242388 88910 234426 141314 206377 423083 681731 365276 730683 242151 651699 535527 999999999 528879 770796 752462 701558 797146 259157 561372 337656 601958 525618 346376 477097 773294 187967 488276 525281 775559 517909 86952 64926 238755 772171 584938 475423 343703 618861 574390 551299 261587 714750 408784 956011 334644 474467 414960 607124 588997 289311 493501 440004 824775 283035 227836 780364 309301 206294 629783 901952 364112 558221 548046 780692 378598 793413 409097 154953 299069 396456 371149 273240 719203 481224 328822 45996 757761 177270 594161 150562 759408 594138 796526 548883 598951 415640 164276 458928
213863 605966 552162 554529 265513 385649 630304 373449 281306 579875 392689 410979 514282 299757 405897 735228 539537 485282 632209 627400 309594 144002 364627 528879 999999999 259534 381822 276489 270916 679100 508674 206223 172329 275329 442735 141640 574519 426076 462863 330787 311058 445425 568473 487366 534674 297134 658411 314366 594025 572385 192080 57729 568957 233633 230251 452131 609450 513886 326488 567226 441975 604270 639411 576158 315721 496082 625594 282456 553748 365076 155366 375699 516073 514231 163206 252118 194662 460120 405623 397277 255312 521367 877735 285918 422771 99498 600114 521797 236248 437210 496885 646427 453142 149453 497140 352215 585254 601559 485780 371153
472792 849361 810600 506309 523711 638344 888871 305945 346649 837533 641344 670510 766934 536395 637036 974913 665364 659117 790912 619473 566401 119872 577845 770796 259534 999999999 264592 372998 74646 879066 727648 464488 190667 343800 696881 301978 522150 684486 552358 545539 340736 517878 819477 736397 724505 92828 889288 412691 851237 783825 234507 271559 828438 284533 481376 356129 867470 752588 458842 611249 472325 863595 884143 699333 56190 671589 884376 268590 722670 622551 282044 219543 769770 734639 365453 129491 453517 343850 532954 625964 476039 656397 1097236 505205 561227 290004 858196 756478 43897 649421 705022 871676 362708 187546 396053 559746 803805 737718 743725 606512
565974 828550 886419 245872 584187 746684 924529 570144 585745 917975 759833 736808 779000 536748 611373 937592 504608 860035 649217 367993 614121 275062 746398 752462 381822 264592 999999999 602682 339082 779616 889928 533538 210078 227768 798356 308451 260118 730859 376418 712547 590250 333953 822180 739326 626237 174510 1035106 288115 933903 954142 205273 427432 889140 522464 601080 619686 944439 887700 350530 389744 262877 926904 1005595 531802 267792 562645 922429 523522 599480 667870 488251 479172 870230 895244 539152 391380 549296 83348 397694 597559 464691 505884 1014570 484484 780851 332971 935031 723928 302452 591567 878667 811904 98478 232463 132470 733491 966264 578309 782364 749247
337676 768745 597731 811868 415404 411569 721610 210819 41708 613861 397484 501144 655092 510918 611704 898920 809228 296319 887464 896802 459559 328231 266994 701558 276489 372998 602682 999999999 322329 903742 403671 373538 417125 548831 466922 418113 831009 541632 738982 245308 86004 721872 710752 644425 774899 457418 572211 590851 622448 445389 451585 219420 634579 89887 295118 281623 644534 462834 600417 843040 714855 660614 598157 845740 412371 747719 714364 139591 806488 499317 123487 306255 527604 412134 157145 260596 325514 685979 678220 607777 494254 789029 1071569 521868 189006 375619 636724 710280 329368 664181 368724 842123 690818 394525 731879 244251 473062 866842 598166 331774
476143 874955 809276 580875 535183 630334 898273 232373 291216 834293 629770 675220 785197 564422 668389 1003029 725154 615754 845438 693184 580018 153928 549405 797146 270916 74646 339082 322329 999999999 923440 698413 476143 247138 405733 689680 344031 596776 694847 616428 518637 278636 583724 839302 757810 770878 165964 863628 472524 847071 750706 292901 266870 831434 232443 475034 281571 864823 732747 514091 681299 542199 865205 866890 759908 92327 721211 893153 204176 774352 634976 250215 147466 761349 705908 343782 63302 457009 417723 590697 658314 509727 714451 1135431 539882 511203 323861 855740 786762 47546 688252 671861 906787 437288 238525 470218 529706 773319 796337 754944 587202
572676 254755 556624 698994 497358 611182 453004 1050132 926838 582554 641716 496197 346976 393174 293350 251550 309191 929207 177082 630791 460512 769631 777757 259157 679100 879066 779616 903742 923440 999999999 817921 530917 690615 562789 603652 579537 711638 442031 426224 762696 967390 467910 324201 321570 156134 853296 842786 494698 595954 876967 651009 717787 513162 897450 627899 1129883 583682 733211 435004 506171 549506 535541 748946 303565 926625 217169 459183 956359 185512 443751 810840 1049987 623139 815209 746616 923270 581410 794558 382462 296167 423904 293889 237152 393424 952981 601731 579106 223570 878329 242745 848514 131883 753228 691537 780161 788240 857825 258499 423426 705994
351703 595128 306294 1035881 384485 212727 454583 610279 445070 301862 182933 322084 478937 507440 557068 701823 869787 164668 882253 1079100 394878 637318 149805 561372 508674 727648 889928 403671 698413 817921 999999999 401607 679861 740368 215063 604071 1056302 375949 858143 182416 485063 861669 519769 497165 747033 791974 168573 745154 300943 68856 691638 469265 357374 482211 298994 671765 325140 101419 719004 985594 892388 363458 210420 901018 778053 754491 445696 542465 805851 385621 448583 709285 219428 8953 363352 643929 362091 966416 774301 562898 546454 842895 902970 556762 270278 567721 321304 594354 688926 632902 47437 709331 955172 657552 999628 168719 76843 899953 400936 148155
52981 411238 356838 642097 59307 218510 424406 538034 399062 387085 237432 209707 311136 140910 238215 542320 485786 447110 532775 677955 104079 346049 293731 337656 206223 464488 533538 373538 476143 530917 401607 999999999 334953 348413 265983 225800 662410 220040 458437 267114 441767 460225 366422 288471 409676 490789 519089 344834 402491 470449 328527 216723 367543 377824 114683 618530 414997 369915 317647 584664 492343 404042 475991 519984 520607 393570 419889 442799 451308 158915 292304 568085 336982 404088 216545 450918 53059 599873 376921 234753 151007 460808 702359 169328 437785 202545 405551 340102 442470 294705 408883 471083 580199 318140 624113 294660 471063 529026 279581 254022
361510 680608 691713 394803 389998 541535 746510 441456 408675 722031 552904 543562 611031 370187 463216 801585 478018 655165 600551 483970 425733 105868 536873 601958 172329 190667 210078 417125 247138 690615 679861 334953 999999999 160080 595262 125096 414060 545422 371368 503048 424268 341239 660002 575814 535328 170343 825878 225448 737382 744237 46043 221233 699983 348540 392508 508746 749892 679142 268465 448410 311424 737130 799663 512799 236032 481277 743275 370305 532016 481711 295550 390860 668047 685166 332706 270248 343915 287798 343863 450971 302892 467597 912616 329647 584027 133099 740445 582353 199603 466381 669102 690830 282262 23498 325844 524529 756186 549366 601182 539505
392141 601166 683202 295554 388716 566783 705965 598867 547798 715959 585591 534624 556766 318358 384976 709991 321774 748367 452459 353070 409960 264606 611194 525618 275329 343800 227768 548831 405733 562789 740368 348413 160080 999999999 611549 140967 315971 520404 211296 578825 569815 182123 597546 515774 407084 296965 867170 70749 732476 808304 114133 332929 679561 491952 441375 667952 740198 717871 127808 295911 166648 717466 822651 355539 381437 346461 704573 522762 390770 459625 425487 550673 679789 744060 433613 430183 379410 270713 192169 370999 246819 314089 794276 262399 696379 183039 730962 496276 358253 364043 739344 585777 241755 174337 283449 603964 813403 394658 567515 592800
233792 381864 130900 901513 223456 59475 266194 673866 506301 148434 69846 110905 264262 327499 354735 494299 681065 348330 677290 924223 213153 586283 224607 346376 442735 696881 798356 466922 689680 603652 215063 265983 595262 611549 999999999 491603 921604 162767 689278 230661 552436 700419 307411 282375 541426 739647 269639 598931 159163 273549 593084 425900 171654 518417 215627 748072 179433 133086 560320 818970 744738 194193 211175 709592 752281 556281 257944 587319 603945 185322 453104 744001 73356 211848 353432 648221 251758 865797 602410 362674 382676 653395 692682 384222 413289 465623 171074 380242 666263 431466 249903 494361 846026 576386 889833 244736 256927 702821 186567 143435
262387 555798 578224 433492 275776 442024 624473 498450 422151 609621 457732 428742 486593 245129 339069 677736 404024 607411 508627 493379 307225 190132 471537 477097 141640 301978 308451 418113 344031 579537 604071 225800 125096 140967 491603 999999999 453879 425734 321445 438845 449647 303957 535086 450891 426944 295087 737587 172813 625499 671370 105309 198887 582633 371485 305984 573706 636315 588552 188267 426602 305536 620204 700751 440479 352883 379043 621585 413043 433978 362168 296655 475628 562778 608206 293971 348853 247424 374225 268244 327145 178149 387997 795273 205659 557162 43241 626893 458494 298805 347443 600838 570212 356085 117668 400345 463644 678291 469566 479860 457661
707640 838812 981263 20421 698217 879757 980525 825230 820719 1014642 899826 836434 825984 608676 644991 921758 402788 1057974 546681 126815 713296 507697 925378 773294 574519 522150 260118 831009 596776 711638 1056302 662410 414060 315971 921604 453879 999999999 814032 292154 892568 832038 256736 855949 782153 580128 434173 1181457 323661 1031458 1124154 383479 629417 970486 759056 757318 878241 1036313 1032325 371302 215274 185487 1007839 1132560 414252 527897 515736 980791 770496 528165 757633 709573 738909 987309 1060025 737538 645407 695269 194473 364410 630916 542884 418196 945810 549127 995751 493348 1027400 734121 557244 596201 1054565 783964 162387 436979 142994 917051 1129356 463473 853307 908771
222301 236890 168051 794667 160777 171988 204386 732137 575656 201557 201964 54499 117084 205532 200102 362107 532554 494056 516957 799926 119919 565761 350203 187967 426076 684486 730859 541632 694847 442031 375949 220040 545422 520404 162767 425734 814032 999999999 557864 342889 621610 575534 170745 123042 381252 707469 421089 492009 218441 436180 531007 430886 159190 570107 247849 811162 222281 294993 443259 686753 630662 197105 342689 558557 740579 401545 200024 638721 445909 63716 490499 778152 198013 373402 397713 666022 240561 788222 470727 210230 274417 504624 550076 264966 536931 412768 213385 218473 662244 275812 406970 338293 761947 531114 803846 365003 419425 547514 60326 271896
510595 549923 725265 277214 475540 658516 703748 807914 743562 758673 683698 590442 549365 361890 370234 629609 128856 898905 276182 244589 476316 475375 749566 488276 462863 552358 376418 738982 616428 426224 858143 458437 371368 211296 689278 321445 292154 557864 999999999 720483 770055 43345 573311 505191 288328 495475 958231 151060 775516 926921 325383 519568 706627 691777 570002 878375 776660 813316 144076 129735 124185 742629 894437 155578 585791 223622 705030 728495 240746 509645 618080 761873 746841 859959 605751 641324 504380 375011 87322 356952 311994 134704 663004 305517 866471 363443 768318 446907 569052 311599 867286 491885 332016 384887 355370 747573 924437 201992 587771 711758
214248 579772 360502 872205 274435 182699 495120 456028 286556 373115 161331 292600 459813 398658 475742 703633 752857 179999 791920 926718 303864 455451 33856 525281 330787 545539 712547 245308 518637 762696 182416 267114 503048 578825 230661 438845 892568 342889 720483 999999999 331142 717623 511850 461695 662397 609729 345035 593508 380362 242580 518643 288134 402186 312113 152456 526050 403238 220009 577094 843376 738177 424144 356082 786891 596460 655145 487149 377356 711373 321218 268434 542040 284869 189188 180943 466293 217126 790739 641780 477247 418032 727721 892705 435802 194179 399417 395937 546485 507290 544902 166123 674984 782132 480240 826415 27561 259038 794365 390599 88561
411055 844880 683144 813746 488175 496597 805228 125771 46449 699642 483145 583060 733380 574517 678127 975676 850593 365182 939014 908230 533575 324514 352006 775559 311058 340736 590250 86004 278636 967390 485063 441767 424268 569815 552436 449647 832038 621610 770055 331142 999999999 748721 789328 720358 832677 431219 653169 619451 708344 522805 463992 258973 719306 78280 373861 195732 730354 547780 636980 865700 732503 745860 682688 887215 370963 800603 798120 75162 859078 576399 159288 231733 613568 493691 227538 215427 397102 673189 716447 673033 549804 832239 1143646 578834 248232 409480 722498 781458 297203 725603 447886 912773 683451 403500 722146 329160 552174 912037 679124 417777
511343 582239 743525 240598 482471 666547 729570 780988 724219 777021 690579 605017 574818 374840 394201 666337 172117 894508 319522 224702 487362 446474 747678 517909 445425 517878 333953 721872 583724 467910 861669 460225 341239 182123 700419 303957 256736 575534 43345 717623 748721 999999999 601720 530686 327020 457608 968027 131175 793902 930525 295678 502829 727472 670525 569140 849823 796252 821559 142680 125865 81625 764038 907922 197872 549244 261652 730420 704088 282422 524357 599692 730085 760495 863922 594037 611433 503593 331691 109182 380478 318890 177748 704915 316523 856425 346883 787701 477917 536605 340640 868469 529498 288758 356394 312732 744366 929762 244932 608861 714247
382159 76042 234859 838264 309820 334332 138401 896603 743732 259002 362255 219269 56132 290151 214296 191808 510024 653945 447551 816466 263197 699619 516698 86952 568473 819477 822180 710752 839302 324201 519769 366422 660002 597546 307411 535086 855949 170745 573311 511850 789328 601720 999999999 84195 324457 828883 522095 551744 271970 571769 636330 583124 189299 734487 415809 976338 259525 425988 492870 693408 670973 211725 425848 526647 874611 369982 142462 802206 395041 213846 652298 934286 309111 515469 563296 817065 398753 867443 492605 228554 360228 483407 385602 337990 705243 533472 254909 132328 802601 261715 556996 198547 835013 649900 873340 532847 548169 501251 122707 436215
309775 124523 247303 763984 234319 294974 198884 823770 675454 277628 325005 177478 44181 205989 137165 255525 454824 616868 414092 749664 187818 616596 471222 64926 487366 736397 739326 644425 757810 321570 497165 288471 575814 515774 282375 450891 782153 123042 505191 461695 720358 530686 84195 999999999 281762 744771 526694 472475 293202 555444 552250 504796 213714 662109 349993 903958 287295 411719 415075 629103 596698 245693 438379 475631 791347 316156 199877 728842 350897 145688 578332 856284 304024 494177 493003 737408 325084 786194 421665 151275 276356 427305 432203 254849 655796 449611 280472 99276 720359 196795 529473 215378 754646 565801 793679 484945 536390 456500 104746 394192
457286 280495 528560 565511 388314 534413 462780 907917 794380 559313 564565 430564 321115 268856 190445 342872 193092 837490 135867 515587 360644 616951 682350 238755 534674 724505 626237 774899 770878 156134 747033 409676 535328 407084 541426 426944 580128 381252 288328 662397 832677 327020 324457 281762 999999999 697226 801652 339689 574956 811298 495205 577554 495062 759895 516990 986804 568697 674511 279281 389116 407328 525529 717889 204153 771350 65693 466458 815569 70589 361413 674048 900591 577858 745883 619155 773623 462419 645560 231856 186351 282991 169452 388359 253872 845043 451875 562070 192759 725217 117502 770931 204146 605389 536991 635004 689301 797847 176892 384382 618971
508382 850854 845612 419215 548535 682776 910592 398238 433998 874429 689444 700382 778968 539707 633556 971860 615617 735981 749397 536859 587614 155893 642967 772171 297134 92828 174510 457418 165964 853296 791974 490789 170343 296965 739647 295087 434173 707469 495475 609729 431219 457608 828883 744771 697226 999999999 949113 367714 889037 851260 203585 324441 858331 370960 527111 445346 903430 807753 421415 539880 402817 894750 935637 647728 96094 639742 906892 360248 686719 644078 356324 304756 813003 798445 428959 222244 489532 251811 489081 621282 473142 610015 1079153 499987 643623 296576 894025 752651 134647 634886 773053 859748 272987 178990 304523 626501 868721 689408 764832 662808
475824 597046 287237 1161159 486518 302537 418664 778080 613565 265279 281660 375782 496222 596822 620042 680209 949663 312065 936935 1190871 481944 793389 314472 584938 658411 889288 1035106 572211 863628 842786 168573 519089 825878 867170 269639 737587 1181457 421089 958231 345035 653169 968027 522095 526694 801652 949113 999999999 861663 255104 141035 832355 624692 334657 650429 434218 837922 273892 149318 826759 1087812 1008715 322565 103024 977402 940980 822026 410141 711034 866976 454051 613413 877846 223840 160224 523839 810469 490174 1108363 871587 629069 649258 921887 883080 652781 429211 705268 275122 625546 851831 696406 206473 720580 1093285 804544 1137666 335010 105371 968314 422035 287279
393467 548641 658460 303868 376026 559176 667490 657485 593867 691744 580804 512857 515029 286520 337459 652028 252858 768365 381724 334270 389650 326971 624520 475423 314366 412691 288115 590851 472524 494698 745154 344834 225448 70749 598931 172813 323661 492009 151060 593508 619451 131175 551744 472475 339689 367714 861663 999999999 708516 813828 179628 371699 649819 541177 448336 728825 714094 713176 62687 254990 147510 687475 809548 287388 451628 277735 666868 577453 320535 434433 468941 615917 663847 748057 463634 493331 383583 318863 121473 323211 219309 243966 727818 227369 726460 215708 705077 442713 424979 306705 748620 524190 283988 236661 321604 619781 815720 325040 534240 597020
380738 345082 50390 1011943 349724 218411 164543 831036 662551 16884 226086 198073 255720 422870 410769 425438 742458 461028 706746 1018172 322640 738025 367371 343703 594025 851237 933903 622448 847071 595954 300943 402491 737382 732476 159163 625499 1031458 218441 775516 380362 708344 793902 271970 293202 574956 889037 255104 708516 999999999 333970 729895 581723 82809 676997 372050 904060 24377 199796 661283 903917 848711 68034 155022 765722 907022 606375 155832 745685 643851 274138 612244 903120 95554 293871 512572 806819 399723 996252 688574 422587 489518 714590 628578 482453 547539 604991 21056 387612 822133 482528 346723 469899 972564 720112 1015329 389465 303037 749025 192550 291924
420422 647687 348184 1103733 452898 278289 494705 646130 485841 338013 249212 383229 534235 575261 621929 748703 937392 171464 946844 1147841 462048 697671 208871 618861 572385 783825 954142 445389 750706 876967 68856 470449 744237 808304 273549 671370 1124154 436180 926921 242580 522805 930525 571769 555444 811298 851260 141035 813828 333970 999999999 757400 530711 399665 528411 367047 702590 357210 145781 787860 1054433 961002 400140 214557 968333 832863 820589 485791 584979 871213 450222 502607 751473 264328 67215 422409 694215 430569 1031428 842957 628248 615161 910389 951280 625161 290386 634433 354970 653708 744021 698135 78909 764895 1021098 721681 1065521 224779 37063 966404 456143 216815
360917 652660 682960 363700 380335 541602 729116 486009 445891 714135 555315 533642 589221 346346 434099 770996 432370 677288 556454 445769 412516 150829 552236 574390 192080 234507 205273 451585 292901 651009 691638 328527 46043 114133 593084 105309 383479 531007 325383 518643 463992 295678 636330 552250 495205 203585 832355 179628 729895 757400 999999999 246019 687914 387215 398202 554147 741100 684211 224478 404709 268981 725463 800569 467016 277281 439587 726369 412693 489175 467465 328610 436900 665007 696465 355244 316060 344501 276018 298727 421306 276427 422373 875635 301150 612279 127899 731668 552239 245355 431611 683891 656571 263725 61522 308128 541476 767268 504002 584835 548177
209939 626556 542869 609560 274002 367078 632974 332485 226455 568535 369821 408738 527722 330113 436498 757205 592977 433958 680449 684630 320243 168716 321856 551299 57729 271559 427432 219420 266870 717787 469265 216723 221233 332929 425900 198887 629417 430886 519568 288134 258973 502829 583124 504796 577554 324441 624692 371699 581723 530711 246019 999999999 564579 183277 210277 412553 598869 483881 381724 624890 499574 598362 613640 629589 326568 542656 627590 238616 600913 373168 100470 351489 498541 475407 111787 235210 191007 507698 460236 429257 295024 573951 908540 325012 366610 156219 589711 548659 240474 475049 453678 676495 503492 197778 547046 307369 546108 653327 491203 338503
356111 263009 51500 951343 310319 223200 97758 838355 672913 69839 240921 158203 174391 363469 337927 350188 666739 509205 625707 950602 275411 711818 395819 261587 568957 828438 889140 634579 831434 513162 357374 367543 699983 679561 171654 582633 970486 159190 706627 402186 719306 727472 189299 213714 495062 858331 334657 649819 82809 399665 687914 564579 999999999 679687 361057 914263 73635 257065 599196 833784 786142 37915 236748 688714 884605 529162 88994 749053 564519 221342 608066 900119 137970 351434 509526 796246 375387 947315 620423 350523 433309 639002 553423 422452 583334 566892 67283 305989 802652 406946 400242 387515 921134 684473 962990 416270 371834 670211 118859 315046
352671 786355 647392 740453 428016 460287 761103 162160 63441 666841 451068 535821 678356 505885 610900 917557 773045 384874 863679 832320 474319 251646 338514 714750 233633 284533 522464 89887 232443 897450 482211 377824 348540 491952 518417 371485 759056 570107 691777 312113 78280 670525 734487 662109 759895 370960 650429 541177 676997 528411 387215 183277 679687 999999999 323555 241936 697829 532114 559021 787862 655231 708706 668191 809659 322646 725915 754468 69389 784190 520646 86696 229960 584177 490345 172597 170890 337028 605767 638596 604997 476941 755000 1079862 506476 278833 331568 689488 717743 240714 654960 450489 848155 613515 327247 653344 316683 554201 835103 629096 393064
61977 474012 334959 736898 130682 156978 438296 485126 328049 359296 162439 212394 360041 249609 335591 603890 600468 332454 643673 782598 169456 372369 179818 408784 230251 481376 601080 295118 475034 627899 298994 114683 392508 441375 215627 305984 757318 247849 570002 152456 373861 569140 415809 349993 516990 527111 434218 448336 372050 367047 398202 210277 361057 323555 999999999 563701 389901 286688 427441 694492 594920 392867 409319 634618 536688 505525 431912 392661 562563 204468 247636 539330 288394 302739 151022 436242 65645 674220 490089 335045 265578 575442 779859 283702 328117 271583 380871 421568 450688 400076 300285 553237 660043 371757 704496 179992 372455 642967 306018 151732
594606 1028122 878700 862433 669754 691927 998905 80553 241771 895371 678850 775103 920211 742141 848195 1159345 975756 535919 1080896 973855 716145 403366 545376 956011 452131 356129 619686 281623 281571 1129883 671765 618530 508746 667952 748072 573706 878241 811162 878375 526050 195732 849823 976338 903958 986804 445346 837922 728825 904060 702590 554147 412553 914263 241936 563701 999999999 926086 740462 759666 955168 816543 941280 874230 1011834 356752 946980 991968 175796 1003971 762517 326242 144704 809219 680590 413514 239758 578882 696403 839370 841413 706198 961115 1319196 736547 414498 540206 918226 957630 323421 887255 631450 1087174 718116 493665 749562 522463 734450 1042961 869711 613215
