NAME : synthetic_000358
TYPE : CTSP-D
DIMENSION : 100
GROUPS : 8
RELAXATION_LEVEL : 1
EDGE_WEIGHT_TYPE : EXPLICIT
EDGE_WEIGHT_FORMAT : FULL_MATRIX
EDGE_WEIGHT_SECTION
999999999 210984 422209 415248 141317 705188 590183 477402 451709 505634 443561 667682 251741 439208 484313 409152 443432 485631 365238 297406 538385 397184 539050 562118 208616 276825 284305 732555 282458 227855 357870 550975 544510 546534 450410 150245 195134 713858 674673 441622 685134 318568 636261 521398 484362 553055 414356 401708 161069 157291 521569 601219 486987 138613 279152 517590 65533 330876 450617 53358 409988 332728 422890 327170 718725 143161 451910 429944 721007 511366 498951 392242 125774 525581 548468 626940 391254 317785 309479 171315 377144 646493 502125 393795 195245 263640 728059 291116 568271 266293 498391 321219 263462 201896 578179 522897 342744 263787 479158 328376
210984 999999999 490727 204888 226644 533896 439922 342313 263230 353237 366251 480304 461040 450564 317505 235288 435468 354245 535874 402975 348506 192336 337106 640195 285989 487604 345230 544925 334105 433339 152096 498708 427078 348433 566750 74315 392475 547866 502878 344697 546146 357091 741150 492971 599603 489982 345782 580680 60393 339387 320888 432592 278827 146647 396563 565022 243049 477936 252109 205580 221327 135032 224714 159784 548049 352014 266529 277352 563596 365588 459372 229931 85289 564115 350676 465064 439202 503094 285572 140540 331735 522367 414936 254978 198251 65523 544339 111642 677340 398009 390840 355186 84245 366371 396987 453575 212102 436610 560729 305274
422209 490727 999999999 636366 291683 1013411 519286 426683 538221 843392 838019 677358 506455 124830 804918 722691 862237 844188 711298 709668 817926 560491 640520 149500 630761 494838 147696 1007222 157060 389823 541798 289004 419441 629447 132291 427986 346945 1030455 633221 824842 554990 740656 258368 228081 149940 311513 281857 725565 492532 537666 774158 916273 637430 535362 158438 100853 481243 712623 716924 372129 700992 614794 551253 650427 662736 462058 745801 768004 627450 464984 241312 452244 455220 116218 807411 951203 812922 645565 231816 350917 241740 1012481 338007 744758 292674 483224 711036 602025 203188 183770 875908 139233 574959 265122 873071 310131 699069 627098 72360 220489
415248 204888 636366 999999999 415691 386195 380688 329949 176183 265484 377305 345856 663014 563066 214570 156287 498724 299452 713437 552952 188245 91229 182519 781054 440857 691023 503861 370959 489791 638015 95305 550467 418162 204736 734150 274989 596041 407110 397020 339300 488338 472705 894520 567590 764856 532318 411908 761888 256414 531365 138137 300303 107252 323061 575100 690612 440649 644704 93623 409374 114003 103204 127536 160667 439376 554317 141698 217365 475709 330128 529081 220710 289562 683558 171572 339421 546590 690212 406387 317056 422763 443779 445131 229518 364463 168043 411610 153611 835715 582103 358803 497485 169194 562850 247108 495488 225698 619546 708718 421086
141317 226644 291683 415691 999999999 760067 491273 375675 394057 573729 548835 596674 332572 298019 541813 460286 571443 566284 490402 438713 574656 367706 493933 437755 346330 343870 147002 770819 143006 256421 334495 414209 429503 494708 345375 153567 204522 773305 588285 538485 576014 453576 526036 381429 379008 418583 286734 520317 210297 287724 543363 658060 458840 243743 171760 382415 206288 466475 476674 87961 447967 361381 379972 381147 629996 240623 493168 496622 622217 413815 360825 317548 169583 388503 574425 689312 529328 434852 175743 100133 244538 733584 376466 467876 76957 247654 651145 335223 459886 171406 591748 180389 306183 149621 623627 390799 419232 391971 355028 192908
705188 533896 1013411 386195 760067 999999999 723257 703086 541978 204624 354696 615786 912100 947946 221153 300374 491394 244514 872994 681544 198092 474716 486803 1160842 611932 947993 873359 94352 860663 929155 480504 932379 785611 512788 1099513 606532 900315 28294 693087 322995 818572 566151 1269393 952902 1131911 912404 797764 925338 556298 757329 252235 103970 434859 571274 930454 1074101 698433 788586 297856 722829 313939 401184 502482 381642 723637 815494 268609 276267 778665 693567 914193 603989 598376 1068122 219986 85049 598359 879444 787842 671981 808625 192562 824684 315556 727199 530385 666854 425326 1207564 931430 276760 874315 454557 892761 140589 876392 365662 806873 1085289 803869
590183 439922 519286 380688 491273 723257 999999999 115608 205953 644270 750139 171409 822431 398406 592823 536028 855194 680135 953214 840992 542627 299076 236660 620996 724665 835135 463026 672776 448270 744597 324865 277252 104419 211118 650136 455719 691138 749103 113970 714977 109515 794831 747632 328703 669125 249603 243437 991684 495613 745816 480969 659649 294082 583870 561645 515126 647037 906946 468832 550422 494365 451623 256627 517482 146168 723291 520369 597414 131351 78829 296241 210044 497368 496914 508942 699421 876183 907966 341996 419676 291476 819039 184921 604677 414609 376086 192605 485209 709815 584218 738900 422864 479785 617823 600028 227777 588623 851348 579493 336970
477402 342313 426683 329949 375675 703086 115608 999999999 161123 594028 677623 251393 707061 313407 543793 476709 770774 622261 841764 737281 510622 239513 239598 543536 622217 719542 353900 666504 338695 629192 253328 234778 90091 220864 554058 348284 575808 726817 219342 645836 208864 699394 669145 269758 576005 211881 144844 879106 394142 633903 451773 626739 270082 481521 452001 439276 535845 798442 423283 436173 437858 379603 203508 443248 257758 608643 471186 537373 246652 40685 231857 119505 391078 424241 483248 666440 781514 794934 230395 306241 187978 773342 125493 537465 299055 282214 291596 404792 624850 473372 676757 317134 394214 503485 569958 178117 513759 739929 492047 227847
451709 263230 538221 176183 394057 541978 205953 161123 999999999 441465 544746 217866 700968 441786 390324 330376 654071 475060 797812 663695 350454 93660 104474 671288 546686 721421 430474 506791 414843 646593 124262 393196 245405 100895 654330 302716 596826 565810 242957 509162 314873 604291 793015 421074 681064 371748 274114 841303 323321 596758 290964 467127 110237 409491 519829 571750 497678 741165 267261 425051 289062 247573 50777 313574 287951 594048 317460 391788 312392 155050 382167 86743 337486 560236 322205 506946 683902 761517 310952 299267 300651 618795 284250 398813 322389 198162 281212 285113 741355 534770 533195 408043 284130 540968 409612 336626 384414 697513 608823 318758
505634 353237 843392 265484 573729 204624 644270 594028 441465 999999999 178714 582466 707487 793258 51502 123744 324591 57264 675260 485412 133885 354587 425250 992699 408743 743454 698453 257853 687163 726969 344681 806372 683003 451119 918121 421424 700254 209463 646675 138362 750295 372898 1094273 816111 951355 790467 660133 727641 364623 552737 185550 104218 354405 369409 745480 913728 495123 592119 175535 527629 157197 233457 392966 193656 685528 611498 124051 77208 729604 595596 778797 480112 406579 910780 175549 122166 417510 677839 628376 493771 661091 180111 704641 112236 551385 366059 644266 241608 1030089 743590 118262 706405 269476 698578 117124 753161 163163 604767 913795 646473
443561 366251 838019 377305 548835 354696 750139 677623 544746 178714 999999999 720285 595673 813757 211021 224289 145878 122018 523628 332083 306304 451189 557174 985942 285261 633965 690445 426435 682348 640534 426953 862032 767456 580870 889029 413933 625584 348550 774324 42265 859445 215509 1073047 859038 923062 851148 709479 575583 347543 440621 346732 271390 481866 308830 714541 921530 411247 438330 309519 480903 266606 299317 493976 234470 816513 514797 260556 169110 852428 688971 824915 558164 382949 923181 345495 271297 244270 537820 650324 493584 697912 220059 771175 147817 550937 407220 785104 274511 1005890 705949 78670 710436 290812 645457 295738 814059 163936 468048 903557 670391
667682 480304 677358 345856 596674 615786 171409 251393 217866 582466 720285 999999999 914701 560826 532297 496090 844573 628475 1015578 877498 460591 295644 163501 787756 760942 933213 601172 550497 585635 852789 333846 448587 274651 141645 805410 519840 801195 643389 82711 680619 222870 810574 914255 498807 826995 420992 395700 1059169 540604 814474 400360 571676 239048 625808 697828 682146 715253 957871 413679 637828 453679 441403 257073 504592 107859 809036 465673 554080 165402 212389 464993 279964 555309 664908 420798 609712 887708 979248 476367 508363 439286 742913 352418 572922 520993 415683 66112 486533 873268 717257 691526 567177 491426 737301 511373 398120 571468 915371 741229 476570
251741 461040 506455 663014 332572 912100 822431 707061 700968 707487 595673 914701 999999999 577749 697981 632482 532881 673772 214957 303978 766440 648923 790491 607069 310431 38940 419317 953632 426815 118300 609554 725644 761690 797309 463782 401758 160571 915732 915208 609470 908573 399369 633553 680939 491620 735376 615091 220344 406601 156092 758749 809946 738538 352122 351083 606350 224443 247602 687765 276907 642178 573478 674131 554173 958122 109032 680028 638304 953689 744261 669835 635882 375937 622662 782658 828905 434038 146863 501943 407549 569357 815060 704797 597352 408287 515378 973192 526970 569241 323847 666807 468094 502117 246522 797992 712304 548727 162886 534691 515995
439208 450564 124830 563066 298019 947946 398406 313407 441786 793258 813757 560826 577749 999999999 750319 669828 858825 802121 768694 736393 750028 479483 540007 231066 643135 573219 162112 931853 159276 467742 467931 167725 296727 526044 257025 400897 418172 967330 512302 794759 430219 748065 355903 110068 272438 188311 170849 790128 467497 577413 700744 855738 547209 527820 232616 130041 503675 756822 650258 385903 642427 559994 462891 605421 540181 513396 685534 721139 503244 349598 117115 359357 436665 120588 734211 892743 825675 706515 165534 321384 142379 968908 214919 703814 266353 427205 590897 557089 312447 260890 841345 118430 532886 331603 807590 185304 662616 676313 181101 146837
484313 317505 804918 214570 541813 221153 592823 543793 390324 51502 211021 532297 697981 750319 999999999 82382 355141 98340 681678 494958 95658 304281 374224 953829 408669 732814 661468 256252 649616 709263 296077 758337 632507 399997 884213 388395 679440 231971 595666 168844 698794 386744 1057943 769663 917106 741904 613437 733835 335733 545418 138973 117375 303012 351844 713108 872461 480191 600394 124043 501811 109299 190889 342106 161203 634804 598296 72890 61307 678389 544678 732046 430854 377870 868717 134527 147616 439307 679101 586208 457564 616222 229571 655685 103700 514364 323931 594587 206696 994617 712796 162228 666954 235636 672015 102011 704675 149428 605519 875937 603820
409152 235288 722691 156287 460286 300374 536028 476709 330376 123744 224289 496090 632482 669828 82382 999999999 355523 145617 635652 455925 134430 239262 333213 871689 357997 665971 579091 323848 567265 635990 224377 684136 566458 357298 802038 306740 603807 313020 551867 184621 644207 357122 975561 692707 834874 668903 536907 687056 256238 483471 142936 197783 258175 281567 631315 791066 410803 557857 87787 423338 42705 109842 280188 82155 593407 529652 50820 61412 631594 481603 655552 360402 298220 787713 157258 229793 421091 626258 505206 375211 537351 302651 583795 78357 431983 242772 560822 125105 912259 631490 202873 584900 154274 592664 169027 631523 98133 552716 793634 523114
443432 435468 862237 498724 571443 491394 855194 770774 654071 324591 145878 844573 532881 858825 355141 355523 999999999 267779 416652 235817 450776 561189 681213 1004955 243151 571783 718314 568509 713120 601668 530977 931334 858625 703249 892234 462782 598960 481613 892018 187041 964532 135621 1078318 919323 925974 924239 778983 466240 398371 388763 487605 414937 605774 331105 722545 953711 393681 332418 443187 490755 395595 407328 604157 341850 935611 473430 397808 307458 966131 787855 888432 652462 423461 958898 488983 410743 116402 445195 702909 539929 759094 329506 850403 277283 592672 489576 910322 370014 1010145 708651 217065 746820 376905 637652 441583 888255 273181 383648 921886 723473
485631 354245 844188 299452 566284 244514 680135 622261 475060 57264 122018 628475 673772 802121 98340 145617 267779 999999999 628811 437687 189466 384722 468540 993677 368961 710643 697534 307993 687188 701330 369528 826667 712054 493844 911657 417299 678154 243894 689628 82952 787650 323201 1090943 832334 945279 812314 677548 681187 356023 517923 237248 152261 395533 347262 737537 919073 468274 544720 215855 512713 186014 248765 425219 196710 729671 581890 163316 85123 771274 627080 795869 505497 396923 917589 230477 159468 363293 635116 636594 493272 674419 168295 727954 99430 551553 376972 691420 245062 1025607 733498 63898 709420 270258 683267 173836 774898 147096 562765 913352 655482
365238 535874 711298 713437 490402 872994 953214 841764 797812 675260 523628 1015578 214957 768694 681678 635652 416652 628811 999999999 191776 766670 726579 871297 819811 278148 242062 606695 932932 611096 331419 686498 903086 909674 883956 677885 500003 365764 869946 1031844 550676 1050024 308203 848423 865181 706244 908702 775626 52394 475485 208023 776312 778916 807292 393701 553168 812072 306178 85482 709761 411436 658518 612082 760570 571191 1076602 255439 686445 620651 1083224 874595 848569 749755 461366 826749 792909 788014 301218 68096 666087 536357 734860 737916 864659 578437 557002 599946 1078836 561256 784195 527571 601928 653003 544362 446351 783248 881186 539106 101871 745286 683241
297406 402975 709668 552952 438713 681544 840992 737281 663695 485412 332083 877498 303978 736393 494958 455925 235817 437687 191776 999999999 583183 582177 723472 840257 117092 342318 579218 743263 578638 388940 543654 844327 815575 739579 711979 390018 398754 678216 905340 358968 944983 116574 895375 817795 744295 844153 701250 243978 345502 179871 598568 588546 653995 257201 555938 808227 232737 107050 535418 350763 483327 449752 620605 399876 950517 266675 506559 434619 966325 764731 793801 631272 346637 818174 612214 596631 130146 210289 602882 448741 668665 547990 785290 392973 486736 468337 942794 399569 827655 536118 410244 618166 388592 456706 595676 811971 357899 148263 759093 622525
538385 348506 817926 188245 574656 198092 542627 510622 350454 133885 306304 460591 766440 750028 95658 134430 450776 189466 766670 583183 999999999 277653 311558 964551 490199 799558 680136 196488 666943 766118 282418 736765 595799 338057 908374 422691 731594 218938 530151 264241 644131 478157 1074947 755580 940206 717614 600092 818441 380675 617898 61910 117200 248703 414814 742436 876579 543919 687174 101010 547750 128950 213474 307817 212932 566369 662798 86791 150315 614889 504681 716977 407379 421560 870301 42105 157068 533699 759583 590726 482138 610535 282506 630005 190624 535455 336541 519860 247809 1014181 745633 252040 678696 276401 713964 59451 681190 227719 685954 890049 606415
397184 192336 560491 91229 367706 474716 299076 239513 93660 354587 451189 295644 648923 479483 304281 239262 561189 384722 726579 582177 277653 999999999 144902 702075 465945 673055 435583 452481 420718 608189 40252 459561 328449 157989 665563 247607 561857 496485 332316 415924 408276 516242 818740 478186 694941 441167 323317 772247 252125 531718 223339 391188 91783 333506 514960 608417 434884 665056 184839 379853 199116 154139 43068 220097 376722 540174 231720 300544 404944 242359 439491 129834 274679 600039 256557 430449 594691 695335 328723 267729 337712 533835 353920 305681 305859 133545 361335 193797 762246 525398 441513 423271 196098 517318 336939 404401 290819 628216 632696 341524
539050 337106 640520 182519 493933 486803 236660 239598 104474 425250 557174 163501 790491 540007 374224 333213 681213 468540 871297 723472 311558 144902 999999999 770669 608116 813173 534941 437285 519304 743111 185136 473596 309073 26511 758194 388816 694605 512874 221442 517833 333480 650987 893657 508851 784547 449511 369931 917123 397013 676403 249709 427301 75547 477898 624056 669389 579125 808781 252749 517631 290654 280165 116573 342112 261168 682208 305228 391982 304691 218154 470529 190974 418470 656590 275243 466713 726832 840185 414940 396677 400806 592776 364729 409630 424288 276495 229110 327120 843399 638606 530909 511940 334991 642189 367013 417161 408215 773103 710497 422069
562118 640195 149500 781054 437755 1160842 620996 543536 671288 992699 985942 787756 607069 231066 953829 871689 1004955 993677 819811 840257 964551 702075 770669 999999999 769273 588011 296655 1151941 306506 488971 685953 356258 516910 757046 146705 577266 455824 1178364 733648 973584 634947 880163 126637 296575 127803 383488 401912 826984 641471 663411 919155 1064517 774724 681233 285225 105876 617651 831877 863655 514295 849256 763416 689308 799860 757210 582007 893870 917430 713241 578539 325257 587282 603612 125328 952540 1099785 949588 752219 374673 500411 370638 1161972 436222 894249 442175 631307 813096 751429 102440 304149 1025027 286997 724433 384573 1020337 395619 848449 744150 83088 360651
208616 285989 630761 440857 346330 611932 724665 622217 546686 408743 285261 760942 310431 643135 408669 357997 243151 368961 278148 117092 490199 465945 608116 769273 999999999 348706 492021 663570 489185 362528 427135 739881 702029 623645 651386 276957 356344 612794 788248 300123 829287 111297 837331 717504 684906 737897 593418 329199 229058 155648 498179 512895 539768 140892 484639 726089 152349 204242 431760 260077 380399 338049 503930 293473 833425 234376 408711 347366 849494 648823 691203 514763 233305 733691 515205 527312 183042 270433 500212 341102 563829 504701 675301 304983 384333 351295 826105 287304 769112 468876 356979 526477 274026 395584 510680 704593 262555 196862 686553 520372
276825 487604 494838 691023 343870 947993 835135 719542 721421 743454 633965 933213 38940 573219 732814 665971 571783 710643 242062 342318 799558 673055 813173 588011 348706 999999999 417998 988031 426736 105822 634128 725603 770473 818966 442997 425448 155785 952064 930580 647227 918300 438309 607987 678584 469405 736720 621356 240394 434887 193746 790152 845514 763439 384764 342900 593570 255953 282061 719051 296377 674331 603664 696618 586870 972926 137640 712953 673505 966077 757523 669653 653542 402314 610892 814723 865103 472440 174756 508230 424894 574487 853159 710601 632848 420577 539692 990548 558074 544915 314971 704676 467218 532551 242128 832326 715261 583807 199432 518292 521111
284305 345230 147696 503861 147002 873359 463026 353900 430474 698453 690445 601172 419317 162112 661468 579091 718314 697534 606695 579218 680136 435583 534941 296655 492021 417998 999999999 872579 15733 314178 411640 307691 377667 528409 230474 280665 262232 889309 572703 677157 525536 600183 396538 261663 261009 319848 223037 628925 344886 416206 639977 774503 519419 389350 98642 235429 346971 595337 579333 231972 559670 472716 433659 504982 608989 351330 604863 622501 586552 394571 251732 344155 307566 241770 672783 808505 675035 544929 124835 204761 173529 865806 305941 598140 147152 343622 645349 456845 334234 122475 728380 49305 429255 176480 733694 301356 551923 514276 215820 126259
732555 544925 1007222 370959 770819 94352 672776 666504 506791 257853 426435 550497 953632 931853 256252 323848 568509 307993 932932 743263 196488 452481 437285 1151941 663570 988031 872579 999999999 858949 959754 465989 899974 744164 462016 1101956 619147 926651 119699 630601 390427 761935 630322 1265231 926048 1133354 878181 773808 985295 576419 801608 233080 155737 396701 604810 937751 1060394 733920 849957 294704 743743 325059 409909 473481 405465 657593 852572 281283 317070 715494 652065 887087 577697 617601 1052434 199937 159116 670366 933738 777271 677270 790193 285491 790906 359174 729457 529988 596723 443357 1205779 941558 351458 868208 472228 910426 155712 843371 405613 860330 1079559 791660
282458 334105 157060 489791 143006 860663 448270 338695 414843 687163 682348 585635 426815 159276 649616 567265 713120 687188 611096 578638 666943 420718 519304 306506 489185 426736 15733 858949 999999999 323695 397223 299032 363878 512705 244991 271006 271182 876865 557637 668280 512031 596558 408821 255103 275129 310136 209173 634461 335904 418141 626203 762190 504187 383235 113441 240955 346004 597580 566061 229588 547174 460377 418351 493885 594146 355666 592291 611457 572316 379375 243134 328488 299420 245868 659086 796454 672219 550095 109269 193961 159646 855483 293168 587761 135862 330562 630058 445606 347239 136414 718997 41928 418273 186262 720822 290395 542012 517545 226639 111326
227855 433339 389823 638015 256421 929155 744597 629192 646593 726969 640534 852789 118300 467742 709263 635990 601668 701330 331419 388940 766118 608189 743111 488971 362528 105822 314178 959754 323695 999999999 571009 621818 674651 746286 346472 364092 53829 936301 844127 647028 823246 466074 519844 573724 375132 633787 523148 338628 388095 213711 748996 825326 699849 357897 237078 489146 233089 353298 678177 229365 637830 559956 627045 554308 885334 128399 679544 652935 874619 668227 565865 573139 350122 506002 776218 849038 515179 263539 410703 347336 475276 854688 611560 614747 333009 477323 907566 518971 454353 209165 704939 363483 491234 137707 804892 613571 563988 264959 416419 422177
357870 152096 541798 95305 334495 480504 324865 253328 124262 344681 426953 333846 609554 467931 296077 224377 530977 369528 686498 543654 282418 40252 185136 685953 427135 634128 411640 465989 397223 571009 999999999 462326 343380 197682 642112 208847 525488 500722 366680 393610 434376 480498 800097 475808 672303 445875 319572 732060 211879 491483 233403 391596 129392 293669 486939 595317 394760 625459 184032 342098 187484 127638 77246 193007 411481 500705 225389 284465 436450 262084 437665 136027 234760 588373 266856 429982 559794 655084 311288 234382 328122 524787 359978 284465 276450 94467 399204 161233 741935 495898 423430 403210 160081 483803 340631 408618 264187 588019 614157 325813
550975 498708 289004 550467 414209 932379 277252 234778 393196 806372 862032 448587 725644 167725 758337 684136 931334 826667 903086 844327 736765 459561 473596 356258 739881 725603 307691 899974 299032 621818 462326 999999999 174784 453452 418777 470838 569883 955073 385058 836048 278691 835924 481357 62031 429315 28019 152930 929837 533296 701927 680150 850722 503296 609275 393327 252448 616397 880349 643686 498953 649388 577925 429909 634834 404165 649196 687581 741948 357411 257243 55959 329773 512841 231164 712539 889887 917074 844742 241714 399191 176058 986379 109345 733865 357626 455325 464444 589732 452807 421144 875044 258413 571299 484112 796178 56703 700827 805857 332271 222599
544510 427078 419441 418162 429503 785611 104419 90091 245405 683003 767456 274651 761690 296727 632507 566458 858625 712054 909674 815575 595799 328449 309073 516910 702029 770473 377667 744164 363878 674651 343380 174784 999999999 286585 551230 425580 620823 810037 216842 735868 148866 783368 643525 224396 568748 147763 154707 944435 476144 701801 535917 712532 350787 562195 475748 411036 605820 871288 511055 499305 527280 469670 290889 533164 243474 668542 559742 627240 210675 92234 191898 209308 469072 392607 566579 752350 865654 859416 264262 374074 204232 861918 81843 627556 355771 369167 296203 494177 606764 500125 766798 333798 482740 542464 654867 123535 603548 808296 477430 254880
546534 348433 629447 204736 494708 512788 211118 220864 100895 451119 580870 141645 797309 526044 399997 357298 703249 493844 883956 739579 338057 157989 26511 757046 623645 818966 528409 462016 512705 746286 197682 453452 286585 999999999 749191 396425 696958 538964 195811 541863 307046 669743 880828 490619 774833 428847 355363 929104 408706 686913 276199 453809 99126 491350 619338 654842 588878 823036 277990 522773 314643 299877 124289 362952 236263 689532 330542 416546 278577 196757 452613 184657 427994 641385 301735 493212 746403 851188 406711 399047 388520 619172 345129 433149 423284 286056 207706 345599 831849 634884 555980 503303 351818 641851 393512 397283 430079 785032 698721 412663
450410 566750 132291 734150 345375 1099513 650136 554058 654330 918121 889029 805410 463782 257025 884213 802038 892234 911657 677885 711979 908374 665563 758194 146705 651386 442997 230474 1101956 244991 346472 642112 418777 551230 749191 999999999 496704 318093 1114330 763925 881623 687240 762635 186084 357068 34045 442299 409942 682820 555665 532712 869767 999124 747864 580275 174802 188846 499164 694989 807931 408414 785613 698346 661698 724771 794265 448198 830984 841206 759675 593198 372937 567597 514832 212003 902400 1031802 827338 609958 343385 427541 366616 1078835 470007 813196 372929 572102 841204 677735 117932 184130 935910 246287 649150 256665 960743 442257 764594 606627 96314 336531
150245 74315 427986 274989 153567 606532 455719 348284 302716 421424 413933 519840 401758 400897 388395 306740 462782 417299 500003 390018 422691 247607 388816 577266 276957 425448 280665 619147 271006 364092 208847 470838 425580 396425 496704 999999999 321088 619758 531937 397811 556882 365943 673914 456551 529936 466048 320409 541268 66620 295333 394898 504503 338238 139541 324726 508020 195785 451228 326385 134783 295082 209241 272656 228144 576631 293395 340112 344577 584416 377899 426117 249793 43657 509272 424898 535962 447734 459974 240624 79706 296751 585460 399343 318057 137170 114387 581443 181723 609077 324898 448006 296829 152784 292116 470524 431393 271282 398525 496341 261140
195134 392475 346945 596041 204522 900315 691138 575808 596826 700254 625584 801195 160571 418172 679440 603807 598960 678154 365764 398754 731594 561857 694605 455824 356344 155785 262232 926651 271182 53829 525488 569883 620823 696958 318093 321088 999999999 908819 791258 628695 769424 464343 498119 522903 348951 581299 469392 378629 351246 219064 711288 796345 653637 331337 190581 447351 214336 377011 640960 186903 602753 522363 579009 521697 832252 132144 645532 624891 821022 614977 513927 521939 311495 463011 739491 821808 520385 299172 356888 298013 421616 835682 557909 588188 280632 432679 855348 483790 431011 163586 686318 311475 455376 86590 772788 560530 537151 288802 379772 368467
713858 547866 1030455 407110 773305 28294 749103 726817 565810 209463 348550 643389 915732 967330 231971 313020 481613 243894 869946 678216 218938 496485 512874 1178364 612794 952064 889309 119699 876865 936301 500722 955073 810037 538964 1114330 619758 908819 999999999 720384 319273 845142 562192 1285686 974514 1146944 935452 819007 922192 567672 760366 275211 115285 459501 578544 944255 1092810 704587 785128 317148 733352 329694 416610 525378 393171 751248 820810 284682 283929 805984 718122 935898 626084 609815 1087278 243612 87298 590741 878579 806259 686889 828717 172627 847752 321589 742713 547232 694797 438099 1223328 944479 269970 891545 467210 903808 160107 899261 372320 806472 1102138 822622
674673 502878 633221 397020 588285 693087 113970 219342 242957 646675 774324 82711 915208 512302 595666 551867 892018 689628 1031844 905340 530151 332316 221442 733648 788248 930580 572703 630601 557637 844127 366680 385058 216842 195811 763925 531937 791258 720384 999999999 736046 140962 847129 860230 439440 783079 357065 355998 1073042 561963 826810 468803 643806 294343 649504 671046 627789 727225 979421 473776 639488 509163 484925 290141 550170 45179 812609 526340 611714 85616 178752 408438 282721 570812 609083 491790 682528 926425 990962 449700 508059 403171 812473 298275 626526 511371 437358 79583 526101 823399 692673 751624 534203 526761 721475 583306 338747 619514 930456 693364 446455
441622 344697 824842 339300 538485 322995 714977 645836 509162 138362 42265 680619 609470 794759 168844 184621 187041 82952 550676 358968 264241 415924 517833 973584 300123 647227 677157 390427 668280 647028 393610 836048 735868 541863 881623 397811 628695 319273 736046 999999999 824035 243196 1064295 835559 915578 824164 684109 602935 332377 453492 304534 234747 442753 304052 706826 905691 415093 465929 268635 475323 227227 266308 458407 203218 777860 523486 219024 127749 814956 655598 800675 526664 370107 906335 303276 238409 280364 560662 630177 476897 674970 207677 742809 110396 534901 380745 745174 246406 997672 699838 57933 694537 265540 642924 255463 786908 135223 489404 891741 649954
685134 546146 554990 488338 576014 818572 109515 208864 314873 750295 859445 222870 908573 430219 698794 644207 964532 787650 1050024 944983 644131 408276 333480 634947 829287 918300 525536 761935 512031 823246 434376 278691 148866 307046 687240 556882 769424 845142 140962 824035 999999999 902273 759887 339064 701684 251580 303094 1086595 600430 842040 582229 760491 397281 688400 623138 530774 744380 1007304 574773 642241 602269 561102 365635 626979 139151 813367 626762 705520 81305 180625 315686 316525 599423 509792 608639 800021 983895 1002051 413089 513821 352518 923214 221778 713679 501016 483202 209501 594598 730797 647992 847026 480606 588734 691330 700333 245220 698111 948252 606726 403664
318568 357091 740656 472705 453576 566151 794831 699394 604291 372898 215509 810574 399369 748065 386744 357122 135621 323201 308203 116574 478157 516242 650987 880163 111297 438309 600183 630322 596558 466074 480498 835924 783368 669743 762635 365943 464343 562192 847129 243196 902273 999999999 948543 817516 796124 831884 686317 360270 308043 253188 499730 474953 578079 226707 595765 835037 263646 223054 441229 368881 389295 371133 557421 313141 891974 337892 406626 327984 914519 722051 789337 585766 323246 841939 510041 481417 82319 324252 599583 437365 660557 432122 764334 287809 485186 419073 876611 324145 880325 580167 293726 632720 320462 506648 485732 797336 259838 257056 797349 620028
636261 741150 258368 894520 526036 1269393 747632 669145 793015 1094273 1073047 914255 633553 355903 1057943 975561 1078318 1090943 848423 895375 1074947 818740 893657 126637 837331 607987 396538 1265231 408821 519844 800097 481357 643525 880828 186084 673914 498119 1285686 860230 1064295 759887 948543 999999999 422468 152426 508850 526499 847824 735335 715615 1032152 1170979 894466 764682 358752 232506 685175 872558 973951 593311 955995 869167 808512 900629 883468 629833 1001101 1017915 838719 704608 451804 707975 695406 251413 1065340 1205040 1012461 780363 490016 600642 492868 1258823 562856 991881 543580 739074 939697 852775 68219 369996 1117784 397043 824809 442124 1129390 522002 944256 784033 186062 477878
521398 492971 228081 567590 381429 952902 328703 269758 421074 816111 859038 498807 680939 110068 769663 692707 919323 832334 865181 817795 755580 478186 508851 296575 717504 678584 261663 926048 255103 573724 475808 62031 224396 490619 357068 456551 522903 974514 439440 835559 339064 817516 422468 999999999 367295 87672 156326 889476 521377 667885 701203 867190 531033 592106 341017 191767 586883 847276 659492 468408 660366 584276 452785 637492 461149 610000 700615 748527 416742 298109 38966 349308 496753 171248 734178 905752 897534 804942 217932 380711 161318 995281 148127 736998 333193 456346 519022 590793 391762 369178 877555 213312 570040 436456 814659 100934 700725 769940 270254 197505
484362 599603 149940 764856 379008 1131911 669125 576005 681064 951355 923062 826995 491620 272438 917106 834874 925974 945279 706244 744295 940206 694941 784547 127803 684906 469405 261009 1133354 275129 375132 672303 429315 568748 774833 34045 529936 348951 1146944 783079 915578 701684 796124 152426 367295 999999999 453896 431318 709682 589262 564797 900911 1031781 776197 614315 208754 188635 532753 725387 839622 442460 817975 730728 689930 757913 812187 479776 863326 874496 775597 614608 386170 594428 548529 212276 933653 1064663 860374 638207 370491 460058 389635 1112552 487086 846732 404927 603755 860967 710743 84209 218110 969802 273482 682235 289817 992915 456479 798238 636921 98056 362479
553055 489982 311513 532318 418583 912404 249603 211881 371748 790467 851148 420992 735376 188311 741904 668903 924239 812314 908702 844153 717614 441167 449511 383488 737897 736720 319848 878181 310136 633787 445875 28019 147763 428847 442299 466048 581299 935452 357065 824164 251580 831884 508850 87672 453896 999999999 145713 936779 527134 705831 660300 832257 481529 605207 408648 279211 618221 883425 625793 501737 633301 563846 410077 622081 376206 655971 670631 727380 329871 232211 71818 311777 508656 258251 692434 871595 913432 851481 243809 396796 175978 970572 87720 720686 358381 443944 436437 577769 479380 436129 861878 270614 560364 496196 777063 37418 689043 810545 357373 225737
414356 345782 281857 411908 286734 797764 243437 144844 274114 660133 709479 395700 615091 170849 613437 536907 778983 677548 775626 701250 600092 323317 369931 401912 593418 621356 223037 773808 209173 523148 319572 152930 154707 355363 409942 320409 469392 819007 355998 684109 303094 686317 526499 156326 431318 145713 999999999 806872 381496 569830 546648 711084 382149 459695 321317 299545 478699 745182 503403 364843 504138 429010 300590 483930 389465 527311 544289 593346 363824 183337 118664 196161 363158 286760 579817 749553 767967 721420 113204 252684 49529 839554 89864 583286 219298 303460 432031 438106 480525 345461 724278 180194 418930 389193 659011 111221 548914 675747 347514 101148
401708 580680 725565 761888 520317 925338 991684 879106 841303 727641 575583 1059169 220344 790128 733835 687056 466240 681187 52394 243978 818441 772247 917123 826984 329199 240394 628925 985295 634461 338628 732060 929837 944435 929104 682820 541268 378629 922192 1073042 602935 1086595 360270 847824 889476 709682 936779 806872 999999999 520405 246327 827312 831309 854275 440588 568711 825857 345843 137253 760350 445132 709300 661117 805303 621617 1117593 280808 737818 672765 1122256 912902 874748 790453 503980 841638 844307 840367 350231 85465 695859 572926 764613 789169 896404 630518 589721 644035 1121873 610378 785205 542120 653963 676353 592697 462484 835462 910517 590791 144072 755036 712265
161069 60393 492532 256414 210297 556298 495613 394142 323321 364623 347543 540604 406601 467497 335733 256238 398371 356023 475485 345502 380675 252125 397013 641471 229058 434887 344886 576419 335904 388095 211879 533296 476144 408706 555665 66620 351246 567672 561963 332377 600430 308043 735335 521377 589262 527134 381496 520405 999999999 280060 360906 452978 337070 88301 381806 574087 185313 417991 290162 167448 251733 171864 285091 174668 607102 297932 295153 287415 620966 419878 490087 285778 42146 575650 388455 482300 390338 443239 306579 146303 360787 523562 456839 257610 203395 125203 604508 133067 669705 379034 383641 362935 104275 336474 424036 491727 209038 376333 559966 327032
157291 339387 537666 531365 287724 757329 745816 633903 596758 552737 440621 814474 156092 577413 545418 483471 388763 517923 208023 179871 617898 531718 676403 663411 155648 193746 416206 801608 418141 213711 491483 701927 701801 686913 532712 295333 219064 760366 826810 453492 842040 253188 715615 667885 564797 705831 569830 246327 280060 999999999 615118 655772 617034 209648 381134 637651 99603 179578 544925 204989 496985 435389 562676 407995 871315 87383 532358 485075 876174 667100 648450 544166 259393 649330 636968 673740 302367 164775 462160 328333 530653 659506 658304 443599 350609 400898 876599 386348 647976 359655 510930 459407 364286 278881 646347 676975 396002 106503 583240 480130
521569 320888 774158 138137 543363 252235 480969 451773 290964 185550 346732 400360 758749 700744 138973 142936 487605 237248 776312 598568 61910 223339 249709 919155 498179 790152 639977 233080 626203 748996 233403 680150 535917 276199 869767 394898 711288 275211 468803 304534 582229 499730 1032152 701203 900911 660300 546648 827312 360906 615118 999999999 178681 187301 407193 707558 828602 534446 699707 71149 525105 118622 189080 250276 207635 505532 652568 93161 180248 553360 444423 662413 352004 399808 821296 33474 218465 561591 763816 544502 447402 559870 343671 572589 214720 498006 298734 460625 232116 972822 712749 301084 635128 258465 686900 119377 624203 241038 690644 846489 559212
601219 432592 916273 300303 658060 103970 659649 626739 467127 104218 271390 571676 809946 855738 117375 197783 414937 152261 778916 588546 117200 391188 427301 1064517 512895 845514 774503 155737 762190 825326 391596 850722 712532 453809 999124 504503 796345 115285 643806 234747 760491 474953 1170979 867190 1031781 832257 711084 831309 452978 655772 178681 999999999 365856 467487 828972 980225 594959 695431 207698 619186 215286 301814 423430 278336 678574 712347 170752 172643 729002 621637 828862 520949 495099 975275 152250 39878 514894 782051 693523 571748 718436 175001 744840 212668 627755 433210 628586 322883 1108387 829272 198313 777561 352026 789343 60504 795569 262274 708985 987797 710289
486987 278827 637430 107252 458840 434859 294082 270082 110237 354405 481866 239048 738538 547209 303012 258175 605774 395533 807292 653995 248703 91783 75547 774724 539768 763439 519419 396701 504187 699849 129392 503296 350787 99126 747864 338238 653637 459501 294343 442753 397281 578079 894466 531033 776197 481529 382149 854275 337070 617034 187301 365856 999999999 413728 602359 677214 521792 742108 179856 471261 215527 206961 86309 267514 335331 629594 232432 317505 375802 258708 492094 187854 363018 666728 216573 405691 653013 779345 406457 359059 405011 525936 394205 334224 395083 223853 304596 255330 840386 614000 457303 502926 265747 608450 306647 446676 332891 710655 709029 416952
138613 146647 535362 323061 243743 571274 583870 481521 409491 369409 308830 625808 352122 527820 351844 281567 331105 347262 393701 257201 414814 333506 477898 681233 140892 384764 389350 604810 383235 357897 293669 609275 562195 491350 580275 139541 331337 578544 649504 304052 688400 226707 764682 592106 614315 605207 459695 440588 88301 209648 407193 467487 413728 999999999 405974 624184 129236 332092 336480 172086 290095 225759 369085 202136 694670 248097 328188 295038 709217 507931 563156 374076 96551 628552 430575 491331 308278 367221 374380 211407 434131 508008 538765 257191 261996 212166 690281 176828 697329 397132 360348 415960 154826 338957 449230 570787 206266 297228 598334 394918
279152 396563 158438 575100 171760 930454 561645 452001 519829 745480 714541 697828 351083 232616 713108 631315 722545 737537 553168 555938 742436 514960 624056 285225 484639 342900 98642 937751 113441 237078 486939 393327 475748 619338 174802 324726 190581 944255 671046 706826 623138 595765 358752 341017 208754 408648 321317 568711 381806 381134 707558 828972 602359 405974 999999999 259287 332657 554616 643048 234622 617291 530189 518025 552725 707567 303838 662644 668381 685035 492686 338024 434705 340616 273584 739487 860687 664404 487819 221943 260485 271884 904408 402514 639409 210778 408878 743180 506416 291366 28285 761134 142782 477510 106819 792978 393828 590441 468761 203280 224756
517590 565022 100853 690612 382415 1074101 515126 439276 571750 913728 921530 682146 606350 130041 872461 791066 953711 919073 812072 808227 876579 608417 669389 105876 726089 593570 235429 1060394 240955 489146 595317 252448 411036 654842 188846 508020 447351 1092810 627789 905691 530774 835037 232506 191767 188635 279211 299545 825857 574087 637651 828602 980225 677214 624184 259287 999999999 578244 813210 776247 466223 765741 681587 592731 723071 651620 562785 809570 840030 608436 473595 219448 489359 539206 23655 862074 1016583 908843 746213 286705 428798 272255 1086900 330384 819953 370852 548530 707227 674482 200431 284502 954740 211191 648819 365969 933550 289981 776415 727870 92614 270234
