NAME : synthetic_000229
TYPE : CTSP-D
DIMENSION : 100
GROUPS : 8
RELAXATION_LEVEL : 1
EDGE_WEIGHT_TYPE : EXPLICIT
EDGE_WEIGHT_FORMAT : FULL_MATRIX
EDGE_WEIGHT_SECTION
999999999 678927 248397 593863 70787 666309 367784 450584 115982 370681 352156 482755 543946 993131 180291 600652 335591 200367 674684 569375 822202 407816 507194 150117 995519 489665 784564 192925 383445 639346 811355 516134 114484 512905 388944 260591 149126 340288 648106 126880 592112 302834 306902 202366 420704 320918 673398 586807 205067 678908 716454 265241 809788 772278 466803 507452 302950 311279 613966 883580 350508 790187 532724 406837 258904 808194 184567 101491 415898 560819 370444 673464 758733 222298 655606 599761 466342 659865 632160 726368 472864 760274 132537 198466 166201 507734 831685 496691 824129 803806 531799 118954 318276 819288 714799 960555 668935 419720 201512 982607
678927 999999999 478946 495712 726109 416897 676226 228456 780906 400189 350678 199248 445971 423592 852717 506917 599468 484405 133907 116083 440177 414203 536337 826851 450824 204290 113795 486373 299210 376524 356311 174834 675271 637967 653944 653540 594458 348607 84950 607616 118216 494739 799586 682375 654396 497617 129351 109505 862301 89947 521289 414393 447724 450516 679199 198046 854184 638501 823005 317206 747064 492865 220011 435687 797271 215806 527551 762367 374181 526802 543604 522699 333683 703381 647556 738530 534669 470342 499776 90073 523706 551447 611824 483550 588511 689629 403384 434575 359651 265814 576224 728611 926855 424681 271427 414718 454919 647153 501461 377774
248397 478946 999999999 360903 315579 420439 257046 267505 322024 122286 247106 281790 517280 749438 426298 369427 422944 84508 513577 386067 574212 161835 291266 393504 749651 275420 572513 134872 187449 569569 700620 304675 202870 334434 493662 398124 265972 135519 471957 138600 374482 78765 330012 374635 517717 343869 445163 374434 453458 503957 479478 118159 562245 525772 320623 286696 526195 198541 489610 642205 300808 733640 297631 164790 472727 649035 222688 349277 356447 337172 418651 655054 651873 400794 452843 441957 494080 623563 397519 507960 494028 732808 140013 95346 275236 354322 583326 470392 576684 663322 326064 347842 560532 730921 594470 715312 624769 270684 206939 743734
593863 495712 360903 999999999 664394 123680 323221 428703 632154 257602 518397 397350 778090 522145 757921 11954 763621 441023 605413 480779 277009 207107 104382 722720 503062 362710 524152 487119 387985 778969 834852 378211 508697 188057 835190 753906 625676 372599 547333 467871 385885 292323 495258 735147 854679 668542 380963 402467 793723 571300 123715 434483 257873 212612 258566 346112 885471 334232 350278 447475 405673 933164 293042 197642 832980 711433 575705 694475 625657 51582 743610 903353 799839 761362 152112 258572 798060 859081 38820 457872 793891 963470 463610 450643 633644 245064 311545 739881 333183 756917 116020 703790 912078 891742 733973 478654 852287 259678 555137 549195
70787 726109 315579 664394 999999999 735111 433637 498061 126167 437533 387069 533633 546900 1054755 126966 671268 315539 259406 710940 613728 889778 476328 577973 105643 1058609 543779 834390 241901 436302 651280 831156 569014 178100 582208 358903 229040 152951 396779 688995 197662 645586 372934 355507 162770 391484 323960 729467 638814 140743 718944 786812 317672 877784 840866 534039 563010 234945 378977 677015 944117 409571 795003 592308 476167 194945 841860 208250 36460 434533 631591 360677 669946 778332 176781 725827 666772 456803 661813 702627 778730 464985 757389 203198 255587 167370 575142 897870 501581 888798 832175 602362 57244 247685 832621 738994 1023233 672877 487826 230920 1041666
666309 416897 420439 123680 735111 999999999 437878 407951 719956 301146 522441 367490 759727 398952 839037 129135 786919 490900 539500 428689 163230 258838 221387 804626 381397 331623 424707 530728 389992 740893 769456 337943 594551 311643 857286 791913 673142 391059 481322 544853 321474 365955 607440 783350 872846 685119 291464 340620 870558 500668 105241 466141 147093 106286 381003 309514 943796 439729 469722 324661 521243 885689 249561 259923 888743 630490 615602 767787 619317 174637 757256 875127 740128 809492 251681 377212 798367 827358 102566 363258 792300 926483 542287 498900 678311 368731 190765 726903 209604 682676 239366 768109 980951 832638 674693 355794 817772 377690 591974 425687
367784 676226 257046 323221 433637 437878 999999999 500241 356781 278888 503852 498946 773885 831515 490873 323673 651832 326518 740885 606625 598617 263056 218940 455963 817820 479258 747271 374458 423313 824908 945037 507382 255561 167025 718471 603477 467774 375787 691507 255346 559316 196845 172569 559000 746422 588680 602441 566758 535287 722420 438787 375163 580198 535316 102995 479693 668538 62838 249714 742355 83455 989178 460648 242683 626623 871704 449648 453164 613422 273778 660252 911810 898475 582391 317990 233846 743050 880600 359203 677684 744334 989853 246527 337198 482318 144004 628482 726653 642085 896267 217609 486513 666888 981177 837987 789995 881639 67848 442671 847437
450584 228456 267505 428703 498061 407951 500241 999999999 554111 227545 139274 47159 352809 593261 624479 440576 412344 258524 246176 121329 508210 263920 423329 598406 608161 79082 336635 257922 80141 353038 445754 87665 453303 510960 477014 447766 371195 131991 205712 385641 158823 304585 597177 466438 486075 305811 249566 146875 635227 237698 505916 186918 505966 487549 530766 103873 639529 451320 693178 479305 559407 512484 162531 285846 581909 381533 303646 534398 214178 438268 368690 474749 400954 489366 571417 621862 394603 430496 450033 284482 387424 535830 390800 256710 367093 552300 492435 318952 464319 398009 466623 502877 706106 487487 338709 570802 424281 488744 276973 565482
115982 780906 322024 632154 126167 719956 356781 554111 999999999 440032 464854 582354 658402 1070479 134142 637087 438877 296541 785057 674650 880869 468260 535783 99590 1069023 585071 883083 300499 482134 755248 926959 612882 125483 518664 484762 354766 261363 434975 755637 183507 687278 355832 244293 288934 517288 434790 763944 683969 179984 786908 755821 367197 866479 826044 459775 600522 334111 312966 585363 964075 314066 905287 618426 462165 306352 919576 300546 121832 531841 592343 479768 786167 874390 302406 668333 588857 576125 774222 670973 822022 583430 873297 183096 297498 277933 500703 896198 611509 894004 917413 552274 180629 313916 935266 829702 1035369 783766 419253 316982 1065758
370681 400189 122286 257602 437533 301146 278888 227545 440032 999999999 273815 220751 545982 630593 548257 267722 506214 190042 462697 328059 452369 50985 213568 515162 629175 200441 480455 232319 158465 572045 672777 228819 316941 288465 577816 497990 373758 124632 412654 257197 285694 97709 402472 484036 597881 412988 342711 290894 575736 443532 368797 176995 440846 405437 303284 202292 642678 238312 467211 525498 346964 734765 193890 66859 587803 592834 319824 471472 386224 245903 488562 679166 628477 510270 374551 400499 549332 640432 291019 412484 546505 748926 256966 198448 380128 326075 461055 503268 455137 618737 255257 467748 681300 714779 565863 595354 637546 261508 298270 628538
352156 350678 247106 518397 387069 522441 503852 139274 464854 273815 999999999 185811 274800 732457 513667 529663 274696 194960 323983 234774 638216 322618 487299 491680 747372 213069 463522 168216 132896 323529 470087 226558 385666 557877 341411 309154 245770 149338 303570 322573 297527 312919 561276 332170 353261 168443 388479 284270 517545 332724 612663 130090 634027 611271 559102 238029 504714 445588 728017 618511 545534 487138 291683 340615 447443 456269 180650 422256 113251 515869 236204 411026 418766 353917 647042 669624 279761 377168 546155 417939 275507 486539 330174 187604 238563 588484 626407 230332 600790 452703 529062 381874 576204 491102 368246 710029 377790 511126 156317 703475
482755 199248 281790 397350 533633 367490 498946 47159 582354 220751 185811 999999999 392308 547399 659218 409298 459417 285855 242003 107867 462362 249644 401820 631933 561613 35935 301814 291889 100224 381652 455871 40749 476086 494244 524172 493387 412186 149453 193622 408404 114857 307314 607728 509966 533125 352881 204627 105514 672248 225193 467572 217518 460647 443561 520370 58898 682988 454170 678697 433445 563112 536959 118965 272065 625293 373581 344633 570082 259502 411358 415772 509603 414304 533331 543673 603520 439818 463475 416006 245275 432266 566485 412704 285587 409054 538833 445683 360850 417204 398015 444931 541625 747407 503667 349895 524291 455696 481130 317763 521253
543946 445971 517280 778090 546900 759727 773885 352809 658402 545982 274800 392308 999999999 869564 656882 789802 260207 451305 335901 357781 845372 592944 758136 647662 896051 428122 547880 409333 392860 125462 319907 424450 615723 832258 275073 352548 397449 421655 363418 563246 465935 586817 809504 414591 258819 223782 545340 446442 640240 373896 858684 399242 846331 833312 833479 450739 547493 713672 1002570 762036 807891 248135 510971 612215 502368 411681 364279 573688 161799 781997 197503 138074 271490 421411 914785 944149 122166 115932 801552 535251 108986 220223 572219 441530 381360 863255 820857 48543 784498 367494 800600 514009 641794 297874 264807 859520 125981 785056 356148 821791
993131 423592 749438 522145 1054755 398952 831515 593261 1070479 630593 732457 547399 869564 999999999 1173267 526405 1002412 795356 544156 522553 259715 607542 619300 1141609 45003 525083 329325 818911 629622 793582 720114 506852 947429 710149 1063201 1040786 952633 660730 506911 887202 435249 720233 996428 1055067 1067603 896491 344287 449958 1195449 501309 445022 742916 281044 323515 779932 501931 1227395 824479 857139 113962 914847 885092 463498 618595 1169712 545968 886068 1090522 785195 573454 952658 939625 717873 1079125 625610 765157 954780 887054 495295 334736 944389 956613 887388 799541 951676 766908 213801 856946 189909 614602 638127 1073653 1285451 797244 667321 44823 869900 774497 859261 71626
180291 852717 426298 757921 126966 839037 490873 624479 134142 548257 513667 659218 656882 1173267 999999999 763559 409370 380194 837324 740618 997440 582437 664403 35491 1175189 668072 960477 367352 561025 767033 951018 693890 249821 651936 437492 315235 274486 519579 815923 294236 770263 473109 371021 247156 469668 438115 852810 764095 49783 845811 881564 442299 984192 945313 593867 686556 223702 445799 717575 1063861 446647 904343 712960 579214 213900 967552 333964 91415 555873 720311 463304 772661 898250 249031 800999 722949 556912 769696 796679 903957 566572 859885 296807 377639 286891 634823 1009036 613674 1002955 956148 683108 143234 183579 948377 861397 1140402 782373 552881 357372 1162844
600652 506917 369427 11954 671268 129135 323673 440576 637087 267722 529663 409298 789802 526405 763559 999999999 773887 450070 617085 492644 278783 217052 105721 728297 506430 374664 534213 496507 399463 790913 846594 390144 514078 183943 845474 763338 634591 383553 558978 474402 397449 299827 496037 743895 865146 679197 391509 414112 799820 582835 119031 444690 259249 213786 255767 358054 893300 336902 342365 453657 405656 945115 304892 206893 841061 722674 585197 701047 637151 50034 754343 915201 811675 770093 140707 250318 809275 870974 35585 468214 805169 975399 469959 459785 642747 240507 314857 751490 338009 768414 112765 711238 918921 903599 745805 482683 864205 259203 564847 554792
335591 599468 422944 763621 315539 786919 651832 412344 438877 506214 274696 459417 260207 1002412 409370 773887 999999999 338940 529592 486517 911088 557064 710176 406155 1019479 487735 712728 288197 400162 381924 575783 500007 434620 756691 71618 95043 192080 396525 532826 402840 567631 501709 635953 162216 95187 106536 658337 552461 386516 555027 869660 329219 905932 880781 734658 512717 288929 589071 899543 888811 660945 501366 565762 569499 242205 637826 203493 335010 226648 750205 65151 364348 525013 163999 873131 861848 148701 366298 795901 677696 159412 451181 412315 327898 175363 771608 900793 225313 875473 607112 747385 271291 381893 558080 504377 982057 381252 683919 216058 968751
200367 484405 84508 441023 259406 490900 326518 258524 296541 190042 194960 285855 451305 795356 380194 450070 338940 999999999 496501 379687 638662 236577 375313 350475 799614 290134 587044 50799 185663 516503 663508 317271 197013 417808 409426 314469 184804 140160 462509 130588 392644 163075 366469 294765 433896 263850 473053 388272 400128 494213 556980 73148 628322 594404 399532 307285 453028 264669 567311 684789 356645 678787 333153 243430 397847 632431 138208 295278 294491 419932 337481 589315 612748 321019 537231 523966 416944 561801 476682 527239 417932 670131 137258 11122 192693 434903 642872 403294 631288 638090 410530 281907 495976 686060 559867 764066 565107 348969 122905 782896
674684 133907 513577 605413 710940 539500 740885 246176 785057 462697 323983 242003 335901 544156 837324 617085 529592 496501 999999999 134974 573622 488927 630942 815663 575136 264988 215847 484607 326317 249427 230414 239703 693473 728469 574347 598089 566196 378120 58404 626497 220388 547935 843353 638403 569178 437481 260884 203027 839179 44519 644704 423353 580624 581429 759986 271272 804188 695026 914164 443497 803715 358970 314406 511343 749459 136093 503499 745917 305621 630265 467941 395541 201893 656090 757207 834648 439367 342960 614541 220331 427172 418849 632422 492681 556766 776046 537290 334903 493423 156819 672958 702891 885588 294004 138099 540176 326155 722233 480032 490953
569375 116083 386067 480779 613728 428689 606625 121329 674650 328059 234774 107867 357781 522553 740618 492644 486517 379687 134974 999999999 491548 354053 498882 715766 544768 130181 229570 376462 199355 314892 356554 106110 574606 594982 543468 537959 479307 251110 86167 506924 111565 415081 714133 566298 546032 383278 187792 91519 748565 118051 533197 307614 494446 486733 625156 138397 738124 562004 780442 411094 670921 457219 187784 376481 681192 265753 412738 649794 263764 501726 432759 455217 319253 587311 631254 702277 432863 404970 493732 191541 422859 499567 512003 377578 472968 641753 464124 338139 426806 291678 541366 614154 810975 410977 253483 507614 393245 587260 386933 483708
822202 440177 574212 277009 889778 163230 598617 508210 880869 452369 638216 462362 845372 259715 997440 278783 911088 638662 573622 491548 999999999 415025 380119 963435 232565 429227 404266 674162 511385 804061 793239 425075 755386 461468 979317 927051 816182 524131 519626 703367 380542 525464 769363 925394 991338 805969 313578 400435 1027158 530089 185815 604299 21335 65878 534424 404337 1090607 602734 598873 221486 681660 932234 347063 418966 1034429 633802 754948 923386 721861 328287 874010 946499 773683 951196 366364 507462 902112 895744 244843 361859 894355 985879 701365 645636 819552 516761 52487 819243 99584 695374 391427 919486 1133369 864028 711535 214894 883001 536404 729859 304190
407816 414203 161835 207107 476328 258838 263056 263920 468260 50985 322618 249644 592944 607542 582437 217052 557064 236577 488927 354053 415025 999999999 165206 548530 602880 223941 484847 280920 201727 613760 705326 250133 343220 247078 628674 547355 421229 173331 436150 288533 296674 113173 403531 531322 648846 463943 341589 305038 612484 465985 320452 227861 402113 364549 271117 220269 687231 232690 429777 506418 338047 775295 197620 22447 633073 615284 369096 509233 434281 195101 539490 724826 662762 557577 324627 358322 599439 684873 241220 415503 596387 792802 286882 245622 428298 289388 428022 551048 426597 645714 207721 509677 722175 750730 598989 570329 681168 234311 348132 610891
507194 536337 291266 104382 577973 221387 218940 423329 535783 213568 487299 401820 758136 619300 664403 105721 710176 375313 630942 498882 380119 165206 999999999 628979 602769 371040 583189 424633 366293 775811 855126 392796 414597 103383 781568 689385 556316 337983 574766 380314 419717 215023 390877 663389 803829 622319 435948 433105 702429 602063 223762 384319 361442 316439 162537 360503 805101 231602 286730 537472 301653 935779 318786 146713 754781 748414 513342 606080 599352 57214 698131 889630 815471 689302 163063 203733 762310 849026 141268 514170 759758 956473 374958 385843 566234 159130 411992 716204 429412 786721 43294 621154 824816 905402 750444 576644 844746 156511 495782 641285
150117 826851 393504 722720 105643 804626 455963 598406 99590 515162 491680 631933 647662 1141609 35491 728297 406155 350475 815663 715766 963435 548530 628979 999999999 1142931 639605 933599 340582 533057 754803 936182 665867 214427 616619 439700 313774 257884 490390 792449 260070 741995 438672 339699 245037 472215 426335 823515 736382 80728 822697 846386 414524 950017 910911 558945 657546 245892 410434 684361 1032693 413181 895694 682416 544920 228644 947093 313734 74186 539805 684931 456946 766986 883361 250632 765580 688380 551918 761643 761491 876088 560991 854409 262342 348514 271593 599950 975602 603320 970149 937811 647617 135175 215226 936240 844543 1108329 773543 517671 335916 1132233
995519 450824 749651 503062 1058609 381397 817820 608161 1069023 629175 747372 561613 896051 45003 1175189 506430 1019479 799614 575136 544768 232565 602880 602769 1142931 999999999 537136 362364 825614 639430 824237 757613 520873 944998 690334 1081723 1054244 961629 667633 535142 886366 451982 716020 984974 1065748 1087349 913161 361785 467881 1199043 531629 418254 750210 253761 297972 761608 513253 1237327 814087 831406 134083 901274 920547 470788 612474 1179756 583882 895698 1094050 805443 554626 971528 970547 753497 1090214 598605 740023 977631 917972 474039 360982 967578 990311 886069 804369 961464 746522 191575 881461 177408 652282 618957 1079756 1292586 834444 701286 37434 901289 758916 869047 116307
489665 204290 275420 362710 543779 331623 479258 79082 585071 200441 213069 35935 428122 525083 668072 374664 487735 290134 264988 130181 429227 223941 371040 639605 537136 999999999 298587 302181 107708 416654 484473 29458 474501 465527 553722 517193 429122 150220 212819 407292 102512 291952 595801 530048 563801 381351 186720 99439 683555 243327 431644 226108 426885 408768 495008 25103 702607 437505 650717 411412 546485 570765 83744 246355 644896 392751 361971 580214 293219 378220 446335 545438 444449 554043 510019 573739 473648 499132 380659 237150 466380 601739 410832 291239 427263 511699 414353 396233 387741 421784 413928 555290 763803 534699 379419 500003 491137 457559 335069 502738
784564 113795 572513 524152 834390 424707 747271 336635 883083 480455 463522 301814 547880 329325 960477 534213 712728 587044 215847 229570 404266 484847 583189 933599 362364 298587 999999999 593196 401561 464970 401426 270292 772966 686561 766170 767317 706004 448188 185955 705853 198057 577759 882918 795552 765633 611303 147483 199248 971862 174492 522813 519322 416611 430779 736626 285822 967615 716068 867459 234661 822759 559081 287911 504649 910601 232737 638783 870782 486885 563052 656127 610683 392572 816781 671508 778723 642983 558148 519748 69819 631586 627958 709290 587192 700590 741368 358914 540924 310617 298217 619392 839163 1039375 476724 338952 328766 540749 710359 612430 275164
192925 486373 134872 487119 241901 530728 374458 257922 300499 232319 168216 291889 409333 818911 367352 496507 288197 50799 484607 376462 674162 280920 424633 340582 825614 302181 593196 999999999 194542 482038 637806 327134 217959 468598 358802 266839 142502 158187 455794 157228 403741 213604 401738 252626 383117 214426 488413 396942 381376 486845 601012 76441 664864 632655 449752 322044 416726 312090 617104 706875 399844 642377 355442 289623 360295 619408 88966 278362 256811 468009 287347 546875 586150 278764 586963 574687 368633 521794 522034 536855 370174 629196 165567 39717 147890 485428 675364 360938 660865 619776 460485 254830 466971 655563 536457 789474 526337 399114 72140 802416
383445 299210 187449 387985 436302 389992 423313 80141 482134 158465 132896 100224 392860 629622 561025 399463 400162 185663 326317 199355 511385 201727 366293 533057 639430 107708 401561 194542 999999999 413580 521740 132867 376753 446696 469327 418770 323053 51953 284858 309007 209307 226718 517036 426347 483483 296208 294291 203363 575910 316876 479820 118737 505831 480937 460003 128539 598024 372710 625379 516476 480307 576423 170370 222205 540402 461608 256485 472752 237695 389259 367374 523339 475335 450955 521931 558620 411844 483153 414441 343038 406960 591206 313637 185634 322172 484249 503712 352724 482472 477614 409163 447708 656968 559431 414712 602638 479645 415957 229729 609648
639346 376524 569569 778969 651280 740893 824908 353038 755248 572045 323529 381652 125462 793582 767033 790913 381924 516503 249427 314892 804061 613760 775811 754803 824237 416654 464970 482038 413580 999999999 194724 404545 697739 860070 400481 471632 498758 453644 291667 639258 426258 630261 882536 530395 384068 328924 492621 406224 754203 292609 844208 453572 808074 801574 872006 435223 670572 768008 1038613 691928 869021 164284 493195 634947 623768 297516 455103 680638 226347 791040 317563 146378 146073 539603 924024 971830 247622 93872 797231 466156 234448 185660 647586 508147 483916 897553 773103 157117 732274 246731 819073 623841 763709 181441 147421 788983 79033 826254 441505 739712
811355 356311 700620 834852 831156 769456 945037 445754 926959 672777 470087 455871 319907 720114 951018 846594 575783 663508 230414 356554 793239 705326 855126 936182 757613 484473 401426 637806 521740 194724 999999999 462443 855650 949807 594959 663877 678326 570333 288816 792515 450722 748425 1027150 720274 577643 514974 485659 433051 941532 269057 874576 593532 802181 806702 975284 494867 864676 893712 1134548 635115 1000130 175816 542493 727702 816979 174312 627493 862454 396829 857909 511021 288273 52825 731020 986294 1058177 441883 247306 844775 431685 428771 262419 799952 656940 664725 994659 752781 350473 706291 105558 897760 808568 957070 77544 107085 726322 226097 934260 609977 656364
516134 174834 304675 378211 569014 337943 507382 87665 612882 228819 226558 40749 424450 506852 693890 390144 500007 317271 239703 106110 425075 250133 392796 665867 520873 29458 270292 327134 132867 404545 462443 999999999 503218 489041 564471 533967 450818 177920 186026 435888 76690 321113 625185 549740 573011 393475 164812 71087 708334 215963 440128 251593 424193 409068 520773 32524 722668 466365 674616 392915 575302 555349 88753 272446 664956 365375 383369 605473 297421 396805 455759 537184 424011 573288 527404 596168 477291 489595 393780 210236 469351 590151 439570 317940 448168 536345 406769 395257 377306 396451 435336 578878 785950 515091 358512 483555 480497 484273 356459 481576
114484 675271 202870 508697 178100 594551 255561 453303 125483 316941 385666 476086 615723 947429 249821 514078 434620 197013 693473 574606 755386 343220 414597 214427 944998 474501 772966 217959 376753 697739 855650 503218 999999999 407565 493603 368487 242554 326665 658476 67750 575390 230506 201469 314591 524392 400123 647961 573939 288714 690315 632408 270144 741014 700682 356425 487748 412977 202206 499903 842240 236355 855742 500453 336738 371883 829433 253008 198678 471450 470505 460104 750524 804079 335714 554273 488935 553273 730728 547501 709598 558024 835562 63675 201454 259405 397605 770967 567296 769463 834410 434161 231812 415728 873010 753691 911684 737215 311165 259636 944768
512905 637967 334434 188057 582208 311643 167025 510960 518664 288465 557877 494244 832258 710149 651936 183943 756691 417808 728469 594982 461468 247078 103383 616619 690334 465527 686561 468598 446696 860070 949807 489041 407565 999999999 826879 723854 587554 411109 673176 389498 520675 256039 334187 689039 851698 677426 539288 533294 694385 701243 286557 442679 441399 395857 75496 457213 815780 206305 185818 634027 239608 1022139 419103 225393 769572 848636 554353 605855 671115 137123 752644 966764 908483 714065 151067 112088 824493 928749 216719 617501 823299 1037355 382233 428881 599714 57431 498773 788202 521220 884894 72504 631165 823247 997181 844123 666547 926008 100216 540709 736601
388944 653944 493662 835190 358903 857286 718471 477014 484762 577816 341411 524172 275073 1063201 437492 845474 71618 409426 574347 543468 979317 628674 781568 439700 1081723 553722 766170 358802 469327 400481 594959 564471 493603 826879 999999999 130030 253193 467419 583185 466799 629835 572405 693825 196897 32662 173366 719993 613891 407715 603184 940827 400823 974623 950250 803235 578798 281314 655883 967051 950034 723933 500331 633088 641107 245429 673971 272726 372838 279973 821798 110728 355686 546357 189120 944475 931285 153167 367887 867375 734999 166217 439303 476184 398437 237430 840634 967730 250587 941189 637302 818581 308598 378682 568186 533819 1044290 385452 752536 286737 1027091
260591 653540 398124 753906 229040 791913 603477 447766 354766 497990 309154 493387 352548 1040786 315235 763338 95043 314469 598089 537959 927051 547355 689385 313774 1054244 517193 767317 266839 418770 471632 663877 533967 368487 723854 130030 999999999 136701 403249 594125 348566 606480 475230 566946 68742 162523 160635 697326 593424 291479 619019 866655 325774 919803 890813 693304 541359 206598 541739 853161 926831 602195 595862 588959 556460 154248 714004 178259 244553 292764 734358 155048 459381 612301 69166 850475 824026 243726 460728 788574 725807 254287 546153 357665 304259 124175 732143 922044 314534 901155 688337 723441 180244 294084 649921 586952 1017045 475222 643053 200250 1012627
149126 594458 265972 625676 152951 673142 467774 371195 261363 373758 245770 412186 397449 952633 274486 634591 192080 184804 566196 479307 816182 421229 556316 257884 961629 429122 706004 142502 323053 498758 678326 450818 242554 587554 253193 136701 999999999 295474 549163 214019 526933 341394 443948 110297 283058 173669 615338 517178 272990 577887 741680 213133 807142 775149 556672 451279 276254 405711 717288 839528 470742 644977 490933 428171 219112 694435 67587 184439 281968 603141 221632 524971 625503 136518 716232 687326 317297 513120 661471 655673 323738 612007 223329 175610 17217 595448 816202 351060 800041 681700 589144 136702 335221 679978 587115 925050 523129 506380 94424 931826
340288 348607 135519 372599 396779 391059 375787 131991 434975 124632 149338 149453 421655 660730 519579 383553 396525 140160 378120 251110 524131 173331 337983 490390 667633 150220 448188 158187 51953 453644 570333 177920 326665 411109 467419 403249 295474 999999999 336749 259019 252660 178994 465265 402821 484698 297270 333235 249005 537303 368765 473655 82655 516581 487899 418442 167170 571719 323380 585770 548818 430234 617540 197255 191339 514556 513516 231700 433054 261595 367285 371645 555655 523016 428279 497893 523163 426805 518165 402447 387361 423413 627131 263252 141955 297086 445035 521493 378661 504566 528754 379864 412946 625036 605436 463507 631399 516252 372694 206063 645103
648106 84950 471957 547333 688995 481322 691507 205712 755637 412654 303570 193622 363418 506911 815923 558978 532826 462509 58404 86167 519626 436150 574766 792449 535142 212819 185955 455794 284858 291667 288816 186026 658476 673176 583185 594125 549163 336749 999999999 590936 162019 500931 800284 629009 581250 434911 206077 144866 821073 32018 586548 389774 525843 525166 706730 216690 798287 647727 858980 401797 756697 412818 257148 458472 742337 180214 484151 724650 306187 572825 474041 437778 259257 648367 699219 778494 457117 385450 556184 174919 445663 468078 596283 459754 541241 721624 485069 355000 442506 211956 616509 685437 875754 351632 194494 499241 370192 670200 459336 458434
126880 607616 138600 467871 197662 544853 255346 385641 183507 257197 322573 408404 563246 887202 294236 474402 402840 130588 626497 506924 703367 288533 380314 260070 886366 407292 705853 157228 309007 639258 792515 435888 67750 389498 466799 348566 214019 259019 590936 999999999 508524 179067 246284 304148 495987 354638 582408 506715 326694 622803 590884 203460 689981 651117 348981 421019 427432 194539 505018 780571 258236 799246 435759 284985 380131 762529 207757 226646 413764 434047 420090 699749 741329 328057 529824 481568 509969 677048 506334 642937 513505 783468 9514 135970 229395 389136 716091 514704 712082 768669 405323 242624 444860 812352 689613 852440 682360 300000 208883 882301
592112 118216 374482 385885 645586 321474 559316 158823 687278 285694 297527 114857 465935 435249 770263 397449 567631 392644 220388 111565 380542 296674 419717 741995 451982 102512 198057 403741 209307 426258 450722 76690 575390 520675 629835 606480 526933 252660 162019 508524 999999999 381991 687518 624645 636158 461463 90997 20049 784997 185457 426621 328031 383028 375324 561003 87789 797705 523514 706071 321412 631567 565127 101911 317938 740026 328934 459407 682040 355574 413354 519836 566708 419145 647850 537941 622713 532158 516534 394165 134749 523119 610501 511731 393719 523908 571815 354971 442651 320030 371183 460290 655517 862141 511662 353506 414548 504740 529068 432520 406743
302834 494739 78765 292323 372934 365955 196845 304585 355832 97709 312919 307314 586817 720233 473109 299827 501709 163075 547935 415081 525464 113173 215023 438672 716020 291952 577759 213604 226718 630261 748425 321113 230506 256039 572405 475230 341394 178994 500931 179067 381991 999999999 305528 448426 596471 421521 440385 386055 505533 532432 414025 189480 511588 472240 246849 296820 593613 147093 416127 617829 255867 794502 291596 106498 541893 680832 301044 404095 425079 263773 496634 723773 701663 474383 375245 364527 570083 689798 330186 510031 569493 799173 176332 174004 351629 278482 540468 540897 539764 702064 248223 411470 620494 784429 641417 683342 689586 198269 285696 721798
306902 799586 330012 495258 355507 607440 172569 597177 244293 402472 561276 607728 809504 996428 371021 496037 635953 366469 843353 714133 769363 403531 390877 339699 984974 595801 882918 401738 517036 882536 1027150 625185 201469 334187 693825 566946 443948 465265 800284 246284 687518 305528 999999999 508959 724970 598968 743393 691332 419935 832180 611331 433931 751334 706734 261519 602017 578121 172862 351621 902756 94835 1043896 595705 386998 547307 978491 451425 362242 658408 446226 661007 946011 977224 527717 482450 373783 753321 923076 531599 814750 757578 1029720 237285 374477 460844 297631 797306 760965 808156 993226 389837 412738 554474 1052289 921954 955904 928011 239218 454746 1007972
202366 682375 374635 735147 162770 783350 559000 466438 288934 484036 332170 509966 414591 1055067 247156 743895 162216 294765 638403 566298 925394 531322 663389 245037 1065748 530048 795552 252626 426347 530395 720274 549740 314591 689039 196897 68742 110297 402821 629009 304148 624645 448426 508959 999999999 229556 207225 714500 613312 225912 655685 851744 321293 916673 885100 652843 553165 173092 498677 808269 941458 550648 660212 596018 537851 115494 759616 171161 176166 337036 711418 218111 525990 668109 26255 821793 785049 310132 525142 771202 749485 320135 613060 312695 285768 105873 692671 924283 374059 906788 738351 694871 111842 247215 710352 638665 1028900 538834 603388 197277 1031213
420704 654396 517717 854679 391484 872846 746422 486075 517288 597881 353261 533125 258819 1067603 469668 865146 95187 433896 569178 546032 991338 648846 803829 472215 1087349 563801 765633 383117 483483 384068 577643 573011 524392 851698 32662 162523 283058 484698 581250 495987 636158 596471 724970 229556 999999999 187796 725629 619611 439253 599843 958335 421175 987287 964111 829804 588903 308139 683717 994464 954926 753614 476175 644441 662004 274984 663911 298659 405495 282460 842816 117468 330008 530134 221595 966870 957022 137034 345402 886182 737208 150269 412226 505415 422832 266954 866793 978154 239343 950286 624543 841479 341258 405894 547522 521169 1049943 363722 779068 310990 1029592
320918 497617 343869 668542 323960 685119 588680 305811 434790 412988 168443 352881 223782 896491 438115 679197 106536 263850 437481 383278 805969 463943 622319 426335 913161 381351 611303 214426 296208 328924 514974 393475 400123 677426 173366 160635 173669 297270 434911 354638 461463 421521 598968 207225 187796 999999999 552280 446562 426606 459087 770753 238000 801264 777128 663188 406364 367045 526139 831161 782788 609543 471481 459950 478245 313297 554268 147546 352152 132175 658772 75812 352925 462479 221452 785219 785790 155667 339474 699382 573683 158868 439470 364033 252834 157621 697928 794821 177697 769085 531235 661368 294947 451664 510305 431466 875746 349529 612711 147277 863856
673398 129351 445163 380963 729467 291464 602441 249566 763944 342711 388479 204627 545340 344287 852810 391509 658337 473053 260884 187792 313578 341589 435948 823515 361785 186720 147483 488413 294291 492621 485659 164812 647961 539288 719993 697326 615338 333235 206077 582408 90997 440385 743393 714500 725629 552280 999999999 106105 869615 218187 394612 412083 319881 321235 589238 166462 887462 574102 720905 230509 679428 618834 149158 360489 829753 339278 547980 765843 444046 417608 609747 636867 462237 737945 530785 632883 618438 585349 380167 78230 608907 672856 584719 475188 612919 593934 280495 525666 240416 393685 472677 741982 950298 553663 398983 324362 571653 563666 521063 316763
586807 109505 374434 402467 638814 340620 566758 146875 683969 290894 284270 105514 446442 449958 764095 414112 552461 388272 203027 91519 400435 305038 433105 736382 467881 99439 199248 396942 203363 406224 433051 71087 573939 533294 613891 593424 517178 249005 144866 506715 20049 386055 691332 613312 619611 446562 106105 999999999 777665 169762 445682 321893 403026 395352 571700 89329 786403 529180 718946 336379 637654 545561 114326 326684 728784 315393 449592 675273 338350 428623 503647 546682 400625 636189 554377 636511 514068 496488 411742 139916 504872 590522 510271 388794 513590 583661 374415 423698 338899 355444 474153 647124 852348 493111 334883 430455 484694 538538 422776 419209
205067 862301 453458 793723 140743 870558 535287 635227 179984 575736 517545 672248 640240 1195449 49783 799820 386516 400128 839179 748565 1027158 612484 702429 80728 1199043 683555 971862 381376 575910 754203 941532 708334 288714 694385 407715 291479 272990 537303 821073 326694 784997 505533 419935 225912 439253 426606 869615 777665 999999999 850226 917084 457560 1014580 976678 638184 703162 176575 488085 765072 1084860 493862 886120 733044 610724 173450 967024 336921 104993 549782 757723 444020 750860 888970 222918 842468 768225 535153 751037 832348 917521 545519 837588 330341 396314 283082 679281 1036698 598820 1028614 952126 722865 136344 134602 934919 855241 1163762 764726 596035 361984 1182315
678908 89947 503957 571300 718944 500668 722420 237698 786908 443532 332724 225193 373896 501309 845811 582835 555027 494213 44519 118051 530089 465985 602063 822697 531629 243327 174492 486845 316876 292609 269057 215963 690315 701243 603184 619019 577887 368765 32018 622803 185457 532432 832180 655685 599843 459087 218187 169762 850226 999999999 605693 421398 537457 539290 736140 245965 823987 679124 887056 399569 788118 403069 283557 488239 768394 149443 513371 754473 328842 598365 495011 438926 244072 674544 723379 805696 472885 386355 578666 175822 461048 463348 628187 491349 569569 750323 493208 369363 449109 185762 643470 714366 902717 335532 181480 496451 369892 700212 488838 449500
716454 521289 479478 123715 786812 105241 438787 505916 755821 368797 612663 467572 858684 445022 881564 119031 869660 556980 644704 533197 185815 320452 223762 846386 418254 431644 522813 601012 479820 844208 874576 440128 632408 286557 940827 866655 741680 473655 586548 590884 426621 414025 611331 851744 958335 770753 394612 445682 917084 605693 999999999 542829 164538 121662 361707 410617 1005487 455360 413177 392208 519281 990374 351385 314720 952202 733888 688584 817337 714004 166678 844501 976776 845366 877999 180613 322116 891273 929661 84908 464116 885900 1029866 586821 566074 748645 338919 232159 824179 267771 787097 222061 824998 1034457 937877 779919 400225 920592 372568 666628 484929
265241 414393 118159 434483 317672 466141 375163 186918 367197 176995 130090 217518 399242 742916 442299 444690 329219 73148 423353 307614 604299 227861 384319 414524 750210 226108 519322 76441 118737 453572 593532 251593 270144 442679 400823 325774 213133 82655 389774 203460 328031 189480 433931 321293 421175 238000 412083 321893 457560 421398 542829 999999999 595984 565664 436061 245667 489291 316041 605361 630679 415455 617227 279617 240886 432243 559290 150670 354109 238288 421688 313813 536936 543346 346978 547243 552851 381819 505531 467238 461692 380697 614729 209800 70014 215424 467911 603188 352568 587026 565550 423512 331114 542605 619001 489023 713921 507029 386841 126053 725987
809788 447724 562245 257873 877784 147093 580198 505966 866479 440846 634027 460647 846331 281044 984192 259249 905932 628322 580624 494446 21335 402113 361442 950017 253761 426885 416611 664864 505831 808074 802181 424193 741014 441399 974623 919803 807142 516581 525843 689981 383028 511588 751334 916673 987287 801264 319881 403026 1014580 537457 164538 595984 999999999 45551 514650 402195 1080861 585556 577647 240628 663089 938659 343955 405155 1024931 644663 746641 911110 720013 308948 870119 949660 781407 942570 345059 486305 900412 899232 224978 371646 892911 990721 687759 635548 810913 496462 72079 819163 117028 705360 371718 908464 1122140 872207 718694 236221 886895 517494 721821 325014
772278 450516 525772 212612 840866 106286 535316 487549 826044 405437 611271 443561 833312 323515 945313 213786 880781 594404 581429 486733 65878 364549 316439 910911 297972 408768 430779 632655 480937 801574 806702 409068 700682 395857 950250 890813 775149 487899 525166 651117 375324 472240 706734 885100 964111 777128 321235 395352 976678 539290 121662 565664 45551 999999999 469108 384678 1047416 541821 533883 274008 618081 937185 325057 366157 991940 654136 716016 873732 701595 263556 847411 941060 783181 911136 302133 442206 881918 891417 179435 380195 874938 985674 648572 602042 779611 450983 110542 804071 148745 712568 326190 873060 1086264 874822 719356 278755 879974 472287 691716 363852
466803 679199 320623 258566 534039 381003 102995 530766 459775 303284 559102 520370 833479 779932 593867 255767 734658 399532 759986 625156 534424 271117 162537 558945 761608 495008 736626 449752 460003 872006 975284 520773 356425 75496 803235 693304 556672 418442 706730 348981 561003 246849 261519 652843 829804 663188 589238 571700 638184 736140 361707 436061 514650 469108 999999999 490187 768937 155600 169304 699935 166688 1035689 459218 248680 725580 885087 531170 554794 671690 206989 737002 970129 931582 676986 220933 132991 814636 935112 289673 666948 814652 1044393 340763 410614 570201 41227 570110 787717 590316 916791 143016 585756 769482 1018057 868572 736770 934084 50745 520771 803558
507452 198046 286696 346112 563010 309514 479693 103873 600522 202292 238029 58898 450739 501931 686556 358054 512717 307285 271272 138397 404337 220269 360503 657546 513253 25103 285822 322044 128539 435223 494867 32524 487748 457213 578798 541359 451279 167170 216690 421019 87789 296820 602017 553165 588903 406364 166462 89329 703162 245965 410617 245667 402195 384678 490187 999999999 725482 440564 642892 388466 549255 587172 60235 242427 667791 395100 384375 599391 317820 364297 471437 566166 456536 577341 495015 563976 498232 519193 362330 221919 490841 620686 424106 309053 449864 505018 389251 419714 362761 427850 402969 576035 785489 547596 391032 476198 510596 454580 357514 481115
