NAME : synthetic_000264
TYPE : CTSP-D
DIMENSION : 100
GROUPS : 8
RELAXATION_LEVEL : 1
EDGE_WEIGHT_TYPE : EXPLICIT
EDGE_WEIGHT_FORMAT : FULL_MATRIX
EDGE_WEIGHT_SECTION
999999999 399505 856176 987428 677305 520868 881752 105327 860157 300138 737233 261022 509555 324583 295957 798722 577932 907605 836810 156119 781465 380069 657446 967443 452523 71750 227028 854096 199160 501597 690977 939503 308127 681596 427424 704292 583981 578789 838704 419488 245519 359130 566465 564796 940779 635859 448292 723661 577318 250790 364260 446380 740286 561416 871734 159343 430250 504921 352611 645395 751917 537835 504057 905977 453837 593413 326054 135698 424137 302499 635742 876870 407924 529280 288069 458391 334523 670632 645954 943030 485609 839666 781459 513071 811631 869320 795831 900738 526494 405431 876744 474417 860288 989043 788270 287653 562699 314819 486463 855831
399505 999999999 1125049 1253972 1047330 768052 1076143 303152 914820 300939 1081233 170762 892809 413017 676222 818974 944809 1005058 1056454 508710 788043 101731 607431 1204326 264006 382857 194532 1174638 518594 818057 593698 894558 379043 580271 621095 788748 546417 641226 904599 817692 347280 142985 802758 493293 984656 715768 690950 930620 974844 599672 234599 843241 850909 937716 1091593 444650 544105 901596 298051 775614 827702 866870 629647 906999 853186 913582 707361 322068 699813 629434 774560 1099080 801583 854097 629124 525643 69535 687949 1006473 967257 288320 812773 857116 784715 1054657 989148 1081759 1108213 786604 394651 1085067 850546 1180072 1211531 749986 420011 637613 338064 763892 1177612
856176 1125049 999999999 131673 422521 357247 224821 943037 562688 828744 290817 958517 527916 717477 616501 629077 428061 472970 156348 700477 655069 1040258 755831 143671 951782 813485 943868 192490 658996 363554 832620 788776 750138 838276 506406 509089 744813 590303 536338 672279 778094 995910 323242 797020 601990 538282 434986 240224 651673 610883 916625 788497 446955 476623 152288 718335 603102 798388 848708 441192 517899 347141 533333 684940 735171 289975 601042 834521 437799 554724 429863 145611 624368 348095 573059 645140 1060260 640974 380475 645511 959286 726983 515351 347898 99218 415284 77170 190574 340952 772499 185613 506569 190763 188911 740718 705229 577278 794361 372793 198118
987428 1253972 131673 999999999 507737 487269 271840 1074688 627267 956268 372054 1088319 636123 844469 742456 707768 532837 521497 232386 831589 737457 1167743 857242 110600 1073868 945141 1074285 237267 790539 492081 932751 853586 877529 939576 633720 601662 853480 699408 604140 785232 907514 1123227 451228 908225 652136 640992 565263 346547 747269 741203 1042350 898276 533663 580294 208340 849994 726058 902914 974187 545574 602111 470998 652204 748035 844146 412761 725373 965893 569433 685600 536454 198946 739880 473658 703331 764930 1189752 738760 476008 698643 1079681 803622 593993 479485 204993 471087 196043 226927 471997 894943 236226 621043 232226 155501 825514 833962 688445 921286 504460 241344
677305 1047330 422521 507737 999999999 432677 612650 781898 866384 803336 135707 879837 178569 717184 381368 889793 102702 817702 534747 540318 901814 991171 921156 564853 969250 669397 853042 277732 529812 284166 994132 1068525 738843 994034 555083 748542 877362 747479 836607 324874 730700 953310 447084 908612 929702 735048 465292 523609 243138 447666 902031 417776 716997 118346 550649 603971 668895 408907 845384 655295 780624 229796 648152 978141 363988 227922 351627 725269 415841 423927 638423 547774 298441 246256 419592 727033 977818 837981 60584 963450 990179 981700 793321 382624 468178 756494 348278 593603 403619 810045 579375 203220 283965 611380 969558 682674 726791 781885 380780 275315
520868 768052 357247 487269 432677 999999999 364253 597708 466580 473781 385356 601278 400077 364154 351352 467803 355772 456658 315944 371677 475222 684878 491326 450624 608622 469032 587032 430030 322310 157700 566093 646805 395747 567218 155576 327400 454126 315894 437465 485713 420920 640861 47053 493432 540942 303864 78102 207347 552244 299716 564839 602438 314227 389113 350921 371111 265752 636383 497918 233650 366427 205405 221666 565189 559952 210391 352067 481216 101771 240045 216725 356217 431713 189621 266477 318212 703030 405423 372525 565253 620665 554896 385531 51234 295200 402675 316206 380306 29481 431180 356396 350265 434282 469002 538287 348719 295755 440692 65480 434199
881752 1076143 224821 271840 612650 364253 999999999 951352 355428 775710 493091 921681 676605 664776 701512 438727 590136 252859 78002 735443 470007 981595 605897 168999 864404 825389 914722 416305 684898 455784 678569 581838 698936 686797 469239 345640 613993 465791 332565 802372 742910 936976 317385 672523 383550 397847 433540 158104 818073 662723 849192 922411 273882 637434 72745 727039 532070 943842 781622 311466 337901 466667 447450 476337 872782 422411 695265 825730 465571 602839 307838 80353 749554 459831 628028 556870 1017898 485059 560699 429072 864251 533264 326210 386151 145897 199662 277310 45496 365827 691489 39412 641516 415008 149617 558691 666675 459898 738226 413140 422000
105327 303152 943037 1074688 781898 597708 951352 999999999 893804 280193 838447 190025 614859 339878 400743 821978 681997 953179 912018 251347 800666 300317 657538 1047959 403145 129576 157532 951637 284961 595633 679778 948579 314673 668979 485672 742198 584113 606309 874862 522274 250062 288688 641486 554679 973069 670425 521777 794157 680309 348374 317523 540443 786075 666399 947384 226611 464439 598698 325707 693970 788751 635065 546050 926477 552468 689264 431041 135943 506160 395361 686369 953135 512669 625520 384449 480565 242579 689373 749375 970255 437195 851433 818958 596197 892144 920016 885979 973729 606894 399465 949675 579255 957714 1066416 795752 312963 592998 305975 570530 953609
860157 914820 562688 627267 866384 466580 355428 893804 999999999 643482 775891 795228 865166 555682 797417 109157 808641 122680 407692 751589 146068 813179 329379 522440 661557 790490 801593 740707 697451 620072 383589 226975 584604 395373 452534 157794 373511 288475 29817 948799 646463 772764 433972 432481 81021 224434 487597 350988 1017396 718548 681607 1062461 152861 847750 422284 704371 431019 1100079 624627 238888 110052 658942 357523 122275 1023085 640976 805325 757888 545809 667326 254482 431300 895345 645223 696128 415156 872195 227376 806750 98827 648649 185907 83510 515153 465650 157546 591309 400515 489376 526969 391827 816473 741128 493126 227663 581039 300816 607529 531937 746396
300138 300939 828744 956268 803336 473781 775710 280193 643482 999999999 814434 152953 672956 112324 470508 559699 701720 721013 755613 309261 534397 211528 379281 903841 173790 235819 158485 893081 289937 545824 399695 672830 78761 389066 322562 503659 306581 357524 628801 640986 75981 167196 505530 274497 719246 429643 398721 629717 786073 373077 98719 704651 560320 705657 790710 224969 244252 761298 54018 479381 546478 598900 330768 659657 696061 638767 499405 164547 417292 381119 476966 798238 608751 584387 391016 233626 242671 425078 754727 710073 201986 578083 576731 496178 755285 698896 789795 807355 494762 122457 784168 623225 898090 910601 520105 127293 349747 37959 478173 896550
737233 1081233 290817 372054 135707 385356 493091 838447 775891 814434 999999999 910787 283601 716865 449313 812696 180790 714119 415315 588210 829211 1014668 874076 431453 970511 716799 887428 145855 565644 268779 949848 988543 743046 951558 529452 673974 839438 697664 746543 436734 746785 973910 385738 878139 832953 672684 437772 425532 376633 491209 912241 540559 632471 222137 427083 638212 644556 537874 850391 584309 700228 215822 606989 892716 486069 179803 423487 762370 401425 452761 568189 423207 400139 230054 457085 700125 1012060 778941 112018 870176 987523 908194 708805 341696 347197 652816 219700 469589 356228 800561 457583 286458 152384 478883 903816 688423 678519 787989 349642 144348
261022 170762 958517 1088319 879837 601278 921681 190025 795228 152953 910787 999999999 729768 257941 514520 708711 777162 873966 896913 345121 681815 120241 516454 1042919 218513 226089 34095 1004066 350094 647296 523512 811368 224057 511371 458489 656604 446618 510280 781151 666146 181274 99466 637764 404801 870112 582590 523605 771984 821028 432592 139846 705495 712942 772172 932330 275927 393709 763976 174650 630580 699268 696204 480762 806038 708729 742830 545527 156713 529928 459654 627386 939458 644918 683369 460567 386534 102617 574214 837603 859169 252363 720138 729485 615757 891235 851442 913202 951434 618681 269380 927905 685542 1009530 1052722 660004 256680 502700 190436 594360 1007005
509555 892809 527916 636123 178569 400077 676605 614859 865166 672956 283601 729768 999999999 601646 216783 866417 104481 841114 602703 384779 871246 845642 854259 670347 844828 510374 700630 427803 385858 245278 921544 1044658 617596 919129 479581 726999 800067 690905 835724 153163 597565 810851 431387 821104 937225 696400 401845 553565 152262 301389 770132 262155 712320 62533 626881 458052 583724 271093 719995 633589 766498 213990 585652 965202 208072 254280 185684 573141 342656 295973 616718 626553 120166 224711 282286 641990 823792 790130 171911 963991 869344 950081 785124 350295 543941 782388 450889 668771 375920 701192 649991 54135 434446 711456 926865 562021 669176 657192 335901 426913
324583 413017 717477 844469 717184 364154 664776 339878 555682 112324 716865 257941 601646 999999999 415812 482173 617657 623382 643437 276234 461617 323364 334244 791530 253883 252947 255165 788033 239475 448498 375021 615403 34162 367282 211072 407890 261468 267315 538104 592649 90781 278779 394262 251720 634198 334554 290908 517630 727186 313361 200797 671804 459112 627236 678583 196567 136184 725613 134878 373686 453089 503156 223231 587255 654966 538703 441592 205038 315892 305709 369845 686063 553632 487887 321940 140903 353174 350228 665346 630421 273099 516146 483479 389753 643086 596872 680343 695741 386406 102434 672451 549409 792830 798579 463779 44532 255446 76884 373660 791716
295957 676222 616501 742456 381368 351352 701512 400743 797417 470508 449313 514520 216783 415812 999999999 772211 282741 804511 639663 169652 768326 631737 710437 745950 644244 293611 484732 576917 180958 255110 769041 942273 425137 764223 355630 643912 646970 568149 770097 177599 394546 598561 396362 656082 876200 594951 310649 551749 315569 102726 564876 272387 650937 265741 671115 248045 434737 319627 520771 558763 689455 271909 464920 878596 244572 330367 31139 357825 255527 133680 543722 673837 138699 268839 106415 488626 607332 671289 352068 893381 671282 842349 713940 317555 596893 752683 546414 707844 340656 518199 685317 178512 583406 777436 807375 372625 546828 460121 291798 577836
798722 818974 629077 707768 889793 467803 438727 821978 109157 559699 812696 708711 866417 482173 772211 999999999 821736 228903 479548 704608 36929 717268 222661 607722 561354 727562 718085 795696 651904 625437 274458 179265 508068 286315 417368 141438 273143 220300 116114 933985 572073 678340 444245 329999 166390 177296 471071 399258 1017978 684833 588260 1042796 184333 856749 499624 648218 370039 1084725 535268 235407 113581 670506 311079 108543 1007557 661877 784106 687105 531370 639006 252436 508970 881939 655466 667275 342126 780040 134637 829289 150471 546347 98123 114183 518775 529977 251766 646714 484195 494237 439377 471921 815069 796927 583385 122667 512922 237898 525494 530720 801248
577932 944809 428061 532837 102702 355772 590136 681997 808641 701720 180790 777162 104481 617657 282741 821736 999999999 772489 514177 438403 830649 888511 835817 571357 868714 567709 750464 323761 427118 199527 907098 1000998 638391 906224 464527 680455 788350 664972 778865 257210 628679 850761 377958 816566 876668 659475 377399 479474 228248 345145 800359 365967 656586 48654 535799 501280 576405 370938 744509 586363 716165 151232 562769 915282 311625 172476 254031 622742 323971 321598 569327 534653 219353 166407 316893 634928 875287 759343 71667 907046 890286 910437 731751 304562 452206 712269 350895 578366 328100 712161 560969 108473 330416 613987 893601 582161 643762 680997 297654 323030
907605 1005058 472970 521497 817702 456658 252859 953179 122680 721013 714119 873966 841114 623382 804511 228903 772489 999999999 316919 784363 265550 904228 441305 413322 760002 840820 876463 659782 729903 597861 501001 336913 654941 512173 483486 217458 476338 364781 113726 941325 712909 862100 416038 536840 130823 291423 496183 294437 991661 737134 770467 1058865 167488 815380 324254 748646 490251 1091150 709236 262381 177563 628385 407133 232085 1015326 600437 807747 817989 548997 681317 273109 332563 887182 616609 709863 487554 957590 329072 760131 177176 750335 308112 148936 499611 381420 61370 513152 295769 473893 611348 291661 796369 659327 379567 349790 642001 371268 683681 520991 665523
836810 1056454 156348 232386 534747 315944 78002 912018 407692 755613 415315 896913 602703 643437 639663 479548 514177 316919 999999999 686625 507723 964963 625366 150747 858042 784088 887268 343894 638118 389099 700589 634388 677433 707587 438972 369304 624331 471364 382062 732030 716161 920191 270796 680471 445652 410038 390311 126152 742358 608572 835006 851855 301947 561817 35580 685817 515787 871385 766793 316074 371316 395304 435513 529946 801413 348500 631321 790895 414543 548899 308420 42626 679826 389642 572648 547916 995611 506486 483151 489215 860963 576698 365366 329877 68367 258937 201086 68344 312377 681231 47381 569469 343113 156005 595103 640277 462048 718925 357232 349628
156119 508710 700477 831589 540318 371677 735443 251347 751589 309261 588210 345121 384779 276234 169652 704608 438403 784363 686625 999999999 693148 462086 600074 813886 482384 129528 315870 700391 54510 345837 648514 861137 276696 641616 301583 593796 530324 486498 727456 332403 234544 429220 418225 527331 832563 531723 303437 577655 481497 97156 399929 398354 619399 429109 721130 84668 338343 453860 361764 523342 641596 383804 395798 813151 387003 438481 200535 188420 272150 146381 511491 725858 303784 374537 133181 381637 439455 586466 503103 841008 511244 759851 669678 359569 658382 740944 639719 751820 374595 376304 727965 341851 706493 837079 715700 231775 467375 304845 332599 702322
781465 788043 655069 737457 901814 475222 470007 800666 146068 534397 829211 681815 871246 461617 768326 36929 830649 265550 507723 693148 999999999 686435 187619 638926 528881 709975 692396 817817 641245 632810 237609 174681 486073 249542 412696 155253 241628 206656 152349 933131 550615 648201 454900 297008 200093 175730 472417 421802 1022124 678334 558771 1039966 208230 864188 529123 633574 355906 1083288 507672 246690 137170 679629 304051 125847 1006249 674056 781570 666605 532805 634714 263466 538512 881738 664248 662621 323226 750689 111389 841234 179242 512932 79912 143832 526435 555852 286493 669490 515371 502553 413010 502250 819201 819286 615931 88791 494371 226038 501085 536662 823312
380069 101731 1040258 1167743 991171 684878 981595 300317 813179 211528 1014668 120241 845642 323364 631737 717268 888511 904228 964963 462086 686435 999999999 506568 1113938 165625 346024 153559 1100340 462201 747865 495650 795367 290224 482378 534072 688351 444827 541021 803152 785963 269210 44772 717055 392261 882926 615701 609145 838848 940330 546047 134454 825453 751413 885984 999828 388480 450004 883958 200314 678131 726763 798975 534218 805778 828970 842457 662577 274620 623809 568071 677787 1007550 763741 785303 571729 427768 81334 586243 946711 865665 193002 712192 756055 705518 966386 889366 1000574 1014848 705231 295130 991973 800054 1105530 1119230 649580 336586 538118 246735 686343 1103609
657446 607431 755831 857242 921156 491326 605897 657538 329379 379281 874076 516454 854259 334244 710437 222661 835817 441305 625366 600074 187619 506568 999999999 769778 345040 586233 531913 893052 554383 637932 77299 294962 349563 82499 374809 260315 73712 176447 328668 885719 413599 470864 488760 114425 387667 217562 458475 515796 998053 610806 384778 980431 332584 860782 653133 526998 276110 1029899 342729 314646 276478 691411 273237 300135 954948 701710 730020 530185 514150 580474 326510 662451 838919 674986 605156 222225 575330 120995 861795 363783 326908 205899 298459 539587 659391 448545 752442 649207 520807 258093 631757 800206 895789 755506 144078 375280 195730 351573 540447 898104
967443 1204326 143671 110600 564853 450624 168999 1047959 522440 903841 431453 1042919 670347 791530 745950 607722 571357 413322 150747 813886 638926 1113938 769778 999999999 1008746 918870 1031924 315608 768354 490852 843755 747629 825368 851443 584438 510605 772513 620559 500607 812712 861737 1069176 408622 829441 543554 557003 527804 276203 795344 729407 984731 929915 440094 619968 118266 821378 665604 941183 916460 464910 505970 482043 586090 642023 876944 426811 732952 931154 543423 671029 458105 109400 763695 480896 692150 698594 1142541 649587 524020 590449 1011698 702018 495102 454465 155918 365205 220629 123563 441457 831720 138290 646902 312003 50044 727562 786329 611940 867491 481306 320650
452523 264006 951782 1073868 969250 608622 864404 403145 661557 173790 970511 218513 844828 253883 644244 561354 868714 760002 858042 482384 528881 165625 345040 1008746 999999999 396813 247311 1037281 463525 702334 330140 630564 230407 316823 453056 548792 288478 405215 654252 814514 249706 138364 632531 232002 727728 479292 539785 732892 959813 546193 88263 875272 616342 875302 891624 398450 348710 932450 124872 553843 582984 757039 422906 645164 868555 791898 673015 320585 569201 550753 556578 899993 782536 741756 562544 310176 242134 434432 918420 707487 34065 549511 611069 639308 869184 751481 922180 901314 633236 179293 879580 794308 1041821 1008130 486537 286594 406873 188103 625111 1041191
71750 382857 813485 945141 669397 469032 825389 129576 790490 235819 716799 226089 510374 252947 293611 727562 567709 840820 784088 129528 709975 346024 586233 918870 396813 999999999 194155 825698 156236 468186 621135 867754 237351 612018 364163 635282 512872 507853 769502 440059 175942 318512 513325 495128 870941 566069 393815 667681 595263 225737 309210 483777 673344 557084 819352 98409 359896 541919 289403 579138 682750 509574 435548 834639 483855 562608 324738 76686 376632 268300 570150 824938 419916 499309 259992 386818 314311 599055 632630 872419 428908 767923 712471 466649 762998 804135 756823 846538 477593 335842 822485 469607 831679 937993 716560 215950 492091 246894 440955 827857
227028 194532 943868 1074285 853042 587032 914722 157532 801593 158485 887428 34095 700630 255165 484732 718085 750464 876463 887268 315870 692396 153559 531913 1031924 247311 194155 999999999 983775 324062 625892 543208 826755 222240 531416 448296 659609 460730 514674 786413 634029 171812 133370 624988 422098 877653 585666 509024 763132 789415 405393 164684 671904 713603 744181 922784 250146 391292 730405 189297 628834 703305 673699 478249 817374 675701 721595 515815 127929 511872 435158 624738 929692 613794 661267 434594 389224 125020 583449 811941 868493 281349 733840 733645 599009 879117 851704 896538 943229 603200 279486 919538 657247 989342 1043253 674633 248048 505748 194088 576796 986578
854096 1174638 192490 237267 277732 430030 416305 951637 740707 893081 145855 1004066 427803 788033 576917 795696 323761 659782 343894 700391 817817 1100340 893052 315608 1037281 825698 983775 999999999 670431 358880 970283 963553 817469 974006 584865 665128 869618 718948 712891 580882 831256 1057730 414175 915390 786616 679816 497750 396442 520679 603729 988128 686255 611367 367136 344270 739662 695543 683549 922898 584517 682284 316587 642014 862025 631748 263428 553717 862994 476539 557445 570296 337928 542040 326390 567217 746350 1106550 786360 257372 828369 1050345 893635 684642 398398 278383 600385 149571 383062 404281 860895 377425 425534 6667 365428 899465 765802 702347 862909 414954 5741
199160 518594 658996 790539 529812 322310 684898 284961 697451 289937 565644 350094 385858 239475 180958 651904 427118 729903 638118 54510 641245 462201 554383 768354 463525 156236 324062 670431 999999999 312242 605954 810355 245528 599720 247078 539662 486103 434739 673178 355010 213963 425862 368349 487242 778399 478235 251733 526871 496409 84486 385454 432748 564889 423875 672921 74170 287880 486176 339831 468832 587429 355140 342274 760424 415670 407076 209491 197226 224984 113409 456998 677946 319591 344232 110552 333844 449077 535557 487882 787293 490342 709074 615406 314131 612510 686718 601040 702560 327339 341584 678618 338466 676343 789946 666305 195239 415245 279272 287717 672717
501597 818057 363554 492081 284166 157700 455784 595633 620072 545824 268779 647296 245278 448498 255110 625437 199527 597861 389099 345837 632810 747865 637932 490852 702334 468186 625892 358880 312242 999999999 710302 804489 474307 710017 271501 484784 593196 465844 590575 349453 479136 706484 186147 625109 691958 460460 181143 317043 397399 251539 643497 469299 467211 231419 419030 380789 386129 496076 581686 390813 522766 55827 364699 721901 421955 95735 243433 504171 134932 200273 373816 421118 295744 39744 213811 443837 749455 559820 226200 718897 720143 712408 540524 106669 342599 540130 297025 457427 131613 534771 435763 198568 364664 522678 694288 419649 444765 519215 98174 361404
690977 593698 832620 932751 994132 566093 678569 679778 383589 399695 949848 523512 921544 375021 769041 274458 907098 501001 700589 648514 237609 495650 77299 843755 330140 621135 543208 970283 605954 710302 999999999 301946 384384 13689 443662 333229 122410 252777 387292 945727 445480 464669 564980 126254 432462 294379 529847 592475 1063124 667820 385701 1036383 404698 930552 727718 571335 338811 1087378 355812 391533 344657 764347 346116 332431 1013447 776426 790179 559094 584007 641695 403623 737073 900455 747879 665158 281780 569922 194261 935118 402079 305896 230933 363927 613669 735874 513999 829730 722385 595561 285555 705534 867413 973040 828011 168846 418428 271373 377573 613396 975326
939503 894558 788776 853586 1068525 646805 581838 948579 226975 672830 988543 811368 1044658 615403 942273 179265 1000998 336913 634388 861137 174681 795367 294962 747629 630564 867754 826755 963553 810355 804489 301946 999999999 635774 315582 586731 320647 366378 376599 252456 1107772 700733 762128 623468 407442 214066 350332 646902 569013 1195896 851005 678368 1214181 356273 1035859 649239 797309 522799 1257837 637659 414668 288697 849769 477447 105610 1180827 840663 955947 817894 707298 808601 431698 658236 1056418 834716 836328 483322 867245 274798 1008072 166726 607534 101292 280433 697851 691018 382610 813988 626669 673413 550657 618624 992939 964305 715987 152876 652139 397119 643280 709313 969195
308127 379043 750138 877529 738843 395747 698936 314673 584604 78761 743046 224057 617596 34162 425137 508068 638391 654941 677433 276696 486073 290224 349563 825368 230407 237351 222240 817469 245528 474307 384384 635774 999999999 375684 243850 438747 275976 296178 567788 600504 64997 245783 426900 258896 662469 365076 321437 551675 738978 323768 170675 674744 491427 645855 712604 193686 169713 729609 107439 406979 483378 528376 256792 611909 660568 565802 452160 182124 343271 322047 403435 720058 563695 513403 335938 169526 319012 374863 688199 657198 252424 537577 513776 419653 676550 629467 711917 729882 417302 101220 706582 566158 822364 832640 483352 56239 285479 45442 402607 821056
681596 580271 838276 939576 994034 567218 686797 668979 395373 389066 951558 511371 919129 367282 764223 286315 906224 512173 707587 641616 249542 482378 82499 851443 316823 612018 531416 974006 599720 710017 13689 315582 375684 999999999 442210 341217 119089 255539 398515 941161 436202 451657 567234 116897 445184 300037 529255 598277 1059936 662706 373250 1030796 413032 929042 735086 563783 335746 1082129 344500 397084 354069 764312 346503 345772 1008473 777405 785738 549226 582742 637651 408790 744422 896312 747830 660774 278181 556885 201893 935221 415196 292375 244403 373963 614341 741889 524169 834210 730416 596657 276215 713299 864995 976845 836328 182158 410959 273529 367678 613458 979011
427424 621095 506406 633720 555083 155576 469239 485672 452534 322562 529452 458489 479581 211072 355630 417368 464527 483486 438972 301583 412696 534072 374809 584438 453056 364163 448296 584865 247078 271501 443662 586731 243850 442210 999999999 295251 323915 215281 427384 522752 277384 489620 183195 353629 533193 240161 91837 315214 624885 268033 410835 627461 317859 486896 474489 268178 115325 671819 343369 221811 342580 327029 110056 524645 595051 349875 369486 356955 140624 222033 210377 481408 472757 310611 250068 172404 558317 317774 497671 544911 465481 487122 369735 189263 433578 442460 470610 495684 180595 276039 471856 425589 589261 594957 454913 201908 193557 287956 180010 588908
704292 788748 509089 601662 748542 327400 345640 742198 157794 503659 673974 656604 726999 407890 643912 141438 680455 217458 369304 593796 155253 688351 260315 510605 548792 635282 659609 665128 539662 484784 333229 320647 438747 341217 295251 999999999 275159 147623 134527 800344 498135 645767 302821 335601 238777 74018 336750 271176 878916 562269 554203 911745 72597 715896 395141 547561 277774 951552 492138 94111 47887 529225 200485 238744 874365 520621 653467 606357 396394 512412 111149 404534 747563 514272 541123 270421 740349 139420 688012 250078 542071 234380 77189 378135 410341 202689 517859 389206 353341 394424 372345 676248 666850 495226 234345 429404 153951 466425 391100 670556
583981 546417 744813 853480 877362 454126 613993 584113 373511 306581 839438 446618 800067 261468 646970 273143 788350 476338 624331 530324 241628 444827 73712 772513 288478 512872 460730 869618 486103 593196 122410 366378 275976 119089 323915 275159 999999999 154556 367635 823474 339910 406970 458069 60810 439415 216196 412108 507571 940950 546053 318454 915085 346994 810463 654474 455593 216682 965652 272141 308303 302186 647922 232460 362094 891466 663393 667879 456473 464537 519293 317036 663575 778060 631427 542845 159381 510198 147545 818970 420842 275256 273520 328336 499819 651324 474641 733993 655391 483379 184825 636165 745934 872827 762912 213927 303212 168291 278145 497464 874438
578789 641226 590303 699408 747479 315894 465791 606309 288475 357524 697664 510280 690905 267315 568149 220300 664972 364781 471364 486498 206656 541021 176447 620559 405215 507853 514674 718948 434739 465844 252777 376599 296178 255539 215281 147623 154556 999999999 271890 737725 358087 498262 312328 209125 366924 74776 289830 353190 838418 474851 406750 840529 211559 692565 502312 428011 149831 886161 344534 155684 188991 518197 105745 328361 809626 526074 583685 470594 348269 434677 163124 511290 688004 501887 461791 126685 592819 103144 687706 364934 401325 275614 219213 365001 496837 348569 580963 505678 345335 246803 485559 637344 721905 613371 239758 294546 21801 320756 367757 723901
838704 904599 536338 604140 836607 437465 332565 874862 29817 628801 746543 781151 835724 538104 770097 116114 778865 113726 382062 727456 152349 803152 328668 500607 654252 769502 786413 712891 673178 590575 387292 252456 567788 398515 427384 134527 367635 271890 999999999 920336 628796 762078 404446 427536 106276 204443 459904 321944 987937 692405 670628 1034362 123424 818047 397952 682088 410947 1071584 612104 211335 86787 629226 335012 149173 994641 611160 777568 738923 517763 640565 226587 407075 866800 615545 669383 398297 860281 220192 776956 128390 642763 202783 57781 485831 438778 138002 563395 377910 460024 514143 368137 787179 713411 473049 238338 561901 282665 592370 502870 718568
419488 817692 672279 785232 324874 485713 802372 522274 948799 640986 436734 666146 153163 592649 177599 933985 257210 941325 732030 332403 933131 785963 885719 812712 814514 440059 634029 580882 355010 349453 945727 1107772 600504 941161 522752 800344 823474 737725 920336 999999999 565537 756716 525300 833604 1025181 757871 463683 666423 158043 280253 732300 120072 798101 214912 759109 416070 609617 151310 692703 710687 843863 336830 632807 1038189 74323 387530 155711 512405 403979 305381 694623 759824 54165 342626 280710 664607 750981 840490 324912 1046636 842847 1009130 866102 441767 678001 885487 595987 799679 467436 695082 779335 165819 587530 851463 977483 549075 716099 633580 420659 580040
245519 347280 778094 907514 730700 420920 742910 250062 646463 75981 746785 181274 597565 90781 394546 572073 628679 712909 716161 234544 550615 269210 413599 861737 249706 175942 171812 831256 213963 479136 445480 700733 64997 436202 277384 498135 339910 358087 628796 565537 999999999 227357 456655 319345 724945 425026 343677 591644 710115 297253 172681 631586 547733 631285 751631 149932 223332 687784 127278 460138 543608 530963 309383 676418 621547 573417 423425 117169 354810 307312 455123 758658 532844 516964 316019 231588 282239 439312 683291 720762 277334 602573 573984 437953 709969 684818 734602 771572 439343 159986 747921 548222 836484 872078 548255 76239 346132 72861 417903 834488
359130 142985 995910 1123227 953310 640861 936976 288688 772764 167196 973910 99466 810851 278779 598561 678340 850761 862100 920191 429220 648201 44772 470864 1069176 138364 318512 133370 1057730 425862 706484 464669 762128 245783 451657 489620 645767 406970 498262 762078 756716 227357 999999999 672678 356456 843498 572833 565407 794077 909630 510150 91636 801304 708164 849640 955059 352834 405287 859656 156049 634023 684783 758108 489653 768816 802354 800737 629162 244339 581222 529579 633494 962779 732374 744225 534472 383720 105284 546344 907862 827408 169550 676760 714246 662175 921724 846306 956731 970134 661493 251810 947243 764289 1062866 1074473 614566 292986 494843 202070 643346 1061059
566465 802758 323242 451228 447084 47053 317385 641486 433972 505530 385738 637764 431387 394262 396362 444245 377958 416038 270796 418225 454900 717055 488760 408622 632531 513325 624988 414175 368349 186147 564980 623468 426900 567234 183195 302821 458069 312328 404446 525300 456655 672678 999999999 501726 505996 289305 119742 160299 583544 346736 593808 643145 281120 414846 306027 415109 284994 675187 526106 208905 338337 226855 228036 537558 599288 219796 395778 522567 148815 287030 191913 311662 471151 212337 313312 333068 738812 394384 386503 532791 642455 534810 354937 83592 254330 360535 289767 334294 57872 453624 310319 383622 417869 424970 523200 382749 293713 471143 105846 418734
564796 493293 797020 908225 908612 493432 672523 554679 432481 274497 878139 404801 821104 251720 656082 329999 816566 536840 680471 527331 297008 392261 114425 829441 232002 495128 422098 915390 487242 625109 126254 407442 258896 116897 353629 335601 60810 209125 427536 833604 319345 356456 501726 999999999 496357 274804 444499 561756 957881 553747 270999 919625 407179 835719 711238 448251 240162 971982 233077 364563 362990 680549 273740 413760 899336 700158 678992 432875 493096 533104 372227 720256 790503 664102 554676 181692 461022 207818 851295 475485 216441 320308 389038 536701 704985 535438 782837 713413 522203 159368 693792 767145 918857 821052 258197 295828 220017 251392 531756 920066
940779 984656 601990 652136 929702 540942 383550 973069 81021 719246 832953 870112 937225 634198 876200 166390 876668 130823 445652 832563 200093 882926 387667 543554 727728 870941 877653 786616 778399 691958 432462 214066 662469 445184 533193 238777 439415 366924 106276 1025181 724945 843498 505996 496357 999999999 304923 565836 407955 1089225 798636 752940 1139761 227087 917169 454574 785257 511226 1176334 698032 317472 190971 728410 438502 115693 1099503 706862 883376 837233 623353 746832 332520 463002 971499 715265 775651 493374 944374 297375 870785 47957 712639 211138 163531 588382 508495 186736 638611 426591 562468 601000 422190 889546 786452 508402 266288 660609 380231 683838 606422 792351
635859 715768 538282 640992 735048 303864 397847 670425 224434 429643 672684 582590 696400 334554 594951 177296 659475 291423 410038 531723 175730 615701 217562 557003 479292 566069 585666 679816 478235 460460 294379 350332 365076 300037 240161 74018 216196 74776 204443 757871 425026 572833 289305 274804 304923 999999999 296711 298240 846884 507920 481377 865794 137066 691315 439256 480811 206687 908305 418673 97161 118595 509254 135961 284553 831193 508801 607152 534489 357091 461710 109856 448445 706250 493480 489985 196448 666696 106947 674573 309528 474396 253770 148960 354983 441919 273796 536785 439219 332197 321184 420166 644051 682220 546717 234578 357462 79944 392411 363236 685012
448292 690950 434986 565263 465292 78102 433540 521777 487597 398721 437772 523605 401845 290908 310649 471071 377399 496183 390311 303437 472417 609145 458475 527804 539785 393815 509024 497750 251733 181143 529847 646902 321437 529255 91837 336750 412108 289830 459904 463683 343677 565407 119742 444499 565836 296711 999999999 275437 551029 242206 491603 575322 340291 403037 425631 295510 207155 614834 425578 248709 380884 236219 185809 574548 537640 258103 317729 403489 60396 185227 233332 431359 411152 219742 213695 263878 625541 388287 407208 584452 553929 550229 404287 99527 372759 447047 391478 452937 96089 365057 428900 348719 502412 544712 525081 272574 268245 366722 88194 501571
723661 930620 240224 346547 523609 207347 158104 794157 350988 629717 425532 771984 553565 517630 551749 399258 479474 294437 126152 577655 421802 838848 515796 276203 732892 667681 763132 396442 526871 317043 592475 569013 551675 598277 315214 271176 507571 353190 321944 666423 591644 794077 160299 561756 407955 298240 275437 999999999 701924 506895 708872 786127 214939 523539 161019 569290 389656 812768 640650 201320 285853 339576 310037 469772 738983 307025 548200 670014 309074 447109 190813 168709 612585 329451 473029 422724 870173 400842 465746 444645 736604 497198 288926 234206 143968 233525 247704 180582 211860 555545 156682 512322 397722 280983 504959 515564 341903 592927 260351 401991
577318 974844 651673 747269 243138 552244 818073 680309 1017396 786073 376633 821028 152262 727186 315569 1017978 228248 991661 742358 481497 1022124 940330 998053 795344 959813 595263 789415 520679 496409 397399 1063124 1195896 738978 1059936 624885 878916 940950 838418 987937 158043 710115 909630 583544 957881 1089225 846884 551029 701924 999999999 415267 880054 195872 864543 180643 763999 562864 724317 171464 836227 785651 918670 363317 732767 1117266 150386 397414 287141 665903 491120 425238 768806 762760 177790 375161 405800 781790 907726 938778 272171 1116222 986732 1100653 937383 502553 680383 932469 574899 806599 528181 828897 789198 202957 526965 839406 1075876 685153 816628 775197 487854 518372
250790 599672 610883 741203 447666 299716 662723 348374 718548 373077 491209 432592 301389 313361 102726 684833 345145 737134 608572 97156 678334 546047 610806 729407 546193 225737 405393 603729 84486 251539 667820 851005 323768 662706 268033 562269 546053 474851 692405 280253 297253 510150 346736 553747 798636 507920 242206 506895 415267 999999999 469369 369647 577218 339971 642199 157569 336330 419599 421877 482401 609074 287225 374373 792473 345826 342627 128444 277605 197965 59886 468581 646241 240320 278490 37888 388608 530155 577771 408010 812308 572213 750321 635211 278704 575105 689085 547599 675298 297153 415680 651797 254148 609872 755401 712514 270488 453997 360217 251345 605582
364260 234599 916625 1042350 902031 564839 849192 317523 681607 98719 912241 139846 770132 200797 564876 588260 800359 770467 835006 399929 558771 134454 384778 984731 88263 309210 164684 988128 385454 643497 385701 678368 170675 373250 410835 554203 318454 406750 670628 732300 172681 91636 593808 270999 752940 481377 491603 708872 880054 469369 999999999 789575 616969 803832 869585 317217 319219 847053 68306 544168 593148 696925 401812 680529 784424 735828 594346 232756 513634 479505 544198 877496 702348 682264 488698 293833 191921 455609 853423 737804 121574 590368 622624 590166 839422 754971 880961 883286 587196 160684 860647 720902 993009 988403 528852 223920 403667 125235 573283 991724
446380 843241 788497 898276 417776 602438 922411 540443 1062461 704651 540559 705495 262155 671804 272387 1042796 365967 1058865 851855 398354 1039966 825453 980431 929915 875272 483777 671904 686255 432748 469299 1036383 1214181 674744 1030796 627461 911745 915085 840529 1034362 120072 631586 801304 643145 919625 1139761 865794 575322 786127 195872 369647 789575 999999999 912905 319841 878660 482643 705735 58543 758081 823723 956205 456563 737065 1148324 54519 506308 258697 559963 516653 405920 807981 879239 173560 462619 378785 758214 780117 943666 428919 1159703 905664 1114492 979358 559816 797228 1003645 711760 919400 585293 773335 899183 283820 692830 969509 1079739 627349 819190 702870 537875 684895
740286 850909 446955 533663 716997 314227 273882 786075 152861 560320 632471 712942 712320 459112 650937 184333 656586 167488 301947 619399 208230 751413 332584 440094 616342 673344 713603 611367 564889 467211 404698 356273 491427 413032 317859 72597 346994 211559 123424 798101 547733 708164 281120 407179 227087 137066 340291 214939 864543 577218 616969 912905 999999999 695197 325982 581474 324476 949247 553091 96057 71218 506477 240125 261363 872424 490326 657143 651137 396893 523438 108721 335405 744412 492603 552229 327069 800094 211593 656971 251687 611048 282344 76543 362415 347741 138633 462402 317909 336601 456365 301839 663768 612594 423324 294007 475741 213321 522576 379678 616922
561416 937716 476623 580294 118346 389113 637434 666399 847750 705657 222137 772172 62533 627236 265741 856749 48654 815380 561817 429109 864188 885984 860782 619968 875302 557084 744181 367136 423875 231419 930552 1035859 645855 929042 486896 715896 810463 692565 818047 214912 631285 849640 414846 835719 917169 691315 403037 523539 180643 339971 803832 319841 695197 999999999 583883 497515 596063 322858 750549 621829 753020 188853 588815 952266 265351 217411 235369 616266 346690 324704 604806 582854 182352 202625 315740 654688 868364 789054 110140 946401 898278 943734 769686 338011 500340 755536 399464 626366 362561 724304 608729 87518 373753 662642 924485 589720 671090 687200 328088 366036
871734 1091593 152288 208340 550649 350921 72745 947384 422284 790710 427083 932330 626881 678583 671115 499624 535799 324254 35580 721130 529123 999828 653133 118266 891624 819352 922784 344270 672921 419030 727718 649239 712604 735086 474489 395141 654474 502312 397952 759109 751631 955059 306027 711238 454574 439256 425631 161019 763999 642199 869585 878660 325982 583883 999999999 721115 550388 896653 801411 346684 393891 422327 469479 544091 827654 373400 661976 826448 448986 582634 339850 9425 707388 417536 606045 581632 1030912 533457 501070 499477 894064 595862 385728 363535 83646 269061 208638 42989 346644 715253 33371 595476 342808 120468 617184 675716 493694 753944 390892 349944
159343 444650 718335 849994 603971 371111 727039 226611 704371 224969 638212 275927 458052 196567 248045 648218 501280 748646 685817 84668 633574 388480 526998 821378 398450 98409 250146 739662 74170 380789 571335 797309 193686 563783 268178 547561 455593 428011 682088 416070 149932 352834 415109 448251 785257 480811 295510 569290 562864 157569 317217 482643 581474 497515 721115 999999999 278191 538397 277195 486324 595365 426032 347079 756372 471637 476310 277980 124192 280615 185463 476487 726763 385135 414405 184664 314152 375160 524289 561904 789674 426927 696363 624578 370671 665596 709986 663749 748142 380542 294286 724089 411651 745453 839930 648872 152917 410520 220283 345553 742143
