NAME : synthetic_000877
TYPE : CTSP-D
DIMENSION : 100
GROUPS : 8
RELAXATION_LEVEL : 1
EDGE_WEIGHT_TYPE : EXPLICIT
EDGE_WEIGHT_FORMAT : FULL_MATRIX
EDGE_WEIGHT_SECTION
999999999 514107 213291 866701 676197 225233 451336 723823 509423 1006878 614307 295754 695297 1060618 213039 567912 526287 208310 763177 849925 432428 505500 761637 621575 568461 324360 344581 721128 380523 122765 1093606 962345 868856 936330 762472 651394 720962 922948 846749 200936 777384 99178 152512 486027 483563 791242 629492 685722 271983 792810 493737 259157 998704 670064 485675 734233 189388 848797 149899 745876 756737 529175 298876 580287 659822 248501 858179 682473 363146 883311 316982 550574 602941 499568 470262 755278 753654 503208 653488 655120 332784 380788 1057260 991425 132682 61278 418932 669472 845561 225455 180382 358096 851621 725083 775199 604817 770695 884696 403797 566017
514107 999999999 364989 505804 721561 440860 63023 856606 108592 599302 351703 229097 410760 706055 302681 113390 251672 316142 255337 350899 514594 323720 745399 108617 96285 505989 260811 865245 284980 395105 727284 632313 364877 466762 913432 489132 214059 566638 335623 471694 919574 452451 382522 39948 694813 752354 669910 415710 326504 798032 256020 334598 616778 477877 295339 221341 410988 677178 630183 512625 587123 466764 503628 123683 174240 423016 691161 674889 494951 713497 593959 84868 621090 57536 680968 242050 319013 118143 242896 172461 418805 645759 725827 711494 424694 574102 248437 646962 602124 308437 469236 407614 506625 280318 376709 384931 272912 471819 118209 280932
213291 364989 999999999 654422 521401 323330 304714 607126 326798 796874 401123 215027 482015 847379 113820 387114 316825 179738 591224 715823 266237 292232 591624 462661 392957 188764 314472 609409 365078 161469 880527 749068 729677 739322 655903 444411 549709 710111 697704 108520 667496 117302 195789 349333 389766 616149 469600 472462 59490 630958 283254 46482 786656 460517 272654 570595 270006 647198 362353 534780 552676 330709 172982 463157 479571 330910 657563 510538 207026 682911 248652 426016 433289 332636 374877 591898 658069 399676 563203 474027 145512 311049 844092 780157 227138 257814 381413 492291 635355 202006 104258 163270 638772 623207 567817 391926 637461 676894 246859 355068
866701 505804 654422 999999999 577065 895940 532209 736603 421369 155296 256048 675292 181419 203635 681900 392683 342988 736165 385317 592308 560704 366716 524057 451390 409763 645646 748424 753063 782907 782976 231025 129106 577170 245779 790765 303230 388569 61340 521308 711588 786229 771619 794676 543538 724471 503473 551335 196353 595107 574151 373795 608054 132414 268149 382241 425512 851585 318952 1013443 204833 292049 422343 663829 588486 356295 886371 331012 503105 604008 339547 739809 566488 513559 466236 717849 428483 705133 620900 685381 353994 574510 749791 220067 228408 838543 911813 751840 477811 199300 741784 724346 546004 29026 671474 132310 279236 567168 101153 534867 301551
676197 721561 521401 577065 999999999 843207 691198 160749 618970 722081 427317 706246 438875 671809 627513 652985 482745 698059 808737 1010117 255187 401329 104777 760509 672862 352748 812671 176461 863846 677999 711238 577608 1009355 799392 217329 292234 782371 595395 958241 477178 216226 588765 715967 734575 243843 143323 53571 421158 495922 118195 468597 500763 675312 325073 427335 820848 790156 317770 810641 372673 289904 255138 377713 845240 706105 852138 316379 74234 318997 332037 378206 806144 100605 664703 248782 836880 1035903 817774 964380 699705 377095 335044 636446 526355 742276 683605 865409 99755 407665 718647 497982 365786 548248 996559 601377 380776 948847 665143 643811 472039
225233 440860 323330 895940 843207 999999999 387978 916386 484394 1016385 667093 223015 747515 1098901 232474 531395 559896 164960 693583 725120 588281 573151 914925 545799 523380 497288 192137 916265 202111 165827 1126807 1009380 748846 904916 960537 747104 653468 956450 739861 378446 973941 269525 127555 403028 683287 939012 792048 743008 361087 954059 535257 352513 1021776 756316 545277 654402 53344 954681 241162 822492 858095 647294 475275 459628 612182 27943 966184 833833 525115 991480 519863 442213 756577 452555 668980 673488 596062 380184 498463 609359 468832 586397 1106427 1061252 105288 271293 250491 815209 924150 154974 359050 485652 887611 575103 782135 673404 649707 888260 365882 602757
451336 63023 304714 532209 691198 387978 999999999 819879 112268 637119 350224 170285 417789 735021 239670 145833 241900 255456 315189 411576 472062 302788 723063 170455 135714 453945 218100 827526 250715 332932 758709 655503 426549 516942 875836 477956 273344 593531 398444 412294 882962 389646 321986 47263 647254 733071 638568 420064 269621 774324 237589 276800 649660 471143 272372 283292 354713 674609 569344 514707 581425 438950 449745 165574 224455 372098 688260 649451 446475 711585 538801 125987 590646 67075 633096 304198 364776 126850 279242 221457 369230 592826 750874 727291 364833 511209 222317 622473 609094 249312 408915 360861 529787 327377 407713 377367 332903 508691 58926 277752
723823 856606 607126 736603 160749 916386 819879 999999999 758713 879510 583418 810051 599090 820698 719635 797815 628762 786812 962835 1160041 353483 545314 228319 905240 816809 420816 915364 18323 966795 751298 859773 730118 1160803 960125 58322 452296 934665 752543 1110894 538205 63083 649406 792649 865227 241560 262502 198882 581279 595057 198424 610570 596955 830946 485534 568325 972288 865010 460968 841928 532743 446917 398890 441498 979720 857093 929440 456798 233766 401039 467892 407215 939969 247244 801115 254097 989115 1174577 944548 1097646 850589 473186 346482 781927 668975 811782 717622 974820 260434 561148 809117 558049 470212 707690 1135434 761696 536848 1095924 825670 768171 622791
509423 108592 326798 421369 618970 484394 112268 758713 999999999 532546 244233 261404 307421 624686 298923 60318 143299 335490 265006 416476 426092 218332 638619 152739 68687 435069 327083 768292 362352 401071 649427 543637 424184 430069 816197 380546 224054 482705 383929 425070 821372 431850 400240 135602 612083 644646 568220 310853 276337 691688 150578 287220 541462 369538 191671 248846 445288 569954 641365 406896 479056 363862 437363 229380 152971 471595 583852 569568 416670 606507 529468 192290 518979 52613 598922 269784 417004 223144 348569 147618 344706 574632 639300 615184 444733 565718 334515 541268 499105 335414 427220 328336 418063 377684 299784 276411 344474 404181 118626 172771
1006878 599302 796874 155296 722081 1016385 637119 879510 532546 999999999 405775 793450 335294 150753 813311 491575 480641 861994 417277 596636 715903 515361 659748 522958 504509 799274 855085 896520 883828 916020 149558 169709 575381 198014 931884 457099 435602 127009 523281 860420 925969 914094 923568 638974 878996 634844 700140 350914 737389 706549 513685 750400 61061 422289 527742 464491 975311 437565 1151161 354464 432647 577639 816817 659365 430799 1004115 447153 647849 758200 448845 894223 645273 664588 570072 872613 460207 738244 706283 739244 430756 725816 905035 198759 277645 968018 1054656 847465 624138 322313 864914 872200 697534 180960 709702 235079 432759 592032 128501 650645 441840
614307 351703 401123 256048 427317 667093 350224 583418 244233 405775 999999999 456506 81794 446335 441544 253024 111755 502811 381920 587613 324992 110711 420383 354304 274521 396138 546173 596652 588939 538735 479446 349131 584715 403282 641570 147438 357669 309563 532383 455626 642489 517785 555713 379620 506270 418831 384540 75933 342377 475229 131900 355159 388318 128519 128803 397199 618852 325721 762598 164907 235838 199620 412327 466728 284682 661681 339625 363978 357248 362313 493331 432606 336773 296846 496904 411945 637407 467367 583207 278637 320090 512090 445243 394313 598141 657385 568788 334516 262630 512427 468300 291901 238317 598580 201383 46595 532095 298832 330011 72482
295754 229097 215027 675292 706246 223015 170285 810051 261404 793450 456506 999999999 534602 878743 107177 309779 345974 89042 484334 554300 458256 374017 760412 337530 303302 400468 106428 814094 157710 173148 905723 791569 573667 685092 861567 554941 442814 736168 553754 317216 871877 256136 154337 195736 602687 778409 652790 532048 215018 806181 325632 213868 799751 558357 343725 449814 185376 762198 401818 617716 665444 476453 387027 284588 393932 211291 774719 680852 410512 799549 462968 255187 609990 231746 587814 470193 464234 208488 365161 390576 336878 526034 888476 849808 195702 356993 166970 657767 718122 79341 306285 342213 668280 433235 559447 469523 475160 665272 142867 388370
695297 410760 482015 181419 438875 747515 417789 599090 307421 335294 81794 534602 999999999 365461 523055 303408 188658 583608 392409 605251 382061 190136 412025 394817 324479 464283 621083 613898 662134 620517 399285 267472 598424 363592 656176 146813 376054 231041 543730 532373 654785 598308 637205 442351 553355 402947 403157 18100 423546 466514 212450 436259 312099 114106 210329 416664 699736 274206 843883 106029 197204 246115 482416 518366 312550 741462 288494 368990 422921 308562 558931 487266 359245 359254 545523 428174 675498 528548 630910 307403 393766 571263 363462 315217 679768 737455 639154 340433 191710 592655 545922 365166 160579 637651 162637 97821 558091 241014 403742 146296
1060618 706055 847379 203635 671809 1098901 735021 820698 624686 150753 446335 878743 365461 999999999 882205 593678 542672 938224 553803 742898 719175 555580 593229 643111 609770 815836 951767 838585 985560 982152 39530 102886 722736 347637 868390 448173 566558 142576 669563 895079 859877 963769 995628 744473 860973 562438 660509 376016 788712 633128 571748 801487 99783 417413 575087 599134 1053957 360457 1208886 338849 388392 580270 836574 780976 548159 1089702 366204 599413 771762 360090 904143 762146 633375 668673 857000 597463 877311 819219 869987 546823 753964 903835 53276 161062 1039163 1102820 953421 580426 266938 944459 909529 725282 211775 846779 329354 459147 732899 246560 738500 500328
213039 302681 113820 681900 627513 232474 239670 719635 298923 813311 441544 107177 523055 882205 999999999 356271 339538 71446 550141 645554 373753 342757 691328 409251 355897 302550 201221 722348 251485 103263 912443 788744 662716 728418 769084 514716 507925 740945 637426 210850 780408 153830 114172 277280 503470 713113 574809 516953 132932 733566 311267 126862 811573 524612 316138 521674 180874 722213 342900 592485 625658 416826 286568 380668 447551 233664 733712 610466 318683 759007 358055 347231 535515 286574 488584 542795 567531 309029 469493 443015 250838 422238 885526 833841 157014 272022 270121 589936 694274 91135 199264 262470 670515 535081 578659 443881 566181 687730 190758 381936
567912 113390 387114 392683 652985 531395 145833 797815 60318 491575 253024 309779 303408 593678 356271 999999999 170248 388487 205069 366745 474356 252640 664196 107590 21503 490699 363530 808286 393279 457460 615807 518939 372097 375962 855765 397490 164553 453651 329064 484919 859955 491728 454162 150894 662337 666954 603784 310236 336330 718232 187735 347339 505886 381489 230123 191548 495067 574601 697624 407681 488117 399540 494204 215261 92785 516703 588770 599101 469950 610160 586344 184040 554289 79180 649559 212096 387067 230468 330322 87607 400028 629562 612629 598847 498377 624769 359761 570163 493294 386415 487348 382024 393236 347866 264625 291854 298592 363262 169885 187710
526287 251672 316825 342988 482745 559896 241900 628762 143299 480641 111755 345974 188658 542672 339538 170248 999999999 396917 344966 531949 318732 83953 496507 277767 190319 359200 434431 639689 477277 440045 573062 450133 534235 433407 686874 237851 311608 401528 486657 389931 690605 433800 453032 275174 508269 501612 433748 186404 257467 550027 34778 270460 473856 229284 68448 346860 513046 432924 671474 276194 339541 229936 369323 372364 232255 553176 446502 429489 329008 470006 458532 335583 384247 194611 496573 365137 555478 363261 491266 225639 271670 490935 547128 503838 496493 574334 457941 400743 374372 404924 398907 247231 330981 516137 251339 135500 467241 360137 218409 42864
208310 316142 179738 736165 698059 164960 255456 786812 335490 861994 502811 89042 583608 938224 71446 388487 396917 999999999 570619 642771 443707 408221 762719 424759 384386 367301 149461 788919 195660 85668 967183 847015 662445 764347 835211 583138 528799 796130 642792 264861 847010 182493 66537 284126 565834 784558 645525 578664 204338 804744 371168 197922 863937 591637 380327 537400 116166 790998 314051 657534 694247 487871 349376 372453 476066 163509 802704 681829 386644 827944 413835 343987 606662 312817 551007 557965 546623 294932 446678 472260 321031 479586 944029 896711 110038 269568 223515 661374 759200 23606 249896 333575 726528 517260 626937 508455 563750 734839 218609 439749
763177 255337 591224 385317 808737 693583 315189 962835 265006 417277 381920 484334 392409 553803 550141 205069 344966 570619 999999999 214288 663309 427420 799176 147882 198347 691455 506957 975256 520452 647206 563530 510350 206021 240636 1021144 525601 42219 435678 151567 689979 1022930 692590 637136 291160 852872 793514 764306 406758 541326 854095 372580 552220 454640 499321 412778 48554 665870 657453 884528 493901 589155 567320 696599 261308 116061 674158 671535 745826 667320 688002 788560 260948 715596 263901 840925 43768 323663 327049 323722 122459 600840 828684 588555 613684 679733 821805 475829 716374 551378 563668 692209 580781 400416 293143 263376 428236 181967 308386 359386 341652
849925 350899 715823 592308 1010117 725120 411576 1160041 416476 596636 587613 554300 605251 742898 645554 366745 531949 642771 214288 999999999 840914 615860 1007691 263799 350342 849567 534171 1171345 526641 727443 746188 712710 29473 400445 1218272 733910 230452 637863 73377 822550 1221416 798585 705413 369223 1028204 1003964 963257 618968 676481 1062599 553485 685033 643296 709489 595725 190459 712253 871739 947529 707770 802376 761278 849760 270919 304114 700556 885823 950487 832992 902234 941225 299427 913925 390094 1015181 177158 177095 350419 242374 310467 759920 989590 783107 820018 742273 911090 477336 921052 765091 628699 820081 744621 609890 171195 476063 632941 79392 505892 468964 538151
432428 514594 266237 560704 255187 588281 472062 353483 426092 715903 324992 458256 382061 719175 373753 474356 318732 443707 663309 840914 999999999 239158 330727 578241 490638 112719 564274 359063 615722 423468 757152 616310 846318 727579 407198 271199 628628 602253 801544 231597 416084 339566 460916 518532 189572 359061 203778 365574 244202 366439 291018 247724 686323 301997 250569 661972 535150 436073 574939 380358 354778 139568 138435 635479 549130 596959 443069 250603 69568 467094 185861 595464 171277 461973 177880 681176 833450 594405 751276 542527 122959 189235 700494 611520 488199 449564 621851 237087 465264 464749 252053 116778 536467 794890 526375 287523 770435 620661 417943 330257
505500 323720 292232 366716 401329 573151 302788 545314 218332 515361 110711 374017 190136 555580 342757 252640 83953 408221 427420 615860 239158 999999999 421935 360193 272015 293277 472127 556038 518881 435775 589334 456845 618172 495669 603349 181820 394985 420053 570384 345226 607351 408222 456308 341790 427952 430491 351416 180231 234295 474337 67840 246839 499021 184654 31277 430644 522949 388234 654471 249729 291596 146947 307171 446784 315814 570461 400861 351388 258093 425604 392184 408571 301962 266235 416780 448739 634782 428634 566171 309207 212224 418183 551940 492235 497323 547334 506295 323291 351517 420555 357652 184776 348892 595423 300588 101534 550626 404161 266688 91498
761637 745399 591624 524057 104777 914925 723063 228319 638619 659748 420383 760412 412025 593229 691328 664196 496507 762719 799176 1007691 330727 421935 999999999 770010 685106 437538 866042 246457 916371 751826 632134 504874 1003876 759074 275286 273848 777382 532997 950583 560836 267545 670182 787406 763448 348084 38840 135660 395729 558396 54934 489423 565075 608480 300344 451341 817233 861587 232945 900566 327031 232420 286974 463287 867928 705045 921498 228488 81095 399025 239985 474864 830162 159494 687866 352392 831358 1051177 849649 987186 698968 446203 436157 553732 440656 817118 773819 912830 102720 338033 781883 581532 429859 495067 1011912 569894 376011 952165 618774 681219 477119
621575 108617 462661 451390 760509 545799 170455 905240 152739 522958 354304 337530 394817 643111 409251 107590 277767 424759 147882 263799 578241 360193 770010 999999999 88557 586377 360322 915589 376919 503352 659935 580456 272419 371711 963140 500843 107861 509753 235592 566583 967444 556564 491131 143319 764765 771559 711373 404170 418398 824280 294814 427940 548540 482480 337171 112853 518102 668891 738797 500752 586341 507113 587406 137868 95263 526637 683166 706042 569199 703371 679236 123063 661877 130285 751639 133750 283128 187040 238354 97404 496431 726273 669241 670923 533202 681190 334464 677002 579074 416844 566174 480831 457946 244423 319084 395554 192322 399709 220229 292892
568461 96285 392957 409763 672862 523380 135714 816809 68687 504509 274521 303302 324479 609770 355897 21503 190319 384386 198347 350342 490638 272015 685106 88557 999999999 503371 351584 827089 379362 455846 631107 536710 356856 381888 874674 418851 156754 470494 315549 492848 879073 494908 450516 135105 677936 688116 623383 331504 343988 739068 206297 354574 520736 402977 248638 180207 488634 595977 695532 428945 509612 418962 505962 193986 91957 507796 610153 619576 484036 631487 598081 163380 573904 71695 664990 201199 366077 211773 308823 87903 412875 642734 629824 618130 494423 626105 344335 590700 514017 381036 494425 395836 411214 326833 280424 313213 280616 376572 166674 208936
324360 505989 188764 645646 352748 497288 453945 420816 435069 799274 396138 400468 464283 815836 302550 490699 359200 367301 691455 849567 112719 293277 437538 586377 503371 999999999 502505 422128 553406 331567 852886 713138 858746 788422 468061 372020 653262 692067 818916 124431 480190 236281 372241 501157 202255 467965 305196 449448 191099 468662 326169 188740 775060 399663 292996 682242 445233 547371 463904 479113 463335 238550 25956 619348 575394 509231 554779 359041 45566 579023 99408 579924 279600 460150 187396 702693 818364 566421 728884 569006 90715 140087 800807 716744 393780 337838 567434 347877 569398 390062 145236 112101 623562 781268 593463 366567 774694 694815 395685 382319
344581 260811 314472 748424 812671 192137 218100 915364 327083 855085 546173 106428 621083 951767 201221 363530 434431 149461 506957 534171 564274 472127 866042 360322 351584 502505 999999999 919065 51460 228059 976204 869613 557373 727414 966344 653913 468088 809753 547725 410219 976952 331824 192161 221169 704168 883397 759210 620430 320459 912212 418449 318467 867539 654877 441191 465812 179599 859767 417090 709970 763470 581149 487454 267491 435034 169510 872627 786734 515005 897162 558547 251107 716292 285171 689277 484267 414831 188143 315041 433116 442427 623220 965751 935313 218812 404125 74922 763345 808801 126679 396730 448473 744464 390060 625557 563823 458049 726707 217484 475437
721128 865245 609409 753063 176461 916265 827526 18323 768292 896520 596652 814094 613898 838585 722348 808286 639689 788919 975256 1171345 359063 556038 246457 915589 827089 422128 919065 999999999 970453 751563 877686 747723 1172467 975484 48315 467087 946639 769585 1122877 537843 58091 648483 793223 873127 237782 280780 212302 596032 599090 216708 620793 600602 848233 500581 578472 984035 865195 478994 837076 548960 463878 410070 442126 988131 868805 929807 474912 250001 404182 486118 404182 948308 259994 810058 250873 1001046 1183586 951729 1105749 862282 477451 342189 799975 687103 811431 713404 979370 276214 578608 811395 557466 475544 724180 1144503 776534 550127 1106628 841604 775236 634683
380523 284980 365078 782907 863846 202111 250715 966795 362352 883828 588939 157710 662134 985560 251485 393279 477277 195660 520452 526641 615722 518881 916371 376919 379362 553406 51460 970453 999999999 269133 1008730 905986 551448 747829 1017702 700673 483422 844221 546991 459068 1028353 376470 230073 245097 754845 933272 810363 662340 371917 962861 463184 369872 899111 700454 487768 476904 202869 905567 438480 753414 809610 630959 538007 268925 458026 175869 918586 837272 566354 942947 607755 259961 767238 316896 739955 494138 394033 194057 296410 456770 493885 672799 1001530 975089 250244 438398 49306 813654 851295 172219 444957 499870 780365 373168 657481 608592 453270 755929 258942 517441
122765 395105 161469 782976 677999 165827 332932 751298 401071 916020 538735 173148 620517 982152 103263 457460 440045 85668 647206 727443 423468 435775 751826 503352 455846 331567 228059 751563 269133 999999999 1013042 887359 746658 830999 796301 600105 605095 841508 725579 214536 809385 112055 43497 365357 520448 777083 627204 613357 207539 789752 410413 197003 913270 613298 411200 616204 113733 805367 240299 684374 709867 491268 309869 457572 547776 178264 816147 670822 359495 841519 359853 428228 592869 385325 505945 637055 631998 380460 531957 543483 305849 426602 983828 928000 65669 184043 302981 653236 785958 104126 195995 324713 770750 602870 681572 537302 648279 790750 289331 481984
1093606 727284 880527 231025 711238 1126807 758709 859773 649427 149558 479446 905723 399285 39530 912443 615807 573062 967183 563530 746188 757152 589334 632134 659935 631107 852886 976204 877686 1008730 1013042 999999999 141067 724901 347134 907200 486380 578955 171537 672829 930378 898540 997224 1025472 766156 900191 601038 700039 410578 821623 671542 602937 834460 111398 455213 607934 609905 1082605 399253 1241422 377011 427885 618036 873360 797587 565605 1116936 404717 638900 809011 397951 941851 780382 672817 691988 896132 606892 886004 838849 883007 564683 789762 942302 83999 197219 1069237 1136655 975371 619954 306442 972766 944530 761064 242462 856603 351262 494155 740367 260487 764595 531076
962345 632313 749068 129106 577608 1009380 655503 730118 543637 169709 349131 791569 267472 102886 788744 518939 450133 847015 510350 712710 616310 456845 504874 580456 536710 713138 869613 747723 905986 887359 141067 999999999 695690 338459 779841 345380 516075 74920 640475 793846 772419 864886 902670 669394 759956 476680 563156 276641 690849 548267 477487 703507 110237 314528 477800 552151 963107 275355 1111190 236026 290257 477384 734022 717425 485392 1001495 283434 504254 668981 282359 801257 694910 533975 590472 755653 553906 832164 748327 814330 483054 652263 801236 97048 112954 945724 1003311 876619 483761 169978 854481 808630 623610 125865 799098 261376 358760 692259 207335 653734 407350
868856 364877 729677 577170 1009355 748846 426549 1160803 424184 575381 584715 573667 598424 722736 662716 372097 534235 662445 206021 29473 846318 618172 1003876 272419 356856 858746 557373 1172467 551448 746658 724901 695690 999999999 378243 1219096 730048 227174 621012 56126 835678 1221797 815141 725766 385596 1034427 999028 963292 612683 688684 1058810 557211 697611 623376 704615 599217 188581 734685 862176 969113 699661 795151 762549 859785 292099 303713 724606 876175 948423 840763 891976 951550 318482 914112 400984 1021611 172779 206563 372051 270251 310214 768671 998574 763948 804081 763330 929907 502178 918960 753740 649017 833864 752475 595730 200142 464226 630510 99517 488450 483075 538097
936330 466762 739322 245779 799392 904916 516942 960125 430069 198014 403282 685092 363592 347637 728418 375962 433407 764347 240636 400445 727579 495669 759074 371711 381888 788422 727414 975484 747829 830999 347134 338459 378243 999999999 1016412 509434 269404 268765 327339 821932 1013814 852460 829777 506254 909283 742072 766123 381686 682001 811241 468036 694576 250172 475228 496247 289166 870463 564188 1071226 432173 527467 601330 800751 499258 293052 888561 576495 727396 753686 585323 887621 493467 722798 453347 900111 280025 550053 558538 562917 295625 703661 912579 392431 451306 874116 990414 706133 699865 444824 762301 829499 677849 272673 524531 203359 444637 402773 144712 545758 406193
762472 913432 655903 790765 217329 960537 875836 58322 816197 931884 641570 861567 656176 868390 769084 855765 686874 835211 1021144 1218272 407198 603349 275286 963140 874674 468061 966344 48315 1017702 796301 907200 779841 1219096 1016412 999999999 509466 992984 804876 1169214 582135 18568 692065 838231 921422 279089 306642 257078 638430 646608 238171 668397 647928 882218 542401 626111 1030590 909798 507952 875077 587638 499870 457058 487471 1036365 915389 974562 502794 289167 451348 512116 445626 996552 305548 858172 292782 1047432 1231692 1000039 1154028 908883 525116 382126 828119 714342 855512 752553 1027053 316564 611863 857803 601508 523583 761790 1192591 818702 594990 1153975 880996 823542 681101
651394 489132 444411 303230 292234 747104 477956 452296 380546 457099 147438 554941 146813 448173 514716 397490 237851 583138 525601 733910 271199 181820 273848 500843 418851 372020 653913 467087 700673 600105 486380 345380 730048 509434 509466 999999999 503554 336853 676889 465541 508328 552226 625710 512909 422087 271395 256697 128984 392657 328778 241168 403659 421119 35289 212905 543464 695515 208032 801055 109370 111152 133605 394490 608162 431857 746513 220116 223436 326935 245185 456708 572369 214078 432346 416111 557511 783682 600944 726119 425877 322878 456149 429653 345809 664223 683844 687252 194470 198128 597295 482708 295423 276268 744690 309448 105638 679450 380669 446785 210250
720962 214059 549709 388569 782371 653468 273344 934665 224054 435602 357669 442814 376054 566558 507925 164553 311608 528799 42219 230452 628628 394985 777382 107861 156754 653262 468088 946639 483422 605095 578955 516075 227174 269404 992984 503554 999999999 442228 176238 649120 995350 650530 595329 250573 818029 773520 736721 389242 500349 832303 337614 511107 468578 479059 378597 40624 624945 645849 842623 479916 573237 537316 657754 229908 79515 634465 660054 721257 630257 677658 749824 225361 687672 221700 805833 54512 316641 291162 304076 86128 562563 791160 598376 615707 638055 779589 439768 691796 543850 522123 651042 543178 400930 283028 260908 403363 184073 319998 317168 311961
922948 566638 710111 61340 595395 956450 593531 752543 482705 127009 309563 736168 231041 142576 740945 453651 401528 796130 435678 637863 602253 420053 532997 509753 470494 692067 809753 769585 844221 841508 171537 74920 621012 268765 804876 336853 442228 999999999 565712 763412 799000 827063 854069 604538 758570 508682 574509 243942 651020 580305 431477 663905 84323 302914 437469 477872 911737 313683 1070395 230834 305749 462805 711297 647260 414500 947144 324079 521177 649347 328106 784233 626146 540223 527508 752879 479286 757920 681301 741933 412508 624430 790392 159809 184580 897778 966876 812998 497817 196369 802107 776872 595773 71339 725162 191427 327935 617531 133013 596009 359553
846749 335623 697704 521308 958241 739861 398444 1110894 383929 523281 532383 553754 543730 669563 637426 329064 486657 642792 151567 73377 801544 570384 950583 235592 315549 818916 547725 1122877 546991 725579 672829 640475 56126 327339 1169214 676889 176238 565712 999999999 802132 1171525 788064 707501 360789 990404 945081 912874 558239 653987 1005510 511140 663516 569989 650858 552750 139846 721896 806420 953316 644382 740177 713458 821194 280247 254653 716743 820398 896343 799007 836068 913247 300743 863865 365838 977860 121871 236089 359825 282149 261243 728418 958244 709976 748469 746710 907392 498201 866878 697684 630996 801471 711013 539696 220867 408154 578454 99879 433390 452818 488196
200936 471694 108520 711588 477178 378446 412294 538205 425070 860420 455626 317216 532373 895079 210850 484919 389931 264861 689979 822550 231597 345226 560836 566583 492848 124431 410219 537843 459068 214536 930378 793846 835678 821932 582135 465541 649120 763412 802132 999999999 595495 112400 257110 457392 305958 590306 429401 520041 148871 592954 355162 138705 843661 488331 333710 672291 327743 655242 344364 566794 566048 336980 99773 571648 576115 392642 663847 481544 162224 688695 148974 534386 402014 436303 291425 693495 766475 507863 671246 570251 142939 214941 885764 810590 273609 220991 480733 468684 663110 288440 20807 171124 692713 731707 639358 436248 744541 746322 353961 422918
777384 919574 667496 786229 216226 973941 882962 63083 821372 925969 642489 871877 654785 859877 780408 859955 690605 847010 1022930 1221416 416084 607351 267545 967444 879073 480190 976952 58091 1028353 809385 898540 772419 1221797 1013814 18568 508328 995350 799000 1171525 595495 999999999 705867 851123 928301 293824 297525 258671 637149 656860 227896 672919 658485 875625 540796 630731 1033229 922981 499459 891199 583877 494712 460669 500085 1042731 918104 987642 493868 286485 462156 502431 460420 1002993 307697 864008 307278 1049837 1237428 1007613 1160699 911624 535126 397472 818939 704887 869031 768293 1036975 314494 605143 869484 615027 532733 757223 1198266 817109 595895 1157842 877434 831220 683701
99178 452451 117302 771619 588765 269525 389646 649406 431850 914094 517785 256136 598308 963769 153830 491728 433800 182493 692590 798585 339566 408222 670182 556564 494908 236281 331824 648483 376470 112055 997224 864886 815141 852460 692065 552226 650530 827063 788064 112400 705867 999999999 155469 429579 414043 698482 540241 588269 176777 703852 400421 163776 903892 570945 389618 667701 220879 750200 249006 646943 657792 430674 212065 534498 584482 285978 759734 590165 271317 784915 250436 500875 510819 429399 399846 688989 720002 462286 621229 579322 234721 317075 959420 892479 164243 140564 406006 575738 746471 205164 91882 259433 755728 688195 684436 506761 719272 793669 336345 472331
152512 382522 195789 794676 715967 127555 321986 792649 400240 923568 555713 154337 637205 995628 114172 454162 453032 66537 637136 705413 460916 456308 787406 491131 450516 372241 192161 793223 230073 43497 1025472 902670 725766 829777 838231 625710 595329 854069 707501 257110 851123 155469 999999999 350014 563059 811680 664649 631120 235625 826531 425270 226360 923644 636987 430101 603697 74273 832381 247686 705948 736239 521686 351170 434560 542293 137037 843538 706318 398416 868891 403124 407698 629022 379037 548501 624202 602282 355820 502060 538415 341281 469859 999506 947848 44609 212609 266722 687848 807729 76749 238915 358366 783869 574621 688533 557625 626706 797018 284326 495591
486027 39948 349333 543538 734575 403028 47263 865227 135602 638974 379620 195736 442351 744473 277280 150894 275174 284126 291160 369223 518532 341790 763448 143319 135105 501157 221169 873127 245097 365357 766156 669394 385596 506254 921422 512909 250573 604538 360789 457392 928301 429579 350014 999999999 694435 772167 682232 446274 316137 815302 275086 322973 655840 503784 312107 254547 374794 705289 597553 542486 613707 481141 496770 118312 214039 384574 719140 691012 493682 741933 585553 78773 633970 83182 680295 274705 317516 88104 232843 212353 416473 639934 763417 746558 391265 546609 209234 663637 634046 274731 453293 407890 543576 280131 415240 410194 290060 511343 105720 307738
483563 694813 389766 724471 243843 683287 647254 241560 612083 878996 506270 602687 553355 860973 503470 662337 508269 565834 852872 1028204 189572 427952 348084 764765 677936 202255 704168 237782 754845 520448 900191 759956 1034427 909283 279089 422087 818029 758570 990404 305958 293824 414043 563059 694435 999999999 386013 221187 535785 392189 356829 480476 390629 842673 456726 440141 851020 633336 533279 600559 528362 475024 308443 216935 812617 738555 698363 535716 290696 200850 555713 166597 772744 231872 644659 14891 870378 1011733 764301 925242 731958 278424 105043 834212 732841 578046 476062 769658 297139 595603 589023 324599 287206 698047 973829 706354 464884 956423 794368 590343 518443
791242 752354 616149 503473 143323 939012 733071 262502 644646 634844 418831 778409 402947 562438 713113 666954 501612 784558 793514 1003964 359061 430491 38840 771559 688116 467965 883397 280780 933272 777083 601038 476680 999028 742072 306642 271395 773520 508682 945081 590306 297525 698482 811680 772167 386013 999999999 170564 387470 580352 71754 497175 587641 582075 294493 460701 813707 885677 202216 931727 311923 214834 302316 493848 873945 703012 944681 196344 108927 428111 205702 509370 836813 188401 694875 389968 827066 1053898 859123 992869 697089 471255 472502 521518 407710 842590 805258 927846 123860 312532 803137 610890 453360 474640 1014764 557298 376060 950729 600146 693467 479261
629492 669910 469600 551335 53571 792048 638568 198882 568220 700140 384540 652790 403157 660509 574809 603784 433748 645525 764306 963257 203778 351416 135660 711373 623383 305196 759210 212302 810363 627204 700039 563156 963292 766123 257078 256697 736721 574509 912874 429401 258671 540241 664649 682232 221187 170564 999999999 385165 442927 163614 418207 447985 656315 291021 376574 774711 738897 316669 766446 346654 272902 204576 330617 793586 659655 800492 317693 69534 269324 336408 339234 754346 49501 613259 223166 791216 985221 765022 912587 653194 324793 302352 628495 521835 691805 639520 811838 80590 393830 665940 450195 312754 522920 945904 565664 337976 900700 635399 590716 425246
685722 415710 472462 196353 421158 743008 420064 581279 310853 350914 75933 532048 18100 376016 516953 310236 186404 578664 406758 618968 365574 180231 395729 404170 331504 449448 620430 596032 662340 613357 410578 276641 612683 381686 638430 128984 389242 243942 558239 520041 637149 588269 631120 446274 535785 387470 385165 999999999 414409 450337 207833 427011 325950 96752 202276 429800 694669 264973 834680 97445 184414 228959 468002 525483 323968 737604 279217 351549 407656 300090 543478 493563 341166 363092 528060 441815 685813 533075 639116 318639 380500 554808 371794 318387 673323 726929 640581 322896 189254 588359 533984 351837 174299 647731 180544 84003 570457 258652 403516 145007
271983 326504 59490 595107 495922 361087 269621 595057 276337 737389 342377 215018 423546 788712 132932 336330 257467 204338 541326 676481 244202 234295 558396 418398 343988 191099 320459 599090 371917 207539 821623 690849 688684 682001 646608 392657 500349 651020 653987 148871 656860 176777 235625 316137 392189 580352 442927 414409 999999999 600832 223797 13011 727297 406709 213694 523452 308117 597913 420348 479450 502329 286254 182686 433197 427944 364901 608792 477542 196006 634161 269601 394551 402861 288241 377445 544646 631184 376450 539625 422176 121968 326123 786192 724363 272159 317303 380693 457061 580579 223677 151231 130175 579685 594909 508603 334812 599180 617588 210696 295578
792810 798032 630958 574151 118195 954059 774324 198424 691688 706549 475229 806181 466514 633128 733566 718232 550027 804744 854095 1062599 366439 474337 54934 824280 739068 468662 912212 216708 962861 789752 671542 548267 1058810 811241 238171 328778 832303 580305 1005510 592954 227896 703852 826531 815302 356829 71754 163614 450337 600832 999999999 542018 606822 653824 355167 503327 872141 900803 273417 928438 379737 283832 336416 493969 920849 759866 961727 266941 125959 432833 274617 496340 882860 198095 740522 363250 886288 1105090 901071 1040180 753776 485543 451828 591369 477141 854613 801410 960791 151885 384237 824498 613754 471174 545246 1065799 623659 430724 1006894 670069 731290 531415
493737 256020 283254 373795 468597 535257 237589 610570 150578 513685 131900 325632 212450 571748 311267 187735 34778 371168 372580 553485 291018 67840 489423 294814 206297 326169 418449 620793 463184 410413 602937 477487 557211 468036 668397 241168 337614 431477 511140 355162 672919 400421 425270 275086 480476 497175 418207 207833 223797 542018 999999999 236807 505320 237641 42389 371366 487288 442768 639741 292264 347490 213652 335618 378968 258112 529796 455972 419227 297316 480103 425358 340842 368848 198504 468402 390330 567316 362444 498351 251509 237908 459343 574260 526211 468237 540985 447085 391101 392492 380538 364218 214074 360506 527968 285628 145438 486325 394143 206293 72338
259157 334598 46482 608054 500763 352513 276800 596955 287220 750400 355159 213868 436259 801487 126862 347339 270460 197922 552220 685033 247724 246839 565075 427940 354574 188740 318467 600602 369872 197003 834460 703507 697611 694576 647928 403659 511107 663905 663516 138705 658485 163776 226360 322973 390629 587641 447985 427011 13011 606822 236807 999999999 740257 418229 226526 533712 299380 608386 407685 491368 513029 295345 178676 439464 439196 357105 619144 484105 196681 644515 263782 401114 408741 297679 375823 554939 636919 381100 544554 433478 124846 321701 798772 736422 261982 304296 380316 464128 592375 217971 140009 135656 592568 600939 521572 347157 607462 630574 217945 308587
998704 616778 786656 132414 675312 1021776 649660 830946 541462 61061 388318 799751 312099 99783 811573 505886 473856 863937 454640 643296 686323 499021 608480 548540 520736 775060 867539 848233 899111 913270 111398 110237 623376 250172 882218 421119 468578 84323 569989 843661 875625 903892 923644 655840 842673 582075 656315 325950 727297 653824 505320 740257 999999999 387233 514624 500380 978702 382571 1145053 314573 385446 546945 793912 686208 454223 1011033 391480 601240 732660 391757 867834 669038 623118 582747 837075 498228 777950 727738 772474 453335 705847 874607 142270 216619 967759 1044144 865071 578726 270490 868502 856590 677260 151656 747749 241981 409695 633263 149255 657806 432986
670064 477877 460517 268149 325073 756316 471143 485534 369538 422289 128519 558357 114106 417413 524612 381489 229284 591637 499321 709489 301997 184654 300344 482480 402977 399663 654877 500581 700454 613298 455213 314528 704615 475228 542401 35289 479059 302914 650858 488331 540796 570945 636987 503784 456726 294493 291021 96752 406709 355167 237641 418229 387233 999999999 214634 519298 705418 205154 819945 79472 110303 162857 421363 594624 409476 754452 218332 254884 355052 242515 486730 559895 249060 421928 450524 532573 765606 591867 711530 403695 345394 488488 401163 322486 676599 704726 684639 226365 175595 604677 504811 317324 241371 726862 276334 93784 657272 345535 443860 196978
485675 295339 272654 382241 427335 545277 272372 568325 191671 527742 128803 343725 210329 575087 316138 230123 68448 380327 412778 595725 250569 31277 451341 337171 248638 292996 441191 578472 487768 411200 607934 477800 599217 496247 626111 212905 378597 437469 552750 333710 630731 389618 430101 312107 440141 460701 376574 202276 213694 503327 42389 226526 514624 214634 999999999 412919 495590 418829 633810 277236 322333 172204 304531 418776 299092 541915 431556 379616 261312 456215 392401 380194 327311 238036 428329 431661 608670 398551 538141 292476 207473 423039 573664 517747 471751 529627 475019 351869 378873 391978 344703 181692 366130 569344 306395 128128 528714 412658 235472 90520
734233 221341 570595 425512 820848 654402 283292 972288 248846 464491 397199 449814 416664 599134 521674 191548 346860 537400 48554 190459 661972 430644 817233 112853 180207 682242 465812 984035 476904 616204 609905 552151 188581 289166 1030590 543464 40624 477872 139846 672291 1033229 667701 603697 254547 851020 813707 774711 429800 523452 872141 371366 533712 500380 519298 412919 999999999 628790 686375 851383 520531 613840 574261 685621 214483 115238 634145 700574 760397 660909 718086 777766 216944 725539 238702 838582 21326 280048 282927 275513 121780 591562 820982 632577 653300 645512 793686 431417 730946 583879 529039 673153 573241 438864 247899 299501 442653 144062 352936 331818 349534
