NAME : synthetic_000651
TYPE : CTSP-D
DIMENSION : 100
GROUPS : 8
RELAXATION_LEVEL : 1
EDGE_WEIGHT_TYPE : EXPLICIT
EDGE_WEIGHT_FORMAT : FULL_MATRIX
EDGE_WEIGHT_SECTION
999999999 353687 787613 747210 630186 514326 880271 257363 862883 597497 178752 327468 743383 907417 727005 953205 442384 577168 290663 441289 770153 862248 268921 920407 730667 92658 830936 966415 252820 265442 736420 499304 520379 845356 203904 700110 497987 453953 223638 915751 492310 307425 189535 363024 521796 393911 519105 308377 425689 414756 525198 869287 260761 243030 788446 449001 225019 792437 865486 435487 598707 384158 681326 345238 319515 642672 763165 307716 912919 420547 510833 372060 519484 439542 906830 58615 158113 671859 77917 605777 948567 469612 603728 715435 785167 461413 476523 610968 643187 877937 79576 359071 474005 787905 347415 659310 704482 383266 631508 679270
353687 999999999 519554 442461 299908 279751 594153 200703 566496 243818 204232 243799 422668 601126 474811 618387 485691 294981 522151 126014 424886 519991 180842 568744 443410 391932 478634 701221 163390 448784 393722 409812 549694 544756 280962 381629 512148 554680 276499 562077 150650 69984 182814 347626 319002 517055 437498 58986 72358 341299 260075 551306 205107 367238 457499 133770 432031 501239 513330 486790 330486 581351 539980 567701 434297 316700 463598 460146 589272 69778 355845 446902 487377 363443 581373 388580 290107 403064 310030 263189 628626 351785 335014 363411 592967 249148 421171 308754 367557 546500 412269 213549 302764 469239 394455 315751 380303 200143 434137 356294
787613 519554 999999999 123432 263768 715204 101543 530620 795113 419682 702305 760197 179367 163812 67333 702627 1002113 667271 773015 393553 299859 297727 518812 413566 737282 770930 387869 182809 537246 959023 282589 380372 1061191 770598 601918 188341 1022664 640372 582519 482644 514244 516452 604966 863915 272535 654157 385616 524079 472120 846975 673222 180154 724029 628152 627350 385790 712343 764523 509591 562345 193563 765425 280818 786885 952669 243345 723117 668789 730548 463364 824733 584101 988114 865233 718822 791213 644342 745427 714443 320614 769604 840302 706926 461716 191564 326330 425116 639259 714391 241628 807648 429735 325708 164848 551636 303316 205445 699550 850916 609239
747210 442461 123432 999999999 155499 607735 156784 497322 671687 304923 638521 673953 56375 161045 141967 582855 913239 553590 778611 320436 179022 196873 481709 310480 615856 744895 271238 275045 494654 890584 159389 414342 967751 647184 579308 70687 928918 676461 561482 371412 410753 454105 558569 776183 272566 679320 427233 459050 384945 752785 564184 126723 646739 622162 503918 312240 707694 641699 390981 594519 160410 786255 365188 800589 875631 135040 600524 678269 608297 378924 720166 603576 889922 769104 596587 759698 617401 626815 679276 210610 647768 740189 591856 338492 303994 302209 458071 522639 596833 161977 778675 403367 324807 59997 562949 184465 84619 606279 737424 488210
630186 299908 263768 155499 999999999 453383 312230 397708 556647 156974 502347 522220 123973 305298 248842 506305 759723 403529 710942 189106 152031 234971 378759 315492 482327 642644 239027 429993 384622 747902 115202 406258 812931 531621 487151 86418 774067 650597 472107 344128 255276 325036 441230 623402 249976 639444 427201 327039 236068 598028 410500 251904 500266 547150 393749 181272 630518 516458 331902 568079 150439 736730 426659 741897 727647 20690 473848 619095 514765 232343 565059 560568 734480 613953 503533 651323 518563 484435 569335 56846 556522 584692 443433 227683 409585 239658 443638 376679 452354 248837 672462 320605 287634 170487 512376 60455 81058 452075 587148 354328
514326 279751 715204 607735 453383 999999999 763268 468216 353717 306927 337583 201582 566292 743181 688790 480937 357787 88423 758093 366711 504342 594313 451059 587691 221869 587273 504765 882781 427688 448445 489689 687360 388481 339064 532018 537162 350873 825990 533654 541910 202222 343223 415476 251367 578951 782941 715018 329635 274296 194552 46017 680151 254781 621395 324343 371082 669483 282965 469756 762624 553298 831740 802061 809241 388717 474074 260328 716117 424922 288519 115817 718069 297850 196716 421724 567572 524819 158546 508905 397250 454218 151555 94752 348975 832567 514968 700635 137371 134055 648241 591344 493229 573567 608541 667033 429034 525918 131060 154815 220162
880271 594153 101543 156784 312230 763268 999999999 624509 798596 458263 785070 829173 198405 78431 168872 683562 1069230 706182 874320 469625 297213 262435 611478 372404 756808 867617 369231 121886 628202 1039894 292100 481612 1124373 774944 698907 226544 1085556 740693 679785 450104 567394 599114 694902 931852 371454 755453 486156 605459 539707 909405 719257 126750 799184 728192 631603 461541 812707 776496 490993 663264 281689 866847 370645 888427 1028377 291815 736982 770206 720889 532865 876311 685633 1046696 925853 709206 886548 740451 773762 808534 366812 757421 896907 743170 473845 261512 420914 526297 672751 745435 193411 903691 524857 425090 161846 653037 336029 237422 762717 889576 631283
257363 200703 530620 497322 397708 468216 624509 999999999 766861 410840 222723 362917 500250 655597 469648 807786 577079 494262 330612 220420 546964 632581 21358 706751 644050 247975 621777 709053 40768 465252 510941 272939 651946 744866 91338 457157 619000 357827 80353 718014 346988 130756 91676 452060 265063 317090 298004 142756 251834 472344 455542 622177 293380 169239 651123 226337 242822 701923 681487 296403 343845 382219 443567 372179 485280 406470 664059 260213 784345 239751 522244 249863 613130 498152 775844 262827 121378 602035 184035 386789 824602 503225 533040 536150 535395 204290 265921 509456 566961 638166 281372 101827 219441 542635 199055 438338 464522 360734 618360 554240
862883 566496 795113 671687 556647 353717 798596 766861 999999999 415536 684240 554881 616112 746505 798908 195481 657472 286210 1084640 590427 501910 550795 746528 476593 132458 929288 436875 917398 729852 792060 513188 920444 655353 25040 846189 610521 626350 1114114 842802 397133 422245 636427 737975 587616 777582 1081101 946169 625263 520940 522888 337698 680237 606776 933523 167895 590113 994390 70806 327826 1040227 702599 1147683 980144 1132289 723972 572776 102996 1026642 121572 535045 409618 1007893 560727 513172 127948 913513 849399 196400 848066 508683 124999 462955 260318 334300 963446 733864 946685 259187 220557 622482 937689 755947 794849 640387 954810 501714 591720 482465 304108 219371
597497 243818 419682 304923 156974 306927 458263 410840 415536 999999999 440169 413613 260218 436306 405233 405119 638079 248673 741220 196903 205929 301342 389550 329469 328892 632219 238785 578997 383729 660318 185437 509482 683332 390660 501183 234419 644566 725018 491152 318259 128837 298410 421504 507382 362588 701658 534264 293564 172188 471425 261994 373822 411247 577892 263989 193557 653616 368061 272338 646042 290693 785339 566520 780769 626384 176839 325132 663050 395359 179160 421816 624066 598815 483614 385203 631375 520828 327592 551516 101143 437456 448291 287423 125329 563473 324066 539307 219776 295380 346566 654776 367245 383628 301703 571793 122472 221190 333311 432526 202672
178752 204232 702305 638521 502347 337583 785070 222723 684240 440169 999999999 165985 623559 799007 649690 777275 355142 398423 431331 318271 628769 724123 219213 768988 552115 250320 678395 885082 191298 257360 597919 495424 431048 666616 238329 581545 399504 541785 249203 755662 324367 186103 132592 236454 462318 488694 520699 179735 274816 269843 346615 752222 91599 320010 612344 326475 347153 613866 700310 497483 508798 514074 661375 484806 264821 518169 584413 409864 735146 273946 348145 440295 400581 296198 729303 230136 212772 494112 175153 467404 770349 314629 425512 551200 742013 392137 488012 432571 464838 750137 254066 308015 426590 669885 398023 519963 581814 206990 463695 502437
327468 243799 760197 673953 522220 201582 829173 362917 554881 413613 165985 999999999 645812 827475 717902 676919 242229 281241 596562 368429 618674 714686 352669 734664 423385 409962 645537 940287 324418 257090 594410 624864 306456 540615 398411 608089 269479 703141 406539 703911 284776 273212 283456 103959 558060 651912 651762 260616 289518 109437 227187 771739 74899 483443 515399 375787 513095 484243 638213 653303 573652 680055 774104 650328 213178 541411 461688 574801 624431 297124 184160 599090 252412 135381 620557 384277 377283 358796 339557 474370 655031 148674 296201 498671 835416 486721 625402 325377 335633 755174 406793 426134 534255 691962 553592 520610 602859 85702 304056 405726
743383 422668 179367 56375 123973 566292 198405 500250 616112 260218 623559 645812 999999999 181780 195974 526912 882286 507795 795798 306530 123198 154772 483070 263496 563199 748070 217074 319838 492987 871230 103222 447568 933915 591691 585980 43314 895019 706917 569158 319384 373871 442696 553857 746515 298082 705471 462888 446022 359982 719326 521844 128717 624099 635832 448258 298397 721024 587385 335560 624275 182197 809788 414669 821060 851619 106024 546545 697995 551922 355909 680205 628237 853441 734365 540212 760121 621505 576768 678681 173239 591412 703059 544818 283718 359591 315689 490066 474583 547752 138898 780164 411896 347419 46609 584810 137787 42972 574321 691175 436168
907417 601126 163812 161045 305298 743181 78431 655597 746505 436306 799007 827475 181780 999999999 227585 620061 1064002 679414 923584 480743 252721 198796 640718 302227 715330 902238 310920 174750 654649 1049838 256685 539552 1115022 723561 735122 220105 1076126 801456 716721 382603 554591 615020 719173 928293 415697 812225 546804 619758 540643 900659 698016 67060 804221 772041 581657 472539 857350 729844 429887 722160 313084 922368 442729 941136 1032399 286454 691935 820794 661947 535817 858092 739865 1033467 915291 650383 918385 774606 738277 838527 354714 696871 882912 713891 431984 338701 456093 584376 642282 712230 126629 936829 559205 469552 136248 703874 314962 224668 756005 860749 593103
727005 474811 67333 141967 248842 688790 168872 469648 798908 405233 649690 717902 195974 227585 999999999 721926 960117 647984 705803 349473 318946 335539 458931 450691 730823 707211 412805 239445 478736 907012 294995 313467 1021849 774046 538171 189603 983665 574287 518576 513355 486573 465066 547013 821861 207994 587131 319503 473698 433763 809080 648706 233321 677226 561908 632530 342154 645819 762927 531396 495716 144326 698259 227463 719556 904515 230027 720665 601510 743559 423584 794906 516805 952362 828572 731926 728521 581243 732796 652839 304110 783859 806719 689112 464840 165485 265938 358260 624191 700176 288579 744391 368097 260436 197167 484372 298141 209204 662059 830156 602633
953205 618387 702627 582855 506305 480937 683562 807786 195481 405119 777275 676919 526912 620061 721926 999999999 820472 396008 1137439 601406 403833 421945 786472 324016 278773 1006294 316057 794797 776112 929179 427268 905747 828906 187088 895355 534768 796815 1130006 887727 240562 468202 684300 800673 730971 752031 1106489 928755 675963 556727 670166 449797 557968 713845 976847 164933 598456 1048067 236600 193518 1050576 656354 1187507 928528 1179949 868866 516979 233719 1064931 73983 568178 564581 1029107 732825 665865 69373 997409 908289 345566 923641 472890 86443 615694 388938 286001 886448 724464 939011 351916 353581 493525 1021704 772162 781455 538532 976713 445935 514756 594805 477930 275338
442384 485691 1002113 913239 759723 357787 1069230 577079 657472 638079 355142 242229 882286 1064002 960117 820472 999999999 445217 732927 610647 843680 937899 571576 942596 542746 534997 857095 1181638 543067 205459 822908 848494 78436 651496 587652 846059 59510 882804 600926 899547 511822 508833 487730 138288 796089 825575 874339 497233 530510 167656 401049 1006045 291467 660536 674917 618016 664239 593835 827525 847228 815848 826436 1007541 787377 128852 779424 587423 741300 755630 538777 256499 787318 111409 161095 755161 498715 554159 475063 491012 709360 776407 208124 437485 702978 1075150 724477 842880 494382 468791 984329 514301 654730 768405 927875 748997 752451 839532 308019 354262 576411
577168 294981 667271 553590 403529 88423 706182 494262 286210 248673 398423 281241 507795 679414 647984 396008 445217 999999999 802581 353832 433561 519671 475106 504802 155072 643198 424551 827310 455218 533623 423087 686164 472230 268196 567732 483086 435365 849661 566376 455687 174928 364045 455740 339253 563017 811321 713436 351578 267240 282959 54235 614598 324180 656465 236852 356412 712639 216385 382622 780955 520369 869944 783009 851631 476106 423927 186071 750773 343666 282240 195620 741870 379239 284389 339482 627349 567171 108106 562225 346700 375718 237670 43277 268635 799816 505076 704769 49170 72699 577558 651545 501450 565916 547455 689430 370222 469678 201283 183870 131762
290663 522151 773015 778611 710942 758093 874320 330612 1084640 741220 431331 596562 795798 923584 705803 1137439 732927 802581 999999999 547923 862932 941016 351962 1025872 956868 198006 944414 929047 361374 547969 826138 402084 810767 1063932 242123 754981 788645 214426 250272 1043935 672432 453995 346949 648787 508301 158701 407312 463384 580718 694891 756777 904915 522866 164772 978876 553007 90300 1017017 1010812 246145 618333 96300 572085 54739 608682 715634 981750 105156 1111251 569373 779476 198172 808549 720683 1103179 234519 235448 907061 257131 709537 1150762 744532 836963 866548 699950 480164 360784 825457 874114 934095 221386 390384 454771 832461 221596 758564 766486 632182 893649 878336
441289 126014 393553 320436 189106 366711 469625 220420 590427 196903 318271 368429 306530 480743 349473 601406 610647 353832 547923 999999999 331267 421454 199763 488023 482235 458029 401876 575371 200305 570650 296425 334339 672925 566506 311758 263966 634949 530330 299583 497622 179460 136350 252876 472388 212288 505084 361195 139553 92741 461533 335122 434830 330689 383547 453677 8204 462073 532955 463012 452972 205252 588794 435357 585594 559694 202669 491408 466721 587122 79346 460444 427889 606394 482165 577544 464284 337580 457654 382283 168014 628773 464732 397015 321160 474407 151246 357151 350276 421464 437672 486034 170885 212182 352495 375350 220849 265715 315846 519504 371090
770153 424886 299859 179022 152031 504342 297213 546964 501910 205929 628769 618674 123198 252721 318946 403833 843680 433561 862932 331267 999999999 96461 527401 163773 462798 789113 96865 417463 530968 861316 36880 546283 887185 478057 637250 137739 848566 797878 622762 202768 334250 462729 583457 713296 390809 789377 564722 462344 354042 676660 458392 185829 611251 699005 334535 324134 782087 479635 212450 715045 278848 888097 533687 893844 830833 149530 440678 770964 430946 355128 620158 710681 800561 687976 419210 795394 666941 486195 713438 164381 469772 650657 465439 179281 482777 389875 586242 393444 461180 144129 817272 472561 433796 138930 663298 110863 118413 539175 611821 340564
862248 519991 297727 196873 234971 594313 262435 632581 550795 301342 724123 714686 154772 198796 335539 421945 937899 519671 941016 421454 96461 999999999 613721 115916 530981 877477 113945 373231 619310 957770 126426 602212 979665 528471 721634 189560 941201 860705 706187 188240 430031 555154 674327 808553 451327 857421 617659 555490 449674 770550 548299 136126 707699 778605 388812 413973 862889 539116 231091 777929 335544 959955 561534 968976 927053 226732 503356 845753 463254 450220 709931 779569 891698 781084 451715 885446 753524 562246 803421 257584 498083 742489 548653 254666 489074 462191 644484 476883 540329 72369 906864 552208 499091 138510 734590 204384 175494 634602 693436 415888
268921 180842 518812 481709 378759 451059 611478 21358 746528 389550 219213 352669 483070 640718 458931 786472 571576 475106 351962 199763 527401 613721 999999999 686706 624244 265091 601403 698353 28606 466928 491515 276941 645615 724431 112195 439875 612022 375632 101695 697241 326178 111116 92639 444293 256712 336306 302795 123578 230668 461917 437230 605960 284917 190475 629964 205830 264078 681863 660329 312054 330124 403165 443117 393481 483456 388010 643789 281005 763238 218493 508104 267611 604030 487494 754705 278004 139805 583013 197826 366610 803550 490742 514250 514851 530694 192997 273288 489488 547790 620583 297348 93889 213690 525933 216047 418415 446735 346306 602103 533436
920407 568744 413566 310480 315492 587691 372404 706751 476593 329469 768988 734664 263496 302227 450691 324016 942596 504802 1025872 488023 163773 115916 686706 999999999 482219 945398 90686 476020 688301 986806 200624 706038 976046 456656 797632 291880 938560 960380 783785 83498 454109 614292 737024 820825 551901 952902 723172 612244 496418 775417 542749 245969 739365 861631 328202 481412 944149 477927 149271 877492 437781 1051868 675668 1057379 947561 313215 447729 934584 375432 500263 700245 874273 883932 782239 364487 949329 825495 525250 867783 320180 405768 739146 526128 239624 604973 553589 747008 457550 509775 179080 971831 635530 596460 253542 827052 268503 274700 650604 663783 384076
730667 443410 737282 615856 482327 221869 756808 644050 132458 328892 552115 423385 563199 715330 730823 278773 542746 155072 956868 482235 462798 530981 624244 482219 999999999 798089 420648 878358 605928 664727 464729 816242 550255 117251 720438 548986 518044 996106 718159 413914 306208 513298 609919 461690 681141 960301 842811 501475 404765 398268 205500 648303 474331 808646 157111 483107 866786 61779 337611 924666 619252 1022586 893210 1005431 599214 500803 45083 902515 212964 419436 288355 888907 454127 391224 212456 781667 721421 68401 717256 428872 236576 340734 127934 283645 891535 630754 839090 135187 88169 598575 805798 641620 692225 595043 836039 434526 532000 350032 200978 128286
92658 391932 770930 744895 642644 587273 867617 247975 929288 632219 250320 409962 748070 902238 707211 1006294 534997 643198 198006 458029 789113 877477 265091 945398 798089 999999999 857856 944752 258257 354144 753846 450352 612933 910493 169052 704912 590641 369600 188668 948623 539143 334042 210715 453394 499239 308729 466798 338719 460861 502689 593239 870068 339182 174565 842763 465025 136812 859570 904009 360611 589420 291768 633972 252596 411495 652644 827871 222774 970915 453067 594122 297274 611440 527977 964069 39168 127632 742427 82656 625955 1008149 555425 673084 754565 746619 447163 421486 672984 711904 885673 40104 343352 447676 790607 281807 678875 711802 457158 712559 735948
830936 478634 387869 271238 239027 504765 369231 621777 436875 238785 678395 645537 217074 310920 412805 316057 857095 424551 944414 401876 96865 113945 601403 90686 420648 857856 999999999 484167 601714 896779 129970 640823 893115 414527 712979 234595 855248 889367 699801 106539 363874 525583 648687 733273 484744 878339 659922 523106 406279 689565 459247 245847 648951 779751 275341 395597 861199 426037 122551 806726 374493 974432 630118 977757 858622 240638 391176 855565 351902 410489 618834 799428 802275 697445 340255 860845 739368 456199 779531 235313 388195 655638 449371 156047 574885 478643 679998 378885 436983 185714 883548 554932 525719 223140 750796 186119 215264 561975 591190 311040
966415 701221 182809 275045 429993 882781 121886 709053 917398 578997 885082 940287 319838 174750 239445 794797 1181638 827310 929047 575371 417463 373231 698353 476020 878358 944752 484167 999999999 717881 1141832 413771 527495 1238892 894017 775930 345654 1200188 773666 756136 557100 685101 699259 785995 1043682 446047 797206 525787 706868 651128 1024104 839172 238319 906052 793840 751080 567505 875953 897094 604204 702037 376291 909671 381173 936617 1134930 409359 857927 823898 835871 643165 995032 733810 1163188 1041387 824263 967063 819589 895646 892026 485608 871234 1014014 864634 595114 251535 505356 570366 794395 867252 301293 982417 607423 497077 283638 708267 457095 357818 876885 1010882 753080
252820 163390 537246 494654 384622 427688 628202 40768 729852 383729 191298 324418 492987 654649 478736 776112 543067 455218 361374 200305 530968 619310 28606 688301 605928 258257 601714 717881 999999999 441013 495609 305428 617030 708145 119253 449679 583417 398302 113211 695403 312002 93661 68613 415698 279428 356623 331352 104613 219394 433735 415662 617588 256351 203909 617756 207087 272003 664284 655710 337135 346513 417974 470360 405299 455865 395181 626926 296834 750502 208366 481713 290400 575578 459383 742248 267339 137955 562781 185705 368306 790381 463350 493559 508621 555632 213282 301837 471725 527901 629378 287996 118605 238580 536749 239788 420955 455390 320109 577616 518922
265442 448784 959023 890584 747902 448445 1039894 465252 792060 660318 257360 257090 871230 1049838 907012 929179 205459 533623 547969 570650 861316 957770 466928 986806 664727 354144 896779 1141832 441013 999999999 833785 734549 276442 780924 447180 830401 264966 719247 464270 959642 532973 442592 374493 205057 717950 659335 757716 435095 512724 270712 480591 999722 250089 504201 769973 578801 489854 723027 894955 696794 765680 643725 908807 601184 79972 765208 706203 573155 872904 515575 385726 633969 308105 285007 870008 315455 405922 597077 330546 706863 900629 332762 542001 753605 996357 648540 719604 579787 579804 991462 326598 559611 679502 917831 603944 757093 828677 342730 505761 661339
736420 393722 282589 159389 115202 489689 292100 510941 513188 185437 597919 594410 103222 256685 294995 427268 822908 423087 826138 296425 36880 126426 491515 200624 464729 753846 129970 413771 495609 833785 999999999 511122 868768 488854 601039 108084 830003 761624 586401 236504 311481 429121 549061 690824 355285 752706 530009 429225 323792 656632 444035 191512 583749 662277 345296 289143 745466 486115 239157 678824 244530 851247 504518 856969 805601 112851 445860 734085 449439 323975 605291 673978 783834 669045 437754 760708 631170 483060 678707 131176 489310 633426 457210 182422 460115 353110 550685 385608 456079 161432 782418 435784 397566 130316 626490 77992 88114 516625 604065 339411
499304 409812 380372 414342 406258 687360 481612 272939 920444 509482 495424 624864 447568 539552 313467 905747 848494 686164 402084 334339 546283 602212 276941 706038 816242 450352 640823 527495 305428 734549 511122 999999999 922223 896031 295551 414502 888194 262988 276154 747273 513243 356510 364402 719937 156419 273849 27690 370198 419173 732858 661902 533785 560346 281153 773441 333163 356457 865623 738005 182629 268258 385516 183629 409615 758059 401062 823549 296981 903797 404201 764403 206442 877266 757668 893311 480999 341196 791406 421581 432975 945992 754937 729018 620110 301675 186581 44831 684600 755149 576312 490352 199916 125905 473561 183649 465702 431339 604667 842174 701570
520379 549694 1061191 967751 812931 388481 1124373 651946 655353 683332 431048 306456 933915 1115022 1021849 828906 78436 472230 810767 672925 887185 979665 645615 976046 550255 612933 893115 1238892 617030 276442 868768 922223 999999999 652330 665130 899321 38897 961105 678085 927615 560485 577917 563457 204282 864187 903963 948349 565811 589179 214969 433869 1055237 362671 738728 692108 680006 742602 596105 853675 924881 877992 904513 1078290 865142 203897 833037 595338 819730 760865 598553 276875 865225 96190 199897 761607 576394 632169 484857 569439 760689 777787 237598 457595 737440 1141872 792717 917867 520707 484431 1029676 591556 726771 838626 978792 826412 801103 891542 362007 352375 600346
845356 544756 770598 647184 531621 339064 774944 744866 25040 390660 666616 540615 591691 723561 774046 187088 651496 268196 1063932 566506 478057 528471 724431 456656 117251 910493 414527 894017 708145 780924 488854 896031 652330 999999999 824900 585767 622343 1091064 821205 378203 399504 614613 717537 577123 752816 1058542 921694 603618 498019 512949 320600 657155 590605 911945 143676 566089 973649 58186 307526 1016849 677568 1126088 955122 1111238 714135 547776 82650 1004829 113582 512022 400842 985036 557075 504351 117930 895385 828864 183888 828999 483651 125473 453937 244800 309547 938528 709453 922510 238726 205126 599953 919611 732541 770381 616373 931938 476759 567012 466462 300059 195427
203904 280962 601918 579308 487151 532018 698907 91338 846189 501183 238329 398411 585980 735122 538171 895355 587652 567732 242123 311758 637250 721634 112195 797632 720438 169052 712979 775930 119253 447180 601039 295551 665130 824900 999999999 543226 635401 304732 20170 809348 430719 212133 117988 474686 330218 254644 315966 222001 338629 506015 525020 705314 324159 89388 736872 317648 152887 779665 772373 259911 422039 302232 477443 286739 481716 495044 743193 184133 869451 327437 571548 201967 638892 532375 861280 192204 45983 674215 126065 477868 909169 545381 604361 626390 583393 279178 274716 587290 640109 724552 206516 176047 278948 627151 161359 529143 551653 413987 676585 637213
700110 381629 188341 70687 86418 537162 226544 457157 610521 234419 581545 608089 43314 220105 189603 534768 846059 483086 754981 263966 137739 189560 439875 291880 548986 704912 234595 345654 449679 830401 108084 414502 899321 585767 543226 999999999 860452 671431 526552 340090 340961 399947 510591 709578 261987 667922 431304 403516 320558 684431 493529 170864 584166 594280 443540 255806 679318 577258 347216 588601 146548 771030 396616 781208 812299 66696 535543 658032 554176 315760 649836 590194 820517 700260 542568 716832 578454 557750 635376 140274 594676 670540 521590 276224 355072 274872 456055 452731 527285 181333 736909 369626 309570 88540 545763 115165 20020 538478 666944 420905
497987 512148 1022664 928918 774067 350873 1085556 619000 626350 644566 399504 269479 895019 1076126 983665 796815 59510 435365 788645 634949 848566 941201 612022 938560 518044 590641 855248 1200188 583417 264966 830003 888194 38897 622343 635401 860452 999999999 933644 647765 890990 521594 541814 531438 168637 827517 877185 914504 529537 550740 176160 396062 1016365 327968 710877 657581 641977 718123 565562 817365 895311 839908 881498 1042547 843223 188022 794182 563098 793625 729646 560242 240546 836320 66004 161047 730027 554935 603775 451855 543505 721795 747791 199609 422023 699708 1104696 756132 884811 484045 449933 990959 571161 691848 802759 939896 796418 762230 852651 323323 322394 564243
453953 554680 640372 676461 650597 825990 740693 357827 1114114 725018 541785 703141 706917 801456 574287 1130006 882804 849661 214426 530330 797878 860705 375632 960380 996106 369600 889367 773666 398302 719247 761624 262988 961105 1091064 304732 671431 933644 999999999 297533 994721 692038 486034 421098 777096 409444 61108 254797 498936 593202 810595 812836 796756 628849 222915 983900 532525 233376 1051979 976663 82897 525162 148762 396461 190679 767859 649083 1012400 146863 1117434 579072 874442 108023 941372 836967 1107874 408667 330506 957743 392939 666347 1159030 849843 889438 845698 528879 412168 218611 860920 922211 838266 404361 360007 364082 735214 160245 706976 686976 714768 975207 896615
223638 276499 582519 561482 472107 533654 679785 80353 842802 491152 249203 406539 569158 716721 518576 887727 600926 566376 250272 299583 622762 706187 101695 783785 718159 188668 699801 756136 113211 464270 586401 276154 678085 821205 20170 526552 647765 297533 999999999 797093 425091 206871 123599 485605 310589 250014 296953 217589 331294 514860 524929 687679 332875 90741 730354 305170 162677 776895 761537 248317 403661 304889 457698 292530 496962 479477 739840 184423 863324 319554 577064 192552 649557 541168 854967 212326 66021 673411 145736 464515 903343 552501 603777 616471 563249 260640 256323 584353 638941 707875 226416 158125 259091 609926 148829 515304 535368 418144 679985 632105
915751 562077 482644 371412 344128 541910 450104 718014 397133 318259 755662 703911 319384 382603 513355 240562 899547 455687 1043935 497622 202768 188240 697241 83498 413914 948623 106539 557100 695403 959642 236504 747273 927615 378203 809348 340090 890990 994721 797093 999999999 432975 614671 738164 783801 591112 982458 766453 610776 490316 734085 498628 323380 716744 879166 257199 491924 959326 403642 76530 912203 481013 1076976 733921 1078801 914828 346718 376519 957222 292765 496536 650742 903510 833694 738461 281988 949110 833357 462527 868723 334877 322399 693056 471786 206558 672582 583249 786264 406950 451018 257186 972335 656093 631487 318673 854277 288835 321047 618493 603136 328181
492310 150650 514244 410753 255276 202222 567394 346988 422245 128837 324367 284776 373871 554591 486573 468202 511822 174928 672432 179460 334250 430031 326178 454109 306208 539143 363874 685101 312002 532973 311481 513243 560485 399504 430719 340961 521594 692038 425091 432975 999999999 218591 332474 379403 388163 659065 540289 209089 98935 346556 163423 494951 285424 515584 306849 181692 582427 360261 375949 619142 351950 729177 608841 717262 497594 275834 320365 607171 438820 113392 310584 585653 479723 360702 430810 532542 440731 278251 456611 201017 478451 329590 218202 227224 631727 330547 533998 172112 242034 472873 556652 335528 391627 418400 532577 240898 331875 205185 347916 207259
307425 69984 516452 454105 325036 343223 599114 130756 636427 298410 186103 273212 442696 615020 465066 684300 508833 364045 453995 136350 462729 555154 111116 614292 513298 334042 525583 699259 93661 442592 429121 356510 577917 614613 212133 399947 541814 486034 206871 614671 218591 999999999 123503 373638 287405 447422 383962 13887 128771 378705 327062 570753 217981 297566 524890 144411 364151 571219 570590 419860 323095 511592 500921 498704 440713 338997 533549 390227 657331 119554 409318 378092 524494 402828 649199 335284 224638 472008 254234 298358 697042 398432 403434 421787 567242 215788 363068 378721 436716 573818 358126 156674 261067 488482 325974 351893 402055 248470 496155 425318
189535 182814 604966 558569 441230 415476 694902 91676 737975 421504 132592 283456 553857 719173 547013 800673 487730 455740 346949 252876 583457 674327 92639 737024 609919 210715 648687 785995 68613 374493 549061 364402 563457 717537 117988 510591 531438 421098 123599 738164 332474 123503 999999999 366284 347951 372436 389174 128059 250346 392249 410831 679963 210529 206762 638750 260411 256908 670115 693371 369953 413372 416418 534729 396004 393678 453347 635185 301197 769322 242355 453822 315918 529274 418478 761826 212326 111506 560850 130851 419267 807886 428924 490779 544086 623265 281815 355580 478869 527502 688543 234863 186212 306196 598458 270202 472659 514983 296023 558749 534827
363024 347626 863915 776183 623402 251367 931852 452060 587616 507382 236454 103959 746515 928293 821861 730971 138288 339253 648787 472388 713296 808553 444293 820825 461690 453394 733273 1043682 415698 205057 690824 719937 204282 577123 474686 709578 168637 777096 485605 783801 379403 373638 366284 999999999 660113 722662 746374 361566 392602 65824 288987 871376 159594 554455 575709 479741 571489 519062 714617 733913 677610 737904 874096 703456 137960 642887 504074 641452 671968 400640 180829 676612 164307 83513 669707 421634 446750 393604 394757 574113 698164 128283 342065 581991 938354 588592 717451 387448 378536 852140 441350 523229 634380 792393 634387 618693 703642 174218 302274 470291
521796 319002 272535 272566 249976 578951 371454 265063 777582 362588 462318 558060 298082 415697 207994 752031 796089 563017 508301 212288 390809 451327 256712 551901 681141 499239 484744 446047 279428 717950 355285 156419 864187 752816 330218 261987 827517 409444 310589 591112 388163 287405 347951 660113 999999999 407760 177383 298856 304710 659638 547106 397704 505369 357195 625000 208295 442172 726653 581848 326624 115915 513763 223328 528360 724942 244679 683972 406539 753291 290718 670035 331261 805910 682241 742548 521017 373567 663803 446487 279386 795475 670130 606291 467390 280370 71622 195433 554222 628012 432347 536554 163376 53924 329229 290575 309681 277719 518814 731724 560946
393911 517055 654157 679320 639444 782941 755453 317090 1081101 701658 488694 651912 705471 812225 587131 1106489 825575 811321 158701 505084 789377 857421 336306 952902 960301 308729 878339 797206 356623 659335 752706 273849 903963 1058542 254644 667922 877185 61108 250014 982458 659065 447422 372436 722662 407760 999999999 271749 459748 560935 758333 772268 802498 577227 168694 956511 508116 172326 1017415 959924 95845 523360 112466 427031 144632 709244 639863 978715 86257 1090286 547323 826182 78950 886742 784711 1081077 347836 276135 919124 334816 650141 1131485 799560 850091 824502 558165 399817 229258 825344 884017 839989 343283 334414 358355 736803 129926 693657 682269 668041 929993 865417
519105 437498 385616 427233 427201 715018 486156 298004 946169 534264 520699 651762 462888 546804 319503 928755 874339 713436 407312 361195 564722 617659 302795 723172 842811 466798 659922 525787 331352 757716 530009 27690 948349 921694 315966 431304 914504 254797 296953 766453 540289 383962 389174 746374 177383 271749 999999999 397671 446548 759912 689444 544281 586783 295213 798095 359854 367189 891826 759103 177592 285950 384150 168982 411172 782632 421110 849663 302789 927972 431586 792026 209566 904134 784789 917409 498537 361213 818503 441672 455866 970175 782365 756328 643462 292893 212495 47246 711468 782256 589080 506889 227314 151321 486887 193486 487039 448666 632198 869832 727491
308377 58986 524079 459050 327039 329635 605459 142756 625263 293564 179735 260616 446022 619758 473698 675963 497233 351578 463384 139553 462344 555490 123578 612244 501475 338719 523106 706868 104613 435095 429225 370198 565811 603618 222001 403516 529537 498936 217589 610776 209089 13887 128059 361566 298856 459748 397671 999999999 122351 365610 313969 574380 206933 308330 515810 147722 373341 559692 565315 433247 331045 522471 513508 508736 431214 341616 522326 401447 647895 114415 395449 390952 511523 389608 639897 338410 232364 459446 258023 298157 687387 384778 390686 416056 578295 227248 376939 367138 424272 575861 361562 170420 273679 492040 338983 351657 404955 234668 482419 415218
425689 72358 472120 384945 236068 274296 539707 251834 520940 172188 274816 289518 359982 540643 433763 556727 530510 267240 580718 92741 354042 449674 230668 496418 404765 460861 406279 651128 219394 512724 323792 419173 589179 498019 338629 320558 550740 593202 331294 490316 98935 128771 250346 392602 304710 560935 446548 122351 999999999 375507 244179 487864 264247 421063 399296 97768 491385 459191 443182 520228 291218 633641 527941 623795 491769 254272 419250 511251 532609 15000 368206 487018 518671 394810 524040 459244 353357 373582 379687 194552 573041 374489 309928 293742 565355 241249 437662 270084 337316 479100 482709 236866 300888 406540 433919 246069 317119 228313 427709 304501
414756 341299 846975 752785 598028 194552 909405 472344 522888 471425 269843 109437 719326 900659 809080 670166 167656 282959 694891 461533 676660 770550 461917 775417 398268 502689 689565 1024104 433735 270712 656632 732858 214969 512949 506015 684431 176160 810595 514860 734085 346556 378705 392249 65824 659638 758333 759912 365610 375507 999999999 235709 841498 181988 589647 517593 468315 614231 454804 663115 762202 665785 781341 878347 749249 201189 618101 441253 679634 609651 385510 115036 707341 146302 26380 607784 473160 482602 329961 438291 546089 634842 62560 281570 535806 934021 588918 734331 331907 316765 817952 494056 533500 638843 764411 662450 587447 676852 147425 236705 414713
525198 260075 673222 564184 410500 46017 719257 455542 337698 261994 346615 227187 521844 698016 648706 449797 401049 54235 756777 335122 458392 548299 437230 542749 205500 593239 459247 839172 415662 480591 444035 661902 433869 320600 525020 493529 396062 812836 524929 498628 163423 327062 410831 288987 547106 772268 689444 313969 244179 235709 999999999 634721 270494 614227 289384 338821 667229 267253 427407 746602 515352 826708 769458 806691 424784 431175 239062 708873 397901 258905 161789 704824 343739 240064 393700 576244 521796 150335 512956 354050 429797 196483 80293 303651 795150 485333 677610 99286 118667 602331 600350 471542 545050 563698 652951 384334 481836 147165 185074 181653
869287 551306 180154 126723 251904 680151 126750 622177 680237 373822 752222 771739 128717 67060 233321 557968 1006045 614598 904915 434830 185829 136126 605960 245969 648303 870068 245847 238319 617588 999722 191512 533785 1055237 657155 705314 170864 1016365 796756 687679 323380 494951 570753 679963 871376 397704 802498 544281 574380 487864 841498 634721 999999999 752107 748875 514964 426669 834409 662890 366288 715639 287040 910568 459012 926064 979022 234606 624899 804078 597607 484222 795449 727694 972299 855350 585987 883859 742771 671733 802933 297401 633249 821706 648438 365036 369132 428874 578189 576678 646036 66906 903274 529561 450551 82357 688273 254135 171048 698138 795236 526345
260761 205107 724029 646739 500266 254781 799184 293380 606776 411247 91599 74899 624099 804221 677226 713845 291467 324180 522866 330689 611251 707699 284917 739365 474331 339182 648951 906052 256351 250089 583749 560346 362671 590605 324159 584166 327968 628849 332875 716744 285424 217981 210529 159594 505369 577227 586783 206933 264247 181988 270494 752107 999999999 408681 549662 338587 438684 536003 655672 580406 533243 605516 716184 576396 229201 518218 509487 499905 666541 268408 256654 525354 319812 208311 661613 315823 302392 413152 266307 457479 699692 223486 346487 510198 785169 433760 558187 363252 386232 741884 339057 364100 476939 670686 480641 507233 581291 124335 373414 438871
243030 367238 628152 622162 547150 621395 728192 169239 933523 577892 320010 483443 635832 772041 561908 976847 660536 656465 164772 383547 699005 778605 190475 861631 808646 174565 779751 793840 203909 504201 662277 281153 738728 911945 89388 594280 710877 222915 90741 879166 515584 297566 206762 554455 357195 168694 295213 308330 421063 589647 614227 748875 408681 999999999 820334 388486 85535 867519 846555 192805 461908 214160 463813 203179 547862 552501 830556 94747 953486 408967 659157 129768 718670 616023 945032 209724 107705 763208 173859 544791 993641 631369 693428 703153 581708 320670 248934 674998 728943 774613 214433 226644 303321 674109 107265 594004 604936 502670 765501 722693
788446 457499 627350 503918 393749 324343 631603 651123 167895 263989 612344 515399 448258 581657 632530 164933 674917 236852 978876 453677 334535 388812 629964 328202 157111 842763 275341 751080 617756 769973 345296 773441 692108 143676 736872 443540 657581 983900 730354 257199 306849 524890 638750 575709 625000 956511 798095 515810 399296 517593 289384 514964 549662 820334 999999999 451847 889021 151052 181255 906540 542250 1032791 819832 1022876 712877 408783 119674 910301 133778 411710 418877 880429 596250 516240 124811 833128 747560 211257 760117 349251 175137 467184 237482 167802 797532 587978 803115 190234 207691 459406 857444 623984 647608 472717 827523 336914 424528 432061 352330 110791
449001 133770 385790 312240 181272 371082 461541 226337 590113 193557 326475 375787 298397 472539 342154 598456 618016 356412 553007 8204 324134 413973 205830 481412 483107 465025 395597 567505 207087 578801 289143 333163 680006 566089 317648 255806 641977 532525 305170 491924 181692 144411 260411 479741 208295 508116 359854 147722 97768 468315 338821 426669 338587 388486 451847 999999999 467512 533252 458218 454694 198027 592834 431050 590214 567636 194662 491537 470924 585130 84884 465883 430659 612988 488783 575460 471611 344090 459625 389596 161272 626867 470837 399645 317277 468329 148902 356882 351753 423488 429738 493275 173719 210138 344338 378279 213887 257643 322358 523452 370742
