NAME : synthetic_000533
TYPE : CTSP-D
DIMENSION : 100
GROUPS : 8
RELAXATION_LEVEL : 1
EDGE_WEIGHT_TYPE : EXPLICIT
EDGE_WEIGHT_FORMAT : FULL_MATRIX
EDGE_WEIGHT_SECTION
999999999 580872 606162 126751 226198 263672 514515 494451 639576 590561 301108 347313 232520 406829 693325 586550 705362 800334 425594 239223 341911 405526 440042 604529 491277 400745 834675 166677 167076 216082 610792 78662 626000 471744 34978 130478 638000 712692 366891 411486 322895 406627 560326 248196 381501 743295 537460 426674 582941 858337 465176 176390 74077 707647 408274 263595 201891 314490 428093 565853 910584 103086 424422 435912 184602 257491 108291 455225 190735 837135 322746 461833 223003 732617 594091 213545 189483 464683 591323 759025 193405 534531 527026 829573 376343 245837 114120 287541 602156 626499 342566 47707 460333 806200 483250 600262 580113 354292 542142 228367
580872 999999999 796711 457916 798643 320359 844556 765456 784701 401806 720172 423258 371179 415308 846277 713050 941746 744099 307861 426675 273236 797946 479650 95256 1028875 333051 410661 607889 641246 472418 552529 507821 783018 1007025 604420 604658 298044 912186 815221 311996 594163 500425 48488 580565 243786 637339 371347 335226 509490 328960 366031 414666 640784 916900 387816 578348 747313 520258 303690 399858 986486 504230 357268 1003899 476109 640040 673944 420435 453325 366459 531533 503511 532512 576973 960072 501168 538796 157816 640975 934746 571538 611529 54856 860460 388968 706514 694754 408076 872643 191475 531593 552780 971838 374425 438412 490023 122334 426255 1107585 491171
606162 796711 999999999 579316 598382 664651 184021 126053 58499 450257 341561 395372 546654 921682 88926 95557 145580 323759 489945 465516 568891 277801 979220 740009 581134 468212 721179 441193 771975 444242 305856 576037 42334 564457 582760 478173 589402 119887 356656 487788 917040 959814 816075 845579 577373 356241 449004 894908 332135 864146 432283 563943 569904 121765 411390 859274 763334 887281 876591 435896 310775 667564 440086 664012 471395 351851 564102 376745 732126 775715 898689 1006826 808072 407304 263116 425591 427803 643313 187865 157280 792286 191441 754695 264777 417792 401404 635538 805968 113325 676564 916223 641493 496195 717418 362365 365816 699186 389474 714129 795356
126751 457916 579316 999999999 341215 149656 526166 484140 602388 481905 331872 252096 108212 356452 661415 540596 697285 726146 308092 139916 215822 433615 406205 478080 587471 286386 712580 188855 250248 139307 524785 49988 591121 566524 146747 168409 516865 694432 416920 294186 344356 382657 440559 278764 255386 657149 427281 353094 491752 731671 356364 50703 182978 691886 304179 290023 319843 308203 346284 458263 868966 101044 314523 548549 108849 263755 216620 356427 152860 712306 319859 432484 234297 637632 622681 153917 157138 337944 526582 736396 231366 471110 403532 774719 272495 292457 240226 234401 599158 500424 337054 114564 543344 683173 386529 504109 453365 259861 653603 216703
226198 798643 598382 341215 999999999 487250 449889 472556 646750 734318 258270 488710 433011 616772 686267 614668 654711 863920 597829 406000 542120 331857 637920 812055 277798 568182 1006762 231230 292232 365421 708551 291730 630397 261012 196855 213112 811005 679619 260282 584171 482831 599142 781686 412778 580544 833115 687336 646886 692455 1055533 616966 384381 158408 670519 556342 429061 209356 501417 651022 708676 907464 324992 581454 209714 345281 279973 124704 589416 409248 1020574 505922 655226 410417 840707 488307 345752 304277 669824 652130 730291 365280 598968 744043 855077 527414 203086 128437 504308 552350 819990 525706 267268 269576 982230 611122 718050 783375 493457 315963 430385
263672 320359 664651 149656 487250 999999999 644117 587940 676498 452368 467536 282028 118337 261653 738771 608111 795601 749491 269814 200472 145920 564132 325513 357471 737093 262699 631402 330636 329120 231647 538653 196732 668074 716100 290471 315345 445967 783900 557430 258960 338922 316745 297009 297573 175700 664129 397965 230877 498711 619316 338057 122472 329092 783679 305184 301480 428711 277138 215541 433118 930331 184351 299196 696057 215688 392486 363624 361398 150077 617541 290379 354383 245370 629539 748732 258055 280335 229994 572113 820660 271669 521965 268020 822766 280001 435341 376425 162966 704318 401162 300978 232684 691625 598508 392177 500832 340933 289553 801629 208234
514515 844556 184021 526166 449889 644117 999999999 92862 242341 561445 215431 421318 529005 882469 258525 252273 204840 505054 542173 448521 585248 118754 931430 805950 397593 513751 850478 351155 670245 412599 444462 507402 225657 381428 484648 385155 691996 233106 191516 535400 837146 905095 853910 762638 605264 523744 543536 871756 457553 972144 504076 527109 461333 222676 463280 777877 637450 821174 859264 541415 469665 596330 496387 485929 430091 264111 446003 449302 674000 895592 831020 956942 733611 564733 116821 386190 369949 686741 335356 284144 707860 310550 795745 445747 456608 275824 513919 760548 103511 760569 850120 557343 312941 840603 447163 492375 766071 418347 530915 729898
494451 765456 126053 484140 472556 587940 92862 999999999 178104 469193 216798 344346 470221 836422 213747 168928 213525 428150 459693 388082 514048 154571 889746 721995 468937 432670 757671 327804 657769 357961 352316 473512 161129 450766 468468 364368 600969 218669 232954 454037 812116 866758 777784 739023 530449 436996 452890 818350 364710 881044 416798 476976 452047 213209 379851 753438 641755 788395 803281 449554 435342 564851 412359 543317 380493 237004 443479 361252 636055 803263 799135 916399 704957 474690 206298 334650 327628 607953 245767 266495 684823 217999 718350 388299 376509 277526 514472 716789 116420 672627 817481 533045 383791 748025 357100 399522 681710 340407 600048 696249
639576 784701 58499 602388 646750 676498 242341 178104 999999999 420827 388638 399518 559860 936391 63209 72136 173913 265823 481671 480711 570825 332202 996131 722464 639038 462924 681227 477338 806399 464487 268796 603574 17094 622144 618253 514194 560701 130808 410867 481195 944046 978972 807208 874006 575321 304157 426199 904874 300246 830862 418674 582550 608341 138727 405839 887143 804569 910408 884901 409106 271061 694430 431896 719993 493587 390307 605081 364988 754375 738799 922194 1024193 834335 359158 319423 448710 455961 634810 153184 150591 821589 173184 745436 210223 416604 446869 676639 823611 168112 653451 939129 672356 554005 679727 346472 332236 681807 392897 771841 819091
590561 401806 450257 481905 734318 452368 561445 469193 420827 999999999 537162 248078 380526 691855 476312 355771 592478 342777 183137 351338 306531 567809 760931 321450 872228 197330 293315 503107 732036 379642 158797 517249 424358 850591 592171 524844 139874 551490 619710 195148 789202 761234 436876 739349 281840 237908 55296 632072 121014 415019 125776 434873 610000 559486 182849 746213 792449 729493 603559 25642 588483 578996 167422 898513 408201 473060 629963 145199 590510 334155 742734 789663 688111 185478 675071 392681 431947 285467 267691 563000 701759 261103 378056 460658 214499 559534 686111 613773 550227 238767 753161 594232 794921 279970 127889 92692 283515 242400 985477 655493
301108 720172 341561 331872 258270 467536 215431 216798 388638 537162 999999999 320509 363784 685361 430108 357663 414439 611468 448474 294614 447270 104889 729106 703312 335974 416768 827361 144695 454814 249976 475866 304130 372393 314100 270119 174644 642341 431126 95070 437433 623960 699882 718896 549164 477130 591530 500284 684805 468630 912732 439337 345232 245902 423637 382878 564665 427005 612252 676665 512477 651957 388802 414745 368721 254902 80141 231606 396276 470964 856218 621438 753331 522682 609223 294928 220774 188760 567670 403077 480690 494389 353597 666916 596829 362491 61689 301041 562373 309996 682066 640918 345527 262889 808922 409304 498924 667026 321656 449286 522364
347313 423258 395372 252096 488710 282028 421318 344346 399518 248078 320509 999999999 172516 543676 462562 329205 535033 477841 128676 112463 173676 381788 606977 390182 653252 97344 520252 257976 498990 132518 273009 278745 392793 631113 345887 277398 327614 515136 412932 118756 588004 595187 433590 527542 186276 405119 198877 506595 239765 592606 128350 213286 362132 516926 67739 537356 548378 540168 485735 222621 648431 353084 95963 663262 162805 245258 381928 107940 386964 541111 552967 635703 479750 387105 536872 144689 184737 265457 290433 547427 482655 239992 374674 541451 42099 327953 438575 438725 455561 361710 567326 357311 583210 497888 136255 253872 351836 7955 756234 454458
232520 371179 546654 108212 433011 118337 529005 470221 559860 380526 363784 172516 999999999 376552 621789 492410 677288 649134 202155 82247 110373 455159 437428 379077 658277 183247 604370 238469 353763 117363 441282 153858 550988 636537 247205 233479 408783 665748 456950 188538 418451 423601 361814 362050 149765 571297 325340 349204 404462 627396 256605 57614 278755 665418 210573 370438 428054 368041 333111 357922 817041 199166 214773 634550 109353 285464 309480 266020 216771 604737 380928 465866 312245 545000 636099 145650 175317 236970 461979 702956 321760 409791 316360 713088 180846 340422 343648 267035 586513 394290 394976 222522 604152 575002 297060 412325 351337 180406 737298 284066
406829 415308 921682 356452 616772 261653 882469 836422 936391 691855 685361 543676 376552 999999999 998195 868833 1047851 1006274 516421 456374 393681 788693 69600 495812 892510 515844 810806 540697 348488 479458 794899 381561 927360 874099 441754 513521 651638 1039951 764738 507899 209388 85541 369582 236133 411182 916159 640345 81254 753506 743803 588834 359647 480366 1038836 563247 224811 468449 142243 111887 676038 1191955 304828 553038 819160 455951 620067 513164 618754 217489 776771 147537 97926 213568 875285 978449 501781 512695 421849 833593 1078544 263505 783615 386412 1083985 539961 639741 488472 122996 952450 574068 137415 359454 866808 774998 648925 751830 500083 551185 924019 186772
693325 846277 88926 661415 686267 738771 258525 213747 63209 476312 430108 462562 621789 998195 999999999 135076 133430 278529 544266 542101 634024 362019 1057414 782481 654678 525886 727220 529082 859561 524373 320722 660627 70858 639235 670575 566063 615943 80267 440650 544008 1001566 1039601 869440 930785 638457 336417 484948 967531 355299 882266 480388 643115 658418 92088 468828 944214 852231 969613 947760 466101 221927 751884 494565 743971 552821 440213 652958 427219 813838 787466 981254 1085361 892159 397453 314178 507513 512517 697220 209581 88498 877881 235205 807632 189328 479805 490184 724415 884626 165893 711351 998432 727689 570642 727893 407866 385831 741940 455985 788305 878009
586550 713050 95557 540596 614668 608111 252273 168928 72136 355771 357663 329205 492410 868833 135076 999999999 236975 260283 409556 414646 499546 319667 929567 652025 637622 390832 625852 428789 753604 401621 210441 545261 70411 619194 567607 465065 495314 200034 395766 409062 884067 913641 735198 815351 503421 271777 357384 835431 236862 768968 347040 517909 561250 206205 333762 827991 759958 847662 814926 342334 328375 635102 359769 707579 431848 346060 561348 293039 691421 680160 859683 957829 774047 316968 348177 388058 399421 562741 92545 222719 763836 101669 673446 244930 344993 411889 632542 757701 204463 585058 876178 616623 552544 621872 275162 270357 611294 322398 768153 756977
705362 941746 145580 697285 654711 795601 204840 213525 173913 592478 414439 535033 677288 1047851 133430 236975 999999999 409984 634494 595140 708613 323361 1102319 885587 572208 611916 854882 538869 866302 568440 442547 686969 168321 559784 677915 574893 732170 56784 395604 631859 1024863 1079942 960282 951407 719298 469425 593734 1026477 472695 1004276 577794 688217 658356 42691 555403 966012 840360 1001914 1009859 579309 284951 778221 584739 675522 592499 448255 645993 522149 849446 912708 1012633 1129184 918161 529058 211332 546451 541068 787632 325896 95825 897001 336324 899088 303397 560100 475997 715346 929127 104444 821428 1031001 745228 492266 853636 507930 505342 844764 529628 704824 909772
800334 744099 323759 726146 863920 749491 505054 428150 265823 342777 611468 477841 649134 1006274 278529 260283 409984 999999999 492893 587062 612837 579949 1073104 660405 897019 490539 506871 658559 963594 591473 211376 744304 281430 878916 788014 692277 459924 353782 655752 499861 1065806 1066235 779648 1004208 599729 109150 381296 955712 253334 682961 419260 690727 789593 367399 444308 1014539 989222 1017125 929539 348288 270185 826737 453329 967497 624203 586423 795905 388160 864777 577146 1030043 1102117 957228 177980 584589 587876 611792 623620 213051 334146 957458 268776 720565 144108 470465 661279 864970 911272 432960 570443 1043809 821524 811833 517902 357590 260793 624187 469886 1028123 932273
425594 307861 489945 308092 597829 269814 542173 459693 481671 183137 448474 128676 202155 516421 544266 409556 634494 492893 999999999 193107 124662 509777 584585 264113 779186 31754 411408 372237 555915 232467 282608 348614 478605 757008 433066 384850 214398 606828 541412 14119 606065 582038 326243 556887 106836 399818 128294 462928 239680 466732 73729 258755 457254 610870 80129 563435 625890 546752 436657 163308 704449 401211 49920 782500 254090 371841 482399 118028 407730 422906 559988 613535 505429 360604 658730 254190 296557 153476 346279 632261 520705 309316 264761 585427 87862 452098 529842 432053 565070 233705 570792 422451 710741 385145 142817 235492 224803 128858 878314 472420
239223 426675 465516 139916 406000 200472 448521 388082 480711 351338 294614 112463 82247 456374 542101 414646 595140 587062 193107 999999999 153459 380027 515420 418567 606428 165118 604365 187144 386809 45999 384872 167355 471243 584348 242342 194094 407461 584277 389399 179179 479846 499016 424283 417145 186285 517286 298396 431342 352223 651149 226039 105174 264484 583708 169299 427584 441112 436269 415339 326660 741333 240960 185662 596708 61032 214626 289299 218590 280766 614881 448728 543503 370569 499210 557295 74493 113570 278217 391183 622209 371048 337004 372910 641383 137300 280620 338223 343095 504328 415369 464239 245640 545919 578238 248022 365786 385614 120138 695879 347862
341911 273236 568891 215822 542120 145920 585248 514048 570825 306531 447270 173676 110373 393681 634024 499546 708613 612837 124662 153459 999999999 528304 461211 270483 758102 122306 500995 337078 450847 199288 401497 263406 564962 736111 357544 337718 308645 688555 542257 114825 484120 457600 272748 438612 39591 522941 252346 344774 359852 517067 195472 165547 388957 690522 172946 444006 533912 423047 320661 287678 810717 296058 159513 741246 205269 367133 419238 226746 289049 497046 436287 490210 386598 485237 698208 227949 266121 128184 449789 719858 406438 404979 219662 696650 155134 433737 453815 307507 627298 284635 446636 327932 699114 470236 256198 358754 241352 179419 842773 351683
405526 797946 277801 433615 331857 564132 118754 154571 332202 567809 104889 381788 455159 788693 362019 319667 323361 579949 509777 380027 528304 999999999 833454 771766 321224 478923 861125 248740 556200 338264 478363 408137 315143 301719 373956 279504 686480 348222 78856 500477 728180 804588 801008 653303 554311 578878 539141 785515 480756 963641 486937 442871 347668 338807 436383 668909 519154 717140 776054 544828 580145 493593 469695 388910 348787 171772 329984 437089 575226 897691 726311 857871 627476 608243 190255 309558 283842 641984 385452 399088 598569 345659 746181 542073 421918 161314 396618 665788 220501 739731 745802 450290 237368 846493 443232 514023 733618 380984 449472 627206
440042 479650 979220 406205 637920 325513 931430 889746 996131 760931 729106 606977 437428 69600 1057414 929567 1102319 1073104 584585 515420 461211 833454 999999999 562500 915556 583081 878699 584715 355701 535285 861788 425432 986561 898099 474898 555168 721079 1096623 804348 575760 187528 43545 432967 234876 479853 984077 709153 144709 820742 806946 656620 415345 511714 1094957 629346 220512 472189 138755 176546 744849 1254344 341806 620223 834306 509893 667625 542771 685155 258242 843207 137653 29015 227511 944019 1023693 555982 563344 491394 897355 1136404 274181 846479 453272 1148183 605211 680271 509819 173369 1005167 642400 120366 392365 895793 842790 715546 819797 568097 614607 937475 211987
604529 95256 740009 478080 812055 357471 805950 721995 722464 321450 703312 390182 379077 495812 782481 652025 885587 660405 264113 418567 270483 771766 562500 999999999 1024784 293757 318905 605325 686294 464297 477314 527633 722433 1002669 623832 607902 206372 852059 797877 272028 661415 579565 142269 639416 233383 552338 298931 417933 435607 262875 308615 430249 657242 857905 342704 639192 784744 588784 386039 323353 909798 540080 309778 1011663 474443 624132 688488 364807 502100 280984 600797 587694 589123 489495 922622 491482 532046 142340 574028 870837 623539 550554 109415 782105 351248 697791 718301 471779 823830 96972 603128 582842 961978 282662 377689 412659 40827 391508 1112812 548327
491277 1028875 581134 587471 277798 737093 397593 468937 639038 872228 335974 653252 658277 892510 654678 637622 572208 897019 779186 606428 758102 321224 915556 1024784 999999999 747469 1163229 421179 568354 560561 797333 542198 622125 22188 457784 425675 977871 616091 254744 767282 758665 876933 1019671 689910 792600 900087 836237 917811 796230 1245597 774855 621074 417577 603170 717496 706108 471815 779215 919190 847794 855413 593946 748663 128054 553125 407996 382993 732221 680740 1191855 783651 933022 688100 928491 363292 533343 492859 884569 706653 665076 643049 666137 974198 843049 695341 327810 405746 777124 490995 1012546 803397 536556 85213 1144887 744567 828277 990834 655142 133681 706898
400745 333051 468212 286386 568182 262699 513751 432670 462924 197330 416768 97344 183247 515844 525886 390832 611916 490539 31754 165118 122306 478923 583081 293757 747469 999999999 439549 341553 535834 202797 279191 324764 458958 725292 406672 355083 242991 586159 509805 21743 594754 578175 348526 542775 114610 401778 142104 466422 237684 498355 75692 238257 429600 589645 57115 550093 601899 537878 441476 175143 692922 382060 37210 751481 225772 340087 453938 105682 394589 453152 551076 612093 491878 367527 630087 223641 265954 176344 332729 613374 504482 292159 287696 576460 57505 420464 503056 425664 539768 265456 562785 400051 678994 414140 134250 238150 254937 97971 846958 460430
834675 410661 721179 712580 1006762 631402 850478 757671 681227 293315 827361 520252 604370 810806 727220 625852 854882 506871 411408 604365 500995 861125 878699 318905 1163229 439549 999999999 777537 951659 641971 415422 756575 688697 1141423 843963 793768 197083 806899 912039 425443 960982 892879 459059 928078 463050 406495 327230 734806 394171 184821 392579 661952 868661 817252 452715 930666 1032423 891175 702945 316612 777018 797049 425638 1182752 665226 759453 893475 431142 781445 75250 903837 904628 876060 337018 961748 661060 702846 404180 533343 806777 902525 542418 426429 649984 480047 844984 940944 771431 828575 237555 908714 826741 1087118 36265 419417 359303 310729 516481 1273237 837368
166677 607889 441193 188855 231230 330636 351155 327804 477338 503107 144695 257976 238469 540697 529082 428789 538869 658559 372237 187144 337078 248740 584715 605325 421179 341553 777537 999999999 330915 142254 486152 159471 463093 399253 141571 36984 582976 546176 228186 359062 487007 556159 600235 412995 372259 614954 456265 541829 466210 836482 386326 208699 132642 541011 325707 427886 332287 470285 535016 477465 748220 245710 351908 410769 131947 90816 137768 358303 326488 794635 479972 609204 382491 616081 438980 118084 75709 464156 445849 592834 358404 389783 553304 673586 297504 104710 206493 417703 435975 600952 499168 206894 365751 754063 380605 489981 572739 262487 508888 379461
167076 641246 771975 250248 292232 329120 670245 657769 806399 732036 454814 498990 353763 348488 859561 753604 866302 963594 555915 386809 450847 556200 355701 686294 568354 535834 951659 330915 999999999 373352 768978 220869 792673 552561 189441 293987 759042 876423 505676 542260 190606 314323 609919 122571 488620 901777 677277 398239 738321 948427 606585 297599 208918 870786 554044 138419 120392 216945 411974 708489 1077448 155253 564715 479665 340655 421189 227688 605257 188272 943632 219076 369536 135341 886008 739500 375780 355585 557329 756401 923543 85189 699675 592048 996383 522208 395084 171269 258943 762286 727664 238096 142491 560065 920369 634831 752595 669859 506503 582021 169318
216082 472418 444242 139307 365421 231647 412599 357961 464487 379642 249976 132518 117363 479458 524373 401621 568440 591473 232467 45999 199288 338264 535285 464297 560561 202797 641971 142254 373352 999999999 396005 152948 453757 538469 213378 152384 445740 561338 344464 218896 483612 515639 469236 417035 232264 528772 328662 460881 367027 694549 256535 120016 230558 559771 196997 428787 416264 446171 447084 354375 729927 237094 218347 552723 32761 170352 252415 240248 289992 655348 458116 562719 373526 516541 518811 29207 67754 324177 388463 601517 367791 332562 418518 635639 165981 234627 306470 361930 474338 458893 474791 230867 499945 616926 267555 384246 430992 139087 651130 355358
610792 552529 305856 524785 708551 538653 444462 352316 268796 158797 475866 273009 441282 794899 320722 210441 442547 211376 282608 384872 401497 478363 861788 477314 797333 279191 415422 486152 768978 396005 999999999 548122 274727 776844 603211 516052 296677 398012 543191 288981 859502 855357 583574 800346 389311 132800 181283 744862 43864 562222 208884 485993 611023 407061 233642 809889 807203 808464 719073 153962 433957 625828 241984 844488 428539 429840 623006 177309 657900 470490 821482 890802 752060 133447 551038 397617 427943 420019 117995 406074 755645 134819 522736 308778 260991 513649 688168 700871 413595 397435 834725 626542 714964 411815 146479 66218 438185 265148 920457 725294
78662 507821 576037 49988 291730 196732 507402 473512 603574 517249 304130 278745 153858 381561 660627 545261 686969 744304 348614 167355 263406 408137 425432 527633 542198 324764 756575 159471 220869 152948 548122 999999999 591272 521550 96760 132418 560108 688162 383933 334542 341030 397782 489963 270444 302988 680919 463413 387049 517617 780135 391501 98053 133345 684600 336320 283623 277296 315181 383255 492945 872900 91636 350179 499701 120187 243315 167364 385813 167208 758498 325716 450224 232187 665828 598327 158669 148240 387056 539661 732050 218584 483277 453477 784176 304310 258759 190916 258590 586410 547926 344259 78612 501367 727863 414914 532608 502378 286142 605059 223221
626000 783018 42334 591121 630397 668074 225657 161129 17094 424358 372393 392793 550988 927360 70858 70411 168321 281430 478605 471243 564962 315143 986561 722433 622125 458958 688697 463093 792673 453757 274727 591272 999999999 605179 604229 500002 564146 129629 393827 477636 932013 968835 804604 861625 570576 316367 427533 897063 304384 836020 417101 572345 593719 135950 401844 874894 789467 899280 877520 411726 285134 682335 428723 702899 482428 375530 589969 362735 743396 745194 910980 1014516 822440 369648 304782 437278 443388 631983 157609 154935 808992 171985 742912 227169 411387 430903 661529 813794 154007 655133 928063 659348 537070 686373 345439 337054 681698 386354 754877 807785
471744 1007025 564457 566524 261012 716100 381428 450766 622144 850591 314100 631113 636537 874099 639235 619194 559784 878916 757008 584348 736111 301719 898099 1002669 22188 725292 1141423 399253 552561 538469 776844 521550 605179 999999999 438036 404137 955850 602542 233877 745098 743072 859796 998026 673688 770541 880549 814383 898399 775299 1223434 752841 599700 397890 589817 695416 689940 458423 762208 899413 826113 842072 574579 726549 128092 531191 385862 363463 710372 661594 1169843 766876 915915 670766 908250 352387 511214 470778 862508 687145 651909 626200 646046 952366 827156 673201 305628 388355 758108 476410 990360 786684 517336 68600 1122977 722886 807221 968684 633024 149699 688844
34978 604420 582760 146747 196855 290471 484648 468468 618253 592171 270119 345887 247205 441754 670575 567607 677915 788014 433066 242342 357544 373956 474898 623832 457784 406672 843963 141571 189441 213378 603211 96760 604229 438036 999999999 104601 646913 687084 333091 418959 354319 441229 585774 279397 396969 735090 540125 460669 577367 874599 467721 193606 40261 681584 409327 295095 204118 348520 461410 567094 889274 137626 427869 406160 183970 231753 75186 453596 225398 849395 356507 496539 256580 727687 561684 206146 176500 482742 577276 734108 224721 520549 550148 811721 377728 213370 97168 322191 574230 641151 376400 82657 425604 816425 480534 596439 597831 352451 512122 263116
130478 604658 478173 168409 213112 315345 385155 364368 514194 524844 174644 277398 233479 513521 566063 465065 574893 692277 384850 194094 337718 279504 555168 607902 425675 355083 793768 36984 293987 152384 516052 132418 500002 404137 104601 999999999 597896 582858 251521 371258 452112 525367 594100 377803 374595 645970 476261 518816 494305 845161 405136 196032 97418 577569 344640 392887 297324 437745 513764 499254 785118 214211 368788 403958 134403 127398 107278 381096 297459 807715 447085 579055 348806 644649 469547 133165 92907 465808 479959 629659 323095 423619 549837 709730 315059 126354 173073 390665 471695 609381 466480 172189 376382 769119 404958 516758 576914 282635 505058 347720
638000 298044 589402 516865 811005 445967 691996 600969 560701 139874 642341 327614 408783 651638 615943 495314 732170 459924 214398 407461 308645 686480 721079 206372 977871 242991 197083 582976 759042 445740 296677 560108 564146 955850 646913 597896 999999999 691356 730705 228408 782252 729267 340738 743450 272394 350889 148715 581789 260725 280147 203028 466393 671635 699354 261146 747405 836557 715433 550839 153850 717963 603903 231826 990787 468392 570869 696698 249433 594787 214020 728447 748642 691234 285338 807256 465715 507786 230261 407560 702298 714206 399103 290032 588655 286364 655066 743872 595637 687306 111572 735486 631302 904570 171231 245565 230632 176038 324600 1083623 654061
712692 912186 119887 694432 679619 783900 233106 218669 130808 551490 431126 515136 665748 1039951 80267 200034 56784 353782 606828 584277 688555 348222 1096623 852059 616091 586159 806899 546176 876423 561338 398012 688162 129629 602542 687084 582858 691356 999999999 424069 605318 1028400 1076217 933048 955919 696362 416367 556716 1014365 430743 960183 546451 681309 670505 14466 529137 970059 858053 1001537 996283 539914 239593 779789 556908 714665 587454 455460 660924 491763 847256 866460 1012677 1124010 920297 477720 260229 541418 540454 760302 283799 51042 902011 301593 871458 247323 536777 492723 731459 923264 129844 784129 1030568 750409 534347 807025 474996 462290 811327 509167 749424 909411
366891 815221 356656 416920 260282 557430 191516 232954 410867 619710 95070 412932 456950 764738 440650 395766 395604 655752 541412 389399 542257 78856 804348 797877 254744 509805 912039 228186 505676 344464 543191 383933 393827 233877 333091 251521 730705 424069 999999999 530725 685240 772653 813631 610386 572196 649647 586186 769537 541487 1003729 528248 434977 301400 414015 473449 626432 456557 681380 763172 595682 657967 462560 505902 311813 347667 175182 278136 482413 547939 944003 689556 827295 589665 675023 234787 315303 281636 662669 456803 475086 556258 413422 761916 620847 454654 125176 339364 642018 294940 774608 709416 413802 175221 895134 492640 573577 761314 413574 378040 594169
411486 311996 487788 294186 584171 258960 535400 454037 481195 195148 437433 118756 188538 507899 544008 409062 631859 499861 14119 179179 114825 500477 575760 272028 767282 21743 425443 359062 542260 218896 288981 334542 477636 745098 418959 371258 228408 605318 530725 999999999 594242 572411 328423 544366 100769 408320 140029 455905 246529 479064 80954 244968 443228 609039 76456 551096 611826 535576 430148 174615 707629 387667 50217 769507 240185 360323 468478 120026 395386 436457 548806 604742 493024 370738 651769 240982 283359 155862 348353 631751 507719 309573 267325 589722 79246 439946 515749 421560 560666 245295 559873 408497 699391 399060 146654 244042 233272 119602 865650 460384
322895 594163 917040 344356 482831 338922 837146 812116 944046 789202 623960 588004 418451 209388 1001566 884067 1024863 1065806 606065 479846 484120 728180 187528 661415 758665 594754 960982 487007 190606 483612 859502 341030 932013 743072 354319 452112 782252 1028400 685240 594242 999999999 144060 553104 74958 514509 989741 734239 282981 822904 920790 670304 375251 383844 1024405 628634 59300 296111 74241 307964 768785 1212343 249689 629443 666304 452504 576964 408864 684388 201680 938159 64298 192949 110096 961603 915870 496038 489267 557137 870274 1072827 129613 815161 554857 1119030 599286 567657 360003 190184 922671 724870 72066 280116 750142 926638 715460 829874 656138 595957 766358 134588
406627 500425 959814 382657 599142 316745 905095 866758 978972 761234 699882 595187 423601 85541 1039601 913641 1079942 1066235 582038 499016 457600 804588 43545 579565 876933 578175 892879 556159 314323 515639 855357 397782 968835 859796 441229 525367 729267 1076217 772653 572411 144060 999999999 454962 192684 479395 979947 708397 166757 815161 829112 652791 396490 477062 1074045 621929 177950 429829 97945 197367 744024 1240029 311178 615058 793631 488764 640985 507261 678133 231283 860526 95386 56139 189248 942555 994796 534803 539317 499007 885410 1117094 234231 833377 470171 1136524 596386 649376 471468 156569 981490 655602 77328 359189 859223 857250 708878 816063 582282 602955 896339 178490
560326 48488 816075 440559 781686 297009 853910 777784 807208 436876 718896 433590 361814 369582 869440 735198 960282 779648 326243 424283 272748 801008 432967 142269 1019671 348526 459059 600235 609919 469236 583574 489963 804604 998026 585774 594100 340738 933048 813631 328423 553104 454962 999999999 543213 248733 674039 402482 288973 540056 374256 389659 400388 623307 937107 404879 540119 719031 478946 257721 432822 1016995 478394 376160 988887 469583 638883 657170 442241 421656 414765 489862 456387 496447 615536 968348 498355 534002 172779 666811 957702 537368 634236 61845 892279 402309 701183 673414 369642 887366 236999 488980 529323 965742 422813 462591 522702 164899 437378 1093515 455136
248196 580565 845579 278764 412778 297573 762638 739023 874006 739349 549164 527542 362050 236133 930785 815351 951407 1004208 556887 417145 438612 653303 234876 639416 689910 542775 928078 412995 122571 417035 800346 270444 861625 673688 279397 377803 743450 955919 610386 544366 74958 192684 543213 999999999 471979 931766 684085 297080 765207 901654 617615 314353 308988 951663 572441 16408 237314 96971 316457 717845 1143247 180391 576093 602175 385221 503244 334446 627379 149588 910576 97323 247372 52217 907050 840913 427544 418284 524479 805219 1000832 54792 749541 536647 1052505 542124 492715 287857 173926 848901 694954 115827 206202 678353 894673 658252 774267 629736 535455 704184 91322
381501 243786 577373 255386 580544 175700 605264 530449 575321 281840 477130 186276 149765 411182 638457 503421 719298 599729 106836 186285 39591 554311 479853 233383 792600 114610 463050 372259 488620 232264 389311 302988 570576 770541 396969 374595 272394 696362 572196 100769 514509 479395 248733 471979 999999999 505970 229345 356150 346495 477634 180515 205137 428065 699126 170535 476626 573146 451126 329830 265036 807475 334245 150179 778478 241081 397094 458052 219895 322807 457802 464334 508707 419800 464166 719617 260238 299810 91969 447330 725395 441813 405948 191992 690329 159597 466777 493332 333429 641763 245050 473587 367228 731916 431865 247316 341781 202879 190763 879433 383651
743295 637339 356241 657149 833115 664129 523744 436996 304157 237908 591530 405119 571297 916159 336417 271777 469425 109150 399818 517286 522941 578878 984077 552338 900087 401778 406495 614954 901777 528772 132800 680919 316367 880549 735090 645970 350889 416367 649647 408320 989741 979947 674039 931766 505970 999999999 280893 861708 166838 578281 327474 617535 741749 428505 361476 940998 938880 936939 834471 246380 374898 758173 364988 957560 561325 553183 752435 305426 788063 474341 950039 1013061 883007 70623 618068 529926 559261 522144 193437 407824 887699 238039 615771 245773 390456 634420 818671 827007 469565 461622 962689 759342 815870 414549 274324 164334 516687 397315 1027384 855284
537460 371347 449004 427281 687336 397965 543536 452890 426199 55296 500284 198877 325340 640345 484948 357384 593734 381296 128294 298396 252346 539141 709153 298931 836237 142104 327230 456265 677277 328662 181283 463413 427533 814383 540125 476261 148715 556716 586186 140029 734239 708397 402482 684085 229345 280893 999999999 582535 138147 428727 72408 379929 559216 563483 131871 691000 739317 674999 554655 35696 615192 523970 113234 856814 356293 432481 580281 104019 535307 358629 688238 737980 632881 234972 659085 343358 383604 242324 275692 573019 646479 257568 341923 489820 162718 518343 634815 559828 542431 227711 698902 540021 760919 308974 96870 121007 258966 193894 946207 600412
426674 335226 894908 353094 646886 230877 871756 818350 904874 632072 684805 506595 349204 81254 967531 835431 1026477 955712 462928 431342 344774 785515 144709 417933 917811 466422 734806 541829 398239 460881 744862 387049 897063 898399 460669 518816 581789 1014365 769537 455905 282981 166757 288973 297080 356150 861708 582535 999999999 702386 663218 536468 344723 500644 1014337 517506 288362 518375 211069 31899 618040 1153432 323865 503451 853836 441665 614229 534939 571482 237694 698533 219016 169862 264156 817042 973185 485994 503310 354211 792897 1050405 313729 745552 308838 1041154 497237 644603 520510 143619 934766 499255 212524 381364 885072 698807 600657 697745 424554 513677 959797 229218
582941 509490 332135 491752 692455 498711 457553 364710 300246 121014 468630 239765 404462 753506 355299 236862 472695 253334 239680 352223 359852 480756 820742 435607 796230 237684 394171 466210 738321 367027 43864 517617 304384 775299 577367 494305 260725 430743 541487 246529 822904 815161 540056 765207 346495 166838 138147 702386 999999999 532108 165982 451165 587573 438970 194806 774306 781457 770366 676325 112745 477130 592646 200520 836971 399133 416562 601579 138630 621226 444632 783445 849756 716273 150541 567697 371221 404083 376157 147073 442058 721660 148247 479114 352473 223619 502007 664894 661337 435860 357964 796283 596221 715269 387227 107517 34899 396146 232095 916528 688446
858337 328960 864146 731671 1055533 619316 972144 881044 830862 415019 912732 592606 627396 743803 882266 768968 1004276 682961 466732 651149 517067 963641 806946 262875 1245597 498355 184821 836482 948427 694549 562222 780135 836020 1223434 874599 845161 280147 960183 1003729 479064 920790 829112 374256 901654 477634 578281 428727 663218 532108 999999999 476809 682086 905345 969277 530283 900972 1044331 847361 631967 432367 952604 800275 498028 1247223 710986 837741 934592 527253 764934 109634 858967 829790 851672 507681 1087341 718692 760932 394678 678411 965773 886414 676101 366066 823966 550515 918818 970823 732297 965244 235782 859822 840357 1175607 165898 525452 498976 279637 591131 1344469 810744
465176 366031 432283 356364 616966 338057 504076 416798 418674 125776 439337 128350 256605 588834 480388 347040 577794 419260 73729 226039 195472 486937 656620 308615 774855 75692 392579 386326 606585 256535 208884 391501 417101 752841 467721 405136 203028 546451 528248 80954 670304 652791 389659 617615 180515 327474 72408 536468 165982 476809 999999999 309875 487040 551515 60631 625194 667055 613558 510343 101905 633061 454113 41954 790211 283917 368195 508505 56250 469853 417002 626758 685609 566949 291841 620794 272021 312792 218870 277542 568817 578359 245498 327816 512762 90566 452992 562499 500982 515604 256551 638405 468465 701721 371356 72951 163304 267837 124101 881578 535908
176390 414666 563943 50703 384381 122472 527109 476976 582550 434873 345232 213286 57614 359647 643115 517909 688217 690727 258755 105174 165547 442871 415345 430249 621074 238257 661952 208699 297599 120016 485993 98053 572345 599700 193606 196032 466393 681309 434977 244968 375251 396490 400388 314353 205137 617535 379929 344723 451165 682086 309875 999999999 227525 679786 260126 324071 370488 331198 333507 411688 845421 144241 267923 589341 97167 271100 259827 313999 175594 661681 343609 442884 266531 594847 629042 142427 159217 289209 496354 721177 270760 442121 359933 746506 229032 313307 288901 242033 593177 450174 359281 164910 572034 632483 344638 461516 404438 221215 693446 242748
74077 640784 569904 182978 158408 329092 461333 452047 608341 610000 245902 362132 278755 480366 658418 561250 658356 789593 457254 264484 388957 347668 511714 657242 417577 429600 868661 132642 208918 230558 611023 133345 593719 397890 40261 97418 671635 670505 301400 443228 383844 477062 623307 308988 428065 741749 559216 500644 587573 905345 487040 227525 999999999 664289 427532 325051 199915 382944 501614 584641 878739 177162 448309 367004 204061 218287 35009 468739 264762 876769 390306 532690 290350 738111 532943 218571 183494 515505 577363 718506 254954 520991 586300 806116 396515 186380 77325 361562 554123 670888 410315 120934 386498 842022 494360 608513 630091 368196 472761 299727
707647 916900 121765 691886 670519 783679 222676 213209 138727 559486 423637 516926 665418 1038836 92088 206205 42691 367399 610870 583708 690522 338807 1094957 857905 603170 589645 817252 541011 870786 559771 407061 684600 135950 589817 681584 577569 699354 14466 414015 609039 1024405 1074045 937107 951663 699126 428505 563483 1014337 438970 969277 551515 679786 664289 999999999 532721 965921 850642 998503 996636 547404 252269 776186 560962 702645 585384 450213 654055 496501 844621 876240 1009541 1122218 916612 489202 246352 539301 537221 764329 291901 62351 897614 307370 875611 261786 539538 485303 724356 921589 119171 791077 1027556 745905 521719 816916 480471 470896 817134 511106 736406 906342
408274 387816 411390 304179 556342 305184 463280 379851 405839 182849 382878 67739 210573 563247 468828 333762 555403 444308 80129 169299 172946 436383 629346 342704 717496 57115 452715 325707 554044 196997 233642 336320 401844 695416 409327 344640 261146 529137 473449 76456 628634 621929 404879 572441 170535 361476 131871 517506 194806 530283 60631 260126 427532 532721 999999999 580998 610080 575560 493607 157798 638302 403768 33479 730361 225360 309908 448410 56360 427043 475045 588639 658338 522816 334861 580001 211595 252202 232278 277525 556270 530682 235464 343747 523722 32015 393927 503397 467231 484960 303348 601518 414163 645719 430792 87400 201827 302798 63779 822510 494081
263595 578348 859274 290023 429061 301480 777877 753438 887143 746213 564665 537356 370438 224811 944214 827991 966012 1014539 563435 427584 444006 668909 220512 639192 706108 550093 930666 427886 138419 428787 809889 283623 874894 689940 295095 392887 747405 970059 626432 551096 59300 177950 540119 16408 476626 940998 691000 288362 774306 900972 625194 324071 325051 965921 580998 999999999 251889 83824 308910 724997 1156057 192900 583829 617837 397204 517970 350710 636211 155712 911871 82878 232205 58258 915290 856715 439997 431710 526673 816603 1014761 70377 761098 535411 1064415 550945 508455 304253 170491 863672 696666 100770 220998 694749 897016 667159 782761 630539 545286 719603 93421
