NAME : synthetic_000238
TYPE : CTSP-D
DIMENSION : 100
GROUPS : 8
RELAXATION_LEVEL : 1
EDGE_WEIGHT_TYPE : EXPLICIT
EDGE_WEIGHT_FORMAT : FULL_MATRIX
EDGE_WEIGHT_SECTION
999999999 169001 753710 935041 800491 588850 454578 644132 615840 776962 711615 589787 854268 273338 178447 289587 456333 971143 201864 244623 752789 695828 926858 599031 417593 850169 489908 967991 226296 878311 395059 831803 860479 749034 406403 874498 705718 580950 594487 533326 699451 588396 389183 1052124 726601 584174 401164 9140 676330 721516 456966 694797 649416 433609 612039 616514 887559 244165 876425 734922 547437 539570 147571 720480 688824 834263 350522 744294 886864 506721 138606 91217 844791 855507 135260 759930 782642 634008 721916 796432 935711 744735 627210 753447 95808 755809 189249 139699 520175 597854 84364 121738 385391 729855 541471 468964 154859 375824 671490 417768
169001 999999999 786213 821983 651281 441421 309954 567521 462690 714744 606797 576759 737120 107402 219394 313083 399844 860377 75440 401021 825873 611698 824018 621654 530265 899176 327519 849407 276836 879618 449833 796257 745492 620202 388564 852762 742073 511456 652128 533916 543759 420746 416819 956718 557663 431790 365611 172780 550634 770265 309297 526638 514780 326161 472174 683988 770503 337765 793704 796540 378943 512595 312658 651857 737977 872122 287907 766279 924681 392399 306705 258313 728006 887637 226364 766523 744096 513737 565823 821769 816614 580501 706927 585156 84568 698492 168347 245131 599593 532302 195206 119100 376500 722375 473376 349844 228224 298293 624939 512243
753710 786213 999999999 742702 890285 780746 733040 474841 825808 427197 605732 260978 722614 792927 584901 476568 459520 750880 861590 650647 198076 509777 683407 165862 436983 133758 838095 792864 529948 187882 359630 321858 713954 738777 411327 278261 49501 453917 182293 267616 883785 945729 371489 719044 1078073 808075 448196 761802 695833 78835 746476 1023854 732570 606759 747656 194953 738992 519364 557459 137776 940350 332712 800506 445701 94323 87690 535971 50301 139095 621135 733449 774320 716058 102152 618461 118511 322432 658607 898954 51989 776874 991225 236274 1067694 735885 401136 618539 616558 286567 436579 836983 681933 415606 182794 458465 639236 599696 551579 352748 388343
935041 821983 742702 999999999 315919 424685 526132 333607 436138 315547 225369 547842 87502 736260 793867 727010 512266 40707 869961 1033787 930842 276536 68889 671344 952920 861069 573362 50184 786852 635628 769314 439895 76836 220311 606132 517827 745260 396018 803304 602280 410686 593618 703874 177379 634854 452337 581347 943465 276950 805073 532164 589994 326310 502390 376034 849360 56726 857682 193854 868882 627445 522129 1069680 310325 795681 798801 594048 692400 822897 431159 1024708 1015431 95679 779938 857334 626858 423007 308619 405349 723811 43115 498138 904812 594417 849077 342369 750687 875201 865986 392463 1000170 813315 632530 560027 428669 472534 833771 563180 410420 889866
800491 651281 890285 315919 999999999 211643 345914 415482 189758 506947 290200 641266 248347 547577 708283 684760 501042 352508 676656 965149 1049279 386703 369113 768099 956888 1022170 336845 306119 724885 840912 779602 652516 264154 156178 600820 738034 875651 443630 887112 669771 120230 309427 708562 493143 321126 219777 560877 807310 196596 932989 343932 280218 177405 402814 195946 935245 264841 809097 450353 991725 352196 583475 947149 460155 913671 965010 525253 843119 1001821 337037 918865 890342 246665 955953 765989 791005 614805 240152 104624 888711 281171 183568 986425 278939 705251 521199 645028 787645 916347 457121 845715 687174 621685 718638 452460 356485 746968 488675 540138 901744
588850 441421 780746 424685 211643 999999999 134279 335414 45653 473983 267495 520063 337670 339971 503006 492742 339782 465384 471978 759402 914386 337400 450794 636369 771740 914422 148867 438653 525086 774935 603516 610185 350453 204559 430096 692222 756295 331364 740602 530244 123594 192577 534042 589552 300712 32982 386891 595670 157895 808871 132598 245868 100711 211202 52154 787470 368234 610753 477758 861759 213518 450897 735572 411007 784727 863414 333226 738687 907055 164307 708268 678765 330378 861506 558564 699435 562246 155822 145362 790603 406659 215819 834263 286966 493625 476309 437073 580586 751860 352194 635053 476140 446477 630014 322300 164735 540688 297659 458041 721272
454578 309954 733040 526132 345914 134279 999999999 345849 164759 498896 330225 475330 439076 213150 375764 380696 273743 566039 347243 630333 843688 369365 539295 576275 661436 864446 105101 548166 403729 759348 504789 618609 449410 314410 344537 693956 701757 316102 664501 468821 249921 216796 439126 677159 360368 133037 300960 461424 249346 749035 13509 310300 206778 126395 162373 709125 471842 489826 537800 796022 207311 401673 601312 432132 721745 819286 228644 696321 866829 134298 574815 544506 430533 822707 428575 668348 566842 221344 272529 751222 515395 319056 751289 364169 359422 493156 307193 450885 660147 339705 502092 342427 354975 604460 292056 99091 412037 197926 450166 615915
644132 567521 474841 333607 415482 335414 345849 999999999 376325 154280 135992 233244 279196 509985 483555 402289 191518 360144 631252 708784 639782 57791 301949 362089 619540 606750 440100 379256 466530 441475 435737 276839 276362 264891 276024 357262 461764 65861 489370 276608 419463 523235 370507 412804 634420 367203 257358 653111 222538 520064 358068 579655 265676 251042 291730 537213 305560 530711 232342 580493 533372 191942 765784 87649 502889 550095 293859 427679 588492 211595 713979 714941 270508 542523 546380 377488 227382 190734 431942 474141 352954 529690 591301 614962 570482 147385 454890 561661 539716 58859 719080 525302 302725 305461 104034 250950 521834 272624 127033 556762
615840 462690 825808 436138 189758 45653 164759 376325 999999999 510830 298503 565268 350743 358135 539250 534101 385287 476716 486923 794690 960038 374487 468320 681969 813902 959518 149351 445091 563918 817046 647343 649231 364583 217053 474864 732051 801689 375319 786154 575890 85184 162867 578195 606002 258164 31836 431505 622277 183844 854409 159934 203356 125413 254499 85346 832973 379416 649867 505609 907393 191828 496373 763205 449220 830336 908191 375359 783465 951513 209920 738859 706480 344312 905895 593112 743388 602174 191229 107779 835112 414056 170379 879603 242180 520122 514696 471623 615357 796580 395729 657623 506377 490782 673592 367350 208622 576147 340269 500333 764297
776962 714744 427197 315547 506947 473983 498896 154280 510830 999999999 221501 256189 301349 662492 607193 512076 321589 325617 780878 809130 616214 136585 258146 367475 682148 547550 590185 365724 580214 337227 507744 145586 290910 351158 381825 231123 430511 203349 499109 320481 539314 665750 453973 322990 765470 506771 377102 786074 336167 490172 510819 711493 389852 404482 425644 543092 314075 631569 138759 554124 680012 259721 888430 66843 482205 485850 432333 376898 513680 365007 831841 840811 296002 469366 667646 312076 112085 319602 547637 409983 349984 649288 598622 740443 710294 29573 589451 680101 573841 182629 855440 662001 407380 244482 241487 405083 642879 416711 119542 617855
711615 606797 605732 225369 290200 267495 330225 135992 298503 221501 999999999 369229 153829 529274 568523 504409 290500 259889 660491 810274 775072 96938 217365 498067 743417 735877 402395 264015 562628 551209 559078 366247 155375 134636 388126 451599 595460 185438 625117 410956 318622 459309 490704 350954 547493 300288 359713 720162 116734 654288 339279 494290 173626 281973 215957 673032 184590 635505 211619 715365 480490 324881 844729 170116 638022 677452 368685 557377 712753 214897 799345 790777 144381 667009 631978 502473 325744 114071 326271 600839 233934 428145 726947 520320 627712 232537 525966 649929 672395 189680 778982 589915 413894 430147 211644 258379 608454 338104 253105 682033
589787 576759 260978 547842 641266 520063 475330 233244 565268 256189 369229 999999999 506620 561311 411375 301738 204899 566682 651010 572101 408308 280796 501374 128848 426819 394475 580368 596679 369398 303905 258603 250294 501479 495861 189198 284727 237342 198098 257604 67429 625508 685814 217105 579148 817113 547143 212826 598781 444774 292687 488831 762877 476477 349946 488355 304980 529613 400660 393130 350475 682272 73936 677241 238313 272410 345330 298620 221341 391755 360224 614870 636701 498569 347402 463208 197261 208180 404091 641554 275903 574118 731778 359710 806930 545346 226895 419665 470202 320076 184401 673468 491512 205975 145638 198087 379689 439631 305810 140159 362615
854268 737120 722614 87502 248347 337670 439076 279196 350743 301349 153829 506620 999999999 649868 718447 657834 444274 128029 783764 963074 903405 226249 122638 633911 895648 847033 486181 113740 715061 636035 711287 440015 15815 133892 541815 523064 719465 336220 764216 555119 331397 510055 643589 256322 560183 365823 513460 862553 189748 779265 444914 513050 238886 420713 288658 811437 33437 788982 210166 842194 542474 471130 991082 277850 766617 785946 518258 672676 814963 348271 948146 936236 9614 770474 781672 610881 413314 223397 328449 709580 81792 425419 866314 522291 766784 323894 672034 800256 818750 336940 917549 732714 567663 540701 364830 388613 758566 485942 376028 833710
273338 107402 792927 736260 547577 339971 213150 509985 358135 662492 529274 561311 649868 999999999 274863 341936 365824 775633 134192 493174 857358 547713 744317 627128 593519 914018 220240 760288 325988 864511 483645 759344 659426 527402 382429 823509 752332 461098 678317 529353 437865 315093 436965 880099 455218 327805 349783 277995 460769 787609 210194 421685 419927 259350 374771 715282 682953 401178 726794 821384 274896 491166 419052 597028 756385 880383 262709 766826 931958 315431 408536 363931 641071 891965 302228 757283 706458 428162 459741 823127 727468 473182 745189 480416 180922 649829 206257 323702 640820 483720 301936 192602 377491 705328 425948 271565 296558 259610 585543 565652
178447 219394 584901 793867 708283 503006 375764 483555 539250 607193 568523 411375 718447 274863 999999999 111899 292146 827404 290546 256878 608212 538322 777484 425631 318717 689765 445532 831362 58069 701376 234299 654669 722481 628666 229925 696099 538250 418355 437843 355205 624226 560037 214755 896009 707789 507960 230296 187418 555043 560325 383030 665778 540498 310314 512537 467003 750944 126568 714847 581774 528715 362810 282506 554189 527659 668173 200193 571648 720985 383095 231458 233619 708835 687053 63516 583533 606200 508607 646683 625156 800143 692404 487924 723713 153172 584499 72666 82040 380367 432751 262401 102061 207752 551641 379527 354102 40203 233266 497752 294329
289587 313083 476568 727010 684760 492742 380696 402289 534101 512076 504409 301738 657834 341936 111899 999999999 214757 757695 387766 307123 516783 459361 703008 315113 280807 586309 468778 768140 68928 589477 141709 548203 659762 584250 130344 586222 430983 336500 340037 243759 616335 586737 105081 813663 734803 504782 145890 298442 512365 457249 390943 687809 509376 283419 490745 374479 688997 131164 628437 484341 562842 258824 379248 464243 424914 561191 160165 461188 613947 348166 320262 335895 648286 578609 161653 471677 501182 464096 637956 515301 738341 698303 403261 743459 259445 487516 144971 170318 299641 346980 373824 205372 104771 440307 300161 330469 137899 196554 398010 236943
456333 399844 459520 512266 501042 339782 273743 191518 385287 321589 290500 204899 444274 365824 292146 214757 999999999 543046 470130 521737 576262 247081 489267 303219 461553 590703 378692 553722 276349 502227 280034 396990 445635 381371 101561 457940 428118 126215 400914 195617 457008 488362 209101 604263 625918 362221 69241 465408 313375 476415 287133 572905 324131 147353 319970 447690 474976 345485 422804 525712 481000 131147 574545 264170 450063 546108 112383 424022 594356 175710 522478 524279 434783 550811 354872 401543 344551 265332 476136 479526 524244 555601 494822 621294 389034 302178 268023 370214 416710 141631 533966 340415 125482 343366 87516 183210 330317 106224 225104 403372
971143 860377 750880 40707 352508 465384 566039 360144 476716 325617 259889 566682 128029 775633 827404 757695 543046 999999999 909174 1064772 941741 302455 67539 687776 977613 865984 614046 57791 818658 634910 794752 441140 116670 261016 634922 515783 756047 424039 819961 623433 449995 633809 730527 141376 672571 493035 611822 979634 317068 815624 572237 628442 366907 539364 416659 865335 97371 887912 194773 879619 667920 545443 1104575 328371 807766 803401 628083 700656 825122 468835 1058593 1050666 135978 783046 890915 633776 429015 347630 444065 729380 72054 535484 920894 631404 886030 353716 785855 908413 886205 418751 1037231 849408 661481 568954 458117 510650 867156 597953 427571 914159
201864 75440 861590 869961 676656 471978 347243 631252 486923 780878 660491 651010 783764 134192 290546 387766 470130 909174 999999999 445496 898538 672782 876556 697089 594120 974048 342450 894414 348510 954240 523147 867103 793144 661574 463315 925328 817336 577634 726004 609058 563515 419385 491862 1011427 545704 457578 439147 202363 594860 845014 343878 521272 553987 384377 508425 756971 816903 403785 853752 870370 374074 585878 329625 716895 812657 947421 359166 841709 1000003 445727 338559 281009 774917 963050 289086 841563 814678 561557 584749 897209 861589 586329 778401 578441 143001 765820 243400 305541 670706 599162 195717 188595 451710 796648 540349 402116 294644 366437 694814 580209
244623 401021 650647 1033787 965149 759402 630333 708784 794690 809130 810274 572101 963074 493174 256878 307123 521737 1064772 445496 999999999 591093 766109 1010009 527671 230160 716534 691509 1074270 248261 811168 317798 821228 965610 881423 433582 840912 601312 643152 470421 505251 879830 801197 357050 1118445 946009 763170 453011 245721 808135 597406 636710 908263 796431 565735 769358 474679 994688 178538 931803 590929 765040 549665 179780 766546 567087 717478 449534 657426 766935 637448 123870 189037 953486 745553 201959 694128 780235 760827 902367 700374 1044069 943398 465667 966938 316815 782650 323140 179520 372202 652534 289360 302356 406909 687306 607225 610352 218715 484862 691067 263948
752789 825873 198076 930842 1049279 914386 843688 639782 960038 616214 775072 408308 903405 857358 608212 516783 576262 941741 898538 591093 999999999 682460 874217 281439 360935 153155 946092 980980 550154 374027 376403 519384 896094 903859 500211 475006 185704 605665 180916 384593 1026883 1060470 421371 916071 1201305 938138 543201 759502 852691 126209 856549 1148767 881702 719446 888691 142307 922482 508774 750277 62167 1047421 467898 762380 625811 137149 192141 623758 245826 220419 750239 696753 749712 896171 227147 622721 315611 516393 810871 1044268 236976 962901 1129668 126998 1197554 760164 588632 660293 613799 232618 592707 830110 710268 493914 373706 600204 759015 610093 648422 527592 338411
695828 611698 509777 276536 386703 337400 369365 57791 374487 136585 96938 280796 226249 547713 538322 459361 247081 302455 672782 766109 682460 999999999 244245 408810 676385 639337 456464 322852 523006 456204 492863 276327 222085 231530 333692 360720 501092 122963 538351 329219 406504 529272 428089 357759 630058 370198 314002 704734 203656 560324 380614 575849 254902 288830 289218 585775 250896 588180 182345 622115 544326 246531 820046 76144 545313 580667 345367 461108 615817 238009 769278 768535 217994 570072 601423 405573 232451 183320 416351 504018 297407 516988 640459 606445 619509 141232 506709 617179 593151 116303 769223 575945 360378 333270 159757 280516 576994 321455 157065 613367
926858 824018 683407 68889 369113 450794 539295 301949 468320 258146 217365 501374 122638 744317 777484 703008 489267 67539 876556 1010009 874217 244245 999999999 621335 915707 799033 597325 114860 765606 569844 733720 375101 107122 251981 577937 451304 688528 367099 753521 559342 453669 629504 670808 138972 682819 480687 557269 935519 295342 748094 546797 635590 350202 499287 399814 798660 105132 832293 128297 812092 660001 483080 1057049 263348 740335 736510 579850 633172 758931 431751 1008942 1004020 126766 716557 840942 566415 361707 317994 451065 662260 111650 547858 854232 644702 844416 286364 739623 857683 821284 359788 995636 805373 604623 501423 402856 474863 816845 551517 361746 851977
599031 621654 165862 671344 768099 636369 576275 362089 681969 367475 498067 128848 633911 627128 425631 315113 303219 687776 697089 527671 281439 408810 621335 999999999 343666 290498 680791 720757 372975 285832 214681 317839 628199 624268 246117 318331 126913 324495 132190 107602 746598 791563 210879 687330 928362 661484 284344 607470 571507 173302 589552 874911 600381 450041 608556 178086 655933 375698 506228 225881 783078 186862 660509 361070 148394 253257 371514 146083 304954 473109 594435 628564 626045 266219 464656 167199 291451 529439 763597 200506 699422 850703 233475 921684 574310 338011 454675 465504 212395 312402 683156 520003 249747 166462 319052 486042 444175 389088 260927 283057
417593 530265 436983 952920 956888 771740 661436 619540 813902 682148 743417 426819 895648 593519 318717 280807 461553 977613 594120 230160 360935 676385 915707 343666 999999999 489581 747206 998777 269643 611246 184374 659115 894452 842908 360002 661179 389070 559498 254856 361679 895162 864749 253429 1004332 1013161 785002 397029 422683 774468 375788 671532 967285 779699 560893 766055 249982 923890 193305 816846 362959 838123 432643 403804 654976 347544 495818 438589 452420 543320 620476 339728 397180 886502 525991 305094 500317 627007 726173 916454 488471 971997 979019 235884 1023461 451215 653155 388407 289018 150561 560722 486426 411777 336817 510128 531990 607848 302233 474111 563539 64297
850169 899176 133758 861069 1022170 914422 864446 606750 959518 547550 735877 394475 847033 914018 689765 586309 590703 865984 974048 716534 153155 639337 799033 290498 489581 999999999 969362 910975 632741 250342 456773 426895 837540 869641 535853 365219 163598 587525 255963 396491 1017429 1078105 482462 820700 1211380 941617 574794 857717 828448 129440 877832 1157241 865976 738054 881402 242124 861481 608422 671247 127101 1071683 465568 879447 572518 162126 62777 661668 179076 68505 754407 812556 859886 840929 89862 715781 236165 438066 791842 1032481 137577 897093 1124968 257064 1201349 842718 523347 730833 710741 344751 569922 931421 789863 537179 307200 592169 771624 699419 679555 482871 454076
489908 327519 838095 573362 336845 148867 105101 440100 149351 590185 402395 580368 486181 220240 445532 468778 378692 614046 342450 691509 946092 456464 597325 680791 747206 969362 999999999 587364 481959 862248 599472 715889 498688 353392 446002 793268 806529 416565 766210 573459 221268 118015 536289 736288 266081 124368 402893 495346 302169 853290 91633 220798 247743 231355 197880 810114 516996 566946 613900 899417 102327 506750 637045 524091 825670 924381 325583 801409 971918 232018 620677 581100 478714 927761 490774 772893 664884 288428 242325 856269 555457 255069 850778 278295 394773 587129 373403 513339 756857 439895 522112 391640 454515 708356 394926 202276 477910 297977 550436 705696
967991 849407 792864 50184 306119 438653 548166 379256 445091 365724 264015 596679 113740 760288 831362 768140 553722 57791 894414 1074270 980980 322852 114860 720757 998777 910975 587364 999999999 826630 684299 814824 488977 108916 235352 649293 566025 795414 440352 852615 650226 410274 597799 748609 194723 627241 464184 622952 976267 299579 855233 553162 585112 343749 534413 392541 898818 80606 899130 242386 919031 634226 569169 1104733 359687 845746 848657 631187 742563 872350 461814 1061427 1049940 123255 829553 894679 676938 472943 336143 402274 773776 32833 489685 954231 584576 880306 392544 785656 913052 914140 438056 1030955 846449 675504 610202 471685 501774 871429 599241 459845 936004
226296 276836 529948 786852 724885 525086 403729 466530 563918 580214 562628 369398 715061 325988 58069 68928 276349 818658 348510 248261 550154 523006 765606 372975 269643 632741 481959 826630 999999999 652361 176585 616791 717849 634178 198425 653367 482767 400678 380105 309598 648025 598490 162900 878929 746872 533350 209182 234869 561189 503322 412394 702749 552602 322346 529146 408942 746834 86106 694681 523891 569930 327752 310320 531194 470616 612382 202535 518573 665173 392067 251692 267440 705464 632047 94134 533790 570004 513530 670182 571336 796213 722665 430143 759925 210925 555947 119752 101436 322760 412468 310599 160115 173361 505895 363270 368402 71692 238558 466740 239875
878311 879618 187882 635628 840912 774935 759348 441475 817046 337227 551209 303905 636035 864511 701376 589477 502227 634910 954240 811168 374027 456204 569844 285832 611246 250342 862248 684299 652361 999999999 500511 196558 624400 684750 491065 120002 228085 447451 359150 348018 859884 957545 489709 575891 1075184 805842 516731 887011 658878 265950 772716 1020345 706308 639199 732966 380035 644970 661310 441924 319092 961512 373471 946122 381132 281300 190341 602080 159520 195928 631509 880193 912988 631409 160590 745764 119148 226439 631715 871176 139275 674745 970389 423909 1056436 843515 320023 719088 748382 463609 424953 962675 789132 504641 159227 467406 660434 724052 606801 316899 556625
395059 449833 359630 769314 779602 603516 504789 435737 647343 507744 559078 258603 711287 483645 234299 141709 280034 794752 523147 317798 376403 492863 733720 214681 184374 456773 599472 814824 176585 500511 999999999 504885 710170 660566 178952 523277 311117 375179 203548 191181 725673 717255 71071 827270 864020 620143 219117 402949 593380 327504 516249 814958 602220 392922 592590 234258 739620 161571 639184 347553 696711 251871 446105 475289 294762 439213 276189 354714 491805 445990 379842 416020 702134 460978 259940 381734 466076 545366 746212 404317 787822 815892 261559 868841 387438 479534 283923 257018 159153 376880 477771 335809 158306 369811 347761 438830 242743 308752 388213 123659
831803 796257 321858 439895 652516 610185 618609 276839 649231 145586 366247 250294 440015 759344 654669 548203 396990 441140 867103 821228 519384 276327 375101 317839 659115 426895 715889 488977 616791 196558 504885 999999999 428126 496741 425406 85540 338944 304345 437980 316210 682520 799707 467395 397322 905967 642493 435451 840907 479331 394960 631331 851580 531206 510510 563910 475155 448430 650943 246813 457961 810156 292253 926241 200443 395422 364119 508366 273597 383984 484894 864587 884099 435649 342237 709711 203774 52920 458819 691655 292544 478514 792855 528548 882770 777820 135096 652427 718133 529551 280669 914195 725769 446925 156173 335247 520754 685601 501863 173854 596624
860479 745492 713954 76836 264154 350453 449410 276362 364583 290910 155375 501479 15815 659426 722481 659762 445635 116670 793144 965610 896094 222085 107122 628199 894452 837540 498688 108916 717849 624400 710170 428126 999999999 147537 542216 510716 711738 335003 758951 551303 346656 524434 642996 241809 575767 379029 514874 868829 200405 771591 455567 528474 251069 427213 300924 805980 29497 790836 195773 834715 556389 468041 996394 270283 759494 776235 522320 663911 804572 355363 952665 941782 20273 760265 785816 601466 402635 231919 343951 700010 78609 441130 861005 538007 773701 314196 677290 804149 815200 334613 924653 738823 568247 531703 364812 396325 762537 490535 369242 832209
749034 620202 738777 220311 156178 204559 314410 264891 217053 351158 134636 495861 133892 527402 628666 584250 381371 261016 661574 881423 903859 231530 251981 624268 842908 869641 353392 235352 634178 684750 660566 496741 147537 999999999 482907 582280 726654 301841 747862 530964 206496 377537 590000 389046 439005 232060 447419 756880 73681 784905 318682 388983 108497 319796 157229 796040 163738 713974 306410 845028 408872 443948 890640 304168 767246 811620 431928 690854 847321 246055 853044 834623 127270 801549 690418 636887 458629 120649 208182 735085 202933 309756 848812 405575 657889 365029 574511 710534 786517 311930 806720 629026 506542 564529 317961 280418 668743 396629 386798 784185
406403 388564 411327 606132 600820 430096 344537 276024 474864 381825 388126 189198 541815 382429 229925 130344 101561 634922 463315 433582 500211 333692 577937 246117 360002 535853 446002 649293 198425 491065 178952 425406 542216 482907 999999999 471216 372641 211007 320226 147324 550597 561180 107886 684986 704234 449326 43859 415510 414807 413118 357147 652894 423497 223379 415613 364589 571689 255132 498927 455081 547211 133168 507739 334262 383680 498978 126038 384420 550115 269163 450109 462068 532429 509640 287643 378586 376414 366661 570578 440707 620680 644854 407518 704246 356596 357554 230723 298842 321764 219059 488905 303106 26721 334390 177613 266898 263033 148216 268874 301988
874498 852762 278261 517827 738034 692222 693956 357262 732051 231123 451599 284727 523064 823509 696099 586222 457940 515783 925328 840912 475006 360720 451304 318331 661179 365219 793268 566025 653367 120002 523277 85540 510716 582280 471216 999999999 306187 377909 422665 344501 767195 880407 496240 456708 989384 724262 487707 883497 564131 356095 706931 934859 615325 581299 646845 453482 529912 677610 323981 415870 889170 340833 958890 284608 363267 303228 566474 235627 314881 561387 895154 920134 519056 276773 747396 169553 129978 542349 776640 239207 557662 877628 503537 966991 827595 219714 701650 753561 521878 354266 958105 774303 489939 153692 405326 595264 724032 564099 244039 601317
705718 742073 49501 745260 875651 756295 701757 461764 801689 430511 595460 237342 719465 752332 538250 430983 428118 756047 817336 601312 185704 501092 688528 126913 389070 163598 806529 795414 482767 228085 311117 338944 711738 726654 372641 306187 999999999 434555 134231 233192 862848 916211 325995 733313 1051192 782573 411247 713740 679806 59897 715102 997352 713475 575379 725601 152026 737781 470323 564907 123637 908854 305567 751096 441619 57209 130212 498287 71214 182968 594572 684027 725219 712442 149863 570460 137772 331856 640515 878856 99604 777651 968906 198343 1042761 689888 402973 573998 568134 239039 419016 788777 636163 374926 188758 435152 609982 552053 515958 344736 339375
580950 511456 453917 396018 443630 331364 316102 65861 375319 203349 185438 198098 336220 461098 418355 336500 126215 424039 577634 643152 605665 122963 367099 324495 559498 587525 416565 440352 400678 447451 375179 304345 335003 301841 211007 377909 434555 999999999 446083 229150 429911 510186 308272 478503 631873 360940 191501 589976 247035 490686 329137 577083 279032 206713 294618 494274 364464 465229 296635 548444 514557 142144 700757 141135 470365 534236 231801 409725 576528 184692 648442 650338 327131 530805 481001 368098 251897 206050 445076 460296 412813 537899 546974 617357 509701 188814 391897 496061 487715 23713 657080 463174 237643 298814 39493 217358 456406 213739 134084 497494
594487 652128 182293 803304 887112 740602 664501 489370 786154 499109 625117 257604 764216 678317 437843 340037 400914 819961 726004 470421 180916 538351 753521 132190 254856 255963 766210 852615 380105 359150 203548 437980 758951 747862 320226 422665 134231 446083 999999999 217446 856082 881261 241453 817387 1023343 763004 363579 601955 691224 129090 677221 971326 715143 541329 718057 48202 786939 352475 637785 144414 867238 304241 626443 492981 97365 247828 443012 199630 298595 576343 559340 604738 756173 275146 460509 254761 417794 647045 874362 233631 830913 956396 102109 1021234 590985 469729 484769 454935 104931 436720 675491 539227 313117 281919 434692 582227 444917 468287 392913 206877
533326 533916 267616 602280 669771 530244 468821 276608 575890 320481 410956 67429 555119 529353 355205 243759 195617 623433 609058 505251 384593 329219 559342 107602 361679 396491 573459 650226 309598 348018 191181 316210 551303 530964 147324 344501 233192 229150 217446 999999999 642368 683967 152267 642791 820963 554781 181178 542195 473784 280843 482126 767622 498740 342525 504158 265632 580078 335310 455665 331591 675772 87016 614542 296262 255035 355166 269251 237702 405316 366468 551260 575747 546630 363746 403732 232751 275363 429806 659946 294046 626081 745215 317867 814834 495497 291559 371300 409217 264038 221368 617510 441118 157475 196553 217538 378503 380809 283965 202035 297382
699451 543759 883785 410686 120230 123594 249921 419463 85184 539314 318622 625508 331397 437865 624226 616335 457008 449995 563515 879830 1026883 406504 453669 746598 895162 1017429 221268 410274 648025 859884 725673 682520 346656 206496 550597 767195 862848 429911 856082 642368 999999999 190917 655753 586606 232668 116894 507888 705722 203242 917378 244806 182636 153788 334356 138213 903479 355315 733842 511866 972476 232413 559793 846952 482645 894791 963828 456745 839500 1004984 281874 823576 790299 326904 959080 678286 794780 638729 228758 22626 889243 381826 110579 951628 201896 603656 547538 556789 700522 872065 448116 738957 591122 568020 723500 428091 287570 661250 421051 546274 844225
588396 420746 945729 593618 309427 192577 216796 523235 162867 665750 459309 685814 510055 315093 560037 586737 488362 633809 419385 801197 1060470 529272 629504 791563 864749 1078105 118015 597799 598490 957545 717255 799707 524434 377537 561180 880407 916211 510186 881261 683967 190917 999999999 653536 766242 148452 159596 517689 592901 346241 964670 204044 107166 287705 341855 243402 925735 537162 682940 668021 1012499 47507 613083 733403 601916 937821 1031065 442635 907112 1077347 327797 723198 678762 504195 1032568 602312 874367 750606 348399 204818 961092 568121 170488 967293 165965 495530 666887 487493 624779 874323 532593 610148 499189 570831 807449 493775 306507 590907 413831 641686 823670
389183 416819 371489 703874 708562 534042 439126 370507 578195 453973 490704 217105 643589 436965 214755 105081 209101 730527 491862 357050 421371 428089 670808 210879 253429 482462 536289 748609 162900 489709 71071 467395 642996 590000 107886 496240 325995 308272 241453 152267 655753 653536 999999999 769352 799282 551488 148373 397769 522476 353866 450981 749386 531191 324177 522046 280149 672485 183560 581370 384506 635143 194427 462674 416218 321835 456207 210927 356898 508941 375426 399056 425294 634347 473542 256055 370982 424341 474409 676123 410598 721011 747322 315902 802469 364451 426802 248487 259349 221025 311786 473499 310445 87765 345920 279068 369572 234521 241653 335015 194285
1052124 956718 719044 177379 493143 589552 677159 412804 606002 322990 350954 579148 256322 880099 896009 813663 604263 141376 1011427 1118445 916071 357759 138972 687330 1004332 820700 736288 194723 878929 575891 827270 397322 241809 389046 684986 456708 733313 478503 817387 642791 586606 766242 769352 999999999 812164 619189 669811 1060945 434307 790813 684958 766904 489044 630729 538713 859394 231379 939910 188124 854328 797821 575885 1177800 353171 788597 758158 702283 670309 771521 565736 1126737 1126136 262049 733171 959015 600684 402528 455846 582116 689006 213429 675516 914469 771779 972757 352404 863430 974458 896143 466695 1123531 931393 711607 545222 516747 609311 934523 676440 440800 940044
726601 557663 1078073 634854 321126 300712 360368 634420 258164 765470 547493 817113 560183 455218 707789 734803 625918 672571 545704 946009 1201305 630058 682819 928362 1013161 1211380 266081 627241 746872 1075184 864020 905967 575767 439005 704234 989384 1051192 631873 1023343 820963 232668 148452 799282 812164 999999999 271070 660464 730423 430792 1101648 348321 54859 375633 482043 342817 1068573 581391 831170 744488 1151614 180976 745975 868978 705572 1075869 1161909 588452 1037295 1206464 456974 863368 815684 556503 1161095 748597 999769 859675 447152 232098 1089957 601814 137597 1111479 49855 636048 771038 635162 770967 1020288 652881 740557 643653 715318 930640 620806 442710 737953 558293 758404 971680
584174 431790 808075 452337 219777 32982 133037 367203 31836 506771 300288 547143 365823 327805 507960 504782 362221 493035 457578 763170 938138 370198 480687 661484 785002 941617 124368 464184 533350 805842 620143 642493 379029 232060 449326 724262 782573 360940 763004 554781 116894 159596 551488 619189 271070 999999999 405724 590648 189578 834395 128098 216389 131633 227322 84498 809494 395694 619368 510239 886353 181370 477006 731501 443584 809679 891354 346763 766668 935551 188375 707023 674765 358844 890125 561519 728713 594288 188803 139511 819052 432575 195835 855355 260260 488484 508824 440063 583790 770712 382204 626563 474542 464391 659753 350056 182437 544695 312141 488968 736151
401164 365611 448196 581347 560877 386891 300960 257358 431505 377102 359713 212826 513460 349783 230296 145890 69241 611822 439147 453011 543201 314002 557269 284344 397029 574794 402893 622952 209182 516731 219117 435451 514874 447419 43859 487707 411247 191501 363579 181178 507888 517689 148373 669811 660464 405724 999999999 410302 377814 453693 313646 609061 383477 179536 373690 408224 544211 276338 486234 497180 504362 147042 512382 324161 424821 535868 88103 418722 586364 227075 458089 463859 503960 544922 291665 407610 384617 329421 528070 475057 593483 601352 451372 660389 342379 355008 217266 305619 365090 203734 481543 290685 60851 358185 154441 223288 266913 105812 270562 340874
9140 172780 761802 943465 807310 595670 461424 653111 622277 786074 720162 598781 862553 277995 187418 298442 465408 979634 202363 245721 759502 704734 935519 607470 422683 857717 495346 976267 234869 887011 402949 840907 868829 756880 415510 883497 713740 589976 601955 542195 705722 592901 397769 1060945 730423 590648 410302 999999999 684255 729160 463633 699134 656963 441860 619309 623592 895858 251103 885392 742108 551605 548678 141730 729548 696481 842162 359457 752648 894737 514877 136652 85951 853083 863553 143357 768583 791763 642092 728161 804680 943963 750018 633756 757731 102170 764936 198220 147031 526886 606917 75732 130248 394458 738733 550494 476926 163339 384596 680630 423955
676330 550634 695833 276950 196596 157895 249346 222538 183844 336167 116734 444774 189748 460769 555043 512365 313375 317068 594860 808135 852691 203656 295342 571507 774468 828448 302169 299579 561189 658878 593380 479331 200405 73681 414807 564131 679806 247035 691224 473784 203242 346241 522476 434307 430792 189578 377814 684255 999999999 736810 255214 377557 58537 246156 105871 739401 222508 641575 321814 795249 370942 387225 817393 279766 717182 772395 358768 649424 811024 172381 779428 761476 181284 765055 616746 600006 436100 48451 212702 696595 266748 313526 791062 404331 585810 344425 500908 636888 724090 260875 735248 555996 437664 527907 257092 207401 595105 323276 349189 716743
721516 770265 78835 805073 932989 808871 749035 520064 854409 490172 654288 292687 779265 787609 560325 457249 476415 815624 845014 597406 126209 560324 748094 173302 375788 129440 853290 855233 503322 265950 327504 394960 771591 784905 413118 356095 59897 490686 129090 280843 917378 964670 353866 790813 1101648 834395 453693 729160 736810 999999999 762257 1048154 769125 622966 779693 126534 797665 480808 624071 64042 955493 358164 755450 501431 32743 120256 539134 121907 169824 646058 688363 733716 772209 150418 586872 191583 390350 696729 933812 127291 837539 1022540 160657 1094646 713288 462747 601961 582306 226178 475941 803194 660482 412308 247531 489290 659334 570225 559329 404254 333470
456966 309297 746476 532164 343932 132598 13509 358068 159934 510819 339279 488831 444914 210194 383030 390943 287133 572237 343878 636710 856549 380614 546797 589552 671532 877832 91633 553162 412394 772716 516249 631331 455567 318682 357147 706931 715102 329137 677221 482126 244806 204044 450981 684958 348321 128098 313646 463633 255214 762257 999999999 298709 210500 139780 164589 721721 477490 498439 547729 809068 193883 415166 604049 444104 734895 832748 240261 709809 880317 146690 578926 547268 436496 836204 434799 681847 579647 229173 267431 764721 520447 310312 763628 353089 361494 505426 313684 457194 672001 352715 502503 346444 367220 617914 305383 112358 418784 210133 463217 626623
694797 526638 1023854 589994 280218 245868 310300 579655 203356 711493 494290 762877 513050 421685 665778 687809 572905 628442 521272 908263 1148767 575849 635590 874911 967285 1157241 220798 585112 702749 1020345 814958 851580 528474 388983 652894 934859 997352 577083 971326 767622 182636 107166 749386 766904 54859 216389 609061 699134 377557 1048154 298709 999999999 321802 430062 288140 1016841 535604 787725 693311 1098594 148008 691983 839193 651235 1022618 1107506 538911 982860 1151903 402894 830061 784893 508914 1106500 709054 945026 805098 392774 184824 1035399 558522 101402 1060374 58818 602368 716717 593390 731550 970392 598051 714098 606332 664692 875830 566301 389803 697267 507922 703552 924356
649416 514780 732570 326310 177405 100711 206778 265676 125413 389852 173626 476477 238886 419927 540498 509376 324131 366907 553987 796431 881702 254902 350202 600381 779699 865976 247743 343749 552602 706308 602220 531206 251069 108497 423497 615325 713475 279032 715143 498740 153788 287705 531191 489044 375633 131633 383477 656963 58537 769125 210500 321802 999999999 230760 49871 763075 270350 635610 380340 825792 312846 413854 793235 330813 747799 811531 351018 687523 852000 161263 759168 736764 231196 806060 600435 641502 486236 75016 166888 736543 311228 264126 813190 351668 556593 396117 481453 621420 740282 296058 703743 531154 444280 570025 281575 186475 580026 314532 392524 724348
433609 326161 606759 502390 402814 211202 126395 251042 254499 404482 281973 349946 420713 259350 310314 283419 147353 539364 384377 565735 719446 288830 499287 450041 560893 738054 231355 534413 322346 639199 392922 510510 427213 319796 223379 581299 575379 206713 541329 342525 334356 341855 324177 630729 482043 227322 179536 441860 246156 622966 139780 430062 230760 999999999 207644 586782 454041 406283 469375 670740 333652 276088 572234 338446 595971 693152 123255 570508 740987 73909 533278 516725 411256 697084 371202 544485 457795 201475 355565 625653 502105 423151 630786 480901 346705 393578 254784 391740 543808 230192 497871 312196 237257 482409 175998 47074 350115 86990 337868 510072
612039 472174 747656 376034 195946 52154 162373 291730 85346 425644 215957 488355 288658 374771 512537 490745 319970 416659 508425 769358 888691 289218 399814 608556 766055 881402 197880 392541 529146 732966 592590 563910 300924 157229 415613 646845 725601 294618 718057 504158 138213 243402 522046 538713 342817 84498 373690 619309 105871 779693 164589 288140 49871 207644 999999999 765538 319949 613658 425752 834434 265631 421830 757288 363874 756820 828781 330703 704181 871063 146620 725999 700592 281026 825287 570772 661880 517015 106116 156383 754898 360161 243572 814035 323974 518041 429351 450254 592272 736155 314043 663247 495719 434344 591433 290497 160919 551401 294211 416651 712938
616514 683988 194953 849360 935245 787470 709125 537213 832973 543092 673032 304980 811437 715282 467003 374479 447690 865335 756971 474679 142307 585775 798660 178086 249982 242124 810114 898818 408942 380035 234258 475155 805980 796040 364589 453482 152026 494274 48202 265632 903479 925735 280149 859394 1068573 809494 408224 623592 739401 126534 721721 1016841 763075 586782 765538 999999999 833839 372547 681523 119162 910717 352443 637874 539132 101105 246022 485739 222395 293408 623297 571144 620133 803458 276932 484427 284004 458137 695158 921884 246847 877490 1003288 55576 1067208 619502 513865 518061 476901 102630 484812 695751 568987 355929 319140 482804 628271 470606 512163 438973 211982
