NAME : synthetic_000288
TYPE : CTSP-D
DIMENSION : 100
GROUPS : 8
RELAXATION_LEVEL : 1
EDGE_WEIGHT_TYPE : EXPLICIT
EDGE_WEIGHT_FORMAT : FULL_MATRIX
EDGE_WEIGHT_SECTION
999999999 472267 813915 503084 442704 470256 537947 590621 472538 884431 310279 656563 745368 420094 233013 502048 459145 600919 811675 521142 439046 527257 537408 620713 548749 241752 719285 664267 864732 897293 611262 507562 145501 476964 849508 1099606 308338 646635 540588 657032 441501 468588 647580 375809 566867 492516 158510 519973 698479 679770 892325 447376 893350 681533 792277 509247 954780 930147 462316 871066 772344 395149 174321 471655 746087 729937 836882 683249 510081 1079838 511901 711404 811790 382647 286715 378948 852663 327430 599492 927907 568613 825505 752384 597163 763026 785705 54265 1055584 562816 796551 560004 550680 904951 515528 336980 533253 676760 690532 267940 328260
472267 999999999 414856 511675 544503 205592 556076 121419 464234 721398 233455 258288 741309 729353 306595 539795 40068 498589 530263 241279 38343 856511 65207 777273 680167 235029 699434 729235 905537 597520 307980 214974 333316 12981 638070 997105 184879 333478 828911 589273 94768 436380 645375 187411 478385 649061 326713 241185 901051 624793 901329 393911 515977 654500 414379 398705 525450 475994 331546 407966 371957 113104 479937 572692 284852 268386 854059 639496 303087 983824 648216 553555 780571 500275 523597 235637 402331 155265 807229 790122 187293 440922 285533 425343 355392 817088 504747 875032 296427 488295 215903 90226 723929 506803 568983 516468 549252 318866 209120 629899
813915 414856 999999999 548092 636940 345520 572498 319234 520822 482033 644888 162491 651236 900282 587661 583028 399212 439210 233789 299782 425914 1014676 376006 815185 731180 615575 610456 705626 808376 248677 223990 308364 701942 420809 376571 752536 511678 195037 959510 506134 388578 495086 596217 602212 448725 732605 655627 301027 945033 535525 776570 473443 105434 577942 46934 419401 154080 198596 409251 215748 43450 527591 742442 648825 205470 212498 748607 553955 340992 747198 716225 396292 651917 631763 722605 649753 150697 555208 878376 555829 249971 37839 233622 353776 59776 734833 827169 581264 276901 179602 253927 407758 465176 531303 742427 527027 428157 125160 558908 825322
503084 511675 548092 999999999 100520 318351 45593 554106 47863 394448 584395 461395 256278 370929 321760 35235 471952 133209 412772 313893 479807 473451 548473 281033 188027 481896 222753 218207 406459 493665 337912 330528 492777 524528 387458 597015 387444 357705 413204 156657 417215 75454 153284 602115 107521 184644 404403 313065 411864 176765 416091 117764 574467 181186 505495 136121 699844 735636 185689 717954 523576 548500 342628 102656 621048 611316 362919 180459 241012 577593 168586 243907 315804 133597 254146 644580 666458 504915 333780 428706 417633 535873 645398 197041 528427 318178 479117 562175 294253 428564 376741 592145 420355 19156 241058 33990 199218 442022 417365 323295
442704 544503 636940 100520 999999999 370459 110288 605075 116169 485093 576239 536166 303293 271327 301298 75897 506444 233725 512667 378976 509221 378416 589909 233846 137688 469022 280360 226263 427645 594049 419391 390611 459614 556829 485889 663896 393647 443208 323242 245111 453375 142469 209396 604908 207243 106520 371768 377962 356765 256660 450692 172370 669904 247303 596046 217642 790167 818955 245775 795053 609434 561473 271886 32123 690932 679773 395326 254799 311154 643268 103831 343256 371216 62125 168945 642450 747159 508359 265889 511806 481112 627461 713169 292403 612371 344975 410895 648897 371105 526537 443286 630601 513040 119666 144843 132963 297784 524902 412883 224386
470256 205592 345520 318351 370459 999999999 360582 236368 272995 527385 363390 196654 536760 598652 242142 349778 166042 293007 369864 54805 182223 722501 232074 595094 498651 298068 494554 532004 701953 449641 146996 37338 369974 218473 453798 797777 181417 181871 681436 383759 114202 243533 442730 349506 273523 476931 313067 53872 723615 419338 696145 203260 423367 449812 322043 195322 492131 487081 132779 445651 305345 278091 402019 394398 330121 317078 649523 434246 97934 783532 470742 353485 574988 339902 401611 399320 409743 266691 636105 592956 118697 355356 348920 222200 298554 613903 481713 688530 109777 341458 93895 277171 534031 310519 433934 317962 345314 220932 230860 509820
537947 556076 572498 45593 110288 360582 999999999 595434 93309 374855 629382 495248 213518 368368 364738 36589 516254 140369 420964 352791 524603 462148 591642 246366 158683 526344 182475 173235 361097 498450 369263 370758 534443 568962 379808 561958 432938 386182 397370 134982 461471 119780 111367 647637 123979 168227 445842 352032 377625 147252 371989 162391 591568 143597 528589 172259 722307 763495 227840 749536 550503 594065 372904 98394 656299 647176 318382 147205 279150 542000 147118 240002 275654 159020 276708 689954 696186 550413 305878 402424 456196 557771 681409 218736 556686 272982 511052 538876 328683 442170 414567 635675 403083 50090 255069 46669 193521 471529 462381 333036
590621 121419 319234 554106 605075 236368 595434 999999999 509245 694153 349900 183054 758672 816530 407848 585989 132400 511343 476297 246478 151649 942894 62189 831437 734899 355941 715510 765007 925600 531530 278194 225483 453821 120749 600723 974958 291770 292541 908191 601576 166525 479685 670514 295812 498333 711564 440654 246995 959683 637318 913373 439628 424144 672184 329045 425908 412840 356150 368461 286668 278934 227904 583033 630030 164500 148118 870483 653857 319676 963969 706453 541722 788159 569652 612329 339448 284291 276593 870962 766644 151769 350366 164117 426432 259914 839111 620494 834711 288425 427389 193996 88651 690866 545364 652633 551568 547733 248725 324017 720801
472538 464234 520822 47863 116169 272995 93309 509245 999999999 414788 538586 424412 300370 384680 280069 76794 424589 136858 404126 272164 432130 494478 501969 323023 227681 437194 264748 266046 453404 487771 304574 287245 452634 477063 395793 631897 340484 327415 438932 185024 369904 29777 197426 555003 104446 215288 364895 271264 452861 210636 461276 70581 554862 221462 479886 101806 673999 704049 141122 682561 493732 500787 319565 130148 582101 571769 408707 217253 200816 613098 203545 251682 357020 125839 242948 597893 633107 457903 370400 455405 375800 511362 605632 178671 497131 364899 452568 584964 257845 413898 335858 545326 438073 48848 240502 64844 210721 409863 371603 325183
884431 721398 482033 394448 485093 527385 374855 694153 414788 999999999 884398 521132 271226 729535 671966 409743 685197 283678 248265 481902 705733 800889 723746 518539 481249 801182 252748 379714 376666 261886 418345 508416 843132 733299 105529 281254 685432 401648 726586 240026 639048 415926 298642 876573 317659 519990 760706 482186 620949 232445 327968 439133 429896 257638 438436 383466 582860 670230 446189 697780 490128 805385 734093 470754 661653 661517 321110 240128 434161 271734 492977 179699 227817 527959 648354 926052 632686 789688 599785 74644 546840 447972 691874 311492 507708 333335 867054 171358 425296 303007 509430 769187 35002 378079 629918 360872 208047 460923 729992 706877
310279 233455 644888 584395 576239 363390 629382 349900 538586 884398 999999999 484374 838601 675768 275705 601935 245773 622125 729796 415792 219040 797683 287965 802566 711151 108214 801379 794665 990187 805404 502369 391217 169701 230608 816391 1144777 202589 534097 791111 705100 267096 518194 735894 68557 593355 665494 226453 415116 909733 737525 999844 478824 743202 756826 639849 513657 758884 705859 444397 634020 601564 121999 398556 608216 514210 497902 947198 748256 450807 1128617 674286 706017 891672 517675 485541 73257 634002 96918 809280 945723 402948 668476 510739 573129 586078 902344 358113 1049355 472806 695404 418366 281295 893964 587246 540113 601928 688397 539595 167033 573127
656563 258288 162491 461395 536166 196654 495248 183054 424412 521132 484374 999999999 623081 784353 435510 496311 238733 382418 294170 162744 265460 904998 229751 741293 649417 453185 579875 651498 788928 348870 128933 161991 540568 265786 423440 802290 351230 126475 857451 466427 226118 395502 547340 445115 379584 639403 498060 163935 872516 500734 768538 364218 258895 540012 156223 325295 298465 291778 292091 259004 119153 369421 598656 554272 162500 155559 731018 518637 225036 792718 627748 384300 641447 518118 593645 493855 215521 393340 794383 595005 88441 184102 189741 291170 107039 706539 673072 654557 167144 244412 103091 268874 514677 447814 621235 448648 400216 65672 397651 700473
745368 741309 651236 256278 303293 536760 213518 758672 300370 271226 838601 623081 999999999 491785 577917 246688 701314 247331 441542 513077 713828 543879 766884 252529 238837 737538 43370 116344 167057 493616 495405 536247 747952 754279 334919 366498 638818 498458 467401 157714 647223 320661 103063 852129 263250 290313 659335 512684 349741 122547 161927 361296 635065 86985 604312 342724 783814 849830 411466 855193 642409 793572 575160 276367 784032 778407 112771 105146 442066 344990 263126 255095 71006 362730 469391 896401 794346 755688 334327 258657 609029 625857 812351 334707 654452 84118 714155 396412 471698 483844 565992 812781 306161 251550 433480 236681 225734 580763 671751 495066
420094 729353 900282 370929 271327 598652 368368 816530 384680 729535 675768 784353 491785 999999999 427898 341324 697200 503341 783693 621866 691114 127165 786422 267219 253646 572722 489005 377932 543981 864233 678021 626980 515604 739810 747162 852032 549081 705257 120502 497448 651552 407357 431596 725862 478301 209551 449865 620702 296124 497779 590800 426925 939429 473081 861430 482988 1054298 1074061 494415 1041644 869686 707860 277527 271123 928731 915717 540279 489418 563237 829858 236704 608356 561757 268654 205757 748900 999416 641389 209961 740484 716734 893692 947298 562973 870367 489801 367856 880603 626658 797684 684541 819574 760919 390024 164856 401593 561888 782915 544352 103029
233013 306595 587661 321760 301298 242142 364738 407848 280069 671966 275705 435510 577917 427898 999999999 333917 279005 390540 579818 290459 268354 554675 367820 527086 435472 167910 544152 523135 721763 665063 379145 279326 173485 315961 626423 909033 122384 414416 534684 460928 242680 266329 475019 310698 357584 390169 88772 289257 636939 489411 736522 234746 662717 501408 563084 288987 733279 720073 233770 669254 547340 281569 175189 333386 546314 531079 682457 497055 277352 890875 398582 494035 636845 242044 224239 344016 642052 218323 537310 722948 350133 596649 558185 371642 539874 635300 239782 842981 330003 563592 334875 396242 689020 328413 275227 344903 464690 462943 119416 326289
502048 539795 583028 35235 75897 349778 36589 585989 76794 409743 601935 496311 246688 341324 333917 999999999 500325 162229 443397 347510 507044 440745 578531 247084 153165 497606 217540 194166 388588 523025 373114 363428 501919 552564 410512 598206 408234 392916 379238 169730 445762 106310 145959 622880 139636 150096 413237 346652 377575 183633 402930 147133 608050 179745 540245 171024 734552 770855 217679 753087 558736 571871 336394 70521 655642 645764 348616 183794 275079 578154 133408 268615 310507 122432 240420 664059 701686 525538 298593 438677 451267 570446 679794 231208 563648 301507 474652 574711 329172 461068 410711 621675 437350 51967 220529 60549 222726 477257 435265 300127
459145 40068 399212 471952 506444 166042 516254 132400 424589 685197 245773 238733 701314 697200 279005 500325 999999999 458930 499952 203812 26737 824258 89425 738754 641613 229065 659484 689373 865478 569857 275022 177338 325123 53048 603762 959789 160123 302384 794715 549526 54798 396606 605307 208807 438460 611441 308256 203638 863163 585007 861427 354191 497627 614527 394584 358676 518353 476977 291484 413275 355850 132466 453826 534284 288491 272135 814057 599629 263778 946245 610027 515803 740896 463465 491578 258697 401270 157609 769979 753254 160367 422805 293318 386712 340636 777023 488167 840631 259901 460040 183998 124788 688623 466909 535538 476480 510473 295749 191824 598815
600919 498589 439210 133209 233725 293007 140369 511343 136858 283678 622125 382418 247331 503341 390540 162229 458930 999999999 281385 265978 473610 601769 520678 376289 296285 530170 204210 270762 414283 360892 253490 289629 563246 511479 258968 523748 419601 262700 537720 91035 405929 133064 164927 625407 34079 308373 478964 265621 505829 126822 404017 156123 452109 160993 394016 108468 586195 634072 178323 627349 421073 560947 454776 232737 544835 537805 359368 142711 196269 506979 287438 114827 281982 260206 379263 672535 570506 532036 442485 332439 362023 421749 572075 91395 429506 328347 584966 455002 225032 301905 318957 566800 304334 114077 372311 101766 75863 348132 459974 455619
811675 530263 233789 412772 512667 369864 420964 476297 404126 248265 729796 294170 441542 783693 579818 443397 499952 281385 999999999 315555 524437 883005 516964 642158 572233 667544 404690 516414 588406 86403 227586 339010 732989 540488 142889 521951 549835 197660 817874 317418 464773 387758 408582 706231 305440 589185 664090 316365 765764 338832 551260 386213 194213 380810 190405 320009 345747 424832 350948 449530 243411 630539 695710 513909 418923 420533 528760 356197 303158 515416 567249 194592 430369 529479 641756 756630 384472 632969 714970 322239 343556 200262 449080 228991 261856 522250 809469 361821 260895 55292 316051 559384 232690 393698 644532 382848 237752 229179 598940 729299
521142 241279 299782 313893 378976 54805 352791 246478 272164 481902 415792 162744 513077 621866 290459 347510 203812 265978 315555 999999999 223831 743200 255543 594594 499818 352801 470098 519780 679762 394893 92428 26523 424257 253653 404064 756007 236203 127554 697492 356793 157515 242455 424041 398301 251864 484170 365061 1250 724896 392616 669611 206810 372403 426329 272820 181059 449843 454103 133217 420081 261559 324964 442921 399666 312017 300809 625324 408688 73893 742584 474949 312278 545863 356714 431349 448502 378239 318891 641724 549483 103760 306497 334310 185654 257205 592895 530145 640029 57690 286656 64314 301880 486572 303134 458519 307662 309579 174655 285639 537828
439046 38343 425914 479807 509221 182223 524603 151649 432130 705733 219040 265460 713828 691114 268354 507044 26737 473610 524437 223831 999999999 818277 101070 742471 645460 205602 672414 697835 876974 595224 298551 197318 302712 48917 625968 978932 146894 326778 791076 563724 68028 404827 616519 182937 451804 613240 290879 223555 865421 598980 874593 362213 524351 627304 421269 371203 544182 500909 302642 435758 382562 106642 441970 537840 311357 294927 826439 613161 280101 965043 613028 534620 755263 463840 485364 233038 425704 131658 771011 773031 186448 449538 314697 404260 367284 788319 469882 862647 280743 485292 208400 128519 709987 475763 530993 486107 527537 322201 173467 591577
527257 856511 1014676 473451 378416 722501 462148 942894 494478 800889 797683 904998 543879 127165 554675 440745 824258 601769 883005 743200 818277 999999999 913435 294422 321159 696358 550610 427674 558501 960270 794626 749670 634298 866976 831785 886427 676097 820201 77277 581242 778291 519601 503964 849733 580342 294148 573006 742064 263808 575024 612792 543481 1047588 543948 974292 595359 1168225 1192911 613417 1163275 985888 833915 399352 370825 1052161 1039461 568351 563662 681781 864061 317601 699169 609721 386926 332915 870935 1119238 766909 215646 801305 839969 1005840 1071417 669808 987683 522379 473361 940121 744343 901789 806541 946731 834064 491982 290331 501026 652607 900060 670452 228638
537408 65207 376006 548473 589909 232074 591642 62189 501969 723746 287965 229751 766884 786422 367820 578531 89425 520678 516964 255543 101070 913435 999999999 820498 723399 299340 724223 763759 932881 577629 305448 231100 397855 61262 634584 1002897 247430 325411 883026 611690 137427 473095 674446 233718 503948 695697 391579 255768 946516 647496 924674 431428 479982 679918 381979 427182 474641 417902 364043 347110 334512 166027 542221 616745 226246 209942 879483 663187 324828 990820 692941 563333 801358 549419 580872 277889 346452 217643 854775 794720 177264 405436 223940 440829 316282 845189 569905 870636 305221 470789 214751 46399 723122 541715 624371 549764 564379 294385 274010 688217
620713 777273 815185 281033 233846 595094 246366 831437 323023 518539 802566 741293 252529 267219 527086 247084 738754 376289 642158 594594 742471 294422 820498 999999999 97154 694432 265837 138845 276800 709877 615628 610258 670941 789726 564809 593777 626497 632016 217210 324994 685068 352791 235499 835532 367609 137178 586932 593736 131267 308110 325205 391866 825086 269977 770244 416701 962341 1008417 464093 995871 795200 794683 448546 204632 901761 892225 276972 293046 522012 571423 130382 448258 316068 286605 337085 870967 942101 739804 81810 511186 698351 797989 926348 462411 802116 228957 576858 648494 574387 672383 657714 862244 552875 293581 284141 293032 404433 717560 642798 309015
548749 680167 731180 188027 137688 498651 158683 734899 227681 481249 711151 649417 238837 253646 435472 153165 641613 296285 572233 499818 645460 321159 723399 97154 999999999 603339 235713 128640 319304 645411 525494 514717 585998 692637 511238 602747 531257 543946 249643 261671 587914 257433 183082 741812 282590 57553 500035 498926 225258 253877 355220 295613 748376 223640 687234 324127 880822 921675 368353 905767 708868 699155 374488 107697 808771 798807 301074 242652 427932 580820 37767 382468 309396 193499 262039 778458 853574 645549 147203 487683 603479 716257 832794 377419 714658 248866 509035 627727 482273 597467 563368 765093 513898 202345 214450 204458 336491 628920 549375 261648
241752 235029 615575 481896 469022 298068 526344 355941 437194 801182 108214 453185 737538 572722 167910 497606 229065 530170 667544 352801 205602 696358 299340 694432 603339 999999999 701532 689190 886194 747694 444239 331310 98665 238171 740767 1053901 118338 478357 686397 609535 227121 418708 634525 153395 499726 557332 123486 351903 801690 640747 897981 381171 706950 657511 602947 422399 744132 706042 355627 641319 572321 154371 297354 501071 516956 500528 844701 650427 373639 1036939 566366 621562 792947 409949 378843 178860 630218 85698 701332 859054 365850 634095 519821 490371 559513 798859 280942 969221 406681 639189 370556 309429 813526 486038 433033 501401 599740 499893 71225 469738
719285 699434 610456 222753 280360 494554 182475 715510 264748 252748 801379 579875 43370 489005 544152 217540 659484 204210 404690 470098 672414 550610 724223 265837 235713 701532 999999999 127101 210381 460605 452098 493429 715530 712394 305510 383631 600675 455444 475336 114352 605559 283230 71706 813216 221078 282255 627139 469719 373511 79213 202230 322929 597322 45238 563569 301214 744917 809026 370494 813148 600722 753577 551416 256038 740970 735249 155277 61793 399401 362919 254639 215098 93217 337382 448747 858033 752638 717135 347039 252108 565737 585799 769222 291337 612461 126812 690304 392064 428380 445230 522709 770189 287038 215997 416704 200177 183557 538048 634849 483294
664267 729235 705626 218207 226263 532004 173235 765007 266046 379714 794665 651498 116344 377932 523135 194166 689373 270762 516414 519780 697835 427674 763759 138845 128640 689190 127101 999999999 201514 579203 522789 539557 685495 742132 429255 474902 602374 533444 351388 201230 634579 293015 109680 816964 272290 184388 597322 519132 250568 177675 229664 335622 704793 136477 659430 339131 847559 902549 399731 898046 690310 765758 490560 194983 813966 806210 174594 160794 445937 452866 159035 321980 184437 288385 379952 857762 840681 719622 220331 373950 621781 684811 840550 361841 699565 122485 628050 512455 488798 551428 579241 808155 414098 222499 337274 214042 281508 618889 628491 390000
864732 905537 808376 406459 427645 701953 361097 925600 453404 376666 990187 788928 167057 543981 721763 388588 865478 414283 588406 679762 876974 558501 932881 276800 319304 886194 210381 201514 999999999 628204 661796 702648 886273 918518 464454 337777 793841 663617 482511 324721 811065 477015 260490 1008407 428935 376845 797889 679346 310704 289352 61285 519045 782397 253448 761527 506984 934034 1006424 574370 1016269 802636 952936 690632 396486 949157 943963 59825 272174 608253 315899 354463 413521 158055 489766 579086 1051033 954290 911289 345260 332532 776083 780738 977759 501639 815700 88829 827120 445778 638754 635303 733044 978614 409802 405788 533539 393103 389470 744712 823279 576757
897293 597520 248677 493665 594049 449641 498450 531530 487771 261886 805404 348870 493616 864233 665063 523025 569857 360892 86403 394893 595224 960270 577629 709877 645411 747694 460605 579203 628204 999999999 304125 417024 815917 606927 163836 512501 630715 271386 893313 385685 538709 472516 474466 778042 387102 666124 748637 395792 829759 402397 584914 472220 173184 442738 215127 405929 323668 418153 437181 457639 271784 701844 782074 593465 450424 454997 569688 418571 387902 509622 643136 263071 471506 613475 726934 828246 392885 708983 785219 329650 410373 211012 479717 314566 292098 570239 895652 333986 342286 110098 387839 617716 236426 474515 728259 462647 308930 283470 680048 812812
611262 307980 223990 337912 419391 146996 369263 278194 304574 418345 502369 128933 495405 678021 379145 373114 275022 253490 227586 92428 298551 794626 305448 615628 525494 444239 452098 522789 661796 304125 999999999 113014 516680 319118 330576 698080 328335 35422 742580 338224 237336 276971 418408 479220 251299 519570 456302 93460 746884 372887 643581 251350 284900 411620 190109 203129 377801 399584 185300 380374 191666 403913 523179 434576 291400 284350 604415 390615 117051 686530 505977 264353 516858 409385 498686 529641 328772 405630 671691 489747 128556 223864 318600 162298 193149 578535 617925 567438 53155 194997 92292 350846 418000 323166 518833 322599 274915 105558 377786 601434
507562 214974 308364 330528 390611 37338 370758 225483 287245 508416 391217 161991 536247 626980 279326 363428 177338 289629 339010 26523 197318 749670 231100 610258 514717 331310 493429 539557 702648 417024 113014 999999999 405827 227407 430141 782456 216111 147094 706177 380616 131173 257471 445715 372404 274001 496561 350250 26304 739973 416430 693589 219712 386205 449356 284721 200434 455665 453484 146395 415040 268448 298771 437536 412722 302777 290619 648706 432232 94601 768978 488588 338610 570370 364560 432771 422668 376609 294304 654980 575992 90880 318020 323429 211171 262139 615407 518971 666277 83812 308009 58971 277311 512971 320802 462743 326374 335183 183650 265513 540333
145501 333316 701942 492777 459614 369974 534443 453821 452634 843132 169701 540568 747952 515604 173485 501919 325123 563246 732989 424257 302712 634298 397855 670941 585998 98665 715530 685495 886273 815917 516680 405827 999999999 336746 792527 1082510 191024 551765 633674 634381 316705 439752 645530 232372 530589 534809 88685 423220 767570 662599 904613 407908 789239 673430 685834 459674 835315 801491 399472 738286 659115 250057 239102 491435 613599 597224 849946 669868 431414 1064315 548256 664213 808536 397728 338712 241593 725045 183480 666556 895657 452256 717940 617385 537945 647550 801434 189624 1013654 473857 709723 451465 407823 858897 500551 394050 517342 636726 582610 143035 414538
476964 12981 420809 524528 556829 218473 568962 120749 477063 733299 230608 265786 754279 739810 315961 552564 53048 511479 540488 253653 48917 866976 61262 789726 692637 238171 712394 742132 918518 606927 319118 227407 336746 999999999 649431 1009314 193849 344074 839992 602183 107722 449251 658355 181642 491341 661239 333325 253579 913297 637714 914276 406767 522627 667465 421588 411682 528589 476614 344521 407293 378128 109065 488646 585123 285089 268661 867031 652436 315899 996111 660573 565921 793460 512224 534079 228985 403742 156497 819277 802211 197116 447589 284394 437965 361190 830070 510487 886384 308528 497941 226909 80281 735569 519713 579884 529412 561903 327223 215844 640052
849508 638070 376571 387458 485889 453798 379808 600723 395793 105529 816391 423440 334919 747162 626423 410512 603762 258968 142889 404064 625968 831785 634584 564809 511238 740767 305510 429255 464454 163836 330576 430141 792527 649431 999999999 381270 622893 309346 760830 250865 561190 389364 331242 802321 291696 540748 714650 404539 678668 258459 421294 403178 326380 294841 333241 340267 479614 565103 393456 592315 385554 728897 711706 478174 558835 559379 406125 272172 367378 373698 515421 144293 308215 518461 638082 852457 527197 720101 643380 179354 457416 342444 589063 254942 403494 408660 838256 236962 346388 197864 422852 679135 91647 368996 628515 353739 188275 361219 669811 710189
1099606 997105 752536 597015 663896 797777 561958 974958 631897 281254 1144777 802290 366498 852032 909033 598206 959789 523748 521951 756007 978932 886427 1002897 593777 602747 1053901 383631 474902 337777 512501 698080 782456 1082510 1009314 381270 999999999 942642 682622 809276 448171 911336 642811 454579 1143591 554449 656133 995813 756162 647846 421379 277995 675590 685607 418466 711442 631855 833718 930654 700436 966952 765324 1075073 934169 639518 940005 940650 318161 416562 701305 22367 629206 444358 295658 719841 832375 1192029 901718 1052818 670781 208361 826616 716538 970228 576188 783789 364837 1072760 193647 700862 577228 788170 1048660 289780 585893 799148 568394 456609 741532 983702 861434
308338 184879 511678 387444 393647 181417 432938 291770 340484 685432 202589 351230 638818 549081 122384 408234 160123 419601 549835 236203 146894 676097 247430 626497 531257 118338 600675 602374 793841 630715 328335 216111 191024 193849 622893 942642 999999999 362985 653294 502695 133560 318226 536695 214747 390780 492064 151787 235247 743283 535391 800553 277749 598217 555847 494831 311142 648146 621989 242242 564669 469105 168370 295082 424590 439972 424077 748731 546497 255567 926302 496159 506160 690159 340650 344081 257623 544400 117475 645620 744984 262794 527017 448541 374037 458248 705381 331931 852507 288955 522849 260442 274095 696804 388556 392718 402426 486659 391628 49451 448102
646635 333478 195037 357705 443208 181871 386182 292541 327415 401648 534097 126475 498458 705257 414416 392916 302384 262700 197660 127554 326778 820201 325411 632016 543946 478357 455444 533444 663617 271386 35422 147094 551765 344074 309346 682622 362985 999999999 766323 342962 267804 300903 426905 508701 264937 541169 491723 128614 763052 376567 642254 278407 250491 416738 158241 225631 349099 377950 215555 365074 166335 432915 556903 456622 285604 280435 605380 394692 148685 671982 526283 257914 515128 436726 529440 559080 310085 437607 690817 474416 148650 191697 314149 171746 170770 582252 653010 545231 86338 161612 118411 369794 398696 341948 547694 339752 274350 85762 412426 630943
540588 828911 959510 413204 323242 681436 397370 908191 438932 726586 791111 857451 467401 120502 534684 379238 794715 537720 817874 697492 791076 77277 883026 217210 249643 686397 475336 351388 482511 893313 742580 706177 633674 839992 760830 809276 653294 766323 999999999 511185 746245 465711 431158 838753 518485 229613 564671 696405 196096 503001 536163 493432 987254 470506 917864 540693 1112215 1142086 565453 1116429 932608 816213 394700 311076 1008814 996797 491263 490914 632673 786910 250624 630975 532780 341716 310539 863969 1069849 751445 138535 725282 797016 948698 1029476 610238 935606 445119 488243 863783 693789 839265 761540 918744 760060 431115 260641 438585 584640 848114 653205 219137
657032 589273 506134 156657 245111 383759 134982 601576 185024 240026 705100 466427 157714 497448 460928 169730 549526 91035 317418 356793 563724 581242 611690 324994 261671 609535 114352 201230 324721 385685 338224 380616 634381 602183 250865 448171 502695 342962 511185 999999999 496239 194644 91811 711789 113051 289989 547664 356460 448671 35823 312989 228689 503770 73779 459619 194485 646479 703976 264930 703844 493136 649049 499156 232058 628041 621942 268914 52572 287282 429951 264555 123269 191545 289175 409104 758097 644605 617176 399534 272160 451499 484197 656021 177015 503712 240334 635007 405871 314094 350408 408494 657825 268125 142074 389954 124356 80425 426680 540557 467787
441501 94768 388578 417215 453375 114202 461471 166525 369904 639048 267096 226118 647223 651552 242680 445762 54798 405929 464773 157515 68028 778291 137427 685068 587914 227121 605559 634579 811065 538709 237336 131173 316705 107722 561190 911336 133560 267804 746245 496239 999999999 341847 550791 242182 384678 558823 285329 157142 810135 531595 807633 299464 481701 560530 377656 304503 518623 488646 236867 431305 345270 167755 417581 480789 306809 291056 759929 545981 212074 897316 556746 466981 687740 412019 446650 292582 411209 171657 717717 705791 139461 408076 316574 336306 332408 722548 465316 797441 214979 428631 151272 177258 644084 412112 488484 421703 459515 275382 175290 554839
468588 436380 495086 75454 142469 243533 119780 479685 29777 415926 518194 395502 320661 407357 266329 106310 396606 133064 387758 242455 404827 519601 473095 352791 257433 418708 283230 293015 477015 472516 276971 257471 439752 449251 389364 642811 318226 300903 465711 194644 341847 999999999 218499 532066 99051 243911 353088 241548 482630 223416 482331 42642 532400 238895 454905 75838 648649 676554 111410 653931 467037 476027 322462 158770 552697 542266 430635 232043 171412 624563 232910 246557 374244 142818 254649 575847 605087 435309 399791 460698 346060 486788 576089 159565 469904 388262 451904 587004 229332 394290 306223 516699 437331 71478 257965 84252 208817 382454 351622 342939
647580 645375 596217 153284 209396 442730 111367 670514 197426 298642 735894 547340 103063 431596 475019 145959 605307 164927 408582 424041 616519 503964 674446 235499 183082 634525 71706 109680 260490 474466 418408 445715 645530 658355 331242 454579 536695 426905 431158 91811 550791 218499 999999999 750513 172306 222234 556991 423519 357190 72943 263990 259785 595581 41559 549931 247413 737889 793454 313979 790548 581613 693280 479914 186359 709761 702690 212191 59758 351128 434073 194908 214015 164549 265765 378170 794317 732444 653807 312482 310998 523659 575155 736972 256274 591331 171801 618746 450761 388027 442220 480691 719845 330956 148663 348064 134269 172231 511895 568965 417711
375809 187411 602212 602115 604908 349506 647637 295812 555003 876573 68557 445115 852129 725862 310698 622880 208807 625407 706231 398301 182937 849733 233718 835532 741812 153395 813216 816964 1008407 778042 479220 372404 232372 181642 802321 1143591 214747 508701 838753 711789 242182 532066 750513 999999999 598863 699332 276860 397805 947557 745502 1014026 490866 703303 768154 601334 517702 708220 649418 447291 575458 559360 76343 450731 636400 458421 442364 962689 757554 443128 1128392 705792 700745 901381 548972 529765 50421 579617 97343 848008 940912 369174 628254 452595 567883 542679 919860 421964 1037834 455991 668046 390626 220467 883527 602831 583146 616315 687457 504103 192777 622843
566867 478385 448725 107521 207243 273523 123979 498333 104446 317659 593355 379584 263250 478301 357584 139636 438460 34079 305440 251864 451804 580342 503948 367609 282590 499726 221078 272290 428935 387102 251299 274001 530589 491341 291696 554449 390780 264937 518485 113051 384678 99051 172306 598863 999999999 288930 445834 251366 498394 147569 422979 122874 468859 176290 404645 81452 598329 640827 151879 629783 427630 536027 421073 209652 541937 533985 376006 161357 179448 537262 269883 148008 304102 229279 347374 645373 574843 504541 429734 365439 351483 433801 568327 95011 434569 341432 550929 488953 216744 321448 308575 549718 338410 88597 342628 79950 109940 350674 429965 426587
492516 649061 732605 184644 106520 476931 168227 711564 215288 519990 665494 639403 290313 209551 390169 150096 611441 308373 589185 484170 613240 294148 695697 137178 57553 557332 282255 184388 376845 666124 519570 496561 534809 661239 540748 656133 492064 541169 229613 289989 558823 243911 222234 699332 288930 999999999 450131 483184 252304 288459 412381 277375 757771 263773 690137 316448 884488 918697 351017 897796 707386 660433 318471 85162 795773 784913 357990 279868 414912 634371 27621 405481 361293 151423 205933 734157 848270 604083 159411 532233 586827 720483 818479 381301 711563 305738 452056 672287 473103 609686 548409 735897 551472 202063 157144 209000 358859 624588 506556 205867
158510 326713 655627 404403 371768 313067 445842 440654 364895 760706 226453 498060 659335 449865 88772 413237 308256 478964 664090 365061 290879 573006 391579 586932 500035 123486 627139 597322 797889 748637 456302 350250 88685 333325 714650 995813 151787 491723 564671 547664 285329 353088 556991 276860 445834 450131 999999999 363922 687878 575250 815936 322961 736432 585255 634742 377752 796323 773450 321453 716420 613933 270095 173872 403705 591661 575715 761288 582131 360933 977391 462385 582798 720205 310102 260446 299324 695735 200286 586964 811271 410163 667813 599679 459740 604521 712859 180346 931745 409593 645164 401787 411237 777781 412531 315538 429459 553326 532606 117593 347011
519973 241185 301027 313065 377962 53872 352032 246995 271264 482186 415116 163935 512684 620702 289257 346652 203638 265621 316365 1250 223555 742064 255768 593736 498926 351903 469719 519132 679346 395792 93460 26304 423220 253579 404539 756162 235247 128614 696405 356460 157142 241548 423519 397805 251366 483184 363922 999999999 724016 392283 669302 205818 373590 425920 274039 180356 451092 455313 132213 421222 262809 324536 441672 398699 313052 301816 624953 408328 73215 742709 474006 312373 545614 355597 430130 447993 379435 318220 640773 549690 104615 307719 335299 185539 258453 592445 528937 640454 58198 287605 65342 302094 486942 302355 457337 306939 309487 175901 284679 536624
698479 901051 945033 411864 356765 723615 377625 959683 452861 620949 909733 872516 349741 296124 636939 377575 863163 505829 765764 724896 865421 263808 946516 131267 225258 801690 373511 250568 310704 829759 746884 739973 767570 913297 678668 647846 743283 763052 196096 448671 810135 482630 357190 947557 498394 252304 687878 724016 999999999 427784 369852 520783 951723 387022 899785 547748 1091065 1139008 593610 1127094 925779 911568 534055 329972 1032827 1023178 334932 411241 652654 625775 253621 571179 401555 403206 428864 980089 1073119 853538 101021 601987 828606 926999 1057261 593001 932963 299061 649863 733194 705562 798540 788266 987366 655897 424742 373520 424292 528974 848653 755191 371361
679770 624793 535525 176765 256660 419338 147252 637318 210636 232445 737525 500734 122547 497779 489411 183633 585007 126822 338832 392616 598980 575024 647496 308110 253877 640747 79213 177675 289352 402397 372887 416430 662599 637714 258459 421379 535391 376567 503001 35823 531595 223416 72943 745502 147569 288459 575250 392283 427784 999999999 277196 259580 528413 42652 488790 228964 673371 733829 299263 735746 524089 683458 518415 239581 661987 656152 233215 18459 323025 402472 261845 144713 156533 305677 423960 791469 675852 650478 385424 255230 487112 512315 690157 212293 535258 205815 655614 392457 349675 375232 444128 693622 263197 164649 400593 147071 107377 459620 572312 475444
892325 901329 776570 416091 450692 696145 371989 913373 461276 327968 999844 768538 161927 590800 736522 402930 861427 404017 551260 669611 874593 612792 924674 325205 355220 897981 202230 229664 61285 584914 643581 693589 904613 914276 421294 277995 800553 642254 536163 312989 807633 482331 263990 1014026 422979 412381 815936 669302 369852 277196 999999999 523169 744051 247427 730023 503413 896713 973410 572707 987539 773743 955399 719250 420850 926588 922359 55444 261901 600190 255932 388057 386740 127154 512266 609327 1058167 924521 917522 397930 278034 762381 747271 955726 487017 787860 107182 857245 386144 625045 600440 719605 970814 359828 412601 566854 398186 368724 720779 832877 616201
447376 393911 473443 117764 172370 203260 162391 439628 70581 439133 478824 364218 361296 426925 234746 147133 354191 156123 386213 206810 362213 543481 431428 391866 295613 381171 322929 335622 519045 472220 251350 219712 407908 406767 403178 675590 277749 278407 493432 228689 299464 42642 259785 490866 122874 277375 322961 205818 520783 259580 523169 999999999 518201 278149 435341 66370 627504 649584 73649 623215 442934 433891 311879 193092 518626 507601 471967 269596 139258 657894 268876 264054 412850 158324 258164 535196 576593 394406 435338 488309 309573 468052 541118 158123 444249 430244 435122 610475 200910 386726 271081 474745 458153 113987 270305 125948 231139 356640 312924 354503
893350 515977 105434 574467 669904 423367 591568 424144 554862 429896 743202 258895 635065 939429 662717 608050 497627 452109 194213 372403 524351 1047588 479982 825086 748376 706950 597322 704793 782397 173184 284900 386205 789239 522627 326380 685607 598217 250491 987254 503770 481701 532400 595581 703303 468859 757771 736432 373590 951723 528413 744051 518201 999999999 570908 104066 457352 153247 245140 462527 289807 145483 627958 807218 677087 306575 315140 722816 546293 398072 682801 738455 383847 624342 674096 774779 751516 226814 651386 894168 500361 342304 75055 333173 377782 164233 716273 902161 504503 336815 153370 337790 512757 407218 556266 788082 548808 423360 207092 646703 872595
681533 654500 577942 181186 247303 449812 143597 672184 221462 257638 756826 540012 86985 473081 501408 179745 614527 160993 380810 426329 627304 543948 679918 269977 223640 657511 45238 136477 253448 442738 411620 449356 673430 667465 294841 418466 555847 416738 470506 73779 560530 238895 41559 768154 176290 263773 585255 425920 387022 42652 247427 278149 570908 999999999 531244 256104 716022 776160 325281 777269 566044 708354 515856 225873 701748 695554 199718 24637 355113 398424 236418 187097 135595 301547 416238 813102 717701 672169 348824 269634 523006 554914 729662 249863 576951 167464 654324 409294 385893 417784 479943 725802 290293 173000 387893 156648 149885 500410 590463 458670
792277 414379 46934 505495 596046 322043 528589 329045 479886 438436 639849 156223 604312 861430 563084 540245 394584 394016 190405 272820 421269 974292 381979 770244 687234 602947 563569 659430 761527 215127 190109 284721 685834 421588 333241 711442 494831 158241 917864 459619 377656 454905 549931 601334 404645 690137 634742 274039 899785 488790 730023 435341 104066 531244 999999999 379069 194378 245519 373795 260161 56657 525630 712745 606866 235433 239888 701769 507211 306626 705448 673152 349359 605185 593399 687680 650001 195650 547574 834367 512588 238297 33840 264929 309938 77017 687900 802853 543914 243210 135430 234443 417466 422876 488373 705310 483481 381414 103262 543120 788856
509247 398705 419401 136121 217642 195322 172259 425908 101806 383466 513657 325295 342724 482988 288987 171024 358676 108468 320009 181059 371203 595359 427182 416701 324127 422399 301214 339131 506984 405929 203129 200434 459674 411682 340267 631855 311142 225631 540693 194485 304503 75838 247413 517702 81452 316448 377752 180356 547748 228964 503413 66370 457352 256104 379069 999999999 572867 602383 70476 582321 391934 454576 377967 231506 485080 475549 455427 242377 107192 615281 303128 205047 385483 216787 322906 564483 531874 423815 469368 437530 284102 410962 509703 91770 395383 418739 499301 554184 158151 322074 242320 472469 400033 123280 331245 126668 177888 308209 351924 416067
