NAME : synthetic_000280
TYPE : CTSP-D
DIMENSION : 100
GROUPS : 8
RELAXATION_LEVEL : 1
EDGE_WEIGHT_TYPE : EXPLICIT
EDGE_WEIGHT_FORMAT : FULL_MATRIX
EDGE_WEIGHT_SECTION
999999999 951218 1103204 736593 835504 841063 411594 462015 846423 861368 278819 670304 828404 587651 731534 1041695 768675 1070438 998515 524752 333558 867774 1188728 1047754 365364 752795 1102413 587575 286269 853283 812686 549095 918911 427259 650559 557896 874249 883264 803033 1188942 560515 448489 1205175 347254 1091863 358954 755942 547335 393201 539146 893831 916804 1222776 312817 812586 1013125 1137214 1145139 1037601 549444 1000148 743676 922673 287690 794757 196041 756159 1190826 879131 598924 1248530 781577 818638 845842 445754 716788 853901 1207644 625022 1173814 267529 870042 1082086 615519 636576 580685 297846 613159 790208 1166868 959211 610856 589691 440069 144629 620371 623042 852857 725671 1186029
951218 999999999 162128 342655 356155 836764 543328 815000 562483 212747 747468 828204 373590 741523 797227 265137 182587 158024 583322 808045 632659 435201 330565 496228 628006 279072 282246 562635 842584 648329 149786 436601 897371 582470 579143 414305 466722 77276 878299 273737 481378 510275 332488 706314 329783 629065 298892 474168 576859 553884 309039 346445 353082 699766 531598 107305 223594 203204 575395 421017 513985 349349 371653 669151 281233 806019 328812 259971 493637 594589 455261 499765 816461 773681 623391 525806 570244 270343 576129 225094 686502 222662 342259 388413 524754 465125 687121 350472 161870 228421 404859 550192 385620 669247 904563 331173 358179 528153 317329 445989
1103204 162128 999999999 437374 493475 885620 699574 925553 601803 355819 907936 907304 511528 834131 864964 218529 339028 174556 580220 909789 778080 470545 203618 469830 766919 437005 196225 664841 973905 687041 311889 598293 935078 744047 666015 575257 498846 220435 936322 119422 601847 657059 196366 838115 261541 789127 397648 636276 735886 715059 434621 464602 215503 860303 668811 177155 79618 42078 559783 561470 505571 502963 388867 817887 432164 964475 419269 98731 523774 691509 339937 558702 868623 818516 747500 600540 607568 108293 668883 75485 841252 361938 281781 514936 619606 583349 829348 493044 314784 66325 406708 707965 523193 789729 1047527 483750 520135 659188 423302 355944
736593 342655 437374 999999999 547450 508881 398438 488609 264260 438392 621777 485630 558402 400802 457704 311106 245695 500645 357867 472912 404826 179874 462449 345848 372785 406818 374161 227474 553771 340897 305866 396405 578175 502851 236518 363753 205150 268901 542917 486892 181271 307348 481950 422916 356079 511863 43911 456483 454364 552289 542477 585618 497425 580506 686176 447263 440746 473931 376940 208950 319253 477037 196788 454514 448739 649111 20268 500811 227073 255381 511945 181095 486349 451521 323402 187653 274019 522611 234751 512632 508104 453969 345558 128613 183978 160786 440417 182004 235164 488001 239934 594248 173819 359929 650150 233865 358363 702672 38844 450869
835504 356155 493475 547450 999999999 1044034 454169 886818 810976 143578 571102 977914 18099 869602 973253 614695 306486 351451 879711 905346 597441 706539 684171 818803 625818 143302 638011 694471 840879 888168 259759 302595 1118957 408451 743339 309626 737139 361545 1066095 612890 581637 496636 683359 720574 681565 476624 512063 289090 449556 311412 72220 81667 703647 528380 176046 320361 568512 526073 884030 468345 820864 98277 671900 608227 98814 649676 546051 588622 762749 733489 811342 728399 1019603 992638 679931 723235 820556 590150 727920 527638 580755 133760 691388 499587 681510 576546 658640 418901 325494 552527 713897 264169 458993 729929 844894 357504 254084 173018 508962 799927
841063 836764 885620 508881 1044034 999999999 735992 381118 284072 945723 896223 175674 1052667 258201 109797 683676 752476 992060 362742 318056 630108 415078 808823 485017 571134 900762 736292 368014 555958 200680 814253 821172 84071 862469 305448 793414 387381 769647 70310 883748 480866 632125 833872 522241 678656 831705 550937 877407 790432 960317 1047415 1090185 839141 875129 1161187 944028 854893 911370 406754 598978 425373 962187 498810 672698 947150 874621 516986 912698 363628 330628 768099 337058 26162 68806 463039 322946 278930 937209 325945 953414 754857 961306 656278 547621 365974 479093 610035 630367 743851 915329 491237 1023794 594459 436295 700086 693648 817552 1184508 544334 688161
411594 543328 699574 398438 454169 735992 999999999 469387 604473 454703 225255 615282 451621 501392 638708 670588 361186 658845 735876 504858 149220 568586 808064 743193 192751 348915 726318 373751 390778 650162 401646 151638 819642 126538 444582 150962 586934 479301 732624 793607 276057 107365 821387 284231 729369 113912 400551 178478 58605 234765 501854 531586 840397 182297 489746 601580 741093 741650 763506 189902 710940 356406 594954 154073 395047 267205 414096 791191 602169 407890 888455 519066 709836 706693 283380 473404 614194 806204 419220 767790 144248 464712 724500 271263 395918 288128 208263 230343 384791 764681 638372 308354 225187 325652 393863 217448 215825 524474 373135 837440
462015 815000 925553 488609 886818 381118 469387 999999999 458348 835433 563462 208345 889289 143728 272876 782439 663516 968493 607319 63091 326377 533211 932852 691793 276640 753444 845686 262208 175781 434117 726941 601356 457248 583533 283191 584140 525138 737764 341056 971770 335158 393761 955005 189726 810332 532516 527961 643526 509505 702942 915746 953600 967692 555024 954417 910881 927677 962512 652370 426234 633617 790681 613000 351062 804307 523342 507380 988164 518235 242228 947398 426993 359990 394374 207567 361706 462612 1010436 269416 1000944 429295 849579 793306 429841 312004 350203 281213 490170 669887 976487 634422 777649 448316 157303 319482 541167 633162 986692 503302 872043
846423 562483 601803 264260 810976 284072 604473 458348 999999999 696125 809223 342943 822287 320037 281789 400878 506379 714578 153231 411840 551185 131463 532441 237329 499140 670994 455696 260667 595174 86266 562676 642511 336126 724780 196141 610809 103336 500758 338616 601772 329560 498439 557180 499317 401706 715768 299179 702722 663073 795806 802323 845544 564408 775672 949725 669511 571343 627299 195840 426051 176954 741135 214947 602407 712170 814311 264971 629657 80650 247895 511258 88396 268317 216715 402257 134932 10077 654125 221400 669343 675564 711556 380235 351913 217826 316364 559917 428892 491941 631455 211634 846096 404791 407722 726480 488537 616025 966830 303077 431925
861368 212747 355819 438392 143578 945723 454703 835433 696125 999999999 619206 899029 160879 796680 884913 471845 193250 234479 751321 844586 581028 583204 541910 682772 596486 109643 494437 615637 817857 777144 133454 312653 1016477 448853 654603 304413 614585 221687 974797 474706 509615 465432 542019 687831 538448 509404 398672 326940 468416 384583 107937 150679 562443 572667 318863 190947 428494 390971 752174 409336 689054 153010 540279 603571 81204 690252 433260 453032 640971 653348 668007 618149 922434 889774 628864 622798 705288 456932 643064 397565 595419 15587 548745 418534 593485 500157 641714 346671 204316 417597 580556 361641 388830 678917 846357 294709 239132 316242 401727 656532
278819 747468 907936 621777 571102 896223 225255 563462 809223 619206 999999999 749641 561990 642370 790338 894433 569992 843970 948500 615644 267867 787265 1029169 964506 326413 509794 948991 559207 421323 843822 599329 313580 979986 170439 631470 333279 803311 690312 878639 1008282 481355 317675 1041418 381216 954058 119291 625600 292657 175656 264607 634545 652738 1060807 47733 534357 790084 955663 949747 979123 412864 929220 485573 818562 223556 545041 82904 638089 1002682 816355 586654 1113038 727712 870692 879201 435183 674776 818502 1015911 604574 972246 141389 625344 949540 493500 592912 497019 288849 455339 596005 973992 861386 333294 449680 460312 343682 436120 392883 574799 597862 1062676
670304 828204 907304 485630 977914 175674 615282 208345 342943 899029 749641 999999999 983901 114091 76177 728121 710148 986223 469604 145581 491195 455356 868965 576941 433515 836303 787534 284253 384119 286169 774702 722681 249047 739202 249667 698777 436052 754335 133314 928223 396327 519450 893160 368777 739155 699167 529494 774043 664968 848051 992937 1034161 902105 734024 1074274 932768 891480 938911 516262 512146 515377 888168 542866 527804 885728 719296 499597 951787 419616 245876 854187 353002 157429 203324 332059 306929 342949 975712 256888 980091 609829 914286 718734 481559 307829 401845 460801 559558 708097 947690 549990 917418 518956 294086 527746 620411 734477 1101930 513753 774748
828404 373590 511528 558402 18099 1052667 451621 889289 822287 160879 561990 983901 999999999 874941 980547 631376 319150 369296 893135 909011 596251 719280 701934 833679 626146 152364 655273 700957 839808 898819 274306 300439 1128136 401146 751043 309345 749722 377580 1073707 630940 587583 497815 701236 721026 698358 469845 523715 283421 444712 300629 88516 91905 721538 519904 158263 338455 586479 544168 898069 473192 834931 98670 686045 605517 111065 641229 557524 606716 775180 740056 828831 739139 1028095 1001980 682843 732589 831919 608246 735132 545706 575741 151443 707970 507042 689254 583075 657285 425731 338966 570624 728316 250517 465295 732692 840755 363725 256127 156593 519786 816880
587651 741523 834131 400802 869602 258201 501392 143728 320037 796680 642370 114091 874941 999999999 149277 671220 611221 898855 466017 91814 380187 408437 818304 556369 321857 729097 733185 182246 307084 290588 675983 609366 340377 625675 168658 585990 395978 665786 236522 867185 288783 405434 841520 264608 691709 587065 443746 660231 551594 733968 887640 928239 852579 624448 961749 843591 826580 868354 511620 401950 496782 778391 492716 419209 779054 617189 417090 887338 385713 147254 820771 301179 234024 258306 218448 241568 323394 910594 166076 908518 501542 811724 673099 378171 217004 296640 354169 453119 611719 879595 508633 803379 411715 182979 450201 512530 623485 989996 424229 743512
731534 797227 864964 457704 973253 109797 638708 272876 281789 884913 790338 76177 980547 149277 999999999 676793 693024 954857 399026 210080 525898 402511 813271 510593 467058 830296 734309 282033 446883 216602 756724 733723 191114 764631 230698 707600 380142 725709 95052 877901 396957 537500 837835 413859 682707 730296 501406 787991 691516 867277 982779 1024861 845659 770896 1080286 903398 843717 894566 445536 515454 448977 887081 490034 566846 878465 766438 469362 903402 361140 242957 790787 306296 87248 127437 360285 271449 280357 927620 245422 936220 649173 900382 661558 473667 292390 398607 502850 554921 687991 901652 492571 933490 516330 330046 591036 617514 737336 1105785 489456 710901
1041695 265137 218529 311106 614695 683676 670588 782439 400878 471845 894433 728121 631376 671220 676793 999999999 355823 372828 362500 755378 708150 274284 151930 251766 681437 513033 63630 522352 863625 483053 369033 612847 726596 748716 504270 582970 298198 256643 739460 201228 492339 598572 172904 733923 67769 776872 286133 664576 719172 756554 572975 611279 187012 849032 787224 349117 172112 234361 341260 495661 287631 589854 186915 755451 529479 935254 290850 229025 320428 540370 220366 375433 669008 615306 633552 429750 405155 253543 513933 275800 798683 483557 77192 426195 470724 471879 748598 440914 327534 233967 194077 771783 455476 667320 960788 460556 545562 787711 316431 187609
768675 182587 339028 245695 306486 752476 361186 663516 506379 193250 569992 710148 319150 611221 693024 355823 999999999 314615 574533 665861 452841 400139 470127 522418 452772 173600 398916 429045 671484 585804 64762 265837 823430 409492 463408 239619 430662 120393 782167 438882 329793 330355 479059 536171 422662 450861 207339 312307 396983 401811 296827 339998 499208 522522 459903 255599 386340 381055 581329 248094 518444 250382 370490 487593 208093 625447 241802 432739 456270 465632 573710 426268 729223 696707 462151 429562 515785 446466 453344 406606 504014 208835 425983 235444 402939 317455 509001 177862 28470 404673 414222 416571 217596 510670 725167 149212 192428 470437 208603 541644
1070438 158024 174556 500645 351451 992060 658845 968493 714578 234479 843970 986223 369296 898855 954857 372828 314615 999999999 720974 963815 765145 585021 377842 621656 767316 338247 364801 719141 985951 800788 260182 531208 1050514 673985 737098 515903 615979 233087 1035075 285283 633585 643128 368994 850373 426479 729681 456848 555080 683023 618507 284098 306432 387245 796619 520379 59018 253625 193112 707231 562414 648504 386967 514388 796720 315597 910531 486817 253224 642592 751749 514404 655554 972276 928031 772644 683522 721881 248749 733757 182695 802983 234147 444469 539350 682320 618316 822519 491822 301852 217170 542155 595225 530150 819823 1037150 460897 452602 504974 474664 528454
998515 583322 580220 357867 879711 362742 735876 607319 153231 751321 948500 469604 893135 466017 399026 362500 574533 720974 999999999 557424 696675 178863 462246 125817 646852 747195 402232 411328 748178 183457 621265 753629 383899 850904 349053 721067 152948 536676 429567 549978 467332 632762 487264 651746 337655 849127 379904 813883 794186 909347 859257 901809 489311 912421 1032716 685291 531631 596573 46666 549769 74961 822158 212896 748349 782157 958962 350466 583742 134103 400784 406521 222043 356630 296227 553338 282706 146943 607943 373836 637642 818597 766027 314566 470219 365015 451512 709372 538071 554232 594234 179107 952027 522096 560652 879656 591731 715293 1044843 394493 327074
524752 808045 909789 472912 905346 318056 504858 63091 411840 844586 615644 145581 909011 91814 210080 755378 665861 963815 557424 999999999 368064 497163 904009 647995 314058 768476 817970 246127 238652 380244 730211 628716 394278 623593 251190 608943 486076 731263 278644 948871 336336 420431 926839 235864 778788 576614 514353 674518 549041 739599 929775 968908 938539 604207 983012 907193 906676 945361 603167 438652 588537 810895 580047 398211 819169 579664 490587 967409 476683 218470 910605 389906 297083 332809 228249 327686 415204 990261 242679 984785 478599 859174 760724 430420 290380 348556 328993 497923 669583 957882 597903 812661 455767 180659 382510 553041 653648 1013798 492011 833820
333558 632659 778080 404826 597441 630108 149220 326377 551185 581028 267867 491195 596251 380187 525898 708150 452841 765145 696675 368064 999999999 548401 855340 729110 58974 481269 768882 294621 243562 579125 505135 296271 714091 257163 366253 288233 559420 560664 616471 858495 235308 122514 872043 137503 758907 208888 422555 327682 183338 377948 640037 672486 889485 245087 638866 706361 807291 819619 731175 217923 686764 499170 595301 51848 530126 263154 424048 862381 568599 319809 916217 474693 604368 611417 167571 416335 559997 880233 339206 850631 127417 592715 749684 282017 333367 254352 61391 285038 470912 840192 634162 453878 257717 197330 272331 304394 348864 673694 392318 855541
867774 435201 470545 179874 706539 415078 568586 533211 131463 583204 787265 455356 719280 408437 402511 274284 400139 585021 178863 497163 548401 999999999 413830 180794 504872 571283 332394 290590 644080 217380 450852 576269 466984 679004 250233 543622 31801 377663 467266 475435 313193 469590 437892 529181 284798 682483 201227 636357 626109 732144 690793 733802 447297 748570 855810 541603 442479 496733 197438 379481 142354 645292 87666 600109 608231 805678 171653 501609 58758 295760 414222 107306 398407 348099 425992 171597 137807 525954 267121 538739 663921 598323 265310 298395 237290 294732 571110 361395 381777 501748 101212 773466 348704 446218 762321 413470 536472 869167 215835 339174
1188728 330565 203618 462449 684171 808823 808064 932852 532441 541910 1029169 868965 701934 818304 813271 151930 470127 377842 462246 904009 855340 413830 999999999 337749 830885 606205 88388 673664 1015474 609367 466286 735191 842710 876345 652871 707376 433454 354867 868874 105694 643478 742695 25127 885364 130750 910372 435478 782295 853531 869865 630519 663261 35084 982780 860194 377747 124218 189759 429596 640199 389773 678953 326843 901531 611723 1074701 442181 144885 452282 690628 136828 519040 796724 740020 785320 576875 535143 164786 663763 218718 940729 550502 152660 574198 621648 623080 897687 581312 441939 172188 320855 875050 599848 819247 1111195 593049 662458 853989 465650 168801
1047754 496228 469830 345848 818803 485017 743193 691793 237329 682772 964506 576941 833679 556369 510593 251766 522418 621656 125817 647995 729110 180794 337749 999999999 685557 695481 283183 465555 816570 294733 559435 735271 509561 848431 415429 702679 174338 461783 550071 428841 493833 647218 362642 706775 216799 856959 353612 794090 799764 890306 789629 830921 363993 924588 981256 592061 414717 481980 92501 553291 61636 772716 155717 780780 724366 985435 332238 463950 174814 464922 283183 271595 476888 417267 604200 339148 235495 487804 436306 522051 843615 696573 193973 471943 413530 475152 751599 525811 498369 477215 110246 923882 519534 620943 939389 570639 685659 988931 376040 203164
365364 628006 766919 372785 625818 571134 192751 276640 499140 596486 326413 433515 626146 321857 467058 681437 452772 767316 646852 314058 58974 504872 830885 685557 999999999 502009 743391 240062 221592 523459 509359 329982 655119 309563 310789 316911 513699 553588 557921 840905 195152 131422 848742 94937 728835 265678 395501 368232 234990 426632 663372 698009 865467 304039 679908 708301 790653 807859 682803 207024 640771 527860 557353 105452 552095 317377 392658 847375 521160 263100 884373 425551 545394 552791 108776 364848 507687 866301 283743 840779 185406 609103 718193 257636 282001 215336 67730 277559 467887 827198 594341 501027 243918 139431 281998 308563 372905 713312 365270 820860
752795 279072 437005 406818 143302 900762 348915 753444 670994 109643 509794 836303 152364 729097 830296 513033 173600 338247 747195 768476 481269 571283 606205 695481 502009 999999999 546794 552382 721778 746794 144005 203712 975898 339381 600192 197957 601189 257132 922954 552318 440478 370701 610127 595429 580800 399802 373334 218001 359616 282166 162486 200459 630749 463138 286304 288731 502641 475632 754828 329891 691994 77770 544080 500193 50863 580612 406732 535731 626189 591274 723256 587227 876309 849679 545884 580275 680695 543005 585080 488386 487737 117292 587205 356676 538355 434524 542513 276763 197158 501967 587696 271260 317532 596142 742295 216638 133482 297884 368086 700642
1102413 282246 196225 374161 638011 736292 726318 845686 455696 494437 948991 787534 655273 733185 734309 63630 398916 364801 402232 817970 768882 332394 88388 283183 743391 546794 999999999 585873 927085 535739 403672 661021 775351 799691 566787 632085 354345 290226 794005 148592 555275 657639 109376 797071 67176 830735 347890 710628 773401 800697 590623 626678 123454 903077 812849 350983 132110 201064 375395 554871 327613 622099 244747 815612 558187 992138 353894 181511 375054 603537 176512 435697 722720 667606 696939 491617 459262 205727 576935 239840 856797 504806 89393 487255 534117 534854 810364 497857 370450 194284 245092 811245 514559 730916 1023312 513428 590894 810331 378132 166139
587575 562635 664841 227474 694471 368014 373751 262208 260667 615637 559207 284253 700957 182246 282033 522352 429045 719141 411328 246127 294621 290590 673664 465555 240062 552382 585873 999999999 353596 284778 493806 453583 450255 499904 72362 426519 291300 486179 376744 709680 114925 267343 695237 242163 554452 477284 268344 509423 430518 592866 708696 749912 708666 530065 798266 663165 665472 701166 450028 233461 414472 606282 361462 344783 601609 557125 245752 725976 293107 39213 698563 195085 342004 333500 142016 129246 268817 748306 45829 740066 421306 630797 538919 197432 53721 117925 299346 275653 429545 714655 389499 655781 235677 155737 473968 337239 455367 823835 245966 626764
286269 842584 973905 553771 840879 555958 390778 175781 595174 817857 421323 384119 839808 307084 446883 863625 671484 985951 748178 238652 243562 644080 1015474 816570 221592 721778 927085 353596 999999999 587228 729622 539764 632929 482134 402178 531408 643200 766676 516764 1038119 375051 352436 1035478 136315 902276 419953 585379 568517 414036 607788 882060 915347 1050532 423690 877357 926967 989865 1013792 790838 423546 762632 742602 713707 242380 771379 367541 573977 1048544 642172 351772 1050388 544997 534129 564717 230372 477423 601236 1068879 380303 1048832 304069 830325 888243 458989 407180 394833 182769 494219 684815 1031370 743026 685351 457115 198812 144153 529582 590746 913405 556534 979821
853283 648329 687041 340897 888168 200680 650162 434117 86266 777144 843822 286169 898819 290588 216602 483053 585804 800788 183457 380244 579125 217380 609367 294733 523459 746794 535739 284778 587228 999999999 643778 703265 249861 773922 212873 672440 188213 585647 259656 683076 374694 542841 634344 507843 478869 758148 378646 762834 708308 853635 882508 925713 640270 813702 1021650 755444 654455 711740 230121 481752 233286 814872 298889 628740 789535 840823 344089 712078 163537 260949 576599 159807 187365 132267 419190 179550 79601 736596 239923 753792 706040 792650 456708 413561 254314 365070 578893 494053 572842 715135 290649 908112 465615 414197 725205 555708 683403 1040461 379227 496504
812686 149786 311889 305866 259759 814253 401646 726941 562676 133454 599329 774702 274306 675983 756724 369033 64762 260182 621265 730211 505135 450852 466286 559435 509359 144005 403672 493806 729622 643778 999999999 287235 884016 433150 527530 266117 482058 113486 845292 421028 393971 383393 471930 595165 436801 481599 265507 324587 430948 406352 240193 283337 492483 551596 423759 201669 369570 352963 624456 307727 561274 221006 412266 536641 165274 660202 300081 409376 508283 530351 580181 484963 791302 757382 524299 491645 571849 420128 517849 373203 545835 148912 443399 299872 467299 381968 562957 238719 70963 378197 454138 408868 279568 573236 777005 201330 208511 429621 269928 556641
549095 436601 598293 396405 302595 821172 151638 601356 642511 312653 313580 722681 300439 609366 733723 612847 265837 531208 753629 628716 296271 576269 735191 735271 329982 203712 661021 453583 539764 703265 287235 999999999 902531 145915 517009 32697 600681 385197 828773 703379 340453 208367 744715 424719 677387 198566 381846 60393 155904 155892 351096 380039 764783 265969 354318 476704 651041 639717 773238 223689 714634 204768 580068 305709 246672 379648 406215 694734 620966 491884 833045 554117 795273 781790 400590 524150 652583 706577 495303 660392 284857 320989 677205 290770 459220 344048 357069 215762 293617 664597 625504 204999 238068 448421 544288 164636 79341 385479 361638 793306
918911 897371 935078 578175 1118957 84071 819642 457248 336126 1016477 979986 249047 1128136 340377 191114 726596 823430 1050514 383899 394278 714091 466984 842710 509561 655119 975898 775351 450255 632929 249861 884016 902531 999999999 946151 385726 874334 437179 833019 119902 923858 562080 715411 867835 604902 714450 915749 618989 959252 874277 1043024 1119628 1162608 871276 959135 1239960 1004608 898698 958272 423750 679658 453433 1039049 546212 756437 1021411 957453 584590 954823 411590 413392 789264 400933 110072 126729 547089 395780 329229 979339 407330 1000266 838646 1032061 691577 625493 445194 559387 693358 708341 813215 960239 532526 1105758 673493 519863 776723 771619 896614 1262431 614828 710412
427259 582470 744047 502851 408451 862469 126538 583533 724780 448853 170439 739202 401146 625675 764631 748716 409492 673985 850904 623593 257163 679004 876345 848431 309563 339381 799691 499904 482134 773922 433150 145915 946151 999999999 570332 169873 699720 529585 858260 848113 399228 232706 886867 394417 811444 69823 497452 123069 74606 126033 468628 489917 906726 123871 401304 620618 795652 785535 875877 301176 820783 318604 696095 240855 375476 243336 516246 840212 716802 534347 968989 638044 836316 833082 407231 595867 734639 852312 545226 806292 185293 455199 809404 381058 520192 409663 307724 323392 436694 810331 740773 203753 330333 447015 451132 289080 224953 439600 472864 924718
650559 579143 666015 236518 743339 305448 444582 283191 196141 654603 631470 249667 751043 168658 230698 504270 463408 737098 349053 251190 366253 250233 652871 415429 310789 600192 566787 72362 402178 212873 527530 517009 385726 570332 999999999 488620 244141 504831 322763 698948 176765 337632 675655 303331 528311 549249 280254 574235 501779 660009 752081 794173 687448 602421 855917 683263 657983 699889 390102 293932 360530 658731 330167 415954 648041 628155 251380 718745 240635 51755 664279 145234 279929 265357 208459 78639 203393 741964 27059 740196 493225 670038 510755 244075 61839 173729 367847 326260 459773 710961 351423 720818 289318 211611 530769 389362 512245 879750 264098 589353
557896 414305 575257 363753 309626 793414 150962 584140 610809 304413 333279 698777 309345 585990 707600 582970 239619 515903 721067 608943 288233 543622 707376 702679 316911 197957 632085 426519 531408 672440 266117 32697 874334 169873 488620 999999999 568120 359752 802603 678309 312566 190441 717462 411835 647077 215589 349206 92820 167133 188571 352612 384290 737409 285553 375834 460185 625824 616934 740560 194726 681937 211396 547535 303122 244427 395261 373519 670875 588509 465129 803293 522416 767603 752873 380741 493595 620884 683420 467475 638975 291167 314043 646486 259370 430137 315157 349575 183369 266877 641453 592957 235719 206883 429458 544576 132045 65305 405166 328941 762489
874249 466722 498846 205150 737139 387381 586934 525138 103336 614585 803311 436052 749722 395978 380142 298198 430662 615979 152948 486076 559420 31801 433454 174338 513699 601189 354345 291300 643200 188213 482058 600681 437179 699720 244141 568120 999999999 409462 441415 499344 325280 485959 457890 532457 303233 700658 229615 660936 644882 756409 722098 765138 466261 765618 885165 572991 468149 523997 176581 399039 127345 674748 111713 611255 638708 818874 198735 526678 26980 292223 424800 98925 371563 319809 430002 166325 108730 551118 263492 566044 677394 629735 282683 318666 239198 307752 579030 385152 412737 528139 114175 799397 370026 446837 765058 438973 563181 899030 242266 347751
883264 77276 220435 268901 361545 769647 479301 737764 500758 221687 690312 754335 377580 665786 725709 256643 120393 233087 536676 731263 560664 377663 354867 461783 553588 257132 290226 486179 766676 585647 113486 385197 833019 529585 504831 359752 409462 999999999 808665 318567 404123 438763 361984 630363 324357 571133 224990 429007 516894 515136 327908 369152 382382 642874 531678 178436 266072 262503 534035 346632 471255 333440 323886 598921 273206 744829 256351 312627 436415 518664 466725 432921 748584 708057 546410 454416 509051 326969 500854 290678 620819 235086 332029 311333 449381 387851 613877 276598 94684 285384 361924 521540 310269 592080 831802 263354 309688 534163 241663 444084
803033 878299 936322 542917 1066095 70310 732624 341056 338616 974797 878639 133314 1073707 236522 95052 739460 782167 1035075 429567 278644 616471 467266 868874 550071 557921 922954 794005 376744 516764 259656 845292 828773 119902 858260 322763 802603 441415 808665 999999999 940386 491629 632111 893815 499146 738265 822407 586122 883011 784833 961952 1073966 1116283 899908 860948 1174986 985167 909452 963759 474295 610205 489640 980815 553092 655669 970708 850957 553100 968092 419204 337759 833225 380378 73183 133341 452484 355277 334749 992532 339066 1005711 737982 990321 716221 566665 384600 492783 590057 648409 775815 969007 549175 1028441 610293 419451 659963 711227 831834 1200218 576325 753144
1188942 273737 119422 486892 612890 883748 793607 971770 601772 474706 1008282 928223 630940 867185 877901 201228 438882 285283 549978 948871 858495 475435 105694 428841 840905 552318 148592 709680 1038119 683076 421028 703379 923858 848113 698948 678309 499344 318567 940386 999999999 663067 740467 88935 904380 212443 889009 452837 744972 834024 827054 553756 582988 104379 960976 788221 295667 52625 92178 521340 640604 475639 620288 388142 901525 550072 1060503 467131 39194 521194 731430 238696 575226 869611 815175 808322 626761 605798 60243 706244 114437 932154 481144 235501 583822 660227 643344 905863 575810 412353 69782 392648 823577 600810 846646 1122903 576160 626782 778324 481595 273950
560515 481378 601847 181271 581637 480866 276057 335158 329560 509615 481355 396327 587583 288783 396957 492339 329793 633585 467332 336336 235308 313193 643478 493833 195152 440478 555275 114925 375051 374694 393971 340453 562080 399228 176765 312566 325280 404123 491629 663067 999999999 169196 662632 242196 536387 386322 210415 397472 334503 483784 598928 639457 678400 446467 683359 575805 614931 640924 499253 118642 452505 492180 362239 286948 490313 493621 201507 673856 336209 154063 690490 246413 455039 442030 145871 197364 339125 694499 154921 677193 352284 524449 524790 94779 121569 20556 262738 164376 334914 657608 399745 544054 122966 188586 469090 224158 340478 708944 181489 625949
448489 510275 657059 307348 496636 632125 107365 393761 498439 465432 317675 519450 497815 405434 537500 598572 330355 643128 632762 420431 122514 469590 742695 647218 131422 370701 657639 267343 352436 542841 383393 208367 715411 232706 337632 190441 485959 438763 632111 740467 169196 999999999 758278 224893 652998 217361 317140 255430 165503 329859 532337 567507 776311 279799 562596 584269 688803 698763 662123 102919 611586 399201 503555 161202 420910 341875 324886 742888 499750 302434 811737 413972 605967 600756 192534 366517 508076 760196 312553 729110 201578 477898 645723 178907 288569 182309 179597 164807 348472 719798 545450 397976 143121 240054 394817 182231 242797 593764 287747 755491
1205175 332488 196366 481950 683359 833872 821387 955005 557180 542019 1041418 893160 701236 841520 837835 172904 479059 368994 487264 926839 872043 437892 25127 362642 848742 610127 109376 695237 1035478 634344 471930 744715 867835 886867 675655 717462 457890 361984 893815 88935 662632 758278 999999999 904723 155586 922406 453744 790634 865885 877017 627899 659527 20622 994795 859381 372704 117010 177809 454379 656085 414870 681757 350706 917718 613573 1088350 461696 127696 476943 712827 149767 542742 821707 765068 805188 600000 559956 145740 686138 203344 955360 550004 177645 591573 643488 642305 915302 595960 451111 157913 345558 880040 615748 839792 1129560 605473 670964 851998 483789 189831
347254 706314 838115 422916 720574 522241 284231 189726 499317 687831 381216 368777 721026 264608 413859 733923 536171 850373 651746 235864 137503 529181 885364 706775 94937 595429 797071 242163 136315 507843 595165 424719 604902 394417 303331 411835 532457 630363 499146 904380 242196 224893 904723 999999999 775665 342846 452372 461541 320817 515367 757220 792303 920334 368365 773326 791428 855589 878185 691543 288077 656565 622686 592519 162443 645746 352582 443184 913880 535205 251673 926988 437209 497519 514447 103471 371202 506708 933931 277964 912927 242854 700795 762808 323212 293268 262441 93154 358553 548932 896082 625112 591035 320963 93668 233195 396411 467326 807211 423042 858975
1091863 329783 261541 356079 681565 678656 729369 810332 401706 538448 954058 739155 698358 691709 682707 67769 422662 426479 337655 778788 758907 284798 130750 216799 728835 580800 67176 554452 902276 478869 436801 677387 714450 811444 528311 647077 303233 324357 738265 212443 536387 652998 155586 775665 999999999 837312 336757 729988 779373 822574 638525 676226 163037 909204 854533 408094 199275 268143 309221 550247 263587 657617 198996 807367 597035 992214 336179 247154 321624 568494 159144 391101 666233 609852 673658 451103 404394 271053 540941 307011 854144 549889 23091 477347 501439 515831 796425 499057 394479 261344 190172 838960 510479 704209 1005384 522561 611399 854545 366829 119846
358954 629065 789127 511863 476624 831705 113912 532516 715768 509404 119291 699167 469845 587065 730296 776872 450861 729681 849127 576614 208888 682483 910372 856959 265678 399802 830735 477284 419953 758148 481599 198566 915749 69823 549249 215589 700658 571133 822407 889009 386322 217361 922406 342846 837312 999999999 512423 188566 58143 193095 535224 557862 941856 72408 469911 674813 836388 830995 877205 303699 824837 385017 708108 182936 438760 181152 527176 883594 715600 509006 996065 631236 805680 807164 370053 583365 725384 897002 523104 854031 118073 516735 833457 385088 504046 399650 252245 339975 476766 855109 751762 270375 338229 405100 382062 317437 277168 508566 485615 947356
755942 298892 397648 43911 512063 550937 400551 527961 299179 398672 625600 529494 523715 443746 501406 286133 207339 456848 379904 514353 422555 201227 435478 353612 395501 373334 347890 268344 585379 378646 265507 381846 618989 497452 280254 349206 229615 224990 586122 452837 210415 317140 453744 452372 336757 512423 999999999 441022 454377 537250 503876 547087 470155 582695 655900 403358 405254 435106 394454 215081 334189 445714 199157 470659 413254 658193 34588 464705 253722 297682 494982 219480 528721 492522 355488 230881 308661 485918 277832 473084 518691 414209 328712 140646 226749 190547 462525 174126 194554 450212 244320 574433 176380 394648 675829 217246 336478 670677 30302 438675
547335 474168 636276 456483 289090 877407 178478 643526 702722 326940 292657 774043 283421 660231 787991 664576 312307 555080 813883 674518 327682 636357 782295 794090 368232 218001 710628 509423 568517 762834 324587 60393 959252 123069 574235 92820 660936 429007 883011 744972 397472 255430 790634 461541 729988 188566 441022 999999999 161828 96235 346658 369902 810916 246732 311788 503290 693079 677040 833187 282121 774335 196452 638657 328253 252502 366340 465986 733960 681311 547286 884206 614334 851419 839403 447562 583538 712791 744390 551934 695002 292465 332745 730752 350879 517251 402066 386463 276128 340652 702526 684140 146584 298091 493865 558329 223840 119880 346043 421406 846973
393201 576859 735886 454364 449556 790432 58605 509505 663073 468416 175656 664968 444712 551594 691516 719172 396983 683023 794186 549041 183338 626109 853531 799764 234990 359616 773401 430518 414036 708308 430948 155904 874277 74606 501779 167133 644882 516894 784833 834024 334503 165503 865885 320817 779373 58143 454377 161828 999999999 195381 503536 529522 885231 129871 463911 627133 781402 777860 821463 246794 768443 354297 650390 171656 401904 229305 469462 829521 660391 463897 938190 577652 764304 762756 333164 531866 672790 843449 476154 801953 131228 476887 775403 328162 454005 346721 236064 281832 422286 801643 694180 272259 280598 372469 396501 260487 231333 500739 427698 889236
539146 553884 715059 552289 311412 960317 234765 702942 795806 384583 264607 848051 300629 733968 867277 756554 401811 618507 909347 739599 377948 732144 869865 890306 426632 282166 800697 592866 607788 853635 406352 155892 1043024 126033 660009 188571 756409 515136 961952 827054 483784 329859 877017 515367 822574 193095 537250 96235 195381 999999999 378811 392358 897460 226358 277292 570684 775845 754850 929130 371882 870446 236267 734844 365897 304391 346185 562052 813547 776454 629712 975384 707510 934204 925305 517078 674090 805857 822374 636637 769669 310653 387093 824077 444001 604875 490200 431416 371299 430282 780855 780332 77720 391100 560312 574872 320046 211244 316482 517471 940286
893831 309039 434621 542477 72220 1047415 501854 915746 802323 107937 634545 992937 88516 887640 982779 572975 296827 284098 859257 929775 640037 690793 630519 789629 663372 162486 590623 708696 882060 882508 240193 351096 1119628 468628 752081 352612 722098 327908 1073966 553756 598928 532337 627899 757220 638525 535224 503876 346658 503536 378811 999999999 43222 647883 590598 236631 258454 511678 464876 859899 491181 796806 150207 648108 655365 111710 711512 538421 527394 748399 747143 760897 723070 1023696 992908 708180 724638 811589 527296 738880 463405 634455 93365 650151 511434 690454 591489 701425 434551 310494 491029 688151 335351 476193 758449 895335 376829 291341 224573 505069 755005
916804 346445 464602 585618 81667 1090185 531586 953600 845544 150679 652738 1034161 91905 928239 1024861 611279 339998 306432 901809 968908 672486 733802 663261 830921 698009 200459 626678 749912 915347 925713 283337 380039 1162608 489917 794173 384290 765138 369152 1116283 582988 639457 567507 659527 792303 676226 557862 547087 369902 529522 392358 43222 999999999 679259 610043 217081 287468 542764 492761 901990 530279 838941 175603 690378 685578 149744 731334 581628 554968 791469 788485 795141 766256 1066399 1035896 746085 767485 854807 553334 780651 488281 660745 135797 688465 552858 732483 632468 733848 475151 353699 518516 730113 341705 516561 796318 923831 416490 325126 198674 548152 791783
1222776 353082 215503 497425 703647 839141 840397 967692 564408 562443 1060807 902105 721538 852579 845659 187012 499208 387245 489311 938539 889485 447297 35084 363993 865467 630749 123454 708666 1050532 640270 492483 764783 871276 906726 687448 737409 466261 382382 899908 104379 678400 776311 20622 920334 163037 941856 470155 810916 885231 897460 647883 679259 999999999 1014255 879653 392218 136514 195140 455011 673955 417873 702364 360623 935450 634139 1107253 477158 142114 484528 725464 135939 552917 827532 770369 820361 611248 566848 158240 698534 218495 973852 570354 184173 608590 656594 658016 932189 614411 471210 174083 353088 900642 633605 854331 1145942 624770 691211 872073 500292 183329
312817 699766 860303 580506 528380 875129 182297 555024 775672 572667 47733 734024 519904 624448 770896 849032 522522 796619 912421 604207 245087 748570 982780 924588 304039 463138 903077 530065 423690 813702 551596 265969 959135 123871 602421 285553 765618 642874 860948 960976 446467 279799 994795 368365 909204 72408 582695 246732 129871 226358 590598 610043 1014255 999999999 500708 742572 908362 902098 941889 371653 890803 441063 777144 206486 499231 121327 596340 955161 779544 559376 1068048 692726 849349 854933 412221 641918 785110 968307 575765 924525 125772 579070 905098 452790 560963 461191 275218 411165 548648 926379 820401 298642 407474 441499 361273 389831 345244 540728 555417 1018702
812586 531598 668811 686176 176046 1161187 489746 954417 949725 318863 534357 1074274 158263 961749 1080286 787224 459903 520379 1032716 983012 638866 855810 860194 981256 679908 286304 812849 798266 877357 1021650 423759 354318 1239960 401304 855917 375834 885165 531678 1174986 788221 683359 562596 859381 773326 854533 469911 655900 311788 463911 277292 236631 217081 879653 500708 999999999 494152 744360 700497 1041064 564838 978271 210569 830368 635240 258872 617219 688284 763072 909604 837332 986854 863704 1135804 1115619 754908 848513 959615 763618 836889 699994 586582 309706 863390 614616 795233 682865 696639 531816 482984 726812 873876 202101 566730 802615 851956 468653 343674 40810 647376 973521
1013125 107305 177155 447263 320361 944028 601580 910881 669511 190947 790084 932768 338455 843591 903398 349117 255599 59018 685291 907193 706361 541603 377747 592061 708301 288731 350983 663165 926967 755444 201669 476704 1004608 620618 683263 460185 572991 178436 985167 295667 575805 584269 372704 791428 408094 674813 403358 503290 627133 570684 258454 287468 392218 742572 494152 999999999 255728 206448 674660 503439 614375 343669 475343 738310 271629 855314 434282 268996 599841 696363 511943 607002 923650 880985 714186 631958 677185 269796 679045 207846 745804 193648 424038 481379 627545 560832 763609 432875 243131 232682 506223 552223 471348 761560 978448 402043 397673 482897 419838 516991
