NAME : synthetic_000317
TYPE : CTSP-D
DIMENSION : 100
GROUPS : 8
RELAXATION_LEVEL : 1
EDGE_WEIGHT_TYPE : EXPLICIT
EDGE_WEIGHT_FORMAT : FULL_MATRIX
EDGE_WEIGHT_SECTION
999999999 510252 456458 595507 568059 492198 535743 789392 66892 384369 571218 234253 520512 437216 118960 1000155 178102 722763 291276 222713 252807 766213 206923 767820 875470 963705 815770 788659 268216 197517 348286 503023 664519 233003 448928 662883 782368 793675 310393 668314 397227 285983 113444 726865 74084 808018 481264 300371 565528 604130 317170 436953 716999 276661 303899 186174 222519 559138 569620 202665 267782 738317 770964 592328 444063 605291 717752 955329 798050 835844 672574 589215 827620 306656 638957 224078 193238 530507 492301 428077 716666 146831 495556 844559 496659 573061 466550 607719 610245 929735 412520 886109 519551 613996 774298 672434 618482 213468 90035 781425
510252 999999999 613252 761521 753502 923564 486793 1155986 444666 268893 993977 479422 165681 456722 567632 989627 370056 1045695 781403 564473 278436 619844 654734 867370 915155 930396 1032244 548821 778456 432197 348593 921413 616380 488228 855546 1054557 556988 537109 214088 256809 650521 226054 408216 417863 461779 767946 433568 556414 110201 979281 196622 457871 1062910 234248 719230 498349 302391 542295 559527 496468 319892 1011042 769637 952385 66776 347220 667106 826908 657658 1077263 875455 383963 1054243 203606 821782 711003 327900 137827 456854 82330 460715 459361 893232 1042239 427234 408457 302008 592590 410543 963253 562472 876098 731328 502105 962652 700235 922778 320205 594830 686092
456458 613252 999999999 157611 142373 444286 213496 572642 435781 344405 485179 228652 492102 167885 573466 546311 359800 446722 472267 245734 402879 400948 353004 314539 419096 515068 423294 488672 571187 284174 266557 424912 263486 227220 365366 500945 472695 505927 442823 580386 108043 507289 491813 512504 396079 372473 218412 157994 581105 422111 527056 166543 474222 496258 315495 270646 522912 186961 184300 254652 330833 399227 325244 386896 563530 417486 302740 542834 419786 464958 265271 366452 443696 498168 214892 630891 507528 522964 203111 563953 459799 577087 379248 438789 236549 326601 337402 205734 366363 473312 54522 435539 119500 289091 359867 227572 325197 534921 449266 378275
595507 761521 157611 999999999 32960 448465 310413 481627 583080 493490 464078 378935 628977 305558 708565 439133 515331 344301 548961 374425 560471 420176 456103 178187 301664 423607 270733 537322 664360 437319 419798 421531 281348 376002 378382 443798 518030 558931 599328 697736 201192 664855 642627 597332 541577 319382 341059 296897 719252 371534 684324 304350 383917 653852 389617 414199 679532 261690 249131 399608 488299 271225 259092 333494 715192 523839 293123 501795 425398 317997 115516 468792 293137 655375 60397 746470 663267 661055 320196 716917 533563 724718 372458 282665 354685 427529 472025 244055 460515 352648 212113 344251 84438 360418 203221 188045 239062 690943 573474 366981
568059 753502 142373 32960 999999999 417935 315792 466499 557898 484713 436190 355756 625787 300349 680061 472059 494440 331268 516070 346108 543602 441723 424493 210076 334463 456410 280925 554930 631822 415117 408448 391518 301050 352282 346847 421145 536093 575893 585018 701014 171822 648093 618646 608226 515950 349257 340713 271359 715753 347131 668619 299082 367916 636879 356847 388610 659457 270454 259418 374503 472186 266612 289667 309149 705139 529338 317313 531509 449024 323761 122913 474905 301553 639832 74256 715282 642253 657472 320999 705965 546411 699341 342438 297180 355715 433625 469116 259142 468468 385211 196364 376940 52091 372044 218973 213965 219998 670163 543568 392398
492198 923564 444286 448465 417935 999999999 653487 316536 532186 689780 79298 447488 857851 581525 549075 868140 559379 305278 236636 359223 648154 839999 288528 600053 729757 864085 496463 932941 357622 491371 609256 31447 698559 438410 79302 183180 916951 949939 711153 979438 341300 731321 598397 946659 495589 767171 641698 387402 934750 156174 761801 580282 274126 719488 205395 425460 694012 631247 627996 427182 605184 377829 707465 172343 859354 839338 726615 949317 854132 482088 430705 794622 493005 740268 441957 493866 666038 882182 633121 850114 900035 634640 77311 537706 661923 758043 726852 644950 800031 773051 457334 787220 377702 732720 502615 628613 269542 691814 411622 803398
535743 486793 213496 310413 315792 653487 999999999 777314 490573 243627 697966 313055 334955 99458 652760 521179 380017 645347 643705 381434 372447 231285 507810 382656 431227 469248 571344 285161 720713 338246 209571 635918 144249 318093 574189 713232 272015 299429 381442 387676 312195 462620 524794 299425 462836 302487 63337 300420 424317 634676 470417 99928 678298 454779 500292 366988 509882 56039 73102 350718 306381 581064 289647 598841 454798 213662 200484 423286 262317 624016 424235 159125 596043 442648 368411 746154 506030 367763 44804 462554 246902 616771 591359 573490 61078 117869 184844 106650 154548 481494 197273 403429 318462 85113 495848 213473 528262 527991 562697 250804
789392 1155986 572642 481627 466499 316536 777314 999999999 818494 896365 243886 683053 1056857 739368 859452 782734 817678 139242 553080 612045 897330 898341 582688 550219 661048 802966 342109 1018832 673121 738992 812880 295490 762302 674978 341048 133405 999392 1040550 954994 1152969 507843 992829 886858 1073813 777749 766065 790901 600255 1142970 186067 1020880 738017 99021 980705 485840 680240 970584 735776 725540 675923 839800 237597 704728 205551 1097072 988266 767663 939267 899103 293288 391477 935458 322590 995702 437364 810393 944769 1085932 774528 1091928 1012872 935554 294063 380966 808584 894583 906635 725008 931683 686428 611641 740978 459048 838347 396415 661651 249058 972321 716601 836243
66892 444666 435781 583080 557898 532186 490573 818494 999999999 322587 610173 207297 454346 394108 165709 972071 117999 742164 346836 222997 186481 718819 243677 750159 851772 932292 817439 733599 334081 157976 293981 539823 624659 208602 481568 695785 728340 737426 243504 602415 391354 221981 68527 666076 43326 772932 433165 286540 498637 632432 253488 394010 740919 212105 334234 169379 165331 518833 530617 183489 207400 748433 739726 617061 378252 545070 679206 913120 751914 842099 668793 532015 831209 241297 630803 287551 136244 463849 446254 362691 659111 141681 527004 843626 447166 518416 406957 569710 554131 906184 387537 856230 512089 565622 770501 642171 632097 160342 150874 739541
384369 268893 344405 493490 484713 689780 243627 896365 322587 999999999 753818 246201 168106 191128 485917 764619 206271 781065 592959 338388 152307 436843 453177 609640 672430 711531 764047 422106 628464 221488 83603 682615 386390 255251 615912 802647 420192 422516 141215 300571 388530 224206 330861 343610 313310 544702 182018 305383 248055 725282 228302 192167 801207 218035 493846 283902 283840 294449 311268 275221 116960 742740 533030 695790 222421 223284 441901 645424 473854 808462 606890 217904 785750 201535 553592 608444 287653 193088 204674 226128 341703 418296 648686 775213 183192 215376 88771 348867 243211 723738 294162 647014 462797 289653 695562 451480 657936 304174 444584 481360
571218 993977 485179 464078 436190 79298 697966 243886 610173 753818 999999999 515452 921397 633106 627946 864198 633008 257043 312864 429900 720557 871187 366737 599852 727833 866176 466675 971657 429824 562425 671915 72668 729056 506482 138618 111765 954709 989910 782862 1038270 388724 806209 676757 995043 572920 782768 692114 448848 1000549 114827 836381 631817 217235 794291 279965 497384 771080 670626 665587 497829 674473 344207 721609 145431 930522 891828 751981 965075 882250 443490 426264 844861 459220 814169 447228 568566 743340 946834 681541 921992 944760 713913 107644 508930 712012 806909 785316 678521 848196 767405 505433 791911 402816 773947 484864 650069 253704 769396 490920 827911
234253 479422 228652 378935 355756 447488 313055 683053 207297 246201 515452 999999999 413580 213810 353155 767032 143350 584269 354721 92244 214510 543943 213189 543175 644882 729592 625573 585491 412747 61077 172244 443145 433287 9120 376839 576136 575929 594693 272343 544579 199187 313396 263900 551444 168678 574002 266890 90079 487651 502251 339739 213252 594097 301360 247994 53934 308531 329115 338273 37921 159536 571047 536818 477699 417326 431780 485334 725052 573380 656611 471827 400751 641853 313538 429705 433937 288778 436209 272642 410515 524914 348442 413818 648237 285270 374752 300130 375385 416101 699284 180478 652299 313379 395970 572491 438407 464946 317090 249799 551459
520512 165681 492102 628977 625787 857851 334955 1056857 454346 168106 921397 413580 999999999 325772 606056 825874 349214 936945 754529 505518 267870 454172 616700 717554 756389 765918 898012 388224 778906 383404 249554 850416 456198 422673 783722 967491 394814 378712 216425 148601 550121 279466 441894 265811 456046 604774 289449 472606 90370 889528 263297 327067 960305 280790 661521 448261 359377 390986 407960 440930 269331 890292 609739 858906 164315 182088 505101 661634 492007 946973 744436 218728 921456 250414 689223 740537 375642 32809 311768 181766 299524 516270 815821 903946 278980 245463 156952 437878 245036 803086 446918 713530 611536 339872 825066 546208 814175 380664 592156 520992
437216 456722 167885 305558 300349 581525 99458 739368 394108 191128 633106 213810 325772 999999999 554796 595871 287131 614590 550987 285604 292924 330724 412875 419995 491674 549058 576148 376613 623333 239750 130512 567080 231448 219076 502696 661417 365417 388219 314290 414018 244872 390802 432183 366005 364798 384692 60893 209586 415522 582391 403554 1351 641319 381572 413964 267728 428241 126087 139693 251575 222097 564567 360591 548769 413436 258722 286933 519120 361315 622962 420439 213193 598691 374692 365950 646696 421023 357242 59661 417160 325713 523943 525475 585517 81295 177962 169864 179671 220513 544626 129773 477699 286622 182361 505934 270236 492825 444877 463304 345442
118960 567632 573466 708565 680061 549075 652760 859452 165709 485917 627946 353155 606056 554796 999999999 1118291 283521 807149 321536 334140 341787 882450 286149 882791 992538 1082415 918034 899300 248370 315155 459572 565436 783061 351728 519894 728542 894029 903004 389879 754605 508313 343448 164609 829420 190001 926978 596920 416239 638653 678017 371309 554581 795501 337198 384429 304256 265265 677538 688244 320944 372330 833137 889715 671506 504629 709082 836501 1073504 914872 933823 779928 697471 928130 369459 749394 144507 240275 611252 608919 486211 824396 117919 567026 948846 611570 684117 571635 726488 719773 1046700 530710 1004633 630345 729641 881118 791117 710822 248242 147403 899617
1000155 989627 546311 439133 472059 868140 521179 782734 972071 764619 864198 767032 825874 595871 1118291 999999999 877379 655864 988064 791623 888228 387573 889350 268782 139025 65875 441477 509130 1101927 814535 724395 838312 378705 767493 806510 807455 490453 532648 902305 813616 630137 982675 1020168 642583 935450 222068 583846 704282 906111 754134 991485 595453 707932 974326 828430 814091 1024106 473633 457972 797503 817966 550318 235327 719544 967923 652804 324483 244465 354928 496085 438629 607874 463371 963538 428546 1175170 1016451 856929 562355 978002 572681 1110085 790897 405472 581438 581170 697110 418439 582867 97651 587643 118266 523188 487929 390409 330328 610869 1040675 995224 308431
178102 370056 359800 515331 494440 559379 380017 817678 117999 206271 633008 143350 349214 287131 283521 877379 999999999 724592 413864 206404 91745 605172 284684 671424 763534 833775 767834 615878 429693 82383 177414 560448 518490 149425 496404 704590 610921 619488 156175 495013 342483 175308 145095 549028 107987 671041 320339 233428 404666 633894 204268 287234 731676 163197 353985 137786 165674 413199 426349 141994 89836 714265 642682 612246 303963 427678 574064 803281 639157 799786 612894 414024 784583 181178 568689 402180 147937 363078 335264 292723 541114 236984 537748 789404 333028 400965 289244 466147 436260 817724 306909 760000 454523 451741 712724 547373 606689 175728 243054 630607
722763 1045695 446722 344301 331268 305278 645347 139242 742164 781065 257043 584269 936945 614590 807149 655864 724592 999999999 526185 524454 797961 759379 521677 413999 529267 671571 224070 880831 653452 643262 698431 275946 624054 576957 295560 163715 861242 902789 852134 1025910 395543 897585 810502 939494 699650 627664 663220 496809 1024755 149186 923938 613247 52292 885521 422906 590170 884308 601642 590665 583188 735578 105586 566133 139714 989520 857906 628524 802296 759882 189762 252309 804248 210727 897383 298383 780889 860356 967024 645635 986100 877215 869389 251519 265982 680095 763112 783758 588271 799064 558539 490036 606672 329401 703164 265703 522579 123129 888571 660212 697008
291276 781403 472267 548961 516070 236636 643705 553080 346836 592959 312864 354721 754529 550987 321536 988064 413864 526185 999999999 267640 505111 863748 141532 724038 850459 969347 684195 927284 128395 371811 525799 258755 732876 346564 231491 419792 915281 939204 569204 893505 368581 566153 404541 905083 321217 841196 610094 343292 817278 382713 597810 550066 503365 555437 160416 309734 511513 641595 644745 320402 485375 577893 788838 386510 714700 786241 774850 1014906 886923 683871 577839 752986 687187 582066 567497 257712 482203 772384 610168 701389 874253 420092 274697 721823 629918 723992 654438 673535 766227 900543 457182 889092 464912 728784 669253 695219 455928 504117 201747 849787
222713 564473 245734 374425 346108 359223 381434 612045 222997 338388 429900 92244 505518 285604 334140 791623 206404 524454 267640 999999999 291130 607984 127507 549251 662099 760677 595654 662122 340037 132525 263827 357248 486050 83266 291944 498237 651007 673131 352992 636692 174683 381674 289750 637716 179672 614058 343558 89504 578261 427671 410591 284774 528008 369573 156739 68638 360320 386994 393022 68005 246146 525707 569953 406954 500668 519605 534012 776273 634445 619173 450130 485378 608777 386745 416377 385605 335939 527641 345213 492128 606862 360439 331971 623149 363124 456510 390687 426470 498665 715870 211993 681258 297009 466340 551922 471478 410896 364123 203611 605033
252807 278436 402879 560471 543602 648154 372447 897330 186481 152307 720557 214510 267870 292924 341787 888228 91745 797961 505111 291130 999999999 583382 376329 703364 783781 839629 822694 574412 514871 159327 164011 647893 516281 222410 582982 788098 572337 574655 64435 416056 406731 104491 181145 490969 191351 673613 309290 301257 315921 715522 126918 293442 808589 93381 442962 223179 137496 415153 430404 223817 73104 779297 653166 691855 212575 373103 572612 789122 619519 859123 665358 370198 841280 99507 617254 473072 136681 277973 328644 202123 493537 266410 622948 840779 316981 365765 241074 470185 395312 837082 348362 769970 509196 432259 762346 562886 677568 156176 327942 620537
766213 619844 400948 420176 441723 839999 231285 898341 718819 436843 871187 543943 454172 330724 882450 387573 605172 759379 863748 607984 583382 999999999 732190 386375 358957 323270 619674 135954 948019 568924 428921 817785 142133 548690 762351 862853 115003 160762 577340 426372 508905 660408 748196 256444 692879 186040 285667 522829 527404 788490 661118 331168 802174 654725 712639 597852 719291 222241 219412 581431 524773 672336 225229 750600 609115 273607 132134 210600 38114 679915 509344 237958 646552 636181 461002 977398 719949 483008 273967 622454 185410 839796 769934 605670 272144 224147 353288 195657 210489 391785 406820 289802 468690 153431 541808 236951 659231 738981 793723 85087
206923 654734 353004 456103 424493 288528 507810 582688 243677 453177 366737 213189 616700 412875 286149 889350 284684 521677 141532 127507 376329 732190 999999999 634290 755068 864060 637944 789475 218575 233309 384493 297116 606113 205043 242012 456014 778165 800616 440746 753683 259225 449233 310022 763842 208027 725477 471057 209391 682843 397862 480447 412021 512500 437754 98880 169294 406479 510223 514968 179184 348756 548040 677158 387880 588616 644769 651503 893512 757357 650055 508985 612072 646269 461324 486640 291576 378158 635920 472413 576971 734206 352870 288712 671024 490631 583812 513014 546396 625868 807454 329167 783820 372480 592869 607841 580339 425179 403551 138789 724549
767820 867370 314539 178187 210076 600053 382656 550219 750159 609640 599852 543175 717554 419995 882791 268782 671424 413999 724038 549251 703364 386375 634290 999999999 129873 266396 236325 520849 841503 598184 548181 570538 282327 541559 537728 552720 499886 545269 732708 753962 378255 805677 806173 617711 710003 222176 433880 467471 806601 492948 821172 419101 463905 795556 565929 583510 831157 326618 309599 568000 630277 312822 165269 456925 830225 576599 258475 389171 375202 297361 174120 522023 263113 792096 159846 924516 817996 750360 410559 835469 546434 891579 522749 219368 440557 484002 565918 281665 505110 176847 365142 194618 262163 395632 161368 175206 348956 844685 750259 308815
875470 915155 419096 301664 334463 729757 431227 661048 851772 672430 727833 644882 756389 491674 992538 139025 763534 529267 850459 662099 783781 358957 755068 129873 999999999 142306 326446 493474 965745 695826 622159 700116 300387 644492 667554 675642 472861 518281 804880 767897 496375 882454 903516 611434 813487 172977 490644 576538 841845 619208 894392 491045 580669 873242 691281 689438 916871 378140 361205 673209 711683 424678 147357 583898 885900 595951 255722 295366 336060 385399 301591 545194 351058 865734 289540 1043038 906697 788677 467784 893774 538974 991754 652469 296417 492236 512285 614836 324601 523445 54413 464404 87801 386029 418057 264662 221742 475368 932148 865204 273932
963705 930396 515068 423607 456410 864085 469248 802966 932292 711531 866176 729592 765918 549058 1082415 65875 833775 671571 969347 760677 839629 323270 864060 266396 142306 999999999 466021 443402 1079409 774333 675628 835115 325277 730713 798722 817138 424832 466856 850604 749616 605532 931845 977746 577481 897044 166859 532439 672064 844833 759135 939347 548746 722966 923893 808995 778402 976365 424552 409695 761601 770570 566915 192787 723274 910752 590946 269646 182779 289919 523637 440440 547385 489764 911773 422133 1145949 970027 796606 511707 921453 507969 1068498 786828 433463 528572 522267 641090 369736 521861 123997 552504 80365 505807 430140 406742 291303 615128 993535 963959 246028
815770 1032244 423294 270733 280925 496463 571344 342109 817439 764047 466675 625573 898012 576148 918034 441477 767834 224070 684195 595654 822694 619674 637944 236325 326446 466021 999999999 752188 811844 686420 689104 465056 502815 620709 459681 386051 731392 776180 865675 957685 427863 927070 882137 838311 774273 457969 608831 536579 988380 351937 948466 574952 275920 915664 547171 649915 933508 518046 502941 637999 752048 122992 401540 325817 985373 780799 488944 616685 610689 61095 158026 725224 26892 919825 210475 922904 914350 930329 587055 986598 769145 956092 426495 42425 620934 684705 741218 485976 712829 346233 477113 411150 313966 605779 78541 392396 230612 942645 772726 544445
788659 548821 488672 537322 554930 932941 285161 1018832 733599 422106 971657 585491 388224 376613 899300 509130 615878 880831 927284 662122 574412 135954 789475 520849 493474 443402 752188 999999999 998023 597133 440437 913355 256920 591878 853934 973702 21004 24850 553509 322864 593256 634113 751145 141622 714631 320599 319140 584495 445832 897205 628338 377483 921234 630759 785453 638457 702924 301747 306072 623316 528255 798347 361088 859836 551826 211834 263308 294806 158292 811921 634502 204239 779002 607073 583536 1008745 709113 411793 317181 568133 88723 839979 867061 739760 300282 215599 333338 296550 180000 523606 481108 420464 574511 201535 673915 363207 774847 723867 830060 219951
268216 778456 571187 664360 631822 357622 720713 673121 334081 628464 429824 412747 778906 623333 248370 1101927 429693 653452 128395 340037 514871 948019 218575 841503 965745 1079409 811844 998023 999999999 411248 573176 382419 824145 406175 359600 539837 988011 1007439 575602 924197 473985 553925 375637 959456 323657 943579 678994 426482 830495 508365 584909 622605 628835 544792 276074 360593 486454 726773 732239 375104 513337 706269 894323 513953 712204 838006 870008 1112071 974215 812223 701409 811566 815248 574869 687593 142800 457771 792042 682933 696293 937014 362707 401997 849066 697743 787201 700905 764423 828164 1017004 547441 999053 579924 805274 794767 798132 584150 474218 187019 942776
197517 432197 284174 437319 415117 491371 338246 738992 157976 221488 562425 61077 383404 239750 315155 814535 82383 643262 371811 132525 159327 568924 233309 598184 695826 774333 686420 597133 411248 999999999 162201 489774 468343 67056 424391 628781 589522 603957 220513 521832 260262 254612 208204 548617 125270 615159 284683 151106 450855 556468 281987 239508 651566 242510 287308 66693 247463 362643 373800 64680 116337 631883 581809 533442 368167 426938 522339 758368 600561 717686 532227 403003 702839 256761 489249 412004 227999 402823 294958 359642 529898 296023 463796 708709 300849 382315 289687 412546 421609 750217 233228 698427 373750 417183 632596 484426 524756 256243 233789 584497
348286 348593 266557 419798 408448 609256 209571 812880 293981 83603 671915 172244 249554 130512 459572 724395 177414 698431 525799 263827 164011 428921 384493 548181 622159 675628 689104 440437 573176 162201 999999999 601118 352750 180935 534454 719219 434581 445473 184560 373366 305092 260297 319281 386427 274327 509711 147091 223077 331498 641754 273441 131174 717926 251145 416682 216775 300941 251145 266465 205398 96996 662625 489507 612189 297023 264832 409067 630341 463629 731513 531262 242000 710000 244478 479228 569647 296459 275945 165246 297521 369390 410896 566270 702442 157389 224877 128887 306198 262122 675022 214436 606129 383300 275671 622911 400617 575331 318662 395274 459534
503023 921413 424912 421531 391518 31447 635918 295490 539823 682615 72668 443145 850416 567080 565436 838312 560448 275946 258755 357248 647893 817785 297116 570538 700116 835115 465056 913355 382419 489774 601118 999999999 675995 434152 66704 163229 897007 930830 710199 969112 324363 733859 606883 931006 501916 740706 626758 378237 928904 127397 763952 565812 246908 721922 207918 424718 699743 611636 607723 425190 602009 346643 680622 141400 857889 825560 702568 923017 830991 451126 400428 779730 461734 741620 413032 516467 672198 875510 617244 849328 882776 647116 49085 506273 646849 742488 716198 623309 784190 742965 441037 758625 352899 713927 471365 603402 238168 698493 425160 779187
664519 616380 263486 281348 301050 698559 144249 762302 624659 386390 729056 433287 456198 231448 783061 378705 518490 624054 732876 486050 516281 142133 606113 282327 300387 325277 502815 256920 824145 468343 352750 675995 999999999 436552 621276 722022 237197 279347 525355 474295 371361 606790 663576 336557 593554 158422 207577 397859 541476 647079 614073 231402 665065 599011 578313 486108 653583 105826 95038 469202 449006 541909 153548 609270 590707 298591 56331 291851 156629 561130 378018 246030 529302 586509 326629 865642 648913 488392 187639 600097 266472 755376 628013 495130 203312 211962 319182 59724 226072 347047 277021 261952 326599 118131 424297 110493 520000 671411 680818 119025
233003 488228 227220 376002 352282 438410 318093 674978 208602 255251 506482 9120 422673 219076 351728 767493 149425 576957 346564 83266 222410 548690 205043 541559 644492 730713 620709 591878 406175 67056 180935 434152 436552 999999999 367875 567587 582104 601327 280710 553472 193660 320629 266627 559201 169077 575975 273012 84399 496765 493882 347253 218476 586334 308568 238886 49594 314097 332820 341609 32822 168337 564847 537992 469563 425992 439763 488187 728390 577783 651126 467511 408205 636729 321248 426067 429826 293815 445327 278180 419041 532016 350079 405005 643815 291598 381753 308596 378352 423248 698874 180239 653138 309163 401394 568403 439433 457972 322191 245350 554952
448928 855546 365366 378382 346847 79302 574189 341048 481568 615912 138618 376839 783722 502696 519894 806510 496404 295560 231491 291944 582982 762351 242012 537728 667554 798722 459681 853934 359600 424391 534454 66704 621276 367875 999999999 214390 838059 870810 644902 902882 261998 670562 549365 867554 442399 695106 562732 311643 862242 158170 700360 501444 277044 658567 147382 359876 639108 552311 549313 359729 535928 348419 636299 155969 792301 760803 650811 876708 777261 454546 373814 715694 460234 677535 378069 485355 612026 808808 553942 784033 820735 594713 47166 499126 582924 678941 650031 567008 720877 713053 378071 720671 303827 653551 454823 554548 229125 638782 375779 727718
662883 1054557 500945 443798 421145 183180 713232 133405 695785 802647 111765 576136 967491 661417 728542 807455 704590 163715 419792 498237 788098 862853 456014 552720 675642 817138 386051 973702 539837 628781 719219 163229 722022 567587 214390 999999999 955432 993752 848112 1074190 419227 879745 763690 1012652 656225 753197 717253 499221 1050692 79042 908823 660078 115636 867663 361561 566873 851955 678390 670689 564486 735266 264020 691131 114502 993334 917585 736921 933250 869179 353347 380143 867302 374116 884846 413328 677007 825262 994976 703562 986627 956777 808128 168896 428325 736233 827545 823090 677181 867086 709810 531648 747330 399621 782624 418510 631542 207895 852286 587295 810323
782368 556988 472695 518030 536093 916951 272015 999392 728340 420192 954709 575929 394814 365417 894029 490453 610921 861242 915281 651007 572337 115003 778165 499886 472861 424832 731392 21004 988011 589522 434581 897007 237197 582104 838059 955432 999999999 45760 553719 336354 577959 634987 747719 156270 708290 299935 309093 572151 455566 879166 630247 366236 901939 631248 772001 629184 702394 285759 289336 613820 524070 778219 340098 841712 557606 215684 242471 280116 138203 791177 614416 202597 758214 608321 563702 1001458 707727 419472 305794 573456 96542 837147 850477 718833 290745 209957 331520 278286 177026 503443 466776 400423 556548 187497 653148 342830 755903 723187 821802 199186
793675 537109 505927 558931 575893 949939 299429 1040550 737426 422516 989910 594693 378712 388219 903004 532648 619488 902789 939204 673131 574655 160762 800616 545269 518281 466856 776180 24850 1007439 603957 445473 930830 279347 601327 870810 993752 45760 999999999 551087 305496 609543 630778 752763 124063 719780 345426 329589 597102 432497 916950 623794 389146 942751 627882 799269 647238 701158 319360 324587 632389 531093 821147 385838 879707 542877 206727 287451 315068 182910 835803 657264 205762 802975 603337 605922 1014821 708352 400932 329226 559689 82227 840809 884863 764064 310219 221644 333993 316999 183447 548192 496310 444986 594274 217336 697851 386507 795886 722252 837427 244799
310393 214088 442823 599328 585018 711153 381442 954994 243504 141215 782862 272343 216425 314290 389879 902305 156175 852134 569204 352992 64435 577340 440746 732708 804880 850604 865675 553509 575602 220513 184560 710199 525355 280710 644902 848112 553719 551087 999999999 364822 458048 83092 225516 457696 253153 683769 318489 355850 255217 774584 89534 315046 864801 77801 506222 285728 150677 429356 445615 285186 116705 828608 668931 749837 148518 345248 581275 786422 614567 904709 707720 351616 885314 61233 657631 526212 161977 221920 340024 139136 468961 301640 684095 881526 322221 354362 225098 484448 378333 857218 388655 784280 554155 430867 802390 583139 730664 172033 389153 622478
668314 256809 580386 697736 701014 979438 387676 1152969 602415 300571 1038270 544579 148601 414018 754605 813616 495013 1025910 893505 636692 416056 426372 753683 753962 767897 749616 957685 322864 924197 521832 373366 969112 474295 553472 902882 1074190 336354 305496 364822 999999999 655284 424035 590338 181521 602571 601787 362694 592108 146785 995286 404738 415369 1054608 426465 789991 584389 504980 439715 454756 575258 411534 967443 621576 962291 286838 177706 512524 616416 460844 1011321 811901 233028 982782 395174 756068 888988 522659 146921 380676 306970 243565 663275 931120 957356 346043 273060 252960 474693 248890 808493 543242 710536 696513 358362 881135 578776 905368 526020 737994 506095
397227 650521 108043 201192 171822 341300 312195 507843 391354 388530 388724 199187 550121 244872 508313 630137 342483 395543 368581 174683 406731 508905 259225 378255 496375 605532 427863 593256 473985 260262 305092 324363 371361 193660 261998 419227 577959 609543 458048 655284 999999999 509154 454824 606764 348593 472639 303422 109261 635362 340559 533609 243564 412960 497302 209611 222568 507681 292612 291327 210200 341347 372939 421103 308939 593978 503449 409039 647099 527775 457474 277446 456139 443312 506102 241732 546944 487406 578621 293032 590715 558778 531781 281234 452572 323289 418372 403865 313778 459914 549185 116791 525200 122336 392210 379191 326656 273123 515807 372299 485161
285983 226054 507289 664855 648093 731321 462620 992829 221981 224206 806209 313396 279466 390802 343448 982675 175308 897585 566153 381674 104491 660408 449233 805677 882454 931845 927070 634113 553925 254612 260297 733859 606790 320629 670562 879745 634987 630778 83092 424035 509154 999999999 182217 533091 245213 765107 399408 402156 297249 809199 31661 391450 906128 12124 526361 313081 81441 509140 525093 316915 176749 882063 748558 787336 161500 424223 662875 869509 697654 963069 769808 433459 945522 29054 721736 485795 103258 277240 420421 143815 548553 241305 712529 945270 404065 437258 307881 564332 460414 935263 452767 864502 613434 513807 866828 660871 778257 102119 372848 705241
113444 408216 491813 642627 618646 598397 524794 886858 68527 330861 676757 263900 441894 432183 164609 1020168 145095 810502 404541 289750 181145 748196 310022 806173 903516 977746 882137 751145 375637 208204 319281 606883 663576 266627 549365 763690 747719 752763 225516 590338 454824 182217 999999999 672021 110916 815699 464474 347945 474629 700807 211907 432272 809444 174754 402149 232295 110841 558224 571231 244945 224488 815456 786073 685581 343580 553499 719107 947925 782731 908119 731847 547228 896488 206658 692164 304328 82197 446653 480003 326027 672420 91977 595011 907390 476346 538560 418868 610958 571205 957871 441407 903233 574234 594887 833312 689854 699851 100170 203466 775513
726865 417863 512504 597332 608226 946659 299425 1073813 666076 343610 995043 551444 265811 366005 829420 642583 549028 939494 905083 637716 490969 256444 763842 617711 611434 577481 838311 141622 959456 548617 386427 931006 336557 559201 867554 1012652 156270 124063 457696 181521 606764 533091 672021 999999999 654518 440046 305310 572264 311043 934098 522207 367197 974865 531793 777648 600663 608158 338056 348865 587606 459197 867428 469661 898243 429499 121972 362523 436119 287655 895715 705167 153529 864576 504620 650765 950765 618923 284347 313763 447447 72517 756145 887813 831651 284970 188616 260787 355556 146861 647211 489997 545980 616426 236937 759944 446844 825178 629587 780985 340292
74084 461779 396079 541577 515950 495589 462836 777749 43326 313310 572920 168678 456046 364798 190001 935450 107987 699650 321217 179672 191351 692879 208027 710003 813487 897044 774273 714631 323657 125270 274327 501916 593554 169077 442399 656225 708290 719780 253153 602571 348593 245213 110916 654518 999999999 739327 407636 244729 507233 591699 276837 364588 699123 234332 295057 127394 198520 487890 498914 142191 196353 705157 704285 575549 395006 532738 647382 883617 725038 798779 626031 515569 787954 260930 588590 296408 170455 468450 419123 380922 643048 183440 487334 800650 422818 499033 393867 537484 536377 867880 349104 820281 469674 540397 727784 606221 589040 196584 136649 709756
808018 767946 372473 319382 349257 767171 302487 766065 772932 544702 782768 574002 604774 384692 926978 222068 671041 627664 841196 614058 673613 186040 725477 222176 172977 166859 457969 320599 943579 615159 509711 740706 158422 575975 695106 753197 299935 345426 683769 601787 472639 765107 815699 440046 739327 999999999 365740 524567 686443 685583 772488 384464 675319 757235 681629 624738 810634 259156 245000 607782 605237 530623 62088 647849 745878 434854 102927 182421 163922 519064 376725 387730 484615 744928 339976 999153 805011 636140 345247 756071 367824 907017 691621 437604 361714 359588 475283 205043 363597 207441 402393 109458 391644 265968 383517 145983 545315 828095 815175 100973
481264 433568 218412 341059 340713 641698 63337 790901 433165 182018 692114 266890 289449 60893 596920 583846 320339 663220 610094 343558 309290 285667 471057 433880 490644 532439 608831 319140 678994 284683 147091 626758 207577 273012 562732 717253 309093 329589 318489 362694 303422 399408 464474 305310 407636 365740 999999999 269950 379795 638222 407643 62040 692319 391496 474684 320310 446766 112512 129459 304799 244080 607197 351198 603877 397570 200540 263821 483689 318971 658696 456535 152982 632532 379718 400966 695827 443355 321964 23355 404168 265202 556391 584557 614524 20403 117081 133486 166870 159620 541755 186997 465897 333831 132763 535617 270366 542825 465017 514168 312448
300371 556414 157994 296897 271359 387402 300420 600255 286540 305383 448848 90079 472606 209586 416239 704282 233428 496809 343292 89504 301257 522829 209391 467471 576538 672064 536579 584495 426482 151106 223077 378237 397859 84399 311643 499221 572151 597102 355850 592108 109261 402156 347945 572264 244729 524567 269950 999999999 553010 423101 427631 208567 509044 390194 205384 117335 398450 300834 305808 103204 239822 481057 480878 396023 496835 458496 445014 687325 548051 566731 384211 418741 552408 400744 344434 474867 378179 498466 267917 491785 535148 428031 343318 560242 290197 386224 339856 338168 428840 630609 122554 592906 226300 385492 485481 382279 376367 406569 291913 516694
565528 110201 581105 719252 715753 934750 424317 1142970 498637 248055 1000549 487651 90370 415522 638653 906111 404666 1024755 817278 578261 315921 527404 682843 806601 841845 844833 988380 445832 830495 450855 331498 928904 541476 496765 862242 1050692 455566 432497 255217 146785 635362 297249 474629 311043 507233 686443 379795 553010 999999999 973245 273285 416805 1047003 302139 734991 517197 378442 480284 497152 511749 334550 979789 694721 943455 145259 254288 588551 730455 564545 1037248 834688 298720 1011804 269825 779521 778538 399898 58282 402052 165749 359043 538421 896076 994257 369083 329574 247253 526072 323250 887458 534861 795713 700602 423965 915410 634348 901797 398495 643727 598899
604130 979281 422111 371534 347131 156174 634676 186067 632432 725282 114827 502251 889528 582391 678017 754134 633894 149186 382713 427671 715522 788490 397862 492948 619208 759135 351937 897205 508365 556468 641754 127397 647079 493882 158170 79042 879166 916950 774584 995286 340559 809199 700807 934098 591699 685583 638222 423101 973245 999999999 837740 581051 120652 797085 300279 496160 785023 600602 593267 492692 660720 229715 623728 38042 918758 838575 664167 866919 796103 330598 318846 788386 345011 813131 346102 639724 759011 917273 624602 912603 878750 750593 111153 394154 657222 748700 744399 600896 788365 656882 452625 686728 322704 704857 371241 559571 144009 786479 533419 738503
317170 196622 527056 684324 668619 761801 470417 1020880 253488 228302 836381 339739 263297 403554 371309 991485 204268 923938 597810 410591 126918 661118 480447 821172 894392 939347 948466 628338 584909 281987 273441 763952 614073 347253 700360 908823 630247 623794 89534 404738 533609 31661 211907 522207 276837 772488 407643 427631 273285 837740 999999999 404288 933426 42710 556675 341954 106562 518788 535091 345094 196457 906216 758348 815335 133541 417106 669836 871083 698700 985631 790837 430331 967390 29112 741884 514416 131291 257902 429349 114902 541656 265900 741981 965698 410781 437111 307833 573846 457684 946751 472593 873528 635406 517181 886916 672650 803993 125708 404333 709242
436953 457871 166543 304350 299082 580282 99928 738017 394010 192167 631817 213252 327067 1351 554581 595453 287234 613247 550066 284774 293442 331168 412021 419101 491045 548746 574952 377483 622605 239508 131174 565812 231402 218476 501444 660078 366236 389146 315046 415369 243564 391450 432272 367197 364588 384464 62040 208567 416805 581051 404288 999999999 639969 382197 412885 267177 428671 125966 139465 250998 222526 563264 360162 547425 414495 260013 286836 519264 361674 621727 419210 214418 597479 375415 364740 646238 421366 358527 60453 418177 326777 524013 524187 584369 82442 179117 171186 179430 221658 544026 128435 477293 285293 183004 504781 269647 491478 445267 462793 345559
716999 1062910 474222 383917 367916 274126 678298 99021 740919 801207 217235 594097 960305 641319 795501 707932 731676 52292 503365 528008 808589 802174 512500 463905 580669 722966 275920 921234 628835 651566 717926 246908 665065 586334 277044 115636 901939 942751 864801 1054608 412960 906128 809444 974865 699123 675319 692319 509044 1047003 120652 933426 639969 999999999 894015 413821 595284 888209 636849 626722 589692 748852 157791 613534 124703 1005052 889371 672188 851316 804091 238953 298781 836486 261693 907582 341840 760306 863288 989710 675761 1000620 914152 863818 230651 317633 709883 795593 809153 626740 832662 610545 514216 657259 360076 739558 317629 566003 150054 891229 649757 742036
276661 234248 496258 653852 636879 719488 454779 980705 212105 218035 794291 301360 280790 381572 337198 974326 163197 885521 555437 369573 93381 654725 437754 795556 873242 923893 915664 630759 544792 242510 251145 721922 599011 308568 658567 867663 631248 627882 77801 426465 497302 12124 174754 531793 234332 757235 391496 390194 302139 797085 42710 382197 894015 999999999 514475 300975 78614 500708 516548 304790 166028 870227 739979 775212 168956 421573 655167 863453 691839 951462 758483 429313 934032 32327 710585 478874 97771 279967 412275 151918 545683 237401 700484 934043 396620 432049 302864 555907 456091 926163 441742 856113 601956 507329 855674 651758 766247 99875 362959 698447
303899 719230 315495 389617 356847 205395 500292 485840 334234 493846 279965 247994 661521 413964 384429 828430 353985 422906 160416 156739 442962 712639 98880 565929 691281 808995 547171 785453 276074 287308 416682 207918 578313 238886 147382 361561 772001 799269 506222 789991 209611 526361 402149 777648 295057 681629 474684 205384 734991 300279 556675 412885 413821 514475 999999999 220895 492185 491789 493267 223929 402452 452430 628690 289147 654603 663320 618066 856709 733832 555789 426988 624126 553879 534918 411532 375867 464899 684132 471157 645027 739640 450511 192883 581972 495020 591341 540511 519600 633967 741936 306690 728721 305305 584508 522802 535729 328981 491522 237318 693769
186174 498349 270646 414199 388610 425460 366988 680240 169379 283902 497384 53934 448261 267728 304256 814091 137786 590170 309734 68638 223179 597852 169294 583510 689438 778402 649915 638457 360593 66693 216775 424718 486108 49594 359876 566873 629184 647238 285728 584389 222568 313081 232295 600663 127394 624738 320310 117335 517197 496160 341954 267177 595284 300975 220895 999999999 294206 382409 391183 16977 182860 586491 585824 474955 433902 480057 537600 777954 627175 676907 499814 451310 664541 318180 461426 380280 270931 468513 326473 424778 576432 310732 400430 675138 338441 426637 345660 427827 467579 743739 226464 700423 342755 449829 601422 487115 474545 299326 195939 604540
