NAME : synthetic_000814
TYPE : CTSP-D
DIMENSION : 100
GROUPS : 8
RELAXATION_LEVEL : 1
EDGE_WEIGHT_TYPE : EXPLICIT
EDGE_WEIGHT_FORMAT : FULL_MATRIX
EDGE_WEIGHT_SECTION
999999999 357742 759108 657348 460452 570896 1072408 892192 906085 580155 891493 1239275 734235 395978 1018039 908442 261311 829666 857431 1112884 533856 487613 843126 935951 102260 586767 759851 378968 900231 784545 641811 812045 508428 471828 725396 252591 965047 687763 306968 1002477 332649 682461 670064 612230 722384 291142 791609 989137 1016127 1009044 435433 515856 755802 910282 642713 849452 841142 1162671 813476 953568 892522 823537 973230 887782 176966 811764 423719 657094 1054727 927627 714683 1054773 464633 868344 725848 539758 991615 702289 819517 1083489 918243 916046 923839 943917 161918 813506 887869 1263719 540311 764975 1108915 302277 538262 637886 949862 514368 787705 795103 999525 50203
357742 999999999 402843 317632 105529 578634 728415 570219 604235 604340 548098 948658 393172 418510 687394 555120 261678 798479 510688 848910 541542 213141 485512 601653 325868 346772 683375 34607 803130 430089 299427 467764 166024 199027 481383 256617 608473 689942 377708 680468 431349 396966 355620 578244 384756 210100 465263 661503 787219 658251 114630 216976 550944 567836 480032 717374 496991 854443 480475 817412 840970 591440 783627 559565 190284 454646 106222 457554 765812 695205 599282 739804 168261 515315 427782 467046 657423 344836 495616 834297 729377 729441 566933 618684 241046 475524 726554 963190 201971 672746 853533 61542 222670 402098 737220 206812 470761 714472 819690 308128
759108 402843 999999999 224410 307772 839543 409928 367892 447799 871227 183663 746957 118518 733193 423897 156546 626981 982600 140499 715987 811573 393947 91680 345923 726388 455284 847048 380164 919737 36578 149000 122570 257881 398533 500279 625778 234146 922716 728537 445832 779837 386431 307228 806939 135211 566734 297018 413623 729329 317981 334625 299992 601176 288056 615782 812289 235364 625496 278387 885722 998436 583447 787625 340017 585477 101306 370951 556854 597395 653862 745011 512721 330664 119175 366755 698461 388017 63236 219111 731574 747075 750360 165070 389883 638810 254925 782738 738295 275797 822932 735954 456887 265844 479401 717264 290129 230567 866858 830060 709060
657348 317632 224410 999999999 215250 623817 415144 256790 306077 656010 407384 647047 312468 537060 369852 362880 465738 758191 364446 571770 598517 200715 256554 284031 598848 232321 622681 314028 698835 260661 268603 344838 265038 211242 283949 467424 331153 701291 549809 365261 596839 167830 87913 586592 320892 407173 152093 344547 548986 354964 319088 354446 383456 253104 391395 592716 183871 543772 163225 671737 774730 378770 587168 243161 504375 199802 233636 332744 470862 463994 520717 427186 351346 333073 162077 481185 339834 172727 431602 571797 541544 544068 339850 302812 510117 158145 569102 655260 117715 598810 583972 379098 326134 255146 522205 338563 432377 642839 628858 610622
460452 105529 307772 215250 999999999 595763 623240 470798 511085 624518 466840 855488 318618 455964 584811 463222 325017 791975 426852 764838 561564 166188 385903 498544 419523 294040 667556 98821 775541 338014 228888 387387 118010 158078 415082 322597 504604 698508 433963 580168 487135 317077 263820 582562 314126 266016 365613 559793 715832 552744 124689 204788 496565 463099 447166 681415 392113 756902 378466 776537 826592 524625 725752 458338 295749 351441 77453 411733 674781 624830 575032 641094 174663 424209 340569 468566 554122 246937 432040 755241 673369 674219 469228 517886 331364 372121 680214 867152 105098 652263 772168 166657 193546 345331 672668 189661 413487 695801 764160 411392
570896 578634 839543 623817 595763 999999999 929300 711206 667229 32527 1022072 904973 895978 181445 832338 986160 355557 258862 978928 743651 39147 451241 880261 782609 470235 396536 215664 611916 352896 875962 816195 950338 712657 450966 441956 365046 932268 119401 265777 792450 240366 503608 561228 71565 896360 381445 657758 799881 604216 915430 689104 789004 387817 795572 277275 342765 753262 882412 692463 433110 323717 472115 511905 727227 587609 822065 518897 340855 747835 542457 230373 812769 744764 954584 549592 143021 824385 779117 1016472 692643 467820 462970 962442 758242 456787 709812 407654 949139 571047 234822 724572 586306 785551 397672 526948 776161 1003423 248310 520744 565392
1072408 728415 409928 415144 623240 929300 999999999 218165 274258 961041 471399 387740 520328 899881 108679 381346 867608 965926 452711 432608 916409 598998 328601 149316 1010875 558066 836933 719500 845807 415492 555265 479552 632917 612842 488275 870820 198060 967349 934529 158694 974666 439853 415242 871287 539001 812168 292557 136701 523718 95705 703871 698567 562308 162137 652983 741682 231835 261550 264007 769971 951461 493050 630369 205159 917626 311840 648754 588476 312656 493780 744542 190368 717854 395367 390004 794122 105587 431382 578098 476637 616316 621922 316263 172423 922950 259888 680936 360653 532624 805179 463789 789817 664394 537785 556525 686072 606322 840763 668141 1025765
892192 570219 367892 256790 470798 711206 218165 999999999 87297 743001 505553 394710 485572 686046 130363 425159 668903 759719 471506 348165 698290 406130 326173 73965 821152 345124 627424 569542 651713 391583 482208 477840 515726 421418 270936 673212 277492 752000 726151 110840 763644 227390 222157 653811 500922 616961 105190 98834 378923 218382 574878 599061 350893 112940 435257 543975 133788 287082 99069 588296 751948 290730 462280 30635 751658 274418 476243 370451 230572 320596 531777 170420 603314 417867 177594 576113 114251 355394 581058 367032 435473 440331 368508 52780 735873 116928 491307 399182 368326 596477 369034 631021 567634 320690 387042 584015 597331 634406 503722 848372
906085 604235 447799 306077 511085 667229 274258 87297 999999999 698111 591685 344624 563983 663445 168766 512166 668995 691739 556833 271353 658528 419407 411751 151229 828009 332391 562868 608225 575345 473587 552470 561127 570948 435484 227293 674427 363040 696447 713042 125394 745799 224012 248653 605395 578450 621692 160264 137913 291665 295447 623652 658740 289692 199149 390212 469389 217855 256591 170194 506676 678869 218865 376867 117904 777304 357973 503829 329311 164836 235201 471904 154573 657423 503956 180864 539033 170485 428962 663733 283819 352895 358017 455803 106184 746178 192917 412296 360408 406091 531015 288860 663270 628905 295646 301459 643132 678247 566530 417912 864871
580155 604340 871227 656010 624518 32527 961041 743001 698111 999999999 1053583 931087 926571 198687 863645 1018221 374668 253458 1010460 768841 63132 482023 912494 814565 480738 429025 228177 637912 360914 907615 846119 981540 741002 481363 473374 383928 964794 108032 278547 823410 247645 536076 593727 96604 926714 404086 690174 831231 627772 947726 715679 816093 416974 827884 308552 360003 785760 910949 724894 446243 321477 500846 532158 759245 605696 854395 547423 372567 776061 568505 254399 842852 771176 986498 581968 175459 856031 810630 1046834 716876 489800 484763 994779 789799 472880 742296 427363 975977 601974 250523 748978 609828 813385 430076 550529 803479 1033342 258851 538913 577334
891493 548098 183663 407384 466840 1022072 471399 505553 591685 1053583 999999999 848204 157258 909812 522882 90074 791779 1165234 43218 847034 993418 573811 180377 462503 873327 638864 1029367 519566 1097803 147103 250296 80334 385012 577074 677179 789436 273680 1106330 898578 557656 951012 565712 487876 990449 169950 732417 457641 523040 882013 377033 456081 385308 778049 403243 798658 989503 374476 721600 431876 1058363 1179405 752960 951830 475181 714553 238665 537829 738823 723157 813776 927154 620351 431588 87730 541255 881508 489137 242957 120365 871689 914968 918706 155268 512613 789110 406756 955701 828523 454101 1004675 871131 593669 357246 661691 879064 382579 157855 1048396 994285 841456
1239275 948658 746957 647047 855488 904973 387740 394710 344624 931087 848204 999999999 865198 951764 326911 758923 991285 833585 823351 166314 908536 757931 684369 401081 1155201 653565 736391 952828 679672 763802 873455 841763 909650 774155 520481 997878 577069 893617 1016120 301256 1039809 560146 593215 834627 882168 949847 495825 333435 315702 475029 966058 993769 527069 459200 652215 604711 515337 127074 493754 578059 792110 443173 434778 416295 1118937 646617 847310 608668 184916 362590 677480 234244 997016 765707 522396 804261 362086 744971 944698 225623 456935 462918 694106 359905 1077691 510015 529792 57276 750594 704709 193831 1007334 962298 605654 388752 978700 967593 723599 454093 1200487
734235 393172 118518 312468 318618 895978 520328 485572 563983 926571 157258 865198 999999999 770846 541193 191976 642700 1060559 125610 833356 864852 444805 191943 464273 717363 530760 927132 363646 1010281 104869 93838 78606 228562 445269 596159 639698 332704 988183 752579 564191 805709 480174 400024 871212 19108 584334 409687 531782 841400 425996 298832 231745 695919 406073 695070 904855 353663 743196 393891 983914 1082259 686698 893513 458088 557295 218709 393145 640809 715517 763051 826482 631000 275676 154725 468031 759119 505345 142284 121965 847350 850476 853371 234625 508396 634108 371206 881130 855668 325601 905310 852666 436984 201809 563237 825030 227423 120141 949647 935730 684202
395978 418510 733193 537060 455964 181445 899881 686046 663445 198687 909812 951764 770846 999999999 815125 887118 176223 436841 867544 802088 142525 340976 788563 750617 293958 341818 365191 452917 506269 768385 684121 833429 567492 334923 440826 185364 864777 300845 89496 783103 89528 460074 495433 216256 768243 210924 610514 782617 679512 867772 532473 634523 427028 749880 301257 466137 695506 905305 642854 567760 497434 509072 611483 694964 407054 735579 379049 344334 777684 601297 332933 817299 586768 851911 510015 159733 799701 670305 887316 760033 559587 556118 873883 737540 275343 654968 515450 988417 457397 372986 789715 416811 635874 368384 605362 623175 869449 400408 630794 386373
1018039 687394 423897 369852 584811 832338 108679 130363 168766 863645 522882 326911 541193 815125 999999999 434448 798648 859014 496773 338792 821632 534155 357605 87016 949348 474992 731260 683383 737299 438387 558220 514933 614369 549130 390419 802792 256501 864941 856427 50354 893541 357595 348923 772106 558702 746043 226431 32689 418100 161289 679661 690220 458407 137106 555103 633567 202781 202371 207018 661389 843350 386471 522460 130266 872592 322695 598211 492071 214677 385216 640656 98637 701714 439260 307900 700444 35880 429536 617789 377274 507669 513265 370405 77841 863307 213134 572324 314478 486103 699269 367905 748790 657066 448077 448303 676240 641014 734059 560701 973314
908442 555120 156546 362880 463222 986160 381346 425159 512166 1018221 90074 758923 191976 887118 434448 999999999 783525 1113123 78699 762127 959844 546550 110884 377440 880267 594530 976631 530237 1036590 125345 272736 120576 400978 552205 616839 782294 183617 1063601 884677 470687 935722 509940 435708 949352 209668 723280 387936 435984 803681 286979 476475 421583 716838 319001 748911 927564 297901 632167 359217 991289 1122823 684897 878960 394549 732899 172724 527488 686566 637655 739199 874305 532384 461906 40143 479998 843815 401216 219549 202520 789021 844701 848745 65216 428157 793357 334119 889338 738640 430348 950437 787124 606556 389936 610959 805141 415602 236075 993494 921249 858250
261311 261678 626981 465738 325017 355557 867608 668903 668995 374668 791779 991285 642700 176223 798648 783525 999999999 604619 751477 857923 316412 269102 696104 722640 166202 338907 515873 296021 653063 659468 550958 712404 423303 256154 472030 9919 794984 474481 116806 775976 170067 446349 452676 378697 636928 60371 576285 767698 756122 818312 375719 477693 495421 707926 381428 593486 644086 923898 603602 698105 660459 565621 712067 670047 232327 651068 256050 397476 808362 668613 459548 822002 427086 745513 493849 288815 776525 564151 752208 825765 657008 654865 781721 721661 109652 609307 628214 1019713 361444 516468 852132 247748 484304 385721 688928 468229 729705 550694 738908 236147
829666 798479 982600 758191 791975 258862 965926 759719 691739 253458 1165234 833585 1060559 436841 859014 1113123 604619 999999999 1122460 667713 295934 629809 1002525 833517 728723 529993 136564 829219 160530 1018819 992709 1102194 909513 635077 502716 614432 1020098 146668 523717 811577 498932 603300 678259 226456 1064793 620335 740708 829307 518230 977738 900903 995080 409979 863624 366898 233275 840453 848150 774778 266265 72254 472884 399416 783569 836268 940945 720045 426843 715019 493991 238823 810595 956654 1087627 637061 331909 861950 928456 1182438 607987 379694 373544 1076597 796101 710175 797112 306120 886133 740510 164638 640017 817269 985492 503579 449127 980655 1176256 125376 386812 822976
857431 510688 140499 364446 426852 978928 452711 471506 556833 1010460 43218 823351 125610 867544 496773 78699 751477 1122460 999999999 815657 950358 530956 145366 432244 836411 595756 986677 483034 1056209 103962 215687 47413 349458 534397 635712 749333 254928 1063123 857430 529159 909690 523660 445484 947232 140991 691900 418980 494776 846002 357263 422238 357148 736642 372558 755795 948090 339029 697387 394379 1018041 1137091 713154 913360 441410 680700 200693 496835 696201 692563 776106 884506 593133 401196 57795 500167 838309 462264 199835 125909 838395 875650 879289 138842 481567 751430 369382 915264 806042 411377 962142 838909 557943 327417 618975 841060 353032 157811 1005921 955843 807291
1112884 848910 715987 571770 764838 743651 432608 348165 271353 768841 847034 166314 833356 802088 338792 762127 857923 667713 815657 999999999 749305 645358 670692 384748 1023768 527574 570429 858166 515097 739558 823787 824973 836177 661408 387512 865275 592186 728129 871511 294644 891150 451979 502385 672735 848355 821743 431251 328968 149529 500077 883348 926190 375072 443792 500837 438397 481631 206676 440818 415222 627796 294994 269856 376764 1006607 621891 743849 464550 125108 202700 514553 243195 921150 760162 424296 649928 366686 700056 928497 61192 290642 296615 700632 334421 951063 462487 363487 218562 660535 538905 33958 904353 897353 475094 222715 910330 945449 557301 292322 1077299
533856 541542 811573 598517 561564 39147 916409 698290 658528 63132 993418 908536 864852 142525 821632 959844 316412 295934 950358 749305 999999999 420755 855053 768645 432790 374807 241786 575026 381608 847862 783754 920736 677934 419587 431683 325900 911783 158424 227856 783228 205236 485433 539341 89580 864725 342854 640093 789029 613177 898798 652655 752992 385789 778904 268872 362253 734039 880524 674532 456650 359205 470766 526381 712944 548465 797651 484413 329685 746945 546983 241455 806598 708191 927540 532641 122896 812095 750547 984837 700179 479909 475374 938020 746486 417824 690949 423438 951129 540842 257365 731724 548076 750257 380850 536140 740357 970949 275761 538034 527356
487613 213141 393947 200715 166188 451241 598998 406130 419407 482023 573811 757931 444805 340976 534155 546550 269102 629809 530956 645358 420755 999999999 447736 455484 415206 134032 502924 232077 609360 429724 367416 500141 281260 16229 269147 271955 531858 545258 349103 515702 396549 197785 185472 428242 445629 213211 309139 504166 575381 549656 286547 370851 338737 438869 281008 516008 375222 675754 335136 612546 661844 378854 571033 404317 362049 395911 108503 248455 573075 483282 409115 567160 339494 511977 238647 315087 510151 331722 565646 626323 517128 517397 533232 458442 329814 340233 518160 778889 120114 486701 647312 262372 357658 189015 524123 355545 554125 530453 607693 445577
843126 485512 91680 256554 385903 880261 328601 326173 411751 912494 180377 684369 191943 788563 357605 110884 696104 1002525 145366 670692 855053 447736 999999999 288482 805280 486426 866002 465158 925955 87494 239897 157427 347581 454941 506011 695795 143725 955062 792112 386743 841863 399250 325833 841499 210770 635763 279077 352774 701681 234056 424195 391534 606116 228689 638912 816998 194190 559768 252010 881954 1011940 575746 772346 296047 671361 61844 442107 576170 548063 633727 763702 451919 422145 92911 369174 737494 322284 140966 260762 693029 736608 740507 85879 337063 716760 226845 779732 670602 336269 839672 693666 541719 357441 500951 699210 381797 283486 882676 814757 793319
935951 601653 345923 284031 498544 782609 149316 73965 151229 814565 462503 401081 464273 750617 87016 377440 722640 833517 432244 384748 768645 455484 288482 999999999 869890 408799 701374 596970 723780 363919 475183 445151 527599 469961 343861 726282 214710 825451 786367 99918 825867 290558 270196 726251 481127 668464 146430 68454 436493 145443 592648 604412 424855 59794 507576 616528 117166 281285 122564 657645 824992 363525 527616 55939 787832 246024 514357 442320 260655 386133 605686 166840 615029 376040 240690 646078 55908 346288 548836 412799 504026 509098 316647 51209 782972 126474 562161 394896 400967 670393 409787 663128 571485 389027 452185 590254 569222 708179 568314 890577
102260 325868 726388 598848 419523 470235 1010875 821152 828009 480738 873327 1155201 717363 293958 949348 880267 166202 728723 836411 1023768 432790 415206 805280 869890 999999999 501705 657591 353794 797987 754993 623554 793027 488817 400250 637238 158535 918485 587883 205271 930193 234368 604094 600507 510203 707726 206375 723877 919347 922041 953678 422705 514890 661262 849174 545344 748131 782000 1084120 748386 852067 790948 731810 875018 819410 184076 767946 368969 563611 971541 834776 613311 979351 461983 840635 649768 438026 924923 666345 813386 991961 820317 817927 888738 873574 89247 750989 787943 1182184 485012 662808 1018261 281369 531825 550389 854209 510221 784810 692843 900349 99014
586767 346772 455284 232321 294040 396536 558066 345124 332391 429025 638864 653565 530760 341818 474992 594530 338907 529993 595756 527574 374807 134032 486426 408799 501705 999999999 396437 366067 488626 491794 466551 573123 402647 147746 141519 345042 537030 469109 382311 445948 418557 118282 164731 355073 535509 296388 270176 442738 445854 529096 417511 495513 204753 409998 164685 389843 360403 585525 303538 482836 552563 248486 437020 353172 482552 427002 242521 118401 469869 353977 296456 486673 468703 565367 168266 253629 458262 399182 652554 502749 383105 383409 567102 397175 424879 318001 386214 680893 217409 375418 526007 393525 478384 55940 391445 479656 647379 419808 473701 549966
759851 683375 847048 622681 667556 215664 836933 627424 562868 228177 1029367 736391 927132 365191 731260 976631 515873 136564 986677 570429 241786 502924 866002 701374 657591 396437 999999999 712453 141265 883173 861603 967129 784062 509583 366884 525784 884635 159445 454662 685015 442653 466762 542019 153032 931932 521149 604811 700779 422707 844745 780871 871998 276574 729468 232152 137438 704604 736806 639035 218102 159038 345151 314739 650372 742115 804404 598347 290629 601617 381662 102355 689153 836122 951331 500653 228193 732147 793624 1048840 513722 280659 274906 940061 665769 624962 661141 210649 785926 609900 32703 546258 708142 860398 367706 347716 857122 1043737 35255 315524 745988
378968 34607 380164 314028 98821 611916 719500 569542 608225 637912 519566 952828 363646 452917 683383 530237 296021 829219 483034 858166 575026 232077 465158 596970 353794 366067 712453 999999999 830159 405823 269813 439290 135267 219147 497220 290813 592013 722502 412190 678985 465806 407267 359965 610146 354442 244707 464352 658547 801890 646293 80026 182370 570806 560323 505162 742443 489216 855419 477220 841467 870512 607435 802933 557148 206324 437745 123585 479434 771236 710124 626614 739783 133893 490235 434817 498321 652441 324194 463591 845879 749168 749467 545009 616706 270933 470501 749071 965357 202438 700962 864088 76726 188576 420609 754284 172290 437950 743094 839762 328899
900231 803130 919737 698835 775541 352896 845807 651713 575345 360914 1097803 679672 1010281 506269 737299 1036590 653063 160530 1056209 515097 381608 609360 925955 723780 797987 488626 141265 830159 999999999 954760 953157 1041973 888966 618351 420666 662936 923489 271940 595694 688025 583778 533315 612910 293795 1017206 654120 651657 709707 366763 869216 894016 980036 319972 761363 328400 109293 749185 703811 683679 105846 112794 361403 245242 678439 875869 864219 711357 371960 574160 357101 203965 678336 948131 1015465 557129 364248 745003 871540 1130346 454439 235688 229604 993263 681504 762581 707729 165570 733516 706031 136630 485872 833049 965227 448329 303657 964574 1129367 106289 228126 885202
784545 430089 36578 260661 338014 875962 415492 391583 473587 907615 147103 763802 104869 768385 438387 125345 659468 1018819 103962 739558 847862 429724 87494 363919 754993 491794 883173 405823 954760 999999999 158658 89576 279003 433998 534841 658004 230173 959294 762288 463620 813866 421582 342734 843512 123512 599349 326524 430546 758044 321354 355379 311198 635792 304845 652055 847072 257929 640703 305691 919391 1034209 616134 819183 362809 609698 118286 403475 592852 619362 684225 781079 529976 346261 86230 400496 734966 402641 98118 190263 757305 779503 782902 144853 409906 668015 281515 816443 752653 311072 858896 760536 482357 277762 515481 748169 302886 206098 902770 861657 734389
641811 299427 149000 268603 228888 816195 555265 482208 552470 846119 250296 873455 93838 684121 558220 272736 550958 992709 215687 823787 783754 367416 239897 475183 623554 466551 861603 269813 953157 158658 999999999 170363 134812 365812 548954 547656 383085 912668 662140 573482 715520 433470 355381 795658 86015 493208 392686 543625 815205 465234 206553 152565 645868 421152 631014 850421 358687 756363 384609 935044 1018811 647118 855607 457952 465028 243427 305122 581277 711927 731872 762783 640526 189316 233000 430481 682369 522653 128895 203242 831065 809279 811609 303108 513565 540303 365289 833242 870046 252227 841722 839874 343402 119142 504987 790743 144410 187230 886094 897170 591693
812045 467764 122570 344838 387387 950338 479552 477840 561127 981540 80334 841763 78606 833429 514933 120576 712404 1102194 47413 824973 920736 500141 157427 445151 793027 573123 967129 439290 1041973 89576 170363 999999999 304898 502483 622800 709909 284055 1037747 820048 543913 872705 508674 429164 921289 93590 653250 415924 510074 846992 383868 376634 309825 723672 385437 735319 934695 344088 716950 394386 1008234 1119560 705485 908756 448485 635178 203435 459314 677562 703478 773707 865358 609296 354274 89076 489257 810969 479680 173946 103733 844477 868945 872312 173637 492868 708779 369949 905257 827327 380041 943592 846802 513568 280327 599912 837723 305903 127024 987656 951229 761955
508428 166024 257881 265038 118010 712657 632917 515726 570948 741002 385012 909650 228562 567492 614369 400978 423303 909513 349458 836177 677934 281260 347581 527599 488817 402647 784062 135267 888966 279003 134812 304898 999999999 274666 511972 419195 483564 816358 537192 619211 590904 404333 337251 700525 219178 367644 414001 593867 803238 550932 76744 94410 600187 481904 560795 792352 412254 801544 417382 884892 943037 618878 824567 497264 332185 331306 193817 521047 735602 714339 690137 684135 87701 360836 417073 586542 580637 210059 329913 833552 773934 775300 422199 556645 406139 404390 786464 914502 190553 767924 847267 208670 76414 450448 766829 78162 306403 811710 864306 458238
471828 199027 398533 211242 158078 450966 612842 421418 435484 481363 577074 774155 445269 334923 549130 552205 256154 635077 534397 661408 419587 16229 454941 469961 400250 147746 509583 219147 618351 433998 365812 502483 274666 999999999 284317 258662 542249 547334 339350 531169 387677 214009 200257 430476 445397 199407 323734 519292 590554 562176 276173 362814 352102 452306 290348 526333 387938 691780 349184 623716 668608 393810 584667 419160 345858 404275 95732 260429 589301 498454 417117 582964 329825 517059 254684 316817 524793 335882 565512 642091 530549 530710 540638 473637 314455 353662 530170 795048 123047 494200 663217 247136 350902 203175 538621 347739 552902 537722 620995 429595
725396 481383 500279 283949 415082 441956 488275 270936 227293 473374 677179 520481 596159 440826 390419 616839 472030 502716 635712 387512 431683 269147 506011 343861 637238 141519 366884 497220 420666 534841 548954 622800 511972 284317 999999999 479026 517823 481978 497988 351579 525977 116145 196154 383022 604839 434269 237992 357933 306244 482940 539682 606382 100962 365148 164872 312380 337754 464765 272151 387799 506717 110216 312595 289809 623963 444183 375359 102081 340162 214142 266781 378463 586937 594910 136841 311741 382961 455048 714104 361251 262593 264339 576152 316524 563555 294405 285167 552202 321519 338146 384820 531447 584488 87621 257685 590131 716199 379679 352539 689949
252591 256617 625778 467424 322597 365046 870820 673212 674427 383928 789436 997878 639698 185364 802792 782294 9919 614432 749333 865275 325900 271955 695795 726282 158535 345042 525784 290813 662936 658004 547656 709909 419195 258662 479026 999999999 796056 484039 123361 780627 176166 451428 456173 388553 633659 60506 579875 771964 764309 820601 370302 472085 503683 710812 390301 603115 646536 929621 606846 707746 670351 573352 721019 673944 222696 651389 254864 405509 814734 676571 469243 827177 421204 744120 498635 298688 780345 563076 748474 833514 665914 663809 781315 725946 99857 612169 637529 1025932 361850 526335 859739 240819 479285 392478 697400 462855 725573 560601 748043 226729
965047 608473 234146 331153 504604 932268 198060 277492 363040 964794 273680 577069 332704 864777 256501 183617 794984 1020098 254928 592186 911783 531858 143725 214710 918485 537030 884635 592013 923489 230173 383085 284055 483564 542249 517823 796056 999999999 992787 880921 297586 927536 430092 373074 884763 351774 735561 280524 263225 651178 103368 559264 533843 611274 164588 670490 814613 181080 450050 245882 864737 1019324 562563 739619 248190 797749 154297 549757 604666 467088 597894 784447 355137 561955 197945 387883 789983 225797 273506 380619 624995 712592 717344 118413 265440 829252 225017 766237 555319 435391 855464 619464 667388 499585 536787 664291 523479 409997 896079 780875 915967
687763 689942 922716 701291 698508 119401 967349 752000 696447 108032 1106330 893617 988183 300845 864941 1063601 474481 146668 1063123 728129 158424 545258 955062 825451 587883 469109 159445 722502 271940 959294 912668 1037747 816358 547334 481978 484039 992787 999999999 384365 821165 355487 563537 630156 117049 990082 497977 713132 833326 581314 964702 798109 896382 407009 846175 322374 296657 811800 887952 748068 367597 216682 485168 474114 771762 706703 894981 622952 388382 752267 535154 226227 832108 854011 1034356 605013 230561 861772 864443 1109755 672217 439475 433814 1034392 794929 576187 767858 370080 942113 662793 189672 704743 701230 890720 457349 505602 882931 1099307 181127 473414 683842
306968 377708 728537 549809 433963 265777 934529 726151 713042 278547 898578 1016120 752579 89496 856427 884677 116806 523717 857430 871511 227856 349103 792112 786367 205271 382311 454662 412190 595694 762288 662140 820048 537192 339350 497988 123361 880921 384365 999999999 828259 53744 498841 521581 305440 747820 169562 642184 824403 755007 894132 492065 594192 497683 779139 373599 553244 719816 961627 672512 655653 585681 576652 693374 731678 333219 743210 360773 407923 838001 673369 419148 867615 543794 847672 548557 243700 837938 665318 864532 832519 640386 637249 877989 778600 197049 681706 599818 1049902 455951 462028 861264 364179 600037 418351 682528 584480 843257 489886 714593 299616
1002477 680468 445832 365261 580168 792450 158694 110840 125394 823410 557656 301256 564191 783103 50354 470687 775976 811577 529159 294644 783228 515702 386743 99918 930193 445948 685015 678985 688025 463620 573482 543913 619211 531169 351579 780627 297586 821165 828259 999999999 863475 330718 332681 730789 581031 725231 215221 34719 368201 207388 681180 699122 414168 158835 515297 584922 214803 183428 203093 611279 794648 339873 472108 122556 862467 345878 587068 453649 169596 335088 596017 67146 706903 472279 282230 663077 72162 444686 647464 330070 457675 463303 407866 62744 845508 214858 522850 297147 478499 652844 322470 741418 666716 414792 397990 684576 668585 686883 510363 958914
332649 431349 779837 596839 487135 240366 974666 763644 745799 247645 951012 1039809 805709 89528 893541 935722 170067 498932 909690 891150 205236 396549 841863 825867 234368 418557 442653 465806 583778 813866 715520 872705 590904 387677 525977 176166 927536 355487 53744 863475 999999999 536397 564257 290126 801128 223261 683103 861253 769037 937434 545636 647704 516085 821229 390423 550905 763604 990736 714273 650972 563967 597614 699936 770684 378959 791951 413399 431496 864444 690646 419208 900162 597152 899009 586371 248436 876427 716601 918040 849458 648443 644877 927702 815731 241769 724568 602755 1075667 506138 453673 879058 416707 653741 450155 694820 638086 896917 477489 718308 332397
682461 396966 386431 167830 317077 503608 439853 227390 224012 536076 565712 560146 480174 460074 357595 509940 446349 603300 523660 451979 485433 197785 399250 290558 604094 118282 466762 407267 533315 421582 433470 508674 404333 214009 116145 451428 430092 563537 498841 330718 536397 999999999 80190 454672 488720 397859 154700 325571 399993 413785 439694 498411 215871 294057 242255 426156 249916 480483 189105 503909 613970 215901 423886 234895 559276 337645 291942 177743 375300 310192 364489 375772 483386 485493 50009 362664 340095 339427 598580 438733 376132 378312 474186 279762 522231 206283 401312 581720 216420 440539 456896 452591 474600 106697 363023 482126 600162 483761 464880 641911
670064 355620 307228 87913 263820 561228 415242 222157 248653 593727 487876 593215 400024 495433 348923 435708 452676 678259 445484 502385 539341 185472 325833 270196 600507 164731 542019 359965 612910 342734 355381 429164 337251 200257 196154 456173 373074 630156 521581 332681 564257 80190 999999999 517954 408726 398275 123769 319336 467302 373212 380972 430005 296056 257610 313204 506098 200078 500303 151474 583949 691612 291797 500311 218903 531676 265091 256600 251420 411282 380210 439689 387707 420123 409376 79823 418357 324693 259266 518422 496701 454027 456462 404238 273907 514407 160312 481256 607876 158811 516876 511496 414950 404087 175257 436662 413807 520047 560532 541802 626247
612230 578244 806939 586592 582562 71565 871287 653811 605395 96604 990449 834627 871212 216256 772106 949352 378697 226456 947232 672735 89580 428242 841499 726251 510203 355073 153032 610146 293795 843512 795658 921289 700525 430476 383022 388553 884763 117049 305440 730789 290126 454672 517954 999999999 873049 394176 606937 739881 532743 862191 684536 781806 321511 742733 218681 273472 704360 814731 641861 367071 282474 404889 440725 671455 609947 781951 507546 284288 679704 472037 158893 748288 740477 919452 498411 114019 765914 748218 992747 621340 396287 391458 921852 699348 485366 660543 336758 879384 545772 167788 653328 593319 775268 347976 455470 768103 982263 187556 450472 601653
722384 384756 135211 320892 314126 896360 539001 500922 578450 926714 169950 882168 19108 768243 558702 209668 636928 1064793 140991 848355 864725 445629 210770 481127 707726 535509 931932 354442 1017206 123512 86015 93590 219178 445397 604839 633659 351774 990082 747820 581031 801128 488720 408726 873049 999999999 579051 423047 548823 854078 444798 287384 216334 704154 423208 700080 912330 369636 760541 408262 992628 1087676 696966 904276 473760 545421 236038 389667 646870 731145 774863 831696 647931 261679 172973 478269 760498 522836 153434 120120 861480 860605 863397 253469 524745 625300 385935 889980 873173 327312 910603 867267 426774 187412 569485 836374 212855 112198 954975 946404 672451
291142 210100 566734 407173 266016 381445 812168 616961 621692 404086 732417 949847 584334 210924 746043 723280 60371 620335 691900 821743 342854 213211 635763 668464 206375 296388 521149 244707 654120 599349 493208 653250 367644 199407 434269 60506 735561 497977 169562 725231 223261 397859 398275 394176 579051 999999999 522043 715534 727199 760763 324724 427074 468183 651706 362175 585937 586895 877747 548346 690419 671718 533128 691974 616697 221786 590987 195875 368665 765806 637775 454680 773378 377872 685346 443980 293305 722871 503861 695231 792766 636484 634858 721365 669593 129448 553065 613981 976084 301405 517940 817921 206201 431371 346798 663098 416680 673708 555131 721366 257479
791609 465263 297018 152093 365613 657758 292557 105190 160264 690174 457641 495825 409687 610514 226431 387936 576285 740708 418980 431251 640093 309139 279077 146430 723877 270176 604811 464352 651657 326524 392686 415924 414001 323734 237992 579875 280524 713132 642184 215221 683103 154700 123769 606937 423047 522043 999999999 198045 432372 259237 470949 499909 334190 139829 390779 542368 99805 391782 34954 603358 742990 296961 494382 96196 647801 219006 372674 324752 323020 357851 504164 275520 501240 371404 108528 517279 201060 271224 515910 439439 457583 461447 341711 153856 637326 56508 501536 503171 263306 576124 447282 526197 469511 260103 422292 484494 526807 617426 536864 746939
989137 661503 413623 344547 559793 799881 136701 98834 137913 831231 523040 333435 531782 782617 32689 435984 767698 829307 494776 328968 789029 504166 352774 68454 919347 442738 700779 658547 709707 430546 543625 510074 593867 519292 357933 771964 263225 833326 824403 34719 861253 325571 319336 739881 548823 715534 198045 999999999 398091 175022 657537 671959 427120 125775 522679 605143 185342 212839 181328 635874 814900 356471 498919 102152 845542 313183 570634 459510 203865 360080 609423 99440 681455 437803 276010 667789 39074 414730 613535 363195 481862 487349 373149 46055 833672 190091 545193 326442 459757 668909 356415 722755 639203 415434 424192 657655 635084 704193 537931 944780
1016127 787219 729329 548986 715832 604216 523718 378923 291665 627772 882013 315702 841400 679512 418100 803681 756122 518230 846002 149529 613177 575381 701681 436493 922041 445854 422707 801890 366763 758044 815205 846992 803238 590554 306244 764309 651178 581314 755007 368201 769037 399993 467302 532743 854078 727199 432372 398091 999999999 572424 839338 896764 260800 489434 381569 289242 507539 340605 452654 269543 479557 197378 122153 409550 927430 645676 681047 359037 219946 92101 373852 337871 883343 794346 388056 522480 437023 700974 947973 91042 142081 147914 747399 386128 856074 477286 214242 367912 616412 391677 123570 837688 871363 390098 77273 880514 959125 408358 150858 984669
1009044 658251 317981 354964 552744 915430 95705 218382 295447 947726 377033 475029 425996 867772 161289 286979 818312 977738 357263 500077 898798 549656 234056 145443 953678 529096 844745 646293 869216 321354 465234 383868 550932 562176 482940 820601 103368 964702 894132 207388 937434 413785 373212 862191 444798 760763 259237 175022 572424 999999999 624036 611537 568225 119906 644023 761944 174569 347957 225560 802077 970255 508859 669526 194380 848488 222932 586439 578050 375762 528766 747722 258679 633976 299808 366168 775911 135956 344711 482498 537434 648172 653357 221767 190145 864798 212972 707345 452121 469565 814105 529007 719035 577204 518093 594240 599721 510618 852498 709501 961215
435433 114630 334625 319088 124689 689104 703871 574878 623652 715679 456081 966058 298832 532473 679661 476475 375719 900903 422238 883348 652655 286547 424195 592648 422705 417511 780871 80026 894016 355379 206553 376634 76744 276173 539682 370302 559264 798109 492065 681180 545636 439694 380972 684536 287384 324724 470949 657537 839338 624036 999999999 102350 620868 549817 566434 802422 479268 861889 478156 898980 939612 649072 850420 558653 258544 406257 182897 534433 788382 748667 691697 744795 55941 436363 459697 571701 646765 285905 390710 876297 797946 798748 498871 618437 343872 467447 803647 973955 223913 767624 892132 141597 110613 469591 797186 92561 362920 810495 888745 385377
515856 216976 299992 354446 204788 789004 698567 599061 658740 816093 385308 993769 231745 634523 690220 421583 477693 995080 357148 926190 752992 370851 391534 604412 514890 495513 871998 182370 980036 311198 152565 309825 94410 362814 606382 472085 533843 896382 594192 699122 647704 498411 430005 781806 216334 427074 499909 671959 896764 611537 102350 999999999 694256 554882 651638 884735 487496 882383 500042 978196 1031028 713206 918976 578600 340544 388618 275129 613861 822780 808217 779820 765106 52968 382611 509774 668305 655527 267257 303791 925327 868302 869644 455389 637130 440269 484848 880219 995899 284937 857012 938247 237963 34367 544169 861097 16287 272028 900489 958697 466822
755802 550944 601176 383456 496565 387817 562308 350893 289692 416974 778049 527069 695919 427028 458407 716838 495421 409979 736642 375072 385789 338737 606116 424855 661262 204753 276574 570806 319972 635792 645868 723672 600187 352102 100962 503683 611274 407009 497683 414168 516085 215871 296056 321511 704154 468183 334190 427120 260800 568225 620868 694256 999999999 453650 125826 211456 433198 494947 367354 289187 408827 85051 232822 373881 674554 544341 447240 99727 361164 175771 182308 427306 670789 695494 237158 277231 457017 555290 814436 334886 178448 178661 674757 390332 596424 390652 187674 567049 410189 245912 363628 595495 674407 151278 194993 678138 815816 285178 268956 725342
910282 567836 288056 253104 463099 795572 162137 112940 199149 827884 403243 459200 406073 749880 137106 319001 707926 863624 372558 443792 778904 438869 228689 59794 849174 409998 729468 560323 761363 304845 421152 385437 481904 452306 365148 710812 164588 846175 779139 158835 821229 294057 257610 742733 423208 651706 139829 125775 489434 119906 549817 554882 453650 999999999 524856 652923 71129 337535 107069 700497 859385 399973 575197 83708 756428 187421 486660 458798 320099 433494 631171 225160 568639 316529 246267 656014 101505 292558 489100 470146 548084 552871 259396 109379 761072 98647 602602 450626 370700 699361 468227 629344 521433 398188 499927 541225 509777 738759 616580 863708
642713 480032 615782 391395 447166 277275 652983 435257 390212 308552 798658 652215 695070 301257 555103 748911 381428 366898 755795 500837 268872 281008 638912 507576 545344 164685 232152 505162 328400 652055 631014 735319 560795 290348 164872 390301 670490 322374 373599 515297 390423 242255 313204 218681 700080 362175 390779 522679 381569 644023 566434 651638 125826 524856 999999999 237363 489461 614414 425722 338086 387893 209073 330821 452790 578222 577845 384358 66117 482715 300406 131792 537752 620148 722123 282652 153531 547766 561652 816726 459446 275627 273602 715804 481387 486783 445517 253189 691004 380511 210753 488750 515811 637130 137966 310323 636191 812013 255140 359217 615785
849452 717374 812289 592716 681415 342765 741682 543975 469389 360003 989503 604711 904855 466137 633567 927564 593486 233275 948090 438397 362253 516008 816998 616528 748131 389843 137438 742443 109293 847072 850421 934695 792352 526333 312380 603115 814613 296657 553244 584922 550905 426156 506098 273472 912330 585937 542368 605143 289242 761944 802422 884735 211456 652923 237363 999999999 639926 614911 574399 104675 209787 253272 177514 570272 806622 755304 621112 271594 481805 260957 134827 579640 855461 906776 448462 310635 639644 765213 1024292 380127 147965 141912 883990 575328 702732 598437 75018 655896 606349 110007 412574 752063 868206 345799 217075 869004 1024353 119248 179140 829245
