NAME : synthetic_000843
TYPE : CTSP-D
DIMENSION : 100
GROUPS : 8
RELAXATION_LEVEL : 1
EDGE_WEIGHT_TYPE : EXPLICIT
EDGE_WEIGHT_FORMAT : FULL_MATRIX
EDGE_WEIGHT_SECTION
999999999 762408 614941 652133 498296 528518 596497 669547 57153 335053 396124 133509 195159 676495 774254 689297 226952 745156 915318 666053 854690 564742 727789 577221 181043 673802 528347 596283 706587 738080 660269 607567 949192 246225 371423 440236 698445 481142 870408 251871 728368 408810 613885 340045 611821 386154 298193 667369 522059 562104 481710 475395 527446 639922 912896 832318 304858 104017 86127 637096 214902 776635 598519 491074 544913 883849 737605 853884 191326 788829 689241 143808 633162 487916 682248 653409 677736 874633 174424 420641 430759 649296 265458 740218 719826 167597 348866 412685 711882 503984 226057 236291 289334 255302 752923 414355 470290 912350 341420 594770
762408 999999999 200326 643494 419131 274029 563431 274784 803196 854139 413637 780038 682135 108519 964990 250902 821621 291007 491240 796591 497569 898431 436433 492587 590127 480703 234365 954845 372477 526117 679766 329255 348002 995067 418854 397820 122096 891835 447708 599767 780626 808291 353992 855785 746512 521148 861537 945415 959597 672933 359720 926352 695697 372924 429199 304634 536910 854382 677802 218601 879202 795014 509624 936711 390797 421855 211535 422691 572736 284726 750169 842131 726591 914352 646539 266919 465536 536503 589157 756188 919664 644143 552130 376386 366515 883640 563301 351175 369283 461242 984576 993549 473262 569411 160635 350134 298691 359698 738029 168092
614941 200326 999999999 679606 413372 254880 591451 119379 647594 774531 231482 609152 578700 91971 981684 114714 719506 412250 635341 813716 621848 871546 527711 520069 434623 545762 133955 926454 222511 366058 713173 378003 530091 831797 246875 205207 237551 844077 586484 507105 817808 753675 168904 777206 756034 325296 771627 937466 910912 677637 334615 871378 687374 435710 584810 458922 353167 696812 528837 283859 701975 843207 543708 884021 407163 569968 342509 560956 436844 426052 781269 673227 745160 864665 691504 343545 533992 659654 441647 710808 854273 679286 375716 481716 223729 756272 369673 214423 464073 459891 827203 851089 333380 472500 138296 241213 217212 529133 672829 110571
652133 643494 679606 999999999 272966 424916 88878 798144 708839 453659 660345 766537 458206 651777 323846 793649 512238 386391 385231 160870 310855 329702 244974 159550 611419 173732 551665 379050 896702 1022051 36500 316007 542713 871630 628366 697638 521398 379552 366102 408188 139004 347479 819324 451248 130699 770795 492456 331478 432508 106241 353168 424798 153411 271337 429461 444078 706783 748475 618653 427022 864477 165327 136944 425979 272448 401476 452034 367943 539796 422520 106725 794987 97164 401119 30948 376816 190176 305696 582626 292617 450697 3255 679897 307323 900420 640760 775973 547714 297286 229091 835355 775150 541175 419732 765619 496279 481427 485571 349266 573013
498296 419131 413372 272966 999999999 160775 184277 530035 553620 459558 394291 582308 339105 399838 568618 528085 457458 262481 417583 400358 360293 479539 232167 119729 395472 192695 281823 535925 626112 749141 304033 123360 468910 742630 364798 428170 304598 475270 372130 256409 408089 396100 546780 460107 343198 512062 477825 532112 542689 265241 80506 512074 280300 142303 415849 349512 458706 602300 436712 208336 688528 438286 146566 521369 48421 386338 284117 355764 332914 308721 369990 626867 331865 498183 290255 188312 191221 384537 372705 340765 511100 272105 439413 242555 630587 556559 524436 277745 214465 46530 716267 687463 296884 243979 514121 226207 208553 424626 336315 312340
528518 274029 254880 424916 160775 999999999 336608 373228 577273 580494 292059 578789 416994 240201 728976 369298 553349 239371 453112 560303 417384 634640 301684 265479 379569 301465 128732 690730 472573 603913 458313 140266 429373 772663 272739 312103 177208 620834 402504 332144 562949 535512 399607 582048 503798 419091 589390 691834 688662 425991 88060 653957 440034 198940 424818 319437 389424 628858 450549 110183 685090 589029 289643 664790 152676 400709 211953 379494 339048 276006 526427 634119 491236 642994 437676 143847 292095 451041 367659 485017 645915 424542 384362 274429 475812 627627 444094 175170 249357 207092 754559 747299 258868 304871 353982 135864 83921 401364 464033 151573
596497 563431 591451 88878 184277 336608 999999999 709765 653640 442021 574095 703635 407386 566112 401705 705694 482839 323003 370066 233183 297017 367199 199590 72357 538179 122285 462943 421220 807982 933237 121734 234204 499467 826068 542764 610383 441644 397431 340417 346257 226362 345562 730449 440528 186162 686866 475396 390555 457988 123048 264348 441314 162860 196567 400701 391341 625670 696430 554614 345268 804811 254154 54307 445604 184582 370760 381116 336154 467897 363597 190685 737018 163274 420437 107050 298869 136751 303191 510599 286172 458231 88225 600719 253637 811805 605601 694125 460171 237291 141180 792441 741159 460069 352318 680356 408642 392621 444279 325218 485582
669547 274784 119379 798144 530035 373228 709765 999999999 694049 865705 273499 640492 662994 182381 1097150 29050 801177 524100 744099 929898 735282 979046 645268 638687 489517 665001 248332 1033151 105148 255408 831413 497231 621341 866536 300828 230422 343971 945948 696362 598619 936037 854408 89885 868768 871481 324826 858316 1048846 1011842 792900 450372 970619 800444 554707 689487 562817 378813 740110 585135 400850 722591 962091 662588 983899 525818 677046 450653 670759 507351 533422 899096 705113 861836 965716 810498 460667 653098 773529 503112 814950 950003 797761 410936 597218 104773 822399 372763 303037 580770 576437 867968 904479 407634 563327 136257 340671 327794 627626 771191 229552
57153 803196 647594 708839 553620 577273 653640 694049 999999999 375643 422530 98213 251198 713668 823355 715322 266599 797809 970984 719552 910913 610879 783785 634117 214191 730509 568844 639607 723480 743303 716526 661142 1000843 195408 401292 463629 744442 524583 925727 308919 783160 456661 632852 380683 666187 395484 335587 714095 561300 617963 534221 515341 582543 694847 967392 884643 319935 51730 127176 686628 161384 831660 655539 530838 599861 938526 787691 908877 238257 841019 744337 89735 688286 529654 739023 705194 734266 931200 214528 472215 468868 705985 283858 795053 737257 180633 354026 452098 766666 560349 181399 213201 330590 311465 784626 458388 515392 965091 393224 635125
335053 854139 774531 453659 459558 580494 442021 865705 375643 999999999 614748 467913 208586 802145 462184 876711 109046 715363 811339 396188 738882 242468 631441 465821 431240 557571 650394 264887 932801 1003538 444103 581463 916348 472839 580049 664302 752587 150910 778506 267712 473439 110742 838014 5043 359324 661352 46282 345660 187094 347430 498045 140342 300516 582595 835719 798846 575110 391369 365841 662361 531633 522822 473931 156025 504091 805194 743674 770864 378557 761438 442563 462023 392133 154096 483605 647866 568889 744540 403419 161047 97567 450404 533780 671698 943139 227961 637600 563670 647802 433619 429676 346156 463838 302754 905458 533581 568211 866028 124314 708099
396124 413637 231482 660345 394291 292059 574095 273499 422530 614748 999999999 378060 406701 310653 917110 293340 538974 525314 744434 760174 709140 763950 590322 513920 216091 577080 201087 814136 321181 394088 687259 429478 694225 601943 35986 49562 396978 714937 693717 356923 787115 622800 225990 618375 698468 127311 601079 847338 777206 622264 321364 732859 615785 485941 711709 597075 123449 470074 311658 385840 470717 823416 540812 747323 415233 689428 479244 670185 240973 555849 746453 442367 699028 732248 681144 432909 570929 742130 231154 593906 705432 658945 144410 566482 332815 550039 157955 119838 541171 433422 599564 631481 152514 322484 364824 169634 208589 677127 536458 255677
133509 780038 609152 766537 582308 578789 703635 640492 98213 467913 378060 999999999 318891 683454 906179 664025 359267 810387 998062 792850 942601 698042 814468 675200 199241 768225 548468 729773 658133 663507 777932 679222 1007888 226075 363969 412638 735276 614624 950765 358605 851857 541742 571519 472926 736840 325691 429763 800477 654666 682330 549771 608199 650742 719363 987413 895147 261812 117561 149103 688911 107132 899265 698605 623833 625666 959697 790675 932031 250140 851319 811890 64672 755915 621179 795827 715250 770015 966063 213651 551021 562855 763868 233664 818120 672529 278711 280265 432364 789687 596376 231427 292865 320775 351874 742628 449543 507724 976785 471875 613168
195159 682135 578700 458206 339105 416994 407386 662994 251198 208586 406701 318891 999999999 616817 593101 675826 141332 599882 745531 473968 680299 396486 556804 397132 227987 495472 462408 437334 726064 795025 465331 459375 806798 419021 372362 456260 594195 326567 703865 85893 533952 240188 631020 212427 418178 455238 195528 494878 381823 366945 347605 335349 332814 480048 752240 687509 369645 290422 182893 515051 409701 581927 415780 350681 387524 722166 608801 690107 170353 645698 494497 338921 438418 339800 488588 516410 501609 696500 198440 236466 302148 455308 329052 579178 736791 217703 434665 364670 551734 333037 386893 348722 257129 112809 713566 341861 385265 763655 159338 524718
676495 108519 91971 651777 399838 240201 566112 182381 713668 802145 310653 683454 616817 999999999 964919 164177 758038 344572 562267 795687 556286 874324 474111 493755 499484 503427 154533 930268 286334 437786 686908 338337 443029 902498 319687 291215 162644 856616 515011 538849 790770 768892 252421 804329 740998 413774 804343 931780 924287 664037 327650 887555 679927 391929 507107 380437 434049 764118 590725 232016 780002 811464 514873 899169 383066 494873 269268 489421 490794 351496 756663 746609 725897 878257 659875 290640 490004 594878 502082 721198 875397 651886 452283 421645 283431 807920 456755 264475 407812 445530 894763 910899 388191 505976 114586 275491 234012 446202 692544 94243
774254 964990 981684 323846 568618 728976 401705 1097150 823355 462184 917110 906179 593101 964919 999999999 1096362 564917 708827 664176 169274 595664 220652 562379 473316 805744 496159 848977 217926 1189967 1301924 287367 635868 848438 934913 881942 961142 843057 314989 659945 588378 197463 366993 1105335 457441 225691 1008193 508170 122071 314729 304250 647130 344439 301845 594577 722944 760253 931007 847167 775974 746971 984026 210521 455367 333445 581916 698784 775845 668320 735481 742762 218161 912699 239262 320674 327563 699308 512559 576076 774573 356685 393364 322756 895842 626810 1195586 690123 1001035 818806 619455 522106 891457 803556 775235 615345 1079485 770286 770438 790798 435065 880398
689297 250902 114714 793649 528085 369298 705694 29050 715322 876711 293340 664025 675826 164177 1096362 999999999 814966 508319 726334 928430 719936 983512 633416 634102 508683 656255 247945 1038050 122888 275981 827428 488683 598503 889925 318854 252285 326794 953039 679185 609129 932049 861912 118934 879649 870699 351050 870724 1051110 1019366 792274 449254 978806 801518 545326 670219 543588 402214 761996 604354 389067 747679 956809 657430 991839 521230 658703 433444 653596 523300 515566 895721 728689 859861 973164 804982 448775 643884 758406 521023 820956 959508 793383 433113 583540 119270 840051 398882 313056 568142 574605 890441 924821 422230 573977 107629 347546 329879 606560 779559 221576
226952 821621 719506 512238 457458 553349 482839 801177 266599 109046 538974 359267 141332 758038 564917 814966 999999999 719773 843148 481998 773595 347701 656903 491048 340568 588094 603683 373429 860024 919432 509420 580611 925529 375369 505973 588225 730035 258733 805581 221920 554676 200187 764800 114086 437127 571273 71877 451268 295401 408778 478824 249036 365011 592712 858681 806289 484811 283673 265465 646852 423243 604385 504532 264628 505129 828160 736686 794726 298085 766072 519983 353265 466074 263078 543110 642218 597064 784386 315517 232172 203808 509048 442970 688379 871338 131807 543591 505213 662303 441618 334239 263412 393667 252716 854759 483190 525932 878980 163221 665701
745156 291007 412250 386391 262481 239371 323003 524100 797809 715363 525314 810387 599882 344572 708827 508319 719773 999999999 225031 546948 211719 688182 151592 265363 612468 212820 333489 743077 629155 777581 422469 140518 206919 991379 509623 537483 182524 707047 175087 515446 514871 639266 580142 715386 507322 652451 737180 712411 771519 445244 263589 748331 480464 134748 186454 87802 628324 848414 674002 140368 917414 521007 270842 755085 214645 164661 79481 149855 563342 46338 490692 862359 479875 730420 381462 96081 196381 250370 596904 580268 755800 387883 623676 87491 627271 817583 680771 412748 89378 281886 968516 946704 494572 498151 442689 375200 321824 167287 591056 307789
915318 491240 635341 385231 417583 453112 370066 744099 970984 811339 744434 998062 745531 562267 664176 726334 843148 225031 999999999 531026 74515 714854 188755 352239 805826 255288 557384 763184 848563 998985 412663 324037 206952 1158280 725828 759838 400141 761054 50750 668340 470392 715376 803896 810024 514934 871714 842926 706173 816859 481070 452094 805927 526732 278780 72954 186764 840646 1019221 853925 364038 1104795 454488 339239 808469 372598 69669 293547 75254 747931 210773 463800 1044196 479291 783360 363865 311894 246146 88358 785885 656175 826621 388081 831398 182122 845598 957881 897119 628240 210007 413358 1130015 1092371 694861 660169 650613 585907 537033 156827 691877 532574
666053 796591 813716 160870 400358 560303 233183 929898 719552 396188 760174 792850 473968 795687 169274 928430 481998 546948 531026 999999999 458327 202180 405324 304346 668813 334527 681572 240274 1024076 1139685 125644 467339 700506 856916 725715 802469 674826 278831 518409 451371 81273 286295 941026 392381 61863 858117 441204 175227 314529 138846 479535 321729 148777 427931 582147 604514 784838 750975 652936 578289 880604 128408 287212 317748 412657 555531 610951 523000 596788 583389 68001 809059 70089 295664 171842 531735 350960 445883 637996 251012 360266 159201 752236 468129 1029274 613561 855184 657152 458006 353832 816221 740366 624016 473740 910245 607551 604330 643024 327836 711572
854690 497569 621848 310855 360293 417384 297017 735282 910913 738882 709140 942601 680299 556286 595664 719936 773595 211719 74515 458327 999999999 640534 128155 284123 753809 185880 531131 689149 840408 987819 338750 280736 258936 1095759 687824 728749 394136 686616 66945 605353 400172 641820 788383 737459 440779 835748 771270 633554 742345 406673 403863 731519 452474 228508 127702 203974 798646 958259 796601 340964 1048762 387482 269066 733996 318126 106653 288978 83820 693042 213312 391533 986467 405324 708894 289964 283740 178702 38953 732278 582807 752573 313684 786390 143976 838771 890459 858057 590639 168027 350783 1066260 1025434 647024 599458 652946 545373 500550 202927 620391 514739
564742 898431 871546 329702 479539 634640 367199 979046 610879 242468 763950 698042 396486 874324 220652 983512 347701 688182 714854 202180 640534 999999999 564330 423814 620776 487568 738097 56419 1062170 1157408 303251 579780 865230 714638 727970 811443 781613 94494 695014 412284 282584 157414 971525 237631 200383 838526 288126 103568 112761 244184 546768 128492 208176 556451 757973 758540 756181 631277 577120 683614 770039 326365 417547 120681 509443 729336 739459 695278 554902 730086 266869 699317 236900 102968 351774 649176 502918 633798 590013 170333 174999 326908 717813 620753 1069986 470317 824372 682144 604214 437386 671014 583019 613683 444364 986889 639251 654333 809157 238407 782546
727789 436433 527711 244974 232167 301684 199590 645268 783785 631441 590322 814468 556804 474111 562379 633416 656903 151592 188755 405324 128155 564330 999999999 166504 625918 77320 423243 617030 749863 892098 279682 161540 300902 969970 566992 613468 319517 596916 148678 479779 366388 541325 689210 630523 372546 715777 660502 576110 657508 320898 278119 640602 362404 104497 204295 199190 674696 831546 668653 244472 920680 370022 158015 645123 190277 173806 227612 139423 564889 180781 345216 858636 341544 619967 235337 184679 63405 154790 604185 481442 655784 246959 660845 65156 749986 769730 735792 470774 67310 224741 941377 903961 520490 472489 580302 423579 382613 245025 509578 417542
577221 492587 520069 159550 119729 265479 72357 638687 634117 465821 513920 675200 397132 493755 473316 634102 491048 265363 352239 304346 284123 423814 166504 999999999 498843 98456 392765 479243 737681 865119 193660 163520 454846 814660 484067 547819 371160 442578 314960 325583 298133 379520 661672 465067 254344 630637 494117 456407 506423 183984 197373 484645 215673 132647 370308 341036 574322 679725 526528 274077 779155 323668 26940 490766 112906 339734 316545 305616 431354 308766 262990 713718 234263 465926 172958 230137 106097 299389 473230 319720 495399 159293 552471 207555 741189 606359 641277 397414 186058 83893 783850 741313 410113 324508 608006 345901 325179 402273 343326 413604
181043 590127 434623 611419 395472 379569 538179 489517 214191 431240 216091 199241 227987 499484 805744 508683 340568 612468 805826 668813 753809 620776 625918 498843 999999999 586465 356082 664003 532116 579655 629041 483939 808772 405007 190397 261857 537861 554391 757543 218119 715523 466574 437959 435549 608404 230913 408622 715899 609534 542360 354464 562845 520345 527351 791579 696593 144414 264748 95673 489675 305617 759505 524069 578286 435690 764458 591436 737868 72407 652789 674174 256329 620060 567782 638487 516947 586313 779633 31173 454394 527461 609135 102728 624488 544735 334999 206891 239065 596210 416359 395338 417273 121893 195708 572331 251185 309299 778360 382427 422074
673802 480703 545762 173732 192695 301465 122285 665001 730509 557571 577080 768225 495472 503427 496159 656255 588094 212820 255288 334527 185880 487568 77320 98456 586465 999999999 429280 540647 767860 904164 209682 167771 377809 912522 550324 605652 359601 519672 220988 422726 303614 465320 699868 556465 297973 699109 588087 502565 580191 243804 256089 563443 285084 111508 279633 272672 649998 776741 620279 271826 873131 314479 84014 567864 162143 249413 281019 214810 521404 249022 277998 808750 268517 542702 169331 215538 16449 201289 562395 405524 579252 175329 631859 134764 769491 704616 714457 457597 123581 171849 882060 839663 489448 419683 614323 407525 375239 322227 436989 435479
528347 234365 133955 551665 281823 128732 462943 248332 568844 650394 201087 548468 462408 154533 848977 247945 603683 333489 557384 681572 531131 738097 423243 392765 356082 429280 999999999 793197 345041 475269 584301 264435 493393 761088 195627 205263 196293 712848 506811 385338 688817 623250 270930 652762 623288 324923 651036 803516 780041 544753 202041 741494 553590 323631 518145 399394 318292 620068 443508 193394 649888 716401 417506 753756 280527 498006 280302 482202 339650 359608 651394 609624 613534 733814 565500 247608 419246 566884 354821 578744 726575 551138 326422 387254 349007 654608 358979 117020 365157 328164 750216 760677 239042 352024 255427 120982 84383 478190 544142 66424
596283 954845 926454 379050 535925 690730 421220 1033151 639607 264887 814136 729773 437334 930268 217926 1038050 373429 743077 763184 240274 689149 56419 617030 479243 664003 540647 793197 999999999 1115177 1208044 350545 635939 917842 730306 778153 862049 838011 115160 745122 459957 317577 197433 1023987 259860 248479 885049 308287 96420 96963 298217 602804 131622 263822 611885 808384 812372 801715 656226 615055 739997 796496 357557 472267 118579 565819 780110 795232 746276 599972 784604 307486 726694 283901 111680 399334 705277 556200 680677 633580 220584 181721 376394 762638 674417 1123219 489075 869127 735034 658479 493804 685909 593466 662998 492938 1042652 692929 709269 861460 282513 838295
706587 372477 222511 896702 626112 472573 807982 105148 723480 932801 321181 658133 726064 286334 1189967 122888 860024 629155 848563 1024076 840408 1062170 749863 737681 532116 767860 345041 1115177 999999999 153643 929286 600189 720457 882552 354173 272303 448582 1023147 801072 669123 1033750 930970 95224 936210 964706 332522 921224 1136305 1087734 886077 545768 1044975 890756 658128 793001 666347 403621 765834 625726 505577 728837 1061349 762169 1058839 625146 781191 555298 775471 562135 637805 996063 721612 956909 1041961 910210 565380 756298 878670 550602 895252 1020937 896179 441378 702295 15277 866927 378959 380144 685639 672145 889292 936537 469108 633836 219430 423754 419753 729364 846017 333080
738080 526117 366058 1022051 749141 603913 933237 255408 743303 1003538 394088 663507 795025 437786 1301924 275981 919432 777581 998985 1139685 987819 1157408 892098 865119 579655 904164 475269 1208044 153643 999999999 1052976 737767 874086 877895 430033 346009 598904 1108824 950873 750716 1156506 1016769 204349 1007435 1078908 352521 985658 1238562 1170543 1000846 668890 1125737 1000253 796614 944891 818223 437223 778786 665607 649412 714675 1187375 890647 1140396 754357 932245 705439 925280 625070 788476 1117456 722684 1074734 1125853 1038015 708851 893630 1025692 603917 987638 1096465 1021231 478868 847662 160572 904702 389853 483120 829475 793888 892252 954217 546212 716479 371860 532151 540625 882456 930348 474930
660269 679766 713173 36500 304033 458313 121734 831413 716526 444103 687259 777932 465331 686908 287367 827428 509420 422469 412663 125644 338750 303251 279682 193660 629041 209682 584301 350545 929286 1052976 999999999 351914 575702 874196 654676 725662 557672 359508 396261 421070 104636 335545 850813 441352 102879 795386 484698 298306 409166 100995 384506 404742 144931 307783 459886 478871 729255 754487 631175 463019 873930 136157 172121 404780 306282 432495 488489 399405 556942 458126 70410 803762 66649 380290 48798 413176 226130 330584 599655 283704 433718 35632 701058 342656 933266 639544 798878 576288 333262 259116 836807 772830 564049 435245 800913 525057 512541 518353 346278 607224
607567 329255 378003 316007 123360 140266 234204 497231 661142 581463 429478 679222 459375 338337 635868 488683 580611 140518 324037 467339 280736 579780 161540 163520 483939 167771 264435 635939 600189 737767 351914 999999999 347436 853595 407255 451932 207653 586727 274657 374958 454474 512485 533720 581823 417815 555555 600854 618837 653118 345876 129563 625800 372809 59203 308197 228233 518348 711251 539101 111201 786335 473334 180597 633966 77388 280610 163908 254151 429870 186372 422260 728741 397336 609980 322095 69678 156177 312781 465752 455070 628604 316422 507640 141927 601732 677073 577321 310341 114431 149961 829684 806301 370968 358234 451051 264640 221284 305938 457602 267714
949192 348002 530091 542713 468910 429373 499467 621341 1000843 916348 694225 1007888 806798 443029 848438 598503 925529 206919 206952 700506 258936 865230 300902 454846 808772 377809 493393 917842 720457 874086 575702 347436 999999999 1195290 685014 696208 300728 895347 192052 722329 651149 834282 695438 916061 672201 818011 940333 873938 957194 621612 467825 938319 662195 334257 134900 119401 807295 1051856 875693 319704 1114374 643426 453367 943626 420760 152314 218639 180374 764310 161363 636706 1062150 639872 918565 528664 295782 362788 288570 795651 774535 950245 544983 808444 247610 714471 1024500 852178 592321 269248 485152 1173573 1153474 688226 704569 506009 562564 505498 57668 792221 447317
246225 995067 831797 871630 742630 772663 826068 866536 195408 472839 601943 226075 419021 902498 934913 889925 375369 991379 1158280 856916 1095759 714638 969970 814660 405007 912522 761088 730306 882552 877895 874196 853595 1195290 999999999 585141 638171 939429 621144 1114268 490409 927984 574938 797128 477534 809971 550142 426755 817020 639370 773393 727927 598855 732880 884714 1158077 1078536 487770 143815 322452 881931 166695 977570 834242 612694 789784 1128814 982874 1098385 433665 1035032 891898 161573 836885 619206 902458 899519 917622 1113812 408716 606171 548809 868588 458092 985053 897116 245377 503655 644072 956814 745306 45156 147969 524347 498688 966747 652937 710251 1158562 532073 827053
371423 418854 246875 628366 364798 272739 542764 300828 401292 580049 35986 363969 372362 319687 881942 318854 505973 509623 725828 725715 687824 727970 566992 484067 190397 550324 195627 778153 354173 430033 654676 407255 685014 585141 999999999 84735 391527 679103 675239 321162 753879 586941 258976 583619 663952 149054 567193 811524 741519 588083 294236 697282 580831 462496 696001 584279 122840 450108 285924 371701 460700 790799 511002 711701 388190 672772 468021 652198 208569 542249 713074 427497 665116 696497 649756 415638 544844 719957 202319 557920 670244 626892 133276 546241 365368 521583 171401 97590 520260 402639 580391 607573 116951 286636 383353 143602 188843 665154 500635 255534
440236 397820 205207 697638 428170 312103 610383 230422 463629 664302 49562 412638 456260 291215 961142 252285 588225 537483 759838 802469 728749 811443 613468 547819 261857 605652 205263 862049 272303 346009 725662 451932 696208 638171 84735 999999999 395983 763666 709108 405832 826702 671464 177262 667922 740950 124140 650576 893633 826219 664058 352177 782015 659423 509812 722947 604635 151463 509829 356877 397119 500324 861716 574544 796425 445091 702144 485403 684941 290151 564809 786378 477292 740139 781156 717306 448115 598456 762951 278718 641628 754867 696381 180829 585071 284228 596697 165565 150431 560900 469228 638160 674400 201681 371214 331893 201995 231393 683108 585223 250325
698445 122096 237551 521398 304598 177208 441644 343971 744442 752587 396978 735276 594195 162644 843057 326794 730035 182524 400141 674826 394136 781613 319517 371160 537861 359601 196293 838011 448582 598904 557672 207653 300728 939429 391527 395983 999999999 779765 352496 509226 658610 698943 406379 753827 625378 518632 763952 825444 847253 552602 254572 815952 576994 250994 347386 221372 514342 796170 617285 98234 839182 673551 387722 825595 272296 333456 106717 326897 507227 189582 628074 794140 604880 802607 524623 144951 344704 432859 530895 644845 812442 522049 520483 262831 446012 804189 554551 305117 252248 344443 924098 921932 416262 482047 261597 286924 229220 293238 633026 146597
481142 891835 844077 379552 475270 620834 397431 945948 524583 150910 714937 614624 326567 856616 314989 953039 258733 707047 761054 278831 686616 94494 596916 442578 554391 519672 712848 115160 1023147 1108824 359508 586727 895347 621144 679103 763666 779765 999999999 735963 358109 359992 92303 930332 145936 260050 778845 195587 195876 67830 280031 533175 45274 235285 572574 797371 783424 694366 542065 501594 683464 681970 406841 442009 48280 511881 767705 750047 733154 492784 751142 337308 611927 296833 23374 405766 656267 533761 684630 524439 135822 82715 376452 654507 647922 1032018 377622 760651 644189 628195 438068 577295 488579 562615 392468 966456 605585 628472 840989 178483 763005
870408 447708 586484 366102 372130 402504 340417 696362 925727 778506 693717 950765 703865 515011 659945 679185 805581 175087 50750 518409 66945 695014 148678 314960 757543 220988 506811 745122 801072 950873 396261 274657 192052 1114268 675239 709108 352496 735963 999999999 625204 463520 685638 754798 777430 496786 821003 808472 693409 793895 456377 403343 780420 500724 231579 63738 145767 790371 974400 807487 313522 1057648 452880 304614 783822 326179 39738 245782 25603 700649 164254 452551 997774 462308 758638 347827 261144 209820 99650 738117 625985 798634 368734 781536 133081 798442 917824 846561 577657 161337 370886 1086825 1051727 645625 615669 605980 535600 486420 136009 657420 482862
251871 599767 507105 408188 256409 332144 346257 598619 308919 267712 356923 358605 85893 538849 588378 609129 221920 515446 668340 451371 605353 412284 479779 325583 218119 422726 385338 459957 669123 750716 421070 374958 722329 490409 321162 405832 509226 358109 625204 999999999 501439 266132 575137 270565 391528 426407 265706 502814 420411 328865 261713 376521 303453 398374 671591 603190 345189 354146 210472 429206 458607 546998 346651 390763 304666 641784 522988 610371 147121 561064 460450 390854 405357 375335 437293 430892 427364 623909 187071 242428 352054 405567 308329 498228 678817 302647 414421 296077 470417 255038 461709 431482 204515 35361 639301 266675 305394 680117 179645 445633
728368 780626 817808 139004 408089 562949 226362 936037 783160 473439 787115 851857 533952 790770 197463 932049 554676 514871 470392 81273 400172 282584 366388 298133 715523 303614 688817 317577 1033750 1156506 104636 454474 651149 927984 753879 826702 658610 359992 463520 501439 999999999 362857 954767 469831 118067 892088 517760 242672 395214 173164 488595 402998 201177 407734 526834 563329 823072 817139 708386 565232 943263 49718 275946 398979 410866 502065 584627 471200 643116 547137 41484 872072 96210 376937 134548 513707 319777 383083 685315 322505 441169 138986 792970 431241 1037808 686483 893153 678088 425632 362734 888195 815412 659049 519924 904561 627131 616408 593492 396192 711736
408810 808291 753675 347479 396100 535512 345562 854408 456661 110742 622800 541742 240188 768892 366993 861912 200187 639266 715376 286295 641820 157414 541325 379520 466574 465320 623250 197433 930970 1016769 335545 512485 834282 574938 586941 671464 698943 92303 685638 266132 362857 999999999 838068 107351 248639 688704 155000 258819 157463 241571 448626 118681 194201 504626 744949 719257 604836 480375 419821 604148 617084 412321 383496 130511 435984 714687 676393 680102 403051 684474 331835 545834 281797 111308 376770 581313 477994 644643 436184 59914 116541 344232 565484 587065 939908 329870 671908 552290 565152 362544 533020 454248 470568 300316 877662 514367 538964 781723 86550 674943
613885 353992 168904 819324 546780 399607 730449 89885 632852 838014 225990 571519 631020 252421 1105335 118934 764800 580142 803896 941026 788383 971525 689210 661672 437959 699868 270930 1023987 95224 204349 850813 533720 695438 797128 258976 177262 406379 930332 754798 575137 954767 838068 999999999 841463 880887 248253 826096 1047837 994488 802429 466319 951375 804695 592676 753701 627721 313152 676487 532120 448133 647594 984571 686992 965370 550433 738804 511368 729317 466925 594920 916200 635646 874948 948851 834629 507069 689435 825774 455838 803670 926651 818594 349484 646739 106979 772941 295959 289736 627545 592063 801751 845477 374205 539920 225601 335731 338365 697005 752745 273695
340045 855785 777206 451248 460107 582048 440528 868768 380683 5043 618375 472926 212427 804329 457441 879649 114086 715386 810024 392381 737459 237631 630523 465067 435549 556465 652762 259860 936210 1007435 441352 581823 916061 477534 583619 667922 753827 145936 777430 270565 469831 107351 841463 999999999 355989 665561 50843 340781 182136 345008 499325 135351 298008 582443 834814 798686 579351 396388 370542 663333 536666 519172 472905 151043 504440 804302 744209 769944 382516 761426 439175 467063 388975 149053 481120 648396 567887 742868 407639 158647 92874 447993 538054 671172 946504 232741 641979 566595 647394 433735 434316 350426 467321 305672 907900 536186 570440 865583 124373 710247
611821 746512 756034 130699 343198 503798 186162 871481 666187 359324 698468 736840 418178 740998 225691 870699 437127 507322 514934 61863 440779 200383 372546 254344 608404 297973 623288 248479 964706 1078908 102879 417815 672201 809971 663952 740950 625378 260050 496786 391528 118067 248639 880887 355989 999999999 796288 402680 205093 306953 78640 421452 304994 88098 382725 560160 570577 723237 699479 595201 527912 826694 167599 240331 304002 358826 532132 567247 498512 536236 546162 83398 755345 37073 279941 151414 484152 314100 433420 577698 205053 337271 128122 690878 432736 970160 568905 793580 596107 419705 296741 770312 698673 562186 413013 855575 546768 545019 615310 278125 655338
386154 521148 325296 770795 512062 419091 686866 324826 395484 661352 127311 325691 455238 413774 1008193 351050 571273 652451 871714 858117 835748 838526 715777 630637 230913 699109 324923 885049 332522 352521 795386 555555 818011 550142 149054 124140 518632 778845 821003 426407 892088 688704 248253 665561 796288 999999999 639532 928642 836621 722759 443077 790415 710588 611285 838786 723229 86501 435273 313310 512734 399412 931043 657567 805642 536970 816670 604793 797494 286125 682381 850858 389092 800762 793668 793467 560219 693807 868336 257935 668835 756865 769139 128304 693431 347011 552296 47986 245214 667892 548172 557009 608433 234102 395586 443135 292636 335383 802780 602669 373816
298193 861537 771627 492456 477825 589390 475396 858316 335587 46282 601079 429763 195528 804343 508170 870724 71877 737180 842926 441204 771270 288126 660502 494117 408622 588087 651036 308287 921224 985658 484698 600854 940333 426755 567193 650576 763952 195587 808472 265706 517760 155000 826096 50843 402680 639532 999999999 391047 225806 386517 509794 180335 340191 606076 864406 821981 553035 348516 336595 676329 489343 567273 504107 195642 523828 833826 761240 799732 361496 783455 486055 420495 434711 196746 522763 665668 598659 778562 382353 201012 133287 489208 511316 697837 932091 182212 613207 558559 673095 455520 383483 300147 452569 299514 904815 532111 570543 891282 151098 710845
667369 945415 937466 331478 532112 691834 390555 1048846 714095 345660 847338 800477 494878 931780 122071 1051110 451268 712411 706173 175227 633554 103568 576110 456407 715899 502565 803516 96420 1136305 1238562 298306 618837 873938 817020 811524 893633 825444 195876 693409 502814 242672 258819 1047837 340781 205093 928642 391047 999999999 192840 272966 605607 222814 251855 586789 757141 774829 847999 734837 676856 727361 873491 276305 444369 211495 554875 730274 771510 697473 648133 751133 242470 802689 234570 199621 345987 686479 518794 620672 684879 261537 272142 329341 810705 637266 1143237 573245 917056 758257 624734 487033 773148 683467 699715 533062 1045810 712650 721370 816636 335610 842589
522059 959597 910912 432508 542689 688662 457988 1011842 561300 187094 777206 654666 381823 924287 314729 1019366 295401 771519 816859 314529 742345 112761 657508 506423 609534 580191 780041 96963 1087734 1170543 409166 653118 957194 639370 741519 826219 847253 67830 793895 420411 395214 157463 994488 182136 306953 836621 225806 192840 999999999 337710 601003 47187 295128 637374 855990 846582 751356 573500 550656 750763 714604 439109 504448 31461 578722 826660 816110 792232 550657 815189 378093 646182 343999 46248 456869 722735 594719 738170 580247 203652 92903 429529 710872 710245 1096842 401815 816381 709565 691325 504959 594615 499954 624700 455239 1033924 671824 695685 902253 241747 830612
562104 672933 677637 106241 265241 425991 123048 792900 617963 347430 622264 682330 366945 664037 304250 792274 408778 445244 481070 138846 406673 244184 320898 183984 542360 243804 544753 298217 886077 1000846 100995 345876 621612 773393 588083 664058 552602 280031 456377 328865 173164 241571 802429 345008 78640 722759 386517 272966 337710 999999999 343024 324857 47379 315757 518298 514369 651717 654909 537187 454614 776447 218137 174471 327639 283215 488951 500285 454535 469953 486423 131859 705845 78325 302482 136273 413720 258941 405966 512159 186384 347292 102986 620754 376573 891520 538636 721962 518336 360263 218922 735858 672148 488891 346767 778557 468707 466380 565923 245564 577564
481710 359720 334615 353168 80506 88060 264348 450372 534221 498045 321364 549771 347605 327650 647130 449254 478824 263589 452094 479535 403863 546768 278119 197373 354464 256089 202041 602804 545768 668890 384506 129563 467825 727927 294236 352177 254572 533175 403343 261713 488595 448626 466319 499325 421452 443077 509794 605607 601003 343024 999999999 566848 354177 175380 437666 350609 397064 584846 410796 168064 656897 518488 223658 577454 93973 410173 261741 383417 300815 307140 450440 599911 411558 555445 369624 172339 250828 432857 336231 397357 560154 352374 382772 270267 550394 563323 459681 202490 242130 126381 705749 688571 243337 239414 440848 151737 128278 430870 379269 237035
475395 926352 871378 424798 512074 653957 441314 970619 515341 140342 732859 608199 335349 887555 344439 978806 249036 748331 805927 321729 731519 128492 640602 484645 562845 563443 741494 131622 1044975 1125737 404742 625800 938319 598855 697282 782015 815952 45274 780420 376521 402998 118681 951375 135351 304994 790415 180335 222814 47187 324857 566848 999999999 279705 613666 841628 825675 704982 528720 503471 720404 669648 449193 484979 15760 550204 811874 789489 777298 504630 792759 381462 600799 341850 26187 451040 695137 577344 729783 533697 171330 50101 421694 664374 690760 1054312 358776 769725 667870 670562 476409 554383 461974 580361 411577 996136 631369 657281 884267 199443 793580
527446 695697 687374 153411 280300 440034 162860 800444 582543 300516 615785 650742 332814 679927 301845 801518 365011 480464 526732 148777 452474 208176 362404 215673 520345 285084 553590 263822 890756 1000253 144931 372809 662195 732880 580831 659423 576994 235285 500724 303453 201177 194201 804695 298008 88098 710588 340191 251855 295128 47379 354177 279705 999999999 348291 562092 552712 636413 617664 507976 478764 742298 249190 210542 283276 304970 532461 531411 497927 448213 522920 161807 671217 105743 258085 183114 441885 299597 452678 489617 139524 300541 150158 603530 415664 896946 495716 706753 517191 397716 235518 694548 628379 476615 325053 793990 469139 472672 607132 202222 590985
639922 372924 435710 271337 142303 198940 196567 554707 694847 582595 485941 719363 480048 391929 594577 545326 592712 134748 278780 427931 228508 556451 104497 132647 527351 111508 323631 611885 658128 796614 307783 59203 334257 884714 462496 509812 250994 572574 231579 398374 407734 504626 592676 582443 382725 611285 606076 586789 637374 315757 175380 613666 348291 999999999 273549 216251 570817 743937 575936 160546 826175 422999 142457 620549 95009 244109 184737 214033 469224 179880 378040 766216 358715 595948 273631 106043 98567 258301 507118 445550 621146 272178 557917 100340 659360 696844 631451 366326 72163 151227 858564 828743 418653 386186 503090 319109 278611 286283 458334 325195
912896 429199 584810 429461 415849 424818 400701 689487 967392 835719 711709 987413 752240 507107 722944 670219 858681 186454 72954 582147 127702 757973 204295 370308 791579 279633 518145 808384 793001 944891 459886 308197 134900 1158077 696001 722947 347386 797371 63738 671591 526834 744949 753701 834814 560160 838786 864406 757141 855990 518298 437666 841628 562092 273549 999999999 126675 814205 1016870 846729 326187 1094529 515155 362179 845355 368329 30586 243044 64908 737993 159909 516253 1036655 525843 820164 411503 280974 267221 154293 773897 685139 858724 432058 808390 173377 789185 967908 867202 598978 201386 419767 1132113 1100863 676286 659701 589617 560272 507877 83941 713625 486536
832318 304634 458922 444078 349512 319437 391341 562817 884643 798846 597075 895147 687509 380437 760253 543588 806289 87802 186764 604514 203974 758540 199190 341036 696593 272672 399394 812372 666347 818223 478871 228233 119401 1078536 584279 604635 221372 783424 145767 603190 563329 719257 627721 798686 570577 723229 821981 774829 846582 514369 350609 825675 552712 216251 126675 999999999 704990 935397 760312 212891 1002016 562535 342291 831657 301385 117241 119645 122210 649315 43833 543934 948029 540363 806747 434156 180050 256701 241573 682016 659763 835586 446010 702880 138058 662604 905212 754238 488874 155267 366509 1056015 1034491 577399 585935 464454 454806 399354 81942 674583 363054
