NAME : synthetic_000401
TYPE : CTSP-D
DIMENSION : 100
GROUPS : 8
RELAXATION_LEVEL : 1
EDGE_WEIGHT_TYPE : EXPLICIT
EDGE_WEIGHT_FORMAT : FULL_MATRIX
EDGE_WEIGHT_SECTION
999999999 354166 305926 187891 736309 372306 57288 573636 126269 474794 723968 542173 491827 797716 615467 231231 669782 191121 425787 406350 508269 722039 242341 103234 315269 766393 205443 347254 547573 642887 585951 376057 192907 205022 320267 393155 280899 664001 562241 259159 87663 554787 519908 724374 223744 170030 666558 353458 156209 718489 586109 273276 262576 255863 380906 215790 637663 175245 406396 293982 736501 895269 504615 711880 805648 330728 168237 682456 632858 779567 331284 630466 371279 407411 467151 106742 752139 794656 632613 770822 338600 470845 741399 452741 182987 193487 809754 852159 486296 545852 275729 303934 709388 396064 505116 573303 233183 266960 379763 302788
354166 999999999 57066 174772 672914 164441 358900 865610 238033 646453 972659 237201 145620 880321 789454 582445 758244 407729 694053 456821 548943 717832 572711 374757 70526 684959 178095 173237 217928 897259 857927 411212 440897 556482 354560 570393 562173 675617 504041 245791 344169 375819 546429 597536 238718 458828 424334 486783 467541 866825 490953 567279 616221 609293 580707 567097 769583 233436 702856 628728 853309 745055 248762 852194 934812 684375 447680 883105 801587 927625 610368 604668 381428 92468 812840 460217 747920 927264 858670 586480 687636 125010 865672 115942 192224 512679 614886 1015503 788725 374117 625430 430611 815082 523707 339043 777165 122235 606785 479213 177740
305926 57066 999999999 121286 642678 138258 316538 808606 197388 591896 916134 255412 186082 834345 735681 536319 710669 350696 636987 407730 503012 679954 532464 319621 83794 657755 121401 194405 247956 840504 800889 362115 384037 505548 303314 514978 505379 635169 469433 192053 289550 359485 501942 576678 223906 402872 425947 432447 429021 815153 461898 510789 568495 561786 524550 516062 718481 176574 646084 574382 804020 730913 248081 801027 884995 634343 391511 828289 748193 876293 553428 567790 333667 108244 759563 412613 710437 877127 802677 577067 642696 165049 815846 148499 160242 473817 608292 963440 731985 356030 573642 375639 766463 470254 317986 721810 73241 553158 426779 130787
187891 174772 121286 999999999 643169 195408 207608 697536 102171 509154 816848 356431 305310 785047 655503 419121 657372 243217 529491 357148 460733 658776 423075 200454 157838 665444 35325 238205 359736 739025 694537 314178 272685 384568 249988 427964 392488 607313 464146 140864 169509 403243 464842 601284 188277 285725 498018 354614 323933 744149 471527 395680 449598 443105 431535 395036 651059 73593 532541 453956 742940 766343 326928 732344 821018 513694 275245 741602 669825 806194 442033 552395 293481 219537 638465 294419 689783 811946 708429 625218 526418 284484 752520 265362 101585 367346 660987 889526 618021 396502 452397 295701 708430 396391 355251 632618 54896 432195 359822 137314
736309 672914 642678 643169 999999999 508678 788918 770578 734779 447888 726254 537012 642459 345791 477772 892313 304470 570960 638638 338229 256822 120585 949483 646717 726307 43038 607880 837083 593360 695475 716032 361160 595608 806298 416574 463662 636186 150249 179134 504801 650360 318881 237276 134426 830732 646009 384398 426564 888626 459137 182047 660166 893881 892268 499043 810794 390164 592337 703964 773894 392991 228271 464624 436876 460066 903835 634581 571196 471637 490843 639581 114593 365629 598077 923211 797668 130664 461848 612639 253039 982685 640868 412907 619214 744525 918038 282223 574777 757412 314981 832209 451194 355489 401070 340240 533012 660597 780554 384914 520697
372306 164441 138258 195408 508678 999999999 400860 785654 296210 524828 866011 178537 187796 725945 660677 599142 607741 341769 609896 314923 396873 554864 613530 346020 219900 521694 168656 330703 202568 795772 766849 271006 380190 549009 226268 457549 497127 514667 340027 148905 323458 222044 391628 438493 353870 414107 303096 368269 517626 727599 326863 508784 624324 618673 475595 558619 629079 201108 634069 594060 706465 593309 132566 711219 788986 678402 400586 759902 670621 786719 538915 441375 238280 104945 782746 474708 584693 782428 746137 441843 706985 173937 720275 147196 277650 560102 474767 876835 718898 218090 610279 319805 666710 398261 179731 659461 180578 578925 349862 73560
57288 358900 316538 207608 788918 400860 999999999 614381 120906 531032 771349 563551 501702 854987 670728 226457 727070 248384 473547 461593 564215 777573 216339 160452 310521 818047 232265 323908 563447 690097 630782 429905 248960 223670 372349 449757 329817 719857 613433 301826 143986 594746 575397 772160 190698 222269 700607 410682 116770 774502 634838 319791 263936 256449 436618 234230 694466 213435 448678 324931 793420 942348 533270 768215 862097 339893 222045 735492 688304 835388 379149 684423 423330 422629 486538 114300 807802 851021 683584 813438 329375 480645 798135 465036 172385 159740 851554 906975 525534 586415 294538 360690 766533 453335 545248 626859 243596 295593 436515 335319
573636 865610 808606 697536 770578 785654 614381 999999999 690304 329164 195910 954122 966210 565891 317041 481017 497768 457956 175816 531778 541852 673772 568511 503224 854667 813586 687783 913575 987346 132890 66127 556005 425232 413707 571071 352225 305225 623929 688352 639967 535461 828716 563525 853668 797292 416175 966475 437110 607697 402972 744047 304861 444310 450219 323035 406054 407346 632300 167748 300120 472272 997437 880949 416072 484720 379024 424604 277433 331758 433843 255575 667445 585850 873915 262922 513094 688607 471958 200663 960697 484441 948420 460364 923126 744822 594585 1001737 449204 90425 816640 361089 471421 481294 427512 793180 246798 752323 331648 473048 720268
126269 238033 197388 102171 734779 296210 120906 690304 999999999 549261 829478 448956 381413 849308 694893 346030 720478 263412 533303 430073 535265 741203 335463 190828 191355 759269 134877 223905 445254 749276 697022 390739 281194 330708 327290 466089 389092 687035 555797 230284 159918 505170 542262 699876 118132 275689 599273 406114 231635 791225 567597 385912 381729 374500 462000 341487 702898 143078 522570 419026 798730 866376 426315 781732 873391 454182 269343 772199 710852 853284 440262 638821 375357 304855 593355 227017 772123 863387 729916 727018 450092 360381 806308 345618 56791 276447 763013 932019 605058 498248 401676 348877 767155 449619 456932 662102 125654 392724 420788 239323
474794 646453 591896 509154 447888 524828 531032 329164 549261 999999999 347382 672446 712622 340823 146517 529118 224826 288196 193022 223436 213070 364160 607290 372869 659564 490494 485464 747194 714682 286920 283184 259722 282072 436764 298887 83199 241194 308072 360650 400722 397201 515488 234614 524616 667381 315240 650868 159729 587657 243888 417142 264261 514902 516114 96182 436837 166985 435561 262009 365196 266476 671908 592597 237209 331234 498430 311801 236820 161728 305395 220317 340411 293022 626040 484228 479216 384976 320029 224097 632009 594876 698309 268873 671622 590873 599429 672852 382844 309548 503619 435584 216464 246337 126661 486476 135061 557397 382347 175755 474674
723968 972659 916134 816848 726254 866011 771349 195910 829478 347382 999999999 1019193 1053143 450290 250592 666215 424763 574390 298184 570780 543500 613644 754397 638672 974008 768328 800185 1047016 1060141 81274 148250 606486 549695 590726 640230 408466 443164 576332 689811 731489 669713 859280 562864 832396 943271 555845 992144 497940 782206 286060 747197 451570 632261 637574 392890 584452 336138 745764 330390 478935 362046 953079 939813 305824 344270 571876 560708 156785 254801 291931 392708 640663 639563 963910 457852 680616 620181 333197 124243 949426 678352 1037591 344885 1011158 880299 774452 987715 277286 276769 847611 546318 547546 386318 471997 832730 214938 869852 509719 521523 809693
542173 237201 255412 356431 537012 178537 563551 954122 448956 672446 1019193 999999999 122991 817236 797499 772117 712340 518891 778530 450621 508257 615355 779465 523958 307623 535650 336917 400630 56363 953256 930540 412783 557568 726044 384127 614190 672668 589844 404459 326046 500339 219180 496600 429588 474252 592529 203368 524299 679028 849324 366940 685389 799297 793365 636633 735820 751425 376858 807490 772520 815713 548864 82919 830632 898231 855746 578950 900577 804694 904556 712548 505443 379634 148380 961187 647103 641636 893650 896512 383317 879966 132571 831910 125863 415632 723056 403593 996482 891359 224950 788298 483105 774000 547217 212508 807147 323562 757449 497695 251928
491827 145620 186082 305310 642459 187796 501702 966210 381413 712622 1053143 122991 999999999 898512 847778 722397 785428 512821 791114 500532 575515 709826 716834 497032 210077 645447 297269 288117 81536 982037 950731 457549 549490 689551 413995 644736 670028 677542 493867 326481 468856 324572 567559 543863 380850 575769 326354 555779 612239 911658 464992 678768 754322 747673 661640 699940 812999 348019 809675 752240 886420 670336 178439 894568 969239 818921 563300 947512 857320 969815 714952 597016 424418 92685 939472 598557 737825 963359 933729 505257 828739 21065 901138 43149 337665 657303 526435 1060668 895390 327601 756521 505982 845760 586042 304535 847242 259268 732934 537544 246238
797716 880321 834345 785047 345791 725945 854987 565891 849308 340823 450290 817236 898512 999999999 253992 869868 128891 606604 505281 429436 331462 227292 947887 694560 914048 379634 754094 1016471 870720 451585 500614 474287 610432 777546 536982 412099 581907 230745 413689 650869 713400 606005 334491 477658 964152 649941 707675 446130 923225 166662 458787 604705 854586 856104 435026 777465 178345 715528 576341 700873 93626 548335 735546 150504 121753 832094 644444 300033 236792 165790 557210 317735 500922 829765 790310 815995 215859 127709 368911 598338 932222 890539 107147 865001 880349 937895 627936 235548 592304 597496 773177 501168 95356 402712 604729 327555 822687 720539 428589 703889
615467 789454 735681 655503 477772 660677 670728 317041 694893 146517 250592 797499 847778 253992 999999999 641945 183956 432534 257709 348479 300575 369093 725208 515132 804960 520286 631338 893614 843165 219663 253945 390312 422808 551476 437474 229140 359781 327525 443233 543796 540897 620803 318330 581804 813018 450510 749833 303535 717991 110279 500330 379591 620989 623570 234916 549526 92089 581917 327021 462005 162266 705620 715639 112948 203147 588973 449062 104843 19285 166881 324540 390080 423594 763823 536885 609092 379493 190531 135314 699088 692639 834608 155268 807868 737206 724948 737193 237423 338312 609537 535884 361549 164846 265810 599346 73564 703294 485284 311915 615288
231231 582445 536319 419121 892313 599142 226457 481017 346030 529118 666215 772117 722397 869868 641945 999999999 751482 324482 394535 554693 641243 851300 88207 266591 536808 927999 435288 544459 778761 588017 517976 538876 296821 92402 498398 464405 287961 790904 732282 471265 280297 763494 658182 906444 406511 246308 884506 469346 149567 752187 767402 265384 43494 35643 436767 92709 693723 398300 340230 189158 791476 1077535 730186 752436 844929 126511 257967 676696 661160 807100 317445 779223 545836 638639 285805 125056 878741 832416 609099 969807 107895 701368 790531 683758 398827 120487 1010524 861172 392108 753404 120156 441478 775032 502828 714370 580211 463197 160465 508632 527318
669782 758244 710669 657372 304470 607741 727070 497768 720478 224826 424763 712340 785428 128891 183956 751482 999999999 478779 405859 303598 210874 188979 827046 566751 789208 345528 626897 890204 763934 403029 436434 348960 484115 659109 410628 288773 464459 158227 317676 524736 585011 509944 217902 421815 835520 525214 624591 317472 797940 156907 369747 488028 738977 739937 314720 659805 91881 587324 477328 589920 104137 529114 629620 134778 186000 722950 519029 268355 173579 199358 445057 237130 377098 712404 697525 691554 196350 182127 318035 542915 819655 776064 121869 750023 751983 814243 577912 290428 507183 500214 660382 372281 61999 274169 501382 250987 696140 607099 299854 580892
191121 407729 350696 243217 570960 341769 248384 457956 263412 288196 574390 518891 512821 606604 432534 324482 478779 999999999 286950 232833 327484 541784 378595 87974 400997 605296 230259 473559 543519 496043 451698 214399 38917 245447 177852 205240 157207 482324 407837 192984 109171 455457 341900 582322 381272 83776 586245 163840 326363 531824 443600 167142 332619 329595 198669 252243 447960 174778 297240 258197 546293 753200 456907 523920 617093 363430 69968 508924 448982 593524 203264 459637 222628 420137 445248 227862 571018 606438 469138 650681 422382 494108 551840 469706 309439 350465 692097 669940 383154 444377 290273 121074 518470 205612 408554 398845 297168 248773 194821 270798
425787 694053 636987 529491 638638 609896 473547 175816 533303 193022 298184 778530 791114 505281 257709 394535 405859 286950 999999999 365125 392378 557118 481080 342696 687305 680843 517119 753494 811530 217121 165154 385055 257346 308697 396161 187578 145104 501020 533043 464680 374335 659699 414164 705743 645799 258270 797709 266034 492567 366557 586526 153918 368882 372312 154487 304647 327992 461679 71560 208010 417464 859736 705985 370656 459121 331521 263960 282183 276831 417220 94534 528425 413597 699013 292599 387272 577441 446221 217052 805899 436166 773550 412422 748083 585494 490720 847658 466794 123502 647625 281981 296392 410904 262995 622090 189376 583822 234353 304874 544981
406350 456821 407730 357148 338229 314923 461593 531778 430073 223436 570780 450621 500532 429436 348479 554693 303598 232833 365125 999999999 105204 316064 611427 311299 485639 373309 325264 587049 494984 508971 496383 45641 257885 470274 107639 179602 315216 259097 183224 221438 318827 297193 113985 361872 540605 308518 434748 103353 554360 412944 229302 337538 558151 556108 210739 475412 314633 290334 415471 450564 396526 529378 369868 397062 478019 575024 296739 450449 357173 472632 332311 227021 76757 419441 618551 460160 346444 470611 447185 448164 647582 488242 408894 461567 455027 581641 490315 562191 488048 285137 501951 113215 358733 104434 264419 357160 393275 452439 60738 279083
508269 548943 503012 460733 256822 396873 564215 541852 535265 213070 543500 508257 575515 331462 300575 641243 210874 327484 392378 105204 999999999 214491 703714 410430 583268 296528 428100 687246 557919 493104 495875 146556 346866 553123 210780 209665 379368 155756 148323 322674 420610 320562 21843 313710 645339 396085 449619 172068 653022 341132 205455 403372 640119 638930 245198 557007 243676 395122 453639 517073 310905 469078 425364 322386 393729 647284 385756 405397 304106 396588 383986 142310 170295 501535 669622 555015 244150 388000 419943 418957 728208 565670 325815 539510 559484 677936 459892 488373 514720 309458 576021 206741 270383 144248 302220 330166 494504 524056 133425 372455
722039 717832 679954 658776 120585 554864 777573 673772 741203 364160 613644 615355 709826 227292 369093 851300 188979 541784 557118 316064 214491 999999999 916539 624874 763321 158827 624419 872069 670842 588662 615752 351195 559775 761492 413965 397917 578263 60416 216669 517938 634400 397381 202176 250418 846525 608120 485950 383000 867511 340565 248494 602682 847260 846657 431647 764554 278519 598674 625956 713969 272822 340416 537008 318383 339648 846874 598409 457332 360815 370417 572943 113701 366325 653044 847994 768971 31008 341287 504355 371417 933791 705112 292749 681287 759812 892125 402213 454246 670388 390641 777993 421210 236231 348573 406206 430107 685238 724913 347147 551147
242341 572711 532464 423075 949483 613530 216339 568511 335463 607290 754397 779465 716834 947887 725208 88207 827046 378595 481080 611427 703714 916539 999999999 306841 519184 983333 445286 509140 779733 676220 606152 590539 356898 173872 543663 538440 367537 856395 783301 499251 312020 795079 719304 953299 370727 308568 908852 533589 106450 835248 813955 346202 125058 118611 513043 176722 773306 417527 428168 277099 871857 1124843 746065 834630 927733 202520 318146 763216 744337 891131 400961 838151 593235 638935 361334 153237 944868 915356 696462 1008093 135353 695814 871760 680911 381789 61929 1047820 947164 479953 785750 208180 499157 853627 570026 745444 665151 459754 247858 570291 544949
103234 374757 319621 200454 646717 346020 160452 503224 190828 372869 638672 523958 497032 694560 515132 266591 566751 87974 342696 311299 410430 624874 306841 999999999 353923 679033 200245 411368 539886 558449 506917 285787 92999 204090 236826 290677 199283 566034 477274 207486 32251 496974 423426 646469 305602 87151 619794 251155 243084 616750 507118 198558 284393 279709 280216 213316 534768 149673 336185 255392 633457 818013 472686 609634 703202 332684 79045 586202 532165 678110 250332 537830 286588 406103 442516 153618 654565 692337 540617 704305 371621 476922 638571 454916 242941 271366 744721 752357 420644 486833 264340 204123 606162 293372 447953 476358 254902 236144 279593 272478
315269 70526 83794 157838 726307 219900 310521 854667 191355 659564 974008 307623 210077 914048 804960 536808 789208 400997 687305 485639 583268 763321 519184 353923 999999999 740933 174919 110943 286137 896534 852369 440255 430320 520242 379381 580172 549451 717911 553217 265708 321941 438584 583105 658020 170792 440648 493774 501603 412943 888462 545293 551564 573033 565767 586302 531000 792880 228346 688926 601638 880650 809463 317176 875163 960874 645217 430958 894421 818328 950048 599357 651367 413181 162487 781196 418287 793865 952602 864155 652853 639530 190480 891811 184924 138352 458046 682335 1035839 774034 435912 590698 443416 843892 541297 398960 786346 104157 577399 500079 212808
766393 684959 657755 665444 43038 521694 818047 813586 759269 490494 768328 535650 645447 379634 520286 927999 345528 605296 680843 373309 296528 158827 983333 679033 740933 999999999 630122 851875 591935 738258 759067 393287 631181 842924 446127 504598 675517 192862 204799 528989 681264 320919 276389 114188 851953 681772 371066 464552 919877 499126 196255 699366 930672 928868 540056 847684 432190 617724 745768 813233 431556 185444 467009 476903 496225 942480 670048 612946 513876 528855 680148 154412 395114 606736 964505 830956 163906 498623 655268 224683 1019763 645259 451482 624714 766303 950356 249972 611241 799962 318594 870501 486523 394983 440606 347870 575961 679883 819186 422284 539233
205443 178095 121401 35325 607880 168656 232265 687783 134877 485464 800185 336917 297269 754094 631338 435288 626897 230259 517119 325264 428100 624419 445286 200245 174919 630122 999999999 264828 345183 723384 681587 281639 262835 393935 217720 405482 384078 573429 428880 106581 171593 370543 431594 566447 223297 281927 469190 328748 349033 717578 436284 389398 463439 457291 411421 404142 623454 55503 524762 455635 714093 731994 301175 705182 792896 523784 270342 719707 645142 779483 432393 517562 259836 207579 642329 310241 655419 784081 689396 592240 543097 276963 724163 255632 136733 391451 628473 863895 610639 363468 459773 270072 678918 369621 322127 611465 71956 435750 331112 105226
347254 173237 194405 238205 837083 330703 323908 913575 223905 747194 1047016 400630 288117 1016471 893614 544459 890204 473559 753494 587049 687246 872069 509140 411368 110943 851875 264828 999999999 369260 967701 918137 542255 497455 546699 479626 665630 610648 825443 663360 365612 379394 548008 688354 768401 138759 497826 595307 592641 404394 982018 656199 608807 584710 576958 667619 557376 888248 311739 745935 641233 978744 918065 421448 969876 1057716 663040 490413 978536 908014 1044002 661693 760691 516994 264217 810085 438113 902742 1048907 942485 759699 639156 272040 988956 274767 168755 447360 787803 1127695 828832 545746 617852 533756 943193 634079 509342 869090 194174 613907 595911 320924
547573 217928 247956 359736 593360 202568 563447 987346 445254 714682 1060141 56363 81536 870720 843165 778761 763934 543519 811530 494984 557919 670842 779733 539886 286137 591935 345183 369260 999999999 992381 966649 455241 581631 738710 421232 653022 699477 644267 458836 351176 514100 275319 547179 485438 456397 613210 252870 563027 676866 898450 422589 710659 808272 801986 673635 748797 800192 390531 836637 792450 866893 601213 135192 880149 949577 868637 600022 945426 851060 954507 741483 560392 421820 140839 980975 653879 697352 944683 938323 435348 886149 97519 882755 102095 406221 721565 453471 1046261 921425 280821 803279 518546 825374 588536 266477 849704 320045 775518 539096 272844
642887 897259 840504 739025 695475 795772 690097 132890 749276 286920 81274 953256 982037 451585 219663 588017 403029 496043 217121 508971 493104 588662 676220 558449 896534 738258 723384 967701 992381 999999999 73178 541917 470247 510871 571265 339374 362192 545439 641202 658219 589677 802390 513552 793173 862622 475095 937428 429383 701673 285184 698492 370331 555157 560214 320398 504853 311281 668609 250206 399842 358859 923700 875206 301390 359831 497863 480220 153077 229605 307777 311603 601995 574462 891881 394265 599595 599039 347462 85194 907115 604994 965950 344474 939694 800538 694728 946598 316692 202940 790531 468540 476115 375060 407185 772995 164808 792433 430330 456443 737225
585951 857927 800889 694537 716032 766849 630782 66127 697022 283184 148250 930540 950731 500614 253945 517976 436434 451698 165154 496383 495875 615752 606152 506917 852369 759067 681587 918137 966649 73178 999999999 524653 422499 443378 546432 319069 307929 567822 643783 624573 538771 793273 517218 804516 807993 421367 930229 407557 635780 337081 700326 312775 484106 489371 294027 436847 345232 626233 184291 331041 406993 943799 854892 350523 418612 425213 427931 211450 267845 367820 256761 615923 555926 859268 322301 535957 629296 405841 134536 914409 532203 933747 394743 907912 749857 626852 954926 385630 129974 781252 398069 448118 417272 392171 760302 186041 748777 362002 439860 704595
376057 411212 362115 314178 361160 271006 429905 556005 390739 259722 606486 412783 457549 474287 390312 538876 348960 214399 385055 45641 146556 351195 590539 285787 440255 393287 281639 542255 455241 541917 524653 999999999 244397 458006 64277 205585 318142 296306 193464 176799 289469 275041 151675 368716 499237 294952 412972 119122 527485 457762 231056 338871 545746 543098 232970 464015 359647 249300 429719 449428 442161 539112 333503 442168 523605 569027 282161 491023 399794 517733 341734 254526 33456 375138 624193 437831 381985 516139 483741 444781 635540 444736 454472 418016 413159 557148 486807 606968 506266 262996 495462 104655 404352 134796 237265 394605 348780 448112 85489 233482
192907 440897 384037 272685 595608 380190 248960 425232 281194 282072 549695 557568 549490 610432 422808 296821 484115 38917 257346 257885 346866 559775 356898 92999 430320 631181 262835 497455 581631 470247 422499 244397 999999999 213650 213205 201198 121456 499735 436932 231559 121607 492555 362798 613113 397515 50756 624164 177185 314389 525621 475125 129402 301469 299007 188046 219630 446157 207469 262152 219582 545429 783342 495825 519264 613188 327683 39025 493256 440065 586661 169675 482886 255730 456851 406367 210490 588320 602075 448767 684829 391227 530535 549606 506432 330710 334169 726442 659823 348106 481356 254213 144673 519996 215709 446069 383375 327320 211107 213475 308801
205022 556482 505548 384568 806298 549009 223670 413707 330708 436764 590726 726044 689551 777546 551476 92402 659109 245447 308697 470274 553123 761492 173872 204090 520242 842924 393935 546699 738710 510871 443378 458006 213650 999999999 422862 372339 195667 701077 650514 411300 225714 696023 570699 826706 414281 163061 822139 381063 194008 661592 688482 173366 87906 85970 344407 10779 601625 349285 260706 113594 699610 996991 676692 661312 754178 129933 176072 590387 570632 717277 227103 692536 468019 601373 263479 109905 788555 741751 525227 895880 177587 668837 698964 648812 387049 183883 937168 773764 323313 685394 71220 357453 682770 412943 647763 491359 434380 82079 421540 475648
320267 354560 303314 249988 416574 226268 372349 571071 327290 298887 640230 384127 413995 536982 437474 498398 410628 177852 396161 107639 210780 413965 543663 236826 379381 446127 217720 479626 421232 571265 546432 64277 213205 422862 999999999 232069 306791 359928 242160 114119 235744 281100 215752 409704 435022 261539 415689 142292 474321 512274 270337 324607 509464 506077 252674 429917 415240 185284 431590 429244 501325 581238 309889 497822 581885 540796 247812 534824 448620 573177 338783 313957 51025 327242 611236 390430 444863 573887 519910 473019 599019 399447 512759 372776 348893 506402 514337 660964 512764 269607 467390 99772 464553 172679 236498 433279 285708 423611 125594 178173
393155 570393 514978 427964 463662 457549 449757 352225 466089 83199 408466 614190 644736 412099 229140 464405 288773 205240 187578 179602 209665 397917 538440 290677 580172 504598 405482 665630 653022 339374 319069 205585 201198 372339 232069 999999999 181495 338285 346035 325747 314358 476515 231022 520579 584215 238002 614250 90011 511365 326585 399037 205861 454888 455165 35541 373836 244965 354436 244684 316068 344307 678711 536996 318978 412543 449173 233124 314249 244791 388302 176394 350300 237013 555957 460140 403900 422735 401661 289710 618579 538992 629367 348439 602871 508079 525951 660418 465954 311078 464442 381349 140306 319977 75775 441798 206833 477248 327972 121132 402391
280899 562173 505379 392488 636186 497127 329817 305225 389092 241194 443164 672668 670028 581907 359781 287961 464459 157207 145104 315216 379368 578263 367537 199283 549451 675517 384078 610648 699477 362192 307929 318142 121456 195667 306791 181495 999999999 518226 497880 348306 231336 586576 399144 676543 500799 113479 722304 213810 359986 469140 544202 24424 274690 275499 150675 195651 406074 328810 140716 137723 504365 841905 606905 467602 561151 268924 120241 410510 378680 526563 51170 521632 338925 577344 306243 251677 603711 548945 354436 761742 357613 651293 504260 626912 442138 365192 803874 588950 226657 574838 199934 214482 487103 235128 543128 305167 447333 146680 257574 427268
664001 675617 635169 607313 150249 514667 719857 623929 687035 308072 576332 589844 677542 230745 327525 790904 158227 482324 501020 259097 155756 60416 856395 566034 717911 192862 573429 825443 644267 545439 567822 296306 499735 701077 359928 338285 518226 999999999 185433 466862 576338 375966 145253 263674 794282 547912 478052 322810 808359 315032 228105 542638 786867 786251 372310 704147 240502 545174 569064 654223 255110 378296 509242 292835 330274 786962 538301 421861 321585 353402 513799 87010 313875 615478 790743 709204 88702 329595 462418 384984 873468 671338 274574 646684 707761 832482 419695 441870 616271 367830 717858 362075 214644 288158 377808 383660 636232 664836 287535 505124
562241 504041 469433 464146 179134 340027 613433 688352 555797 360650 689811 404459 493867 413689 443233 732282 317676 407837 533043 183224 148323 216669 783301 477274 553217 204799 428880 663360 458836 641202 643783 193464 436932 650514 242160 346035 497880 185433 999999999 325704 477840 193180 127651 178707 651911 487652 309502 284382 716464 467245 57410 520488 738380 735931 380649 656179 375186 413610 589933 633726 421688 346776 323849 446442 502394 757955 475121 547311 444449 516194 511924 103236 191324 436635 799127 630278 245675 499432 566887 273077 828098 488674 439519 464688 565578 748047 314684 607823 656397 184137 684729 293589 379520 272426 192397 477701 482942 635564 240563 344123
259159 245791 192053 140864 504801 148905 301826 639967 230284 400722 731489 326046 326481 650869 543796 471265 524736 192984 464680 221438 322674 517938 499251 207486 265708 528989 106581 365612 351176 658219 624573 176799 231559 411300 114119 325747 348306 466862 325704 999999999 191007 295903 325439 472870 328956 267549 413247 241015 414502 623595 338232 359901 491538 486621 338602 420278 527453 90216 485880 447442 615009 641806 267322 609865 695168 538834 253753 637459 556174 684949 390756 411761 153473 234700 635879 350758 548943 686931 615110 512061 577781 309203 626103 283510 242186 452636 550712 771615 571056 286781 468569 185491 578539 278223 246242 532140 171983 433968 235023 80306
87663 344169 289550 169509 650360 323458 143986 535461 159918 397201 669713 500339 468856 713400 540897 280297 585011 109171 374335 318827 420610 634400 312020 32251 321941 681264 171593 379394 514100 589677 538771 289469 121607 225714 235744 314358 231336 576338 477840 191007 999999999 484918 432289 643410 275911 119401 604220 267774 238655 640936 504405 230809 301959 296693 306259 235487 556914 123765 368436 284835 654987 814801 452276 633090 726227 355432 111114 614345 557588 702582 282322 543554 286519 378664 470811 160673 664483 715597 570322 696124 387112 448551 660803 427091 211160 271137 735983 778307 452859 475201 289185 216741 626460 310860 435484 504329 223629 264220 292553 250274
554787 375819 359485 403243 318881 222044 594746 828716 505170 515488 859280 219180 324572 606005 620803 763494 509944 455457 659699 297193 320562 397381 795079 496974 438584 320919 370543 548008 275319 802390 793273 275041 492555 696023 281100 476515 586576 375966 193180 295903 484918 999999999 304304 223250 574666 538884 138010 393709 709298 656285 149127 605213 780157 775911 506377 703988 561396 381440 704382 710208 614077 371430 146177 636094 695245 818458 524853 725641 624667 707383 614782 289839 249042 290913 892019 645526 423017 691996 735047 222099 868329 324479 631567 304549 495280 748245 257950 799305 781282 12081 745589 373276 571917 401627 49674 644372 399708 703637 355752 265929
519908 546429 501942 464842 237276 391628 575397 563525 542262 234614 562864 496600 567559 334491 318330 658182 217902 341900 414164 113985 21843 202176 719304 423426 583105 276389 431594 688354 547179 513552 517218 151675 362798 570699 215752 231022 399144 145253 127651 325439 432289 304304 999999999 291869 650748 412461 431506 189847 666397 354038 184979 423035 657943 656600 266534 574811 257644 400962 475211 536866 319889 447695 413690 334684 402682 666560 401787 423011 321050 408070 404798 122698 172023 495803 690773 569731 232476 397548 439595 397401 746331 558392 335578 532459 564504 692250 438258 500077 536549 293441 594993 220835 278665 164255 288386 350153 496625 543279 149573 371161
724374 597536 576678 601284 134426 438493 772160 853668 699876 524616 832396 429588 543863 477658 581804 906444 421815 582322 705743 361872 313710 250418 953299 646469 658020 114188 566447 768401 485438 793173 804516 368716 613113 826706 409704 520579 676543 263674 178707 472870 643410 223250 291869 999999999 782925 663646 257271 462913 880332 578686 139368 699191 914403 911664 555746 832726 500196 563085 765246 812419 517351 171545 366377 556502 588662 936134 650766 681023 578639 615794 689622 191777 360850 514075 976896 800087 264379 589427 713595 121711 1004207 545590 537067 526822 699526 914518 156310 702411 828368 223688 862785 471128 477750 448813 259072 628421 607981 813986 419091 467961
223744 238718 223906 188277 830732 353870 190698 797292 118132 667381 943271 474252 380850 964152 813018 406511 835520 381272 645799 540605 645339 846525 370727 305602 170792 851953 223297 138759 456397 862622 807993 499237 397515 414281 435022 584215 500799 794282 651911 328956 275911 574666 650748 782925 999999999 387552 649699 522999 265671 909163 656863 495350 447315 439500 579931 424793 820298 250271 629881 514277 915603 944135 471903 899475 990852 526711 382633 889736 828983 971245 551819 740648 480513 326177 676611 304575 877532 980959 846123 795604 500400 361257 923522 354609 86771 308865 828578 1050150 710030 569598 484963 465205 883399 566360 529404 779648 175380 485555 535687 315026
170030 458828 402872 285725 646009 414107 222269 416175 275689 315240 555845 592529 575769 649941 450510 246308 525214 83776 258270 308518 396085 608120 308568 87151 440648 681772 281927 497826 613210 475095 421367 294952 50756 163061 261539 238002 113479 547912 487652 267549 119401 538884 412461 663646 387552 999999999 668775 225120 273363 556352 525470 111414 250807 248279 219189 169289 481608 228323 249036 180015 581200 833991 534462 551590 645825 279718 14112 513229 468507 616400 164639 533042 305428 483705 368658 166347 636331 634304 462588 734119 340591 556148 584105 533075 329143 289436 775611 685670 333564 527877 206705 195334 557947 261704 491676 404660 340511 167141 262923 341230
666558 424334 425947 498018 384398 303096 700607 966475 599273 650868 992144 203368 326354 707675 749833 884506 624591 586245 797709 434748 449619 485950 908852 619794 493774 371066 469190 595307 252870 937428 930229 412972 624164 822139 415689 614250 722304 478052 309502 413247 604220 138010 431506 257271 649699 668775 999999999 531714 817087 776428 255010 740289 904186 899462 644330 830613 684630 491328 841999 843167 727775 349750 177884 755416 806557 947139 654669 854505 752285 823892 751823 391515 386391 331921 1026798 763250 506714 804690 868093 184095 990946 334938 746242 324242 578744 858284 200644 914936 919236 150084 874998 510088 685805 539144 179196 777618 481594 835018 493644 365301
353458 486783 432447 354614 426564 368269 410682 437110 406114 159729 497940 524299 555779 446130 303535 469346 317472 163840 266034 103353 172068 383000 533589 251155 501603 464552 328748 592641 563027 429383 407557 119122 177185 381063 142292 90011 213810 322810 284382 241015 267774 393709 189847 462913 522999 225120 531714 999999999 489287 389576 332361 236852 468155 466898 114237 385028 297750 281446 313011 350642 392647 628197 447527 378191 468287 478138 215553 396529 316725 451658 228967 312229 148856 467808 515454 387413 411292 458712 377957 551487 556485 540777 400603 514191 442280 511024 593634 535187 387743 381640 405958 58917 361356 43616 356368 292396 400631 354900 43824 315362
156209 467541 429021 323933 888626 517626 116770 607697 231635 587657 782206 679028 612239 923225 717991 149567 797940 326363 492567 554360 653022 867511 106450 243084 412943 919877 349033 404394 676866 701673 635780 527485 314389 194008 474321 511365 359986 808359 716464 414502 238655 709298 666397 880332 265671 273363 817087 489287 999999999 826004 741825 343142 192903 184967 491479 201986 754455 328013 451876 307578 854040 1051349 650015 822555 916745 275813 278926 769561 736564 884817 402794 780662 525155 536343 434134 108921 897002 904934 709268 926527 235083 591271 856366 577144 275967 45175 965191 948933 517289 700656 253942 446319 831293 529504 659681 665147 356970 276049 521065 451794
718489 866825 815153 744149 459137 727599 774502 402972 791225 243888 286060 849324 911658 166662 110279 752187 156907 531824 366557 412944 341132 340565 835248 616750 888462 499126 717578 982018 898450 285184 337081 457762 525621 661592 512274 326585 469140 315032 467245 623595 640936 656285 354038 578686 909163 556352 776428 389576 826004 999999999 521579 489362 731219 733830 338010 659730 98659 671021 434647 572005 75987 680261 766455 22273 92906 698078 553995 133409 91034 62153 434756 393129 489699 832299 638832 717090 342009 80252 203611 699822 802290 900235 59587 873662 830633 834063 734713 149250 437844 645887 645950 448491 104689 347971 642425 178026 789210 595511 388582 689837
586109 490953 461898 471527 182047 326863 634838 744047 567597 417142 747197 366940 464992 458787 500330 767402 369747 443600 586526 229302 205455 248494 813955 507118 545293 196255 436284 656199 422589 698492 700326 231056 475125 688482 270337 399037 544202 228105 57410 338232 504405 149127 184979 139368 656863 525470 255010 332361 741825 521579 999999999 566166 776027 773146 433121 694719 430876 428178 641679 678449 473228 310903 289543 500480 552799 799914 512423 604236 501254 568965 561177 141338 221617 416489 847794 660736 274768 550491 624297 219826 865831 461974 491518 439438 571724 775542 261852 660167 710013 142148 726390 334786 431166 324349 160561 535088 483988 678507 288882 343219
273276 567279 510789 395680 660166 508784 319791 304861 385912 264261 451570 685389 678768 604705 379591 265384 488028 167142 153918 337538 403372 602682 346202 198558 551564 699366 389398 608807 710659 370331 312775 338871 129402 173366 324607 205861 24424 542638 520488 359901 230809 605213 423035 699191 495350 111414 740289 236852 343142 489362 566166 999999999 250956 251949 174757 172805 428339 334590 137629 113953 526244 865049 621249 488439 581673 244583 120611 426420 398620 546097 60278 545592 358573 586161 286822 235754 628133 569361 367701 783132 333370 659713 525702 635738 440057 346239 825237 606568 222477 593556 175524 234628 509745 259168 561104 322771 450570 122256 280515 437928
262576 616221 568495 449598 893881 624324 263936 444310 381729 514902 632261 799297 754322 854586 620989 43494 738977 332619 368882 558151 640119 847260 125058 284393 573033 930672 463439 584710 808272 555157 484106 545746 301469 87906 509464 454888 274690 786867 738380 491538 301959 780157 657943 914403 447315 250807 904186 468155 192903 731219 776027 250956 999999999 7958 425258 83132 677216 423254 310399 160947 773782 1084797 754115 732621 824120 83019 263643 650126 640267 784639 298179 779980 555241 668908 242409 156030 873942 811446 580560 982359 89808 733360 771832 714916 435713 163566 1023497 835378 356510 769731 87594 445358 759372 499000 731498 556878 495728 135708 509013 551651
255863 609293 561786 443105 892268 618673 256449 450219 374500 516114 637574 793365 747673 856104 623570 35643 739937 329595 372312 556108 638930 846657 118611 279709 565767 928868 457291 576958 801986 560214 489371 543098 299007 85970 506077 455165 275499 786251 735931 486621 296693 775911 656600 911664 439500 248279 899462 466898 184967 733830 773146 251949 7958 999999999 425894 82108 678933 417573 314685 164627 775753 1082203 748685 735002 826716 90912 260937 653860 642841 787559 300220 778491 552159 662492 250179 149205 873483 814073 584690 978838 92948 726699 774001 708375 428343 155903 1019909 838984 362131 765540 91977 443178 760944 498243 727166 559920 488954 138499 507496 546114
380906 580707 524550 431535 499043 475595 436618 323035 462000 96182 392890 636633 661640 435026 234916 436767 314720 198669 154487 210739 245198 431647 513043 280216 586302 540056 411421 667619 673635 320398 294027 232970 188046 344407 252674 35541 150675 372310 380649 338602 306259 506377 266534 555746 579931 219189 644330 114237 491479 338010 433121 174757 425258 425894 999999999 345261 263048 358585 209525 282916 362599 714227 560912 332556 426755 416370 216147 311231 252037 398770 141608 385788 263093 571596 424613 383082 455935 415336 278252 652835 508078 645588 365017 619308 506669 503638 694744 472196 277743 494296 349668 155799 341329 108854 470165 201498 482546 296180 150783 417072
215790 567097 516062 395036 810794 558619 234230 406054 341487 436837 584452 735820 699940 777465 549526 92709 659805 252243 304647 475412 557007 764554 176722 213316 531000 847684 404142 557376 748797 504853 436847 464015 219630 10779 429917 373836 195651 704147 656179 420278 235487 703988 574811 832726 424793 169289 830613 385028 201986 659730 694719 172805 83132 82108 345261 999999999 601103 359152 254877 106215 698779 1002797 685998 659809 752422 119960 182559 586652 568720 714984 224987 696861 474625 611628 252764 120308 791412 739939 520738 902891 172173 679243 697827 659140 397826 190015 944253 770448 315731 693299 60495 362836 682543 416138 655857 488562 444974 74901 425907 485210
