NAME : synthetic_000155
TYPE : CTSP-D
DIMENSION : 100
GROUPS : 8
RELAXATION_LEVEL : 1
EDGE_WEIGHT_TYPE : EXPLICIT
EDGE_WEIGHT_FORMAT : FULL_MATRIX
EDGE_WEIGHT_SECTION
999999999 577186 170391 727881 284386 118959 287248 398019 852984 798866 476232 409223 629146 916489 866781 705707 875776 619172 838044 660915 638570 855886 270059 905842 505819 985325 367540 247366 1073545 290224 672245 899007 512065 426872 407419 188679 421964 340323 89199 1107208 598090 462138 780386 919852 472292 394467 237181 412725 189688 972880 912028 113190 325082 671501 588111 63567 623017 460761 1028702 633088 754692 678604 91656 819222 1051538 734222 661177 393097 540665 269967 89305 591690 709413 344113 452613 549024 777276 500290 87809 760970 204276 553618 369998 378868 933977 720687 896447 480285 790511 216929 914294 840412 271449 262557 574589 819131 654300 812261 806346 722053
577186 999999999 420482 462302 294559 462289 289946 292664 285074 520515 502950 321761 437702 409888 314657 426066 298607 140071 264179 147447 321602 298707 632326 391461 422311 410904 503267 329823 504469 663630 189313 534594 239135 357639 243145 415900 393561 464710 539634 541269 259072 295894 299129 535733 107651 220196 520644 182007 437172 421421 761677 464394 253065 425154 60389 516616 541923 443711 454839 637590 327274 553172 490203 246609 482154 197081 132699 302610 518605 329624 490765 226577 289408 369710 152433 281160 291701 393119 493363 464470 703399 307876 277298 569770 364096 206681 554272 356931 373627 782607 337116 265191 418266 686647 176471 275940 185106 321626 371286 573718
170391 420482 999999999 570581 146393 53641 138279 309471 702917 642759 464159 246498 476572 746155 723392 545703 717774 450384 684410 492899 544043 689229 263554 735671 460015 831359 261162 104279 908310 294408 540797 735683 407007 365392 237086 139964 375159 333542 178885 940965 492375 376392 655366 755044 313174 225099 277021 275686 167568 804719 782118 68017 179792 600122 424482 124886 596069 323570 865663 523680 642097 643727 110902 666399 886486 592870 494258 226938 522241 168473 82142 478456 539482 289398 286083 381824 651004 349026 82930 601240 289956 465739 270240 299652 769639 551638 735381 323314 682695 362594 756079 679171 131904 296907 450706 678056 524506 686022 694575 583396
727881 462302 570581 999999999 559150 623152 536506 681943 619622 72686 906962 324804 104387 354941 678041 36246 561562 327145 581085 343689 782765 436224 589189 363303 847252 672308 403247 559944 607710 607381 643079 184757 680720 760414 366193 671621 791563 819635 749172 617970 718842 716526 735311 213692 449409 404136 817573 550063 703158 478889 301545 638598 534393 884600 402829 694420 981948 284329 605147 297515 779948 1002967 681291 577621 593662 616799 363705 348033 940667 622541 648773 686841 203301 731634 401815 213799 726860 229279 648251 40969 725130 756833 645952 443749 521050 327934 172781 247975 824799 853390 583072 505842 456972 655884 636214 664801 643084 748605 817223 145673
284386 294559 146393 559150 999999999 175098 24340 177531 568715 631263 372933 251610 481502 663379 584293 528230 592568 357999 553738 394995 401346 582841 403633 649560 344698 700991 353095 42147 796374 435287 396111 701296 263071 246772 192967 128806 266364 264375 246590 831731 347372 241483 509632 715017 193467 157429 263375 131270 156351 703235 812188 173424 41609 465249 312625 222641 486218 371040 748751 588544 495785 527176 195828 534860 774158 452328 391511 222495 421991 63699 201342 332381 476526 187550 190779 348384 505462 368267 204484 582046 435231 326667 134738 407133 656038 458215 707971 332501 536679 495654 631106 559404 221140 442071 304455 537560 379358 540537 548262 607852
118959 462289 53641 623152 175098 999999999 173495 318548 741748 695169 448539 299634 528108 798007 759061 598705 760700 500220 725007 542056 558385 737378 266352 787141 455524 872270 297771 134676 955538 295013 570537 789160 424435 365011 289810 122724 369642 313631 128090 988869 510834 385539 682706 808635 356110 275559 241819 306293 143304 854030 828784 19280 213545 606102 470445 71450 586679 370644 911517 564000 664199 637316 61002 706560 933591 627315 542548 280511 509376 178510 29654 499944 592539 284613 333962 435464 678867 399973 31488 654230 264988 476826 283199 328054 816258 601728 788607 375490 703026 321414 799150 723881 176856 287939 476610 712568 553438 713977 716543 631880
287248 289946 138279 536506 24340 173495 999999999 198703 568257 608752 397140 227375 457854 649161 586389 505923 588548 344460 551726 382852 417122 573336 389267 635912 367529 699022 331169 39948 788633 421111 402607 680746 278444 269626 170562 144676 290013 288432 256654 823337 361361 261306 517617 695053 185664 136790 283760 137733 173888 692820 788039 174515 41534 484199 303478 227211 509271 346844 742321 564507 507006 549475 201510 533183 766493 455247 380463 198340 445801 87428 201307 344684 458663 211787 175947 326625 513112 344025 204091 559983 428230 344559 155527 386418 648545 445410 686796 308395 548774 494893 627061 553531 200623 430373 313984 540499 386468 548083 559420 583731
398019 292664 309471 681943 177531 318548 198703 999999999 506599 750825 225503 408238 620249 701980 503340 647684 555016 410526 503665 433142 241329 587163 572934 683935 173156 643854 529848 212919 778867 603877 297613 796986 117340 78900 331670 209546 109980 173475 326921 818281 201246 67154 392488 804341 240535 288762 250627 133044 211555 709516 957503 308262 172083 290752 339381 335905 315010 536819 722736 755544 358612 351801 308565 483518 756714 374046 421776 378384 260829 141490 336228 199450 554464 82236 280326 469024 390757 521902 340263 697240 582062 158325 43320 584656 641484 496019 810278 483427 392841 614180 591866 537417 398665 604119 196388 453190 278286 424792 409561 754192
852984 285074 702917 619622 568715 741748 568257 506599 999999999 653594 658724 591741 638402 374357 62881 587541 87970 332546 39137 295189 376931 218082 915767 351562 562843 137261 776002 607337 302884 946771 217834 605976 401963 542252 521476 678904 575730 672968 805311 344796 351388 474307 197586 591102 392273 503621 756592 441559 694653 294718 912441 741854 528611 466673 301878 790630 631980 698883 239582 863821 271554 614995 763209 44178 283304 134701 278308 577432 646606 590910 769281 330799 416405 588543 435081 508592 190718 637235 772189 603342 988114 427151 511096 842511 197149 292296 636876 607116 296841 1063148 107272 126761 701691 971238 313022 82799 236468 186532 275362 758182
798866 520515 642759 72686 631263 695169 608752 750825 653594 999999999 976167 397291 171010 352436 713970 103644 588686 382150 614555 392622 842073 456782 651099 364936 914391 693085 466870 632521 607466 667605 696114 134857 744873 829000 438302 744275 860661 890985 821458 612834 778948 783349 782685 167529 515753 475697 890146 618384 775800 481143 258879 710772 605869 945064 460312 766355 1047606 349790 612525 326398 831283 1066800 753541 613237 595616 663499 412594 420699 1008457 694551 720550 746647 244336 802283 470502 284566 774133 299012 719956 56045 789385 820166 715612 502677 535593 367027 113051 319726 875272 919318 606327 534187 527595 717246 696166 705127 697536 793787 866121 157055
476232 502950 464159 906962 372933 448539 397140 225503 658724 976167 999999999 621670 842277 910907 636688 872908 724488 630682 666674 648845 295825 782663 714280 891417 96558 790916 716397 394664 953406 741898 441730 1021207 271455 148678 551120 326890 115538 136980 387444 994594 307428 207146 493942 1027550 465006 509074 243997 358469 305744 901985 1178303 431621 383070 258064 555709 428995 148753 743972 892827 961226 432234 207352 409291 647125 932032 525578 635407 591928 64912 314426 452739 329061 777296 185401 505692 693609 496131 737704 456849 922707 680259 231597 261355 762213 823191 709596 1035214 700323 445400 667030 757760 719238 581298 727773 358092 588140 423938 523132 470056 974187
409223 321761 246498 324804 251610 299634 227375 408238 591741 397291 621670 999999999 235351 530630 630953 299230 577673 273017 562659 317914 580929 510119 342003 524359 581393 699553 184265 242592 729290 370199 500534 490103 450404 485502 86247 350795 510627 515659 424593 756043 516867 460123 616409 510630 237175 126596 498026 294332 382543 611657 560807 314414 238992 667665 290346 371082 723099 133154 698086 349559 631841 756846 356830 548896 708955 518830 327822 29891 666389 314526 326316 490469 313418 437313 176582 143712 609565 116657 326162 354769 450175 526818 366297 250783 599587 361994 488977 81959 677946 563028 612924 528180 148350 405518 444990 595955 490926 641176 680680 356647
629146 437702 476572 104387 481502 528108 457854 620249 638402 171010 842277 235351 999999999 427721 692460 97271 592253 317344 601554 346086 748889 479955 484956 431760 790471 709745 298873 476885 671954 503542 625877 288619 635040 699136 291807 586111 728040 745413 655427 687178 683759 661982 728192 316548 401377 333273 733270 492375 617853 543045 337685 544383 461755 846784 382501 598845 929030 180023 660863 231229 764194 955276 587450 594692 655748 613154 364909 261788 881042 545174 552598 652983 235393 661709 346268 159714 720069 128876 551796 143656 620779 712594 581402 340661 569886 349744 277049 154204 810268 749398 618816 536273 357697 551729 602811 671955 622749 745495 805970 137753
916489 409888 746155 354941 663379 798007 649161 701980 374357 352436 910907 530630 427721 999999999 436696 338126 290112 305541 338156 272268 685248 157595 865424 22960 825908 366051 685162 686202 255091 890636 511773 257627 641527 767221 509760 792185 803226 872400 904043 263053 635225 703936 553910 233952 478476 523236 916574 581697 818920 129658 596324 807063 624288 788720 364380 865100 932585 572086 263599 650340 620756 932074 843124 346549 243341 445443 281028 535918 921105 714465 827525 604454 218775 776814 473220 390060 545649 501533 828752 320951 980757 700090 683036 742190 202629 207997 292444 492726 655967 1091327 292259 249211 677763 931303 562197 448463 522467 552317 638554 498026
866781 314657 723392 678041 584293 759061 586389 503340 62881 713970 636688 630953 692460 436696 999999999 645342 147957 381172 101394 346903 346254 280841 946647 413962 540150 156787 814672 624432 346094 978058 206147 668597 392325 530309 556546 687397 562077 663460 813649 387618 330845 463768 153453 653923 418876 534820 753849 454136 700589 352375 972664 757608 545636 428073 341021 803682 597078 743406 282248 915375 227555 575328 775867 100749 328242 132752 328870 614521 618873 600091 785634 315163 474762 583942 467025 557249 148202 684057 788769 663034 1011543 406235 513119 881311 253994 350117 699325 652321 246319 1079934 159361 189638 732733 999844 306963 50285 225544 135342 222900 814927
705707 426066 545703 36246 528230 598705 505923 647684 587541 103644 872908 299230 97271 338126 645342 999999999 531665 291177 549220 308627 746529 409113 578725 344527 812240 644221 391994 530580 587939 598435 607135 196760 644912 726008 335368 642785 757437 787407 723728 600274 682627 681387 700089 222455 414050 372255 788074 515493 674186 458761 337287 613641 502358 848410 366627 670123 946501 272161 582244 312341 744150 967141 656031 545168 573025 581768 328606 320940 905915 591384 624949 650614 171330 698643 367388 180950 691660 211678 624607 55539 711932 720905 612165 436787 495722 295350 190820 225636 789094 838154 554383 475731 436038 645727 599989 631036 607012 713759 781732 172481
875776 298607 717774 561562 592568 760700 588548 555016 87970 588686 724488 577673 592253 290112 147957 531665 999999999 306650 60733 263714 452732 137719 912455 267617 630018 122332 760537 628410 228939 942570 284123 530141 459303 599361 516208 710554 634148 726017 835834 270290 419852 531049 283276 513036 404807 505341 801257 472365 729386 206925 847026 762998 551249 546977 297633 815000 708779 673161 168971 821852 356315 695264 788387 78484 207728 201279 250882 567468 717545 622914 789293 395627 361175 637171 437487 477073 275971 607580 791850 541229 996001 494464 553369 826209 110094 242766 562274 581216 383788 1080327 38538 56102 700193 971205 369587 169402 301051 274102 362854 704017
619172 140071 450384 327145 357999 500220 344460 410526 332546 382150 630682 273017 317344 305541 381172 291177 306650 999999999 299152 45219 461052 242278 612787 291583 555541 428970 454386 382264 463049 641910 315958 395915 375444 482582 222621 486782 517587 575197 600506 493270 399040 425923 412072 398837 175433 225342 612127 282535 513380 354484 628410 507511 318748 565024 79871 564723 679750 367915 427259 534805 453183 692759 541480 288416 441875 295930 55837 266167 651825 409186 529873 366499 150020 479748 168810 176246 403816 304808 531517 326195 708606 446742 385796 519776 328852 101626 414628 275857 498390 806892 340844 255617 405340 674239 316522 356396 316095 428383 491953 448381
838044 264179 684410 581085 553738 725007 551726 503665 39137 614555 666674 562659 601554 338156 101394 549220 60733 299152 999999999 260234 392307 181038 890712 315265 571690 147307 746822 591241 287764 921441 225272 567203 404024 544473 495030 667729 578810 672954 793795 329416 360876 476175 224034 552656 371823 479553 752036 429351 684979 265395 873416 726048 512984 486244 274553 776303 648323 666666 226250 827955 296416 634533 749201 20155 266991 141759 244130 549603 658249 579727 753032 337613 377974 585895 410982 474550 216502 603908 755795 564450 967219 435932 504845 813159 170097 254213 597967 574697 325340 1046025 91087 89223 676975 947393 314274 111903 242748 217015 305281 720181
660915 147447 492899 343689 394995 542056 382852 433142 295189 392622 648845 317914 346086 272268 346903 308627 263714 45219 260234 999999999 459989 197728 657983 256470 569623 385998 498601 421373 418411 687066 304399 390809 386565 502102 267383 523395 537697 601496 639457 449176 400471 442244 391655 389948 206474 268287 644572 309752 549047 311975 644885 548733 354820 565005 93776 605500 688661 409541 382068 568879 438676 697843 581718 251049 397126 273144 20048 311377 665953 443426 571684 367920 150375 505830 208741 214704 383191 344773 573447 337476 753465 454151 411821 563723 283690 64292 412739 317544 482697 850730 297117 211623 450450 719456 319453 326153 307275 405193 474071 472566
638570 321602 544043 782765 401346 558385 417122 241329 376931 842073 295825 580929 748889 685248 346254 746529 452732 461052 392307 459989 999999999 538279 804909 663402 200328 502678 735119 441831 678966 836485 174735 850702 138717 223939 495000 450591 245792 353478 563874 720823 65292 176487 198702 848526 351845 454693 462228 293157 450112 648075 1079996 548975 379830 105258 381919 576939 256051 713971 616164 926420 137593 247262 549759 374343 658712 252438 441632 553461 272781 379935 577165 96144 608438 300650 412087 589206 201481 680116 581161 786029 822809 86133 275300 796014 559190 508155 872567 640974 159420 853844 481729 460188 613741 840837 146730 299986 162800 227362 180949 886548
855886 298707 689229 436224 582841 737378 573336 587163 218082 456782 782663 510119 479955 157595 280841 409113 137719 242278 181038 197728 538279 999999999 851974 134639 693130 236672 685496 612756 220773 880316 363557 392557 511212 644802 464900 709097 680818 760523 829301 251783 493033 578454 397067 375344 389541 465445 819272 480327 732450 122751 713708 743092 541557 639804 270217 798955 790415 585814 189098 711177 465184 785491 774282 188955 199691 291867 194971 506476 786263 625053 766912 463888 244562 666527 403447 388414 388894 516563 768851 412150 950828 562196 575337 748692 91897 148447 424935 496309 499230 1048256 149879 91844 647105 914595 426221 290877 376237 394787 481339 581101
270059 632326 263554 589189 403633 266352 389267 572934 915767 651099 714280 342003 484956 865424 946647 578725 912455 612787 890712 657983 804909 851974 999999999 861283 720502 1032824 186780 363183 1071289 32007 782569 773538 666700 627654 396373 389044 634840 578389 350081 1097763 750521 639735 899962 800880 528272 412326 493538 523794 408535 952857 699792 282723 428982 863646 616562 293542 852987 306640 1039485 406231 895042 903139 307829 874994 1050952 822456 666233 346658 775601 432014 262225 733760 646668 549261 480746 475861 894674 371863 258217 628542 144206 728405 533136 152375 940962 703976 761167 373572 937531 279975 948960 865538 214129 67096 700795 905637 768163 929069 947282 535402
905842 391461 735671 363303 649560 787141 635912 683935 351562 364936 891417 524359 431760 22960 413962 344527 267617 291583 315265 256470 663402 134639 861283 999999999 805804 345946 682545 673365 244501 886996 489697 275549 621549 748329 500020 778318 784372 854934 891466 255853 613885 684603 531001 253152 462943 511852 901032 565040 804656 116392 612012 795764 610077 766688 347529 853616 911395 571000 248261 656816 597970 910352 831238 323594 231235 422810 264132 528426 900804 699626 816720 583270 215260 759436 460023 385433 522747 500265 818046 330787 974475 679289 665834 740651 182454 192248 310037 489700 633071 1083348 270605 226283 670693 926820 541476 425511 500603 529357 615616 507570
505819 422311 460015 847252 344698 455524 367529 173156 562843 914391 96558 581393 790471 825908 540150 812240 630018 555541 571690 569623 200328 693130 720502 805804 999999999 694544 697390 374762 858941 750005 346464 950105 184496 97927 504102 333647 85915 176087 420644 900290 211459 131217 397787 954308 398743 461046 292156 298388 320433 811093 1128121 440995 344468 178049 478057 451054 142102 709664 797938 928390 337511 184009 427447 552293 837720 430246 554898 551540 96369 295602 465784 234426 704487 171241 446305 636368 399827 694809 469988 859753 705678 135828 215527 749108 730223 628386 966245 656192 353410 710191 662754 626751 563853 742545 266969 491674 329028 427279 377346 925517
985325 410904 831359 672308 700991 872270 699022 643854 137261 693085 790916 699553 709745 366051 156787 644221 122332 428970 147307 385998 502678 236672 1032824 345946 694544 999999999 882676 738547 202656 1063165 352919 620223 538386 678368 636456 814032 711414 809721 940275 242029 483768 610663 309617 599008 518435 623625 893833 575915 830568 251143 949005 873355 660279 584394 416579 923515 753804 795341 141948 940306 383057 731125 896362 166180 188928 271053 373185 688762 775004 725995 900327 465251 475993 725775 555283 598907 304736 729442 903082 648815 1112982 559575 648057 948427 163502 362043 654052 703437 397371 1193200 91029 175779 819866 1090785 449866 203161 371928 288585 372384 816608
367540 503267 261162 403247 353095 297771 331169 529848 776002 466870 716397 184265 298873 685162 814672 391994 760537 454386 746822 498601 735119 685496 186780 682545 697390 882676 999999999 323553 901476 207964 675498 587204 598264 599549 260661 399922 616877 591088 419996 925430 673863 591305 792841 614257 410577 291223 537326 441968 428546 779302 545509 316977 361012 811532 474480 357788 838304 119863 874516 267490 801787 880255 357342 733151 881950 700051 509872 200668 770479 403991 312348 650901 467287 533738 353207 299676 786411 186217 309901 442234 322516 670209 486612 66639 776427 537202 575703 192958 847062 453539 795196 709996 135100 253842 609555 778714 664183 819021 852215 362891
247366 329823 104279 559944 42147 134676 39948 212919 607337 632521 394664 242592 476885 686202 624432 530580 628410 382264 591241 421373 441831 612756 363183 673365 374762 738547 323553 999999999 828408 394686 437855 709640 303977 277332 197092 112912 293356 276927 218247 862989 388788 278538 551671 725093 225568 168168 257630 172742 143867 731914 802271 134818 78873 502830 343105 187283 515011 353117 782242 567995 537834 558399 161726 572613 806282 492833 419463 215134 447183 80565 161950 374292 492303 210490 213461 353528 547455 358097 164857 585279 393190 365638 171331 374387 688368 483523 714276 324539 578572 455992 666928 593478 189219 400375 346595 578099 421231 582517 590312 598617
1073545 504469 908310 607710 796374 955538 788633 778867 302884 607466 953406 729290 671954 255091 346094 587939 228939 463049 287764 418411 678966 220773 1071289 244501 858941 202656 901476 828408 999999999 1099205 512828 504956 687210 826733 685670 920133 861836 951311 1042786 41912 648531 758526 497730 477049 603207 685478 1021069 685451 941629 129203 847157 960453 754797 769471 485536 1015446 934563 797085 63867 899686 572200 917729 990127 306817 22332 429511 414686 726683 946011 834092 984940 624564 443214 860562 622227 602171 491549 726701 987024 575196 1171588 723336 773576 963297 140443 367451 540204 709997 592326 1268406 197303 241973 867712 1134449 597704 383895 529937 481436 568478 752061
290224 663630 294408 607381 435287 295013 421111 603877 946771 667605 741898 370199 503542 890636 978058 598435 942570 641910 921441 687066 836485 880316 32007 886996 750005 1063165 207964 394686 1099205 999999999 814535 792065 698357 657702 426754 417713 664238 605616 372954 1125200 782303 670762 931946 820014 559856 443527 518103 555777 436273 979963 705032 310840 460905 894515 647130 318222 881611 327174 1068177 410603 927017 932270 333982 905846 1079003 854147 695665 376002 803649 462766 289230 765660 672027 578803 511860 501818 926649 394123 285150 647182 141261 759677 564315 165282 969659 732125 778575 398063 969471 276248 978928 895270 245364 52600 732788 937224 800151 961032 979264 546931
672245 189313 540797 643079 396111 570537 402607 297613 217834 696114 441730 500534 625877 511773 206147 607135 284123 315958 225272 304399 174735 363557 782569 489697 346464 352919 675498 437855 512828 814535 999999999 690157 186466 325665 416558 488269 358499 457972 613540 554336 135730 258362 117932 685139 265029 384380 547892 265198 499034 474161 944355 566738 361074 277007 243577 608705 428658 627840 451517 826322 138318 421937 580640 206015 491801 83849 284745 477736 433462 402642 595323 113021 454733 377852 324168 470378 112212 580771 598762 640517 830711 210672 309962 740894 387422 344278 714476 543708 184471 888005 316308 286519 573422 829713 101415 155876 19397 146510 182315 760859
899007 534594 735683 184757 701296 789160 680746 796986 605976 134857 1021207 490103 288619 257627 668597 196760 530141 395915 567203 390809 850702 392557 773538 275549 950105 620223 587204 709640 504956 792065 690157 999999999 771319 872531 512622 822547 906389 950616 911869 504010 791177 819526 760645 33367 556478 544028 964462 664423 853252 385922 342502 803159 670420 955784 475317 860558 1075663 467710 520525 461072 817986 1087657 844804 570215 496339 642861 409077 508850 1046115 762510 816282 758599 245981 857789 522682 356880 752038 408434 816206 144997 908236 842336 766440 628496 457189 346006 35249 420762 859031 1034903 540183 480135 631143 840343 709702 669105 695287 766421 846150 290699
512065 239135 407007 680720 263071 424435 278444 117340 401963 744873 271455 450404 635040 641527 392325 644912 459303 375444 404024 386565 138717 511212 666700 621549 184496 538386 598264 303977 687210 698357 186466 771319 999999999 140504 365711 323497 174872 271567 443634 727835 86517 72352 275361 773894 233778 323864 363702 157466 328048 630826 971059 416395 241190 217272 296554 449162 304561 583448 628273 798953 242664 322250 421377 383997 665459 267390 371254 421972 280300 246354 444960 82201 525345 193446 290035 476337 273851 554992 448835 689334 689421 77741 142482 658357 554073 444347 789199 515631 279172 728851 494418 449678 475341 703903 89783 342048 167135 307661 294299 772477
426872 357639 365392 760414 246772 365011 269626 78900 542252 829000 148678 485502 699136 767221 530309 726008 599361 482582 544473 502102 223939 644802 627654 748329 97927 678368 599549 277332 826733 657702 325665 872531 140504 999999999 410151 245668 36096 134188 346413 867113 204813 68326 403175 878941 316423 367347 238411 210646 237519 765954 1036341 351779 247464 244726 408579 368456 239722 612706 768288 831370 356257 281073 343080 524426 804871 407583 489360 455613 182016 198940 377933 215343 628710 82855 358631 547730 403127 599861 382118 775173 621657 138726 119251 651711 692289 563716 886646 561572 383104 638054 634740 587762 466229 652941 230200 480177 306516 434930 403532 832934
407419 243145 237086 366193 192967 289810 170562 331670 521476 438302 551120 86247 291807 509760 556546 335368 516208 222621 495030 267383 495000 464900 396373 500020 504102 636456 260661 197092 685670 426754 416558 512622 365711 410151 999999999 309997 437639 454722 404287 715641 430783 379517 533244 528564 151952 43128 453480 211232 340885 575144 627196 300516 170059 582929 220507 358970 644890 218994 648779 433248 546464 676214 339393 479850 664469 439535 273024 61199 592082 256364 319025 404239 302926 369903 92722 156559 526620 191412 319986 389455 486092 442631 291310 326964 550673 321052 517275 152384 592441 585758 552941 470212 184407 455214 358789 519041 406283 558850 595715 423215
188679 415900 139964 671621 128806 122724 144676 209546 678904 744275 326890 350795 586111 792185 687397 642785 710554 486782 667729 523395 450591 709097 389044 778318 333647 814032 399922 112912 920133 417713 488269 822547 323497 245668 309997 999999999 247740 194006 126454 956342 409427 274489 593650 837878 319780 280190 147348 238473 31751 830227 906093 107399 168598 489401 439246 126370 463958 450606 870578 658640 566159 514765 99247 648234 897840 554701 519346 324755 387000 88037 132461 403584 603289 163702 319417 466382 590875 463988 136660 697660 376364 366262 181843 439567 779694 586816 827113 432477 601834 405356 748967 680863 267113 408901 388891 638665 469839 625708 617728 703786
421964 393561 375159 791563 266364 369642 290013 109980 575730 860661 115538 510627 728040 803226 562077 757437 634148 517587 578810 537697 245792 680818 634840 784372 85915 711414 616877 293356 861836 664238 358499 906389 174872 36096 437639 247740 999999999 107688 338272 902322 233770 103385 431480 913235 349956 395211 218978 242993 235107 801889 1064679 355080 271666 252417 444091 366069 221978 635788 803112 854083 381057 268647 342046 558808 840022 441031 525121 480763 156057 213173 379935 246942 663102 85798 390171 578347 431889 625926 384140 807171 620581 163337 146638 666861 727790 599489 920030 588052 405099 629266 669280 623274 482493 656641 264650 512099 339507 462881 426648 860845
340323 464710 333542 819635 264375 313631 288432 173475 672968 890985 136980 515659 745413 872400 663460 787407 726017 575197 672954 601496 353478 760523 578389 854934 176087 809721 591088 276927 951311 605616 457972 950616 271567 134188 454722 194006 107688 999999999 252127 991000 338933 199700 537252 960831 400522 415531 116116 292671 170332 882943 1076436 296186 285265 353119 508252 292028 282696 630037 894394 843969 488504 338749 272447 652814 929224 538670 591438 486760 200675 201133 316389 349064 713499 95666 427939 606466 537282 632237 320467 839913 543941 270575 189710 633134 814529 665193 960742 596827 512759 537153 762294 710286 456581 590835 359947 613232 438672 568926 534331 872156
89199 539634 178885 749172 246590 128090 256654 326921 805311 821458 387444 424593 655427 904043 813649 723728 835834 600506 793795 639457 563874 829301 350081 891466 420644 940275 419996 218247 1042786 372954 613540 911869 443634 346413 404287 126454 338272 252127 999999999 1078297 528149 387849 716805 930102 440056 382509 148230 364444 115624 949296 956197 111078 288080 589824 559106 62340 534708 498465 994439 687433 685530 590816 67984 774369 1020547 680999 637061 403425 452022 214401 107989 525054 706038 264673 431697 555901 714383 527649 110191 779258 293452 478011 304711 442208 902394 701760 912736 502171 719039 291651 874305 804825 304580 349249 513440 764780 594919 749003 736344 759906
1107208 541269 940965 617970 831731 988869 823337 818281 344796 612834 994594 756043 687178 263053 387618 600274 270290 493270 329416 449176 720823 251783 1097763 255853 900290 242029 925430 862989 41912 1125200 554336 504010 727835 867113 715641 956342 902322 991000 1078297 999999999 690059 798969 539495 474644 638318 717195 1059338 722779 978342 146513 846428 994262 790217 811374 519884 1049721 976453 818716 105593 912606 613966 959625 1024694 348360 62571 471128 446724 754712 987624 870756 1018361 665879 462793 899800 655055 625756 533352 748056 1020352 583825 1200879 764754 812163 986294 177608 395478 539128 733107 633747 1299900 239119 280899 896431 1161550 638446 425754 571340 522947 609771 760888
598090 259072 492375 718842 347372 510834 361361 201246 351388 778948 307428 516867 683759 635225 330845 682627 419852 399040 360876 400471 65292 493033 750521 613885 211459 483768 673863 388788 648531 782303 135730 791177 86517 204813 430783 409427 233770 338933 528149 690059 999999999 144127 198370 790141 286642 390944 439884 232435 412793 607149 1015396 502903 322595 166147 319458 535343 297729 649772 587062 861558 157393 298881 507624 341715 627528 219171 382680 489702 297800 332859 531474 32603 547517 271596 347028 524058 198363 615087 535346 722922 775819 75849 228930 735600 522435 451305 812172 575988 192696 814732 451831 420383 554943 789113 82783 281572 119308 230197 208411 821447
462138 295894 376392 716526 241483 385539 261306 67154 474307 783349 207146 460123 661982 703936 463768 681387 531049 425923 476175 442244 176487 578454 639735 684603 131217 610663 591305 278538 758526 670762 258362 819526 72352 68326 379517 274489 103385 199700 387849 798969 144127 999999999 341283 824305 267618 336425 296029 169842 273678 699123 999625 374960 230648 224317 349569 400732 267048 591133 699984 809366 300258 296827 373732 456120 736690 339709 428468 430570 226664 208623 402758 150021 574209 127568 316478 506490 340580 570926 406821 728624 648614 91828 107212 647685 624424 502572 835292 531872 331574 677382 566415 519913 461925 671272 161915 413534 239103 373396 349857 797925
780386 299129 655366 735311 509632 682706 517617 392488 197586 782685 493942 616409 728192 553910 153453 700089 283276 412072 224034 391655 198702 397067 899962 531001 397787 309617 792841 551671 497730 931946 117932 760645 275361 403175 533244 593650 431480 537252 716805 539495 198370 341283 999999999 751284 382265 501922 637267 379885 601289 489424 1036522 677757 476171 274781 347474 716868 444568 741965 433905 935863 74471 421875 688790 210756 479057 119244 371623 594331 470727 510546 706478 193166 538401 467768 440605 576725 8618 692215 710057 728225 944857 269283 412255 858412 393370 418562 787994 656021 102181 997063 304682 307693 691297 946295 206274 114817 131828 32304 85690 860451
919852 535733 755044 213692 715017 808635 695053 804341 591102 167529 1027550 510630 316548 233952 653923 222455 513036 398837 552656 389948 848526 375344 800880 253152 954308 599008 614257 725093 477049 820014 685139 33367 773894 878941 528564 837878 913235 960831 930102 474644 790141 824305 751284 999999999 563943 558281 978391 672410 868280 360491 372016 822177 682936 953761 477346 879905 1077615 494499 495085 493911 810532 1087789 863420 556738 469238 634486 407463 528127 1050541 775448 836140 757647 250277 867249 533228 374222 742703 433483 836201 173160 934334 843546 775087 657079 435564 341148 65869 443765 850695 1059894 521082 464606 653596 867812 709399 656747 691159 755721 836946 323814
472292 107651 313174 449409 193467 356110 185664 240535 392273 515753 465006 237175 401377 478476 418876 414050 404807 175433 371823 206474 351845 389541 528272 462943 398743 518435 410577 225568 603207 559856 265029 556478 233778 316423 151952 319780 349956 400522 440056 638318 286642 267618 382265 563943 999999999 119955 438131 108690 344061 510447 737330 359164 152056 446433 119469 412848 532556 367711 556680 575716 394681 555173 387130 354235 581030 294617 200446 213128 493356 237503 384926 257838 314448 305427 61332 242573 375869 328803 387375 461014 595894 311236 211978 476201 463000 270717 570224 289901 440771 675592 443197 368120 314982 580979 210034 377369 254377 408706 443770 538945
394467 220196 225099 404136 157429 275559 136790 288762 503621 475697 509074 126596 333273 523236 534820 372255 505341 225342 479553 268287 454693 465445 412326 511852 461046 623625 291223 168168 685478 443527 384380 544028 323864 367347 43128 280190 395211 415531 382509 717195 390944 336425 501922 558281 119955 999999999 420435 168491 310197 579789 669468 283917 130267 541135 207728 341868 601772 259736 645294 475412 511289 633158 320107 463319 663872 413472 270792 98775 549331 219684 305195 365259 324366 328982 68597 191608 495629 234505 306682 425476 491036 400470 248711 356517 548095 326540 550551 195509 556903 582929 542880 462284 198198 467873 321095 495077 372962 528608 561323 465707
237181 520644 277021 817573 263375 241819 283760 250627 756592 890146 243997 498026 733270 916574 753849 788074 801257 612127 752036 644572 462228 819272 493538 901032 292156 893833 537326 257630 1021069 518103 547892 964462 363702 238411 453480 147348 218978 116116 148230 1059338 439884 296029 637267 978391 438131 420435 999999999 339043 115619 941902 1052909 222631 297161 468679 554797 200019 392656 596264 967184 800640 594121 450523 187853 731951 998768 624596 637660 471683 308905 204405 235160 445025 738544 170310 450388 609981 636418 611308 238746 842622 441046 377110 247947 569871 881743 708838 970466 579774 621498 423371 838766 779146 408486 496837 446899 703652 528520 669409 641887 850950
412725 182007 275686 550063 131270 306293 137733 133044 441559 618384 358469 294332 492375 581697 454136 515493 472365 282535 429351 309752 293157 480327 523794 565040 298388 575915 441968 172742 685451 555777 265198 664423 157466 210646 211232 238473 242993 292671 364444 722779 232435 169842 379885 672410 108690 168491 339043 999999999 257180 602898 830059 303796 96309 374085 217519 349804 436783 426993 634044 643736 371268 465605 322136 409936 663119 321752 300909 265439 390710 150604 332056 211730 423116 197229 148303 338146 375395 402366 335318 564529 565537 232749 103418 503230 545323 373832 677343 363134 414146 626120 510714 444534 323002 567334 177098 406868 248821 410382 423488 628107
189688 437172 167568 703158 156351 143304 173888 211555 694653 775800 305744 382543 617853 818920 700589 674186 729386 513380 684979 549047 450112 732450 408535 804656 320433 830568 428546 143867 941629 436273 499034 853252 328048 237519 340885 31751 235107 170332 115624 978342 412793 273678 601289 868280 344061 310197 115619 257180 999999999 854077 937605 125947 194632 482245 463304 131195 446336 481719 891030 688736 570131 498866 107018 665295 919310 568213 544295 356457 367432 107590 147492 409431 632405 154668 347042 497377 598939 495693 151653 728999 385494 364671 189470 466247 801268 612777 858127 464228 604143 403740 767668 701394 296740 424179 398509 651366 480265 633506 621110 735419
972880 421421 804719 478889 703235 854030 692820 709516 294718 481143 901985 611657 543045 129658 352375 458761 206925 354484 265395 311975 648075 122751 952857 116392 811093 251143 779302 731914 129203 979963 474161 385922 630826 765954 575144 830227 801889 882943 949296 146513 607149 699123 489424 360491 510447 579789 941902 602898 854077 999999999 725860 860590 662176 746683 390981 917120 902814 672204 134640 770489 561569 894106 892978 279700 114911 396571 312470 611559 903011 746845 883657 579295 316404 789126 520466 479648 481891 601544 885421 447006 1058596 678398 698074 839906 98447 254125 420984 586801 590485 1160756 194449 187902 753812 1017083 544289 376224 488532 481027 569765 623593
912028 761677 782118 301545 812188 828784 788039 957503 912441 258879 1178303 560807 337685 596324 972664 337287 847026 628410 873416 644885 1079996 713708 699792 612012 1128121 949005 545509 802271 847157 705032 944355 342502 971059 1036341 627196 906093 1064679 1076436 956197 846428 1015396 999625 1036522 372016 737330 669468 1052909 830059 937605 725860 999999999 846968 795993 1180145 702918 895441 1266669 458558 859861 294490 1081436 1292226 889780 871917 837919 917768 664925 589701 1218332 875307 848699 983856 500422 996024 683589 494769 1028045 444378 846943 310146 843772 1048315 918130 550517 789054 624503 307325 479716 1126338 979666 863559 792814 651942 757616 933277 962779 943951 1049170 1118707 204412
113190 464394 68017 638598 173424 19280 174515 308262 741854 710772 431621 314414 544383 807063 757608 613641 762998 507511 726048 548733 548975 743092 282723 795764 440995 873355 316977 134818 960453 310840 566738 803159 416395 351779 300516 107399 355080 296186 111078 994262 502903 374960 677757 822177 359164 283917 222631 303796 125947 860590 846968 999999999 213266 594069 474971 58456 570842 388628 915513 583060 657283 622082 43205 707389 938429 625459 548556 294309 492910 170044 28750 493111 603441 270590 340131 448454 674131 416574 32484 669180 273853 466561 274388 347244 820823 609124 803179 391287 695424 322355 801500 727276 195056 301619 471491 710630 549340 709234 709511 649542
325082 253065 179792 534393 41609 213545 41534 172083 528611 605869 383070 238992 461755 624288 545636 502358 551249 318748 512984 354820 379830 541557 428982 610077 344468 660279 361012 78873 754797 460905 361074 670420 241190 247464 170059 168598 271666 285265 288080 790217 322595 230648 476171 682936 152056 130267 297161 96309 194632 662176 795993 213266 999999999 450892 271370 263775 486562 365266 707149 583965 466432 523765 237171 494226 732576 414208 350820 209148 427544 92850 240706 304813 441390 200112 153452 321506 471631 354677 243669 555261 469747 310056 129056 418852 614450 418343 678528 317273 508583 534852 589786 517823 234450 471277 272946 499475 344959 506589 518794 591661
671501 425154 600122 884600 465249 606102 484199 290752 466673 945064 258064 667665 846784 788720 428073 848410 546977 565024 486244 565005 105258 639804 863646 766688 178049 584394 811532 502830 769471 894515 277007 955784 217272 244726 582929 489401 252417 353119 589824 811374 166147 224317 274781 953761 446433 541135 468679 374085 482245 746683 1180145 594069 450892 999999999 485543 613125 171611 800679 705950 1016136 201928 148378 587532 469375 749974 350155 546750 639164 214931 431784 620965 198580 713045 327578 505002 687165 279879 771613 625119 889044 865759 141652 331501 869680 655370 613405 977415 732271 199818 881278 573394 559009 684544 893430 248921 385959 266634 297573 226123 984534
588111 60389 424482 402829 312625 470445 303478 339381 301878 460312 555709 290346 382501 364380 341021 366627 297633 79871 274553 93776 381919 270217 616562 347529 478057 416579 474480 343105 485536 647130 243577 475317 296554 408579 220507 439246 444091 508252 559106 519884 319458 349569 347474 477346 119469 207728 554797 217519 463304 390981 702918 474971 271370 485543 999999999 529952 600472 403958 441240 589076 381858 612925 504814 259661 463481 237119 83406 275563 574424 356368 499728 286966 229670 412608 140240 229261 339595 348289 501910 404273 698621 367068 318717 541070 345874 156961 494431 314179 427824 786551 335158 255322 403301 674207 236828 308322 241529 367187 423610 517293
63567 516616 124886 694420 222641 71450 227211 335905 790630 766355 428995 371082 598845 865100 803682 670123 815000 564723 776303 605500 576939 798955 293542 853616 451054 923515 357788 187283 1015446 318222 608705 860558 449162 368456 358970 126370 366069 292028 62340 1049721 535343 400732 716868 879905 412848 341868 200019 349804 131195 917120 895441 58456 263775 613125 529952 999999999 573411 438484 969524 625261 691698 627471 28091 757350 993352 671061 604803 351820 492499 206407 46851 528467 661895 285623 396763 506463 713735 470435 48504 725644 254631 492438 306899 380135 875517 666348 860057 446633 727905 280288 853536 780712 244794 299374 511033 755894 590743 748727 743459 700308
