NAME : synthetic_000859
TYPE : CTSP-D
DIMENSION : 100
GROUPS : 8
RELAXATION_LEVEL : 1
EDGE_WEIGHT_TYPE : EXPLICIT
EDGE_WEIGHT_FORMAT : FULL_MATRIX
EDGE_WEIGHT_SECTION
999999999 508675 302327 593997 705086 539844 558767 187259 779374 106735 640989 662592 657042 400167 307167 648038 364748 524144 773574 17104 356356 563796 395032 611552 157581 721040 544312 89234 268371 456905 254842 411725 806204 178901 541909 126746 690778 404017 820814 264259 466392 730542 219017 531461 119274 332035 496400 391015 750059 433270 287415 213193 450713 355638 324204 214830 854686 825056 365493 329960 485796 242110 121472 308800 330758 836592 823750 511509 196048 509571 752757 714310 536073 411051 199567 225845 652898 319529 198266 232321 493080 276255 838516 127733 604859 244563 259300 828713 743729 825262 189271 345692 773746 677275 244133 169914 423339 507823 886088 613321
508675 999999999 640546 897728 1080725 787365 753625 684976 1043519 427994 539008 677566 992343 147768 720113 1054346 342858 721212 1038670 523153 834983 848398 896321 800545 351748 1099810 1026399 538659 240408 461433 757715 675908 1217628 686275 954407 604376 1133942 767657 758673 632159 917395 1104304 298168 663814 449612 763110 463462 892697 1075268 919749 751316 664454 689525 176860 831641 422553 1176402 1087854 727659 559901 100652 570387 390328 815951 418138 1038751 792056 181751 334959 1009346 1017394 872130 984239 909381 690634 472046 691314 825747 435309 696836 861056 774825 923315 521885 970636 748400 729083 1127686 870263 848594 598432 850698 1015790 1044165 743891 394512 931012 361519 992574 490567
302327 640546 999999999 296866 445448 239169 269519 250429 478953 273860 486885 436718 372935 495232 109570 413800 332583 238680 473195 290715 538834 262469 377537 319133 376675 463907 434924 213354 438300 321046 296890 118413 577171 342482 315066 387962 499606 127901 605465 42978 299991 470014 438237 275484 237551 155560 361565 507209 464127 352260 508166 151757 160692 464007 424113 219760 569583 525018 87167 116055 572015 74840 325614 357112 250464 534979 593435 550776 328445 462468 452066 423168 358784 376123 408644 168951 417008 431340 210342 177005 223140 287743 560446 179735 336335 397397 195931 535827 459350 570685 117870 457436 471595 411135 277253 265601 444325 440402 599215 481145
593997 897728 296866 999999999 214529 125382 194022 489662 187631 570071 565122 429459 102027 750072 303200 245851 558974 207713 181806 580721 753676 52931 499606 189489 671646 233517 441853 504993 722211 476631 499569 222599 373342 587624 220803 660709 373714 195232 570831 330593 313692 231476 731101 292638 533584 305580 501417 685998 177540 429553 748747 401341 210011 727528 612832 499248 280057 232176 229706 340183 814610 369122 621385 536200 479878 275505 535609 771863 615051 524094 162247 250499 316763 484096 657907 448682 398822 625331 494919 404554 136640 476362 401929 475929 128956 622839 400103 239772 303318 469475 404737 644700 193071 175597 485144 554824 571593 613094 406682 585067
705086 1080725 445448 214529 999999999 339041 408426 555107 252619 709934 779650 641068 116478 933479 398710 90756 751620 421511 249583 689287 765933 266154 476927 398539 814268 19603 350501 622042 883519 683651 535326 412029 159076 643835 173612 738542 199916 318100 773644 465001 283293 25457 878535 506868 675263 374656 711317 675031 123037 394173 785186 492718 411679 905742 618895 664510 185219 269033 359709 522731 1004492 519712 762039 547311 669312 381102 734249 969470 773487 452264 247256 435434 238508 455062 710558 613239 610154 633851 655765 480200 222417 506888 572220 606801 110090 657523 461655 205230 487301 658601 525489 645381 293333 39310 527705 710246 538006 820160 555357 799083
539844 787365 239169 125382 339041 999999999 75236 473846 260342 496080 441414 314658 227321 640626 290545 360032 445301 82479 255058 529017 756148 72908 535893 97215 592102 358246 516345 451565 628295 353717 502005 131110 497195 570905 309605 626129 483565 192090 467512 280608 375499 356696 646674 167936 459877 311802 376872 704754 295103 478700 736822 376334 101342 621830 625387 408521 391308 306297 206654 242611 700482 299707 544839 550659 370074 296909 438351 653246 525654 583874 233362 194591 398680 525025 639722 360927 285079 635762 407952 390410 195709 484045 344510 413940 244160 617661 396148 340335 239780 386124 356857 658701 241991 299843 484558 469658 608823 489688 370892 460048
558767 753625 269519 194022 408426 75236 999999999 516311 291648 501673 371521 239517 293899 609287 341085 434210 411179 36225 287138 549798 803023 144261 598271 53867 591140 427269 588613 473266 613931 303798 552222 151219 567345 610927 384559 655557 558507 253044 393191 312490 446441 424539 640696 102607 466694 368813 321041 759070 351539 545521 776999 417180 109462 595186 677997 402173 440398 334887 258769 238471 662470 316960 547250 605013 343433 295464 365652 608789 517368 652582 266494 155593 472639 588981 677909 359296 209851 687368 405169 436051 269448 536796 292173 431054 317694 662569 446168 383270 189909 319194 385683 711534 262171 369597 533818 466577 670768 436555 330018 393501
187259 684976 250429 489662 555107 473846 516311 999999999 676452 258031 705770 681425 529853 562870 187692 486632 474450 487509 670662 170423 288416 473872 211392 562903 340317 568835 357401 149916 445923 523631 74132 367167 637409 98267 383436 183544 512802 295996 849239 208670 291969 580153 404476 524604 243163 188038 566103 267657 620955 246215 263123 99231 409532 520299 185444 313682 721389 719467 269218 338603 649117 235764 295588 138299 412767 756980 840669 660029 354218 325059 651724 666081 360081 225479 168439 291465 663919 189061 294492 85341 365576 90206 808449 183350 466397 146973 94158 706765 705812 821015 152379 216794 681382 533016 58916 304324 251394 611849 843073 689423
779374 1043519 478953 187631 252619 260342 291648 676452 999999999 748753 633435 471374 172981 897887 490651 331506 700662 322538 5829 766548 934446 216653 667427 251271 847883 262535 578333 690168 888408 594893 682597 387486 385645 774129 361770 848338 452146 382855 569806 515175 471694 250688 904538 389844 712218 490635 609302 860324 132736 590930 933751 588967 361628 880894 790934 667632 169538 46398 416844 502445 953640 548279 799044 714552 628515 128692 523924 900329 784757 672550 27215 229683 453846 649341 844386 618955 441395 804168 665953 591579 315184 658097 336982 658680 248030 806858 585733 102921 272625 437607 590435 821792 47986 231503 669139 727290 736981 725534 308376 664944
106735 427994 273860 570071 709934 496080 501673 258031 748753 999999999 540261 575409 645861 305780 316604 664547 258723 465721 743084 113866 462640 532470 468894 555502 104335 727403 600938 110787 192059 358474 331653 364970 827146 277273 559167 232819 725251 394416 728211 246136 502260 735129 169286 458467 36552 352960 396348 491402 737628 492777 394007 242524 399024 262615 419770 117912 843120 795103 352983 263705 392132 201036 52202 392638 231731 790971 734869 410137 96807 581465 721612 654916 571372 481478 305578 145140 568825 416981 105342 272322 489277 347317 767997 104541 603634 345387 303978 809492 678627 744116 187230 444119 736837 678186 316851 63694 507577 401578 820760 510424
640989 539008 486885 565122 779650 441414 371521 705770 633435 540261 999999999 169329 665417 433499 595496 798854 294462 359528 630405 642071 977884 513924 863980 391094 575359 798612 908289 588282 526847 185399 768436 415752 938317 775229 733261 766430 917711 558324 221589 516610 765240 796054 589422 273785 521715 639420 144656 973426 718136 836755 922329 620274 392426 448514 890967 426161 797546 668447 539030 374707 438675 472134 558456 833105 310255 578826 253071 358400 487175 947651 613125 412207 808920 863008 825082 424411 195796 894791 443111 652833 614457 765746 407953 540363 684745 841907 677639 734455 387665 316457 553960 922564 591823 740650 748514 478116 929046 184080 480307 48529
662592 677566 436718 429459 641068 314658 239517 681425 471374 575409 169329 999999999 524727 553587 535494 673029 375578 241293 468811 659265 967318 382505 805866 242738 636326 659188 819384 592420 615454 237901 733329 335641 799922 764954 622726 780229 797972 471254 168776 475145 675454 654736 666131 167142 548234 573257 219483 943558 566374 764200 924537 585889 300137 557576 860324 457886 638532 503874 463512 345480 577387 448805 606795 793758 351773 409923 161643 503639 548916 874240 452912 245348 708072 800395 824145 436863 31041 866949 470293 613485 505687 724330 247138 543901 556078 826405 632215 573711 218364 177824 531727 893477 427841 603167 713567 520608 875909 317038 318248 210250
657042 992343 372935 102027 116478 227321 293899 529853 172981 645861 665417 524727 999999999 844578 352867 169756 656342 309484 168215 642473 772508 154924 497874 282108 749342 134466 405941 569757 808025 578105 525778 316726 275199 625091 189066 709157 297770 253729 657917 400534 300572 130733 811166 393978 609868 341890 603361 693112 93023 419712 778853 452053 309172 820050 626988 585566 197974 205544 294051 432606 911497 447524 697907 551406 575855 293237 619305 871160 699186 499569 157745 322438 280983 478936 694618 534307 493787 640840 579309 447700 165690 499536 464559 546700 75371 650669 436247 177043 374991 545819 469665 656777 202425 79843 514295 637307 566213 714660 454952 686433
400167 147768 495232 750072 933479 640626 609287 562870 897887 305780 433499 553587 844578 999999999 579099 908755 198282 576175 892956 412347 747220 700928 772340 657444 253823 952618 892711 413324 147677 325520 636841 528154 1071715 578647 809960 511442 991542 621675 654843 489290 778034 956945 221690 522587 320770 623330 334584 791100 927611 788642 668413 530794 542225 44840 723269 279904 1028967 942566 582129 412176 86352 426706 278746 698395 270821 897731 682310 127058 208993 883250 871575 733240 843699 783460 594713 327835 563745 719326 294277 564547 714449 651045 795169 389607 823403 644701 596961 980822 735024 729235 461649 745753 871320 896755 621363 261417 813260 249422 862493 386968
307167 720113 109570 303200 398710 290545 341085 187692 490651 316604 595496 535494 352867 579099 999999999 348108 432458 316650 484837 291801 465627 286215 271370 383490 420130 415179 328171 223365 500977 430453 211812 201640 510544 285958 242563 358564 414178 108467 703896 92985 199928 424151 485812 369881 284166 47165 471107 418107 445677 242693 449927 99467 241606 543671 336928 299246 549323 534462 83895 225445 660015 155914 367900 264272 352800 569336 687870 646810 392092 352949 465447 484798 264599 268231 356078 253379 513373 346497 285114 102392 187382 195731 631691 212078 297771 327881 105711 527802 527569 656164 129400 370456 494021 370162 194067 328990 340496 547442 661411 590617
648038 1054346 413800 245851 90756 360032 434210 486632 331506 664547 798854 673029 169756 908755 348108 999999999 736374 440074 327723 631638 681654 290526 390402 435243 768230 94796 259761 569247 845772 684139 459282 405035 163735 570649 106250 669801 129040 287225 816661 425715 202357 109333 833820 525461 631481 316370 715752 587979 208835 307337 705323 434998 414004 877773 534997 632828 275416 353459 326704 505784 983977 485152 715985 465455 653032 457852 780866 956055 735873 361576 321713 488918 150220 367972 635343 582529 642756 550204 621900 417665 198038 430318 633793 560093 117187 578819 395442 294779 541876 711518 477467 560283 367737 100127 453610 672296 449364 818979 624450 813200
364748 342858 332583 558974 751620 445301 411179 474450 700662 258723 294462 375578 656342 198282 432458 736374 999999999 378421 695815 369536 717434 508404 667456 459164 281107 771072 759581 333257 240585 137921 546169 340356 896708 522343 643698 491356 830811 451203 502957 339516 630811 774084 297090 324937 249279 479406 161206 733454 736117 665165 652057 412487 349236 189000 655460 161528 835719 745039 415159 230642 255697 277426 267985 611961 83389 699797 520802 219754 193460 769654 674550 536496 691262 673430 560561 187731 380398 655746 180834 448055 538706 552372 607887 291832 642298 591339 478919 785558 541051 553393 338730 683741 673310 713733 527625 195052 721212 143167 672724 258185
524144 721212 238680 207713 421511 82479 36225 487509 322538 465721 359528 241293 309484 576175 316650 440074 378421 999999999 317805 515479 775159 155387 578952 90025 554922 440724 579131 439261 578219 276257 526337 120478 579555 581024 382323 622720 561525 235669 402010 281602 435654 439132 604523 85754 430854 347400 296714 734571 373681 529904 746832 388279 78071 561097 652840 365958 466146 366644 236284 202354 631149 282774 511119 580909 308922 331376 378507 579564 481237 638442 296753 190345 466779 570844 647297 323125 213466 661720 368956 408792 264604 512139 321772 396412 325270 634220 420679 411164 221547 339731 353485 686406 295291 382300 507584 430353 650936 410950 362977 377573
773574 1038670 473195 181806 249583 255058 287138 670662 5829 743084 630405 468811 168215 892956 484837 327723 695815 317805 999999999 760740 928843 210925 662138 247294 842274 259832 573786 684370 883032 590538 676916 381976 384090 768350 356854 842512 448908 377031 568702 509381 466550 248172 898997 385673 706547 484887 605214 854896 130542 585776 928023 583143 356313 875823 785396 662170 171158 52024 411017 497053 948943 542580 793400 708999 623473 131524 523073 895886 779286 667757 21729 227848 449158 644112 838609 613442 438742 798610 660433 585780 309521 652449 337415 652925 243143 801155 579976 105026 271483 437215 584626 816284 48058 227815 663431 721751 731772 721421 309996 661634
17104 523153 290715 580721 689287 529017 549798 170423 766548 113866 642071 659265 642473 412347 291801 631638 369536 515479 760740 999999999 349050 551382 378792 602298 172827 705137 527334 77457 282749 457383 238603 401764 789542 166312 525554 124360 673764 389834 818794 251808 449419 714741 235113 525304 121386 315828 497415 379579 735496 416325 282872 197001 441282 368004 311115 216293 839967 812111 351740 323548 498242 232840 134291 293449 331909 825515 820666 521934 206420 493287 740019 705390 519083 394585 191913 223377 648823 306979 198968 215516 478162 259647 831346 119691 589568 233132 242301 814685 735708 820278 176118 333494 761645 661757 227560 175704 408221 512703 877937 615494
356356 834983 538834 753676 765933 756148 803023 288416 934446 462640 977884 967318 772508 747220 465627 681654 717434 775159 928843 349050 999999999 746886 293129 848028 493640 774840 457976 390244 604299 792731 255456 655087 801029 203487 595890 235933 655823 569324 1134112 497025 482891 788521 537787 812673 468156 450272 834451 111755 856673 375639 86898 387310 697360 702412 147076 559577 947489 974087 549500 622277 830315 518725 472654 221182 671929 1027877 1127509 864498 550902 366228 911875 950164 532564 316624 157143 553689 950894 132355 540917 367047 619663 277340 1095104 437624 700523 141528 360242 946683 991727 1109420 435591 122128 946541 754364 271924 524709 249977 860405 1126943 955949
563796 848398 262469 52931 266154 72908 144261 473872 216653 532470 513924 382505 154924 700928 286215 290526 508404 155387 210925 551382 746886 999999999 506345 148037 632410 285343 466234 474566 678085 423849 491467 175954 424455 572126 250625 638384 416240 178509 529218 299593 330720 283835 690277 240736 495920 296645 448486 685935 227808 441688 735926 380956 159183 679533 609762 455599 328043 262873 206315 293508 764101 331746 583065 533516 430271 283121 496497 720092 572231 541828 189668 224760 343999 492840 642161 405771 352247 621410 452499 388606 147239 470312 378419 442139 173637 612298 388333 282811 275888 435882 375529 642405 210815 226979 475646 513257 579181 560262 392158 532950
395032 896321 377537 499606 476927 535893 598271 211392 667427 468894 863980 805866 497874 772340 271370 390402 667456 578952 662138 378792 293129 506345 999999999 633012 550746 484526 173913 359218 657280 692057 140195 470447 508915 240359 312347 349851 365538 345355 973771 348101 198146 498574 613903 639348 451599 232852 733926 198176 575639 83080 329481 255232 508155 730377 149435 511617 660824 703192 343777 489843 858334 399890 506899 97762 596696 773721 955575 864586 564465 114578 647552 727069 240420 23904 284815 479791 782830 165087 493159 219757 363315 121578 879587 385562 423149 215198 190189 666252 775001 917361 328859 171025 686818 469050 152518 511772 73018 797307 898376 855836
611552 800545 319133 189489 398539 97215 53867 562903 251271 555502 391094 242738 282108 657444 383490 435243 459164 90025 247294 602298 848028 148037 633012 999999999 644921 416537 610324 525507 666352 345296 595295 201739 557261 658607 398134 706477 562574 288577 381822 361955 470983 411997 694137 139241 520469 407490 358130 799959 327184 575712 824798 464164 161072 644880 719870 455796 408525 292230 299913 292336 707833 369517 601115 645763 394118 243154 348460 651139 570700 680295 227838 104035 490221 622237 726321 413146 211752 729827 458966 481123 288998 578437 248551 483911 318141 708348 489155 347905 144116 290475 436247 753301 217174 360927 577361 520325 705913 474403 280507 418292
157581 351748 376675 671646 814268 592102 591140 340317 847883 104335 575359 636326 749342 253823 420130 768230 281107 554922 842274 172827 493640 632410 550746 644921 999999999 831723 693354 205162 112494 405054 410742 461494 930491 334529 662609 258232 825911 498545 778473 350269 601918 839463 66460 537286 139607 455104 437307 542596 840794 583368 414644 341512 492854 209126 479922 190092 946257 894280 457040 353200 336757 302793 52306 466250 284563 884111 791140 374440 88726 665008 820682 741295 671439 565723 342774 232318 633977 474224 185986 368754 593537 430432 844984 208228 707905 397311 399308 911359 760798 810569 290769 499491 833896 782486 398640 124704 580903 414188 901632 539024
721040 1099810 463907 233517 19603 358246 427269 568835 262535 727403 798612 659188 134466 952618 415179 94796 771072 440724 259832 705137 774840 285343 484526 416537 831723 999999999 352727 638543 901800 703237 547138 431565 140734 656526 185972 752364 192872 336368 790466 482850 293091 14902 896161 526007 692879 389956 730846 682363 130779 401539 795929 508348 431279 924707 627932 683154 181591 276019 377913 542058 1023820 538034 779465 557179 688716 391226 750617 988992 791735 455369 258893 451181 244788 462304 722743 631919 628243 643010 674248 495002 240779 518515 586160 624045 129234 668605 475728 207973 502748 674071 542494 653840 304684 58790 540050 728434 544126 839752 567498 818293
544312 1026399 434924 441853 350501 516345 588613 357401 578333 600938 908289 819384 405941 892711 328171 259761 759581 579131 573786 527334 457976 466234 173913 610324 693354 352727 999999999 490697 792971 754325 297879 493450 346905 408108 222330 517726 199557 351232 980781 420515 144172 367594 758901 654202 576890 281007 793600 352485 465557 111256 502049 362247 522253 853657 320668 617265 534315 606371 369690 550353 976664 482156 645260 270242 680815 698235 954209 970735 691479 103818 563604 689862 126170 150651 457647 576097 792403 336230 600773 329578 321331 271683 842854 504620 332583 388899 297403 553651 741754 900710 431477 337383 607632 354678 303416 632649 209217 875118 847769 909282
89234 538659 213354 504993 622042 451565 473266 149916 690168 110787 588282 592420 569757 413324 223365 569247 333257 439261 684370 77457 390244 474566 359218 525507 205162 638543 490697 999999999 302432 402922 224045 324597 729813 190048 463039 188425 621343 316208 754931 175028 397022 647474 271577 452696 93268 253300 444412 400244 662705 382116 335400 136892 364438 371164 323209 172089 767638 735879 277059 251282 499476 156515 155155 287252 281853 748067 754063 510648 205280 471149 663537 628833 466660 371165 236931 163895 580226 322807 152903 163671 406872 237774 756732 48809 519716 258741 194605 740403 660051 749427 100513 350730 684584 592938 208100 154571 401205 474469 802073 565704
268371 240408 438300 722211 883519 628295 613931 445923 888408 192059 526847 615454 808025 147677 500977 845772 240585 578219 883032 282749 604299 678085 657280 666352 112494 901800 792971 302432 999999999 377577 518068 502394 1009357 446485 741994 369771 913700 565439 741535 420372 692245 908206 74634 544123 218848 540519 401371 655089 896843 684529 523671 433824 526960 105066 591945 222992 1001440 934516 523895 386001 226738 363815 150422 575660 276899 909338 761068 273395 110118 770880 861304 755319 760813 671072 454899 273912 618610 586489 228799 464274 661103 536041 841968 292578 774630 509753 496015 960722 767317 793103 373541 611888 868878 849435 504763 173632 690675 350514 903953 485114
456905 461433 321046 476631 683651 353717 303798 523631 594893 358474 185399 237901 578105 325520 430453 684139 137921 276257 590538 457383 792731 423849 692057 345296 405054 703237 754325 402922 377577 999999999 588648 279801 837082 590384 603333 581712 792219 414925 373579 344507 615218 703854 429952 206157 337785 476592 42497 790978 648687 673033 736998 442242 272260 323644 709075 242350 742402 637124 387407 205017 365332 293756 381563 654055 126773 578507 386902 305844 316471 782744 570122 410834 667061 693312 639687 239094 242601 712244 258661 476064 488369 588091 471455 355121 578536 657461 502890 686820 409786 415645 373159 740160 562466 644530 568878 298006 754209 136620 537595 165872
254842 757715 296890 499569 535326 502005 552222 74132 682597 331653 768436 733329 525778 636841 211812 459282 546169 526337 676916 238603 255456 491467 140195 595295 410742 547138 297879 224045 518068 588648 999999999 408003 601025 114170 361721 221686 468279 313917 901970 258441 257728 559585 473716 572015 317295 194948 631129 210319 613686 187618 253125 148964 449582 594130 127300 386172 709938 723538 295570 396330 723117 296303 367653 66020 481869 772902 890278 734024 428062 254731 659276 696459 321131 156752 176071 361183 713898 135410 367097 119891 367459 29197 843397 256377 456966 124898 106157 702214 739359 864462 215538 160745 692634 517802 19981 378440 177335 681970 872876 754467
411725 675908 118413 222599 412029 131110 151219 367167 387486 364970 415752 335641 316726 528154 201640 405035 340356 120478 381976 401764 655087 175954 470447 201739 461494 431565 493450 324597 502394 279801 408003 999999999 560899 460564 324269 504770 512792 142611 503324 161388 349827 434078 517137 168901 328773 237675 313545 617359 399894 429775 626430 267956 42408 504957 535023 280430 502550 433833 128201 117717 594957 169994 413852 464530 259195 427056 486269 557460 397440 540417 360279 305664 393919 464754 527032 231470 312407 543379 278475 289444 208570 395278 442134 284726 303627 513984 303159 458764 340961 456459 234629 568567 372435 373783 388941 339898 541013 413971 481153 420622
806204 1217628 577171 373342 159076 497195 567345 637409 385645 827146 938317 799922 275199 1071715 510544 163735 896708 579555 384090 789542 801029 424455 508915 557261 930491 140734 346905 729813 1009357 837082 601025 560899 999999999 714791 267991 818392 147737 450051 929886 589427 345717 146012 996318 665131 794464 476521 866338 698412 254587 428602 836139 594171 564901 1041175 658229 796439 255890 388267 490013 666151 1146122 648838 878330 595814 813561 512203 889190 1116027 899511 448552 387389 588821 279895 485108 775694 746026 768976 673857 785613 574217 358319 571846 718605 722613 258558 713781 549579 307779 639582 810640 639924 679088 431381 197749 598314 835941 555214 973119 694019 956951
178901 686275 342482 587624 643835 570905 610927 98267 774129 277273 775229 764954 625091 578647 285958 570649 522343 581024 768350 166312 203487 572126 240359 658607 334529 656526 408108 190048 446485 590384 114170 460564 714791 999999999 470563 109774 582407 394246 931212 299749 370387 668502 391814 612860 275213 284321 632342 214149 715331 299632 166191 194679 502958 534260 145464 361840 814339 816860 367184 419551 664483 316152 300250 144107 471456 855224 925636 687269 372194 352258 749562 762165 434929 260852 70284 351772 749294 140693 342757 183599 461941 143183 902662 235905 559646 69034 189159 802134 800773 910724 233747 167229 779554 623992 117095 335154 252702 664215 939060 754486
541909 954407 315066 220803 173612 309605 384559 383436 361770 559167 733261 622726 189066 809960 242563 106250 643698 382323 356854 525554 595890 250625 312347 398134 662609 185972 222330 463039 741994 603333 361721 324269 267991 470563 999999999 566963 189058 192688 776916 323150 114317 198020 728366 464531 526504 210127 637803 509771 263295 232076 612111 328804 341258 777575 448912 531981 351661 394146 229153 414608 887059 384065 610414 375741 560402 477735 746159 863278 632370 311409 344826 470712 96338 292223 536996 482438 593804 463538 520181 312144 118876 333327 622710 454640 113761 484212 291026 353907 523221 686330 371956 476795 387633 158482 354193 568864 378692 735465 625624 742632
126746 604376 387962 660709 738542 626129 655557 183544 848338 232819 766430 780229 709157 511442 358564 669801 491356 622720 842512 124360 235933 638384 349851 706477 258232 752364 517726 188425 369771 581712 221686 504770 818392 109774 566963 999999999 689074 465526 941404 345720 472745 763627 306216 640646 245289 368142 621774 289868 801173 408719 161595 259483 546100 466615 239466 340542 902854 892611 432491 439578 594971 342057 237332 252889 456249 918981 941844 628719 316346 460807 822706 810433 539245 370572 86584 346457 768512 230118 323323 261623 543680 249980 942613 236480 648087 151848 276989 885366 844237 937771 270291 251915 848865 715885 221017 296358 356988 634348 985501 739607
690778 1133942 499606 373714 199916 483565 558507 512802 452146 725251 917711 797972 297770 991542 414178 129040 830811 561525 448908 673764 655823 416240 365538 562574 825911 192872 199557 621343 913700 792219 468279 512792 147737 582407 189058 689074 999999999 380991 944347 502263 224668 206721 892354 645955 695231 373183 826286 551772 322711 287853 694622 484516 527597 957258 514900 711894 364869 468552 415661 602859 1070575 564935 774626 456042 747725 580267 909245 1049965 805685 300815 445173 617955 154880 341634 639839 663860 768031 530557 698642 459528 305085 439462 762295 621693 244770 575138 431483 399955 670905 840526 540160 534282 491393 223017 468101 742895 408469 924522 751037 929159
404017 767657 127901 195232 318100 192090 253044 295996 382855 394416 558324 471254 253729 621675 108467 287225 451203 235669 377031 389834 569324 178509 345355 288577 498545 336368 351232 316208 565439 414925 313917 142611 450051 394246 192688 465526 380991 999999999 636137 148285 207342 342874 561856 304608 358992 120412 451406 513257 346580 294310 557499 206112 171710 591384 434825 347646 451700 427108 41690 221957 696822 201673 446614 359424 367854 461469 614126 670890 455390 403422 357396 386020 252740 335974 464431 296725 445664 445771 338102 210656 95717 294029 536589 293539 209826 433869 209929 424887 431862 572234 215966 467929 385554 284642 297611 392154 418014 544728 561039 562148
820814 758673 605465 570831 773644 467512 393191 849239 569806 728211 221589 168776 657917 654843 703896 816661 502957 402010 568702 818794 1134112 529218 973771 381822 778473 790466 980781 754931 741535 373579 901970 503324 929886 931212 776916 941404 944347 636137 999999999 643667 837588 783946 799987 334424 703832 740975 342233 1112142 683367 930121 1089001 754279 466473 668352 1028883 610403 739025 592510 630648 511839 658818 615400 754563 962528 498012 476967 51673 577173 689794 1039558 557230 343707 865830 967792 988939 595416 191035 1035360 624641 782159 662639 893104 259279 706156 699736 993576 800991 671777 297220 145439 698727 1061985 522384 737738 882183 669872 1044147 405475 325764 269210
264259 632159 42978 330593 465001 280608 312490 208670 515175 246136 516610 475145 400534 489290 92985 425715 339516 281602 509381 251808 497025 299593 348101 361955 350269 482850 420515 175028 420372 344507 258441 161388 589427 299749 323150 345720 502263 148285 643667 999999999 292419 490030 413796 316086 210749 139894 386112 468483 492852 330692 465299 110953 203647 455326 385216 209710 598286 560943 106879 141945 569008 63317 298332 320359 260328 575364 633113 554051 310327 439170 488518 465981 355625 348816 365698 161893 456431 391837 197158 138973 243404 251469 603374 146370 357771 355511 161307 567708 502328 612408 76555 418335 509876 432469 238591 246756 412442 456742 642132 507745
466392 917395 299991 313692 283293 375499 446441 291969 471694 502260 765240 675454 300572 778034 199928 202357 630811 435654 466550 449419 482891 330720 198146 470983 601918 293091 144172 397022 692245 615218 257728 349827 345717 370387 114317 472745 224668 207342 837588 292419 999999999 306378 668378 510060 473399 154713 653602 395458 377578 119249 503169 260414 378096 741620 335815 498541 464869 506112 228220 413276 859600 355648 550944 264118 549782 582676 812033 846461 585602 211221 453011 555479 69788 178485 433717 453288 648684 350673 483758 234861 183547 228612 709136 399671 225473 376464 207155 468183 606336 761321 319597 363032 493974 272070 253400 523696 265641 739551 719616 767518
730542 1104304 470014 231476 25457 356696 424539 580153 250688 735129 796054 654736 130733 956945 424151 109333 774084 439132 248172 714741 788521 283835 498574 411997 839463 14902 367594 647474 908206 703854 559585 434078 146012 668502 198020 763627 206721 342874 783946 490030 306378 999999999 903654 524098 700394 400057 730785 696500 118310 415635 808903 518159 432341 929566 641558 688835 166721 262814 384520 545740 1027430 544393 787248 570496 692005 379339 743534 991499 798208 470186 248070 443530 259091 476442 735007 637526 623744 656596 680275 505524 247158 531052 576715 632081 133997 681418 486799 193605 494743 666010 550839 667656 293599 60360 552212 735021 558528 840447 556718 816541
219017 298168 438237 731101 878535 646674 640696 404476 904538 169286 589422 666131 811166 221690 485812 833820 297090 604523 898997 235113 537787 690277 613903 694137 66460 896161 758901 271577 74634 429952 473716 517137 996318 391814 728366 306216 892354 561856 799987 413796 668378 903654 999999999 579910 203282 521317 457880 595004 902058 648638 455345 407972 546258 179653 536371 238996 1007408 950912 520228 405109 297978 363699 118088 527340 317795 935392 816524 347899 123724 728379 877324 787787 737896 629494 392542 285801 666581 529651 238760 435111 657195 494331 884200 273741 771552 451696 465543 970849 804127 842659 356413 553961 888649 846265 462360 177249 641332 417819 943412 549606
531461 663814 275484 292638 506868 167936 102607 524604 389844 458467 273785 167142 393978 522587 369881 525461 324937 85754 385673 525304 812673 240736 639348 139241 537286 526007 654202 452696 544123 206157 572015 168901 665131 612860 464531 640646 645955 304608 334424 316086 510060 524098 579910 999999999 426343 406558 219722 782244 454109 597081 776158 426868 133104 512992 699313 347824 542463 431390 296458 201775 569855 299826 498631 630752 267478 375216 318574 511975 456505 707209 365681 212370 545938 633497 675607 313418 143547 706768 355179 452258 345925 561293 309530 406040 410972 671163 468962 484241 224218 298270 379507 732712 356394 467714 552504 413613 709830 335805 364348 292467
119274 449612 237551 533584 675263 459877 466694 243163 712218 36552 521715 548234 609868 320770 284166 631481 249279 430854 706547 121386 468156 495920 451599 520469 139607 692879 576890 93268 218848 337785 317295 328773 794464 275213 526504 245289 695231 358992 703832 210749 473399 700394 203282 426343 999999999 322191 377135 488579 701496 470259 404169 215640 363262 279254 413767 95562 806981 758565 317457 229380 406737 164509 88081 380427 211495 755096 708608 417652 114660 562632 685081 620458 542037 462767 311326 113320 540367 412328 79442 247320 454117 330428 735725 73730 568491 344177 279506 773052 645146 714797 155370 439977 700450 643142 301164 61477 494472 392299 787449 494319
332035 763110 155560 305580 374656 311802 368813 188038 490635 352960 639420 573257 341890 623330 47165 316370 479406 347400 484887 315828 450272 296645 232852 407490 455104 389956 281007 253300 540519 476592 194948 237675 476521 284321 210127 368142 373183 120412 740975 139894 154713 400057 521317 406558 322191 999999999 516964 393007 433332 197457 443308 118844 275399 587097 314429 343852 534715 532853 111260 271615 704947 202453 403244 239051 399936 578017 722872 693162 432674 308244 466565 506147 221222 227319 354380 299085 550003 325487 329058 106692 177672 173887 655948 248848 280072 317312 95248 518744 551296 686858 166982 347517 498554 349284 179751 370175 303988 594486 681427 635755
496400 463462 361565 501417 711317 376872 321041 566103 609302 396348 144656 219483 603361 334584 471107 715752 161206 296714 605214 497415 834451 448486 733926 358130 437307 730846 793600 444412 401371 42497 631129 313545 866338 632342 637803 621774 826286 451406 342233 386112 653602 730785 457880 219722 377135 516964 999999999 833413 670394 713791 777886 484606 302013 338244 751548 281573 761412 650204 425444 245761 364784 336073 416800 696514 165642 584051 359708 298231 348595 823753 585348 414448 704033 734914 680977 280766 229306 754677 298456 518339 521572 630466 461164 396837 607929 699573 544982 703880 407925 396497 415649 782601 574512 672057 611352 334809 796396 116290 529530 123375
391015 892697 507209 685998 675031 704754 759070 267657 860324 491402 973426 943558 693112 791100 418107 587979 733454 734571 854896 379579 111755 685935 198176 799959 542596 682363 352485 400244 655089 790978 210319 617359 698412 214149 509771 289868 551772 513257 1112142 468483 395458 696500 595004 782244 488579 393007 833413 999999999 772949 280885 182249 358152 658551 746482 83300 572058 858996 897631 500537 604559 876493 502696 512357 154200 677449 961493 1100579 901268 585936 256912 839302 899155 437774 220060 203350 556176 924217 78739 552785 330208 549607 222434 1048510 442823 619084 146482 314216 863525 943976 1073609 419767 50863 876753 667055 230008 548992 143306 873985 1074222 956637
750059 1075268 464127 177540 123037 295103 351539 620955 132736 737628 718136 566374 93023 927611 445677 208835 736117 373681 130542 735496 856673 227808 575639 327184 840794 130779 465557 662705 896843 648687 613686 399894 254587 715331 263295 801173 322711 346580 683367 492852 377578 118310 902058 454109 701496 433332 670394 772949 999999999 494913 866734 544731 386891 904834 710199 673953 105494 145997 386647 517244 991807 538389 789574 635592 657375 261212 640378 947561 788625 564644 132806 339782 346046 555350 784478 622932 535423 724470 668512 539570 258338 586762 464214 639149 156795 738361 527035 90613 388708 558701 562544 738965 177104 110885 603064 727288 641282 784306 440281 743694
433270 919749 352260 429553 394173 478700 545521 246215 590930 492777 836755 764200 419712 788642 242693 307337 665165 529904 585776 416325 375639 441688 83080 575712 583368 401539 111256 382116 684529 673033 187618 429775 428602 299632 232076 408719 287853 294310 930121 330692 119249 415635 648638 597081 470259 197457 713791 280885 494913 999999999 407617 258332 464084 748608 230387 516909 578427 625254 301652 468078 873433 389286 535925 168189 589212 700943 908405 871708 584896 111016 572094 665420 157347 60909 353189 478801 739343 245925 499625 224110 295380 160774 818910 399179 344501 287355 191700 585481 714992 864057 330220 253692 612697 387291 192316 527518 146641 787306 833239 833116
287415 751316 508166 748747 785186 736822 776999 263123 933751 394007 922329 924537 778853 668413 449927 705323 652057 746832 928023 282872 86898 735926 329481 824798 414644 795929 502049 335400 523671 736998 253125 626430 836139 166191 612111 161595 694622 557499 1089001 465299 503169 808903 455345 776158 404169 443308 777886 182249 866734 407617 999999999 360806 668797 623762 181537 498359 962225 975421 532239 579489 750307 477170 398123 240842 613139 1018968 1085891 788032 477524 419591 909850 928348 560066 353342 100603 498763 910307 166110 480424 347737 619209 280067 1068564 384103 709970 128388 348688 955339 966876 1074390 396754 170473 941505 769531 264979 457330 302610 795183 1105251 897424
213193 664454 151757 401341 492718 376334 417180 99231 588967 242524 620274 585889 452053 530794 99467 434998 412487 388279 583143 197001 387310 380956 255232 464164 341512 508348 362247 136892 433824 442242 148964 267956 594171 194679 328804 259483 484516 206112 754279 110953 260414 518159 407972 426868 215640 118844 484606 358152 544731 258332 360806 999999999 310310 491428 274852 259356 647959 633141 174682 247387 615272 148592 290581 212871 341727 663354 744065 614169 329807 358287 563461 567583 329935 261026 263430 224756 567373 281081 241680 35570 286404 145866 709281 142587 395026 246052 67161 627249 606794 722417 73763 307788 590607 466088 128987 270404 312888 542490 744526 607704
450713 689525 160692 210011 411679 101342 109462 409532 361628 399024 392426 300137 309172 542225 241606 414004 349236 78071 356313 441282 697360 159183 508155 161072 492854 431279 522253 364438 526960 272260 449582 42408 564901 502958 341258 546100 527597 171710 466473 203647 378096 432341 546258 133104 363262 275399 302013 658551 386891 464084 668797 310310 999999999 521980 576431 307668 486930 407629 164426 141493 604933 208605 446624 505353 271418 391990 447474 562115 424714 574120 334602 264626 417293 501498 569336 260878 275478 584990 307790 331402 222804 436261 399772 323206 306344 556313 344358 439100 298867 415059 276255 609990 342656 372675 430638 369591 579348 408590 439467 401624
355638 176860 464007 727528 905742 621830 595186 520299 880894 262615 448514 557576 820050 44840 543671 877773 189000 561097 875823 368004 702412 679533 730377 644880 209126 924707 853657 371164 105066 323644 594130 504957 1041175 534260 777575 466615 957258 591384 668352 455326 741620 929566 179653 512992 279254 587097 338244 746482 904834 748608 623762 491428 521980 999999999 679045 245694 1007286 926097 551162 387700 130243 393535 234175 655198 252476 886893 692962 168365 166081 841855 854282 725033 808043 741953 549882 295303 565360 674952 258642 524707 685247 608926 795099 349451 795687 600119 557101 961066 730030 734733 423583 701295 856266 869598 578950 221134 770182 265743 860878 403601
324204 831641 424113 612832 618895 625387 677997 185444 790934 419770 890967 860324 626988 723269 336928 534997 655460 652840 785396 311115 147076 609762 149435 719870 479922 627932 320668 323209 591945 709075 127300 535023 658229 145464 448912 239466 514900 434825 1028883 385216 335815 641558 536371 699313 413767 314429 751548 83300 710199 230387 181537 274852 576431 679045 999999999 493937 800458 829725 420015 521380 809287 419748 445344 76634 597110 888086 1017538 829701 515764 239793 768982 819967 386450 173320 158266 475713 841105 15657 474630 247116 477362 141433 968329 363838 554390 87685 232164 800375 863980 991443 337066 33567 804949 607366 146861 474883 124804 794900 995706 874863
214830 422553 219760 499248 664510 408521 402173 313682 667632 117912 426161 457886 585566 279904 299246 632828 161528 365958 662170 216293 559577 455599 511617 455796 190092 683154 617265 172089 222992 242350 386172 280430 796439 361840 531981 340542 711894 347646 610403 209710 498541 688835 238996 347824 95562 343852 281573 572058 673953 516909 498359 259356 307668 245694 493937 999999999 778469 713911 306794 166264 361122 147921 151409 451668 115934 696476 617028 354873 117157 617460 640450 551305 563836 519364 403656 51397 452080 494250 19307 294588 442585 394032 656520 130524 554881 430700 326517 737997 570886 627954 186691 522257 650303 629447 368043 65793 562370 302408 712028 399244
