NAME : synthetic_000825
TYPE : CTSP-D
DIMENSION : 100
GROUPS : 8
RELAXATION_LEVEL : 1
EDGE_WEIGHT_TYPE : EXPLICIT
EDGE_WEIGHT_FORMAT : FULL_MATRIX
EDGE_WEIGHT_SECTION
999999999 924435 104514 94266 485623 639860 742710 896682 805212 391980 615113 940192 986880 553727 589312 736215 320766 716721 328191 797997 504994 444015 744615 879345 962410 87522 512493 356533 342285 932809 748452 138374 770013 747723 435398 678277 318092 165426 419955 402449 277174 681745 611632 294837 194343 655902 359174 928314 14389 664165 534651 381024 1008921 766430 106736 709631 568375 202065 635985 196653 418831 783324 690075 637661 290713 463246 184768 736805 714552 751356 882031 425326 700140 233828 437291 150209 742771 258225 445498 185156 272951 189794 937865 827278 992635 240590 459809 637091 321152 163293 190860 768115 705064 218643 291009 822663 945311 623479 327708 796975
924435 999999999 820512 918389 739879 288658 765824 270584 180792 533800 746415 33534 63735 694439 470441 385805 604698 734443 801989 317503 710415 563536 190829 387236 192859 986212 487809 587730 832081 84980 179507 967660 621089 685431 639629 720255 786006 1085122 591646 556932 726095 283483 618854 653062 797134 773032 741142 253809 913645 621352 395521 744957 129075 245121 934686 223910 396993 771480 591714 820228 573642 142016 761281 498241 731089 767786 915199 806626 673192 729635 270715 500934 295910 835270 519537 1020209 359374 676009 499135 747296 904829 955202 251727 353047 168225 836461 468108 309591 671999 930475 776148 306567 219872 901075 654112 633334 143310 340235 793150 232359
104514 820512 999999999 124885 421399 535433 676654 794439 704662 289354 568878 836701 883120 482169 503277 647098 218349 647818 297625 704898 453816 360065 642004 781188 863154 179831 422684 261565 321067 828299 644140 199813 688237 672609 351368 608674 282025 269121 326293 309962 214122 577671 530458 194668 130181 612486 292212 825586 93156 583418 432612 335041 904406 662826 159408 605147 471266 124354 552005 167534 322132 679209 643659 557153 214284 423786 207690 675941 638825 698438 779803 322767 596830 193727 335103 233321 651677 163211 347837 95141 259683 213151 835054 736755 892068 201114 357663 532733 231543 198148 112193 673770 600961 209983 190235 740968 840952 519711 274113 698811
94266 918389 124885 999999999 407333 630029 662800 863277 814682 398341 687012 937058 981788 479506 626741 769012 329743 638853 406369 824218 573464 484399 746982 834375 975007 172703 544980 382098 424607 918151 739529 232150 702349 674238 375369 601207 393526 218380 373458 431581 335986 660062 545000 267742 134908 729556 286208 896725 84177 596475 541070 451874 992971 740506 200857 697690 587858 153872 571968 272508 377825 776373 762068 681713 229821 538273 276840 653918 641841 819359 848657 431300 673141 151305 409869 236840 772505 285306 464864 219925 179480 98422 906595 857725 1001364 157187 466805 619078 273213 256733 146162 792166 698786 125383 265791 754528 924922 600104 247178 812895
485623 739879 421399 407333 999999999 488915 257155 577411 717575 422805 884403 768709 800213 78576 685815 780397 408368 231619 676818 798204 772153 594494 631286 506061 869831 572766 605704 482586 708374 703340 576332 615347 307663 269210 129148 193890 656513 624520 199402 520789 562178 458348 164856 290534 294764 930448 129189 614763 471539 207008 498511 684285 765120 503045 576330 530146 583547 297087 198633 570449 225537 614824 951214 756968 209226 771291 628518 254572 238310 982863 564489 435764 444552 256050 292344 635811 770062 448971 503904 450114 263156 363672 624954 845302 876631 250376 457454 444896 219738 619456 309225 761844 555748 300109 296819 357360 685564 407532 160214 743978
639860 288658 535433 630029 488915 999999999 588933 311733 228725 255757 600623 309172 352271 462248 316264 336410 324288 552757 564941 327231 526806 339715 142433 363693 382908 706029 282919 323272 598581 293757 109503 694718 477092 522055 372544 526801 545978 802728 314935 305951 469834 90707 408220 364423 508699 639057 465355 331325 628509 431599 140135 520684 370333 169044 659311 70512 197075 482886 391852 555312 293795 146823 641527 377554 446138 568804 650338 621951 498415 638697 299133 225152 133130 549119 234042 744862 317584 400286 245673 468352 621492 667283 338592 377023 395070 550732 197628 55846 386539 662214 487491 292475 71738 614489 365454 511013 313172 93891 514612 259227
742710 765824 676654 662800 257155 588933 999999999 531846 803457 622703 1093364 798679 816243 196750 857220 919694 628823 36991 915942 916136 987395 795889 718355 423489 932938 829751 787519 696158 949102 704921 640928 872176 154949 83438 343139 72837 894960 878335 401125 724943 798531 522377 190341 525746 551595 1138540 385393 566489 728653 157395 652925 914106 747091 523626 832942 601603 740485 552402 198347 819086 422751 673198 1154226 928027 462624 996754 882581 44371 93335 1174785 523411 625116 490022 511679 473516 892914 903436 683645 692900 696527 505749 610210 575260 965954 925953 505634 636185 534102 460325 874765 564581 881375 638909 549625 532234 173970 668042 495082 415988 843678
896682 270584 794439 863277 577411 311733 531846 999999999 393582 547448 902739 303376 304197 513376 613592 585596 607335 505632 872995 539246 836452 651435 339559 119419 462123 973468 592648 624356 907242 191165 255132 975519 378308 448498 514060 501003 853367 1062015 492929 614085 771546 232046 425168 602148 729552 938171 622675 37416 883570 409211 451531 831598 217049 143835 937266 255521 502568 709453 392221 848640 485729 258360 935878 664923 642573 880296 941564 575386 444521 921573 14658 521908 201525 745342 459450 1020814 560579 686752 554669 746477 797816 872334 47554 584524 438428 744146 500957 282155 591305 949670 717757 515491 292200 810065 605753 379141 141886 280887 677550 448763
805212 180792 704662 814682 717575 228725 803457 393582 999999999 416645 565922 173813 222553 689742 295264 206470 486741 768421 641078 146700 534550 404636 87022 492941 161713 857197 326101 452307 668973 250066 165250 829137 676517 730545 599454 745897 626892 958748 538560 413165 578278 281093 630605 562759 706739 592240 687386 390914 796071 647953 273619 579825 309189 299857 799613 201856 243732 679224 610735 676633 515604 141694 580758 317970 658202 594368 769624 839440 710769 551209 387742 383481 315042 756707 450829 883768 179995 548130 361611 621429 833839 866635 392602 190942 187442 759361 348038 276668 598818 787712 681401 128472 166086 819913 562138 701502 303254 316118 733928 55982
391980 533800 289354 398341 422805 255757 622703 547448 416645 999999999 470776 548539 595699 439747 270770 391319 71217 586642 335495 434552 365671 174128 352717 565292 576671 452616 186518 83140 370724 548775 361018 438963 567933 583311 296110 550231 314608 551347 227637 102242 225890 316673 435752 165512 298980 516136 335060 573385 381892 481485 143449 309886 625485 405740 403765 326224 195715 270844 439744 302173 203034 393955 533332 339873 276364 382533 396413 640994 551172 560725 533391 33415 346464 358944 150309 489383 389144 144532 84462 213820 441109 456332 581855 473276 603741 363176 68622 267192 225563 407099 270850 400493 315987 416753 162407 615847 568505 267597 365609 415203
615113 746415 568878 687012 884403 600623 1093364 902739 565922 470776 999999999 738790 786042 909169 289335 368645 476139 1057178 289308 448847 116543 297724 577404 964294 652097 605259 323052 402108 284902 808307 650684 538081 1029088 1051103 762631 1020971 297213 693149 696560 368614 356058 690793 905443 597701 670053 46106 777495 914445 616452 949355 474014 235193 873625 766259 535963 647684 403583 647665 907009 418493 672886 658778 75091 248258 701607 153502 459919 1111606 1019748 141463 891834 469462 732432 742389 620035 587861 393611 449343 403732 483821 820220 781306 919531 438023 700150 749101 463896 646643 668973 487397 639800 446552 610697 775408 591871 1073754 854581 670451 790608 518158
940192 33534 836701 937058 768709 309172 798679 303376 173813 548539 738790 999999999 49938 724667 468131 374212 619691 767116 806616 302126 707888 568292 199209 420449 162143 999999 491325 598938 835935 115214 201613 979170 654372 718475 666320 752518 791238 1099643 616618 565973 734671 311029 650092 673146 817720 763765 766625 285531 929711 653495 408052 747897 146417 277024 946985 247377 402446 791693 623351 830166 597901 162757 750475 491327 754061 766835 924781 839325 705942 715934 303823 515380 325752 857749 542044 1032313 348019 689276 509349 761235 928533 976454 283022 334421 135086 859152 481776 334169 694709 940837 795972 294723 238644 923332 673934 666837 172890 366385 818114 221214
986880 63735 883120 981788 800213 352271 816243 304197 222553 595699 786042 49938 999999999 752811 517448 419854 666742 785867 856538 345444 757033 618196 248333 423408 184046 1047723 541262 647614 885873 113836 243220 1027817 668585 734780 701923 773467 841130 1147020 654819 615259 784099 345603 675270 716693 860828 810143 804059 281036 976216 675154 456148 797824 116241 301149 995338 287602 452270 835136 647149 879280 637047 205511 795943 539137 794730 816319 974001 857826 724327 759381 307030 562675 355677 898962 583245 1080751 393899 737182 558305 808850 968320 1018935 276818 374553 145824 900130 529427 373035 735677 989846 839753 340549 283057 964782 717706 677300 164683 403077 856272 267900
553727 694439 482169 479506 78576 462248 196750 513376 689742 439747 909169 724667 752811 999999999 690907 772554 437745 165925 720375 782345 800117 613847 602735 434771 836253 641225 615056 508153 753234 651268 539630 679594 229293 194740 148765 126654 699518 697622 212616 541127 603416 418773 90578 329963 360151 954870 194629 550782 539458 128733 493807 721117 709173 452239 639888 494697 581152 358473 124874 622347 236718 576881 972995 762412 267912 805461 686926 205087 162486 999145 501092 447068 398958 328973 296178 703406 759806 488632 515872 499785 341332 440780 560849 830816 839018 323798 463578 413269 263644 679934 370628 746258 524636 376635 336448 279459 628835 374159 234115 721111
589312 470441 503277 626741 685815 316264 857220 613592 295264 270770 289335 468131 517448 690907 999999999 149248 316206 820250 358449 221981 239996 145444 291248 678962 417803 620792 85722 247967 382552 525066 361473 577435 771151 803507 556816 787469 347579 722723 486548 197506 323528 406969 666974 434045 554501 324867 605609 625128 583835 704146 205952 292326 593989 478573 555223 359000 122159 526945 661542 423224 460497 371114 325403 71508 545912 299133 508152 882252 774809 325410 602853 251413 449342 620776 395673 633563 161220 341587 186309 408811 703802 702255 630273 241689 460070 625824 228519 366126 496330 530361 524003 201094 321439 672835 430170 811497 568506 394641 635930 258177
736215 385805 647098 769012 780397 336410 919694 585596 206470 391319 368645 374212 419854 772554 149248 999999999 447933 882981 502503 82012 359266 293755 246367 672312 287036 769797 224440 387033 523920 456345 334109 726597 813428 856465 652263 854107 493244 871825 583144 337452 472759 419521 733245 556606 687139 390556 716836 588258 730178 762636 281976 434294 514797 469433 704444 351067 199990 659111 721356 572464 557206 327385 376269 130976 666155 424969 656754 949891 831284 344766 577628 364862 461007 749810 489034 782730 26482 484084 310688 553702 832267 839893 591167 92460 333671 754233 334003 392200 611935 679286 657552 79495 308643 805717 553683 847119 508428 428791 753332 153501
320766 604698 218349 329743 408368 324288 628823 607335 486741 71217 476139 619691 666742 437745 316206 447933 999999999 593968 297520 497112 363982 193863 423891 616139 646073 382245 230552 76315 332506 617941 430904 371694 591160 598203 289291 556001 276122 480441 227743 122543 180795 379285 448347 124506 239454 522214 304632 634920 310729 497563 214263 285984 694578 467812 335425 394780 258987 211560 457597 242339 207359 464450 543887 381070 235061 368048 334276 642469 564943 579972 593028 104568 405821 304585 174820 420823 448377 79459 137734 144065 387604 392848 643714 533365 674044 309619 139315 330874 194289 342682 209637 464087 386326 358085 119389 641223 635786 326460 326172 483192
716721 734443 647818 638853 231619 552757 36991 505632 768421 586642 1057178 767116 785867 165925 820250 882981 593968 999999999 882522 879988 951618 759613 683048 400461 899463 804025 750697 660657 915889 675285 606458 844548 134178 63514 309893 39311 861469 855572 366228 688881 764896 487339 153433 492753 524321 1102289 358042 540930 702561 121181 615934 879555 719543 491211 805037 566612 703497 523858 161638 787608 387412 639213 1117762 891045 433538 961708 852849 72247 61669 1137998 496606 588656 455727 487548 437204 866802 866840 650032 656328 664756 486609 590281 549947 929769 893372 481754 599436 498091 428452 845722 536031 845135 603528 528486 499235 163238 639985 458958 391675 808106
328191 801989 297625 406369 676818 564941 915942 872995 641078 335495 289308 806616 856538 720375 358449 502503 297520 882522 999999999 579661 187171 238475 611481 899797 775397 316615 315541 252997 35278 839381 653870 252291 888135 891958 572809 843694 21403 408021 519255 259191 118091 641175 742024 390413 416365 328489 554371 895377 330847 792520 425890 69917 914322 729240 246960 630848 405003 399530 753487 133861 501648 677632 363677 378227 472785 135983 174101 924762 858286 428714 859518 354917 675488 486543 471922 305100 518210 232602 319282 230797 557048 503545 903005 593458 816166 493776 372295 591117 458367 201104 389318 559463 607225 507542 383927 938516 870965 598570 553010 612175
797997 317503 704898 824218 798204 327231 916136 539246 146700 434552 448847 302126 345444 782345 221981 82012 497112 879988 579661 999999999 441020 361488 209614 634907 205051 836734 286715 443335 602371 393501 298549 797091 799671 848148 672630 853761 569364 939100 605665 395728 542124 400436 734439 596858 733482 468681 746581 537510 791045 758825 308025 512351 446221 436275 773010 325090 238899 705339 719002 642411 580420 283117 452009 212760 702992 506400 729317 949069 825310 414013 532837 404904 439398 792522 512186 853121 61681 541890 359831 613539 873821 889717 539284 49984 251967 796389 371198 382143 646303 750938 704980 36371 283585 851277 594674 829233 448376 421055 787018 90796
504994 710415 453816 573464 772153 526806 987395 836452 534550 365671 116543 707888 757033 800117 239996 359266 363982 951618 187171 441020 999999999 198697 528770 887220 645341 502497 243991 291978 192391 763270 591935 439453 931028 948881 652462 914700 190552 595168 587939 263958 240216 614549 801368 483737 553517 161982 662844 852022 505387 847029 391645 124327 833336 695562 432516 581575 334552 531141 805120 308798 565087 606191 190330 228295 586147 67739 361266 1003828 916831 246481 824532 368741 654644 625852 515968 492094 380342 333276 307165 367565 703826 666705 858069 443303 690634 632560 368542 567551 555171 388263 523257 429359 548470 659364 477784 977402 804464 586859 674727 494116
444015 563536 360065 484399 594494 339715 795889 651435 404636 174128 297724 568292 618196 613847 145444 293755 193863 759613 238475 361488 198697 999999999 373150 693692 546030 476222 78864 118032 268820 602717 419672 435766 733374 753594 469338 723627 222983 578397 401542 73744 180697 423682 607723 318193 422544 342681 497571 670406 438760 651794 200183 184016 677027 508289 411648 401077 166596 395985 609530 281037 377130 441156 359208 197521 428852 230663 369775 814924 722102 388549 638741 171891 462152 491904 322411 491735 302950 201212 108469 265071 574525 563747 677308 385829 584121 497574 169848 375086 386790 390349 391472 335659 373590 539240 313206 779224 636764 391219 519959 379974
744615 190829 642004 746982 631286 142433 718355 339559 87022 352717 577404 199209 248333 602735 291248 246367 423891 683048 611481 209614 528770 373150 999999999 427567 241666 802134 298462 399884 641914 234522 89290 780084 594525 646631 514485 659854 595312 902379 455097 366935 535865 196349 543963 488714 633601 608973 604822 344133 734608 562297 210288 555485 305980 226917 748185 117915 206561 606587 524594 630986 432841 82761 602858 331950 579618 582966 725670 753771 625991 583592 331333 319327 232581 680126 369665 833405 221844 491306 310146 563767 755536 793531 347811 258679 258241 682382 284871 189654 519956 741630 609662 180535 79611 744333 488664 621779 277443 229135 652593 126636
879345 387236 781188 834375 506061 363693 423489 119419 492941 565292 964294 420449 423408 434771 678962 672312 616139 400461 899797 634907 887220 693692 427567 999999999 576631 960862 644670 646914 934847 310003 338582 972055 268548 340258 466476 401173 879210 1042773 461437 645859 790863 273622 344212 586548 699485 1002666 572342 148277 865558 317519 495612 866246 334418 203626 932439 324419 560768 682887 309943 857840 460547 352113 1004335 736964 606336 924318 947141 467675 341085 997466 116797 544974 232656 703931 451078 1013057 648661 694696 589639 746542 746394 830234 155733 682320 555458 701626 530869 319670 561840 951879 692555 607812 365901 765932 591148 263107 261169 303323 626186 546179
962410 192859 863154 975007 869831 382908 932938 462123 161713 576671 652097 162143 184046 836253 417803 287036 646073 899463 775397 205051 645341 546030 241666 576631 999999999 1010901 467501 607022 800294 277178 297030 978660 795572 855677 755450 880689 763349 1112993 696746 564824 724778 418488 770369 724466 868363 669256 846466 446632 953746 781462 434369 710080 299977 411070 951052 341557 395258 840803 747230 824591 674486 261312 649554 417396 819425 710029 915465 971502 839603 603408 461156 543738 444850 918340 610842 1034018 265013 704395 517056 777721 995187 1028216 444575 216462 49488 920946 508221 425023 759933 935156 842855 217383 314158 981620 723824 813222 335028 463080 893952 166998
87522 986212 179831 172703 572766 706029 829751 973468 857197 452616 605259 999999 1047723 641225 620792 769797 382245 804025 316615 836734 502497 476222 802134 960862 1010901 999999999 550129 404890 321788 999783 813141 74759 857209 835245 522008 765645 312000 102418 503813 446151 297954 753979 698815 374452 281801 642705 446646 1004167 101847 751417 592055 379133 1076318 840251 70038 776394 615702 288569 722828 201381 501131 846552 678955 661758 377888 451784 147365 823193 802069 745270 958851 485303 774849 319532 514514 64185 779034 310832 495610 238916 351258 257916 1013539 862011 1043859 326082 518299 707789 406176 120201 277097 809004 768506 297630 370063 909885 1015451 696988 414246 844159
512493 487809 422684 544980 605704 282919 787519 592648 326101 186518 323052 491325 541262 615056 85722 224440 230552 750697 315541 286715 243991 78864 298462 644670 467501 550129 999999999 163833 344619 530698 351783 512613 710850 738154 477231 716595 300878 652526 407214 113610 257782 371329 597314 348618 469192 364537 521563 608947 506125 637376 151032 257170 603930 451576 487077 338313 93536 441548 594689 358001 381417 370067 373252 153374 460565 289612 447995 810386 708207 387387 580630 169940 412042 535137 318879 568388 230302 259793 102468 329322 618155 618265 615249 314836 505296 540153 151859 325334 411768 468044 438816 259120 306936 587644 344656 753836 567526 347601 550805 301217
356533 587730 261565 382098 482586 323272 696158 624356 452307 83140 402108 598938 647614 508153 247967 387033 76315 660657 252997 443335 291978 118032 399884 646914 607022 404890 163833 999999999 288148 611306 422557 380233 648371 660803 360774 623371 232310 506525 296002 50461 147365 392430 511918 200812 307507 448079 380905 648746 348751 559253 192751 227249 687851 481344 348546 392515 212066 280345 518096 233596 273456 452115 468724 309565 310928 302680 328896 711919 628135 503734 610544 102746 424701 375542 228941 433586 390508 98706 90754 171378 458446 454491 656867 475698 639086 380996 125654 342387 270430 342974 276721 412406 376096 425401 195641 696950 635782 346769 402018 440898
342285 832081 321067 424607 708374 598581 949102 907242 668973 370724 284902 835935 885873 753234 382552 523920 332506 915889 35278 602371 192391 268820 641914 934847 800294 321788 344619 288148 999999999 871020 686228 253252 922830 926039 606047 876983 56514 408263 553348 293203 152491 675545 776161 423376 443152 321066 584873 929322 346272 826829 459181 90226 945655 763444 253558 664014 435358 427529 787969 154083 536053 709304 357710 397227 503078 132712 175287 957327 892318 426014 893820 389908 710130 512350 507022 303218 540734 266411 353054 260164 580708 522591 936876 613910 841898 519647 406803 625519 490622 202794 416979 583567 639678 530166 416888 973313 903428 633399 581661 638394
932809 84980 828299 918151 703340 293757 704921 191165 250066 548775 808307 115214 113836 651268 525066 456345 617941 675285 839381 393501 763270 602717 234522 310003 277178 999783 530698 611306 871020 999999999 188765 987418 555939 622932 613325 664438 822127 1096225 572735 586302 754795 261942 570524 650489 791621 837557 718757 170775 921193 566986 419341 786444 76726 200302 952539 223430 437467 767373 541082 844862 557663 161749 828314 560565 718047 817218 940159 746976 613637 801098 193395 517281 262077 823159 510709 1038158 429904 693178 526526 761979 887991 946531 167920 432157 248957 823605 487201 299219 660431 953383 773248 378483 235253 889314 652361 563668 58359 322208 772363 304900
748452 179507 644140 739529 576332 109503 640928 255132 165250 361018 650684 201613 243220 539630 361473 334109 430904 606458 653870 298549 591935 419672 89290 338582 297030 813141 351783 422557 686228 188765 999999999 799087 511455 566565 468016 585730 636057 910672 415829 398519 566487 121483 473642 473666 617633 684779 566200 263935 737276 486923 230927 603639 265386 137733 764570 46651 258524 592029 451364 656100 396584 39327 681345 410119 552471 641253 751396 678027 547854 666527 245798 329102 150991 656296 340533 850221 310162 505120 338439 574698 726943 775746 268855 347247 300358 657632 298533 133910 493166 764673 596796 269823 46808 721977 474799 536325 217234 169061 617143 213026
138374 967660 199813 232150 615347 694718 872176 975519 829137 438963 538081 979170 1027817 679594 577435 726597 371694 844548 252291 797091 439453 435766 780084 972055 978660 74759 512613 380233 253252 987418 799087 999999999 888043 871447 551172 805620 250726 155743 524041 416006 255080 750298 730195 388426 320605 574049 486803 1004515 150427 783145 572171 318350 1064144 838277 40505 765185 585588 321323 751796 154731 517709 830520 610917 612649 412116 385159 78365 868760 837780 678965 961029 470139 774704 369176 521338 56135 737834 294432 470165 229226 411291 324341 1013551 819056 1014024 376190 500834 702362 431153 51191 309225 771322 753330 356997 383196 940776 1007192 695684 460664 811692
770013 621089 688237 702349 307663 477092 154949 378308 676517 567933 1029088 654372 668585 229293 771151 813428 591160 134178 888135 799671 931028 733374 594525 268548 795572 857209 710850 648371 922830 555939 511455 888043 999999999 71966 336871 144241 866740 920634 373150 667715 770368 399366 158395 510681 575933 1072689 416384 412365 755624 105985 565522 874596 594574 384585 847642 476624 650013 569096 137187 809355 387652 540264 1083828 839643 479326 950403 884716 199186 81106 1095427 370503 562289 361988 554041 419556 917419 794591 657987 625692 686755 570623 669441 420967 849625 784738 549418 565197 421260 457565 881640 580855 766486 516803 604905 516861 52748 516360 384998 461089 721152
747723 685431 672609 674238 269210 522055 83438 448498 730545 583311 1051103 718475 734780 194740 803507 856465 598203 63514 891958 848148 948881 753594 646631 340258 855677 835245 738154 660803 926039 622932 566565 871447 71966 999999999 324961 83048 870682 892295 372706 684964 773876 450296 149999 506007 553647 1095578 389065 483065 733408 101859 597712 884015 664007 445063 831417 529029 684224 550204 144098 804280 391042 597454 1109003 873390 459415 963394 874418 127443 34032 1125116 440185 581710 415689 523563 433027 897014 838961 659664 647752 681046 530680 632595 491825 898112 847078 518276 588822 466472 446366 869141 562264 814048 567708 569297 512403 100899 585173 428392 428327 772802
435398 639629 351368 375369 129148 372544 343139 514060 599454 296110 762631 666320 701923 148765 556816 652263 289291 309893 572809 672630 652462 469338 514485 466476 755450 522008 477231 360774 606047 613325 468016 551172 336871 324961 999999999 270938 551821 591213 70282 395954 455423 356319 179313 182878 243254 808497 108649 550236 421032 232270 370289 572376 680793 415687 510775 421365 454721 233445 201032 479595 96397 507234 827744 628040 146084 656759 549984 353835 290931 856834 499984 307378 351302 237717 163482 581283 642564 340543 375839 356383 283776 363759 560472 719058 766036 235212 328378 334210 121625 545680 244941 636263 442154 299543 189357 389606 603969 299997 163538 622265
678277 720255 608674 601207 193890 526801 72837 501003 745897 550231 1020971 752518 773467 126654 787469 854107 556001 39311 843694 853761 914700 723627 659854 401173 880689 765645 716595 623371 876983 664438 585730 805620 144241 83048 270938 999999999 822670 818344 328293 652458 726155 465362 121169 453746 485552 1066216 319347 537132 664088 99349 584095 841352 712088 475618 766052 544559 671859 484786 135307 748330 349943 619633 1082215 858503 394389 923919 813579 95787 63208 1103634 491102 553174 435899 449936 401382 828285 838633 611275 621176 625504 451607 554663 546478 903369 876542 444259 565002 472893 389199 806530 496955 818573 580244 492284 460230 182759 631914 433426 354102 783941
318092 786006 282025 393526 656513 545978 894960 853367 626892 314608 297213 791238 841130 699518 347579 493244 276122 861469 21403 569364 190552 222983 595312 879210 763349 312000 300878 232310 56514 822127 636057 250726 866740 870682 551821 822670 999999999 405976 497987 240042 96809 621446 720736 369563 398604 337839 534587 876053 319930 771190 407331 67633 897303 709674 241992 612315 389090 381129 732123 121837 480303 660401 372073 370989 453136 145314 173480 904006 837024 435032 839834 334475 655448 469243 450551 304847 508135 211471 300326 211937 540864 490043 883752 584737 803488 476433 352484 571361 437801 199706 371112 548186 589346 491989 363081 917114 853002 578309 534149 599281
165426 1085122 269121 218380 624520 802728 878335 1062015 958748 551347 693149 1099643 1147020 697622 722723 871825 480441 855572 408021 939100 595168 578397 902379 1042773 1112993 102418 652526 506525 408263 1096225 910672 155743 920634 892295 591213 818344 405976 999999999 581941 548364 399464 846791 763069 459976 348041 728271 504588 1093725 178448 814719 692116 473598 1172546 931761 168373 872831 717746 361043 789541 301406 582366 944776 765486 762462 445130 540577 234068 867101 860044 834255 1047362 584349 865540 368772 602680 106256 881284 411339 597148 338612 378991 275224 1103283 964101 1145609 374216 617908 801722 482001 206918 350786 911421 866578 330090 456272 972863 1109908 788735 464370 946329
419955 591646 326293 373458 199402 314935 401125 492929 538560 227637 696560 616618 654819 212616 486548 583144 227743 366228 519255 605665 587939 401542 455097 461437 696746 503813 407214 296002 553348 572735 415829 524041 373150 372706 70282 328293 497987 581941 999999999 328600 401179 311413 222818 138273 238613 742254 150581 527586 405913 273872 301315 513429 643315 380527 483592 369475 384986 221462 236377 436257 26157 455141 760549 557792 149804 595632 513687 415919 339039 788095 478431 237503 313679 253849 94142 559567 574017 287025 306130 313948 315256 380276 537654 651501 709995 253358 258096 282450 100420 512538 231269 569341 386026 319555 144271 425031 569213 252141 201526 558480
402449 556932 309962 431581 520789 305951 724943 614085 413165 102242 368614 565973 615259 541127 197506 337452 122543 688881 259191 395728 263958 73744 366935 645859 564824 446151 113610 50461 293203 586302 398519 416006 667715 684964 395954 652458 240042 548364 328600 999999999 169235 382589 537830 245935 357657 414065 424521 636191 395329 583107 168068 220390 662306 470268 386711 372763 169951 330357 541165 264500 304519 425260 431967 259628 357314 285015 358830 743021 653011 462291 600714 106292 418041 425184 252242 470616 341731 146768 60444 217812 508164 504895 643815 426793 598663 430521 115015 332659 313693 375482 326955 365679 351712 475706 241185 714765 614594 342755 448383 398014
277174 726095 214122 335986 562178 469834 798531 771546 578278 225890 356058 734671 784099 603416 323528 472759 180795 764896 118091 542124 240216 180697 535865 790863 724778 297954 257782 147365 152491 754795 566487 255080 770368 773876 455423 726155 96809 399464 401179 169235 999999999 539713 623936 273649 316439 400442 442405 796105 274807 674444 335561 126992 831002 628670 231700 538452 334792 296035 635491 100349 383602 594146 430461 364290 361764 217259 191356 808140 740216 484318 757680 249647 571436 388529 355610 311038 483181 114886 228320 128324 464749 427268 804231 565162 761316 395453 272565 489699 342775 210380 287104 516255 519743 419357 267185 820925 781403 493026 445877 558015
681745 283483 577671 660062 458348 90707 522377 232046 281093 316673 690793 311029 345603 418773 406969 419521 379285 487339 641175 400436 614549 423682 196349 273622 418488 753979 371329 392430 675545 261942 121483 750298 399366 450296 356319 465362 621446 846791 311413 382589 539713 999999999 352249 392625 531277 729536 459213 256747 669392 367025 223813 601288 334458 89092 713057 79284 287462 507776 330550 618709 295762 158116 732224 467798 456112 654067 712478 558466 429792 728978 218405 290184 42639 561235 250493 797747 398849 458238 323694 521223 626529 684943 265181 450356 420287 561663 268973 50111 398669 721869 514272 367695 117590 627391 395072 429287 264893 60435 512103 322570
611632 618854 530458 545000 164856 408220 190341 425168 630605 435752 905443 650092 675270 90578 666974 733245 448347 153433 742024 734439 801368 607723 543963 344212 770369 698815 597314 511918 776161 570524 473642 730195 158395 149999 179313 121169 720736 763069 222818 537830 623936 352249 999999999 357398 417618 950334 259914 462506 597243 52968 463110 734256 625350 374207 689850 430726 550825 410747 34300 656247 241087 509168 965163 737868 320934 814250 728897 216872 116596 984654 413268 436260 326796 398105 285608 759072 718054 509839 503533 533119 421538 516795 472486 783877 769431 393846 446194 355323 300717 724943 422533 699020 464529 451763 363736 211091 544763 315673 307267 666632
294837 653062 194668 267742 290534 364423 525746 602148 562759 165512 597701 673146 716693 329963 434045 556606 124506 492753 390413 596858 483737 318193 488714 586548 724466 374452 348618 200812 423376 650489 473666 388426 510681 506007 182878 453746 369563 459976 138273 245935 273649 392625 357398 999999999 145006 643804 180463 634229 281547 409560 293475 393917 725231 474519 348196 430894 359196 118555 373573 298965 129379 511227 666738 501352 112009 480771 375448 534513 472030 704285 587491 192410 407515 196083 143530 426921 553676 159192 248789 176087 276966 304828 643883 637184 746362 199668 225661 351352 71469 374762 123173 561991 434515 257492 6489 562810 657515 332938 202744 569294
194343 797134 130181 134908 294764 508699 551595 729552 706739 298980 670053 817720 860828 360151 554501 687139 239454 524321 416365 733482 553517 422544 633601 699485 868363 281801 469192 307507 443152 791621 617633 320605 575933 553647 243254 485552 398604 348041 238613 357657 316439 531277 417618 145006 999999999 715204 166312 763389 179978 470015 435383 443137 865476 609404 281594 574181 494588 28143 442696 292896 243823 655510 743373 617061 97270 533423 337435 548587 520370 791303 714961 329554 541908 72336 280986 343380 686792 225865 376489 188527 152674 159994 773326 771452 891025 79100 364414 492608 138550 326224 31167 699469 579171 118632 144945 628533 795506 470934 143943 711204
655902 773032 612486 729556 930448 639057 1138540 938171 592240 516136 46106 763765 810143 954870 324867 390556 522214 1102289 328489 468681 161982 342681 608973 1002666 669256 642705 364537 448079 321066 837557 684779 574049 1072689 1095578 808497 1066216 337839 728271 742254 414065 400442 729536 950334 643804 715204 999999999 823575 948713 657714 993894 515083 277834 901104 803290 573938 683864 442076 693037 951482 459586 718479 691028 38734 277317 747586 192706 496320 1157084 1064373 114402 927585 514158 771463 787533 665091 622436 416297 495131 447904 528485 864990 824462 953500 453310 717952 794282 507666 686251 715079 523826 685054 469624 645976 819739 637971 1116942 885264 711107 836485 542565
359174 741142 292212 286208 129189 465355 385393 622675 687386 335060 777495 766625 804059 194629 605609 716836 304632 358042 554371 746581 662844 497571 604822 572342 846466 446646 521563 380905 584873 718757 566200 486803 416384 389065 108649 319347 534587 504588 150581 424521 442405 459213 259914 180463 166312 823575 999999999 658880 344931 310689 438788 567212 787421 522616 447556 519756 516847 167922 288556 443432 171981 605525 847013 674930 81931 655952 499431 383735 356246 884602 608615 355382 457300 138232 237211 509022 710333 332306 419412 325037 175286 260056 669118 790687 860420 134186 383484 432575 110829 490270 180050 710526 536563 194994 186025 468423 711291 400982 54889 704806
928314 253809 825586 896725 614763 331325 566489 37416 390914 573385 914445 285531 281036 550782 625128 588258 634920 540930 895377 537510 852022 670406 344133 148277 446632 1004167 608947 648746 929322 170775 263935 1004515 412365 483065 550236 537132 876053 1093725 527586 636191 796105 256747 462506 634229 763389 948713 658880 999999999 915335 446019 471447 852002 186262 167657 966595 270635 517490 742855 429496 875288 519646 261573 944939 673594 677353 897832 968778 610225 480041 927708 50520 546796 229845 780521 491066 1050557 562730 714178 576286 775307 833911 907431 10263 581278 419732 779445 524309 306541 625392 977575 750949 515769 304377 845450 637663 410829 116398 308866 713768 446716
14389 913645 93156 84177 471539 628509 728653 883570 796071 381892 616452 929711 976216 539458 583835 730178 310729 702561 330847 791045 505387 438760 734608 865558 953746 101847 506125 348751 346272 921193 737276 150427 755624 733408 421032 664088 319930 178448 405913 395329 274807 669392 597243 281547 179978 657714 344931 915335 999999999 649778 524869 381791 997217 753797 117084 698140 560254 187726 621602 198128 405017 772365 691492 633340 276323 465237 192886 722957 700223 751861 868916 415282 687391 220322 424271 164274 736281 250167 437134 177574 261483 181380 924911 820960 983513 227148 449958 625005 306974 172562 176556 760833 694115 207165 277823 808275 933198 610950 313869 788629
664165 621352 583418 596475 207008 431599 157395 409211 647953 481485 949355 653495 675154 128733 704146 762636 497563 121181 792520 758825 847029 651794 562297 317519 781462 751417 637376 559253 826829 566986 486923 783145 105985 101859 232270 99349 771190 814719 273872 583107 674444 367025 52968 409560 470015 993894 310689 446019 649778 999999999 498781 783090 616849 376508 742806 446301 585873 463524 42694 708508 290933 520513 1007585 774448 373536 861907 781704 191494 70832 1024605 398453 479923 336769 448588 331222 811833 746169 560735 546153 585463 468202 565431 455677 808619 777198 444096 487502 376911 353618 777864 475340 724011 482723 500626 415862 158519 536376 337783 356384 687099
534651 395521 432612 541070 498511 140135 652925 451531 273619 143449 474014 408052 456148 493807 205952 281976 214263 615934 425890 308025 391645 200183 210288 495612 434369 592055 151032 192751 459181 419341 230927 572171 565522 597712 370289 584095 407331 692116 301315 168068 335561 223813 463110 293475 435383 515083 438788 471447 524869 498781 999999999 380555 495695 308169 539242 204986 87854 407551 456273 426198 275472 259433 522184 275718 396161 430292 521464 679424 569311 529991 438712 110100 263160 489399 207174 624721 272845 281254 107715 353513 569188 594766 478658 351946 460439 492716 74949 175992 338708 535710 409055 272170 184188 550740 292121 606683 446543 196588 479081 275955
381024 744957 335041 451874 684285 520684 914106 831598 579825 309886 235193 747897 797824 721117 292326 434294 285984 879555 69917 512351 124327 184016 555485 866246 710080 379133 257170 227249 90226 786444 603639 318350 874596 884015 572376 841352 67633 473598 513429 220390 126992 601288 734256 393917 443137 277834 567212 852002 381791 783090 380555 999999999 860405 687873 309096 583995 349315 423014 742658 184577 493341 625017 310278 308835 487327 90302 240948 926202 850844 370363 818536 323717 637762 515065 455119 372333 450748 235509 277710 254669 590213 546641 859188 524753 751786 522047 335382 551683 464575 267304 414005 493347 557462 543483 387572 923653 820769 563085 572493 548441
1008921 129075 904406 992971 765120 370333 747091 217049 309189 625485 873625 146417 116241 709173 593989 514797 694578 719543 914322 446221 833336 677027 305980 334418 299977 1076318 603930 687851 945655 76726 265386 1064144 594574 664007 680793 712088 897303 1172546 643315 662306 831002 334458 625350 725231 865476 901104 787421 186262 997217 616849 495695 860405 999999999 265140 1029250 299924 511109 841587 594392 921432 629287 237152 889942 625372 790025 888718 1016732 790199 658018 858708 224087 594007 330229 895175 584499 1114865 488349 769898 602689 838628 958306 1019339 179537 480359 261748 895391 563882 373917 733003 1030052 847712 435618 311756 961312 727256 596116 80622 394893 841488 361402
766430 245121 662826 740506 503045 169044 523626 143835 299857 405740 766259 277024 301149 452239 478573 469433 467812 491211 729240 436275 695562 508289 226917 203626 411070 840251 451576 481344 763444 200302 137733 838277 384585 445063 415687 475618 709674 931761 380527 470268 628670 89092 374207 474519 609404 803290 522616 167657 753797 376508 308169 687873 265140 999999999 800736 121029 363437 587125 346632 707712 368417 158916 803360 534488 529046 737789 801356 563456 430465 794441 130664 379221 67503 633929 331083 885141 446224 546929 410836 609076 694516 759491 176138 484871 402329 633713 357390 138977 473684 810486 594350 407355 162277 699868 477438 404531 188888 143263 576883 350019
106736 934686 159408 200857 576330 659311 832942 937266 799613 403765 535963 946985 995338 639888 555223 704444 335425 805037 246960 773010 432516 411648 748185 932439 951052 70038 487077 348546 253558 952539 764570 40505 847642 831417 510775 766052 241992 168373 483592 386711 231700 713057 689850 348196 281594 573938 447556 966595 117084 742806 539242 309096 1029250 800736 999999999 729821 556658 281463 711345 133035 477420 796634 609908 594099 372214 382462 82414 830102 797714 675674 922747 435472 736750 332436 481996 85654 714554 259451 439066 191904 378423 296181 975701 796829 985373 339555 466959 665471 390668 57793 269335 746194 719109 324129 343019 900371 971210 657895 422713 784073
709631 223910 605147 697690 530146 70512 601603 255521 201856 326224 647684 247377 287602 494697 359000 351067 394780 566612 630848 325090 581575 401077 117915 324419 341557 776394 338313 392515 664014 223430 46651 765185 476624 529029 421365 544559 612315 872831 369475 372763 538452 79284 430726 430894 574181 683864 519756 270635 698140 446301 204986 583995 299924 121029 729821 999999999 247230 548938 409629 625158 350527 85915 683071 413625 507216 627332 720280 637749 508930 673416 244252 295414 114767 611362 295650 815374 328795 470756 312319 538845 681278 731659 277014 374751 346493 612556 267071 87298 448091 732432 554060 293666 42451 677183 432293 504431 243296 122664 570884 244528
