NAME : synthetic_000414
TYPE : CTSP-D
DIMENSION : 100
GROUPS : 8
RELAXATION_LEVEL : 1
EDGE_WEIGHT_TYPE : EXPLICIT
EDGE_WEIGHT_FORMAT : FULL_MATRIX
EDGE_WEIGHT_SECTION
999999999 717913 501234 634529 541293 561469 368498 565461 1013451 885080 289117 900161 1011385 917363 1015475 590177 597946 1123318 930637 915211 939038 748037 976666 677925 220016 515812 345975 623946 862199 544761 685983 903070 584228 382699 224424 784054 946437 618610 501916 723021 454538 707879 800247 693104 687202 511227 233931 738933 955811 574837 964802 673995 647162 484803 611587 722041 636098 913547 134031 740209 307065 949434 694239 932861 695682 372264 356729 775895 1062824 117453 478059 660879 394070 597643 388261 604138 708260 262165 624058 99259 969913 362956 853801 668541 822733 915273 751790 874779 771552 558410 748528 577976 868060 969685 679032 621980 1057923 297888 527827 275928
717913 999999999 655140 246668 289579 156862 350739 553599 442117 373101 639766 476652 301329 199459 301921 262632 205876 410094 217152 197495 722438 658351 259955 407830 546148 233401 457334 357219 724048 532430 224951 763010 193026 483121 604460 447630 567813 198659 499417 51776 569805 157970 691739 703538 573596 328229 628776 376502 265502 712185 615664 209413 161015 735990 713109 405782 360909 201091 668882 684800 746990 244336 285806 323317 690927 575979 451368 99072 395026 613116 454553 570116 324572 667263 711674 237906 517982 571468 606875 620363 392561 707610 138563 65447 104847 205430 402255 171384 187141 274457 702200 321138 346848 296956 339467 674680 348812 478129 226131 662783
501234 655140 999999999 750759 365562 558205 441399 881998 705643 578227 212179 530994 933860 812180 927259 397553 686290 958074 851177 806154 462661 263769 878675 883307 327385 605431 623813 333563 373691 139442 474688 410893 462316 685282 283526 412544 537668 461100 156781 623925 92121 752009 312295 193268 980287 327618 268071 906898 916652 81504 536708 478214 501816 91769 112479 376023 338283 781459 367260 247451 242044 793085 436523 678968 197851 146100 630571 645633 828994 508151 753191 960143 455203 98116 142585 717022 965484 636357 149969 447253 679006 163113 743635 589809 734284 846643 930099 734485 575356 381109 252702 751515 574777 763257 843923 122435 979183 585922 440603 227974
634529 246668 750759 999999999 421112 207948 329510 313384 688779 614381 662614 709504 432397 387074 444287 422048 66204 599718 371178 389663 929354 828659 422333 165828 530547 147622 302607 528410 913028 657563 433340 955277 340890 299607 601599 659004 797842 373378 611516 294165 658696 110842 870501 850933 327336 445077 630811 159515 358036 822730 842927 414000 353345 814209 834780 605521 536547 413267 632987 848615 764888 462689 491020 569756 841172 633218 292960 345621 627847 517588 237551 323451 307762 792019 761941 34706 274868 418296 748872 550504 639221 749922 354245 265885 313505 350092 184672 400108 427509 415414 865396 85937 588134 532990 103308 805756 472353 343177 329271 679476
541293 289579 365562 421112 999999999 213657 221364 639726 472341 345617 377518 381272 574647 455900 570070 49697 355062 627341 490553 450663 528937 408195 522534 576188 328749 294369 427833 120308 498218 246756 148065 541695 96997 481831 365603 284688 449022 100616 210169 260164 281200 397606 451784 432146 709036 41296 382920 580451 552132 424342 482444 140180 141050 447367 428298 220045 131714 431919 451185 427509 481143 453179 154530 395084 421577 297896 428675 289520 533667 467156 510282 695152 211203 383133 431044 391251 675350 505558 330948 444394 428655 430541 386305 224270 372239 484237 605773 385887 244811 19152 444285 448852 327350 448009 522865 393325 621095 416694 92241 402902
561469 156862 558205 207948 213657 999999999 196140 461417 544777 446337 505682 525513 452352 356196 455104 215070 142349 566069 370051 354348 725996 620725 415288 367228 398039 104132 313484 321216 705907 454678 242387 748476 135324 349034 460947 460324 609191 172433 411406 171326 467397 194550 662658 645089 511969 240239 487194 366973 404722 625702 651182 222578 163046 629610 634494 403189 329808 356203 518095 640949 612607 396578 294523 435002 634863 455929 309132 229900 534098 456279 342934 501578 169675 590557 590485 179544 470856 422743 543372 464389 494788 582699 294594 117763 261658 355786 392430 321854 270456 207472 657799 246155 421215 435767 310534 602844 499489 327796 122780 526767
368498 350739 441399 329510 221364 196140 999999999 450950 675251 556076 333128 602118 648489 549855 651059 260687 272696 754846 565987 547432 733460 583508 610507 444380 207236 183427 212132 336727 687424 379686 343104 731801 227560 270479 275346 504833 670066 267618 327303 354580 350842 368252 633221 577457 541169 212544 303741 476072 599337 519485 702136 327302 288540 493661 539102 439620 349021 545050 323237 593638 436232 581315 369611 581144 571353 310349 214852 408222 701648 270517 319343 522338 26508 501410 434177 294827 524094 284406 478046 270110 627992 421090 485499 300046 455284 551919 497400 506530 414579 232155 608393 313772 534868 606168 411648 519717 695626 195769 170876 350440
565461 553599 881998 313384 639726 461417 450950 999999999 992480 905122 725795 986788 728468 698339 743178 660484 348321 907022 677395 701420 1168630 1032090 727816 201762 578165 358335 261117 759584 1132296 830636 703595 1176472 589889 201984 646669 914908 1069219 630872 778212 596475 795031 422801 1080565 1028276 122494 646931 675503 278994 648179 962527 1109607 683824 624439 919062 985594 853775 770413 726442 629722 1043799 805768 775968 753353 875583 1022297 740264 253126 652130 941047 461402 131808 95743 445985 950043 841362 315916 161248 303778 928976 521747 942370 821806 667622 557574 626872 655673 273880 713149 722302 642152 1058827 232597 879444 845601 256799 969257 762856 305768 554116 732420
1013451 442117 705643 688779 472341 544777 675251 992480 999999999 132264 815854 195530 469681 381685 450507 424068 644512 356338 433105 374097 466312 536957 414249 848091 798196 647048 852451 403562 527704 570227 332522 546699 449233 892957 825125 296468 256620 407825 578467 396351 661815 593091 535514 627530 1015368 502897 836817 808591 519095 716292 302822 347952 392783 796697 693436 330848 393325 331922 916938 572549 905545 293740 319581 120179 611691 718930 849556 343198 180049 937081 884057 1012229 656702 654574 827023 678724 958008 951757 576345 916731 50213 836900 363845 436227 397912 448401 833188 314383 274326 455731 586320 761343 145742 201681 778936 645681 491563 856983 504784 841989
885080 373101 578227 614381 345617 446337 556076 905122 132264 999999999 683592 119946 486495 376287 470465 298870 562403 423262 429429 368252 403958 432093 426089 778845 668385 550438 743550 271339 444698 441140 214625 471787 335274 788297 693547 178880 210088 292335 447085 322292 530870 530808 440036 516281 940923 373856 704837 749483 516754 594274 261030 232454 285527 669760 574254 202204 261061 326834 785986 467115 773707 305231 191219 123452 500520 586799 741654 281109 263330 812528 789266 934831 539474 533324 696459 598944 888764 837171 455212 789261 100848 705748 335738 350085 359926 439333 775137 293075 187011 330042 482358 678920 26290 231011 711442 526605 518695 743605 388088 709729
289117 639766 212179 662614 377518 505682 333128 725795 815854 683592 999999999 669161 939053 825593 937127 424632 605130 1004773 854207 821138 661012 465321 891352 767101 147739 516271 465267 412569 578656 276710 521056 618161 458130 523876 81761 547598 698337 476240 246353 623876 177792 694436 516586 404678 835353 337103 58330 806155 903857 286499 708276 516294 514810 205750 322654 493594 422552 806344 155103 454429 107329 830143 505920 760275 407965 100542 473966 662487 905213 307189 605193 812431 355760 309137 116715 627942 833038 450845 342392 242564 779568 96017 756247 576992 736059 844493 826238 761191 621316 396636 461682 640545 672618 823726 741540 333530 986381 420192 414412 26184
900161 476652 530994 709504 381272 525513 602118 986788 195530 119946 669161 999999999 606254 496033 590016 342626 652990 532975 549110 488000 285916 342151 545943 875255 680190 628547 803093 277399 335447 403479 283193 358453 399838 852916 693096 121855 92313 357388 423326 424914 501402 634289 340120 434507 1032499 398931 699474 851927 636296 531565 142504 302972 362811 619783 505624 178606 264958 446720 789235 377744 748470 424701 237074 238715 418721 568970 802634 390973 363653 840947 865115 1024322 589778 469496 661814 690586 984219 886523 392200 808920 192468 674941 453432 443789 475271 558600 877900 412154 290237 370008 391179 767308 141683 347048 809621 458203 637794 796306 445091 694636
1011385 301329 933860 432397 574647 452352 648489 728468 469681 486495 939053 606254 999999999 123213 21042 537043 435404 194288 84852 130130 889612 882535 60957 534544 847210 502115 718052 609348 920515 801476 463496 952134 483468 727221 905738 635372 693997 474925 777272 316177 854419 326185 903898 947169 698059 615543 929842 466616 82609 981236 744899 457070 434041 1019700 975395 618814 608523 164523 969330 914159 1045967 182012 513327 371894 932761 870145 709918 288256 315276 901945 669827 706110 622027 929531 1004866 447659 628820 836037 860199 915619 437105 1002748 190300 362223 203391 96583 483636 208311 370948 557058 931162 517634 467031 269093 472198 932351 47486 749118 524670 962569
917363 199459 812180 387074 455900 356196 549855 698339 381685 376287 825593 496033 123213 999999999 115081 416442 372128 216711 53254 8037 775696 760699 66710 519149 741707 423208 646354 486290 802012 678941 340492 834878 367689 664534 796910 515987 586141 355493 655840 202320 734052 276303 783325 824196 688827 497074 819797 462670 140884 858450 637147 334550 314852 898759 852282 496775 485356 50507 865528 791980 931891 91783 390154 271222 809850 753030 639353 167002 259817 812220 620348 692232 523802 806443 886910 393374 623379 762913 736987 819709 342044 885791 69647 253157 94631 66719 484235 86986 248018 437864 809050 472310 354743 183326 451169 809156 167134 671620 412847 849703
1015475 301921 927259 444287 570070 455104 651059 743178 450507 470465 937127 590016 21042 115081 999999999 531293 444550 174687 85073 121271 874046 870551 49006 550570 848040 508738 726525 600839 906533 793903 455184 937628 480264 737274 905523 621997 677158 469898 770897 313354 848893 336710 890987 936612 715042 611140 929214 483637 100842 973252 727992 449566 429122 1013751 966632 607169 599615 152149 970751 902487 1043817 165322 503594 354512 922079 866546 718583 281906 294574 906975 681838 722631 624662 920860 1000855 458294 646069 844410 850768 919171 418756 999261 184052 361164 201154 100709 501146 197389 360723 552217 919416 529862 451534 250557 487398 923180 52309 756550 523075 960892
590177 262632 397553 422048 49697 215070 260687 660484 424068 298870 424632 342626 537043 416442 531293 999999999 357119 581306 453852 410797 512547 409286 483143 582229 378382 306958 461013 106369 491016 270215 98469 533449 81759 512430 414953 255221 415526 64300 240772 227073 317612 385574 449148 444119 722738 87731 431815 579830 519696 450488 452093 91696 104468 482658 450503 193291 114740 389558 500879 431999 527099 408246 109224 345392 432297 341756 460950 249440 484310 513794 533323 710435 247251 404636 472845 394562 684836 544777 345484 492881 379788 473786 347256 199069 336731 449090 605614 343007 196711 31767 449192 458781 279687 399555 525117 412238 582871 453789 106607 450239
597946 205876 686290 66204 355062 142349 272696 348321 644512 562403 605130 652990 435404 372128 444550 357119 999999999 588483 365329 373397 866275 762826 416160 226416 477600 89472 283047 463402 848110 591547 373554 890558 276430 293602 547423 597517 739999 310439 545783 248245 594325 112195 804993 784734 379625 378881 576158 225717 368021 757569 784103 353951 293039 751302 769134 542650 471790 390975 585289 782569 708901 438917 429881 527273 774968 571357 274677 303937 598302 482696 251069 372526 249374 726203 701647 38089 332756 401048 682680 509341 594482 690509 329082 212342 288770 345713 250817 371005 376842 349655 799325 117054 536330 501157 168187 739774 478658 317031 263132 623021
1123318 410094 958074 599718 627341 566069 754846 907022 356338 423262 1004773 532975 194288 216711 174687 581306 588483 999999999 229633 216249 816640 852769 179410 719351 936660 638999 862655 624581 866783 819307 488964 891398 551983 881216 986013 597391 608701 528913 807068 400304 890208 489094 863158 931582 886050 668089 1006417 655167 275352 991277 657029 490494 491645 1048574 977792 601253 619880 210089 1061642 887179 1108281 175905 521560 300327 916124 922770 855789 349307 176633 1021732 835240 892384 729486 933713 1051587 608415 817818 978824 858174 1024644 341933 1054113 271597 454816 307160 251355 673678 249197 386650 608265 903015 685543 412645 198250 654020 931444 184326 886809 603889 1030012
930637 217152 851177 371178 490553 370051 565987 677395 433105 429429 854207 549110 84852 53254 85073 453852 365329 229633 999999999 61282 828130 809187 51210 491345 763290 425805 645551 529430 852971 719973 383667 886347 398806 658889 821281 566726 639338 391217 694451 231494 770828 261189 833036 870435 659500 531328 845236 430164 87648 900134 690338 376045 350307 936390 895416 545273 529258 103572 885825 839976 961115 140260 435867 324079 856307 785525 637898 206489 302355 822556 607899 664680 539592 849447 920376 381994 592388 763175 781424 834198 394419 918082 109784 277437 118683 21939 450290 138452 295445 473142 857135 457113 407713 232987 425104 853057 132201 674206 439834 877742
915211 197495 806154 389663 450663 354348 547432 701420 374097 368252 821138 488000 130130 8037 121271 410797 373397 216249 61282 999999999 767728 753269 72521 523342 738348 422984 646444 479709 794233 672632 333976 827030 363093 665342 793108 508251 578104 350169 649906 198417 728378 279013 775719 817089 693160 491875 815826 467587 148901 852014 629110 328312 309621 892925 845631 489371 478656 42611 862326 784619 927320 85202 383205 263326 802713 748003 639545 161421 254030 810546 622202 696300 521451 799817 881706 395289 627985 762783 730155 817403 334257 880765 64891 249890 92724 74337 489346 79289 240871 432541 801676 474691 346721 176199 455162 802396 173475 671183 408857 845329
939038 722438 462661 929354 528937 725996 733460 1168630 466312 403958 661012 285916 889612 775696 874046 512547 866275 816640 828130 767728 999999999 198931 828898 1092602 731066 819314 945589 409558 100085 395103 501114 91078 590673 1003366 714798 274840 209699 556013 441994 671927 485687 873617 153669 285155 1235213 523997 709040 1083173 914146 419296 166415 519232 578178 528095 381033 323844 399247 727637 809605 220011 704668 709016 440841 524619 274252 567862 948163 651297 643750 913997 1038773 1222525 730780 368438 604608 904222 1196804 1002474 318824 864915 474707 625768 726795 675301 742944 835637 1109302 689779 547834 527425 220947 971170 422584 632962 1032584 346211 922617 924856 616702 681719
748037 658351 263769 828659 408195 620725 583508 1032090 536957 432093 465321 342151 882535 760699 870551 409286 762826 852769 809187 753269 198931 999999999 822206 984189 547441 700976 792326 304486 114231 213453 436036 156338 490955 852568 523767 255386 313260 466724 265280 613083 293619 793874 52752 98002 1111693 390058 515573 987582 889074 224136 296850 449642 499244 331276 187980 263958 298845 718448 616555 35599 505744 713248 377461 552953 83533 375791 796407 610066 695027 732610 900352 1095959 586246 170075 405693 799320 1081799 835108 123986 679396 526355 426859 700409 600435 705823 811546 1013125 674318 513808 413255 50291 855793 440301 655866 930867 148751 922207 765293 500436 485060
976666 259955 878675 422333 522534 415288 610507 727816 414249 426089 891352 545943 60957 66710 49006 483143 416160 179410 51210 72521 828898 822206 999999999 540228 805082 475006 695698 551867 859570 745065 406250 891183 433768 709758 861384 574509 634148 422169 722413 267554 800750 312399 843175 887770 707591 563687 884643 477334 110709 924329 685102 400799 381496 965398 917633 558654 550615 103823 928406 854003 997817 122826 454606 312915 873266 819506 688159 233705 268963 869701 659108 713413 584243 871866 953509 433171 639883 813166 801770 879660 379657 952260 136229 316933 156738 72361 496688 148519 311777 504535 870964 508270 406350 212656 474635 874175 101316 723638 477917 915323
677925 407830 883307 165828 576188 367228 444380 201762 848091 778845 767101 875255 534544 519149 550570 582229 226416 719351 491345 523342 1092602 984189 540228 999999999 624210 284580 332825 688157 1072614 802865 598792 1115416 502280 298476 696689 823739 963670 536853 754064 457178 791596 255735 1027866 999546 170194 595687 726616 77824 452817 959164 1008689 579353 518559 938023 975023 769050 696960 553559 707539 1002162 862240 603365 655924 728216 990800 754671 322091 505595 772562 562288 205156 173370 428385 934154 875107 188400 110152 426582 897389 610045 799116 859846 499715 431516 460087 469406 78617 548329 591834 572605 1018591 131953 752563 681589 69511 949775 566245 382237 484022 780079
220016 546148 327385 530547 328749 398039 207236 578165 798196 668385 147739 680190 847210 741707 848040 378382 477600 936660 763290 738348 731066 547441 805082 624210 999999999 388180 317530 404385 661159 336565 476236 703779 385836 376324 72499 564145 727103 414915 289334 540475 258264 575477 600192 506961 687731 295430 102415 667355 802736 408221 746793 466273 447996 345564 439271 502025 416442 730163 125065 544909 238083 760827 478646 723684 506479 182149 326237 587560 859616 185450 457660 664724 232874 414675 263333 496286 686605 310437 424845 134273 756113 243693 674343 488552 648376 750854 686291 687878 568001 346874 555585 500463 652470 770065 602917 437889 894648 272767 332771 156831
515812 233401 605431 147622 294369 104132 183427 358335 647048 550438 516271 628547 502115 423208 508738 306958 89472 638999 425805 422984 819314 700976 475006 284580 388180 999999999 224239 410455 792551 518713 345387 835935 232486 251279 457954 558716 711018 272754 470623 262137 513312 192889 745752 715010 415918 311484 486712 301469 441382 678937 751956 325650 266828 667073 692835 499276 420278 432900 497018 718114 619654 477524 395321 535189 706221 485697 218030 321490 625647 402621 238832 403507 160649 651121 614402 113037 381076 339825 612836 424561 596923 602626 369847 213272 332159 408124 324845 404755 372927 292915 734429 154818 525262 527059 238826 666109 547397 248714 203311 533859
345975 457334 623813 302607 427833 313484 212132 261117 852451 743550 465267 803093 718052 646354 726525 461013 283047 862655 645551 646444 945589 792326 695698 332825 317530 224239 999999999 546296 898153 583913 529416 942528 408497 61609 387086 712493 875914 451638 530929 482679 538995 394554 842852 778718 370935 423674 416339 393069 650859 704887 910266 511153 460234 658139 729758 647843 558331 657136 380579 800315 548823 701625 566542 746667 774059 480503 10760 541965 846730 229602 142429 347450 217054 696295 580450 277307 375886 118014 682200 278575 803081 561213 594081 430710 556207 626754 405862 628490 579831 435733 814380 235308 720131 748184 334034 716616 761649 49887 358531 472888
623946 357219 333563 528410 120308 321216 336727 759584 403562 271339 412569 277399 609348 486290 600839 106369 463402 624581 529430 479709 409558 304486 551867 688157 404385 410455 546296 999999999 384709 195497 145878 427286 187912 601288 423645 169188 335557 162331 184596 315203 269209 489391 343096 346760 826283 125255 433864 686144 602485 372765 365583 154192 196451 424026 366090 103787 12621 451736 517697 328811 505250 460348 103057 353080 333872 317088 547573 323329 501808 563874 630465 813173 329242 320191 434402 500757 789991 618538 252823 531725 367136 440874 419877 297083 417196 527919 711949 404928 243109 117882 346149 563607 260109 430737 631453 323739 653122 532428 207334 438736
862199 724048 373691 913028 498218 705907 687424 1132296 527704 444698 578656 335447 920515 802012 906533 491016 848110 866783 852971 794233 100085 114231 859570 1072614 661159 792551 898153 384709 999999999 325789 499117 44381 572212 957670 637971 286308 277751 542572 376556 675682 407841 868261 62081 188513 1206876 485825 629509 1070281 936609 323825 244746 515310 570459 433251 284780 318346 376505 756284 730511 126467 614457 743787 438248 568114 179145 489982 901714 663611 699088 846127 1000979 1192351 688093 276894 513816 885450 1173350 945501 238194 793430 527865 535981 747191 670901 758252 858055 1096179 715057 562183 500279 124196 946799 458954 675513 1016132 253566 956846 873185 589552 597861
544761 532430 139442 657563 246756 454678 379686 830636 570227 441140 276710 403479 801476 678941 793903 270215 591547 819307 719973 672632 395103 213453 745065 802865 336565 518713 583913 195497 325789 999999999 339170 369133 342815 644886 321298 282274 423477 334513 52995 496940 100205 643615 265928 198407 917647 214673 318504 816677 789008 180519 431647 344424 374282 231020 181557 239421 199464 646192 417555 217035 345946 655828 298018 539716 191707 177732 588678 513561 689716 520832 698991 900072 386228 136455 258692 625454 893998 622029 98477 470021 541651 271481 611259 468040 604758 716795 841182 599262 438410 259346 230603 671550 436555 624012 756098 148281 846066 554432 332337 300442
685983 224951 474688 433340 148065 242387 343104 703595 332522 214625 521056 283193 463496 340492 455184 98469 373554 488964 383667 333976 501114 436036 406250 598792 476236 345387 529416 145878 499117 339170 999999999 538309 120920 575531 513379 227190 367340 77803 320191 177501 402051 372553 467469 488950 751727 185560 529950 583471 457979 518082 410630 19825 80595 563378 511968 180977 145676 307073 599160 464107 621999 319307 60983 247529 475332 434851 527798 178001 385965 605248 582580 742592 325483 466066 562623 411552 706256 622713 397893 587959 286193 565439 274038 174190 272819 382610 609635 260121 102332 129500 481496 485826 192265 302740 535668 469391 507439 528995 173680 546863
903070 763010 410893 955277 541695 748476 731801 1176472 546699 471787 618161 358453 952134 834878 937628 533449 890558 891398 886347 827030 91078 156338 891183 1115416 703779 835935 942528 427286 44381 369133 538309 999999999 614388 1002052 679106 321018 292025 583945 420241 714107 449225 908746 103588 221260 1250558 529859 669877 1112140 970772 356346 253200 554932 610930 465788 316725 357333 418775 788367 770865 163864 650081 773885 477336 594711 213828 531119 946095 700031 721247 888933 1045199 1236172 732417 313182 549332 928003 1216573 989501 279715 835625 550513 572070 781663 710960 794097 892134 1138085 748077 597833 543401 158476 990029 487640 702746 1058461 289294 987430 917475 632800 636745
584228 193026 462316 340890 96997 135324 227560 589889 449233 335274 458130 399838 483468 367689 480264 81759 276430 551983 398806 363093 590673 490955 433768 502280 385836 232486 408497 187912 572212 342815 120920 614388 999999999 454991 434149 326356 479677 43194 307165 167312 376828 304996 530878 523430 646350 135218 455212 498251 456967 521177 519738 102849 62957 543039 524321 268073 195708 348911 510881 513291 564227 376110 163787 353695 512038 386726 406899 204918 478615 495471 465836 635141 207742 478890 521755 314133 606167 503046 423549 485079 401277 519283 298212 127596 280124 391102 524081 304660 188140 83531 530429 381037 312331 385969 444100 488155 530434 408822 57106 482489
382699 483121 685282 299607 481831 349034 270479 201984 892957 788297 523876 852916 727221 664534 737274 512430 293602 881216 658889 665342 1003366 852568 709758 298476 376324 251279 61609 601288 957670 644886 575531 1002052 454991 999999999 444696 765893 927952 498151 591923 513405 600602 401070 902846 840067 315794 480146 473580 365572 656019 766401 963594 556735 503174 718584 791360 701732 613125 679606 431464 861045 604484 725799 615865 784024 835292 541702 56222 572767 876796 270318 95384 291320 272909 757879 639618 279904 327408 128497 743244 325763 843158 619892 616726 463728 577553 639114 375026 654288 618928 488544 875231 221776 764239 778236 311517 778157 769128 103787 407883 530460
224424 604460 283526 601599 365603 460947 275346 646669 825125 693547 81761 693096 905738 796910 905523 414953 547423 986013 821281 793108 714798 523767 861384 696689 72499 457954 387086 423645 637971 321298 513379 679106 434149 444696 999999999 573559 731692 458753 280932 594692 230175 642950 576082 472093 757910 328208 29930 739669 864599 361535 746672 505644 494580 286800 395804 514717 434915 782247 97309 516755 165584 810202 507832 758835 473685 148003 396133 638547 899247 227103 528216 734536 300154 377226 198287 567201 758226 369093 399782 164111 785504 176633 728542 544513 704774 809847 758712 738641 609660 384528 525647 572859 679809 812875 675195 401317 953223 340909 384469 85811
784054 447630 412544 659004 284688 460324 504833 914908 296468 178880 547598 121855 635372 515987 621997 255221 597517 597391 566726 508251 274840 255386 574509 823739 564145 558716 712493 169188 286308 282274 227190 321018 326356 765893 573559 999999999 166466 287981 301562 397273 379669 599196 269609 337425 972270 294400 578969 810555 650333 419824 197781 245846 305880 502575 397490 65418 156627 470894 670185 289841 626729 461244 168021 297813 321678 447301 713202 379453 442076 730461 788440 961429 495848 358125 540904 635605 929935 787527 279882 694897 277147 553562 460975 401112 473135 571761 836717 429003 276872 277372 305624 706451 185127 400602 761827 349724 672892 700589 361790 572995
946437 567813 537668 797842 449022 609191 670066 1069219 256620 210088 698337 92313 693997 586141 677158 415526 739999 608701 639338 578104 209699 313260 634148 963670 727103 711018 875914 335557 277751 423477 367340 292025 479677 927952 731692 166466 999999999 438347 453100 516038 523665 725129 297527 410747 1118910 460655 734567 942223 726753 524116 51019 387144 447821 621616 493207 231781 322968 536424 828903 347542 768116 512013 315939 323159 395618 597950 876177 483163 434647 896166 945378 1109932 660062 463143 675626 777822 1072137 953425 390293 859067 267328 691555 545174 532770 567496 649420 968256 503145 381972 440203 358017 853122 233139 430465 898719 447770 723842 865661 520915 722850
618610 198659 461100 373378 100616 172433 267618 630872 407825 292335 476240 357388 474925 355493 469898 64300 310439 528913 391217 350169 556013 466724 422169 536853 414915 272754 451638 162331 542572 334513 77803 583945 43194 498151 458753 287981 438347 999999999 304387 162971 379611 327329 504134 506147 684393 141904 478071 528553 455708 514779 479308 60196 40910 545282 514665 232245 168095 331426 539496 491055 580787 353922 122573 315525 493936 398465 450080 188927 445281 533205 507822 673924 248922 468761 531598 348465 642238 545380 408514 519791 360377 531141 285962 135916 273475 385796 554582 285569 153414 82374 508370 418489 269634 355223 476650 476022 521136 451423 96960 501300
501916 499417 156781 611516 210169 411406 327303 778212 578467 447085 246353 423326 777272 655840 770897 240772 545783 807068 694451 649906 441994 265280 722413 754064 289334 470623 530929 184596 376556 52995 320191 420241 307165 591923 280932 301562 453100 304387 999999999 467286 84770 602861 317462 250200 866275 174088 281759 770114 760040 215144 466023 322575 345064 243380 223426 250127 191631 626035 378138 269925 327674 639430 286931 537044 244128 145866 535720 489115 686199 472108 646646 848414 334558 180615 250553 578885 843760 569832 151343 423476 546136 258721 587117 434263 577503 689862 794322 579089 421862 224995 283589 622433 439439 614787 708839 195733 822738 501514 290408 271552
723021 51776 623925 294165 260164 171326 354580 596475 396351 322292 623876 424914 316177 202320 313354 227073 248245 400304 231494 198417 671927 613083 267554 457178 540475 262137 482679 315203 675682 496940 177501 714107 167312 513405 594692 397273 516038 162971 467286 999999999 541265 209506 644966 661932 621501 300530 617479 427806 292756 677386 563902 163496 122681 707316 676170 357365 317824 190869 664815 640464 730482 227221 237775 279173 648900 554033 477600 59406 364115 622604 492222 617092 329357 630158 688963 282448 567273 593738 567069 624348 346395 686591 133957 54880 112812 224187 453631 152265 135757 243382 657871 364995 296009 265532 389333 636300 363209 498997 210530 647783
454538 569805 92121 658696 281200 467397 350842 795031 661815 530870 177792 501402 854419 734052 848893 317612 594325 890208 770828 728378 485687 293619 800750 791596 258264 513312 538995 269209 407841 100205 402051 449225 376828 600602 230175 379669 523665 379611 84770 541265 999999999 661597 346016 249004 891070 241618 223364 814780 833302 168662 531465 403103 420521 166226 190799 331994 276392 706094 323964 287859 247069 721267 371179 621813 248218 82332 545234 567051 770928 443436 665263 871395 363829 159047 165914 624927 874809 560309 169651 387358 630305 175173 664846 504358 652929 765132 837998 659265 504187 297944 297819 659741 523783 698850 751830 181181 900411 503418 351423 200845
707879 157970 752009 110842 397606 194550 368252 422801 593091 530808 694436 634289 326185 276303 336710 385574 112195 489094 261189 279013 873617 793874 312399 255735 575477 192889 394554 489391 868261 643615 372553 908746 304996 401070 642950 599196 725129 327329 602861 209506 661597 999999999 831352 828315 424933 429376 670725 218681 256339 817877 772527 354784 297833 824159 824740 552322 495425 303866 688248 817452 800341 353550 433149 473025 817019 649722 385913 252278 520494 593467 346712 424592 342902 780050 783586 121585 365209 512431 727977 617410 544491 774837 246481 198397 206094 240429 244344 293963 345109 387288 834683 196480 504589 427379 186278 790860 368246 429223 312476 714170
800247 691739 312295 870501 451784 662658 633221 1080565 535514 440036 516586 340120 903898 783325 890987 449148 804993 863158 833036 775719 153669 52752 843175 1027866 600192 745752 842852 343096 62081 265928 467469 103588 530878 902846 576082 269609 297527 504134 317462 644966 346016 831352 999999999 131763 1158205 436130 567458 1028844 914757 265648 273354 482334 534670 374598 227391 289731 336203 739389 668462 66424 553587 730847 407471 562873 120584 428080 846744 637839 700420 785361 948946 1142951 635146 216183 453085 841886 1126822 887180 176381 732093 529822 474939 725368 635821 733352 836630 1054556 696458 538849 455520 68210 900463 451123 668291 973177 193329 942126 816545 543859 535859
693104 703538 193268 850933 432146 645089 577457 1028276 627530 516281 404678 434507 947169 824196 936612 444119 784734 931582 870435 817089 285155 98002 887770 999546 506961 715010 778718 346760 188513 198407 488950 221260 523430 840067 472093 337425 410747 506147 250200 661932 249004 828315 131763 999999999 1116054 405860 459243 1010422 946811 135435 394791 499780 542527 244944 96269 332160 344363 784768 559417 66780 429275 784211 434571 634041 15844 326545 783992 666612 779492 691648 896782 1098441 584569 95541 328572 819644 1091956 808092 102207 633729 613434 351747 760727 642041 761758 870779 1035318 739251 576223 441177 64407 868669 521693 733503 950933 71153 988752 746648 522381 421200
687202 573596 980287 327336 709036 511969 541169 122494 1015368 940923 835353 1032499 698059 688827 715042 722738 379625 886050 659500 693160 1235213 1111693 707591 170194 687731 415918 370935 826283 1206876 917647 751727 1250558 646350 315794 757910 972270 1118910 684393 866275 621501 891070 424933 1158205 1116054 999999999 722077 787240 231444 615603 1059623 1162206 731973 671156 1023328 1080202 914293 836185 723725 746999 1126223 919556 773519 806151 895867 1108915 841959 361778 672233 942756 581363 230268 26990 531774 1042476 949562 342352 70621 425146 1015064 640182 966028 931078 669799 591135 630045 637582 215715 718258 754362 708568 1141925 266059 914733 851590 239428 1060413 726717 418462 618981 843679
511227 328229 327618 445077 41296 240239 212544 646931 502897 373856 337103 398931 615543 497074 611140 87731 378881 668089 531328 491875 523997 390058 563687 595687 295430 311484 423674 125255 485825 214673 185560 529859 135218 480146 328208 294400 460655 141904 174088 300530 241618 429376 436130 405860 722077 999999999 344393 604562 591871 389188 490675 179406 182255 407838 395399 228982 137782 473208 416026 406630 440227 494193 183320 430766 396242 256603 425545 330787 571495 443019 516050 706928 207237 350918 389837 413872 691863 493314 303803 415825 460716 389245 427461 262786 412883 524707 629478 427148 284393 60020 422959 466207 357233 487284 545306 362678 662076 407860 117680 362634
233931 628776 268071 630811 382920 487194 303741 675503 836817 704837 58330 699474 929842 819797 929214 431815 576158 1006417 845236 815826 709040 515573 884643 726616 102415 486712 416339 433864 629509 318504 529950 669877 455212 473580 29930 578969 734567 478071 281759 617479 223364 670725 567458 459243 787240 344393 999999999 769441 890049 343943 747566 523092 514772 263782 379489 521743 444742 803933 101005 506644 135678 830794 521381 773924 461753 141434 425473 660025 915880 249194 557695 763757 328228 363841 172544 596364 787978 395193 391803 184287 798257 149869 751116 568052 728227 834205 788548 759870 627633 401994 514709 602682 692001 830886 704948 388147 977317 369818 406970 57158
738933 376502 906898 159515 580451 366973 476072 278994 808591 749483 806155 851927 466616 462670 483637 579830 225717 655167 430164 467587 1083173 987582 477334 77824 667355 301469 393069 686144 1070281 816677 583471 1112140 498251 365572 739669 810555 942223 528553 770114 427806 814780 218681 1028844 1010422 231444 604562 769441 999999999 384178 980128 988954 564710 505073 967278 993124 759619 693875 500905 758724 1007896 904937 550218 642796 688428 1000684 784848 382334 470428 720279 622069 275586 240357 456927 950712 910190 191258 162651 494036 908340 665710 760717 896557 451314 410768 413346 408344 26164 500996 563546 574365 1024717 167232 723258 632845 64614 964778 495799 441175 488730 820999
955811 265502 916652 358036 552132 404722 599337 648179 519095 516754 903857 636296 82609 140884 100842 519696 368021 275352 87648 148901 914146 889074 110709 452817 802736 441382 650859 602485 936609 789008 457979 970772 456967 656019 864599 650333 726753 455708 760040 292756 833302 256339 914757 946811 615603 591871 890049 384178 999999999 969527 777739 448293 415228 999495 967024 625738 603376 191204 922384 919072 1011179 225380 513039 411515 933039 841478 642251 280217 379583 843843 594359 623913 572862 920976 977158 376231 546273 768764 855293 861985 481405 973067 189521 330365 185298 78652 401040 224583 375921 535810 936339 442124 494755 317920 391496 925933 115204 684626 491443 926379
574837 712185 81504 822730 424342 625702 519485 962527 716292 594274 286499 531565 981236 858450 973252 450488 757569 991277 900134 852014 419296 224136 924329 959164 408221 678937 704887 372765 323825 180519 518082 356346 521177 766401 361535 419824 524116 514779 215144 677386 168662 817877 265648 135435 1059623 389188 343943 980128 969527 999999999 515503 524236 554710 109516 39835 394887 375018 824500 440948 199290 296682 831853 473254 703079 145109 227503 711533 693655 852488 587556 833283 1039802 532097 62069 196749 789435 1043365 717646 139992 525638 694722 221038 791169 647460 785225 897197 1003761 777689 615552 438137 199630 827225 594390 794022 917758 76846 1025489 667316 505402 299121
964802 615664 536708 842927 482444 651182 702136 1109607 302822 261030 708276 142504 744899 637147 727992 452093 784103 657029 690338 629110 166415 296850 685102 1008689 746793 751956 910266 365583 244746 431647 410630 253200 519738 963594 746672 197781 51019 479308 466023 563902 531465 772527 273354 394791 1162206 490675 747566 988954 777739 515503 999999999 430326 491221 617057 482250 262601 353192 587442 843967 329320 772296 562900 356775 373811 380353 608611 910981 532493 482086 919887 984417 1152615 693556 456050 677218 822052 1116675 983944 387156 879980 316543 694574 595839 578718 617719 700359 1015036 554045 430669 475051 337785 896190 283864 480829 944365 438660 774506 897897 558370 732084
673995 209413 478214 414000 140180 222578 327302 683824 347952 232454 516294 302972 457070 334550 449566 91696 353951 490494 376045 328312 519232 449642 400799 579353 466273 325650 511153 154192 515310 344424 19825 554932 102849 556735 505644 245846 387144 60196 322575 163496 403103 354784 482334 499780 731973 179406 523092 564710 448293 524236 430326 999999999 60918 565951 519538 197774 155470 303459 589886 476990 618423 318721 78414 258866 486444 432287 509380 169593 393909 591281 562997 722792 308994 473531 561796 391969 686683 605569 407008 575613 300872 563724 266933 156418 263005 373945 590871 256517 105024 121152 494396 466049 209513 307941 516462 477784 501684 511553 157003 541924
647162 161015 501816 353345 141050 163046 288540 624439 392783 285527 514810 362811 434041 314852 429122 104468 293039 491645 350307 309621 578178 499244 381496 518559 447996 266828 460234 196451 570459 374282 80595 610930 62957 503174 494580 305880 447821 40910 345064 122681 420521 297833 534670 542527 671156 182255 514772 505073 415228 554710 491221 60918 999999999 586176 553823 255134 200703 291824 572965 524805 619899 316086 137875 292988 529953 438579 457745 148639 415719 557603 505113 662144 267503 507846 572085 331064 625780 559302 446078 547997 343924 571316 245269 101233 232610 344949 531218 246391 126054 123097 542183 405302 261146 323064 455996 514487 480296 464326 119588 539653
484803 735990 91769 814209 447367 629610 493661 919062 796697 669760 205750 619783 1019700 898759 1013751 482658 751302 1048574 936390 892925 528095 331276 965398 938023 345564 667073 658139 424026 433251 231020 563378 465788 543039 718584 286800 502575 621616 545282 243380 707316 166226 824159 374598 244944 1023328 407838 263782 967278 999495 109516 617057 565951 586176 999999999 149065 467571 429177 869409 353086 308175 191793 882409 527080 770683 254287 183382 665939 731850 920701 512919 793678 1001778 510826 162131 96736 779891 1014083 654565 231329 447980 770570 122129 829796 670544 818737 931014 989529 822467 664692 463938 309070 807294 666506 854321 903378 182526 1065452 616130 516265 211444
611587 713109 112479 834780 428298 634494 539102 985594 693436 574254 322654 505624 975395 852282 966632 450503 769134 977792 895416 845631 381033 187980 917633 975023 439271 692835 729758 366090 284780 181557 511968 316725 524321 791360 395804 397490 493207 514665 223426 676170 190799 824740 227391 96269 1080202 395399 379489 993124 967024 39835 482250 519538 553823 149065 999999999 377912 367018 816620 477574 161295 336365 821644 463995 686121 106888 257308 736030 689094 834725 620616 855500 1060977 550159 46048 236232 801978 1061702 747201 119899 559663 674069 260318 785943 649062 782039 893443 1017162 770057 607027 440817 160653 843117 575937 779873 931465 47768 1018937 693656 512790 336398
722041 405782 376023 605521 220045 403189 439620 853775 330848 202204 493594 178606 618814 496775 607169 193291 542650 601253 545273 489371 323844 263958 558654 769050 502025 499276 647843 103787 318346 239421 180977 357333 268073 701732 514717 65418 231781 232245 250127 357365 331994 552322 289731 332160 914293 228982 521743 759619 625738 394887 262601 197774 255134 467571 377912 999999999 91215 455020 610690 295354 577731 452280 120011 308387 317075 394184 648718 348109 457604 666106 726355 902679 431007 335089 496515 580650 873951 722131 258014 631745 303000 507145 436707 354098 443654 547933 785726 410522 250017 213625 312349 649109 199876 403017 708742 330946 659014 635389 299761 519374
