NAME : synthetic_000701
TYPE : CTSP-D
DIMENSION : 100
GROUPS : 8
RELAXATION_LEVEL : 1
EDGE_WEIGHT_TYPE : EXPLICIT
EDGE_WEIGHT_FORMAT : FULL_MATRIX
EDGE_WEIGHT_SECTION
999999999 121970 563816 196751 186467 647260 869946 756326 18556 672406 440495 986886 833481 663580 598028 501138 667671 35618 910056 463250 339698 167579 361272 645984 48825 52418 643650 390857 791026 881723 623428 896530 555121 817573 319646 373432 119972 670236 838043 419939 1010909 344764 184423 750406 267847 840734 334612 166545 570830 754512 565351 696734 432122 549127 396038 782359 443564 643102 814949 293265 653373 270912 264567 470931 538748 57550 640275 124639 732472 674290 384909 531972 672241 958451 802932 274209 629854 468716 517836 404591 310891 801374 386479 464014 747252 530366 580164 212489 762898 599513 532517 208822 825374 588194 591007 380334 924788 625400 240129 509222
121970 999999999 458010 185343 275322 616488 754189 638128 105374 554675 330511 896790 787183 664519 478614 380485 695068 143606 805933 342449 250684 233760 321787 571694 81012 122210 638600 313092 722392 820608 504782 803867 526162 772654 201047 443217 237506 668853 758533 461071 923003 418598 216210 641367 310746 748099 406504 157605 570362 632544 472965 578613 377385 584591 353944 726746 324707 578418 701408 263242 549088 331341 258144 533768 464373 178000 662642 40757 623358 552327 279890 464807 557938 862348 687242 334391 519505 363011 495337 436288 239408 684695 318548 351266 704683 469308 493409 196929 727903 478935 454633 198322 750984 595912 469037 370122 850543 668957 274677 391205
563816 458010 999999999 431404 733330 455454 327511 483322 552362 175543 129787 457225 513447 606773 370870 188498 723019 567680 347927 310521 504187 689434 339052 239304 535617 532595 567523 219290 371565 482654 396686 361293 414425 507494 271052 681400 649467 601221 359623 612581 487802 675929 660317 188156 545098 307847 663012 443359 541946 353114 97965 198141 281939 672304 327834 428637 344438 288671 263643 374869 91470 592409 429445 723499 197727 607438 681923 484811 170553 309961 447002 232925 138745 411563 264077 593394 77237 95263 425273 572299 284107 270085 249489 118871 465987 261947 137048 421180 513393 344972 178647 616431 372287 586108 267378 427977 460611 759497 516269 365064
196751 185343 431404 999999999 381299 451104 756552 745894 197921 574722 330126 815427 636999 481514 585561 434047 510498 178521 762295 447886 426261 363651 165981 463354 204738 145758 457495 224039 602394 688761 614899 729519 358999 620983 264650 293276 233372 486569 657066 284258 836625 276177 371147 618145 146436 674546 262786 31081 387382 698444 406627 600088 241379 402777 200834 587883 444409 453707 694552 97115 512918 183489 73644 370960 358970 212201 477515 224226 600991 624093 438201 346340 559550 795578 691046 185682 506017 343446 322981 255340 148121 693840 208653 359929 550565 340720 412702 15869 566401 577528 356471 373760 640325 411205 543130 189167 738791 489595 108581 510203
186467 275322 733330 381299 999999999 828652 1023608 844079 190739 821982 605504 1168023 1018129 829961 696614 641886 813991 203509 1081255 575520 386256 59864 546885 831418 200021 235620 813872 574650 977302 1068135 717288 1076275 736716 1001974 471527 488091 197498 837923 1022702 563607 1193041 456801 120244 916046 422541 1020430 450627 351889 739771 875705 744647 844975 618571 691785 581722 968473 546712 829508 973432 478357 824394 409149 445229 586959 723928 176233 791656 251409 898037 794954 454616 718104 829778 1136205 957007 412261 793934 638318 697746 557383 495391 953048 572101 625197 931346 716818 762030 397159 944913 704946 716949 190191 1011030 751736 714584 558397 1110551 756990 403795 605148
647260 616488 455454 451104 828652 999999999 706112 935352 649025 623654 482266 536876 203151 172750 806200 610828 316879 625421 595728 705510 807979 814619 294712 247217 654313 595366 136019 347654 266806 295363 834944 489841 92140 185212 557426 481100 654009 162578 361007 366056 540869 497738 820551 550324 431790 453631 490838 481957 162548 807249 358664 642442 251984 331571 263030 194374 726242 189138 639595 357210 463458 468448 383525 455789 259309 653711 280387 657178 542226 764637 785061 226994 574388 560083 662542 466710 513131 450640 131977 339095 391187 677009 322335 504125 116767 200814 322609 435657 116584 784056 279141 814535 321609 197982 713008 271682 392349 390588 435832 772299
869946 754189 327511 756552 1023608 706112 999999999 437006 856160 202474 432675 385744 675984 875673 438082 385401 1009099 879221 194378 484116 716362 972887 663125 458976 834985 845618 836723 546424 504627 590314 444571 321488 695505 678677 553442 1007199 966098 867031 429040 932327 420378 1002752 932853 158620 872509 309312 989933 766108 829501 263420 386162 181258 597904 977706 647874 594655 522398 516982 68212 702258 262494 919896 756943 1043815 485321 918720 968854 772650 170725 305608 642066 520727 198676 308841 67015 920861 251052 413324 718233 892087 610615 71697 575334 406729 668110 548906 406915 747113 720061 411425 471533 876677 468215 873928 351146 747996 503282 1060106 843755 497536
756326 638128 483322 745894 844079 935352 437006 999999999 738148 341311 469551 805178 989935 1075513 161222 335888 1174796 781539 619728 300162 460968 784621 747530 719602 708834 759015 1037283 629185 833252 939750 133502 723435 883239 985825 481293 1038913 875056 1071807 790396 1009050 840661 1021886 727980 485002 891392 690466 1008540 737396 999641 175597 581241 334685 723794 1100635 753263 903796 313436 771476 448480 746645 508003 929077 786700 1109844 676086 813808 1134334 632473 478158 176037 389492 708783 397568 731925 407787 931382 443101 491173 884361 971881 644808 388743 664188 441618 948509 736240 620297 745185 996530 168989 656222 658509 817723 1041549 224509 840846 884421 1191684 854094 247128
18556 105374 552362 197921 190739 649025 856160 738148 999999999 657939 427930 979037 833139 670069 580045 485481 677816 51993 899241 445611 321502 166036 360518 640680 30279 59246 649237 384184 786923 879007 605325 888116 556919 817430 304671 388239 138513 676407 832071 431257 1003500 359961 176690 738365 278468 832284 349539 167126 576894 737708 556617 682141 429414 560094 395117 780435 425541 639434 801785 293318 642349 284016 267825 485169 533193 75950 649693 106186 720403 657377 366356 527619 658808 949381 789149 287304 617417 457141 520487 414563 304709 787285 381406 450827 747376 527019 572509 213411 764234 581775 526339 195747 820307 595470 574173 384146 919844 637568 249212 491071
672406 554675 175543 574722 821982 623654 202474 341311 657939 999999999 244648 485143 653276 780054 276271 183086 898424 683839 318680 288745 519058 770734 507031 389851 635667 651248 740666 383195 492897 598561 292844 395531 588564 650492 353634 843476 773005 773957 449812 782188 520084 835142 730379 154011 701893 355889 821914 580420 717224 186230 266352 25370 455837 846909 499423 567003 327634 445520 162703 533870 169727 747674 586079 892167 370465 722947 857335 571517 142881 167671 446923 406398 56290 418905 137242 749036 110731 236273 600673 742097 434824 131226 416316 215476 619287 435683 301059 567140 669316 247438 352150 674475 476423 761467 171751 598616 545525 934597 669955 314019
440495 330511 129787 330126 605504 482266 432675 469551 427930 244648 999999999 584040 584380 609185 327078 133918 705281 447503 476599 225490 385388 560457 282358 316744 409447 413413 571779 160273 465564 575589 356697 488511 419191 575113 141586 604642 533451 606458 471808 553876 613557 594286 530564 310938 460401 434044 580931 336067 530609 381647 178000 270005 254573 634800 284601 504816 251111 351460 375118 296025 221166 505184 345576 660925 233781 487173 664787 355810 292936 316116 336382 258895 233998 540868 365989 506705 189501 42652 416314 514762 193710 366770 195494 31136 521940 282253 213078 322836 563228 307486 214846 486997 477127 572157 246022 376509 571520 725350 427216 290825
986886 896790 457225 815427 1168023 536876 385744 805178 979037 485143 584040 999999999 404530 701376 761367 625939 849214 981995 191367 749750 959791 1130482 664824 359136 968070 946086 669180 597013 270094 287607 777590 96028 578239 415972 725144 977294 1048721 688923 177861 873171 35484 984980 1108186 331175 878612 150057 974703 837649 696674 630245 423853 481710 583451 865683 634536 353489 787245 390181 357603 728418 370857 925348 780546 976523 457270 1020236 815188 928703 343600 645605 898452 475544 436559 77276 398478 924939 427874 543926 618151 837689 677350 418049 607055 576094 444562 490006 406744 801065 488142 732524 458964 1069538 215269 734605 655360 715048 170042 927367 863582 790193
833481 787183 513447 636999 1018129 203151 675984 989935 833139 653276 584380 404530 999999999 324404 884150 695541 468643 814771 521168 807756 949498 999089 472639 274500 834771 782748 301763 487650 171362 119597 910132 391067 288228 18119 690617 682877 850859 310699 256927 567037 397162 700374 998825 538357 632997 376076 693720 666939 354616 838386 419781 665901 409815 516307 438155 86283 835364 232920 617144 540216 483637 670915 574580 650630 352993 845617 440983 827026 536746 813936 913985 336305 597836 450907 649481 669260 547025 544882 331677 541646 549986 667386 472480 597840 88261 323225 380007 621174 100360 858417 370703 984750 213429 380274 780471 468640 237047 558068 634480 869674
663580 664519 606773 481514 829961 172750 875673 1075513 670069 780054 609185 701376 324404 999999999 936118 742512 147931 635052 768405 822368 886550 828337 362245 417157 682795 611624 39461 456127 432569 437821 965843 660223 192996 307442 655184 401467 638579 13844 528656 288672 702060 426142 846748 718558 408103 625724 423581 511746 94184 959676 513867 800469 356483 200972 341567 349255 837276 359962 808532 404837 626697 429931 407873 345028 409634 654871 116764 704505 709413 910303 877187 373932 733878 729596 829589 427281 670987 584400 193877 279639 473986 843200 423798 635148 259026 344828 481358 468448 224717 916579 428259 855025 487351 80303 851064 294559 547017 233674 426810 890569
598028 478614 370870 585561 696614 806200 438082 161222 580045 276271 327078 761367 884150 936118 999999999 195387 1027499 622207 591455 138940 323942 638019 596381 609717 551155 598820 898832 482643 739391 849606 30274 670957 746186 877796 321316 878781 715998 933514 712545 852315 796242 861298 584117 430192 731431 628835 847980 576461 856023 200763 465191 282039 580450 948030 605157 799504 154550 656360 424457 590502 419331 768483 628499 951398 549940 655337 987555 475112 418252 133663 247546 579735 326262 694823 388211 770828 352423 355624 742863 815852 490185 373067 516920 302587 833070 605388 505124 585303 878321 28845 530043 516488 733129 896650 108420 688473 811634 1039205 693953 91492
501138 380485 188498 434047 641886 610828 385401 335888 485481 183086 133918 625939 695541 742512 195387 999999999 838937 516476 483292 124633 342089 589396 412843 421536 461169 486181 704849 293307 559613 670795 224375 530691 551629 688135 182965 720993 608589 739505 546156 679689 658842 707586 547720 308953 574046 481291 694130 432758 664518 264527 275965 204495 388485 766091 417462 612323 161387 464954 343120 418043 258281 615983 462982 784137 355304 554451 798519 393323 292500 190830 274641 384515 205142 569639 320280 617883 198078 160239 550021 641418 314717 313877 328348 107540 640531 410014 315583 430007 684733 174214 335483 491390 560538 706059 113993 506682 647076 856954 538483 176623
667671 695068 723019 510498 813991 316879 1009099 1174796 677816 898424 705281 849214 468643 147931 1027499 838937 999999999 635061 911361 904341 934466 823067 432872 554219 696156 618696 181139 545802 580084 584172 1057690 806478 314073 452265 726392 339852 616692 160729 675904 250626 849983 369713 851500 850782 399871 770360 371819 537465 181465 1072219 635488 920287 451952 122639 422372 497157 913939 498820 941270 455643 753846 405161 440326 256719 530776 646478 41100 732564 840323 1016654 936829 494425 855908 876329 959567 401995 792153 686742 297754 263260 543905 971980 511020 733736 406758 465152 606716 500632 370354 1010611 547806 871648 634932 137011 951111 345685 694610 98142 429012 972370
35618 143606 567680 178521 203509 625421 879221 781539 51993 683839 447503 981995 814771 635052 622207 516476 635061 999999999 911804 485914 372646 193382 344490 636463 81072 35950 616311 384982 778971 867033 648268 892928 533406 798553 333716 337888 94005 642106 829505 386432 1005080 309160 216446 755308 235272 837277 299048 150127 542955 773339 563040 708489 418419 515829 379346 766394 468182 630496 822620 275612 656000 236192 241899 435538 529996 39769 608399 153641 737472 693615 415107 520932 680835 956202 812276 239491 635962 473183 494892 372381 304645 811559 377460 472507 727879 517457 575524 194384 741569 622430 525014 244070 815094 558770 610153 356078 914157 591108 209407 534493
910056 805933 347927 762295 1081255 595728 194378 619728 899241 318680 476599 191367 521168 768405 591455 483292 911361 911804 999999999 601602 825215 1037038 634878 363279 883251 876228 731538 538538 354457 420865 604365 136608 608863 527391 615797 972844 989502 757802 264374 881696 226084 974467 1006228 174422 853608 146645 962693 778981 740314 444143 356330 309627 557815 902128 611018 448189 640352 414416 171737 688603 257022 901789 743872 991422 429660 951401 873257 832380 191335 467943 757328 459176 279699 114619 212084 902066 293405 442995 640842 842860 615134 230986 558733 460133 532382 482506 357731 749909 582803 562924 422907 959019 307748 782900 490027 705224 320778 976125 831260 632350
463250 342449 310521 447886 575520 705510 484116 300162 445611 288745 225490 749750 807756 822368 138940 124633 904341 485914 601602 999999999 232344 518728 471470 536194 417468 461352 786460 366336 679044 790200 167490 654773 637167 799142 185167 741147 579897 821026 669695 718812 782896 723121 469327 428342 594112 605785 709842 437929 738068 300246 391660 305332 466333 819138 484246 726446 38927 575143 451367 458740 382914 630332 493713 815706 459127 520144 865158 342418 412674 219641 158359 484191 321907 691925 422995 632726 322012 263098 628540 683300 361552 412961 398717 209925 747248 506803 430223 448274 788710 136525 440000 405824 682660 776914 141904 561106 770684 910190 556434 68288
339698 250684 504187 426261 386256 807979 716362 460968 321502 519058 385388 959791 949498 886550 323942 342089 934466 372646 825215 232344 999999999 326404 525962 695485 291647 363712 856222 464598 847486 955763 340045 863786 724537 937705 259305 693581 457192 888817 857131 708764 991232 668362 267963 650799 560550 811448 656503 402482 793951 518522 562885 536834 556061 829026 551471 876301 194591 720874 681663 483461 588979 581986 494258 784414 598891 394403 899706 223070 634096 441166 77379 613194 547053 908094 654646 585048 535814 428000 702400 681479 418375 645080 486196 386505 876190 627886 596018 434668 909125 338412 582986 197946 862031 824902 371135 595537 956904 915553 523796 235963
167579 233760 689434 363651 59864 814619 972887 784621 166036 770734 560457 1130482 999089 828337 638019 589396 823067 193382 1037038 518728 326404 999999999 526450 800658 166654 219876 809666 542184 949048 1043163 658320 1037627 722482 983425 423472 507295 215034 835465 989925 572672 1156497 476419 61406 869711 425374 981859 468827 333016 736337 818966 706631 793305 594054 702041 560983 945489 489071 802501 924307 459351 780831 418684 432146 606770 692965 176605 798256 204658 851729 738349 395128 689798 780801 1095864 906569 421919 747417 595033 685405 562289 464596 901948 542877 578542 913407 690737 726285 379246 930052 646903 684656 130623 980422 751712 658646 547799 1080083 772140 402033 546614
361272 321787 339052 165981 546885 294712 663125 747530 360518 507031 282358 664824 472639 362245 596381 412843 432872 344490 634878 471470 525962 526450 999999999 306836 362636 311282 330581 124706 439027 522979 626646 584045 204661 457023 295529 344437 393102 363657 499551 275217 683392 342085 527879 511599 218880 530821 329757 194998 271908 662459 283289 531561 81382 353268 34859 421905 481713 290565 596691 69094 403564 267001 116129 385232 209778 377788 393816 362492 496161 598474 514998 189403 477411 653021 601880 267220 416092 274086 177155 235238 112606 608876 90727 312819 387261 178719 277151 150130 407049 580898 212945 519840 479492 307721 526671 94150 576771 444212 199408 539506
645984 571694 239304 463354 831418 247217 458976 719602 640680 389851 316744 359136 274500 417157 609717 421536 554219 636463 363279 536194 695485 800658 306836 999999999 634375 601067 378491 258795 153257 260287 635882 284085 245978 268200 437479 622626 696151 408221 193730 524046 376654 628376 787866 303274 519491 235104 617661 488058 378742 576029 145570 405848 225589 538869 275717 190801 565590 58407 392379 372336 222469 566333 422933 631870 107694 673160 514870 608281 295738 544222 652134 117702 336875 355363 415896 565969 280010 275399 277729 486509 336328 430861 259511 326758 229763 130948 106143 448316 279470 584141 117527 760941 179782 422157 506647 357264 279434 614062 504781 596611
48825 81012 535617 204738 200021 654313 834985 708834 30279 635667 409447 968070 834771 682795 551155 461169 696156 81072 883251 417468 291647 166654 362636 634375 999999999 79780 660582 376281 782419 876702 576183 876255 562440 819403 282033 413755 168709 688628 824392 451714 993262 386053 166485 720359 298440 820409 375277 173666 589106 711083 544627 659622 428000 579811 396786 779540 396608 635866 781746 297202 626229 307425 276982 509762 526687 105966 666961 76427 702362 630573 336087 523149 638401 936356 768016 310688 598833 440376 527459 433079 298125 765608 376247 431155 749868 524228 562345 219584 768664 553382 518796 175492 814157 609528 547553 393412 913806 658990 267185 461844
52418 122210 532595 145758 235620 595366 845618 759015 59246 651248 413413 946086 782748 611624 598820 486181 618696 35950 876228 461352 363712 219876 311282 601067 79780 999999999 591395 349077 744200 833148 625537 856979 503239 766702 303215 334764 122441 618158 793967 372737 969232 307606 235470 720389 219673 801327 296516 116316 518706 745028 527120 676027 384030 501310 346127 733008 445674 595851 788474 242752 620623 227667 212331 430213 494439 75191 590457 140855 702584 665767 400350 485829 647081 920267 778728 230926 601421 438311 465660 355437 268738 778345 341886 438917 696220 482865 539588 161599 711169 597779 489282 253881 779886 536623 582292 327951 879041 579606 189978 512495
643650 638600 567523 457495 813872 136019 836723 1037283 649237 740666 571779 669180 301763 39461 898832 704849 181139 616311 731538 786460 856222 809666 330581 378491 660582 591395 999999999 420128 399511 411553 928475 625343 154227 284224 621374 402061 625213 34685 495019 286654 671087 424783 825649 679449 394395 589646 421006 488132 74444 920491 474448 761041 320168 215204 308087 319076 802124 321587 769495 376878 587279 420048 384096 354471 370279 638008 146010 678898 670196 871541 844744 334638 694423 695213 790337 417585 631549 546311 158240 272259 441337 803882 388384 597395 230369 305579 441898 443854 201406 879003 388961 831222 454414 81190 812901 268776 517875 260140 410081 854581
390857 313092 219290 224039 574650 347654 546424 629185 384184 383195 160273 597013 487650 456127 482643 293307 545802 384982 538538 366336 464598 542184 124706 258795 376281 349077 420128 999999999 409409 509451 512709 508454 272279 474948 209940 462494 454624 454690 448172 399671 620320 456641 529301 400077 326170 452989 443723 242750 373554 538181 182590 407932 100117 474947 124331 419712 382771 267357 481454 155968 292838 373760 211064 509113 151300 423305 505523 350270 383616 475610 437615 154181 356053 573058 483367 374637 296459 149381 262256 359814 80338 489088 35250 189916 411877 164449 190779 211390 444738 464988 142517 504891 438410 414013 406211 218236 538059 565303 298565 434485
791026 722392 371565 602394 977302 266806 504627 833252 786923 492897 465564 270094 171362 432569 739391 559613 580084 778971 354457 679044 847486 949048 439027 153257 782419 744200 399511 409409 999999999 111209 763511 231610 314339 174858 590230 721336 832128 420441 96658 612508 274885 732237 938563 369357 637993 207934 723020 629101 427323 675534 288739 503266 361016 596607 405160 93740 710505 148700 446209 507482 325489 682324 553595 712149 258459 814318 545452 759656 369027 657587 801924 259358 436721 298504 479269 681437 391557 423343 356596 579216 484673 497482 406173 472310 180813 261690 252497 586842 229545 712342 270252 913341 54914 464648 632691 469409 139188 657275 629222 736208
881723 820608 482654 688761 1068135 295363 590314 939750 879007 598561 575589 287607 119597 437821 849606 670795 584172 867033 420865 790200 955763 1043163 522979 260287 876702 833148 411553 509451 111209 999999999 873355 285903 366333 133685 697503 773711 913410 424385 161274 660041 278280 788300 1036135 467021 707055 281840 780396 716989 456126 778647 399490 607348 449647 622790 488231 105210 821503 242292 536992 592072 433441 748619 633745 751059 360905 900765 554528 858864 468903 764668 911744 355930 542272 339622 572752 747342 500090 533577 410766 630815 581347 591738 502195 583090 182201 352488 362606 672956 213873 822362 374696 1014315 124408 486684 742509 538400 118282 670900 703071 847399
623428 504782 396686 614899 717288 834944 444571 133502 605325 292844 356697 777590 910132 965843 30274 224375 1057690 648268 604365 167490 340045 658320 626646 635882 576183 625537 928475 512709 763511 873355 999999999 688361 775661 904069 350911 908162 741889 963154 734184 882391 812658 890452 603369 446746 760899 647619 877153 605390 886018 196829 491879 296347 610352 978299 635335 825191 180086 683304 435421 620659 441617 797645 658418 981233 578114 680852 1017723 499930 435608 139129 264997 608285 344740 709699 397955 800014 374583 384558 772691 845993 520432 381892 547039 331795 860252 634164 531794 614828 905878 51757 558191 534980 755854 926723 130846 718747 832691 1069474 723356 114436
896530 803867 361293 729519 1076275 489841 321488 723435 888116 395531 488511 96028 391067 660223 670957 530691 806478 892928 136608 654773 863786 1037627 584045 284085 876255 856979 625343 508454 231610 285903 688361 999999999 518393 398906 629799 906701 962252 648651 135933 806827 128151 912313 1014161 241961 800744 55848 901484 750550 643917 550200 331645 394243 503111 810822 555380 324088 692066 324038 281789 645383 274900 848156 698709 913179 374496 931557 770213 835100 252797 559167 802702 396453 344912 71856 322016 847959 332762 448722 555409 769870 588608 341886 520883 480164 412418 414061 317682 715561 460807 642127 373942 974565 179936 684339 563998 641016 184399 878471 783448 696558
555121 526162 414425 358999 736716 92140 695505 883239 556919 588564 419191 578239 288228 192996 746186 551629 314073 533406 608863 637167 724537 722482 204661 245978 562440 503239 154227 272279 314339 366333 775661 518393 999999999 270866 479270 409145 563758 188623 400461 298378 587274 422406 728768 537019 345043 475028 414229 389878 134123 767003 323210 609536 172678 293698 174567 261308 654910 195651 627545 265533 439933 384215 291512 398522 218391 562021 273535 566905 526330 717342 705879 182232 543855 590160 645494 382733 480448 392518 44479 266263 306205 657966 243158 444094 199972 152903 292967 343580 208204 725843 236417 723868 366515 178439 658942 181036 449886 368267 346459 704953
817573 772654 507494 620983 1001974 185212 678677 985825 817430 650492 575113 415972 18119 307442 877796 688135 452265 798553 527391 799142 937705 983425 457023 268200 819403 766702 284224 474948 174858 133685 904069 398906 270866 999999999 679119 664771 833881 293781 263809 548921 409764 682307 983755 538756 615452 381588 675679 651031 336566 836043 412838 663713 395426 498575 422653 84885 826214 224005 618901 524330 480765 653179 558049 632612 342726 829159 424119 812610 536541 809931 903249 324679 595356 460200 650513 651508 543357 536082 314154 523578 536050 668174 458944 589324 71092 310521 372949 605176 82942 852323 360808 970422 219926 362479 774794 451488 249890 541112 617243 861603
319646 201047 271052 264650 471527 557426 553442 481293 304671 353634 141586 725144 690617 655184 321316 182965 726392 333716 615797 185167 259305 423472 295529 437479 282033 303215 621374 209940 590230 697503 350911 629799 479270 679119 999999999 557634 425627 655371 606543 533854 754247 540775 390435 446544 410172 575091 527402 257746 566817 443891 310868 377636 306932 636572 313617 616996 188376 461574 501947 275196 362116 448008 308566 630655 339592 371979 688124 220121 428595 366096 227678 354440 358291 682426 486564 450262 324267 181284 463559 498722 183044 483718 236210 155732 618822 370387 340981 264003 653758 312889 323838 345432 607853 603249 283220 381014 704684 727367 372805 250573
373432 443217 681400 293276 488091 481100 1007199 1038913 388239 843476 604642 977294 682877 401467 878781 720993 339852 337888 972844 741147 693581 507295 344437 622626 413755 334764 402061 462494 721336 773711 908162 906701 409145 664771 557634 999999999 292739 413282 801727 116489 989960 31335 546346 855976 147648 856983 38957 305233 333758 983401 626882 868564 416106 219169 363396 669398 736808 587128 941017 309673 747967 112920 259196 99478 543184 336391 327038 471736 840595 911823 719399 514607 818533 977950 945231 110122 758636 607220 365501 142990 410934 951445 432076 635694 597846 493731 616979 293799 587412 870307 550704 581649 771564 322982 832563 267723 858486 270696 184835 803008
119972 237506 649467 233372 197498 654009 966098 875056 138513 773005 533451 1048721 850859 638579 715998 608589 616692 94005 989502 579897 457192 215034 393102 696151 168709 122441 625213 454624 832128 913410 741889 962252 563758 833881 425627 292739 999999999 647298 889868 366573 1069995 261695 258654 837616 230850 907068 254587 211884 550773 866758 636281 797875 472226 494376 427106 810242 561826 683628 907940 324927 735787 212504 279698 392142 592311 63021 595042 244529 819954 787208 504702 578745 767431 1027606 899330 215543 720074 556254 522039 362315 375466 899414 441722 559742 762789 571278 644859 248032 770489 716407 589759 304706 871920 559303 703729 382722 969705 560018 218779 627945
670236 668853 601221 486569 837923 162578 867031 1071807 676407 773957 606458 688923 310699 13844 933514 739505 160729 642106 757802 821026 888817 835465 363657 408221 688628 618158 34685 454690 420441 424385 963154 648651 188623 293781 655371 413282 647298 999999999 516670 299869 689315 437609 853031 710233 416597 614706 434805 516977 99542 954278 507637 794132 354771 214431 341894 336464 836530 350725 800052 408153 619358 439483 412977 358124 403758 662545 130350 708983 701333 905798 878259 368296 727261 717818 821585 436879 664578 580894 192639 289634 474872 835392 422818 632041 246036 339347 474565 473264 211116 913666 422590 860278 475163 90940 847452 298731 533950 247369 434410 889162
838043 758533 359623 657066 1022702 361007 429040 790396 832071 449812 471808 177861 256927 528656 712545 546156 675904 829505 264374 669695 857131 989925 499551 193730 824392 793967 495019 448172 96658 161274 734184 135933 400461 263809 606543 801727 889868 516670 999999999 696192 188238 810482 973909 310115 708439 121174 800558 681574 519465 624774 295715 455867 418655 688225 467507 188209 704041 215448 376356 565791 293452 754353 615654 798870 299530 866491 640757 793575 313901 617411 804599 311212 394016 201852 412837 753754 360162 429272 440712 661224 527371 432063 452084 472203 277168 321422 267429 642045 325019 684423 305755 942458 44055 558078 604211 542360 101001 751504 695933 721227
419939 461071 612581 284258 563607 366056 932327 1009050 431257 782188 553876 873171 567037 288672 852315 679689 250626 386432 881696 718812 708764 572672 275217 524046 451714 372737 286654 399671 612508 660041 882391 806827 298378 548921 533854 116489 366573 299869 696192 999999999 884023 138143 602673 777130 153300 759131 134937 306320 217374 935456 546830 806644 334440 129538 285114 556371 720601 483872 864877 262461 670182 154559 225766 111503 454682 396162 228747 495815 762835 868723 722362 423005 751299 878544 873100 151408 689090 548864 256022 40310 365172 881189 365940 584847 482638 399209 531564 278477 471086 840300 464953 626619 664026 208985 793467 184752 748173 208179 186869 784316
1010909 923003 487802 836625 1193041 540869 420378 840661 1003500 520084 613557 35484 397162 702060 796242 658842 849983 1005080 226084 782896 991232 1156497 683392 376654 993262 969232 671087 620320 274885 278280 812658 128151 587274 409764 754247 989960 1069995 689315 188238 884023 999999999 998655 1135392 366079 895138 179955 988671 859565 702109 665715 450211 516918 602054 871436 652339 352857 820215 403455 393026 748073 402689 941437 799417 985773 477735 1043016 816969 955552 378242 680939 930683 494016 471076 111541 433902 940917 460893 572965 628235 849316 700606 453455 628844 606574 443619 506851 431036 822036 484917 767396 480637 1097926 221079 738848 690017 729999 160135 930441 881353 824140
344764 418598 675929 276177 456801 497738 1002752 1021886 359961 835142 594286 984980 700374 426142 861298 707586 369713 309160 974467 723121 668362 476419 342085 628376 386053 307606 424783 456641 732237 788300 890452 912313 422406 682307 540775 31335 261695 437609 810482 138143 998655 999999999 516094 853222 133996 861737 13457 285580 354843 970982 625360 860348 416699 248313 363560 683539 717451 595253 937131 301788 745170 92816 249116 130454 545173 306341 355653 445876 837507 898295 696260 517969 812073 983221 940003 90514 753094 598978 378256 158729 400887 945599 427534 625191 614453 498399 617419 278182 606215 853665 551625 552481 781554 346865 818226 271391 870169 301913 169161 783989
184423 216210 660317 371147 120244 820551 932853 727980 176690 730379 530564 1108186 998825 846748 584117 547720 851500 216446 1006228 469327 267963 61406 527879 787866 166485 235470 825649 529301 938563 1036135 603369 1014161 728768 983755 390435 546346 258654 853031 973909 602673 1135392 516094 999999999 836403 451666 958653 507470 340066 753503 768935 685327 752209 590103 732148 561655 941060 437893 794136 886791 463345 751730 450918 442942 645536 680581 210093 824560 180382 818515 688719 338890 680615 743919 1070069 867113 454208 714291 567383 693944 588686 454816 861479 533948 546146 914680 684151 707770 386059 934557 594355 670711 70345 967045 772078 610510 559438 1066557 806133 424552 493051
750406 641367 188156 618145 916046 550324 158620 485002 738365 154011 310938 331175 538357 718558 430192 308953 850782 755308 174422 428342 650799 869711 511599 303274 720359 720389 679449 400077 369357 467021 446746 241961 537019 538756 446544 855976 837616 710233 310115 777130 366079 853222 836403 999999999 725313 205491 840663 631078 670960 315536 230343 152502 442961 819456 494053 453875 466930 361635 90532 555649 108057 773220 610994 888612 327214 795076 810456 665446 18010 317550 583246 362387 107267 266308 113360 773958 122301 282127 559646 737017 470187 129882 426359 291172 520444 390416 248742 607335 572269 401348 314015 787193 342643 715413 324516 593562 400410 901540 698615 462530
267847 310746 545098 146436 422541 431790 872509 891392 278468 701893 460401 878612 632997 408103 731431 574046 399871 235272 853608 594112 560550 425374 218880 519491 298440 219673 394395 326170 637993 707055 760899 800744 345043 615452 410172 147648 230850 416597 708439 153300 895138 133996 451666 725313 999999999 748284 120595 161645 319951 837143 500178 727147 298215 281647 245459 602044 590810 493885 807611 170251 617480 48208 116031 226093 427777 249291 373292 344027 709174 764839 579815 404324 680102 870452 809017 48698 622042 465967 301321 137180 267233 814025 299018 491270 544825 388613 495940 146210 547147 722721 431759 473497 683694 329332 685204 169097 777178 361060 38098 656639
840734 748099 307847 674546 1020430 453631 309312 690466 832284 355889 434044 150057 376076 625724 628835 481291 770360 837277 146645 605785 811448 981859 530821 235104 820409 801327 589646 452989 207934 281840 647619 55848 475028 381588 575091 856983 907068 614706 121174 759131 179955 861737 958653 205491 748284 999999999 850699 695288 603404 519862 275798 357349 450222 768538 502826 301631 642593 279444 260212 591301 223656 795895 644962 866617 321052 875958 733090 779462 213568 522154 751624 344462 302884 122207 298538 795778 284348 393870 510328 721598 533073 318209 465987 426630 385923 363402 262281 660700 436198 600109 319654 919530 163064 644893 520994 590350 197651 838935 730195 649917
334612 406504 663012 262786 450627 490838 989933 1008540 349539 821914 580931 974703 693720 423581 847980 694130 371819 299048 962693 709842 656503 468827 329757 617661 375277 296516 421006 443723 723020 780396 877153 901484 414229 675679 527402 38957 254587 434805 800558 134937 988671 13457 507470 840663 120595 850699 999999999 272410 350260 957537 613045 847128 404880 249773 351695 675502 704310 585220 924395 288701 732619 79511 235854 138140 533581 297477 356346 434229 824897 884839 683789 506704 799026 972291 927089 77159 740159 585777 369949 152457 387575 932611 414803 611827 607454 487468 605474 264737 600213 840291 539801 542734 772023 343911 804773 260468 861174 306813 155706 770811
166545 157605 443359 31081 351889 481957 766108 737396 167126 580420 336067 837649 666939 511746 576461 432758 537465 150127 778981 437929 402482 333016 194998 488058 173666 116316 488132 242750 629101 716989 605390 750550 389878 651031 257746 305233 211884 516977 681574 306320 859565 285580 340066 631078 161645 695288 272410 999999999 417676 697201 424670 605730 268342 427671 229833 616695 431911 480534 705303 126724 527181 193035 104045 387732 382554 185366 505211 195555 613690 621434 418413 371726 568141 815727 700080 195585 516610 352914 354037 279552 163978 702029 230725 364961 580744 367478 433034 46300 597108 569875 378940 343308 665970 440735 539502 220049 764786 513225 123703 498409
570830 570362 541946 387382 739771 162548 829501 999641 576894 717224 530609 696674 354616 94184 856023 664518 181465 542955 740314 738068 793951 736337 271908 378742 589106 518706 74444 373554 427323 456126 886018 643917 134123 336566 566817 333758 550773 99542 519465 217374 702109 354843 753503 670960 319951 603404 350260 417676 999999999 892232 454032 738953 276036 169358 254187 356755 751126 325904 761493 311330 572809 346041 313749 296150 349355 564050 140495 610327 660064 838469 786565 313007 674448 715183 778895 343627 610704 509332 116896 199630 384384 791033 339865 558029 274448 283763 425610 374271 256205 837727 366341 760979 481720 44595 775293 200525 554885 235840 335992 806357
754512 632544 353114 698444 875705 807249 263420 175597 737708 186230 381647 630245 838386 959676 200763 264527 1072219 773339 444143 300246 518522 818966 662459 576029 711083 745028 920491 538181 675534 778647 196829 550200 767003 836043 443891 983401 866758 954278 624774 935456 665715 970982 768935 315536 837143 519862 957537 697201 892232 999999999 448639 172539 622530 1011917 660711 752188 331208 631417 273056 676891 355543 879830 724445 1042482 550816 809924 1031165 638153 310876 80880 441159 586003 240698 556561 232291 881658 296317 389556 775341 896210 573714 213166 573121 350624 805516 614939 485019 694071 855498 181108 531753 704056 654992 935900 163543 756363 715900 1101448 802104 282751
565351 472965 97965 406627 744647 358664 386162 581241 556617 266352 178000 423853 419781 513867 465191 275965 635488 563040 356330 391660 562885 706631 283289 145570 544627 527120 474448 182590 288739 399490 491879 331645 323210 412838 310868 626882 636281 507637 295715 546830 450211 625360 685327 230343 500178 275798 613045 424670 454032 448639 999999999 286615 212630 593698 264035 336364 422166 191588 318356 332950 123668 548360 388404 658324 104866 602089 594523 505358 216058 407849 514049 141172 220669 393248 329486 548852 157269 135405 338717 506694 260816 339787 202728 183602 368850 170519 39933 393913 415744 440128 87863 649750 299206 498559 363844 363260 394448 678340 476085 451242
696734 578613 198141 600088 844975 642442 181258 334685 682141 25370 270005 481710 665901 800469 282039 204495 920287 708489 309627 305332 536834 793305 531561 405848 659622 676027 761041 407932 503266 607348 296347 394243 609536 663713 377636 868564 797875 794132 455867 806644 516918 860348 752209 152502 727147 357349 847128 605730 738953 172539 286615 999999999 479342 870220 523473 579732 344044 462264 147231 558996 183899 772972 611307 916760 391195 747534 879215 594861 143950 165048 463690 427304 68981 413360 117820 774327 129594 261415 622598 766517 460117 109578 440874 240773 634611 456641 320193 592509 685048 253410 373200 695503 484277 783286 181275 622868 549853 957616 695270 326267
432122 377385 281939 241379 618571 251984 597904 723794 429414 455837 254573 583451 409815 356483 580450 388485 451952 418419 557815 466333 556061 594054 81382 225589 428000 384030 320168 100117 361016 449647 610352 503111 172678 395426 306932 416106 472226 354771 418655 334440 602054 416699 590103 442961 298215 450222 404880 268342 276036 622530 212630 479342 999999999 391190 53235 351540 482828 212336 530440 147384 335769 346030 197370 445940 129595 453369 411190 417219 428473 564863 534088 108040 420226 572423 539158 346034 357025 234865 162675 294229 141654 547836 70754 282211 328268 99351 200908 225846 355554 561784 134927 574998 399694 317765 499619 150654 497696 479603 280465 534424
549127 584591 672304 402777 691785 331571 977706 1100635 560094 846909 634800 865683 516307 200972 948030 766091 122639 515829 902128 819138 829026 702041 353268 538869 579811 501310 215204 474947 596607 622790 978299 810822 293698 498575 636572 219169 494376 214431 688225 129538 871436 248313 732148 819456 281647 768538 249773 427671 169358 1011917 593698 870220 391190 999999999 351313 525240 824926 489311 909504 361467 716459 283501 336696 146094 492390 525604 108329 620710 807017 950556 837262 457073 809621 882379 923051 280296 745903 622416 262152 148319 458146 933459 439726 664806 440589 429303 570796 394663 416101 933472 506685 755071 650913 136279 879858 259817 723832 91175 313179 886257
396038 353944 327834 200834 581722 263030 647874 753263 395117 499423 284601 634536 438155 341567 605157 417462 422372 379346 611018 484246 551471 560983 34859 275717 396786 346127 308087 124331 405160 488231 635335 555380 174567 422653 313617 363396 427106 341894 467507 285114 652339 363560 561655 494053 245459 502826 351695 229833 254187 660711 264035 523473 53235 351313 999999999 387050 496945 256964 580748 103873 386418 293125 148705 396396 182661 412563 382406 394541 479212 599562 536847 159190 466573 624994 588089 293071 404082 271158 151341 244804 133716 596075 89147 314103 353118 146116 253894 184980 374059 588307 188113 552222 446427 292692 530526 100366 543247 441334 229079 552517
782359 726746 428637 587883 968473 194374 594655 903796 780435 567003 504816 353489 86283 349255 799504 612323 497157 766394 448189 726446 876301 945489 421905 190801 779540 733008 319076 419712 93740 105210 825191 324088 261308 84885 616996 669398 810242 336464 188209 556371 352857 683539 941060 453875 602044 301631 675502 616695 356755 752188 336364 579732 351540 525240 387050 999999999 755098 155455 534353 490860 397355 643442 530831 649601 277428 799361 464596 765788 451683 727779 837531 265740 511599 389162 565714 642154 460814 464401 305699 526425 487522 583327 408623 516655 91076 257586 296897 572028 136882 773523 293843 922572 144400 390144 695237 433573 199085 579109 598616 787338
