NAME : synthetic_000111
TYPE : CTSP-D
DIMENSION : 100
GROUPS : 8
RELAXATION_LEVEL : 1
EDGE_WEIGHT_TYPE : EXPLICIT
EDGE_WEIGHT_FORMAT : FULL_MATRIX
EDGE_WEIGHT_SECTION
999999999 706479 302417 882524 457573 302013 651539 162224 278319 618098 720075 31033 367159 758652 380929 452689 677046 225068 472026 201286 690143 655673 696379 29353 236615 546999 597227 424920 256199 712913 399788 500271 384512 122912 193885 671703 823223 732388 751819 409200 96213 588160 369076 274145 186672 668727 178156 266721 304056 1037873 586673 309596 452634 714834 493796 828018 171602 946561 813210 524763 370207 132644 390034 662001 134769 983114 207148 180872 192458 254551 428048 920349 239736 968840 616723 793221 1032373 650413 846643 190778 384208 575282 501374 621035 186829 767145 762021 355150 59380 229374 486234 385420 512910 282620 883539 631686 656930 796467 97195 237910
706479 999999999 839174 252894 510397 462196 395124 617057 894615 759380 288727 715870 451683 180743 350057 378771 337970 753412 451636 661948 1014116 451359 465398 701268 576678 165618 256235 367635 583395 358501 471761 242143 672530 753797 512602 835960 117371 242832 61981 400286 616183 292416 531992 488070 597373 203955 748279 839692 506508 519867 398880 716873 425792 308393 372365 222082 670413 353127 693937 570252 343565 744861 343905 192429 704653 449799 501940 676810 739864 717196 302081 454093 521718 528853 141589 512022 607129 585147 224249 738686 744808 401781 311208 538273 596134 385677 165888 535474 674819 686822 678364 394772 537634 606857 253793 613697 323984 528158 792085 617554
302417 839174 999999999 943920 399333 377918 627339 246734 526200 412795 939461 271389 394186 825721 592131 698078 912274 520670 739337 503152 399905 605051 640062 276540 525103 674926 812617 479198 255788 704712 391094 598703 228391 179733 399207 440034 953511 938256 896008 448724 311898 814263 330346 533257 476571 727440 472298 540800 577088 1020839 566051 138381 451403 939740 510071 888750 473800 979541 668966 417842 507788 424775 496391 858413 435993 981549 388963 177756 122878 122027 537681 900033 507188 927761 793154 725084 974178 535026 1025658 124670 169621 830219 727987 527986 257875 750549 941300 639520 267871 531765 315429 446653 426464 235254 944824 500963 664865 721748 340258 535262
882524 252894 943920 999999999 557128 595589 353410 760587 1104858 746337 525459 884807 554952 123985 572106 624434 583570 970474 701170 878517 1020690 402761 393368 870713 797105 353114 509046 474360 700378 278975 552827 382411 738395 901399 694751 814301 217660 474672 268148 500865 786826 545239 613915 707297 808750 219070 957750 1055640 735261 278177 396748 808374 492842 546894 433882 55658 881752 102478 591631 582671 515045 946124 492740 441045 908734 210147 676641 807494 867203 825683 454596 246925 736853 317511 393845 389511 389349 541624 393465 866445 813594 654610 559672 506788 735555 266399 380615 773944 839714 907622 707670 512390 556666 711109 1032 580478 291940 406234 975941 839899
457573 510397 399333 557128 999999999 194681 228095 296202 733672 269268 704818 443008 125074 446993 426881 553698 707293 645230 629259 573098 504725 211200 249667 433093 531041 369733 591455 165658 204087 305489 76507 282088 181620 414277 350773 346873 611353 683688 572215 138652 374717 609868 89034 472946 505982 351080 609039 710893 526384 623676 167180 260954 87007 713778 138358 503633 557096 583038 364817 87525 283458 574254 238409 601689 553740 582401 322310 307762 352952 292528 259796 502590 474501 536114 520878 343053 590342 198063 727119 352885 256617 675363 543118 163819 270822 351513 651403 597146 399143 610535 168156 167323 61238 190452 557955 189978 268987 343888 551630 567413
302013 462196 377918 595589 194681 999999999 352106 164999 563973 440392 581450 297328 73922 472243 257021 382707 567537 460846 450508 383155 626060 362830 403563 284278 336645 297257 457411 124433 122946 411021 119669 225112 252437 305844 158122 513508 577690 572594 518275 107312 207615 467177 131354 279717 313818 377159 429117 532837 333553 735922 288453 264829 157546 585505 192242 540069 369920 650991 556903 280301 135308 400055 118542 490558 373586 681892 129689 216673 279150 256443 160137 618374 279860 668005 419736 500690 733428 390192 649751 278091 310895 512520 388315 350444 140240 465424 566218 404971 250957 420374 311933 84824 255894 153099 596572 384647 354977 505984 399160 373830
651539 395124 627339 353410 228095 352106 999999999 499040 915807 394407 655667 643098 284414 266027 485778 596078 681599 806595 680501 722726 667588 56649 75999 631155 660647 320529 569711 239976 415865 79621 257171 259350 405411 630124 500399 465039 466262 620057 453562 245936 559016 598513 306643 582571 650173 193083 778419 882347 629566 397320 65516 488983 199531 670690 161564 305649 714043 361598 302863 232456 355806 751569 308946 547457 723273 354310 473830 525254 576034 519405 296667 276384 597522 317810 466321 159689 381348 196568 618154 575773 478449 690489 558965 155656 472309 123566 558829 692118 596982 758655 358682 275350 210295 411841 354074 231656 72540 170021 748582 702452
162224 617057 246734 760587 296202 164999 499040 999999999 440233 467377 693677 146917 217024 637215 345561 452621 665541 368934 498898 315361 580408 498444 538851 136927 307391 451570 566792 287937 94021 565257 242933 386978 235822 140887 154373 527311 733994 694385 669939 265820 95488 567660 207350 295092 265157 542075 326809 423884 343683 891868 433575 183998 299669 693454 347067 705062 291756 814675 651249 362660 274739 286562 276097 615840 274204 840751 142260 68996 128817 143120 317892 772459 274495 816774 554771 635058 877537 488189 788736 127304 255556 585397 481264 459235 26748 618285 703642 411543 103179 351102 332754 248871 350781 123434 761570 469842 512527 637498 255432 329913
278319 894615 526200 1104858 733672 563973 915807 440233 999999999 890472 821502 298784 634589 983919 544602 555207 760623 145782 529384 233759 925912 925570 966397 305502 320163 753295 717827 679719 534250 970661 671800 728823 658231 365978 420882 938879 1004927 849600 927613 669954 360225 695984 645917 406865 297804 903196 147244 66101 397335 1289754 852426 575101 720345 809314 754811 1053098 224476 1180544 1091454 802892 594923 164513 628076 797088 197358 1230563 445010 453850 447215 518431 659313 1175907 372923 1229708 777035 1063603 1296849 928148 984073 445924 647319 639178 621983 897474 464084 1025633 905608 399332 337698 215084 761262 641883 790214 560768 1105889 909971 911852 1067991 194862 282899
618098 759380 412795 746337 269268 440392 394407 467377 890472 999999999 972602 593549 384195 658355 690396 817658 976522 835768 889613 780696 275832 343599 357705 589126 758114 632920 860608 434850 382502 467486 338572 546407 233641 527513 578227 78007 848596 949390 821139 407594 562239 879109 309060 715999 723286 574236 792267 884810 769966 716893 365731 317295 353946 982168 394412 699924 758488 739991 275859 191580 549665 749492 506582 868132 741013 699674 551796 437739 446901 373647 529051 606817 709689 607352 786364 404677 631261 208619 981775 447944 250770 942369 811188 239560 450652 489860 910361 841829 560632 817183 135421 434525 225048 345672 746946 167438 462634 394025 695833 788128
720075 288727 939461 525459 704818 581450 655667 693677 821502 972602 999999999 740303 606766 469457 349135 272862 73063 676554 294892 597352 1198934 708696 730556 726710 515276 344423 126886 539942 699127 634769 643970 427623 829999 806704 548235 1050584 316614 52230 257570 569864 651930 132100 692947 448762 555615 478530 690311 757491 434575 801591 641284 843804 618823 22231 580987 505357 617582 627929 958450 781952 446805 705482 477924 108327 663972 731994 552878 762206 822035 825064 447487 742444 485321 817264 190700 790045 895298 828708 189191 820444 892176 192622 218807 779467 681664 668546 149288 422256 711187 607849 866761 548767 748560 733546 526196 849588 590272 805408 781919 543997
31033 715870 271389 884807 443008 297328 643098 146917 298784 593549 740303 999999999 358987 760824 397654 475215 699183 254510 497902 232237 659981 644662 685194 14607 265001 554440 616390 421453 239621 706666 388714 503475 360357 91897 204614 645530 832994 750938 762860 403648 99857 608716 354054 297335 215044 669258 207068 291989 330007 1032598 577861 282323 443624 735754 487448 829929 202607 946093 794758 507016 376061 160674 392173 679025 165406 979195 214082 155832 162528 226636 431426 914217 264047 960852 630913 781631 1022957 633366 862308 160883 356620 599742 521502 605692 172908 760465 777377 383284 46419 260388 462908 381792 496773 262984 885815 613144 651848 784268 108787 268029
367159 451683 394186 554952 125074 73922 284414 217024 634589 384195 606766 358987 999999999 434071 306233 433496 601183 534336 506736 457077 592196 291004 331826 346858 409303 293040 487222 85333 145509 348379 48569 209627 226431 353764 231963 459866 563025 591815 511103 54670 275488 501732 86319 348240 387603 336275 501796 605296 401516 674918 219530 265898 85866 613318 130156 499344 443685 601682 483818 212381 166789 471374 128904 509016 446206 623883 203569 254121 312495 273202 161858 555769 351180 601977 432367 429038 665279 317394 654118 311793 295249 558798 429118 276805 190368 401744 573281 472133 312750 494291 263713 59334 185551 158932 555896 313897 295661 433743 464171 447137
758652 180743 825721 123985 446993 472243 266027 637215 983919 658355 469457 760824 434071 999999999 457706 522463 517239 851400 603002 759695 928319 321061 322766 746733 679799 236805 426761 352088 579098 205786 435263 258770 626382 778084 571540 730462 209458 422959 222032 379614 662898 462219 497091 590314 689053 98291 837054 936022 621362 348322 295944 691697 376734 489113 317320 69568 761705 200070 542734 482969 391980 824125 368783 371381 787260 278878 553020 685276 745554 706292 330874 273733 618498 348368 308405 348341 426861 462264 378710 744747 701637 570134 462037 421351 612369 217901 339563 664603 715734 789821 604893 389585 454288 591589 124993 497622 195765 365164 852290 722919
380929 350057 592131 572106 426881 257021 485778 345561 544602 690396 349135 397654 306233 457706 999999999 127264 320701 403684 203642 311997 882232 521980 557394 383510 227335 220924 222571 273247 362171 509309 352820 233026 508465 458623 199532 765718 461024 354557 384631 291525 304838 222133 385001 138101 247908 394549 398566 489904 163658 792626 440269 505613 354585 348066 345570 524216 320618 657774 758063 513762 144628 397826 193151 281374 356806 726680 203953 414426 473373 480927 190870 692420 171849 758557 239167 645020 834550 599826 465879 471757 561827 255504 136514 552625 335328 561109 381565 212530 364877 337981 566707 260121 483497 399848 573129 606393 448795 655797 455550 269173
452689 378771 698078 624434 553698 382707 596078 452621 555207 817658 272862 475215 433496 522463 127264 999999999 224435 409433 84913 326313 1005718 636709 670003 462311 242797 297244 162683 397183 481875 609552 479984 337046 632440 548899 298882 892917 473076 295397 394478 417344 394259 142324 511801 178657 282848 477683 419323 493139 162015 868614 556156 622824 479586 264754 465868 583112 345289 718706 878107 640315 270530 432779 317838 243518 391193 800158 311411 521278 576304 593156 309447 777758 214263 847636 241246 753143 925462 722795 429109 574583 682629 133257 70339 674872 446640 658297 352563 163247 450896 340145 693506 386587 609675 520719 625411 731167 551036 765107 509775 273739
677046 337970 912274 583570 707293 567537 681599 665541 760623 976522 73063 699183 601183 517239 320701 224435 999999999 616816 231328 541269 1191672 732398 757388 686093 462039 362603 116253 541672 680437 668559 641781 439354 819337 770584 515280 1054162 381081 121966 316021 569577 615439 100367 686265 403091 505152 514443 633673 695835 382263 856772 660574 824794 623278 53517 591227 559054 563292 685857 982696 788105 436178 652031 472991 145861 611047 786808 523356 734521 792388 801585 447505 790939 438571 865463 218024 823261 944068 845180 262226 790728 877721 123827 184338 795741 655995 706315 216623 361841 673323 548912 864301 545235 755100 716767 584363 862911 619904 837995 732861 487500
225068 753412 520670 970474 645230 460846 806595 368934 145782 835768 676554 254510 534336 851400 403684 409433 616816 999999999 386110 92061 914173 822726 863245 254156 176819 617504 572046 566929 458976 855106 576529 600846 602763 342490 306298 892990 862142 703992 784397 562095 275960 550370 561667 265613 162792 775076 48403 86290 252094 1167624 745616 533560 618150 664807 645163 919974 92823 1049942 1009446 722276 468863 95917 506868 651405 94768 1106120 333414 403138 417033 479218 534054 1056946 233854 1114543 632897 960001 1184627 843133 838301 415392 608352 496535 476280 807537 388041 910093 760010 254985 277630 69303 701578 531401 704846 492133 971505 830305 794895 966039 189955 137686
472026 451636 739337 701170 629259 450508 680501 498898 529384 889613 294892 497902 506736 603002 203642 84913 231328 386110 999999999 314392 1066059 720424 754148 486343 241460 381300 211661 476765 539982 694457 554256 421707 695098 579146 345175 963712 537838 329194 460284 495016 428649 180777 581431 206170 288941 561534 405437 464511 167981 950302 639521 676423 558220 281056 547633 661886 338722 797277 960258 716476 348231 427708 396753 295176 387984 881463 362805 565908 616484 641759 391503 861262 235074 931575 310794 837859 1009565 803233 470708 614701 740204 110719 141599 755778 496822 743095 401859 131782 480620 318919 762435 463255 686633 579774 702127 810022 635940 849726 514727 260705
201286 661948 503152 878517 573098 383155 722726 315361 233759 780696 597352 232237 457077 759695 311997 326313 541269 92061 314392 999999999 883953 741707 781895 226640 86462 525499 487885 482759 398690 768421 501467 510416 550990 324108 225446 842457 771423 621703 693956 480420 219905 468494 493217 173902 73061 684337 93037 178011 165314 1078185 663124 492491 538855 587080 561930 828162 30289 958482 937860 653625 379518 114631 419278 565457 78660 1016062 253631 361752 388611 441700 444716 968639 141795 1027501 543298 878075 1098585 770991 753159 386836 566735 424828 390837 733061 330146 823281 673453 183422 240191 37448 645360 448692 633737 435044 879547 761142 707825 884841 209095 53826
690143 1014116 399905 1020690 504725 626060 667588 580408 925912 275832 1198934 659981 592196 928319 882232 1005718 1191672 914173 1066059 883953 999999999 618459 633536 661768 887397 873105 1078862 662611 526098 742322 556260 785421 373793 572301 725524 219444 1110760 1182612 1076067 631143 670554 1091576 506155 870178 843330 840036 866252 939974 921353 986047 632706 396412 591146 1205447 641900 973106 856454 1015795 519041 447433 755505 819062 721091 1099905 824743 972871 704671 523689 497707 442984 752285 879488 853446 874326 1021185 676515 889648 484338 1231839 499401 326993 1137379 1014318 514322 575423 765692 1155569 990832 643980 916247 336717 650280 478572 486297 1021326 443270 733559 664635 739304 906924
655673 451359 605051 402761 211200 362830 56649 498444 925570 343599 708696 644662 291004 321061 521980 636709 732398 822726 720424 741707 618459 999999999 40828 633511 684299 370066 619325 262253 410462 123907 256024 302725 378722 623643 516953 412237 522712 674157 510048 261289 566001 647077 296867 610020 670025 249714 791927 895667 658973 415975 82044 467595 205430 723224 182453 357202 730905 401705 250326 195561 386017 762333 337385 600380 736411 380772 489411 517437 564119 502997 331167 295542 622091 325003 518657 138035 380172 141299 674628 564035 449168 736165 603398 104146 472005 153142 614587 723866 599220 778294 320639 293391 179513 401013 403365 178217 129151 143313 751960 725117
696379 465398 640062 393368 249667 403563 75999 538851 966397 357705 730556 685194 331826 322766 557394 670003 757388 863245 754148 781895 633536 40828 999999999 674110 723700 396526 645684 301392 450371 117693 296656 334040 412602 663128 557335 422210 529022 694102 522318 301515 606819 674509 336335 648508 710069 261586 832631 936393 696949 382883 120039 503294 246221 745860 221461 351480 771334 382423 229046 225920 423469 803141 375263 622467 777128 351964 529876 556788 602517 540279 366997 263721 661270 288022 541683 97211 340758 149635 686681 602476 481459 766133 634262 123745 512460 132157 630317 761136 639821 818404 348413 333342 213601 439966 393886 190268 141827 102948 792601 764724
29353 701268 276540 870713 433093 284278 631155 136927 305502 589126 726710 14607 346858 746733 383510 462311 686093 254156 486343 226640 661768 633511 674110 999999999 255308 539888 602594 408222 230407 694147 377491 489232 355604 98435 190046 642424 818389 737008 748259 390869 85305 595224 344276 284786 205461 655382 207421 295706 318613 1019879 566010 280246 431783 722327 474900 815878 197469 932402 786664 498524 361571 161996 378023 664864 162983 966165 199501 151674 164098 225260 417150 901696 251980 948827 616457 770700 1011354 624576 847968 162389 354868 587491 507933 596149 162432 748065 763011 373230 34293 256141 457589 368575 487539 255323 871722 605067 639037 773549 118691 260263
236615 576678 525103 797105 531041 336645 660647 307391 320163 758114 515276 265001 409303 679799 227335 242797 462039 176819 241460 86462 887397 684299 723700 255308 999999999 444080 403068 422340 377617 700962 456272 435626 535925 352685 181748 824530 685408 537667 607785 424646 217962 385092 457993 89853 49970 607963 178074 263106 80782 1004342 603833 491131 486262 506046 502268 747673 102526 879357 893117 615323 309011 190294 352617 479703 149044 940870 209710 365263 404282 445846 373447 897383 63752 958595 456871 818460 1031358 726636 667600 402458 562866 349775 305562 685712 315663 755369 587424 118587 257497 110748 623173 391587 592277 416737 798133 720965 639879 826362 273356 43403
546999 165618 674926 353114 369733 297257 320529 451570 753295 632920 344423 554440 293040 236805 220924 297244 362603 617504 381300 525499 873105 370066 396526 539888 444080 999999999 249338 212588 419233 318419 319517 87723 518191 588925 353733 710851 282428 317012 221082 245180 454585 278083 376787 354332 456236 180483 606052 702879 384571 575071 298321 555482 282736 356879 238704 303808 529442 436874 620246 441374 179263 597024 178739 237207 558462 507938 340488 511232 574305 553118 137245 480743 383776 550393 154512 469006 628280 484641 361662 573118 588248 373494 246966 435308 430521 364062 282732 429554 512234 554528 536642 234399 407890 444406 354143 505187 263683 482635 635812 486984
597227 256235 812617 509046 591455 457411 569711 566792 717827 860608 126886 616390 487222 426761 222571 162683 116253 572046 211661 487885 1078862 619325 645684 602594 403068 249338 999999999 425798 573588 561604 526835 323623 707806 680819 421971 938318 329099 135906 253387 454091 526386 36194 572836 329632 439692 410687 580703 655814 322687 773327 546080 718302 507158 128310 475086 476798 505455 609270 869356 671923 323941 591588 358544 83617 549768 703332 426098 635325 695172 698568 331764 697947 366642 771567 118358 715128 850461 729697 266449 693584 768295 145564 97979 680265 554858 602338 191698 323911 585982 502746 749641 430515 638890 608643 509936 746920 510401 729382 663147 435865
424920 367635 479198 474360 165658 124433 239976 287937 679719 434850 539942 421453 85333 352088 273247 397183 541672 566929 476765 482759 662611 262253 301392 408222 422340 212588 425798 999999999 227623 290993 107044 126542 306096 428124 261120 512522 478038 520607 427674 32781 329412 444556 164835 348155 410271 255303 539917 643751 398012 613453 181495 351096 83261 548463 79933 418708 474267 526873 486470 247773 129516 515206 80201 438136 485150 558208 235263 333223 393555 357859 94277 497206 359894 550034 358628 396300 618301 326601 574193 392726 377395 513713 380264 279707 262239 345929 495005 464651 375150 518759 327547 39666 215510 244007 475325 334020 232949 404024 521794 463558
256199 583395 255788 700378 204087 122946 415865 94021 534250 382502 699127 239621 145509 579098 362171 481875 680437 458976 539982 398690 526098 410462 450371 230407 377617 419233 573588 227623 999999999 486045 159057 343406 159343 214270 202602 447072 697955 692780 640305 199560 183018 580340 115096 346505 341013 481548 418406 516943 399138 812057 350487 144715 219415 701889 272735 644752 377521 746346 557261 268643 256458 379496 240949 611286 364695 764063 179546 110196 167004 133887 282003 691629 333979 732284 542019 545637 790564 394256 772633 166323 200822 614662 497802 366114 71267 537534 688960 470196 197009 435473 247082 192566 257178 40222 701326 375916 436941 547283 348404 405997
712913 358501 704712 278975 305489 411021 79621 565257 970661 467486 634769 706666 348379 205786 509309 609552 668559 855106 694457 768421 742322 123907 117693 694147 700962 318419 561604 290993 486045 999999999 327097 276369 484326 699631 551017 535464 413666 594780 412526 303735 618542 593126 380367 618497 695384 156557 829991 933616 662108 326639 138822 566341 266835 651618 219249 234679 762284 282035 338682 311738 392055 806156 349291 528143 775563 278729 525862 596117 648996 594766 328468 207552 637247 259523 450570 155277 330457 263101 575761 648641 557700 691721 564685 228045 538543 55041 524387 720440 660285 803310 437993 329356 289914 485104 279565 301538 61216 170742 810099 743704
399788 471761 391094 552827 76507 119669 257171 242933 671800 338572 643970 388714 48569 435263 352820 479984 641781 576529 554256 501467 556260 256024 296656 377491 456272 319517 526835 107044 159057 327097 999999999 232833 200790 373132 277323 415011 579424 626389 532519 74962 311582 543054 62236 396607 432999 337006 542334 645267 449968 653000 191687 256475 61478 651547 119041 497673 486882 591755 437319 163840 211094 509926 169066 543723 486770 605405 248819 269029 322732 273790 196504 532608 398872 574387 465020 393433 634606 270547 680981 322288 273830 603798 472882 231609 216340 378483 602039 520662 343199 538817 222940 96674 137148 160311 553731 265697 279386 396848 495946 493452
500271 242143 598703 382411 282088 225112 259350 386978 728823 546407 427623 503475 209627 258770 233026 337046 439354 600846 421707 510416 785421 302725 334040 489232 435626 87723 323623 126542 343406 276369 232833 999999999 432628 527186 313022 624397 354895 402983 301519 159322 404834 348306 291371 349058 438118 174499 582849 683822 389012 568724 225070 474775 195080 438635 153366 328304 509345 451997 549961 355068 134125 567294 111885 321931 531543 505739 294258 441774 504231 476692 72223 463056 372304 527093 239958 416160 602312 406128 448247 503186 503791 433618 300677 356709 363790 328128 370250 444798 458992 542896 448923 152772 321594 365164 383430 423715 216141 428062 593547 478997
384512 672530 228391 738395 181620 252437 405411 235822 658231 233641 829999 360357 226431 626382 508465 632440 819337 602763 695098 550990 373793 378722 412602 355604 535925 518191 707806 306096 159343 484326 200790 432628 999999999 299352 361868 291500 779825 817191 733183 273328 331275 719048 141405 505328 497469 529252 558848 651233 558241 794635 347566 97275 252052 835309 310844 684575 527572 763932 453559 189461 383866 515868 353268 734446 508086 757955 338182 204564 221410 148216 388198 674254 493320 699824 658639 496695 745810 309030 879795 222148 75283 763726 640749 299658 221721 527270 799508 629443 327005 586896 103643 285765 199287 119450 739233 277706 450474 493422 464161 562580
122912 753797 179733 901399 414277 305844 630124 140887 365978 527513 806704 91897 353764 778084 458623 548899 770584 342490 579146 324108 572301 623643 663128 98435 352685 588925 680819 428124 214270 699631 373132 527186 299352 999999999 259166 573205 871070 812981 804909 404694 155171 676673 326807 374557 303072 682760 294314 370334 412493 1025984 564721 210378 432799 803935 483690 845851 294504 954277 748226 466103 410248 246949 415784 737559 256305 976952 259337 106536 81310 153869 457290 905721 344079 946410 682466 757321 1003786 592951 916210 80078 281476 677239 589072 571259 165942 751548 830910 469896 98619 352107 402918 389343 461519 224247 902380 567951 649006 758020 171779 358698
193885 512602 399207 694751 350773 158122 500399 154373 420882 578227 548235 204614 231963 571540 199532 298882 515280 306298 345175 225446 725524 516953 557335 190046 181748 353733 421971 261120 202602 551017 277323 313022 361868 259166 999999999 646402 629409 553818 558497 255920 106958 419279 276246 144669 155715 485729 278990 382720 196650 868879 439347 332100 313447 546242 338902 641109 214039 764234 714593 434076 179730 256966 207749 478847 224637 810060 28508 222596 277749 296717 241526 755299 131931 810488 427076 653907 879388 547743 659606 276051 398539 431304 331912 508541 151861 606056 574434 267594 167338 262510 443982 225117 411905 242744 695776 540344 491585 660227 282482 216690
671703 835960 440034 814301 346873 513508 465039 527311 938879 78007 1050584 645530 459866 730462 765718 892917 1054162 892990 963712 842457 219444 412237 422210 642424 824530 710851 938318 512522 447072 535464 415011 624397 291500 573205 646402 999999999 923488 1027378 897613 484924 622773 956540 382307 786317 787788 648510 848225 937513 840130 766748 440394 364022 431872 1060097 472277 769439 819043 802333 302607 269479 625974 804124 583531 946138 798538 754909 620688 490905 491897 420596 606658 661329 778279 654893 864356 458330 671113 272837 1058767 493133 291761 1018559 887881 309383 512742 553667 987865 911952 615831 878395 202931 511316 302961 408642 814868 234028 534783 445993 744091 852858
823223 117371 953511 217660 611353 577690 466262 733994 1004927 848596 316614 832994 563025 209458 461024 473076 381081 862142 537838 771423 1110760 522712 529022 818389 685408 282428 329099 478038 697955 413666 579424 354895 779825 871070 629409 923488 999999999 264552 78716 510278 733369 363937 640739 598120 708930 275421 859464 948375 612247 495539 483103 828893 529533 338687 473206 213705 781496 318242 751800 663706 460876 858078 459843 249547 817431 427807 619158 793099 856077 831485 417874 456242 632783 529695 232541 557594 604255 662162 177332 854927 853250 470178 403067 618070 712785 427019 167784 634486 792114 794537 777783 507500 632200 719964 218223 694628 393791 574459 907926 725159
732388 242832 938256 474672 683688 572594 620057 694385 849600 949390 52230 750938 591815 422959 354557 295397 121966 703992 329194 621703 1182612 674157 694102 737008 537667 317012 135906 520607 692780 594780 626389 402983 817191 812981 553818 1027378 264552 999999999 207461 551605 659385 153622 678114 465521 575268 438223 714699 786581 456997 751467 609747 836903 596955 74441 555609 456157 640179 577089 922813 757999 437287 726857 463923 82799 685079 682050 555794 762161 823187 821540 430498 694915 502518 769755 163033 749845 847465 798046 143557 821656 881786 233827 233725 749113 680593 626297 97069 451987 719352 634828 848148 532943 724514 725599 475392 820795 552846 765506 799052 569076
751819 61981 896008 268148 572215 518275 453562 669939 927613 821139 257570 762860 511103 222032 384631 394478 316021 784397 460284 693956 1076067 510048 522318 748259 607785 221082 253387 427674 640305 412526 532519 301519 733183 804909 558497 897613 78716 207461 999999999 460411 663683 288855 592343 521039 632351 260936 782579 870577 534021 544095 459790 775554 487381 278849 434266 249022 704627 370616 749998 632186 395301 782301 399733 177007 741407 474608 549883 731219 794342 774191 358327 489693 556071 564429 153827 564025 641542 645237 164594 793110 805059 396637 324562 598759 649875 435552 117984 555771 723068 716575 740231 453547 599593 664960 268908 674452 381740 580455 834677 647214
409200 400286 448724 500865 138652 107312 245936 265820 669954 407594 569864 403648 54670 379614 291525 417344 569577 562095 495016 480420 631143 261289 301515 390869 424646 245180 454091 32781 199560 303735 74962 159322 273328 404694 255920 484924 510278 551605 460411 999999999 314916 471625 132053 354985 408800 281988 532778 636701 406424 629013 183604 319323 64313 577870 85053 445226 469959 549634 474515 223553 146955 505654 100129 468992 477517 575882 228710 307116 366343 327857 122564 511151 363488 560853 390078 397988 626918 311459 606828 365593 344649 537127 404557 266365 239554 358111 527410 474833 357229 517017 296947 33666 192392 213492 501815 315253 248200 404450 506377 464748
96213 616183 311898 786826 374717 207615 559016 95488 360225 562239 651930 99857 275488 662898 304838 394259 615439 275960 428649 219905 670554 566001 606819 85305 217962 454585 526386 329412 183018 618542 311582 404834 331275 155171 106958 622773 733369 659385 663683 314916 999999999 521610 288402 222590 172778 572585 236053 336494 265190 942756 494664 275292 361347 648895 399847 732194 196387 850353 736445 448126 276334 199551 294143 585295 181813 887441 114273 147381 189259 228095 332650 825753 195308 875538 533982 703967 940311 571183 766552 187446 348605 523737 434005 538439 112249 673016 681389 328651 60391 255624 427258 290062 432710 216968 787839 556106 561918 708029 192473 236645
588160 292416 814263 545239 609868 467177 598513 567660 695984 879109 132100 608716 501732 462219 222133 142324 100367 550370 180777 468494 1091576 647077 674509 595224 385092 278083 36194 444556 580340 593126 543054 348306 719048 676673 419279 956540 363937 153622 288855 471625 521610 999999999 586494 316705 424248 443664 561527 633059 304314 809134 572398 724804 526889 127298 497794 512813 487599 645422 896603 691894 336186 574915 374030 115884 533256 739164 425799 636550 695215 702418 350282 732812 353330 806244 153917 745928 885138 754157 291434 693583 777374 109372 87605 704788 557291 634885 221117 298898 580449 481212 765175 446397 659143 616508 546129 769975 540812 759937 650037 415663
369076 531992 330346 613915 89034 131354 306643 207350 645917 309060 692947 354054 86319 497091 385001 511801 686265 561667 581431 493217 506155 296867 336335 344276 457993 376787 572836 164835 115096 380367 62236 291371 141405 326807 276246 382307 640739 678114 592343 132053 288402 586494 999999999 408611 428764 398891 523950 624893 462623 703962 242207 194648 121109 699293 180117 558927 475419 650193 448177 160730 250456 487792 215023 595315 469007 659074 248435 220576 269399 215214 247935 583011 405205 620472 518393 430987 676982 282824 738404 269152 212828 639696 511966 251965 182247 429786 658295 534372 310421 530623 181715 145302 144442 105213 614808 268688 336202 432350 462728 491923
274145 488070 533257 707297 472946 279717 582571 295092 406865 715999 448762 297335 348240 590314 138101 178657 403091 265613 206170 173902 870178 610020 648508 284786 89853 354332 329632 348155 346505 618497 396607 349058 505328 374557 144669 786317 598120 465521 521039 354985 222590 316705 408611 999999999 112514 519982 261586 351812 54017 917260 528508 476104 418556 442226 427620 658023 183684 790034 828748 559554 227253 264890 273704 401684 223174 853138 167147 360917 410385 438204 290029 811905 37068 874530 371990 741643 948307 663796 589601 408598 543187 302994 231876 620457 295681 672406 507510 125846 275954 200564 583393 321343 533749 386724 708325 662115 557283 750439 333657 132659
186672 597373 476571 808750 505982 313818 650173 265157 297804 723286 555615 215044 387603 689053 247908 282848 505152 162792 288941 73061 843330 670025 710069 205461 49970 456236 439692 410271 341013 695384 432999 438118 497469 303072 155715 787788 708930 575268 632351 408800 172778 424248 428764 112514 999999999 612293 150944 246982 123271 1005437 590999 447756 468135 547492 489651 757811 73353 887308 870189 588218 306662 152550 346219 513507 110751 943571 184200 319980 356486 400758 371875 895637 76365 954442 484262 806010 1025585 703310 701549 354665 520481 395805 341714 664253 275885 750234 619816 168482 208716 108488 587930 376731 566981 379151 809781 695108 634770 813009 227817 65111
668727 203955 727440 219070 351080 377159 193083 542075 903196 574236 478530 669258 336275 98291 394549 477683 514443 775076 561534 684337 840036 249714 261586 655382 607963 180483 410687 255303 481548 156557 337006 174499 529252 682760 485729 648510 275421 438223 260936 281988 572585 443664 398891 519982 612293 999999999 757337 858273 556293 398210 208532 593463 278767 495686 219346 163413 683765 278565 489982 392805 308284 741242 279278 372454 705869 333193 465347 588427 648255 608124 244376 300330 545127 370042 296615 311696 448148 387396 425475 647481 604436 546232 425157 342727 516839 191994 369405 606369 623666 716285 512032 293502 362701 493426 220033 419248 120886 327288 763639 651362
178156 748279 472298 957750 609039 429117 778419 326809 147244 792267 690311 207068 501796 837054 398566 419323 633673 48403 405437 93037 866252 791927 832631 207421 178074 606052 580703 539917 418406 829991 542334 582849 558848 294314 278990 848225 859464 714699 782579 532778 236053 561527 523950 261586 150944 757337 999999999 103930 258020 1146305 716294 487470 586645 679878 616873 906151 77967 1034148 972127 684066 449308 47525 484259 657773 55600 1086154 304744 357623 369473 432680 514075 1033791 226719 1089476 633267 929697 1158207 806394 845637 367851 562182 516118 483453 772201 347174 885032 765460 273749 232394 89509 658670 503177 667908 450243 958781 792080 770424 935101 143125 146370
266721 839692 540800 1055640 710893 532837 882347 423884 66101 884810 757491 291989 605296 936022 489904 493139 695835 86290 464511 178011 939974 895667 936393 295706 263106 702879 655814 643751 516943 933616 645267 683822 651233 370334 382720 937513 948375 786581 870577 636701 336494 633059 624893 351812 246982 858273 103930 999999999 337667 1248942 820202 574010 690322 744931 720799 1004792 174553 1134080 1072833 784313 550914 137451 587098 735911 159280 1188246 408637 447305 449944 517899 615934 1136999 319613 1193127 718873 1033489 1262052 907674 922248 448477 647919 573973 560803 874391 445750 988656 844711 335257 324792 154385 752768 607093 769193 546867 1056671 892172 873906 1038792 200673 223522
304056 506508 577088 735261 526384 333553 629566 343683 397335 769966 434575 330007 401516 621362 163658 162015 382263 252094 167981 165314 921353 658973 696949 318613 80782 384571 322687 398012 399138 662108 449968 389012 558241 412493 196650 840130 612247 456997 534021 406424 265190 304314 462623 54017 123271 556293 258020 337667 999999999 954471 577158 526231 470325 425576 476916 687788 183287 821431 880740 613155 273812 270909 321690 400241 229457 889169 220269 407848 454391 486420 334404 851774 69981 916032 381518 789061 990780 716269 587857 452581 594429 272874 225523 672450 346074 715417 508453 71865 314316 183283 637222 372758 587066 439322 736281 715272 600950 798331 351048 114461
1037873 519867 1020839 278177 623676 735922 397320 891868 1289754 716893 801591 1032598 674918 348322 792626 868614 856772 1167624 950302 1078185 986047 415975 382883 1019879 1004342 575071 773327 613453 812057 326639 653000 568724 794635 1025984 868879 766748 495539 751467 544095 629013 942756 809134 703962 917260 1005437 398210 1146305 1248942 954471 999999999 462072 883046 593262 822683 545315 297863 1075297 177854 480518 608790 698809 1125719 662057 712007 1093015 70075 845280 921906 973346 916049 633599 121099 941015 113811 655260 312902 141850 515049 669829 973077 864279 917687 809860 503422 865162 274550 658407 1003953 986183 1111289 729927 652699 595353 809154 277557 556713 380948 322880 1134944 1047719
586673 398880 566051 396748 167180 288453 65516 433575 852426 365731 641284 577861 219530 295944 440269 556156 660574 745616 639521 663124 632706 82044 120039 566010 603833 298321 546080 181495 350487 138822 191687 225070 347566 564721 439347 440394 483103 609747 459790 183604 494664 572398 242207 528508 590999 208532 716294 820202 577158 462072 999999999 427714 134238 654645 101586 345350 653352 416368 324897 187271 304011 688429 255492 533161 660968 417138 412288 460029 511419 456078 249402 341336 541297 383212 450584 215020 445758 188531 623044 511122 421798 658449 524994 140194 406850 187645 557276 641851 531805 699435 311085 214476 159982 347275 397509 214862 104879 222529 683634 645013
309596 716873 138381 808374 260954 264829 488983 183998 575101 317295 843804 282323 265898 691697 505613 622824 824794 533560 676423 492491 396412 467595 503294 280246 491131 555482 718302 351096 144715 566341 256475 474775 97275 210378 332100 364022 828893 836903 775554 319323 275292 724804 194648 476104 447756 593463 487470 574010 526231 883046 427714 999999999 315561 846601 374735 753482 466449 841775 550290 284147 399863 442224 379897 755131 440277 843230 313696 131160 129608 56683 419404 762136 457682 791279 684436 590259 839682 405882 913157 130650 74818 756014 641704 394330 180426 612248 830241 594995 256289 526511 197125 322116 290009 111969 809261 374976 527030 587766 380246 511923
452634 425792 451403 492842 87007 157546 199531 299669 720345 353946 618823 443624 85866 376734 354585 479586 623278 618150 558220 538855 591146 205430 246221 431783 486262 282736 507158 83261 219415 266835 61478 195080 252052 432799 313447 431872 529533 596955 487381 64313 361347 526889 121109 418556 468135 278767 586645 690322 470325 593262 134238 315561 999999999 628227 59423 437922 526804 530338 410435 165006 210004 556935 161763 515113 531099 544647 285470 329596 384051 334980 176895 473272 425878 517341 434058 343416 579749 247153 640824 383585 326802 596966 463513 202189 272924 319028 564595 539000 397571 575805 254429 97796 132419 221772 493733 251809 218018 348470 549511 525645
714834 308393 939740 546894 713778 585505 670690 693454 809314 982168 22231 735754 613318 489113 348066 264754 53517 664807 281056 587080 1205447 723224 745860 722327 506046 356879 128310 548463 701889 651618 651547 438635 835309 803935 546242 1060097 338687 74441 278849 577870 648895 127298 699293 442226 547492 495686 679878 744931 425576 822683 654645 846601 628227 999999999 591908 526109 608044 649372 973267 791997 451552 696338 484418 123628 655006 753015 552016 762196 821436 826450 455319 762400 478467 837192 204573 806873 915352 841515 209953 819821 896399 176060 214896 792187 682220 686306 171476 410006 707744 596404 874479 555813 758680 736931 547640 861596 606113 822103 774515 533510
493796 372365 510071 433882 138358 192242 161564 347067 754811 394412 580987 487448 130156 317320 345570 465868 591227 645163 547633 561930 641900 182453 221461 474900 502268 238704 475086 79933 272735 219249 119041 153366 310844 483690 338902 472277 473206 555609 434266 85053 399847 497794 180117 427620 489651 219346 616873 720799 476916 545315 101586 374735 59423 591908 999999999 378827 552695 473975 412657 202834 205250 590435 155995 475053 561763 493733 312267 382635 439038 392654 156427 426797 439813 475807 392755 316514 542042 258412 590761 438476 385794 575769 441541 209693 320456 273349 516903 542649 441056 598120 306027 113801 169384 278632 434781 272184 165506 324104 590991 543428
828018 222082 888750 55658 503633 540069 305649 705062 1053098 699924 505357 829929 499344 69568 524216 583112 559054 919974 661886 828162 973106 357202 351480 815878 747673 303808 476798 418708 644752 234679 497673 328304 684575 845851 641109 769439 213705 456157 249022 445226 732194 512813 558927 658023 757811 163413 906151 1004792 687788 297863 345350 753482 437922 526109 378827 999999999 830592 135598 559162 532152 461542 893553 438052 414146 856565 227825 622536 751836 811560 770290 400373 243162 686755 317281 359408 358521 393356 497623 390718 810799 759828 621871 520340 460581 679985 230374 365915 729002 784721 857919 656417 456775 505300 655680 56619 535417 241070 375479 921786 790679
