NAME : synthetic_000657
TYPE : CTSP-D
DIMENSION : 100
GROUPS : 8
RELAXATION_LEVEL : 1
EDGE_WEIGHT_TYPE : EXPLICIT
EDGE_WEIGHT_FORMAT : FULL_MATRIX
EDGE_WEIGHT_SECTION
999999999 446721 303277 659953 189310 830590 277746 212169 552567 457269 977934 700224 345791 197350 752442 577768 209458 785895 880244 334317 759353 653587 653722 656695 463223 978453 1089442 877777 46470 677197 846190 310212 697452 953711 381869 493040 424220 616801 101066 558385 296931 721590 526380 74836 707943 331399 474899 679786 415657 681266 606641 319529 637654 30141 182806 186025 357057 574533 471752 976648 696670 541855 677849 344406 719644 798344 633581 929770 183068 604764 752881 556856 794962 875267 942502 738194 1130564 642339 299545 670720 726070 676840 425678 851659 891321 267249 1116316 866677 743522 339306 686468 358011 702755 403971 1008785 538017 1052251 486684 448511 143791
446721 999999999 410338 640843 258363 391681 516731 620252 257846 295876 639996 292500 235072 454628 471032 145881 325987 566612 569540 322145 529168 370646 627611 531197 158749 650509 676376 431330 481188 564232 595713 226593 313997 645148 263031 203944 242267 330158 346196 455169 303656 356163 548322 513397 515710 498015 67089 290459 157361 348459 444585 270865 277761 471508 414279 626410 97953 204313 162120 658866 312012 649264 578541 294710 350009 654248 201475 877050 264481 649469 350959 486435 368860 668565 544810 696221 717922 211413 147184 598818 306536 245277 348735 409589 577900 407590 713075 492855 661704 526990 335049 512675 256410 48366 628719 309469 669996 86312 380648 323131
303277 410338 999999999 358528 289075 782278 127216 321004 631896 595585 737089 545851 181543 127405 853983 477984 128609 506021 631285 99020 485469 418897 351511 360940 521617 731830 903587 795098 347572 378146 573003 437910 723130 698456 177350 567000 225632 392531 281798 266060 477746 526459 225874 309734 425682 87787 470706 511716 486409 745625 326025 476747 455488 300187 122191 380322 320127 606596 323754 724672 521338 271942 376950 128480 757440 499735 521657 629159 287025 313736 584214 257505 772345 586614 749423 436070 942114 617470 315933 367780 714346 649612 157741 793428 642908 36360 917985 659389 440362 117245 487494 103542 618667 394427 795210 653646 837833 391754 166391 208087
659953 640843 358528 999999999 627811 916971 410466 620453 896921 899517 592947 604134 432698 468689 1111646 626595 477879 308919 489989 370342 317870 390231 14495 161465 790371 575469 838496 889657 702799 138472 378829 756813 935842 527266 390428 837874 399276 400393 637504 189974 811619 527521 133635 655401 254324 339333 707836 561510 769136 986131 233188 802153 505777 653631 477151 699723 584419 842128 487539 556869 556660 186498 118053 383246 975694 211065 642363 270684 627424 94586 609769 154657 934563 332377 696216 78882 867911 803794 613472 78080 895598 827548 301239 915830 500193 393627 829941 599722 110288 344710 496578 315171 745132 649865 696993 938896 731504 577980 267392 561385
189310 258363 289075 627811 999999999 641607 341890 379721 385481 317958 831566 525379 221579 258722 599540 394168 160815 678131 741819 258533 646328 516257 618074 578793 285492 835759 916282 688789 222862 605814 728911 156729 517069 817694 267245 321842 294532 475916 88268 481525 188687 560290 502624 259176 606738 359280 286083 509999 239842 511771 510225 189583 475115 215611 219586 372751 173794 393214 309527 837667 528722 560923 612193 251513 542649 720615 450613 894875 6269 598130 580716 493946 607687 775664 774086 700408 957755 453755 111558 616214 539471 488335 341355 662417 752178 264346 947088 705714 688943 380863 528436 383011 514764 214755 847421 387573 890494 306160 372633 96789
830590 391681 782278 916971 641607 999999999 898855 1011727 364579 496911 614526 322681 600777 843365 399271 307798 714834 714396 609067 685439 679134 538665 902496 768166 392011 637768 482230 100012 860343 800333 701500 551682 209199 662729 611430 387524 570997 519202 729602 731087 612350 419547 863614 900511 705814 869030 355702 363459 436670 297424 685302 574754 413585 857215 803771 1014068 489289 287049 465627 659061 374706 982305 820070 655758 229819 843675 277179 1093070 647874 956301 342344 771411 71662 798891 433389 948419 515932 188933 534607 853005 127559 155045 677630 31621 610540 786639 537120 458502 895204 898982 437228 878996 172959 428802 528662 434281 553357 390540 701702 714244
277746 516731 127216 410466 341890 898855 999999999 215072 716138 659818 856224 672492 300802 87023 935741 598452 196453 611595 749102 224545 595182 542668 407560 454695 608411 849401 1030012 916818 313004 465270 681553 498587 823725 813504 303027 650915 352058 518086 300461 368623 521499 653341 281060 252893 531389 74318 572038 638764 568100 836578 435966 529333 582692 262307 122606 289802 421162 703188 447344 840613 648535 267495 459343 253135 855603 584351 644426 672284 337820 340244 711391 349586 884188 683411 875737 489016 1068292 727448 401351 440952 823235 760639 281271 911699 760769 112896 1043394 784844 508742 66644 614339 95662 738988 493478 919277 727183 961593 509328 283685 245914
212169 620252 321004 620453 379721 1011727 215072 999999999 759524 669059 1057407 834121 453703 199169 963602 733381 310375 823372 952096 401194 804892 736281 618783 669139 664378 1052638 1210424 1047349 214339 680302 892045 518509 896781 1019443 473030 697994 522576 706637 299048 580638 509099 832740 494363 140364 742926 289390 660393 805905 617784 887670 645148 531126 754807 182258 227075 88288 523360 772934 600194 1045671 819123 458954 674383 424209 921832 799378 785894 874423 373668 542706 880194 563869 983504 897800 1057714 698044 1250162 827199 478618 655308 916550 861796 477680 1029772 963703 290936 1229303 971709 721901 277294 794565 309514 868501 583866 1110392 748977 1153470 640121 487196 297625
552567 257846 631896 896921 385481 364579 716138 759524 999999999 134368 836836 473159 475858 638717 222173 337061 520520 812750 786095 557930 774672 613345 883929 788678 110590 852619 798183 451330 569053 821825 832985 242415 168125 857804 511550 65278 497649 575432 460543 712674 277043 563513 798215 627373 768241 715883 192466 490526 148085 128757 701651 243263 501112 582402 597869 736660 319394 93688 418867 866033 511980 890265 836326 534098 176213 908827 369699 1134752 390980 899847 526847 743007 302288 913534 699208 953787 837281 214223 316923 856569 237054 232768 600162 394816 792569 619342 846139 676474 919478 742278 554209 735087 344353 248408 794034 74939 830004 333818 633164 479997
457269 295876 595585 899517 317958 496911 659818 669059 134368 999999999 923313 561794 466960 576361 296019 414771 472415 861382 860877 538343 824226 666476 887637 811468 145698 936386 912408 580201 465801 843271 891581 161233 302206 935419 509367 119208 508565 625812 376517 725538 162744 641757 787770 531299 806956 672944 246624 571078 139478 248963 728134 138007 569119 487385 537534 634976 317943 213788 452572 947008 593065 864912 855160 519626 306645 941992 458536 1152321 322185 888283 618850 750145 436218 963455 802266 963675 952515 333065 287717 869787 369814 357179 598296 526580 868596 576118 957607 767798 937625 696342 625536 695172 455854 264874 894150 85042 932435 381867 632150 414442
977934 639996 737089 592947 831566 614526 856224 1057407 836836 923313 999999999 363921 632143 859295 977434 508542 773840 284033 108575 659932 280155 325251 581676 445546 777618 27245 274527 531723 1023308 457945 215970 862657 762316 75768 598095 810497 553794 361134 898761 499248 939692 283840 638688 1016939 348733 788487 677587 352415 792525 849240 426298 909226 364762 990056 838303 1108567 674104 745425 523361 53703 330426 755662 476629 641437 799552 404804 467843 620898 835733 678832 310459 531480 672281 293926 192069 570507 292670 636672 739561 515721 680387 634918 579754 593506 97063 766502 248484 162824 504969 812312 307838 778876 508733 683722 126901 908369 147317 556902 572760 834974
700224 292500 545851 604134 525379 322681 672492 834121 473159 561794 363921 999999999 381051 640909 627086 149671 524295 394045 318504 448030 357873 217610 589661 449827 416357 379474 390905 285523 741175 481079 389530 519021 414329 386854 369768 447246 320438 203984 606386 425698 595936 101687 569303 755763 383298 624323 318921 42625 435726 495464 370957 562364 100945 719672 607838 862477 352675 382520 234133 393401 52284 693792 501343 420008 454136 521163 103989 770396 530740 653896 58562 467299 357361 483508 252654 629387 432378 280056 418675 536072 342518 285405 407765 316241 323617 562137 423191 206004 574159 653810 114552 627082 165792 339978 336926 544450 377727 220973 423160 559539
345791 235072 181543 432698 221579 600777 300802 453703 475858 466960 632143 381051 999999999 260120 696610 297754 146657 457340 535191 87428 426471 308130 421018 361029 366008 632867 758480 616017 391250 389843 510627 326766 548982 609412 46433 413352 78626 271010 271370 266590 388150 382735 323611 388200 385181 268726 299274 352207 339428 580078 289033 373829 302154 358597 226916 488165 156569 437378 148757 631660 365735 416020 398398 59682 585044 501310 343963 690271 223721 425123 426510 285852 591420 554204 607192 498703 798713 437590 181173 407702 534712 469168 131825 612262 546148 187910 780250 525671 478424 298538 345743 280615 438399 228510 667031 510224 710506 210237 165613 203214
197350 454628 127405 468689 258722 843365 87023 199169 638717 576361 859295 640909 260120 999999999 856426 551084 128713 633349 754713 202067 612330 537273 463687 487184 532903 855185 1012666 869078 236717 502919 699951 415267 754269 823277 275172 573788 325033 507473 213451 393279 435247 634682 335391 187275 553045 134230 505235 610778 490758 761558 453143 444217 558115 186439 41256 253105 357010 632014 408677 849001 623048 344673 500331 225720 784438 624296 600792 736516 254264 408528 684817 382814 823474 713715 859515 547494 1052150 665977 328382 487814 760103 699904 280238 858405 766278 93793 1030630 772780 558974 142780 596292 160775 689935 426326 911246 645889 954309 459035 292737 161977
752442 471032 853983 1111646 599540 399271 935741 963602 222173 296019 977434 627086 696610 856426 999999999 516269 741067 999833 945292 779613 961682 801242 1098302 994774 332716 997068 880307 499283 761820 1028294 1010062 447192 215122 1011210 730713 286992 713271 766851 667622 924658 458673 726493 1017474 826786 964218 937637 403952 654538 368541 132865 906824 432981 679174 782583 816000 930993 540586 271112 626675 1014367 674003 1111858 1044074 755302 178798 1106814 532113 1340836 604623 1118993 671856 957082 328207 1097696 813848 1165054 914854 347428 538598 1066991 299414 343412 818446 429797 949917 840897 934267 814724 1126816 963758 726064 957089 469181 468214 911041 214656 940794 537488 850941 695741
577768 145881 477984 626595 394168 307798 598452 733381 337061 414771 508542 149671 297754 551084 516269 999999999 425402 483692 450054 379875 445513 285012 612356 490810 269078 521859 530533 318614 615584 524318 497827 371050 316931 523050 304375 303310 263200 251698 479575 436968 447569 228256 560429 639587 449816 563680 169761 156486 286245 383679 403354 413422 165018 600166 513681 750433 221062 252718 157845 533212 178439 676431 542101 350127 357857 592778 56593 832798 399974 656217 208107 475250 311338 582337 400191 668379 572089 179649 283464 570257 269021 201102 370389 316319 456988 485565 567361 354509 622731 593727 217150 572466 140708 194179 486483 404634 526971 93287 395612 443659
209458 325987 128609 477879 160815 714834 196453 310375 520520 472415 773840 524295 146657 128713 741067 425402 999999999 576643 673875 125686 549896 448602 469379 452531 412199 772984 904881 742338 255919 475409 636755 312664 628311 746410 175755 455245 221834 413760 160634 353557 349342 529383 348369 243258 499108 200543 377770 497396 372716 640175 397999 349559 448580 217420 89027 341509 228534 507107 290174 770036 511637 400185 478282 135158 659595 595222 476660 747870 158553 440617 571726 357028 694847 667115 753826 553321 945209 537379 204918 476095 631789 571251 217315 730196 685111 104098 926906 672005 549519 224327 492285 223245 563084 298883 813075 535126 856521 332613 242357 83754
785895 566612 506021 308919 678131 714396 611595 823372 812750 861382 284033 394045 457340 633349 999833 483692 576643 999999999 182577 451657 38207 199633 297679 167441 724455 267072 536627 661431 832359 175041 73190 756702 795464 220237 413254 767456 384140 237575 725457 243007 828228 294862 364737 809543 80469 539063 624499 356699 721924 867091 180740 805812 321546 791273 621575 886339 557968 734684 409715 249792 341851 475580 192998 442824 836339 138399 472124 385787 680624 395630 373995 265648 751357 102092 404053 291517 563409 656853 613272 231777 732165 669963 360786 704406 192231 540061 523610 313016 226003 558782 281334 524621 558455 597257 391371 873136 423977 482421 341796 652024
880244 569540 631285 489989 741819 609067 749102 952096 786095 860877 108575 318504 535191 754713 945292 450054 673875 182577 999999999 557064 173656 227203 478166 338899 716166 100547 355608 538351 926066 353210 123227 786023 731631 76501 498669 752893 456567 266220 804801 390684 862237 222629 530622 916238 241617 680756 614375 295746 725691 813927 317804 833823 292116 890994 735145 1005334 591953 698010 438304 96471 274615 648632 372562 540039 770854 313079 418212 545657 745612 573655 275312 423009 658827 216940 233771 473588 381148 598547 655720 412164 655689 602547 474579 592627 11669 661473 341033 157851 407924 704278 235352 670748 478742 610211 208984 854664 241623 483937 466090 738392
334317 322145 99020 370342 258533 685439 224545 401194 557930 538343 659932 448030 87428 202067 779613 379875 125686 451657 557064 999999999 425844 336140 360151 328243 447467 657135 811894 696361 380764 352476 513125 388819 636138 627783 78534 494327 127623 305473 282207 229277 441319 433873 250225 360889 373661 183822 385619 414884 417364 665357 272432 432903 359821 339956 178377 448636 239252 523427 224824 652465 425459 332339 356832 29748 671931 471118 422782 636364 258626 350049 488043 236721 677987 541451 658305 441984 851066 524763 250881 358344 621917 556107 91629 695835 568506 114947 828855 570806 431424 213859 395216 193973 520439 312856 709199 587797 752288 295447 117903 205667
759353 529168 485469 317870 646328 679134 595182 804892 774672 824226 280155 357873 426471 612330 961682 445513 549896 38207 173656 425844 999999999 161462 305606 165435 686808 266315 521316 628330 805815 180074 87699 721389 757587 223329 383254 729640 351846 199691 696109 227696 793476 259729 359600 785576 68792 523780 586670 319895 684805 828953 159744 770486 283621 765797 598568 865413 522486 696481 373123 252190 305603 475509 199910 415240 798481 167660 434398 417406 649004 400070 340095 255177 714957 139431 383275 309525 550117 618944 578774 239803 694842 632337 336080 669818 184438 518647 512135 289474 245139 544937 244502 510880 521692 560396 379148 835281 414238 444724 319654 623594
653587 370646 418897 390231 516257 538665 542668 736281 613345 666476 325251 217610 308130 537273 801242 285012 448602 199633 227203 336140 161462 999999999 375877 232898 527083 324872 493029 501765 699257 263651 225585 572685 599519 302131 272876 569198 229515 41811 577663 224391 647116 138265 374602 691691 168968 480132 426265 175626 527462 668690 159373 621458 127894 665067 514332 784328 374593 535140 220919 323659 167723 500748 284081 316518 640504 310875 278707 556954 519835 448476 219640 265488 567030 300216 339339 411897 529536 460862 435529 319657 540894 476432 261579 533609 238072 445858 501934 244530 356732 506731 106446 475125 372870 404731 376614 674650 419036 285163 261629 511342
653722 627611 351511 14495 618074 902496 407560 618783 883929 887637 581676 589661 421018 463687 1098302 612356 469379 297679 478166 360151 305606 375877 999999999 147734 777618 564537 825790 875184 696909 125761 368173 745751 921908 516653 378363 825098 386291 385907 629356 175916 801235 513249 128313 650702 241402 335660 694570 547037 756785 972563 218710 791319 491284 647998 470997 697187 572088 828621 473809 546267 542228 191495 105707 372333 961801 204294 627943 278528 617795 101536 595442 141221 920185 324524 683003 84560 855454 789681 601971 66018 881369 813338 289363 901337 488466 386915 817741 586390 106769 342263 482203 312008 730679 637109 684749 926369 719556 564234 255510 553011
656695 531197 360940 161465 578793 768166 454695 669139 788678 811468 445546 449827 361029 487184 994774 490810 452531 167441 338899 328243 165435 232898 147734 999999999 688003 431080 680492 734611 702574 33617 240629 684390 806517 386267 314630 734463 303916 249020 610430 99009 748752 368265 197357 670388 97439 380778 596285 407432 674586 865208 88083 732533 354592 657752 481775 737508 494201 723688 369895 415602 400582 310150 51962 328458 847180 142880 498620 346341 580004 236080 451119 105305 791308 228717 535978 180270 711255 670401 537172 87046 758029 690994 238658 764772 349794 396792 674896 439096 132338 397903 339155 363878 598694 549846 541910 839070 578330 457523 210402 533883
463223 158749 521617 790371 285492 392011 608411 664378 110590 145698 777618 416357 366008 532903 332716 269078 412199 724455 716166 447467 686808 527083 777618 688003 999999999 790777 774088 462869 485345 720752 750961 162175 234280 790373 402794 47569 391693 487281 366403 608372 220585 496326 689019 537244 674457 606028 102049 425427 47814 228655 602098 182900 424991 492297 491793 649153 209438 112597 320511 801600 447410 779804 734361 423905 257463 812803 313449 1032970 291363 790650 473671 637197 343106 826237 659040 849261 814731 209359 207613 752815 272926 239655 491844 418595 723705 509762 817489 622331 817488 632714 480969 624920 319833 140509 749908 151137 788728 242105 525128 376945
978453 650509 731830 575469 835759 637768 849401 1052638 852619 936386 27245 379474 632867 855185 997068 521859 772984 267072 100547 657135 266315 324872 564537 431080 790777 999999999 300676 556241 1024084 441875 196953 871611 781973 51284 597454 824654 554298 362345 901135 489045 948449 295077 625844 1015699 335107 780718 690138 365384 804286 868172 416745 918610 373700 989806 835336 1105578 681007 761808 528963 26546 343420 741129 460067 639630 819602 383662 483049 596000 839773 662660 327630 519939 694537 270435 218396 550438 317634 654742 745950 498748 700933 654056 575093 617281 88935 761989 272783 182682 485102 803931 316391 770284 527968 693418 153750 923559 172051 566506 566565 836023
1089442 676376 903587 838496 916282 482230 1030012 1210424 798183 912408 274527 390905 758480 1012666 880307 530533 904881 536627 355608 811894 521316 493029 825790 680492 774088 300676 999999999 382880 1131145 700065 478111 899593 676424 350153 737573 793204 687879 512604 996886 709073 974951 378056 858380 1142264 584476 971068 688647 409801 803692 768238 636768 939383 456330 1107788 983512 1246082 743358 705334 618629 326921 393833 982432 720473 786987 705376 668601 475147 894256 921644 916164 336609 747436 552363 565359 154369 828132 41587 584010 809039 760473 587615 567491 749825 453001 347367 926318 57200 248940 762625 998440 416686 967448 456606 724705 149047 873110 131804 611174 753675 947370
877777 431330 795098 889657 688789 100012 916818 1047349 451330 580201 531723 285523 616017 869078 499283 318614 742338 661431 538351 696361 628330 501765 875184 734611 462869 556241 382880 999999999 910957 765342 639946 616643 305023 585544 619214 465817 574429 489417 776964 709824 682601 371077 850245 944676 663142 879626 408834 328148 504196 395097 656479 644891 384880 902820 831082 1057525 525271 366714 471685 578972 334043 972881 785838 666708 328566 795527 273808 1045608 694982 937811 288643 751208 171378 738887 344709 913448 416099 253512 578325 821164 218626 224499 675327 70122 538402 803924 438210 382671 856553 909675 395959 886730 179256 474114 437539 523590 459415 410044 695695 752552
46470 481188 347572 702799 222862 860343 313004 214339 569053 465801 1023308 741175 391250 236717 761820 615584 255919 832359 926066 380764 805815 699257 696909 702574 485345 1024084 1131145 910957 999999999 722755 892634 327420 719334 999695 427921 511889 469787 662194 136010 604400 303251 765134 569163 75820 754372 370854 505040 721845 437533 697706 653056 330018 680878 50734 226088 169184 394522 597631 514554 1022496 739107 579455 723109 390825 739499 844015 671748 972041 216788 645228 794541 602286 821985 921608 985124 781263 1172372 671538 334367 715314 752516 705822 472091 882366 937111 311353 1158894 910441 787928 376597 730390 397300 737598 436913 1052610 548636 1096049 525567 494731 188448
677197 564232 378146 138472 605814 800333 465270 680302 821825 843271 457945 481079 389843 502919 1028294 524318 475409 175041 353210 352476 180074 263651 125761 33617 720752 441875 700065 765342 722755 999999999 247382 714525 840109 395260 343587 767313 335120 281452 634472 124291 777948 397472 197051 687848 115902 390981 629479 438823 706766 898791 121692 762454 386771 677030 499927 751067 525691 757198 403140 424826 431338 301152 21147 354629 880780 121590 531630 313009 606815 220895 480569 120714 824189 221487 558014 148320 729704 703927 567372 60700 791356 724395 264623 796521 363702 414349 692143 461782 98722 406021 369489 372379 631320 582273 559124 871766 594273 490981 234735 557626
846190 595713 573003 378829 728911 701500 681553 892045 832985 891581 215970 389530 510627 699951 1010062 497827 636755 73190 123227 513125 87699 225585 368173 240629 750961 196953 478111 639946 892634 247382 999999999 796748 800916 148480 468344 791949 434592 266990 781253 313174 870252 287845 437900 873145 150742 609608 649452 356902 752796 877277 247056 845697 332813 853025 686254 953047 597962 750545 445536 178095 338992 548352 264634 501851 841349 190738 478095 423763 731825 467252 359362 337799 744388 99309 355312 354650 502228 663507 656684 302657 731952 673026 423659 688501 130794 606295 460601 271639 289054 630024 284018 595889 555260 630315 330269 896797 359811 509801 407319 709487
310212 226593 437910 756813 156729 551682 498587 518509 242415 161233 862657 519021 326766 415267 447192 371050 312664 756702 786023 388819 721389 572685 745751 684390 162175 871611 899593 616643 327420 714525 796748 999999999 393504 862387 372079 184550 381759 530878 220643 592571 77255 579625 638950 385039 693875 513097 214126 516244 115421 371160 606075 49110 498032 340108 376314 494361 198969 274404 351771 878174 537543 708989 724191 373602 412247 821241 424974 1017007 161015 737950 577517 612546 505040 858012 771050 824902 940997 365028 147221 734463 434858 397402 458056 577086 795136 416702 938069 718780 804926 535900 555249 535874 459081 179988 855286 233183 896588 305994 491576 253301
697452 313997 723130 935842 517069 209199 823725 896781 168125 302206 762316 414329 548982 754269 215122 316931 628311 795464 731631 636138 757587 599519 921908 806517 234280 781973 676424 305023 719334 840109 800916 393504 999999999 796628 574571 210559 547148 568118 600026 746060 439795 514890 855434 771339 766216 810481 252600 444084 281994 91828 718636 404022 473972 726436 713047 883415 403868 123880 449315 799401 462699 961309 857372 608554 40995 909158 323679 1149645 523114 955212 457347 781928 140457 891133 600767 982313 712921 138702 426257 883891 88812 129090 656725 240739 735951 717860 728634 599602 938739 839011 517361 826016 254207 330427 697944 230426 728980 359179 686873 604663
953711 645148 698456 527266 817694 662729 813504 1019443 857804 935419 75768 386854 609412 823277 1011210 523050 746410 220237 76501 627783 223329 302131 516653 386267 790373 51284 350153 585544 999695 395260 148480 862387 796628 999999999 571855 826301 530851 341827 879700 449397 938660 294827 582440 988013 291786 743607 688804 367425 800904 880792 378370 910118 367450 963772 805233 1075014 668454 768623 514779 29616 345850 695649 412906 611934 835174 333000 488619 545205 821422 615583 339355 478412 716425 219151 256673 500278 368318 665903 732185 451112 718125 667825 543136 643957 67319 729666 323790 204238 435113 765933 310350 732055 542583 686236 201907 927241 222821 559774 532316 812465
381869 263031 177350 390428 267245 611430 303027 473030 511550 509367 598095 369768 46433 275172 730713 304375 175755 413254 498669 78534 383254 272876 378363 314630 402794 597454 737573 619214 427921 343587 468344 372079 574571 571855 999999999 450344 49982 238243 312941 220643 434362 359722 286805 418960 339996 260429 329215 337266 379093 611094 243008 419479 283241 392373 246629 514194 194524 467240 147596 594985 348541 386775 352415 50316 611844 454898 345428 645402 269169 388394 410810 241359 607339 509207 584684 454718 777181 456852 225665 362617 553901 486986 89443 620694 509830 192442 756472 499555 432848 290470 321551 268156 444429 263145 639605 549428 682946 223936 123161 241774
493040 203944 567000 837874 321842 387524 650915 697994 65278 119208 810497 447246 413352 573788 286992 303310 455245 767456 752893 494327 729640 569198 825098 734463 47569 824654 793204 465817 511889 767313 791949 184550 210559 826301 450344 999999999 439077 529953 398993 655553 230071 531556 736497 567660 719086 650755 142975 459591 83029 190029 648252 193746 463298 522628 532878 678167 256803 100475 366058 836448 481467 826618 781120 471055 227702 858134 343372 1079745 327462 838122 503419 684609 332264 868999 684311 896516 833308 215332 251738 799928 263065 241457 539410 415934 760058 554148 838537 652967 864271 677072 518402 670099 336647 188014 776955 105828 814736 285231 572697 415639
424220 242267 225632 399276 294532 570997 352058 522576 497649 508565 553794 320438 78626 325033 713271 263200 221834 384140 456567 127623 351846 229515 386291 303916 391693 554298 687879 574429 469787 335120 434592 381759 547148 530851 49982 439077 999999999 192746 349352 217525 449023 310214 308339 464840 315253 306606 309356 287437 373467 589899 224349 430373 233262 436440 295861 562171 190686 445528 105428 553036 298567 417035 346610 100191 585563 439482 300821 644039 297314 408630 360881 245547 570766 482933 535209 457791 727587 423935 234822 362120 520313 452582 110048 578812 467522 242155 707317 450958 429089 336516 272251 312423 401757 251306 591548 541368 634957 189867 139774 281838
616801 330158 392531 400393 475916 519202 518086 706637 575432 625812 361134 203984 271010 507473 766851 251698 413760 237575 266220 305473 199691 41811 385907 249020 487281 362345 512604 489417 662194 281452 266990 530878 568118 341827 238243 529953 192746 999999999 538914 223254 605313 142206 370456 657014 198145 458506 386980 161386 486630 634682 167249 579660 105800 629173 482664 751868 332797 499083 179119 362455 158649 496324 300961 283956 609102 341113 251474 583378 479609 451065 217115 264975 543166 339056 358238 429290 550419 429862 393916 333966 513123 447383 237278 516382 276809 417571 525466 266866 377739 486076 104605 455550 349913 363437 403804 635591 446836 245179 242127 473916
101066 346196 281798 637504 88268 729602 300461 299048 460543 376517 898761 606386 271370 213451 667622 479575 160634 725457 804801 282207 696109 577663 629356 610430 366403 901135 996886 776964 136010 634472 781253 220643 600026 879700 312941 398993 349352 538914 999999999 511482 225037 634349 506573 172179 650303 334925 373942 588335 319352 588622 550487 239482 549528 127945 181452 285508 258513 476545 382836 901200 606146 545470 638080 284409 623734 753309 535749 907880 82038 595269 660436 517057 694639 819446 852197 713508 1038216 541480 199053 636659 626009 576013 372503 750598 815553 249855 1025783 779962 710081 351006 600689 360847 602480 303001 922113 453198 965440 389732 400106 77066
558385 455169 266060 189974 481525 731087 368623 580638 712674 725538 499248 425698 266590 393279 924658 436968 353557 243007 390684 229277 227696 224391 175916 99009 608372 489045 709073 709824 604400 124291 313174 592571 746060 449397 220643 655553 217525 223254 511482 999999999 654676 361329 150543 574186 162770 296434 521759 383417 590990 797851 73587 640108 325161 560147 385344 645433 407645 654265 298680 477544 381874 276506 131808 230388 786017 241853 454881 426784 482527 228199 439796 41722 746034 320581 557897 241115 743269 613830 445752 144609 705884 637769 140386 731599 402243 301285 711185 460838 212623 317242 326098 283187 558467 468343 580204 758570 619884 388954 111402 434891
296931 303656 477746 811619 188687 612350 521499 509099 277043 162744 939692 595936 388150 435247 458673 447569 349342 828228 862237 441319 793476 647116 801235 748752 220585 948449 974951 682601 303251 777948 870252 77255 439795 938660 434362 230071 449023 605313 225037 654676 999999999 656800 689178 370133 763371 545950 287258 593488 178631 403042 673002 37727 574992 326882 399417 472376 272541 328006 426457 954755 614796 749525 786472 429679 452850 887576 500988 1075693 190790 785901 654461 671829 560954 929028 847724 882152 1016279 429297 215123 794316 491099 460170 517180 639160 871458 452326 1014102 796024 865895 566005 632150 570315 530597 257235 932373 246570 973589 383181 550061 277627
721590 356163 526459 527521 560290 419547 653341 832740 563513 641757 283840 101687 382735 634682 726493 228256 529383 294862 222629 433873 259729 138265 513249 368265 496326 295077 378056 371077 765134 397472 287845 579625 514890 294827 359722 531556 310214 142206 634349 361329 656800 999999999 510630 769810 292199 596975 395273 73160 509217 594284 297637 625789 85177 737667 606068 870873 395388 475489 251597 305274 52556 636779 418350 408972 554967 425558 196094 675613 565002 586657 83226 402775 457918 382223 224995 544626 417478 379065 461786 455311 444175 386281 375279 410164 229084 548423 397543 145637 486228 625190 39045 595488 267434 400206 287764 632478 331109 273632 383070 577987
526380 548322 225874 133635 502624 863614 281060 494363 798215 787770 638688 569303 323611 335391 1017474 560429 348369 364737 530622 250225 359600 374602 128313 197357 689019 625844 858380 850245 569163 197051 437900 638950 855434 582440 286805 736497 308339 370456 506573 150543 689178 510630 999999999 522390 290843 208161 615072 527714 662968 896779 221635 682514 468368 520022 343575 570839 479806 752544 408492 611556 528096 126187 186224 268274 893901 309049 586552 403650 501725 101637 587567 110957 871741 418304 707944 212230 891924 730118 500054 161829 825450 757259 199611 866854 541902 260499 858682 610714 227722 217069 474542 185432 690790 549864 726780 833791 765433 497094 168570 431214
74836 513397 309734 655401 259176 900511 252893 140364 627373 531299 1016939 755763 388200 187275 826786 639587 243258 809543 916238 360889 785576 691691 650702 670388 537244 1015699 1142264 944676 75820 687848 873145 385039 771339 988013 418960 567660 464840 657014 172179 574186 370133 769810 522390 999999999 730059 317494 545206 732687 489798 756057 628867 393805 687313 45034 188845 113584 420703 648150 523722 1012159 748469 520262 686199 376214 794000 809425 694644 921918 252911 591515 806557 567236 866664 894380 993061 734267 1183052 712908 366867 674787 798146 747498 449496 920826 927552 273655 1166683 913637 746176 318778 733446 343141 768159 472346 1055183 612494 1098665 547224 468052 196720
707943 515710 425682 254324 606738 705814 531389 742926 768241 806956 348733 383298 385181 553045 964218 449816 499108 80469 241617 373661 68792 168968 241402 97439 674457 335107 584476 663142 754372 115902 150742 693875 766216 291786 339996 719086 315253 198145 650303 162770 763371 292199 290843 730059 999999999 459101 577019 342415 667738 832344 101399 742889 296853 712590 541804 805980 496625 695226 354774 320788 331701 407059 136685 366413 807205 142968 447333 388108 608897 333238 375211 187473 735841 169296 442176 255716 614604 627852 548350 176578 709560 644604 282302 699291 252598 459870 577772 346155 194737 479298 268986 445159 541641 542096 444746 824873 480930 434629 262040 575944
331399 498015 87787 339333 359280 869030 74318 289390 715883 672944 788487 624323 268726 134230 937637 563680 200543 539063 680756 183822 523780 480132 335660 380778 606028 780718 971068 879626 370854 390981 609608 513097 810481 743607 260429 650755 306606 458506 334925 296434 545950 596975 208161 317494 459101 999999999 557945 588428 569284 831396 365336 548841 530688 320425 154784 363096 407027 693288 407950 771090 596446 212000 385039 213569 844501 510052 605854 604437 356278 274682 659484 275850 859935 609459 816715 418157 1008597 705224 399042 367056 802120 737304 221728 879644 692423 97170 982028 724028 435489 30060 557952 26656 704197 481193 855980 734467 897831 478675 218668 268986
474899 67089 470706 707836 286083 355702 572038 660393 192466 246624 677587 318921 299274 505235 403952 169761 377770 624499 614375 385619 586670 426265 694570 596285 102049 690138 688647 408834 505040 629479 649452 214126 252600 688804 329215 142975 309356 386980 373942 521759 287258 395273 615072 545206 577019 557945 999999999 325174 117029 281885 509189 251043 322978 501669 464243 658790 151329 138221 226419 700461 347162 714700 644165 358933 286858 716915 218243 942456 292351 716312 377015 553372 323115 726023 566314 762709 729835 167720 181870 665112 256640 202335 415545 377325 622018 465337 729281 524250 727287 586421 379090 573787 245222 78919 654906 248651 694718 142530 447603 363245
679786 290459 511716 561510 509999 363459 638764 805905 490526 571078 352415 42625 352207 610778 654538 156486 497396 356699 295746 414884 319895 175626 547037 407432 425427 365384 409801 328148 721845 438823 356902 516244 444084 367425 337266 459591 287437 161386 588335 383417 593488 73160 527714 732687 342415 588428 325174 999999999 440426 522090 328332 561274 59765 697987 578995 837574 339921 402329 208967 376864 21992 652526 459016 387573 484460 481431 123139 730090 515098 611600 74338 425056 395313 448691 264124 587142 450821 307242 406541 493577 376235 316157 369983 357982 302054 529588 437482 202536 532347 617681 75395 590216 201798 336256 340701 559848 382992 211845 383970 537569
415657 157361 486409 769136 239842 436670 568100 617784 148085 139478 792525 435726 339428 490758 368541 286245 372716 721924 725691 417364 684805 527462 756785 674586 47814 804286 803692 504196 437533 706766 752796 115421 281994 800904 379093 83029 373467 486630 319352 590990 178631 509217 662968 489798 667738 569284 117029 440426 999999999 272155 590313 141030 433578 444822 449855 601529 184718 160324 313173 813700 462360 748944 719325 395529 304401 803493 335245 1017361 245588 764377 493928 617575 389680 824002 683229 830760 844699 251255 170489 735573 319507 282922 468535 462508 733789 472426 845287 640668 802150 595242 490556 589131 353734 125722 771920 170830 811744 243659 502222 332868
681266 348459 745625 986131 511771 297424 836578 887670 128757 248963 849240 495464 580078 761558 132865 383679 640175 867091 813927 665357 828953 668690 972563 865208 228655 868172 768238 395097 697706 898791 877277 371160 91828 880792 611094 190029 589899 634682 588622 797851 403042 594284 896779 756057 832344 831396 281885 522090 272155 999999999 777146 370565 546320 711071 720444 865413 426734 144371 499195 884800 541751 996032 915008 639543 69378 975098 399454 1210790 517428 997875 541653 831483 226570 964842 691106 1037332 804660 215424 435263 939027 180624 214381 697182 329035 818803 735993 820452 686417 997457 858748 593305 849168 340549 352613 788198 166780 819837 409169 728941 604932
606641 444585 326025 233188 510225 685302 435966 645148 701651 728134 426298 370957 289033 453143 906824 403354 397999 180740 317804 272432 159744 159373 218710 88083 602098 416745 636768 656479 653056 121692 247056 606075 718636 378370 243008 648252 224349 167249 550487 73587 673002 297637 221635 628867 101399 365336 509189 328332 590313 777146 999999999 654720 272831 611191 440835 706240 412368 635766 282794 406092 323885 346451 138791 266150 759261 215237 413144 434080 512058 289370 378605 110678 706036 269294 486474 265504 670532 582827 459166 168212 671204 603914 180964 683286 329404 359639 637980 389165 220411 387606 264780 353792 514478 465008 506769 753235 546336 369756 161069 475576
319529 270865 476747 802153 189583 574754 529333 531126 243263 138007 909226 562364 373829 444217 432981 413422 349559 805812 833823 432903 770486 621458 791319 732533 182900 918610 939383 644891 330018 762454 845697 49110 404022 910118 419479 193746 430373 579660 239482 640108 37727 625789 682514 393805 742889 548841 251043 561274 141030 370565 654720 999999999 544913 349665 406736 499055 248037 290883 400542 925561 582753 748579 771833 418987 418303 869824 466184 1063713 192808 780698 620924 659275 523784 907120 813578 871096 980649 391572 195596 781427 453851 422456 504604 601491 842832 453518 979100 763716 852238 570357 602225 572424 493579 225586 899140 218874 940088 352323 537954 283547
637654 277761 455488 505777 475115 413585 582692 754807 501112 569119 364762 100945 302154 558115 679174 165018 448580 321546 292116 359821 283621 127894 491284 354592 424991 373700 456330 384880 680878 386771 332813 498032 473972 367450 283241 463298 233262 105800 549528 325161 574992 85177 468368 687313 296853 530688 322978 59765 433578 546320 272831 544913 999999999 654322 527741 789921 310892 417733 166692 381246 65874 592971 406487 333332 514878 438604 151313 684731 479832 553326 128872 366683 439481 418522 305757 534836 496632 335323 377114 439760 413237 349368 311197 410586 300257 474760 479389 230699 482222 559749 57382 531808 245506 319791 372697 566821 415961 192913 324457 494282
30141 471508 300187 653631 215611 857215 262307 182258 582402 487385 990056 719672 358597 186439 782583 600166 217420 791273 890994 339956 765797 665067 647998 657752 492297 989806 1107788 902820 50734 677030 853025 340108 726436 963772 392373 522628 436440 629173 127945 560147 326882 737667 520022 45034 712590 320425 501669 697987 444822 711071 611191 349665 654322 999999999 178092 157623 380182 603323 489306 987246 714371 528733 676740 352403 748988 798500 655639 922442 209344 594949 771488 556369 822579 878819 959765 732228 1148768 669294 324551 667861 753900 703850 430491 877881 902182 263842 1133551 882273 740191 325879 701953 346819 726998 429641 1024195 568156 1067685 508382 451571 160418
182806 414279 122191 477151 219586 803771 122606 227075 597869 537534 838303 607838 226916 41256 816000 513681 89027 621575 735145 178377 598568 514332 470997 481775 491793 835336 983512 831082 226088 499927 686254 376314 713047 805233 246629 532878 295861 482664 181452 385344 399417 606068 343575 188845 541804 154784 464243 578995 449855 720444 440835 406736 527741 178092 999999999 270280 316510 590760 374440 830275 592066 366654 499074 198799 743182 621505 564251 747021 215386 423724 653248 379216 783043 705572 831061 555435 1023356 625521 287127 489769 719383 659533 263090 819220 746621 85831 1003082 746090 562131 169565 568079 181190 651844 385353 885702 606027 928954 421159 279795 123329
186025 626410 380322 699723 372751 1014068 289802 88288 736660 634976 1108567 862477 488165 253105 930993 750433 341509 886339 1005334 448636 865413 784328 697187 737508 649153 1105578 1246082 1057525 169184 751067 953047 494361 883415 1075014 514194 678167 562171 751868 285508 645433 472376 870873 570839 113584 805980 363096 658790 837574 601529 865413 706240 499055 789921 157623 270280 999999999 532856 760556 628982 1100292 852466 543672 746639 468040 905222 871525 804984 957583 366484 625166 911780 632393 980130 965259 1095321 777976 1286529 826491 480181 730061 911509 861079 532035 1034285 1016826 346774 1268407 1013064 798463 355020 833653 385464 880524 585771 1153670 717775 1197051 657620 545780 306777
