NAME : synthetic_000277
TYPE : CTSP-D
DIMENSION : 100
GROUPS : 8
RELAXATION_LEVEL : 1
EDGE_WEIGHT_TYPE : EXPLICIT
EDGE_WEIGHT_FORMAT : FULL_MATRIX
EDGE_WEIGHT_SECTION
999999999 311026 728712 680992 647511 309828 655235 550316 710137 778021 630205 752390 1063368 188170 609427 598467 724727 247948 371090 664511 314297 846682 631433 581613 513194 42999 967612 103424 304808 316882 397335 814691 836343 591810 632863 376790 893760 609827 537604 840602 982087 656731 1072420 561218 971950 968962 780017 574360 608075 863539 918769 444893 770552 554360 329666 576535 557138 200250 327027 251464 906940 307641 140524 357567 318834 531841 896046 92536 877490 929609 935167 843190 864486 286344 628358 458518 725865 798967 263160 586640 606500 378213 338836 182979 488597 521663 203987 651408 527851 932489 981398 562585 533852 836184 398340 408403 957460 576121 920334 746559
311026 999999999 634685 523036 882437 356049 789187 826835 566404 920587 794795 572465 1124497 275081 838090 526883 671822 500478 622956 623712 69970 769223 897037 819067 410235 273885 981489 297829 436972 235971 87670 808895 689931 733297 789170 594338 899373 822254 810011 892292 964459 831751 1111806 626802 1091232 822136 585649 567828 804247 902377 1039748 364891 885616 551241 615074 862465 526125 459989 612400 316742 765131 105614 178282 648626 502691 768567 1004916 344977 743178 1000709 968950 886026 898965 51607 817234 519383 829337 788228 456180 371861 854620 570213 427303 128239 756272 332102 456254 909506 769327 1020969 989111 497559 754674 959464 686803 186241 1023764 643191 882174 841421
728712 634685 999999999 165125 796617 426577 517143 880663 122083 605354 584691 207156 601155 540574 753981 131118 95282 669591 704899 122290 704648 135285 892522 765152 228724 692642 412499 628287 489658 433300 651012 251686 155427 510918 564368 624641 334644 705780 856741 407140 359747 625654 558446 339131 676488 260616 248161 211204 658831 390933 641197 289922 526987 225091 785121 937818 191528 674792 783678 480380 200864 739612 639011 820651 554798 735635 592161 664683 166895 518568 431763 386937 381001 594519 649008 350390 472638 230166 572234 329373 814400 572146 433000 662597 810139 322061 662027 878209 747798 565092 410729 166964 690829 589822 833793 455361 527780 342341 266095 461278
680992 523036 165125 999999999 883600 412585 631489 938177 49165 735655 688555 81174 765217 500258 838121 178034 252572 680415 742811 251055 591438 286603 964845 842551 177810 640531 577624 589515 503166 365050 522356 414542 166972 611454 670384 667959 499428 794839 914701 563504 522262 731491 723554 435066 828393 300234 122326 297702 751878 551023 789515 245288 662943 301633 806981 992906 252188 673947 805105 453432 242149 628308 568398 844659 581962 805827 741619 634501 220767 677361 595521 544998 541774 491111 747065 404092 604884 392504 583643 174948 891337 616635 446454 577837 863507 191324 661991 956267 815966 721024 575695 194990 765562 730980 865113 336847 688536 443525 427213 598366
647511 882437 796617 883600 999999999 564825 303937 186959 874701 314071 223901 961629 676382 607909 47182 708192 719452 400524 276559 674705 919464 826806 126108 65899 735082 658162 711784 598554 459552 703658 964093 667130 952040 288511 245939 288112 684885 90915 174886 557187 787412 193799 728851 457864 486377 1040813 1004923 592697 139429 597170 445693 694158 379211 584692 345215 230142 632325 447907 347173 579029 988622 927452 721048 339492 382298 116175 458508 566560 954974 563986 648979 577942 607139 835314 155498 483485 391985 669764 426259 923251 60636 316896 493877 782627 188696 856194 445947 94784 119789 527212 733690 688644 130580 390230 305726 850100 592136 454316 791266 418909
309828 356049 426577 412585 564825 999999999 433256 562931 430262 564653 443420 491962 788161 127217 517958 295492 415307 270629 353293 354802 412843 538640 611095 507832 234775 279240 670013 206630 108987 140352 424037 509613 550007 378459 435969 292582 592650 491289 541259 557476 676250 482519 786197 279743 737047 677911 527944 265488 464759 574458 685079 168878 530818 245573 400510 612145 247768 261369 398411 59525 615667 435227 258139 438755 193961 460864 651967 238543 584085 658828 644856 555660 573470 304491 473718 169884 475838 492665 177588 382195 551219 250870 74288 306297 486458 310582 249469 613359 466228 673231 681946 259783 434356 604162 463936 285498 684107 296079 611237 489882
655235 789187 517143 631489 303937 433256 999999999 446324 612294 131402 80752 703111 435905 532131 271346 454133 431184 437875 370987 395892 843990 528831 421630 297028 516131 645834 420655 568718 365478 565313 856046 363348 670662 63695 59059 309091 384210 218071 424693 263678 488109 113255 468763 200771 316816 747223 747051 334576 168671 302192 263611 498142 119228 333879 475280 502419 384352 477635 475616 475878 698656 863588 668734 494364 336842 292116 242812 562698 665893 304547 362549 281501 310792 737678 148614 281906 97273 366732 392167 712322 341063 284657 362450 725639 398859 655391 468183 396599 307403 289825 441706 444791 244802 180958 482096 696269 334582 189617 487391 125579
550316 826835 880663 938177 186959 562931 446324 999999999 938839 488758 367861 1019014 852760 565640 189787 773384 816455 326844 211847 763579 851116 934844 91662 154751 771944 571688 866696 529414 454586 689529 913210 795714 1033256 409376 388134 273411 828674 237811 23927 709756 933077 352368 900052 548878 670665 1136831 1060309 669557 282047 748499 627766 718374 542898 656869 220892 58012 698252 367165 223497 557570 1080072 851847 652394 197859 369367 155716 635968 485884 1045915 733492 807163 727817 757094 785317 307233 537151 542413 794098 392539 943357 126792 322649 504031 711815 76504 872391 370583 124834 140918 702056 887898 747163 204195 566094 156777 834699 762684 550633 922923 570649
710137 566404 122083 49165 874701 430262 612294 938839 999999999 710986 673257 91382 723159 526257 830004 167015 214217 693722 748612 222024 635330 238124 960940 836633 198615 670591 533291 615815 514230 396908 568877 373682 127573 596868 654266 671719 456372 784950 915151 526962 475198 715701 679390 420373 794511 261826 135109 282969 740497 512261 757343 267669 635839 290010 817782 994476 243166 690501 816023 475298 201503 671925 602679 854996 589850 802062 708841 658816 177076 639524 553833 507476 502548 532610 733989 401882 579028 352034 596093 224001 885733 619688 456803 615546 865188 236364 678246 950496 812879 684904 530549 191733 760187 701906 873398 380687 649402 427261 379819 570595
778021 920587 605354 735655 314071 564653 131402 488758 710986 999999999 152574 802361 364071 662240 299194 561902 513046 550052 465283 489348 975195 591079 440176 334302 635636 771185 409351 695161 494858 696113 987218 408090 753114 190065 145792 416296 398788 252103 470664 264325 494675 143485 414783 320501 199860 812833 845941 445151 214980 303865 148866 623301 84053 447977 566524 539315 497513 592869 567336 606940 770560 994462 798227 579159 459397 348928 147572 685705 739647 250540 344183 288249 315470 869080 187928 410912 132717 418227 515264 830846 366827 401411 493747 855744 459103 777203 584511 407616 363629 213717 431595 557577 309370 77359 559416 825175 278256 306891 518830 147136
630205 794795 584691 688555 223901 443420 80752 367861 673257 152574 999999999 763005 498774 527551 190596 510541 502366 398081 314048 462489 845044 605001 340885 216878 559546 625955 498993 551767 359840 581341 866846 443280 739525 77411 22038 263907 464738 137320 346781 342171 568454 43351 538155 253521 352331 821491 806888 391150 88015 381261 300735 532786 180113 387193 416557 423305 437316 441590 417222 478094 771246 861528 660482 431620 313523 215550 291757 538431 738041 371839 439347 360918 390259 743903 68419 312240 174705 445906 369251 754951 260375 252060 369553 719736 324482 693947 433651 316010 230879 348841 520319 496923 169908 222851 415246 719501 401698 245997 567872 202864
752390 572465 207156 81174 961629 491962 703111 1019014 91382 802361 763005 999999999 803526 574928 916467 253709 301859 760694 823985 313284 638781 303299 1044710 921741 257480 711171 609956 663632 584009 435510 560833 457311 136061 686310 744279 749068 536087 872378 995502 614290 544023 805637 755797 509678 883249 255335 43947 372000 828654 597625 847009 323672 727035 377700 887713 1073869 329322 753260 885817 530864 205870 676191 634536 925454 663087 885682 798261 709923 194923 725465 635338 594042 587452 545503 822909 484072 670363 436303 664186 204159 970652 697681 527428 638872 944464 243435 741423 1035546 896009 772247 605238 273999 844904 792696 946157 387568 733974 517135 448240 661716
1063368 1124497 601155 765217 676382 788161 435905 852760 723159 364071 498774 803526 999999999 909386 663264 636712 514003 867569 806819 533949 1189222 509489 802237 698160 748151 1045926 198845 966920 759075 888630 1171653 351039 701275 495741 483310 743479 267439 615538 834385 232297 288947 503175 77431 509271 216784 698227 840393 560347 575316 225194 238257 769727 319400 575214 911018 903290 608191 903558 911399 843668 681717 1216355 1045430 928945 755566 709723 217877 972550 661640 134494 169804 239362 231105 1074405 548669 618719 345978 373350 807439 914636 730607 713508 733782 1094263 820076 884922 892931 768318 724768 150982 210367 653217 667024 286846 913965 982207 105931 493209 372348 321339
188170 275081 540574 500258 607909 127217 532131 565640 526257 662240 527551 574928 909386 999999999 563243 410304 538244 241497 355894 478687 318689 659081 629316 545114 327963 153875 796569 89561 167992 147607 356281 636827 651248 472307 524255 320069 719653 547328 546850 680338 803400 562303 910441 400188 844532 782946 605814 392150 530657 699018 791747 259047 638324 372321 368949 607073 370937 211011 366428 67838 720764 333980 137762 406092 227666 494873 762196 135451 690776 778283 769869 679760 698516 227406 544830 291428 586669 619814 182002 427953 582196 295283 176439 193523 491926 358003 203104 639077 496400 788944 808790 374430 479676 709495 439483 277381 804465 416186 737351 603375
609427 838090 753981 838121 47182 517958 271346 189787 830004 299194 190596 916467 663264 563243 999999999 663275 678510 361608 240159 632398 876297 788104 150306 38207 688400 618320 686315 556741 413093 656995 919191 632650 909334 249267 212388 244267 655081 53279 172784 530297 758517 166862 711960 414879 482384 1000383 959651 548609 102884 569909 438441 647077 356949 540086 317589 240452 587281 409252 319322 532994 947397 885094 678533 316473 336812 78976 446232 526535 913617 545779 624823 550037 579365 790583 123891 437107 363370 634195 382059 876203 70318 270831 446820 740129 172263 809061 406506 126862 87105 512749 707971 643131 84191 376474 286241 803320 574652 412084 757982 391021
598467 526883 131118 178034 708192 295492 454133 773384 167015 561902 510541 253709 636712 410304 663275 999999999 144973 543200 587492 103693 596446 252041 794018 669623 118339 563048 468006 497552 362579 310956 555031 293574 265421 433489 492355 509008 385203 618747 749614 416622 439319 553459 608175 257036 669677 386169 297306 119767 574955 412861 627166 166921 492537 124029 662354 829453 76152 546052 660770 349390 324513 629703 513544 698725 432250 635201 581046 533571 291706 532411 469343 402181 405890 482884 569483 236306 433193 271440 445368 282716 718719 456608 305284 541337 700403 248237 533370 783487 646145 569645 472162 35930 593177 563153 714469 358599 548287 265598 355293 429509
724727 671822 95282 252572 719452 415307 431184 816455 214217 513046 502366 301859 514003 538244 678510 144973 999999999 633640 653323 61587 741334 127336 821151 692679 262808 692118 332557 621821 458642 452585 699049 163001 240744 431286 481364 571970 251325 628600 792575 312809 295339 542005 476719 267848 581424 322158 343305 161699 580397 298565 545915 309905 433506 180346 740649 874225 167597 645248 739465 473265 269241 774416 650899 774435 513192 666979 496893 652154 235784 425434 344212 293284 289213 627517 568453 304537 380467 140653 538920 403267 741619 520294 405238 682342 748818 382715 632370 804337 679966 470784 334043 175450 620596 495145 783500 502266 436014 267739 210372 367798
247948 500478 669591 680415 400524 270629 437875 326844 693722 550052 398081 760694 867569 241497 361608 543200 633640 999999999 125934 572718 528120 760940 397495 334687 503287 257863 805639 204423 180673 376387 586528 677681 807279 374862 404680 134886 742152 362696 309564 661433 841002 419031 889134 403390 748779 928947 797715 471949 364454 691314 696279 439176 556956 453625 131388 365967 478422 47701 129103 246531 867582 532142 328344 169643 124007 284491 680271 166700 834482 733367 761857 669699 695114 458479 386496 329870 521757 667099 97945 647792 362661 154148 238172 389040 255862 575909 45893 412587 281347 726199 822802 509963 286277 615337 199426 516648 762795 414467 798321 546312
371090 622956 704899 742811 276559 353293 370987 211847 748612 465283 314048 823985 806819 355894 240159 587492 653323 125934 999999999 595467 653095 778097 274221 210691 571092 383430 772610 329348 246461 477727 708017 666662 852232 313333 325998 81434 718542 249089 191758 620008 821532 325086 838045 396474 664891 965170 863827 495992 261113 654272 614105 513597 488234 480355 104404 258960 515402 172387 104658 345736 905741 657847 453283 128044 162407 161553 605419 292575 871793 675304 721638 632484 660134 579214 286171 354515 464350 659988 180706 735198 236776 133196 299330 514306 136519 663759 171827 287307 156804 659344 791728 557909 172308 536886 130263 622878 705312 403291 792540 491431
664511 623712 122290 251055 674705 354802 395892 763579 222024 489348 462489 313284 533949 478687 632398 103693 61587 572718 595467 999999999 692669 188654 772261 644421 220300 632496 364643 561423 397168 399189 656090 190073 277573 388635 442260 514304 281775 583826 739658 317788 340833 503611 504485 217955 578191 373279 356706 100960 536679 311173 538565 259145 413824 119124 681165 821104 107814 583816 679927 413142 316930 724808 594059 715357 452882 616310 490891 591046 282830 433314 365979 301755 303660 577899 526720 244349 357134 168084 477661 381935 693605 462282 343653 627636 694559 351524 570937 757118 628841 473481 369375 126870 570820 480463 725441 460422 447707 220402 262672 348645
314297 69970 704648 591438 919464 412843 843990 851116 635330 975195 845044 638781 1189222 318689 876297 596446 741334 528120 653095 692669 999999999 839191 925490 855001 480050 283273 1049095 323790 485317 301040 104602 877017 758164 786463 840681 632062 967199 863933 835682 956925 1033491 880600 1178155 688083 1149847 889843 650268 634607 849026 968072 1097922 433608 943661 617624 634482 883096 594020 484667 631798 368390 833354 37551 199824 665901 544760 804246 1064392 365244 811883 1064123 1035264 951343 964966 115575 863499 579510 888386 856522 495011 436541 888037 612491 481587 139341 783178 400198 482669 940389 803826 1082769 1057072 566788 793910 1016929 705478 254691 1087705 704513 951705 901546
846682 769223 135285 286603 826806 538640 528831 934844 238124 591079 605001 303299 509489 659081 788104 252041 127336 760940 778097 188654 839191 999999999 933984 805209 360894 812697 311799 744401 585813 562269 786278 188297 191796 538870 583271 696664 245926 736668 911080 352776 240729 641907 456004 386812 621677 221754 335785 289025 687421 325489 594936 418033 507713 307658 866963 992810 291521 772469 865827 595559 183684 873881 765582 900354 640221 782929 545231 776618 157079 450980 346849 328852 313598 728240 672800 431607 462551 174094 666242 458714 853551 645419 532016 792540 869183 456507 759591 914827 796463 504010 304692 286927 735596 558815 908359 590620 453216 384234 144991 444163
631433 897037 892522 964845 126108 611095 421630 91662 960940 440176 340885 1044710 802237 629316 150306 794018 821151 397495 274221 772261 925490 933984 999999999 128776 805738 649931 835446 601912 502191 743912 982234 782158 1047222 396601 362637 318808 805354 203583 96039 679904 908697 315831 854952 554421 609334 1143291 1087115 683619 253033 719656 570253 757294 504068 673126 304973 113234 717939 441132 307461 613398 1088832 928416 725793 285932 418071 159029 584366 561583 1054836 689962 773291 699957 729262 853431 273984 560753 513347 783133 450150 985491 81014 361776 546315 786270 143072 915805 442823 37764 149259 653274 857217 770800 201749 516295 245638 890598 718190 553449 907872 540836
581613 819067 765152 842551 65899 507832 297028 154751 836633 334302 216878 921741 698160 545114 38207 669623 692679 334687 210691 644421 855001 805209 128776 999999999 688209 592398 715368 533415 400930 645376 901391 654776 920147 268291 238054 225060 681196 83146 136409 558773 785135 198055 745384 426471 519742 1014837 964561 557308 129284 598036 475232 643787 388736 547573 282517 207741 593472 382036 284352 518818 960697 862479 656224 279751 321314 50778 481711 500849 926747 578887 654775 577776 607119 772437 153346 439205 391350 655220 363153 872989 49278 257650 438574 717772 134110 804751 380166 113864 54038 547384 736831 647798 77267 411661 248659 792220 608014 425081 780993 419351
513194 410235 228724 177810 735082 234775 516131 771944 198615 635636 559546 257480 748151 327963 688400 118339 262808 503287 571092 220300 480050 360894 805738 688209 999999999 474526 584815 417511 327855 206115 436694 410201 323374 482709 544257 499166 501921 649677 748886 522750 557619 602836 723242 316054 763814 455782 294714 198002 611013 523104 718144 69059 574604 190131 630891 825202 144937 496140 628950 277023 393822 514009 413084 668787 408989 647720 674458 460202 364879 637866 582842 510603 517101 367737 610630 252453 514188 388338 407092 196222 735920 449309 272222 434126 696226 143366 484201 800658 656534 670750 589657 95106 610996 648125 690652 240367 655900 328916 472696 515539
42999 273885 692642 640531 658162 279240 645834 571688 670591 771185 625955 711171 1045926 153875 618320 563048 692118 257863 383430 632496 283273 812697 649931 592398 474526 999999999 943701 79007 287277 275788 361034 787567 797193 582955 627122 380018 868457 615036 557628 820627 954669 654712 1052165 540136 962527 930221 738277 544716 609796 842064 909324 406716 759158 524785 352690 601125 524778 211062 350014 219929 868333 280602 99319 383072 312503 542017 884579 91814 839273 912837 913505 822084 842468 246228 628786 434831 712284 771185 256706 543876 620148 375461 315422 147264 506869 479236 212236 667934 539190 918198 956833 527281 540217 826587 423056 365448 940187 555471 890444 731869
967612 981489 412499 577624 711784 670013 420655 866696 533291 409351 498993 609956 198845 796569 686315 468006 332557 805639 772610 364643 1049095 311799 835446 715368 584815 943701 999999999 866044 666151 749377 1019128 174614 503338 465534 478562 698273 82896 633673 845267 156981 98661 519685 146118 408961 352671 501097 645358 415433 586086 119209 344688 617746 333637 433437 875493 922296 455421 833901 875287 728818 482954 1079278 926675 900307 684139 712765 300826 881486 462836 180341 65892 140730 112502 933540 562686 509189 324308 196581 729292 735644 756628 657722 628899 969077 818664 713739 821962 806549 728044 237230 22249 490462 665275 346220 893999 824460 167781 395399 173624 296134
103424 297829 628287 589515 598554 206630 568718 529414 615815 695161 551767 663632 966920 89561 556741 497552 621821 204423 329348 561423 323790 744401 601912 533415 417511 79007 866044 999999999 208361 231836 384845 711689 740760 506187 551969 314169 791462 549223 513106 741813 879026 582058 973424 461459 885139 872298 693789 470936 540494 763559 831956 348569 681175 450936 317863 564671 454230 162283 315203 148843 810087 329182 123968 352366 238595 482655 806507 52934 779938 833839 835061 743486 764111 258965 558232 356894 633727 695790 183585 510552 564887 303748 237250 185004 459982 442068 159251 616616 481407 839445 879477 461623 476182 749212 389677 346754 861180 476714 816910 653093
304808 436972 489658 503166 459552 108987 365478 454586 514230 494858 359840 584009 759075 167992 413093 362579 458642 180673 246461 397168 485317 585813 502191 400930 327855 287277 666151 208361 999999999 244448 512874 521269 626656 304799 356268 183596 595080 390104 432699 535895 688141 395398 767724 257640 680040 748501 622369 297636 368240 559558 627004 267768 474748 278448 303916 504641 299141 186702 302083 121784 687033 501818 303388 341503 85233 353152 599684 215851 654021 625708 631244 538980 560955 386847 380377 162090 425866 507843 82789 489093 443370 143287 57586 361153 378082 417902 173827 504996 357992 631189 680952 329296 329005 544412 362825 391312 653240 272076 635576 444824
316882 235971 433300 365050 703658 140352 565313 689529 396908 696113 581341 435510 888630 147607 656995 310956 452585 376387 477727 399189 301040 562269 743912 645376 206115 275788 749377 231836 244448 999999999 292247 578747 524253 513699 572716 425496 668002 631424 668942 656384 738749 621241 877177 392805 859454 658139 463610 334143 605076 667044 808689 144241 655198 316813 507234 735475 296117 352818 504840 132066 596814 330044 207113 545194 326259 597417 772182 281670 569157 764821 734288 650411 663931 185822 613725 287771 597606 558858 297029 280346 687495 387728 214311 230386 613681 210655 343374 748494 601834 785889 758087 277623 573079 729703 575724 146990 787796 409090 661495 608216
397335 87670 651012 522356 964093 424037 856046 913210 568877 987218 866846 560833 1171653 356281 919191 555031 699049 586528 708017 656090 104602 786278 982234 901391 436694 361034 1019128 384845 512874 292247 999999999 844880 686730 802420 859922 676350 936355 901283 896076 940515 994216 905049 1153939 684328 1151494 815290 567547 611459 881110 947433 1100872 402765 947444 596464 702414 949497 565585 546764 699744 391239 761412 137491 265952 736140 582668 851113 1063948 432504 742649 1051661 1011689 932313 943048 129097 892870 580018 889749 823437 538251 356675 938037 649706 497388 214392 842075 333092 542695 993859 852417 1075493 1025071 529302 835383 1021944 774177 196892 1073328 700510 907895 899890
814691 808895 251686 414542 667130 509613 363348 795714 373682 408090 443280 457311 351039 636827 632650 293574 163001 677681 666662 190073 877017 188297 782158 654776 410201 787567 174614 711689 521269 578747 844880 999999999 370547 387234 421247 587164 91722 579686 772632 165070 167460 475716 315482 274784 435663 408083 496431 247248 529877 141569 407050 444370 324079 266344 764744 853421 283062 699730 764100 569085 371873 907908 762656 794006 553720 640291 357304 732540 344074 269567 181236 141799 130719 761599 511640 359524 284748 22513 592376 565209 701155 540439 477405 802091 737014 540214 687212 758982 654864 319650 180377 315914 591836 371306 794595 649925 276706 265201 127416 263127
836343 689931 155427 166972 952040 550007 670662 1033256 127573 753114 739525 136061 701275 651248 909334 265421 240744 807279 852232 277573 758164 191796 1047222 920147 323374 797193 503338 740760 626656 524253 686730 370547 999999999 666162 719015 773043 436997 861207 1009362 534916 427196 780158 646688 494457 806048 134294 155505 364183 814227 511575 775507 392201 672544 376388 927687 1090076 337035 807533 926083 597931 75200 795117 730229 964131 697665 889861 725826 782456 58869 638872 537978 512211 500199 657955 804206 498799 620772 352386 709335 332495 969413 720521 569112 742795 961743 357968 795034 1033354 901788 690113 495427 297459 845476 731218 979723 503704 642955 497766 333251 607014
591810 733297 510918 611454 288511 378459 63695 409376 596868 190065 77411 686310 495741 472307 249267 433489 431286 374862 313333 388635 786463 538870 396601 268291 482709 582955 465534 506187 304799 513699 802420 387234 666162 999999999 61790 247772 420721 197945 386647 309922 525245 120714 524727 176634 380140 752329 730155 314322 149187 346329 326960 457750 182164 309954 417709 466798 359998 414162 417882 418080 700527 805033 608162 438888 273253 253669 306408 499278 667006 362881 410998 324845 353553 681966 138121 237631 151107 387050 328679 678391 315708 221276 306009 665773 354930 618155 404618 376071 268493 351669 485753 419536 205181 244425 429540 648795 392794 169945 514069 178104
632863 789170 564368 670384 245939 435969 59059 388134 654266 145792 22038 744279 483310 524255 212388 492355 481364 404680 325998 442260 840681 583271 362637 238054 544257 627122 478562 551969 356268 572716 859922 421247 719015 61790 999999999 271657 443252 159132 366784 321629 547096 61500 520759 235394 344140 800061 788193 372745 109632 360506 291825 519489 163947 369440 429362 443914 419739 447155 429916 472837 750083 858019 658438 445836 314744 234833 279616 540709 716947 354885 419471 340010 369336 738060 90453 299244 154308 423877 370635 740048 282021 255674 362611 717126 342929 679943 438733 337983 250161 334190 499782 479619 188334 212009 430901 709253 384846 227150 545899 182587
376790 594338 624641 667959 288112 292582 309091 273411 671719 416296 263907 749068 743479 320069 244267 509008 571970 134886 81434 514304 632062 696664 318808 225060 499166 380018 698273 314169 183596 425496 676350 587164 773043 247772 271657 999999999 641587 235315 250819 547897 743886 284154 770315 315630 615634 884653 789631 415120 231377 580819 563465 444966 428196 399788 178186 326037 436012 180281 177747 296093 825504 641339 434757 206951 99304 174994 549653 288666 791499 610297 649454 559008 586056 547431 252420 274499 398066 579929 138186 670577 263576 52541 230774 496324 197259 599955 173956 323241 177513 598879 716872 480344 162220 483357 211697 572388 640117 322923 712533 424121
893760 899373 334644 499428 684885 592650 384210 828674 456372 398788 464738 536087 267439 719653 655081 385203 251325 742152 718542 281775 967199 245926 805354 681196 501921 868457 82896 791462 595080 668002 936355 91722 436997 420721 443252 641587 999999999 601836 806395 134635 104526 491086 225396 340380 384002 451408 573139 334629 552753 96278 364804 535276 316819 353053 819725 885474 373252 767830 819325 651817 425351 997678 848095 846584 619153 673201 316552 809212 401799 209234 100985 110553 84046 851684 531428 435552 292948 113765 661745 654579 725072 598162 555019 889278 775595 631349 755610 778932 688266 264963 90151 407578 624926 347026 843315 741582 208216 328132 126769 266532
609827 822254 705780 794839 90915 491289 218071 237811 784950 252103 137320 872378 615538 547328 53279 618747 628600 362696 249089 583826 863933 736668 203583 83146 649677 615036 633673 549223 390104 631424 901283 579686 861207 197945 159132 235315 601836 999999999 218876 477443 705326 115048 662258 367193 441292 950082 915806 502544 49814 516970 395243 611687 305707 494991 337872 290718 543085 410205 339279 511588 897744 874886 668573 342351 319686 101209 399667 523435 864081 495744 572535 497005 526340 773573 70987 397321 310338 581482 369220 840090 123319 252053 418402 729978 208883 774268 405843 179359 114603 464658 655265 600055 77040 329415 316482 776532 524888 363454 704848 338085
537604 810011 856741 914701 174886 541259 424693 23927 915151 470664 346781 995502 834385 546850 172784 749614 792575 309564 191758 739658 835682 911080 96039 136409 748886 557628 845267 513106 432699 668942 896076 772632 1009362 386647 366784 250819 806395 218876 999999999 688293 910843 332749 880633 525030 654970 1112913 1036864 645641 261786 726877 611220 695739 522943 632977 209545 81733 674439 351128 212075 537117 1056146 837241 636505 189920 347467 133195 618110 470691 1021988 713977 786117 706100 735347 767861 287400 513410 521090 770844 372155 921163 114256 299583 481570 696340 55286 850318 353940 124450 118192 683529 866386 723496 181559 548022 149834 814477 743297 526856 899892 549369
840602 892292 407140 563504 557187 557476 263678 709756 526962 264325 342171 614290 232297 680338 530297 416622 312809 661433 620008 317788 956925 352776 679904 558773 522750 820627 156981 741813 535895 656384 940515 165070 534916 309922 321629 547897 134635 477443 688293 999999999 231849 364112 231829 280747 271255 570253 655020 330288 429501 40186 242160 539695 183203 344251 723672 765461 379955 692967 723601 613883 536459 984112 815363 747119 542943 555792 192460 751399 509069 115791 101646 24990 51231 842136 406480 388938 167470 182533 591546 698839 600608 510242 506114 863088 661924 662825 681523 651805 571075 157985 178159 428883 508350 213804 739291 752861 133460 265200 257773 139427
982087 964459 359747 522262 787412 676250 488109 933077 475198 494675 568454 544023 288947 803400 758517 439319 295339 841002 821532 340833 1033491 240729 908697 785135 557619 954669 98661 879026 688141 738749 994216 167460 427196 525245 547096 743886 104526 705326 910843 231849 999999999 593717 224073 437732 451123 410071 576015 412099 656444 191696 441416 599970 414892 431637 922070 989801 442985 864826 921605 735768 397911 1065605 927479 949532 717387 777656 396205 899959 381338 277632 160612 209777 180902 918717 634714 526689 395545 183587 757892 688953 828629 699442 644836 965001 880107 675886 852424 881726 792734 334834 80714 467005 729404 436658 946987 797524 266363 426595 95838 368512
656731 831751 625654 731491 193799 482519 113255 352368 715701 143485 43351 805637 503175 562303 166862 553459 542005 419031 325086 503611 880600 641907 315831 198055 602836 654712 519685 582058 395398 621241 905049 475716 780158 120714 61500 284154 491086 115048 332749 364112 593717 999999999 547886 296426 340967 859733 849541 433948 72191 403938 291522 575549 190683 430273 424633 405746 480458 464079 425557 515070 810386 896089 693495 436088 343501 206666 289791 565782 777381 381231 457972 384443 413700 781124 45529 355002 198209 479694 398624 798163 237094 279274 408372 753364 317053 736927 456997 288013 221639 352210 541417 540142 165915 219400 415932 760529 410559 288507 598573 225304
1072420 1111806 558446 723554 728851 786197 468763 900052 679390 414783 538155 755797 77431 910441 711960 608175 476719 889134 838045 504485 1178155 456004 854952 745384 723242 1052165 146118 973424 767724 877177 1153939 315482 646688 524727 520759 770315 225396 662258 880633 231829 224073 547886 999999999 512046 288508 633791 790754 544060 619260 211794 303036 751223 358471 560601 942432 952382 588357 922387 942608 843493 621505 1206895 1044335 962846 772734 752621 274594 983192 603642 166707 142891 230682 213613 1062705 593283 619152 373712 337945 822372 879959 780746 736221 737243 1090322 862372 855559 911194 822262 767866 203319 151328 628238 707993 339372 950733 961184 137370 496710 313871 346693
561218 626802 339131 435066 457864 279743 200771 548878 420373 320501 253521 509678 509271 400188 414879 257036 267848 403390 396474 217955 688083 386812 554421 426471 316054 540136 408961 461459 257640 392805 684328 274784 494457 176634 235394 315630 340380 367193 525030 280747 437732 296426 512046 999999999 467529 589447 553521 137689 321183 302322 417670 303783 266299 134185 491717 606736 184623 427555 490945 334439 534429 712753 536221 522355 279663 399243 379640 473426 500419 379117 373951 282068 303401 575527 313677 109859 206879 265600 321388 512042 475650 267017 225369 586009 482389 456823 415285 539211 412141 394719 424353 244823 353211 341169 526148 510610 404666 16436 398016 215567
971950 1091232 676488 828393 486377 737047 316816 670665 794511 199860 352331 883249 216784 844532 482384 669677 581424 748779 664891 578191 1149847 621677 609334 519742 763814 962527 352671 885139 680040 859454 1151494 435663 806048 380140 344140 615634 384002 441292 654970 271255 451123 340967 288508 467529 999999999 834724 924649 565824 410322 296229 53208 766049 206478 574602 765495 716508 619107 790789 766378 784911 804884 1171887 982028 776801 653299 541505 89376 879418 778633 175594 292327 293877 308248 1039677 383468 572150 261968 453733 708810 951230 544577 598297 670566 1037368 650165 907058 782019 573402 555557 119044 372465 675020 505329 135942 755158 976773 184978 451538 509837 252339
968962 822136 260616 300234 1040813 677911 747223 1136831 261826 812833 821491 255335 698227 782946 1000383 386169 322158 928947 965170 373279 889843 221754 1143291 1014837 455782 930221 501097 872298 748501 658139 815290 408083 134294 752329 800061 884653 451408 950082 1112913 570253 410071 859733 633791 589447 834724 999999999 258449 469849 901510 539731 811598 524178 729439 484869 1045651 1194380 451916 932142 1044191 727837 62298 926984 864368 1081253 815279 988677 762167 912791 94482 660610 548876 545713 527412 791266 888517 610771 684003 395359 831261 458889 1063771 832227 691354 877039 1067725 490064 919484 1126397 1001472 715864 487909 420471 942557 779385 1094282 635947 658552 589847 328910 665898
780017 585649 248161 122326 1004923 527944 747051 1060309 135109 845941 806888 43947 840393 605814 959651 297306 343305 797715 863827 356706 650268 335785 1087115 964561 294714 738277 645358 693789 622369 463610 567547 496431 155505 730155 788193 789631 573139 915806 1036864 655020 576015 849541 790754 553521 924649 258449 999999999 415835 872252 637329 889022 359107 770300 421330 925605 1114885 372723 788778 923664 564513 216862 687809 658446 963494 702424 928091 840124 741184 212582 765336 673032 634382 626934 561972 866658 526366 713837 475784 701788 213838 1013407 738501 566220 659174 985504 263266 777118 1078324 938271 812865 639717 316773 887639 835554 984990 403381 773102 561045 480588 704904
574360 567828 211204 297702 592697 265488 334576 669557 282969 445151 391150 372000 560347 392150 548609 119767 161699 471949 495992 100960 634607 289025 683619 557308 198002 544716 415433 470936 297636 334143 611459 247248 364183 314322 372745 415120 334629 502544 645641 330288 412099 433948 544060 137689 565824 469849 415835 999999999 457629 335990 520436 209492 379319 20011 580439 726648 53519 483985 579176 324918 411481 664179 515602 614847 351925 525824 476477 497076 377353 443789 401276 320990 331833 519053 451069 143457 319165 228875 377354 388329 606576 362836 245615 554983 598945 341244 471111 670939 537643 473990 424778 112545 481921 451877 625682 422573 463688 145838 345979 318602
608075 804247 658831 751878 139429 464759 168671 282047 740497 214980 88015 828654 575316 530657 102884 574955 580397 364454 261113 536679 849026 687421 253033 129284 611013 609796 586086 540494 368240 605076 881110 529877 814227 149187 109632 231377 552753 49814 261786 429501 656444 72191 619260 321183 410322 901510 872252 457629 999999999 468811 361954 576211 261197 450956 357466 336578 499738 411020 358560 489960 849627 861952 656735 366744 304909 134474 361817 519096 816056 452554 525641 448628 477973 754646 27061 358731 262106 531686 357623 803375 172392 237616 390837 717652 244862 738876 405214 229167 149460 424366 607548 557581 95009 291389 345041 748490 482034 316604 655103 290075
863539 902377 390933 551023 597170 574458 302192 748499 512261 303865 381261 597625 225194 699018 569909 412861 298565 691314 654272 311173 968072 325489 719656 598036 523104 842064 119209 763559 559558 667044 947433 141569 511575 346329 360506 580819 96278 516970 726877 40186 191696 403938 211794 302322 296229 539731 637329 335990 468811 999999999 272126 545037 223248 351525 757500 804419 383114 721392 757350 631918 508666 996258 832587 781784 571295 594151 223021 775404 482509 128079 71690 21813 12513 852812 446044 408015 206709 161579 618449 693054 640203 541579 526731 878579 699632 660768 709718 691748 609405 178729 139717 428277 546496 250753 774994 757178 137570 287517 221619 178891
918769 1039748 641197 789515 445693 685079 263611 627766 757343 148866 300735 847009 238257 791747 438441 627166 545915 696279 614105 538565 1097922 594936 570253 475232 718144 909324 344688 831956 627004 808689 1100872 407050 775507 326960 291825 563465 364804 395243 611220 242160 441416 291522 303036 417670 53208 811598 889022 520436 361954 272126 999999999 718036 154261 528316 715362 675278 573902 738048 716184 732450 778617 1119669 929177 727600 600148 494514 49755 826235 751123 164404 280806 266241 284552 988168 334949 521086 211158 423638 655636 907464 502604 545426 618108 984705 603941 861506 729195 535138 508845 108423 365757 630820 456860 82745 706985 927813 181796 401859 491571 203723
444893 364891 289922 245288 694158 168878 498142 718374 267669 623301 532786 323672 769727 259047 647077 166921 309905 439176 513597 259145 433608 418033 757294 643787 69059 406716 617746 348569 267768 144241 402765 444370 392201 457750 519489 444966 535276 611687 695739 539695 599970 575549 751223 303783 766049 524178 359107 209492 576211 545037 718036 999999999 569253 195827 568223 770275 162891 429770 566195 208349 462091 465674 349089 606343 351233 600965 676923 391156 432637 652621 608924 530405 540424 318755 578580 220554 509187 423502 344383 229243 690423 396982 214642 374584 642128 162686 418047 754643 608745 680507 624723 134456 567096 643914 629871 213390 673023 318535 519812 514321
770552 885616 526987 662943 379211 530818 119228 542898 635839 84053 180113 727035 319400 638324 356949 492537 433506 556956 488234 413824 943661 507713 504068 388736 574604 759158 333637 681175 474748 655198 947444 324079 672544 182164 163947 428196 316819 305707 522943 183203 414892 190683 358471 266299 206478 729439 770300 379319 261197 223248 154261 569253 999999999 384696 592182 596422 432635 596249 592633 578436 687971 965470 775929 609576 453469 394161 125506 678115 657402 191892 269988 206394 234405 834025 235665 367437 60426 334484 508187 767549 426840 403432 464092 830984 503927 717604 586584 473959 409416 171171 355736 491613 349672 74889 594797 776852 221666 250985 435370 65723
554360 551241 225091 301633 584692 245573 333879 656869 290010 447977 387193 377700 575214 372321 540086 124029 180346 453625 480355 119124 617624 307658 673126 547573 190131 524785 433437 450936 278448 316813 596464 266344 376388 309954 369440 399788 353053 494991 632977 344251 431637 430273 560601 134185 574602 484869 421330 20011 450956 351525 528316 195827 384696 999999999 563441 713716 50505 464957 562134 305026 425867 646821 496330 598152 334318 514833 485229 477106 391811 456801 417726 335925 347797 502130 445511 126492 324318 248263 358584 383304 596788 347358 225982 536271 585564 333430 452080 661366 526337 485322 443171 110912 471657 458030 609740 409216 477417 144265 365975 325435
329666 615074 785121 806981 345215 400510 475280 220892 817782 566524 416557 887713 911018 368949 317589 662354 740649 131388 104404 681165 634482 866963 304973 282517 630891 352690 875493 317863 303916 507234 702414 764744 927687 417709 429362 178186 819725 337872 209545 723672 922070 424633 942432 491717 765495 1045651 925605 580439 357466 757500 715362 568223 592182 563441 999999999 248623 593745 158701 2684 377889 985076 633291 437951 38312 230406 240212 708290 270422 951495 779672 825318 735694 763103 576752 383583 437046 568747 756951 223925 779106 293926 224701 361082 495723 165103 707213 165854 328831 230503 763193 894354 630515 264110 639288 71816 645836 809684 499887 889528 595794
576535 862465 937818 992906 230142 612145 502419 58012 994476 539315 423305 1073869 903290 607073 240452 829453 874225 365967 258960 821104 883096 992810 113234 207741 825202 601125 922296 564671 504641 735475 949497 853421 1090076 466798 443914 326037 885474 290718 81733 765461 989801 405746 952382 606736 716508 1194380 1114885 726648 336578 804419 675278 770275 596422 713716 248623 999999999 754569 402901 251307 603424 1137442 881701 686081 219005 419719 213178 685826 518617 1103282 786102 862206 783878 813188 822686 361072 593148 598007 851945 438797 993724 172897 376458 555646 744256 129406 922431 407743 150957 198559 753002 943617 802746 261670 616447 178255 879421 815052 608588 980576 626163
