NAME : synthetic_000356
TYPE : CTSP-D
DIMENSION : 100
GROUPS : 8
RELAXATION_LEVEL : 1
EDGE_WEIGHT_TYPE : EXPLICIT
EDGE_WEIGHT_FORMAT : FULL_MATRIX
EDGE_WEIGHT_SECTION
999999999 614844 390040 135846 539320 185993 202305 352890 410768 557545 766154 847021 538110 1000588 613290 492217 363795 949375 743341 415831 813550 289293 182438 807322 259172 321261 1040522 408116 593514 904782 623270 225004 965437 890715 842360 348724 223589 746476 599902 671073 485503 726222 647395 262621 545702 603632 538475 710900 558771 694175 587646 622104 710204 124250 599601 535394 650838 941986 153834 471687 162609 207318 299795 636960 675950 263537 743358 737290 192196 695173 237045 597977 373801 496821 113339 712756 291430 464477 161742 1001465 442240 284748 141522 812848 290052 687393 685737 562088 458069 606830 808905 528682 711458 452969 294646 425584 543894 91355 616485 472376
614844 999999999 493032 550995 103202 762925 691569 604453 735240 238363 152224 315754 408638 549455 355651 235311 350841 444570 905450 837667 274841 904038 795245 469215 624579 295506 565341 218554 898281 529498 909337 430199 520998 566622 519425 755735 781758 457854 73782 779146 356916 119720 257713 355284 329278 667235 519129 697963 75335 232205 348459 364436 823122 704645 394829 390713 39607 490326 554512 187508 454654 572751 750869 264154 270541 405804 282552 795200 465380 855312 825803 266872 785851 526228 513933 267574 352715 770283 628972 562552 316549 330167 755072 686174 412263 507231 337912 131760 336795 422417 687969 401629 921148 696074 499170 521812 93551 531958 696609 439535
390040 493032 999999999 453728 483883 573701 581683 123917 248678 296672 608180 579869 178065 664965 708788 263614 501203 647736 448930 366025 559077 613625 500052 452244 197126 347798 712308 407504 405759 549659 418634 420655 630573 521336 477602 293286 409186 384881 527646 338294 164968 609077 365039 283419 645401 240822 148447 333261 417697 686178 687080 719689 383793 386491 721841 184505 511185 613216 238037 306731 297437 197935 312291 350810 388278 441150 460200 386302 423096 395914 473625 311936 318960 107935 295630 717949 220900 278298 525367 660454 178741 321234 500714 423333 478801 305601 744646 373362 579762 242343 419622 675760 447801 203106 552271 43496 399525 378856 262981 656111
135846 550995 453728 999999999 462169 213661 149340 449141 528368 548110 702798 818319 570940 998210 490603 480851 249202 931398 850894 547372 781479 379167 293056 822341 369455 260335 1033070 333102 716525 916731 744744 122705 963584 913304 862723 475910 358616 767962 521782 766543 507932 652382 637026 234241 425139 686451 597126 786281 507337 591339 465196 498699 808435 259360 472551 564084 589566 937532 246305 441906 161316 305946 430674 628966 665474 155247 726564 827221 86212 800587 365089 593520 502830 561026 162387 605762 288734 582257 84086 1002150 452782 235515 234195 872035 170660 727078 567715 526496 337982 637052 869008 399831 825083 558728 159089 494680 495471 77665 703470 339910
539320 103202 483883 462169 999999999 675676 597991 583071 712898 282538 245566 417167 436874 646279 275355 254022 249171 545325 918711 804530 376295 826388 721601 546973 586198 218914 664811 131522 887381 615821 902008 339687 616551 646323 597013 721065 722647 525796 60609 795956 374396 190217 327979 290781 237389 684999 538920 731150 115666 202399 263398 285283 841223 638817 309068 419512 141937 586147 500047 187075 385082 527532 708729 330795 346625 311732 372140 821272 375958 866910 761027 322035 751974 537090 446718 234891 305954 753196 536937 658205 320785 257925 676701 738311 314207 557905 278601 181197 234890 465303 739218 305658 927061 684648 398466 518692 123144 452210 713463 338514
185993 762925 573701 213661 675676 999999999 114614 522998 554386 735569 915036 1018456 724064 1182358 682950 669042 456323 1125849 892380 522513 983181 190589 161414 992237 421780 469041 1220907 545972 719146 1089403 751521 336365 1147281 1076479 1027916 475499 291932 932024 735401 834307 670563 865889 825625 427824 621878 777034 722016 887193 715682 799975 658457 689758 870293 223294 657561 721165 801073 1123066 335714 640400 333700 382942 418706 815939 854281 367784 919651 904224 299819 847720 257849 777872 493084 679294 296007 811990 468263 605386 149332 1184017 625011 439277 103810 994850 377680 873155 764860 728598 537618 792757 990648 583055 852287 610973 332537 607407 702686 239137 787089 514914
202305 691569 581683 149340 597991 114614 999999999 554774 609540 697306 842083 966483 712765 1147411 576798 630035 363465 1080467 944515 598461 929240 305187 262703 969425 461223 406793 1182407 473087 786833 1064471 817805 262165 1112745 1059059 1008860 540406 376948 913631 655952 873304 652253 787076 786328 383393 518404 803718 728784 909058 652443 704410 552913 583016 912508 290392 548895 707097 730724 1086792 352704 590915 303845 408723 486857 778186 814790 286353 875825 939035 228881 896867 356052 742504 562320 689579 286767 713698 435849 662732 65309 1151184 599298 384237 197854 1004509 287439 867397 660417 674588 436966 780012 1001004 474497 910620 655001 227222 620016 641423 208210 817554 404898
352890 604453 123917 449141 583071 522998 554774 999999999 130843 419606 726752 703532 296025 778815 783835 382093 555441 768407 403650 242370 682990 528069 421000 562636 103829 415381 827630 489413 309010 658216 328524 449897 745012 622646 582694 169955 309970 493925 631822 319118 288883 722605 488918 339060 717244 254176 232863 365668 529569 783093 760481 794564 359830 311847 790711 304816 625743 729396 204402 416959 314644 146240 194897 474665 511945 478358 583696 384403 442047 352385 376869 435853 195070 186512 287784 813064 289905 170848 507278 772746 297449 381058 435830 484064 516728 401906 829154 490718 643122 355124 478984 736670 385030 115346 575097 123537 511188 371518 264484 706244
410768 735240 248678 528368 712898 554386 609540 130843 999999999 544967 856010 820962 406357 874077 904988 511130 668941 876271 337999 128311 803061 512667 422411 655814 160477 537302 924884 615282 191713 747176 217444 552291 841548 702825 668517 92007 288469 586904 762330 293569 411291 853238 608971 458404 837386 276197 319615 387717 660297 912046 881036 915582 322976 331142 908949 417990 756181 828953 286430 547734 416918 228850 146954 594509 630236 584447 700738 368721 538376 294081 352598 557111 97628 277937 376594 941491 415206 53943 572331 865628 426204 500780 455567 524714 622178 483895 954022 620329 759951 457063 518530 851324 301086 83002 669531 234738 641923 453394 272136 815323
557545 238363 296672 548110 282538 735569 697306 419606 544967 999999999 320049 297541 172916 450106 555976 67274 445063 391930 672376 661924 270221 834110 718071 289748 470840 308633 486048 294899 687171 376522 693841 451596 415479 388363 336776 586263 664750 252914 298608 544904 135438 337484 90060 313913 510054 433392 286188 459603 173408 466568 541676 566232 587989 610591 585898 155139 241362 389557 445123 123178 401982 439006 596537 80911 118713 446618 186423 557466 476505 623573 721238 48080 613514 300662 444274 501735 267351 570605 632171 454258 129040 318223 695611 455907 471757 275476 559608 107444 480342 185240 456944 568376 692905 490871 565365 313683 160974 498183 463000 581526
766154 152224 608180 702798 245566 915036 842083 726752 856010 320049 999999999 233961 489748 477672 440278 344881 493606 357106 986998 965878 198701 1055441 945810 461312 758967 447650 480285 369842 1006360 495071 1013708 581498 455842 547907 508519 885938 926771 472536 192513 858850 454282 78073 293710 505207 434493 748716 603781 758414 211263 270775 441081 446577 900269 852876 485398 472535 115324 425687 698809 318239 605128 712028 886324 305874 291402 555810 263877 862698 616983 939735 973212 327715 915143 620643 663468 300341 496611 885961 780039 495108 429820 481781 906732 717900 559731 549786 394080 236196 463666 482938 721124 510901 1011081 807873 643375 630498 228359 684001 778336 560708
847021 315754 579869 818319 417167 1018456 966483 703532 820962 297541 233961 999999999 415765 244158 660148 357629 655871 129221 870388 944186 40915 1128700 1013198 266051 764999 560291 251774 508225 936691 272594 936366 707296 221935 334613 305110 873153 962165 303076 384732 745081 415594 308079 215702 590637 642403 644666 518576 621392 322854 501369 656899 667664 780388 907214 702810 403153 280849 191946 742128 378103 686649 736260 888714 229566 191594 691631 120225 730001 738227 829748 1018747 269604 898524 550577 734806 532542 555886 837772 901428 261193 425912 582872 987223 545787 706655 406632 623291 291897 651996 377125 550530 716287 907446 755757 798637 586443 329912 779327 672632 755181
538110 408638 178065 570940 436874 724064 712765 296025 406357 172916 489748 415765 999999999 487063 699545 182862 541867 472582 499489 531632 400716 784285 668945 276492 374955 386088 534243 409542 526452 374562 529841 503990 452586 353251 306257 465313 586025 211119 463247 371993 71270 510397 209877 353227 645532 260500 114036 294278 338799 631411 682026 710252 415218 555584 723380 17926 414066 435182 396185 252058 410064 367595 489086 195448 227426 512177 295798 387095 518315 450930 649507 163973 488437 136389 430481 666060 288230 422042 650970 482989 136067 376982 662126 321696 545233 157012 715002 276920 599205 68830 320703 693455 521349 340066 632613 173866 323570 504558 290121 692254
1000588 549455 664965 998210 646279 1182358 1147411 778815 874077 450106 477672 244158 487063 999999999 900899 517376 870463 126336 826191 1002363 282302 1265040 1148746 218274 862001 752733 53410 718008 944453 134294 935425 898822 35177 200387 213695 944586 1072781 287187 621487 714971 521223 552235 361566 764018 878721 638218 554592 573868 540022 745410 896181 908809 739043 1036711 942402 482575 518018 61595 872716 562311 850060 851506 973571 369247 333420 889980 280499 676053 925421 797056 1135597 405395 964550 597850 887611 776698 715069 875932 1082275 22691 558390 766753 1134388 453886 910907 393685 866977 491940 879614 423900 460536 950687 877073 796708 1004770 655307 542160 946950 660628 983901
613290 355651 708788 490603 275355 682950 576798 783835 904988 555976 440278 660148 699545 900899 999999999 519165 251286 788821 1156916 971783 620134 865326 783567 820619 755725 368477 911892 301727 1092394 884890 1112299 389834 873983 919399 870809 889317 831591 801133 281925 1040351 632086 362388 602723 446585 69044 932670 792258 991669 390647 182834 25655 10918 1086208 734500 47030 683041 383520 843198 642090 448249 504698 687883 861651 605983 620141 351135 638165 1074561 421118 1104036 850245 596973 920223 782158 561952 170144 494942 952537 534117 915268 571553 404208 724308 1010046 323385 830098 86574 456548 155522 735298 1010575 106899 1155865 895822 350578 749083 398412 523782 959575 178693
492217 235311 263614 480851 254022 669042 630035 382093 511130 67274 344881 357629 182862 517376 519165 999999999 386750 457332 671832 622432 327239 771280 655627 352131 421989 244419 553167 240769 665754 441475 675518 385486 482733 449323 397619 543885 608414 309454 282887 546645 122831 347405 156885 246642 468028 434889 287262 477139 161384 450219 502712 529755 591291 549823 545321 165572 249103 456824 385239 71278 335350 384162 549111 148177 185524 381946 251180 568167 409735 621135 662896 113456 572405 291241 379158 484535 201177 541820 564907 521421 84963 251808 631153 492230 408466 313819 532196 109873 429954 217047 492404 521230 686001 464962 501593 288575 144542 431256 463937 528567
363795 350841 501203 249202 249171 456323 363465 555441 668941 445063 493606 655871 541867 870463 251286 386750 999999999 780771 947034 726069 615664 628369 538649 734516 514051 157853 895500 153039 859531 817621 882051 139057 838235 833414 781839 644819 580410 695962 301797 839495 470600 431184 520288 219220 182737 738856 612195 815783 333689 343663 225686 260685 884981 483713 244396 528463 390264 808999 395384 321891 257357 444974 613808 517416 545491 100352 590017 884429 172115 894078 600771 492858 675332 591317 312134 356754 280450 719032 308647 879411 405806 179973 482510 863563 78914 692296 321978 378834 96059 594214 862521 182429 937606 670310 149886 544192 329132 273353 762959 155085
949375 444570 647736 931398 545325 1125849 1080467 768407 876271 391930 357106 129221 472582 126336 788821 457332 780771 999999999 876611 1003047 169971 1224837 1108534 247126 841032 676987 123457 631052 970386 206077 965628 824409 115891 277747 267629 937891 1046032 306375 513935 757178 489999 433445 302491 699760 771623 667410 560366 622257 447083 627169 785912 796199 787083 999337 831750 463727 410027 93901 833615 489555 792247 820618 960024 313821 274222 811206 206232 729374 853819 841562 1105761 354033 960849 598899 836156 657383 658503 885835 1015182 147112 513958 696300 1087489 521336 828359 418744 749860 408914 780212 419482 527223 845453 921265 804303 921220 646374 452406 887260 693003 883685
743341 905450 448930 850894 918711 892380 944515 403650 337999 672376 986998 870388 499489 826191 1156916 671832 947034 876611 999999999 401454 868192 837734 756711 629512 484712 796211 879465 855217 212157 692532 181521 851457 801542 626801 615949 420971 619070 573422 954088 128187 549092 1009853 696807 727827 1094160 238989 386661 254489 832940 1119717 1135573 1167831 90089 669115 1170746 517237 913161 801315 604617 732593 717341 545016 478845 683489 706184 877772 761142 150367 845324 53042 678734 659289 410405 381804 690858 1153201 668492 287730 903284 810230 598008 767620 793097 378122 916156 464304 1188794 774550 1028248 506571 371009 1124016 66742 292227 978349 407887 816357 773600 209376 1100975
415831 837667 366025 547372 804530 522513 598461 242370 128311 661924 965878 944186 531632 1002363 971783 622432 726069 1003047 401454 999999999 924684 439285 370884 784108 219564 611544 1053106 695939 202081 875427 235721 597421 969784 830461 796664 83762 232072 715182 857584 391925 530874 957013 730460 530763 902977 396183 447837 503702 763902 998589 946911 981998 411710 308070 970173 542385 861686 956988 330685 651430 468717 284643 116733 716117 752812 633259 824061 467853 576555 368767 283618 677725 52631 405688 416627 1025955 499407 140068 573764 993938 538440 572281 418864 644428 668944 612028 1028431 729725 820713 584369 637966 907077 348245 208548 700631 358267 745538 479851 387640 862910
813550 274841 559077 781479 376295 983181 929240 682990 803061 270221 198701 40915 400716 282302 620134 327239 615664 169971 868192 924684 999999999 1096825 981722 280547 740438 522646 292083 468693 925392 299340 926501 669319 258302 357216 323324 851952 934468 309271 343978 741675 394138 270763 194244 555465 601711 638528 507332 622507 283132 463325 616577 627758 778501 876948 662555 386962 240057 227824 712471 342945 652425 709013 865302 208637 173409 652916 107712 730755 700690 825960 989926 247167 878032 536763 701882 495009 523072 822184 864303 298428 399252 546268 954215 555567 667301 407084 584678 255105 611106 367971 559907 675483 902660 740394 758993 568336 290791 744166 667047 714268
289293 904038 613625 379167 826388 190589 305187 528069 512667 834110 1055441 1128700 784285 1265040 865326 771280 628369 1224837 837734 439285 1096825 999999999 116447 1060540 425952 609677 1308286 694870 640854 1158708 674609 496914 1229942 1134554 1089631 421845 224964 995245 886983 806167 743820 1014537 922578 551424 801872 773258 754255 887125 847783 969762 840334 872717 834890 228778 842632 785669 940128 1208740 392553 757616 451193 417033 365725 911020 950670 532721 1020460 880960 460460 800321 160187 870858 427953 708244 396238 984849 574093 555080 333075 1263499 711247 573875 149700 1011784 549728 918769 944981 848486 715628 852153 1006551 768328 787163 586025 517313 637352 832671 374180 776240 701823
182438 795245 500052 293056 721601 161414 262703 421000 422411 718071 945810 1013198 668945 1148746 783567 655627 538649 1108534 756711 370884 981722 116447 999999999 944953 317471 503180 1191877 590503 571533 1043141 604713 402170 1113637 1020108 974703 335751 139337 880026 782157 713003 627549 907864 806359 440661 717643 671098 642796 784455 736710 874640 758114 791729 744925 113643 765298 669968 830533 1092346 276140 643885 340695 302520 277890 794732 834405 439765 904354 786309 367010 715551 96476 754526 348236 597178 283341 892052 459688 469507 268225 1147338 594849 465870 65573 904840 461677 805613 859679 734842 630170 737050 899854 692111 711300 489661 444755 525633 721153 272166 676434 629695
807322 469215 452244 822341 546973 992237 969425 562636 655814 289748 461312 266051 276492 218274 820619 352131 734516 247126 629512 784108 280547 1060540 944953 999999999 649163 596549 269580 583226 731144 98191 724120 735701 186247 99869 50246 727089 861406 69045 542077 510938 321820 519122 219870 590646 783700 425492 336406 375132 431428 695823 810128 830068 540065 831774 855983 275029 450253 177370 670746 412740 666323 644065 757533 219510 200505 733902 198181 482372 757530 595040 925480 241761 746613 380032 696308 730525 533731 658061 905384 210422 370188 601912 935855 281648 760530 177390 806970 368588 764381 209915 286835 847950 674911 578544 853724 439438 426438 763385 449705 867296
259172 624579 197126 369455 586198 421780 461223 103829 160477 470840 758967 764999 374955 862001 755725 421989 514051 841032 484712 219564 740438 425952 317471 649163 999999999 392536 909052 476387 351677 746326 377921 393095 827541 715504 673196 135811 212981 581465 640345 413910 351686 744292 549436 311865 687279 357050 329434 469208 552302 779121 731178 766106 451842 208053 756584 380360 650976 809781 125954 441185 258716 69430 127470 535843 574856 426272 647267 482643 378121 436096 278636 495480 166986 283113 216141 806393 280432 213879 418573 857580 342244 353719 332473 587370 463597 496445 810048 524570 607032 439345 582386 696336 455870 193803 509058 213678 534115 293619 365636 657452
321261 295506 347798 260335 218914 469041 406793 415381 537302 308633 447650 560291 386088 752733 368477 244419 157853 676987 796211 611544 522646 609677 503180 596549 392536 999999999 783748 90075 723944 685129 743883 147423 718934 693433 641750 528006 506676 551917 279288 685340 314993 404990 392559 80795 302007 582785 454381 657992 247165 392477 345120 379193 731045 420477 376504 373438 332851 691291 290302 190433 166679 327323 507078 386884 419995 138044 475130 728059 178053 743168 542719 356505 559179 434301 228710 417231 128050 584219 342105 758958 250442 40691 460282 707512 164344 538925 417812 268727 232042 441306 706260 327963 790797 527875 257176 390106 235139 236528 607532 312140
1040522 565341 712308 1033070 664811 1220907 1182407 827630 924884 486048 480285 251774 534243 53410 911892 553167 895500 123457 879465 1053106 292083 1308286 1191877 269580 909052 783748 999999999 744083 997461 187699 988623 930662 83369 253254 266962 994234 1118950 338144 635720 768378 565048 556839 396343 799334 893531 691211 605274 627262 562655 750558 908634 919356 792403 1080418 954572 528879 531762 99683 915737 593858 887712 896449 1022145 405269 367770 920026 308686 729285 958397 850457 1181170 443041 1014661 648015 927288 780620 752786 927633 1117144 70421 599064 799849 1175726 506510 939356 445922 873304 518969 899410 472507 513211 966843 930470 848072 1032895 704097 566369 984172 713790 1003305
408116 218554 407504 333102 131522 545972 473087 489413 615282 294899 369842 508225 409542 718008 301727 240769 153039 631052 855217 695939 468693 694870 590503 583226 476387 90075 744083 999999999 798250 665007 816293 211703 685566 682546 631135 612196 596748 547413 192113 738917 339316 320783 367573 168049 240656 631977 494196 696128 185620 304056 280825 312643 784788 510186 318405 394387 257639 656484 379066 172297 256544 413158 593986 365108 392542 187985 437509 774988 247163 802357 632405 342186 643373 481477 318664 330195 200083 659965 410426 726658 275932 130546 545180 728832 198756 552874 339876 226101 190171 455024 728452 283916 855115 598560 290443 447444 178689 320690 658512 287829
593514 898281 405759 716525 887381 719146 786833 309010 191713 687171 1006360 936691 526452 944453 1092394 665754 859531 970386 212157 202081 925392 640854 571533 731144 351677 723944 997461 798250 999999999 811116 33780 744003 915220 754370 731032 246427 432221 665828 932990 248718 552151 1013043 736329 646447 1025416 306250 418257 386995 822978 1088901 1068831 1103085 249875 498965 1098044 541754 914797 908509 477494 712476 608592 420456 301168 721895 753022 776065 818623 316729 729796 193772 485672 688964 226139 390232 567728 1119671 598915 140504 755012 932015 582146 688714 616295 530018 813848 553962 1138078 775380 949558 559718 522915 1041750 151304 202944 860474 377179 804907 642838 284568 1006814
904782 529498 549659 916731 615821 1089403 1064471 658216 747176 376522 495071 272594 374562 134294 884890 441475 817621 206077 692532 875427 299340 1158708 1043141 98191 746326 685129 187699 665007 811116 999999999 801583 826788 109480 72105 80186 820947 958834 164865 603274 580680 419405 561279 297446 683871 853127 505036 429219 439721 502005 747247 876462 893828 605042 929948 922732 373218 505137 115476 768890 497754 762062 742156 852994 300360 273322 823058 247174 542598 849907 662858 1023144 328630 839513 473930 793403 780945 628630 746383 1000123 120911 465923 692966 1033880 323261 848150 263752 863464 443509 840800 307538 329670 920500 742895 668293 941847 535475 499615 859255 526937 944703
623270 909337 418634 744744 902008 751521 817805 328524 217444 693841 1013708 936366 529841 935425 1112299 675518 882051 965628 181521 235721 926501 674609 604713 724120 377921 743883 988623 816293 33780 801583 999999999 768868 906900 743047 721744 277636 465380 659947 946251 230458 559580 1022892 739413 667330 1045768 298692 419344 371563 834165 1104010 1088996 1123041 226517 530734 1119082 545698 924574 901282 503874 724667 633130 446081 333111 725072 755037 800262 819261 294717 755677 168034 519259 693315 258444 394492 594029 1135241 617817 164471 784930 922335 592797 709445 648871 513165 838230 547630 1156142 784704 971105 559304 506004 1063976 118835 218057 886972 387527 816241 670410 274880 1030553
225004 430199 420655 122705 339687 336365 262165 449897 552291 451596 581498 707296 503990 898822 389834 385486 139057 824409 851457 597421 669319 496914 402170 735701 393095 147423 930662 211703 744003 826788 768868 999999999 864784 830575 779139 518318 441827 686764 399146 753421 435592 529863 537722 150763 321610 661285 551342 750720 390539 473327 364187 398996 797715 344738 379614 494105 469133 837504 269087 336841 135941 323812 482887 531243 565551 38730 622194 806320 36822 799213 461835 498840 548072 522027 180817 489946 216510 604446 198830 904471 374340 133852 348682 819229 71535 660684 460802 416037 234312 565642 817086 312028 834874 564938 132011 463998 379985 134305 682305 265631
965437 520998 630573 963584 616551 1147281 1112745 745012 841548 415479 455842 221935 452586 35177 873983 482733 838235 115891 801542 969784 258302 1229942 1113637 186247 827541 718934 83369 685566 915220 109480 906900 864784 999999999 179606 186284 911236 1038106 254775 593569 688349 486134 529051 327251 729364 850197 609008 521947 548182 508942 721455 868632 882082 713705 1001646 914929 447864 490577 30793 837591 528503 815084 816584 939671 334677 299246 856355 248298 651779 891143 771067 1100799 370536 931495 564811 852475 753298 680104 844308 1047637 41654 523230 732496 1099211 432526 877680 362881 842256 459469 849150 389941 438990 921556 851144 764706 971594 621478 510525 912011 632020 953508
890715 566622 521336 913304 646323 1076479 1059059 622646 702825 388363 547907 334613 353251 200387 919399 449323 833414 277747 626801 830461 357216 1134554 1020108 99869 715504 693433 253254 682546 754370 72105 743047 830575 179606 999999999 51704 780587 928469 145428 639876 518574 407340 610001 319679 683722 883258 449901 390228 376273 530893 790862 909271 928752 540504 906485 955213 355324 545943 187558 749195 511525 755259 717663 816133 319358 299698 830204 289560 476483 851150 599339 993939 340578 797275 436279 781501 825254 624691 697923 995647 183519 460589 697089 1015224 253579 857684 221040 903809 468394 864218 284436 260190 947771 679137 622089 950501 502183 526168 851777 469851 967060
842360 519425 477602 862723 597013 1027916 1008860 582694 668517 336776 508519 305110 306257 213695 870809 397619 781839 267629 615949 796664 323324 1089631 974703 50246 673196 641750 266962 631135 731032 80186 721744 779139 186284 51704 999999999 743628 886108 95893 592316 502069 357871 567820 269569 632596 833597 424899 351898 362116 481424 745684 860232 880272 527723 861177 906054 307231 500200 185691 702423 459950 705167 672599 777084 268678 250671 778575 246605 466647 799947 584833 951077 289055 761554 397231 732519 780325 574019 666765 945265 201071 409941 645590 968294 253708 805991 184637 857141 418230 813361 237737 259608 897489 664915 589104 898833 460820 476201 801873 446987 916021
348724 755735 293286 475910 721065 475499 540406 169955 92007 586263 885938 873153 465313 944586 889317 543885 644819 937891 420971 83762 851952 421845 335751 727089 135811 528006 994234 612196 246427 820947 277636 518318 911236 780587 743628 999999999 198976 658067 774434 385085 457907 875252 658156 447249 820616 365651 391802 478218 682361 914838 864551 899592 413047 253413 888555 474581 780488 896695 249894 570156 387597 201567 57876 643985 681564 553441 753454 460477 499136 380289 261658 604809 31187 347147 337683 942195 415743 134068 509612 937510 460743 488881 374047 613223 589706 559905 945152 650050 738993 522302 607207 826389 377231 171903 625806 291676 664033 405328 363206 783939
223589 781758 409186 358616 722647 291932 376948 309970 288469 664750 926771 962165 586025 1072781 831591 608414 580410 1046032 619070 232072 934468 224964 139337 861406 212981 506676 1118950 596748 432221 958834 465380 441827 1038106 928469 886108 198976 999999999 794021 781694 581624 556400 899514 748605 431887 763145 549402 541310 663309 715570 896296 805955 840810 611329 99356 820550 590245 813441 1019404 227990 611765 341057 226051 141724 735709 775351 480483 847323 656185 412095 579210 67174 694990 209370 494854 278956 918211 430173 333024 363500 1069013 536314 466289 188146 790663 510270 709129 900322 701078 676087 651492 785209 750742 572444 361075 517705 426453 698426 308696 551604 695776
746476 457854 384881 767962 525796 932024 913631 493925 586904 252914 472536 303076 211119 287187 801133 309454 695962 306375 573422 715182 309271 995245 880026 69045 581465 551917 338144 547413 665828 164865 659947 686764 254775 145428 95893 658067 794021 999999999 528457 451709 262108 522498 200339 539047 759513 361376 267413 320766 410626 688919 788761 810995 483435 766611 833920 211484 444323 244100 607039 375154 609836 578334 688805 195487 188979 687691 211438 429262 706586 536372 858456 207017 677570 310991 636656 724123 479435 589784 850235 279447 315363 553683 872778 247530 716243 112434 794653 344665 733152 143159 251472 820232 615753 509959 808412 370892 402933 706392 386672 834425
599902 73782 527646 521782 60609 735401 655952 631822 762330 298608 192513 384732 463247 621487 281925 282887 301797 513935 954088 857584 343978 886983 782157 542077 640345 279288 635720 192113 932990 603274 946251 399146 593569 639876 592316 774434 781694 528457 999999999 829423 405632 131131 328136 349876 257811 717735 570138 756082 125364 168358 275190 290667 874154 698734 321540 445466 103961 562839 557926 222868 445145 583353 764140 333510 342574 370157 356329 850167 435588 902975 820896 332138 805164 572548 506605 203324 361163 800863 595566 635045 357543 317995 737293 752142 370445 572202 266198 191539 273681 483844 753611 331624 965799 730048 451682 560186 139703 512804 746715 373980
671073 779146 338294 766543 795956 834307 873304 319118 293569 544904 858850 745081 371993 714971 1040351 546645 839495 757178 128187 391925 741675 806167 713003 510938 413910 685340 768378 738917 248718 580680 230458 753421 688349 518574 502069 385085 581624 451709 829423 999999999 423823 882367 568698 621417 979163 111915 260021 142854 707268 995949 1019742 1051265 45875 614273 1056428 389811 785982 685725 523399 609153 622763 465305 440452 555345 578384 776786 634347 76077 751171 84824 646155 531154 384045 259439 604274 1029778 559126 255714 826390 700444 475338 659528 740325 282765 814863 340727 1068648 647889 916831 378571 275593 1013024 164096 224092 883260 295394 690967 688908 82709 994397
485503 356916 164968 507932 374396 670563 652253 288883 411291 135438 454282 415594 71270 521223 632086 122831 470600 489999 549092 530874 394138 743820 627549 321820 351686 314993 565048 339316 552151 419405 559580 435592 486134 407340 357871 457907 556400 262108 405632 423823 999999999 465562 200260 285023 576700 312102 164773 359640 283867 572599 613947 642859 468525 515543 654654 58812 367526 465381 351640 187525 348440 331933 473562 186140 224226 442391 296513 446902 451499 498571 617180 146977 483899 169548 374811 606718 221470 435436 589363 519918 64797 306937 615096 392964 474917 225505 650968 227467 528595 130250 391967 623177 564452 355465 563133 178465 267285 444586 341114 621101
726222 119720 609077 652382 190217 865889 787076 722605 853238 337484 78073 308079 510397 552235 362388 347405 431184 433445 1009853 957013 270763 1014537 907864 519122 744292 404990 556839 320783 1013043 561279 1022892 529863 529051 610001 567820 875252 899514 522498 131131 882367 465562 999999999 331322 470317 358698 770874 623464 791319 193249 193724 363693 368588 925284 820393 407709 492621 98320 498586 672864 305948 568372 692255 870579 341482 335127 501258 321218 892574 566171 960880 942060 355482 905293 634892 628770 224464 471616 887088 726654 568979 431018 442044 864994 763262 501274 589402 316638 238402 393081 513748 765920 435280 1029226 811651 580892 635900 211643 640681 800477 487464
647395 257713 365039 637026 327979 825625 786328 488918 608971 90060 293710 215702 209877 361566 602723 156885 520288 302491 696807 730460 194244 922578 806359 219870 549436 392559 396343 367573 736329 297446 739413 537722 327251 319679 269569 658156 748605 200339 328136 568698 200260 331322 999999999 403064 564099 460498 320911 464704 212315 489359 591374 612397 608916 697874 637007 194889 246420 300603 532156 202573 492016 522557 673018 14534 28659 530427 98760 569314 563893 651127 806571 53958 683986 346190 534085 524651 357411 629126 721112 366751 212915 405245 785063 432762 553438 258216 594334 148719 545234 190442 435170 628092 724962 547603 647398 374308 206633 588114 489875 648616
262621 355284 283419 234241 290781 427824 383393 339060 458404 313913 505207 590637 353227 764018 446585 246642 219220 699760 727827 530763 555465 551424 440661 590646 311865 80795 799334 168049 646447 683871 667330 150763 729364 683722 632596 447249 431887 539047 349876 621417 285023 470317 403064 999999999 379107 523124 404651 606423 296373 471989 422679 457181 666714 350086 451756 343428 389985 703421 211097 212584 100235 246544 426561 394797 431584 162015 494048 668879 167568 674882 471887 359313 478417 378654 158672 497424 66778 506279 318276 767912 224673 42377 404089 669419 198060 509945 498243 301450 304148 415196 667441 398345 718910 452997 280459 326753 281301 188719 546210 373408
545702 329278 645401 425139 237389 621878 518404 717244 837386 510054 434493 642403 645532 878721 69044 468028 182737 771623 1094160 902977 601711 801872 717643 783700 687279 302007 893531 240656 1025416 853127 1045768 321610 850197 883258 833597 820616 763145 759513 257811 979163 576700 358698 564099 379107 999999999 872602 734357 935431 352396 203913 43936 79048 1025037 666348 77995 629519 361769 819554 573133 396750 435678 619262 792661 565970 583657 282882 608524 1015603 353526 1041190 782742 553247 851489 722119 492927 202856 429335 885355 472597 891777 514694 336769 659264 960248 256347 781280 143171 415778 87687 685058 960428 76615 1091512 829863 291189 686324 357557 455774 899031 137197
603632 667235 240822 686451 684999 777034 803718 254176 276197 433392 748716 644666 260500 638218 932670 434889 738856 667410 238989 396183 638528 773258 671098 425492 357050 582785 691211 631977 306250 505036 298692 661285 609008 449901 424899 365651 549402 361376 717735 111915 312102 770874 460498 523124 872602 999999999 148107 113909 595386 884505 912564 943572 156435 564657 950201 278253 674285 602746 451031 498021 535256 396550 414375 446847 471802 681919 530830 145758 662475 191044 616232 421077 373725 150532 524647 918449 458814 257104 752276 625948 364817 559458 689521 248734 719476 248989 958825 536013 812945 271763 242453 909210 264773 193854 792669 197365 579132 609573 29647 893935
538475 519129 148447 597126 538920 722016 728784 232863 319615 286188 603781 518576 114036 554592 792258 287262 612195 560366 386661 447837 507332 754255 642796 336406 329434 454381 605274 494196 418257 429219 419344 551342 521947 390228 351898 391802 541310 267413 570138 260021 164773 623464 320911 404651 734357 148107 999999999 203632 447381 737339 773094 803112 304239 529915 812299 131393 526540 509521 386303 351869 437609 343369 425910 306731 335737 566595 400384 282999 558717 337421 607674 277421 410427 46469 442109 771487 338024 325532 671248 546571 220973 436491 647201 275742 602608 169229 814563 387963 679791 142429 272350 775682 407314 244308 683176 117178 431243 523946 177503 766335
710900 697963 333261 786281 731150 887193 909058 365668 387717 459603 758414 621392 294278 573868 991669 477139 815783 622257 254489 503702 622507 887125 784455 375132 469208 657992 627262 696128 386995 439721 371563 750720 548182 376273 362116 478218 663309 320766 756082 142854 359640 791319 464704 606423 935431 113909 203632 999999999 630938 924436 973287 1002456 165633 677179 1013426 311671 698647 547115 557321 545879 630656 504961 527875 452712 469289 767916 517237 108641 755455 223231 730127 435882 484749 228700 626151 959303 540157 363647 855471 558788 420737 639439 801498 143974 804463 215425 1009221 566722 882895 277581 137038 978606 303210 306350 882728 291621 616471 710487 116179 969967
558771 75335 417697 507337 115666 715682 652443 529569 660297 173408 211263 322854 338799 540022 390647 161384 333689 447083 832940 763902 283132 847783 736710 431428 552302 247165 562655 185620 822978 502005 834165 390539 508942 530893 481424 682361 715570 410626 125364 707268 283867 193249 212315 296373 352396 595386 447381 630938 999999999 293642 379059 400433 751619 642014 424723 320943 98862 479018 487646 112710 396608 502519 679109 215340 231261 371402 261559 725893 423719 782411 762069 208976 712285 452624 453637 328676 285397 695023 588299 550495 241447 277039 700060 628186 384343 447929 387453 67227 340798 358587 629470 418506 847322 620741 475862 446642 18396 479969 624603 445175
694175 232205 686178 591339 202399 799975 704410 783093 912046 466568 270775 501369 631411 745410 182834 450219 343663 627169 1119717 998589 463325 969762 874640 695823 779121 392477 750558 304056 1088901 747247 1104010 473327 721455 790862 745684 914838 896296 688919 168358 995949 572599 193724 489359 471989 203913 884505 737339 924436 293642 999999999 191964 186435 1040927 805681 229864 613665 245678 690840 682719 387125 555411 716952 897969 496230 500425 437043 501803 1018133 509474 1068189 926973 498362 945962 737913 617377 35374 499591 953698 651918 761750 521828 433133 821993 918170 422441 738815 123530 359213 270254 651775 919870 276056 1129182 886394 480122 721076 308001 603049 913290 341093
587646 348459 687080 465196 263398 658457 552913 760481 881036 541676 441081 656899 682026 896181 25655 502712 225686 785912 1135573 946911 616577 840334 758114 810128 731178 345120 908634 280825 1068831 876462 1088996 364187 868632 909271 860232 864551 805955 788761 275190 1019742 613947 363693 591374 422679 43936 912564 773094 973287 379059 191964 999999999 35178 1065613 708846 46370 665721 378174 837880 617033 431560 479522 663189 836534 594091 609651 325492 630353 1054983 395470 1082644 824609 583597 895425 762033 536571 183546 472077 928847 509484 910056 552746 380318 698997 994419 297764 814814 108165 444139 129876 719379 994803 87515 1133729 872827 326308 727685 385839 498127 939254 158119
622104 364436 719689 498699 285283 689758 583016 794564 915582 566232 446577 667664 710252 908809 10918 529755 260685 796199 1167831 981998 627758 872717 791729 830068 766106 379193 919356 312643 1103085 893828 1123041 398996 882082 928752 880272 899592 840810 810995 290667 1051265 642859 368588 612397 457181 79048 943572 803112 1002456 400433 186435 35178 999999999 1097122 743562 44983 693725 391787 851292 652180 458877 514693 698194 871696 615772 629620 360327 646987 1085437 429985 1114949 858991 607057 930481 793061 571736 171799 505742 963198 541110 923321 582387 414806 732198 1020486 332095 840492 83810 466476 164748 745795 1021037 110939 1166746 906612 357254 759995 408391 532803 970483 182901
710204 823122 383793 808435 841223 870293 912508 359830 322976 587989 900269 780388 415218 739043 1086208 591291 884981 787083 90089 411710 778501 834890 744925 540065 451842 731045 792403 784788 249875 605042 226517 797715 713705 540504 527723 413047 611329 483435 874154 45875 468525 925284 608916 666714 1025037 156435 304239 165633 751619 1040927 1065613 1097122 999999999 648918 1102298 433098 829271 712735 564210 654322 666385 505602 469636 595788 617549 821512 671602 69139 794849 61203 674704 572802 409079 305064 646384 1074842 604677 280496 866800 723585 520738 705009 774762 296000 859649 374219 1114277 691677 962603 418487 288801 1058783 139114 259379 927180 341012 735456 730770 127763 1039831
124250 704645 386491 259360 638817 223294 290392 311847 331142 610591 852876 907214 555584 1036711 734500 549823 483713 999337 669115 308070 876948 228778 113643 831774 208053 420477 1080418 510186 498965 929948 530734 344738 1001646 906485 861177 253413 99356 766611 698734 614273 515543 820393 697874 350086 666348 564657 529915 677179 642014 805681 708846 743562 648918 999999999 722388 556891 738213 980796 165743 543737 253828 188877 197828 685870 725636 383466 796309 685761 313977 624760 122243 645415 273163 484534 192130 826307 359144 382127 269101 1034931 485398 380914 126068 794260 412204 692081 804760 634459 578995 623576 789441 652107 629329 390234 418436 412742 625625 210783 571973 596554
599601 394829 721841 472551 309068 657561 548895 790711 908949 585898 485398 702810 723380 942402 47030 545321 244396 831750 1170746 970173 662555 842632 765298 855983 756584 376504 954572 318405 1098044 922732 1119082 379614 914929 955213 906054 888555 820550 833920 321540 1056428 654654 407709 637007 451756 77995 950201 812299 1013426 424723 229864 46370 44983 1102298 722388 999999999 707305 424424 884172 639540 474060 501518 687924 858198 639520 655546 341419 676694 1093393 408480 1117744 835679 628336 919201 799760 556404 216554 504392 957718 509892 956340 592689 409656 704516 1037435 310281 858176 127776 489438 149592 762268 1037695 74509 1167095 904051 325471 763063 431119 511860 976506 144872
535394 390713 184505 564084 419512 721165 707097 304816 417990 155139 472535 403153 17926 482575 683041 165572 528463 463727 517237 542385 386962 785669 669968 275029 380360 373438 528879 394387 541754 373218 545698 494105 447864 355324 307231 474581 590245 211484 445466 389811 58812 492621 194889 343428 629519 278253 131393 311671 320943 613665 665721 693725 433098 556891 707305 999999999 396206 429485 395874 235194 403718 369768 496605 180391 213554 501192 282979 404961 509446 468551 653082 147657 498351 151526 426533 648343 279251 435252 644795 479311 122996 365748 661395 335436 533714 166736 697768 258994 584290 72984 334691 678231 538660 353431 621905 184124 305776 499005 307862 678105
