NAME : synthetic_000665
TYPE : CTSP-D
DIMENSION : 100
GROUPS : 8
RELAXATION_LEVEL : 1
EDGE_WEIGHT_TYPE : EXPLICIT
EDGE_WEIGHT_FORMAT : FULL_MATRIX
EDGE_WEIGHT_SECTION
999999999 398833 603578 616757 410301 423903 195709 460757 393203 420536 189011 553175 543366 480423 373807 608077 301046 280255 11083 381893 464477 411889 535152 460914 495699 641526 455171 639180 652916 530166 104979 347857 310271 310659 337164 268568 418379 189497 474554 562294 493642 102759 347020 393523 529148 558422 449060 437575 257949 570928 575209 211091 469144 629118 322401 363898 226228 289312 451595 285055 503909 214074 381679 471214 392742 462995 169690 514640 136774 419234 537487 686538 367254 514935 212023 18857 402004 384303 160868 209750 162517 272845 479556 425371 405360 444030 429360 505305 628238 302773 236285 269907 594803 480688 621885 155584 97385 363033 460872 662042
398833 999999999 204785 241345 766562 479927 236779 600222 659084 816588 557474 728589 664390 878647 235487 238452 398696 542534 397747 331775 511929 84955 636523 421090 759063 1040291 843593 1037919 257875 377451 503786 401209 700721 315766 617926 177361 606152 209846 553553 733125 369482 494188 673188 632161 909514 165126 721675 825709 611776 685740 617388 263610 451893 248788 218485 688687 355060 113226 850221 589078 656061 428492 147744 225153 35869 439062 457103 172612 375416 339978 495707 293498 202909 131161 188310 401986 507358 773380 559495 601510 560976 664358 873052 50835 776653 383846 689600 279651 697818 421440 627995 168307 232131 855634 702661 524028 323130 556098 849727 263210
603578 204785 999999999 123305 963789 619592 435425 751252 835460 1021074 759440 874306 796644 1083080 365564 135801 561118 728968 602530 467135 636436 215832 764479 528195 930032 1244947 1046698 1242699 69571 437232 708544 555147 903483 476796 803818 367601 765262 414602 690151 876999 448872 698089 866175 807845 1108888 65459 901231 1028805 810919 820701 732203 452337 568995 113684 375129 881003 538593 316649 1055006 777507 805975 613032 283624 289994 216117 548883 650645 184805 570954 459813 585193 106070 344243 119165 392433 606432 652890 976779 764150 804912 765590 867469 1076089 184869 976765 498908 867492 328793 807291 585192 832142 358036 148432 1055957 816150 726478 525531 726303 1051592 58750
616757 241345 123305 999999999 1003075 706450 475704 833094 790247 1037044 789005 803463 718883 1086288 310842 16665 512118 783764 617934 553926 558660 204870 684950 445752 877927 1249750 1070517 1250748 86048 338526 720214 633905 899350 550533 859144 418688 706417 436544 779085 804885 357863 702035 912606 872922 1092783 91245 962939 1052753 847079 911244 830717 435110 665008 18117 336844 928346 596299 350059 1064789 747291 888717 582688 248914 212183 267683 466797 630928 293283 557089 552933 491734 94757 424905 218254 407366 615823 587540 999715 773005 804686 773881 865155 1071353 198680 1009976 594618 930707 235988 717149 536118 852176 350385 35780 1088344 727809 754828 527980 795570 1042813 141650
410301 766562 963789 1003075 999999999 486696 529920 400605 636288 200498 221589 832359 862834 323200 783984 996960 686969 256045 404718 572209 834579 801991 867682 856985 704437 411116 152316 388928 1023260 938260 331041 479982 344986 521662 198516 596252 723429 568062 475459 843088 900452 372957 110532 254324 484092 931654 197765 142313 156616 471564 556798 621392 570189 1012879 732223 102754 434482 654184 260822 536322 396782 580785 784604 878888 748570 855260 513159 826989 530344 604856 926578 1059559 646195 855554 599804 419782 760172 135182 307027 339802 309172 336211 381507 804687 51908 598230 217853 915091 963110 680779 203663 671868 986175 107249 951585 255776 507579 323682 403843 1018951
423903 479927 619592 706450 486696 999999999 320984 135552 816625 643346 397463 973328 952202 754695 640274 707961 680604 244718 413080 152927 843985 554891 938175 800145 917904 881911 626056 864741 688750 813459 465971 88354 657545 170703 288221 325237 836888 395050 73659 981962 790381 499881 377275 244452 871156 616903 336637 611017 392039 205866 157299 530093 84437 708520 593207 383959 203692 406684 700202 706724 187836 623563 584949 685201 446598 810409 591841 441165 537800 162832 883312 725647 281695 500570 425521 442462 797631 575116 506928 575309 510541 624440 788336 530600 525586 133060 301631 737747 1025476 691493 488643 503632 705738 593926 1022408 387863 459820 163748 789307 661444
195709 236779 435425 475704 529920 320984 999999999 411151 553994 592150 324734 681561 646670 666945 325403 470915 367425 311355 190141 220822 526860 281550 628833 479171 659142 824381 612828 818712 493466 499815 293370 232663 504986 159368 386211 74564 545344 74103 389433 689032 473545 298464 436941 410172 724768 401780 494195 594950 375767 512595 477372 210976 334199 484479 275628 452645 137107 125701 631480 456977 464979 331681 285964 388532 219375 489500 323029 322722 249132 253004 562334 529660 173265 333413 106115 206702 487216 543625 350254 404757 352538 467467 671982 277145 541386 288135 464149 436672 711973 381448 402306 187959 461849 620558 710498 292487 168636 343485 655363 491874
460757 600222 751252 833094 400605 135552 411151 999999999 839877 580611 375283 1012140 1003674 699633 736553 833528 745985 207675 449712 284502 911945 669992 993983 882301 935657 809715 549828 788902 819986 910963 473085 199391 635649 284462 214278 433626 878602 483383 83772 1021547 884138 514481 299831 146442 835046 744864 222531 536952 346062 110178 156999 608034 210473 836257 686429 301209 276087 515231 640648 727420 55839 673072 691357 793546 568667 890120 629460 575170 590171 298027 964713 857122 409116 632088 516994 479495 857148 510017 501528 568183 505239 607027 743197 650118 446377 268113 190767 844181 1085427 753132 456012 599084 829991 505032 1080218 377705 519758 104967 751488 794738
393203 659084 835460 790247 636288 816625 553994 839877 999999999 505968 483709 196546 246038 462996 479465 775667 278138 639047 403857 766459 303283 620216 263804 395812 105157 600884 576671 618534 858433 524695 368482 740842 304447 696817 671256 610735 121883 505080 863962 207339 485101 325496 636588 742785 369386 773565 766219 566099 542379 948871 965582 396803 861454 807467 460674 650261 618847 585921 486272 112567 875973 233123 552543 582227 672820 380026 231823 820664 306349 802077 419815 881641 721200 790204 500982 374963 232746 527682 353387 300492 349993 302462 408048 656602 600173 831447 759168 578962 350310 254133 441240 490912 757083 643187 334998 469700 385426 736474 365075 890919
420536 816588 1021074 1037044 200498 643346 592150 580611 505968 999999999 274349 699971 748662 123022 774281 1028041 632723 398699 420097 696288 755600 832236 760723 803310 553146 241645 73539 229917 1072664 905280 316919 615111 202659 634145 366773 665829 612139 606931 647231 710757 864672 340152 281625 436246 286050 978284 395642 68860 253260 662882 737359 615259 722266 1049585 727360 283047 536620 704522 61073 426488 585790 523590 797661 879532 806724 796787 454819 912015 501645 732762 861116 1106695 740953 925099 632070 421339 677250 70712 266149 254695 265841 215086 182273 845532 148634 736058 411197 905730 852628 620017 189852 688169 1014314 149004 838534 302522 510521 489393 209240 1079045
189011 557474 759440 789005 221589 397463 324734 375283 483709 274349 999999999 670714 683263 368615 562446 781934 476185 167672 183162 426261 632001 585732 682257 643031 571704 514224 288271 504187 815349 718524 124859 352521 262591 361569 187625 396517 546958 352463 420885 680957 681403 171396 166032 260595 473727 722083 286345 270420 70663 478810 520846 400005 468449 799792 510635 182298 263182 444248 321947 372670 402130 374985 564448 657633 543383 643026 311957 639925 314573 463633 716108 850789 466822 657697 382497 199491 561765 219864 131287 194523 134866 232209 393823 592014 221286 471636 276104 693502 777907 473022 93279 451664 770223 299345 768648 34539 286114 270766 392215 816336
553175 728589 874306 803463 832359 973328 681561 1012140 196546 699971 670714 999999999 98702 646952 509631 787343 332364 818153 564250 901822 247001 670296 133729 361155 166103 771516 771520 792779 882015 486463 550091 891818 499904 836027 856901 725009 136894 619791 1027306 10814 454789 504523 828319 925905 527584 809151 956049 761470 732734 1122176 1127249 488573 1007949 821533 511372 842540 770388 681163 676272 299689 1052177 351943 596596 592130 750395 340501 383491 899893 437588 934561 343840 898166 834391 854979 605727 534317 222585 723976 542996 494695 539804 499001 586135 712588 796692 968833 946777 570884 182603 311625 635327 570007 767996 839153 164114 653121 518307 911234 542341 924204
543366 664390 796644 718883 862834 952202 646670 1003674 246038 748662 683263 98702 999999999 708921 436422 702515 281831 818871 554339 867222 160624 599745 35873 273285 250349 843270 817811 862344 799576 393947 559039 867582 546041 804843 864936 681717 139440 579639 1010819 95183 364768 512409 846296 929950 604303 731198 969409 806181 749350 1113754 1108473 442453 979148 737000 445955 861472 748583 629424 731727 327702 1047250 330888 525643 509796 689133 252263 377914 836944 415468 897766 247241 813601 788358 786795 560892 524805 161846 764532 561995 523199 559183 538769 652607 643375 831614 934585 956681 483914 104344 265526 660839 514282 683177 881082 89922 661499 492393 906275 609214 844277
480423 878647 1083080 1086288 323200 754695 666945 699633 462996 123022 368615 646952 708921 999999999 804576 1075838 640646 510545 482604 794831 741761 883493 726196 805249 488453 163588 182091 168582 1129748 917837 376113 719324 192829 729300 485355 741506 579617 669888 763445 657469 876462 385623 402470 556681 172151 1035348 518640 185112 362721 784526 855820 653708 831158 1100134 762024 404889 630447 769726 62411 407237 707058 535690 840363 913032 873142 795736 471433 989656 533408 832247 853588 1162091 826217 994911 690649 476673 663417 192575 319582 281700 317910 223080 70388 902138 271292 839421 533731 932725 813049 624187 276083 736145 1060709 258224 797320 390979 559814 605408 110226 1141707
373807 235487 365564 310842 783984 640274 325403 736553 479465 774281 562446 509631 436422 804576 999999999 296459 201332 615455 379284 513197 279436 163722 406359 185869 568820 967503 819585 972497 380537 174412 464675 552601 612649 470482 685563 317840 400503 254042 711354 512765 150453 434681 713966 723671 791722 300950 798370 802593 630103 837202 792985 162979 636531 328007 53010 730823 461489 241044 792180 440273 790243 278405 89943 109497 265412 203585 335014 406572 273204 533438 263017 402387 401816 351342 219744 365629 287547 749596 509330 525875 509243 581576 780789 207976 778359 576220 772195 132223 462949 225389 603334 137577 278104 852228 468454 528496 276440 664915 748558 417561
608077 238452 135801 16665 996960 707961 470915 833528 775667 1028041 781934 787343 702515 1075838 296459 999999999 497588 780064 609511 555783 542353 196594 668531 429339 862813 1239362 1062403 1240708 102466 321865 711131 634185 888304 550245 855401 415689 690981 429612 780851 788709 341260 692123 907549 870598 1080410 96869 959995 1044670 840752 913144 834269 423711 668298 34640 323825 923394 593448 345220 1055067 733951 889235 569583 237002 196495 266324 450383 618717 300472 545623 555929 475073 111087 426267 224693 399749 606710 571813 991562 763514 794160 764326 854333 1060095 193843 1003074 597996 928027 219433 700498 521541 843852 340516 19354 1081264 711178 747666 518343 794005 1031174 157454
301046 398696 561118 512118 686969 680604 367425 745985 278138 632723 476185 332364 281831 640646 201332 497588 999999999 580058 310820 586983 166032 348256 261789 171786 369067 799788 688858 808940 580980 277268 356364 593972 448669 526602 638138 399887 207627 298503 743312 337834 235852 314198 641261 693520 604530 497987 749588 673384 546791 854674 837845 160625 701433 529329 186686 657849 478903 349813 638998 248974 793829 109449 277519 305307 418823 168391 178875 568604 164504 616705 240091 603620 506840 527504 279061 284958 120408 622905 384268 378132 382886 423411 606880 387817 669327 654297 730399 307719 345212 24169 487710 237645 479065 735126 343162 446773 226258 655463 570676 615346
280255 542534 728968 783764 256045 244718 311355 207675 639047 398699 167672 818153 818871 510545 615455 780064 580058 999999999 269946 316182 744490 592901 812993 733350 732041 638024 384801 621801 792407 785410 270566 224612 429124 268165 75394 365587 687996 368654 256598 827964 752921 314472 146628 113462 634051 704744 183999 369033 147935 312678 354737 464973 324033 791244 562580 158469 190380 435889 455522 526546 237524 493279 592550 693752 519071 737603 440970 579347 416675 348953 812679 829545 397311 615450 403636 297705 681982 330920 294636 360742 298337 399706 546896 586429 287788 344308 156747 738205 907031 582839 251515 485068 771936 361611 899927 171322 359514 103115 551051 781462
11083 397747 602530 617934 404718 413080 190141 449712 403857 420097 183162 564250 554339 482604 379284 609511 310820 269946 999999999 372685 474613 413093 546004 469661 506174 643118 453085 640209 652726 537186 106515 337397 314976 301377 327648 263615 429461 187992 463522 573372 500988 108868 339314 383290 534700 558287 439803 435415 251385 559881 564218 216970 458847 630058 327538 356211 215946 287352 452481 295390 492963 224862 384745 475486 390676 472039 180762 510473 146804 410154 546650 686615 360728 512340 211975 29936 412571 382211 163131 214639 164998 277478 483298 425441 401041 434441 419712 510442 638994 312927 234355 272532 596496 476926 632712 149307 103042 352126 465480 660885
381893 331775 467135 553926 572209 152927 220822 284502 766459 696288 426261 901822 867222 794831 513197 555783 586983 316182 372685 999999999 743180 410384 848737 684939 871093 937866 694400 925288 536136 682433 454514 97155 664882 71390 381293 196574 765311 288780 225161 909437 663340 476544 462597 361822 886342 464121 457913 677664 445782 357368 286356 427981 123686 555740 470635 473551 167271 272700 747311 663503 338903 550763 448369 545355 297354 697611 534754 291220 466452 38276 767555 573134 130101 348009 312581 398099 707175 633901 505797 570917 508989 628544 816227 382607 601867 67364 422538 599109 930151 601790 518884 381507 554097 677281 929409 405135 385101 276000 808956 510258
464477 511929 636436 558660 834579 843985 526860 911945 303283 755600 632001 247001 160624 741761 279436 542353 166032 744490 474613 743180 999999999 443146 128076 114182 356224 891733 818202 905822 639005 241027 508681 756675 558289 686094 800492 550455 184953 455057 907916 247389 207921 463725 798006 857887 670326 570977 910825 804122 701973 1020494 1001279 315997 860709 576772 295506 814295 643554 489473 751557 334733 959859 257031 369319 349174 538909 93504 321989 684327 327823 770672 116535 653410 652153 630778 430899 447605 78640 756560 527702 507330 525702 540627 696213 487380 811775 810056 892995 324475 189157 161705 631666 372510 523003 871980 191723 604587 392273 821370 655427 683703
411889 84955 215832 204870 801991 554891 281550 669992 620216 832236 585732 670296 599745 883493 163722 196594 348256 592901 413093 410384 443146 999999999 570008 345585 716079 1046726 865849 1047020 249066 293254 515479 472873 698578 386816 667735 237494 554719 233950 628484 673956 287337 498365 715163 689466 898128 157004 775413 848107 645516 759936 696729 238750 532276 217450 161590 731286 411970 158489 860611 562146 725685 397391 74106 140221 120479 364581 437385 246241 359561 421391 416824 279403 283870 187669 203296 411137 447713 795020 568627 602362 569584 663651 871133 44823 806976 465364 744817 194756 625433 372094 647382 147851 184493 884988 631517 551392 324030 617662 844266 272725
535152 636523 764479 684950 867682 938175 628833 993983 263804 760723 682257 133729 35873 726196 406359 668531 261789 812993 546004 848737 128076 570008 999999999 239197 278986 864067 828729 882213 766127 358479 557512 852686 558175 787710 861546 660808 148597 560282 998283 130769 329863 510892 846590 924922 627739 699020 967654 816539 749515 1103853 1094946 421900 962399 703065 418492 862066 734930 605812 746419 336056 1038721 321243 495985 476694 662156 218153 373162 809132 404044 878456 211370 779613 766183 757434 539985 516851 141618 773476 564100 529076 561449 548624 671830 613958 838217 916063 953702 449601 95817 247647 664688 489811 649209 890163 86951 659093 478757 898081 628766 811454
460914 421090 528195 445752 856985 800145 479171 882301 395812 803310 643031 361155 273285 805249 185869 429339 171786 733350 469661 684939 114182 345585 239197 999999999 461647 961470 860386 972579 527191 130571 525951 711806 615151 634701 796202 488511 286300 405095 868123 361560 94456 484969 806465 846133 752768 462867 908987 845012 713663 987943 956203 274311 806448 463868 216620 823230 607345 418225 807247 402222 933308 281097 273976 238684 451278 21045 350572 591089 328467 708635 83174 540423 581654 532259 375476 446671 164163 794660 555837 549090 554514 592000 766636 390402 840578 750183 887416 210665 281045 183320 659007 303818 410014 906866 288628 612251 373859 799404 728165 573475
495699 759063 930032 877927 704437 917904 659142 935657 105157 553146 571704 166103 250349 488453 568820 862813 369067 732041 506174 871093 356224 716079 278986 461647 999999999 606747 626218 628861 949330 592216 462595 843553 361078 801228 758924 715677 175758 609875 963208 175672 554875 421942 716916 832245 361783 867052 848541 617995 625691 1043768 1065098 498542 964667 895493 555034 729522 721820 689303 523053 211181 969553 336525 646413 667147 774191 443428 336750 922769 411400 906870 469192 970751 826204 889922 605018 477737 298845 585803 440420 380810 436838 368684 424862 753983 663921 935833 844265 658138 346582 344935 518941 591457 843883 697678 328604 561099 490582 831440 381171 984413
641526 1040291 1244947 1249750 411116 881911 824381 809715 600884 241645 514224 771516 843270 163588 967503 1239362 799788 638024 643118 937866 891733 1046726 864067 961470 606747 999999999 259919 32876 1292486 1076992 536696 856502 354936 875227 599290 898786 721407 830959 880908 781540 1035542 548519 510737 663375 247167 1198027 606574 272986 494399 882364 966561 817284 962053 1263524 925383 508509 777276 930467 193398 560028 807898 696555 1003951 1076165 1033741 950896 633544 1146537 696853 974396 1005639 1325064 979041 1154697 852668 638638 814227 307143 480801 445269 479362 386396 195570 1064772 363427 977489 628826 1095022 945946 782359 425389 899519 1224272 315076 929150 540448 722852 724399 236704 1303485
455171 843593 1046698 1070517 152316 626056 612828 549828 576671 73539 288271 771520 817811 182091 819585 1062403 688858 384801 453085 694400 818202 865849 828729 860386 626218 259919 999999999 239671 1101189 957652 355774 607739 272320 636520 340528 684783 680332 635720 621774 782321 917582 385620 251431 403463 352255 1007341 349736 17893 249557 623775 706646 658158 707723 1082224 770928 248652 541858 730534 121713 493185 548579 579410 836410 922486 830881 854975 510016 927122 549548 729485 921201 1136110 751272 945956 663316 458712 740301 70877 310967 312091 311408 280430 248108 875790 103513 728376 370051 951696 921456 677648 218888 725050 1049553 77219 907733 320427 549285 466224 279113 1103927
639180 1037919 1242699 1250748 388928 864741 818712 788902 618534 229917 504187 792779 862344 168582 972497 1240708 808940 621801 640209 925288 905822 1047020 882213 972579 628861 32876 239671 999999999 1291538 1086186 534201 842181 361402 863850 580167 892882 738189 828199 861435 802927 1044788 548737 491100 642460 272148 1197025 582712 253924 480240 859100 945480 820063 945668 1264210 929297 488002 766500 927238 187795 572519 785358 704261 1006204 1080674 1030258 962594 639915 1140053 700584 961435 1018901 1324569 970472 1150357 850971 637252 827902 291993 479136 447842 477935 390969 210734 1063779 342701 963173 606004 1101051 965523 792188 417500 900363 1225946 289967 948976 531718 722998 705763 253460 1301089
652916 257875 69571 86048 1023260 688750 493466 819986 858433 1072664 815349 882015 799576 1129748 380537 102466 580980 792407 652726 536136 639005 249066 766127 527191 949330 1292486 1101189 1291538 999999999 423623 757725 623252 946715 543873 867531 428482 780240 466008 759506 883876 441353 744125 927601 873830 1147144 94517 966598 1083314 869133 890181 801700 487557 638566 69458 399084 942711 602268 371101 1104272 808209 874846 643021 307677 290068 274932 548204 685997 254090 608623 529288 576163 37430 412099 188181 440897 654286 663573 1030845 812402 849559 813621 911396 1119394 227764 1034337 568473 933152 319232 801180 605141 884862 396499 120598 1113375 811440 781876 570075 793025 1093083 58104
530166 377451 437232 338526 938260 813459 499815 910963 524695 905280 718524 486463 393947 917837 174412 321865 277268 785410 537186 682433 241027 293254 358479 130571 592216 1076992 957652 1086186 423623 999999999 610254 726130 725608 643144 853778 489320 416839 428184 884991 485879 41465 573893 876084 895125 876185 374246 966996 941461 788054 1011420 964907 322530 806110 356292 225287 892994 635768 409911 914740 522081 964609 383419 236311 157400 412013 149208 450946 534380 410307 700084 154252 431168 565016 466361 394080 519045 294393 889582 647717 650947 646945 699359 883668 335583 927474 743540 942019 109114 379888 294945 747777 311953 303171 997921 391536 685622 434934 838415 846755 475096
104979 503786 708544 720214 331041 465971 293370 473085 368482 316919 124859 550091 559039 376113 464675 711131 356364 270566 106515 454514 508681 515479 557512 525951 462595 536696 355774 534201 757725 610254 999999999 402130 213951 383759 307199 367690 423664 294269 504239 560140 571555 46652 290371 375945 435866 663216 410404 338527 193649 581259 606267 302570 524373 732902 415378 306352 288609 393827 346640 255991 507647 252132 481548 566738 497179 524453 187489 615487 200250 492745 596345 791182 459815 618801 316890 104421 437439 285330 56972 116586 59170 176626 378623 530079 317239 511135 398138 596898 653119 351363 138723 371355 697407 388522 643992 103147 194091 368871 363195 766991
347857 401209 555147 633905 479982 88354 232663 199391 740842 615111 352521 891818 867582 719324 552601 634185 593972 224612 337397 97155 756675 472873 852686 711806 843553 856502 607739 842181 623252 726130 402130 999999999 604180 86057 286133 239475 755047 306712 158883 900212 702534 431572 369689 264704 822761 546118 360795 591480 362135 287867 244977 442179 122515 637348 505151 379792 122189 321339 668690 632755 255172 540673 499358 600409 369344 722135 512851 384524 454771 125560 794975 660561 211204 436247 337205 365920 711735 550190 448217 515798 451677 569283 746256 451351 512271 121006 325445 652393 939104 605490 445761 415684 630601 586089 936407 336470 375497 178953 742859 601009
310271 700721 903483 899350 344986 657545 504986 635649 304447 202659 262591 499904 546041 192829 612649 888304 448669 429124 314976 664882 558289 698578 558175 615151 361078 354936 272320 361402 946715 725608 213951 604180 999999999 594983 433050 578584 409578 495887 683472 510716 684295 208561 373120 509288 222123 852791 505414 261674 294052 735733 783320 464778 724258 913748 571198 383188 497717 595773 193369 225375 657780 342960 651780 721472 698786 606587 278723 824842 343324 703150 667215 977950 673474 822225 512658 302459 479654 225286 159474 100560 156462 37526 172711 720207 302985 718416 507732 740162 649972 432940 181133 550730 872646 339384 635929 269771 377963 532063 150610 962232
310659 315766 476796 550533 521662 170703 159368 284462 696817 634145 361569 836027 804843 729300 470482 550245 526602 268165 301377 71390 686094 386816 787710 634701 801228 875227 636520 863850 543873 643144 383759 86057 594983 999999999 338788 154537 699246 231512 243419 843885 620828 405203 414150 332417 816752 463892 427279 619417 386972 373634 322755 370108 174853 554650 424463 426565 98952 236097 683474 592980 340300 484252 414337 514940 284523 646074 465397 314225 399189 109295 717798 581291 133718 358934 259271 327018 646126 573801 435665 500273 438803 558440 748475 365689 547531 134631 392765 567236 871323 540121 453248 334681 546093 624598 869744 338500 317970 249626 740061 525145
337164 617926 803818 859144 198516 288221 386211 214278 671256 366773 187625 856901 864936 485355 685563 855401 638138 75394 327648 381293 800492 667735 861546 796202 758924 599290 340528 580167 867531 853778 307199 286133 433050 338788 999999999 440970 730675 441739 281649 867032 820261 353433 89458 76251 623466 780080 113300 326463 139009 304947 370682 531864 371684 866638 632572 95869 265300 511040 426541 559921 226556 545643 665786 766466 594405 799306 488427 651886 473678 411693 874090 904702 469908 689754 476528 353260 734774 296368 318724 379555 322257 408286 529755 661725 238408 401808 92560 809995 956577 638972 252009 557176 847191 305764 948404 204062 423106 125930 539816 855964
268568 177361 367601 418688 596252 325237 74564 433626 610735 665829 396517 725009 681717 741506 317840 415689 399887 365587 263615 196574 550455 237494 660808 488511 715677 898786 684783 892882 428482 489320 367690 239475 578584 154537 440970 999999999 590692 106365 397839 731780 468275 371205 499135 455286 797614 339354 544329 666936 444271 527259 475603 239264 319143 425763 274152 514230 177766 81925 705790 518892 489120 381881 259916 361023 153837 501478 383023 248159 304477 220835 571030 465308 110721 261356 120858 278334 520136 616076 424617 478179 426857 541091 746231 223388 610469 261747 512366 412924 738763 417036 476066 184934 408677 689703 739095 364997 228060 380938 729092 422790
418379 606152 765262 706417 723429 836888 545344 878602 121883 612139 546958 136894 139440 579617 400503 690981 207627 687996 429461 765311 184953 554719 148597 286300 175758 721407 680332 738189 780240 416839 423664 755047 409578 699246 730675 590692 999999999 484917 891656 145166 379190 377262 708689 797571 491250 701143 833301 668302 611954 988757 991238 356947 871056 724177 393296 723650 633749 550609 598239 188526 919940 215070 482656 494635 625407 268533 249143 775246 300695 798323 300869 800050 700666 735130 472505 399541 123089 625843 423644 383761 420750 400486 527458 595049 692242 832241 821801 483228 241515 184718 521665 442856 671880 742484 228753 526676 381443 778815 484987 818016
189497 209846 414602 436544 568062 395050 74103 483383 505080 606931 352463 619791 579639 669888 254042 429612 298503 368654 187992 288780 455057 233950 560282 405095 609875 830959 635720 828199 466008 428184 294269 306712 495887 231512 441739 106365 484917 999999999 463481 626763 400756 287609 483006 473075 710110 371845 552652 617874 411567 585962 551278 139276 405756 447417 203145 499364 207644 100085 640459 415762 536614 275529 224047 325132 203484 415569 279434 332966 199331 318224 488264 500547 217059 326433 35158 194087 418860 565179 350363 395676 351981 458915 667131 240120 573487 355998 524372 370607 641441 314166 418857 118039 418299 651800 640630 318316 126764 411245 646093 472908
474554 553553 690151 779085 475459 73659 389433 83772 863962 647231 420885 1027306 1010819 763445 711354 780851 743312 256598 463522 225161 907916 628484 998283 868123 963208 880908 621774 861435 759506 884991 504239 158883 683472 243419 281649 397839 891656 463481 999999999 1036253 861135 541826 370349 222275 890648 689224 304813 607997 403086 132409 102052 596197 131492 780837 663538 373901 264424 479511 706179 752579 125653 680517 657728 758305 520141 877743 644082 509821 595375 230820 951213 796212 354697 571406 494927 493376 858708 577261 539800 607912 543492 652398 802720 604240 518937 195419 271955 810653 1087129 752993 507890 574253 778879 581408 1083340 417031 519634 158052 807630 730551
562294 733125 876999 804885 843088 981962 689032 1021547 207339 710757 680957 10814 95183 657469 512765 788709 337834 827964 573372 909437 247389 673956 130769 361560 175672 781540 782321 802927 883876 485879 560140 900212 510716 843885 867032 731780 145166 626763 1036253 999999999 454829 514495 838777 935891 537344 811770 966388 772279 743131 1131609 1136078 494840 1016054 822971 515558 853027 778896 687079 686960 310176 1061778 360014 600141 593871 755303 340791 392640 904672 445765 942008 341762 899621 840969 859067 612258 543437 226362 734787 553401 505328 550218 509797 596491 716461 807472 976502 956996 571701 174624 317455 645935 575398 769357 849966 155979 663199 526324 920799 552695 926531
493642 369482 448872 357863 900452 790381 473545 884138 485101 864672 681403 454789 364768 876462 150453 341260 235852 752921 500988 663340 207921 287337 329863 94456 554875 1035542 917582 1044788 441353 41465 571555 702534 684295 620828 820261 468275 379190 400756 861135 454829 999999999 534493 840242 863504 835043 384449 933554 901480 751234 986077 943407 288397 786788 375899 197929 857147 608256 390806 873657 480739 937227 342327 223695 160681 402861 114536 410109 532367 371366 682819 136333 451950 549593 467487 367435 481953 256263 849760 608057 610207 607215 658215 842202 331242 888780 725859 909257 122121 359931 253483 708648 286882 322116 958675 370099 648803 399408 808952 805311 490406
102759 494188 698089 702035 372957 499881 298464 514481 325496 340152 171396 504523 512409 385623 434681 692123 314198 314472 108868 476544 463725 498365 510892 484969 421942 548519 385620 548737 744125 573893 46652 431572 208561 405203 353433 371205 377262 287609 541826 514495 534493 999999999 336562 421397 426424 649729 457053 368925 239648 623375 643842 275138 554082 715477 387239 352420 313884 387634 363062 212970 550713 208051 458874 539390 490870 482579 141888 616513 164125 514481 553623 776553 469592 614042 305884 93898 391699 316399 74718 108118 74562 171397 379548 516534 355774 535956 444604 566548 606520 307890 174504 351664 677592 424209 597351 149414 174362 410981 359088 756793
347020 673188 866175 912606 110532 377275 436941 299831 636588 281625 166032 828319 846296 402470 713966 907549 641261 146628 339314 462597 798006 715163 846590 806465 716916 510737 251431 491100 927601 876084 290371 369689 373120 414150 89458 499135 708689 483006 370349 838777 840242 336562 999999999 154639 548487 837588 132613 237753 97078 382214 456823 554229 460355 921396 661218 16910 330793 562547 342219 528645 304593 540978 704811 802652 652754 807245 477797 722960 478346 494778 880820 964355 541285 755259 516469 360109 727698 210913 285629 336950 288719 353675 451216 713967 148972 487704 136273 842576 942364 638716 198201 593181 897906 217488 932635 194525 441151 215386 465202 920167
393523 632161 807845 872922 254324 244452 410172 146442 742785 436246 260595 925905 929950 556681 723671 870598 693520 113462 383290 361822 857887 689466 924922 846133 832245 663375 403463 642460 873830 895125 375945 264704 509288 332417 76251 455286 797571 473075 222275 935891 863504 421397 154639 999999999 698346 790032 96092 390767 215238 229684 303186 576336 328765 878964 671068 154969 277861 531035 496756 630851 151383 606007 695344 797487 605499 850671 552167 645678 530064 387285 925780 911240 466134 690856 508233 410805 794924 365535 391841 454132 395437 484296 603397 678640 299980 369858 60796 843682 1019295 696214 328220 590778 863939 359456 1011873 273325 472461 85945 614725 857292
529148 909514 1108888 1092783 484092 871156 724768 835046 369386 286050 473727 527584 604303 172151 791722 1080410 604530 634051 534700 886342 670326 898128 627739 752768 361783 247167 352255 272148 1147144 876185 435866 822761 222123 816752 623466 797614 491250 710110 890648 537344 835043 426424 548487 698346 999999999 1054641 673302 353037 489176 928026 987871 659672 941259 1108285 757144 553993 719079 808960 230543 355572 849683 513318 843945 900994 910774 739522 461937 1041902 538634 924583 786511 1176339 894677 1034657 723482 519566 595774 349096 381559 320577 378575 259260 104207 924138 432884 938671 683974 910843 705217 583887 383194 751497 1063542 429175 687868 486381 587278 734836 83649 1167417
558422 165126 65459 91245 931654 616903 401780 744864 773565 978284 722083 809151 731198 1035348 300950 96869 497987 704744 558287 464121 570977 157004 699020 462867 867052 1198027 1007341 1197025 94517 374246 663216 546118 852791 463892 780080 339354 701143 371845 689224 811770 384449 649729 837588 790032 1054641 999999999 881479 989476 776891 821202 739624 395667 574045 91619 312890 852939 515447 278074 1009756 718773 800326 553790 221030 224942 185675 483525 594327 203745 516011 462166 520775 128778 335903 127825 346412 559773 587978 936908 717889 755360 719113 817332 1025495 133265 941648 503631 848615 265343 742262 522117 790683 303284 102400 1020576 750975 688449 475785 711042 999595 117402
449060 721675 901231 962939 197765 336637 494195 222531 766219 395642 286345 956049 969409 518640 798370 959995 749588 183999 439803 457913 910825 775413 967654 908987 848541 606574 349736 582712 966598 966996 410404 360795 505414 427279 113300 544329 833301 552652 304813 966388 933554 457053 132613 96092 673302 881479 999999999 340073 223840 276763 371870 645158 420237 969585 745406 122397 366640 617603 456603 656863 205759 654864 776519 877747 696251 911794 595408 741078 585093 483116 986452 1003963 560886 784891 587632 464662 843642 326726 413314 467946 416599 486286 573144 767020 248898 464587 35498 922014 1063106 749642 330476 668942 952621 293212 1054268 308656 536241 181973 590868 951422
437575 825709 1028805 1052753 142313 611017 594950 536952 566099 68860 270420 761470 806181 185112 802593 1044670 673384 369033 435415 677664 804122 848107 816539 845012 617995 272986 17893 253924 1083314 941461 338527 591480 261674 619417 326463 666936 668302 617874 607997 772279 901480 368925 237753 390767 353037 989476 340073 999999999 232454 612752 693890 641005 692367 1064433 753794 235800 524517 712646 123291 480686 537047 563952 818913 905265 812988 839825 494511 909402 532953 712889 906443 1118247 733725 928095 645524 441265 726385 53304 294347 297375 294870 267929 248867 857953 91761 712218 359169 934736 909625 662468 201317 707472 1031855 80626 896097 302539 531874 451896 277698 1086034
257949 611776 810919 847079 156616 392039 375767 346062 542379 253260 70663 732734 749350 362721 630103 840752 546791 147935 251385 445782 701973 645516 749515 713663 625691 494399 249557 480240 869133 788054 193649 362135 294052 386972 139009 444271 611954 411567 403086 743131 751234 239648 97078 215238 489176 776891 223840 232454 999999999 442588 498919 468282 469549 857132 577913 112775 292717 498975 308545 433269 364365 445052 628261 723257 595059 713688 381137 681343 385198 481495 786747 905160 503315 705140 443194 269324 631088 188330 189742 244888 192963 269618 399635 648925 166268 483137 218771 760519 845286 543416 113008 515591 829792 245478 835580 102441 354385 246008 405723 866829
570928 685740 820701 911244 471564 205866 512595 110178 948871 662882 478810 1122176 1113754 784526 837202 913144 854674 312678 559881 357368 1020494 759936 1103853 987943 1043768 882364 623775 859100 890181 1011420 581259 287867 735733 373634 304947 527259 988757 585962 132409 1131609 986077 623375 382214 229684 928026 821202 276763 612752 442588 999999999 118408 714075 254220 912791 788150 379837 380597 609161 723795 836338 78393 783073 787017 888256 652465 996387 739614 638921 699915 360893 1070668 926684 487071 702315 618703 589671 966643 592333 607291 672991 610989 708773 832785 736374 520993 322766 253726 940090 1195039 862294 554807 699663 911264 569935 1189995 483933 628619 212436 844400 859656
575209 617388 732203 830717 556798 157299 477372 156999 965582 737359 520846 1127249 1108473 855820 792985 834269 837845 354737 564218 286356 1001279 696729 1094946 956203 1065098 966561 706646 945480 801700 964907 606267 244977 783320 322755 370682 475603 991238 551278 102052 1136078 943407 643842 456823 303186 987871 739624 371870 693890 498919 118408 999999999 687147 166284 830476 747213 458106 360031 555548 797223 854363 167613 778976 733073 831259 582469 966843 744448 547815 693444 279044 1039374 837303 414561 616077 580946 593985 954623 666826 641341 709334 645039 752833 897879 668148 603155 236323 343037 884747 1182616 848551 606169 657435 834365 660221 1179406 518234 616298 253034 904543 766766
211091 263610 452337 435110 621392 530093 210976 608034 396803 615259 400005 488573 442453 653708 162979 423711 160625 464973 216970 427981 315997 238750 421900 274311 498542 817284 658158 820063 487557 322530 302570 442179 464778 370108 531864 239264 356947 139276 596197 494840 288397 275138 554229 576336 659672 395667 645158 641005 468282 714075 687147 999999999 544720 449951 112808 571132 333633 193762 636645 326435 659017 164944 187002 264507 276019 282312 198663 424227 121985 456796 356704 516737 346739 394660 118462 202651 280928 587861 349259 372274 349447 431285 636387 267990 615382 495130 621053 294974 502181 178211 440991 95741 407889 689410 501517 366273 113928 525890 607753 510251
469144 451893 568995 665008 570189 84437 334199 210473 861454 722266 468449 1007949 979148 831158 636531 668298 701433 324033 458847 123686 860709 532276 962399 806448 964667 962053 707723 945668 638566 806110 524373 122515 724258 174853 371684 319143 871056 405756 131492 1016054 786788 554082 460355 328765 941259 574045 420237 692367 469549 254220 166284 544720 999999999 665153 593243 467536 242916 396315 778082 754199 256980 656041 571953 668386 416750 818565 632069 385765 570374 112763 889306 674658 248994 451703 432064 486952 820849 654930 569577 637438 573079 689875 861796 502555 608103 70433 385430 722309 1046170 714767 561071 503779 668185 677438 1044585 455146 489771 247984 860452 606190
629118 248788 113684 18117 1012879 708520 484479 836257 807467 1049585 799792 821533 737000 1100134 328007 34640 529329 791244 630058 555740 576772 217450 703065 463868 895493 1263524 1082224 1264210 69458 356292 732902 637348 913748 554650 866638 425763 724177 447417 780837 822971 375899 715477 921396 878964 1108285 91619 969585 1064433 857132 912791 830476 449951 665153 999999999 353030 937027 603029 359071 1077985 763606 891766 598847 264348 230113 273476 484913 646361 289518 571929 553499 509632 76656 427426 215733 418909 628580 605456 1011472 786048 818646 786983 879362 1085913 208211 1020541 594722 937094 254063 735094 553359 864126 364006 53878 1099064 745803 765714 541251 800857 1057703 126269
322401 218485 375129 336844 732223 593207 275628 686429 460674 727360 510635 511372 445955 762024 53010 323825 186686 562580 327538 470635 295506 161590 418492 216620 555034 925383 770928 929297 399084 225287 415378 505151 571198 424463 632572 274152 393296 203145 663538 515558 197929 387239 661218 671068 757144 312890 745406 753794 577913 788150 747213 112808 593243 353030 999999999 678064 410786 201655 747279 410605 739757 245845 91886 152201 243738 231551 296438 390992 228713 492962 298011 424472 365037 343629 169532 314934 289351 700660 461618 481663 461709 538993 741127 201948 727500 535015 719326 182917 483522 210577 553775 89791 306592 801931 487125 476559 225045 613168 710366 430250
363898 688687 881003 928346 102754 383959 452645 301209 650261 283047 182298 842540 861472 404889 730823 923394 657849 158469 356211 473551 814295 731286 862066 823230 729522 508509 248652 488002 942711 892994 306352 379792 383188 426565 95869 514230 723650 499364 373901 853027 857147 352420 16910 154969 553993 852939 122397 235800 112775 379837 458106 571132 467536 937027 678064 999999999 344734 578301 343965 542853 302852 557283 721370 819337 667942 823947 493828 736454 495055 505158 897471 979520 554613 769638 532913 376936 743764 212512 300260 350202 303289 364899 455564 729743 145303 496881 130020 859367 957858 655171 210581 609821 913857 209967 948011 211178 458061 220967 470995 934779
