NAME : synthetic_000177
TYPE : CTSP-D
DIMENSION : 100
GROUPS : 8
RELAXATION_LEVEL : 1
EDGE_WEIGHT_TYPE : EXPLICIT
EDGE_WEIGHT_FORMAT : FULL_MATRIX
EDGE_WEIGHT_SECTION
999999999 552860 535273 376510 392793 624172 827802 323365 832090 717276 461195 477559 686634 648398 699475 482882 350442 259786 764387 508766 309031 640996 550360 566328 457668 458130 379706 344262 357413 397651 161251 400625 748892 75637 575602 191232 25469 381692 537283 548858 397017 721398 369713 313915 913374 376454 141856 163388 501112 652580 575363 357309 338040 257149 564719 312229 374847 294108 178978 307507 737888 369480 727669 764170 285421 59947 633396 894477 828130 295756 415385 105733 300457 485643 756654 490563 532414 333496 305476 383422 469696 685043 83616 853656 202249 413203 379506 724649 147863 281710 700546 119439 191186 111088 152536 920585 282039 488442 52325 181426
552860 999999999 157711 490423 423483 104457 1016382 853162 386202 394387 1001560 230406 416562 281058 742626 744097 203511 415671 526691 861895 561925 743289 928985 442718 373708 961620 412451 387468 383194 885925 704139 173699 327576 488059 361478 733262 556738 243599 87739 994059 168410 327531 767637 831303 1005196 193204 414126 704435 886627 643837 172705 460365 219349 539406 890617 667561 733782 798364 507272 246473 525572 787599 750548 649730 421294 597928 458512 948141 406136 258192 421916 626568 444567 120029 390780 844213 130226 223915 412063 229623 462807 213342 615668 967818 665908 516013 505353 496183 475179 798898 564831 667985 401396 628241 453805 1065925 815153 155701 503261 596381
535273 157711 999999999 369532 521446 127829 870906 800362 305253 254521 951521 90471 265932 145704 589274 621409 212199 474222 376315 750743 459829 595672 820347 286865 232153 890891 507485 278918 270572 812215 695749 253114 227062 485294 203783 694400 531835 334051 69972 900685 155126 210774 673981 772875 850960 259770 413864 697340 781813 489166 41023 546865 257514 594042 771989 573471 633339 735960 440515 246400 371925 697757 595585 492318 488428 567773 300889 792306 310668 256413 525777 626559 516096 70015 266023 734216 27636 260834 485436 318136 320830 150089 610645 815735 601402 387651 384145 343343 499311 742158 407287 638206 353428 586125 476985 915065 766109 47495 492905 624878
376510 490423 369532 999999999 630066 496842 548565 506811 580625 418964 651913 279123 369832 400922 338819 254062 350172 512911 417815 381673 113275 299386 451774 219125 153730 560042 613431 106735 108101 480663 514246 448376 500249 382946 271676 443615 356572 497182 420048 541295 341935 463160 320516 471074 583330 432462 355523 518515 415225 277960 393170 622801 390920 584493 403043 226180 273322 430160 199296 331661 386366 348275 362943 389279 540085 367212 288144 547990 561155 327770 646638 480835 567845 372278 471665 365549 386891 389381 551495 486356 106872 493452 457433 531601 310382 40297 14935 381030 452589 446793 332344 419435 229270 351218 437736 618092 483541 343650 369096 546427
392793 423483 521446 630066 999999999 527523 1163922 702609 805877 773573 821791 529458 773584 667150 964321 826868 330882 134846 879328 885623 624507 929394 934749 723963 612698 844947 16663 538782 545963 789109 466796 268585 738882 323199 679951 569498 414433 187707 473881 941590 380307 729593 751857 700341 1213365 262574 297055 463649 885551 886657 557038 53693 277713 188368 936288 676072 745839 684964 497497 321732 865920 756272 984723 951508 107673 452407 771574 1176416 821246 319811 22940 389806 94826 451458 787272 866766 500262 276188 88594 203556 675848 632046 396067 1160724 590729 669761 640952 841569 245043 669516 869900 497472 408489 503847 241890 1243347 661275 483033 349555 294382
624172 104457 127829 496842 527523 999999999 994059 908705 282382 311013 1059148 218162 343425 201101 706319 749173 276414 512752 450463 877499 584004 718249 946797 402415 359270 1006882 516209 403306 395857 929075 780733 271119 228366 565088 312517 795703 624693 345458 88449 1023969 227177 233929 796812 883551 965540 287690 491071 781583 907526 604737 115421 563318 305352 636510 899594 696057 757788 848145 552438 318281 454656 819578 709881 589243 520497 663754 403181 903673 304061 329849 526286 706122 544893 142695 298293 860774 110735 309682 512521 330876 447300 111469 693060 933543 713747 515476 511528 424364 562420 851979 506602 734553 455473 688286 540443 1033984 872614 157159 577232 686227
827802 1016382 870906 548565 1163922 994059 999999999 722822 951509 773412 792339 786974 713778 829775 305385 345112 898341 1036544 663841 365785 540155 275887 379209 596067 642725 648283 1147614 653822 652447 609882 896684 996537 896579 869823 688934 766595 802426 1044920 934890 503965 885208 859022 491147 686837 174112 980997 870834 902438 407585 404240 878957 1147878 939371 1079209 305430 517070 463707 659845 672553 879934 633929 509493 317487 498626 1064907 785860 618075 230115 915677 875561 1182555 907968 1089903 896658 827311 377146 894921 937739 1079581 1034518 553582 948357 885381 128390 646535 513472 535124 656519 951617 689815 544518 795619 755742 740810 943204 107708 733470 861028 847401 1007945
323365 853162 800362 506811 702609 908705 722822 999999999 1069017 920987 151215 723656 875247 882251 723360 432137 650791 575698 922397 357063 394488 644662 356135 725831 646564 147144 691483 542734 555123 123291 252878 716013 985470 398977 771656 133824 309546 704229 820300 284490 687147 951661 249987 39717 858616 691801 460932 257904 317953 721896 836490 659640 649867 534669 417663 296637 297745 79332 360290 608553 889713 223183 756327 861673 598579 266233 794510 867444 1055484 597115 725550 316677 607814 766017 970672 346637 805079 645521 619340 705102 613112 947668 307120 795008 202534 524957 499710 886761 462223 60343 824403 206958 453805 226485 471938 829227 41595 757741 375055 426910
832090 386202 305253 580625 805877 282382 951509 1069017 999999999 180962 1219160 355072 241545 187212 646126 797720 516686 775319 296693 942974 690824 689346 1013776 389139 428386 1138902 793649 526299 514022 1059242 993340 541273 84016 787395 311067 976478 825765 620076 334633 1117564 459811 117928 900912 1037225 874880 553417 717423 995377 984462 549350 264357 838193 559076 896944 946817 806222 852326 997711 712627 551652 321370 928895 636252 467573 787199 858270 342487 802440 40900 561611 806140 927597 813651 369785 124857 929728 317630 562755 781975 604711 488526 173880 910448 860494 866487 579510 592194 296053 804538 1008993 407595 927127 643545 869203 782217 962054 1038830 352374 792954 930085
717276 394387 254521 418964 773573 311013 773412 920987 180962 999999999 1068710 255304 60598 113354 468338 621225 450984 714059 143218 767787 531877 508746 838238 212757 274833 978660 759106 384727 371487 899445 876485 506473 125920 685073 149375 840482 706636 587127 314583 946525 396271 92679 735397 886874 706269 511002 622032 879308 811055 369837 224916 795706 501640 828101 768803 644669 684995 846388 575419 475705 156300 764438 460747 303118 731488 733752 161639 636394 150546 483207 778973 819187 760203 323515 56939 755315 278933 504251 730976 571216 319215 214910 799509 687225 719722 411753 428881 126836 718596 860644 233132 799173 526250 736389 696970 789277 894086 290541 685379 841133
461195 1001560 951521 651913 821791 1059148 792339 151215 1219160 1068710 999999999 874800 1021553 1032628 839593 543969 798523 701692 1063924 438128 538749 758377 413131 870025 795011 144169 812257 692907 705138 196038 355737 859789 1135763 535663 919598 270902 450802 842459 970709 298919 836515 1101621 366199 182099 943553 835540 602076 359347 389030 849760 987702 775022 794815 643042 492146 433332 418825 222330 511502 755943 1030594 335788 872745 992522 722142 407743 937994 962460 1204932 744381 844572 432279 727487 916501 1119203 433276 956037 790388 742967 844564 757167 1098882 428597 880809 352981 667095 643816 1029316 590231 210445 961290 341784 603833 373339 602809 900042 186679 908754 513519 532739
477559 230406 90471 279123 529458 218162 786974 723656 355072 255304 874800 999999999 245367 171136 513135 531011 199834 460065 349870 660509 371561 513109 730249 218364 144718 807970 514131 191317 182049 728814 638770 271721 271507 436738 152770 624046 470738 348557 148135 812490 149644 244163 586337 694436 776005 270210 370156 640944 692128 415689 116902 546568 252393 572860 681522 486201 544574 656476 363612 220921 337412 610827 522418 438948 478652 503345 249258 720812 350753 228067 537546 575030 507737 113111 284800 644079 110015 254405 479544 333098 234089 225387 557025 737630 522517 297413 293708 312291 464478 664545 353918 572530 288475 516115 442638 835534 691038 74806 440174 588157
686634 416562 265932 369832 773584 343425 713778 875247 241545 60598 1021553 245367 999999999 142835 409049 563219 445141 704408 110482 710271 483107 448224 780490 156737 233653 927569 758508 346930 333524 848718 843791 510450 183303 659883 111033 800144 674304 589838 332006 890749 393326 147016 682517 840262 650612 512124 600487 846912 754342 309833 243864 791873 497456 814347 709893 593971 631402 799498 536569 465054 111267 711967 402557 252168 723653 698926 101336 582023 210347 471360 780705 790271 752839 331043 117122 698188 292568 499593 724866 574072 266825 258254 769733 629630 675407 359293 378738 80939 699513 814982 176932 762434 497036 698031 678421 731761 849829 294390 658046 819662
648398 281058 145704 400922 667150 201101 829775 882251 187212 113354 1032628 171136 142835 999999999 530370 632288 352384 616253 249464 773717 508376 556277 844698 236388 247206 955309 653166 339766 327721 875627 809523 398777 103311 607565 145093 789384 640964 479727 201881 941691 295877 73035 721098 850843 782181 405299 539938 811778 812143 428251 112567 692094 400572 733933 783723 624398 674200 811568 525415 381948 254063 748223 528921 392570 631761 672434 215761 716391 179732 390722 671387 746160 659856 215701 120716 759265 168127 403600 629645 463816 317893 120329 728139 756053 679765 404799 413464 223666 631858 822323 312748 740838 458484 682265 609749 857908 851762 186760 611302 756552
699475 742626 589274 338819 964321 706319 305385 723360 646126 468338 839593 513135 409049 530370 999999999 295644 660073 850973 360930 422401 391706 82341 479216 303930 376508 709546 947660 425886 419616 643824 814991 755198 592218 717273 394766 711873 676635 816489 657015 612608 634068 555100 475748 683643 262941 744119 694226 820082 475366 102283 591088 960075 708139 922268 391566 438443 425754 645697 521649 652247 329812 505173 33155 204454 877817 676407 315676 213375 610419 650971 979661 798465 905917 626128 521962 419741 615212 707603 888425 803709 295093 650285 774569 227254 571571 298537 330552 351464 790147 672026 239514 712322 568088 645693 775995 328277 716489 587805 700833 876938
482882 744097 621409 254062 826868 749173 345112 432137 797720 621225 543969 531011 563219 632288 295644 999999999 590938 696594 569106 147880 204648 214546 217386 408932 394362 415192 810871 357320 360931 348187 562096 687554 723723 525387 489982 441075 457554 724514 673932 336013 590985 684911 182276 392600 442818 668870 530813 567697 195787 317472 642089 807417 624427 734352 151887 174640 136569 356707 330551 564888 534103 210633 328790 462543 725056 442644 463965 440284 771313 558457 846475 565915 748995 626314 677845 137955 639965 622038 740741 716045 314523 736137 542885 380255 309430 234100 239141 542265 607669 384716 450487 458942 422963 399851 600169 438705 429846 597461 502595 663464
350442 203511 212199 350172 330882 276414 898341 650791 516686 450984 798523 199834 445141 352384 660073 590938 999999999 263971 549196 691672 392698 639464 755023 396551 290284 763353 315242 244560 246715 689290 504832 98214 439260 288840 349100 529793 353447 158253 192916 806926 57083 421474 583915 630125 919083 84146 214734 505539 709815 572992 252641 346740 53204 382135 728192 486638 556320 598415 313814 43038 535108 600807 676199 624065 280534 394446 441137 873305 522839 54794 340339 429711 309223 147716 472623 673171 199531 54766 280261 144451 365032 352238 416884 872475 467909 384980 364061 511071 290083 597493 541135 464607 203470 425204 267786 963696 612348 166533 301962 415465
259786 415671 474222 512911 134846 512752 1036544 575698 775319 714059 701692 460065 704408 616253 850973 696594 263971 999999999 804428 751291 496391 810410 799948 632702 517818 715567 120671 430287 439256 657265 351937 242257 700593 188653 602259 441913 280601 178997 442133 807887 320401 684663 617076 570835 1093870 225155 165874 349704 750738 779562 513719 111421 216802 123831 802562 542463 611800 553426 366164 239370 786851 621439 873433 857457 28466 319686 687164 1060882 784290 233241 156827 271133 54947 406347 736585 732470 458347 213398 46283 189876 570611 605354 273095 1039379 456083 553138 522557 765194 113638 539373 779222 368997 285330 370503 107626 1118977 534133 429856 215035 196742
764387 526691 376315 417815 879328 450463 663841 922397 296693 143218 1063924 349870 110482 249464 360930 569106 549196 804428 999999999 716645 528226 417019 784560 201091 307084 958994 863982 420139 406974 882026 917102 618571 263474 745162 202193 860132 749663 697254 442458 904281 499272 234509 710470 885500 578448 619167 690501 920669 764643 273843 354069 895468 602060 910566 706690 630841 657500 844415 602916 565930 35007 740978 346363 171140 824892 770045 131918 505752 257726 571326 887250 869600 854290 440745 181301 706984 403027 603925 827255 681590 310990 357981 847999 566316 728177 397468 423431 40082 791303 862883 124762 829620 579205 762933 770896 667236 900808 403476 740636 908158
508766 861895 750743 381673 885623 877499 365785 357063 942974 767787 438128 660509 710271 773717 422401 147880 691672 751291 716645 999999999 300828 340297 70991 555122 530780 297829 870573 476164 482366 247216 545609 784213 867536 566797 633485 409833 483793 809563 797994 191695 700916 828943 140416 321145 506671 763355 590498 551442 53098 459843 774812 858313 717647 765814 61848 211922 140603 295606 395583 659980 681638 150012 454672 604053 779340 456843 611495 524537 917494 651822 906846 570646 799759 747635 824213 18994 767014 714620 797236 803318 456292 873349 550100 443511 309142 369873 367353 690116 649690 325578 597072 450033 503030 406284 647093 472217 368483 722331 541303 679128
309031 561925 459829 113275 624507 584004 540155 394488 690824 531877 538749 371561 483107 508376 391706 204648 392698 496391 528226 300828 999999999 332073 367092 331545 262439 448232 608328 180945 189522 368644 426733 487378 609369 336032 383878 340148 285563 520641 501444 440960 400089 572997 215037 358262 607920 467656 330747 431560 325045 355311 488303 607742 422558 545782 335510 116151 173788 317268 135744 363556 495915 240652 420906 482906 524753 285044 400044 585862 672692 356388 643628 406764 549858 449665 584063 282792 473328 419923 539534 512619 218718 593608 382868 549958 202107 131551 105263 492309 415246 334746 435221 326325 218456 258115 405039 624310 372754 427138 316313 488860
640996 743289 595672 299386 929394 718249 275887 644662 689346 508746 758377 513109 448224 556277 82341 214546 639464 810410 417019 340297 332073 999999999 398186 321019 369966 627477 912768 397302 393386 562449 747951 736764 628515 665311 413918 639441 617260 792309 660525 530895 620062 590177 395859 604971 283972 723422 649252 753206 393202 143269 603093 920992 684511 873380 311296 365135 346957 567696 466217 626518 383688 424860 115146 274706 837962 613339 348962 254077 655968 623826 946024 736767 865214 624155 564497 337428 620078 683462 850037 780529 281958 673862 712919 233327 500432 260036 288515 401275 741493 594631 292352 644544 525173 579288 728921 325321 639400 587614 647034 820870
550360 928985 820347 451774 934749 946797 379209 356135 1013776 838238 413131 730249 780490 844698 479216 217386 755023 799948 784560 70991 367092 398186 999999999 625665 601521 269093 920127 544586 551205 236083 568771 846041 938487 612941 704437 430283 526093 867853 866555 135881 766547 899878 182922 324531 534163 824660 642524 574576 49309 523970 844936 904778 778820 805713 89124 269962 199010 306887 452598 721994 749569 181100 510645 667043 827619 495296 681350 560766 988086 713414 956422 602549 846610 815717 894739 86225 836194 775629 846158 862316 527280 944012 583459 472587 348155 440718 437572 758825 694871 335882 663893 479213 562315 443339 694066 486911 375094 791167 586922 713748
566328 442718 286865 219125 723963 402415 596067 725831 389139 212757 870025 218364 156737 236388 303930 408932 396551 632702 201091 555122 331545 321019 625665 999999999 115719 772320 707775 222989 210293 693825 716997 482314 317879 552326 92909 659439 550610 553888 355783 734201 357426 278847 526309 689806 564401 476500 503287 720680 598325 202721 287157 732130 449133 729925 557682 439549 474907 648811 402017 402371 172172 555964 308820 227686 655853 569651 69502 505551 362433 405120 735248 671936 685374 330387 269091 542564 313472 449901 661304 539292 112865 352893 649875 531131 529017 204101 226300 162910 605155 665876 146620 628604 385525 561843 585911 631652 702586 290894 545656 717220
457668 373708 232153 153730 612698 359270 642725 646564 428386 274833 795011 144718 233653 247206 376508 394362 290284 517818 307084 530780 262439 369966 601521 115719 999999999 710564 596339 114127 100754 630923 612300 381718 347129 438994 125546 566821 443683 448534 292847 694832 258542 310565 473973 612969 638954 372944 387995 615640 566986 284343 248616 618691 341500 614207 546119 378003 427045 572740 302917 291191 282088 501324 389470 340055 541399 466354 177599 587992 410930 292923 624963 562664 570872 254243 324204 515516 254168 341779 547485 434639 89383 342647 541241 597573 444962 161137 166476 267188 489784 586228 261616 528995 272493 464380 470377 694004 619277 218318 433707 603171
458130 961620 890891 560042 844947 1006882 648283 147144 1138902 978660 144169 807970 927569 955309 709546 415192 763353 715567 958994 297829 448232 627477 269093 772320 710564 999999999 833211 618676 629672 79686 400010 836966 1057049 533260 831682 276066 440960 833277 919445 158971 793386 1021014 248731 144740 800942 813050 589152 405012 247147 728873 924049 803489 769239 680646 349586 333997 302053 167034 455367 722645 924769 218070 742556 873430 739535 398717 837990 822125 1120870 711705 867857 462448 750399 865118 1031704 294881 899236 765108 760139 832654 660747 1033270 451507 738499 295772 568394 549786 926596 601965 176449 849811 347477 560680 352163 609798 755975 186284 851594 508040 573582
379706 412451 507485 613431 16663 516209 1147614 691483 793649 759106 812257 514131 758508 653166 947660 810871 315242 120671 863982 870573 608328 912768 920127 707775 596339 833211 999999999 522131 529329 776579 457870 254994 725938 309311 664342 558127 400997 174360 460957 928285 365183 716120 737212 688526 1196737 248167 281439 454875 870961 870056 543430 54276 262121 183567 920967 660748 730662 672517 481732 305471 850343 741964 968073 935279 94289 439459 755692 1159754 808499 303427 36300 380013 84823 437473 773432 851698 486633 260504 74444 190109 659254 619907 385486 1144137 576752 653117 624336 826124 232245 657505 853783 485821 392088 490664 228154 1226860 650070 468586 335690 287303
344262 387468 278918 106735 538782 403306 653822 542734 526299 384727 692907 191317 346930 339766 425886 357320 244560 430287 420139 476164 180945 397302 544586 222989 114127 618676 522131 999999999 13412 539215 498182 342729 442857 330057 237043 455883 329750 395048 321969 621772 235337 408949 395214 511079 679587 327677 285857 501538 504423 349462 308219 536998 287505 515974 503170 294923 354617 471848 190692 229221 393804 419514 445946 434408 456035 352300 289224 638674 513281 226653 553835 449601 484876 271557 430945 458943 292579 286322 465120 383456 140767 415403 427878 630625 340200 140422 121219 380451 387425 482694 362813 415559 163556 351807 369508 720091 513105 246808 322712 495462
357413 383194 270572 108101 545963 395857 652447 555123 514022 371487 705138 182049 333524 327721 419616 360931 246715 439256 406974 482366 189522 393386 551205 210293 100754 629672 529329 13412 999999999 550138 511547 344644 430698 342334 223680 469053 343037 399117 315683 630475 234365 396545 404317 523225 674829 330351 296900 514891 511675 341222 298855 545264 291151 526635 507983 304342 362792 483854 203946 233592 380808 429056 438957 423336 464723 365706 276200 632712 500631 231654 560652 462685 493696 266159 417929 465353 285147 290167 473387 387172 131355 405206 441026 626665 352601 139169 122910 367251 398630 495025 350932 428953 175644 365130 380454 717065 525757 239986 335366 507601
397651 885925 812215 480663 789109 929075 609882 123291 1059242 899445 196038 728814 848718 875627 643824 348187 689290 657265 882026 247216 368644 562449 236083 693825 630923 79686 776579 539215 550138 999999999 363465 765606 977365 471361 752242 228887 378332 765868 841912 164619 717537 941348 173744 99854 753800 741895 522678 368934 202300 657234 845049 750249 697497 632976 305005 254827 227189 104256 378816 649218 847980 142872 676966 801084 682366 337704 759926 769127 1041324 638488 811886 416262 695365 787667 952320 240192 820986 693466 702667 764412 581949 954039 402313 690540 221597 489764 470573 849121 544348 123884 774516 295078 486000 288163 550187 717200 150968 773371 445483 529413
161251 704139 695749 514246 466796 780733 896684 252878 993340 876485 355737 638770 843791 809523 814991 562096 504832 351937 917102 545609 426733 747951 568771 716997 612300 400010 457870 498182 511547 363465 999999999 542816 910137 216245 732928 138832 169848 509069 694899 527850 554261 882501 408249 264120 1004517 519302 290397 5834 522450 781526 736031 419365 485548 287741 606690 388694 433287 266393 316550 462516 889166 395648 845409 903117 370002 147667 785348 995855 989251 450907 489468 81862 373063 644260 916942 529858 692015 480953 390652 514195 614557 845225 88536 942260 252666 547130 514340 877771 246189 240865 845226 103715 351567 169328 262971 996943 215301 648710 203813 177680
400625 173699 253114 448376 268585 271119 996537 716013 541273 506473 859789 271721 510450 398777 755198 687554 98214 242257 618571 784213 487378 736764 846041 482314 381718 836966 254994 342729 344644 765606 542816 999999999 471490 329907 424490 588909 409068 80957 206946 891192 124889 461126 671497 699073 1015323 24250 258770 542512 799925 665909 288469 297156 68448 366081 822678 576405 647032 670294 398017 124238 608326 686459 770242 708063 249390 452047 520439 968083 554434 132640 272693 462908 274158 183260 518729 765536 231683 72278 241951 65057 460209 368449 454528 969520 544380 483136 462236 582232 305608 666128 623735 519412 286168 489739 285045 1061345 676037 216665 348813 424231
748892 327576 227062 500249 738882 228366 896579 985470 84016 125920 1135763 271507 183303 103311 592218 723723 439260 700593 263474 867536 609369 628515 938487 317879 347129 1057049 725938 442857 430698 977365 910137 471490 999999999 705400 234051 892465 742241 551617 265004 1039313 382182 39031 820765 953912 832185 481726 636141 912242 907717 492364 186940 768477 483804 820999 874065 725113 772906 914532 628691 472605 280902 848369 585787 428417 713837 774473 279599 762236 83699 482210 740679 845140 740967 294281 83621 853749 242457 487278 709754 535956 411515 117484 827702 812663 782963 501186 512241 252140 724985 925506 358874 843227 559913 785192 702710 914764 955066 273315 710374 850353
75637 488059 485294 382946 323199 565088 869823 398977 787395 685073 535663 436738 659883 607565 717273 525387 288840 188653 745162 566797 336032 665311 612941 552326 438994 533260 309311 330057 342334 471361 216245 329907 705400 999999999 549529 266518 93042 306800 479989 619583 339465 680446 430428 389291 943836 305959 74173 216784 563650 660743 526087 291912 270091 210030 620197 361928 429005 368408 200288 246836 721056 433493 743541 761808 215556 134544 616590 919311 786574 235334 345403 141665 233669 430432 720427 548171 479455 265500 234875 309098 465274 633419 128057 885974 267534 422117 388752 705100 83239 356945 692643 194071 166801 183297 81367 958433 357618 437860 26384 165656
575602 361478 203783 271676 679951 312517 688934 771656 311067 149375 919598 152770 111033 145093 394766 489982 349100 602259 202193 633485 383878 413918 704437 92909 125546 831682 664342 237043 223680 752242 732928 424490 234051 549529 999999999 691997 563362 500991 273743 806503 301801 195515 590785 737681 653029 422620 491449 736013 673921 292747 198219 694308 402241 708859 640786 497854 541601 697268 427435 364035 186034 619220 397405 289928 622888 588414 98236 591596 289688 369232 688872 679276 652322 256699 200193 619740 231261 403848 625588 485623 177668 260093 658704 621964 570350 268478 282448 162986 591337 711313 204590 652528 386106 588766 570562 722975 744724 217143 547261 710275
191232 733262 694400 443615 569498 795703 766595 133824 976478 840482 270902 624046 800144 789384 711873 441075 529793 441913 860132 409833 340148 639441 430283 659439 566821 276066 558127 455883 469053 228887 138832 588909 892465 266518 691997 999999999 179902 572915 707402 391912 570409 860900 275552 132669 883184 564660 331294 144592 384421 691533 732422 527461 524186 405609 471384 274311 306991 128343 265378 486941 829452 260001 743657 822846 464971 136873 728940 880400 966744 475282 592432 187838 474790 653760 886586 394813 696186 519737 485705 574473 549697 843867 175567 820133 141057 470039 440025 822347 328407 105003 774238 73200 341501 108285 338219 868976 92236 649717 243417 300668
25469 556738 531835 356572 414433 624693 802426 309546 825765 706636 450802 470738 674304 640964 676635 457554 353447 280601 749663 483793 285563 617260 526093 550610 443683 440960 400997 329750 343037 378332 169848 409068 742241 93042 563362 179902 999999999 394744 537162 527302 397674 713836 345012 297575 888776 384822 151615 172737 476814 631503 571487 380248 344806 282328 539524 286761 349500 275548 157802 310410 722542 345407 705113 745149 306827 43345 618264 870514 820600 298659 436882 124269 322930 484729 747311 465536 530286 340322 326601 395572 451847 681883 100906 828902 178234 392568 358951 710090 170196 264971 682936 111329 182486 90266 172983 895397 268675 485454 67224 206378
381692 243599 334051 497182 187707 345458 1044920 704229 620076 587127 842459 348557 589838 479727 816489 724514 158253 178997 697254 809563 520641 792309 867853 553888 448534 833277 174360 395048 399117 765868 509069 80957 551617 306800 500991 572915 394744 999999999 286681 901224 199213 541893 688608 691502 1073839 78372 244211 507956 820304 730823 369341 218364 108350 300417 852370 598390 669878 666393 415274 165869 685932 700350 833428 780989 179936 438014 595616 1029857 634286 169437 191860 427394 201545 264154 599677 790638 312574 109018 169028 15921 521899 446615 422849 1025635 547974 534293 510162 660401 263778 658660 697410 500821 306626 481407 246102 1114749 663191 296911 329518 372072
537283 87739 69972 420048 473881 88449 934890 820300 334633 314583 970709 148135 332006 201881 657015 673932 192916 442133 442458 797994 501444 660525 866555 355783 292847 919445 460957 321969 315683 841912 694899 206946 265004 479989 273743 707402 537162 286681 999999999 939847 140642 257361 712604 795306 919206 218845 406315 695919 826108 557544 89693 504099 228079 564871 822882 611847 675065 760081 464577 233462 439780 734650 664145 562148 452966 575861 370819 861333 347618 244796 475924 621462 479139 54420 317892 780871 42532 232107 447380 271074 382223 163222 607667 882918 625784 442159 434925 410745 482250 763671 477180 646679 367026 599903 460040 981679 784168 76516 491136 607186
548858 994059 900685 541295 941590 1023969 503965 284490 1117564 946525 298919 812490 890749 941691 612608 336013 806926 807887 904281 191695 440960 530895 135881 734201 694832 158971 928285 621772 630475 164619 527850 891192 1039313 619583 806503 391912 527302 901224 939847 999999999 827054 1001408 227245 264458 665290 868341 662912 533357 140444 651242 929146 905396 822787 792679 224931 328013 268512 264252 493669 769794 869315 206588 644475 795655 834070 489537 794172 695148 1094561 759964 964114 577894 849163 886902 1002163 198370 913518 819107 853901 897966 629160 1033307 562600 604775 355031 538202 528358 876169 696718 287341 786484 454861 605384 437773 700261 610860 315311 866828 593246 691291
397017 168410 155126 341935 380307 227177 885208 687147 459811 396271 836515 149644 393326 295877 634068 590985 57083 320401 499272 700916 400089 620062 766547 357426 258542 793386 365183 235337 234365 717537 554261 124889 382182 339465 301801 570409 397674 199213 140642 827054 999999999 364547 601332 664215 895533 120853 265985 555276 722954 542851 195633 399660 105386 439155 733361 501895 569504 630668 338863 93714 487017 620474 647925 583349 336116 437176 396602 846282 465757 104711 387986 481029 364477 91957 416333 682829 143171 108109 334832 183926 340126 296692 467048 851581 497767 373183 356522 461902 345846 632005 499205 507897 233865 463852 323512 945358 649854 109577 350515 471396
721398 327531 210774 463160 729593 233929 859022 951661 117928 92679 1101621 244163 147016 73035 555100 684911 421474 684663 234509 828943 572997 590177 899878 278847 310565 1021014 716120 408949 396545 941348 882501 461126 39031 680446 195515 860900 713836 541893 257361 1001408 364547 999999999 783607 919626 797351 469587 612495 884773 869388 454788 172853 756899 468148 803574 835151 688506 735404 880018 596358 452639 248978 811416 549419 395615 699182 745027 241437 728150 106766 461735 732570 819174 726868 280103 64404 815252 229619 471388 696159 526069 373127 128461 801174 776606 749130 463210 474933 219448 703621 891570 323648 813205 531351 754088 681449 878743 921859 254970 684315 828562
369713 767637 673981 320516 751857 796812 491147 249987 900912 735397 366199 586337 682517 721098 475748 182276 583915 617076 710470 140416 215037 395859 182922 526309 473973 248731 737212 395214 404317 173744 408249 671497 820765 430428 590785 275552 345012 688608 712604 227245 601332 783607 999999999 210562 614017 649348 459953 414064 133839 483963 703171 722338 603503 626384 199693 100774 53484 175961 274186 548424 676164 30878 508864 627493 644793 316751 590810 618794 880434 539151 773508 430384 664050 659702 789627 123167 686435 600071 663271 683818 416230 808613 409718 550479 168900 323650 308718 678479 512714 204906 601257 310617 385614 265932 511411 594222 250012 639658 404531 538726
313915 831303 772875 471074 700341 883551 686837 39717 1037225 886874 182099 694436 840262 850843 683643 392600 630125 570835 885500 321145 358262 604971 324531 689806 612969 144740 688526 511079 523225 99854 264120 699073 953912 389291 737681 132669 297575 691502 795306 264458 664215 919626 210562 999999999 820598 674964 447340 269523 284244 682602 808296 659323 632086 538273 382264 258004 258040 41085 332380 588406 852616 184213 716610 822715 594807 254879 758231 828546 1022839 577146 723242 320373 605869 740912 937172 309964 778593 627831 615403 691521 576977 919155 308124 756976 171919 488051 463520 850181 457228 32963 786338 202959 430358 210292 465208 792855 51676 731080 364373 432814
913374 1005196 850960 583330 1213365 965540 174112 858616 874880 706269 943553 776005 650612 782181 262941 442818 919083 1093870 578448 506671 607920 283972 534163 564401 638954 800942 1196737 679587 674829 753800 1004517 1015323 832185 943836 653029 883184 888776 1073839 919206 665290 895533 797351 614017 820598 999999999 1003227 931707 1010074 554536 361798 850851 1204648 965661 1153217 451455 615943 576410 789145 743607 908417 554054 637269 255721 407345 1121538 879567 566669 76512 836170 906215 1229951 1003682 1148593 889033 755181 514059 877200 964829 1133831 1061616 555507 902476 980163 63625 751951 543834 572470 581113 1021902 818557 473721 901078 808541 840018 1010238 102837 863461 850623 924186 1094659
376454 193204 259770 432462 262574 287690 980997 691801 553417 511002 835540 270210 512124 405299 744119 668870 84146 225155 619167 763355 467656 723422 824660 476500 372944 813050 248167 327677 330351 741895 519302 24250 481726 305959 422620 564660 384822 78372 218845 868341 120853 469587 649348 674964 1003227 999999999 234606 519064 778306 656430 296750 287313 45873 348842 802609 554843 625670 646323 375546 104123 607607 663928 760006 703267 234369 427798 517358 957303 565071 111581 268661 439632 260299 189808 525784 744625 240068 49301 228559 63109 449042 381646 430941 956505 520785 468023 446084 582174 283465 642015 619468 495195 263783 465555 262619 1047416 651806 220461 324688 403342
141856 414126 413864 355523 297055 491071 870834 460932 717423 622032 602076 370156 600487 539938 694226 530813 214734 165874 690501 590498 330747 649252 642524 503287 387995 589152 281439 285857 296900 522678 290397 258770 636141 74173 491449 331294 151615 244211 406315 662912 265985 612495 459953 447340 931707 234606 999999999 290957 593695 629288 454807 277069 196942 230711 639869 379738 450147 422378 200624 172937 668296 467571 718395 720208 194315 194942 564670 901564 718044 161525 317507 215168 219114 357348 654872 571555 406948 192366 210026 244310 425678 561049 202221 876167 307912 395751 363781 650450 101918 414476 647038 260863 126589 237195 83713 954179 420211 366369 90199 219313
163388 704435 697340 518515 463649 781583 902438 257904 995377 879308 359347 640944 846912 811778 820082 567697 505539 349704 920669 551442 431560 753206 574576 720680 615640 405012 454875 501538 514891 368934 5834 542512 912242 216784 736013 144592 172737 507956 695919 533357 555276 884773 414064 269523 1010074 519064 290957 999999999 528270 786236 737682 415946 485673 283863 612521 394218 439014 272069 320574 463319 892841 401482 850453 907482 367442 151657 788953 1001262 991510 451735 486284 80563 370095 645452 919534 535688 693383 481080 388050 513250 618554 846712 88792 947840 258268 551568 518722 881299 244760 246448 849304 109155 354064 174390 261868 1002652 220539 650248 204996 173679
501112 886627 781813 415225 885551 907526 407585 317953 984462 811055 389030 692128 754342 812143 475366 195787 709815 750738 764643 53098 325045 393202 49309 598325 566986 247147 870961 504423 511675 202300 522450 799925 907717 563650 673921 384421 476814 820304 826108 140444 722954 869388 133839 284244 554536 778306 593695 528270 999999999 510927 807655 855477 732439 756631 103350 223524 153621 263402 405062 676071 729652 132052 507691 655492 778383 446223 656612 575099 960087 667290 907253 554389 797319 774642 867151 57936 796803 729176 796958 815007 496263 908605 535049 491789 298940 407344 401426 737149 645562 292914 646252 431406 515371 394352 644790 514945 333728 751230 537622 665232
652580 643837 489166 277960 886657 604737 404240 721896 549350 369837 849760 415689 309833 428251 102283 317472 572992 779562 273843 459843 355311 143269 523970 202721 284343 728873 870056 349462 341222 657234 781526 665909 492364 660743 292747 691533 631503 730823 557544 651242 542851 454788 483963 682602 361798 656430 629288 786236 510927 999999999 489672 886406 622844 859733 441246 426717 430984 642686 473768 569112 240420 514682 106763 145095 805470 637428 214199 305209 514911 569000 900755 755477 834244 528788 424617 453155 515462 622699 814524 717391 210845 548072 731781 329254 550700 239677 273394 258419 728492 666467 149116 681636 502848 613374 712563 430514 709268 489944 647039 824371
575363 172705 41023 393170 557038 115421 878957 836490 264357 224916 987702 116902 243864 112567 591088 642089 252641 513719 354069 774812 488303 603093 844936 287157 248616 924049 543430 308219 298855 845049 736031 288469 186940 526087 198219 732422 571487 369341 89693 929146 195633 172853 703171 808296 850851 296750 454807 737682 807655 489672 999999999 584059 296917 634088 793474 603091 661030 770902 476254 287337 353085 727727 595133 480741 527328 606933 291549 789815 270633 297400 560486 667259 554719 107643 230689 758711 56800 300362 523773 353482 334961 111485 651187 818273 636530 408022 407461 323564 540273 777905 396712 677204 392121 624141 517943 918618 802803 88476 533433 665849
357309 460365 546865 622801 53693 563318 1147878 659640 838193 795706 775022 546568 791873 692094 960075 807417 346740 111421 895468 858313 607742 920992 904778 732130 618691 803489 54276 536998 545264 750249 419365 297156 768477 291912 694308 527461 380248 218364 504099 905396 399660 756899 722338 659323 1204648 287313 277069 415946 855477 886406 584059 999999999 294604 136388 910757 651110 719649 645996 476871 331123 880192 724917 981884 958702 83265 416007 783173 1170727 851547 327341 73613 344409 58713 477010 812736 839606 527351 292330 71882 233545 676372 664902 352520 1150462 558167 662932 632790 856979 210187 629156 878684 456463 396264 468129 211221 1230372 618583 506016 317859 244511
338040 219349 257514 390920 277713 305352 939371 649867 559076 501640 794815 252393 497456 400572 708139 624427 53204 216802 602060 717647 422558 684511 778820 449133 341500 769239 262121 287505 291151 697497 485548 68448 483804 270091 402241 524186 344806 108350 228079 822787 105386 468148 603503 632086 965661 45873 196942 485673 732439 622844 296917 294604 999999999 337882 757235 508984 579838 602746 329778 59766 588227 618195 725170 676753 231208 387387 494312 921508 567502 66173 287162 407367 259317 189614 521203 698901 241691 4595 229469 96022 413612 390760 397013 917809 476153 427339 404248 564057 257385 599174 594044 455814 217976 423399 235601 1007570 610222 213823 287023 380877
257149 539406 594042 584493 188368 636510 1079209 534669 896944 828101 643042 572860 814347 733933 922268 734352 382135 123831 910566 765814 545782 873380 805713 729925 614207 680646 183567 515974 526635 632976 287741 366081 820999 210030 708859 405609 282328 300417 564871 792679 439155 803574 626384 538273 1153217 348842 230711 283863 756631 859733 634088 136388 337882 999999999 821849 567463 631686 529426 410099 352744 890697 624616 947308 949821 121128 310417 788595 1127024 904665 344915 209671 218198 106377 527286 853566 747665 579429 334189 135982 312301 656203 728032 230665 1095718 457953 624500 591880 870818 132142 509762 875102 338116 356896 362481 147181 1168428 494452 548667 231809 110314
564719 890617 771989 403043 936288 899594 305430 417663 946817 768803 492146 681522 709893 783723 391566 151887 728192 802562 706690 61848 335510 311296 89124 557682 546119 349586 920967 503170 507983 305005 606690 822678 874065 620197 640786 471384 539524 852370 822882 224931 733361 835151 199693 382264 451455 802609 639869 612521 103350 441246 793474 910757 757235 821849 999999999 260220 191203 357351 441867 698638 671823 211405 422623 582722 830797 514303 609429 474148 919273 691102 957158 629895 852080 774130 825652 76849 789890 754437 848221 845338 466190 888023 608979 388914 367228 385491 388248 682893 703361 387310 584308 510220 546026 464465 699727 412414 430025 746586 595099 737349
312229 667561 573471 226180 676072 696057 517070 296637 806222 644669 433332 486201 593971 624398 438443 174640 486638 542463 630841 211922 116151 365135 269962 439549 378003 333997 660748 294923 304342 254827 388694 576405 725113 361928 497854 274311 286761 598390 611847 328013 501895 688506 100774 258004 615943 554843 379738 394218 223524 426717 603091 651110 508984 567463 260220 999999999 71528 217335 183708 452557 597357 124750 470594 565199 570741 268821 506382 608181 787297 443769 696942 391545 592401 559005 697767 192930 585716 505754 588048 592571 327311 709249 368673 553925 136718 235482 215789 596755 445150 239954 528724 285153 292400 225213 440445 612964 282555 538900 337506 491158
