NAME : synthetic_000817
TYPE : CTSP-D
DIMENSION : 100
GROUPS : 8
RELAXATION_LEVEL : 1
EDGE_WEIGHT_TYPE : EXPLICIT
EDGE_WEIGHT_FORMAT : FULL_MATRIX
EDGE_WEIGHT_SECTION
999999999 173648 433363 311554 845847 757162 130963 739503 952531 82087 635001 884177 646538 759140 70095 611519 243705 662592 156554 880114 690234 873561 978570 774317 479867 691946 1042486 567822 272589 1001133 166870 450548 508627 892723 125469 462435 547005 430660 498261 597567 606443 278753 156495 514403 642156 608825 264858 670167 840730 328238 767592 138332 640434 808445 276319 834050 538664 754983 776616 435276 744882 115133 761615 174786 397275 525307 575626 402956 606874 579175 875846 323287 741966 583151 123939 904722 466535 751253 919115 654754 135378 742684 1069428 673254 369083 686644 816755 247616 238869 368210 286316 390802 641838 668717 312562 116746 608620 164072 710580 55614
173648 999999999 602740 430351 1019115 930726 124272 903089 1105606 252626 724301 1028235 746997 906494 173226 779525 416313 835685 287553 1023756 771392 1012567 1143476 942246 536509 853011 1209406 736334 401554 1160911 338705 598648 665760 1039253 296402 634906 720409 584277 655785 739130 737431 449270 239164 593948 759031 664645 272832 821113 991404 456404 869381 38022 811844 958127 435072 1005181 611409 915887 838334 602748 917827 60479 929930 92247 541977 692987 625032 542290 760074 734936 1031769 496819 907574 755291 254766 1078241 594103 846913 1092458 734080 269133 916006 1236882 828484 520937 856573 983891 332401 410794 522829 354485 510390 797942 838287 400877 57493 755340 77405 875954 181120
433363 602740 999999999 452056 459345 365511 550255 313186 547297 368394 490929 508521 462765 586450 435287 332400 230532 296442 338486 506048 553712 514801 547852 341187 495420 451834 609675 297303 275954 578981 294368 387045 137112 508877 331740 179965 150146 133092 353090 497921 324863 232478 491253 450641 403012 570401 512901 499528 447166 260267 547408 565167 310916 614099 310028 482230 482499 502882 674140 247859 324939 542274 448286 603515 182529 281750 566263 409709 228529 409200 465435 159079 311610 254806 362658 491104 481620 554225 501545 534496 417892 328399 636308 476654 152706 368100 506948 385884 241363 138742 416311 475023 448602 235582 373169 548180 479644 566975 280971 452193
311554 430351 452056 999999999 706069 635618 309324 747469 992558 252458 846594 960560 840319 485628 378041 428401 240021 533358 406462 958104 908805 966011 959945 750213 741615 463338 1007092 393835 481160 1009060 228860 193769 580844 960434 233782 353283 481122 533171 270645 315130 744790 221922 191992 749575 807136 861755 570790 407622 897754 522414 949708 410862 485991 539431 142467 661337 779313 522686 1013966 277906 665978 393801 568798 361731 536136 350932 836637 126255 678914 336514 909468 293336 737366 445756 389865 796132 163986 944578 816571 878217 176292 654061 1028856 423486 493671 512230 613112 516849 229320 483541 561483 80673 396544 642174 565597 382185 337234 459725 710809 267084
845847 1019115 459345 706069 999999999 93834 935906 370186 546034 766854 863978 608762 817983 438229 867970 281251 602995 183705 787589 611042 916988 648409 400195 296280 933092 310818 400741 312326 735298 487638 680834 526191 504478 589055 723327 385492 312320 564444 444482 502594 654405 573017 841629 870626 736114 980117 970815 415364 532278 716120 850067 984159 220364 419748 610305 96985 899473 295728 1035861 436181 170035 960916 182789 994292 625160 355252 987441 591970 502052 409429 485144 522756 340022 268280 806349 116375 615373 874657 141379 911416 776606 151843 408359 376368 606275 200119 192593 844990 609081 593830 875522 672109 378893 295736 830740 961721 464448 999735 348935 844908
757162 930726 365511 635618 93834 999999999 851134 307989 514086 679180 780397 559967 736190 434332 777060 226179 515582 102410 694737 561482 835198 595433 393155 243716 841846 290162 411752 247629 641464 472795 593447 465307 414840 543002 635950 300870 218902 472083 385074 466065 572813 487803 760606 781288 655866 892558 877142 392230 481787 622595 775927 895306 155086 427566 530690 143746 810630 294731 955252 359963 101503 872022 182452 909204 532469 286841 898417 527935 420720 364961 444256 433908 278574 190263 714077 160567 560600 798336 181754 827749 693677 78094 425705 353167 512800 158753 218310 751178 522241 500245 781705 609187 347771 216038 737099 873479 429212 909173 280671 758566
130963 124272 550255 309324 935906 851134 999999999 860962 1079572 181873 759367 1013866 773690 790741 179464 682665 338077 752431 285556 1009886 812542 1004014 1098008 890901 591931 746896 1159493 640769 402772 1124665 261856 485608 635310 1021879 220752 550712 650204 559138 548320 621725 737399 363342 117354 635100 772147 721868 348059 707699 968827 458631 895377 115576 722032 843334 333336 913298 657313 809232 892900 507196 849635 108298 832479 58698 527772 596491 685821 425853 734720 625290 1001806 422122 861492 668355 251871 1004318 473299 877662 1020441 776329 162350 845058 1185675 717751 498415 762721 884233 365586 330251 496752 399119 388536 688047 783296 433460 90197 640106 175138 830490 98071
739503 903089 313186 747469 370186 307989 860962 999999999 248952 679599 521963 258479 470547 715328 730906 459635 542183 334501 622104 259069 567309 289444 240826 79858 639793 563751 310652 452488 526343 265966 607526 634429 243833 245807 644354 407262 278893 327333 571711 696422 312928 537970 804303 561626 386004 654479 761617 652267 180599 484400 484698 865083 393463 719671 610201 449303 585275 586408 681069 492004 206911 842942 483072 912563 382827 468927 671424 677838 176598 591339 166168 464470 30165 377693 651838 320505 736935 512383 314832 568535 730944 229930 339683 616819 389556 432195 525332 632941 552709 384412 647997 753808 600472 118910 592768 851060 665739 857908 38118 763001
952531 1105606 547297 992558 546034 514086 1079572 248952 999999999 901634 565496 123417 510325 943879 932600 699026 777604 566753 818254 129173 587076 171344 182913 277722 741458 794230 247397 696469 708642 107349 836858 883323 444264 97461 870421 656141 527759 522463 819563 940495 403000 778286 1034939 653293 436643 711527 923879 888808 116430 657633 461898 1067851 628990 941091 853189 639466 667022 807606 674889 740913 417405 1047055 696535 1127316 564352 715825 741270 926510 346013 834884 83276 704374 266303 621211 850842 453771 985859 500015 435721 603804 961920 440847 272569 851740 585263 659725 728360 803084 788523 584742 806676 1001892 838480 365522 749239 1057683 908365 1051262 286996 983022
82087 252626 368394 252458 766854 679180 181873 679599 901634 999999999 632766 841202 637262 680649 132691 529529 163860 583291 161141 837501 691550 834615 916192 709065 500284 610261 977661 485886 259700 943913 86096 373166 458074 847692 43826 382292 472312 385514 417558 521639 577023 197162 147178 521223 622223 625563 319591 590831 792594 311375 755343 218892 559452 729175 196450 752948 548480 673286 786943 353206 671311 195993 679691 236184 362074 443269 596455 329883 558746 498730 822821 245729 679734 502680 139303 828942 397880 743006 844083 657837 89949 667935 1003913 592760 327856 605047 734716 269399 158168 324015 312993 327911 561185 601644 325304 195137 530811 245735 648798 83853
635001 724301 490929 846594 863978 780397 759367 521963 565496 632766 999999999 446171 55433 1077277 580101 819145 613294 751184 479817 440276 63890 405703 702865 600866 211528 939622 780511 786894 373427 663784 620342 853873 377599 469708 628210 670224 614093 359031 836458 981535 211075 644994 777559 132434 137767 146103 467573 990322 462508 325544 153536 692977 784724 1103461 718297 920834 125049 986603 183254 729180 694814 679887 915106 784804 325674 772626 178920 855894 362360 898627 531601 595806 548518 735704 511191 838306 933923 124181 835183 47441 721120 712137 810164 967454 368557 840297 970426 395667 622730 382150 369819 899561 939530 568324 326765 697055 966880 650660 528004 686494
884177 1028235 508521 960560 608762 559967 1013866 258479 123417 841202 446171 999999999 391497 973776 856945 716367 733055 592978 741355 5905 464862 49363 293452 316506 630207 822171 364632 706199 626991 229356 784372 873236 386720 26773 814140 644445 523616 455759 817571 948589 301521 740390 980867 541295 322206 592232 828770 909458 78399 573194 338484 991054 651566 977823 818518 696269 552590 844362 551479 728357 458717 971352 739082 1058090 487883 718307 623605 908763 285265 844592 130022 667492 285095 632442 774968 531613 974217 376671 517268 482909 909139 482453 391527 874541 515466 690587 778257 713371 744232 517717 712085 979614 857266 374875 654993 983484 919494 969116 293652 919665
646538 746997 462765 840319 817983 736190 773690 470547 510325 637262 55433 391497 999999999 1047103 595662 786141 603388 711798 490079 385612 99045 351836 647730 549877 254022 906666 725331 755676 378037 608366 617361 835202 341701 414783 628906 642731 578216 333937 812917 958228 163597 632378 783677 168101 84608 201209 498615 961750 407081 326157 122463 714228 748192 1071195 707968 877777 169080 951650 219665 705909 648261 699750 876229 802663 308984 744011 232356 841500 315995 871939 476235 578573 497681 701269 522746 788521 918946 105774 784677 98852 723944 666302 754947 937350 352477 802986 930615 415131 613325 365066 394261 889343 910251 522320 346256 716218 941759 675256 478289 696142
759140 906494 586450 485628 438229 434332 790741 715328 943879 680649 1077277 973776 1047103 999999999 812011 265890 553302 380881 786349 974239 1139801 1002179 826239 667052 1059970 151659 836707 291718 799395 907124 609645 309013 707478 960613 642322 408619 477250 719132 269915 170759 898158 509818 674283 1029675 980984 1150805 980583 92894 895887 811742 1120809 881606 323017 55165 484389 346199 1061990 142703 1260523 366457 526675 861595 257479 845549 761711 305429 1141325 364899 764454 190687 869279 517292 689546 353616 787025 554600 327870 1132962 579601 1120934 637981 503482 845993 109827 723347 284533 252242 883936 551109 708531 926594 413479 138640 600182 904325 853529 151212 921566 680461 729545
70095 173226 435287 378041 867970 777060 179464 730906 932600 132691 580101 856945 595662 812011 999999999 647976 275873 686530 115659 852575 633080 842801 971552 772225 415426 735792 1038395 603853 232539 987810 205450 505426 492617 867350 169763 490658 561671 411053 546643 654197 570037 315699 225953 455713 598316 545076 195035 721524 818662 288379 717733 135324 670256 859800 327684 863557 478311 798614 714828 474321 755757 114583 796681 208138 369631 562993 510505 462415 586927 628077 858555 347628 736199 611347 82024 918992 529210 699058 931813 596897 203038 755751 1066173 721839 347729 719380 853263 186304 273578 349639 221649 456195 690015 669995 253996 126773 662726 132579 704516 124873
611519 779525 332400 428401 281251 226179 682665 459635 699026 529529 819145 716367 786141 265890 647976 999999999 372103 136686 592195 716366 880707 741830 606477 422139 822718 120545 633871 44175 576803 677717 445435 244951 444798 705227 486070 169734 211595 465098 163231 245370 634040 333337 579027 782656 717485 902727 787467 193214 639538 578036 855936 747634 73618 285182 349464 234145 814639 171097 1002150 176777 293157 725064 150410 741303 513677 86555 897543 311158 498579 140876 620321 307889 436237 87737 602062 382379 335921 869170 405328 863974 520373 273123 649695 159807 479227 83832 205437 674783 374768 464444 713619 390935 140912 341579 681705 722394 210811 773730 423107 599281
243705 416313 230532 240021 602995 515582 338077 542183 777604 163860 613294 733055 603388 553302 275873 372103 999999999 419437 233050 730123 676445 734417 771910 561747 533409 463087 829132 327982 264568 808127 77885 263875 347638 735480 120398 218741 312294 293940 283401 410856 504953 43486 263541 526579 567408 644033 427974 460696 675425 295456 710572 381916 397010 597114 105006 590679 557809 525435 786248 199634 511725 358790 521010 395262 296772 287325 624387 247807 448214 363815 695928 84199 538054 339456 235624 666711 326010 706712 682511 647766 190633 506984 854212 455490 253965 444419 577410 333301 11210 243570 377251 286338 423377 452459 363575 358858 410528 402899 508419 243371
662592 835685 296442 533358 183705 102410 752431 334501 566753 583291 751184 592978 711798 380881 686530 136686 419437 999999999 610728 593514 809639 622301 469808 289039 788279 229431 498690 149372 568730 541523 497236 366037 374722 579751 539714 201825 146892 417482 287201 382036 551746 389367 659716 735544 636210 851565 798559 322116 515020 556664 766796 800924 63433 386430 429142 186135 766295 254472 931227 257595 156492 777709 164560 810755 474632 185994 852782 427213 404986 277419 489953 339931 308714 87856 627576 262785 463549 784748 283367 797810 593701 136579 515545 285021 448762 98734 219279 675840 425418 435053 709445 508591 272428 220975 668797 778258 347131 817753 300067 661204
156554 287553 338486 406462 787589 694737 285556 622104 818254 161141 479817 741355 490079 786349 115659 592195 233050 610728 999999999 736967 536374 727180 862915 667700 339176 691848 931452 548347 117924 875809 187556 491719 380985 751937 172743 425818 476111 298311 516451 640820 455114 276531 299593 362796 486654 464641 196165 693740 703873 173977 611039 250014 603285 829935 316062 793461 388987 753275 627695 428363 663182 230004 736066 321336 254432 511459 435322 462696 473147 596742 745143 284308 629210 543082 34212 828809 537159 594964 839848 501583 250925 665555 959724 687866 234816 656118 794347 110410 235542 238148 155212 476641 655763 568938 164336 242399 642670 235919 597493 206702
880114 1023756 506048 958104 611042 561482 1009886 259069 129173 837501 440276 5905 385612 974239 852575 716366 730123 593514 736967 999999999 458974 44326 298385 318193 624499 822610 369850 705841 622442 234943 781051 871836 383518 32191 810636 643118 522784 452014 816582 948015 296303 737762 977405 535573 316445 586335 823610 909503 79697 568548 332727 986606 651869 978617 815998 698191 546795 845217 545750 726924 460158 966954 740280 1053949 483650 717594 617732 906987 282144 844145 133778 664958 285985 632220 770613 534698 972701 370875 520548 477004 905757 483868 396839 874706 511519 691255 779789 708450 741306 513897 706967 977599 857247 374984 649903 979147 919078 964450 293921 915811
690234 771392 553712 908805 916988 835198 812542 567309 587076 691550 63890 464862 99045 1139801 633080 880707 676445 809639 536374 458974 999999999 420798 734759 646923 243284 1001239 811792 849040 433123 689024 681878 917759 437623 489858 688521 733263 674372 422264 900136 1045254 262633 708515 835303 178074 181968 143838 508342 1053226 490821 386878 139376 741370 844773 1165356 781449 976662 160765 1047442 121775 792863 747221 729415 973917 835486 389563 835462 185329 919542 415032 961887 561286 659680 594920 796679 566898 886288 997612 100947 881933 37575 780434 765329 841006 1029975 432438 899968 1028666 447220 685787 446040 417876 962606 1002256 621348 379089 747049 1030395 696417 576313 742630
873561 1012567 514801 966011 648409 595433 1004014 289444 171344 834615 405703 49363 351836 1002179 842801 741830 734417 622301 727180 44326 420798 999999999 342710 353528 595917 850545 413981 729124 611090 278043 781812 887879 386785 76097 809651 660070 543422 449801 835565 969613 277949 744596 976589 506842 287536 551331 804165 935021 116538 556221 291602 975800 679230 1008421 823578 733908 516146 875452 504131 742953 493931 956722 772431 1046385 476288 738576 584162 920247 287127 866669 176790 672725 317694 656475 761128 575228 987790 330279 561731 440556 905764 517468 440806 900978 507011 720628 813590 692401 745627 510648 688296 988968 882427 401998 631729 969569 941720 951172 322307 911310
978570 1143476 547852 959945 400195 393155 1098008 240826 182913 916192 702865 293452 647730 826239 971552 606477 771910 469808 862915 298385 734759 342710 999999999 211008 853745 683274 77840 614780 765687 91623 841034 821894 483632 266954 879369 607864 478831 567239 748899 851737 511875 762368 1035430 769576 566411 845857 998249 784573 245262 721763 621490 1105490 532980 814969 829212 497051 788693 684760 833626 689026 313531 1083239 570014 1150670 620956 643456 870046 874751 404803 747209 174303 690696 236667 541900 892649 293636 923502 657238 271986 745605 962343 333438 107828 745739 629909 550452 591440 870657 781939 625096 883117 954545 738276 320603 826865 1091024 816375 1098733 267989 999937
774317 942246 341187 750213 296280 243716 890901 79858 277722 709065 600866 316506 549877 667052 772225 422139 561747 289039 667700 318193 646923 353528 211008 999999999 711866 516833 268596 422249 579678 262668 632078 619679 300152 299288 671159 399799 269751 381410 550634 665327 390978 551425 825271 635939 465412 731725 818496 611128 238585 541987 563968 904438 351437 666481 618365 380394 660573 532720 760921 482556 143050 881788 424364 944612 440297 445402 747362 669205 248814 559628 202462 480008 52419 347188 695585 240727 722136 592052 235052 647610 752344 166865 295134 574018 440891 382575 461881 688838 571636 433709 707348 747965 560996 109636 653577 888463 632313 901946 78057 792918
479867 536509 495420 741615 933092 841846 591931 639793 741458 500284 211528 630207 254022 1059970 415426 822718 533409 788279 339176 624499 243284 595917 853745 711866 999999999 938732 931095 783703 268873 830498 514510 795015 429874 650782 508916 656816 641701 371321 798031 937204 342980 573158 633707 89075 308484 129944 267523 968165 629419 248257 364994 509185 806331 1095071 633484 971378 86479 993746 302408 694585 773150 499834 943646 607478 313831 758558 96270 780353 463605 871161 692891 545572 660890 749607 363415 932728 857983 333573 934920 205945 589907 785537 961226 952745 344026 863511 1002186 233103 540280 358671 193845 806970 921998 649871 176122 518350 930553 459987 634004 534976
691946 853011 451834 463338 310818 290162 746896 563751 794230 610261 939622 822171 906666 151659 735792 120545 463087 229431 691848 822610 1001239 850545 683274 516833 938732 999999999 699585 155340 687249 761489 530397 269606 565243 809166 568294 282061 330908 584802 198653 197108 754028 421117 635867 901216 837654 1021638 888011 104634 744333 692327 975413 823784 171518 164947 418051 230913 933310 63039 1122661 263863 377995 802073 130636 804614 632067 182758 1015433 337409 616581 127134 718700 410113 538145 206552 698083 425249 333921 989199 450021 984363 586026 355245 711338 65551 596430 134692 156319 780816 463611 581587 821250 407581 74107 448549 792639 797076 159036 855952 528807 672001
1042486 1209406 609675 1007092 400741 411752 1159493 310652 247397 977661 780511 364632 725331 836707 1038395 633871 829132 498690 931452 369850 811792 413981 77840 268596 931095 699585 999999999 647097 836988 142650 900342 859655 554483 337884 939646 653811 527565 637976 783772 877170 589523 816716 1092413 847182 644183 923652 1071406 803033 321455 794419 696787 1171504 560423 820421 880367 496995 866453 694064 909383 732260 346375 1149013 579250 1213168 693114 679299 947884 915731 479433 774486 250637 746553 302329 576944 960464 286350 959838 733004 262092 823072 1019748 363104 30132 763792 700024 570461 593167 943178 838810 694484 956892 996461 759491 376873 900978 1156128 840662 1166853 334048 1061514
567822 736334 297303 393835 312326 247629 640769 452488 696469 485886 786894 706199 755676 291718 603853 44175 327982 149372 548347 705841 849040 729124 614780 422249 783703 155340 647097 999999999 535012 681948 401561 217678 415768 696567 442355 127954 189297 430393 137911 244146 606659 289428 538610 745961 689307 866479 743779 210644 630528 537897 829630 704203 93318 316845 308033 273493 778081 210814 970118 133857 301914 681570 193805 699449 476813 44585 860094 281057 476122 138851 616117 264053 431074 75266 557979 407215 314192 841313 429167 831132 478635 284026 664544 182357 441105 122306 249463 631884 330735 426265 671097 362039 157656 333584 640141 679127 213420 729817 415059 556377
272589 401554 275954 481160 735298 641464 402772 526343 708642 259700 373427 626991 378037 799395 232539 576803 264568 568730 117924 622442 433123 611090 765687 579678 268873 687249 836988 535012 999999999 771758 252316 526503 282513 638664 255556 407191 424795 199162 533384 670081 337503 304397 405682 268450 369568 381947 240708 706792 593164 56053 497364 364709 573382 837653 365614 754796 298208 745539 533535 432973 595283 345789 710572 439237 145789 504624 360254 511857 366851 609090 638249 282113 537006 513689 152120 761965 589725 483674 770230 400401 347697 601288 865997 694460 138970 629358 769699 111223 271607 147616 140752 542020 662992 488787 105440 359153 665205 342944 505630 319478
1001133 1160911 578981 1009060 487638 472795 1124665 265966 107349 943913 663784 229356 608366 907124 987810 677717 808127 541523 875809 234943 689024 278043 91623 262668 830498 761489 142650 681948 771758 999999999 873178 882333 495206 202788 909521 661397 531072 577501 812628 922821 488058 803118 1070203 743624 531197 809219 996561 860907 202250 723898 566982 1122914 604948 898405 873947 584045 759642 766829 780164 744759 385574 1101299 652750 1175164 625979 707182 836968 931516 404956 817448 138281 729891 272091 607514 907119 383876 984759 604573 362787 703829 996840 407261 166152 822532 640993 627366 677307 871965 818629 638241 879838 1009835 813021 367413 822667 1110500 888502 1111255 300265 1026935
166870 338705 294368 228860 680834 593447 261856 607526 836858 86096 620342 784372 617361 609645 205450 445435 77885 497236 187556 781051 681878 781812 841034 632078 514510 530397 900342 401561 252316 873178 999999999 307519 397817 788813 42513 296202 388573 333143 342142 457223 536978 112146 198082 520756 591378 633159 373786 518227 731034 295000 730618 304697 473637 656196 129508 667219 550453 593261 785455 270020 587943 281673 595248 318403 321966 359572 608873 275196 499376 423594 756413 160828 605529 416651 180387 744119 349733 722608 759654 650557 125193 583818 925995 517056 282484 519845 650844 296297 72124 275344 341331 292627 485128 523520 339155 281221 462215 328306 575164 165981
450548 598648 387045 193769 526191 465307 485608 634429 883323 373166 853873 873236 835202 309013 505426 244951 263875 366037 491719 871836 917759 887879 821894 619679 795015 269606 859655 217678 526503 882333 307519 999999999 524072 868108 336621 228958 355564 503252 81757 149712 710042 222314 371114 781017 784656 900757 681301 222505 802557 551345 930066 572944 310664 359673 178697 473008 812955 329437 1033033 144967 513292 552730 377710 541956 528250 180792 883984 68559 609483 143065 800574 258248 618165 283005 487714 624680 102656 933105 646796 892546 329617 497471 878488 232826 485333 327522 420019 596041 258777 471750 640405 146092 204297 518903 627223 545009 158106 612589 596346 420674
508627 665760 137112 580844 504478 414840 635310 243833 444264 458074 377599 386720 341701 707478 492617 444798 347638 374722 380985 383518 437623 386785 483632 300152 429874 565243 554483 415768 282513 495206 397817 524072 999999999 391068 428690 310461 236752 83609 487306 631110 191811 358949 594922 366452 273595 478855 519050 624311 334568 242032 415408 627777 407212 729973 438445 550084 395870 610015 559386 383669 343342 606278 537955 683361 140233 407879 483589 546060 101560 538227 367278 288664 255232 359575 411972 504723 618590 425643 508639 423768 522786 355761 583486 598052 146551 462699 593919 389792 358847 143050 407204 609279 572048 221779 353584 615861 610642 616801 224221 538899
892723 1039253 508877 960434 589055 543002 1021879 245807 97461 847692 469708 26773 414783 960613 867350 705227 735480 579751 751937 32191 489858 76097 266954 299288 650782 809166 337884 696567 638664 202788 788813 868108 391068 999999999 819561 639151 516245 462890 810615 939744 318189 741258 985969 562061 343602 615811 844485 898021 66118 585530 364612 1001891 639225 963357 818789 677746 574238 829712 577705 723476 442140 981887 723174 1067032 497775 710198 646521 905363 289565 835254 106530 667949 271078 622299 785327 509356 969577 402608 494441 507193 913841 465941 364754 862625 523650 676753 761091 727426 746619 525176 727537 977318 846118 363754 670275 993638 909986 981352 282143 926989
125469 296402 331740 233782 723327 635950 220752 644354 870421 43826 628210 814140 628906 642322 169763 486070 120398 539714 172743 810636 688521 809651 879369 671159 508916 568294 939646 442355 255556 909521 42513 336621 428690 819561 999999999 338568 430447 359867 377161 485967 558253 153395 166940 522439 608252 631178 347996 551761 763012 303278 744745 262708 515627 690042 158221 709126 551027 631278 788242 309967 629712 239784 636146 276699 342446 399911 604452 297803 530032 458541 790695 203055 643337 458889 158447 786407 369056 734599 801818 655957 97551 625863 965564 552419 305368 561306 691348 283152 114419 299862 327897 304558 520680 563058 332799 238909 493361 288314 612692 124006
462435 634906 179965 353283 385492 300870 550712 407262 656141 382292 670224 644445 642731 408619 490658 169734 218741 201825 425818 643118 733263 660070 607864 399799 656816 282061 653811 127954 407191 661397 296202 228958 310461 639151 338568 999999999 130329 311285 178380 320802 501852 187542 460333 621848 581791 742811 619881 320210 573608 410293 725292 600656 179638 439589 232793 372947 654106 338749 853282 84815 314577 577531 310248 608980 353265 103234 734829 270887 386531 229272 573096 143557 392784 120922 438161 457115 330727 733451 475083 713189 392822 304751 675659 299248 315784 230546 368613 505361 224149 300925 543928 348447 270123 294464 512241 577423 300460 620234 369344 459459
547005 720409 150146 481122 312320 218902 650204 278893 527759 472312 614093 523616 578216 477250 561671 211595 312294 146892 476111 522784 674372 543422 478831 269751 641701 330908 527565 189297 424795 531072 388573 355564 236752 516245 430447 130329 999999999 271575 294406 426233 423320 292999 571031 590801 507208 708120 658617 399674 450220 410348 644532 684066 170712 495833 352959 332200 621916 373482 796131 214228 199440 660781 304381 706976 327923 195155 707781 400924 287443 324110 445057 228124 263035 124362 496226 357959 458121 658477 372119 659947 499985 195732 550572 369559 301999 226870 361965 533520 320656 288410 565485 478777 346594 164275 523244 663751 399117 694196 240796 554434
430660 584277 133092 533171 564444 472083 559138 327333 522463 385514 359031 455759 333937 719132 411053 465098 293940 417482 298311 452014 422264 449801 567239 381410 371321 584802 637976 430393 199162 577501 333143 503252 83609 462890 359867 311285 271575 999999999 479014 624321 212355 313593 526799 319791 281943 438508 437091 631478 410072 161317 427368 546366 439528 747188 392889 600057 351267 635132 542008 371973 410987 525188 575470 605365 61654 413971 436440 515123 176460 539628 447523 250833 337922 385551 329852 575832 591057 429916 581666 401941 456250 420584 666911 609397 63496 496561 633405 307445 304963 62453 327076 570801 581006 295741 275241 535397 608399 533863 306628 464119
498261 655785 353090 270645 444482 385074 548320 571711 819563 417558 836458 817571 812917 269915 546643 163231 283401 287201 516451 816582 900136 835565 748899 550634 798031 198653 783772 137911 533384 812628 342142 81757 487306 810615 377161 178380 294406 479014 999999999 145311 677686 239923 437353 774987 756003 895989 710973 177314 744612 550365 900496 627477 230067 314421 222179 392103 807280 260921 1018268 107281 437690 606166 298203 605974 512516 105553 882998 148936 564856 81462 737580 252459 553320 207212 517679 543836 176395 906840 566201 877509 387862 420767 801763 175266 471293 245804 343134 614562 281392 456882 657578 227833 143627 454042 637481 600361 132698 662216 533636 475157
597567 739130 497921 315130 502594 466065 621725 696422 940495 521639 981535 948589 958228 170759 654197 245370 410856 382036 640820 948015 1045254 969613 851737 665327 937204 197108 877170 244146 670081 922821 457223 149712 631110 939744 485967 320802 426233 624321 145311 999999999 822086 368217 504827 917673 900931 1038395 830996 104797 873640 690826 1045189 715584 318763 225170 328328 427570 949891 240107 1163104 252453 538522 696229 326921 675879 657108 231171 1024012 196928 705350 105703 860263 393087 675219 319339 637360 613858 157923 1051954 638098 1022323 472037 518305 891751 135717 615501 308626 351122 744027 406574 601216 788098 242907 124388 577521 772518 687248 38297 757991 658846 564508
606443 737431 324863 744790 654405 572813 737399 312928 403000 577023 211075 301521 163597 898158 570037 634040 504953 551746 455114 296303 262633 277949 511875 390978 342980 754028 589523 606659 337503 488058 536978 710042 191811 318189 558253 501852 423320 212355 677686 822086 999999999 525924 723078 257726 84476 341875 527379 815856 288444 281712 223599 701178 591299 918972 605110 714770 277378 796070 382467 572708 484747 682870 716299 776304 215807 599681 361068 725993 152398 730010 350124 462366 338560 547544 489313 627356 801001 235174 624605 258350 655803 502707 619620 789015 254571 644932 769734 414502 515827 262745 410937 783081 763446 358724 354088 696573 802237 674277 317155 648518
278753 449270 232478 221922 573017 487803 363342 537970 778286 197162 644994 740390 632378 509818 315699 333337 43486 389367 276531 737762 708515 744596 762368 551425 573158 421117 816716 289428 304397 803118 112146 222314 358949 741258 153395 187542 292999 313593 239923 368217 525924 999999999 278063 562969 592084 681482 471312 417225 679626 331983 736438 416029 362597 553740 79756 555925 594525 483678 820235 158622 491252 393155 483102 421507 323748 247651 663104 211557 457476 320413 695793 73911 531457 306643 278626 641933 289905 734457 658765 680892 207684 484752 840934 412297 280326 407915 538766 376359 42499 268602 420127 258101 380188 441790 404987 391810 367255 440396 502860 272128
156495 239164 491253 191992 841629 760606 117354 804303 1034939 147178 777559 980867 783677 674283 225953 579027 263541 659716 299593 977405 835303 976589 1035430 825271 633707 635867 1092413 538610 405682 1070203 198082 371114 594922 985969 166940 460333 571031 526799 437353 504827 723078 278063 999999999 662385 769379 761689 418570 592365 928778 458208 902251 222665 623949 727210 231599 812103 688301 697635 926973 406920 769198 208125 727377 171323 507550 494031 729822 309643 696404 512375 954453 345946 801146 573402 271337 917407 355976 889349 935047 800884 73363 762203 1117246 603865 471648 660905 777242 400621 253658 466575 441109 271475 574751 715920 462528 194235 524014 276233 771211 101092
514403 593948 450641 749575 870626 781288 635100 561626 653293 521223 132434 541295 168101 1029675 455713 782656 526579 735544 362796 535573 178074 506842 769576 635939 89075 901216 847182 745961 268450 743624 520756 781017 366452 562061 522439 621848 590801 319791 774987 917673 257726 562969 662385 999999999 219426 121207 335139 939389 542028 231162 284463 563513 759319 1061338 630345 915227 32344 953429 265920 668928 706793 551371 895060 657421 269151 724949 117374 774010 387173 843991 606469 524857 584223 704960 391983 862588 852351 256611 863281 141348 610944 720783 877290 920828 306329 816346 952762 269537 534824 321152 239921 809090 891046 581442 202056 568979 907521 519539 558701 567653
642156 759031 403012 807136 736114 655866 772147 386004 436643 622223 137767 322206 84608 980984 598316 717485 567408 636210 486654 316445 181968 287536 566411 465412 308484 837654 644183 689307 369568 531197 591378 784656 273595 343602 608252 581791 507208 281943 756003 900931 84476 592084 769379 219426 999999999 279513 527685 897807 329005 314102 145452 724280 675602 1002570 670105 798262 230652 880243 299757 650056 566156 707749 800759 806422 271150 680943 305776 796786 235164 810677 396728 532388 413272 631288 520559 704399 872960 152057 700301 183184 705280 584729 673975 871623 313479 729359 854096 428034 577934 324031 415549 850176 845618 440883 361848 722915 882201 691152 394349 688194
608825 664645 570401 861755 980117 892558 721868 654479 711527 625563 146103 592232 201209 1150805 545076 902727 644033 851565 464641 586335 143838 551331 845857 731725 129944 1021638 923652 866479 381947 809219 633159 900757 478855 615811 631178 742811 708120 438508 895989 1038395 341875 681482 761689 121207 279513 999999999 393365 1060583 607500 349630 282020 638179 877579 1182190 746864 1028939 88864 1073272 173796 790053 813666 629330 1012485 737055 389773 845959 43848 891819 485814 965193 675970 645400 679372 824059 490596 964665 970043 244499 963527 113620 715475 829024 953467 1041887 427467 934439 1069752 361375 651870 442277 323427 923958 1012170 687196 300308 647939 1028568 587710 656269 663688
264858 272832 512901 570790 970815 877142 348059 761617 923879 319591 467573 828770 498615 980583 195035 787467 427974 798559 196165 823610 508342 804165 998249 818496 267523 888011 1071406 743779 240708 996561 373786 681301 519050 844485 347996 619881 658617 437091 710973 830996 527379 471312 418570 335139 527685 393365 999999999 888252 807466 277247 618621 249761 795476 1025050 503047 983267 347668 949396 567143 624495 835241 245026 929819 351678 378997 707422 352875 645772 594210 791711 859870 479801 774270 735160 193855 1001964 716475 591745 1010638 470767 397452 840497 1100825 883402 379198 849353 988412 129874 429582 388305 117203 647406 851288 729402 174639 264283 835098 195452 743249 318302
670167 821113 499528 407622 415364 392230 707699 652267 888808 590831 990322 909458 961750 92894 721524 193214 460696 322116 693740 909503 1053226 935021 784573 611128 968165 104634 803033 210644 706792 860907 518227 222505 624311 898021 551761 320210 399674 631478 177314 104797 815856 417225 592365 939389 897807 1060583 888252 999999999 832455 719908 1039212 795056 259968 138345 394381 333248 971726 136921 1173441 274007 475709 774584 234107 763580 672233 217802 1050312 283222 686758 97827 811363 424681 628231 279257 694852 529878 258804 1049858 554640 1033399 552022 453671 815291 39307 633194 234121 250666 791050 458685 618425 833702 340891 53093 534596 811631 767245 72059 833309 616017 642601
840730 991404 447166 897754 532278 481787 968827 180599 116430 792594 462508 78399 407081 895887 818662 639538 675425 515020 703873 79697 490821 116538 245262 238585 629419 744333 321455 630528 593164 202250 731034 802557 334568 66118 763012 573608 450220 410072 744612 873640 288444 679626 928778 542028 329005 607500 807466 832455 999999999 541689 376481 953759 574014 899544 756542 618765 557527 766043 588370 658053 380462 933220 660693 1015434 449566 644087 634780 840539 234124 769188 70960 606032 206800 556339 736750 459075 904181 411988 446075 503586 856218 404176 350397 797247 472209 612441 700096 686758 686507 472520 690265 913087 780446 297975 632829 944255 843943 936009 216443 873001
328238 456404 260267 522414 716120 622595 458631 484400 657633 311375 325544 573194 326157 811742 288379 578036 295456 556664 173977 568548 386878 556221 721763 541987 248257 692327 794419 537897 56053 723898 295000 551345 242032 585530 303278 410293 410348 161317 550365 690826 281712 331983 458208 231162 314102 349630 277247 719908 541689 999999999 444044 419823 567465 847265 399500 742496 262570 748572 492242 446398 568945 401236 705273 495279 101821 511168 333208 542857 319312 622939 589014 298090 497148 508983 208170 734884 621193 431931 741606 355812 397802 576894 823760 704719 109890 624289 764306 148901 303823 122425 165759 579102 673868 456638 115222 414862 683015 395934 466239 374238
767592 869381 547408 949708 850067 775927 895377 484698 461898 755343 153536 338484 122463 1120809 717733 855936 710572 766796 611039 332727 139376 291602 621490 563968 364994 975413 696787 829630 497364 566982 730618 930066 415408 364612 744745 725292 644532 427368 900496 1045189 223599 736438 902251 284463 145452 282020 618621 1039212 376481 444044 999999999 836683 810175 1140294 813962 919593 278531 1015415 213188 794898 680852 822203 930618 924957 413799 823262 321795 942021 361833 953604 447336 677637 514235 768890 644016 804380 1018326 39744 796804 169077 840802 701324 725098 1011933 456760 862330 981862 537593 720932 467923 516224 994513 986697 560063 468705 838641 1025730 797392 501464 816463
138332 38022 565167 410862 984159 895306 115576 865083 1067851 218892 692977 991054 714228 881606 135324 747634 381916 800924 250014 986606 741370 975800 1105490 904438 509185 823784 1171504 704203 364709 1122914 304697 572944 627777 1001891 262708 600656 684066 546366 627477 715584 701178 416029 222665 563513 724280 638179 249761 795056 953759 419823 836683 999999999 778303 932612 405798 971831 582047 886763 811523 570955 881093 23301 897964 102567 504436 661183 599429 518688 722239 707300 993876 461518 869627 721286 217027 1041993 573694 815001 1055995 704219 243702 879545 1199012 801136 483053 823832 952452 299125 376811 484866 323606 491418 770284 800672 367983 28677 730398 60863 838001 152560
640434 811844 310916 485991 220364 155086 722032 393463 628990 559452 784724 651566 748192 323017 670256 73618 397010 63433 603285 651869 844773 679230 532980 351437 806331 171518 560423 93318 573382 604948 473637 310664 407212 639225 515627 179638 170712 439528 230067 318763 591299 362597 623949 759319 675602 877579 795476 259968 574014 567465 810175 778303 999999999 333239 392356 193670 790750 205256 966547 217141 219860 755307 137812 780683 493133 135059 875829 374374 449178 214494 551406 323104 368711 60316 617006 314026 405533 825993 336182 830643 560994 199568 576525 223613 462929 57189 196852 676883 401568 448561 713087 455341 209566 277269 676311 754371 283716 799477 357948 634054
808445 958127 614099 539431 419748 427566 843334 719671 941091 729175 1103461 977823 1071195 55165 859800 285182 597114 386430 829935 978617 1165356 1008421 814969 666481 1095071 164947 820421 316845 837653 898405 656196 359673 729973 963357 690042 439589 495833 747188 314421 225170 918972 553740 727210 1061338 1002570 1182190 1025050 138345 899544 847265 1140294 932612 333239 999999999 532725 324427 1093566 133767 1286623 405398 524153 912323 245742 898530 792442 336812 1174366 417584 780997 233352 868883 556195 692745 371487 832001 535352 382680 1154141 560195 1147885 689237 500513 827885 143245 755373 287841 228193 925315 595559 740514 967364 468065 174996 607396 942946 904679 203232 971457 686119 780284
276319 435072 310028 142467 610305 530690 333336 610201 853189 196450 718297 818518 707968 484389 327684 349464 105006 429142 316062 815998 781449 823578 829212 618365 633484 418051 880367 308033 365614 873947 129508 178697 438445 818789 158221 232793 352959 392889 222179 328328 605110 79756 231599 630345 670105 746864 503047 394381 756542 399500 813962 405798 392356 532725 999999999 581304 661322 480999 890963 175426 546478 384249 499145 391921 400411 263570 725843 147732 536467 302884 770339 151045 601857 342273 309879 688921 224610 810918 707427 752686 170988 537408 903530 396962 357241 430276 551149 423150 95847 346126 468026 181432 365625 509142 460679 379025 335144 440129 574232 253987
834050 1005181 482230 661337 96985 143746 913298 449303 639466 752948 920834 696269 877777 346199 863557 234145 590679 186135 793461 698191 976662 733908 497051 380394 971378 230913 496995 273493 754796 584045 667219 473008 550084 677746 709126 372947 332200 600057 392103 427570 714770 555925 812103 915227 798262 1028939 983267 333248 618765 742496 919593 971831 193670 324427 581304 999999999 945327 205304 1097190 406225 242614 948866 100694 971995 658522 318074 1032598 540974 563148 343525 575559 516053 419461 252232 808620 211094 553909 941711 235855 968053 751496 220279 503634 295421 634136 151220 96332 861511 595182 620605 895483 618454 303333 359570 854895 947731 389321 993078 423582 826768
