NAME : synthetic_000275
TYPE : CTSP-D
DIMENSION : 100
GROUPS : 8
RELAXATION_LEVEL : 1
EDGE_WEIGHT_TYPE : EXPLICIT
EDGE_WEIGHT_FORMAT : FULL_MATRIX
EDGE_WEIGHT_SECTION
999999999 371902 382734 483643 313995 395525 89961 351954 612737 330690 613960 131926 257446 322693 557260 513059 434518 106315 316081 717215 402850 225492 477767 446770 628967 183899 623772 707423 428507 239380 323567 610612 357224 405429 212480 511975 347715 449005 465587 300563 863317 162920 332080 631031 629818 270731 551334 330851 634029 303759 529076 414922 437605 468629 324787 275249 830596 171658 649132 135274 551955 712191 303981 564392 499956 263091 603477 90445 267806 708806 664060 563084 490182 196975 612817 444941 662870 342676 320483 558217 251320 510497 464617 230918 408008 508682 389713 626678 522495 134918 203180 312661 471478 53081 191919 311556 738805 330830 241865 394025
371902 999999999 721943 717345 609864 705611 328889 359674 569990 697938 361391 249711 611123 693633 729994 486446 730520 409121 681261 459881 689562 377482 693629 97464 457618 270981 261653 405931 715950 178977 672529 297080 352012 464475 524818 349602 222602 770826 243659 557448 634192 518247 369650 530581 838360 303856 211388 617312 801672 98802 207138 750369 220229 252289 282401 176764 591431 200503 709113 497513 812453 422719 437725 262821 353521 538174 252923 462241 116345 419512 553452 194033 799632 177843 325117 751203 488414 631005 129633 209269 532668 612482 342924 569991 533861 654629 736761 846614 151024 399985 531790 517368 728180 358166 247016 600303 626420 628991 131029 95836
382734 721943 999999999 669437 488811 85504 394678 716385 959768 137670 996639 510882 346677 247225 786073 864850 548910 313728 126444 1099944 546625 574089 685364 773096 1006291 458646 983278 1087665 143962 550704 374764 886451 516428 742105 198345 891882 599794 81513 848122 217804 1243734 220134 475601 994254 806504 644003 855957 510517 851426 674454 902770 33280 696071 851295 538975 656750 1212169 531062 944107 334385 682175 953482 380309 942668 686211 497372 969727 315180 636297 1090319 1027992 915382 133387 547429 993576 535825 1039670 513205 628019 924492 485372 802929 842005 154250 709565 771056 404908 790957 863570 468210 403559 291778 632274 372661 481342 157648 1099384 129577 603358 710036
483643 717345 669437 999999999 188222 734816 572069 395874 459554 535918 717535 513106 324772 430139 128278 413525 139764 572798 543467 785660 124960 341135 38262 814315 627728 656983 881970 839873 790220 677770 298296 1011039 838336 313327 620659 573285 802229 750520 622597 728242 848231 530942 815326 541042 147865 418121 928681 166497 182834 618638 752134 698479 875063 617941 797255 541966 838551 578952 334530 392335 103396 1131539 782563 748304 965920 220748 842238 450757 606397 823499 568991 854256 802633 606862 759712 167540 648433 159978 740725 807089 232944 232731 520276 589982 221102 161759 293294 143044 847846 361313 300386 768485 48359 536587 657180 706901 611325 708632 611013 787495
313995 609864 488811 188222 999999999 549972 403954 363172 529622 360292 702670 375175 142319 262302 297494 453044 123815 392818 364834 788543 88887 247467 197994 702461 648416 495811 815354 820362 604230 533087 138808 889925 670988 326330 432876 563370 652810 570315 579275 540463 886670 343024 644354 591447 334721 344014 815985 22036 365361 515471 692986 519252 734987 577196 637434 447359 867602 440321 466278 206910 239233 1003073 602909 704016 811159 73248 781564 267358 493672 810150 623896 773746 622138 469412 730469 141507 676035 29701 605397 740915 77229 331283 506374 401899 257099 286788 170987 325799 753760 214500 115956 582788 163220 365239 500205 518728 682665 520916 487990 664440
395525 705611 85504 734816 549972 999999999 387772 742556 994820 216069 1002601 515409 410045 323626 847056 897506 620329 308898 200869 1107032 614380 604555 747910 747124 1024490 435757 966920 1086617 59695 528940 445935 844059 464294 778972 187547 907137 561087 68911 853822 162859 1257851 242099 423727 1022271 875379 664935 821656 571968 915093 669070 896096 81809 654639 857830 495954 661317 1224076 525003 994185 375700 754788 902153 325960 939920 630647 549558 957264 343633 630556 1091622 1055722 896424 95903 537345 993890 609497 1058393 576092 601279 912533 536960 852082 860135 168939 755246 825922 481809 861206 840841 499244 454817 231829 700192 374126 459474 107718 1129053 77396 595214 682655
89961 328889 394678 572069 403954 387772 999999999 397981 663153 373337 617036 136349 340048 387598 640953 562890 524209 80963 355378 721823 492802 290637 564772 390171 652485 97312 589292 698846 409098 169786 406578 538153 267381 466657 201098 532331 264495 449284 468793 261726 878191 191143 243287 670278 717486 311623 486999 420767 718067 281661 509528 424220 358055 473409 236011 277262 842290 137487 718880 217985 641815 633311 225575 552227 411733 352023 575049 162109 243191 704049 702177 522909 483580 152783 606221 534040 686768 432628 252475 529818 340511 583645 491190 241501 481608 588260 472338 715093 474764 216068 292499 253930 561036 41519 110131 289306 778489 314540 208989 331623
351954 359674 716385 395874 363172 742556 397981 999999999 265282 627748 339705 267974 444554 567446 379154 165125 457296 454473 620778 426478 414389 144685 364412 455142 298065 433050 486905 458686 779311 399966 481819 654776 605343 104951 563909 200878 517303 790032 227337 650544 539901 501313 599964 279785 494444 87089 564664 358666 446763 266682 356521 749620 560210 223239 543336 191605 515047 310299 356281 388144 498613 781736 615717 353665 679394 296056 446513 401677 273110 447336 313173 464379 834952 327039 371427 485508 329519 370547 430036 412378 299397 252998 143924 574067 184073 300417 530220 507061 467465 248904 353098 651688 421087 388545 419328 663394 387105 681704 297066 447628
612737 569990 959768 459554 529622 994820 663153 265282 999999999 855937 347407 532732 649377 777592 367107 100279 576654 717231 852797 372794 540676 390989 421319 653356 210205 695613 590836 457871 1035479 653062 666979 841359 861877 217910 822256 240233 761748 1036988 346519 913035 393565 752833 859903 93168 480569 352175 747360 515509 396322 495222 470873 992960 787652 337654 796765 433851 390595 570555 197664 625429 553062 969184 880377 433700 916193 484121 544582 651188 513802 432719 113158 601539 1084347 583870 409933 607823 216063 522661 668153 529412 493029 227111 228177 825981 272644 300545 697630 503903 631065 495620 567152 916653 503337 652282 680390 922200 154315 938497 544815 665421
330690 697938 137670 535918 360292 216069 373337 627748 855937 999999999 932372 462297 218628 109601 655495 765057 412212 299352 21794 1032788 411970 483066 553950 763499 924321 457553 953709 1032740 275688 542182 238845 902553 560559 638517 220804 815580 617222 216427 786606 293847 1165251 182677 521314 899117 670555 564703 858529 381432 718564 634425 859199 163755 714890 788471 566381 601757 1137036 498204 823057 240267 544901 984770 436275 892333 730632 378971 934141 245205 598174 1031824 932913 891165 268437 520157 937801 398393 956610 382715 624255 888860 368023 683816 762390 159044 595414 646172 267298 654406 846531 380714 289389 364567 497199 340150 477016 241977 1001207 225412 570366 704536
613960 361391 996639 717535 702670 1002601 617036 339705 347407 932372 999999999 487490 773142 889097 665728 323483 794837 693916 921378 104874 752294 468570 682032 406212 146498 598153 259372 122407 1026133 518987 816661 555967 711979 404331 815077 144325 583993 1060560 148834 875484 273330 776838 726273 264450 786058 374189 466273 698361 715316 345845 172329 1028655 568305 145344 641961 341317 231872 483320 540966 695192 820652 676591 783019 114794 703179 634253 214704 689425 382554 107718 268428 293554 1098453 478404 66137 823752 162179 710174 489789 216749 636503 516991 199224 843798 496448 586487 868128 804678 344456 557442 680818 850682 749689 628587 575657 906339 320515 931144 420787 447000
131926 249711 510882 513106 375175 515409 136349 267974 532732 462297 487490 999999999 361693 446465 558546 432883 498765 207654 447959 591725 460592 186830 497577 334228 516409 168097 494132 576997 541541 164860 423976 515376 348734 347697 328073 396517 289980 573126 338655 397698 744194 292914 337563 535260 650354 180893 445147 386344 635348 172988 397154 542385 363106 342482 294780 146283 709320 66158 605988 248346 597726 628020 347754 433017 455175 308106 472359 218769 138698 579458 566823 436090 611177 94852 482735 515883 550679 399767 230828 427214 299992 478113 354841 357125 379637 495580 488895 652773 400478 160703 285414 388578 513251 141295 158384 421864 643357 445244 119249 290553
257446 611123 346677 324772 142319 410045 340048 444554 649377 218628 773142 361693 999999999 128224 439397 563823 218800 303114 222545 867296 205914 305038 338882 694935 741639 437327 844595 884045 465660 496379 66531 866807 594863 435332 311786 642962 603820 428152 636223 417545 983290 223471 562800 701127 466645 399318 803590 163895 505530 527027 732626 376959 694944 636075 574267 472859 959530 418703 604900 122499 353109 969637 505198 754378 750110 165557 816658 179616 497288 878163 734570 792766 480051 446713 790440 216274 771990 166669 576440 773080 156352 466637 586847 271307 382109 427543 132444 454002 761409 222789 92352 468957 291293 298530 448070 388218 798919 386817 480938 646741
322693 693633 247225 430139 262302 323626 387598 567446 777592 109601 889097 446465 128224 999999999 552332 691530 303328 327328 122763 985820 305415 424881 450354 769249 865412 481419 939681 996332 382851 555882 131844 925750 612200 563156 285760 763247 647906 325780 748061 377659 1107262 216556 575429 828466 562138 515289 871977 282267 612969 618520 834923 273037 743853 748727 606110 573785 1082178 494113 728522 200120 435443 1018348 500628 861726 777985 293726 915395 232414 585159 992362 861997 882532 377666 519657 901841 288856 896370 281689 638514 870790 284563 592145 707901 228854 509897 548896 158228 545478 844555 331922 215113 442345 389876 348487 497265 333437 926903 322423 562807 715011
557260 729994 786073 128278 297494 847056 640953 379154 367107 655495 665728 558546 439397 552332 999999999 344841 268040 655367 661357 720423 250395 373074 102026 827250 557010 716448 859739 787214 900553 721600 421063 1027073 900445 278647 718556 525017 846955 867541 593893 825251 760672 630476 881980 456093 120378 426631 939505 275650 77262 632243 728635 816189 909810 587739 852096 553766 756453 621549 213691 487801 194868 1151924 861150 714795 1012823 306881 816936 541277 627690 767356 480054 842637 919448 647278 715781 295453 572621 273032 774677 786652 320016 149413 478193 694539 196660 80612 420845 139763 846347 424887 398098 858345 175913 609948 712643 809913 511576 814651 639888 810040
513059 486446 864850 413525 453044 897506 562890 165125 100279 765057 323483 432883 563823 691530 344841 999999999 515657 617243 760821 376220 476544 292975 375862 574586 214769 596680 542224 443655 937159 557213 587249 768118 765225 128579 723260 189710 668980 941176 281942 813147 439182 655408 762030 138460 464618 252132 674626 441373 391840 405419 414994 898106 700522 273835 701101 339665 426144 472282 232832 531113 513645 896440 780621 387979 826400 400505 496786 554021 420882 422908 171302 541804 987901 486685 378147 546564 234992 450108 577030 474643 408167 195428 157046 728571 202879 267703 623607 484548 563126 398411 478223 816374 452563 552119 581982 823154 236174 839958 450144 580607
434518 730520 548910 139764 123815 620329 524209 457296 576654 412212 794837 498765 218800 303328 268040 515657 999999999 506053 422590 873599 43135 360170 170978 824140 723777 617595 927026 915318 677936 656836 174492 1013040 790100 398257 529884 651900 776108 628622 681479 636168 954838 440688 761927 650601 259054 453166 938030 113330 317281 634806 801659 575967 858773 678420 759042 564163 940545 564054 470896 316981 134993 1126754 714520 807691 933460 192588 891250 378900 614708 902481 680939 889117 680648 593133 828702 31171 748229 99663 729151 852082 199243 355827 595774 489917 312886 291941 155958 242200 872301 338062 231989 685578 92803 484525 622824 606560 730737 603820 610544 787449
106315 409121 313728 572798 392818 308898 80963 454473 717231 299352 693916 207654 303114 327328 655367 617243 506053 999999999 280279 798477 479721 331696 570889 466766 722231 158367 669953 778359 333958 243979 368317 604298 292361 511562 121416 603095 321702 369132 545225 196073 951792 117179 259687 731880 720431 370747 559313 412101 731407 362043 590155 343281 418637 549415 279154 352807 916956 218009 754909 189141 631723 691927 210204 632093 452786 353168 656002 127203 323648 782884 764512 603024 404800 233704 685265 511318 756418 422449 325372 610777 340501 615631 559051 160874 513225 610795 431910 714978 553588 239207 276963 207001 555154 67423 177707 214439 839997 237623 289874 406305
316081 681261 126444 543467 364834 200869 355378 620778 852797 21794 921378 447959 222545 122763 661357 760821 422590 280279 999999999 1022364 420312 476233 560214 745494 916438 438208 937986 1020406 260163 523678 248340 882672 539074 635043 199199 806506 596970 207093 774988 272460 1156908 164287 499756 893945 680060 555710 839592 386295 725743 619488 845097 155051 694675 777063 545528 588786 1128066 482020 824988 232638 556155 964055 414501 879194 709248 379348 919111 232563 582914 1020024 927761 874778 259225 503419 925500 410064 948969 388325 605523 873787 367994 684964 753855 137445 594842 649426 280975 664563 829343 372679 287930 342931 505904 323147 457982 221256 996818 205629 554417 686084
717215 459881 1099944 785660 788543 1107032 721823 426478 372794 1032788 104874 591725 867296 985820 720423 376220 873599 798477 1022364 999999999 831812 562301 748809 495130 164675 702457 312503 105557 1130920 622095 907801 626288 811749 476530 919546 225603 681932 1164593 253252 980352 176635 879945 827519 280573 839483 470713 541354 782460 762014 450133 259670 1132106 659315 249246 741928 445725 132219 588185 570406 794328 887497 740530 886463 200270 793140 722510 274363 791067 487105 75370 271567 363761 1202852 583042 137695 903362 157823 793645 589248 290890 725816 571205 282570 947490 566621 643919 956636 860179 422621 655306 775002 955150 821321 732935 679813 1011114 300154 1035814 525267 541174
402850 689562 546625 124960 88887 614380 492802 414389 540676 411970 752294 460592 205914 305415 250395 476544 43135 479721 420312 831812 999999999 317717 149158 783676 683120 584641 884114 872601 670828 620370 173617 973750 759739 357298 512177 609588 740909 627373 638365 619363 915556 422323 732804 612473 261060 410240 897763 74351 307664 593391 758592 575089 821987 635327 726272 522118 900470 526257 444842 291862 152319 1088516 689413 764564 899828 152837 848217 353273 574015 859969 643271 846642 679511 555261 785757 71574 708073 61219 691337 809145 160619 323443 553333 476104 273687 263660 171528 248110 830515 300137 203021 665366 85828 453942 588810 593268 694969 592654 570858 748112
225492 377482 574089 341135 247467 604555 290637 144685 390989 483066 468570 186830 305038 424881 373074 292975 360170 331696 476233 562301 317717 999999999 320189 473908 442094 350953 568209 581601 644496 348572 348776 669930 534122 179965 431694 338521 473891 649195 335817 525485 683722 362459 520064 420168 470245 97636 588418 249652 449457 279314 445597 607367 538747 334688 481599 205204 657557 248580 428248 243659 434975 790641 516087 458602 639787 174542 534098 261235 265297 574338 453915 528951 695337 274223 489245 384182 473939 263058 403569 493609 173572 294517 283020 435616 193952 308751 403192 475307 513961 105959 212712 536764 350727 270628 344042 531643 525601 547528 270964 446538
477767 693629 685364 38262 197994 747910 564772 364412 421319 553950 682032 497577 338882 450354 102026 375862 170978 570889 560214 748809 149158 320189 999999999 790914 590272 646621 851230 804426 802206 662426 319037 988757 829322 278369 625794 537927 787491 766756 590184 733127 810049 536699 807869 502842 153494 391978 904993 175972 167446 594827 720931 715183 857538 585271 785709 517385 800560 562870 300159 395574 138842 1110518 779537 715413 952158 217863 810886 451894 584465 787623 530738 825496 818748 590240 725295 200297 610667 172214 722665 776548 230709 194585 485552 598490 186141 124349 320430 155457 821189 350801 304227 770143 84003 530848 645470 714759 573224 718099 591114 766454
446770 97464 773096 814315 702461 747124 390171 455142 653356 763499 406212 334228 694935 769249 827250 574586 824140 466766 745494 495130 783676 473908 790914 999999999 521288 314450 237299 423351 750161 223170 758000 199995 342693 560087 574788 423207 209334 814472 313594 591003 671765 581210 369596 606069 935824 401296 114531 710814 898638 196158 235831 799451 164616 322645 278945 274227 627043 276881 800879 577703 908799 326602 452481 295380 298026 631560 246417 536846 209838 442629 626075 162131 838347 250006 357464 843964 549505 724491 145862 211848 625467 708140 425185 625509 630973 751573 823088 944042 97560 490226 619403 540955 824367 424647 291922 639748 696032 669735 215860 65098
628967 457618 1006291 627728 648416 1024490 652485 298065 210205 924321 146498 516409 741639 865412 557010 214769 723777 722231 916438 164675 683120 442094 590272 521288 999999999 654988 404189 248320 1055475 588785 775270 688562 793857 325891 839770 120746 674561 1076693 214289 914094 241853 787496 801739 120898 675565 362383 596252 639867 597384 413010 301857 1039278 675707 205947 724353 380327 219251 530742 407652 684114 728329 812515 844642 251680 810324 587139 358681 691489 443843 222600 121943 430946 1119020 533717 212464 754222 34288 650077 577832 354387 592255 408211 164488 858639 412250 481597 818948 696671 474435 543781 650739 900618 665571 654851 634835 936491 178538 958188 481261 550981
183899 270981 458646 656983 495811 435757 97312 433050 695613 457553 598153 168097 437327 481419 716448 596680 617595 158367 438208 702457 584641 350953 646621 314450 654988 999999999 531481 665867 444996 93190 503855 446178 184055 515776 260351 534504 167552 502005 454731 286812 867663 275538 169632 689886 800071 346555 401922 511529 793688 252332 469387 485168 262467 460861 141639 275483 828756 126500 773988 315145 731593 537362 189811 518703 316112 439480 523770 259250 215917 675013 719946 460668 529093 121557 577239 628702 688998 523860 169761 479671 428718 644732 501513 312389 544894 657943 569643 799484 405912 295967 386937 252928 649396 138822 23983 329657 796861 358735 177552 251689
623772 261653 983278 881970 815354 966920 589292 486905 590836 953709 259372 494132 844595 939681 859739 542224 927026 669953 937986 312503 884114 568209 851230 237299 404189 531481 999999999 216610 975651 438528 900980 317924 579981 581492 786429 354444 446564 1032392 266243 816593 480704 776626 606495 516945 978064 473875 241119 817797 920659 321298 131123 1011909 392658 272929 515812 372621 434780 456253 773390 740002 983966 428267 686603 157141 516595 742159 46272 712620 356038 243294 525208 75168 1060570 436795 193703 952014 421547 831138 373806 75133 739874 718996 387865 830766 669486 779261 961829 992321 141427 623194 757910 772006 904038 616268 507627 861137 579885 890104 383633 299959
707423 405931 1087665 839873 820362 1086617 698846 458686 457871 1032740 122407 576997 884045 996332 787214 443655 915318 778359 1020406 105557 872601 581601 804426 423351 248320 665867 216610 999999999 1105318 579261 930371 534306 755144 526608 899642 266592 622247 1147424 248300 950382 264278 869756 775104 369073 907454 485123 454006 816969 835213 418155 198855 1118877 587533 248015 686539 432243 218408 561760 654489 799310 943022 643871 842492 147358 718471 750741 184667 787863 456598 30187 365581 276983 1182404 551623 94943 943922 251194 829043 534633 211765 752263 638168 320709 933603 618774 708283 983759 926407 340674 664648 792071 917973 871710 715607 642309 986341 402134 1012787 493122 476406
428507 715950 143962 790220 604230 59695 409098 779311 1035479 275688 1026133 541541 465660 382851 900553 937159 677936 333958 260163 1130920 670828 644496 802206 750161 1055475 444996 975651 1105318 999999999 537350 503770 833679 449163 821299 216112 936792 556068 100212 877844 159294 1285730 284287 409580 1058967 931886 699233 817854 626263 969590 687194 911841 133978 646386 882355 488293 685902 1250667 544294 1042534 423170 812621 883985 312025 958073 610378 600216 968764 385814 648806 1111845 1092163 903646 94339 553790 1013824 667759 1089586 630910 605088 924593 587429 900292 891706 212221 802079 876828 540935 918200 845646 540397 505667 216466 756558 401022 468974 119838 1166409 97686 612241 685164
239380 178977 550704 677770 533087 528940 169786 399966 653062 542182 518987 164860 496379 555882 721600 557213 656836 243979 523678 622095 620370 348572 662426 223170 588785 93190 438528 579261 537350 999999999 562108 371442 209413 493614 352381 470103 125429 595166 380806 378598 791160 359526 213109 636295 815112 318280 317214 546052 798026 176481 381239 577714 202063 387791 143891 219928 750760 100088 752949 374595 760864 474151 264527 432903 291224 469278 431874 325777 145374 590061 664442 367489 622144 75269 493014 671628 622171 559181 82761 388197 460192 632590 444181 402346 537637 656132 628252 817632 313065 321018 433218 339388 676703 207448 69652 422706 740933 451886 109649 162411
323567 672529 374764 298296 138808 445935 406578 481819 666979 238845 816661 423976 66531 131844 421063 587249 174492 368317 248340 907801 173617 348776 319037 758000 775270 503855 900980 930371 503770 562108 999999999 932014 660466 459142 368057 682350 670284 454922 683945 471426 1015734 282268 627895 725637 431841 445578 867539 156345 481126 586082 785981 402410 761161 683155 640685 528398 994298 482594 602585 188920 308875 1035693 567763 804698 816494 188384 871499 245950 557709 922909 758534 851343 507028 510892 837781 164657 804345 153496 641725 828538 183061 469579 625580 322105 395016 421514 66160 416238 822160 277825 143070 526798 258440 365061 514500 437065 819274 432154 543105 711021
610612 297080 886451 1011039 889925 844059 538153 654776 841359 902553 555967 515376 866807 925750 1027073 768118 1013040 604298 882672 626288 973750 669930 988757 199995 688562 446178 317924 534306 833679 371442 932014 999999999 385875 759722 694016 604421 287318 912970 495414 681324 797852 721426 424447 785580 1134903 600773 94008 899973 1098621 395168 387034 908286 190381 504405 348371 473566 751914 451875 997188 745618 1103651 128327 521658 441400 251105 820936 352091 697066 404642 560209 801841 263508 927007 422912 495877 1031034 712735 913551 290373 339516 813801 907737 614692 751672 830903 951558 998021 1142572 214218 675580 798755 617229 1018947 577645 428793 737672 866878 768506 403096 225638
357224 352012 516428 838336 670988 464294 267381 605343 861877 560559 711979 348734 594863 612200 900445 765225 790100 292361 539074 811749 759739 534122 829322 342693 793857 184055 579981 755144 449163 209413 660466 385875 999999999 694095 340048 676764 133956 532861 582140 302126 985270 395645 40843 845467 982606 520949 382009 688069 977693 381236 557578 534290 204362 589764 70078 429318 942999 295636 953442 477056 909173 438088 138359 614518 170889 619017 586896 416200 353544 770428 873290 504813 543099 278661 677025 798353 826692 699826 222502 548484 607681 826840 653094 401699 727860 841799 724269 981203 439337 478557 558120 233538 828349 305816 190369 361131 949598 391522 318936 281686
405429 464475 742105 313327 326330 778972 466657 104951 217910 638517 404331 347697 435332 563156 278647 128579 398257 511562 635043 476530 357298 179965 278369 560087 325891 515776 581492 526608 821299 493614 459142 759722 694095 999999999 610401 260023 614368 819716 316334 705390 561070 537514 685053 266623 396578 175551 669486 315917 343522 370566 450371 775267 662097 310607 635147 294097 543922 398896 259580 407721 416595 886674 690612 439503 778269 271984 539183 435748 374447 510712 299752 564356 867507 418972 446998 428529 351585 325457 530183 508118 279588 148057 207188 610493 92273 198589 497280 411331 570737 281029 350509 715938 345834 449581 504819 710228 363861 724991 395392 551553
212480 524818 198345 620659 432876 187547 201098 563909 822256 220804 815077 328073 311786 285760 718556 723260 529884 121416 199199 919546 512177 431694 625794 574788 839770 260351 786429 899642 216112 352381 368057 694016 340048 610401 999999999 721515 406705 248203 666317 107592 1071433 89954 300580 843337 767597 483201 659281 454311 791825 482759 710512 225680 504086 670377 350408 473821 1037171 338583 841540 230768 662949 768937 217001 753216 510521 411821 774371 180776 444284 904292 876438 717764 283437 352514 806649 527965 873832 461980 429887 729323 398684 699811 675810 61760 599078 684562 423159 758129 665327 329837 321568 159212 594674 186791 282997 99957 950973 118514 409706 511894
511975 349602 891882 573285 563370 907137 532331 200878 240233 815580 144325 396517 642962 763247 525017 189710 651900 603095 806506 225603 609588 338521 537927 423207 120746 534504 354444 266592 936792 470103 682350 604421 676764 260023 721515 999999999 560807 960725 109844 794036 351852 672220 683212 182870 645367 250878 510514 557849 578218 295554 230991 924668 569750 100768 607716 259606 321564 410025 419060 575600 676457 731548 724240 198728 702949 496924 308557 578313 324793 251204 203955 361342 1002097 413394 190833 681137 154966 569293 464122 289992 500222 377587 57017 742516 352183 445077 731071 663130 392206 435361 550840 779898 605401 535827 514563 817512 277092 839747 361768 444940
347715 222602 599794 802229 652810 561087 264495 517303 761748 617222 583993 289980 603820 647906 846955 668980 776108 321702 596970 681932 740909 473891 787491 209334 674561 167552 446564 622247 556068 125429 670284 287318 133956 614368 406705 560807 999999999 629828 460654 399549 856705 437914 160632 735900 940334 438875 261797 666816 923308 268298 425570 622440 97732 468769 70531 329441 813739 225513 872736 481367 883666 370450 248511 483284 165956 591264 452940 426603 248167 638249 761789 371414 647619 199872 546054 789312 706497 679705 96772 414687 581643 755606 543467 464657 661942 780975 736254 942569 306505 443446 548496 341303 799873 305859 155872 453741 836984 484522 220291 147730
449005 770826 81513 750520 570315 68911 449284 790032 1036988 216427 1060560 573126 428152 325780 867541 941176 628622 369132 207093 1164593 627373 649195 766756 814472 1076693 502005 1032392 1147424 100212 595166 454922 912970 532861 819716 248203 960725 629828 999999999 911736 231744 1312276 289416 492363 1068951 886762 715221 890169 592011 932667 730940 958704 52757 723526 915393 564849 719401 1279541 586770 1024968 412431 761222 970531 394502 1001224 698560 578281 1021692 388439 692474 1151544 1102600 962470 52137 600463 1054113 614620 1110350 594630 668613 976781 566180 883589 912209 218209 789501 852406 482225 870806 907656 543254 484195 299924 712906 432441 525560 176161 1174792 145498 657855 750186
465587 243659 848122 622597 579275 853822 468793 227337 346519 786606 148834 338655 636223 748061 593893 281942 681479 545225 774988 253252 638365 335817 590184 313594 214289 454731 266243 248300 877844 380806 683945 495414 582140 316334 666317 109844 460654 911736 999999999 728253 413013 628506 592306 292646 712705 238436 401424 577894 654428 204516 135602 880049 462847 9075 512278 192509 374906 336473 514774 551508 725610 622933 642227 126493 596963 507964 223043 542584 239038 245301 312625 259868 949661 333678 154221 708681 245859 590544 364037 194838 508437 452824 124926 695091 405957 513337 738992 727659 284600 416348 544479 705990 648418 479771 432975 758017 383824 782587 277389 337913
300563 557448 217804 728242 540463 162859 261726 650544 913035 293847 875484 397698 417545 377659 825251 813147 636168 196073 272460 980352 619363 525485 733127 591003 914094 286812 816593 950382 159294 378598 471426 681324 302126 705390 107592 794036 399549 231744 728253 999999999 1139282 197478 261402 927596 875185 566563 660918 561903 898885 533002 755368 232868 492180 733297 333477 538164 1102750 392167 942869 337741 769725 740211 164164 803024 470136 518377 810363 285152 494922 958028 960087 744422 248392 399107 859976 633199 948368 569548 445816 766416 505240 801794 752186 150501 700228 789422 523525 865633 686365 427668 428923 74304 702139 262496 310782 60172 1035770 89711 457609 526051
863317 634192 1243734 848231 886670 1257851 878191 539901 393565 1165251 273330 744194 983290 1107262 760672 439182 954838 951792 1156908 176635 915556 683722 810049 671765 241853 867663 480704 264278 1285730 791160 1015734 797852 985270 561070 1071433 351852 856705 1312276 413013 1139282 999999999 1024026 999494 307242 873098 601491 715263 876931 786330 616294 436232 1276513 835919 407177 915268 601127 45940 748776 575520 924984 944765 908099 1054392 376759 969773 827379 446241 929962 651803 237646 280818 537414 1353100 746690 314318 985735 211462 886522 762978 466320 832939 618373 403080 1094087 642009 692560 1057604 896946 597991 784539 892543 1118930 889589 884944 845722 1166051 260842 1189226 690180 717280
162920 518247 220134 530942 343024 242099 191143 501313 752833 182677 776838 292914 223471 216556 630476 655408 440688 117179 164287 879945 422323 362459 536699 581210 787496 275538 776626 869756 284287 359526 282268 721426 395645 537514 89954 672220 437914 289416 628506 197478 1024026 999999999 359065 780778 677738 425808 675908 364520 703148 460918 688474 252635 535199 631519 391633 437869 992151 320437 760151 143247 573328 807530 288398 725886 561911 324356 759515 101769 423494 871550 814319 712115 333640 340542 775305 439706 821080 372074 441582 714140 311254 617983 623043 73167 518671 599084 340415 668179 665544 257214 232659 245487 504719 160379 294531 180399 887271 189720 393177 521905
332080 369650 475601 815326 644354 423727 243287 599964 859903 521314 726273 337563 562800 575429 881980 762030 761927 259687 499756 827519 732804 520064 807869 369596 801739 169632 606495 775104 409580 213109 627895 424447 40843 685053 300580 683212 160632 492363 592306 261402 999494 359065 999999999 847898 960725 514237 416414 662069 959226 388903 576600 493461 240006 599583 90685 430564 957962 289852 943546 446864 883253 478850 97981 632364 211317 595069 610940 385401 358462 789160 876600 531429 503319 276415 694378 769055 835020 673490 240471 571195 583385 814184 656435 362315 713993 825762 691030 958360 466972 457945 530280 193482 803442 279608 180757 320316 953262 350735 322113 306666
631031 530581 994254 541042 591447 1022271 670278 279785 93168 899117 264450 535260 701127 828466 456093 138460 650601 731880 893945 280573 612473 420168 502842 606069 120898 689886 516945 369073 1058967 636295 725637 785580 845467 266623 843337 182870 735900 1068951 292646 927596 307242 780778 847898 999999999 571485 361141 691904 579541 488659 467755 404496 1027530 750756 283574 777873 417348 300399 563386 290101 662478 637682 911985 878512 360833 882921 538575 470819 680537 492162 342868 33818 535739 1114373 572348 329291 681676 123174 588059 639937 460886 545960 311513 192707 853660 339191 385814 761894 594222 572165 526059 614295 923743 582796 665101 672294 942585 108238 961324 526647 626298
629818 838360 806504 147865 334721 875379 717486 494444 480569 670555 786058 650354 466645 562138 120378 464618 259054 720431 680060 839483 261060 470245 153494 935824 675565 800071 978064 907454 931886 815112 431841 1134903 982606 396578 767597 645367 940334 886762 712705 875185 873098 677738 960725 571485 999999999 534635 1049147 313350 93321 739823 846946 834225 1008841 706746 939195 661597 871124 715333 307369 540026 136653 1258177 929999 834432 1105262 367724 935684 598618 732087 887396 593696 958803 938862 742401 836106 277560 689994 305731 873732 904543 380156 269354 598193 735163 310400 200499 412939 27395 959847 504181 448085 916255 175368 682868 798956 852301 619089 852851 740896 914622
270731 303856 644003 418121 344014 664935 311623 87089 352175 564703 374189 180893 399318 515289 426631 252132 453166 370747 555710 470713 410240 97636 391978 401296 362383 346555 473875 485123 699233 318280 445578 600773 520949 175551 483201 250878 438875 715221 238436 566563 601491 425808 514237 361141 534635 999999999 514520 344834 499429 205675 349275 677037 489420 237582 460497 127217 572389 225330 434672 324813 516917 725296 528629 360983 603116 271534 438407 329107 202771 478845 393863 438703 758592 243987 392211 478443 395673 357997 356083 398916 271063 318399 198505 497632 231565 352813 500739 543459 429726 184860 307132 565520 434418 304090 333482 581987 469251 601552 220623 384042
551334 211388 855957 928681 815985 821656 486999 564664 747360 858529 466273 445147 803590 871977 939505 674626 938030 559313 839592 541354 897763 588418 904993 114531 596252 401922 241119 454006 817854 317214 867539 94008 382009 669486 659281 510514 261797 890169 401424 660918 715263 675908 416414 691904 1049147 514520 999999999 824702 1010073 310183 295597 880219 178006 410421 330575 387816 669443 384964 904281 684536 1023327 222019 509218 351479 283098 745446 269507 640329 324239 478336 708552 177853 909195 356890 408093 957482 621140 838367 234568 251392 739131 817304 520819 713777 742947 863051 933039 1057761 122145 602976 730531 602905 938898 524183 381618 714024 774309 744676 328282 157317
330851 617312 510517 166497 22036 571968 420767 358666 515509 381432 698361 386344 163895 282267 275650 441373 113330 412101 386295 782460 74351 249652 175972 710814 639867 511529 817797 816969 626263 546052 156345 899973 688069 315917 454311 557849 666816 592011 577894 561903 876931 364520 662069 579541 313350 344834 824702 999999999 343328 521903 694106 540851 747640 575481 653158 452137 858825 451950 446854 227396 221198 1014327 622291 703285 826242 79258 783152 287326 501425 806002 611683 777918 643868 480967 727975 134855 666850 13693 617044 743101 86357 313274 500963 423805 242904 266641 182512 304934 759728 225815 135852 603560 143131 382607 515184 540580 669059 542896 497305 674350
634029 801672 851426 182834 365361 915093 718067 446763 396322 718564 715316 635348 505530 612969 77262 391840 317281 731407 725743 762014 307664 449457 167446 898638 597384 793688 920659 835213 969590 798026 481126 1098621 977693 343522 791825 578218 923308 932667 654428 898885 786330 703148 959226 488659 93321 499429 1010073 343328 999999999 704560 789901 880794 984932 647773 929146 626169 786394 698031 215595 561151 215487 1224180 937803 772283 1089230 381071 876948 615848 701452 813676 508869 907307 984741 723518 768695 341187 609398 339033 849926 848639 394161 201840 534980 765732 267982 147067 473115 120427 914047 502002 470490 933532 225224 686800 789786 881790 529913 885459 714784 883412
303759 98802 674454 618638 515471 669070 281661 266682 495222 634425 345845 172988 527027 618520 632243 405419 634806 362043 619488 450133 593391 279314 594827 196158 413010 252332 321298 418155 687194 176481 586082 395168 381236 370566 482759 295554 268298 730940 204516 533002 616294 460918 388903 467755 739823 205675 310183 521903 704560 999999999 228318 704780 295827 211369 312184 78477 576788 144177 620790 419148 714147 519716 438121 271035 421245 443081 299719 391722 38514 425042 494140 265774 764719 133908 326983 656354 446164 535587 173165 254463 438270 518054 275199 520289 436583 557646 649032 747891 238486 309691 443683 505057 630019 302137 229830 568193 569834 594777 75488 181001
529076 207138 902770 752134 692986 896096 509528 356521 470873 859199 172329 397154 732626 834923 728635 414994 801659 590155 845097 259670 758592 445597 720931 235831 301857 469387 131123 198855 911841 381239 785981 387034 557578 450371 710512 230991 425570 958704 135602 755368 436232 688474 576600 404496 846946 349275 295597 694106 789901 228318 999999999 933076 399700 142691 488534 261182 391819 372147 647393 634923 854487 510678 643813 59554 533807 620139 90192 614567 266560 212851 417697 131314 991484 358803 122030 827466 325724 707250 336190 59657 618798 588380 258957 748594 538566 648174 844858 861276 173453 509850 643447 720478 775325 530354 445618 793742 480371 821047 300920 282180
414922 750369 33280 698479 519252 81809 424220 749620 992960 163755 1028655 542385 376959 273037 816189 898106 575967 343281 155051 1132106 575089 607367 715183 799451 1039278 485168 1011909 1118877 133978 577714 402410 908286 534290 775267 225680 924668 622440 52757 880049 232868 1276513 252635 493461 1027530 834225 677037 880219 540851 880794 704780 933076 999999999 718018 883313 560134 688424 1244783 561082 976122 367550 708480 972185 396878 973585 702971 529419 999089 348326 666524 1121834 1061268 943440 104681 576790 1024930 561869 1072689 543179 653997 953918 517514 835123 874955 185297 742177 802435 429511 818161 890768 501484 435864 305541 660542 403452 508164 173207 1132663 143162 633146 735973
437605 220229 696071 875063 734987 654639 358055 560210 787652 714890 568305 363106 694944 743853 909810 700522 858773 418637 694675 659315 821987 538747 857538 164616 675707 262467 392658 587533 646386 202063 761161 190381 204362 662097 504086 569750 97732 723526 462847 492180 835919 535199 240006 750756 1008841 489420 178006 747640 984932 295827 399700 718018 999999999 471631 158707 368609 791362 296948 915902 572512 960831 275276 335127 459218 135117 670339 407965 519752 287651 607184 773650 318907 739065 268498 521621 873691 705561 760846 135222 375788 661571 807612 562037 562306 719107 839908 827296 1012993 251934 522111 634888 430130 876347 398941 248021 547868 846345 578704 270230 124940
468629 252289 851295 617941 577196 857830 473409 223239 337654 788471 145344 342482 636075 748727 587739 273835 678420 549415 777063 249246 635327 334688 585271 322645 205947 460861 272929 248015 882355 387791 683155 504405 589764 310607 670377 100768 468769 915393 9075 733297 407177 631519 599583 283574 706746 237582 410421 575481 647773 211369 142691 883313 471631 999999999 519953 196609 369546 341821 506654 552722 721051 631890 648698 130478 605671 506169 229317 544796 245404 243916 303613 267997 953633 339635 154629 705809 237739 588050 372103 202130 506872 446071 116929 698487 400656 507152 737732 721921 293425 416867 544179 711753 644272 483713 439257 762518 374935 786895 283708 346692
324787 282401 538975 797255 637434 495954 236011 543336 796765 566381 641961 294780 574267 606110 852096 701101 759042 279154 545528 741928 726272 481599 785709 278945 724353 141639 515812 686539 488293 143891 640685 348371 70078 635147 350408 607716 70531 564849 512278 333477 915268 391633 90685 777873 939195 460497 330575 653158 929146 312184 488534 560134 158707 519953 999999999 363169 873073 236629 894722 453146 873084 418752 178695 545118 175915 580750 520601 394757 285716 701354 805278 440744 580620 216560 607511 769711 757078 665499 152777 481257 570127 771321 585274 410320 674071 790333 705905 939378 376370 435942 527966 272542 790662 277043 140240 389325 881390 420162 252265 216023
275249 176764 656750 541966 447359 661317 277262 191605 433851 601757 341317 146283 472859 573785 553766 339665 564163 352807 588786 445725 522118 205204 517385 274227 380327 275483 372621 432243 685902 219928 528398 473566 429318 294097 473821 259606 329441 719401 192509 538164 601127 437869 430564 417348 661597 127217 387816 452137 626169 78477 261182 688424 368609 196609 363169 999999999 565030 150419 547601 373877 638638 598181 465285 290597 489052 374272 343807 356554 82009 433697 446330 326561 757153 155502 337576 586984 414492 465748 239246 300310 370653 440939 226634 503242 358187 479306 589294 669952 308761 250712 385340 520717 554930 287270 256370 566068 523130 590300 110981 258192
