NAME : synthetic_000571
TYPE : CTSP-D
DIMENSION : 100
GROUPS : 8
RELAXATION_LEVEL : 1
EDGE_WEIGHT_TYPE : EXPLICIT
EDGE_WEIGHT_FORMAT : FULL_MATRIX
EDGE_WEIGHT_SECTION
999999999 93480 352982 511520 324160 341981 646072 316356 437963 362772 461375 362630 268155 463775 349211 500299 521649 361729 286156 421319 386028 226717 247123 375159 650170 315900 280670 625643 189686 502849 386964 205085 680492 433469 441606 305118 529456 691147 684991 220554 210517 727692 239128 361929 596357 292782 513415 422296 376619 542449 225725 547253 388139 135048 322654 562924 487857 641301 376413 581497 213555 467806 320433 483793 583202 178648 291669 248173 81138 512704 381358 297419 345560 463934 254485 441778 381574 406858 415262 625241 473130 665074 47386 314391 445559 231047 577647 506646 363310 529454 265663 198292 202608 409758 620258 481535 477762 463652 504542 403480
93480 999999999 444230 600608 417637 276951 597541 287555 516563 363572 477722 356703 260425 551293 368685 410942 453359 428173 378792 329579 405944 316263 340138 292358 557120 298661 191880 532239 221405 469131 479412 298475 594938 393580 379934 391006 514516 670299 600849 127074 121897 720182 146124 288070 604777 329876 517035 455728 366267 450244 199380 640053 427447 104638 376017 558448 464427 561838 463683 488334 120796 391992 235662 484604 563696 213386 334877 301329 86848 437489 342160 289288 433439 548095 169883 395950 345744 483663 416579 571790 444850 638636 116729 270909 463737 137585 582938 419429 453659 465083 357926 112912 284742 321245 595407 491287 392666 413579 411142 495325
352982 444230 999999999 290274 90915 619002 941366 521128 343302 473439 626377 492457 536702 277269 535914 853224 854136 377716 72849 757691 426365 129353 112484 725354 1000322 588661 613663 973703 335333 672233 154851 156751 1031194 633574 696010 232694 637021 923077 1034448 569487 563498 921839 584604 655371 760094 330374 703347 545462 624164 894454 531766 254598 503036 428470 415981 766706 745117 986061 63695 931284 564985 810654 672148 686040 821446 329011 435613 386668 384306 854095 679631 461429 51262 312440 581126 744818 583398 339186 629357 930603 741867 912355 353475 626596 608989 579282 753054 824974 19031 856219 158091 551016 265881 762569 867422 660705 790774 771862 852996 52526
511520 600608 290274 999999999 228992 839993 926459 769461 156591 745859 534720 761461 559318 55640 489558 966095 901048 271622 291728 929745 709413 364226 308605 825703 1136175 600988 791704 1117812 581895 938364 145369 330787 1117095 888805 930954 212523 916534 842029 1114235 723407 697406 806761 745340 867263 640334 606617 615658 443388 604556 1023184 590665 113378 410349 630684 350425 679945 711470 1051782 346050 1070252 711383 882437 783832 612421 758267 572419 399691 377716 576045 919171 699671 718875 341496 90452 765974 760699 836021 184618 578697 929602 720269 847338 484830 671845 520578 734472 644144 1018165 303686 893066 251715 680589 320366 877524 807217 572740 988973 790720 998589 266164
324160 417637 90915 228992 999999999 627102 871087 545462 255825 516912 540526 532793 468885 203281 454641 816826 797704 287279 62792 743105 481750 136596 84968 683252 973287 519677 600081 949571 356809 710403 83628 120153 987540 663303 712728 142535 687725 841065 988953 544706 530597 835566 562958 658836 672505 377834 618763 457609 549202 864012 473218 228835 415442 423720 329311 682802 669267 936059 154168 904905 537035 760730 633091 603103 741366 348090 353381 307094 372920 802701 614118 492105 135006 232205 570247 679285 611066 249365 549060 863213 668253 832684 312866 566471 523299 555205 666477 820468 109861 797165 78410 516199 192161 725895 788188 575656 788408 707384 828487 111550
341981 276951 619002 839993 627102 999999999 757373 138012 779466 259616 741985 235756 516575 796622 637638 415961 568847 701188 572377 213162 341796 496390 542159 381693 474990 541986 147612 436964 286759 234841 703380 511453 601927 156713 103250 642638 321707 884053 617409 223998 276606 952895 202317 47265 859383 344589 769323 729547 611316 407300 446608 855627 703219 210713 652686 800353 685227 612033 611467 412908 244689 488332 337309 735206 784569 291320 611672 577761 266671 527629 549122 201833 588058 801760 133761 582641 136405 748762 670523 720556 659412 843961 382728 482043 729580 218534 834962 223354 620950 592551 588294 289587 543963 360883 805778 750043 185415 588362 339898 670867
646072 597541 941366 926459 871087 757373 999999999 845566 773807 947875 410924 935263 404797 872313 437212 412528 201345 654847 868918 603195 1000715 841334 830965 377541 548094 352707 610355 567577 818506 992140 884100 788857 378038 913331 838230 753668 1070261 216066 358136 550138 506877 325883 564229 730074 382714 927007 343205 495165 325806 478601 422708 1020989 520287 694898 577148 297304 215579 285251 986383 529636 533645 281125 420395 330525 205220 809894 532749 569106 683422 256184 266480 870772 955320 838080 631663 204296 882318 742477 348781 44830 206918 167183 618190 331724 420196 551075 358827 704238 957618 172071 792687 503080 679060 414009 170126 376690 712822 184003 528630 979908
316356 287555 521128 769461 545462 138012 845566 999999999 732762 122757 764164 100644 547683 731937 653791 539555 669079 672991 485763 347744 203828 409318 461906 481848 611939 583435 248883 574375 188731 186493 626678 439608 729662 121104 179434 588890 229602 947641 743659 295429 340729 1004501 282731 185272 892329 216576 804494 735270 652098 539048 483886 769212 703013 187416 638910 844495 742987 731188 503395 548646 312313 591860 429864 771872 843185 197430 607026 564528 235574 634332 612288 67676 483690 744365 219379 656283 67667 705751 704030 812487 720471 912022 363249 541261 749698 294843 870435 358944 519872 689479 521301 347719 502726 473653 870734 778711 320726 667342 473644 570965
437963 516563 343302 156591 255825 779466 773807 732762 999999999 734535 378219 745409 423155 108535 338954 845958 761065 122016 309657 836974 715335 362512 306110 704604 1021830 459828 707189 1007301 555246 913298 195201 306926 984938 853846 877405 145845 910129 685479 980242 629813 595739 652272 654001 799630 485394 606919 459082 286947 455684 908047 464848 264387 254979 569646 203689 523356 558312 914550 406810 958425 614788 749987 668597 456317 602088 544145 257094 247460 513535 783916 557220 692721 390519 66139 686410 615778 800422 35765 425143 778996 568758 690890 400973 537421 364249 640922 488257 934471 361295 750665 227646 577908 235509 760473 651032 416228 908978 645883 891215 342702
362772 363572 473439 745859 516912 259616 947875 122757 734535 999999999 823952 26258 619875 715535 711839 660069 779258 693948 454303 470492 84741 382528 439635 594093 734376 661342 366804 696552 184320 200288 600501 428661 851037 179930 279270 588727 175835 1033824 864556 401577 441193 1081966 392964 306776 957808 143275 873017 783057 727709 661538 562624 727846 746913 259229 673622 918721 827960 849526 442354 671355 415911 704283 539825 842059 927261 196218 650449 602630 290489 747829 703059 77139 428876 735171 334843 752388 145035 711889 773389 917159 807917 1001474 409464 631419 808259 402927 938091 476557 467940 797833 510550 444938 519145 590930 958618 843004 438417 766325 596379 518562
461375 477722 626377 534720 540526 741985 410924 764164 378219 823952 999999999 822634 226105 484001 112174 612227 456744 270855 561544 696820 844210 565511 532125 486538 792717 212953 614383 791949 648421 946851 526224 500382 696230 870877 844111 401719 987201 309071 685057 526098 474279 295493 551578 739399 139144 743701 81491 91389 154876 685736 297198 639071 128593 577213 211323 146602 201462 610729 683927 742762 505188 479240 479999 80934 224727 636815 195643 248612 535239 497780 269657 756224 656482 444309 612795 303455 823466 351571 89454 425359 222361 312692 415330 298928 17579 534562 127377 809908 645013 436393 468371 458201 370152 548906 273527 38029 798270 330070 697034 651385
362630 356703 492457 761461 532793 235756 935263 100644 745409 26258 822634 999999999 615133 729784 710714 639895 763840 700892 470441 447602 110840 397406 454027 577753 710742 655271 347855 672668 191467 179807 616229 440855 830252 154451 253026 599577 168584 1026053 844139 386946 428404 1076571 376992 282754 955311 163709 869666 784431 722356 639566 556083 746440 749082 252069 677618 914001 820316 830655 463404 648222 402107 687968 524251 838253 919971 203100 652483 605678 287603 731116 693645 67445 448892 748132 316842 741514 118788 721859 769678 903753 799573 992765 409764 622046 807203 387690 935037 451218 487633 783085 523130 433090 526416 572493 950313 840641 413122 754605 573825 538489
268155 260425 536702 559318 468885 516575 404797 547683 423155 619875 226105 615133 999999999 503683 131272 432472 341978 303040 464166 479102 652132 438605 426179 293529 613117 52473 388633 604594 456797 726788 490850 384275 561796 649491 618336 363142 774889 423226 557203 300173 248757 462286 325803 513294 345529 560934 256907 232418 108714 500413 71289 639446 221608 363987 222685 298902 222031 492777 581846 554769 279338 326934 271446 224205 315280 446130 167373 181797 329995 361051 145845 547754 550900 479090 386725 210698 603881 387754 156486 394548 211321 398991 229436 114323 214831 308833 322914 590651 552849 335731 390626 232348 276966 354221 353758 233841 576415 239371 497576 576209
463775 551293 277269 55640 203281 796622 872313 731937 108535 715535 484001 729784 503683 999999999 435178 911779 845410 217861 265284 879642 684341 333114 275905 771180 1082707 545404 742924 1064891 546106 904678 123025 292408 1061731 852179 889543 160802 888384 792322 1058764 672743 645319 760757 695139 822299 593826 579092 565268 392621 549680 969534 535494 156019 358207 586381 295653 629925 657629 996179 337559 1017101 660165 827003 729951 560738 706586 536104 344338 322107 531097 863615 644111 684055 328058 46092 718130 705265 799048 132478 525149 874887 665879 796195 434925 616267 469407 683844 596290 969991 292958 837473 210763 628305 268654 823512 755518 522021 941528 735272 946051 262973
349211 368685 535914 489558 454641 637638 437212 653791 338954 711839 112174 710714 131272 435178 999999999 553738 431241 218247 467639 610357 732336 463495 435167 418467 735444 140488 516096 729579 536393 837465 453734 400060 664789 762264 740464 323953 875699 387164 657076 427441 377342 395049 453439 638126 249088 632495 173520 101535 117321 624223 200949 584298 98639 466517 140041 233308 223435 587027 590266 679768 406977 434648 401196 151305 286836 524817 101440 149511 423506 461977 227577 644444 561448 401976 511261 280510 714057 306382 94845 440334 230719 378257 303172 230235 96491 436668 233198 721731 554001 417345 378654 360261 272238 480329 334112 135582 706911 310385 625889 566167
500299 410942 853224 966095 816826 415961 412528 539555 845958 660069 612227 639895 432472 911779 553738 999999999 213567 730341 785261 215342 733405 726564 745510 141355 181766 413386 294637 180314 598825 639611 866712 701977 192648 567305 469562 755327 735998 600193 204665 293453 289903 697820 287338 375518 674010 696643 592930 653045 458139 74849 381352 1026727 650705 462202 652687 589602 453864 197890 874624 132250 292444 145640 184226 561275 530209 595347 597351 598508 485069 156954 342989 588104 844335 895254 328928 325177 552313 810197 522782 368429 423410 551092 504115 323542 609034 285952 645631 298909 863560 244317 747943 302275 649901 90957 527780 598207 314673 309086 116448 903356
521649 453359 854136 901048 797704 568847 201345 669079 761065 779258 456744 763840 341978 845410 431241 213567 999999999 639282 781699 403085 840280 739109 741683 187995 367204 301271 424742 380002 671877 803167 828922 697395 239573 725560 643713 703558 887514 388678 228552 377899 343766 489788 386909 537771 488351 779081 417531 518784 316929 283419 324490 980603 528855 538924 557555 399793 268866 155996 889531 337626 364987 81710 239590 390524 328205 664975 504138 523770 539758 56967 204527 702538 858067 819406 450370 154033 698931 726283 371144 158766 240817 339008 505740 232651 458501 376340 460303 502909 868091 30836 721208 345272 610194 215022 319040 433705 512036 126683 328636 898993
361729 428173 377716 271622 287279 701188 654847 672991 122016 693948 270855 700892 303040 217861 218247 730341 639282 999999999 323659 736291 688638 353228 304966 589231 908213 338154 613582 895579 509847 858214 258418 288148 864593 792594 802348 145061 869040 579835 859430 531511 492719 558740 556756 715995 392495 580089 352284 180761 334305 794488 349204 370273 142629 496764 81738 417446 439880 793104 439807 846258 514766 629918 556467 344861 490364 498049 135930 135362 441966 663011 435279 642102 416545 183759 596591 493787 739814 88283 307289 658573 448827 580733 318632 417338 255194 542438 390413 838479 396745 628672 227892 474560 174853 646730 539196 308525 815593 523892 781678 393450
286156 378792 72849 291728 62792 572377 868918 485763 309657 454303 561544 470441 464166 265284 467639 785261 781699 323659 999999999 698478 419208 76709 40291 655563 935893 516222 554623 910440 297065 648456 146394 84753 961264 602670 655376 180525 624933 854546 964058 505250 496195 856894 521734 605905 697117 315044 637069 483557 552923 828603 459010 284315 440938 373354 353171 699726 673998 914665 122705 867050 499480 739168 603128 618474 751941 288876 368425 318128 325350 782373 606841 430989 95085 292039 523355 672016 550769 298738 560267 857871 670136 842557 283073 553799 544038 515365 688740 771150 88718 783542 96170 483043 195889 694408 797462 594957 738107 699024 789436 118698
421319 329579 757691 929745 743105 213162 603195 347744 836974 470492 696820 447602 479102 879642 610357 215342 403085 736291 698478 999999999 550283 628551 662006 236403 265877 483873 144043 230384 453496 425963 808281 622969 392132 356236 254559 718909 525667 764862 409048 207502 243784 850261 184504 168083 790293 535343 701575 711144 546600 195021 410324 968382 695934 331109 670123 716324 585848 412929 764607 201033 222248 322139 220273 667218 677801 453672 619118 601569 373599 352544 452495 405824 737099 873848 177202 463942 347704 802579 612472 561665 556324 719125 444927 401351 688547 196365 763058 113679 763966 431302 686958 262002 611451 189437 687611 693970 111085 459618 126758 810092
386028 405944 426365 709413 481750 341796 1000715 203828 715335 84741 844210 110840 652132 684341 732336 733405 840280 688638 419208 550283 999999999 354092 411605 658314 815315 697101 438797 778023 196449 268161 564853 409099 925447 261125 363716 571129 211658 1072529 938056 463182 497704 1113441 457896 389062 980969 108950 899215 795161 760836 738997 600716 680017 756771 305820 678263 948824 867173 919240 386991 751313 475297 767927 602457 869811 964965 207779 661646 611143 324360 812333 748077 145702 378282 708520 405095 801199 229507 696049 801290 972293 849259 1043033 430063 676848 827806 465986 963050 560669 418100 857008 487899 498982 514996 660348 999160 866361 522483 817411 675219 467073
226717 316263 129353 364226 136596 496390 841334 409318 362512 382528 565511 397406 438605 333114 463495 726564 739109 353228 76709 628551 354092 999999999 57640 601471 871362 491061 484508 844476 220588 574213 219310 66506 907068 526757 578700 221141 555399 845836 911233 440681 436667 858050 455410 530683 703886 246935 636507 495252 535686 766132 422368 361009 453061 300321 366067 696682 656272 865610 150833 802284 436781 690886 547113 614488 740498 212239 369873 316965 255034 735122 575756 355517 119538 354795 452238 640173 474624 345750 552023 826701 649043 829499 233584 517229 547951 450356 692580 697782 137492 743556 135032 424941 196416 636238 784027 596234 664179 665656 723847 181593
247123 340138 112484 308605 84968 542159 830965 461906 306110 439635 532125 454027 426179 275905 435167 745510 741683 304966 40291 662006 411605 57640 999999999 615414 897221 478404 518423 872198 273640 629955 164781 44472 921074 580560 627955 167346 612888 821263 923810 466899 456734 826868 483918 574158 668999 304574 606169 456985 516922 789478 419361 313587 414408 339642 326584 668077 638049 874380 156736 828469 460646 698888 563144 586392 717757 264499 337460 285977 289918 742118 568089 410273 126773 297157 487800 633199 527996 290788 526743 819273 633383 808002 242885 514248 514560 477129 659499 737008 127261 743748 79995 443378 163002 654621 762764 564628 704549 659996 751134 158949
375159 292358 725354 825703 683252 381693 377541 481848 704604 594093 486538 577753 293529 771180 418467 141355 187995 589231 655563 236403 658314 601471 615414 999999999 319910 279578 236773 311359 500235 616411 729563 571275 305845 538325 460725 615668 699546 528574 309832 195585 172028 614455 201170 352668 564358 604751 478246 519168 331774 206894 240096 888771 513869 363719 512059 485838 352575 270092 751557 261516 186153 110219 57656 444791 442111 494718 456837 457157 374438 154039 224505 517906 720639 754088 262705 228051 510956 668844 398032 339360 322499 483241 372546 189526 481377 192329 536433 347078 736898 210867 612235 179460 511236 62442 451218 477132 347348 223297 210506 774217
650170 557120 1000322 1136175 973287 474990 548094 611939 1021830 734376 792717 710742 613117 1082707 735444 181766 367204 908213 935893 265877 815315 871362 897221 319910 999999999 595134 398279 41060 714278 663307 1029300 855154 199426 603607 491457 924011 770442 752961 222857 430880 443360 856394 416306 428132 848046 800295 769770 834809 639180 113795 559129 1190286 832217 584764 831764 761566 626701 273346 1014409 69157 436618 317216 353508 739019 694920 713308 776630 774901 619223 312376 523084 671441 985419 1068743 434009 499578 604671 986142 703279 503438 596687 702756 661859 505217 790004 421041 819672 280031 1008731 397019 908645 458763 816934 261526 685781 777370 312936 480010 148593 1051888
315900 298661 588661 600988 519677 541986 352707 583435 459828 661342 212953 655271 52473 545404 140488 413386 301271 338154 516222 483873 697101 491061 478404 279578 595134 999999999 407099 589974 502928 758997 538872 436647 528664 680708 642017 409972 812143 375761 522378 320321 267498 421598 344840 534514 317746 608330 227510 239939 69487 484327 99603 684806 238366 403234 256485 261304 172043 455030 634213 540223 299249 295991 267745 193258 267972 492558 202872 225989 373303 326081 98833 587830 603298 518320 409549 161987 636990 425012 130680 343559 159516 349311 279211 90232 205195 327795 292993 597025 604928 292090 441309 252936 327538 341838 304383 212214 585975 191450 488766 627635
280670 191880 613663 791704 600081 147612 610355 248883 707189 366804 614383 347855 388633 742924 516096 294637 424742 613582 554623 144043 438797 484508 518423 236773 398279 407099 999999999 366738 316159 381913 666894 479936 486928 302977 238841 582822 462775 738024 499268 88661 140162 809775 62830 128841 724424 406473 634128 613159 475411 306511 317354 826346 591879 188164 553950 660755 541443 482833 621380 329850 109316 345543 189993 599645 640024 315031 506775 481675 229571 386846 404688 293687 593567 739932 35953 435646 274189 673743 537507 574171 514800 697217 308605 339841 603458 79822 698980 227615 620041 447268 545966 156291 476584 224785 659658 618530 202185 440830 250232 666054
625643 532239 973703 1117812 949571 436964 567577 574375 1007301 696552 791949 672668 604594 1064891 729579 180314 380002 895579 910440 230384 778023 844476 872198 311359 41060 589974 366738 999999999 681844 622560 1007700 830709 233149 563449 450961 905341 729931 768190 256163 405303 421808 869700 389104 389916 853581 765699 773137 829897 637496 106214 547543 1168796 825228 554360 820525 768374 632830 300282 985882 49844 412599 322884 339141 741573 705370 681310 765751 761315 590944 323772 523095 634761 957275 1052472 402131 504528 565463 971730 702554 522756 602503 718225 639723 499745 788339 395090 825188 239089 981573 410455 886602 437940 797779 250451 698960 778442 272312 486912 121101 1025554
189686 221405 335333 581895 356809 286759 818506 188731 555246 184320 648421 191467 456797 546106 536393 598825 671877 509847 297065 453496 196449 220588 273640 500235 714278 502928 316159 681844 999999999 359380 438390 254063 790294 306945 360728 409619 359214 878689 799480 308073 329866 917338 311512 326649 784753 108517 702767 602287 565487 620912 408358 580805 565069 137359 490000 752604 674067 769337 324715 645991 314419 605937 442621 673403 770876 11964 469020 420000 135084 651387 559626 138273 301749 561241 280316 615926 254374 530926 604914 793185 657464 850752 233685 489427 632167 314162 766655 502263 335779 685122 336477 326720 335163 515614 806404 670074 466017 634504 566390 386358
502849 469131 672233 938364 710403 234841 992140 186493 913298 200288 946851 179807 726788 904678 837465 639611 803167 858214 648456 425963 268161 574213 629955 616411 663307 758997 381913 622560 359380 999999999 793507 613278 816856 79592 173306 768160 110851 1113431 834513 451540 502242 1177106 432652 266780 1072307 343140 983465 920866 828334 618329 660280 926061 889133 372648 825378 1020124 911608 837451 642601 610785 471157 722290 571887 950200 1011663 369988 793309 751021 422029 760620 777198 221118 628617 920614 363522 814522 123412 887610 883196 955393 887128 1074843 549719 707995 932829 447825 1049500 383865 667424 827220 695749 512679 686492 592887 1035489 959691 350451 821613 548117 718246
386964 479412 154851 145369 83628 703380 884100 626678 195201 600501 526224 616229 490850 123025 453734 866712 828922 258418 146394 808281 564853 219310 164781 729563 1029300 538872 666894 1007700 438390 793507 999999999 191960 1030197 745267 791473 130512 771303 833381 1029916 605553 586120 816993 625535 733198 650909 461394 606930 438054 558509 918153 506667 161099 397845 496720 317856 672005 675275 972998 216457 961718 595915 799067 682514 595635 738625 429279 353424 315171 443818 839203 636469 574602 205290 157864 638749 700747 692760 198719 548326 880407 678041 829999 368007 596273 509757 616368 648338 890525 171257 825423 121507 570538 220156 776289 786728 563135 859621 729897 887008 147607
205085 298475 156751 330787 120153 511453 788857 439608 306926 428661 500382 440855 384275 292408 400060 701977 697395 288148 84753 622969 409099 66506 44472 571275 855154 436647 479936 830709 254063 613278 191960 999999999 876854 559771 600493 162041 603827 784463 879482 425500 413712 793808 443257 541400 638418 300359 572458 428999 477295 746822 375489 347620 386736 305213 299619 633364 598338 829912 197570 786542 418554 654417 519284 551323 680018 243850 304798 252219 253339 697649 525177 392273 166689 307539 450245 590190 506650 286961 490080 776457 592740 769754 198734 470458 482807 435883 627623 700902 170982 699674 82486 400052 130491 611049 724388 531699 669228 616744 709609 203337
680492 594938 1031194 1117095 987540 601927 378038 729662 984938 851037 696230 830252 561796 1061731 664789 192648 239573 864593 961264 392132 925447 907068 921074 305845 199426 528664 486928 233149 790294 816856 1030197 876854 999999999 748355 643966 911390 917792 592522 23596 483177 473061 700884 478910 558963 722721 889067 655808 755958 553537 198647 526873 1187484 763273 653234 783563 633327 506507 93679 1056843 218384 480007 235068 360150 629657 553974 786436 728679 740641 672977 202858 437487 779943 1026048 1039869 521460 393004 738072 949490 610042 335682 479420 542558 678193 447518 697672 476392 695140 448483 1042723 262171 915037 483017 810299 275597 534484 673184 474031 366234 268987 1079945
433469 393580 633574 888805 663303 156713 913331 121104 853846 179930 870877 154451 649491 852179 762264 567305 725560 792594 602670 356236 261125 526757 580560 538325 603607 680708 302977 563449 306945 79592 745267 559771 748355 999999999 114675 709979 169440 1033894 765201 371963 422768 1098070 353086 192051 994980 312940 905854 847588 750121 550617 582318 884616 816936 300524 755910 941643 832267 764714 610400 547516 391622 645004 492961 872418 932279 316417 721723 681085 352331 684032 697695 172294 593231 865224 283980 734952 53439 826714 805732 876923 807671 995253 479648 628622 857145 368234 971874 328126 630774 749192 641732 433383 623315 516803 955930 882844 292117 742169 480954 681967
441606 379934 696010 930954 712728 103250 838230 179434 877405 279270 844111 253026 618336 889543 740464 469562 643713 802348 655376 254559 363716 578700 627955 460725 491457 642017 238841 450961 360728 173306 791473 600493 643966 114675 999999999 738341 278985 976003 661915 322065 375011 1048605 298595 110463 959736 395281 869526 832743 711090 445346 547930 939688 806462 307848 755311 898585 780283 667365 681497 437681 343077 562082 422637 835245 878776 367581 714766 680289 363911 597880 643511 246154 660722 896978 232474 672694 134239 847437 771333 799392 753571 934346 483719 578371 831936 315405 934919 213964 695936 669497 679600 389084 642234 429879 897606 851345 178746 675921 375059 746762
305118 391006 232694 212523 142535 642638 753668 588890 145845 588727 401719 599577 363142 160802 323953 755327 703558 145061 180525 718909 571129 221141 167346 615668 924011 409972 582822 905341 409619 768160 130512 162041 911390 709979 738341 999999999 764369 706357 909830 511945 484939 695580 534407 665981 531355 462398 481353 316553 428018 811226 384851 277245 274847 431933 190839 546071 544874 850370 294776 857878 499403 678079 572307 468136 609822 398602 223189 185049 375995 716794 508147 547339 271969 159212 558774 571959 656542 125038 418726 750422 547535 701285 274425 471341 384788 523047 526409 810175 251725 698704 87420 468079 107952 666164 657642 437792 782309 601347 786066 250901
529456 514516 637021 916534 687725 321707 1070261 229602 910129 175835 987201 168584 774889 888384 875699 735998 887514 869040 624933 525667 211658 555399 612888 699546 770442 812143 462775 729931 359214 110851 771303 603827 917792 169440 278985 764369 999999999 1177205 934587 521463 568815 1233556 506081 360483 1118008 309917 1031117 951723 880447 720020 712540 891180 916901 411264 846126 1072792 972586 933020 598648 715893 539436 807983 650977 998976 1072777 370994 820286 773959 452304 848331 841645 232040 589560 909445 438821 884444 188597 887696 930744 1035588 950031 1141310 576778 770747 972120 519649 1096866 492155 629325 909836 685368 576632 694375 682365 1100211 1003732 457650 894406 650279 678586
691147 670299 923077 842029 841065 884053 216066 947641 685479 1033824 309071 1026053 423226 792322 387164 600193 388678 579835 854546 764862 1072529 845836 821263 528574 752961 375761 738024 768190 878689 1113431 833381 784463 592522 1033894 976003 706357 1177205 999999999 573276 662012 611282 110200 682005 865543 216140 983859 227585 400093 315818 671769 472100 947788 437295 774623 515826 162529 205872 499076 977043 726304 642275 456615 555616 238274 107953 868308 487854 536545 748312 445498 336345 958874 947887 751601 751125 303966 995190 660108 294529 256915 227174 50316 652422 406576 324671 666240 203090 873929 941155 357986 765684 601658 658783 578991 78397 271311 875887 305277 712187 952604
684991 600849 1034448 1114235 988953 617409 358136 743659 980242 864556 685057 844139 557203 1058764 657076 204665 228552 859430 964058 409048 938056 911233 923810 309832 222857 522378 499268 256163 799480 834513 1029916 879482 23596 765201 661915 909830 934587 573276 999999999 491700 479176 682051 488596 575051 707729 899366 642522 746803 544535 217162 524990 1186425 755338 662209 778131 618242 493123 76599 1061388 239898 487582 231901 365348 617086 537482 795312 723513 737111 680196 196434 429506 792769 1030456 1036005 533376 382558 753727 944918 599692 316367 466629 523474 681074 443200 687029 485323 680335 468688 1046314 249328 915732 488395 809816 283911 516644 661107 493453 355057 287442 1082754
220554 127074 569487 723407 544706 223998 550138 295429 629813 401577 526098 386946 300173 672743 427441 293453 377899 531511 505250 207502 463182 440681 466899 195585 430880 320321 88661 405303 308073 451540 605553 425500 483177 371963 322065 511945 521463 662012 491700 999999999 52947 728959 26199 214228 638040 410425 547768 524709 389176 325979 228933 766433 504034 170715 468925 576766 461577 462057 585492 361909 21074 304780 139277 513404 561213 303647 420441 397958 192156 349381 326053 324714 555924 666375 90258 363800 335238 595609 450281 517339 436245 623357 238934 258139 515000 11137 613001 307039 578142 396284 484058 67916 404269 207807 583989 530976 285753 372952 284235 621008
210517 121897 563498 697406 530597 276606 506877 340729 595739 441193 474279 428404 248757 645319 377342 289903 343766 492719 496195 243784 497704 436667 456734 172028 443360 267498 140162 421808 329866 502242 586120 413712 473061 422768 375011 484939 568815 611282 479176 52947 999999999 676675 77483 267018 585176 436006 494893 475737 336269 333415 177478 747182 456757 195242 426563 523906 409746 442118 585088 375599 31968 276072 114629 460510 509614 323788 376262 357827 202410 321536 274973 364057 554646 635879 143008 315676 384288 560906 397626 476041 384905 573502 218506 206099 463504 60421 560084 349587 573678 359416 465305 18227 377041 199679 533484 478487 331317 326809 301592 613909
727692 720182 921839 806761 835566 952895 325883 1004501 652272 1081966 295493 1076571 462286 760757 395049 697820 489788 558740 856894 850261 1113441 858050 826868 614455 856394 421598 809775 869700 917338 1177106 816993 793808 700884 1098070 1048605 695580 1233556 110200 682051 728959 676675 999999999 750880 938492 167104 1018952 221602 379369 354276 770801 521149 916650 420738 824664 506274 164996 268439 607265 979360 826369 708438 552602 634920 246201 172468 906340 489467 541621 792280 545953 405361 1009127 951749 717430 819140 386423 1056319 631274 313455 365853 296092 158835 685278 470852 312936 734438 169176 961527 940493 459563 763858 664980 664256 668669 170750 262257 960623 393738 807046 946058
239128 146124 584604 745340 562958 202317 564229 282731 654001 392964 551578 376992 325803 695139 453439 287338 386909 556756 521734 184504 457896 455410 483918 201170 416306 344840 62830 389104 311512 432652 625535 443257 478910 353086 298595 534407 506081 682005 488596 26199 77483 750880 999999999 189839 662410 410950 572114 550854 413426 314317 254524 786158 530233 174981 494758 599998 482988 462879 598259 347160 46505 311328 147350 537685 582256 308036 446487 423513 203234 355081 346806 316741 569141 689632 69207 381871 318586 619966 475076 530187 457095 642504 260514 280125 540629 17063 637167 281731 592623 406794 504045 93462 426995 205397 603804 555969 259849 389517 268451 636455
361929 288070 655371 867263 658836 47265 730074 185272 799630 306776 739399 282754 513294 822299 638126 375518 537771 715995 605905 168083 389062 530683 574158 352668 428132 534514 128841 389916 326649 266780 733198 541400 558963 192051 110463 665981 360483 865543 575051 214228 267018 938492 189839 999999999 852183 389794 761895 732798 603232 362959 442322 887668 708721 236742 663216 789463 670105 572723 650670 366637 235300 456488 312706 727488 768436 330258 619595 588951 291294 494090 533268 248660 626364 825152 126875 562296 179631 767955 664497 691963 643252 823965 399562 468678 727819 206830 826998 178015 658196 562687 616078 281945 564503 326188 787147 745088 140562 565836 294744 707559
596357 604777 760094 640334 672505 859383 382714 892329 485394 957808 139144 955311 345529 593826 249088 674010 488351 392495 697117 790293 980969 703886 668999 564358 848046 317746 724424 853581 784753 1072307 650909 638418 722721 994980 959736 531355 1118008 216140 707729 638040 585176 167104 662410 852183 999999999 881580 90299 214908 249015 748857 413394 749779 257119 706817 344247 89515 221391 631177 818941 806244 616971 531169 570030 124801 177726 773269 334168 387310 667766 538509 339996 888394 792198 550738 727262 349056 949337 464169 189314 410452 251369 240013 551122 390096 156514 645386 28394 903930 778912 462115 602708 570673 507972 624725 216020 114842 896666 368170 771537 782231
292782 329876 330374 606617 377834 344589 927007 216576 606919 143275 743701 163709 560934 579092 632495 696643 779081 580089 315044 535343 108950 246935 304574 604751 800295 608330 406473 765699 108517 343140 461394 300359 889067 312940 395281 462398 309917 983859 899366 410425 436006 1018952 410950 389794 881580 999999999 801962 690985 669327 712957 515237 584913 651843 241170 571829 853969 780025 872473 299696 733278 418601 711734 547346 773708 875928 117319 557624 506297 243590 757048 667574 149180 285614 601730 370695 724300 267746 587251 705656 901667 764199 957042 333697 597627 726984 415508 864778 567692 324669 792887 379761 433817 406929 616311 912448 767507 529917 743006 654462 375295
513415 517035 703347 615658 618763 769323 343205 804494 459082 873017 81491 869666 256907 565268 173520 592930 417531 352284 637069 701575 899215 636507 606169 478246 769770 227510 634128 773137 702767 983465 606930 572458 655808 905854 869526 481353 1031117 227585 642522 547768 494893 221602 572114 761895 90299 801962 999999999 172694 158717 667620 323772 720475 209838 619874 290530 65191 149399 566606 759731 725065 526700 452652 481450 34592 147075 691471 268781 320429 582561 464317 253870 802513 731643 525212 637056 270622 860694 432893 100464 362917 176718 232477 469272 300664 97277 555091 66035 815251 721814 393637 545271 480446 443294 539355 195117 43834 807326 292985 686971 729988
422296 455728 545462 443388 457609 729547 495165 735270 286947 783057 91389 784431 232418 392621 101535 653045 518784 180761 483557 711144 795161 495252 456985 519168 834809 239939 613159 829897 602287 920866 438054 428999 755958 847588 832743 316553 951723 400093 746803 524709 475737 379369 550854 732798 214908 690985 172694 999999999 202423 724261 301007 547784 42627 548227 130488 237568 281031 674642 604827 780133 504593 529670 502728 169902 315343 590406 133515 184936 500883 554002 319399 719684 578603 353001 606242 365119 797843 260210 151250 505899 297148 403955 374949 330156 77449 534291 210381 822050 564327 501796 388505 458295 298951 581220 364256 129417 806404 393930 727192 567376
376619 366267 624164 604556 549202 611316 325806 652098 455684 727709 154876 722356 108714 549680 117321 458139 316929 334305 552923 546600 760836 535686 516922 331774 639180 69487 475411 637496 565487 828334 558509 477295 553537 750121 711090 428018 880447 315818 544535 389176 336269 354276 413426 603232 249015 669327 158717 202423 999999999 531289 168329 696059 212613 470579 254139 192400 121128 472919 673653 588190 368118 328755 327679 124259 208119 554788 207245 244029 438329 351679 117764 654919 643389 517973 478668 164249 706193 422587 66478 325357 119621 294571 336811 145709 150897 396411 223834 660166 641310 301379 471146 322037 358694 394101 249065 147426 650720 193828 542280 659531
542449 450244 894454 1023184 864012 407300 478601 539048 908047 661538 685736 639566 500413 969534 624223 74849 283419 794488 828603 195021 738997 766132 789478 206894 113795 484327 306511 106214 620912 618329 918153 746822 198647 550617 445346 811226 720020 671769 217162 325979 333415 770801 314317 362959 748857 712957 667620 724261 531289 999999999 445483 1078959 720357 487349 718256 664394 528671 235568 911464 57447 329469 219793 239886 635836 604126 618797 663194 661107 517235 226458 416974 593406 881891 955163 342370 400013 542574 872355 596345 433979 498229 622296 551630 394140 682141 316845 720479 253726 903621 314243 797946 348086 704444 147762 600402 672384 276667 383629 70350 945550
225725 199380 531766 590665 473218 446608 422708 483886 464848 562624 297198 556083 71289 535494 200949 381352 324490 349204 459010 410324 600716 422368 419361 240096 559129 99603 317354 547543 408358 660280 506667 375489 526873 582318 547930 384851 712540 472100 524990 228933 177478 521149 254524 442322 413394 515237 323772 301007 168329 445483 999999999 661674 286292 304016 272990 360665 266485 466364 570817 497974 208071 293238 209559 290143 364940 398438 218268 217439 276362 332582 156473 488665 539393 515871 315938 219092 537950 429083 224163 405144 249106 442548 195484 95056 286104 237549 389731 521051 546457 324705 396825 161077 286807 297798 398473 303464 505966 243544 436488 575384
547253 640053 254598 113378 228835 855627 1020989 769212 264387 727846 639071 746440 639446 156019 584298 1026727 980603 370273 284315 968382 680017 361009 313587 888771 1190286 684806 826346 1168796 580805 926061 161099 347620 1187484 884616 939688 277245 891180 947788 1186425 766433 747182 916650 786158 887668 749779 584913 720475 547784 696059 1078959 661674 999999999 512248 652398 444295 785302 807685 1127558 296074 1122772 756966 954875 842640 714864 860543 572940 488872 458819 600957 993929 783484 712370 301741 199534 797438 846472 833386 287694 676314 1021151 814082 950643 529105 748551 624155 777213 752295 1048494 261917 975176 282431 731534 377685 936515 909409 677050 1016818 876165 1048105 213788
388139 427447 503036 410349 415442 703219 520287 703013 254979 746913 128593 749082 221608 358207 98639 650705 528855 142629 440938 695934 756771 453061 414408 513869 832217 238366 591879 825228 565069 889133 397845 386736 763273 816936 806462 274847 916901 437295 755338 504034 456757 420738 530233 708721 257119 651843 209838 42627 212613 720357 286292 512248 999999999 516705 87868 275028 304776 684794 562264 775385 484439 533253 492917 202638 348423 553145 96615 145638 467782 560504 325872 684996 535989 320443 582836 376853 766516 225908 171804 527981 317626 438401 340769 327294 112624 514000 251574 805385 521881 513972 345943 438935 256913 575197 397340 166026 788074 406427 719181 525485
135048 104638 428470 630684 423720 210713 694898 187416 569646 259229 577213 252069 363987 586381 466517 462202 538924 496764 373354 331109 305820 300321 339642 363719 584764 403234 188164 554360 137359 372648 496720 305213 653234 300524 307848 431933 411264 774623 662209 170715 195242 824664 174981 236742 706817 241170 619874 548227 470579 487349 304016 652398 516705 999999999 455897 662555 568772 632251 433501 515858 177594 470600 306238 587858 668197 133208 421247 380895 56124 515889 444541 184650 406082 591047 153913 495884 249813 539591 519534 666813 548723 742355 179849 372960 562571 176901 685604 397801 433793 553857 379353 194395 334387 378312 699405 592700 364934 511638 436196 480994
322654 376017 415981 350425 329311 652686 577148 638910 203689 673622 211323 677618 222685 295653 140041 652687 557555 81738 353171 670123 678263 366067 326584 512059 831764 256485 553950 820525 490000 825378 317856 299619 783563 755910 755311 190839 846126 515826 778131 468925 426563 506274 494758 663216 344247 571829 290530 130488 254139 718256 272990 444295 87868 455897 999999999 355236 363390 711490 474726 770964 450923 549149 482051 277826 421049 478036 55447 75174 403725 581697 353548 615339 448242 264250 540210 412319 704204 169436 232608 579238 370437 512318 276267 336755 194214 479570 337247 775392 434754 546976 258462 408339 170679 570687 469378 247026 754605 442423 708502 440065
562924 558448 766706 679945 682802 800353 297304 844495 523356 918721 146602 914001 298902 629925 233308 589602 399793 417446 699726 716324 948824 696682 668077 485838 761566 261304 660755 768374 752604 1020124 672005 633364 633327 941643 898585 546071 1072792 162529 618242 576766 523906 164996 599998 789463 89515 853969 65191 237568 192400 664394 360665 785302 275028 662555 355236 999999999 135761 541681 822430 721630 555872 445511 496608 82259 92814 741556 331334 382101 628564 450822 263832 846603 794013 589495 666909 264579 898271 497643 148496 322738 166274 170597 520311 321496 162460 583182 62765 829550 785071 373134 608722 510837 505075 544830 137246 109018 824534 281669 690159 794156
