NAME : synthetic_000490
TYPE : CTSP-D
DIMENSION : 100
GROUPS : 8
RELAXATION_LEVEL : 1
EDGE_WEIGHT_TYPE : EXPLICIT
EDGE_WEIGHT_FORMAT : FULL_MATRIX
EDGE_WEIGHT_SECTION
999999999 617534 453190 183986 666103 273232 726984 276763 146852 385246 512117 722195 197705 378672 531309 332741 162683 186945 149804 427877 727382 453525 346450 265859 566572 547468 92571 292502 366918 599000 171174 702353 97486 562357 294216 468485 305648 333879 243169 339013 629744 566346 233764 119641 490509 790504 172323 542514 494194 288904 285253 192466 343117 688291 113005 338427 620732 406703 692822 200756 641598 237112 737029 470302 307732 772238 742161 440571 109981 692177 366405 629143 567650 138267 599329 465338 377244 205205 563812 741359 656890 277318 91924 74063 650565 705857 612261 517709 575257 313146 316463 417124 291322 537368 391750 408773 527735 60849 221294 174782
617534 999999999 580032 477653 448390 348905 399564 745472 730922 564903 720412 139742 628970 969918 666353 321833 575868 430593 753333 644478 114159 602689 732692 371516 770307 271612 577371 355263 422855 179627 542067 402898 703107 496216 497459 655500 330843 335711 484509 338125 497078 392123 540582 543155 516864 646885 448365 103648 330685 370383 890058 788382 618490 331401 722802 649487 182177 463651 365048 797934 158645 841668 475436 276904 425632 635092 155977 386052 525762 126167 759886 813233 556459 479616 454882 153096 329566 477342 285855 619148 750939 813848 703301 573876 724055 108722 288886 105192 60881 395427 629290 308940 383648 241919 611630 336835 599513 626844 577806 633793
453190 580032 999999999 305206 892317 448030 404807 727370 433516 751476 913121 596710 277253 587373 906366 525913 291214 406715 474323 82115 683595 821387 239045 331659 971773 332658 510501 316648 174963 687742 558582 374119 456597 848538 173159 855281 341281 545012 231034 286992 233694 247228 220227 340074 84971 354503 378813 476712 257746 297581 559461 624588 131993 407587 544325 159962 451163 713767 389067 630294 702584 526651 369093 303399 214273 336801 612460 693847 473658 703122 808818 1033222 132848 419017 229625 470896 591992 537669 330711 305939 1030557 410750 468642 381182 1015333 688282 364457 537164 519153 580531 726514 275778 542915 352488 778245 248016 74927 510617 234173 611654
183986 477653 305206 999999999 644376 185370 543059 435709 257803 450316 608656 563825 160474 493060 605720 268268 100885 111341 286119 307565 591523 521078 300722 106217 667135 366524 212977 124612 185918 505389 253605 518368 241524 573333 132211 552147 146923 281331 74238 161518 451743 382952 104309 71964 323051 618635 78753 388746 310455 114262 418236 376294 232526 505609 295596 246229 448929 426256 509158 384413 538824 371008 554083 290401 125158 600437 583595 424928 170054 572953 509027 728874 401687 113916 418796 326350 331953 235064 381899 570102 731396 338046 246246 114888 718144 577424 430479 389457 426816 297764 421376 236174 261963 359193 474458 225639 375257 228322 126103 313651
666103 448390 892317 644376 999999999 460789 839774 608316 812798 346216 410000 573811 795752 1038105 334113 377307 733838 537428 812811 928010 457506 324540 944715 570055 435483 674943 579778 578773 717854 268764 503547 837983 762309 139929 743616 366900 552371 363061 698795 605578 897537 788102 746138 672100 859768 1065693 570820 502098 703212 598721 939315 748454 867454 771473 723097 887028 621088 269350 802507 757084 299112 894316 908691 638815 682417 1051378 583806 226548 558181 372349 559822 452372 922666 562022 852595 450272 312448 460962 694686 1030108 358793 938577 754022 672417 329023 416174 714745 403905 481247 357733 453652 636107 388080 642875 380613 659588 939681 633488 770397 560642
273232 348905 448030 185370 460789 999999999 551648 417405 401715 323807 494632 465345 342936 642918 472397 83502 281097 91290 417233 472414 455968 388697 485912 116381 553117 355334 228921 134870 282651 331906 205096 534617 365044 401293 286599 430783 117238 99150 238542 180557 522578 425964 285467 226776 435389 699474 120015 287356 335269 152018 554979 439595 407477 496582 374614 426271 389933 267877 512682 449129 371343 506300 589199 283456 233817 682278 485051 247697 176858 419019 456938 610798 509351 135752 480747 201266 149042 145791 376076 654834 591762 507649 362901 243432 573865 433009 419079 246273 313369 135000 337912 247348 97994 333203 360527 258195 506556 277986 311247 296046
726984 399564 404807 543059 839774 551648 999999999 955586 773526 863529 1034064 318360 621326 971003 997373 586336 599811 580684 810089 486843 449249 919886 638434 477731 1090602 196423 738723 448591 368294 574517 746248 30704 774622 861531 459767 968068 448403 607848 493713 395959 187740 170297 528955 611428 320154 266467 573848 339623 233066 445295 923731 919353 517746 68452 838450 551472 219222 781988 39728 927451 558209 882651 84275 269940 421963 259602 323131 722368 685650 512523 1006747 1143413 296870 622002 176077 410505 632065 694594 175571 254597 1102090 792623 782228 656824 1078456 476739 135289 439241 358771 668103 889526 316170 638105 221307 905024 319344 370623 767010 563195 829753
276763 745472 727370 435709 608316 417405 955586 999999999 367485 262301 297555 874301 472427 508366 348553 423750 438947 374950 339203 704639 838363 300770 612538 478294 338723 762791 223044 507379 620067 658662 212607 934783 315030 473297 561674 283998 507650 410075 506031 560505 886203 808792 507146 387656 757339 1054341 384762 701180 725854 512606 411454 185988 619870 906369 222140 614236 807310 350118 918147 190599 708923 382016 979808 686404 558639 1036138 893417 424513 272167 779126 102014 396612 835695 336128 851181 611895 425685 273083 782213 1005761 456524 495437 300541 346419 460866 806334 828245 640588 721645 353202 154665 639731 361834 744624 233857 639933 801261 217242 497751 125917
146852 730922 433516 257803 812798 401715 773526 367485 999999999 525572 637959 821591 158394 241398 665649 470277 175095 310622 40991 383617 843807 591612 256027 361347 688986 614086 237004 382209 405702 733158 316040 745876 56197 708600 314183 600972 402851 474039 283262 417290 645228 604574 244751 188324 492669 787286 285942 645625 548883 371843 160438 209449 304206 746038 145740 285272 704688 553136 743784 212322 773017 113493 767679 541144 357373 769374 841376 586970 255195 817220 467650 750565 562589 267922 623309 578022 519683 351836 626899 738324 789038 134960 69393 159011 785221 826401 675017 636908 682597 458400 446081 486490 434345 611038 526838 470673 506890 190181 212614 298725
385246 564903 751476 450316 346216 323807 863529 262301 525572 999999999 171432 703572 562605 725430 155405 277244 507776 344768 514082 757577 637460 71119 718864 431363 229495 668362 292886 455068 599409 437556 216530 849647 470011 211442 579380 106980 440631 255910 522606 503799 846384 748761 550825 442098 752132 1023252 373384 552553 657447 469525 624948 415362 679605 803165 407339 687465 675235 105954 823883 423169 488296 584594 908406 601972 543874 1006015 720662 188863 299345 565772 221310 287135 828405 338362 804478 465012 240154 215293 689759 978399 281480 659961 458474 421680 270207 600174 728429 468157 559312 195703 107754 570315 228277 642223 47044 581999 817004 335391 560171 235644
512117 720412 913121 608656 410000 494632 1034064 297555 637959 171432 999999999 860116 703414 804604 76925 447812 653789 508357 617676 912793 781578 117902 857193 599745 58956 839326 425215 624373 766796 574996 359462 1020622 581967 274888 740048 66299 611017 426226 682402 673987 1016998 920055 704970 589997 918765 1193707 534518 717722 828807 638051 706319 481822 831990 972992 501377 836156 842088 258525 994377 487195 623863 673281 1079766 773379 709742 1176370 876205 334478 446273 703968 205281 120247 995815 494827 975371 631970 405755 376010 860757 1148487 159035 772106 568576 562312 165752 742109 898845 628893 720999 366940 195858 741535 399681 812814 135760 752755 980793 454411 709499 340343
722195 139742 596710 563825 573811 465345 318360 874301 821591 703572 860116 999999999 701852 1054615 805928 451663 655523 537869 848348 670795 134092 742361 783382 461544 910033 264197 693323 439410 465500 308614 666389 331278 800629 632786 553236 795126 420093 467574 554091 407868 459725 370079 607614 633882 521334 582718 549938 179930 339414 450214 982028 902151 662115 256832 831772 695549 145783 603071 292483 911543 274898 934590 401627 306222 485725 574020 19966 525791 639753 209631 894396 952643 541954 587372 423923 264349 466261 602653 268617 564092 888618 889027 802737 670033 861349 168076 247714 237366 152836 529018 764454 354021 513645 245495 750132 378665 598770 739248 646101 758404
197705 628970 277253 160474 795752 342936 621326 472427 158394 562605 703414 701852 999999999 357711 714962 424077 62118 258716 198523 236301 743113 633266 156393 262617 759401 473656 278318 274381 257495 665815 347428 592895 179923 713279 162695 655005 300524 434852 147764 294865 487167 451297 96486 125167 334275 629730 225723 534267 403467 258594 302416 349363 152506 598603 271138 142096 573987 560185 593475 354543 698655 262008 611276 405677 218669 611741 721099 571806 263328 730022 564031 822102 404694 236761 466396 480900 485091 355185 484116 580650 841675 187175 192534 141572 832479 731915 531113 546140 574732 440861 507861 352367 408111 475232 576776 332266 351551 258554 58915 371456
378672 969918 587373 493060 1038105 642918 971003 508366 241398 725430 804604 1054615 357711 999999999 847783 709619 399147 551942 228881 515476 1083337 784238 352975 598699 847067 831293 458970 617340 614070 973928 534586 941539 281435 923984 518892 781727 639851 712032 503414 646979 818669 800957 454197 426949 663260 932976 527222 881607 760218 604942 100483 322821 458829 953437 318668 427836 930723 771649 945810 317782 1014261 143799 950814 763062 575970 916328 1074175 815347 488510 1058441 607898 904260 719702 508392 806164 817482 755916 580817 841377 886606 962833 178616 287141 400382 964638 1066941 887948 877539 919871 690826 630112 709346 669991 832773 715823 689880 650912 404646 416315 489824
531309 666353 906366 605720 334113 472397 997373 348553 665649 155405 76925 805928 714962 847783 999999999 415308 661477 499698 649417 912958 720566 84986 870775 583431 107254 805095 440471 605938 751875 512806 367547 985824 609477 201434 734562 66065 589619 393338 677920 652933 993429 892884 706068 596103 904901 1170461 528677 672418 801192 621294 748107 527031 834738 934337 536201 842035 798297 215399 957655 533337 560397 711906 1047660 743023 697485 1153516 821221 282067 452512 640869 266247 147684 980453 493636 950654 589767 365311 370694 826609 1126575 126775 800603 596876 573494 119587 680341 862189 579757 671934 338999 220470 715605 374719 777130 139564 729318 971207 477144 714715 367531
332741 321833 525913 268268 377307 83502 586336 423750 470277 277244 447812 451663 424077 709619 415308 999999999 362002 166826 481347 554035 418787 334924 568982 195770 504723 391595 270214 209407 356105 266782 222605 572870 428662 322939 368450 381958 186490 21976 321722 247469 580344 477993 368959 304594 506838 757106 198759 284377 386300 228334 617926 479113 490589 526034 423327 509727 402030 202122 546673 488741 311196 569619 633006 327725 312008 740484 470501 167994 226024 369254 444617 559036 578104 202843 536889 194359 66469 157713 413053 714385 528894 583022 424528 315301 508763 390194 451195 216845 299822 82828 316700 302082 62034 365043 319566 318245 581234 324500 394326 313331
162683 575868 291214 100885 733838 281097 599811 438947 175095 507776 653789 655523 62118 399147 661477 362002 999999999 196642 210367 266580 689968 578760 214686 205856 710688 439376 231529 220683 231527 605769 295045 572653 176965 652919 143494 602977 245364 372738 108211 247839 481087 431945 75612 65976 334547 634519 163607 483964 373818 206760 332178 337475 182305 571033 255800 182549 533031 500661 569347 344001 639655 287382 598012 367395 182363 616304 675055 510263 209012 673448 525522 773314 409840 176523 455308 425781 422994 297188 451901 585230 788245 238139 186451 94157 777981 677051 499959 489760 523339 379596 459395 312925 346437 437382 524522 296038 366005 221753 58855 329481
186945 430593 406715 111341 537428 91290 580684 374950 310622 344768 508357 537869 258716 551942 499698 166826 196642 999999999 327261 416853 540646 414736 407972 103619 567256 389018 161944 132572 260817 423189 169074 559873 275484 462225 235099 449078 133952 176291 179372 185867 521346 436401 215641 137768 411073 695156 33570 357941 351369 139551 465053 365076 343647 532713 294061 357448 445646 315074 543424 374354 462409 416352 606383 312034 201963 677297 557807 315257 107248 508103 432609 628007 488790 49531 483198 278601 226395 132546 407977 648105 624316 417264 274242 152148 609945 519949 454691 331174 389178 186685 329492 264795 151506 372842 372801 266086 472751 202261 234854 249077
149804 753333 474323 286119 812811 417233 810089 339203 40991 514082 617676 848348 198523 228881 649417 481347 210367 327261 999999999 424539 865372 578089 294405 386884 667039 647251 233193 409337 441854 746652 311010 782759 52688 703722 351689 584048 428405 483297 317824 447188 684644 641737 282236 214791 532651 827905 305479 670939 583682 400333 137797 172687 345184 780999 117756 326171 734839 549257 779707 174721 788064 89097 806007 573262 391595 809968 868218 588449 259712 835358 440541 727972 603074 281693 661983 600238 527039 353197 660696 778903 771125 156382 58846 179530 768724 846403 709018 657054 706800 462467 428995 518577 441125 642935 511836 503939 547796 181375 251442 282037
427877 644478 82115 307565 928010 472414 486843 704639 383617 757577 912793 670795 236301 515476 912958 554035 266580 416853 424539 999999999 751293 828464 163036 358562 970701 408015 496631 349536 224795 739203 553788 456147 414643 872933 185822 858208 376640 571413 237810 330637 313085 328589 207823 325273 167069 418187 385719 540838 331550 329476 495912 584700 84807 489206 507360 98412 526047 730981 471117 589455 758190 467105 449183 370783 246469 401263 687188 720088 467069 765024 792094 1032965 206864 419500 311399 524907 620480 542297 407845 371291 1038853 342104 427839 360604 1025706 753185 443770 592676 583794 599464 721139 335931 562298 425396 780060 307898 135512 487856 207858 595792
727382 114159 683595 591523 457506 455968 449249 838363 843807 637460 781578 134092 743113 1083337 720566 418787 689968 540646 865372 751293 999999999 665889 845056 485329 827118 361224 682408 469400 532471 207947 641344 459657 814700 534254 609951 719036 444823 429622 598412 451633 576286 477873 654403 656419 615656 710597 559965 213435 428598 484533 1002468 893546 729334 385051 830570 760889 252118 532466 420651 903149 163095 953969 531295 380799 538432 700864 136551 450562 632242 85181 843568 864105 647668 589138 537044 265872 414110 576409 371425 688787 790898 927982 814410 686148 762476 41607 362247 209810 170731 485215 712615 417889 479054 335139 684489 445377 696901 733472 691753 732021
453525 602689 821387 521078 324540 388697 919886 300770 591612 71119 117902 742361 633266 784238 84986 334924 578760 414736 578089 828464 665889 999999999 789432 498860 171324 726194 361612 521693 667251 460478 286490 907335 535695 184620 649649 53168 505924 313056 593088 569237 910610 811115 621859 513133 820225 1087633 443842 600439 719505 536813 683898 468237 750678 857937 468145 758580 725236 140825 880162 475392 510058 645272 967929 662318 612608 1070577 758547 217019 370143 589666 237210 224118 895974 409395 868139 515387 289276 286177 747685 1043384 210436 726401 523679 492131 199262 626891 784597 511042 603178 256485 154852 633273 291437 698945 68899 646276 886255 401725 631283 296766
346450 732692 239045 300722 944715 485912 638434 612538 256027 718864 857193 783382 156393 352975 870775 568982 214686 407972 294405 163036 845056 789432 999999999 389401 912443 530821 432179 392747 317883 794942 503267 608003 300553 867410 235234 810238 421006 581847 257673 395989 472722 472728 203409 280238 320286 580004 374418 631716 454072 373773 341082 465436 124034 632292 396884 89500 643979 715342 618511 468333 822731 318396 607773 477206 307208 563358 801380 723144 419677 844121 708550 975097 369221 391201 466076 594427 632457 511209 535441 533695 997406 183472 315017 297342 988583 839857 577177 662338 674327 593297 661350 430813 559234 541403 732201 405056 298517 406386 174670 521158
265859 371516 331659 106217 570055 116381 477731 478294 361347 431363 599745 461544 262617 598699 583431 195770 205856 103619 386884 358562 485329 498860 389401 999999999 658654 288017 261671 29141 168470 406330 272158 456509 339201 517249 173562 537840 41548 213961 132554 82263 420898 333185 186069 173033 321554 596201 97817 284337 247758 38326 521535 454862 298566 431418 378406 320854 354874 383358 440841 463741 436883 473692 502830 210505 117438 578551 481438 363008 208044 467740 535553 718007 397145 144823 381586 220184 262232 229229 306302 549971 704905 443836 341768 208659 687960 471359 353704 283955 321426 250020 428533 161579 212471 274238 464137 162582 390750 295019 218517 352379
566572 770307 971773 667135 435483 553117 1090602 338723 688986 229495 58956 910033 759401 847067 107254 504723 710688 567256 667039 970701 827118 171324 912443 658654 999999999 896316 481085 683207 825749 619541 417035 1077579 633275 307144 798665 122915 669659 483010 740967 732684 1075600 978252 762900 647292 977717 1252365 593274 771495 886911 696955 750001 524612 889566 1029012 549881 893181 896491 311791 1050890 529321 667403 718944 1137270 831049 768686 1235055 925691 384503 503853 747841 240442 62701 1054770 553257 1033858 686705 460596 434865 917776 1207235 130914 822404 619623 618665 147481 787060 955329 681058 773288 424478 251578 799808 457728 869472 194716 811293 1039609 508034 766780 393289
547468 271612 332658 366524 674943 355334 196423 762791 614086 668362 839326 264197 473656 831293 805095 391595 439376 389018 647251 408015 361224 726194 530821 288017 896316 999999999 549531 259166 218759 422689 551993 181297 606357 679954 313297 773545 255305 413318 331290 208943 228116 120748 377226 437864 257694 390801 385667 179959 77234 259266 771246 739348 407229 143699 660351 441526 118514 589873 157349 747907 419923 726755 243357 77622 257201 376747 279803 534834 495508 397559 811138 950167 286744 432772 184548 227883 440538 498901 21514 356730 913230 657208 612091 481344 890652 373624 65713 272230 214728 472702 693152 130476 442051 32199 709295 143415 336957 582093 414978 637334
92571 577371 510501 212977 579778 228921 738723 223044 237004 292886 425215 693323 278318 458970 440471 270214 231529 161944 233193 496631 682408 361612 432179 261671 481085 549531 999999999 290714 397038 535602 79066 716615 183743 471774 341200 378616 295453 266517 284514 342816 663203 587563 291841 171797 535564 831526 164886 514146 506893 293516 361418 211184 413200 693051 153967 413767 607082 316608 702240 220774 581171 315259 758959 472120 335616 813342 713129 356392 54786 638572 298338 543786 614114 116864 628508 429911 304177 123197 567966 783052 566584 369382 174562 138053 559390 656931 615243 473679 541980 234456 229549 422732 219331 534377 301107 420467 583222 55856 289313 101343
292502 355263 316648 124612 578773 134870 448591 507379 382209 455068 624373 439410 274381 617340 605938 209407 220683 132572 409337 349536 469400 521693 392747 29141 683207 259166 290714 999999999 147899 402512 300729 427408 362779 532298 167753 561835 28419 228943 135355 53360 394283 304881 191156 194602 300520 570161 126503 264273 218829 20152 542638 482486 295027 402459 405334 319701 328759 402703 411713 491289 430204 495188 474123 181596 103721 552623 459218 377401 237166 456402 563959 742081 374773 173851 354359 206624 275356 256282 277308 524356 726294 458586 366020 232703 708657 457534 324824 272686 302893 269842 455631 132442 232645 246011 489002 134070 372474 323349 226174 381467
366918 422855 174963 185918 717854 282651 368294 620067 405702 599409 766796 465500 257495 614070 751875 356105 231527 260817 441854 224795 532471 667251 317883 168470 825749 218759 397038 147899 999999999 515591 426899 341317 406784 678899 95178 705600 169666 376189 126293 112275 266199 201413 162242 247991 153098 436119 240372 319682 146153 130946 558690 557207 197708 341418 475306 230472 327294 550528 338084 564797 533476 516098 370575 159376 61434 418076 483540 523843 349823 541320 688608 885594 229072 287470 232957 300274 421311 392741 227514 388373 873283 438823 414874 294028 856080 531452 273885 367908 362758 417492 590247 114643 380139 225159 631043 87698 225146 414109 198586 496254
599000 179627 687742 505389 268764 331906 574517 658662 733158 437556 574996 308614 665815 973928 512806 266782 605769 423189 746652 739203 207947 460478 794942 406330 619541 422689 535602 402512 515591 999999999 479603 574898 694053 327612 567612 513462 374137 269107 537269 409369 650320 541319 592102 556955 639146 811101 450896 243462 464432 421924 883819 741357 695125 506065 689351 721497 355296 331617 538278 750940 50941 835340 646691 401821 497387 797929 320519 248720 492795 129193 651215 656167 692009 465536 606063 217217 237116 417063 440743 779094 584474 838250 690533 575301 556428 167535 454506 154348 216312 311598 521636 413990 317294 390619 484216 440913 722146 590554 624760 564892
171174 542067 558582 253605 503547 205096 746248 212607 316040 216530 359462 666389 347428 534586 367547 222605 295045 169074 311010 553788 641344 286490 503267 272158 417035 551993 79066 300729 426899 479603 999999999 726552 262425 393008 385798 308008 297910 213606 327831 354070 689863 605311 346082 230642 573593 862718 186564 490790 519331 308612 435835 262570 472558 695256 221459 477005 594825 238247 708271 272075 527350 390818 774842 476389 366380 844751 685809 282846 86824 590278 263536 479443 652061 140885 652140 402448 243178 64947 571804 815218 494247 448343 252737 205950 485418 612627 617169 436921 513573 169570 168052 431852 163925 532867 229601 434720 628829 130166 350114 92028
702353 402898 374119 518368 837983 534617 30704 934783 745876 849647 1020622 331278 592895 941539 985824 572870 572653 559873 782759 456147 459657 907335 608003 456509 1077579 181297 716615 427408 341317 574898 726552 999999999 748032 854773 431830 954827 428705 594569 467194 374381 158506 141599 501161 585997 289494 251466 551768 336120 209807 423126 895224 894534 487569 74656 813352 521215 220860 770472 39007 902527 561221 854495 72625 251442 396172 242894 337656 713126 663985 519345 988064 1131225 266802 600140 145411 402243 620799 676263 159889 234858 1092474 763077 755889 631590 1069336 485142 125431 435332 358588 653972 872442 295086 623050 208723 890434 296313 340254 743555 534973 808873
97486 703107 456597 241524 762309 365044 774622 315030 56197 470011 581967 800629 179923 281435 609477 428662 176965 275484 52688 414643 814700 535695 300553 339201 633275 606357 183743 362779 406784 694053 262425 748032 999999999 655419 320451 544776 380565 430647 280910 403032 657482 607987 251931 169564 508581 807035 254787 622415 545461 355015 189996 170085 331955 742572 96355 317667 690190 500350 743012 174856 735630 141374 774884 531185 353392 788923 820544 537340 207467 783531 414146 694985 581741 229374 632259 550064 474569 301918 620678 757799 732845 191127 14549 130597 729044 795139 669198 605950 657553 410553 389885 476642 388696 600402 470729 463644 531165 134772 225706 242540
562357 496216 848538 573333 139929 401293 861531 473297 708600 211442 274888 632786 713279 923984 201434 322939 652919 462225 703722 872933 534254 184620 867410 517249 307144 679954 471774 532298 678899 327612 393008 854773 655419 999999999 687232 227773 509234 303527 636447 569096 890014 782986 677572 588116 828701 1064358 495527 523695 693092 551039 823978 622967 804363 794971 605781 819562 649538 155800 822496 631181 371382 780928 921987 630070 634346 1048671 646130 155060 459727 451418 420483 334239 898193 476561 845400 452905 257691 362011 701018 1024540 256864 839232 645680 580466 228908 493013 729347 424932 513769 275574 319102 615438 311712 649212 242343 635050 904044 522382 696512 437621
294216 497459 173159 132211 743616 286599 459767 561674 314183 579380 740048 553236 162695 518892 734562 368450 143494 235099 351689 185822 609951 649649 235234 173562 798665 313297 341200 167753 95178 567612 385798 431830 320451 687232 999999999 682581 195868 385632 57973 161628 338240 290417 69471 175529 196544 496296 206115 396737 241329 147651 464672 478614 127639 435910 396498 154557 418780 546729 431119 485559 592004 422935 454764 249627 72196 478030 571831 534266 301598 609749 639121 860187 274362 245891 311814 361023 434852 364933 322605 447171 859402 343921 329857 220192 844970 604694 369060 429295 439226 414481 553582 199239 377135 317697 605329 175702 243219 347636 103914 442528
468485 655500 855281 552147 366900 430783 968068 283998 600972 106980 66299 795126 655005 781727 66065 381958 602977 449078 584048 858208 719036 53168 810238 537840 122915 773545 378616 561835 705600 513462 308008 954827 544776 227773 682581 999999999 547600 360300 625305 610752 953361 855511 650621 538157 858090 1130232 476511 651519 764116 576065 682042 461155 778664 906829 470394 784546 775806 192686 928370 467542 562924 645912 1014363 708134 649442 1112993 811405 270073 394118 642636 206714 180247 934663 438879 911422 565675 339464 317653 794994 1085358 188515 735875 532013 513436 184695 679994 832823 563112 655148 301562 155092 677143 334955 746860 78473 688970 921814 413264 657363 302448
305648 330843 341281 146923 552371 117238 448403 507650 402851 440631 611017 420093 300524 639851 589619 186490 245364 133952 428405 376640 444823 505924 421006 41548 669659 255305 295453 28419 169666 374137 297910 428705 380565 509234 195868 547600 999999999 206798 163465 63318 405999 312029 219035 214554 320673 582707 134980 242800 223092 48274 563068 493117 323275 398993 417733 348103 315578 383344 410628 502116 402157 515238 478807 178773 130264 565415 439997 354179 240980 429600 559645 727739 393227 179544 364742 180548 251680 248884 274568 537781 708521 483502 382945 249983 690151 431797 320912 245740 280087 251545 447429 134817 215017 238955 476265 142141 394812 331995 253561 382070
333879 335711 545012 281331 363061 99150 607848 410075 474039 255910 426226 467574 434852 712032 393338 21976 372738 176291 483297 571413 429622 313056 581847 213961 483010 413318 266517 228943 376189 269107 213606 594569 430647 303527 385632 360300 206798 999999999 337532 268323 602184 499953 383332 313534 527408 778978 209133 302854 408257 247536 619032 473183 506466 547256 420356 524709 421883 180233 568169 482794 315267 570987 654888 349690 330847 762335 486187 149047 225376 376672 427303 537158 599097 208356 558774 213160 50623 149405 434788 736176 507028 589701 425803 321268 487013 399623 472657 231329 316530 62958 298469 323909 49744 386588 298654 339832 601224 321625 407391 302898
243169 484509 231034 74238 698795 238542 493713 506031 283262 522606 682402 554091 147764 503414 677920 321722 108211 179372 317824 237810 598412 593088 257673 132554 740967 331290 284514 135355 126293 537269 327831 467194 280910 636447 57973 625305 163465 337532 999999999 147721 386578 327701 56310 123531 251311 549399 149247 387800 265871 116941 439990 431718 168940 463178 349657 188888 427309 493187 462362 439144 565557 395539 496468 260181 74158 531148 573335 484954 243823 590316 581949 802578 329735 187984 356682 340031 387584 307752 343690 500514 803120 334937 288714 169404 789157 589307 391759 407103 428897 362019 495611 206076 325068 330122 547873 188085 301100 293939 93389 385727
339013 338125 286992 161518 605578 180557 395959 560505 417290 503799 673987 407868 294865 646979 652933 247469 247839 185867 447188 330637 451633 569237 395989 82263 732684 208943 342816 53360 112275 409369 354070 374381 403032 569096 161628 610752 63318 268323 147721 999999999 343238 251796 203139 233469 259623 519742 178015 240162 165502 50324 577274 530538 287497 351393 452004 316000 287659 446104 359451 539153 431409 530780 420773 131455 89566 502383 427330 414143 289721 448250 617231 790927 330817 226046 302508 199488 311461 308758 226239 474608 771648 481849 407525 274989 753090 444304 274275 267824 281555 314710 507983 79952 278297 198603 539030 80930 335979 373349 240993 434588
629744 497078 233694 451743 897537 522578 187740 886203 645228 846384 1016998 459725 487167 818669 993429 580344 481087 521346 684644 313085 576286 910610 472722 420898 1075600 228116 663203 394283 266199 650320 689863 158506 657482 890014 338240 953361 405999 602184 386578 343238 999999999 109565 405649 510103 155709 177036 504357 408067 196942 382974 783772 816706 359888 216393 734554 391112 324208 782401 186493 823738 647922 747178 136324 260540 327595 160171 470223 738800 615336 621865 952884 1133341 111244 552294 44970 447277 638597 650127 211671 134574 1109205 640725 667464 555896 1089008 594281 214148 498281 442087 654442 849403 278279 619189 259923 882225 264419 186725 679317 433374 762061
566346 392123 247228 382952 788102 425964 170297 808792 604574 748761 920055 370079 451297 800957 892884 477993 431945 436401 641737 328589 477873 811115 472728 333185 978252 120748 587563 304881 201413 541319 605311 141599 607987 782986 290417 855511 312029 499953 327701 251796 109565 999999999 359823 448443 163305 281391 424030 299956 91703 296967 753640 757710 350282 160764 676038 384466 227389 679971 146066 765463 540276 712921 171522 152950 258670 265729 383071 633045 536646 517864 868738 1034793 171878 472664 64836 337898 534049 560352 106903 242533 1006451 622713 616239 494355 985495 492669 123862 388863 335467 554654 759338 178622 520555 151820 786457 170868 232181 610470 393398 683182
233764 540582 220227 104309 746138 285467 528955 507146 244751 550825 704970 607614 96486 454197 706068 368959 75612 215641 282236 207823 654403 621859 203409 186069 762900 377226 291841 191156 162242 592102 346082 501161 251931 677572 69471 650621 219035 383332 56310 203139 405649 359823 999999999 120300 259168 559316 182818 443288 307668 173080 396450 412916 129060 503655 331091 142051 477977 530393 499836 419524 621177 354048 524005 309383 122657 541085 626689 528519 259475 646600 589674 825146 335014 212465 380596 396322 433845 335841 387923 510039 832291 282361 261818 161054 819898 645569 435147 463313 484638 402022 513693 256387 366048 378830 572390 235841 294344 290463 38547 392499
119641 543155 340074 71964 672100 226776 611428 387656 188324 442098 589997 633882 125167 426949 596103 304594 65976 137768 214791 325273 656419 513133 280238 173033 647292 437864 171797 194602 247991 556955 230642 585997 169564 588116 175529 538157 214554 313534 123531 233469 510103 448443 120300 999999999 372072 671613 106768 457351 379770 185733 348522 309311 242629 575939 227603 246419 520757 435243 578335 317021 593654 300788 618509 362090 189964 653347 653720 447320 144058 633078 469379 709819 449767 111605 479921 390550 363165 231241 452835 622551 722843 281308 174400 46046 712301 640234 501422 451026 494298 316087 396588 307710 284046 431057 459684 296069 413670 172216 119503 272219
490509 516864 84971 323051 859768 435389 320154 757339 492669 752132 918765 521334 334275 663260 904901 506838 334547 411073 532651 167069 615656 820225 320286 321554 977717 257694 535564 300520 153098 639146 573593 289494 508581 828701 196544 858090 320673 527408 251311 259623 155709 163305 259168 372072 999999999 300263 387781 415213 187119 284002 628435 672020 204440 323066 590254 236293 375595 703188 304108 678529 648975 592528 288232 241493 209144 282014 536216 673766 492613 642035 832007 1037896 78647 432788 145878 422460 571084 543577 253027 251022 1026372 485138 519380 416573 1009076 623695 283209 485622 456405 570346 739275 226221 533073 280904 783019 200875 83318 544138 282939 636574
790504 646885 354503 618635 1065693 699474 266467 1054341 787286 1023252 1193707 582718 629730 932976 1170461 757106 634519 695156 827905 418187 710597 1087633 580004 596201 1252365 390801 831526 570161 436119 811101 862718 251466 807035 1064358 496296 1130232 582707 778978 549399 519742 177036 281391 559316 671613 300263 999999999 676358 567733 372052 558037 912519 971935 486173 326057 890314 511758 465744 959211 290367 978305 803124 880898 182193 434339 497244 18266 588713 914257 785692 767256 1124724 1310269 225297 723587 220249 616902 814698 825219 371405 49291 1285999 760232 818285 716488 1265603 734742 358303 662815 597003 831477 1024200 455148 796205 422932 1058752 441392 283997 843247 581505 931653
172323 448365 378813 78753 570820 120015 573848 384762 285942 373384 534518 549938 225723 527222 528677 198759 163607 33570 305479 385719 559965 443842 374418 97817 593274 385667 164886 126503 240372 450896 186564 551768 254787 495527 206115 476511 134980 209133 149247 178015 504357 424030 182818 106768 387781 676358 999999999 370386 342109 128644 442882 358139 311276 528885 283344 324378 450491 347581 537465 367149 488654 394273 595104 308084 179843 658356 569904 348827 112655 531279 448621 654522 466051 48640 467693 295386 259431 158865 403704 628734 653911 387751 255028 126995 640172 541083 451315 351644 403915 220063 351518 257963 185057 372008 399451 255766 446424 197359 201325 259216
542514 103648 476712 388746 502098 287356 339623 701180 645625 552553 717722 179930 534267 881607 672418 284377 483964 357941 670939 540838 213435 600439 631716 284337 771495 179959 514146 264273 319682 243462 490790 336120 622415 523695 396737 651519 242800 302854 387800 240162 408067 299956 443288 457351 415213 567733 370386 999999999 230687 277204 805868 722391 516043 272085 651853 547476 126546 459713 301435 731763 240396 758017 406593 174151 325511 554477 199874 391526 460296 226978 728728 820008 458567 407442 364304 90139 312615 428209 197430 535734 769710 720665 624054 491904 744813 212347 212746 99624 43081 365768 601048 205468 345079 148225 597588 233295 498231 559457 481136 582525
494194 330685 257746 310455 703212 335269 233066 725854 548883 657447 828807 339414 403467 760218 801192 386300 373818 351369 583682 331550 428598 719505 454072 247758 886911 77234 506893 218829 146153 464432 519331 209807 545461 693092 241329 764116 223092 408257 265871 165502 196942 91703 307668 379770 187119 372052 342109 230687 999999999 213519 703806 686640 330309 197325 606043 364681 194516 588305 198709 694826 468843 660451 255790 64397 192229 355958 355649 542258 454503 456440 782140 943257 228463 390572 152326 253714 442736 471974 82076 331449 914846 584660 552289 424757 894008 436841 127732 310209 270707 463075 670344 88377 429183 94789 695537 86507 269085 534020 344556 599950
288904 370383 297581 114262 598721 152018 445295 512606 371843 469525 638051 450214 258594 604942 621294 228334 206760 139551 400333 329476 484533 536813 373773 38326 696955 259266 293516 20152 130946 421924 308612 423126 355015 551039 147651 576065 48274 247536 116941 50324 382974 296967 173080 185733 284002 558037 128644 277204 213519 999999999 532218 480260 275005 401606 401909 299931 335197 419806 409145 488895 448972 485167 467388 181767 84003 540359 469914 396273 240990 473666 572146 756253 359167 177054 344048 223489 294480 267236 276488 511716 742377 443929 358988 225981 725135 473742 324578 290242 316764 286641 466440 129913 249234 248486 502455 127338 354576 323116 208834 386768
285253 890058 559461 418236 939315 554979 923731 411454 160438 624948 706319 982028 302416 100483 748107 617926 332178 465053 137797 495912 1002468 683898 341082 521535 750001 771246 361418 542638 558690 883819 435835 895224 189996 823978 464672 682042 563068 619032 439990 577274 783772 753640 396450 348522 628435 912519 442882 805868 703806 532218 999999999 225468 427565 900104 218357 400763 864320 672152 895760 221263 925610 48701 911527 699552 514045 895160 1001814 717611 394079 973142 512086 808016 692041 419358 766284 736997 661519 484083 783191 864602 864121 158492 193399 316322 865367 983947 830900 794526 842528 594782 529931 645032 575559 769534 615556 628065 628539 306416 360814 389348
192466 788382 624588 376294 748454 439595 919353 185988 209449 415362 481822 902151 349363 322821 527031 479113 337475 365076 172687 584700 893546 468237 465436 454862 524612 739348 211184 482486 557207 741357 262570 894534 170085 622967 478614 461155 493117 473183 431718 530538 816706 757710 412916 309311 672020 971935 358139 722391 686640 480260 225468 999999999 501746 880610 82162 487719 808593 479370 885284 9629 788363 197867 927776 661982 499091 953731 922040 538542 262957 848321 286849 582559 747026 315960 788284 639898 505619 324304 755970 922644 640235 322638 156915 263356 642722 867689 804350 684850 751760 432132 313441 609185 424226 728302 399339 601226 699411 162947 391267 188191
343117 618490 131993 232526 867454 407477 517746 619870 304206 679605 831990 662115 152506 458829 834738 490589 182305 343647 345184 84807 729334 750678 124034 298566 889566 407229 413200 295027 197708 695125 472558 487569 331955 804363 127639 778664 323275 506466 168940 287497 359888 350282 129060 242629 204440 486173 311276 516043 330309 275005 427565 501746 999999999 509057 423589 34559 521325 658712 496321 506779 718804 394753 492341 356038 198180 468568 679803 653635 385734 733907 707748 952000 264482 341329 348344 486823 556517 464801 411503 437785 961084 280871 344842 276450 948884 726657 453151 555196 559014 529173 639181 312124 492664 418740 700304 285406 203309 403189 123904 511768
688291 331401 407587 505609 771473 496582 68452 906369 746038 803165 972992 256832 598603 953437 934337 526034 571033 532713 780999 489206 385051 857937 632292 431418 1029012 143699 693051 402459 341418 506065 695256 74656 742572 794971 435910 906829 398993 547256 463178 351393 216393 160764 503655 575939 323066 326057 528885 272085 197325 401606 900104 880610 509057 999999999 800833 543470 150770 719137 35690 889019 490032 857254 146462 220931 389531 317189 263718 657578 639124 445771 953294 1080905 316380 576235 190951 345597 569213 641195 125192 307906 1037306 776277 749175 620404 1013308 410953 78124 371690 290372 608407 833573 271791 579717 163392 845486 279987 385423 724721 539768 780983
113005 722802 544325 295596 723097 374614 838450 222140 145740 407339 501377 831772 271138 318668 536201 423327 255800 294061 117756 507360 830570 468145 396884 378406 549881 660351 153967 405334 475306 689351 221459 813352 96355 605781 396498 470394 417733 420356 349657 452004 734554 676038 331091 227603 590254 890314 283344 651853 606043 401909 218357 82162 423589 800833 999999999 411538 733171 454820 804750 89498 734515 177313 845878 583253 417539 872096 851722 504276 198975 790210 323050 610563 665589 244531 706161 572048 457910 276029 676543 841027 656197 274097 81965 181794 654969 806838 725032 620878 683127 387144 316004 529950 373289 650371 400550 521050 619230 98835 310439 171811
338427 649487 159962 246229 887028 426271 551472 614236 285272 687465 836156 695549 142096 427836 842035 509727 182549 357448 326171 98412 760889 758580 89500 320854 893181 441526 413767 319701 230472 721497 477005 521215 317667 819562 154557 784546 348103 524709 188888 316000 391112 384466 142051 246419 236293 511758 324378 547476 364681 299931 400763 487719 34559 543470 411538 999999999 555251 671670 530461 492222 746512 370089 524513 389353 226435 494402 713350 670484 390476 763655 704684 955787 292764 350516 381096 515479 575097 473894 445968 463881 968683 250796 331139 275799 957441 757377 487704 583788 590352 543992 641941 344461 508093 452654 706075 318082 227800 399139 127320 510286
