NAME : synthetic_000023
TYPE : CTSP-D
DIMENSION : 100
GROUPS : 8
RELAXATION_LEVEL : 1
EDGE_WEIGHT_TYPE : EXPLICIT
EDGE_WEIGHT_FORMAT : FULL_MATRIX
EDGE_WEIGHT_SECTION
999999999 499742 558444 435379 254614 734478 185508 529990 364657 422597 711902 873005 954276 875400 342613 605269 506667 977071 615950 768246 224452 744885 175776 594000 305334 478404 120456 113758 639465 640500 483576 386618 509396 689834 922582 715777 452953 548601 335285 319401 870346 817143 336556 346858 165282 455326 796874 559581 970888 423363 767869 213164 394277 267383 468629 453107 414367 315054 88261 446638 778169 919835 356103 442533 602310 933177 277298 782623 327398 421933 716643 531456 302143 987986 69836 746127 803777 622522 541260 116021 460918 400153 908970 149650 931318 517660 941123 833891 851368 572391 921090 95133 756889 370161 309307 906083 968172 733719 289233 599599
499742 999999999 343794 525167 265353 542595 340698 401380 735182 481937 212647 422562 912406 771302 308752 781081 277752 647844 153016 708498 599184 310068 324061 583903 199453 619440 473366 401239 166990 783194 205553 713906 93776 190164 619894 269973 290859 520921 191388 326618 666449 360665 584350 576571 622961 816745 469242 68533 803964 124240 700234 379594 430646 629047 194782 223110 519242 578466 560650 439176 491730 816765 297312 231037 723709 484967 235787 779076 537509 800088 748722 47934 378928 697677 433996 651588 684430 792141 375189 399550 690542 311897 665872 551970 572499 149646 574609 511990 541430 731197 905696 428960 526583 822502 500773 841576 516082 262320 591870 267416
558444 343794 999999999 287340 456772 209786 379390 84312 601584 249947 445928 398304 568789 428704 215831 512155 608079 418777 280833 366163 517306 287173 435889 265933 399418 372022 462248 447222 301454 497390 536338 555023 251959 424084 364688 286603 604195 211191 435085 239724 345625 365189 422091 406037 595572 656952 242829 324825 474663 251290 357377 348165 224097 524648 157155 142181 295384 429947 569434 189013 219809 474734 202658 546181 437851 444545 432938 442604 376063 656605 423312 314287 269786 432883 492977 307907 341807 518127 47482 444944 474136 603182 365979 513855 379000 196582 390837 276964 293016 462983 563825 542562 211593 741590 351802 497782 479386 338618 463311 120265
435379 525167 287340 999999999 482072 359466 325198 207498 330018 43737 690929 685601 519366 445905 223148 256000 722907 646552 530900 335361 290592 572482 408303 162698 460011 94802 315091 357977 555693 262788 661837 276064 457780 666858 581064 566897 695539 134682 509566 214911 476864 651459 157297 138939 392999 373698 502596 539874 552969 401322 336267 253494 94719 279645 347407 314675 21422 173600 401794 100309 456403 488566 231022 649696 206275 730572 473783 348605 126704 378074 286560 518322 178133 628510 393747 322642 382749 267575 242096 356364 187204 669922 531262 323618 632620 417949 647442 525060 529011 206384 488251 470674 400768 485469 128966 471000 764986 614041 213885 399350
254614 265353 456772 482072 999999999 663568 168299 468623 567559 448683 470589 675858 971518 857583 281556 717734 270374 848186 404891 767375 418443 553399 95971 605250 69696 560916 275685 188060 424516 737571 233740 566995 305212 450334 805630 517531 227087 544995 81788 276463 801455 615485 464530 465034 404954 657878 661850 331940 925089 234077 762903 240810 399825 457811 315845 317906 466543 449718 331780 437610 662694 904532 284237 198934 685382 738241 30260 811637 429826 631668 760257 305894 304018 879616 201154 725864 774407 732766 461876 187510 592101 190559 821893 352276 785625 334895 791667 703540 727856 673444 950520 169960 668174 613620 395619 909859 771270 521642 445205 446636
734478 542595 209786 359466 663568 999999999 567792 205485 687035 342989 600218 441847 390984 236502 401803 493037 813946 292681 446518 215173 642778 379530 633577 233464 608352 406820 625258 629640 460044 458642 741654 629527 448839 582250 225184 400929 812741 226794 644819 420235 138814 437804 516643 498330 737522 718659 198835 511190 265042 460134 203049 521669 349397 637226 365626 351943 377373 531931 728165 297007 135030 279057 392429 754179 409697 463417 640869 310340 481409 729585 326099 506749 432522 269135 674450 149750 153647 491782 202828 627444 516251 812904 176273 659981 298742 392986 315689 199074 189564 453178 399632 733605 53674 844828 471007 316752 491476 458354 571439 281217
185508 340698 379390 325198 168299 567792 999999999 362597 411088 297315 551853 689631 833282 734051 166410 551312 434454 796194 439019 634695 265876 561251 83300 464425 176252 397373 132732 71864 463594 573516 388105 403761 332883 528432 743965 533630 394690 409188 223060 147992 706062 634965 296355 296745 282702 499134 614002 392657 817061 245852 632036 73956 254284 301236 283318 267712 307634 282026 225250 300604 598830 780250 177531 360992 523462 749221 170800 667187 261830 476245 610010 364341 153146 811907 116425 601859 655789 566710 367938 69634 423834 358395 738636 211843 747552 335077 756942 651997 670873 508198 807326 165829 584483 482580 228291 776767 784400 555261 280242 414153
529990 401380 84312 207498 468623 205485 362597 999999999 530034 173632 523919 479526 518051 391003 197267 427943 651219 461851 358561 311691 458648 371105 430562 187634 419800 288862 423600 424208 380583 414139 581341 480309 314532 501354 401177 370869 640304 129097 461450 214825 343473 448617 350911 333910 545333 580337 301122 392732 458263 293383 304818 316873 158774 460918 206738 181083 217885 361229 528589 114104 263247 437981 189134 584763 354344 523267 448614 377745 307476 582395 349952 378393 229083 461092 469126 261433 306392 434111 36831 422007 392816 631933 378982 465208 435195 262314 448832 328635 338123 378697 506765 528423 227861 676358 287945 450656 557569 422474 397201 203890
364657 735182 601584 330018 567559 687035 411088 530034 999999999 356949 935823 994068 747033 726551 446317 321427 837835 976291 794568 613530 149539 872396 471592 466802 587232 289069 292442 380242 820579 371429 797396 63144 699203 911407 910388 858367 791467 460241 632895 421719 795109 952220 179557 196156 211563 91599 830149 774074 848764 619582 619074 356837 377714 110096 607361 577364 314930 172810 280043 415985 786032 761280 461941 766290 363509 1044277 577551 582887 226066 65314 508636 747292 369234 954887 379947 623677 683054 338204 561006 380568 194725 745619 854455 221502 961845 677541 976365 854325 858961 314392 701309 451965 730229 164762 254859 722886 1079533 896935 146497 698827
422597 481937 249947 43737 448683 342989 297315 173632 356949 999999999 647325 647954 538215 452957 182385 299150 684072 624362 487660 345990 299924 532852 379502 171911 422898 138525 303844 336925 512555 303848 621917 306696 414046 623231 560189 525990 658375 128450 472036 176580 467355 612169 178793 161252 397318 407365 473209 496146 553201 358272 345324 228493 52647 295081 303711 270970 45658 191299 397637 60934 430395 497240 189234 611250 246073 694377 438691 370235 139058 408766 313101 474657 145699 611628 375538 324994 383892 310335 206327 335143 227845 634730 517773 323119 605450 374357 619743 498067 504185 249288 510429 449737 380387 506988 129129 485473 729089 572295 229629 359012
711902 212647 445928 690929 470589 600218 551853 523919 935823 647325 999999999 301800 990589 836487 494241 940957 378014 603271 165398 799620 805298 246172 536127 710887 408728 785256 684104 613737 144793 934155 324590 909009 238396 24516 597780 210335 419106 652813 391013 516556 696557 246272 775196 765107 834526 1013451 458787 161979 836315 316521 789210 585010 600472 832567 343947 376702 689584 772270 773174 594791 505074 877662 480025 370228 873864 356137 442394 883838 726729 999900 869068 189457 569879 672946 646578 735993 753420 949624 489700 612023 869458 461725 674220 761938 516720 272982 512262 495933 527941 890619 994823 638225 566647 1031683 691241 916574 378313 160397 790232 331051
873005 422562 398304 685601 675858 441847 689631 479526 994068 647954 301800 999999999 813530 654674 564072 897304 664622 326414 272003 656790 893681 128452 708826 634384 606254 768076 806744 760973 255578 874048 601443 950833 371720 301547 342267 158944 695975 593863 610463 591032 486596 62123 815838 800742 954630 1053905 247073 354593 615085 452781 644532 691160 617702 908256 409297 431999 693511 821270 910891 587066 310720 686822 547716 639961 817576 62547 645618 752180 768160 1051557 762668 375976 636920 407411 803182 591577 585556 900621 443828 758813 872100 727997 441866 873610 238862 355385 229270 265766 293489 850297 832094 822697 391973 1124015 739920 740632 95767 162585 851197 295781
954276 912406 568789 519366 971518 390984 833282 518051 747033 538215 990589 813530 999999999 159046 689991 433970 1169251 554798 833740 206532 782006 768140 913547 368907 931222 486686 833828 875003 848927 381348 1099134 684562 820698 972061 500828 791491 1157455 426816 975722 696384 330943 820049 638611 623123 889657 729293 567637 891076 237405 810972 213297 766512 579023 755507 721098 698195 540127 660611 913609 535267 506158 130271 688240 1102576 384025 821127 955728 172397 631845 758140 243451 882517 680136 476765 912522 260885 237359 419753 538952 873251 554135 1145837 390271 832232 612497 765083 629285 548706 523694 432713 53193 987872 430533 908493 645332 74316 842504 848808 698512 665440
875400 771302 428704 445905 857583 236502 734051 391003 726551 452957 836487 654674 159046 999999999 578538 445869 1036073 408398 682688 113715 730755 610268 810100 283334 810733 442277 756769 784495 696525 396186 964670 663600 678193 818703 349660 634756 1029136 327567 852308 589574 175958 661103 588218 570757 836318 728572 408599 744703 129805 677676 110320 673593 483973 711706 584912 565315 467311 608668 847563 434188 347198 46996 573931 972330 374221 663494 838791 168234 569830 751007 232711 738325 583345 337288 825625 132401 86917 436334 405494 782533 533063 1022721 240718 769411 458921 622162 476045 390329 366143 426592 181210 895810 272676 891310 574731 86137 685779 691883 648951 516007
342613 308752 215831 223148 281556 401803 166410 197267 446317 182385 494241 564072 689991 578538 999999999 477698 502488 634528 348268 485950 330970 437364 233771 324962 245210 314917 250402 231904 374277 485810 439599 415371 255869 469726 580164 417934 479219 263770 292990 26992 540334 515925 280956 271114 392555 520205 455736 334740 654487 184956 481697 134026 129792 349804 161789 133683 213953 278635 357673 158003 435576 625320 16379 430204 428431 619754 266330 531623 232549 508955 483891 309911 77087 646698 277591 446275 497196 490049 201565 229638 381822 459845 572231 310804 591158 231242 601802 491829 508795 428781 669755 332003 418169 562258 197034 628514 655419 452456 299822 271971
605269 781081 512155 256000 717734 493037 551312 427943 321427 299150 940957 897304 433970 445869 477698 999999999 971181 779463 777962 342742 394049 797193 633053 265712 705719 162800 492875 562560 801794 52680 912981 262074 711555 917258 711420 798754 939402 304183 755790 466550 560399 872860 269823 262343 496840 295344 679493 793726 575206 657315 352100 477545 350694 357626 599899 567452 263750 290635 541363 346613 620910 471526 486500 897285 83348 933419 714213 283376 291667 325084 213268 773036 422532 735177 586407 377755 428253 17617 464712 561589 146026 908229 628674 460788 791650 668800 808470 689186 682458 50362 385299 667546 545601 477742 323187 421750 965481 850250 317331 631695
506667 277752 608079 722907 270374 813946 434454 651219 837835 684072 378014 664622 1169251 1036073 502488 971181 999999999 921690 417905 962901 688562 570713 366285 819299 265806 809949 545636 457818 422958 985007 72587 836802 369420 369730 896639 529027 59590 755840 215749 508021 941696 603593 729367 728018 667257 928246 746048 330271 1077689 358755 955974 503054 631825 728164 451224 471564 710714 716076 591282 657560 769441 1082422 498186 74113 929179 724079 263655 1023423 691059 901771 982575 321908 548788 974528 465214 910843 949347 985074 631597 457399 854024 118336 943336 620946 843161 423500 843621 788629 818482 924337 1156830 412198 801760 875487 655209 1101099 750155 503691 714205 544315
977071 647844 418777 646552 848186 292681 796194 461851 976291 624362 603271 326414 554798 408398 634528 779463 921690 999999999 504395 459878 919595 360790 845609 525575 782328 699302 879758 865251 502674 740711 851167 920163 564694 595420 68120 401169 938701 517352 805152 658466 236339 364576 802125 784086 1006993 1010961 186347 591425 325394 616360 447729 766759 619834 918935 533141 536709 662871 815626 986473 571038 200035 425102 620997 878818 696444 305218 820441 552810 763209 1020939 591794 601288 685445 86583 910998 407369 370993 776394 441329 862966 808871 956073 167871 926427 88118 520069 97422 145276 125772 742444 587439 956329 246193 1130997 747756 490234 314759 443446 853832 401877
615950 153016 280833 530900 404891 446518 439019 358561 794568 487660 165398 272003 833740 682688 348268 777962 417905 504395 999999999 638653 673442 157171 445349 545495 335565 624461 565849 507754 26011 769747 348474 762395 106598 143254 483413 116982 439146 487518 338479 373025 554975 210898 626576 614962 717219 867449 334367 88593 695117 193358 628645 456643 443080 696175 188836 220714 531134 626046 664224 433022 368329 725562 332781 380327 709495 334549 374633 720736 577584 857156 704134 105307 425341 561218 546883 576118 597804 786150 324311 505741 712884 464111 543015 639599 425268 117316 425999 375904 406952 727708 835179 557392 418891 903948 543575 760272 366869 118291 648072 168889
768246 708498 366163 335361 767375 215173 634695 311691 613530 345990 799620 656790 206532 113715 485950 342742 962901 459878 638653 999999999 617765 591421 713211 174247 725444 328568 648742 681272 655786 295967 892981 550694 617818 779760 394289 609365 950942 225519 769535 493974 226776 652460 474886 457539 723729 618320 411795 690577 236737 604891 12571 571016 381346 598161 515878 492232 356774 495502 737054 334301 347452 153587 483382 896056 266502 676045 750740 96644 457756 639540 135331 680435 482164 402829 721090 65770 89900 335197 333745 679392 420696 939792 297124 658095 492384 562706 509889 405029 387876 318482 197680 793538 265231 778283 464314 142635 702615 666734 535672 469804
224452 599184 517306 290592 418443 642778 265876 458648 149539 299924 805298 893681 782006 730755 330970 394049 688562 919595 673442 617765 999999999 767849 322485 450671 440939 295533 142972 230804 699296 435215 649357 162322 572938 781159 857066 748884 641934 424033 485454 304370 766110 846722 143902 160527 107658 240758 757301 643448 842455 489425 620436 220307 299963 43125 491751 464631 270173 122507 149058 348869 721861 771088 347319 617318 406917 947881 429330 610364 163925 213228 538645 615844 256761 910961 231445 611978 672323 411644 483547 231176 248087 596228 817680 75284 892750 558538 905743 786936 796674 368519 742417 306098 678484 231367 172233 744609 983523 782042 83498 598892
744885 310068 287173 572482 553399 379530 561251 371105 872396 532852 246172 128452 768140 610268 437364 797193 570713 360790 157171 591421 767849 999999999 582046 540750 483712 659079 678510 632658 147929 778764 502997 831454 248188 235879 351696 41707 595072 493373 491942 464248 458127 79870 695523 681103 826795 935444 214776 245160 596220 326290 579860 563175 498750 783815 281052 304517 578493 699708 782479 472532 266831 648242 420986 536745 720358 188396 523295 683001 647236 931217 682723 262212 511270 427319 675050 525758 532049 802156 334391 630492 759686 621233 430196 745990 276734 227541 275035 250267 282236 748659 779106 696228 337667 998717 617611 693872 223287 86634 728196 174479
175776 324061 435889 408303 95971 633577 83300 430562 471592 379502 536127 708826 913547 810100 233771 633053 366285 845609 445349 713211 322485 582046 999999999 544693 131142 480365 179818 92493 467958 656268 328229 471852 339551 514095 797164 550172 321620 487875 167675 220550 772380 650985 373778 375742 313668 561970 660543 384832 888252 256047 710031 156866 334854 361880 317041 309166 390886 357803 243483 379001 652055 856622 241513 294842 606626 770154 109328 748669 342265 535706 692512 356892 234278 867882 112596 677702 730077 648667 431159 91809 502767 280702 800474 257075 790755 355103 798737 700404 721710 590598 888683 114483 645681 521471 309880 855653 804532 563617 350970 451437
594000 583903 265933 162698 605250 233464 464425 187634 466802 171911 710887 634384 368907 283334 324962 265712 819299 525575 545495 174247 450671 540750 544693 999999999 569513 178787 474560 508179 566913 239672 752162 406283 500189 688556 457687 547201 801189 63657 616144 328953 328511 613728 310881 292796 554785 489270 413948 579575 391830 468850 174195 398572 210142 435299 389692 360841 184072 330053 564230 167641 356291 326529 325274 749272 183911 668516 591207 206661 287890 503356 165010 564105 311290 493043 547362 161450 221855 267311 221188 506344 285794 784492 389814 486316 529461 449255 545936 425172 420651 222224 345306 620777 283975 629421 291408 313791 700219 601579 370722 385274
305334 199453 399418 460011 69696 608352 176252 419800 587232 422898 408728 606254 931222 810733 245210 705719 265806 782328 335565 725444 440939 483712 131142 569513 999999999 545078 302077 219050 355578 720853 213228 579239 235524 387522 741470 447859 235559 507413 50089 246414 745040 545989 465602 463349 443228 675373 596154 264579 871929 166377 720111 239606 371575 477270 252322 258074 446752 453492 374422 403169 599716 857723 244267 191740 666010 668613 39623 776038 425924 652323 729083 237919 283853 816263 243738 680232 726105 719808 409165 217848 588746 215046 762143 381488 718184 266356 723858 638184 663252 659269 913270 229774 609577 649722 389792 867153 701711 452680 455233 380451
478404 619440 372022 94802 560916 406820 397373 288862 289069 138525 785256 768076 486686 442277 314917 162800 809949 699302 624461 328568 295533 659079 480365 178787 545078 999999999 359529 418056 649032 176659 750825 227805 552569 761245 631993 655909 779761 184563 595053 303947 507208 737190 151926 136675 403122 311906 570722 634671 561318 495412 332964 323516 188810 271476 442016 409311 100964 173945 429091 191700 518938 480049 323906 736234 126990 810088 555502 314843 151054 324665 243640 613101 261256 670917 447863 334695 394291 175593 325164 416778 109930 750792 568401 347086 695233 512296 710954 588450 588253 114502 448321 528019 454088 452876 174428 449795 843803 704575 212060 487874
120456 473366 462248 315091 275685 625258 132732 423600 292442 303844 684104 806744 833828 756769 250402 492875 545636 879758 565849 648742 142972 678510 179818 474560 302077 359529 999999999 87835 590992 525289 507572 297872 460918 660543 822298 654072 499064 431040 344704 224347 758985 754723 223094 231273 151533 383388 704497 524136 854949 374321 648652 116894 279214 183506 397464 375889 294016 202823 107382 332167 679766 800830 265842 474616 484620 864559 287675 662171 208564 356139 596392 495903 194933 884522 95258 628454 686748 509801 439168 88239 351442 454070 801053 79684 840399 456801 851463 739193 754138 457248 800712 175746 651454 350090 188935 785982 900095 680086 184263 520259
113758 401239 447222 357977 188060 629640 71864 424208 380242 336925 613737 760973 875003 784495 231904 562560 457818 865251 507754 681272 230804 632658 92493 508179 219050 418056 87835 999999999 531924 590496 420712 383661 401246 590822 811858 604505 411380 457154 259199 210315 767000 705883 296046 300835 224513 471073 684070 456986 873339 314416 679637 111015 300583 271037 355176 339349 338373 277927 159440 350747 667015 830025 244565 386974 544995 820756 201366 705819 271462 443968 644433 428643 201908 878580 45760 653206 709032 578909 432670 2288 426013 367189 802485 164604 818142 406013 827772 721544 739692 523244 845819 112891 649161 430728 243675 821965 855881 624733 265811 485844
639465 166990 301454 555693 424516 460044 463594 380583 820579 512555 144793 255578 848927 696525 374277 801794 422958 502674 26011 655786 699296 147929 467958 566913 355578 649032 590992 531924 999999999 792837 355073 788331 130741 124021 485134 106376 447404 509666 355887 399033 564373 193736 652468 640792 742426 893390 337802 99343 704629 217756 645550 482244 468379 722143 214675 246428 556218 652009 688842 457454 375608 738777 358780 389425 732631 318008 394298 739243 603467 883155 724382 120633 451350 562623 570600 592626 612320 809772 345812 529932 738156 475150 549315 665037 421500 143272 421170 378456 409949 751589 851668 579342 430055 929719 569516 775189 349406 97126 674082 186444
640500 783194 497390 262788 737571 458642 573516 414139 371429 303848 934155 874048 381348 396186 485810 52680 985007 740711 769747 295967 435215 778764 656268 239672 720853 176659 525289 590496 792837 999999999 924553 310929 709398 910848 672911 782951 955912 286412 770715 477396 517353 852777 303971 294128 539949 347946 649708 791306 525844 660554 305941 499574 356444 400748 597048 565145 274298 325674 580555 344466 589461 420443 493080 911523 60301 907482 732022 231932 319274 377301 163593 771967 437074 693067 617175 335472 383251 40289 450412 589367 188364 927430 586454 499052 757186 664001 774232 656728 648108 68118 332901 698121 511907 529357 347684 369561 938744 835925 355782 617632
483576 205553 536338 661837 233740 741654 388105 581341 797396 621917 324590 601443 1099134 964670 439599 912981 72587 851167 348474 892981 649357 502997 328229 752162 213228 750825 507572 420712 355073 924553 999999999 791828 296867 313226 825058 461435 95247 688562 165047 447232 869131 539839 678608 675925 638372 886568 674417 260218 1005234 288171 885839 452818 569377 687305 379767 400995 650692 666706 564313 592451 697081 1010919 434120 49721 867805 661882 220032 955234 638131 862121 916136 250391 490733 902907 434537 840133 877875 926369 560808 419979 800557 139096 870850 585304 773550 350918 774472 717077 746751 865325 1087650 391984 729192 847135 601663 1030510 689245 439367 668052 471777
386618 713906 555023 276064 566995 629527 403761 480309 63144 306696 909009 950833 684562 663600 415371 262074 836802 920163 762395 550694 162322 831454 471852 406283 579239 227805 297872 383661 788331 310929 791828 999999999 670919 884502 853756 819725 793472 403006 626785 392460 734792 911308 136525 150351 248098 105081 778449 748229 786200 594730 556370 341993 333170 119259 573813 542727 262842 136773 307673 367020 732293 698172 430258 763955 300763 999301 573777 519870 185488 102151 445621 722246 339152 896403 390828 561913 621053 279201 512714 383610 131604 750787 795077 237575 908632 645081 923499 801078 804453 252205 639253 467539 673970 227753 218826 659810 1034294 860749 124262 657109
509396 93776 251959 457780 305212 448839 332883 314532 699203 414046 238396 371720 820698 678193 255869 711555 369420 564694 106598 617818 572938 248188 339551 500189 235524 552569 460918 401246 130741 709398 296867 670919 999999999 213884 532699 212870 377498 438222 246341 278517 573072 312445 536822 526724 612438 775536 382488 82175 710309 87031 609224 354063 365240 597849 112424 144314 454715 534148 558133 365453 400838 723486 241639 317402 649310 433836 275111 690999 488334 762838 664106 63926 331781 610095 440289 559815 591381 721441 286015 399245 632630 391464 574082 535799 493382 56051 497163 425377 453834 661258 815361 452355 433146 802269 452893 749387 467423 224424 553113 174921
689834 190164 424084 666858 450334 582250 528432 501354 911407 623231 24516 301547 972061 818703 469726 917258 369730 595420 143254 779760 781159 235879 514095 688556 387522 761245 660543 590822 124021 910848 313226 884502 213884 999999999 587342 198122 408279 630111 371449 492047 681372 243739 750681 740600 811132 988954 446046 137734 821387 292206 769482 560894 576219 808271 319735 352498 665378 747761 750258 570960 490379 860327 455516 357537 850550 358044 421817 863179 702217 975456 847374 165381 545369 663191 624138 716465 735114 926031 467413 589086 845108 448845 661010 738218 509642 248950 505970 484121 516111 866910 975455 617229 549957 1007801 666725 898170 382017 152111 765777 310432
922582 619894 364688 581064 805630 225184 743965 401177 910388 560189 597780 342267 500828 349660 580164 711420 896639 68120 483413 394289 857066 351696 797164 457687 741470 631993 822298 811858 485134 672911 825058 853756 532699 587342 999999999 389559 909716 450765 767439 603235 174527 370364 737240 719110 946385 943791 150655 567823 280078 577008 382011 710853 557950 855168 489801 490101 597810 751228 928448 508199 145277 370558 567303 849615 628371 333053 778740 488269 699219 954260 525127 574748 627460 77930 857604 340307 306226 708445 383132 809582 741426 923393 110603 866385 113381 484540 129379 108015 78956 674324 530335 906160 180301 1066128 684934 433514 348815 437564 789816 363088
715777 269973 286603 566897 517531 400929 533630 370869 858367 525990 210335 158944 791491 634756 417934 798754 529027 401169 116982 609365 748884 41707 550172 547201 447859 655909 654072 604505 106376 782951 461435 819725 212870 198122 389559 999999999 553711 496583 454040 444524 488010 101387 683311 669585 803646 924298 248454 204263 627209 294158 598139 539994 488795 766796 258087 284255 571413 686230 756679 466589 296180 674113 401605 495547 723805 220966 487326 698960 634597 918384 694449 222286 493363 465890 646030 544097 554427 804589 334065 602377 753739 580517 463905 723558 317832 198554 316480 286023 318022 749565 800104 663894 362405 980192 603622 717179 254704 57475 713065 168049
452953 290859 604195 695539 227087 812741 394690 640304 791467 658375 419106 695975 1157455 1029136 479219 939402 59590 938701 439146 950942 641934 595072 321620 801189 235559 779761 499064 411380 447404 955912 95247 793472 377498 408279 909716 553711 999999999 738267 186422 481817 943888 634224 691009 690854 615285 882438 759189 350553 1077617 352906 944671 465737 606853 682415 447254 464107 682063 676595 538757 636514 777913 1075848 476726 60112 901437 756658 225675 1006938 654845 854757 962619 337734 518857 987302 415149 901518 942911 953845 623644 411156 817655 58783 949950 572540 862874 428802 864482 802035 830982 893634 1142452 357987 804440 822770 619778 1090933 784272 533651 672184 551299
548601 520921 211191 134682 544995 226794 409188 129097 460241 128450 652813 593863 426816 327567 263770 304183 755840 517352 487518 225519 424033 493373 487875 63657 507413 184563 431040 457154 509666 286412 688562 403006 438222 630111 450765 496583 738267 999999999 553609 269584 342349 568691 291685 273290 524229 494323 386813 518231 424786 405277 222978 346421 156580 414312 327116 297811 154169 308281 526075 108874 334375 372889 263196 686011 227266 632088 530056 268785 260301 503587 228509 502078 256873 495106 498061 197536 255775 308788 164618 455217 294379 722458 396777 451271 510713 388183 526398 403888 404061 256503 406069 568907 271256 618642 256314 367797 664982 549553 348525 331450
335285 191388 435085 509566 81788 644819 223060 461450 632895 472036 391013 610463 975722 852308 292990 755790 215749 805152 338479 769535 485454 491942 167675 616144 50089 595053 344704 259199 355887 770715 165047 626785 246341 371449 767439 454040 186422 553609 999999999 295458 780104 549120 514898 512942 481224 721750 619871 259601 909385 190821 763836 288643 420440 522807 282699 292904 496534 502409 409847 450609 627925 899249 291041 141665 715677 673010 58671 822391 475676 697776 776725 235403 333804 843300 278566 722689 767021 769854 448447 258250 638566 170507 793881 423404 737513 285290 742122 662396 688715 709284 958930 251738 642970 689145 439648 910697 705055 452503 503057 404483
319401 326618 239724 214911 276463 420235 147992 214825 421719 176580 516556 591032 696384 589574 26992 466550 508021 658466 373025 493974 304370 464248 220550 328953 246414 303947 224347 210315 399033 477396 447232 392460 278517 492047 603235 444524 481817 269584 295458 999999999 558273 542726 259287 250446 365662 497020 480788 356099 669467 204042 490349 108631 125210 323930 187747 160291 203493 255715 331708 161373 459073 636135 43318 434926 421168 646746 263878 535197 211523 484799 484521 330605 53334 668789 255732 457173 509685 479534 222413 208078 364797 459291 592276 283872 616450 256357 627301 516364 532695 418370 674259 313722 438847 535712 175262 636594 682411 478427 275277 298903
870346 666449 345625 476864 801455 138814 706062 343473 795109 467355 696557 486596 330943 175958 540334 560399 941696 236339 554975 226776 766110 458127 772380 328511 745040 507208 758985 767000 564373 517353 869131 734792 573072 681372 174527 488010 943888 342349 780104 558273 999999999 499601 633130 614742 864631 815852 246106 628090 140256 592916 215138 658183 480607 756457 498634 487467 496518 650363 860067 427599 191833 201635 531160 884671 479370 490726 778263 317295 602585 831437 361334 627240 568220 176297 811520 182696 136891 555100 341580 764824 612565 946804 70391 789158 282971 518270 300087 220875 193848 528806 357137 871890 139955 956962 596484 261062 511588 543340 690742 399548
817143 360665 365189 651459 615485 437804 634965 448617 952220 612169 246272 62123 820049 661103 515925 872860 603593 364576 210898 652460 846722 79870 650985 613728 545989 737190 754723 705883 193736 852777 539839 911308 312445 243739 370364 101387 634224 568691 549120 542726 499601 999999999 775393 760957 903839 1015261 253895 292589 633420 395125 640525 640114 578540 863210 357826 382600 657824 779551 857747 551700 313905 696245 499550 578016 794970 124315 585228 746108 727104 1011087 750565 314279 590357 440807 747405 586720 587076 877288 412088 703754 838633 665916 462109 823406 276577 299900 269938 281035 311470 824762 834821 764449 391448 1077770 697413 746235 155978 100613 807900 254263
336556 584350 422091 157297 464530 516643 296355 350911 179557 178793 775196 815838 638611 588218 280956 269823 729367 802125 626576 474886 143902 695523 373778 310881 465602 151926 223094 296046 652468 303971 678608 136525 536822 750681 737240 683311 691009 291685 514898 259287 633130 775393 999999999 18400 251322 241471 651596 615295 702281 463064 477979 226355 198482 124419 437824 406517 139487 22324 279544 236808 609140 627926 295371 655450 268423 865306 466241 466722 49045 235787 395470 589892 206095 785742 317098 472236 532637 286821 381502 295298 129970 653903 688446 197360 784219 509305 798452 676857 682773 235881 599851 398194 557000 328902 84040 600713 900480 724234 60841 521355
346858 576571 406037 138939 465034 498330 296745 333910 196156 161252 765107 800742 623123 570757 271114 262343 728018 784086 614962 457539 160527 681103 375742 292796 463349 136675 231273 300835 640792 294128 675925 150351 526724 740600 719110 669585 690854 273290 512942 250446 614742 760957 18400 999999999 267555 254714 634332 605835 684334 454486 460477 225226 183057 142557 426127 394511 121305 38023 292924 219837 591435 610720 285085 653984 256082 849739 465549 451022 39092 250894 380286 580776 197668 767416 324140 454197 514603 279028 364925 299958 127133 655009 670054 210772 766689 497813 780995 659279 664960 226040 584989 405269 538849 347019 76093 584277 884844 711233 78235 506768
165282 622961 595572 392999 404954 737522 282702 545333 211563 397318 834526 954630 889657 836318 392555 496840 667257 1006993 717219 723729 107658 826795 313668 554785 443228 403122 151533 224513 742426 539949 638372 248098 612438 811132 946385 803646 615285 524229 481224 365662 864631 903839 251322 267555 999999999 298466 838168 675178 945957 525853 726031 263725 389228 139289 546033 522688 372017 229636 77153 440769 807552 877229 408670 600340 513810 1011478 422652 717965 266896 262510 646303 646895 326394 1003660 203847 715562 775732 514454 566516 225878 351762 563935 913480 82019 974315 607262 986387 870349 882489 474052 850019 259561 770065 208789 268228 851832 1047107 830978 191145 664514
455326 816745 656952 373698 657878 718659 499134 580337 91599 407365 1013451 1053905 729293 728572 520205 295344 928246 1010961 867449 618320 240758 935444 561970 489270 675373 311906 383388 471073 893390 347946 886568 105081 775536 988954 943791 924298 882438 494323 721750 497020 815852 1015261 241471 254714 298466 999999999 875732 852403 855036 698557 625465 441438 436750 200113 678890 647805 362493 241581 369691 468170 827273 759146 535183 856354 355158 1101495 667061 574017 290486 39492 500842 826215 443770 982277 471525 637832 695123 310002 613677 471334 203516 836983 878880 313100 1003877 750133 1019150 896510 898164 302947 680527 543396 765298 191216 323874 714063 1136317 965680 224939 760999
796874 469242 242829 502596 661850 198835 614002 301122 830149 473209 458787 247073 567637 408599 455736 679493 746048 186347 334367 411795 757301 214776 660543 413948 596154 570722 704497 684070 337802 649708 674417 778449 382488 446046 150655 248454 759189 386813 619871 480788 246106 253895 651596 634332 838168 875732 999999999 417671 382269 430409 399390 589409 458909 761578 346874 351381 515800 662325 811813 414993 64343 442613 441381 699098 596976 264657 634164 507956 608596 880559 524471 424142 512615 228492 729689 347360 338526 680254 273794 681782 679913 773638 215594 756557 136179 335493 148480 42888 72683 635920 585099 772116 146690 977420 588304 494294 292747 301210 698234 215793
559581 68533 324825 539874 331940 511190 392657 392732 774074 496146 161979 354593 891076 744703 334740 793726 330271 591425 88593 690577 643448 245160 384832 579575 264579 634671 524136 456986 99343 791306 260218 748229 82175 137734 567823 204263 350553 518231 259601 356099 628090 292589 615295 605835 675178 852403 417671 999999999 767378 154576 681451 423209 447096 670590 194266 226397 536579 611622 616131 447551 446427 789059 321173 291785 731173 416902 302041 766860 567170 838286 742683 28353 409412 645750 492346 630709 658422 803579 362388 455160 713726 376269 621561 601298 513332 130419 514362 459885 490337 743425 888239 492706 489416 870448 531256 818760 447762 193844 628714 230236
970888 803964 474663 552969 925089 265042 817061 458263 848764 553201 836315 615085 237405 129805 654487 575206 1077689 325394 695117 236737 842455 596220 888252 391830 871929 561318 854949 873339 704629 525844 1005234 786200 710309 821387 280078 627209 1077617 424786 909385 669467 140256 633420 702281 684334 945957 855036 382269 767378 999999999 725152 230086 762659 576623 826622 630636 616687 574027 721775 950837 524332 331252 117856 647234 1018891 502085 611964 903444 297588 679258 876159 362280 765741 671637 243019 916430 230488 170227 565942 463335 871255 656956 1077845 173382 875277 393390 654993 409015 352413 322539 554344 278709 981952 278035 1013362 679829 185706 628822 681996 762415 538017
423363 124240 251290 401322 234077 460134 245852 293383 619582 358272 316521 452781 810972 677676 184956 657315 358755 616360 193358 604891 489425 326290 256047 468850 166377 495412 374321 314416 217756 660554 288171 594730 87031 292206 577008 294158 352906 405277 190821 204042 592916 395125 463064 454486 525853 698557 430409 154576 725152 999999999 597681 269494 306688 516067 94518 112846 395077 458415 471102 317642 437106 724174 173148 295039 601394 514185 205216 669101 415542 683896 633785 127753 257001 652615 353997 552108 591099 668601 272843 312396 566740 354018 603910 449855 551844 101408 557665 472675 498429 607552 800057 370007 454454 717543 379129 742420 548496 310504 474455 214622
767869 700234 357377 336267 762903 203049 632036 304818 619074 345324 789210 644532 213297 110320 481697 352100 955974 447729 628645 12571 620436 579860 710031 174195 720111 332964 648652 679637 645550 305941 885839 556370 609224 769482 382011 598139 944671 222978 763836 490349 215138 640525 477979 460477 726031 625465 399390 681451 230086 597681 999999999 569143 379315 601604 508105 484919 357688 498373 738059 331449 335048 152359 478735 889500 274917 663586 745880 109202 459643 646127 146418 671653 479848 391321 719851 54109 78426 344936 325917 677733 426875 934201 285429 659523 479859 553960 497363 392478 375305 326663 206910 791686 252869 783777 465212 147089 690105 655537 538685 459761
213164 379594 348165 253494 240810 521669 73956 316873 356837 228493 585010 691160 766512 673593 134026 477545 503054 766759 456643 571016 220307 563175 156866 398572 239606 323516 116894 111015 482244 499574 452818 341993 354063 560894 710853 539994 465737 346421 288643 108631 658183 640114 226355 225226 263725 441438 589409 423209 762659 269494 569143 999999999 189859 249540 282312 259559 235229 213888 223851 239734 567131 719213 149184 429107 449780 748483 240325 598628 189193 422063 539528 395553 91027 775270 153871 542212 598035 492866 328521 109011 351918 431323 695851 183766 725020 344408 735774 624946 640993 434255 738813 222545 543767 448241 154835 712176 784066 568523 217764 403412
394277 430646 224097 94719 399825 349397 254284 158774 377714 52647 600472 617702 579023 483973 129792 350694 631825 619834 443080 381346 299963 498750 334854 210142 371575 188810 279214 300583 468379 356444 569377 333170 365240 576219 557950 488795 606853 156580 420440 125210 480607 578540 198482 183057 389228 436750 458909 447096 576623 306688 379315 189859 999999999 302681 256554 223828 89483 205853 379505 53042 421911 529443 136651 559165 298715 666829 388617 414013 151968 433935 360450 424893 101164 614440 341785 353063 409862 362274 185617 298641 269806 584345 525666 310724 593668 328024 607058 487351 496711 301099 553905 412383 380846 518922 129400 522926 701998 532678 239893 324279
267383 629047 524648 279645 457811 637226 301236 460918 110096 295081 832567 908256 755507 711706 349804 357626 728164 918935 696175 598161 43125 783815 361880 435299 477270 271476 183506 271037 722143 400748 687305 119259 597849 808271 855168 766796 682415 414312 522807 323930 756457 863210 124419 142557 139289 200113 761578 670590 826622 516067 601604 249540 302681 999999999 511566 483074 260446 106100 190082 348429 723079 750737 365941 656409 376228 961029 467486 584904 156037 175055 512140 643359 273506 906255 273828 596645 657044 375242 488179 271267 212489 637511 810526 118407 896109 580071 909647 789446 797512 335176 714372 349093 675467 217034 173333 721157 996580 802256 65849 612581
468629 194782 157155 347407 315845 365626 283318 206738 607361 303711 343947 409297 721098 584912 161789 599899 451224 533141 188836 515878 491751 281052 317041 389692 252322 442016 397464 355176 214675 597048 379767 573813 112424 319735 489801 258087 447254 327116 282699 187747 498634 357826 437824 426127 546033 678890 346874 194266 630636 94518 508105 282312 256554 511566 999999999 32766 345644 437706 501807 253431 347420 631209 145767 389059 536932 467554 289040 584483 388811 669348 554276 175674 238591 564109 399058 461059 498143 609520 182188 352950 525911 448171 511220 465615 474384 71906 481944 388128 412038 549560 712408 430711 360580 723110 355066 651510 502991 290699 460971 134429
453107 223110 142181 314675 317906 351943 267712 181083 577364 270970 376702 431999 698195 565315 133683 567452 471564 536709 220714 492232 464631 304517 309166 360841 258074 409311 375889 339349 246428 565145 400995 542727 144314 352498 490101 284255 464107 297811 292904 160291 487467 382600 406517 394511 522688 647805 351381 226397 616687 112846 484919 259559 223828 483074 32766 999999999 312884 406954 481523 221155 345877 611923 117370 407017 505100 488940 292763 558106 357476 638919 525740 206952 209599 562801 384113 439280 478905 577197 160088 337087 493283 461262 504386 441613 482257 104343 490837 391442 413539 517127 687829 421233 351504 695938 324188 629575 524536 319695 431169 146520
