NAME : synthetic_000570
TYPE : CTSP-D
DIMENSION : 100
GROUPS : 8
RELAXATION_LEVEL : 1
EDGE_WEIGHT_TYPE : EXPLICIT
EDGE_WEIGHT_FORMAT : FULL_MATRIX
EDGE_WEIGHT_SECTION
999999999 513783 555147 341620 714832 895063 582390 1045212 581015 791553 654548 512063 197419 932013 692858 903885 741957 677391 576240 541496 686005 708965 221479 1102910 367591 530383 215948 834730 904824 306449 684528 366906 445567 446194 650360 337234 18389 905711 743905 597354 1049431 787953 507376 389271 229228 778235 955375 991691 435804 296314 596242 572459 820140 305100 812999 787767 643285 764769 331783 455168 257345 939378 382307 303117 488761 544841 436716 605509 366592 439059 682457 86999 855355 582118 656887 266288 767983 952444 691188 32093 479865 627455 734754 912480 699544 620351 1016115 772417 84828 486738 446878 356473 868018 495320 462901 444669 728734 792900 928253 367559
513783 999999999 536451 331365 519634 699231 622062 775633 138942 910375 411605 165537 326098 616924 438997 489490 821042 444736 205344 475894 428027 854606 420386 751685 545206 16650 581885 680213 565469 535081 900386 578076 68221 289937 618115 609229 503119 519750 744419 109659 864916 493258 654123 194590 487041 647323 528950 513732 182105 235246 783188 521812 842502 346177 303083 930914 512816 590697 447874 486014 360187 475961 606010 368892 26535 721610 434180 98039 171167 153956 395612 524378 438701 521654 870537 306793 576546 457926 219176 489708 534614 137107 221511 740888 191270 797028 743777 318872 459117 185244 69679 216206 784009 458932 679166 96271 821513 704975 691539 657327
555147 536451 999999999 264282 217962 357038 90692 527645 456568 376591 242431 380472 536725 465085 263273 550918 284890 237034 381780 64253 265342 331309 336318 636893 218523 542819 404607 287371 467089 276247 405075 245271 509316 247878 99514 306375 536875 517294 218146 513384 498770 347577 186595 364395 332063 228709 603301 715572 357528 549045 294215 34078 313687 285481 760788 401331 128436 236306 223422 100003 654193 648909 255890 273768 533738 245726 130855 613572 560755 621495 294563 483663 522272 45248 379127 357237 249529 725252 519069 561770 87247 662653 677701 364611 680159 297953 503424 527569 584589 353564 493231 364268 315058 81390 260891 567515 286729 237956 406188 329618
341620 331365 264282 999999999 378162 564828 330089 706229 315759 607107 312960 228319 275577 590520 351244 579355 527504 336019 275724 225819 344481 541308 136913 762145 213872 343234 290857 512448 565000 210244 574225 247318 282863 110523 362961 283807 323825 573234 481183 357751 726200 446666 330500 136780 186432 460175 632827 694799 160930 286049 458236 267633 574199 37282 613680 621135 316276 434337 116863 179722 391170 635170 275155 49794 318892 395994 134382 425496 306014 375266 342778 297073 534099 274026 544014 95366 434125 673165 417184 337359 225923 468346 526638 588608 511288 474399 676542 475037 345698 195010 270390 119366 571786 185749 348179 330652 522996 491089 591559 331082
714832 519634 217962 378162 999999999 191496 282017 330897 397829 508905 109000 356117 642202 247344 92497 354661 412348 76953 318935 189075 102257 493694 495497 420387 425634 519295 601625 160579 251073 476008 589875 456765 520453 294739 203611 518042 696589 311449 295763 454138 358446 138382 400874 409984 513386 134605 403261 533187 378865 620917 491541 184610 382839 412396 661938 544661 89598 71084 398238 291219 748159 466912 470691 411884 527772 453016 286466 568051 607147 646128 142444 656939 337189 172947 568330 469298 59546 560028 413745 713743 300605 617589 590051 225360 608283 488763 302689 383313 723847 345822 503011 427114 274014 232875 478219 583586 424601 203894 213641 545412
895063 699231 357038 564828 191496 999999999 382931 179808 569183 508952 290724 539850 832711 209326 260374 407084 425309 257777 494342 354692 271311 525552 673763 333448 575502 696992 761186 78149 256125 632880 637012 600860 706385 486038 289576 661261 876692 347304 304584 622063 167708 226072 509936 601216 682612 133913 439399 590803 568883 812310 563997 330923 352307 597491 798464 550654 251780 130703 568654 450274 939553 531387 608479 594525 709932 544017 459100 736502 796986 832568 304515 831353 414023 319790 622944 657820 132370 640653 561017 896425 443995 784555 736920 51162 763155 552988 163375 503903 909835 533085 689039 618609 185441 401117 592792 769332 444336 175728 71116 679238
582390 622062 90692 330089 282017 382931 999999999 561223 546592 288459 326237 469053 592007 522572 342506 629163 200303 316242 472324 154911 346079 240618 373868 688807 219397 629185 405707 306406 532697 282227 317613 234041 591135 332179 93390 289855 564657 591176 161953 603109 503081 418607 127194 443492 353292 249022 680290 798733 441257 615708 211256 118208 247040 344192 851406 311458 197845 280092 260769 150593 711057 731905 234577 328284 617893 171363 197551 701651 634180 698863 378404 503716 603770 125639 292931 417208 298866 811872 609649 593625 108437 750379 768142 378292 769905 211754 540553 615940 622975 441115 575574 439442 294148 163133 209894 647449 199486 230279 441950 300180
1045212 775633 527645 706229 330897 179808 561223 999999999 637561 676040 401383 631683 960559 166468 363782 370413 598156 373229 574095 515036 373014 700201 826369 181926 745374 769798 927654 257940 226510 800162 813094 772907 797067 613409 467873 833929 1027022 310137 480560 682115 177848 285019 688409 716398 842996 312703 381121 532689 677415 925786 743399 498642 515959 741449 807801 718467 410356 291711 727864 615188 1059084 486113 782424 742098 791330 723767 616250 791882 899094 921558 392446 987755 398857 487003 800288 794340 281995 600073 598099 1043209 614833 835722 762022 201620 797545 731859 31943 517384 1050863 633670 780502 739145 344024 560664 771057 857796 618138 353141 121473 854551
581015 138942 456568 315759 397829 569183 546592 637561 999999999 832581 288889 88284 414999 478056 311365 358162 738819 321088 80196 392618 300425 786287 436723 614297 519044 132243 600015 557146 426590 525223 847054 555196 176022 232710 524954 597861 567251 383706 648998 58149 732832 356906 602977 199118 497177 530144 401653 411901 158542 340367 730160 435310 746382 343190 308822 857877 406447 468467 427724 429535 475242 363812 582045 363152 157719 671219 379973 170287 289506 290560 264796 571478 306854 432496 818385 332331 451910 372333 110253 562273 475618 220040 223142 613062 223893 740317 605767 197741 542131 121931 163114 231663 669183 387853 643610 228744 742476 593097 556818 644186
791553 910375 376591 607107 508905 508952 288459 676040 832581 999999999 586628 756963 848125 704472 591680 860723 97224 567440 756400 440100 598309 84889 616191 842251 437038 917623 581638 438542 734617 490934 174384 427767 877725 620438 316709 455276 776007 811756 216084 889711 545228 643095 291767 728933 573680 405726 906258 1041752 729157 886858 200510 397577 160619 614016 1133951 42658 448593 470653 515241 430094 966574 975679 409658 594702 905709 246729 480771 989874 913061 981388 636126 705192 846029 401319 181286 685246 495310 1067726 888197 810763 382052 1038731 1052291 475387 1056397 175443 667525 881702 850450 729454 862524 722006 332192 451534 329556 932495 90145 338893 580004 433048
654548 411605 242431 312960 109000 290724 326237 401383 288889 586628 999999999 249606 559182 277632 38464 311182 489474 33211 209948 188634 31841 558827 443245 450323 413871 410813 571357 269110 256266 453643 643768 449065 415718 213043 270182 508070 636782 284654 382347 345419 458233 134500 427015 316599 474069 241844 364645 473241 280562 527534 535843 209851 475609 349752 560426 618819 138036 179897 362718 280896 658960 406528 468289 354678 420678 488081 257014 459150 507604 541870 52234 606497 280079 201029 619115 395832 164942 486354 311204 649276 307004 508760 485621 329939 501517 537878 370406 295114 652821 242522 398354 338056 381304 218527 495067 478720 498380 307602 296015 542981
512063 165537 380472 228319 356117 539850 469053 631683 88284 756963 249606 999999999 362356 481814 280028 399313 665006 282799 67306 317717 269244 706847 353042 633819 430877 167900 515176 516506 437555 437222 763362 466961 167180 146066 456484 509687 497139 412581 582352 137746 706915 346682 518144 122906 411612 482133 448211 481486 77199 303359 646134 362451 680395 257131 394848 780350 347516 426984 339479 345039 440212 427462 493864 276403 171730 586445 294573 233248 268088 293324 241200 494633 348901 361134 734360 253743 414010 450487 190235 496182 392066 282664 308267 579512 302903 657225 599775 260905 481990 33658 150064 155933 618500 307480 556374 229749 667191 539452 538403 555934
197419 326098 536725 275577 642202 832711 592007 960559 414999 848125 559182 362356 999999999 826866 596965 761508 779838 587852 429644 501394 588071 772650 233501 988822 413043 342709 341861 785100 789860 367781 776423 429851 258980 348355 636166 427862 191285 773813 749861 420152 997070 683885 556895 249714 288067 734416 809619 825481 294511 98997 670976 542684 839039 251246 619517 854098 589100 703617 335026 443788 119251 778810 454018 264398 300034 611357 405921 413159 169650 241865 574024 237229 710855 549423 746544 180371 700499 778086 522329 169141 483664 431895 544025 860051 506210 692168 929569 612357 133164 345246 263772 222858 847222 460539 540305 249334 771531 766644 851969 471152
932013 616924 465085 590520 247344 209326 522572 166468 478056 704472 277632 481814 826866 999999999 239564 212838 614400 257521 420178 433781 246040 708781 720302 174992 670925 610005 841361 267566 60859 718447 814463 703031 643561 487911 435160 764131 914303 150910 490932 519741 312344 144401 645559 578045 747728 300642 235571 389323 535718 782501 726175 431916 553666 627371 642618 744747 336911 245686 634013 535634 918170 334901 717707 632110 634182 693642 523834 627740 749714 765995 253216 883608 234957 420217 796271 671238 224475 447978 432430 926123 547794 670724 595583 257478 631172 719954 136821 350988 927604 488438 627571 604028 393057 474996 724430 702635 631159 365688 145976 792561
692858 438997 263273 351244 92497 260374 342506 363782 311365 591680 38464 280028 596965 239564 999999999 287711 494509 26331 234631 214694 10988 569178 480890 412811 445477 437128 606690 246687 220488 487398 658590 480024 447038 251399 277862 539731 675067 255788 382376 366303 426978 97471 449621 353144 510415 226795 340046 457047 315842 563597 553557 229624 472515 387964 569443 625564 146783 159691 398185 311125 695773 390209 498217 392556 449573 508456 290740 480773 541686 573257 50025 644186 261412 219688 634955 434277 141144 476474 321394 687705 333696 529832 497948 302253 517246 554006 332647 293028 691258 275679 429791 375371 365851 248655 520552 509765 504934 296343 260644 573210
903885 489490 550918 579355 354661 407084 629163 370413 358162 860723 311182 399313 761508 212838 287711 999999999 765137 314013 332188 499745 285732 848355 716266 276987 720273 478268 862679 446875 154518 753897 942999 756417 534154 468863 557657 813726 887792 61948 645121 380972 525172 217722 737027 518114 760194 460740 54341 185270 471312 695847 840419 517329 723474 615879 443567 897755 431579 391624 657228 590268 832021 124332 777081 627838 512065 796150 560639 471934 647643 643396 261179 873773 51335 507375 920375 638228 366743 235674 274982 890928 618165 507210 410068 457954 452530 839862 344325 176016 880238 419636 521154 549738 579308 528439 806237 584225 778366 533309 353493 851093
741957 821042 284890 527504 412348 425309 200303 598156 738819 97224 489474 665006 779838 614400 494509 765137 999999999 470225 661864 347329 501099 103508 551924 758324 377165 827635 540479 351627 641916 436016 218213 375117 791362 531583 219755 413163 725427 717156 123468 796270 482253 547417 234600 643779 516857 314014 811351 945455 640993 811295 186493 303534 103674 538117 1038489 132630 351438 376586 444814 348087 899011 879252 361906 520252 817585 209891 397033 898229 832981 898778 538905 657405 749538 306523 211131 610604 401018 970668 792055 758316 301749 947433 957419 396550 962711 164694 586930 784520 794278 638444 775724 639193 259328 362589 292454 847737 22063 251079 495723 400404
677391 444736 237034 336019 76953 257777 316242 373229 321088 567440 33211 282799 587852 257521 26331 314013 470225 999999999 242564 189339 30919 543714 463251 431903 421722 443830 585473 236327 242571 464922 632505 455922 448797 240187 252719 515927 659462 281410 359563 377235 425378 118946 423450 347394 490456 211031 366267 483061 312423 558615 527256 203342 450973 372295 587609 600895 121072 147382 377329 286914 689203 416215 473663 375667 453887 482142 268580 491242 539925 574918 69696 626509 287590 193369 608774 421642 131832 501412 338726 673246 308273 540722 514337 296731 531677 527792 342664 315547 678544 275321 431420 367833 350574 224560 494751 511822 480261 278479 265206 548731
576240 205344 381780 275724 318935 494342 472324 574095 80196 756400 209948 67306 429644 420178 234631 332188 661864 242564 999999999 317543 223643 712776 407214 568447 464819 202650 566330 478890 373632 478796 778034 501743 223534 176625 446429 549084 560908 345548 569790 138147 659640 289770 536586 187359 461977 450494 381501 421822 140563 369395 661937 358827 666946 308175 379174 782817 326436 389828 379131 363791 506339 365267 527573 325311 218281 604431 316582 250035 330436 347464 190297 554785 281952 355346 749925 314340 374060 397461 146903 561336 407934 299951 296027 536884 301898 670733 542155 200812 548488 89580 207407 219848 589336 317136 583064 283707 666255 512977 486501 593752
541496 475894 64253 225819 189075 354692 154911 515036 392618 440100 188634 317717 501394 433781 214694 499745 347329 189339 317543 999999999 214885 395522 320022 608162 237169 481635 413285 293455 428475 287021 467176 269498 452013 190261 145459 330438 523106 470473 271027 449620 508346 305850 239447 310514 328778 238015 553029 659181 299323 504251 354456 46576 368561 252926 696534 465426 104751 225865 214178 102187 616474 592831 285545 245672 474391 302725 104783 550963 510259 567454 239755 476675 468104 49587 440590 321096 233058 665546 455159 544525 119005 600276 613494 371092 616341 359716 488434 466325 562026 291791 435546 314074 346189 46425 306519 511568 350070 265295 394472 360687
686005 428027 265342 344481 102257 271311 346079 373014 300425 598309 31841 269244 588071 246040 10988 285732 501099 30919 223643 214885 999999999 574519 475067 418506 443585 426142 602773 257453 224592 484416 662761 478447 436298 243365 283621 537838 668275 255981 389974 355439 437836 102666 451296 343566 505775 236777 338544 452804 305840 553779 556847 231960 480784 381344 559808 631812 151837 170179 394156 309793 686251 385957 497109 386453 438655 510898 287708 469888 531336 562510 40325 638309 257738 222339 638828 426498 151923 470511 311488 680465 333821 518980 487861 313240 506796 557765 341762 285128 683402 265234 419066 366180 375993 247303 521239 498990 511177 305869 270908 571989
708965 854606 331309 541308 493694 525552 240618 700201 786287 84889 558827 706847 772650 708781 569178 848355 103508 543714 712776 395522 574519 999999999 539579 857466 359818 862925 497803 450318 732495 411097 114745 347659 817742 565765 291665 372038 693692 803484 221077 842296 585555 631408 216247 668199 494023 408457 896522 1025163 672529 816038 115661 357237 202668 544916 1091925 81459 422685 466407 443058 369193 890377 958475 328127 524627 848077 164688 420898 937984 845964 916574 610119 622351 828878 363122 110123 614661 490090 1044733 850037 728879 320490 985983 1008383 498767 1008976 90610 688061 852551 769625 677628 803197 658596 362800 399373 246196 870271 82405 350099 595336 348514
221479 420386 336318 136913 495497 673763 373868 826369 436723 616191 443245 353042 233501 720302 480890 716266 551924 463251 407214 320022 475067 539579 999999999 893567 179767 434953 164072 613328 698096 136472 544506 196984 359337 247429 433606 203681 203091 709585 535486 470757 828102 577730 324462 239927 67505 557050 769713 828562 278227 290396 437596 351817 618818 100670 718651 620984 422028 543639 114143 236563 350799 770064 222116 89439 401687 377857 215248 518353 337942 416797 476812 163306 670878 361205 514425 113654 547488 802989 543193 225670 266917 554793 632938 691050 610098 458674 797809 607879 249725 321416 351939 209940 650994 273886 307970 389922 542157 574212 708340 250576
1102910 751685 636893 762145 420387 333448 688807 181926 614297 842251 450323 633819 988822 174992 412811 276987 758324 431903 568447 608162 418506 857466 893567 999999999 845322 742342 1016338 407156 199321 893361 967309 877017 787519 657121 598396 938227 1085395 233288 636473 646819 358320 315858 813939 739109 922346 452350 262521 396325 694798 937162 886520 604254 684472 799227 715456 884054 509525 408751 808860 710184 1073943 365600 891045 804915 771920 858447 698815 745119 898003 904752 420702 1056815 321920 592469 951494 839830 390455 474272 546289 1095767 720895 782537 686796 369042 729510 878123 179060 450621 1094755 645230 772664 766997 514070 649815 894191 842969 776947 507548 262649 965670
367591 545206 218523 213872 425634 575502 219397 745374 519044 437038 413871 430877 413043 670925 445477 720273 377165 421722 464819 237169 443585 359818 179767 845322 999999999 557096 188400 504676 663718 62878 370354 37193 494792 288669 299261 94260 350442 698363 378546 566062 712838 540288 145395 350643 139863 445739 774515 863184 371778 462224 259541 246752 452549 203042 823605 441217 338134 453667 97615 135442 530561 799080 63016 180393 532200 198764 159944 639182 500295 575813 460389 286020 682517 258435 339997 264582 464975 854798 611537 382044 131550 682214 736523 581164 723766 279756 720415 652094 417113 397353 483182 331114 512428 197269 136458 538149 365751 443605 623919 131798
530383 16650 542819 343234 519295 696992 629185 769798 132243 917623 410813 167900 342709 610005 437128 478268 827635 443830 202650 481635 426142 862925 434953 742342 557096 999999999 596876 679805 557740 548218 910358 590311 84817 297470 622912 622406 519674 509913 749094 97411 862089 488508 663979 206540 501407 648154 516835 498793 191072 251547 793059 527286 847187 359138 287122 938761 515352 590377 459961 494886 375546 461954 618216 381767 42863 731656 443075 83558 186821 165443 392790 540542 427699 526773 880598 321469 575648 442152 206323 506347 543380 125361 205099 739322 175791 806541 737996 306426 475743 190030 85543 229419 785457 466091 690527 110224 828512 706899 687634 670454
215948 581885 404607 290857 601625 761186 405707 927654 600015 581638 571357 515176 341861 841361 606690 862679 540479 585473 566330 413285 602773 497803 164072 1016338 188400 596876 999999999 691837 827163 128363 468616 172568 518771 397777 487649 127458 203011 849757 561021 634823 901085 703952 308486 403978 104428 633012 916794 985396 441488 423254 383425 430472 626786 258510 881901 575089 517538 636545 208640 312470 442033 925112 179570 241110 561986 335819 317527 679913 481708 561369 611816 129512 819734 441817 441124 275843 645803 963543 705377 240568 318787 714431 796506 768737 772499 407994 901530 765888 288518 482855 512716 373932 699721 368750 252207 543132 525239 631925 806554 152007
834730 680213 287371 512448 160579 78149 306406 257940 557146 438542 269110 516506 785100 267566 246687 446875 351627 236327 478890 293455 257453 450318 613328 407156 504676 679805 691837 999999999 304667 563513 560743 528453 679998 443877 213343 588261 816343 390629 229324 612740 214911 243002 433063 563577 617357 58969 485254 632145 535649 772598 485973 264157 286101 543087 808872 479546 196238 89542 504967 383888 895544 569580 534750 537940 688216 466002 398124 727060 763405 805258 295629 767736 445487 253704 545982 607095 105546 674378 564263 837970 373261 776308 741428 77838 763015 475230 241041 519649 854495 505171 662545 577634 132688 339445 516008 743113 369913 100551 145351 604436
904824 565469 467089 565000 251073 256125 532697 226510 426590 734617 256266 437555 789860 60859 220488 154518 641916 242571 373632 428475 224592 732495 698096 199321 663718 557740 827163 304667 999999999 707471 834600 697360 595705 458681 449994 757781 887442 92858 518988 465597 371508 123627 651689 540167 730335 328941 183274 335321 496242 740362 740757 433168 588723 602216 581850 773777 339169 266127 618615 528474 876835 278130 714020 608957 583821 703921 510986 571660 704068 716313 222410 860995 174159 421842 814732 640948 242453 390192 374865 897084 545855 613686 535708 306298 572078 736510 197413 291022 895504 447231 580179 567790 434816 466457 727978 653423 657382 398363 199272 789162
306449 535081 276247 210244 476008 632880 282227 800162 525223 490934 453643 437222 367781 718447 487398 753897 436016 464922 478796 287021 484416 411097 136472 893361 62878 548218 128363 563513 707471 999999999 408713 63464 479523 302899 360726 74206 289630 736164 441327 567990 773254 583861 201851 343003 82927 504715 808236 888318 371100 426520 304525 302319 514147 189151 823497 491921 390580 508747 99979 185283 482838 825650 86238 166719 519484 246919 196710 631491 471264 549087 497287 223734 713635 313734 378781 238025 518589 874295 623725 322318 190683 671900 736535 640490 719599 326698 774397 672801 359773 403626 469659 318882 574899 243695 172558 517134 423511 505239 678912 122246
684528 900386 405075 574225 589875 637012 317613 813094 847054 174384 643768 763362 776423 814463 658590 942999 218213 632505 778034 467176 662761 114745 544506 967309 370354 910358 468616 560743 834600 408713 999999999 347663 856678 618157 386328 352875 671121 901298 332687 900871 700283 728256 246422 708095 489070 515909 992793 1115546 719518 832067 117428 435312 316346 570413 1155590 142317 512187 569745 464448 418375 890407 1048698 322541 548399 890792 178801 469388 989057 870339 945008 695883 597794 919962 443203 30381 634789 592584 1129443 920362 708179 371484 1035299 1070188 612014 1065989 107577 800061 932635 753626 732101 843504 693588 477385 460937 236552 904376 196869 461285 706080 317194
366906 578076 245271 247318 456765 600860 234041 772907 555196 427767 449065 466961 429851 703031 480024 756417 375117 455922 501743 269498 478447 347659 196984 877017 37193 590311 172568 528453 697360 63464 347663 999999999 526082 325439 319290 61360 350536 733697 388496 601605 733773 574147 140520 383777 146385 469506 810618 900218 406562 484955 241469 275286 456590 233524 858949 428457 368363 481518 130456 169016 545647 836029 27965 210670 564324 183464 196599 672785 526366 603002 496152 282403 719045 287091 317520 290966 493935 891991 648393 384125 158194 715176 771847 604081 758251 263394 748620 689286 422708 433382 514989 362915 528168 231395 111137 567549 361870 462480 651456 94926
445567 68221 509316 282863 520453 706385 591135 797067 176022 877725 415718 167180 258980 643561 447038 534154 791362 448797 223534 452013 436298 817742 359337 787519 494792 84817 518771 679998 595705 479523 856678 526082 999999999 261878 596883 553263 434912 558715 722951 165232 873696 512200 611664 149593 426598 642251 576953 573312 152862 171328 740197 498558 820574 292583 370290 895772 501888 590768 397200 448770 301909 531808 554032 315450 44118 678100 397372 163325 113852 126227 408176 457108 482858 499892 826541 245892 579100 521199 272916 421597 497411 195710 289593 745066 257649 755459 765127 369697 391726 174837 17453 163831 775621 429252 630407 63134 790162 695042 705521 601436
446194 289937 247878 110523 294739 486038 332179 613409 232710 620438 213043 146066 348355 487911 251399 468863 531583 240187 176625 190261 243365 565765 247429 657121 288669 297470 397777 443877 458681 302899 618157 325439 261878 999999999 335484 372546 428900 463216 461287 283770 652038 343510 372432 122778 293773 397976 522397 588350 109649 328749 500797 236835 558772 147317 540809 641294 252174 358811 202980 199882 453534 527430 351587 159152 286038 440718 148837 372545 324669 377958 236432 406768 423868 238627 588962 183343 353675 571478 322995 438678 247648 420246 454318 516326 447887 512563 582763 370570 440072 114024 245565 133761 523893 169094 410915 321345 531659 442318 503625 417131
650360 618115 99514 362961 203611 289576 93390 467873 524954 316709 270182 456484 636166 435160 277862 557657 219755 252719 446429 145459 283621 291665 433606 598396 299261 622912 487649 213343 449994 360726 386328 319290 596883 335484 999999999 377686 632211 514979 126358 582936 414483 341983 220542 455940 424122 155664 606797 733507 444039 646467 291291 99028 224402 384935 820407 348684 132331 190151 319796 197274 753454 666811 323256 373249 617935 260075 230246 688816 655147 712913 320368 576100 537233 96997 365239 456486 210695 754130 573015 658351 171763 738628 740515 286433 748288 286522 447447 565286 682722 432995 580265 458673 217693 177786 303284 656824 228199 144540 348875 391553
337234 609229 306375 283807 518042 661261 289855 833929 597861 455276 508070 509687 427862 764131 539731 813726 413163 515927 549084 330438 537838 372038 203681 938227 94260 622406 127458 588261 757781 74206 352875 61360 553263 372546 377686 999999999 322382 792486 439188 641480 791884 634415 182759 417181 140485 529373 868013 953918 444737 493451 259039 336606 500890 263357 897375 450536 429712 542673 170426 229319 539117 890370 55560 240910 593466 208837 253088 705692 541347 619839 554304 250427 775304 348416 323920 310359 555246 942778 694834 358346 219432 745997 810372 663410 793754 283119 809790 740563 401785 476039 543604 393044 583027 291407 125843 589740 397792 519721 712501 48175
18389 503119 536875 323825 696589 876692 564657 1027022 567251 776007 636782 497139 191285 914303 675067 887792 725427 659462 560908 523106 668275 693692 203091 1085395 350442 519674 203011 816343 887442 289630 671121 350536 434912 428900 632211 322382 999999999 889042 726258 584816 1031046 770304 490907 374254 211671 759857 939451 977375 420626 289599 581410 554103 802961 287203 803405 772778 624915 746409 313490 436888 259412 924578 366500 284947 478377 529366 418326 595768 359287 433117 665048 73500 839438 563750 643248 249792 749667 939064 677485 38061 461845 618879 724405 894091 689996 605392 997961 757750 89827 471350 435640 341337 849883 476931 447817 436268 712406 774661 909982 353951
905711 519750 517294 573234 311449 347304 591176 310137 383706 811756 284654 412581 773813 150910 255788 61948 717156 281410 345548 470473 255981 803484 709585 233288 698363 509913 849757 390629 92858 736164 901298 733697 558715 463216 514979 792486 889042 999999999 595695 413876 463230 173120 703876 526171 749079 408451 95044 243513 480030 714407 801970 483298 670794 610336 499825 849706 393543 341152 642040 565479 851292 185287 752871 620297 540726 760507 540351 512121 670825 673347 238877 869984 91983 472731 879734 639444 316449 297478 313184 894805 589478 550444 460940 397919 501012 799949 283354 219337 887744 428755 544557 556464 522445 503040 776141 612313 731304 480121 292096 827621
743905 744419 218146 481183 295763 304584 161953 480560 648998 216084 382347 582352 749861 490932 382376 645121 123468 359563 569790 271027 389974 221077 535486 636473 378546 749094 561021 229324 518988 441327 332687 388496 722951 461287 126358 439188 726258 595695 999999999 707108 380739 427730 258797 580857 514687 190615 690258 827015 570157 766772 270285 224452 98094 499578 940087 254789 246568 254571 421925 306077 868396 761257 383858 485464 744287 266754 346833 814183 778681 838052 429186 664258 631875 223242 319922 572294 279246 855790 691374 755512 268865 864090 861848 280040 871579 255232 467421 675082 784821 559253 706400 582114 155661 299358 336189 782584 140783 129022 374259 439882
597354 109659 513384 357751 454138 622063 603109 682115 58149 889711 345419 137746 420152 519741 366303 380972 796270 377235 138147 449620 355439 842296 470757 646819 566062 97411 634823 612740 465597 567990 900871 601605 165232 283770 582936 641480 584816 413876 707108 999999999 784186 405567 655856 230856 533801 587074 419492 408086 196968 336382 783715 492737 804518 381964 257748 914533 464539 524478 472490 482658 466417 367494 628867 403076 134141 724156 432310 114575 277251 262830 318638 595879 330538 490133 871951 361639 507295 357953 109597 576177 529441 163569 170843 666896 166798 794524 650551 209240 551135 170129 157135 261335 726307 443241 693425 205810 799649 650659 606464 688507
1049431 864916 498770 726200 358446 167708 503081 177848 732832 545228 458233 706915 997070 312344 426978 525172 482253 425378 659640 508346 437836 585555 828102 358320 712838 862089 901085 214911 371508 773254 700283 733773 873696 652038 414483 791884 1031046 463230 380739 784186 999999999 380570 624759 768429 830450 271370 545007 698752 736537 979303 650809 477760 386446 757462 944859 587722 410082 293570 719032 597029 1105454 646779 737074 752714 876338 644952 612960 898107 964678 999912 469348 981458 544054 467675 692809 820346 298952 760184 716011 1052870 582606 945305 889161 137675 918807 634710 191382 649190 1069209 700697 856381 785148 225735 554259 706783 936565 503921 272956 181244 803000
787953 493258 347577 446666 138382 226072 418607 285019 356906 643095 134500 346682 683885 144401 97471 217722 547417 118946 289770 305850 102666 631408 577730 315858 540288 488508 703952 243002 123627 583861 728256 574147 512200 343510 341983 634415 770304 173120 427730 405567 380570 999999999 533630 436036 607885 246667 265129 399570 395016 643056 629093 313503 508425 483646 572566 680033 221565 175934 495536 405171 777725 334328 591233 489064 507778 588653 387436 518653 614310 637065 109946 740962 206128 302521 706615 526840 151178 434113 336152 781796 423973 565244 511210 275511 538847 626857 253101 278997 783271 349626 495566 461066 374568 343022 608070 573249 560700 319950 201067 666370
507376 654123 186595 330500 400874 509936 127194 688409 602977 291767 427015 518144 556895 645559 449621 737027 234600 423450 536586 239447 451296 216247 324462 813939 145395 663979 308486 433063 651689 201851 246422 140520 611664 372432 220542 182759 490907 703876 258797 655856 624759 533630 999999999 462547 283639 376064 789653 898628 473099 600232 129081 220579 318354 330690 911798 297658 312669 405809 227247 173448 675048 832266 128916 309757 644949 68301 223614 742665 632247 704596 478699 422871 707044 231251 216838 399207 423488 903556 681269 524095 128971 788881 825854 503641 820286 143923 667696 702728 561253 486456 598108 449492 407890 222460 82969 661135 221667 352262 569089 181246
389271 194590 364395 136780 409984 601216 443492 716398 199118 728933 316599 122906 249714 578045 353144 518114 643779 347394 187359 310514 343566 668199 239927 739109 350643 206540 403978 563577 540167 343003 708095 383777 149593 122778 455940 417181 374254 526171 580857 230856 768429 436036 462547 999999999 303229 519474 568345 604039 46869 211339 591313 356922 677644 154063 481837 746410 374276 476823 253424 299398 342699 550368 411677 176292 182860 529353 248216 289153 201927 257224 326118 373150 468499 359637 678057 133219 469497 570306 308213 373978 347982 331572 395288 634273 376619 606206 684981 383736 362270 98493 135580 33120 646615 283337 484692 203958 641895 565063 612480 465039
229228 487041 332063 186432 513386 682612 353292 842996 497177 573680 474069 411612 288067 747728 510415 760194 516857 490456 461977 328778 505775 494023 67505 922346 139863 501407 104428 617357 730335 82927 489070 146385 426598 293773 424122 140485 211671 749079 514687 533801 830450 607885 283639 303229 999999999 559429 814177 881023 338874 353598 386984 353201 591711 154544 783934 574839 433398 554610 115175 233512 401384 820901 167962 136698 468739 329811 226938 584902 403966 483156 512313 151990 716610 363776 459409 180727 561382 859279 601676 242349 252526 621901 697857 695102 676148 409399 815663 661460 277636 379042 418911 274538 641219 282641 254107 457339 505016 567965 722955 185848
778235 647323 228709 460175 134605 133913 249022 312703 530144 405726 241844 482133 734416 300642 226795 460740 314014 211031 450494 238015 236777 408457 557050 452350 445739 648154 633012 58969 328941 504715 515909 469506 642251 397976 155664 529373 759857 408451 190615 587074 271370 246667 376064 519474 559429 999999999 503445 644926 494533 726272 435094 206431 262738 489664 795987 445193 146281 71406 447665 325919 846517 580404 475974 483488 653475 411683 342179 700404 720735 766300 276819 710183 452783 196305 499321 555304 95682 680555 548189 782186 314360 750178 724631 135914 742702 425923 293460 513537 799988 467840 624836 531422 139548 283472 458895 705128 330529 73320 195408 545983
955375 528950 603301 632827 403261 439399 680290 381121 401653 906258 364645 448211 809619 235571 340046 54341 811351 366267 381501 553029 338544 896522 769713 262521 774515 516835 916794 485254 183274 808236 992793 810618 576953 522397 606797 868013 939451 95044 690258 419492 545007 265129 789653 568345 814177 503445 999999999 153934 521481 741283 891496 569573 765835 669226 453332 943955 482474 435825 711517 644247 876794 106042 831174 681471 552456 848130 614926 503524 690769 682276 315067 926611 100021 559440 970624 690167 411058 219411 310990 941842 671637 535460 429749 489486 475076 890381 357991 210600 929989 469882 564677 600306 616720 582319 859547 624613 825195 575165 380783 905259
991691 513732 715572 694799 533187 590803 798733 532689 411901 1041752 473241 481486 825481 389323 457047 185270 945455 483061 421822 659181 452804 1025163 828562 396325 863184 498793 985396 632145 335321 888318 1115546 900218 573312 588350 733507 953918 977375 243513 827015 408086 698752 399570 898628 604039 881023 644926 153934 999999999 558670 744420 1009007 683087 907491 728745 352098 1077842 603752 575071 788742 740705 873705 66848 923279 744591 539768 960979 704119 461228 684420 658375 421040 975848 196301 674113 1091593 734957 550202 84199 303164 973811 774388 480500 356171 641346 406417 1010479 510743 221094 953899 510065 564805 637155 764563 681291 962257 608796 957751 717793 534026 994966
435804 182105 357528 160930 378865 568883 441257 677415 158542 729157 280562 77199 294511 535718 315842 471312 640993 312423 140563 299323 305840 672529 278227 694798 371778 191072 441488 535649 496242 371100 719518 406562 152862 109649 444039 444737 420626 480030 570157 196968 736537 395016 473099 46869 338874 494533 521481 558670 999999999 248377 602162 345831 667855 185520 452873 749067 351650 447498 276596 303950 382745 504277 434130 206263 176637 540921 252119 269966 228283 272695 285490 417464 421645 347044 689838 176614 438337 526978 265619 420789 352524 315782 365797 604151 352066 615484 645801 337982 408979 51679 136244 79332 625476 278404 502569 213687 640717 544416 576328 491963
296314 235246 549045 286049 620917 812310 615708 925786 340367 886858 527534 303359 98997 782501 563597 695847 811295 558615 369395 504251 553779 816038 290396 937162 462224 251547 423254 772598 740362 426520 832067 484955 171328 328749 646467 493451 289599 714407 766772 336382 979303 643056 600232 211339 353598 726272 741283 744420 248377 999999999 721514 548855 860234 273297 522298 897162 580086 686906 373022 465118 136945 701626 511194 292157 208733 660069 420302 317293 70914 144064 533772 330248 644599 553739 801778 201630 680362 692269 442878 268114 509807 333678 448744 844485 409298 740927 894178 537511 229813 294068 179828 194996 848494 468736 595951 151915 805453 766904 823539 539438
596242 783188 294215 458236 491541 563997 211256 743399 730160 200510 535843 646134 670976 726175 553557 840419 186493 527256 661937 354456 556847 115661 437596 886520 259541 793059 383425 485973 740757 304525 117428 241469 740197 500797 291291 259039 581410 801970 270285 783715 650809 629093 129081 591313 386984 435094 891496 1009007 602162 721514 999999999 326035 289204 456060 1038842 191709 409022 480619 350702 301099 787111 942234 219134 434420 773865 62292 351999 871643 757089 830758 588075 509361 814579 334894 88241 522252 501836 1019375 805152 617205 254557 917944 953254 546485 948663 25073 726939 820779 659511 614769 726821 577508 425201 345212 134026 788781 165735 391320 629930 233185
572459 521812 34078 267633 184610 330923 118208 498642 435310 397577 209851 362451 542684 431916 229624 517329 303534 203342 358827 46576 231960 357237 351817 604254 246752 527286 430472 264157 433168 302319 435312 275286 498558 236835 99028 336606 554103 483298 224452 492737 477760 313503 220579 356922 353201 206431 569573 683087 345831 548855 326035 999999999 322026 292396 736890 424518 95013 206931 241312 119790 658803 616356 287318 283051 520659 278940 139127 595624 556251 613946 262073 503755 489271 11835 409969 362359 218651 694216 493055 577420 117312 645114 654770 341922 659202 328699 473715 497749 597660 337295 482066 359867 304757 82176 294855 558143 307432 224997 377204 361578
820140 842502 313687 574199 382839 352307 247040 515959 746382 160619 475609 680395 839039 553666 472515 723474 103674 450973 666946 368561 480784 202668 618818 684472 452549 847187 626786 286101 588723 514147 316346 456590 820574 558772 224402 500890 802961 670794 98094 804518 386446 508425 318354 677644 591711 262738 765835 907491 667855 860234 289204 322026 999999999 590494 1035160 203256 342076 332531 506920 396387 958059 842678 447235 575130 842265 306174 439963 912049 874338 934863 520625 737790 714376 321165 312455 663485 357362 940922 786084 834003 355447 961985 957840 316134 968526 268054 508358 765468 866336 657345 804092 677924 171935 395075 385748 879919 125519 190719 423379 493428
305100 346177 285481 37282 412396 597491 344192 741449 343190 614016 349752 257131 251246 627371 387964 615879 538117 372295 308175 252926 381344 544916 100670 799227 203042 359138 258510 543087 602216 189151 570413 233524 292583 147317 384935 263357 287203 610336 499578 381964 757462 483646 330690 154063 154544 489664 669226 728745 185520 273297 456060 292396 590494 999999999 635554 625613 347416 466818 106169 194112 369047 669779 261466 22868 331327 393839 154706 442354 301557 374731 380032 259832 570280 299723 540055 73020 467567 705100 447136 301763 237071 483160 548803 619789 530654 473704 711965 508406 312344 224499 281757 130048 597149 210269 339372 335168 532156 517170 626002 311348
812999 303083 760788 613680 661938 798464 851406 807801 308822 1133951 560426 394848 619517 642618 569443 443567 1038489 587609 379174 696534 559808 1091925 718651 715456 823605 287122 881901 808872 581850 823497 1155590 858949 370290 540809 820407 897375 803405 499825 940087 257748 944859 572566 911798 481837 783934 795987 453332 352098 452873 522298 1038842 736890 1035160 635554 999999999 1161367 693537 727028 729372 738354 624904 355564 886320 657354 326227 980036 688708 207679 451750 394294 519523 827343 409166 732685 1127044 606067 705700 269503 249233 787234 784285 190499 87106 848073 113460 1048647 779232 295775 751972 427693 372652 509419 934263 695438 951089 370438 1043890 865673 764036 944760
787767 930914 401331 621135 544661 550654 311458 718467 857877 42658 618819 780350 854098 744747 625564 897755 132630 600895 782817 465426 631812 81459 620984 884054 441217 938761 575089 479546 773777 491921 142317 428457 895772 641294 348684 450536 772778 849706 254789 914533 587722 680033 297658 746410 574839 445193 943955 1077842 749067 897162 191709 424518 203256 625613 1161367 999999999 481008 508930 524265 447020 971776 1011558 408272 605518 925181 245083 498434 1012553 926321 996319 669003 700947 881813 429137 154691 695690 533443 1102010 917042 808317 398436 1060989 1078838 517650 1081331 167417 709713 913864 849757 751948 880962 737760 374716 473333 324969 949153 120637 379533 621648 424328
