NAME : synthetic_000026
TYPE : CTSP-D
DIMENSION : 100
GROUPS : 8
RELAXATION_LEVEL : 1
EDGE_WEIGHT_TYPE : EXPLICIT
EDGE_WEIGHT_FORMAT : FULL_MATRIX
EDGE_WEIGHT_SECTION
999999999 69367 629571 200097 504319 368661 725955 718429 391354 298279 699443 436770 418993 428342 724591 313872 448415 741048 663258 276845 669951 191050 627445 699581 753974 845665 495484 657096 347385 82125 170539 619641 166138 246265 697349 272278 420631 687043 366887 473946 427309 406940 479018 745184 434095 561800 927641 428829 370868 221779 666861 341160 88245 866193 123568 695394 397060 358739 491258 489251 684460 259884 230051 312899 327292 402605 323746 663293 377843 286209 269080 766117 752904 285897 627384 830308 194469 404685 229144 882379 435981 428843 491683 222313 273057 666648 279332 549948 372819 739465 397460 449117 550681 422345 307957 319484 128009 96596 723640 308708
69367 999999999 672302 131248 524868 403055 746281 674705 459660 257226 715143 370883 382171 451415 750164 307204 517581 686440 698877 236624 614112 158652 663377 651410 757201 853230 431343 684112 310000 150281 214854 606932 198821 200606 646828 204919 478144 641821 392130 412081 385216 337576 548380 762781 458632 496219 943656 365871 391960 279044 694160 271793 63964 883855 69524 660489 334445 363270 422031 428863 650183 215647 160838 255576 342868 378739 281445 695337 372533 354636 274065 740705 783153 217275 612179 808781 225536 426384 180536 896381 459378 464175 552831 228580 250361 658971 245155 500525 306127 755710 466475 518419 488149 358758 293283 351574 195291 76342 670132 249799
629571 672302 999999999 776210 249486 275233 266093 840517 438511 926633 298383 1011140 637773 273052 215601 477068 482219 965603 88089 905380 927208 602425 77354 870490 438602 452838 894996 174725 624720 568983 714144 521168 473875 648069 892006 779682 263079 834200 307760 855146 674897 925426 518949 301430 261285 963150 438624 1019825 322163 419741 174490 873493 716977 378107 741612 745705 812918 407418 983598 850449 733834 886532 794155 924362 375739 555128 951705 125052 451801 570644 452498 702675 190257 850370 544622 707385 448376 295870 657220 421278 266330 216216 272555 478621 555014 496248 602337 788528 839512 311166 469618 498058 915611 838587 514114 327304 602186 609932 941093 735520
200097 131248 776210 999999999 600536 501509 816645 623578 590902 202384 778705 243458 361192 533206 828592 353536 648491 607433 792757 188149 533166 190236 758176 589917 799051 900885 328683 765753 295349 281523 313967 623866 307100 186727 579442 101586 601193 587899 479308 318427 351215 209109 678575 828537 542206 386606 1004342 244817 473548 404063 776056 143366 144563 947967 96482 630126 242060 422462 295313 339614 621512 161939 31351 155937 419689 386290 219410 784172 415051 481616 342075 728635 868182 86077 624166 803179 329871 507246 165107 954304 541329 561995 678999 304178 276347 683679 248459 440640 197254 819411 597550 649023 389698 261091 327518 449220 321770 168804 594389 181277
504319 524868 249486 600536 999999999 161401 221856 593591 494477 779776 197879 816715 395526 77083 228058 258453 560585 716141 218217 759917 678249 411851 191804 621558 288516 358325 660583 166770 393547 471304 636879 287353 338937 441385 642661 579579 325591 585748 139110 619890 433146 715730 604665 241314 74337 726107 424160 833254 133602 354602 177130 671840 582067 362044 592357 502580 586725 184337 763487 612454 490338 737193 611495 756003 182719 312913 802765 196045 216146 566770 258517 477105 270788 662247 309794 498417 310728 99638 455590 380996 70214 130903 393104 299249 341803 281122 386158 540759 622331 236723 526108 574414 675308 610522 293398 194524 528810 451093 691638 519785
368661 403055 275233 501509 161401 999999999 370098 663303 345470 659931 355753 735999 403987 91622 360071 222762 415386 760621 295901 639052 709679 328203 260337 677611 448325 519408 639597 291590 373071 322464 484383 405172 204867 377606 692414 505828 199467 647057 56269 601533 438011 653149 460068 394819 89025 710124 576547 744690 80425 194385 300937 599480 453060 512759 472557 588804 550707 169571 715295 600840 576071 618668 518984 651385 116427 327271 684405 294641 223430 405647 183715 593936 384540 575140 424219 629548 177558 85506 384860 536810 95390 61156 282992 204307 290781 418451 338086 566570 570998 392623 375777 427979 668578 577536 258330 52310 373742 336827 737021 467678
725955 746281 266093 816645 221856 370098 999999999 674731 661157 1000191 57579 1022805 562643 297684 59061 465833 717507 821007 179457 980568 800443 626553 192610 718545 187607 186891 832356 97454 580741 689905 853885 343292 560229 647935 745924 786325 478954 678960 359490 791426 599196 913732 758528 35338 292551 891303 206724 1042916 355452 563140 94005 875975 803879 142674 813318 569185 772295 394414 951514 779060 559295 957473 825294 972566 403492 486408 1022820 141041 411095 761920 476621 491713 119872 873273 365305 476047 531936 321363 664478 171251 290152 320155 518370 519310 548157 292575 588495 678550 816186 46686 693584 732805 834833 793083 497057 411618 743775 671954 796908 717651
718429 674705 840517 623578 593591 663303 674731 999999999 976529 810215 617162 668239 303356 598906 725459 470862 1049346 158708 789978 801717 177660 527932 773465 62394 520209 612263 364302 704427 372428 758893 886861 332494 649345 474428 94716 526291 861773 37429 607041 343158 291122 540667 1092485 657894 609671 373134 752167 710609 582954 759707 711929 556422 731006 728926 698776 107774 398576 496980 511554 317324 116152 776442 604378 728175 557559 351195 818899 755393 443253 959752 532896 228585 788445 607066 309817 301497 640448 587676 494171 701255 602124 684741 946294 558889 460352 384186 441069 184145 461211 641659 1000842 1058499 317131 393089 450113 642508 830492 621976 138364 442540
391354 459660 438511 590902 494477 345470 661157 976529 999999999 654190 666551 827045 684710 435557 628261 505845 72870 1046847 514457 633648 984724 506648 484829 978801 780926 836105 853628 565405 629257 309441 368551 749119 343480 573539 987106 650926 182593 954164 395281 823775 710173 794357 116812 693131 430551 924358 860147 815763 418020 222313 571255 729258 466324 796179 511126 916034 753711 487230 875887 832509 903400 625045 620100 694075 425566 625479 679464 538181 538152 162807 444424 935626 622263 676931 767215 974517 343474 430754 566890 831733 437874 363721 177042 425201 532887 763807 568969 845902 745625 696247 32437 83384 899899 781278 529527 344749 285246 444250 1025279 660137
298279 257226 926633 202384 779776 659931 1000191 810215 654190 999999999 966346 239409 562419 707542 1006283 546129 695873 771951 955830 21501 698009 382715 920254 770369 996293 1096364 477739 940721 497623 369497 297441 825714 455191 388688 755583 286536 715346 773475 648952 480869 550040 306840 715232 1015028 715113 517759 1194091 204084 647793 518487 950821 263445 210123 1135690 188123 826354 413508 610363 384526 505454 818389 42892 211549 94730 597095 588270 25793 952563 609899 509611 524110 929157 1040246 204045 826388 1004552 482387 682214 366756 1145394 715563 720977 780711 480891 473847 884665 449711 626093 354215 1007084 650754 691769 540043 424343 523779 608668 370007 328781 762613 375554
699443 715143 298383 778705 197879 355753 57579 617162 666551 966346 999999999 978808 511230 274915 111807 425670 726518 763557 216484 947167 743587 588521 221542 661031 141240 169561 780228 123689 533030 669056 834754 285760 535243 605616 688498 743351 486481 621423 336818 739404 547325 867157 768775 51061 271876 838018 228584 1000477 329228 550134 124958 831617 774414 169441 780888 511697 723010 356697 902164 726329 501765 923491 785741 934544 373115 436913 988373 176347 367788 756619 442385 436261 174841 831979 307731 424149 507241 296338 623068 183335 268085 312371 534421 486742 506572 235405 545027 622999 768751 40761 698932 741441 780966 743067 455028 392266 726531 639785 739483 671834
436770 370883 1011140 243458 816715 735999 1022805 668239 827045 239409 978808 999999999 494523 756110 1042352 559110 880286 592886 1020340 248426 523440 409972 986834 617196 974363 1080149 305110 983483 451149 518844 507067 776661 548677 375759 595260 237210 844631 630922 707443 325805 468081 129904 906794 1029757 766177 319832 1196627 46397 698123 647371 993842 147317 362338 1145077 316050 712194 287529 632781 170657 351432 707256 238450 219834 152308 643077 550780 228586 1007794 611749 703507 564001 833100 1087447 161665 770499 913402 569959 730233 361164 1144367 764128 795185 922245 532962 475788 842831 434310 493665 226047 1018688 830745 879203 360238 282447 526164 684199 547385 411134 589243 309020
418993 382171 637773 361192 395526 403987 562643 303356 684710 562419 511230 494523 999999999 366779 595623 185407 756927 363674 613589 549180 307090 228039 586997 295697 484002 590501 270052 549662 72210 455704 589081 282148 348771 184114 302430 282471 591770 275376 351016 229041 37677 370746 798901 561696 378663 332089 714418 525647 329463 463867 559428 351273 442643 668555 417931 278320 216237 237095 393468 218480 268094 522964 351467 497574 288194 82805 577134 588713 187085 657275 242355 367585 651069 376370 276429 442142 342749 347027 206111 661084 372764 442357 679305 260447 157470 348653 139669 164263 270433 548375 706874 764909 279830 233521 156091 370289 527566 322487 341383 193469
428342 451415 273052 533206 77083 91622 297684 598906 435557 707542 274915 756110 366779 999999999 298789 205794 504473 708694 265166 687397 663973 347309 233059 619597 358128 433475 621994 233492 351761 394221 559846 320023 262545 383758 637505 520051 278896 586371 62075 582098 403429 661040 549059 318200 11888 690110 501079 770112 59939 280173 243690 613420 507384 438700 519615 516759 541291 134488 714474 577523 504128 665182 546153 687724 113719 284838 730941 251912 179791 495765 192537 510473 335037 598867 340305 541885 234259 26004 395794 458077 8124 86644 355940 229363 286644 328543 333184 522557 571213 313798 466286 517480 643034 566530 242630 118001 452074 378856 684516 467408
724591 750164 215601 828592 228058 360071 59061 725459 628261 1006283 111807 1042352 595623 298789 999999999 483257 681177 869014 127544 986175 845345 639698 147312 767268 246631 239570 865622 68686 607592 682512 843721 393021 558495 666592 793822 805175 445722 728009 358548 824598 632799 937416 720977 91746 291623 926717 231890 1060182 358491 548604 60033 896465 805482 168154 818399 621011 800733 409861 979551 813625 610743 963872 839317 984046 410108 516726 1029590 92992 433365 738263 486567 548067 63335 889456 415653 534463 530194 324075 681797 207407 290800 304849 477450 526736 566568 346247 609137 719622 841504 105230 660536 696719 871588 822677 516555 405922 732191 677534 844740 740901
313872 307204 477068 353536 258453 222762 465833 470862 505845 546129 425670 559110 185407 205794 483257 999999999 578608 548279 469598 528007 492443 164030 438420 474032 451511 550316 419697 424955 150701 320697 478118 306106 188840 183360 484364 321919 406414 448405 173839 380716 217164 457600 621639 475873 217132 489329 650808 577469 155740 289703 435298 413588 370636 594689 366467 417301 335893 74141 508774 378759 405015 503303 360090 509141 106555 119674 566914 452611 65329 498852 62615 463831 529115 407457 314969 521958 173872 181570 198843 600902 213258 268252 494030 98998 83431 353358 128170 349663 365868 466293 529983 587647 446152 361532 37052 185415 392761 231455 525553 262399
448415 517581 482219 648491 560585 415386 717507 1049346 72870 695873 726518 880286 756927 504473 681177 578608 999999999 1118611 562736 675982 1055946 574874 535328 1051309 844950 895911 920716 620684 700672 367774 402244 820003 413835 641885 1059354 713568 240067 1026865 466337 891760 781965 854481 44696 750388 498908 991034 912644 866309 489356 293664 625827 788941 517997 849311 564549 988803 820588 559862 937363 901204 976161 669637 678414 742672 498166 698259 720603 589478 610938 187864 517075 1007197 670101 734127 838404 1044914 415055 500868 634302 886838 506386 429708 210501 497044 604345 833013 639558 917657 809944 754486 52256 15866 968214 847984 601987 416828 333361 508360 1097179 727081
741048 686440 965603 607433 716141 760621 821007 158708 1046847 771951 763557 592886 363674 708694 869014 548279 1118611 999999999 922923 767472 74435 560000 903149 103491 674753 769217 295471 841934 418348 795365 901081 477942 706418 496834 75199 505854 953430 143556 705459 292127 336674 475484 1159874 806685 720170 274635 908940 638326 682312 824963 850123 508672 734550 883463 694945 264398 365708 591055 424280 268849 270975 744101 582479 681980 647400 433875 775803 890588 537381 1006362 606024 386907 931234 569702 456573 457562 703558 693428 512235 857500 713160 791350 1040442 621647 514440 535063 482450 200954 419155 790668 1067925 1125981 234775 349723 519745 731377 863138 648360 24557 437583
663258 698877 88089 792757 218217 295901 179457 789978 514457 955830 216484 1020340 613589 265166 127544 469598 562736 922923 999999999 934951 890069 610596 35863 824684 357710 365640 878558 94546 610460 610319 763879 462444 500730 648923 848284 784896 333957 787011 313758 837935 651237 926135 600994 214702 254609 944312 352429 1032890 322239 466183 91642 878408 748606 290993 768349 690846 802825 396276 978059 830668 679479 914517 807784 945046 377311 531070 980278 40173 433372 636811 456359 636491 107807 861869 485986 634663 473446 290721 660742 333444 257325 234917 355308 489264 551487 429527 597620 755456 835465 225307 546263 578475 893414 827189 505941 347352 651310 631324 898372 731920
276845 236624 905380 188149 759917 639052 980568 801717 633648 21501 947167 248426 549180 687397 986175 528007 675982 767472 934951 999999999 693315 365027 899351 763105 978681 1078321 474390 920457 483406 348023 278819 810015 434253 373425 749105 276342 693865 765168 628589 475711 537930 307159 695845 995696 694872 516940 1175083 215727 627707 496987 930539 260141 188723 1116451 167795 815342 406597 591514 387164 499933 807156 26218 199840 98697 577296 572807 47246 931921 592057 490099 504815 916409 1019763 197969 811119 991262 461536 662137 351322 1126587 695405 700069 759373 461270 456774 868377 433898 617585 348689 987890 630557 672066 536891 418690 506340 587880 349186 308829 757515 364413
669951 614112 927208 533166 678249 709679 800443 177660 984724 698009 743587 523440 307090 663973 845345 492443 1055946 74435 890069 693315 999999999 491653 868138 115383 666528 765577 222673 813141 355543 726337 828481 461174 642499 427312 84128 431580 898848 148569 655542 217783 276583 403573 1096567 789065 675673 209030 904042 568409 633068 762442 821826 434909 661252 873732 621164 269786 291332 540842 356814 194414 273134 669848 508085 608486 594668 382701 702200 859624 488166 938556 547852 400441 906431 495469 441638 476778 641298 646939 441809 851501 669010 744263 986395 560090 451903 523117 417147 143154 344851 773433 1004819 1062799 163435 275324 461793 677334 793177 578299 65918 364688
191050 158652 602425 190236 411851 328203 626553 527932 506648 382715 588521 409972 228039 347309 639698 164030 574874 560000 610596 365027 491653 999999999 576922 511441 613659 713752 347700 577960 156335 235564 361047 451449 167771 67021 511301 177656 464914 497166 297472 317127 236953 326076 612993 638307 357015 418973 814552 422805 288607 288625 588302 271279 221922 757834 208118 505268 248539 232247 393678 326403 494561 339994 199644 346157 233731 220247 403118 599212 227205 446917 154774 582152 681155 251567 455461 650194 178912 321324 62325 764855 355391 386210 550225 123918 93671 506368 88515 363782 251655 629240 522771 579905 393366 276372 141479 277397 304866 94475 541068 155578
627445 663377 77354 758176 191804 260337 192610 773465 484829 920254 221542 986834 586997 233059 147312 438420 535328 903149 35863 899351 868138 576922 999999999 806114 361377 379355 850165 98225 581165 574499 728397 449556 465105 616480 828868 751858 303204 768997 279658 809705 624558 893984 574515 227798 222172 916614 377494 998851 289065 430656 99132 845491 712873 314675 732867 676300 772803 365648 947177 803124 664669 879001 773557 910109 344134 504258 944742 54436 404681 603805 423057 628253 139180 827953 473100 630954 437894 258280 627854 354696 225374 199282 330247 455068 519702 421380 566158 731933 804164 236422 516862 550971 866611 797496 475010 311941 615833 596162 878594 700423
699581 651410 870490 589917 621558 677611 718545 62394 978801 770369 661031 617196 295697 619597 767268 474032 1051309 103491 824684 763105 115383 511441 806114 999999999 571304 666260 312109 742001 359677 745804 865539 375278 644429 453447 32643 490329 873855 40065 621681 295069 276271 491471 1093695 703699 630795 314945 805871 660543 597973 758994 749973 512206 704997 779993 669913 162211 356876 508740 456788 269288 168065 738327 568638 685525 567544 355554 777589 791501 454622 951622 534534 288896 829744 566381 353632 363252 638177 606120 471729 754280 623517 704006 959807 555911 452529 431668 427449 151146 417683 687637 1001713 1059680 261098 348150 449328 652452 816165 603999 80576 410840
753974 757201 438602 799051 288516 448325 187607 520209 780926 996293 141240 974363 484002 358128 246631 451511 844950 674753 357710 978681 666528 613659 361377 571304 999999999 106545 741006 264380 523618 737590 904088 211838 598116 615402 601427 746884 606103 531259 414941 701614 515915 853852 888393 158174 359347 790715 238696 1001656 400367 637540 266127 828028 819762 208786 817937 412438 700137 395576 875679 684551 404520 953626 800585 951943 431072 423985 1016240 317559 386798 853773 485573 315745 306424 839870 227610 290516 571831 372930 635580 185480 353329 417773 662441 532327 522989 144971 552774 562815 753509 142691 812887 859275 730714 716099 472549 473575 801671 680901 651727 665895
845665 853230 452838 900885 358325 519408 186891 612263 836105 1096364 169561 1080149 590501 433475 239570 550316 895911 769217 365640 1078321 765577 713752 379355 666260 106545 999999999 847027 282602 629135 823328 989971 316963 685688 718665 697242 851482 655926 626449 493765 807783 622458 960148 938007 151596 432388 895847 139946 1106913 482392 712909 280357 933587 914941 130166 915676 504996 806662 490001 982194 790452 498268 1053567 903504 1054687 519198 529462 1116854 327829 486569 923374 579655 395544 286662 944030 331315 353071 658493 451919 738436 90907 427501 479912 701721 626011 624538 249185 656121 666690 859829 143663 868481 910881 835584 822639 573511 551366 884421 776916 746830 771426
495484 431343 894996 328683 660583 639597 832356 364302 853628 477739 780228 305110 270052 621994 865622 419697 920716 295471 878558 474390 222673 347700 850165 312109 741006 847027 999999999 818558 270290 564473 638606 530483 514799 281608 290452 230288 804562 327220 593336 41026 233178 181325 957478 830352 633728 71741 976658 348786 575343 636253 828442 214370 467776 934088 422891 418372 100224 487578 149630 57115 415335 451890 300255 386771 525272 349816 480706 855751 445484 778776 457517 546072 920614 278139 518332 627103 522643 599299 286753 923029 628870 687871 891649 451218 349786 598618 303489 199328 131653 816630 868475 924925 62592 73415 382882 595920 623320 415521 288396 193635
657096 684112 174725 765753 166770 291590 97454 704427 565405 940721 123689 983483 549662 233492 68686 424955 620684 841934 94546 920457 813141 577960 98225 742001 264380 282602 818558 999999999 555655 614053 775051 373840 491119 608078 766892 746335 382903 703586 292020 777587 587229 881643 661448 131790 225614 881745 296381 999871 293424 479972 10361 838493 738663 231892 752668 603140 749262 350928 927205 768131 592112 898459 777531 920748 346222 468745 964257 54772 379134 671333 423821 543621 104203 828784 397245 540237 462867 259179 622360 266402 225410 236167 420919 462595 508369 337039 552259 682479 787254 139052 597795 636050 828322 772176 459435 337992 663505 612206 817450 685368
347385 310000 624720 295349 393547 373071 580741 372428 629257 497623 533030 451149 72210 351761 607592 150701 700672 418348 610460 483406 355543 156335 581165 359677 523618 629135 270290 555655 999999999 386962 517224 332977 288091 113225 362819 225633 550303 342698 324447 230680 83469 334526 741656 584073 363474 339116 746368 478108 305627 407044 565786 304454 370710 696476 347110 350496 193607 217305 371985 228061 340195 457219 288692 438013 257188 99673 513616 589549 177401 592103 196782 436314 659198 319882 331022 508945 285790 329016 135530 693791 358699 418689 638204 204629 96374 396341 68642 217671 235720 572000 649765 707801 295528 216978 114755 333005 458202 250801 397481 142295
82125 150281 568983 281523 471304 322464 689905 758893 309441 369497 669056 518844 455704 394221 682512 320697 367774 795365 610319 348023 726337 235564 574499 745804 737590 823328 564473 614053 386962 999999999 166695 623893 140255 299050 746592 347711 345858 729653 332242 539867 469862 486715 399782 712103 398020 632689 894930 510241 341225 151010 623382 421172 164010 832012 204492 725207 464693 349870 569963 553054 713628 333737 310989 392507 306622 425023 395268 614409 379765 214659 265471 783696 705258 367514 634474 842610 165781 373009 285733 852289 401242 379737 413117 222013 300532 664229 318581 599186 446444 708010 316415 369141 617006 491058 324291 278287 72818 149926 776597 373132
170539 214854 714144 313967 636879 484383 853885 886861 368551 297441 834754 507067 589081 559846 843721 478118 402244 901081 763879 278819 828481 361047 728397 865539 904088 989971 638606 775051 517224 166695 999999999 783965 306107 412717 861519 408375 468310 854745 498061 622877 596021 517386 418845 877027 563143 699605 1059654 484175 507726 297763 784078 453563 170904 996347 217521 865887 544939 514118 604606 641052 854981 277001 344804 358228 473024 572399 321214 771469 540091 214465 427226 935523 862685 387748 793058 998311 332283 539174 393845 1017801 566691 539101 517020 381761 443183 827327 449516 714908 508935 873389 360302 396896 697635 567665 475837 442865 112570 266660 884940 463818
619641 606932 521168 623866 287353 405172 343292 332494 749119 825714 285760 776661 282148 320023 393021 306106 820003 477942 462444 810015 461174 451449 449556 375278 211838 316963 530483 373840 332977 623893 783965 999999999 486215 437151 402980 558453 598917 335667 353839 491612 310663 652359 864697 328973 327913 578979 450085 807238 331335 561472 380868 632745 670896 414325 659469 229381 495658 278769 668107 473745 218551 784105 620284 770608 334694 237593 843272 426185 244225 782011 358434 190916 455958 652785 23558 226468 465074 319788 458971 396585 320001 404183 674324 402599 357818 68161 376118 351308 552235 313078 778458 832183 518891 509596 313897 406547 694623 533346 453956 472418
166138 198821 473875 307100 338937 204867 560229 649345 343480 455191 535243 548677 348771 262545 558495 188840 413835 706418 500730 434253 642499 167771 465105 644429 598116 685688 514799 491119 288091 140255 306107 486215 999999999 233192 649859 333534 301163 623390 200869 482891 370623 483548 454083 580160 268048 586285 762889 551879 206023 122091 500930 423185 248465 700981 268322 603999 416133 210029 556903 490249 591919 414146 328846 450967 167094 302602 479788 498759 243210 311711 129059 651988 587752 387218 497890 707576 28338 239363 229942 718505 270100 265825 384609 91537 192448 524598 225729 505739 417481 574940 362433 420356 558171 443997 200706 154265 208810 138343 685551 323348
246265 200606 648069 186727 441385 377606 647935 474428 573539 388688 605616 375759 184114 383758 666592 183360 641885 496834 648923 373425 427312 67021 616480 453447 615402 718665 281608 608078 113225 299050 412717 437151 233192 999999999 451164 138613 526461 442038 340385 250299 184643 277737 680002 656310 394388 353118 827488 395046 327847 354766 618431 230479 259290 773512 233956 461692 183327 257175 337839 259384 451786 347380 185291 336688 273088 199606 406138 634117 237852 512073 195589 549466 712169 226725 437737 621540 241872 358261 22420 776288 391622 432790 612681 176456 100044 497162 62632 303698 193721 645915 589788 646924 326392 211212 150885 328943 366315 151707 478626 92250
697349 646828 892006 579442 642661 692414 745924 94716 987106 755583 688498 595260 302430 637505 793822 484364 1059354 75199 848284 749105 84128 511301 828868 32643 601427 697242 290452 766892 362819 746592 861519 402980 649859 451164 999999999 478862 887163 70995 636811 276753 279519 471173 1101304 731842 648864 288125 836704 639218 613361 766228 775045 495279 698688 809962 662043 194112 342552 522991 432430 251307 199464 724688 556960 669127 580684 367453 761866 815726 468998 954612 543766 321491 856035 551583 381772 395868 644989 623054 468485 784914 641728 721037 973662 562709 457436 460800 429459 147596 401672 715860 1009276 1067318 236570 331648 457867 665261 816107 602587 50985 402536
272278 204919 779682 101586 579579 505828 786325 526291 650926 286536 743351 237210 282471 520051 805175 321919 713568 505854 784896 276342 431580 177656 751858 490329 746884 851482 230288 746335 225633 347711 408375 558453 333534 138613 478862 999999999 634697 490081 473439 217399 265768 150141 747099 794165 530356 292286 963673 257212 462797 446312 756693 93836 237505 910657 192931 539920 140555 395574 225726 238152 532103 250694 78319 215273 407724 323939 298373 771330 375657 558443 328885 645433 850346 94373 555704 722353 350285 494294 124310 911999 528016 563499 717589 301520 238656 621943 198344 342435 101477 783496 661599 715893 290096 160536 289318 455035 399883 207351 492927 90084
420631 478144 263079 601193 325591 199467 478954 861773 182593 715346 486481 844631 591770 278896 445722 406414 240067 953430 333957 693865 898848 464914 303204 873855 606103 655926 804562 382903 550303 345858 468310 598917 301163 526461 887163 634697 999999999 844437 255519 769372 623203 784695 282737 511288 271232 876256 677594 843352 279738 199326 388678 723900 507889 613594 542929 788263 708978 365363 857472 772647 775531 679084 625703 732534 306489 519860 741110 356089 419446 307979 353541 789299 441569 684507 619126 819579 286095 281518 526997 649284 279098 196598 87903 353387 458255 603987 502389 755967 716533 514913 214938 254961 841242 736760 438141 222059 360609 434524 930279 618588
687043 641821 834200 587899 585748 647057 678960 37429 954164 773475 621423 630922 275376 586371 728009 448405 1026865 143556 787011 765168 148569 497166 768997 40065 531259 626449 327220 703586 342698 729653 854745 335667 623390 442038 70995 490081 844437 999999999 590922 305748 260270 503262 1069658 663870 597415 337844 766001 673224 567023 735772 711456 519129 697346 739938 664302 123238 361437 479078 474857 279919 128477 739969 568263 691059 538786 328983 781958 753456 425023 932647 509809 252134 790591 570149 313876 328234 615672 573762 461349 714341 590027 671420 929801 533680 432841 391652 411199 147665 423942 647788 977812 1035644 281022 355710 425705 623823 800829 590804 120516 407125
366887 392130 307760 479308 139110 56269 359490 607041 395281 648952 336818 707443 351016 62075 358548 173839 466337 705459 313758 628589 655542 297472 279658 621681 414941 493765 593336 292020 324447 332242 498061 353839 200869 340385 636811 473439 255519 590922 999999999 554518 385819 617947 511017 380273 67212 663145 563153 719207 24221 222880 302043 567249 446936 500726 460839 532913 507360 114714 676086 552488 520177 606827 494026 632546 68512 272849 672670 305319 168078 441707 144952 541097 391508 548298 372067 579489 172542 42085 350112 520053 69378 94580 339254 175507 247956 371816 295439 512573 531892 375830 424702 478383 619647 533633 210476 58687 390870 320935 681760 427945
473946 412081 855146 318427 619890 601533 791426 343158 823775 480869 739404 325805 229041 582098 824598 380716 891760 292127 837935 475711 217783 317127 809705 295069 701614 807783 41026 777587 230680 539867 622877 491612 482891 250299 276753 217399 769372 305748 554518 999999999 192230 197519 929313 789581 593861 108645 936766 367557 536163 604795 787464 218816 452828 893754 409866 389090 77939 447787 181382 25865 385190 452108 291939 392796 486672 308842 485996 814935 405054 754520 420307 514502 879603 277777 480022 595490 489374 559622 257668 883156 588907 648968 856737 416060 312780 559773 267207 169269 127086 775913 839590 896461 77146 57787 344066 558654 601099 390093 281821 166752
427309 385216 674897 351215 433146 438011 599196 291122 710173 550040 547325 468081 37677 403429 632799 217164 781965 336674 651237 537930 276583 236953 624558 276271 515915 622458 233178 587229 83469 469862 596021 310663 370623 184643 279519 265768 623203 260270 385819 192230 999999999 342098 823360 597625 415316 294521 748126 501075 364711 488345 596977 327566 443535 703285 415205 279835 185024 272604 359957 180991 270745 511793 338494 480744 321780 120301 563397 626388 223638 675571 271288 379702 688494 358155 302961 456711 366933 383252 205394 694668 409533 477913 710949 284972 178204 378085 151297 135736 242408 584112 731376 789439 242177 200196 185358 402577 540716 330862 315265 175686
406940 337576 925426 209109 715730 653149 913732 540667 794357 306840 867157 129904 370746 661040 937416 457600 854481 475484 926135 307159 403573 326076 893984 491471 853852 960148 181325 881643 334526 486715 517386 652359 483548 277737 471173 150141 784695 503262 617947 197519 342098 999999999 885913 918218 671817 211481 1080362 170142 605568 594812 891946 65878 352042 1030988 303032 582351 158794 531688 87220 223343 577363 287758 177987 212730 550822 432963 306121 910179 504083 690583 473013 703333 985835 129675 645058 783724 500411 635704 268388 1027546 668834 709674 867206 449207 374820 719295 329585 364174 100373 906351 803001 855731 240709 152545 422338 603037 530696 354421 469430 196515
479018 548380 518949 678575 604665 460068 758528 1092485 116812 715232 768775 906794 798901 549059 720977 621639 44696 1159874 600994 695845 1096567 612993 574515 1093695 888393 938007 957478 661448 741656 399782 418845 864697 454083 680002 1101304 747099 282737 1069658 511017 929313 823360 885913 999999999 791699 543423 1027396 952009 891000 534012 335114 666329 820166 544687 888986 592140 1032787 857265 604042 969680 939379 1020159 690987 708916 766381 542377 741313 739510 628834 654896 205848 559866 1051836 707923 763704 883083 1089602 456482 545554 671655 927239 550920 473838 246395 538672 645441 877602 679716 958959 844589 796138 92029 34019 1006003 884491 644397 461324 359566 543482 1138625 763920
745184 762781 301430 828537 241314 394819 35338 657894 693131 1015028 51061 1029757 561696 318200 91746 475873 750388 806685 214702 995696 789065 638307 227798 703699 158174 151596 830352 131790 584073 712103 877027 328973 580160 656310 731842 794165 511288 663870 380273 789581 597625 918218 791699 999999999 314084 887575 182881 1051248 374348 588796 128945 882588 821434 121148 829028 551383 773884 406207 953009 776207 541951 972207 835959 984433 420117 487817 1037255 176378 418538 790717 490919 468119 148616 882550 350114 448384 551991 340799 673614 142347 310988 347353 552490 534740 557110 273910 595867 670791 819792 16389 725568 765609 830182 793813 505621 434174 767737 687761 782797 722881
434095 458632 261285 542206 74337 89025 292551 609671 430551 715113 271876 766177 378663 11888 291623 217132 498908 720170 254609 694872 675673 357015 222172 630795 359347 432388 633728 225614 363474 398020 563143 327913 268048 394388 648864 530356 271232 597415 67212 593861 415316 671817 543423 314084 999999999 701902 496916 779798 68673 280568 235736 623815 513968 434158 527078 526820 552773 146176 725696 589349 514210 672846 555546 696438 123284 296706 738647 242293 191678 494481 202314 518606 326386 608576 348502 548712 239715 36126 406156 454684 7941 77039 347086 238120 297636 334436 344304 534328 582326 310251 461522 512101 654894 578074 254025 120398 454657 386616 695973 478471
561800 496219 963150 386606 726107 710124 891303 373134 924358 517759 838018 319832 332089 690110 926717 489329 991034 274635 944312 516940 209030 418973 916614 314945 790715 895847 71741 881745 339116 632689 699605 578979 586285 353118 288125 292286 876256 337844 663145 108645 294521 211481 1027396 887575 701902 999999999 1028174 365810 644701 707591 891497 259212 528812 988062 482452 442644 170676 555959 149911 113728 441573 496180 356735 424065 595317 413700 517595 920418 512281 846468 528571 573877 982911 326440 564910 654308 594339 667859 357698 974540 696834 757577 963372 522891 420910 646668 374871 232747 190927 873413 938780 995007 61273 143088 452704 666965 689806 484546 273505 264236
927641 943656 438624 1004342 424160 576547 206724 752167 860147 1194091 228584 1196627 714418 501079 231890 650808 912644 908940 352429 1175083 904042 814552 377494 805871 238696 139946 976658 296381 746368 894930 1059654 450085 762889 827488 836704 963673 677594 766001 563153 936766 748126 1080362 952009 182881 496916 1028174 999999999 1220706 556955 769848 289636 1049366 1002997 64584 1009165 644827 930261 583805 1107822 920644 637965 1151210 1009978 1159845 601676 647411 1215854 323203 590375 967194 670530 534736 249458 1054201 466300 488349 734754 523559 845931 53649 493867 526788 707274 715175 729871 383658 765776 801338 980557 188236 892426 928239 968513 947868 678208 616877 950009 868185 886447 887811
428829 365871 1019825 244817 833254 744690 1042916 710609 815763 204084 1000477 46397 525647 770112 1060182 577469 866309 638326 1032890 215727 568409 422805 998851 660543 1001656 1106913 348786 999871 478108 510241 484175 807238 551879 395046 639218 257212 843352 673224 719207 367557 501075 170142 891000 1051248 779798 365810 1220706 999999999 711314 644685 1010229 174493 349440 1167868 305773 751519 324297 650365 216936 393340 746183 209550 225725 125969 656518 577681 190289 1022017 632710 686244 577575 870588 1103450 171252 802074 950514 574628 744128 378626 1168881 778192 804682 918691 543811 494765 872649 455538 534087 261287 1040667 817705 864428 405037 321637 545918 692530 532972 413543 634276 335987
370868 391960 322163 473548 133602 80425 355452 582954 418020 647793 329228 698123 329463 59939 358491 155740 489356 682312 322239 627707 633068 288607 289065 597973 400367 482392 575343 293424 305627 341225 507726 331335 206023 327847 613361 462797 279738 567023 24221 536163 364711 605568 534012 374348 68673 644701 556955 711314 999999999 239736 303627 556429 448579 495327 459953 508707 491038 92452 661630 533407 495970 605388 486913 627891 55083 250414 671124 310918 145085 459920 134124 517868 394862 540123 349197 557343 178020 34434 338810 512516 68037 113466 363361 169528 232958 351361 280205 490235 517722 368931 447152 501233 600187 516972 192725 76767 402340 319050 658549 413717
221779 279044 419741 404063 354602 194385 563140 759707 222313 518487 550134 647371 463867 280173 548604 289703 293664 824963 466183 496987 762442 288625 430656 758994 637540 712909 636253 479972 407044 151010 297763 561472 122091 354766 766228 446312 199326 735772 222880 604795 488345 594812 335114 588796 280568 707591 769848 644685 239736 999999999 488661 532021 309572 705749 343629 705901 537138 285191 671712 612334 693466 481194 429802 533211 226815 408889 544160 474001 330916 221142 227177 739597 565226 488555 576609 787509 121412 264716 350287 730961 285710 244009 274944 203558 310696 588768 346827 624013 535187 586915 243092 301153 680218 564950 310073 164205 185227 240693 803593 443927
666861 694160 174490 776056 177130 300937 94005 711929 571255 950821 124958 993842 559428 243690 60033 435298 625827 850123 91642 930539 821826 588302 99132 749973 266127 280357 828442 10361 565786 623382 784078 380868 500930 618431 775045 756693 388678 711456 302043 787464 596977 891946 666329 128945 235736 891497 289636 1010229 303627 488661 999999999 848842 748582 225283 762755 610236 759390 361277 937385 777905 599288 908577 787868 931027 356500 478626 974382 51469 389341 678757 434142 549032 93889 839139 404216 544277 472694 269405 632720 261011 235602 245049 424893 472845 518715 342771 562579 691581 797504 137292 603615 641248 837946 782256 469755 347647 672426 622346 825654 695658
341160 271793 873493 143366 671840 599480 875975 556422 729258 263445 831617 147317 351273 613420 896465 413588 788941 508672 878408 260141 434909 271279 845491 512206 828028 933587 214370 838493 304454 421172 453563 632745 423185 230479 495279 93836 723900 519129 567249 218816 327566 65878 820166 882588 623815 259212 1049366 174493 556429 532021 848842 999999999 286876 997764 237983 586417 158762 487565 152065 244014 580136 238111 112167 173982 501374 404126 267372 864386 464881 624722 422618 701252 942612 67977 627692 780421 441392 587725 217666 997161 621356 657298 805450 395193 330156 698198 287618 374225 95262 871447 737543 790076 276799 164057 379929 548526 464834 291330 499852 162161
88245 63964 716977 144563 582067 453060 803879 731006 466324 210123 774414 362338 442643 507384 805482 370636 517997 734550 748606 188723 661252 221922 712873 704997 819762 914941 467776 738663 370710 164010 170904 670896 248465 259290 698688 237505 507889 697346 446936 452828 443535 352042 544687 821434 513968 528812 1002997 349440 448579 309572 748582 286876 999999999 942580 49079 720780 374946 425001 438899 471669 710708 171704 175822 229062 401371 442165 235538 747223 435947 342904 335301 803427 836122 223886 676097 872089 276385 482868 238149 956353 515226 513762 577039 289154 314167 722803 307279 553851 338059 814834 468736 516874 527090 397153 357228 402729 185132 139220 719356 297180
866193 883855 378107 947967 362044 512759 142674 728926 796179 1135690 169441 1145077 668555 438700 168154 594689 849311 883463 290993 1116451 873732 757834 314675 779993 208786 130166 934088 231892 696476 832012 996347 414325 700981 773512 809962 910657 613594 739938 500726 893754 703285 1030988 888986 121148 434158 988062 64584 1167868 495327 705749 225283 997764 942580 999999999 949959 621153 883310 526128 1061790 878739 613302 1092846 954620 1103750 541252 598449 1157777 260258 535744 902611 611636 519506 191358 1000142 432524 481834 672769 461643 791385 49913 431360 462461 644853 655698 674984 350618 712366 764659 931715 128680 828491 864862 929209 901956 623347 553786 886396 808741 860362 836936
123568 69524 741612 96482 592357 472557 813318 698776 511126 188123 780888 316050 417931 519615 818399 366467 564549 694945 768349 167795 621164 208118 732867 669913 817937 915676 422891 752668 347110 204492 217521 659469 268322 233956 662043 192931 542929 664302 460839 409866 415205 303032 592140 829028 527078 482452 1009165 305773 459953 343629 762755 237983 49079 949959 999999999 694500 332314 426647 389952 429665 684907 146248 127501 189671 409868 425987 212094 764561 431481 391325 338656 782957 852129 174821 663022 853863 295053 494386 211830 961263 527618 533684 615131 294291 301784 714320 287791 519011 292212 821554 514762 563863 483024 353396 348532 421020 232715 141366 680570 259508
695394 660489 745705 630126 502580 588804 569185 107774 916034 826354 511697 712194 278320 516759 621011 417301 988803 264398 690846 815342 269786 505268 676300 162211 412438 504996 418372 603140 350496 725207 865887 229381 603999 461692 194112 539920 788263 123238 532913 389090 279835 582351 1032787 551383 526820 442644 644827 751519 508707 705901 610236 586417 720780 621153 694500 999999999 428546 429334 567961 364589 12737 789361 615506 751510 491054 301677 838095 655157 377892 915502 479796 132335 684206 628314 206122 211877 591027 508660 483304 593708 519028 603386 870279 512472 425278 277474 416795 219857 492454 535093 942251 999053 382520 429971 403754 574468 797929 599339 242482 450944
