NAME : synthetic_000645
TYPE : CTSP-D
DIMENSION : 100
GROUPS : 8
RELAXATION_LEVEL : 1
EDGE_WEIGHT_TYPE : EXPLICIT
EDGE_WEIGHT_FORMAT : FULL_MATRIX
EDGE_WEIGHT_SECTION
999999999 470333 670063 288173 390266 561552 344549 75449 617268 327905 691971 518912 765690 538680 236419 287570 493265 243844 272243 626408 210598 560229 630710 614326 115868 120078 339668 267204 403572 491499 215822 603856 381868 803835 778395 628665 508818 383798 488731 717055 297754 531370 532504 753691 275026 783640 643092 884215 498084 806977 44562 154841 148713 497194 444891 137647 649122 667242 342637 163940 671489 505915 295579 291297 118062 429036 327989 285880 686288 818326 259390 554092 570871 745383 723919 595388 517961 661921 344655 428783 609073 425907 623625 491789 717838 708359 99023 589858 649786 676939 513411 138204 122432 421369 127638 483606 538297 513223 514949 532123
470333 999999999 240802 520514 109661 227023 180011 471035 814101 798200 272018 861804 982321 877617 604761 392536 258594 684583 321652 386364 529141 294258 256310 469887 447378 454205 796783 659115 585072 40887 324063 891085 92623 1024257 442272 176629 796160 246068 410361 576104 766766 90611 761299 943616 638418 990965 228611 584213 500244 1037522 501078 350650 601144 447935 573375 437784 252935 361718 467698 572604 589020 264298 702372 683472 357598 225953 763474 503019 330722 605951 594018 215326 509136 485392 327434 676208 598710 872292 814037 97961 651156 594142 352868 792680 943407 351406 552151 167074 931543 706185 294041 352441 533405 465505 348004 833535 89114 43387 88941 515810
670063 240802 999999999 628289 350350 405094 327836 686808 847379 992637 33458 962103 1007453 974510 747257 498025 247001 901726 447345 567279 668085 220147 92582 394192 616151 621169 1007929 887106 652820 252743 558067 960511 301515 1047794 235455 74835 875808 483722 404726 470789 966338 152453 817434 958741 773692 1010575 34552 379943 503575 1065236 707218 575032 812332 442386 619164 600105 59857 205349 546914 735894 516147 240633 928663 825584 569399 456535 983606 742426 139278 450306 827702 395659 472106 323433 97461 673841 613920 905229 1012414 242344 633736 653458 233228 879264 976653 150411 761723 299001 994456 670950 503887 572064 752505 505248 560524 939948 249586 205476 278656 503189
288173 520514 628289 999999999 497006 699355 341126 362496 342760 466411 637459 342345 503809 357529 146933 132312 388615 486399 198937 813048 91349 441423 555865 407562 176078 170081 539012 539726 115484 557069 437189 376838 433283 544598 645016 618506 279135 567195 289580 488014 461624 536158 266598 481694 157639 518584 594585 713195 250593 552301 325826 382068 399615 277340 160322 159184 584969 537520 97438 188904 424473 398321 557378 212689 326147 598350 562282 567174 584237 608448 546155 688892 334094 571682 643731 309460 236883 394078 495367 434627 329119 137735 485037 273168 458327 602336 364593 681562 420046 395490 694741 359123 406496 181112 329350 316026 608384 553326 598403 283895
390266 109661 350350 497006 999999999 202739 185868 379017 816251 714782 381275 829504 984302 846721 556870 380979 324455 588523 306874 335950 486835 373801 359102 533116 390509 398159 703445 556403 579303 110705 219880 873755 92761 1026187 543867 285697 776120 144017 451905 644157 680659 198938 754048 951024 593480 995341 336899 682858 530362 1037268 415388 254869 509924 485959 579187 385975 359328 455210 463697 513276 644830 333221 600489 633096 272837 137804 664986 393766 432688 689658 488009 192052 555435 574581 435220 699394 617543 873052 728114 156509 681939 592153 438198 769198 942385 454193 462870 200860 916529 742379 225713 260939 437793 481656 263128 798701 150605 149033 124962 551708
561552 227023 405094 699355 202739 999999999 381229 531067 1017770 870643 438350 1028970 1186033 1046567 751578 583369 485602 720212 509257 164674 684805 518108 455876 696687 582973 590931 838762 666377 781591 188447 355092 1076186 281418 1227961 635787 330388 978358 189519 634451 801776 832414 293692 956646 1151599 789275 1196640 409253 781069 720544 1239376 577134 409697 656780 671095 779396 581288 441239 572888 665463 701500 816031 491109 712009 825601 445070 140054 786581 466224 527931 823251 584686 11746 734878 698917 502439 893809 813591 1074875 879126 321183 872352 793975 572333 970951 1144527 545414 615838 110158 1119117 929636 114406 423671 577799 678104 436008 997426 162038 229319 142371 738545
344549 180011 327836 341126 185868 381229 999999999 370519 638924 664842 348084 683103 807381 698586 434776 212534 174114 582443 142234 521799 356916 238380 287032 363801 290255 295827 684040 580251 406530 218058 283222 711198 100011 849357 447147 295810 616149 309088 269504 476858 639083 203223 582836 771200 466079 817114 299404 569231 344579 861748 383821 275770 490146 301818 399122 275998 304579 340513 289111 412941 467259 186056 618514 514047 254426 318275 665876 476311 346950 542085 534018 369799 373689 441601 379787 514053 432851 696657 684908 96655 496078 416737 306523 612780 767204 369466 439299 344552 751895 556846 410591 265795 437574 297103 246799 655559 268740 212335 262241 366610
75449 471035 686808 362496 379017 531067 370519 999999999 692679 340199 711274 587112 840373 607058 308597 350320 531731 215078 323676 578576 286047 598940 656849 669894 187802 192955 325777 213303 477979 486457 176087 676217 388790 878269 814681 638627 582120 345461 545980 775733 303529 541390 607747 828961 346417 858514 662375 927701 563525 881034 54650 124915 130919 557858 517664 208080 672079 705107 411828 233651 734535 544419 248822 357561 117532 393435 296915 211116 717270 871589 189863 524824 633124 791494 748706 668148 589555 737078 350831 444676 679990 500138 664634 564417 792432 739720 85175 572637 722111 748053 470170 118794 67110 487349 126288 551508 529592 514422 503331 597136
617268 814101 847379 342760 816251 1017770 638924 692679 999999999 674088 844323 265153 168457 259183 398193 436161 605519 765719 509901 1144749 406829 628511 758334 489253 514015 507026 777883 838975 238966 854139 779890 165371 738608 210433 767861 863403 165116 903533 442659 494844 689596 802459 88681 138956 369217 179241 813217 771805 344211 223526 648112 724642 696392 405400 240754 499905 791751 687279 352569 474054 411800 609457 845179 393055 668682 930574 825978 902487 754578 621233 864119 1006618 393211 654829 825743 192929 233895 58600 704982 717974 245185 224263 637800 190503 130458 764964 674400 981082 174399 258912 1027384 701682 725157 352038 672062 278272 902878 837888 900110 349612
327905 798200 992637 466411 714782 870643 664842 340199 674088 999999999 1012522 454756 770608 472608 323233 545701 794570 184719 563684 904713 380224 858977 945504 868538 382661 379346 115722 277803 552056 818558 515627 578290 709596 798259 1076459 954911 515318 683272 744739 954182 43504 857956 588082 784118 330513 793358 964053 1165176 716986 791646 299396 464322 215198 739398 611670 402431 966903 964683 559146 283942 890289 806727 251434 288435 442532 731991 188526 469425 994300 1072413 355900 864668 800248 1023017 1039059 743096 688247 695299 31069 753750 776754 573614 916241 490098 724547 1015489 255067 911597 617489 836822 803099 454678 295594 645667 452257 423919 864356 841123 839736 750278
691971 272018 33458 637459 381275 438350 348084 711274 844323 1012522 999999999 967812 1002402 979675 760243 508716 251275 925864 461650 600259 681177 215871 86214 381411 633873 638594 1030730 913504 656198 285397 586465 961850 328723 1042349 204587 108249 879046 515983 402264 452027 987163 182555 817757 952547 785467 1004751 48960 348296 500113 1060294 729978 601449 835589 438942 619893 617071 53542 185344 553253 751957 501476 243480 954624 838031 593748 489435 1008189 772244 115229 424490 855559 428971 463419 298402 64726 667248 610453 901775 1032923 266721 625463 655661 219142 883459 972866 123028 784854 331859 994717 659807 537343 597666 777363 506878 585038 946640 283032 237818 312017 497454
518912 861804 962103 342345 829504 1028970 683103 587112 265153 454756 967812 999999999 319214 20105 286308 473958 716543 587979 540886 1126516 344630 759872 883333 670095 452434 444269 568154 675154 315507 897480 723358 126555 772974 344258 940819 958079 111214 877555 582017 709151 480812 878018 205772 341796 246835 342582 927800 975907 501023 336934 533787 661625 543131 554004 364350 449967 914432 843027 415213 354972 627719 724526 669018 230017 609511 915397 630299 793128 900164 839387 722618 1019146 575411 843994 965591 417398 411085 263163 483763 776972 467733 321596 790029 93656 275538 915465 539066 1020391 162891 503812 1008899 640166 596206 466962 616223 35808 948951 895425 937300 522011
765690 982321 1007453 503809 984302 1186033 807381 840373 168457 770608 1002402 319214 999999999 303810 535359 603745 768956 887493 677673 1311576 558238 787489 917006 635228 669130 661707 881742 967918 405720 1022432 939962 193011 907058 41975 910072 1027077 265351 1068873 603677 620792 793356 968918 237491 59876 501074 23731 973644 896190 504367 57943 792510 882944 828028 565358 408961 657099 950587 837994 520633 612468 540970 772141 968497 511523 827068 1097102 938835 1051452 907571 738970 1002272 1174907 542688 791410 979541 336653 394608 111313 800340 885962 383459 392150 790692 287955 48311 916171 812392 1149345 159457 372693 1193911 860018 866112 518966 831128 347320 1071014 1005613 1068495 504957
538680 877617 974510 357529 846721 1046567 698586 607058 259183 472608 979675 20105 303810 999999999 305592 488625 728486 607527 556355 1145165 362694 770658 894907 676795 471143 462979 586385 694938 325513 913565 742591 112457 789183 327577 949009 971672 113246 896187 591408 712857 499289 892487 205649 328803 266114 327324 940144 981317 508533 319527 553782 680919 563157 562547 372338 468286 926231 852336 427914 374748 630946 736247 688522 250066 628618 933749 649157 813198 910369 843021 742666 1036682 581496 850555 976348 418288 415996 253056 501389 792031 469305 330370 799443 99522 261144 925349 559172 1036857 146005 502959 1027455 659389 616309 477043 635258 55909 965006 910842 953729 528509
236419 604761 747257 146933 556870 751578 434776 308597 398193 323233 760243 286308 535359 305592 999999999 254500 518301 371879 300419 841752 79175 576205 682517 554427 169007 160936 405372 441081 230607 636659 437052 367670 512648 572066 785781 727462 273909 593083 435147 633796 323044 637714 310047 529314 39479 554578 714798 859062 396136 573718 258314 375330 298276 424211 289043 170913 709373 676405 243672 77116 567694 529120 449496 79275 323370 632519 439594 519079 718089 755223 467750 742316 480075 717211 773365 426317 366173 436442 353052 531430 456129 252877 624782 255821 487115 737340 277626 754051 413582 518519 724685 353865 330758 328030 330268 251996 687840 642671 672104 428782
287570 392536 498025 132312 380979 583369 212534 350320 436161 545701 508716 473958 603745 488625 254500 999999999 263872 522233 74117 708889 177068 322182 429101 330986 178348 177916 597824 554763 198337 430381 368667 498789 308702 645560 534871 486313 403638 470764 204641 430190 531640 404092 373431 572517 277135 615402 464694 619614 213919 656344 331751 324964 427785 209797 204945 155251 456939 424193 84829 263458 384456 274625 581726 330523 273738 495233 604488 531075 463671 536473 539990 572426 283430 477581 519204 344110 260210 492437 571726 303749 343364 211925 373653 400703 561451 483101 382635 556382 539856 410977 591942 303744 408984 139140 273056 448235 481237 423490 473572 247117
493265 258594 247001 388615 324455 485602 174114 531731 605519 794570 251275 716543 768956 728486 518301 263872 999999999 736722 230898 643751 440288 67237 167600 211717 412141 415234 829867 744529 405861 297658 457333 713757 233218 810034 285206 258127 628856 464361 167240 320499 774640 210555 571349 723223 540473 773865 212461 397568 265870 826298 535977 447469 641942 206438 373068 392151 197959 174024 302133 520172 330609 12697 780397 594249 419948 462069 820879 650368 201069 370651 704012 473913 255882 267518 255573 442177 374444 663875 818055 169902 408825 406543 133790 632622 735676 221520 591753 413318 748264 457298 544458 435516 598519 258747 413395 695466 335024 263350 345298 272750
243844 684583 901726 486399 588523 720212 582443 215078 765719 184719 925864 587979 887493 607527 371879 522233 736722 999999999 515255 735768 395449 803794 869456 852812 343885 344596 118619 94598 593446 697828 373035 701901 603731 920027 1021652 853561 622641 530694 726512 951654 141352 756394 677040 890509 396886 908755 876928 1127901 723648 917172 200749 334423 95496 730994 645899 366990 885788 910745 562741 302726 899664 749393 81235 376481 332329 580161 84169 289638 927665 1057940 171683 715676 801464 988656 961924 791767 723076 798099 178178 659470 815230 616476 867450 599550 839572 949926 144990 775271 745172 880855 641231 332430 151201 647278 341262 553498 738750 727925 710985 758051
272243 321652 447345 198937 306874 509257 142234 323676 509901 563684 461650 540886 677673 556355 300419 74117 230898 515255 999999999 635779 221313 295614 387141 346457 181511 184386 602295 535325 272430 358610 310830 571340 235741 719515 513885 427760 475322 400111 224164 453966 544295 340638 447480 645768 328842 689122 415346 613022 261585 730415 316533 274678 419763 241226 276039 161256 412013 401994 157584 291549 419996 243044 566799 379258 229229 422733 599146 485283 431186 548064 509450 498322 318398 473401 479856 409127 325062 566379 587343 236787 402720 285643 355330 471171 635527 452103 371095 483925 612907 468931 519264 255525 387476 194254 226310 513531 409787 354540 400911 291842
626408 386364 567279 813048 335950 164674 521799 578576 1144749 904713 600259 1126516 1311576 1145165 841752 708889 643751 735768 635779 999999999 783509 680058 620509 855459 674086 682251 852569 665182 905986 349941 410672 1186959 425525 1353187 799619 492988 1088262 248982 785188 962452 863299 457874 1077302 1281399 880883 1323932 573052 944936 866132 1362813 630845 472367 690536 820360 911327 677397 605390 737459 793289 781799 972656 650142 709411 909973 519791 214771 789402 452832 692345 987441 578125 175451 887608 863436 664739 1035093 952857 1200339 907652 475617 1017817 920711 735879 1077956 1268060 709564 658144 268487 1231368 1077768 118394 491605 610217 817038 512227 1093094 326702 392992 305770 886779
210598 529141 668085 91349 486835 684805 356916 286047 406829 380224 681177 344630 558238 362694 79175 177068 440288 395449 221313 783509 999999999 499249 603804 488669 112825 104951 448503 451439 200205 562112 387838 407663 437586 597329 710878 648638 309549 534632 366094 574711 372780 559484 322936 543813 109382 575374 635650 789138 338563 601990 243736 328154 310064 359225 250495 106151 630433 600734 179028 98449 513830 451297 467426 157982 273163 571256 470945 495693 640601 692197 463295 675132 420945 646931 694963 397803 327630 452597 408364 453533 419783 223222 549655 296417 510867 660138 277668 681550 453153 485616 665486 305550 323190 265728 278545 312644 613496 566228 599033 372428
560229 294258 220147 441423 373801 518108 238380 598940 628511 858977 215871 759872 787489 770658 576205 322182 67237 803794 295614 680058 499249 999999999 129824 186456 477125 479913 896235 811675 445389 330198 520884 747631 285967 827733 218657 250431 667167 516550 186481 284478 839893 228661 602864 738595 596227 790451 186767 331231 284310 845313 603062 513293 708931 223111 405685 456666 163286 107045 350152 582293 310520 54540 847625 650634 486849 509714 887957 714332 142822 315860 770452 506636 253739 204967 205719 453753 394687 686062 882907 217331 414451 443063 68249 673043 757273 161242 658811 435424 779647 454926 586895 501855 665744 294325 480181 740854 360446 289642 375804 283043
630710 256310 92582 555865 359102 455876 287032 656849 758334 945504 86214 883333 917006 894907 682517 429101 167600 869456 387141 620509 603804 129824 999999999 301817 563961 568110 970377 864278 570820 280981 547276 875811 289951 957112 185974 141450 793511 501113 316096 381828 922215 168258 731597 867630 706234 919671 62418 328938 414134 974864 670667 554284 777087 352934 533815 545881 33610 121770 469577 678670 424249 158905 903748 759482 539883 482113 952805 738219 74465 373496 812071 445323 379857 246639 93579 582468 524509 815879 967176 220663 541669 569892 141888 798287 887062 95237 726244 357751 908541 578373 543448 547727 723740 421039 531755 862752 294054 233155 317970 412201
614326 469887 394192 407562 533116 696687 363801 669894 489253 868538 381411 670095 635228 676795 554427 330986 211717 852812 346457 855459 488669 186456 301817 999999999 509099 508884 927737 880339 362875 508349 636301 630460 440610 673306 278853 434650 565363 669263 126358 113116 858342 413166 485106 581634 562587 634672 363685 310038 170548 692975 658883 612595 757960 130222 307077 486078 334405 204466 311027 584789 124168 205597 909884 617013 572818 670890 935367 823200 276229 205556 855716 685034 97111 173930 348506 299561 264536 543240 896112 381013 251892 351456 162323 577369 611470 282423 711598 619618 655178 278982 755437 595959 732781 226942 568672 658660 542973 471381 555506 148339
115868 447378 616151 176078 390509 582973 290255 187802 514015 382661 633873 452434 669130 471143 169007 178348 412141 343885 181511 674086 112825 477125 563961 509099 999999999 8165 422874 379967 291311 476344 275076 520375 354782 708675 695334 585811 422358 425142 382752 608130 362797 491476 432518 652207 207500 685665 586047 791148 384249 713916 157797 215365 249571 387481 329873 23143 586584 583442 227074 125226 558948 424386 404665 242965 160358 463760 426270 391170 611639 714431 375137 573851 459282 650118 657377 480371 402277 562069 405916 384603 493246 313129 536250 408892 622107 632843 205559 589681 565920 561153 556572 192730 237934 307417 165901 419084 526787 487529 508861 418491
120078 454205 621169 170081 398159 590931 295827 192955 507026 379346 638594 444269 661707 462979 160936 177916 415234 344596 184386 682251 104951 479913 568110 508884 8165 999999999 421673 382598 285469 483435 283053 512406 361590 701184 697916 591528 414438 433307 382528 607103 360282 497456 425235 645110 199378 678330 590884 792561 381933 706322 161153 223204 250732 386432 324979 23487 591031 586038 223849 118522 557000 427417 406525 235152 168312 471896 426596 397475 615083 714327 379468 581786 457674 651330 661457 475494 397890 554827 402993 390523 489087 307427 538510 400878 614627 636191 207643 597163 557971 556907 564733 200611 241632 305118 173934 410923 533958 494194 516223 416233
339668 796783 1007929 539012 703445 838762 684040 325777 777883 115722 1030730 568154 881742 586385 405372 597824 829867 118619 602295 852569 448503 896235 970377 927737 422874 421673 999999999 193472 635689 811859 490185 690292 713359 910513 1114885 962878 622863 649245 801797 1020544 88658 865440 690463 892700 420598 904210 981787 1214004 786370 904621 300765 448609 196143 801486 692842 445090 988599 1003192 625341 350184 962131 842406 156176 386051 440679 698708 79586 402911 1025268 1133210 279877 834158 867595 1072965 1063576 831527 770392 802563 91840 765753 861121 658137 957537 598061 835116 1047197 246360 892498 730453 923889 759489 444523 265937 711919 450018 536431 853980 840170 826788 820462
267204 659115 887106 539726 556403 666377 580251 213303 838975 277803 913504 675154 967918 694938 441081 554763 744529 94598 535325 665182 451439 811675 864278 880339 379967 382598 193472 999999999 651644 667093 336524 785621 585686 1001778 1026424 833095 702568 478588 755269 984090 234829 737480 750528 967554 470334 988584 864997 1140922 764178 1000078 223080 312096 143060 764389 699969 402744 877350 917491 606263 366876 938363 757202 45634 456726 325957 527555 124271 212562 927054 1083304 87504 663094 837971 1004773 954763 848883 775757 874716 268148 647466 867854 674660 877688 680397 919732 949613 175796 731778 829695 934867 578448 316664 147866 687351 333452 640149 703739 701823 674192 798378
403572 585072 652820 115484 579303 781591 406530 477979 238966 552056 656198 315507 405720 325513 230607 198337 405861 593446 272430 905986 200205 445389 570820 362875 291311 285469 635689 651644 999999999 624158 545483 310542 504998 447453 626971 656056 222995 664661 266687 421854 553598 584359 176314 376846 222612 417997 618296 672669 192492 458015 440665 492806 510048 240338 61457 273591 602661 527649 117442 291086 348183 412863 667002 271801 437244 691680 666093 682089 584866 549478 661026 770602 273823 535896 650993 198321 136242 294423 582350 491695 225525 23063 474602 227674 363120 599987 477558 750954 348379 288653 788496 469998 521134 151540 439639 299385 674184 612535 668771 219357
491499 40887 252743 557069 110705 188447 218058 486457 854139 818558 285397 897480 1022432 913565 636659 430381 297658 697828 358610 349941 562112 330198 280981 508349 476344 483435 811859 667093 624158 999999999 330578 929161 124754 1064380 466314 182456 833764 231483 451039 613418 785797 112796 800454 984052 671102 1031240 245794 609918 541128 1077489 519842 363500 617263 488702 613472 468066 273352 391717 506724 601357 628264 302836 711126 714939 376192 204347 775039 501198 355264 638970 598373 176849 549420 516697 344526 717081 639479 912259 833208 138838 692007 633620 386485 829765 983271 374998 569240 126988 969952 746869 263146 367729 546787 506077 366485 868700 51508 48385 48199 556595
215822 324063 558067 437189 219880 355092 283222 176087 779890 515627 586465 723358 939962 742591 437052 368667 457333 373035 310830 410672 387838 520884 547276 636301 275076 283053 490185 336524 545483 330578 999999999 795451 258640 980240 722329 499769 697381 170026 524951 748681 477822 406208 702483 918843 476523 955378 539046 850370 572406 986590 224138 62146 302557 548104 568601 283903 555489 620066 449356 372825 725495 469220 380705 501479 114763 217470 446829 193597 615848 823573 270185 349042 625191 724777 633344 712459 628759 830985 524778 326614 711242 564575 589132 683907 893684 638393 260747 402330 840985 778304 297881 83205 225116 503679 109414 688961 367951 366250 339130 602300
603856 891085 960511 376838 873755 1076186 711198 676217 165371 578290 961850 126555 193011 112457 367670 498789 713757 701901 571340 1186959 407663 747631 875811 630460 520375 512406 690292 785621 310542 929161 795451 999999999 807071 220232 908297 966330 98719 939103 562357 650369 602201 894579 146116 216456 329962 216233 925962 925161 470165 215487 625222 735359 648754 528942 342023 512839 908395 819108 425500 443094 567152 719885 783131 330003 680719 972831 749461 886291 882182 778957 826313 1065702 533377 801487 951180 347801 366072 145506 607815 799916 400613 307374 767399 112197 148999 895018 638364 1055101 45931 422577 1068574 712917 694103 455289 686204 154488 979937 920592 972184 483845
381868 92623 301515 433283 92761 281418 100011 388790 738608 709596 328723 772974 907058 789183 512648 308702 233218 603731 235741 425525 437586 285967 289951 440610 354782 361590 713359 585686 504998 124754 258640 807071 999999999 949030 469681 249839 710974 231316 360130 551983 679363 152726 681151 871181 546706 916964 280817 604182 441214 961210 414779 273726 517226 394880 499053 345200 296898 374040 387792 480008 552103 242562 627527 591208 272682 230336 684448 448323 360579 601280 526894 269940 463305 489398 374730 612851 532240 796213 726424 71401 593092 515890 352135 706316 866570 382878 467382 248327 848488 652331 317834 271905 453269 396689 263353 744033 176255 133313 165221 461272
803835 1024257 1047794 544598 1026187 1227961 849357 878269 210433 798259 1042349 344258 41975 327577 572066 645560 810034 920027 719515 1353187 597329 827733 957112 673306 708675 701184 910513 1001778 447453 1064380 980240 220232 949030 999999999 946928 1068127 299904 1110189 644430 655248 822431 1010521 278041 92282 537040 39223 1014068 929448 545093 23882 829829 922899 862731 605974 450909 697037 990709 876619 562538 649092 576410 813081 1001171 545055 867075 1138662 969357 1089384 946571 771347 1038004 1216841 581612 827359 1018646 375736 435600 153139 827609 927857 421416 434042 829788 321416 86596 954811 848407 1191287 181572 407082 1235463 899994 902622 560720 871265 374347 1112933 1047456 1110460 544929
778395 442272 235455 645016 543867 635787 447147 814681 767861 1076459 204587 940819 910072 949009 785781 534871 285206 1021652 513885 799619 710878 218657 185974 278853 695334 697916 1114885 1026424 626971 466314 722329 908297 469681 946928 999999999 307639 839414 686608 361630 302320 1058124 353885 762476 854726 802332 907913 226577 145317 440907 967420 820913 722321 927028 386923 576676 674577 194837 111892 549176 797571 372934 272600 1063490 857306 700557 668081 1105779 915268 111559 235567 980911 625720 375732 124926 141223 576906 542277 821230 1100800 398567 527314 619270 161248 849556 888553 91332 876736 532600 933856 542866 727751 712938 881715 478190 693332 926309 475552 418177 501347 424498
628665 176629 74835 618506 285697 330388 295810 638627 863403 954911 108249 958079 1027077 971672 727462 486313 258127 853561 427760 492988 648638 250431 141450 434650 585811 591528 962878 833095 656056 182456 499769 966330 249839 1068127 307639 999999999 877788 413898 424320 521456 926362 97468 826234 981010 756601 1031851 83221 452764 523496 1084425 663395 522217 766740 463272 628620 571806 117352 262973 544637 708735 558618 255238 875699 806586 522274 384498 934080 679442 204867 513669 769943 320882 503283 386468 172052 698546 632526 921827 973082 201822 662271 659313 280370 879069 993662 219449 716667 225115 1002527 705098 429298 521511 702986 514155 513023 933780 175187 137244 204850 527879
508818 796160 875808 279135 776120 978358 616149 582120 165116 515318 879046 111214 265351 113246 273909 403638 628856 622641 475322 1088262 309549 667167 793511 565363 422358 414438 622863 702568 222995 833764 697381 98719 710974 299904 839414 877788 999999999 840384 484835 599616 534207 803096 95093 269991 237727 286216 841287 868614 398507 300229 532223 637574 562927 454222 263846 414379 825504 744969 333836 350490 517711 635809 703512 246308 582710 874182 676339 792896 805005 729776 738195 967946 469506 738844 872344 306190 303248 179989 545885 706374 356668 224158 692391 25624 217194 819174 548808 959238 143728 392988 969881 615041 603485 372866 588052 115586 884766 826721 876188 417032
383798 246068 483722 567195 144017 189519 309088 345461 903533 683272 515983 877555 1068873 896187 593083 470764 464361 530694 400111 248982 534632 516550 501113 669263 425142 433307 649245 478588 664661 231483 170026 939103 231316 1110189 686608 413898 840384 999999999 578324 781531 644349 336596 832976 1041433 632126 1082194 474202 826493 647519 1118882 394161 229044 468635 609431 675518 428494 498995 599218 555579 534708 776185 473858 524195 662322 272638 49468 597690 285930 575168 832272 398945 185192 682526 718338 573173 807743 724022 957979 690794 299400 796517 680783 581669 829578 1024437 596349 429347 257771 983771 860079 131643 246324 389107 589956 264633 844199 249500 278247 217403 672327
488731 410361 404726 289580 451905 634451 269504 545980 442659 744739 402264 582017 603677 591408 435147 204641 167240 726512 224164 785188 366094 186481 316096 126358 382752 382528 801797 755269 266687 451039 524951 562357 360130 644430 361630 424320 484835 578324 999999999 229946 733381 375475 417028 556746 446869 607811 370604 423916 99339 661289 533260 495853 631733 39216 221353 359723 349370 261010 192153 460798 201082 169105 784166 501840 452935 587133 809016 707052 320362 331838 733221 622716 104206 282147 388828 274938 209346 500521 771878 313542 242988 261218 208043 492568 572010 334348 585616 572837 593544 295830 677611 477917 608005 116570 449513 565862 493459 422896 499231 106535
717055 576104 470789 488014 644157 801776 476858 775733 494844 954182 452027 709151 620792 712857 633796 430190 320499 951654 453966 962452 574711 284478 381828 113116 608130 607103 1020544 984090 421854 613418 748681 650369 551983 655248 302320 521456 599616 781531 229946 999999999 947369 512975 510726 563169 636497 616025 444027 277296 237661 676885 761461 723491 857697 220672 361184 584987 411692 266687 395885 672739 83266 312993 1011869 689263 682183 781951 1033088 934456 338324 130241 963166 790224 153941 177703 407041 303110 299366 542581 982803 490399 250266 405743 241105 615524 605063 337441 812821 719598 668089 248209 864914 706297 837224 309091 678438 703044 644919 573987 659711 205456
297754 766766 966338 461624 680659 832414 639083 303529 689596 43504 987163 480812 793356 499289 323044 531640 774640 141352 544295 863299 372780 839893 922215 858342 362797 360282 88658 234829 553598 785797 477822 602201 679363 822431 1058124 926362 534207 644349 733381 947369 999999999 829106 602380 804045 335388 815764 938475 1150957 711273 816843 265972 428291 175716 730276 611928 383689 942598 946234 551492 274633 886053 786962 210036 298559 409674 693293 152411 426221 973168 1063176 312405 826691 793693 1009101 1015783 747798 689188 713923 47455 726010 779080 575723 898769 509405 746634 994646 218477 876045 642740 840793 762785 419853 255600 638284 419362 448648 830764 809897 805485 745019
531370 90611 152453 536158 198938 293692 203223 541390 802459 857956 182555 878018 968918 892487 637714 404092 210555 756394 340638 457874 559484 228661 168258 413166 491476 497456 865440 737480 584359 112796 406208 894579 152726 1010521 353885 97468 803096 336596 375475 512975 829106 999999999 758205 926115 668324 975509 138116 497180 471844 1025472 565934 425950 669307 414546 563368 478397 162583 280157 469427 615331 536108 212366 779710 716986 424878 314672 837172 589999 242629 529595 676194 282591 466333 405812 236843 649283 577108 861056 875888 107011 618321 590066 279040 802501 932860 262650 619208 206782 932681 667841 375736 424617 605994 450431 415654 852181 132835 65568 152345 481893
532504 761299 817434 266598 754048 956646 582836 607747 88681 588082 817757 205772 237491 205649 310047 373431 571349 677040 447480 1077302 322936 602864 731597 485106 432518 425235 690463 750528 176314 800454 702483 146116 681151 278041 762476 826234 95093 832976 417028 510726 602380 758205 999999999 221228 280579 253243 782922 783059 324081 285915 562028 645659 608070 383096 198310 419895 764411 673028 293755 386275 428028 576925 756509 304985 589745 862562 737614 818258 736414 640448 776816 945760 388141 656974 805713 212771 220571 129681 619069 667470 264247 168188 621398 117326 191730 749056 586880 927266 177029 298050 959263 622718 638290 312650 593712 209923 850413 788269 845075 337978
753691 943616 958741 481694 951024 1151599 771200 828961 138956 784118 952547 341796 59876 328803 529314 572517 723223 890509 645768 1281399 543813 738595 867630 581634 652207 645110 892700 967554 376846 984052 918843 216456 871181 92282 854726 981010 269991 1041433 556746 563169 804045 926115 221228 999999999 497521 53188 925213 837836 457514 113759 783141 863482 825974 517962 372217 638495 901240 785276 488185 606113 484146 725775 970950 514280 807516 1067626 946086 1039374 855553 680157 996952 1140325 490694 735078 927716 285325 349270 92922 814432 846499 329828 360888 738908 294642 72816 863462 806849 1110659 192833 314965 1164388 840520 858955 478340 810958 365902 1031826 965194 1030708 455554
275026 638418 773692 157639 593480 789275 466079 346417 369217 330513 785467 246835 501074 266114 39479 277135 540473 396886 328842 880883 109382 596227 706234 562587 207500 199378 420598 470334 222612 671102 476523 329962 546706 537040 802332 756601 237727 632126 446869 636497 335388 668324 280579 497521 999999999 520806 740788 869936 399585 537942 295281 414809 328454 432672 283264 208039 733955 694219 254802 113157 567212 550865 476007 55051 362780 671240 460546 556335 738767 760395 501198 779903 483750 728761 796025 412890 358767 404614 361128 562641 446374 243618 641987 218600 452767 757452 311388 789692 375811 506402 763694 393333 365767 335693 369624 212585 722426 675608 707431 431052
783640 990965 1010575 518584 995341 1196640 817114 858514 179241 793358 1004751 342582 23731 327324 554578 615402 773865 908755 689122 1323932 575374 790451 919671 634672 685665 678330 904210 988584 417997 1031240 955378 216233 916964 39223 907913 1031851 286216 1082194 607811 616025 815764 975509 253243 53188 520806 999999999 976944 890282 508489 61644 811138 898850 848309 569190 418086 673129 953277 838186 531721 631690 537227 776679 989684 532522 842920 1109677 960799 1069501 908325 732266 1021925 1185449 543397 788211 980451 337734 399490 124533 823163 894215 382816 403496 791612 309261 69302 916377 831924 1158038 183170 367860 1206492 875903 885300 526445 846792 370369 1079451 1013435 1077590 507481
643092 228611 34552 594585 336899 409253 299404 662375 813217 964053 48960 927800 973644 940144 714798 464694 212461 876928 415346 573052 635650 186767 62418 363685 586047 590884 981787 864997 618296 245794 539046 925962 280817 1014068 226577 83221 841287 474202 370604 444027 938475 138116 782922 925213 740788 976944 999999999 371890 469576 1031396 681032 553006 786630 408419 584644 569542 34224 181445 512647 704859 486456 206089 905983 792931 544846 450065 959290 725964 121680 430877 807703 399255 439601 303645 98994 640503 579878 871124 984305 217917 600942 618906 204303 844801 942597 136948 735896 306530 959941 639258 503366 548980 728510 470704 536155 905787 249736 197510 276769 469711
884215 584213 379943 713195 682858 781069 569231 927701 771805 1165176 348296 975907 896190 981317 859062 619614 397568 1127901 613022 944936 789138 331231 328938 310038 791148 792561 1214004 1140922 672669 609918 850370 925161 604182 929448 145317 452764 868614 826493 423916 277296 1150957 497180 783059 837836 869936 890282 371890 999999999 480178 951564 927994 844510 1032474 437958 615788 769092 339951 230754 615785 881898 360037 385034 1175663 924729 817338 810141 1211931 1043965 254757 160140 1101562 770969 401059 142257 283888 579419 565374 819875 1191340 532798 526760 660495 263790 882489 881942 235943 983237 677817 944478 523747 872130 833012 994063 534860 810903 966368 620610 562030 646014 455210
498084 500244 503575 250593 530362 720544 344579 563525 344211 716986 500113 501023 504367 508533 396136 213919 265870 723648 261585 866132 338563 284310 414134 170548 384249 381933 786370 764178 192492 541128 572406 470165 441214 545093 440907 523496 398507 647519 99339 237661 711273 471844 324081 457514 399585 508489 469576 480178 999999999 562010 541462 534502 631600 61219 136919 361434 447574 348948 161428 436953 176220 268262 788317 452958 485600 661667 803300 743283 413065 360985 753369 708876 84175 344111 483242 177480 110392 401780 745839 402381 151904 181004 297439 409014 473098 425154 589576 665172 499125 212730 755027 514263 620376 76833 484057 488563 585658 516186 589094 34403
806977 1037522 1065236 552301 1037268 1239376 861748 881034 223526 791646 1060294 336934 57943 319527 573718 656344 826298 917172 730415 1362813 601990 845313 974864 692975 713916 706322 904621 1000078 458015 1077489 986590 215487 961210 23882 967420 1084425 300229 1118882 661289 676885 816843 1025472 285915 113759 537942 61644 1031396 951564 562010 999999999 831909 928686 861941 623051 464252 702942 1008441 895870 573978 650538 597605 829605 998387 543544 872984 1148141 964780 1092087 965497 793729 1038159 1228322 600598 848340 1037476 394569 452098 165232 820696 941492 441141 445510 848625 320608 94897 974051 848984 1204456 174188 428676 1244895 905829 903708 575220 877406 368210 1126345 1061407 1123302 562860
44562 501078 707218 325826 415388 577134 383821 54650 648112 299396 729978 533787 792510 553782 258314 331751 535977 200749 316533 630845 243736 603062 670667 658883 157797 161153 300765 223080 440665 519842 224138 625222 414779 829829 820913 663395 532223 394161 533260 761461 265972 565934 562028 783141 295281 811138 681032 927994 541462 831909 999999999 167511 106545 541471 484272 180231 688193 710001 384848 182130 715323 548649 251017 303932 143706 441245 284902 261080 727562 862879 220367 570361 614893 789446 763599 634559 558327 690790 313370 465157 649849 463289 666918 513807 744397 749742 55868 612680 671043 717512 520921 155766 80834 464673 153391 498109 565111 544296 540340 575588
154841 350650 575032 382068 254869 409697 275770 124915 724642 464322 601449 661625 882944 680919 375330 324964 447469 334423 274678 472367 328154 513293 554284 612595 215365 223204 448609 312096 492806 363500 62146 735359 273726 922899 722321 522217 637574 229044 495853 723491 428291 425950 645659 863482 414809 898850 553006 844510 534502 928686 167511 999999999 255472 515605 519700 225864 566049 616283 402270 310679 694252 459846 353813 439337 55968 274880 412828 211199 619391 806196 258658 402859 592865 714042 643695 666138 583155 774693 475643 335805 668233 512682 581070 623578 836304 642021 209814 447768 781006 735931 358644 22963 183298 462880 53266 627132 405454 393901 378733 565771
148713 601144 812332 399615 509924 656780 490146 130919 696392 215198 835589 543131 828028 563157 298276 427785 641942 95496 419763 690536 310064 708931 777087 757960 249571 250732 196143 143060 510048 617263 302557 648754 517226 862731 927028 766740 562927 468635 631733 857697 175716 669307 608070 825974 328454 848309 786630 1032474 631600 861941 106545 255472 999999999 637039 559897 272713 794326 815935 471444 223818 807246 654597 157912 318757 244544 517581 179459 268939 834094 962922 179709 651148 708329 893164 869930 707867 636381 733068 222355 570034 728615 533102 772286 541464 779751 856264 50848 702652 693504 795100 587929 249534 80477 554959 253905 507579 660507 644518 634146 665985
497194 447935 442386 277340 485959 671095 301818 557858 405400 739398 438942 554004 565358 562547 424211 209797 206438 730994 241226 820360 359225 223111 352934 130222 387481 386432 801486 764389 240338 488702 548104 528942 394880 605974 386923 463272 454222 609431 39216 220672 730276 414546 383096 517962 432672 569190 408419 437958 61219 623051 541471 515605 637039 999999999 190464 364338 386363 290909 180956 456056 178773 208132 791500 487245 470228 620072 812547 726459 353325 333063 746609 659372 77279 298137 422966 235741 171611 462999 767278 350694 204192 232408 238674 463248 534310 366136 592371 611140 558937 258561 711593 496725 618095 97019 467509 539481 531699 461367 536864 67953
444891 573375 619164 160322 579187 779396 399122 517664 240754 611670 619893 364350 408961 372338 289043 204945 373068 645899 276039 911327 250495 405685 533815 307077 329873 324979 692842 699969 61457 613472 568601 342023 499053 450909 576676 628620 263846 675518 221353 361184 611928 563368 198310 372217 283264 418086 584644 615788 136919 464252 484272 519700 559897 190464 999999999 309981 566471 481123 120484 345280 286808 378621 717596 333088 465281 698742 720439 716596 541715 489428 704082 768113 215271 480883 609853 150515 77632 299070 641777 477246 169409 44916 428570 272921 370492 555521 524641 740386 375304 235219 795194 497331 565103 114515 466513 351671 662126 597298 659609 160797
137647 437784 600105 159184 385975 581288 275998 208080 499905 402431 617071 449967 657099 468286 170913 155251 392151 366990 161256 677397 106151 456666 545881 486078 23143 23487 445090 402744 273591 468066 283903 512839 345200 697037 674577 571806 414379 428494 359723 584987 383689 478397 419895 638495 208039 673129 569542 769092 361434 702942 180231 225864 272713 364338 309981 999999999 569148 562707 204991 136970 535961 404297 427728 247604 170059 465464 449294 408539 592207 691448 396422 571878 436203 627890 639139 460341 381480 549114 426265 371388 472083 295008 515084 402093 610442 613246 228588 583699 558106 540089 559427 202958 260002 284609 174546 417356 518915 477152 502143 395642
