NAME : synthetic_000767
TYPE : CTSP-D
DIMENSION : 100
GROUPS : 8
RELAXATION_LEVEL : 1
EDGE_WEIGHT_TYPE : EXPLICIT
EDGE_WEIGHT_FORMAT : FULL_MATRIX
EDGE_WEIGHT_SECTION
999999999 544652 928322 834684 134976 960345 500513 507790 1088867 626196 216172 393219 802900 693787 600328 602038 771703 445438 368697 808122 809118 564330 211558 787773 536007 532805 67292 976292 725370 653763 572812 496175 773029 495437 245973 918866 774905 787270 867151 622851 882412 612709 918992 945214 159418 959776 878727 525740 661096 445782 1034744 700556 510642 1072669 1171951 656371 940508 78834 617159 110725 845651 930333 956274 802091 517586 896094 868134 955206 585933 363913 174034 906597 926121 990014 536571 234103 97476 463124 484989 763611 297922 684066 412501 265161 803547 732078 221154 524628 1124337 362019 798128 808429 1155230 838392 798135 754728 365471 338734 1023708 1232719
544652 999999999 392235 904432 482382 897885 362148 786126 893909 774722 524447 679575 798824 579879 646148 699118 773892 157659 570801 499324 625953 219186 382407 739128 853856 172559 513453 886220 846635 693298 724594 687368 524580 62118 332171 606612 512379 1046039 939160 844463 592107 798984 927109 745251 528372 596920 348701 729010 615382 759532 662538 863100 263168 907988 927789 821904 594016 508090 202203 453980 659150 441333 783141 260882 808576 766446 599835 887490 47789 721674 562832 536209 520480 454686 538472 517663 542537 706447 760053 229676 606242 871079 213934 535432 1014318 824175 401723 710164 987108 327834 505775 616587 903622 305494 569082 414001 366434 544890 757115 1009512
928322 392235 999999999 1042849 874442 947474 582366 1058279 837522 985894 865362 975060 912714 689603 835396 901266 898366 490580 861048 474240 660483 416859 774585 838662 1133349 421186 889080 917575 1027465 864010 949149 940369 547563 451158 724376 522696 528362 1272358 1072520 1079718 538658 1024756 1020789 722770 884171 456811 56455 977922 758621 1051263 485606 1063950 493934 874617 819926 1032252 475552 882042 350075 829253 677777 174310 773057 133619 1082684 797125 565875 935436 346490 1036489 915395 415297 358581 62452 743224 853368 933749 978497 1035330 164821 925777 1083755 537038 861424 1218207 992698 754022 954955 960859 636964 494809 647463 793608 90325 587676 411238 665061 845132 668213 906009
834684 904432 1042849 999999999 934866 226950 542521 383456 471609 213536 619979 458835 134584 354084 266994 237683 144550 758978 467841 583835 402417 700504 931692 209851 420056 736534 771659 271900 118709 213941 262899 340968 502902 917744 917102 596954 522141 327814 35472 271526 558228 244536 116086 428243 675569 687413 990728 319224 294367 446847 729263 170788 641990 420230 588517 199637 655660 761213 751457 764022 402200 906790 389473 999209 392226 314293 524084 232348 900363 525665 662813 686099 748895 1076412 372060 603730 928111 386293 392456 949256 541210 206008 711616 571010 241170 102608 676506 314064 413089 622126 560990 415216 590118 980582 470792 632633 585127 500128 552971 596447
134976 482382 874442 934866 999999999 1039645 532480 630702 1143887 732846 319052 512152 888520 751264 685919 698014 857336 419668 467904 826962 857526 554000 103733 863977 664715 513270 174602 1050550 831028 741250 677569 603979 804591 425490 152006 941356 803237 913806 968594 741229 908990 725225 1010528 995167 268840 970462 829173 637370 731340 571495 1044839 812216 515918 1133907 1217574 767067 954954 182508 596076 170884 894934 901001 1012518 743152 642558 959702 899457 1033332 528020 492555 293263 913606 923937 936877 607507 333137 66333 578512 606579 710727 413632 799055 402886 366649 924601 832914 271167 633021 1192519 390153 820502 854852 1198767 786683 835539 762817 406845 434960 1060586 1284322
960345 897885 947474 226950 1039645 999999999 558939 577938 248435 396176 745892 624857 163823 320618 360762 374373 193335 774303 597186 473404 290420 679527 1014793 176295 627857 725519 893683 47639 325651 309861 427840 501260 405373 925775 989971 445651 423654 553565 227797 481410 416773 440742 120306 246193 803245 533333 901156 494272 311796 634113 558136 386002 641372 194517 364880 401979 503822 882375 714417 872248 269746 790970 196810 932007 591843 150501 385643 12113 882002 702619 799234 549249 613376 969788 432822 727045 1046195 557874 580191 886219 688174 422961 738400 697988 465719 289153 769061 480713 190717 676524 453515 302879 369009 900755 362028 544623 646934 623728 359073 369519
500513 362148 582366 542521 532480 558939 999999999 475921 617391 422833 339821 397726 441912 240583 285504 342576 415282 219289 285674 309386 329173 174342 480845 389069 551036 198648 437403 556545 487074 331243 377938 359244 273772 376744 447102 418467 274601 704712 577390 505776 382011 454278 571808 466197 381973 464511 525916 398092 257826 471225 539038 508844 102848 614150 685609 470470 442889 426415 238156 391435 366690 508295 488973 499320 500318 448090 369060 549858 361309 467114 401543 415706 446574 632922 178875 321959 560731 396191 453027 447983 366421 521327 179489 315800 662934 462712 279360 375913 681757 142583 298074 325060 666437 500744 303078 268158 135646 276810 528466 754523
507790 786126 1058279 383456 630702 577938 475921 999999999 786525 181803 321231 121479 418511 467480 283412 228031 393868 629021 215949 701413 584531 645924 661053 448842 76370 656586 456165 612068 264905 302427 161786 123516 626884 772891 664345 771988 640891 285692 408044 122161 727488 139694 492807 684343 363323 850077 1001833 98510 390648 67051 914281 217956 569081 747996 896414 183826 820193 448268 711946 471910 608221 973274 667995 970993 24556 588276 697846 578167 802638 152616 337490 821336 871197 1108215 331289 313723 605265 80801 26755 920190 220032 190550 572454 282448 295935 292247 427374 121430 767402 458295 680582 592230 889561 976165 621459 703487 420081 244889 801614 928412
1088867 893909 837522 471609 1143887 248435 617391 786525 999999999 608649 886233 807849 374800 395184 525142 563012 394957 804275 752257 400849 288221 680631 1098140 338352 846051 732175 1021783 201208 556864 488905 626346 689227 370752 935726 1064119 317230 381733 799423 475681 706131 312733 657962 368714 152462 941626 383050 801038 693324 435827 834218 377689 618311 669650 58127 116914 625517 362061 1010220 693161 988144 250723 666119 132620 856557 804071 202100 297005 240900 866132 890762 945970 422693 479566 845058 556154 866328 1163612 749678 783261 818814 851033 655104 783864 842656 712380 515847 876742 675053 131554 756192 390338 292920 121069 812389 328200 486843 737043 771551 171197 146038
626196 774722 985894 213536 732846 396176 422833 181803 608649 999999999 414441 245299 237266 329341 151938 84821 213963 619522 265989 576805 432340 596149 739892 274214 237422 620531 565042 430454 99218 142272 56382 130021 496510 775941 731206 629396 513165 286464 243437 107510 585433 51181 315480 516293 468295 713742 930411 105738 248817 239380 771714 89243 525337 568096 720609 47638 682466 555048 657099 563144 450267 876934 494827 917427 196757 413978 553275 396365 780536 314027 452868 694098 750107 1029286 246108 399716 721218 172820 184911 865997 329873 98794 566122 366257 240362 114211 486321 101791 585626 461535 554354 442006 715328 911418 481323 597584 421835 299821 637923 748891
216172 524447 865362 619979 319052 745892 339821 321231 886233 414441 999999999 199815 587253 494253 385251 386035 556107 381446 152693 645430 615060 457984 339933 575052 368699 444565 151729 763549 513108 438068 359735 285089 596815 495120 344118 748663 602254 606915 652949 424839 708572 406305 702833 747745 57362 802308 810814 318429 452674 270223 876196 493170 387260 866091 975703 448019 779040 141236 521793 152294 650168 828342 753875 753961 336837 689285 689525 741128 553421 207966 62826 755178 785924 923374 330105 19970 308143 261279 295497 707576 101754 480614 329819 49085 609548 517465 124280 314081 913744 231288 631576 616184 960818 776056 614936 607806 212304 122695 836664 1031543
393219 679575 975060 458835 512152 624857 397726 121479 807849 245299 199815 999999999 461046 448597 283022 251044 432169 524368 114104 659742 572475 558477 539719 472555 176517 562277 338197 652321 342842 321434 199883 123652 592624 661859 542940 744139 603872 407117 488330 229794 700298 222566 557546 688613 243609 814620 918752 139710 381803 79957 883457 310215 481227 776389 911001 267756 786640 329716 625276 350982 601600 905223 681191 879318 138326 605796 673959 622823 699754 84142 220137 778628 822489 1028044 288833 192351 490401 72911 95704 829445 99127 291333 467961 161561 412450 358421 307779 146583 808171 353940 640906 577799 900803 889912 596017 647669 318219 135013 796948 953141
802900 798824 912714 134584 888520 163823 441912 418511 374800 237266 587253 461046 999999999 228793 203098 210636 31253 661197 436652 449926 267841 587530 871277 75464 473382 627633 736843 193843 184217 149185 264771 337471 369531 818215 850431 463354 388844 441832 160668 331420 424061 284851 130254 304452 644565 553660 861449 331662 184182 472339 597567 245259 535906 331615 489266 250782 521833 725697 633717 719138 268675 773513 272128 874791 434024 192126 389895 161991 790256 539164 638739 551525 614316 944624 289798 568866 891084 394454 418954 825629 525560 281586 618566 538775 360745 141878 620257 317320 349777 542071 427181 280632 486525 853192 336429 501622 508704 464600 430063 512540
693787 579879 689603 354084 751264 320618 240583 467480 395184 329341 494253 448597 228793 999999999 185669 249829 210394 453746 370964 248533 124755 363758 712354 161131 540509 407344 626775 316034 345364 189209 313976 348233 167354 605582 682548 304809 184521 605278 385052 435764 260319 377781 351150 253497 548544 385838 636973 369351 80555 495969 447396 391117 320954 382647 481463 369392 355050 615215 406225 593184 157205 560827 262701 646386 490202 210089 230369 310973 567251 532422 555346 364811 421714 725263 167764 474283 768844 406906 454632 597000 471038 418100 419281 452890 539602 307040 482310 346060 444455 368930 225775 129270 466951 626519 154418 281898 345459 385088 350257 539033
600328 646148 835396 266994 685919 360762 285504 283412 525142 151938 385251 283022 203098 185669 999999999 67487 171845 496122 236927 428667 301187 454444 672339 193866 355311 483875 534035 380543 201716 55903 128531 169001 350100 654907 654376 490361 365785 437618 302464 254194 445897 196352 325567 407508 442613 571173 780190 184912 107289 317906 633005 229272 388003 495577 628119 197177 540566 522839 512600 516196 325913 725031 398223 771018 305553 323043 415436 356299 646811 366512 438666 547363 601540 877950 107771 366555 688009 229670 272607 719731 331057 248536 446752 337231 384281 178339 419140 162313 533848 355144 406656 308819 618358 762444 340077 445899 318387 262968 520609 670724
602038 699118 901266 237683 698014 374373 342576 228031 563012 84821 386035 251044 210636 249829 67487 999999999 181260 545922 233360 495187 359941 514585 694251 224837 296191 541089 537584 401294 149579 74757 66747 128137 415890 703837 680745 553250 431976 371154 272205 187085 508930 129110 317395 456345 442639 635623 845855 131221 169642 271287 695928 166495 445410 528171 670606 131068 604716 526845 574496 527133 381575 792427 441247 834204 248460 362511 477671 372001 702613 331003 433306 613425 668273 944484 164096 368892 693687 187417 221407 782814 316531 182621 494158 336962 321278 137930 439003 112046 557219 394859 473000 368578 662833 827253 403644 513382 356107 264378 573933 706912
771703 773892 898366 144550 857336 193335 415282 393868 394957 213963 556107 432169 31253 210394 171845 181260 999999999 634420 405685 440778 263339 564420 840556 72441 451209 603368 705619 220749 171952 118063 237612 308799 359318 791950 820066 461947 378462 434945 174686 312172 421278 263005 159004 314130 613429 551656 846384 304839 158511 445980 598800 231442 510752 354291 507914 231910 519730 694467 612344 687908 268539 762847 285915 856602 410271 204844 387170 190743 766503 511090 607804 546102 608079 931901 259795 537688 859833 366549 393098 807006 495153 266775 590890 507669 356908 128560 589234 289567 376886 512544 417817 275686 503829 836761 329039 488088 478769 433473 439231 534987
445438 157659 490580 758978 419668 774303 219289 629021 804275 619522 381446 524368 661197 453746 496122 545922 634420 999999999 414218 434454 521718 139833 336500 607309 697542 94060 400602 768358 694617 545733 568468 529777 436058 158867 290453 549318 428482 888668 794139 687116 524634 642319 791086 652057 394808 563243 438221 571447 477110 604245 635847 708319 135881 809848 855083 666424 552069 392936 176475 341268 557771 486100 683297 373441 651666 654012 523826 764718 175668 570702 427132 503987 507569 550816 388504 372049 468898 549118 603075 328733 455626 715078 56596 386133 858390 674437 264598 552776 883603 170947 433944 514496 832891 400316 476492 358649 209011 389378 687368 931731
368697 570801 861048 467841 467904 597186 285674 215949 752257 265989 152693 114104 436652 370964 236927 233360 405685 414218 999999999 561209 495482 444394 474913 429876 283351 448578 304342 617390 363382 287738 210119 140555 499584 556967 469126 652824 508903 490140 501147 294358 609995 265129 550376 621345 209333 718001 804763 179206 316578 192195 788943 349065 367163 727536 848219 303411 691380 293700 511199 297551 527945 793930 621387 765473 237915 551805 586240 593030 588855 182236 202143 678334 718880 914262 203462 135917 460627 138307 189573 715494 100096 341435 357629 103610 478310 365497 224419 169391 769975 243271 543768 498868 835460 775810 508744 542004 206091 34153 720826 898274
808122 499324 474240 583835 826962 473404 309386 701413 400849 576805 645430 659742 449926 248533 428667 495187 440778 434454 561209 999999999 187413 297981 759981 374487 776752 349587 746113 445022 591846 437710 556616 578376 82261 546343 718289 115394 64085 853593 610449 682194 92860 624157 549244 261776 690362 157536 427880 605781 328430 719547 230795 639405 312813 424053 428625 617748 133721 735255 297121 698044 203660 324317 308315 465747 725219 323302 104006 461395 468136 739697 707962 119950 173322 499319 373428 626690 862252 632448 685058 423815 655337 666630 430242 615810 786112 551905 587345 581802 508422 446353 23081 174256 404756 429438 114920 86335 444885 563354 258069 510256
809118 625953 660483 402417 857526 290420 329173 584531 288221 432340 615060 572475 267841 124755 301187 359941 263339 521718 495482 187413 999999999 407383 809964 192945 655480 457173 742650 267734 426705 290396 426290 468387 114960 661598 775969 200311 133401 692170 426930 539828 158340 482891 361858 137648 668197 288950 612597 486022 194279 617082 340811 480409 385958 288320 362835 466877 257022 731140 432770 705394 37542 511191 161811 641623 606403 144327 124451 278666 604493 656461 676823 283684 346605 686717 292065 595119 879869 528082 573557 596127 595506 511691 497605 575149 618167 384360 592998 463493 362745 468584 165918 13183 346475 610759 72823 254256 451103 508733 225504 426796
564330 219186 416859 700504 554000 679527 174342 645924 680631 596149 457984 558477 587530 363758 454444 514585 564420 139833 444394 297981 407383 999999999 475080 524403 719901 51985 511793 667117 655818 495516 552167 532027 309881 255361 429863 411836 299596 878967 734364 680095 389691 628535 713830 530067 485370 423411 360715 571529 406921 635318 496115 681078 77312 691619 723511 643744 412482 502619 66813 455230 441226 372257 565973 325716 670070 547285 392031 668990 203494 619936 513157 364230 370041 471319 350526 443962 599082 565410 622057 274590 510419 694842 153021 448411 835723 628356 359482 549683 769431 226702 299703 398365 700513 331539 353205 219487 250319 428341 554104 802448
211558 382407 774585 931692 103733 1014793 480845 661053 1098140 739892 339933 539719 871277 712354 672339 694251 840556 336500 474913 759981 809964 475080 999999999 838546 704709 430445 223473 1021149 835329 728242 683587 615215 746059 324079 50286 875292 742596 946738 966416 762955 845836 739440 997530 947031 301367 897150 730623 652269 703165 607596 970608 823978 447235 1093023 1164439 778322 883937 226738 510704 190329 847495 808958 968902 642500 676018 922435 839481 1007495 428862 535746 332875 838747 844068 837033 583115 349102 169057 599537 635417 611767 441095 815291 329896 382064 948057 831807 255256 644192 1156756 343525 755800 805884 1144302 687701 780494 690324 368749 440785 1002650 1235045
787773 739128 838662 209851 863977 176295 389069 448842 338352 274214 575052 472555 75464 161131 193866 224837 72441 607309 429876 374487 192945 524403 838546 999999999 510862 566867 720784 188568 243335 151393 288078 351912 294277 762143 814128 390214 313610 507234 235994 377132 350089 324868 190060 244492 632227 480190 787839 354979 135979 495899 526470 301711 477827 303917 447634 298089 448292 709382 567259 697358 196298 698202 220615 803747 467110 139889 315928 169441 727846 554414 630572 476535 539132 869829 256698 555809 871976 411985 444965 755098 524917 336210 568156 528038 429306 199925 593137 336819 340142 501270 351766 205608 441452 780562 260989 427428 470978 454142 368777 482087
536007 853856 1133349 420056 664715 627857 551036 76370 846051 237422 368699 176517 473382 540509 355311 296191 451209 697542 283351 776752 655480 719901 704709 510862 999999999 728950 490917 664872 304962 369147 229481 199681 701525 837812 712452 845303 715836 252767 440093 148622 800804 188532 533890 750421 403482 924424 1076894 171483 462520 98822 987811 249324 642837 804895 957919 225994 894315 484315 786166 514381 677762 1049584 731303 1044378 51926 650751 770672 629234 872166 172271 373660 896618 946987 1183709 407505 364461 632678 154852 98019 993760 267485 215353 640960 335793 285541 338755 482942 195241 818477 526601 755746 663647 952297 1050694 694818 779770 489308 309308 869684 985796
532805 172559 421186 736534 513270 725519 198648 656586 732175 620531 444565 562277 627633 407344 483875 541089 603368 94060 448578 349587 457173 51985 430445 566867 728950 999999999 483872 714614 685559 528027 573881 547156 361443 204530 383997 463037 351425 899879 770886 699366 441498 649860 755322 581328 466430 471726 366318 587712 445004 640742 543601 707169 95880 742455 775486 668148 461996 475363 84425 425724 491509 397739 616563 317161 680317 595792 444016 715194 163861 618432 496310 411945 413719 478813 377524 432244 561242 575784 631831 267815 506012 718666 121474 440514 860857 660293 337491 566822 819659 215986 351623 448484 752463 332575 404449 269927 246073 429067 606022 854416
67292 513453 889080 771659 174602 893683 437403 456165 1021783 565042 151729 338197 736843 626775 534035 537584 705619 400602 304342 746113 742650 511793 223473 720784 490917 483872 999999999 909266 663996 587803 510851 435200 708770 469153 245928 855835 711187 739285 804532 567752 818727 554142 853999 878501 96808 899072 837927 466569 593822 397001 973986 641688 453978 1005399 1105450 596985 879031 11564 567638 59917 779070 881360 889178 766018 467970 828810 803696 888440 551916 319125 118681 846904 868701 950106 469282 168762 156464 405869 432193 725138 240351 626925 362476 200787 750505 669118 159075 463971 1057098 301499 735441 742150 1088925 798797 732941 695377 301850 273499 958250 1165768
976292 886220 917575 271900 1050550 47639 556545 612068 201208 430454 763549 652321 193843 316034 380543 401294 220749 768358 617390 445022 267734 667117 1021149 188568 664872 714614 909266 999999999 365621 332874 458202 529254 381622 916921 994296 408652 399158 599348 274530 519909 382445 476756 167800 205889 820754 494763 872632 525290 319307 666141 516133 426617 633835 148351 317881 439767 465996 897850 698179 884999 242553 757980 155080 907730 627051 123517 352672 39764 868019 731777 818670 514029 577806 937638 443179 744342 1059987 587291 612797 863072 710905 463646 735277 716379 511832 327284 779409 510314 156140 680018 426213 279431 321555 874155 336972 519914 652424 642360 314257 325931
725370 846635 1027465 118709 831028 325651 487074 264905 556864 99218 513108 342842 184217 345364 201716 149579 171952 694617 363382 591846 426705 655818 835329 243335 304962 685559 663996 365621 999999999 163727 153471 229208 509644 852863 824739 627005 527878 265523 145767 156748 584760 125830 229320 485987 567299 715297 973173 203254 269949 328145 766404 61448 589680 510613 672332 81134 683422 653929 712936 660916 436756 905720 456022 969558 274400 375464 551082 328212 848315 407453 552085 703892 763649 1066711 308534 498035 820256 269969 273789 918489 429041 98339 643381 464697 194336 43427 580703 200988 516190 544303 568811 438149 670341 957982 486187 625880 505382 396869 611176 690776
653763 693298 864010 213941 741250 309861 331243 302427 488905 142272 438068 321434 149185 189209 55903 74757 118063 545733 287738 437710 290396 495516 728242 151393 369147 528027 587803 332874 163727 999999999 140679 200558 356489 704590 710140 487140 373725 416822 249344 249750 443219 192529 269768 381970 495382 571817 809583 205977 109705 345791 629443 203111 432513 455292 595947 180300 540450 576691 550919 571263 309755 745295 366504 806285 322382 287963 411005 306221 691698 403034 489881 553684 610922 903935 158120 419702 742362 260808 296163 755315 378553 228950 497780 389607 354999 132883 474959 186522 487907 409248 414980 299863 588081 794258 339446 465095 373071 315418 500545 633253
572812 724594 949149 262899 677569 427840 377938 161786 626346 56382 359735 199883 264771 313976 128531 66747 237612 568468 210119 556616 426290 552167 683587 288078 229481 573881 510851 458202 153471 140679 999999999 78283 478533 723848 674833 618335 494032 326801 294576 130743 573923 76392 357795 522645 414267 699664 893250 67355 234550 208706 761025 143954 479528 589630 735232 99390 668997 500694 614647 507555 448285 847091 506413 875763 181809 427006 543052 426643 732129 274932 400202 675617 729134 994477 205948 344566 667221 130282 156918 824314 278314 146619 514347 311246 289933 160690 429939 53409 614320 407943 534775 434721 728020 872451 468282 569886 368081 243807 640638 769322
496175 687368 940369 340968 603979 501260 359244 123516 689227 130021 285089 123652 337471 348233 169001 128137 308799 529777 140555 578376 468387 532027 615215 351912 199681 547156 435200 529254 229208 200558 78283 999999999 504714 680705 609605 651518 518323 359567 372239 158845 607074 124611 435500 576235 338413 728129 884001 41799 274239 148986 793369 209089 456255 655721 794935 163560 698555 425296 597089 435072 494441 851034 565004 857741 147769 487737 578225 499333 699513 202891 322933 698324 747771 989007 207825 271014 591273 60853 107019 806566 200363 201024 473968 237411 339696 238930 364682 29112 685259 362488 557737 475234 786022 859866 501163 580109 322706 174695 689444 833787
773029 524580 547563 502902 804591 405373 273772 626884 370752 496510 596815 592624 369531 167354 350100 415890 359318 436058 499584 82261 114960 309881 746059 294277 701525 361443 708770 381622 509644 356489 478533 504714 999999999 565062 707741 153420 19361 771766 530197 602539 111831 544502 473241 220702 645239 223462 498732 530102 247726 648663 290836 557598 303979 383551 420317 536731 194385 697565 326201 664739 140275 403993 259815 526735 650351 258135 95292 393603 499374 674284 659640 197622 254623 576230 303942 577439 834442 560547 611718 481525 596578 585244 421199 563175 703884 469645 552181 506285 464008 416021 59191 102564 399115 495997 45625 139321 407610 505331 256664 495707
495437 62118 451158 917744 425490 925775 376744 772891 935726 775941 495120 661859 818215 605582 654907 703837 791950 158867 556967 546343 661598 255361 324079 762143 837812 204530 469153 916921 852863 704590 723848 680705 565062 999999999 274102 656267 554203 1040270 952869 839193 639159 796571 947730 785413 493082 651418 409188 722504 634037 741545 718542 865005 284692 946898 974771 822470 646923 464735 251179 410648 696036 503359 821078 318549 794513 799305 644621 915780 109840 697634 528290 590614 577916 513554 547340 490423 487087 694587 746425 290202 582660 870375 209893 511225 1013608 833192 370920 705019 1024167 318219 551019 652994 951077 365688 608562 462410 358059 528777 804375 1055254
245973 332171 724376 917102 152006 989971 447102 664345 1064119 731206 344118 542940 850431 682548 654376 680745 820066 290453 469126 718289 775969 429863 50286 814128 712452 383997 245928 994296 824739 710140 674833 609605 707741 274102 999999999 833683 703439 949586 952151 761228 805399 734215 978127 912368 312501 852880 680338 648076 678235 614233 925928 817030 406284 1061039 1127312 771403 840495 246998 463142 202684 813420 759380 936070 592398 680722 892455 800302 982258 378582 546704 346182 794030 797687 786827 560883 350623 215746 598849 638194 561489 445850 810560 288266 382351 946194 818669 245135 638268 1126807 314321 714997 771309 1106681 637426 743481 646750 343171 435060 963910 1199349
918866 606612 522696 596954 941356 445651 418467 771988 317230 629396 748663 744139 463354 304809 490361 553250 461947 549318 652824 115394 200311 411836 875292 390214 845303 463037 855835 408652 627005 487140 618335 651518 153420 656267 833683 999999999 146414 892481 618630 736809 44504 679273 540655 204672 795927 90567 484329 674050 383811 797610 142694 680521 428072 351950 324313 665712 59180 844808 405313 809338 194764 354733 256155 540207 794878 298970 76302 433620 572424 826395 811467 108039 170126 535174 455346 729454 975468 708899 758376 504211 749991 711379 545613 716005 818022 584583 697733 650639 438199 558116 121155 189125 299178 495176 150531 194121 553990 658743 155503 408867
774905 512379 528362 522141 803237 423654 274601 640891 381733 513165 602254 603872 388844 184521 365785 431976 378462 428482 508903 64085 133401 299596 742596 313610 715836 351425 711187 399158 527878 373725 494032 518323 19361 554203 703439 146414 999999999 789510 549511 618851 107541 560805 492477 233308 649732 210875 479699 544547 264581 661283 280161 575321 298177 396756 426671 553839 182868 700063 312732 666034 157081 384704 274244 508755 664502 275777 96895 411841 486016 685000 665061 181588 237201 556877 315717 583040 834479 573504 625249 463929 605077 602617 415981 569759 722172 488093 553810 520651 478164 416059 41255 120785 404793 477360 62214 121002 409490 513499 260543 503653
787270 1046039 1272358 327814 913806 553565 704712 285692 799423 286464 606915 407117 441832 605278 437618 371154 434945 888668 490140 853593 692170 878967 946738 507234 252767 899879 739285 599348 265523 416822 326801 359567 771766 1040270 949586 892481 789510 999999999 326915 201578 850093 250436 436294 746276 648154 980553 1216860 317768 526514 342314 1031881 214189 806031 747681 916331 240444 948708 731932 941305 757409 702009 1161117 712089 1202273 271552 633426 816493 559653 1056272 423565 620835 967613 1026359 1315539 531160 599063 884335 353165 311521 1150820 505669 189254 833158 567277 88789 308308 710138 335893 734278 722054 830695 703528 917716 1197554 750498 881067 682262 522318 871891 922046
867151 939160 1072520 35472 968594 227797 577390 408044 475681 243437 652949 488330 160668 385052 302464 272205 174686 794139 501147 610449 426930 734364 966416 235994 440093 770886 804532 274530 145767 249344 294576 372239 530197 952869 952151 618630 549511 326915 999999999 292508 580978 270683 109379 443402 708242 709195 1020809 348630 327739 472606 748506 191629 676539 422314 592411 225045 677608 794171 784637 797810 424291 934170 402086 1031030 415287 330002 546940 234794 934671 552954 694777 710234 773476 1105088 407453 636940 960994 415529 418586 981276 572602 224757 746941 604063 238516 135688 711187 344810 407881 657594 587753 439898 595570 1011440 496598 661726 620573 533689 566886 595187
622851 844463 1079718 271526 741229 481410 505776 122161 706131 107510 424839 229794 331420 435764 254194 187085 312172 687116 294358 682194 539828 680095 762955 377132 148622 699366 567752 519909 156748 249750 130743 158845 602539 839193 761228 736809 618851 201578 292508 999999999 692794 58045 385309 620932 472390 820829 1023762 117208 355222 189206 879179 101018 606185 662520 819934 80640 789634 559048 743439 577133 557362 977238 597047 1004713 124427 515896 660723 483374 854898 274469 449919 800153 855334 1125213 336505 414064 720124 163608 140042 953295 327612 69328 631675 380911 185129 192634 517958 134354 672120 521007 659936 549516 815988 1002537 588435 699245 481135 327727 743602 843329
882412 592107 538658 558228 908990 416773 382011 727488 312733 585433 708572 700298 424061 260319 445897 508930 421278 524634 609995 92860 158340 389691 845836 350089 800804 441498 818727 382445 584760 443219 573923 607074 111831 639159 805399 44504 107541 850093 580978 692794 999999999 635190 506691 184182 756692 130616 497006 629547 339428 753298 187114 637645 399116 340976 335768 622141 98698 807602 389911 773435 156851 375688 234442 545458 750374 267582 34171 404668 560443 782738 771398 132715 196980 555714 411603 689224 941301 664546 713913 506482 707600 668157 517166 674983 776505 542579 661297 606136 426728 523072 90747 146624 311918 504102 106029 178438 517021 616614 165220 417657
612709 798984 1024756 244536 725225 440742 454278 139694 657962 51181 406305 222566 284851 377781 196352 129110 263005 642319 265129 624157 482891 628535 739440 324868 188532 649860 554142 476756 125830 192529 76392 124611 544502 796571 734215 679273 560805 250436 270683 58045 635190 999999999 353116 567375 457525 763003 968948 87877 297252 202317 821735 87913 555718 616377 770518 45879 731855 544713 691033 557649 501256 920204 545431 952130 151365 464472 603261 441640 807448 282428 438676 742113 797311 1069546 281827 393387 709085 150254 148014 900680 314794 76521 587642 359763 217715 152979 489280 96143 631032 479293 601892 492390 765601 948515 530643 641808 439317 299249 689101 797287
918992 927109 1020789 116086 1010528 120306 571808 492807 368714 315480 702833 557546 130254 351150 325567 317395 159004 791086 550376 549244 361858 713830 997530 190060 533890 755322 853999 167800 229320 269768 357795 435500 473241 947730 978127 540655 492477 436294 109379 385309 506691 353116 999999999 352068 759697 630599 971462 419985 313982 553976 662985 285448 664643 314245 485020 310012 599778 843103 757319 840165 351183 872881 306552 991755 503431 242813 473515 128587 917112 629371 750670 638822 702975 1048461 418608 685255 1009605 486530 499347 943629 632584 321343 748790 653834 347853 201486 744706 410971 298886 671527 527511 375030 489311 966403 434406 610617 637544 580503 471666 485857
945214 745251 722770 428243 995167 246193 466197 684343 152462 516293 747745 688613 304452 253497 407508 456345 314130 652057 621345 261776 137648 530067 947031 244492 750421 581328 878501 205889 485987 381970 522645 576235 220702 785413 912368 204672 233308 746276 443402 620932 184182 567375 352068 999999999 801882 289076 681070 587202 307430 724708 312254 545487 517254 163663 227969 542419 260830 866964 546038 842330 100252 558097 51530 726464 704315 113962 159576 234487 719321 772653 808805 311881 374755 738507 419934 727775 1017107 637038 677085 685425 721293 580441 631425 706194 664368 442649 730145 566512 246817 606158 247690 141150 214128 687171 176881 345367 588663 637462 125616 289161
159418 528372 884171 675569 268840 803245 381973 363323 941626 468295 57362 243609 644565 548544 442613 442639 613429 394808 209333 690362 668197 485370 301367 632227 403482 466430 96808 820754 567299 495382 414267 338413 645239 493082 312501 795927 649732 648154 708242 472390 756692 457525 759697 801882 999999999 846351 830661 369872 509010 307007 920711 544989 418623 922284 1029738 500224 824079 87188 546838 111148 703712 857538 809141 768056 376647 745450 738849 798461 561183 234721 35713 797460 825292 943459 385807 76425 252967 309805 338617 723471 144820 530656 347306 105948 655976 572980 130254 367168 970665 260865 677506 668867 1014423 794170 665277 648213 249127 179970 888389 1086692
959776 596920 456811 687413 970462 533333 464511 850077 383050 713742 802308 814620 553660 385838 571173 635623 551656 563243 718001 157536 288950 423411 897150 480190 924424 471726 899072 494763 715297 571817 699664 728129 223462 651418 852880 90567 210875 980553 709195 820829 130616 763003 630599 289076 846351 999999999 424530 752942 466040 871975 74970 767827 454803 424699 365723 751415 31936 888408 402490 849220 285217 283756 340439 492626 873424 388349 164569 521381 558013 895422 864706 60805 98696 462030 526590 783704 1009400 783975 835142 462872 812689 797964 568552 773247 907117 673175 740005 729222 510206 597883 174244 277215 339434 441762 232419 207645 599294 720740 212257 452125
878727 348701 56455 990728 829173 901156 525916 1001833 801038 930411 810814 918752 861449 636973 780190 845855 846384 438221 804763 427880 612597 360715 730623 787839 1076894 366318 837927 872632 973173 809583 893250 884001 498732 409188 680338 484329 479699 1216860 1020809 1023762 497006 968948 971462 681070 830661 424530 999999999 921627 704844 994871 460521 1008966 437705 835837 789956 976886 440568 830639 293975 778218 631477 151723 730705 102248 1026234 751179 522705 889173 301786 980517 861532 378515 325858 112799 687305 798553 887327 922042 978875 119039 870095 1028412 483359 806118 1163403 938839 700667 898694 922042 581780 447681 599690 763632 43937 539959 360926 609387 789046 633555 876320
525740 729010 977922 319224 637370 494272 398092 98510 693324 105738 318429 139710 331662 369351 184912 131221 304839 571447 179206 605781 486022 571529 652269 354979 171483 587712 466569 525290 203254 205977 67355 41799 530102 722504 648076 674050 544547 317768 348630 117208 629547 87877 419985 587202 369872 752942 921627 999999999 292168 141354 816481 175120 496172 656942 801653 130631 722838 457051 636201 469823 509878 885109 572436 897157 120853 493464 599669 493344 740833 209735 351753 725554 776683 1025790 240124 305574 621825 67082 90202 845901 227925 163036 515691 271963 299330 219505 403608 24068 681370 404287 584608 493732 794035 898215 523530 611797 364501 213111 703597 836531
661096 615382 758621 294367 731340 311796 257826 390648 435827 248817 452674 381803 184182 80555 107289 169642 158511 477110 316578 328430 194279 406921 703165 135979 462520 445004 593822 319307 269949 109705 234550 274239 247726 634037 678235 383811 264581 526514 327739 355222 339428 297252 313982 307430 509010 466040 704844 292168 999999999 423096 526505 312658 352248 413447 532559 289334 435085 582308 457093 566731 220605 636285 304830 706914 412842 236708 308520 304338 608347 465937 511217 445286 501736 796939 124757 432938 742244 334216 379293 656505 415823 338538 435340 407811 463297 234082 460174 269401 463452 365311 305821 201617 520837 691491 234006 356186 335144 335926 415983 581798
445782 759532 1051263 446847 571495 634113 471225 67051 834218 239380 270223 79957 472339 495969 317906 271287 445980 604245 192195 719547 617082 635318 607596 495899 98822 640742 397001 666141 328145 345791 208706 148986 648663 741545 614233 797610 661283 342314 472606 189206 753298 202317 553976 724708 307007 871975 994871 141354 423096 999999999 938745 283842 558006 798270 941701 247617 843015 389770 702028 417395 643413 976496 712054 957521 71955 633744 725205 633598 779562 85934 278682 839261 885892 1103421 346119 265662 543127 89077 54628 907414 168778 257394 547806 237042 360186 352561 384242 159276 822112 433694 699718 623703 933467 966853 647717 713648 397616 214867 838427 977728
1034744 662538 485606 729263 1044839 558136 539038 914281 377689 771714 876196 883457 597567 447396 633005 695928 598800 635847 788943 230795 340811 496115 970608 526470 987811 543601 973986 516133 766404 629443 761025 793369 290836 718542 925928 142694 280161 1031881 748506 879179 187114 821735 662985 312254 920711 74970 460521 816481 526505 938745 999999999 821041 529412 426136 337727 807444 97707 963308 471907 924190 330294 311672 361457 538056 937274 420673 218474 546544 621988 964978 938692 131898 145605 481421 594758 857481 1084166 850261 900321 513316 884521 852501 642585 846445 955686 723595 814926 793001 508723 672838 245906 330293 311681 483300 293004 282140 674005 792703 209789 422760
700556 863100 1063950 170788 812216 386002 508844 217956 618311 89243 493170 310215 245259 391117 229272 166495 231442 708319 349065 639405 480409 681078 823978 301711 249324 707169 641688 426617 61448 203111 143954 209089 557598 865005 817030 680521 575321 214189 191629 101018 637645 87913 285448 545487 544989 767827 1008966 175120 312658 283842 821041 999999999 611624 571968 733741 45666 736068 632164 740770 643954 492631 948295 516607 1000007 223883 435829 604316 388913 868049 366752 526522 753672 812206 1105370 330583 479742 796839 238121 230999 948668 402634 37029 655147 446104 155084 103500 571900 179996 576236 550770 616509 491397 731624 991671 536939 668099 511054 383195 670340 752014
510642 263168 493934 641990 515918 641372 102848 569081 669650 525337 387260 481227 535906 320954 388003 445410 510752 135881 367163 312813 385958 77312 447235 477827 642837 95880 453978 633835 589680 432513 479528 456255 303979 284692 406284 428072 298177 806031 676539 606185 399116 555718 664643 517254 418623 454803 437705 496172 352248 558006 529412 611624 999999999 674191 724253 572973 439066 444106 144064 400095 422169 441145 547635 402009 593166 518466 394773 631504 259197 543425 444517 398864 415488 547842 281700 372243 554960 488478 545059 351117 434914 623678 118083 374567 765564 564598 297200 474689 747722 157759 308757 378921 702780 408850 342762 247281 176446 351606 558634 799221
1072669 907988 874617 420230 1133907 194517 614150 747996 58127 568096 866091 776389 331615 382647 495577 528171 354291 809848 727536 424053 288320 691619 1093023 303917 804895 742455 1005399 148351 510613 455292 589630 655721 383551 946898 1061039 351950 396756 747681 422314 662520 340976 616377 314245 163663 922284 424699 835837 656942 413447 798270 426136 571968 674191 999999999 171215 581929 401270 993844 709449 974604 252086 705308 126556 886355 764561 176836 320503 188028 882722 858325 924554 459456 518883 885269 536716 846326 1150465 715566 746269 846607 825019 608940 785646 821166 660069 470695 864535 639791 86250 749675 410917 295371 178192 844723 338914 508538 727864 748774 216658 180925
1171951 927789 819926 588517 1217574 364880 685609 896414 116914 720609 975703 911001 489266 481463 628119 670606 507914 855083 848219 428625 362835 723511 1164439 447634 957919 775486 1105450 317881 672332 595947 735232 794935 420317 974771 1127312 324313 426671 916331 592411 819934 335768 770518 485020 227969 1029738 365723 789956 801653 532559 941701 337727 733741 724253 171215 999999999 739449 353339 1093933 725624 1067955 326433 645676 229978 857035 914727 308227 331638 357622 895352 994628 1036768 417044 464205 818835 647652 955733 1241962 855710 891834 824518 947958 770405 841484 934110 829286 630863 955369 782457 220002 827480 424099 363914 26333 807338 383964 513839 812535 865057 170684 86402
656371 821904 1032252 199637 767067 401979 470470 183826 625517 47638 448019 267756 250782 369392 197177 131068 231910 666424 303411 617748 466877 643744 778322 298089 225994 668148 596985 439767 81134 180300 99390 163560 536731 822470 771403 665712 553839 240444 225045 80640 622141 45879 310012 542419 500224 751415 976886 130631 289334 247617 807444 45666 572973 581929 739449 999999999 719901 587365 704564 598559 482301 921270 517316 964754 193431 436147 589423 403595 828024 328266 482379 733984 791033 1075119 293574 434396 752411 195110 193542 913335 358533 51557 612755 400765 192802 112826 526270 134452 592665 507179 595092 477159 735716 958293 519263 641475 467355 337537 665873 762765
