NAME : synthetic_000502
TYPE : CTSP-D
DIMENSION : 100
GROUPS : 8
RELAXATION_LEVEL : 1
EDGE_WEIGHT_TYPE : EXPLICIT
EDGE_WEIGHT_FORMAT : FULL_MATRIX
EDGE_WEIGHT_SECTION
999999999 424226 661540 824829 539416 464415 696054 308118 264390 456848 721974 681309 260531 763681 83048 906457 155437 869267 590074 245747 286910 715134 405702 879849 426949 665354 839891 695935 426490 477272 743145 147280 556079 606611 826736 603918 355804 647002 628122 204665 845612 288583 482151 667613 828731 370855 520990 676094 175483 369454 573790 494163 304842 186875 995408 653015 462064 133210 96714 644684 634793 722000 768151 449937 815501 61014 900897 229047 1001282 524880 183984 591448 837643 696624 225284 390435 515275 276693 774452 188345 881215 321307 687296 704738 823469 254345 523941 425340 577711 461394 871497 913960 562758 684078 688718 580124 310884 371940 466547 511418
424226 999999999 982885 754213 915789 785796 864748 341492 344909 188458 338484 286230 382517 743565 492964 871550 339719 924499 424126 192894 664595 484872 36950 515431 583425 764561 507035 518418 62184 376868 818823 468737 821423 772778 648485 935175 701574 249202 720625 590345 469086 657641 181052 966143 652465 629884 688954 723852 248895 75875 565236 471857 216084 442681 1000641 767210 80665 556617 327540 388794 1000056 921107 507142 705097 617554 365041 944526 412780 978574 735545 256178 809210 842541 667915 199325 702021 120934 493923 753892 570150 873932 437654 734444 618540 720777 654114 312486 562915 767926 759954 929023 943668 918228 799496 860960 633387 419046 74412 522671 320126
661540 982885 999999999 788898 198791 201104 355964 969619 925724 890477 1145121 1132183 603124 689343 581490 775362 654522 612690 826625 798318 380951 949660 949779 1235048 446158 478204 1157709 876890 949555 741036 531592 770069 192156 362814 940747 60588 305758 1110578 487460 460085 1228355 375180 922726 63673 939135 355223 383292 562804 778896 962105 634375 653796 950197 546289 762326 452004 974115 573865 727011 945354 142401 299141 1016112 289625 961073 689871 647336 880514 810224 309879 821543 268840 680050 681189 826209 283638 1014694 489671 693891 474172 719485 561919 565652 763192 834471 430755 856454 472519 325336 223069 609914 676855 131419 452320 348404 548514 964340 909652 562499 834477
824829 754213 788898 999999999 887405 707108 445914 1007408 982975 566282 644127 672091 564729 99571 810838 124938 678362 273179 332784 702310 785552 339549 721222 621852 453611 310767 531636 263458 692196 390924 270939 967069 610760 427309 209060 786829 732442 677384 305296 784090 647237 766752 579724 731219 204922 586336 436264 227537 763030 799099 251846 333826 900988 649365 267214 336900 685085 873805 791420 415233 904982 519333 379677 576296 249135 789049 267898 1004044 229485 502587 825177 521878 154518 133635 768066 671104 682546 576494 95835 774000 154433 505492 223595 136274 62862 831753 444151 438711 468695 657750 279176 248501 834795 339688 451298 278677 1061082 700868 364689 434340
539416 915789 198791 887405 999999999 183043 497754 839711 795303 859979 1130539 1108076 560301 790632 456374 898509 576115 757843 850131 723448 255831 982755 886640 1244961 471052 588434 1176345 920619 893701 747625 656769 622745 286820 469926 1007602 147898 218412 1081484 583668 336951 1229450 259621 892191 249574 1006902 342099 452213 661769 685710 881082 688943 680246 842577 475461 910338 562484 923160 428166 620854 958784 99276 460173 1049054 317127 1020252 580852 794049 739071 950375 385010 716492 380992 803769 764609 736633 245190 969809 450462 797351 355569 847118 541771 667586 833017 923212 286641 854032 495693 424892 232149 756175 821242 70679 573202 488942 618979 821745 846809 592735 833011
464415 785796 201104 707108 183043 999999999 346163 772279 728752 705338 969002 951197 410451 611535 386596 725268 454129 598235 673123 598998 196375 804014 753527 1073733 290327 415047 1002052 739670 755316 575128 488129 581480 134427 299625 824638 149484 111715 927173 405772 268379 1061458 185920 737765 203622 823912 169880 270903 483397 577825 762364 506141 501410 749326 346172 749941 389918 781524 389056 526473 785297 230925 328998 870569 134085 837715 489827 634733 687757 784636 207429 620687 220723 631823 582552 625337 83790 824395 296451 618730 279992 676318 378311 489938 649984 741253 253542 685745 315656 253917 49455 597355 659878 146955 404905 337062 436308 771391 713307 412378 664196
696054 864748 355964 445914 497754 346163 999999999 976744 938402 717961 924764 927663 506877 347658 639718 420004 608845 260895 573667 718094 507944 672227 827939 974212 290689 145344 888382 590136 814631 526747 178303 838362 214783 94254 622114 368706 425940 915593 175502 551440 980197 491099 746593 294122 619588 330227 183067 233014 736211 871954 359686 422040 912965 517773 413091 124616 827919 673051 718103 696452 487383 76175 734818 262586 650083 693497 296797 922207 456540 174008 795203 126263 325095 358979 769324 359178 853987 427988 350164 552926 363642 438082 231797 451120 498216 567036 641082 306225 118680 306499 258903 324833 432807 108632 9101 265480 1000157 791877 347256 620201
308118 341492 969619 1007408 839711 772279 976744 999999999 44415 490594 678309 624138 481317 969501 388759 1110016 369439 1112985 705595 305166 592671 798048 352033 856265 690373 920023 847585 811626 387135 618461 991340 230424 858199 883577 947654 911791 663911 587264 878404 511070 808540 595754 498503 975123 950953 665838 794830 909599 251078 266112 774536 680472 126076 461012 1220440 913040 417865 412637 259238 706703 937160 1012260 831839 747198 923562 288486 1140567 116878 1213313 812827 187768 883547 1058157 895070 239346 696748 462424 549068 980499 495811 1097398 553417 921054 873637 988653 553276 604791 680840 861401 767176 1116233 1147948 868279 945789 970320 810774 79481 346396 689264 603262
264390 344909 925724 982975 795303 728752 938402 44415 999999999 480646 683383 630567 447471 941705 344624 1083051 333437 1080334 688077 283140 548398 785993 350846 860092 653631 885320 846743 795143 385070 596400 957747 188631 816181 845620 931440 867773 620078 593536 844173 466880 813975 551621 491317 931778 934577 624797 757098 877773 221321 269073 746358 653367 130727 421441 1190721 877568 417720 368341 220308 696609 892745 972453 822801 705938 908986 247359 1108561 81199 1185442 773114 158191 843296 1028648 867928 217553 653736 465018 510425 952717 451764 1068618 519365 889238 850365 966534 508861 590602 645051 822413 724324 1083442 1116775 823944 910164 931829 778892 80588 340190 657636 587537
456848 188458 890477 566282 859979 705338 717961 490594 480646 999999999 275875 248211 299704 559974 501801 684755 320175 748059 235685 221218 627713 308085 157484 423367 457223 603346 385254 332204 126275 200381 649515 550452 712357 630566 464973 850329 641713 222033 560194 567572 391850 616049 32428 863318 468723 537449 554112 552475 302290 242403 390908 303310 367907 393948 816085 609839 120933 574537 371945 216194 932636 781336 342158 601784 436902 397200 765747 531072 791819 611705 344870 682282 660122 485121 274691 624436 136245 410965 570032 547857 689563 328719 562455 431026 532326 634464 124251 432973 634114 670519 752884 762829 848262 640719 715465 468734 560705 146759 370792 131942
721974 338484 1145121 644127 1130539 969002 924764 678309 683383 275875 999999999 57178 572257 679362 773826 768684 594150 886546 354455 477008 902980 305110 336892 178714 700561 791174 194786 382325 306327 407768 815785 795569 959381 847671 465213 1109754 913134 92127 752451 843428 130610 890902 245584 1111591 470075 799252 783822 720103 554225 414311 567168 506870 554006 669493 911341 804644 270660 845396 630669 237348 1198878 995576 280111 855794 423162 661099 894182 750195 869460 849785 581033 914780 777946 616846 514249 890619 219564 680077 686844 823684 793600 591044 727558 532598 590093 910320 290380 674532 861207 930626 892198 882229 1114333 831095 924269 659881 756702 359527 593319 312370
681309 286230 1132183 672091 1108076 951197 927663 624138 630567 248211 57178 999999999 547877 700078 736811 797024 559761 905407 366182 435572 874813 336991 287756 234952 690880 798167 250325 408657 259232 403515 828074 748491 949355 847234 502746 1094427 889874 37041 758020 812126 184698 863576 216212 1101394 507547 782192 779193 731198 510638 361717 574195 506304 500600 640916 938793 809991 223091 807274 588253 257988 1179665 996680 320987 842577 461813 620296 915153 698920 899757 842711 533737 909874 800064 634216 468462 871209 170330 658477 708158 792144 818501 573050 739300 554237 620719 878901 286951 665303 857817 914696 910926 904909 1095183 837754 926609 664778 702858 313533 589209 308304
260531 382517 603124 564729 560301 410451 506877 481317 447471 299704 572257 547877 999999999 507378 259591 650410 117394 633063 348747 212971 333221 482088 348148 700247 216193 438821 642381 448856 346454 232426 510301 402634 439080 412624 574209 558337 342009 521243 397087 284042 678142 319952 331892 583927 575788 248288 324129 431610 232593 373315 314666 233793 406716 107627 748028 432659 371390 330793 234610 429170 634570 553431 542097 322588 567416 225850 661817 450895 748392 359294 294437 433403 587253 438060 262530 327808 414009 114045 518291 266170 629255 72115 443061 444489 563094 349332 311634 202427 398622 380199 636097 671183 550526 465599 501507 332945 518609 308382 213183 293366
763681 743565 689343 99571 790632 611535 347658 969501 941705 559974 679362 700078 507378 999999999 741905 143037 624009 208161 339876 667065 700125 383460 708632 680873 370183 211196 590802 299923 682769 368050 175901 908840 512059 328043 285987 687763 642589 700196 207209 704846 699870 681240 578335 631667 282652 498547 341472 129079 720386 780265 195423 289185 870360 582263 257331 237340 680861 801278 740002 442976 806149 421874 434516 482429 320708 733211 215103 955515 243817 405628 783597 422574 101243 76089 731694 579549 686098 503255 11014 696249 130728 442416 124399 146826 151185 748839 444785 358489 369915 562365 213968 206035 736836 240626 352756 193923 1017707 683633 297203 430779
83048 492964 581490 810838 456374 386596 639718 388759 344624 501801 773826 736811 259591 741905 999999999 883163 182638 829721 605702 305659 204372 736335 471056 924273 387076 623637 877816 707865 488263 489897 703264 200988 485665 553713 833759 523241 276366 703872 589367 122380 893582 206999 529693 590213 835301 309922 471689 644307 245648 443586 559195 488921 387229 161717 962457 608773 522809 73877 171041 673891 551807 659462 793337 385197 826752 130796 862781 301364 973477 466217 263946 528887 808559 679297 297231 316278 575192 240187 752373 107321 853267 306707 655154 698457 815797 171816 552921 390273 521076 387489 831465 878160 480300 638422 631920 552122 384867 434814 446691 537870
906457 871550 775362 124938 898509 725268 420004 1110016 1083051 684755 768684 797024 650410 143037 883163 999999999 766983 189955 454102 806372 831208 463787 837686 739851 505856 310489 650131 388396 809874 501039 244425 1051796 613070 428584 322757 782921 768295 802215 322524 841292 767853 812334 699903 714035 318180 628408 462013 249252 861822 912889 337648 429719 1008387 724283 143076 336159 804634 941129 882831 540108 902367 485695 501138 602349 365069 876247 171223 1098146 107065 517985 924866 519516 95540 215125 871476 702966 804397 643679 132150 833696 58772 585278 240397 254254 180440 882191 564395 496510 473718 677250 195334 144333 839658 326685 427215 331916 1159555 815209 439910 553168
155437 339719 654522 678362 576115 454129 608845 369439 333437 320175 594150 559761 117394 624009 182638 766983 999999999 749072 434741 147484 325718 560967 311408 741852 320984 552061 695385 540499 321745 321892 625372 289523 511389 515156 671583 603233 363290 528200 511264 255069 711979 318103 348927 645607 673636 314129 426211 548567 130323 308736 430218 344981 308760 108360 865399 544133 353888 256229 117328 493749 661517 648474 615446 395200 660065 110854 778335 333553 865560 449743 186507 522535 704639 553730 172934 370907 404186 184581 634954 234814 746559 187624 560004 554252 673147 321083 372625 311646 495346 434730 751967 788189 580685 576749 602723 450061 402450 272082 330577 358784
869267 924499 612690 273179 757843 598235 260895 1112985 1080334 748059 886546 905407 633063 208161 829721 189955 749072 999999999 541310 821429 736985 591538 888312 887174 443345 206440 796896 508080 865839 548958 126478 1016469 472278 302038 481437 629207 662643 903710 241188 764211 907560 718728 769736 549516 477470 539238 365015 204754 862137 952251 359264 453538 1026229 682404 152515 224051 868389 877139 866080 649552 747364 314468 641291 492245 520015 851029 36498 1081312 197802 400293 925257 379116 118684 271404 882610 594834 879357 593218 201866 760880 132437 561567 193461 354676 335955 793240 640305 443990 346720 554079 6006 64201 693591 199100 269469 302782 1151449 859181 424249 624040
590074 424126 826625 332784 850131 673123 573667 705595 688077 235685 354455 366182 348747 339876 605702 454102 434741 541310 999999999 406326 663084 135871 392706 409554 384712 437268 331200 108248 361943 116322 462254 714775 635203 501877 244143 800180 645396 362549 399559 627626 408805 646856 247134 785176 247040 508064 448371 365927 479827 474865 214129 173227 589542 455520 590133 451732 352756 678297 529059 123104 902456 646301 200330 545752 226730 539861 553423 724322 560817 519391 536354 577384 441075 270044 470921 605184 350295 422305 348915 611196 465162 325861 373664 200220 296654 690070 111895 358614 521155 628376 546692 545901 819666 477280 573808 308213 768484 376768 264485 105291
245747 192894 798318 702310 723448 598998 718094 305166 283140 221218 477008 435572 212971 667065 305659 806372 147484 821429 406326 999999999 471704 511969 166808 638995 427988 638840 606083 514093 182628 313605 704241 329244 646344 623971 650346 748431 510605 401291 595512 397830 602298 464884 242300 785987 653321 450488 536075 616689 81079 164111 473365 378017 204954 253182 920671 636046 217457 373555 153849 428464 808941 766284 555466 529257 629892 184733 846774 319151 910580 571996 130389 646058 758392 591942 65905 515341 270280 315092 678019 377595 796191 280013 628019 568494 683884 462183 314527 412006 611454 576620 825141 851741 727870 669126 713046 519066 363051 129331 398505 308649
286910 664595 380951 785552 255831 196375 507944 592671 548398 627713 902980 874813 333221 700125 204372 831208 325718 736985 663084 471704 999999999 798955 637066 1033257 331979 535291 973241 750585 646949 550336 615239 389272 317429 437667 859033 321529 86960 845658 511918 82289 1011255 18894 659075 396542 859428 202850 374655 581996 430242 626612 548776 508804 587642 233900 882855 514263 678197 193987 365184 757419 348746 508341 862626 247236 862360 325338 772695 499892 906917 339685 460932 384243 744518 652608 481409 149352 727100 240783 709260 99997 790379 337461 591151 698228 806086 59689 643038 348465 396020 212988 737356 793707 275929 537905 499162 507550 583695 597800 436159 623744
715134 484872 949660 339549 982755 804014 672227 798048 785993 308085 305110 336991 482088 383460 736335 463787 560967 591538 135871 511969 798955 999999999 459882 303419 514002 529106 216206 84741 425325 250635 536786 832701 757520 610363 170408 926617 780274 347359 496971 762793 317138 782710 305488 904907 174959 641138 567306 447485 590147 547842 319323 302674 675978 589430 606636 547696 405593 809539 647077 96579 1031852 747359 66702 674356 134231 661996 595679 830582 564405 640120 641815 692624 478591 330076 573181 738362 385154 558177 389741 746106 490822 461704 452691 238342 285011 825614 197471 488400 635167 758202 597375 581487 949885 568723 673721 412378 866461 454563 392143 205583
405702 36950 949779 721222 886640 753527 827939 352033 350846 157484 336892 287756 348148 708632 471056 837686 311408 888312 392706 166808 637066 459882 999999999 510931 547174 727648 496153 489377 35481 341336 782149 461095 786630 736065 621048 902752 671318 251213 683708 564354 467063 629458 154411 932054 624914 596044 652451 687336 230533 88815 529076 435396 225998 412164 965846 730261 67070 536824 309601 364652 969665 884549 485847 670550 591384 345496 908606 414080 944648 699634 246494 773202 807279 632852 183851 669817 117588 460334 719020 544093 839133 401898 697964 585276 689115 628946 281681 526466 731533 726738 892804 908060 887390 762552 824184 596597 427632 40226 485721 287975
879849 515431 1235048 621852 1244961 1073733 974212 856265 860092 423367 178714 234952 700247 680873 924273 739851 741852 887174 409554 638995 1033257 303419 510931 999999999 790309 831988 90349 387703 478561 498605 839643 964122 1044186 908512 417397 1206358 1031926 270794 798719 981316 55903 1019415 397825 1194602 422071 905000 857912 750902 718667 591292 617191 581391 731436 804117 881562 849943 443935 997402 792448 289784 1304535 1048816 246449 950809 374795 819776 887518 925007 830329 928847 750932 986574 770836 632469 682430 1000481 395091 799151 686004 962311 776285 704367 756081 539286 560825 1047747 391813 763934 929978 1031215 893119 870032 1220668 871740 975360 711552 934343 529708 672600 412344
426949 583425 446158 453611 471052 290327 290689 690373 653631 457223 700561 690880 216193 370183 387076 505856 320984 443345 384712 427988 331979 514002 547174 790309 999999999 238436 715376 449624 538017 294904 316909 573837 258850 196435 540798 416118 284630 671877 202423 335447 782320 313206 488517 411062 540523 136858 108090 259939 446382 584447 222691 211857 622462 240656 575903 226560 555980 438682 434059 500571 518060 339337 580636 161048 550640 413791 475936 644971 590092 154727 506380 226890 425087 320648 478647 230902 589170 150275 379754 328056 470541 148449 270335 371543 475233 378875 410846 26401 184932 244206 445324 491095 435883 258294 285331 176423 719426 509373 122054 388830
665354 764561 478204 310767 588434 415047 145344 920023 885320 603346 791174 798167 438821 211196 623637 310489 552061 206440 437268 638840 535291 529106 727648 831988 238436 999999999 745289 446218 710056 405218 80702 812272 304569 119167 477667 478316 465227 788946 43980 558655 840076 516738 629746 420545 475272 334845 160759 88401 671033 781798 224189 300364 841381 478832 347714 26426 718913 670732 667902 558825 597312 221509 590828 295884 504932 650247 240526 881348 373513 208250 733234 212759 216797 214032 696542 398240 739287 388708 215715 554835 261553 366710 88807 305781 358581 590200 514371 241770 163571 367430 207951 259192 531023 40065 148402 135116 953904 694438 243253 494555
839891 507035 1157709 531636 1176345 1002052 888382 847585 846743 385254 194786 250325 642381 590802 877816 650131 695385 796896 331200 606083 973241 216206 496153 90349 715376 745289 999999999 299611 461679 428861 750810 934949 966080 825093 328107 1131231 966279 280837 713051 925967 122678 958564 364489 1115405 332831 834772 777884 663136 687021 581633 533553 504379 721553 748502 792129 763879 429772 951562 757096 217683 1232235 963412 156743 876389 285254 781154 797169 906429 741683 849717 725548 905278 680491 543510 655675 931215 386736 735567 595835 907553 686063 639388 668013 449958 470784 991658 330750 689142 848224 958249 802843 779738 1148927 784867 889807 627417 923765 508511 595675 349543
695935 518418 876890 263458 920619 739670 590136 811626 795143 332204 382325 408657 448856 299923 707865 388396 540499 508080 108248 514093 750585 84741 489377 387703 449624 446218 299611 999999999 456723 218915 452131 822475 684893 531412 136318 856714 724548 414340 415412 721590 401768 733535 337683 830068 139438 581423 493612 363525 588039 574379 242872 243401 693854 553814 530208 465520 442725 779622 636907 152219 964790 665638 144682 607778 119566 646848 513368 832422 491819 567030 644274 616120 396550 245336 578355 678265 431329 511412 306602 706157 411285 417272 368467 153972 214411 781948 209284 424968 558371 692624 513879 500316 884087 485611 591937 333616 875642 477325 327927 208463
426490 62184 949555 692196 893701 755316 814631 387135 385070 126275 306327 259232 346454 682769 488263 809874 321745 865839 361943 182628 646949 425325 35481 478561 538017 710056 461679 456723 999999999 317220 762111 489547 782380 723740 587514 904026 676949 223331 666241 576496 435870 638425 120155 929537 591438 594682 641714 666422 252943 124238 506720 414492 261169 418252 939641 713803 36180 555917 331521 329809 974623 873193 450520 667184 557283 365710 885198 446794 916920 691716 274845 764776 782117 607297 209295 671893 89508 460016 693024 556215 812959 395415 676860 556630 658593 641949 250326 516302 721315 726566 870453 883740 891670 745758 811212 577610 462345 54789 469827 258004
477272 376868 741036 390924 747625 575128 526747 618461 596400 200381 407768 403515 232426 368050 489897 501039 321892 548958 116322 313605 550336 250635 341336 498605 294904 405218 428861 218915 317220 999999999 449176 606448 552932 444065 350054 709348 537908 389312 362741 512178 487928 534608 225040 704983 352259 406601 376367 352096 380367 412454 190654 105291 510086 339265 625374 413492 319739 562256 421969 211199 805950 594078 312724 453714 338426 429386 567978 625134 607317 442082 440327 507290 466036 292041 379501 502615 335056 309936 378596 495476 498760 213069 362099 255689 370281 575260 117489 268581 454489 532904 553658 566800 722063 443430 525136 270126 675805 315583 185942 95621
743145 818823 531592 270939 656769 488129 178303 991340 957747 649515 815785 828074 510301 175901 703264 244425 625372 126478 462254 704241 615239 536786 782149 839643 316909 80702 750810 452131 762111 449176 999999999 890290 370243 188528 459922 538546 543786 822181 115088 639357 852953 596758 673799 470906 456847 415373 241112 97742 741098 841289 259465 347718 908305 556328 267635 101177 767954 751171 742013 579418 657988 249296 594260 373705 492311 725943 159960 956632 296730 283788 803880 276207 148886 207320 763906 476406 783942 466890 176468 635498 190649 438391 88885 301333 326794 670511 550791 318094 234242 441685 128425 178651 596380 83629 184787 186605 1027795 750845 305743 532476
147280 468737 770069 967069 622745 581480 838362 230424 188631 550452 795569 748491 402634 908840 200988 1051796 289523 1016469 714775 329244 389272 832701 461095 964122 573837 812272 934949 822475 489547 606448 890290 999999999 686023 750463 956166 710321 469845 712170 775300 313108 924206 396567 570562 784424 958505 509761 666031 823201 248166 399403 717261 634274 287896 334128 1142479 799529 525553 196816 185906 754416 721629 860155 880706 586051 941503 178752 1048163 118321 1147592 665608 214756 729506 984309 840560 281785 515410 578176 423570 919673 302666 1027650 466611 834425 843774 962668 341127 636537 572592 719707 586419 1018668 1061222 658687 830335 830763 726912 199256 436048 612118 627118
556079 821423 192156 610760 286820 134427 214783 858199 816181 712357 959381 949355 439080 512059 485665 613070 511389 472278 635203 646344 317429 757520 786630 1044186 258850 304569 966080 684893 782380 552932 370243 686023 999999999 185403 752013 177059 230698 929602 305598 377688 1038815 303339 744180 152214 750603 197262 191484 383236 641088 809866 442615 462804 818478 405190 624751 278257 804007 501898 602471 754746 294258 194891 823960 117089 770896 569986 508654 784617 663640 117906 691807 94178 517933 495898 683835 172241 841107 331263 517838 384787 560804 387677 387726 574432 652126 376876 669459 284852 142149 104454 470884 535241 226647 286824 205737 358514 866950 747137 371707 647433
606611 772778 362814 427309 469926 299625 94254 883577 845620 630566 847671 847234 412624 328043 553713 428584 515156 302038 501877 623971 437667 610363 736065 908512 196435 119167 825093 531412 723740 444065 188528 750463 185403 999999999 581273 359826 361022 833289 124866 472698 910616 419826 659961 307759 579365 247470 88994 200238 642148 778477 291552 341194 818755 425935 452063 92884 738189 591592 625329 624922 478542 150796 675063 191001 604489 601658 338339 831301 485038 98512 701382 94577 333935 319251 675072 293153 766080 335535 333349 472189 377696 343976 203717 404707 471673 495263 560321 212322 45715 253557 301823 361946 411887 105343 89100 198023 908439 699548 260401 538936
826736 648485 940747 209060 1007602 824638 622114 947654 931440 464973 465213 502746 574209 285987 833759 322757 671583 481437 244143 650346 859033 170408 621048 417397 540798 477667 328107 136318 587514 350054 459922 956166 752013 581273 999999999 928240 823894 515852 457268 837683 447691 841225 467498 888432 4885 677051 562577 389337 723856 707339 318992 352288 829203 676197 464166 501214 570782 904177 771056 265247 1041665 698084 186237 690613 43269 779435 476942 968456 413894 635493 780466 672892 362852 263824 714670 771608 553847 624772 288053 823517 362210 534751 390350 177620 146350 895157 343911 518632 615640 775909 487444 456855 964416 513543 625803 393729 1011947 611166 424467 344393
603918 935175 60588 786829 147898 149484 368706 911791 867773 850329 1109754 1094427 558337 687763 523241 782921 603233 629207 800180 748431 321529 926617 902752 1206358 416118 478316 1131231 856714 904026 709348 538546 710321 177059 359826 928240 999999999 248709 1071561 482106 401398 1197268 316455 882710 101745 926923 312897 366021 559345 725746 911676 615963 626958 895305 495476 780788 451890 929712 513909 671682 916665 119446 321475 993291 255678 946139 633997 664755 821376 825230 292777 766698 265566 687389 672956 773835 233260 971753 444324 693172 416011 728677 521809 563370 750786 829043 370513 823080 442465 318318 179837 626943 693307 77429 456614 360414 534514 905192 862542 535810 801235
355804 701574 305758 732442 218412 111715 425940 663911 620078 641713 913134 889874 342009 642589 276366 768295 363290 662643 645396 510605 86960 780274 671318 1031926 284630 465227 966279 724548 676949 537908 543786 469845 230698 361022 823894 248709 999999999 863106 446128 156813 1014369 74580 673888 314738 823827 147843 306727 519707 480620 671402 507097 481204 647410 259159 810963 442659 705760 277559 423576 748691 298485 422710 845661 170438 831312 385507 698759 576943 838660 262520 518969 300818 678752 601546 530003 67872 751849 233650 651090 169206 724410 327580 528058 656168 758348 146197 640167 305467 317629 126254 662629 721173 217500 463936 417025 454038 660680 631264 399900 619597
647002 249202 1110578 677384 1081484 927173 915593 587264 593536 222033 92127 37041 521243 700196 703872 802215 528200 903710 362549 401291 845658 347359 251213 270794 671877 788946 280837 414340 223331 389312 822181 712170 929602 833289 515852 1071561 863106 999999999 748010 781581 221360 834836 189636 1081344 520582 758839 762900 724801 475462 324676 565821 493559 463603 611916 943040 799701 187152 773835 553400 262191 1154669 983389 338061 821214 476009 585995 914880 661917 906150 824839 497441 893139 800846 632317 432625 846449 134060 632979 708658 761514 821181 549756 733296 555621 628128 848237 274901 646641 842079 891727 909128 905840 1070294 828222 914196 654655 665930 277859 573863 295454
628122 720625 487460 305296 583668 405772 175502 878404 844173 560194 752451 758020 397087 207209 589367 322524 511264 241188 399559 595512 511918 496971 683708 798719 202423 43980 713051 415412 666241 362741 115088 775300 305598 124866 457268 482106 446128 748010 999999999 529999 804937 493156 586880 432593 455237 309495 139525 78152 628886 737882 185494 257626 798413 441281 375418 52206 675347 639036 627596 521923 599856 250389 560024 279982 481776 611017 273514 841842 395176 198863 691313 218702 232889 194494 653634 380477 696245 352052 213699 524980 278688 324997 84167 281705 347367 565144 473183 203006 163795 356966 243375 289178 529675 80691 176757 93355 913522 650460 199326 453078
204665 590345 460085 784090 336951 268379 551440 511070 466880 567572 843428 812126 284042 704846 122380 841292 255069 764211 627626 397830 82289 762793 564354 981316 335447 558655 925967 721590 576496 512178 639357 313108 377688 472698 837683 401398 156813 781581 529999 999999999 956132 84945 598054 471539 838532 225896 399299 594287 351390 549004 538421 485429 505772 177513 905151 540186 608934 124312 284051 713191 430839 561352 824407 289450 836991 243940 798974 420674 923693 378197 379574 432777 759174 650467 402945 205470 659186 213296 714633 20283 804873 304371 604300 685684 798370 66892 595367 346505 434826 275432 765198 817625 358098 566903 543052 510961 504483 525767 423460 577367
845612 469086 1228355 647237 1229450 1061458 980197 808540 813975 391850 130610 184698 678142 699870 893582 767853 711979 907560 408805 602298 1011255 317138 467063 55903 782320 840076 122678 401768 435870 487928 852953 924206 1038815 910616 447691 1197268 1014369 221360 804937 956132 999999999 998083 364177 1190208 452490 891891 855484 761625 680859 544901 620963 577002 684490 779827 910475 856722 400507 966105 756138 286005 1292362 1053844 267671 941641 404501 785059 910000 880686 861568 925049 710042 985392 792893 646914 642500 986164 349985 780808 705723 936784 801270 687697 767528 555458 587649 1022871 375867 755929 929591 1020318 913444 894014 1208109 880068 980829 715548 887077 488370 667421 397292
288583 657641 375180 766752 259621 185920 491099 595754 551621 616049 890902 863576 319952 681240 206999 812334 318103 718728 646856 464884 18894 782710 629458 1019415 313206 516738 958564 733535 638425 534608 596758 396567 303339 419826 841225 316455 74580 834836 493156 84945 998083 999999999 647595 387956 841584 184001 356058 563129 426272 621503 530393 491416 586705 222967 864353 495831 669199 203136 363410 742373 350177 492991 846614 229745 844895 324010 754388 505420 888194 322034 459271 367955 725715 633848 477064 133457 717582 224740 690370 100252 771578 321574 572298 679889 787481 75941 628694 329861 378491 199114 719139 775270 274880 519676 482359 488701 589243 589961 418018 609197
482151 181052 922726 579724 892191 737765 746593 498503 491317 32428 245584 216212 331892 578335 529693 699903 348927 769736 247134 242300 659075 305488 154411 397825 488517 629746 364489 337683 120155 225040 673799 570562 744180 659961 467498 882710 673888 189636 586880 598054 364177 647595 999999999 895280 471455 569839 584468 576405 322928 242471 414531 329383 374007 425210 833254 636991 105797 601998 395004 210593 965037 810757 333709 633916 437137 421966 786393 545379 806876 642838 361630 713079 679028 504255 291545 656855 110148 443345 588172 578249 707067 361048 586159 445667 542949 664936 135606 464071 664399 702893 774671 782459 880670 667524 744278 494808 570698 152111 399780 147604
667613 966143 63673 731219 249574 203622 294122 975123 931778 863318 1111591 1101394 583927 631667 590213 714035 645607 549516 785176 785987 396542 904907 932054 1194602 411062 420545 1115405 830068 929537 704983 470906 784424 152214 307759 888432 101745 314738 1081344 432593 471539 1190208 387956 895280 999999999 886639 336403 337717 506488 772951 950092 587200 613554 947492 537428 698851 394613 952369 590472 726300 905560 204720 235626 971015 262678 910284 690753 584019 891366 747163 265787 819199 215702 618919 627007 818442 279396 990775 472540 635809 483565 657756 536770 508729 711269 778340 450650 821626 437060 273353 211312 546669 613649 179174 392944 286819 498674 975011 892203 522800 799599
828731 652465 939135 204922 1006902 823912 619588 950953 934577 468723 470075 507547 575788 282652 835301 318180 673636 477470 247040 653321 859428 174959 624914 422071 540523 475272 332831 139438 591438 352259 456847 958505 750603 579365 4885 926923 823827 520582 455237 838532 452490 841584 471455 886639 999999999 676876 561374 386911 726634 711108 318500 353106 832674 677516 459499 498923 574860 905598 773483 269626 1040527 695522 191121 689864 48117 781642 472770 971300 409108 634209 783393 671151 358854 261553 717724 771278 558150 625541 284585 824450 357888 535819 387800 176171 142154 895814 347438 518490 613960 775133 483476 452559 963443 510994 623334 392444 1015071 614837 424575 347698
370855 629884 355223 586336 342099 169880 330227 665838 624797 537449 799252 782192 248288 498547 309922 628408 314129 539238 508064 450488 202850 641138 596044 905000 136858 334845 834772 581423 594682 406601 415373 509761 197262 247470 677051 312897 147843 758839 309495 225896 891891 184001 569839 336403 676876 999999999 174344 379172 443923 614441 359491 339189 621586 208430 682450 315258 618908 344190 407954 617447 400560 351199 707277 81748 685676 377479 574355 599552 704667 156380 495501 220597 541808 454616 486618 97225 659676 136142 507452 224735 587675 209166 388301 508390 610838 255749 516074 158457 211862 133178 540046 594006 316227 341242 322280 307659 680119 556088 254354 494600
520990 688954 383292 436264 452213 270903 183067 794830 757098 554112 783822 779193 324129 341472 471689 462013 426211 365015 448371 536075 374655 567306 652451 857912 108090 160759 777884 493612 641714 376367 241112 666031 191484 88994 562577 366021 306727 762900 139525 399299 855484 356058 584468 337717 561374 174344 999999999 214835 553176 692011 251143 278819 729920 338402 508472 140970 657897 514152 536866 569831 479238 232259 633534 141190 580134 513910 400032 744152 532767 73611 612396 130958 372030 312534 586418 240958 688358 247599 349086 396525 417713 256373 222459 385445 471033 429450 493835 126134 80056 221507 365925 419763 403519 168018 177444 169093 820628 615232 190512 471988
676094 723852 562804 227537 661769 483397 233014 909599 877773 552475 720103 731198 431610 129079 644307 249252 548567 204754 365927 616689 581996 447485 687336 750902 259939 88401 663136 363525 666422 352096 97742 823201 383236 200238 389337 559345 519707 724801 78152 594287 761625 563129 576405 506488 386911 379172 214835 999999999 658556 748849 161900 252025 821521 490021 319327 112807 671389 698343 665885 484615 677446 309139 507533 356001 417117 653259 230980 881937 330171 276857 721834 294775 165150 125972 678059 455109 686552 404282 135582 587683 210674 361107 11465 218835 271860 633397 453064 254062 241158 434419 208553 239624 607762 124826 236500 98882 950109 656948 220336 434737
175483 248895 778896 763030 685710 577825 736211 251078 221321 302290 554225 510638 232593 720386 245648 861822 130323 862137 479827 81079 430242 590147 230533 718667 446382 671033 687021 588039 252943 380367 741098 248166 641088 642148 723856 725746 480620 475462 628886 351390 680859 426272 322928 772951 726634 443923 553176 658556 999999999 198442 525038 432219 178491 236243 969846 665241 288926 307735 79074 508380 775715 777861 635220 525229 705234 116235 889533 245034 964122 579558 63443 652591 807661 646697 51812 495710 342329 314734 731398 331748 847401 304531 670009 631664 748893 411975 392774 434484 624147 561665 865443 896886 697421 698190 730367 559756 298162 198156 438222 385472
369454 75875 962105 799099 881082 762364 871954 266112 269073 242403 414311 361717 373315 780265 443586 912889 308736 952251 474865 164111 626612 547842 88815 591292 584447 781798 581633 574379 124238 412454 841289 399403 809866 778477 707339 911676 671402 324676 737882 549004 544901 621503 242471 950092 711108 614441 692011 748849 198442 999999999 594677 499113 140374 416204 1037474 781917 152339 502663 273551 453016 968939 923780 574645 692790 678606 313091 974477 337899 1019469 732272 191753 806386 877141 704185 146632 678840 196540 478775 790884 529156 910991 436115 759815 662828 769929 610311 365425 566306 769191 740663 956465 975865 888903 814741 867460 654698 343310 98389 538557 369581
573790 565236 634375 251846 688943 506141 359686 774536 746358 390908 567168 574195 314666 195423 559195 337648 430218 359264 214129 473365 548776 319323 529076 617191 222691 224189 533553 242872 506720 190654 259465 717261 442615 291552 318992 615963 507097 565821 185494 538421 620963 530393 414531 587200 318500 359491 251143 161900 525038 594677 999999999 96101 677612 397610 447351 237693 510352 623069 545455 336771 726472 432892 384699 372331 331887 540223 380001 760526 439085 324713 588298 373617 285176 123513 537430 453002 524675 327359 206437 526940 323016 253681 171642 149596 260001 590287 292302 201947 316007 457712 363806 381375 647548 264005 360029 94594 822285 500444 115039 273427
494163 471857 653796 333826 680246 501410 422040 680472 653367 303310 506870 506304 233793 289185 488921 429719 344981 453538 173227 378017 508804 302674 435396 581391 211857 300364 504379 243401 414492 105291 347718 634274 462804 341194 352288 626958 481204 493559 257626 485429 577002 491416 329383 613554 353106 339189 278819 252025 432219 499113 96101 999999999 581885 328208 543117 308222 420505 556836 457605 292017 729903 490377 369173 372781 353590 455812 475367 670856 532921 348090 495176 409370 381096 214638 442513 436346 439018 272505 300163 471470 418212 184002 262587 210709 329318 543112 219370 185976 354758 455947 457890 477352 647520 338311 420659 165475 730196 405655 91333 198255
304842 216084 950197 900988 842577 749326 912965 126076 130727 367907 554006 500600 406716 870360 387229 1008387 308760 1026229 589542 204954 587642 675978 225998 731436 622462 841381 721553 693854 261169 510086 908305 287896 818478 818755 829203 895305 647410 463603 798413 505772 684490 586705 374007 947492 832674 621586 729920 821521 178491 140374 677612 581885 999999999 413290 1124949 837335 291805 431421 223867 583394 936357 955983 707696 703101 803461 262717 1051717 205501 1113365 757943 128655 831057 962776 794831 144889 668712 336903 493226 881268 487659 1000019 477511 832867 765643 878190 559010 485347 609089 801973 736305 1029897 1056647 861304 870408 907329 723683 202963 222102 602756 485557
186875 442681 546289 649365 475461 346172 517773 461012 421441 393948 669493 640916 107627 582263 161717 724283 108360 682404 455520 253182 233900 589430 412164 804117 240656 478832 748502 553814 418252 339265 556328 334128 405190 425935 676197 495476 259159 611916 441281 177513 779827 222967 425210 537428 677516 208430 338402 490021 236243 416204 397610 328208 413290 999999999 809315 467142 447863 228675 201806 536390 557524 551248 649700 290100 671536 175756 714036 405795 816926 351819 287123 422796 652626 518275 281020 262750 495324 91066 592857 159090 696694 145098 501148 537038 654158 243659 418004 238467 401104 326424 684653 727292 475551 498606 510983 395126 482521 372105 285830 400258
995408 1000641 762326 267214 910338 749941 413091 1220440 1190721 816085 911341 938793 748028 257331 962457 143076 865399 152515 590133 920671 882855 606636 965846 881562 575903 347714 792129 530208 939641 625374 267635 1142479 624751 452063 464166 780788 810963 943040 375418 905151 910475 864353 833254 698851 459499 682450 508472 319327 969846 1037474 447351 543117 1124949 809315 999999999 368743 936779 1014118 982630 681299 898475 463227 644073 640623 506878 971589 116316 1198921 66001 549574 1033283 531437 162351 333346 984471 743385 939662 722923 246851 900382 126714 678781 308169 390156 323446 937913 698491 572429 497286 705175 154212 90135 845893 347391 421747 416107 1264911 940954 534903 685723
653015 767210 452004 336900 562484 389918 124616 913040 877568 609839 804644 809991 432659 237340 608773 336159 544133 224051 451732 636046 514263 547696 730261 849943 226560 26426 763879 465520 713803 413492 101177 799529 278257 92884 501214 451890 442659 799701 52206 540186 856722 495831 636991 394613 498923 315258 140970 112807 665241 781917 237693 308222 837335 467142 368743 999999999 723929 653958 659100 574021 570891 200318 610202 272720 527616 640085 259103 871302 396853 183749 726940 186334 242012 237390 692450 375355 746028 376433 242004 537068 286403 360746 114208 327920 384064 569845 524817 232575 137597 342618 225018 279444 504771 33088 126664 145213 944966 696234 244571 504564
