NAME : synthetic_000736
TYPE : CTSP-D
DIMENSION : 100
GROUPS : 8
RELAXATION_LEVEL : 1
EDGE_WEIGHT_TYPE : EXPLICIT
EDGE_WEIGHT_FORMAT : FULL_MATRIX
EDGE_WEIGHT_SECTION
999999999 294413 726942 724441 769187 600187 513273 881295 850398 842744 539531 659283 145572 830429 789888 268953 634157 674758 401935 912111 320225 857556 105793 664925 417082 657627 627287 858153 762280 360113 128615 856001 720177 783878 858090 446996 193433 319450 247922 353249 406150 1124749 748159 583683 497306 597369 196689 717547 600680 257321 537265 335233 758778 675806 707478 473173 488515 711953 891017 515762 539439 147128 396532 270425 870076 1066034 729742 337124 140559 580040 295922 675575 285934 733613 261532 682776 759888 837298 681002 634460 887259 234373 377189 768974 613376 344458 509464 203814 734651 722421 141278 676518 868767 695465 625202 396304 113793 829420 476145 314723
294413 999999999 569885 807089 621527 774099 226542 853454 596638 640441 742074 571228 310782 736915 535413 387404 397986 685818 400214 840463 506029 570188 393868 470696 620128 780199 743593 796650 661032 75596 199219 656654 474092 659578 801644 448307 282437 514150 179520 512799 230638 1045991 483069 771115 205569 433982 352643 499051 449766 272328 491241 580836 766406 441641 418166 300209 255558 688798 713051 398335 606762 410505 130156 393168 796508 978425 592701 43117 298168 286256 197848 753100 107916 867708 108541 463894 890275 648218 444038 526918 898615 262553 145258 762193 348269 56339 688652 243843 445876 439298 255568 612659 646760 423347 366696 413367 230025 557536 701235 83410
726942 569885 999999999 591261 53892 751835 457334 412329 328220 163791 790953 165820 827580 218446 308597 546778 248303 393408 379429 331441 650443 518861 768790 125328 724768 653800 621958 314086 156700 511091 716487 166627 265183 114067 326206 365287 825813 666852 484536 611452 344811 505089 344301 777528 491200 136728 880651 174158 126988 477424 269715 785475 423611 229623 480411 272038 329255 326529 167693 213610 476977 733386 454068 551445 294239 433635 52716 550398 815832 514789 436001 552100 486108 729822 677614 182212 737225 133283 237344 134258 514134 498810 424966 393493 346167 527857 714281 525714 482776 435484 590092 220527 230132 370063 320247 401595 613194 402351 813248 645471
724441 807089 591261 999999999 579264 262192 863674 324072 913407 749859 350982 426678 869924 463959 881815 460273 759595 197962 410437 443804 424312 1074926 680246 665693 388343 117263 120036 394990 464627 802133 810528 747915 820236 525914 382590 366698 910752 433041 628940 379527 639114 595392 896927 302411 881669 589346 920573 741729 563557 540371 377184 510234 197029 768394 987423 618086 722440 272801 705957 512933 200476 616408 774685 457451 429420 573838 544040 821610 864157 949408 611475 54075 701690 151123 874281 730841 150588 710975 777885 470893 240426 555932 723310 234502 832154 806008 300431 584135 1001167 959189 614337 371042 820177 895164 817124 394390 656386 971823 424848 885775
769187 621527 53892 579264 999999999 756070 511055 374594 357603 171615 801103 165702 873794 173516 345487 577218 299788 381895 407631 284290 674313 557909 806419 177705 742249 650124 620117 272632 123106 563858 763857 168675 309273 68565 285648 387697 874026 690757 529751 633039 394691 451996 386987 783893 545012 187558 927314 218048 174249 516442 286828 809796 401764 278202 528368 322382 382896 308546 141856 253472 482269 768278 507125 581510 249552 380426 44514 602944 862207 567490 481538 543755 535513 722268 728895 230760 727737 131711 285375 151326 481841 538393 476951 369131 397872 580405 724601 566510 529298 481915 630726 210387 243971 417363 371545 428082 655728 438883 828708 697875
600187 774099 751835 262192 756070 999999999 895994 577744 1045543 915577 95566 590601 740024 681347 1002352 386726 856057 399468 441650 686391 282330 1169514 525339 791156 187785 144948 153780 632296 660244 793898 713030 918017 932297 717462 621949 421020 793466 281085 600258 262774 673819 854028 1000616 40566 904088 704263 782837 869681 683816 507426 489379 303328 437854 877017 1055468 681466 775268 482074 894901 605751 274858 462996 784964 381045 664039 827131 714265 800896 737684 983676 603399 255073 683304 164321 811347 849532 190660 883072 886235 618292 502548 513036 735632 472524 906083 791336 90761 530328 1074735 1039403 532621 550316 978760 982051 898366 416546 570847 1083537 179687 840329
513273 226542 457334 863674 511055 895994 999999999 822436 385974 475122 884783 523576 536113 662271 326517 528228 224834 702174 464490 774919 659607 344765 605740 335416 771710 867028 829230 743235 588234 153927 425753 492889 277854 566209 751941 500756 501908 671408 319221 651368 226820 961677 266754 902150 36141 342225 575059 331368 367338 400118 496128 759857 771118 263473 194263 250599 147445 678138 564948 365954 674530 610359 123031 534729 733088 890499 496301 184484 523590 87856 298933 810853 242709 956256 315611 300894 974789 494992 262047 469854 894801 403016 164275 756158 142081 171313 820165 400925 221380 212787 439652 579188 462242 203036 167477 486747 428147 334615 860789 259095
881295 853454 412329 324072 374594 577744 822436 999999999 731547 535785 657313 298862 1017193 206198 719402 620526 647234 215962 484481 131878 649357 930922 872671 527421 658998 435892 424440 106034 255635 819808 928919 527271 677015 306406 91556 436374 1040597 663177 701007 599232 633528 278736 756445 616254 850755 484903 1072063 586371 458063 638294 364289 767907 144778 637307 885893 580054 676241 170493 460350 465111 377621 815531 773897 621084 138389 250065 360004 851506 1008255 895638 664083 322743 747695 471311 946852 590974 464049 491756 645781 352907 120048 660252 728626 118823 740337 830865 593075 693101 891066 844222 745511 245252 609162 777944 717407 486056 783852 813044 718998 936820
850398 596638 328220 913407 357603 1045543 385974 731547 999999999 203774 1068549 487550 904703 527067 61321 761067 219140 717043 621423 630501 886353 219819 924315 254583 981276 964633 930254 627857 479940 521244 789725 217503 131232 425246 641449 628828 878946 901718 610650 858446 453593 754551 120955 1065577 419339 341409 948953 175977 361971 652169 557981 1012844 751731 182146 267957 402538 361902 654086 302590 442918 775835 909058 468345 767110 601463 685531 380026 559163 892028 383701 568131 870745 565321 1045609 696571 197694 1055509 247048 174816 442874 839256 666859 475157 721670 248957 540796 993421 681684 251845 215138 739501 546157 139191 186595 230139 647307 745126 100606 1073719 643216
842744 640441 163791 749859 171615 915577 475122 535785 203774 999999999 953411 328257 926628 329648 212742 692119 251596 552057 530384 428704 803518 420172 897302 177938 883359 816563 785183 430471 293171 571297 811762 18046 210640 233692 444554 522300 914844 819789 594922 767090 439422 553366 271710 941005 511256 252153 976921 144668 258507 607127 431178 937303 573208 211657 429591 369770 384915 480052 103020 352632 640726 868547 512730 697306 402028 483482 206221 611921 914299 507371 546832 712847 576342 891122 748404 178167 897512 44256 213567 297511 647968 626576 498425 540143 337782 590218 876769 649575 422470 377151 713089 379309 73556 322135 310385 554173 729930 298295 973009 705701
539531 742074 790953 350982 801103 95566 884783 657313 1068549 953411 999999999 635795 673923 743388 1021615 359521 869173 465849 450271 759109 236458 1176707 455482 816443 124426 234661 235129 703337 714487 770383 659066 957508 949595 768860 694039 439865 730767 230077 575975 233862 669909 935489 1013603 58078 889105 728205 713325 894107 710344 486627 522346 221382 514352 894143 1054387 687682 774557 546659 942134 625634 321661 396125 768454 353222 733441 904635 757851 772647 672823 971453 586720 336206 659482 259447 767542 870963 285409 923897 903066 656726 589800 488001 721346 547070 909845 765540 76672 499995 1075398 1043058 491193 602294 1012874 989124 904972 424268 526109 1098280 85722 802179
659283 571228 165820 426678 165702 590601 523576 298862 487550 328257 635795 999999999 779532 172496 459570 436807 358252 229550 267954 269415 520600 661645 680273 247501 580943 488328 457011 226472 103452 529418 677883 328976 403696 139754 232851 237264 790790 536946 440338 476638 343420 478084 482906 618199 552100 188917 834529 319295 161458 402047 132995 655707 270541 356383 597077 283978 377601 171159 306342 173262 316573 635114 480116 440184 225430 413554 123763 563760 768960 597416 396449 386456 470362 564018 671598 313781 571647 293250 365578 54873 379261 425055 437660 245897 446745 542209 559398 456502 605306 559732 518009 61371 395936 493378 425602 283742 549586 551748 665683 653526
145572 310782 827580 869924 873794 740024 536113 1017193 904703 926628 673923 779532 999999999 951980 843382 412850 697906 814480 533558 1039777 463146 876404 219395 749840 554203 802587 772600 987498 880870 386104 115736 941392 778948 896207 988486 580897 65547 461063 344391 498102 488518 1252407 793159 721061 511766 692883 55208 792016 700703 381749 664515 460007 898849 741294 723832 560577 550646 846949 985973 623769 683508 278024 436457 414712 996897 1191236 837220 351775 12676 585758 392302 820842 350445 877455 229386 756538 903913 927032 744948 748915 1028636 359018 433931 907176 657755 367090 649658 326291 751798 748671 271751 802915 943031 734071 674649 531191 233757 868318 604608 290995
830429 736915 218446 463959 173516 681347 662271 206198 527067 329648 743388 172496 951980 999999999 518510 598294 464820 282334 433697 113739 667087 731182 846779 341688 710400 555569 532236 100956 76180 689644 850207 321093 482173 105354 114915 396576 963063 682967 612480 619753 506653 309077 560334 714847 694075 320904 1006997 390838 297658 573558 295872 799340 269284 448053 698843 441037 522915 199508 256926 339673 425121 798605 636952 600977 76099 242276 169852 725958 941435 726735 567990 440529 639009 614283 839661 400658 614325 285578 455788 210204 320706 596592 598496 232256 561780 703879 669944 628331 701078 653747 689194 160157 402980 588479 536670 446164 721547 611594 787378 818012
789888 535413 308597 881815 345487 1002352 326517 719402 61321 212742 1021615 459570 843382 518510 999999999 707047 161511 687571 572443 626386 833873 212880 864910 216504 931086 927168 892019 618118 464497 460061 728415 229183 73998 414051 631102 583020 817764 849014 551353 807611 395353 765248 67436 1020909 360451 299266 887668 140400 322166 595598 518257 958697 728059 128384 225102 347406 301580 629229 315643 397024 735705 850875 407029 713183 594205 694834 361306 498121 830707 329743 509571 837256 504536 1009922 635724 153463 1021046 252014 120035 411418 822726 609635 414164 699852 188089 479627 947152 623509 213679 171396 680550 519817 163301 131310 168836 598448 685288 93768 1023716 582814
268953 387404 546778 460273 577218 386726 528228 620526 761067 692119 359521 436807 412850 598294 707047 999999999 546674 409270 170262 665860 132347 836989 253191 526589 243499 407211 373217 609453 538881 411084 350995 701339 633063 573681 607359 201734 450735 145587 216550 126367 324554 876159 686388 384441 530623 441859 465402 597154 433624 128139 304491 251777 492443 579351 705368 359816 430558 454400 713982 339491 270673 200630 409796 6532 626159 822443 533524 415178 406157 613924 229306 409666 300104 490758 429875 567536 515242 674365 587248 427957 619277 128528 364021 505250 569249 406879 301726 143602 728165 700034 155936 438519 736948 652083 569041 153115 197657 772494 333055 454639
634157 397986 248303 759595 299788 856057 224834 647234 219140 251596 869173 358252 697906 464820 161511 546674 999999999 573484 418911 578470 674717 317103 705610 123251 774355 792102 755694 555919 396404 325473 582188 269122 88019 362041 566760 435050 678478 689622 391985 650341 234453 751058 144687 872041 260827 172455 745046 107024 199691 434092 384566 798055 626920 43680 239245 186899 147552 528002 340181 252924 597097 689943 267986 552876 539599 679343 294979 365742 685298 269331 349019 711435 351441 877821 503975 76241 891370 270160 47168 304200 736877 448184 264052 603994 98106 344895 795960 462560 247138 202128 520501 419323 248966 136384 71961 444907 527136 229173 867055 457615
674758 685818 393408 197962 381895 399468 702174 215962 717043 552057 465849 229550 814480 282334 687571 409270 573484 999999999 291961 295570 433588 885279 659433 472664 449971 274789 250011 238599 270476 665686 733830 550412 628497 331082 230443 242099 843162 447586 518483 383480 487216 488378 706513 433867 724625 401212 868702 547185 374389 444010 206309 554380 84496 578290 807343 451669 556037 82828 511613 338298 163188 601121 628731 409265 267720 447173 346110 691785 806322 784492 488857 162891 577907 341122 769177 538557 345858 513564 587714 276242 216545 464464 579004 97486 652769 673273 395146 496681 818873 775180 543530 173081 622221 709853 635253 287220 583663 778777 517695 768456
401935 400214 379429 410437 407631 441650 464490 484481 621423 530384 450271 267954 533558 433697 572443 170262 418911 291961 999999999 510400 273184 728814 413215 374293 360242 402655 364857 456218 370889 391697 445030 538273 499849 403656 456254 49864 556242 289425 227351 239008 237861 722919 563407 454673 478165 286373 588626 449662 273504 154039 137826 407091 375572 444468 614410 239911 335005 313994 545704 181504 213050 367169 366199 174230 468725 665109 363703 411921 524311 552108 202617 356408 293135 491935 478154 423910 511010 509439 453274 257780 508320 175788 314741 378330 464439 395787 377277 208624 633242 597787 262738 276181 580591 541133 457197 26033 299840 648009 452456 481300
912111 840463 331441 443804 284290 686391 774919 131878 630501 428704 759109 269415 1039777 113739 626386 665860 578470 295570 510400 999999999 717332 839257 918386 455285 744452 549493 532873 58011 186741 796582 942339 417781 593554 217530 65191 467599 1055312 732418 706368 668029 611645 212747 670950 723144 806314 432922 1094981 502336 408817 658294 375480 844310 249736 560997 811739 548680 634148 221632 343166 442163 455791 865999 745285 667652 43985 156921 283549 831883 1029772 840273 664038 433385 739700 593990 940964 513535 589015 384547 568574 314961 251262 681193 704982 213996 675509 810079 690020 713709 813385 766013 771909 236919 500530 701088 650348 518556 806847 718612 813225 922520
320225 506029 650443 424312 674313 282330 659607 649357 886353 803518 236458 520600 463146 667087 833873 132347 674717 433588 273184 717332 999999999 968811 258283 645238 114354 342547 315726 659395 617308 537326 430700 811193 760059 660336 654514 286618 513574 16445 344172 50127 456370 920021 815974 270888 660782 558193 509317 718630 546499 259716 389129 135503 509195 705638 837714 488005 562431 496550 814755 453589 272587 193937 540004 125819 681672 873560 629837 537535 459701 744712 360962 381877 427042 414459 532500 690647 441060 781759 713842 522987 623169 257254 495334 530554 700906 531407 191875 265631 860494 832097 254967 508444 853276 783358 699980 249462 290954 901998 201182 565836
857556 570188 518861 1074926 557909 1169514 344765 930922 219819 420172 1176707 661645 876404 731182 212880 836989 317103 885279 728814 839257 968811 999999999 947675 414156 1074807 1109162 1072678 830471 675461 498680 768818 435161 257988 626456 843297 749437 836592 982535 647135 950706 512463 973184 178888 1183486 365183 485591 911565 345801 511632 713531 701440 1082410 932076 307017 152573 489316 406431 832727 521212 569801 913955 947334 462291 843465 806969 903594 571473 527423 864080 292729 615541 1027601 579685 1194911 649701 347871 1208311 461785 297577 610372 1031948 722123 491370 905697 268012 515786 1105413 727378 124619 138221 774369 722825 358924 187713 271808 754454 767884 121908 1166935 589196
105793 393868 768790 680246 806419 525339 605740 872671 924315 897302 455482 680273 219395 846779 864910 253191 705610 659433 413215 918386 258283 947675 999999999 721433 337958 600647 573940 862279 783594 454984 233562 909216 793147 812518 860407 451682 279455 252768 313670 300751 472028 1129169 828072 504133 592696 646589 258068 780728 645704 291707 550965 240752 741217 745483 799704 532719 564195 707488 935787 555182 510297 64355 485440 252051 878170 1074685 764637 435747 219511 676841 357515 635182 368861 669858 367292 747014 696805 887227 751530 663361 864307 271160 459394 756301 695466 440779 435976 248044 826354 810872 185970 688222 930072 779031 704634 401182 181039 911401 385214 419760
664925 470696 125328 665693 177705 791156 335416 527421 254583 177938 816443 247501 749840 341688 216504 526589 123251 472664 374293 455285 645238 414156 721433 999999999 734104 711318 676507 433870 274349 405511 635424 191868 156284 238822 445073 376739 740171 661145 417049 613256 261803 629684 235411 811757 370135 88422 800712 78606 107396 433112 303501 776204 517999 110315 358961 191843 218461 418627 242438 192912 521368 695143 347028 532176 416695 558082 171924 445886 737589 389785 369064 620789 400152 793572 579228 66285 804553 178274 119149 196654 621512 451690 326270 492264 220892 423597 740795 473406 363653 316899 536451 308735 211006 250547 195202 399650 552303 306273 825882 540983
417082 620128 724768 388343 742249 187785 771710 658998 981276 883359 124426 580943 554203 710400 931086 243499 774355 449971 360242 744452 114354 1074807 337958 734104 999999999 285729 269305 686777 670187 651522 535095 889403 857827 719281 679662 361146 609412 106289 457986 124283 563494 936468 917432 166913 773882 645861 595828 809884 631103 371638 455977 123353 514444 802745 946959 589101 669333 523811 884067 541202 288846 276348 653046 237010 713196 897144 697925 651874 552429 857390 472777 357074 541076 340622 643251 783981 367877 857834 811303 592580 612244 370607 607519 541972 806852 645736 100901 379930 969094 939116 367630 557898 937861 888173 804271 334602 401936 1003081 92701 678605
657627 780199 653800 117263 650124 144948 867028 435892 964633 816563 234661 488328 802587 555569 927168 407211 792102 274789 402655 549493 342547 1109162 600647 711318 285729 999999999 37800 497393 544222 786223 755915 816823 860947 604015 486113 368105 848994 348106 600820 304485 640238 710482 934259 185152 880662 628553 850502 789466 605007 507971 409408 409080 299757 806912 1008558 632445 733557 356965 784205 539435 196034 536299 766791 403058 530484 685891 611021 800365 798163 954520 592209 116445 679646 89303 835145 773886 110133 780617 816371 524604 357603 519617 715567 335912 854657 787258 190580 543862 1024999 985832 562925 439958 883805 924440 842950 381338 604297 1013566 311336 854377
627287 743593 621958 120036 620117 153780 829230 424440 930254 785183 235129 457011 772600 532236 892019 373217 755694 250011 364857 532873 315726 1072678 573940 676507 269305 37800 999999999 479219 516974 748866 723046 785926 825305 576053 468620 330458 817725 322536 564132 275124 602442 701593 898183 191821 842879 593095 821289 754811 569881 471517 373880 391954 284080 771088 971209 594976 695911 332803 755704 502880 158963 509621 729113 369285 511414 673508 580262 763337 767833 916727 554894 101770 642581 127088 799905 738634 147306 749964 780532 491592 355128 483589 677869 318912 817454 750060 180538 508356 987791 948819 529130 410598 851672 887653 805966 343584 570711 977902 305695 818255
858153 796650 314086 394990 272632 632296 743235 106034 627857 430471 703337 226472 987498 100956 618118 609453 555919 238599 456218 58011 659395 830471 862279 433870 686777 497393 479219 999999999 159554 755890 891839 421606 579193 204068 14733 412384 1004695 674456 657185 610057 569821 267142 658022 668519 773456 401438 1042702 487989 375905 605756 323073 786303 198552 542405 792698 509779 599752 163643 354409 399562 398024 809312 706274 611114 35437 214441 262960 790110 977692 812144 616058 380975 694139 545953 895313 495370 542575 386341 550512 276138 223597 628543 664132 161644 651345 768623 633562 661215 796257 749080 718474 186570 503713 683252 627206 463385 754113 711460 756260 879293
762280 661032 156700 464627 123106 660244 588234 255635 479940 293171 714487 103452 880870 76180 464497 538881 396404 270476 370889 186741 617308 675461 783594 274349 670187 544222 516974 159554 999999999 613465 777538 288309 421521 61430 170778 338022 890209 633504 539595 571743 430646 385064 500857 691133 619573 246181 935732 330752 222252 504968 234392 751550 280769 383216 633252 364859 447631 191830 241450 264488 392874 737885 560835 542056 145042 317567 104434 649808 870121 654595 494387 433325 563797 611208 764167 336385 614626 251246 391447 134897 359359 527943 522329 247071 492129 627717 639189 559149 637161 590073 621038 112717 366236 524079 467786 385787 652044 558247 751523 741976
360113 75596 511091 802133 563858 793898 153927 819808 521244 571297 770383 529418 386104 689644 460061 411084 325473 665686 391697 796582 537326 498680 454984 405511 651522 786223 748866 755890 613465 999999999 273506 587890 399595 606565 762005 436672 357704 547234 194559 537384 186537 998060 407477 794663 137721 377500 428232 428450 395985 286490 464012 624797 743286 368981 347650 248632 187439 659893 647716 356619 603815 464462 58680 417302 752884 929195 538109 40629 373468 222174 194049 748104 111001 874990 178525 393663 896172 581421 370920 481621 873819 282581 91758 735556 272719 19629 711850 271806 375027 365883 298838 575687 574434 347973 291473 408796 281300 482315 736718 135473
128615 199219 716487 810528 763857 713030 425753 928919 789725 811762 659066 677883 115736 850207 728415 350995 582188 733830 445030 942339 430700 768818 233562 635424 535095 755915 723046 891839 777538 273506 999999999 826700 663476 789401 893855 494162 112996 432728 237958 456196 374843 1154227 679199 699936 403671 580885 165298 676470 590000 291002 569399 461624 818231 625564 616479 447387 434910 758506 872924 516718 616065 273974 321895 354394 898920 1091222 728530 241539 103159 481329 284184 759062 235424 836509 137895 640982 861952 813038 629241 644010 950076 269688 318196 823070 543550 254993 622506 237210 644311 638516 196272 705724 827391 621059 559834 446770 154240 755589 600041 196135
856001 656654 166627 747915 168675 918017 492889 527271 217503 18046 957508 328976 941392 321093 229183 701339 269122 550412 538273 417781 811193 435161 909216 191868 889403 816823 785926 421606 288309 587890 826700 999999999 228617 227939 435837 528654 930293 827509 608334 774053 453659 538045 288969 944047 529019 263089 991925 162119 267896 618538 435764 945356 568956 229456 447132 383424 401222 477024 86548 361970 643194 879562 529280 706436 392387 468485 205806 628519 929097 525415 560094 711884 591286 890325 764735 195239 896181 37119 231475 300879 640595 638257 514208 535350 355762 606745 880839 661745 439713 394568 725450 378220 82749 339952 328344 561736 742967 313406 978606 722467
720177 474092 265183 820236 309273 932297 277854 677015 131232 210640 949595 403696 778948 482173 73998 633063 88019 628497 499849 593554 760059 257988 793147 156284 857827 860947 825305 579193 421521 399595 663476 228617 999999999 376829 591386 512006 756293 775161 479477 734193 322420 748182 79787 950016 313451 232538 824677 91335 257144 521866 451539 884702 674091 55465 223612 273410 231831 574747 310708 326547 667965 777945 344276 639204 558260 676747 317086 438854 766293 298647 436914 774251 435908 944873 577352 90046 956903 241369 46580 352827 775213 536143 346669 647822 135801 419221 875487 550557 221262 174049 608270 464846 185220 113099 111074 525877 614181 152620 950492 527183
783878 659578 114067 525914 68565 717462 566209 306406 425246 233692 768860 139754 896207 105354 414051 573681 362041 331082 403656 217530 660336 626456 812518 238822 719281 604015 576053 204068 61430 606565 789401 227939 376829 999999999 217119 376139 901164 676688 552224 616343 429483 395915 455002 747458 599149 230114 950553 285497 210609 527443 271992 795461 341813 343481 594209 359593 431693 253154 180531 272727 447381 770028 551514 577359 181452 325254 70027 644502 885030 626974 505235 493971 567532 672080 765249 296012 675792 191022 351044 149673 415232 550102 517124 307647 459665 622081 693028 580067 596011 548656 643370 167238 307108 483589 434002 421186 671721 507423 802672 738444
858090 801644 326206 382590 285648 621949 751941 91556 641449 444554 694039 232851 988486 114915 631102 607359 566760 230443 456254 65191 654514 843297 860407 445073 679662 486113 468620 14733 170778 762005 893855 435837 591386 217119 999999999 411638 1006612 669434 659992 604994 575706 268810 670370 658468 781846 410584 1043675 500267 384753 606768 324569 780490 186710 553964 804012 516697 607870 158015 369032 405432 391182 806810 712964 608868 49669 219108 274724 795839 978802 821650 619465 369779 698519 533412 899546 507050 529661 400461 562152 283646 208866 629468 670260 150202 661791 774473 624834 662215 807890 760768 718832 189923 517854 694829 637871 462615 754911 724531 748058 884461
446996 448307 365287 366698 387697 421020 500756 436374 628828 522300 439865 237264 580897 396576 583020 201734 435050 242099 49864 467599 286618 749437 451682 376739 361146 368105 330458 412384 338022 436672 494162 528654 512006 376139 411638 999999999 604992 303061 276909 246205 274293 679501 579596 438015 516652 288407 635837 454249 271410 203222 104277 422109 325731 456599 641738 265164 365454 266053 528332 186108 173825 402077 407997 204535 426780 623373 343220 458509 571892 587758 250464 312938 340796 456901 527743 431407 474527 497753 465734 236373 458462 224569 356613 328933 489094 441703 364594 257284 659159 621625 309374 236975 577124 562472 479397 51001 347479 662703 451486 529881
193433 282437 825813 910752 874026 793466 501908 1040597 878946 914844 730767 790790 65547 963063 817764 450735 678478 843162 556242 1055312 513574 836592 279455 740171 609412 848994 817725 1004695 890209 357704 112996 930293 756293 901164 1006612 604992 999999999 512871 350641 545286 482092 1267223 764344 776261 474803 689589 75853 776619 699864 402305 682085 519998 927651 722141 684392 555035 532951 870114 979795 628666 719813 334909 412022 453353 1011906 1204180 839501 320268 61125 544165 396282 860400 340901 926300 187194 741168 952414 918354 725034 756444 1058912 380484 417029 933589 630276 338151 702779 347714 712374 712720 300842 818656 926266 703207 649111 556787 259790 836318 663822 247415
319450 514150 666852 433041 690757 281085 671408 663177 901718 819789 230077 536946 461063 682967 849014 145587 689622 447586 289425 732418 16445 982535 252768 661145 106289 348106 322536 674456 633504 547234 432728 827509 775161 676688 669434 303061 512871 999999999 354851 64452 470076 934536 830569 267364 671943 574203 506194 734351 562661 272015 405538 119064 522452 720835 850617 502822 576107 511434 831197 469655 285948 188506 551266 139094 696989 888518 646281 546432 458053 756142 373137 391746 437327 417743 537578 706214 444548 798126 728996 539432 635146 268565 507179 544355 714728 540855 190329 275432 873587 845621 261353 524475 869359 797384 714140 265793 296067 916623 189842 572346
247922 179520 484536 628940 529751 600258 319221 701007 610650 594922 575975 440338 344391 612480 551353 216550 391985 518483 227351 706368 344172 647135 313670 417049 457986 600820 564132 657185 539595 194559 237958 608334 479477 552224 659992 276909 350641 354851 999999999 342826 159418 917579 516358 600248 317443 351804 398445 470536 357556 93651 337376 440724 601315 432190 505896 225257 251554 531935 645938 279554 428465 302428 197241 222792 662715 853867 492838 201261 333021 402185 48689 575083 83562 688549 250835 436086 710927 590395 438063 406113 734194 88027 157140 601249 386349 191087 517436 81737 530767 508942 129758 470629 621401 470651 393214 237331 136346 600781 544692 256838
353249 512799 611452 379527 633039 262774 651368 599232 858446 767090 233862 476638 498102 619753 807611 126367 650341 383480 239008 668029 50127 950706 300751 613256 124283 304485 275124 610057 571743 537384 456196 774053 734193 616343 604994 246205 545286 64452 342826 999999999 439930 870136 793236 258368 655268 525380 546260 688180 511982 252776 346584 179886 459148 679232 823947 464862 545585 446989 774170 420512 222540 236889 534595 120254 632755 824083 588525 541367 493740 737808 352947 335335 426387 381241 548924 661522 407194 743682 687714 481920 573875 254803 487664 480428 682806 533242 175858 269089 845761 815258 270353 461878 819181 763956 680026 213961 309474 878935 216872 577658
406150 230638 344811 639114 394691 673819 226820 633528 453593 439422 669909 343420 488518 506653 395353 324554 234453 487216 237861 611645 456370 512463 472028 261803 563494 640238 602442 569821 430646 186537 374843 453659 322420 429483 575706 274293 482092 470076 159418 439930 999999999 815701 366018 682597 242613 208118 540049 311428 220992 203422 282091 572042 561873 273525 384491 72985 106064 475429 498142 170284 447911 455554 142182 331022 567797 747879 363541 220358 476361 314296 114691 585850 141444 729451 335779 276795 747985 438518 279761 297075 690806 215343 95098 551970 244713 198802 601803 228169 405884 375847 286406 389170 462626 327887 245655 260635 295719 451833 655177 311368
1124749 1045991 505089 595392 451996 854028 961677 278736 754551 553366 935489 478084 1252407 309077 765248 876159 751058 488378 722919 212747 920021 973184 1129169 629684 936468 710482 701593 267142 385064 998060 1154227 538045 748182 395915 268810 679501 1267223 934536 917579 870136 815701 999999999 819748 893105 994905 625034 1307605 660505 603622 871011 588221 1042756 423316 725984 971662 749456 827233 424664 452053 648430 651567 1075576 944588 877679 255539 71748 465940 1034731 1242349 1019445 874398 599851 947574 735947 1148472 679298 724597 513260 732193 519173 360349 893920 907177 394497 849127 1012578 871804 926415 968808 921925 984638 449492 615814 860531 822396 730499 1019575 851449 997722 1127040
748159 483069 344301 896927 386987 1000616 266754 756445 120955 271710 1013603 482906 793159 560334 67436 686388 144687 706513 563407 670950 815974 178888 828072 235411 917432 934259 898183 658022 500857 407477 679199 288969 79787 455002 670370 579596 764344 830569 516358 793236 366018 819748 999999999 1016727 299339 307752 835657 170143 333377 569221 525303 936629 753409 128535 159384 328433 264904 654038 374507 396337 740015 818390 357472 692703 636428 748703 396445 444078 780495 263428 477697 850166 462300 1019128 580106 169155 1031853 307839 119048 431487 854999 581271 370980 727414 135797 426807 940563 592084 150759 106035 646115 544145 228796 65641 123442 589378 647263 86111 1010095 525305
583683 771115 777528 302411 783893 40566 902150 616254 1065577 941005 58078 618199 721061 714847 1020909 384441 872041 433867 454673 723144 270888 1183486 504133 811757 166913 185152 191821 668519 691133 794663 699936 944047 950016 747458 658468 438015 776261 267364 600248 258368 682597 893105 1016727 999999999 908668 724198 762184 890065 704698 508573 512170 275151 475410 894599 1066000 694382 785573 516089 923652 623885 301626 443109 788711 378451 699807 865252 741512 799616 719339 989518 606648 293530 683714 202020 803130 868743 227707 909546 903715 643494 542653 512391 740225 509578 918408 791109 82814 527456 1085996 1051840 524853 580227 1002891 995798 911824 429058 561708 1100416 143742 834720
497306 205569 491200 881669 545012 904088 36141 850755 419339 511256 889105 552100 511766 694075 360451 530623 260827 724625 478165 806314 660782 365183 592696 370135 773882 880662 842879 773456 619573 137721 403671 529019 313451 599149 781846 516652 474803 671943 317443 655268 242613 994905 299339 908668 999999999 373393 548808 367450 397892 402691 518318 756248 795326 299611 212813 274563 174517 703656 600858 390836 689929 600967 120838 537065 764174 923870 529155 162563 499361 85547 302453 828454 237217 969964 287735 336812 989171 530962 298180 498906 920456 403528 168501 781539 177655 152863 826271 398496 240642 237917 432671 606615 498075 234714 203379 499426 417901 363974 861739 229428
597369 433982 136728 589346 187558 704263 342225 484903 341409 252153 728205 188917 692883 320904 299266 441859 172455 401212 286373 432922 558193 485591 646589 88422 645861 628553 593095 401438 246181 377500 580885 263089 232538 230114 410584 288407 689589 574203 351804 525380 208118 625034 307752 724198 373393 999999999 745503 165993 27591 355518 219216 690042 455057 179329 409403 135310 202369 356520 294136 104871 436442 616509 321718 447263 390890 554912 160863 416120 680994 411305 303116 542419 349486 712337 541361 145819 724498 240839 188830 134089 568065 375462 289590 433239 257891 393606 652670 399775 419047 374518 463853 249036 295460 308821 237309 311573 483690 385127 737551 510793
196689 352643 880651 920573 927314 782837 575059 1072063 948953 976921 713325 834529 55208 1006997 887668 465402 745046 868702 588626 1094981 509317 911565 258068 800712 595828 850502 821289 1042702 935732 428232 165298 991925 824677 950553 1043675 635837 75853 506194 398445 546260 540049 1307605 835657 762184 548808 745503 999999999 840904 753898 436950 719723 495942 953011 788596 759221 612471 598335 901878 1038022 677974 736020 319859 480818 467016 1052092 1246378 891111 392004 65616 619371 446073 872060 400643 923703 261865 805407 950362 978329 791918 803547 1082457 414209 481701 961716 700887 408855 692985 381491 787212 786627 326554 858114 991477 775320 718837 586017 288880 908953 641063 322624
717547 499051 174158 741729 218048 869681 331368 586371 175977 144668 894107 319295 792016 390838 140400 597154 107024 547185 449662 502336 718630 345801 780728 78606 809884 789466 754811 487989 330752 428450 676470 162119 91335 285497 500267 454249 776619 734351 470536 688180 311428 660505 170143 890065 367450 165993 840904 999999999 185996 497045 382067 848087 588404 69255 311931 248153 243953 489367 234855 269152 599934 758407 370143 602936 466925 588868 226374 469005 779529 369466 424112 697648 442028 871263 606367 35497 881852 164450 73407 271087 686147 514189 359642 560871 197373 447594 818643 533326 311552 264183 594808 379752 151559 200605 169687 475290 606869 232586 901958 562143
600680 449766 126988 563557 174249 683816 367338 458063 361971 258507 710344 161458 700703 297658 322166 433624 199691 374389 273504 408817 546499 511632 645704 107396 631103 605007 569881 375905 222252 395985 590000 267896 257144 210609 384753 271410 699864 562661 357556 511982 220992 603622 333377 704698 397892 27591 753898 185996 999999999 354007 196343 679520 427550 204841 436963 149569 225379 328958 290804 94135 414151 613170 341306 438800 366384 533997 142936 433908 688991 437750 309013 517146 361385 688124 556291 168934 699841 242567 214330 106599 540530 374765 306611 405649 285443 411479 634441 400592 446475 401810 464938 221463 307200 335990 264895 298076 486889 409481 722277 527995
257321 272328 477424 540371 516442 507426 400118 638294 652169 607127 486627 402047 381749 573558 595598 128139 434092 444010 154039 658294 259716 713531 291707 433112 371638 507971 471517 605756 504968 286490 291002 618538 521866 527443 606768 203222 402305 272015 93651 252776 203422 871011 569221 508573 402691 355518 436950 497045 354007 999999999 282858 369104 528180 470186 578969 250512 308071 467809 644165 263893 340290 262039 281919 134629 615626 810730 475602 294883 372036 485804 101261 486866 175939 595380 334145 464862 618008 595801 477353 377809 660541 23036 235888 532155 446944 284181 425799 55459 602316 575850 116153 421621 643530 530724 449014 156951 148585 655141 460835 347171
537265 491241 269715 377184 286828 489379 496128 364289 557981 431178 522346 132995 664515 295872 518257 304491 384566 206309 137826 375480 389129 701440 550965 303501 455977 409408 373880 323073 234392 464012 569399 435764 451539 271992 324569 104277 682085 405538 337376 346584 282091 588221 525303 512170 518318 219216 719723 382067 196343 282858 999999999 524546 279856 397600 610261 245924 350620 197562 428424 135882 217868 503814 424152 307677 333005 528769 242358 492680 654649 579164 299803 327573 384442 493825 582674 364820 506871 402998 407072 136612 409807 305729 375320 271768 454988 473081 445749 338299 624062 582468 396637 139253 491016 519072 440096 151416 431379 604158 543710 574626
335233 580836 785475 510234 809796 303328 759857 767907 1012844 937303 221382 655707 460007 799340 958697 251777 798055 554380 407091 844310 135503 1082410 240752 776204 123353 409080 391954 786303 751550 624797 461624 945356 884702 795461 780490 422109 519998 119064 440724 179886 572042 1042756 936629 275151 756248 690042 495942 848087 679520 369104 524546 999999999 624647 831104 945369 611336 677150 622700 950137 585983 391194 188114 637353 245744 810238 999443 765326 617545 460259 841603 467275 476439 519031 461788 583889 818955 488989 916380 838968 658470 729104 360535 597408 649494 816044 615581 222260 358987 969523 944521 326582 641749 985487 899753 817656 384020 351540 1022719 145127 627470
758778 766406 423611 197029 401764 437854 771118 144778 751731 573208 514352 270541 898849 269284 728059 492443 626920 84496 375572 249736 509195 932076 741217 517999 514444 299757 284080 198552 280769 743286 818231 568956 674091 341813 186710 325731 927651 522452 601315 459148 561873 423316 753409 475410 795326 455057 953011 588404 427550 528180 279856 624647 999999999 626837 864380 520887 623921 99382 518628 405184 236610 682010 703988 492213 232608 390327 372522 770739 890739 851272 570315 183753 658612 348151 851707 584261 346234 531857 636062 323156 132880 548772 655124 37518 711519 751695 448808 581052 873961 828964 628001 209264 645725 762824 692113 371527 668158 820958 574479 849368
675806 441641 229623 768394 278202 877017 263473 637307 182146 211657 894143 356383 741294 448053 128384 579351 43680 578290 444468 560997 705638 307017 745483 110315 802745 806912 771088 542405 383216 368981 625564 229456 55465 343481 553964 456599 722141 720835 432190 679232 273525 725984 128535 894599 299611 179329 788596 69255 204841 470186 397600 831104 626837 999999999 250790 220396 190716 527476 304066 271303 613420 728121 311609 585440 523739 654252 279499 409184 728696 300318 388199 721729 394135 891298 547501 47490 903725 233634 9501 304055 731774 485207 307374 601860 128122 388431 820021 500941 253953 206947 559930 417749 205479 140865 100436 470492 567882 207062 895388 500706
707478 418166 480411 987423 528368 1055468 194263 885893 267957 429591 1054387 597077 723832 698843 225102 705368 239245 807343 614410 811739 837714 152573 799704 358961 946959 1008558 971209 792698 633252 347650 616479 447132 223612 594209 804012 641738 684392 850617 505896 823947 384491 971662 159384 1066000 212813 409403 759221 311931 436963 578969 610261 945369 864380 250790 999999999 376574 280428 765920 531782 474505 812601 802512 314899 711897 774497 900161 530031 375272 711507 141735 478655 937239 434015 1096452 497366 298217 1112200 463640 243172 542704 976018 585212 348779 842460 155274 364288 985788 587266 27993 53714 630480 657920 387968 111326 172343 639111 621233 181682 1038000 437092
473173 300209 272038 618086 322382 681466 250599 580054 402538 369770 687682 283978 560577 441037 347406 359816 186899 451669 239911 548680 488005 489316 532719 191843 589101 632445 594976 509779 364859 248632 447387 383424 273410 359593 516697 265164 555035 502822 225257 464862 72985 749456 328433 694382 274563 135310 612471 248153 149569 250512 245924 611336 520887 220396 376574 999999999 104812 429255 425553 116424 436743 510721 196675 366002 505162 680758 292499 285500 548502 333277 177508 566269 214424 720719 406823 215004 737196 366893 227955 234029 646045 266649 157895 507060 224716 263234 616099 285174 394267 357945 346907 334850 397537 301612 217520 265352 360870 414277 681733 378931
