NAME : synthetic_000100
TYPE : CTSP-D
DIMENSION : 100
GROUPS : 8
RELAXATION_LEVEL : 1
EDGE_WEIGHT_TYPE : EXPLICIT
EDGE_WEIGHT_FORMAT : FULL_MATRIX
EDGE_WEIGHT_SECTION
999999999 799893 424095 465195 207514 108020 259046 230811 479755 737010 146759 1005399 700022 587526 461653 341881 224305 22695 892747 229092 330170 68725 652649 253820 540255 294064 861870 678480 295840 88262 125130 464998 829562 488450 654138 742234 364504 708857 691884 638543 537907 769569 98721 423936 525039 814269 254523 247923 683908 351921 881293 871550 650092 212168 399073 833043 781907 954494 924585 926453 395541 641426 467552 407504 838415 662941 364052 692487 695605 522347 771006 555140 256516 135729 372780 565864 718860 836843 377456 784393 399187 806301 634903 550388 752919 111215 276888 499380 476430 261476 850914 774473 864471 637038 627177 558740 827257 205370 653013 883595
799893 999999999 411057 445690 596251 907556 667891 923869 386361 77282 936341 280365 445215 271443 434406 947811 726557 807877 468478 840475 709747 731789 852301 623454 398780 1090458 945373 484273 879561 717497 766977 511578 424636 334228 834840 688904 467454 362567 361251 172794 262673 840642 898613 483429 761566 488454 723073 926404 748187 450831 162651 510293 394603 853347 658905 766836 267377 289775 343249 180302 652512 466983 380253 394169 852859 631283 862668 254122 281867 283081 364431 538796 709631 780065 537488 543217 569322 351137 422459 699216 746113 68337 397152 663104 72419 702259 850552 452972 517611 704035 581275 516272 420912 225870 753536 436355 312458 594529 810707 193011
424095 411057 999999999 97871 219496 526147 256885 514589 288320 337871 544869 583302 320752 310067 82206 538038 442370 437907 495720 429586 484199 356394 533912 213231 370045 699279 693245 546144 469283 356794 435455 163453 429441 226302 521881 473777 60706 301954 480639 238387 167494 581243 519435 101954 411529 434712 312292 516197 476350 103240 462949 489462 466723 443171 273737 573452 359062 530411 503450 509703 266314 507435 44063 146740 625311 628641 459097 416955 436383 200367 361796 253040 298848 452437 136633 504095 392725 421450 120639 506336 356707 400022 241000 344286 385506 351183 439987 139521 177630 293400 497918 412002 459759 336491 450745 185856 407320 233711 504025 462083
465195 445690 97871 999999999 276107 559000 248546 511431 384785 368715 568474 571635 241788 394855 16537 512075 520089 482238 429476 420004 571730 401567 446195 221548 465475 719517 597429 640480 446599 411093 498857 73394 365162 319514 432777 376017 122786 243855 568545 277693 238609 485252 554194 45048 331627 357750 297593 509242 380452 193979 463247 414370 558363 438217 213276 475792 329082 508098 465347 511388 206828 602312 85709 244556 527804 726281 419596 496117 518054 284636 306057 155226 284804 516545 104954 601810 298864 373355 217414 409060 300451 419897 170262 253069 434923 410825 419567 43446 85183 278300 411823 327595 399444 414221 358558 99010 367573 298533 413386 455063
207514 596251 219496 276107 999999999 313260 171958 350801 316552 531182 340108 798166 517684 406208 268986 416457 256210 219544 704606 288761 330928 138863 582825 125523 392345 494264 778011 556894 349493 137614 222793 296607 639480 303310 577907 608265 162290 514594 538959 432015 333578 673021 305259 241240 446928 633629 213670 359158 574354 145680 673780 690394 505608 290993 293954 706179 578558 748721 722779 718980 287479 516839 263491 211042 732978 585996 378612 517043 525676 325603 576044 396597 204437 240533 205074 468610 559192 638775 175641 647715 339031 599724 445265 431490 553405 134836 320059 315722 310704 203835 682729 600755 672304 451647 528291 374520 626282 32997 568742 676304
108020 907556 526147 559000 313260 999999999 331830 198692 584701 844040 56041 1109066 787268 694368 557128 321454 295879 104517 981699 240798 398891 175773 686845 339951 641885 186797 897344 772078 295751 194644 196394 550122 920041 595956 691398 804910 465803 802589 793170 745182 645328 813388 12598 515967 568762 899514 310895 218567 736238 458572 986211 956624 749814 216617 462508 890548 881426 1056000 1022479 1031792 460418 736327 568952 515505 885155 743128 375773 798164 800320 630367 864773 633540 316995 198114 461060 654596 794462 932294 485101 847602 443566 912926 726673 611428 860927 215321 286765 590137 560114 323154 929151 856417 956009 744239 676209 648742 924793 313080 694195 987483
259046 667891 256885 248546 171958 331830 999999999 263421 465571 594137 330183 819686 459174 533296 252152 282701 406060 280581 654218 174068 493860 214596 418807 53811 546740 476092 621156 718170 213380 244711 341330 222697 594670 432870 416126 483411 203320 483924 685536 495139 418131 521591 329968 203519 283906 569355 56069 262482 429927 251375 707906 626222 658079 190378 141947 575416 577357 756585 710838 755759 137639 677807 289787 333629 587104 756609 217965 645645 659460 433990 545282 301720 42826 358573 143617 637450 463143 615539 292021 525458 168390 654027 405489 292633 640773 259099 183661 270527 231024 38530 597391 524934 631843 571017 376702 326030 613476 204273 410185 701903
230811 923869 514589 511431 350801 198692 263421 999999999 665113 852116 153348 1082956 706114 756636 515526 122894 455094 247224 899324 93865 560908 260769 514925 301403 736659 244491 722724 890125 112160 300288 355477 477221 843886 653607 522802 669188 456570 740880 886296 752097 666319 649622 207483 466521 413372 809022 214828 19924 586115 483133 971074 864105 849677 73224 349484 744095 839323 1018836 969685 1018840 350515 851369 550737 558562 723623 888518 195326 867798 876363 670221 800965 537411 227104 364506 406539 785168 684242 872386 519804 711565 299140 914415 661744 481098 890511 326060 118158 530229 482513 233776 820636 758789 882165 800944 523400 582530 873054 368834 530231 965323
479755 386361 288320 384785 316552 584701 465571 665113 999999999 353051 626321 652478 568882 121014 368445 731951 350849 480185 703947 605062 323500 419984 817675 411776 83686 771173 981561 260632 663985 391494 411188 451552 639812 76233 806866 756993 297194 518946 222512 287969 200466 869535 573581 387799 689675 669834 517398 674632 764644 222382 522050 716987 192527 607468 540288 855490 512713 634416 648844 555410 532653 220952 304620 145038 912280 344285 683221 213994 215853 138843 564555 539422 505786 420695 404151 221794 664595 600201 183160 786657 612179 422982 487256 631493 320529 369479 634091 423560 465897 503118 748895 663367 658871 173196 738047 458139 571141 296279 790225 540168
737010 77282 337871 368715 531182 844040 594137 852116 353051 999999999 870507 299492 377879 250027 357677 872855 679338 746240 424499 767391 672284 668472 777030 550985 381067 1025080 875681 492525 804915 656804 712153 434303 373891 290998 759809 619946 395639 296940 374135 100327 199971 769523 835560 406971 684651 432214 648947 854029 675298 385552 169064 460173 399034 780986 581847 701195 216877 286541 320099 203749 575496 469597 305209 336442 784760 632686 786424 266026 295414 232659 307537 462859 635520 726111 461744 533729 501479 306838 360541 632571 669066 72179 324391 586906 97747 643098 776124 375699 440337 629800 524690 454530 376110 214713 678666 360028 269368 532017 735933 189379
146759 936341 544869 568474 340108 56041 330183 153348 626321 870507 999999999 1127873 789283 732740 568216 275664 350057 149913 984305 211888 453853 208762 657625 346991 686839 154766 867446 821828 258577 234911 249570 552366 924223 632601 663586 789802 484164 810307 838438 770783 673670 787947 68233 524307 545361 899343 300493 173154 715731 485574 1007448 956081 796224 186181 451605 871965 895032 1071682 1033752 1053763 450416 785461 586484 547907 860806 796879 341051 838654 842169 663143 872247 629932 308628 252535 467023 706064 787679 941202 515058 832564 422542 938082 732963 596940 892682 257876 254324 596565 561140 315209 923533 853871 961021 781651 654426 654009 935956 344731 668263 1006899
1005399 280365 583302 571635 798166 1109066 819686 1082956 652478 299492 1127873 999999999 437229 545512 567558 1077635 973076 1017623 337347 991603 971131 936936 870306 787190 675574 1281949 900199 762739 1014894 931769 996998 614818 334601 589603 850375 655906 643939 367245 639028 380585 486649 813449 1102005 616461 818324 408360 869170 1080863 744238 657199 131181 396739 674468 1009768 763241 703614 249775 84099 174835 100086 758796 746924 541391 623764 800620 911097 976803 533463 560415 529176 323399 593633 856430 1012082 676434 823053 542241 260552 640482 648608 845726 230154 440547 709710 352757 921430 989092 556943 613819 849906 486473 459726 306074 503766 772154 512850 237197 805468 824191 121927
700022 445215 320752 241788 517684 787268 459174 706114 568882 377879 789283 437229 999999999 532387 250547 673411 760029 718402 195047 612306 804874 639156 435201 447899 638301 934035 500820 798841 618471 651462 740477 237261 137937 493673 415643 244121 362369 83445 701221 337564 375538 398824 783860 278030 384034 115966 495511 699181 314670 423992 374522 172771 707013 634925 359455 323540 201373 356612 282869 417411 357248 765342 283616 450811 407646 910377 565294 605074 632784 437831 113964 171925 485047 758206 327378 790214 124115 182598 436520 254692 431202 389094 82391 275276 472986 652198 597214 202424 228153 478227 180681 94563 176582 528748 336010 143198 200073 540271 389686 349875
587526 271443 310067 394855 406208 694368 533296 756636 121014 250027 732740 545512 532387 999999999 378537 811110 471607 590202 639902 688138 442200 524208 840801 480435 131040 881154 985676 267071 741844 499773 528271 467501 579481 103046 827613 745877 340584 469210 174802 209802 162541 873729 683758 411225 721339 620725 588225 764128 770102 282089 417453 661933 174630 693970 581995 840586 437228 536451 562699 446489 574441 235745 309151 200718 907791 391986 749820 112492 127429 110404 504964 540595 575584 538690 443160 285330 641654 528432 241861 770347 661844 315587 455421 647888 202616 479540 711627 426166 480002 571806 706662 624373 592607 52301 752931 446193 495350 392178 808162 439379
461653 434406 82206 16537 268986 557128 252152 515526 368445 357677 568216 567558 250547 378537 999999999 519851 509865 478175 435646 424879 559425 397101 462388 221980 449022 720081 613919 623964 453688 405050 491379 89264 370719 302991 449076 391584 112006 247418 552126 265161 222893 501734 551980 50399 346928 366339 302697 513954 396947 180302 456955 422604 541833 442394 225367 491246 327423 505713 465754 505008 218712 585817 69463 228671 544008 710205 429270 480200 501972 268271 309473 171281 289704 508967 109510 585787 312392 375446 202350 424208 312330 410533 176279 269459 421808 403821 426207 57533 101467 283325 422950 338122 404214 398352 375034 109208 367969 290135 429786 449925
341881 947811 538038 512075 416457 321454 282701 122894 731951 872855 275664 1077635 673411 811110 519851 999999999 563280 360739 860401 128909 667969 357562 415648 332769 808796 342440 617732 971269 69529 398951 466714 462817 810544 708964 426408 596700 485979 720457 954423 775116 700817 554636 329965 469457 334354 766561 226644 102972 504231 529695 974752 818885 922030 134622 316659 661375 828937 1007589 949221 1022936 320276 931560 567687 610392 629235 983585 111273 923573 935469 715249 777225 501488 239983 477564 411919 874229 631049 849366 569385 637726 243270 929617 642136 420899 923063 424015 99682 521136 464254 245026 764957 712592 849484 851162 441335 565866 855455 440985 437872 964706
224305 726557 442370 520089 256210 295879 406060 455094 350849 679338 350057 973076 760029 471607 509865 563280 999999999 209400 937953 442923 105928 211515 824741 372348 383871 465395 1026445 486934 511379 171095 101417 550519 871571 392345 822167 864473 397859 743757 528150 592534 486645 924345 283281 491133 689952 875372 427992 471999 827933 341381 842420 930923 480171 430145 542515 962272 784941 938850 930465 882007 536737 454182 484028 351006 986561 447309 569888 558029 552792 446766 802461 651431 424064 97788 460672 364089 812387 857874 342678 903878 571559 751514 682461 685712 665939 150209 488505 562311 565044 426436 931686 847677 900954 523894 779092 618842 838726 226739 815665 853464
22695 807877 437907 482238 219544 104517 280581 247224 480185 746240 149913 1017623 718402 590202 478175 360739 209400 999999999 910586 250273 315279 81637 675341 273494 538049 291181 884561 672094 316482 91132 108572 484150 847068 492396 676830 763938 378890 725565 689504 648390 546633 792165 93582 441585 547688 832973 277077 264936 706255 362207 892674 890249 646740 232588 421033 855064 796463 967997 939710 937458 417404 635594 481619 414366 860922 651812 385804 693665 695825 528638 787647 575287 278915 117370 391502 557428 739234 852899 385916 806032 421862 816043 652253 572339 759401 110842 298220 517202 495832 283807 870819 793828 881676 640299 649669 576652 842583 214283 675673 895733
892747 468478 495720 429476 704606 981699 654218 899324 703947 424499 984305 337347 195047 639902 435646 860401 937953 910586 999999999 805688 972588 830517 569043 641931 761470 1128910 567676 903342 808478 840485 926685 432097 66540 627924 548653 337380 544756 194560 791825 430156 503487 489475 978060 469012 551416 95724 690071 891714 436858 596943 337309 60657 808896 828721 550770 369966 208213 255047 163065 363801 549170 874872 454010 607571 467890 1031242 750476 686131 715493 565538 140051 362187 679789 944168 520987 918234 242346 117923 601852 321484 617131 400864 259407 446757 520392 839430 788522 393397 423194 672977 151129 153193 48425 621481 478368 334007 156272 724761 522758 303337
229092 840475 429586 420004 288761 240798 174068 93865 605062 767391 211888 991603 612306 688138 424879 128909 442923 250273 805688 999999999 545986 233172 446745 217359 680951 331195 657056 842470 68521 274688 350490 383685 750051 585405 452100 583278 373520 647296 827561 667945 586655 576068 245565 375322 333865 715723 122436 89298 505163 408806 881492 771024 794266 26015 256589 662235 746873 926458 876256 929426 257309 802811 463691 487780 648938 855687 137268 800351 811119 595892 707241 443969 135224 363240 315458 745525 592730 778734 447464 625920 213133 827953 568140 392595 810595 299057 48138 437346 388767 141705 729239 665970 788312 729940 443352 489026 779802 312433 456398 874763
330170 709747 484199 571730 330928 398891 493860 560908 323500 672284 453853 971131 804874 442200 559425 667969 105928 315279 972588 545986 999999999 313065 911591 454353 333611 561258 1108861 405111 614506 271730 207003 612353 906101 381528 907583 932239 449529 778338 464799 595073 492661 1003856 386326 549051 775867 918069 521729 577687 904502 381007 840001 971843 414390 534249 624431 1031496 804056 945602 947503 875913 618111 376623 522090 367227 1062939 347513 669965 512527 502239 442820 833945 713741 516442 201555 527722 277935 869737 883379 370936 969999 661763 743557 724352 761458 643828 248496 590722 615054 627427 518084 981667 896023 932448 493067 859213 668142 860334 298511 899212 855072
68725 731789 356394 401567 138863 175773 214596 260769 419984 668472 208762 936936 639156 524208 397101 357562 211515 81637 830517 233172 313065 999999999 625197 198602 484799 360138 831667 631283 301654 41532 129347 406660 766654 423842 624691 695825 297264 644518 636191 569887 469573 734792 167088 361607 493267 754183 223606 274855 644467 283243 812626 811421 596404 222983 356528 789281 714840 886631 858082 857744 352067 593094 400051 340331 801304 628625 358391 630967 635493 455439 706542 500283 222193 145728 313363 524441 664683 771487 309342 737397 369998 737648 571759 506774 685695 66490 277667 437344 418905 225857 794664 716353 800969 572922 590442 496851 760977 137406 621048 815100
652649 852301 533912 446195 582825 686845 418807 514925 817675 777030 657625 870306 435201 840801 462388 415648 824741 675341 569043 446745 911591 625197 999999999 457714 900961 754973 210545 1077961 402867 659928 754499 373302 543660 760038 20390 236866 521378 513571 1013721 704027 684068 140446 690704 432038 135900 476590 401724 497961 132689 599760 807574 512816 1000568 471915 290203 264363 635256 787887 706148 851738 297204 1038559 531848 672649 214690 1145592 319602 941860 964184 730432 547684 314990 403185 770889 415433 1021667 331216 610591 636058 266839 255211 806830 458226 194570 860337 676539 403365 418871 361027 399937 433107 419430 579298 859867 99975 418469 633643 615803 46497 784480
253820 623454 213231 221548 125523 339951 53811 301403 411776 550985 346991 787190 447899 480435 221980 332769 372348 273494 641931 217359 454353 198602 457714 999999999 493049 498152 655149 664882 263240 221440 318053 211529 580090 379581 453280 499589 156184 463668 631764 451181 369698 552043 336132 177324 321835 561254 107791 303061 456000 198351 671764 618508 604291 230008 170525 594907 549393 727365 686894 719229 164532 624509 249770 280358 614498 705997 271738 592869 606292 382544 525738 302056 95235 335841 121112 585942 466315 594294 238817 540642 214467 613023 387004 314621 593387 231322 233140 250405 222661 91835 597333 520686 616125 518965 406820 308808 589115 158502 444994 667802
540255 398780 370045 465475 392345 641885 546740 736659 83686 381067 686839 675574 638301 131040 449022 808796 383871 538049 761470 680951 333611 484799 900961 493049 999999999 826652 1062840 177063 741540 452729 458122 533492 699087 147779 889970 834862 380826 582692 151640 334407 263388 950697 630224 470379 773296 734576 597631 747217 845855 305924 548201 779146 113345 681871 623950 932625 562837 667473 692036 576141 616317 137642 383484 228503 991912 272377 763838 178937 169760 200613 623886 619293 586316 465076 487799 157078 738986 652967 266842 863279 695407 446053 557863 713966 327751 429040 711878 503126 547640 583908 816797 732258 715031 172934 820510 534596 621316 369290 873067 570410
294064 1090458 699279 719517 494264 186797 476092 244491 771173 1025080 154766 1281949 934035 881154 720081 342440 465395 291181 1128910 331195 561258 360138 754973 498152 826652 999999999 959698 950314 355205 381394 372681 698653 1070388 782497 764114 913166 638579 959484 977464 925442 827805 891757 197635 674921 657765 1041553 439258 259119 830541 639889 1162033 1097694 933081 305923 585779 988555 1047403 1224771 1184742 1208426 585719 915839 740607 700441 966083 908765 436805 984803 986602 815575 1021097 770148 449191 369917 616578 829278 922999 1090877 668586 955643 542706 1092803 881385 723626 1045717 402023 362486 745651 706354 455990 1059499 993776 1107778 930948 767760 802012 1087020 497309 772899 1161164
861870 945373 693245 597429 778011 897344 621156 722724 981561 875681 867446 900199 500820 985676 613919 617732 1026445 884561 567676 657056 1108861 831667 210545 655149 1062840 959698 999999999 1237797 611140 864960 960599 530330 566690 916796 207732 256699 693644 584176 1160475 820216 823656 112228 901245 595375 338402 492408 609158 705171 216986 773569 866611 507021 1154194 682088 484652 197751 696026 816196 726039 905005 490831 1199736 680892 838673 99802 1319650 527754 1077298 1102353 877536 597640 445500 609568 977330 593288 1194921 377026 644842 806059 253263 462954 889876 553095 354257 967882 880230 613127 561280 515779 605810 416579 445179 594208 996182 250661 540942 676607 810641 210979 837860
678480 484273 546144 640480 556894 772078 718170 890125 260632 492525 821828 762739 798841 267071 623964 971269 486934 672094 903342 842470 405111 631283 1077961 664882 177063 950314 1237797 999999999 905644 594770 577950 709536 844479 321002 1066861 1005721 557826 736224 123882 474151 424917 1125579 759772 646994 950307 887585 767205 902418 1020869 482257 645963 927862 94492 840803 800499 1102279 697500 772064 812622 663344 792874 40380 557113 405564 1164834 152153 933541 230284 202477 364935 770550 793088 756461 580471 664776 127988 905534 789397 443628 1032399 870612 544867 720771 890374 413182 569474 876553 676909 723490 754522 973730 891252 855494 282255 996874 704813 754530 530520 1049760 673906
295840 879561 469283 446599 349493 295751 213380 112160 663985 804915 258577 1014894 618471 741844 453688 69529 511379 316482 808478 68521 614506 301654 402867 263240 741540 355205 611140 905644 999999999 343159 418345 400712 756253 639830 410642 561880 416698 661340 886345 706794 631506 537528 302182 403315 303133 715934 157372 96110 475871 460281 909802 769624 854643 84012 259153 633965 767123 946329 890643 957959 261843 865766 499711 541138 611597 922472 83393 854323 866437 645724 719361 447017 170758 430744 345005 811094 585095 791432 500057 603913 195416 862517 582498 377688 854006 367433 30219 457951 403286 175961 720680 663501 795027 781702 412937 505003 795792 375137 418224 900683
88262 717497 356794 411093 137614 194644 244711 300288 391494 656804 234911 931769 651462 499773 405050 398951 171095 91132 840485 274688 271730 41532 659928 221440 452729 381394 864960 594770 343159 999999999 96989 423184 775762 401428 658682 721007 299887 651618 604364 559649 456936 766292 184262 373505 526762 767138 259527 314942 673902 274744 805618 824192 563223 264416 385741 815918 715755 884581 860225 849851 380793 557050 400842 323624 831564 588353 398988 604289 607345 437644 713241 519674 256903 114595 329617 485765 684010 776344 296264 762079 405095 727050 581098 534392 668411 25784 319011 449040 436206 259994 811707 731662 809077 549596 621400 508390 763845 126311 654044 809846
125130 766977 435455 498857 222793 196394 341330 355477 411188 712153 249570 996998 740477 528271 491379 466714 101417 108572 926685 350490 207003 129347 754499 318053 458122 372681 960599 577950 418345 96989 999999999 516308 861233 437861 753835 817620 382284 735364 607398 618819 513304 862757 183842 463622 622220 856420 352953 372881 770819 343481 868345 913183 561770 335490 482629 912788 791415 955056 936915 910745 477732 543187 479246 375826 928368 547317 482106 624398 622889 483902 796262 614179 351386 17964 423076 458706 778198 856904 356533 858549 499317 783797 667565 631376 711915 88969 397429 538438 529757 354892 904229 823009 893355 580080 718008 597310 841907 202272 749825 875543
464998 511578 163453 73394 296607 550122 222697 477221 451552 434303 552366 614818 237261 467501 89264 462817 550519 484150 432097 383685 612353 406660 373302 211529 533492 698653 530330 709536 400712 423184 516308 999999999 371994 389193 360269 321544 168109 263664 640678 347002 312000 418556 546892 66278 258561 349780 263057 472472 313728 246969 514696 407015 629111 404580 151157 421521 366438 545629 492593 562796 145797 670882 158680 308354 465499 789820 363734 569446 591223 357141 324073 101446 251610 534259 93595 665091 262586 395234 276697 358050 237501 480857 184555 181288 504949 427343 375863 60096 15309 244791 388554 309762 409158 487575 287526 105345 396403 324037 341489 502787
829562 424636 429441 365162 639480 920041 594670 843886 639812 373891 924223 334601 137937 579481 370719 810544 871571 847068 66540 750051 906101 766654 543660 580090 699087 1070388 566690 844479 756253 775762 861233 371994 999999999 563662 523385 321812 479081 128027 735236 370367 439402 478952 916090 405628 511795 74338 632603 837077 414020 530479 308953 86289 750212 772507 497333 371646 157844 250521 163460 342328 495175 815024 387578 541339 467504 969821 701792 630932 660127 501806 75314 309352 621896 878661 458982 855509 212448 80249 535331 314242 567791 358761 194906 404484 471188 774247 735134 330360 364042 615066 161693 125933 38991 563557 448616 271350 116772 659156 497172 277119
488450 334228 226302 319514 303310 595956 432870 653607 76233 290998 632601 589603 493673 103046 302991 708964 392345 492396 627924 585405 381528 423842 760038 379581 147779 782497 916796 321002 639830 401428 437861 389193 563662 999999999 748163 687109 246601 442753 257812 216745 124479 804580 585689 328015 635645 593758 487264 661085 699868 181633 458481 640762 240546 590999 490893 784850 438393 566353 576398 494742 483265 283142 236306 99242 844607 417453 650268 214951 226791 64265 488426 472316 474816 449747 352327 296544 591738 525032 140863 715538 567732 362641 412386 570384 274826 382441 609627 356103 402919 471282 673367 588057 583036 149258 676718 386832 496660 290155 730291 474148
654138 834840 521881 432777 577907 691398 416126 522802 806866 759809 663586 850375 415643 827613 449076 426408 822167 676830 548653 452100 907583 624691 20390 453280 889970 764114 207732 1066861 410642 658682 753835 360269 523385 748163 999999999 216787 511302 494400 1000945 687917 670041 128229 694909 420211 132221 456219 401716 506233 112381 590147 788434 492451 988596 477528 284279 247256 615960 767873 685944 832436 291058 1027608 518485 661924 202829 1136670 327728 927807 950431 717320 527914 298549 402499 770416 406016 1012522 310938 590548 625883 247359 255333 788750 440024 180091 843831 674685 409719 404293 347612 398949 412924 399080 558970 845800 81486 401984 613814 610829 26239 765119
742234 688904 473777 376017 608265 804910 483411 669188 756993 619946 789802 655906 244121 745877 391584 596700 864473 763938 337380 583278 932239 695825 236866 499589 834862 913166 256699 1005721 561880 721007 817620 321544 321812 687109 216787 999999999 489214 327486 919767 568976 583454 158180 805330 387130 262428 249724 494251 656198 105249 566876 612582 279036 918198 609118 343815 100084 440721 571963 484972 652537 346895 969223 452400 620106 165374 1100589 486947 831160 857343 641163 343602 222031 489147 835424 404965 976549 120482 396300 593202 42763 370515 633187 299934 193483 713221 730295 551040 334652 306257 483392 196443 196183 354046 751319 160935 300908 425382 638366 192193 584987
364504 467454 60706 122786 162290 465803 203320 456570 297194 395639 484164 643939 362369 340584 112006 485979 397859 378890 544756 373520 449529 297264 521378 156184 380826 638579 693644 557826 416698 299887 382284 168109 479081 246601 511302 489214 999999999 353119 504412 295536 214847 582832 459250 102096 392482 477998 259344 458955 478616 79929 523587 534002 484799 385902 244544 589278 417576 590351 561079 570259 236903 518073 103190 152517 632695 626762 413174 451255 468012 235300 414233 267561 245996 399639 106986 502197 420241 476489 114689 524789 321599 459227 286333 339802 437669 296098 386955 165799 183408 241047 534537 450006 511082 373406 445687 221078 464282 180088 495836 522772
708857 362567 301954 243855 514594 802589 483924 740880 518946 296940 810307 367245 83445 469210 247418 720457 743757 725565 194560 647296 778338 644518 513571 463668 582692 959484 584176 736224 661340 651618 735364 263664 128027 442753 494400 327486 353119 999999999 633328 266116 319884 482164 797945 286665 451468 151966 526615 735938 396343 402542 294037 198290 642976 668229 403802 404612 122066 290567 229387 338338 400269 704504 259730 414519 490515 854873 615720 533698 562077 382843 62205 226732 514981 752661 343304 737662 207246 131694 407464 336658 482682 305701 79169 343175 393211 649052 637757 213872 258879 508181 238138 159862 158028 460225 413748 158435 135246 533104 468728 271400
691884 361251 480639 568545 538959 793170 685536 886296 222512 374135 838438 639028 701221 174802 552126 954423 528150 689504 791825 827561 464799 636191 1013721 631764 151640 977464 1160475 123882 886345 604364 607398 640678 735236 257812 1000945 919767 504412 633328 999999999 367554 337075 1048531 781437 582508 891943 782871 738377 896305 944870 436800 523440 820000 51229 829732 748632 1013666 584280 649998 693688 539780 741009 115232 482966 354737 1082207 274715 903498 108521 79649 284054 662683 715371 726475 613435 609929 214437 813688 676120 396025 943333 825333 423112 626533 821579 290850 580669 856402 600729 653528 723502 871440 791333 743593 173104 927003 620718 640180 517798 981909 552075
638543 172794 238387 277693 432015 745182 495139 752097 287969 100327 770783 380585 337564 209802 265161 775116 592534 648390 430156 667945 595073 569887 704027 451181 334407 925442 820216 474151 706794 559649 618819 347002 370367 216745 687917 568976 295536 266116 367554 999999999 106144 710845 736912 312981 602854 415354 550281 754236 611935 286654 250301 453845 379977 681178 490527 657558 228449 350564 360944 291927 483865 444828 207869 243699 734171 601588 691178 267913 296073 153077 296453 389436 536840 633389 365537 491428 455728 319019 263920 587429 577463 167763 269201 510608 158106 546933 677762 290915 354811 531241 504058 425108 382806 194567 607983 286231 286909 434129 665238 261263
537907 262673 167494 238609 333578 645328 418131 666319 200466 199971 673670 486649 375538 162541 222893 700817 486645 546633 503487 586655 492661 469573 684068 369698 263388 827805 823656 424917 631506 456936 513304 312000 439402 124479 670041 583454 214847 319884 337075 106144 999999999 711855 636582 261935 569637 471542 474175 670226 608621 188231 356443 517336 335236 597451 439428 678606 315637 453975 456243 397715 432150 390356 154143 137704 745256 535765 625792 257794 280655 62971 364122 379204 460836 527676 303939 417778 480706 401036 160730 608465 523628 270895 296178 489951 224225 443134 601708 266252 323384 455888 553447 469155 458560 175800 593776 283675 373550 332617 649705 366833
769569 840642 581243 485252 673021 813388 521591 649622 869535 769523 787947 813449 398824 873729 501734 554636 924345 792165 489475 576068 1003856 734792 140446 552043 950697 891757 112228 1125579 537528 766292 862757 418556 478952 804580 128229 158180 582832 482164 1048531 710845 711855 999999999 816243 483874 245272 405888 515137 633402 104893 662750 770187 429537 1042001 601785 381931 137861 597819 729416 641528 810539 387614 1087544 568664 726900 74600 1208211 455035 966127 990962 765425 501460 333361 514103 879851 483908 1083474 277211 554300 694697 168078 371476 787190 445567 244657 860364 780211 535151 449066 403910 509768 341501 353878 509930 884838 145268 429665 583560 705346 119727 742941
98721 898613 519435 554194 305259 12598 329968 207483 573581 835560 68233 1102005 783860 683758 551980 329965 283281 93582 978060 245565 386326 167088 690704 336132 630224 197635 901245 759772 302182 184262 183842 546892 916090 585689 694909 805330 459250 797945 781437 736912 636582 816243 999999999 511464 571335 896517 311086 227281 737966 450258 978702 953681 737925 221894 462358 891727 875504 1049585 1016983 1024125 460068 724092 562438 506075 887707 730531 381388 787170 789105 620789 860146 631499 316701 185517 457163 642128 792993 927331 476171 847979 445781 904674 722385 611871 851445 204408 292110 585948 557138 322739 927344 853966 951863 733779 678287 644742 919359 304087 697249 980337
423936 483429 101954 45048 241240 515967 203519 466521 387799 406971 524307 616461 278030 411225 50399 469457 491133 441585 469012 375322 549051 361607 432038 177324 470379 674921 595375 646994 403315 373505 463622 66278 405628 328015 420211 387130 102096 286665 582508 312981 261935 483874 511464 999999999 310126 393634 252976 464512 379188 180692 507048 450707 568532 393318 178983 487187 374107 553146 509825 555136 171992 607981 108937 243660 531698 724339 379518 516522 536851 301050 348828 165665 240099 481461 59983 599602 321726 417000 210868 422922 265158 460727 211120 243696 468386 374949 375907 75756 81516 233642 441784 359516 440745 435300 350249 135265 412100 266214 402768 499496
525039 761566 411529 331627 446928 568762 283906 413372 689675 684651 545361 818324 384034 721339 346928 334354 689952 547688 551416 333865 775867 493267 135900 321835 773296 657765 338402 950307 303133 526762 622220 258561 511795 635645 132221 262428 392482 451468 891943 602854 569637 245272 571335 310126 999999999 455692 271179 398856 172790 469300 738986 502719 875817 359827 154979 330862 572246 739549 666566 785516 162169 910537 415543 544861 316396 1012919 225309 826109 846862 611170 497278 228669 271214 638930 285559 889478 310980 566590 506874 303380 126233 723259 383353 108832 760913 542538 296032 311992 248881 267410 438588 398552 550194 744548 110042 326508 582530 479907 128074 720205
814269 488454 434712 357750 633629 899514 569355 809022 669834 432214 899343 408360 115966 620725 366339 766561 875372 832973 95724 715723 918069 754183 476590 561254 734576 1041553 492408 887585 715934 767138 856420 349780 74338 593758 456219 249724 477998 151966 782871 415354 471542 405888 896517 393634 455692 999999999 602296 800750 345311 537810 381197 57281 794055 739258 459659 297365 221633 324263 235639 415905 458508 856220 395990 559590 393175 1006807 656258 681267 710051 534512 124726 271841 592559 874157 441510 889264 147296 153748 548161 240249 523373 424400 193789 351266 529960 768096 696772 318188 339405 585794 92834 57839 104323 609920 384144 259113 188469 656209 430143 350080
254523 723073 312292 297593 213670 310895 56069 214828 517398 648947 300493 869170 495511 588225 302697 226644 427992 277077 690071 122436 521729 223606 401724 107791 597631 439258 609158 767205 157372 259527 352953 263057 632603 487264 401716 494251 259344 526615 738377 550281 474175 515137 311086 252976 271179 602296 999999999 211720 430153 306140 759548 658495 709668 141790 151813 581658 624629 804189 755098 807544 150158 726913 344058 388070 583927 799443 166377 700658 714017 489748 587122 331078 13445 369213 193201 682227 487209 658251 346567 536894 146536 707985 447575 300816 696665 277987 127776 315402 269188 19393 623185 554974 670461 626539 372735 368182 658318 244194 399252 752467
247923 926404 516197 509242 359158 218567 262482 19924 674632 854029 173154 1080863 699181 764128 513954 102972 471999 264936 891714 89298 577687 274855 497961 303061 747217 259119 705171 902418 96110 314942 372881 472472 837077 661085 506233 656198 458955 735938 896305 754236 670226 633402 227281 464512 398856 800750 211720 999999999 571644 488617 970330 855479 860391 73061 341121 729715 836140 1015730 965057 1018214 342548 863465 551380 565209 707554 903287 178507 875652 884799 675938 795601 529555 224438 382301 404606 798793 674134 867237 525944 698438 287031 915494 656768 469446 894445 340657 105862 526541 477180 230959 810358 749869 875508 807763 508782 577811 868766 378516 514216 963875
683908 748187 476350 380452 574354 736238 429927 586115 764644 675298 715731 744238 314670 770102 396947 504231 827933 706255 436858 505163 904502 644467 132689 456000 845855 830541 216986 1020869 475871 673902 770819 313728 414020 699868 112381 105249 478616 396343 944870 611935 608621 104893 737966 379188 172790 345311 430153 571644 999999999 558489 689191 380232 937656 531176 288202 158095 516035 661051 577234 731763 293124 982763 464131 622048 158672 1103481 397063 863958 888395 661401 424061 229510 427411 788220 381164 978745 202219 483735 590050 139616 293299 697756 351095 143061 763929 686347 468575 344712 299045 422448 300726 288737 448770 782410 63067 328010 509089 606266 87192 664118
351921 450831 103240 193979 145680 458572 251375 483133 222382 385552 485574 657199 423992 282089 180302 529695 341381 362207 596943 408806 381007 283243 599760 198351 305924 639889 773569 482257 460281 274744 343481 246969 530479 181633 590147 566876 79929 402542 436800 286654 188231 662750 450258 180692 469300 537810 306140 488617 558489 999999999 530902 592318 413219 416793 318257 666953 448446 612096 594147 575351 310638 442192 142984 82500 712199 547110 468636 394540 408088 187361 461085 344854 293532 359665 184338 422648 492659 517492 40877 601525 390116 454417 344035 419665 410048 264424 430067 237334 262204 289844 600829 515055 559576 321548 525420 287821 500161 148470 575137 535303
881293 162651 462949 463247 673780 986211 707906 971074 522050 169064 1007448 131181 374522 417453 456955 974752 842420 892674 337309 881492 840001 812626 807574 671764 548201 1162033 866611 645963 909802 805618 868345 514696 308953 458481 788434 612582 523587 294037 523440 250301 356443 770187 978702 507048 738986 381197 759548 970330 689191 530902 999999999 388477 555093 898223 665631 676148 173162 127216 190719 48186 660457 627166 422757 493929 769209 791439 878352 415687 443881 398009 269114 510415 746476 883164 566445 698342 493013 228877 512194 613729 750888 102647 355670 632530 232782 794348 882798 454999 516040 740161 470619 422163 293785 378097 707702 418801 192732 679372 762762 34779
871550 510293 489462 414370 690394 956624 626222 864105 716987 460173 956081 396739 172771 661933 422604 818885 930923 890249 60657 771024 971843 811421 512816 618508 779146 1097694 507021 927862 769624 824192 913183 407015 86289 640762 492451 279036 534002 198290 820000 453845 517336 429537 953681 450707 502719 57281 658495 855479 380232 592318 388477 999999999 833797 794768 514622 309320 244017 313774 221977 418082 513716 897672 449910 611125 407234 1050779 708166 716311 745430 580185 157432 327602 648917 930894 498790 934856 191748 161241 601308 261464 576063 443933 248553 400792 557474 824955 751077 375173 396545 642169 90506 106298 94999 647814 424416 315963 199618 712662 466775 355338
650092 394603 466723 558363 505608 749814 658079 849677 192527 399034 796224 674468 707013 174630 541833 922030 480171 646740 808896 794266 414390 596404 1000568 604291 113345 933081 1154194 94492 854643 563223 561770 629111 750212 240546 988596 918198 484799 642976 51229 379977 335236 1042001 737925 568532 875817 794055 709668 860391 937656 413219 555093 833797 999999999 795208 729254 1013802 603014 680479 719016 574612 721610 72473 473644 332766 1078831 236684 875641 141230 116059 277320 676427 708737 698158 567151 591454 164757 815686 694908 373030 943690 803307 453297 629878 810397 322708 539024 824925 592961 642569 695561 880784 798862 761026 187778 916540 617573 660082 482620 970497 582191
212168 853347 443171 438217 290993 216617 190378 73224 607468 780986 186181 1009768 634925 693970 442394 134622 430145 232588 828721 26015 534249 222983 471915 230008 681871 305923 682088 840803 84012 264416 335490 404580 772507 590999 477528 609118 385902 668229 829732 681178 597451 601785 221894 393318 359827 739258 141790 73061 531176 416793 898223 794768 795208 999999999 280765 688245 766128 945630 896854 946038 281202 801404 478576 494322 674747 849415 159587 805848 815746 604152 728527 467422 153939 347457 333338 741180 617452 799812 454620 651774 239088 842593 589134 418183 821646 289414 70216 457157 410208 160635 753973 689955 810635 736859 469349 509821 800107 312594 482091 892250
399073 658905 273737 213276 293954 462508 141947 349484 540288 581847 451605 763241 359455 581995 225367 316659 542515 421033 550770 256589 624431 356528 290203 170525 623950 585779 484652 800499 259153 385741 482629 151157 497333 490893 284279 343815 244544 403802 748632 490527 439428 381931 462358 178983 154979 459659 151813 341121 288202 318257 665631 514622 729254 280765 999999999 434052 513759 691652 632629 713686 7644 760449 287813 396600 445898 858778 213593 690392 709063 473432 460812 188602 145670 500019 138917 735731 337352 532946 357154 386268 87224 630991 325610 151315 646924 398667 237896 211207 149870 139741 473790 409396 536037 610204 236666 250413 538846 326796 274818 653023
833043 766836 573452 475792 706179 890548 575416 744095 855490 701195 871965 703614 323540 840586 491246 661375 962272 855064 369966 662235 1031496 789281 264363 594907 932625 988555 197751 1102279 633965 815918 912788 421521 371646 784850 247256 100084 589278 404612 1013666 657558 678606 137861 891727 487187 330862 297365 581658 729715 158095 666953 676148 309320 1013802 688245 434052 999999999 508775 619767 529093 712628 437879 1066219 551118 719573 98058 1199414 554962 922563 949327 737379 409111 322101 577684 930496 503881 1075570 201845 450902 693092 70373 449528 707684 388955 282820 796525 826143 626412 434126 406224 572274 218847 254404 397557 843701 221089 398045 484259 736665 228739 646138
