NAME : synthetic_000130
TYPE : CTSP-D
DIMENSION : 100
GROUPS : 8
RELAXATION_LEVEL : 1
EDGE_WEIGHT_TYPE : EXPLICIT
EDGE_WEIGHT_FORMAT : FULL_MATRIX
EDGE_WEIGHT_SECTION
999999999 646334 237683 307765 380591 957518 594706 493184 775572 768579 155340 291563 833748 453473 1017184 462451 836418 603238 733627 344513 476114 461058 814460 918073 718787 969009 925029 611024 713830 826197 578093 464645 643530 152880 1013051 442246 850990 511625 108072 313023 974232 347413 179807 669674 621552 928728 949767 958458 970907 156550 523869 414292 937565 956964 348283 959403 638006 1006947 577367 894572 427381 494270 1016519 903409 793502 374592 898783 813135 844430 147399 700451 1059548 84977 595828 224008 182671 606778 430373 618014 546434 578638 275197 399775 683899 597814 42876 717971 394705 796354 437711 536841 140340 741259 684008 723119 684616 438634 503066 735874 657873
646334 999999999 516365 692854 298657 387769 65678 241274 257062 823700 728379 492948 359567 406739 561118 262129 208769 261802 454981 368336 206531 372716 483026 442198 136739 350541 365603 107104 91660 694659 86301 342740 164147 509844 545616 238561 584933 199094 551298 337607 399994 359125 494979 320793 587962 319001 546533 312894 491630 589934 337339 278144 407902 315359 344458 350543 222734 427419 395313 269360 269873 342851 533555 261252 292269 363100 434417 250851 479014 531272 73984 540685 729843 507351 471384 662115 485321 298663 183849 353979 182385 710556 276362 229872 430725 603547 72281 280703 212109 605963 245233 750261 101039 77913 234254 483448 215430 221601 161439 788591
237683 516365 999999999 500646 217731 881295 453778 454128 580441 905126 389224 54099 791616 221675 993609 430166 723623 397067 752530 358114 410643 488244 823657 881255 550373 864539 852638 520057 600440 906502 433818 476849 572304 115974 984658 279726 886955 452316 142655 203905 896245 159515 90602 452316 712605 829593 943193 822645 935627 325783 302873 378754 879279 829946 172206 861364 589273 927047 346177 784302 252204 506077 981849 750820 737301 169141 865318 626255 844091 99867 584087 1010919 290898 662280 295202 388099 662874 414612 431884 321501 517872 481090 354852 630767 634656 208925 581230 235669 618432 571440 503062 378002 617368 574769 527583 724573 353976 321548 645065 809020
307765 692854 500646 999999999 533624 891473 665211 464781 898179 477373 191790 547038 736612 675463 878792 437288 832170 762027 572522 325100 486632 358016 654902 804865 806594 939852 857057 614571 727100 583010 656236 380562 614788 385379 880933 575307 655303 502280 361465 447208 909001 535774 413536 841047 387414 896053 796018 974131 850863 174865 716846 414721 849965 960219 525521 922356 581445 941429 786720 880481 578547 399059 891947 948349 719777 572325 783268 918872 693258 401780 719806 949306 341130 397598 250317 125266 419913 398400 744838 744276 551608 46408 418706 623789 438342 309921 761848 538983 889593 184984 487153 238933 764406 696758 851449 504451 486192 643553 715893 360434
380591 298657 217731 533624 999999999 669633 236236 282536 395562 835942 498089 197244 594380 179878 800412 268377 506314 232639 593245 259979 226372 364750 654137 684205 342650 647560 642410 311061 383710 785516 216475 342787 369529 230029 789355 64256 732752 266190 274925 86416 683966 63029 208441 308813 614186 613436 759998 606037 738123 380354 187385 227003 673384 612452 46088 645210 397236 714022 262511 567018 47920 366347 783757 537717 535251 82661 670223 432642 667743 245436 367094 806698 457858 547358 283469 456952 539207 270499 237504 215762 324016 532952 202182 434073 498221 338809 363886 17981 417361 530287 328385 506587 399679 358990 343509 582663 166063 122849 432618 761162
957518 387769 881295 891473 669633 999999999 452665 465013 548863 797485 994478 866809 167234 794409 234399 496105 199716 637154 377876 619511 484725 536251 330931 156460 451070 117894 34417 361334 296117 590202 472869 518421 315553 847009 213253 616688 426521 446751 881528 682761 17530 732554 840029 677781 607526 101599 278959 255330 169331 854753 723371 543227 72704 215850 715339 90635 322205 50357 775475 158687 649909 495285 190104 333833 171961 743010 170662 504019 294940 872986 313793 165440 1042125 542878 743445 911353 513873 530923 557806 737833 379099 924940 558564 276316 472478 917476 350178 652022 464771 738125 424522 1028527 298688 314669 559413 450361 532912 608994 237017 820079
594706 65678 453778 665211 236236 452665 999999999 236603 247615 835375 685606 428651 415037 341777 619357 250665 273919 209370 489152 340731 188705 367934 525573 500168 141743 415697 429722 137261 156876 722155 20664 337850 203473 453812 604630 174589 623715 194963 496421 282642 465158 295480 437183 276988 599068 384622 599378 370512 550868 549952 275422 254271 470274 376218 281578 416129 256791 492863 337255 334352 205104 343762 593734 308722 348606 298024 490999 256502 525581 473883 139248 603653 677113 519600 432977 624151 500167 282898 136868 293790 201051 679187 246803 273520 446983 551830 127754 218419 224613 594755 253420 704587 165386 139441 212889 508983 179282 156334 222436 791104
493184 241274 454128 464781 282536 465013 236603 999999999 484048 602492 535302 456839 345351 457624 541596 31233 369695 413607 310717 156611 60799 132191 373912 433136 372017 488245 432162 150471 262551 513446 237375 102037 156407 394341 534000 264560 450241 42434 423820 251701 481930 338152 393444 492433 367255 445705 489093 509703 487258 394016 433499 80397 445102 497428 318241 474854 145122 514801 509385 421528 293288 107845 533548 485892 300654 364907 415622 488227 391160 422228 256136 570322 577512 290165 279396 456975 274693 68992 359298 459940 90176 488708 100828 190823 226055 453894 304079 270340 451812 364748 48937 566448 300608 232477 448666 304155 117521 308473 256250 554528
775572 257062 580441 898179 395562 548863 247615 484048 999999999 1079038 890955 537217 581704 385476 763981 498045 351055 185756 708275 578982 435492 615549 727915 651148 122045 461715 539811 364058 306655 950434 249693 585460 418843 623562 745305 336899 833175 442125 668722 472463 554594 431812 599326 165151 842816 452380 769531 346486 692457 764934 291703 497385 594564 375771 428104 476835 478436 571681 297630 392402 348281 590719 727490 247783 515852 412432 649169 58203 717819 635479 295451 714252 850630 762547 654475 841469 741372 529126 158641 286260 438194 906922 486204 479421 687055 734137 231084 382731 85646 840865 497402 901703 277472 315649 52984 740154 416400 272727 383367 1038311
768579 823700 905126 477373 835942 797485 835375 602492 1079038 999999999 669160 937779 634992 1012876 660633 597088 850933 1013342 425006 577315 659535 480570 468001 652503 960405 894506 768522 716983 801842 228424 838595 508198 671877 794388 673887 844807 389711 642017 788460 764266 812202 869798 815326 1093491 236354 855043 570004 990715 673365 614111 1015759 619730 730083 960811 852464 868338 613046 836869 1093049 872151 865395 495000 696130 1013017 664166 905780 633278 1073670 507152 819189 805389 766575 815289 316503 609929 595474 338689 577627 961790 1043898 641364 521681 641336 629532 393601 758011 868551 831259 1033055 336283 582210 716217 841715 780779 1048192 362375 701608 901169 746206 120329
155340 728379 389224 191790 498089 994478 685606 535302 890955 669160 999999999 442258 853600 597723 1018478 504303 900189 729203 718585 378770 535579 464893 801758 931192 819708 1023457 960609 672973 782971 764477 671743 478088 691662 289392 1017603 554121 818725 563673 249724 418500 1011804 477544 319083 801030 562848 981006 942095 1032838 981232 141486 660225 465029 963769 1025874 474116 1010080 672851 1044792 719593 954846 546009 504110 1025042 989594 824065 509148 910450 922617 836701 292833 771975 1075893 156780 557131 259516 89453 574635 466742 732356 684726 625334 148254 458227 718420 579959 180509 800571 509232 900723 362132 571040 47477 815364 752195 839891 658195 513066 619916 790507 551868
291563 492948 54099 547038 197244 866809 428651 456839 537217 937779 442258 999999999 786349 169308 990729 435484 701562 352238 761911 377592 408384 505006 829952 876263 515253 843191 839364 507322 579983 927513 408222 490722 563484 162036 980724 254390 898555 449990 193933 205736 881193 134601 133503 403348 737908 809901 944672 793649 930490 372498 253977 385699 869174 803160 151476 841655 585723 911265 293406 762229 223716 518925 976466 718001 729339 133061 861281 585040 847984 150576 563114 1002014 344464 683287 329947 437598 681708 424559 393143 270954 513077 529625 360799 625284 649891 261763 554696 214987 579819 607010 505411 431903 593796 555901 484684 738989 349310 287174 629809 845241
833748 359567 791616 736612 594380 167234 415037 345351 581704 634992 853600 786349 999999999 744721 207015 374421 252613 621211 211837 489501 381215 389057 176729 89925 465646 260130 135368 289592 280227 437080 432312 376045 225667 739481 195019 552137 281938 339735 769050 587858 183700 656529 737381 678471 440304 222630 188751 370895 144162 717126 688759 425697 113594 336131 637559 233527 202804 213178 752284 251495 585802 349490 190274 420113 67525 674427 76705 549785 149665 767156 295026 225823 916809 376308 612577 767590 347387 403710 543372 708444 273809 772534 445538 161099 308184 796037 353590 578143 506678 576189 298527 890737 304468 282472 576814 283326 437952 562882 201971 653304
453473 406739 221675 675463 179878 794409 341777 457624 385476 1012876 597723 169308 744721 999999999 951635 446221 610074 201202 766890 435566 398743 544580 823235 833061 389094 750277 771349 455129 498384 964969 321715 522611 520129 308441 938551 196911 906774 435795 348782 249594 806733 145327 278655 238489 793556 722799 920088 678642 885600 506883 93774 406666 810259 694594 161078 753778 557764 833950 124589 668979 165261 545797 929882 593086 681126 108133 821422 438127 833253 306668 480711 944086 512282 727232 433853 579055 718953 450246 261267 104215 485844 665844 381984 589167 677227 419098 454670 188756 440661 698910 501098 592865 501529 480708 335035 760465 340115 185555 562506 933723
1017184 561118 993609 878792 800412 234399 619357 541596 763981 660633 1018478 990729 207015 951635 999999999 568563 415057 822604 306578 674100 583226 558561 225817 119195 654884 351065 230399 496526 476104 434163 637285 552595 432567 934691 21473 759091 271612 541502 961206 789748 237965 862216 934948 875309 525412 334609 91710 489721 71536 888547 894204 620701 172094 450214 843059 324609 405035 242513 956001 387478 792732 523220 47550 565543 271208 880928 130440 724660 185833 962953 492352 112863 1097985 486022 793324 929842 460849 593234 743756 913146 477708 919399 642399 366341 441573 981791 544956 784397 683191 702091 493052 1059116 493280 483229 766316 378102 641493 769250 400055 713875
462451 262129 430166 437288 268377 496105 250665 31233 498045 597088 504303 435484 374421 446221 568563 999999999 399385 416322 327638 125543 63451 118844 394528 461573 389259 519169 463182 177312 289918 519977 249021 89516 187360 366305 561526 257243 466119 65106 394683 229754 513048 321109 366580 496420 363880 476722 513578 538320 515528 362961 428331 52182 475413 526882 301232 505957 175576 545933 505027 451867 283854 103880 561759 511666 331119 349822 443670 505396 413932 394448 282556 599793 546669 289448 248164 426451 276783 39149 366798 455445 121034 460033 75316 221449 231674 423395 327532 257628 470301 345142 76010 535263 327150 259492 460351 314391 108653 306594 286758 543402
836418 208769 723623 832170 506314 199716 273919 369695 351055 850933 900189 701562 252613 610074 415057 399385 999999999 441457 432478 523235 365127 479037 422739 307008 251592 141789 188757 227539 124242 675337 294570 453360 217705 708584 395741 447194 530430 337114 747863 537187 207611 567469 696393 478557 629874 113183 431227 146045 343841 758837 533034 435186 244072 128049 552314 143756 260174 229711 580399 60706 478642 439787 376984 168717 197331 571835 308823 309660 401086 731839 139801 364282 921146 552692 640890 825139 525037 438365 362907 545223 280834 857941 442935 228420 472717 794272 156253 488333 268586 708816 345390 927706 108979 152825 359740 488655 397831 427290 117538 845149
603238 261802 397067 762027 232639 637154 209370 413607 185756 1013342 729203 352238 621211 201202 822604 416322 441457 999999999 694663 462459 354528 533299 734441 703846 198760 575616 619147 345927 347766 920973 195677 505189 412678 450362 806758 187142 831071 377723 495263 317447 647146 255844 424123 81640 779867 554055 807374 488370 752711 612867 108012 397237 665727 508606 256007 583420 464365 670958 139005 496393 185326 519324 793867 397891 554015 231624 696218 237030 734951 459112 330919 796475 674453 703708 512056 689531 688004 437267 79571 109354 402809 763963 378828 482877 637725 563220 286997 224322 240497 736159 443631 734951 338581 339510 134215 707935 313219 119690 422556 954381
733627 454981 752530 572522 593245 377876 489152 310717 708275 425006 718585 761911 211837 766890 306578 327638 432478 694663 999999999 403021 368243 274716 83234 248663 586246 469865 346982 352831 406756 245822 499957 278491 290835 673886 309966 571283 139894 331577 692911 556441 393681 648276 680354 766003 232773 430063 224284 568007 286215 594601 734444 376257 315582 536835 628366 444046 233120 421170 807604 448573 601752 248314 323427 599119 240103 675614 227112 690067 120792 702810 415006 386340 810564 180853 511323 629286 154622 338065 625952 759150 292231 613681 401316 229485 138699 702045 480563 580812 647104 395818 265803 760994 443229 393164 689206 75445 427696 605583 338813 442391
344513 368336 358114 325100 259979 619511 340731 156611 578982 577315 378770 377592 489501 435566 674100 125543 523235 462459 403021 999999999 163469 130996 479863 573569 482408 644688 586171 297704 409766 549954 332816 124904 312901 271109 669281 279051 532613 186143 290581 187536 636621 292987 279429 543998 362988 602265 610327 659729 626492 237419 444477 90760 594892 650103 275296 631464 297426 669583 521058 576743 293929 155262 672201 626282 451830 328593 554349 595936 506242 300031 400565 715217 427308 305696 124064 301909 304899 88672 431363 472953 246566 342416 93932 343442 277734 307891 438268 257206 565336 274337 195123 409997 444939 378958 534900 367943 162921 343314 411955 501405
476114 206531 410643 486632 226372 484725 188705 60799 435492 659535 535579 408384 381215 398743 583226 63451 365127 354528 368243 163469 999999999 182293 427768 470701 328813 493569 453409 137595 247769 574242 186043 152853 169172 362974 574035 204361 508092 41725 396803 206754 500975 284496 358057 434095 425372 452798 536648 497956 525080 394537 372734 72718 473308 490299 264715 483343 178640 533308 448586 421206 233824 164836 571339 462859 329348 309033 454676 444616 442084 389606 237715 602714 561084 349426 276074 463114 334851 94312 303448 399143 108315 505687 77849 220908 286774 434988 275286 213055 410673 406057 102482 562579 281880 216930 397134 364620 60431 247810 259936 606853
461058 372716 488244 358016 364750 536251 367934 132191 615549 480570 464893 505006 389057 544580 558561 118844 479037 533299 274716 130996 182293 999999999 353989 466585 504208 581961 501919 276130 384315 424464 367330 30164 261764 401548 555945 365859 401864 174608 418587 306145 553762 408507 410423 613937 250896 538122 488783 623588 517316 330712 537582 140365 500318 606627 389421 564343 223723 586510 614841 524494 388735 41141 561785 609774 364317 441541 446050 620418 383375 430434 380488 611096 540240 182852 237470 378533 177393 97344 485564 565394 203777 389232 163624 265783 146753 428103 433050 357376 583852 235221 135701 503147 424069 355767 578817 236951 221042 420648 361640 424569
814460 483026 823657 654902 654137 330931 525573 373912 727915 468001 801758 829952 176729 823235 225817 394528 422739 734441 83234 479863 427768 353989 999999999 185293 607060 434700 303811 388530 421434 261026 538807 354965 322206 749563 231054 626388 107935 388428 770416 624255 345030 711584 754539 801495 302497 398791 141246 547278 213919 677068 783619 445138 262227 512832 691704 407399 271020 368948 854369 427532 658166 324606 246909 591452 225546 736798 165474 703463 41975 778434 432561 313118 892182 260275 591372 712480 235561 409618 661758 806984 339124 696412 469566 253343 221806 782071 496963 640550 660048 476582 326290 844047 453814 413597 714539 152295 488139 654241 346635 502093
918073 442198 881255 804865 684205 156460 500168 433136 651148 652503 931192 876263 89925 833061 119195 461573 307008 703846 248663 573569 470701 466585 185293 999999999 539340 271369 137904 378141 358180 438249 518094 456420 315148 827477 105562 641358 272522 429127 856162 677428 167570 746409 826022 757719 481046 244241 127002 401364 54379 796888 775025 513258 83784 363153 727461 243361 292098 187104 836891 289021 675065 428480 100667 466482 152141 764079 21843 614528 145351 855336 374146 145012 1000453 426934 695563 843964 399087 489312 625173 793957 363584 842827 533717 250990 368280 881105 428435 667911 572268 636674 385564 969723 377292 364359 650919 324098 527747 650273 281453 686253
718787 136739 550373 806594 342650 451070 141743 372017 122045 960405 819708 515253 465646 389094 654884 389259 251592 198760 586246 482408 328813 504208 607060 539340 999999999 379538 437411 243749 186970 828483 150722 474051 296919 571468 637111 278686 711801 329611 615807 406482 459196 392172 550998 227054 724572 361486 654283 290543 583492 686764 301295 395864 489055 309853 383177 389485 356614 480384 336290 302326 300300 476655 621047 204588 398864 382765 535643 116232 598249 588024 174609 614648 798653 644008 571316 761929 622060 423103 127833 307483 319047 819709 388476 357534 567454 676177 112114 326638 83000 734343 380697 835792 162083 193943 111582 618571 320409 228871 264849 923715
969009 350541 864539 939852 647560 117894 415697 488245 461715 894506 1023457 843191 260130 750277 351065 519169 141789 575616 469865 644688 493569 581961 434700 271369 379538 999999999 134142 358109 264121 695721 436344 559650 331838 845689 329724 588868 535550 461043 883851 675369 113167 708976 834709 604784 691236 43945 396069 140432 287198 882061 671049 560263 188862 100908 693608 28026 358422 116989 714441 81509 620410 541069 305562 228237 236582 713622 283000 411546 402215 869680 280492 269593 1053962 620453 765948 944782 591517 557052 498604 681705 398135 969356 571041 316670 544526 927373 295607 629585 376085 800487 455855 1053594 250544 290749 480595 537830 532108 568508 233861 906835
925029 365603 852638 857057 642410 34417 429722 432162 539811 768522 960609 839364 135368 771349 230399 463182 188757 619147 346982 586171 453409 501919 303811 137904 437411 134142 999999999 332645 274348 564290 449648 484244 284350 816120 210080 590761 402377 414926 850132 653048 51944 705415 809694 663031 575400 107000 264046 264339 161183 821049 702526 510772 58835 225705 687912 106140 288757 84592 756768 157099 624182 460973 189514 335332 137606 716948 148861 497440 269523 842326 291937 177678 1009541 509812 710169 877291 480779 497653 539601 717923 347059 890551 526563 242780 438767 885185 332976 624926 456986 703986 391088 994880 280876 290675 547246 418665 502713 585794 210551 788672
611024 107104 520057 614571 311061 361334 137261 150471 364058 716983 672973 507322 289592 455129 496526 177312 227539 345927 352831 297704 137595 276130 388530 378141 243749 358109 332645 999999999 112649 589388 150390 247030 67348 489515 483694 263845 486534 112575 526527 322113 376504 374056 480528 414083 481563 318546 468217 362064 431104 531764 401844 208340 362355 352997 356082 349691 119846 407737 469040 284079 297611 242645 475946 335523 226655 388312 366294 356806 389845 514476 105674 495841 695950 400854 413533 599250 378436 216334 273990 423169 76566 637041 215396 138091 323747 569294 157699 293921 316809 511323 142887 700169 150142 82187 339091 377309 174610 274213 126916 684529
713830 91660 600440 727100 383710 296117 156876 262551 306655 801842 782971 579983 280227 498384 476104 289918 124242 347766 406756 409766 247769 384315 421434 358180 186970 264121 274348 112649 999999999 651868 177295 356108 131324 584474 459669 326172 527289 225219 624011 412960 308359 445509 572152 399561 570331 229929 468942 250199 405614 642169 428186 319758 318304 243821 429791 261675 188874 336003 483845 184487 358452 348317 446201 225511 212925 451936 352443 283622 411416 607621 17677 450255 798375 490009 523496 710762 464874 328970 268402 443924 180556 749680 324750 177761 410065 671492 75573 365751 240480 619123 248782 808715 40691 30847 297214 447405 275344 313138 78334 779967
826197 694659 906502 583010 785516 590202 722155 513446 950434 228424 764477 927513 437080 964969 434163 519977 675337 920973 245822 549954 574242 424464 261026 438249 828483 695721 564290 589388 651868 999999999 730458 443372 531592 808886 448426 776886 166907 544835 815770 730607 603487 832360 823022 996209 204764 659592 344724 805905 452581 671337 946894 558531 519617 772445 813046 668385 472113 625214 1022816 685902 803812 419191 471641 843168 479286 864499 420862 934554 295261 836841 659434 542324 889934 244347 625575 678753 247188 515168 857411 973385 521187 629311 583512 474153 288315 804450 724946 776274 891810 402391 477943 811427 688822 636914 928379 213343 628284 821444 584629 303714
578093 86301 433818 656236 216475 472869 20664 237375 249693 838595 671743 408222 432312 321715 637285 249021 294570 195677 499957 332816 186043 367330 538807 518094 150722 436344 449648 150390 177295 730458 999999999 337427 217440 435917 622813 154365 635638 196707 478857 265441 485468 275268 418732 266375 602523 405274 615637 389755 569152 537179 256982 248398 489602 396130 261616 436788 268761 513298 320456 354986 184599 345132 612296 325840 366251 277424 508510 263120 540024 455529 159697 623134 660088 523630 421003 611913 505064 279439 126954 276132 209523 668993 239037 287966 452515 535231 147433 198734 233636 591190 257956 689777 185986 159094 211512 517123 170159 136176 241648 791509
464645 342740 476849 380562 342787 518421 337850 102037 585460 508198 478088 490722 376045 522611 552595 89516 453360 505189 278491 124904 152853 30164 354965 456420 474051 559650 484244 247030 356108 443372 337427 999999999 235688 395406 548849 340514 410282 144460 415455 288787 535878 389118 402175 585571 276528 515955 486345 597255 508214 341106 512322 116202 485681 581221 369729 542848 201350 568769 589465 500178 364536 30360 553318 581403 346935 421143 436396 590263 381800 424328 351812 600083 545521 205209 240730 393358 196512 72521 456288 539933 175834 409849 140629 244929 159329 429917 403573 334480 553753 264395 108383 514704 395617 327235 548935 248312 194065 393652 336286 454231
643530 164147 572304 614788 369529 315553 203473 156407 418843 671877 691662 563484 225667 520129 432567 187360 217705 412678 290835 312901 169172 261764 322206 315148 296919 331838 284350 67348 131324 531592 217440 235688 999999999 531776 420591 326529 421863 131905 565976 370371 331830 432068 525721 479413 439328 289374 401392 361824 368814 550313 468887 230275 307022 345658 413406 318771 59949 364230 536381 266401 360166 223240 414296 353743 165893 448962 302128 405182 322603 558064 133547 438847 728383 358868 434826 613178 334076 225259 339569 490423 66347 641481 243797 70746 279157 602947 197096 353013 363293 493874 127722 722323 171930 108920 398377 322164 219386 340809 101175 648668
152880 509844 115974 385379 230029 847009 453812 394341 623562 794388 289392 162036 739481 308441 934691 366305 708584 450362 673886 271109 362974 401548 749563 827477 571468 845689 816120 489515 584474 808886 435917 395406 531776 999999999 927830 293087 803409 402706 45164 172280 863000 194554 29960 517434 610437 807441 876580 822621 881578 210625 372982 314333 835801 824390 195677 838823 537510 895031 430294 768260 275924 425647 927856 761600 691405 222614 809852 662413 774038 28927 569750 963673 227835 566301 186380 276145 570077 342550 466652 396555 470733 367650 293949 581895 547801 113528 579980 245146 647288 459086 442175 287490 608139 555935 570950 637949 315070 351590 616390 695669
1013051 545616 984658 880933 789355 213253 604630 534000 745305 673887 1017603 980724 195019 938551 21473 561526 395741 806758 309966 669281 574035 555945 231054 105562 637111 329724 210080 483694 459669 448426 622813 548849 420591 927830 999999999 746897 284252 532345 955131 780753 216596 851420 927435 858426 532596 313721 103894 468540 54061 886443 879795 613559 152131 429010 832387 303345 395479 221061 940796 367056 780596 519801 26614 544957 257472 869441 119456 705400 189985 955953 476115 95061 1094363 490370 789445 929255 464578 587258 727725 898360 467690 920994 634821 355592 442896 977156 527670 773153 664115 705776 485737 1057725 475819 467704 748427 382831 631764 755527 384285 724325
442246 238561 279726 575307 64256 616688 174589 264560 336899 844807 554121 254390 552137 196911 759091 257243 447194 187142 571283 279051 204361 365859 626388 641358 278686 588868 590761 263845 326172 776886 154365 340514 326529 293087 746897 999999999 711151 239722 337706 135785 630439 120904 272321 267544 616659 556050 724331 542993 694660 430647 171812 225559 624852 550391 107740 587766 361371 659746 249007 507849 33767 360213 739694 473583 490393 126335 628654 371258 636436 309352 309120 758718 520710 545222 325843 507452 533829 268624 178262 199536 289103 578575 203473 394277 488620 400048 301627 47973 354352 553367 305900 565157 339454 303180 285811 568710 148651 68323 380219 777637
850990 584933 886955 655303 732752 426521 623715 450241 833175 389711 818725 898555 281938 906774 271612 466119 530430 831071 139894 532613 508092 401864 107935 272522 711801 535550 402377 486534 527289 166907 635638 410282 421863 803409 284252 711151 999999999 471433 819276 693666 439091 787166 811851 900617 274230 501683 180436 652752 285751 704692 873699 513600 354959 617506 767272 507817 366981 459619 946383 533429 741645 380880 306451 699111 333385 815000 256087 810124 133546 832290 537751 376973 924136 261596 632972 729537 245594 473998 760519 898146 430112 699586 538861 355329 256076 822310 602639 720499 766744 470842 405678 863423 560579 517903 817992 166790 567420 744636 453525 444561
511625 199094 452316 502280 266190 446751 194963 42434 442125 642017 563673 449990 339735 435795 541502 65106 337114 377723 331577 186143 41725 174608 388428 429127 329611 461043 414926 112575 225219 544835 196707 144460 131905 402706 532345 239722 471433 999999999 435444 248414 463232 325229 398661 455386 406150 419417 495334 474335 483506 422200 404640 99220 433106 463999 305526 449436 137031 495783 479363 391173 270536 148804 529780 446562 288818 348779 413006 445812 401595 429674 217526 561829 596480 327897 305102 488050 310750 103886 320349 430259 68092 524466 111931 179817 260002 471090 262959 252212 409389 406871 67273 592706 262127 194664 407498 333091 101221 277227 227304 596224
108072 551298 142655 361465 274925 881528 496421 423820 668722 788460 249724 193933 769050 348782 961206 394683 747863 495263 692911 290581 396803 418587 770416 856162 615807 883851 850132 526527 624011 815770 478857 415455 565976 45164 955131 337706 819276 435444 999999999 213952 897750 239419 71902 561687 614516 844988 900242 864192 909997 187587 416374 343424 867771 865087 240829 876206 568308 930018 471774 807179 321006 445814 956163 804686 723175 266639 838009 707438 796606 43394 609649 994133 183007 575612 190273 245884 581583 367975 511749 439406 503515 339478 324761 613319 563201 70393 621938 289821 692020 452178 470671 244632 648780 595051 616113 652868 351951 396689 653119 685784
313023 337607 203905 447208 86416 682761 282642 251701 472463 764266 418500 205736 587858 249594 789748 229754 537187 317447 556441 187536 206754 306145 624255 677428 406482 675369 653048 322113 412960 730607 265441 288787 370371 172280 780753 135785 693666 248414 213952 999999999 698239 105544 159342 394771 549525 637987 740522 650449 731805 295827 271986 180199 677260 652141 88525 669555 385394 729714 345394 597161 132255 315831 778047 591206 534419 141738 661419 505048 642771 194670 397949 808117 394648 488073 197094 372616 483481 220162 313896 300082 314265 446901 155150 427173 447971 270228 408012 93154 485411 450164 300498 430771 435927 384894 421573 536007 151052 202732 448780 684172
974232 399994 896245 909001 683966 17530 465158 481930 554594 812202 1011804 881193 183700 806733 237965 513048 207611 647146 393681 636621 500975 553762 345030 167570 459196 113167 51944 376504 308359 603487 485468 535878 331830 863000 216596 630439 439091 463232 897750 698239 999999999 746827 855765 686165 623853 103611 287523 252799 175598 872011 734668 559962 84153 213177 729752 87387 339392 32994 785716 162682 663553 512790 192412 334806 189483 756774 183005 508596 308324 888870 326027 161316 1058880 559680 760522 928761 530695 548009 567962 748674 395695 942468 575098 293547 489613 934104 360196 666301 470014 755474 441688 1045757 309140 327851 566655 466514 548652 621474 251449 836015
347413 359125 159515 535774 63029 732554 295480 338152 431812 869798 477544 134601 656529 145327 862216 321109 567469 255844 648276 292987 284496 408507 711584 746409 392172 708976 705415 374056 445509 832360 275268 389118 432068 194554 851420 120904 787166 325229 239419 105544 746827 999999999 168437 323927 654246 675398 820235 663308 800417 372227 184179 275762 736351 671224 19915 707159 458233 776786 251036 628165 92722 414644 846141 591506 597887 37410 732170 473794 726579 203980 428711 869605 419444 591172 290283 447079 585226 318166 277703 210328 385063 529628 250376 495922 547162 307670 422462 80532 462760 553620 385296 480417 460121 421302 378903 633574 224131 164261 495538 788816
179807 494979 90602 413536 208441 840029 437183 393444 599326 815326 319083 133503 737381 278655 934948 366580 696393 424123 680354 279429 358057 410423 754539 826022 550998 834709 809694 480528 572152 823022 418732 402175 525721 29960 927435 272321 811851 398661 71902 159342 855765 168437 999999999 489867 626541 797222 879212 807156 880282 239079 344505 314398 831347 810187 171310 828757 534766 887516 400818 756444 253027 432151 926602 743682 687367 194789 808881 639426 777672 37042 556979 960474 251315 579479 205564 305699 581885 345528 443316 367697 466325 396763 292617 578435 557139 141912 564195 224401 625569 481089 441896 316191 594280 544216 546549 647356 307120 328386 607398 718507
669674 320793 452316 841047 308813 677781 276988 492433 165151 1093491 801030 403348 678471 238489 875309 496420 478557 81640 766003 543998 434095 613937 801495 757719 227054 604784 663031 414083 399561 996209 266375 585571 479413 517434 858426 267544 900617 455386 561687 394771 686165 323927 489867 999999999 859381 588356 866491 502488 804448 688774 149495 478582 713027 527829 327026 615939 533767 707405 134403 528939 262673 598907 843771 406143 610947 295086 751821 223104 799357 523397 383878 840617 737241 782563 590784 765149 766119 518278 140122 134302 475812 841663 460390 548384 715079 630933 331240 302166 241105 817782 520378 804249 383440 396297 127212 782892 394410 200880 477011 1035702
621552 587962 712605 387414 614186 607526 599068 367255 842816 236354 562848 737908 440304 793556 525412 363880 629874 779867 232773 362988 425372 250896 302497 481046 724572 691236 575400 481563 570331 204764 602523 276528 439328 610437 532596 616659 274230 406150 614516 549525 623853 654246 626541 859381 999999999 649262 435652 773468 515653 466573 788431 391255 547689 746663 635798 666975 381748 652393 865665 657930 639563 260545 549339 786831 455006 688694 459638 838367 344388 637814 572731 615357 685342 80769 425088 475909 105723 348034 726328 816185 405579 433013 414366 403195 160281 600455 634849 607610 798168 202921 345856 609380 610674 547830 811857 157875 470546 670004 519825 216211
928728 319001 829593 896053 613436 101599 384622 445705 452380 855043 981006 809901 222630 722799 334609 476722 113183 554055 430063 602265 452798 538122 398791 244241 361486 43945 107000 318546 229929 659592 405274 515955 289374 807441 313721 556050 501683 419417 844988 637987 103611 675398 797222 588356 649262 999999999 370855 157346 267109 839682 646216 518591 165346 118912 659524 31778 314666 119587 693053 60047 588157 497207 291257 232235 194266 681601 253419 405413 368140 831848 246934 264921 1013703 577770 723977 901874 548888 514388 475797 658317 355720 925727 529991 272747 501404 887295 269433 595498 367389 756628 412563 1011577 221274 254829 466677 496816 493040 539321 192873 865111
949767 546533 943193 796018 759998 278959 599378 489093 769531 570004 942095 944672 188751 920088 91710 513578 431227 807374 224284 610327 536648 488783 141246 127002 654283 396069 264046 468217 468942 344724 615637 486345 401392 876580 103894 724331 180436 495334 900242 740522 287523 820235 879212 866491 435652 370855 999999999 528132 115361 815648 870044 565557 207222 489711 800638 368219 363327 300912 936070 415893 757437 456242 127013 592950 256047 841989 122406 735730 105767 905234 483578 197693 1028848 400276 725901 852938 376337 534092 730314 891007 436349 837641 588708 331285 362321 916029 542277 744947 692950 616829 440173 983946 492780 470198 765528 292302 596543 742202 390644 622176
958458 312894 822645 974131 606037 255330 370512 509703 346486 990715 1032838 793649 370895 678642 489721 538320 146045 488370 568007 659729 497956 623588 547278 401364 290543 140432 264339 362064 250199 805905 389755 597255 361824 822621 468540 542993 652752 474335 864192 650449 252799 663308 807156 502488 773468 157346 528132 999999999 423680 892227 591825 569920 322483 39625 650712 165445 406171 256915 623597 120005 570989 584809 444968 99224 328052 660788 409703 291345 519774 843656 260882 409822 1042309 697200 773466 960948 669238 577469 417923 597568 422775 998302 574739 373976 617577 915766 242994 588391 262745 854501 488925 1057773 218001 281045 375308 628573 522380 507934 263107 989268
970907 491630 935627 850863 738123 169331 550868 487258 692457 673365 981232 930490 144162 885600 71536 515528 343841 752711 286215 626492 525080 517316 213919 54379 583492 287198 161183 431104 405614 452581 569152 508214 368814 881578 54061 694660 285751 483506 909997 731805 175598 800417 880282 804448 515653 267109 115361 423680 999999999 847965 826125 567298 102370 384448 781519 259929 346476 186266 886854 318069 728394 479856 46323 496421 204523 817770 72157 653347 171991 909483 422054 100125 1052995 466759 748000 893555 439716 542806 673667 844544 417923 889696 587902 305261 412813 934229 473804 721751 611784 679561 439532 1020339 422024 413721 694885 361164 582082 702217 330268 715211
156550 589934 325783 174865 380354 854753 549952 394016 764934 614111 141486 372498 717126 506883 888547 362961 758837 612867 594601 237419 394537 330712 677068 796888 686764 882061 821049 531764 642169 671337 537179 341106 550313 210625 886443 430647 704692 422200 187587 295827 872011 372227 239079 688774 466573 839682 815648 892227 847965 999999999 556065 323651 826044 884740 364595 868863 532711 905004 622413 813371 427557 368435 892496 851129 685087 407444 776537 792997 709884 227097 631477 940986 220240 445760 118891 76815 459157 325634 607268 582536 483972 159106 317492 578469 456412 144388 661916 388886 768754 281377 430610 173960 675106 611358 715200 539898 374553 498329 649029 505906
523869 337339 302873 716846 187385 723371 275422 433499 291703 1015759 660225 253977 688759 93774 894204 428331 533034 108012 734444 444477 372734 537582 783619 775025 301295 671049 702526 401844 428186 946894 256982 512322 468887 372982 879795 171812 873699 404640 416374 271986 734668 184179 344505 149495 788431 646216 870044 591825 826125 556065 999999999 397230 745114 609886 191809 676559 513355 760401 77312 590431 150840 531711 869143 503673 623071 151078 765157 344553 789348 376762 410626 878025 589164 716925 468073 631191 705110 440406 174317 28494 444733 712711 374695 539458 658971 486340 376783 187505 348342 716921 471842 660472 426135 414252 241379 737024 319713 129381 497657 945637
414292 278144 378754 414721 227003 543227 254271 80397 497385 619730 465029 385699 425697 406666 620701 52182 435186 397237 376257 90760 72718 140365 445138 513258 395864 560263 510772 208340 319758 558531 248398 116202 230275 314333 613559 225559 513600 99220 343424 180199 559962 275762 314398 478582 391255 518591 565557 569920 567298 323651 397230 999999999 525166 561304 256077 548519 225238 592706 474502 490020 248562 139448 613559 535528 380614 306470 495527 510675 465449 342395 310148 650719 498920 321377 206027 391041 312293 43682 356241 425078 164627 433085 25413 270683 271727 374468 347661 218321 478467 344610 127844 493551 354426 288916 455858 357836 84462 282004 326508 557145
937565 407902 879279 849965 673384 72704 470274 445102 594564 730083 963769 869174 113594 810259 172094 475413 244072 665727 315582 594892 473308 500318 262227 83784 489055 188862 58835 362355 318304 519617 489602 485681 307022 835801 152131 624852 354959 433106 867771 677260 84153 736351 831347 713027 547689 165346 207222 322483 102370 826044 745114 525166 999999999 283555 718221 160997 299983 106807 802147 215739 658544 460168 132952 394066 144607 750268 98890 553645 224678 862757 335519 133970 1021404 487165 718753 878539 458461 507436 586203 761796 365148 885541 543010 254532 421130 898796 381854 656275 512647 689540 400745 999946 329614 330942 599779 389825 526211 625060 247966 757578
956964 315359 829946 960219 612452 215850 376218 497428 375771 960811 1025874 803160 336131 694594 450214 526882 128049 508606 536835 650103 490299 606627 512832 363153 309853 100908 225705 352997 243821 772445 396130 581221 345658 824390 429010 550391 617506 463999 865087 652141 213177 671224 810187 527829 746663 118912 489711 39625 384448 884740 609886 561304 283555 999999999 657741 125833 386018 217615 645511 88871 579626 567095 405377 132208 296800 670868 372089 322238 484206 846343 256556 370435 1041294 671554 766373 951957 643265 565938 435570 617229 408832 985883 567817 351060 592570 914476 248766 594618 290790 835076 473372 1052309 216309 274291 401136 599321 518922 519676 245004 962791
348283 344458 172206 525521 46088 715339 281578 318241 428104 852464 474116 151476 637559 161078 843059 301232 552314 256007 628366 275296 264715 389421 691704 727461 383177 693608 687912 356082 429791 813046 261616 369729 413406 195677 832387 107740 767272 305526 240829 88525 729752 19915 171310 327026 635798 659524 800638 650712 781519 364595 191809 256077 718221 657741 999999999 691298 438853 759899 261578 613020 82938 395080 827299 580711 579278 53316 713089 468312 706795 207751 413157 851327 422552 572173 278177 440159 565957 298601 272120 218876 365718 520904 230707 476830 527584 307636 409036 64040 455582 538207 365414 478947 445496 405059 375395 613851 204382 157408 478347 772654
959403 350543 861364 922356 645210 90635 416129 474854 476835 868338 1010080 841655 233527 753778 324609 505957 143756 583420 444046 631464 483343 564343 407399 243361 389485 28026 106140 349691 261675 668385 436788 542848 318771 838823 303345 587766 507817 449436 876206 669555 87387 707159 828757 615939 666975 31778 368219 165445 259929 868863 676559 548519 160997 125833 691298 999999999 341525 95921 722419 87213 619832 523305 279562 249122 213330 713264 254989 428266 374559 863317 278646 246587 1044380 597105 753586 930368 568108 543344 505501 688271 385087 952693 560341 298571 521960 918069 299874 627272 391428 780108 440606 1041091 252354 286596 493168 512777 524260 570585 223577 882254
