NAME : synthetic_000560
TYPE : CTSP-D
DIMENSION : 100
GROUPS : 8
RELAXATION_LEVEL : 1
EDGE_WEIGHT_TYPE : EXPLICIT
EDGE_WEIGHT_FORMAT : FULL_MATRIX
EDGE_WEIGHT_SECTION
999999999 599649 234977 339123 213897 433709 523464 439359 311390 115653 775738 412020 606970 794386 8016 66155 501734 47948 438698 679297 375671 94687 196961 663988 671474 536322 426365 391585 393496 635542 846564 564593 44882 730473 940436 512390 372384 403956 155119 315028 654291 533277 383233 748714 581670 159749 511818 467725 642761 858951 326954 677414 688921 782567 310770 656810 606239 643331 673033 755232 319255 580262 599763 218632 487507 175815 681426 778933 189990 685591 285695 535289 800476 597622 673073 431005 311917 309604 605325 585028 852849 754264 203962 178892 204059 563640 213378 150822 680869 605275 632764 279696 468538 494369 802800 681664 176318 494346 484448 484251
599649 999999999 640467 264667 811714 238077 397001 574285 632405 510233 678367 446950 294805 202001 591653 634463 355990 614095 578357 85177 251674 694292 723604 337798 72487 494987 315964 647052 475396 572970 248818 175138 561311 530037 346864 421526 228804 286008 652357 293194 55096 465754 659535 428295 574041 707334 614401 131932 227486 279761 311227 552157 313351 631111 300696 144348 232170 330065 408448 587635 311569 223967 188012 696225 496345 764910 93654 270494 414737 288278 401758 451416 349463 260326 467757 541891 572331 444310 340167 476461 286382 332510 415783 776918 642639 617934 755349 750440 265492 98226 635991 875300 312084 185116 628694 193235 427494 733669 622621 323934
234977 640467 999999999 388815 295501 415837 697545 658720 544468 315586 588793 605905 744740 842144 235547 294955 666050 189434 242044 704531 388810 257604 416271 577496 711201 732769 578991 166407 595451 837567 884615 668748 259882 582565 945754 693679 425710 542395 388017 358024 689081 387724 616046 640270 789495 146623 732315 519403 597375 852993 459396 513990 819888 610684 348355 739264 557530 557882 560629 592288 329844 535271 568593 73124 327718 235711 701068 740924 326981 620842 239914 721951 733785 726232 538710 645186 537785 211671 513506 772543 837551 683760 246877 275162 438981 364416 422249 284086 624443 608978 846182 329620 620501 600251 635275 654232 264333 261369 708055 404870
339123 264667 388815 999999999 548730 129951 381025 458906 449094 264123 623765 347675 378076 464856 331230 380967 339102 350192 396376 341240 61579 433625 485736 382388 337151 453558 251967 434121 359753 557370 513471 284574 304024 517311 601393 390297 37281 204595 416218 30790 318144 362449 498188 480816 529827 443168 522089 134700 326585 520346 147092 498225 444447 601104 40753 350503 296322 363574 420077 562235 71236 270482 277461 437816 357739 500637 342649 450936 166805 380775 166401 424138 488992 353378 449523 430761 400075 223883 339365 469402 515704 448618 151829 514153 421355 480628 514783 489601 369737 267514 595473 611491 283659 220283 611119 352255 163970 536674 514963 236787
213897 811714 295501 548730 999999999 630607 713973 585844 427401 321277 884166 593005 811708 1007813 221887 200697 698329 199187 537541 889952 578983 122079 226372 840678 883848 708796 630223 455402 567902 798124 1059440 776893 256193 872494 1149386 698555 583330 612592 254657 522635 866028 674463 492352 915562 738965 149517 651356 679853 835644 1065225 538569 807225 894534 905640 517098 870424 797337 820164 836747 885873 519420 772173 796578 229580 617889 60463 891249 975985 403808 871956 464007 716551 987489 805100 823718 587126 455687 467022 778482 763806 1056920 939206 403839 35005 310623 659287 208637 70445 870372 811337 779613 67093 671408 707042 929772 880822 384780 530440 618631 660109
433709 238077 415837 129951 630607 999999999 484617 585659 578389 379366 510493 469822 448479 433982 426358 485153 440617 433091 343052 291127 69315 524829 600173 252970 303634 566529 360555 408996 484965 666526 471891 334394 405977 392582 531206 498507 127924 313237 532970 134988 279964 259389 628139 350924 645236 505721 646438 153346 209482 440706 271843 382204 499829 481171 133616 364942 174499 233882 290868 440664 114819 148222 166417 478446 273070 576624 286328 345963 286129 257281 177453 532629 369741 418089 324325 556592 530001 209901 209769 574004 428802 326122 229930 597518 544176 398698 627051 579035 249436 193150 711217 688566 384458 287622 488758 250223 260839 496976 641366 117927
523464 397001 697545 381025 713973 484617 999999999 218616 351289 408370 995099 126813 147797 484008 517056 514269 44453 563878 771468 467743 432697 596647 530747 700328 430000 98724 129494 791739 159223 183621 542616 227361 479403 871239 685506 29139 363053 176444 471873 401481 433383 739429 339352 799488 177042 680382 232087 349876 604366 650284 248522 866762 218646 964110 411523 318621 593537 686462 758470 922606 448979 574632 554816 718063 738671 692772 481699 667422 370575 667933 532001 54416 744463 168779 803277 190286 293127 592515 678452 89396 666860 722136 463135 681927 429309 861534 563846 643539 647809 483032 239793 780147 100189 218852 969587 586518 435236 900164 250745 602472
439359 574285 658720 458906 585844 585659 218616 999999999 165438 343161 1077014 127415 365885 693284 435523 404154 240383 486694 797601 654167 520066 484460 371007 830284 621457 150968 258428 789082 102506 215968 752593 424267 403313 976214 890907 190031 458448 293893 331281 466100 619600 813161 127709 930702 154640 596560 73640 488935 750963 845521 313842 954337 436291 1058718 473208 525341 730977 813229 876081 1020589 509927 707941 699089 656619 795301 581500 665994 839551 361893 812785 565056 183329 905076 383585 908373 32413 131148 621477 794621 212638 857644 874678 471392 559031 275716 907130 400248 518767 796026 644720 195260 646968 266873 389769 1069642 749033 430465 899046 56280 695603
311390 632405 544468 449094 427401 578389 351289 165438 999999999 244774 1030343 227608 487769 784374 309719 262288 357009 359058 719852 717027 509098 336092 206906 831312 691445 308716 334091 692123 193323 381359 843410 513199 285341 950788 970939 326646 461933 349920 176902 445151 683987 769489 71856 929003 319752 458387 224983 521907 770318 911980 327982 915715 566519 1022486 448967 618729 743276 812262 864699 988134 480085 717974 719140 528629 739633 429957 726001 879735 305184 827733 508013 331467 931466 496876 885389 176570 62473 556382 785590 369744 918160 894319 407025 403111 118574 838735 235174 363131 814756 683659 353884 486075 360654 460708 1037486 783228 362589 799130 191484 673545
115653 510233 315586 264123 321277 379366 408370 343161 244774 999999999 790515 300124 492518 698105 108913 126451 386090 155895 475082 593064 313356 199240 221878 626291 580316 426052 311422 451394 284596 527908 752517 456598 71111 722250 856010 398173 291613 291399 153613 247178 565329 533379 312945 718597 476792 272346 416778 380105 586799 780071 218300 680230 574861 787134 246489 552764 553535 606080 647890 755042 267310 527260 539504 318585 498745 289655 597189 714896 97732 636644 271019 422208 748513 484410 659529 329991 225604 314464 573144 472357 777699 705483 170623 286835 171279 594355 250664 252951 628286 529930 531613 388265 353407 387400 804055 616254 127457 560185 393157 454453
775738 678367 588793 623765 884166 510493 995099 1077014 1030343 790515 999999999 971148 948293 807225 771938 841779 951108 744480 347141 673890 565887 832991 972691 352493 710659 1075264 870032 433584 981188 1176609 811941 827313 775158 160491 772917 1008525 634369 822401 923360 612135 688062 263917 1092556 299054 1152836 735363 1143466 654149 463827 682290 770568 129100 986232 69481 604396 822669 448154 353914 277297 103596 567218 454403 492054 656058 291876 824504 659156 536355 727587 419456 522354 1042659 455965 915555 212192 1050812 995756 476234 338200 1084491 648959 423789 623343 863572 958139 225657 987612 868880 442409 583614 1218675 913238 894950 792520 95170 525842 667798 397716 1133276 392634
412020 446950 605905 347675 593005 469822 126813 127415 227608 300124 971148 999999999 260469 572378 406305 395388 129604 455443 712581 527252 407213 478372 404239 709098 495259 126924 131026 717945 34609 232128 631811 300999 369587 862307 767383 106627 341903 167740 346770 359652 492748 708649 226814 809644 189740 571354 177585 363686 626230 719364 200627 845899 338942 948433 368035 404382 607753 692687 758127 909048 405951 585398 574506 617471 697168 575686 538881 712289 284773 688569 473720 124072 778823 271598 794096 95091 167598 532976 676594 173129 730839 749417 389477 561896 302738 814448 437221 522786 671199 517831 252980 658484 142880 262725 957648 622305 353975 828061 178235 583419
606970 294805 744740 378076 811708 448479 147797 365885 487769 492518 948293 260469 999999999 342421 599670 611513 130865 640999 772431 350584 414146 690488 650235 625357 309127 238398 181488 811385 295032 290406 399864 122967 562116 810369 545574 176872 348705 205664 585616 405608 318269 707398 483610 720002 307093 755010 377832 296471 519299 519447 288187 819332 83156 908612 416357 184270 517207 614743 691371 865639 449204 503074 474581 778008 719397 782127 366151 557001 429274 581584 543555 193766 642051 34498 744502 336634 426759 601903 615893 199296 539732 627256 498602 777915 550756 845151 683969 741902 559339 390788 361152 878777 140717 161962 909850 487720 482328 914747 398181 563022
794386 202001 842144 464856 1007813 433982 484008 693284 784374 698105 807225 572378 342421 999999999 786370 824168 453917 811898 765192 147244 453501 888557 902562 454984 131086 579477 450698 841006 605396 629085 59433 272160 754209 648506 203363 512745 428228 437237 831761 494085 154102 632811 797990 521025 649490 908025 716023 330334 346502 195811 486108 690240 308115 749829 501962 168088 371111 455679 530147 707457 513565 375508 332233 898224 673378 962981 157454 293865 606020 388101 602912 534289 389663 315857 596747 661739 722091 643129 481582 541298 225349 399333 616572 972859 814285 788136 935407 944571 364886 251990 702069 1072381 429617 325733 740440 281484 625702 921596 732766 501747
8016 591653 235547 331230 221887 426358 517056 435523 309719 108913 771938 406305 599670 786370 999999999 69929 494979 51172 435970 671337 368052 102664 200847 657398 663470 530914 419191 390614 388209 630544 838551 556782 37852 725314 932519 506243 364433 396454 156572 307234 646302 528396 381512 742493 577005 165119 508171 459731 635490 851124 319235 672828 681549 778154 303039 648874 599058 636746 666995 750529 311832 573058 592342 221656 483206 183430 673491 771458 182036 678579 279537 529398 793398 590150 667598 426672 308710 304515 598928 579227 845101 747285 196730 186882 204038 560702 218214 158805 673727 597479 628556 287641 461407 486533 798208 674126 168571 494086 481132 477844
66155 634463 294955 380967 200697 485153 514269 404154 262288 126451 841779 395388 611513 824168 69929 999999999 497724 105844 504661 716379 423555 83032 130935 721809 705169 514990 430110 455105 372405 609363 878213 582113 79230 794494 979000 499859 411563 414579 93366 359867 689512 597970 333636 808681 552613 196133 474486 503382 694623 900748 344221 742632 694472 848039 357062 679082 659163 701212 733951 820248 370371 632982 649815 268656 553125 180753 719776 827907 219734 740061 346519 519420 854189 605827 736189 400159 273441 373917 664410 567732 896670 808963 258248 167826 147723 629703 149031 130498 734076 648476 599343 267591 471024 513343 868003 729815 224358 555947 444756 543416
501734 355990 666050 339102 698329 440617 44453 240383 357009 386090 951108 129604 130865 453917 494979 497724 999999999 540191 731598 428898 389621 579085 524944 656071 392298 139212 89877 754842 164170 228064 513050 190045 457137 826809 653531 65594 319945 135128 462761 360538 394347 696087 353898 755336 219087 656370 264335 305468 560711 614331 211286 822679 210215 919796 370744 286588 549421 642122 714033 878247 407864 530362 510947 689878 696380 673828 442424 626466 339931 624269 492881 97112 702192 143883 758860 209646 296277 553331 633999 133510 629654 679082 427856 665494 424327 819724 558486 627953 604326 440293 282882 765022 56256 175541 925186 544149 402301 862627 279019 558514
47948 614095 189434 350192 199187 433091 563878 486694 359058 155895 744480 455443 640999 811898 51172 105844 540191 999999999 403022 691384 379940 95637 232126 653135 686433 580657 461872 349516 438233 680939 862456 591619 85944 707493 950287 554056 385338 436224 198613 323634 668084 508941 430913 734097 627789 116516 559332 482522 640061 866079 356541 650795 722114 754714 317953 680271 602422 632473 656970 729192 320762 576854 599443 170714 459713 151089 692395 779003 215606 679393 273128 577994 794839 629806 652492 477710 359715 288153 592733 628046 858049 747497 204853 165166 250074 528554 243675 146723 676324 612169 679643 261307 504321 520987 776000 683043 186601 450154 532197 472251
438698 578357 242044 396376 537541 343052 771468 797601 719852 475082 347141 712581 772431 765192 435970 504661 731598 403022 999999999 618127 359501 488084 634466 395912 638772 832341 642249 104018 713351 938911 794633 668484 445457 351352 819977 776692 423762 596581 591553 371875 614261 174702 787492 433846 902201 388418 869349 490402 453630 722385 524171 276897 833376 369522 361416 707883 416428 379689 357057 353783 325448 401911 443766 311070 111591 477651 609405 588762 435726 455083 240209 809388 556123 745621 318788 776422 696030 179999 335219 857421 699221 506552 326342 516461 632840 125611 646591 522114 466308 513514 965364 569459 677492 611464 394891 521022 367391 156428 852272 265406
679297 85177 704531 341240 889952 291127 467743 654167 717027 593064 673890 527252 350584 147244 671337 716379 428898 691384 618127 999999999 319175 773975 807882 322565 43060 566438 396771 695340 556717 637517 180764 240652 642079 518357 262974 493775 306944 369328 736655 368116 34676 486938 742814 401101 643939 780477 690955 213053 210124 194955 396377 552680 351197 620406 374601 173915 229112 319977 397242 577241 380403 230604 187897 763774 526317 841549 16546 207040 496766 261340 464620 521893 296113 317106 461791 621759 656674 501028 340926 542297 203640 290047 489899 855337 727663 642084 839429 830080 237423 104748 703917 952646 389086 264534 614062 154305 505172 774551 701020 354509
375671 251674 388810 61579 578983 69315 432697 520066 509098 313356 565887 407213 414146 453501 368052 423555 389621 379940 359501 319175 999999999 468698 534981 322284 322761 509557 305250 409833 420402 611944 497485 309362 344850 456229 572341 444074 69676 257505 466850 66636 301171 306925 559300 420064 586952 462281 582552 136066 273443 486342 207191 439319 473908 541235 67005 359213 240697 303165 358552 501903 61310 214500 226710 445301 308324 527426 317731 404359 218487 324546 151155 478141 435287 386466 388314 491649 461053 199769 277966 521823 478194 393067 175145 545105 476117 433259 562706 523892 315184 232708 652806 639314 333478 252470 550624 306424 199932 506898 576046 176244
94687 694292 257604 433625 122079 524829 596647 484460 336092 199240 832991 478372 690488 888557 102664 83032 579085 95637 488084 773975 468698 999999999 164200 748499 766066 597907 509023 423736 455406 691616 941007 654925 134842 801507 1035001 582632 467051 490614 159608 409106 748959 602663 405915 829733 634341 130732 553653 562377 733007 953086 416559 743074 773173 846021 404518 749036 695811 727830 752561 821693 411108 670056 691210 214129 551742 97898 776051 870673 283085 773689 368463 602419 889005 683350 747349 481792 353346 383301 688280 650763 946519 841998 295043 87615 217915 613529 165463 56148 770046 699268 679704 189026 550476 585177 867978 773929 270307 516480 522934 567695
196961 723604 416271 485736 226372 600173 530747 371007 206906 221878 972691 404239 650235 902562 200847 130935 524944 232126 634466 807882 534981 164200 999999999 843593 791475 506638 475016 580237 373936 586702 959122 644466 203395 923856 1070468 510431 511938 472101 71250 468987 778452 728105 267692 933073 525646 294750 431730 596388 808370 997959 416648 873173 732813 978760 468013 747146 774616 823147 859706 950600 486707 748331 761338 378020 683963 241720 813218 936649 318951 857210 473516 522283 969781 651329 864585 377690 246663 503926 788024 565575 997097 926142 380273 207401 101521 759774 33794 170066 849487 750121 560680 281004 511497 580240 998511 837980 341793 677281 397781 667581
663988 337798 577496 382388 840678 252970 700328 830284 831312 626291 352493 709098 625357 454984 657398 721809 656071 653135 395912 322565 322284 748499 843593 999999999 360903 791512 588290 495940 728140 883624 462651 502408 643192 195805 445438 719400 374087 543946 778926 387341 339360 224473 880040 100546 871919 700303 886656 351299 112958 348780 518199 236994 651043 297858 384877 479749 108260 20674 75206 254678 359253 125718 150997 649487 284747 782258 307428 203670 536585 70342 380038 752654 160539 591173 142031 799954 782210 374919 64043 787404 319649 110673 463987 810435 794355 367755 868289 799055 91321 239795 937257 891030 602593 483467 292471 173500 501892 540126 885029 180996
671474 72487 711201 337151 883848 303634 430000 621457 691445 580316 710659 495259 309127 131086 663470 705169 392298 686433 638772 43060 322761 766066 791475 360903 999999999 528708 365864 711783 525692 597271 176331 202670 632722 556591 280787 456606 301217 341878 720250 365653 24653 515115 714077 442090 605417 779773 655649 204005 247976 224109 376405 587863 308146 658612 373089 130911 263423 357067 434997 615299 383141 261938 220582 767857 551127 837299 59550 249651 485587 301711 471851 483868 339168 276001 498476 589104 630347 512293 375200 502589 237413 332659 488235 849019 708150 669537 823578 822208 277832 131441 664597 947585 355065 233606 653127 195729 499839 794903 666986 378295
536322 494987 732769 453558 708796 566529 98724 150968 308716 426052 1075264 126924 238398 579477 530914 514990 139212 580657 832341 566438 509557 597907 506638 791512 528708 999999999 206108 842252 143066 106831 637560 326082 494713 957172 781863 73642 440908 253295 456783 470017 532052 815779 278665 891340 80513 696014 141430 440213 698553 748599 310564 947970 297647 1047680 479306 415751 685811 776859 847060 1006918 517413 665880 648297 744021 809616 695738 580339 765480 410243 762051 592302 45335 841353 263656 888936 132364 260029 652343 766262 61758 765477 817780 512689 679063 406509 929766 537994 639294 742475 579303 145814 772924 189279 314367 1054621 683296 478905 952121 166650 683442
426365 315964 578991 251967 630223 360555 129494 258428 334091 311422 870032 131026 181488 450698 419191 430110 89877 461872 642249 396771 305250 509023 475016 588290 365864 206108 999999999 665027 159983 306757 509909 179109 381484 751141 641168 138826 235946 47745 408158 271993 362379 612153 349226 688585 285487 577011 303191 238172 500122 589751 121690 742363 264365 841639 282030 284642 484232 572958 641873 800819 319505 463139 448843 605744 609705 601073 408137 581685 254889 563112 403183 172895 649938 177216 682887 226070 271670 463663 560817 217437 600411 622159 338692 596431 378138 732216 508802 560452 544804 388082 351399 697295 42524 132405 848515 492753 314718 772751 308036 477757
391585 647052 166407 434121 455402 408996 791739 789082 692123 451394 433584 717945 811385 841006 390614 455105 754842 349516 104018 695340 409833 423736 580237 495940 711783 842252 665027 999999999 713684 948967 874685 716647 408138 453685 910196 793178 466439 622172 546668 405843 687718 277813 762429 537548 906851 309896 862340 545518 545408 813273 543648 377118 878451 464097 395097 767889 506911 478873 460282 452254 363838 489909 530045 225826 214087 397256 688150 684014 433521 552326 267902 824350 656471 787444 422780 771332 676941 211104 433889 873973 791902 606551 329911 438328 594056 208217 587747 449862 561894 592024 967505 480297 703443 654304 490797 610824 364036 110284 841632 351350
393496 475396 595451 359753 567902 484965 159223 102506 193323 284596 981188 34609 295032 605396 388209 372405 164170 438233 713351 556717 420402 455406 373936 728140 525692 143066 159983 713684 999999999 243325 664824 333579 352327 876561 799368 136829 357327 192243 318713 369083 522352 717809 192952 828607 194294 553236 162438 386603 648489 749672 213326 857151 373210 960714 376822 437547 628504 711229 774855 921988 414255 605536 596606 603149 703341 553137 567942 738641 280449 710280 476420 149405 802991 306136 808533 71849 133988 534695 693336 195904 760354 772266 387932 537509 272460 818439 406593 498001 693559 543231 253825 632772 175804 292380 970860 647325 350091 823962 156924 596476
635542 572970 837567 557370 798124 666526 183621 215968 381359 527908 1176609 232128 290406 629085 630544 609363 228064 680939 938911 637517 611944 691616 586702 883624 597271 106831 306757 948967 243325 999999999 684612 398612 595162 1054627 832306 168084 542703 354487 543732 574963 604053 918771 335394 982516 62259 795200 167695 533479 786220 809818 416209 1048678 326305 1146934 584446 474672 776533 869938 942091 1105635 622485 757975 737243 846473 914420 789446 652467 841662 516552 849753 698789 133951 922287 321943 986595 211007 342823 758916 862042 96862 830018 902234 619489 769918 489878 1035303 616190 729771 829170 662782 76209 860559 283188 400876 1152810 764997 585423 1058880 202698 784107
846564 248818 884615 513471 1059440 471891 542616 752593 843410 752517 811941 631811 399864 59433 838551 878213 513050 862456 794633 180764 497485 941007 959122 462651 176331 637560 509909 874685 664824 684612 999999999 331530 807107 651809 148609 571437 477436 495675 888171 541962 196484 653989 857397 519006 706662 956043 774693 379939 359877 161877 542476 699611 361038 751733 549322 227500 389077 465974 536975 710295 558328 397206 353920 942768 698482 1013406 186625 283402 659279 393386 644741 592459 377273 374148 604498 721085 781170 681791 496214 598159 195509 394249 664531 1024556 871802 809111 991805 997111 371348 282665 758210 1123471 489049 384099 740155 291416 675906 950917 791778 529432
564593 175138 668748 284574 776893 334394 227361 424267 513199 456598 827313 300999 122967 272160 556782 582113 190045 591619 668484 240652 309362 654925 644466 502408 202670 326082 179109 716647 333579 398612 331530 999999999 521005 687803 466731 253972 250470 172381 575163 314580 206511 591030 525916 597360 403287 700065 454153 181066 396898 424314 238404 698566 165630 786451 325053 105561 394244 491788 568517 743374 353184 380214 351692 710656 607340 739747 254957 443091 376146 459509 450249 281350 524499 88985 622236 392250 450778 505545 493499 302557 439797 507109 422935 742108 551244 733056 677995 709407 437550 269034 463548 843533 158146 70694 787274 368255 416162 815968 467173 445786
44882 561311 259882 304024 256193 405977 479403 403313 285341 71111 775158 369587 562116 754209 37852 79230 457137 85944 445457 642079 344850 134842 203395 643192 632722 494713 381484 408138 352327 595162 807107 521005 999999999 720825 904099 468861 335829 359326 148207 281838 616186 526020 356605 730928 542423 201866 476426 429596 615456 824344 282974 671846 644113 777995 278627 614300 579939 622624 656848 748740 291178 553761 570850 253476 484339 220386 644840 749186 148340 660857 270151 492361 774959 552931 661220 393066 278796 302042 586306 542319 819470 729768 179309 221286 187652 568754 225605 190544 654849 571375 595120 322597 423662 450977 796993 651244 145271 514125 450440 465464
730473 530037 582565 517311 872494 392582 871239 976214 950788 722250 160491 862307 810369 648506 725314 794494 826809 707493 351352 518357 456229 801507 923856 195805 556591 957172 751141 453685 876561 1054627 651809 687803 720825 999999999 613911 887436 520436 704419 866759 512131 534795 198986 1007581 140332 1036566 723763 1038523 522922 308623 522316 663248 82283 841871 102052 506272 673428 297870 200379 121895 59015 472173 308254 342047 654939 255054 812051 503158 376048 645878 260409 452435 921382 298087 776750 68304 947875 909204 420877 194661 960053 489309 263729 551648 847051 893441 264614 943438 844876 283760 433069 1102513 911887 771440 660331 99481 367762 595056 456785 1032245 280853
940436 346864 945754 601393 1149386 531206 685506 890907 970939 856010 772917 767383 545574 203363 932519 979000 653531 950287 819977 262974 572341 1035001 1070468 445438 280787 781863 641168 910196 799368 832306 148609 466731 904099 613911 999999999 713979 568330 621019 999221 626774 292102 661322 990387 473959 852666 1034085 917070 475927 366400 97885 656850 675220 509572 707290 632343 367131 403768 455103 512962 669321 633314 420352 381354 1009599 714669 1099291 259277 242247 759539 376230 708657 736583 317286 518267 579544 858953 909402 735597 494209 744606 126059 351011 746627 1115024 988643 811482 1102175 1090994 359501 340137 905424 1210961 624737 510675 690682 299424 765141 972981 932479 558931
512390 421526 693679 390297 698555 498507 29139 190031 326646 398173 1008525 106627 176872 512745 506243 499859 65594 554056 776692 493775 444074 582632 510431 719400 456606 73642 138826 793178 136829 168084 571437 253972 468861 887436 713979 999999999 374724 186570 453391 409079 459295 750979 311978 818998 153774 670518 203278 368213 625393 677676 252523 880622 246515 979148 418835 346946 613259 705056 776052 937997 456674 593697 575332 711328 747886 679428 507483 692014 367092 688922 536621 34134 767713 197790 819306 162292 269787 597079 695568 80921 693755 744288 463545 667037 408911 869736 543242 628215 669194 505698 218185 764324 116823 240795 985356 609658 433457 902234 221611 616038
372384 228804 425710 37281 583330 127924 363053 458448 461933 291613 634369 341903 348705 428228 364433 411563 319945 385338 423762 306944 69676 467051 511938 374087 301217 440908 235946 466439 357327 542703 477436 250470 335829 520436 568330 374724 999999999 188220 441630 67880 282773 376445 506982 473913 518856 479900 518567 97897 308699 489243 144752 507160 412318 607888 77354 313556 281486 356210 417639 567870 102722 256447 258010 475090 377491 536108 309138 426733 193904 365861 199827 408822 470552 322546 452205 429055 409882 255443 336174 452219 486123 432434 188837 548624 442846 502024 541825 523145 352922 238350 584793 646600 263805 188541 616215 328208 198754 567287 513958 242879
403956 286008 542395 204595 612592 313237 176444 293893 349920 291399 822401 167740 205664 437237 396454 414579 135128 436224 596581 369328 257505 490614 472101 543946 341878 253295 47745 622172 192243 354487 495675 172381 359326 704419 621019 186570 188220 999999999 402967 225423 335611 564411 373573 644405 332197 549596 344028 196064 458661 563954 83185 694829 285937 794398 235616 276046 441075 528195 596112 753719 272796 419317 407022 572983 562298 579709 379442 546503 223610 521195 358366 220639 611262 193747 636134 262007 288528 418716 514872 264910 572293 581693 298824 578222 379254 685100 505652 543762 503583 350994 398169 679622 81370 111582 801544 455172 278455 729162 345945 430242
155119 652357 388017 416218 254657 532970 471873 331281 176902 153613 923360 346770 585616 831761 156572 93366 462761 198613 591553 736655 466850 159608 71250 778926 720250 456783 408158 546668 318713 543732 888171 575163 148207 866759 999221 453391 441630 402967 999999999 400516 707202 673301 246313 870039 484338 285377 397871 525291 740267 926911 345712 819477 668558 925809 400052 677251 707142 758609 797962 896032 420512 680869 692665 361239 632493 253156 742043 867108 249482 790242 414537 468112 902082 585133 805926 332741 201063 449726 724673 513634 926297 859090 317971 227976 58390 715687 103647 187734 781876 679605 525551 316933 445825 510199 944471 768416 277465 648667 365982 604967
315028 293194 358024 30790 522635 134988 401481 466100 445151 247178 612135 359652 405608 494085 307234 359867 360538 323634 371875 368116 66636 409106 468987 387341 365653 470017 271993 405843 369083 574963 541962 314580 281838 512131 626774 409079 67880 225423 400516 999999999 346093 349072 497554 484070 544808 414152 531441 164462 339782 543983 160031 488339 473390 592647 10749 381285 307326 367894 419956 554834 47595 281134 292353 407311 339599 473457 368797 468716 151861 391169 137956 442598 501796 381743 445009 439085 399072 196673 340457 489002 537980 459703 122592 488250 409526 460660 497097 464855 381758 290247 610065 584711 305866 249378 604016 370314 138800 509510 522358 231492
654291 55096 689081 318144 866028 279964 433383 619600 683987 565329 688062 492748 318269 154102 646302 689512 394347 668084 614261 34676 301171 748959 778452 339360 24653 532052 362379 687718 522352 604053 196484 206511 616186 534795 292102 459295 282773 335611 707202 346093 999999999 490619 708929 422565 609739 759900 656285 186624 226420 228345 365150 564704 322966 636748 353203 145821 240304 334864 413033 593373 361893 238052 197108 746465 526476 818734 48468 238733 469780 281800 449466 487584 325437 284496 475943 587194 623396 489032 351892 508577 238092 315997 468535 831277 696836 644969 810269 805105 258024 107224 669983 929366 354415 230065 631797 177430 481522 770429 666362 353642
533277 465754 387724 362449 674463 259389 739429 813161 769489 533379 263917 708649 707398 632811 528396 597970 696087 508941 174702 486938 306925 602663 728105 224473 515115 815779 612153 277813 717809 918771 653989 591030 526020 198986 661322 750979 376445 564411 673301 349072 490619 999999999 830297 260079 892273 526298 879940 411122 297994 563478 508404 146852 755314 253766 341028 606628 265245 210047 182474 222742 303586 257484 300879 460710 63886 614085 475479 423684 465243 288054 262552 785031 383349 676449 151036 787138 732994 224182 167717 828650 537471 334417 363703 648505 703449 155362 746595 645906 302336 383986 957890 715642 639852 546974 271239 367513 408037 315718 869415 145461
383233 659535 616046 498188 492352 628139 339352 127709 71856 312945 1092556 226814 483610 797990 381512 333636 353898 430913 787492 742814 559300 405915 267692 880040 714077 278665 349226 762429 192952 335394 857397 525916 356605 1007581 990387 311978 506982 373573 246313 497554 708929 830297 999999999 978942 273154 529594 170294 557576 812776 937181 366592 975773 557972 1082223 502382 630314 787956 861525 917299 1046849 535463 763253 761070 600435 803066 498366 753013 915265 365088 871957 570567 309387 972195 497471 941326 150302 98502 621009 837173 340348 945863 937241 470344 469739 188024 905011 292546 430145 857648 718609 297753 548685 368614 480635 1096242 820522 426181 869888 134931 728299
748714 428295 640270 480816 915562 350924 799488 930702 929003 718597 299054 809644 720002 521025 742493 808681 755336 734097 433846 401101 420064 829733 933073 100546 442090 891340 688585 537548 828607 982516 519006 597360 730928 140332 473959 818998 473913 644405 870039 484070 422565 260079 978942 999999999 971796 771276 987201 451199 200993 383493 618291 209738 741081 234678 480918 566676 205984 117704 79641 195490 453148 225542 246302 713284 323962 856085 385012 238564 631330 140907 463030 852106 157761 685622 122378 900431 880891 448897 145453 886082 349949 125698 552820 886762 888121 376324 956529 878330 164567 330288 1037011 962375 702249 581848 221276 246826 592584 563082 985509 265516
581670 574041 789495 529827 738965 645236 177042 154640 319752 476792 1152836 189740 307093 649490 577005 552613 219087 627789 902201 643939 586952 634341 525646 871919 605417 80513 285487 906851 194294 62259 706662 403287 542423 1036566 852666 153774 518856 332197 484338 544808 609739 892273 273154 971796 999999999 740924 106498 520633 779028 823360 384789 1025993 355924 1126375 553760 488826 766306 857181 927081 1085852 591877 746312 728804 795071 884020 731991 658144 844444 473335 842534 662985 122630 921212 335359 968294 152552 283280 722470 846166 108968 841347 898059 579075 711325 429712 1002756 554801 671106 822909 659378 65982 800816 269792 394543 1133734 763192 542837 1017067 141041 761686
159749 707334 146623 443168 149517 505721 680382 596560 458387 272346 735363 571354 755010 908025 165119 196133 656370 116516 388418 780477 462281 130732 294750 700303 779773 696014 577011 309896 553236 795200 956043 700065 201866 723763 1034085 670518 479900 549596 285377 414152 759900 526298 529594 771276 740924 999999999 668172 577775 704349 945833 468510 657812 835439 756145 406730 784552 665173 680012 692004 736427 401045 640882 668890 87193 468895 89289 779776 846806 326658 736074 331474 694226 851152 742561 676244 589665 467162 325399 637210 744173 934519 802029 291561 128715 342494 511015 293420 141972 736413 693956 790927 191139 619521 629399 780256 754383 285860 393717 639443 521299
511818 614401 732315 522089 651356 646438 232087 73640 224983 416778 1143466 177585 377832 716023 508171 474486 264335 559332 869349 690955 582552 553653 431730 886656 655649 141430 303191 862340 162438 167695 774693 454153 476426 1038523 917070 203278 518567 344028 397871 531441 656285 879940 170294 987201 106498 668172 999999999 540002 802557 878438 375364 1019584 439074 1123124 539070 549947 784924 870273 935470 1084307 576355 762781 750998 729533 864182 649990 703811 883193 433705 865205 635234 184415 953085 400789 970416 93387 201146 692361 853926 196320 893035 925140 543008 625787 340807 977526 459056 585574 847406 690994 128956 710891 302375 429473 1133132 795709 502669 972369 35470 758723
467725 131932 519403 134700 679853 153346 349876 488935 521907 380105 654149 363686 296471 330334 459731 503382 305468 482522 490402 213053 136066 562377 596388 351299 204005 440213 238172 545518 386603 533479 379939 181066 429596 522922 475927 368213 97897 196064 525291 164462 186624 411122 557576 451199 520633 577775 540002 999999999 262597 401663 194047 525051 346589 618122 172955 223208 246163 336849 408679 575856 190215 225683 210997 571271 426283 633471 217182 358123 283722 325227 285866 401622 416743 265329 455442 457382 464724 335828 329098 437948 402333 385814 286529 645036 519731 551990 627511 618525 307526 161756 585961 743607 251390 138402 621892 262992 295968 640795 541747 266551
642761 227486 597375 326585 835644 209482 604366 750963 770318 586799 463827 626230 519299 346502 635490 694623 560711 640061 453630 210124 273443 733007 808370 112958 247976 698553 500122 545408 648489 786220 359877 396898 615456 308623 366400 625393 308699 458661 740267 339782 226420 297994 812776 200993 779028 704349 802557 262597 999999999 268755 446270 344014 540663 410656 340365 367720 39859 110006 187180 367379 324297 63545 51945 665917 348745 779963 195333 143568 491426 63567 373149 657817 162407 484874 251856 719616 716911 386047 136337 689447 246500 124492 438803 803274 747870 451677 835820 786585 45097 129344 843502 891349 509412 385586 405378 69605 470285 606748 804174 196195
858951 279761 852993 520346 1065225 440706 650284 845521 911980 780071 682290 719364 519447 195811 851124 900748 614331 866079 722385 194955 486342 953086 997959 348780 224109 748599 589751 813273 749672 809818 161877 424314 824344 522316 97885 677676 489243 563954 926911 543983 228345 563478 937181 383493 823360 945833 878438 401663 268755 999999999 590156 580770 497904 618035 548723 335292 306478 357834 417710 578854 546576 323814 285909 918062 616818 1013656 186572 147067 682660 279134 617727 703392 230200 488782 484810 813180 851602 642024 396486 717754 35550 258588 661447 1031208 920440 713964 1028876 1008786 261881 253954 880107 1125596 578946 457368 603015 202535 682783 875168 890625 462263
326954 311227 459396 147092 538569 271843 248522 313842 327982 218300 770568 200627 288187 486108 319235 344221 211286 356541 524171 396377 207191 416559 416648 518199 376405 310564 121690 543648 213326 416209 542476 238404 282974 663248 656850 252523 144752 83185 345712 160031 365150 508404 366592 618291 384789 468510 375364 194047 446270 590156 999999999 645303 367283 748113 168999 335206 422398 500613 562284 709033 207126 398219 394512 489960 499357 502596 403616 551759 141861 505965 284118 285301 605709 274107 595208 284807 271721 344597 480864 333299 593678 570757 217134 503829 331795 619219 449355 471009 491202 355744 450040 605290 161808 169135 757801 455493 195305 651749 369525 383396
677414 552157 513990 498225 807225 382204 866762 954337 915715 680230 129100 845899 819332 690240 672828 742632 822679 650795 276897 552680 439319 743074 873173 236994 587863 947970 742363 377118 857151 1048678 699611 698566 671846 82283 675220 880622 507160 694829 819477 488339 564704 146852 975773 209738 1025993 657812 1019584 525051 344014 580770 645303 999999999 858192 106935 481132 696489 324445 234583 163679 78795 444704 328495 367717 585349 191340 746800 538553 433730 610990 306801 409369 914752 364777 786680 96062 927411 878116 369812 212905 956132 549359 324802 510468 783315 850234 182790 890764 783791 328315 458937 1091911 843521 766580 663426 125386 409384 554757 374978 1010612 264609
688921 313351 819888 444447 894534 499829 218646 436291 566519 574861 986232 338942 83156 308115 681549 694472 210215 722114 833376 351197 473908 773173 732813 651043 308146 297647 264365 878451 373210 326305 361038 165630 644113 841871 509572 246515 412318 285937 668558 473390 322966 755314 557972 741081 355924 835439 439074 346589 540663 497904 367283 858192 999999999 942153 484076 177389 544545 642711 720810 898772 514664 533852 500627 855782 772860 864327 367636 556966 509023 600475 610848 256065 647309 93770 778053 408772 506283 667674 649383 247536 522472 638848 573066 860658 632998 898527 766515 824811 577221 411561 401484 961616 223859 224168 940956 499635 559497 979467 463009 609877
782567 631111 610684 601104 905640 481171 964110 1058718 1022486 787134 69481 948433 908612 749829 778154 848039 919796 754714 369522 620406 541235 846021 978760 297858 658612 1047680 841639 464097 960714 1146934 751733 786451 777995 102052 707290 979148 607888 794398 925809 592647 636748 253766 1082223 234678 1126375 756145 1123124 618122 410656 618035 748113 106935 942153 999999999 585787 774804 399081 302086 223726 43484 549844 408308 443278 680552 295187 845403 605188 473151 717627 361897 516301 1013224 390010 875260 164274 1031360 984430 476085 293108 1053283 584227 360278 617403 882980 957033 257807 995773 885212 385398 534541 1192353 938976 863997 756247 29399 469513 661687 442513 1114960 365159
310770 300696 348355 40753 517098 133616 411523 473208 448967 246489 604396 368035 416357 501962 303039 357062 370744 317953 361416 374601 67005 404518 468013 384877 373089 479306 282030 395097 376822 584446 549322 325053 278627 506272 632343 418835 77354 235616 400052 10749 353203 341028 502382 480918 553760 406730 539070 172955 340365 548723 168999 481132 484076 585787 999999999 390910 307158 365242 415757 548294 38128 280902 293682 398406 330376 467287 374895 470937 152516 390627 127208 452284 502031 392471 439405 446508 403880 185957 336769 498877 542089 459333 115379 482839 410589 450980 495701 460104 381832 294806 618913 578744 316199 260036 597539 372756 134473 498780 529483 226027
656810 144348 739264 350503 870424 364942 318621 525341 618729 552764 822669 404382 184270 168088 648874 679082 286588 680271 707883 173915 359213 749036 747146 479749 130911 415751 284642 767889 437547 474672 227500 105561 614300 673428 367131 346946 313556 276046 677251 381285 145821 606628 630314 566676 488826 784552 549947 223208 367720 335292 335206 696489 177389 774804 390910 999999999 375729 473121 551621 731320 412402 368290 331535 787190 633157 830289 190311 380334 466871 425776 508814 370416 469984 153622 611806 493722 556296 558895 484473 382552 355562 461816 498711 835465 655292 756694 780507 804281 402226 240374 544855 936503 261744 167126 771685 323041 498697 860802 565607 462709
