NAME : synthetic_000485
TYPE : CTSP-D
DIMENSION : 100
GROUPS : 8
RELAXATION_LEVEL : 1
EDGE_WEIGHT_TYPE : EXPLICIT
EDGE_WEIGHT_FORMAT : FULL_MATRIX
EDGE_WEIGHT_SECTION
999999999 566025 265506 492709 715644 423312 375349 362984 660383 516447 553778 134549 422037 114160 670442 879633 767693 713079 567910 766073 489233 86298 728569 739179 565182 907690 650962 595865 170148 592095 303323 667377 635514 747314 207468 562904 416281 475887 230314 383956 239445 330478 475216 398266 481240 250781 558691 600911 531457 348591 422430 595126 572134 761335 483520 443135 559652 306923 532808 233997 296456 636079 543819 268886 693354 380463 664571 660811 415142 599502 649842 388800 195687 243176 579517 582741 95952 275937 603278 597794 244992 567216 370412 218769 678739 266083 204635 686756 537662 734623 332223 428189 526417 55071 171282 380890 571105 106518 140326 399616
566025 999999999 636050 219047 192549 245538 279454 254935 277331 623825 236557 699782 583252 552226 345600 384799 229263 494289 541152 212215 697567 482430 311019 187210 472646 391923 105200 718983 680181 440972 340375 611719 488902 789278 358561 245926 156543 110931 371431 241241 657159 296932 297361 259757 146343 366865 170830 440737 660773 306630 432710 124597 105782 309888 82511 498157 445998 261358 642204 377713 827487 229626 164617 535191 374520 219362 563819 346355 481556 83546 173182 197746 486876 700546 168882 314987 638893 826049 448093 32596 359893 316610 326836 621793 376275 562512 645717 165890 102803 417525 890256 410631 46243 570869 596623 520690 432739 653447 427580 554350
265506 636050 999999999 651493 819504 590589 365386 382078 816759 289245 714507 306535 680599 378423 592117 847850 863299 923217 384461 795066 232717 300771 879523 769129 413763 887540 688937 348855 412323 458642 296145 909396 485634 506543 343578 522217 523964 526296 425470 542958 501126 508588 662193 389356 609406 450403 696001 468554 292478 334873 292591 710125 596108 722347 561652 686390 780361 398389 300861 265905 491554 607070 543066 106774 873950 524045 486921 839338 656957 634481 650035 438744 156924 96223 574771 509144 336387 285456 467732 662061 437344 751816 327903 47247 587568 528790 75622 790348 650571 635870 470385 311256 590012 210435 436473 198392 787197 212518 288075 655581
492709 219047 651493 999999999 253248 69866 369949 330474 168958 730682 63281 613443 378395 436862 547560 599647 308474 309057 681009 409271 778778 407781 236245 388761 624085 600995 319769 830158 557531 606246 392595 397172 658599 929819 311995 431651 155189 248631 262945 111102 504975 162617 79098 363279 80756 244993 80739 608718 764537 383085 540128 142891 313486 528791 191968 286032 229570 260938 750479 391137 699599 439296 353092 569925 225553 127671 727976 190783 273783 301553 391059 271277 495023 689462 370925 497455 538644 768604 615528 242723 248255 117839 417884 622744 575713 395082 635391 229380 118787 622994 780863 523019 223408 518238 460922 600020 218723 596126 378871 352196
715644 192549 819504 253248 999999999 316399 470500 443058 173062 815464 218819 844727 621038 677961 497915 431178 55275 401917 727558 225772 890103 629426 162776 219223 656544 414228 209515 909713 802765 619813 526808 562653 664041 972732 513701 421833 303973 301792 496031 340915 756989 401064 319296 451696 235480 483215 172687 618197 852550 496441 625077 121115 279232 410034 258257 523006 418655 428155 833624 555648 947439 379534 345793 721738 266440 336740 740249 252893 516715 240099 305642 382241 666200 877344 338325 488764 775208 986570 625626 177487 482063 280397 518629 801261 530149 648228 822112 29426 178121 559748 1023252 602844 237526 730192 709068 712891 398866 812078 584828 597622
423312 245538 590589 69866 316399 999999999 335067 294434 237279 688916 130644 543578 337730 367477 547404 630249 371591 347213 650287 450321 729702 338757 305269 427613 598585 636739 350525 788368 489161 586490 345897 403794 639642 896220 248083 426162 132711 243338 193269 48409 440761 92910 82087 332744 100434 175129 144922 590024 721449 343351 502425 199399 325440 548123 195091 254573 238034 211020 708836 335445 632264 447246 353013 513704 283393 76574 705565 248851 236412 322391 409143 241611 435238 624375 376433 488048 468906 699247 596461 274187 178569 162734 380250 559877 573380 333972 570819 290680 158876 623990 711977 487301 236505 450042 393562 553228 233464 527201 312746 309021
375349 279454 365386 369949 470500 335067 999999999 40723 509804 362721 424445 504648 594580 415968 298869 509745 508641 677773 315472 430649 423270 312869 562174 404422 268475 542386 323570 461778 531262 267222 77098 733006 319938 561449 207786 187589 215175 168818 291906 291622 553823 299600 417065 25047 301095 307106 382895 273056 397765 31269 170386 375563 230827 388251 216880 545959 571194 140836 382302 142223 669796 263675 181882 260563 589759 259107 378028 555834 518941 269165 291076 99831 231042 440880 216094 213429 467527 593160 278297 301930 291146 487155 49795 359102 311574 500609 388522 442542 320860 368296 705016 153155 233479 357135 479060 243783 568167 433603 245126 563109
362984 254935 382078 330474 443058 294434 40723 999999999 473525 400801 385940 495139 557767 393304 322792 516833 483737 637744 356194 421496 457083 294215 527586 394792 308521 546318 310511 500123 512492 305144 85942 692408 358182 601920 180739 204707 176322 144420 258061 250900 528099 259907 376460 46337 263387 271711 346611 310542 435319 55180 209695 343230 220868 398601 185993 506860 530472 102977 420505 136963 653891 273353 182021 280268 551573 218405 417788 517463 480137 255983 290258 63473 238261 451647 217593 240526 452289 594570 316055 280080 256138 447367 87435 371001 338402 469149 397862 414546 286924 394951 694838 193270 208708 350566 454441 276920 527467 429851 227149 526234
660383 277331 816759 168958 173062 237279 509804 473525 999999999 871986 106643 778239 476600 598047 621232 597969 216118 232283 805945 392198 929953 576033 68868 380911 741667 584766 344934 970487 713793 714504 545707 389955 763944 1056050 480194 522497 300491 358080 430104 280011 649401 329930 197582 497810 211811 410692 126942 715035 907419 528444 678575 152738 382813 560390 299862 376317 253395 420638 891382 553220 851293 503182 440669 731029 100268 293621 837826 80428 376490 353861 437291 410456 659867 857703 446052 591545 701577 936299 722296 282711 415413 125075 559478 789647 652440 534549 803389 168079 192932 690858 938221 659036 307355 687060 614680 749808 232234 764479 547699 457474
516447 623825 289245 730682 815464 688916 362721 400801 871986 999999999 786738 589306 884832 615780 423669 693867 845149 1035658 134715 712230 110257 513822 922251 690828 201192 741883 631983 99532 681466 255702 344207 1070441 254333 232077 486089 415685 577120 520140 585778 642224 754190 633842 770525 374290 663781 608567 745226 264076 37446 347599 193569 733063 542840 575665 574861 862473 917254 479001 19936 375010 776753 492052 476233 247596 952309 612472 223259 918251 833135 584707 558813 462541 329365 379519 494872 367086 603801 568309 259301 638556 592230 846654 313527 328973 405164 751621 363631 789602 681184 436585 759621 214143 580991 465869 681442 145973 917414 493988 467432 855559
553778 236557 714507 63281 218819 130644 424445 385940 106643 786738 999999999 672411 402220 493421 578169 602174 272462 263645 731298 403308 838076 469392 174889 385834 671548 598069 327766 886024 611357 650217 451940 377276 701722 981054 375265 467777 209637 289390 323533 174182 552339 223307 102305 415722 124410 304395 67150 651982 821165 439673 594803 130501 339090 543180 230346 304432 215567 322126 806430 453294 751124 465013 386878 631961 165870 190481 772988 131553 297972 319893 409107 324773 557919 752707 400035 535442 596378 829706 658990 253673 308837 80178 473254 685986 607694 439417 698662 199810 134749 651955 835500 576778 252334 580557 513188 658679 199677 657840 441927 379027
134549 699782 306535 613443 844727 543578 504648 495139 778239 589306 672411 999999999 469758 185050 795162 1011932 897569 805348 662322 900613 538913 217600 847003 873721 670602 1040958 785492 655234 125918 703293 430163 733077 742761 812438 341467 691973 548489 610435 351437 507958 234643 451122 586408 528302 609389 368454 683508 712576 596930 476492 529590 723735 706452 892384 617329 515485 648609 441403 603017 362425 187890 767284 676731 351630 801665 508113 762857 770643 490719 734045 783453 523128 300666 241237 712411 707082 81348 174362 714115 731701 365982 676643 494631 262100 801180 313357 231338 816148 667384 856191 200395 539032 660649 149452 201049 469106 663037 95320 274860 454530
422037 583252 680599 378395 621038 337730 594580 557767 476600 884832 402220 469758 999999999 308921 861423 967839 674457 387969 890785 785796 886341 382512 536748 763989 858127 974241 688250 977374 354240 861735 564493 268756 914204 1113839 404832 736940 452055 565364 306961 349331 248953 308846 303420 603834 437726 288490 455751 867636 908993 587145 731283 520643 657552 881792 526734 100308 244292 454800 903818 514558 447736 773396 673992 651790 444575 379551 968098 426097 104855 658701 743390 529226 562681 664741 702174 789690 392419 643058 872852 611762 304926 351582 624739 635815 883437 158650 625991 601231 492785 937745 552839 724604 571366 474956 269552 738886 265885 514787 418093 31568
114160 552226 378423 436862 677961 367477 415968 393304 598047 615780 493421 185050 308921 999999999 714548 897716 732204 621306 652758 761528 597610 108861 666914 735228 639946 920105 647323 700028 127956 659685 354862 560284 707004 847812 214138 597979 395949 478472 183283 337121 143241 277479 403658 435432 443534 194771 510923 667742 633918 394648 499006 557151 579344 786157 471942 337811 465033 312200 633165 287132 275263 662218 563762 369771 617333 343613 744595 586745 311253 600047 662987 401385 286966 355876 598761 629345 104782 355894 671104 584809 196597 492869 424100 332111 727403 152005 318785 650318 504131 784099 345357 500396 518485 168614 67230 474554 478825 207736 173697 287745
670442 345600 592117 547560 497915 547404 298869 322792 621232 423669 578169 795162 861423 714548 999999999 270631 506150 839302 295846 322929 528687 611620 646417 309016 222983 318215 288406 493402 829782 169222 367165 944338 191308 505976 503460 124515 416590 304072 576064 519507 850825 552696 618944 279209 466925 586117 514778 161986 458565 322747 300365 469104 240093 153185 356341 794877 776402 418052 435423 436753 966511 119128 195047 489718 719653 486500 263916 691935 771810 267619 192411 334171 501305 683996 178143 88098 764359 859571 167989 338794 571846 656853 300644 604369 32263 788991 639907 480960 443755 76754 994891 280874 326132 645765 776823 402929 766278 715831 543884 830062
879633 384799 847850 599647 431178 630249 509745 516833 597969 693867 602174 1011932 967839 897716 270631 999999999 408654 830150 563858 205983 799318 807254 593482 218073 492752 51733 280475 759501 1022515 438404 586501 976889 451252 750585 685209 328112 525164 422496 730362 622032 1019716 673068 678743 485243 531016 732037 535810 430430 728290 539723 562348 471926 321317 125510 445916 882617 817732 585533 705047 650917 1167085 246313 336168 742193 695793 595845 514960 678165 866351 310859 235274 496684 736670 935431 300539 341914 967140 1100368 435775 357642 721587 680065 530701 853810 289319 935770 887254 430283 480878 269836 1211655 540818 399012 866160 951987 667264 801534 943347 741854 938668
767693 229263 863299 308474 55275 371591 508641 483737 216118 845149 272462 897569 674457 732204 506150 408654 999999999 437481 751106 208882 923915 681605 190756 208983 678481 385981 221997 937538 857355 638669 568672 605355 680352 992876 564318 441858 353732 340175 549884 395364 812234 455664 373636 488504 289035 537541 227953 636248 882464 535870 657330 175054 303218 403609 301930 575918 466925 476141 862824 601263 1002265 390323 370358 763735 302240 390082 756725 293425 570405 261949 314712 424669 711574 923909 357970 506456 828813 1037321 643650 208309 536028 330412 555609 846774 538349 703488 868748 81886 230200 562947 1077382 634601 275427 780784 764003 748675 446516 862940 635391 651489
713079 494289 923217 309057 401917 347213 677773 637744 232283 1035658 263645 805348 387969 621306 839302 830150 437481 999999999 990038 624267 1076149 640098 248008 613188 932777 815863 573474 1135169 710964 913203 693108 187856 964983 1238594 581556 731159 464025 552727 499450 394826 620031 416353 266821 672082 385483 474897 324612 915183 1068497 688846 847265 374072 599265 790235 493861 302830 157125 558203 1055556 679337 826604 723881 649943 855385 135627 423345 1035640 152675 321274 575697 662635 579948 772454 942275 661374 799018 724044 977167 922139 505872 486739 191218 724799 887521 869416 507499 892095 399942 396072 911811 927189 830914 514887 753588 612476 900383 142530 819123 635839 383802
567910 541152 384461 681009 727558 650287 315472 356194 805945 134715 731298 662322 890785 652758 295846 563858 751106 990038 999999999 599974 244776 544851 849464 580654 75291 612894 531465 198014 737873 126754 326840 1047723 119622 250195 486158 310280 526062 447869 584073 607082 795582 611482 732147 318319 606923 603984 681701 133902 166015 311778 159554 659059 448775 448999 506305 853646 886648 451137 142699 378686 849443 377766 381848 311004 893657 574542 102540 860867 825447 489361 449423 410460 372227 480126 393604 251657 661638 669905 128197 550509 587346 798837 273370 415430 274552 773329 452588 703838 613022 302664 846744 167481 502454 523911 719972 193669 883572 568944 487183 860043
766073 212215 795066 409271 225772 450321 430649 421496 392198 712230 403308 900613 785796 761528 322929 205983 208882 624267 599974 999999999 804992 685283 388472 26959 524746 195089 115172 795827 889343 477223 504670 774125 510496 826920 560112 297072 367802 290369 582529 451950 869287 508806 487612 406159 350027 578821 338722 472594 749411 461736 541578 273087 200734 198801 289760 695272 618198 459314 727661 557091 1036542 222208 252971 689007 489811 431439 585334 472500 681954 167356 153825 379769 659230 871260 224382 348419 844232 1014548 479645 180149 571390 479092 467635 789661 353760 774260 818301 224339 293015 368013 1094991 518053 243064 764314 807940 643809 600965 845964 625850 758188
489233 697567 232717 778778 890103 729702 423270 457083 929953 110257 838076 538913 886341 597610 528687 799318 923915 1076149 244776 804992 999999999 505101 984656 782331 308346 846446 717604 120692 643957 362850 386231 1092524 364374 278850 504641 508180 630085 589420 601194 681624 728299 663794 809328 439553 718583 625446 803230 371629 86180 401927 267268 798833 625702 679096 640091 876391 947545 519203 106789 398458 722350 588340 560782 234806 1003743 654821 331750 969134 846677 667624 651187 520531 324237 308934 583208 466070 567244 490054 367293 715685 609940 891289 373709 278762 511958 742706 307575 862997 743711 545560 692099 290482 652836 435077 659877 180201 950231 445229 470949 858794
86298 482430 300771 407781 629426 338757 312869 294215 576033 513822 469392 217600 382512 108861 611620 807254 681605 640098 544851 685283 505101 999999999 643933 658494 531087 832982 570121 601574 218565 551164 247982 610041 598227 745739 125193 498179 331005 396141 147089 298328 252060 246270 394292 333806 394943 169255 472669 559306 534259 289562 390293 508853 494472 691820 400058 386200 489941 226401 531831 179276 360158 566830 471199 271931 612628 294191 635930 579543 356961 519724 574760 311928 184826 303134 506753 525318 160304 361124 562570 514470 161570 486545 317217 258197 622990 238654 255549 600574 451502 679556 409784 391535 443980 114124 175893 370315 499548 188452 67744 356216
728569 311019 879523 236245 162776 305269 562174 527586 68868 922251 174889 847003 536748 666914 646417 593482 190756 248008 849464 388472 984656 643933 999999999 381717 782654 574550 361330 1019908 782419 751988 603080 423255 799738 1098784 545785 556302 358709 403388 498386 346873 716777 398099 265862 548323 270885 479247 184090 751733 958257 582759 728718 190478 413414 570342 347406 436571 304168 481808 941381 614725 919391 527318 475515 791419 114874 358522 874814 115981 439021 379874 456958 464127 722621 922975 476197 625184 770431 1004506 759095 309574 483687 188054 611967 853671 678278 601530 868418 169795 241376 712581 1006863 708323 347096 754423 683162 804506 282075 832328 614057 519278
739179 187210 769129 388761 219223 427613 404422 394792 380911 690828 385834 873721 763989 735228 309016 218073 208983 613188 580654 26959 782331 658494 381717 999999999 505575 212693 88382 775650 862997 459154 478171 759083 494181 810561 533312 275186 342113 263434 556645 427781 843860 484110 467481 380018 327190 553289 320323 454909 728101 435458 518011 255334 174155 194643 263686 674468 601254 432459 706550 530254 1010159 203402 227774 663205 479674 406572 569572 460822 660497 140402 132061 352812 632644 844861 200242 329019 817535 987653 462056 155535 545639 462804 441957 763329 340439 749670 791804 214391 271428 358427 1068227 494473 216749 737355 782064 619661 584533 819010 598942 736072
565182 472646 413763 624085 656544 598585 268475 308521 741667 201192 671548 670602 858127 639946 222983 492752 678481 932777 75291 524746 308346 531087 782654 505575 999999999 541036 457960 272827 734914 54568 295763 1000073 72829 316726 457193 236787 470497 384354 551651 557582 783132 568061 679671 266441 547716 569666 619115 63303 235635 271364 142753 592740 377329 375722 443463 813902 836399 408601 212458 356142 855109 302548 310902 326251 831709 524241 110068 799558 786528 417293 374575 356989 371915 509873 320543 176560 660722 696995 59370 480206 553203 741737 233440 438190 204003 750230 475604 633506 549198 238274 861847 139605 435760 526163 706921 215452 831901 580210 468883 826916
907690 391923 887540 600995 414228 636739 542386 546318 584766 741883 598069 1040958 974241 920105 318215 51733 385981 815863 612894 195089 846446 832982 574550 212693 541036 999999999 286757 809182 1046112 486910 619463 968988 501440 802156 709485 365637 539126 442039 748700 632409 1038272 685813 679878 517552 536526 748733 532914 479169 776671 572938 605117 467648 340822 168254 459286 886212 813188 608749 753486 682035 1191729 281586 364343 781338 680578 608083 566006 665193 871437 324354 258224 521138 771572 973567 328726 385467 993246 1135041 484704 362552 739166 674173 566545 891651 338453 950436 924393 416770 482974 321054 1239905 583126 411641 896794 972308 710386 796042 975223 768686 945758
650962 105200 688937 319769 209515 350525 323570 310511 344934 631983 327766 785492 688250 647323 288406 280475 221997 573474 531465 115172 717604 570121 361330 88382 457960 286757 999999999 721434 775003 416918 395189 705014 458381 771207 444944 221234 255908 175517 469636 345892 757772 400394 398789 299887 250770 467139 260625 414341 669429 354116 450684 200964 93870 217063 176632 602162 542033 344155 648843 444559 922101 170161 156822 583943 445171 322595 534756 421433 586179 54596 96328 265622 548771 761959 138090 284601 729163 901165 421735 77202 458952 407450 364248 680908 320635 665799 708349 193276 201047 351650 979847 427293 129177 649845 694972 548894 527176 731711 510779 659460
595865 718983 348855 830158 909713 788368 461778 500123 970487 99532 886024 655234 977374 700028 493402 759501 937538 1135169 198014 795827 120692 601574 1019908 775650 272827 809182 721434 999999999 755920 324657 443339 1168208 308866 158508 582150 502000 676442 617052 681475 741590 835198 732325 869924 472678 762872 704666 843854 331463 68746 447089 291945 830254 634413 646581 672542 958394 1016056 578266 79684 471552 840240 573872 567365 330448 1051506 711948 255926 1017507 928925 676000 643767 561607 416902 429006 583485 447625 678546 610706 325418 732356 688469 946183 412770 393379 470845 840200 424404 884385 779165 493609 812408 311659 676937 543100 764355 241260 1016468 560642 559283 948589
170148 680181 412323 557531 802765 489161 531262 512492 713793 681466 611357 125918 354240 127956 829782 1022515 857355 710964 737873 889343 643957 218565 782419 862997 734914 1046112 775003 755920 999999999 760514 464198 621715 804831 910327 337324 716706 523879 605170 310517 462014 110212 401707 516770 552366 569472 320203 633766 769157 693790 507218 592182 682400 705650 908978 599840 412098 554065 437409 696969 394569 147307 784316 687291 435177 723608 470387 834718 694966 390370 727298 788422 525840 365732 360031 722605 743081 77669 291850 771776 712765 323417 602300 532953 365506 840397 205040 340403 775523 630510 896805 224451 597238 646282 216075 100377 549508 570720 203521 286226 342877
592095 440972 458642 606246 619813 586490 267222 305144 714504 255702 650217 703293 861735 659685 169222 438404 638669 913203 126754 477223 362850 551164 751988 459154 54568 486910 416918 324657 760514 999999999 307724 990002 53346 354295 467090 197989 455554 360903 557564 548068 802228 564268 666216 260140 527844 573829 594665 9918 289886 276291 174445 563523 341346 322303 420124 811731 824395 407762 266650 372866 885449 255781 276737 366074 807115 514256 123342 775834 785213 379716 329711 346226 402751 554245 281615 132365 688033 739305 11446 445514 557679 723045 240614 480012 149463 761870 517218 598019 523617 184821 897525 164487 407173 556435 726035 260696 818504 615124 486576 830284
303323 340375 296145 392595 526808 345897 77098 85942 545707 344207 451940 430163 564493 354862 367165 586501 568672 693108 326840 504670 386231 247982 603080 478171 295763 619463 395189 443339 464198 307724 999999999 728533 357502 560517 161455 262189 245217 230211 257544 298599 496144 290750 426996 102046 333897 277148 419756 315200 375898 46823 168035 423064 304028 464399 268676 527782 573230 135070 364140 69740 599365 340261 258425 195089 617529 269953 405025 582907 499270 340593 367702 144580 154866 366856 292953 279637 397293 516115 319164 365948 260513 506019 69270 285727 376373 455025 313634 498013 365060 432671 630522 160111 294213 281693 420229 207710 573208 357017 181211 533582
667377 611719 909396 397172 562653 403794 733006 692408 389955 1070441 377276 733077 268756 560284 944338 976889 605355 187856 1047723 774125 1092524 610041 423255 759083 1000073 968988 705014 1168208 621715 990002 728533 999999999 1043227 1288631 588215 826432 536048 642449 491585 442569 517684 437893 326428 733638 477528 467149 444425 993689 1099684 736321 893983 505767 710222 920227 588051 224509 167962 597298 1090251 697231 714415 836275 749462 860454 308626 476122 1108114 312077 253272 695246 784896 644136 772043 909074 768092 890327 653469 907339 1000071 630700 482584 297669 774551 868054 972005 419856 864681 554425 508916 1020024 820553 881533 620441 716066 532097 927263 179075 767787 625860 279153
635514 488902 485634 658599 664041 639642 319938 358182 763944 254333 701722 742761 914204 707004 191308 451252 680352 964983 119622 510496 364374 598227 799738 494181 72829 501440 458381 308866 804831 53346 357502 1043227 999999999 316449 517854 243666 508492 412335 609435 601381 849929 617502 719205 313354 579849 626069 645290 49882 284863 327908 213672 612308 387276 342440 471426 864905 877489 460641 261651 421093 926732 292404 324287 399077 857451 567558 76375 826499 838310 424285 367817 399548 443380 581826 325985 175425 731269 769427 43201 491702 609848 775137 291527 510814 164929 812367 548241 643182 573969 185029 934538 207674 456670 597617 773684 287611 871450 652750 534616 882784
747314 789278 506543 929819 972732 896220 561449 601920 1056050 232077 981054 812438 1113839 847812 505976 750585 992876 1238594 250195 826920 278850 745739 1098784 810561 316726 802156 771207 158508 910327 354295 560517 1288631 316449 999999999 711596 551391 774654 697974 811399 851656 985736 850760 978294 566550 856645 833297 931893 357182 216547 553730 394935 908550 693542 652876 756487 1086629 1130541 691712 214755 600483 998096 608177 627444 478937 1143783 819901 242061 1110907 1057649 732940 683105 658650 561424 587500 635299 486650 832725 768243 349845 796815 816752 1047541 516182 550344 477211 983170 582162 950041 863148 481848 970865 408955 751693 695777 913340 376248 1128643 717521 697869 1084119
207468 358561 343578 311995 513701 248083 207786 180739 480194 486089 375265 341467 404832 214138 503460 685209 564318 581556 486158 560112 504641 125193 545785 533312 457193 709485 444944 582150 337324 467090 161455 588215 517854 711596 999999999 384768 210814 271055 99847 201433 347372 165441 318675 224748 283508 122530 366547 474083 513416 191669 326605 394837 369960 572247 276054 376400 444640 101367 505618 111247 482267 448112 350121 275531 531291 187421 566465 496849 347046 394578 451452 188589 190903 377530 385344 420133 284925 473010 478480 390336 106333 408340 226483 311809 518287 294840 323397 484460 335845 574963 534975 320890 319212 216513 273847 340939 449030 298633 71127 374315
562904 245926 522217 431651 421833 426162 187589 204707 522497 415685 467777 691973 736940 597979 124515 328112 441858 731159 310280 297072 508180 498179 556302 275186 236787 365637 221234 502000 716706 197989 262189 826432 243666 551391 384768 999999999 294208 183986 453096 396331 731598 428271 500103 164868 350985 462398 407616 196620 452993 215571 247885 370093 143675 203738 239769 671282 658562 295470 431585 329646 856764 85116 81915 415819 617920 363037 319326 588099 647866 181749 143305 210064 409126 607992 83932 69078 654611 772659 204042 248076 448386 544532 202922 526152 147718 666144 559268 400117 335827 200857 892367 224662 216951 543857 658604 352494 649630 618624 430678 705567
416281 156543 523964 155189 303973 132711 215175 176322 300491 577120 209637 548489 452055 395949 416590 525164 353732 464025 526062 367802 630085 331005 358709 342113 470497 539126 255908 676442 523879 455554 245217 536048 508492 774654 210814 294208 999999999 113980 214927 103702 501917 148150 210743 208104 88685 211274 174816 458720 611533 230124 385543 187783 206946 430921 79860 379122 369317 126174 596827 258070 671165 321694 223857 433002 375370 72557 575917 341181 357286 214969 293861 116100 367851 575560 250403 355379 484627 683680 465292 189133 203594 272893 263693 501664 441775 411333 520343 274597 127911 493326 735851 368044 127605 427126 440238 450170 362960 509405 281777 421429
475887 110931 526296 248631 301792 243338 168818 144420 358080 520140 289390 610435 565364 478472 304072 422496 340175 552727 447869 290369 589420 396141 403388 263434 384354 442039 175517 617052 605170 360903 230211 642449 412335 697974 271055 183986 113980 999999999 307868 217683 597272 258535 316125 150081 168474 310186 234773 362594 556606 195700 327188 213259 101401 320827 59284 493014 474595 169739 539010 272053 751584 208033 110050 424627 447409 185995 483862 415507 471262 123669 187492 91154 379393 593366 136826 248861 555948 726557 369609 135773 299259 363551 216871 513658 330373 515173 538921 274053 165180 380655 805853 306007 64757 474398 530348 411315 465889 556379 335592 534544
230314 371431 425470 262945 496031 193269 291906 258061 430104 585778 323533 351437 306961 183283 576064 730362 549884 499450 584073 582529 601194 147089 498386 556645 551651 748700 469636 681475 310517 557564 257544 491585 609435 811399 99847 453096 214927 307868 999999999 156643 289601 100360 247549 304320 260877 24972 332143 563946 612729 281553 424697 374971 409121 625687 293062 276923 354951 158065 605261 211089 457477 505654 404486 368965 465770 160416 661497 432547 247458 425151 495286 244156 281053 443908 437656 497271 279342 506199 568824 404005 14701 339795 318584 388342 594269 213048 392871 468038 321050 650333 527661 417655 340484 260519 225420 440402 361842 335133 137424 276043
383956 241241 542958 111102 340915 48409 291622 250900 280011 642224 174182 507958 349331 337121 519507 622032 395364 394826 607082 451950 681624 298328 346873 427781 557582 632409 345892 741590 462014 548068 298599 442569 601381 851656 201433 396331 103702 217683 156643 999999999 423187 60589 128397 291149 108553 142350 175550 552082 674422 298057 457178 220386 308252 532524 177659 275570 279572 163540 662156 287037 607338 425258 327504 465333 331056 33946 665558 296400 253589 311337 394367 201852 387278 578634 353967 455423 435721 659452 558317 272287 142255 211137 335480 512916 544049 322812 524735 313514 170344 596261 682470 442756 223309 407645 369816 505588 276987 486253 267775 319037
239445 657159 501126 504975 756989 440761 553823 528099 649401 754190 552339 234643 248953 143241 850825 1019716 812234 620031 795582 869287 728299 252060 716777 843860 783132 1038272 757772 835198 110212 802228 496144 517684 849929 985736 347372 731598 501917 597272 289601 423187 999999999 363327 452464 571891 531491 290644 584639 810167 770389 534289 642242 639702 698613 913023 581235 317452 464994 438892 771012 429383 207364 791004 690687 506801 646814 438945 887815 620740 299450 714471 784502 528207 427376 459831 724756 767031 169766 401940 813660 689480 299245 531086 565171 453886 865225 116195 433470 731439 593302 921941 307519 643559 628928 293222 76247 615123 483416 302116 315673 241502
330478 296932 508588 162617 401064 92910 299600 259907 329930 633842 223307 451122 308846 277479 552696 673068 455664 416353 611482 508806 663794 246270 398099 484110 568061 685813 400394 732325 401707 564268 290750 437893 617502 850760 165441 428271 148150 258535 100360 60589 363327 999999999 153870 304149 169052 83137 233628 569205 664155 299716 456302 280793 354884 578412 227177 247676 284254 160367 653728 265344 546816 466037 365818 439293 369786 77805 677596 335912 221970 362428 441913 222510 356216 536401 395107 482640 377366 606412 574990 328682 85662 244926 338165 475201 575167 265585 483694 373859 230782 629125 622784 444509 274430 358378 309229 492548 286441 434703 224706 277597
475216 297361 662193 79098 319296 82087 417065 376460 197582 770525 102305 586408 303420 403658 618944 678743 373636 266821 732147 487612 809328 394292 265862 467481 679671 679878 398789 869924 516770 666216 426996 326428 719205 978294 318675 500103 210743 316125 247549 128397 452464 153870 999999999 414303 154353 225088 152490 669451 802810 425393 584488 217922 388814 606624 262773 208507 158873 291933 790453 412912 653713 513737 423899 589915 218354 158591 786088 185596 198587 379199 468376 322757 508794 689552 444209 563933 508059 749498 676004 321686 233405 92259 462336 629071 646122 338447 637216 298293 197872 695032 741216 569384 298467 508036 417332 633869 152358 581237 378297 278790
398266 259757 389356 363279 451696 332744 25047 46337 497810 374290 415722 528302 603834 435432 279209 485243 488504 672082 318319 406159 439553 333806 548323 380018 266441 517552 299887 472678 552366 260140 102046 733638 313354 566550 224748 164868 208104 150081 304320 291149 571891 304149 414303 999999999 291571 318043 371211 265232 410030 56255 180779 360184 206763 364206 201365 551597 570204 149064 393615 166037 691911 239378 156859 284060 580214 257881 374823 546635 525172 245642 266036 92174 256082 465642 191049 195423 489743 618152 270914 280972 302474 480992 67108 383792 293547 515040 413420 424103 307036 350216 728606 161479 214196 381226 497655 261245 566207 458143 266158 572289
481240 146343 609406 80756 235480 100434 301095 263387 211811 663781 124410 609389 437726 443534 466925 531016 289035 385483 606923 350027 718583 394943 270885 327190 547716 536526 250770 762872 569472 527844 333897 477528 579849 856645 283508 350985 88685 168474 260877 108553 531491 169052 154353 291571 999999999 249270 86810 529998 698595 317845 471238 114384 234477 453280 111241 351819 309693 211150 683387 344054 715309 359681 272350 520553 288765 101287 650161 255070 335410 226019 314618 201265 452678 656847 290706 417073 539815 754141 536899 174049 247102 195311 350307 585106 494981 429139 601836 207233 61823 542498 788487 452848 144131 498697 478208 538566 299379 579731 354157 409292
250781 366865 450403 244993 483215 175129 307106 271711 410692 608567 304395 368454 288490 194771 586117 732037 537541 474897 603984 578821 625446 169255 479247 553289 569666 748733 467139 704666 320203 573829 277148 467149 626069 833297 122530 462398 211274 310186 24972 142350 290644 83137 225088 318043 249270 999999999 316735 579952 635928 298678 444898 362493 410809 629965 290662 253909 329993 169710 628118 233586 466278 511595 410228 393591 443442 150921 679665 410502 224624 424491 497561 252456 305858 467991 442583 509028 294238 526208 585014 399299 16647 317324 336255 413119 605329 205705 417254 455661 310373 661048 540121 437068 338395 283192 230720 463468 336983 356383 162379 257250
558691 170830 696001 80739 172687 144922 382895 346611 126942 745226 67150 683508 455751 510923 514778 535810 227953 324612 681701 338722 803230 472669 184090 320323 619115 532914 260625 843854 633766 594665 419756 444425 645290 931893 366547 407616 174816 234773 332143 175550 584639 233628 152490 371211 86810 316735 999999999 595843 780572 401570 551911 66040 274884 476125 175681 360761 282101 297894 764662 430815 777177 400193 325989 607330 212659 179827 717907 181210 350897 253739 342607 283514 539192 742010 336776 476043 610855 833500 602984 186696 317685 147106 432551 671144 544810 475542 687141 148658 71789 587756 856016 532588 190742 579607 538482 623051 266668 659599 436386 430524
600911 440737 468554 608718 618197 590024 273056 310542 715035 264076 651982 712576 867636 667742 161986 430430 636248 915183 133902 472594 371629 559306 751733 454909 63303 479169 414341 331463 769157 9918 315200 993689 49882 357182 474083 196620 458720 362594 563946 552082 810167 569205 669451 265232 529998 579952 595843 999999999 297947 282960 183991 563711 340235 315168 421728 816778 827803 413333 274672 380785 894512 251699 276250 375860 808137 518224 123082 777049 790404 378126 326118 350325 411983 564147 279875 129812 696859 749147 7429 444557 563860 725278 247691 489854 141228 768912 527049 596725 524625 175385 907004 173635 407686 565559 733999 270614 821668 624585 494495 836161
531457 660773 292478 764537 852550 721449 397765 435319 907419 37446 821165 596930 908993 633918 458565 728290 882464 1068497 166015 749411 86180 534259 958257 728101 235635 776671 669429 68746 693790 289886 375898 1099684 284863 216547 513416 452993 611533 556606 612729 674422 770389 664155 802810 410030 698595 635928 780572 297947 999999999 381590 229603 769340 580240 610996 610945 889649 948066 510948 23333 402870 783407 528979 513659 264165 986877 645157 246850 952714 860179 622117 596068 497490 349446 378429 532304 403746 616199 564820 292846 675739 619738 880057 348312 334975 439174 772764 367932 826594 717052 468677 761143 250639 617756 479487 698773 172565 948727 501788 490939 880116
348591 306630 334873 383085 496441 343351 31269 55180 528444 347599 439673 476492 587145 394648 322747 539723 535870 688846 311778 461736 401927 289562 582759 435458 271364 572938 354116 447089 507218 276291 46823 736321 327908 553730 191669 215571 230124 195700 281553 298057 534289 299716 425393 56255 317845 298678 401570 282960 381590 999999999 159139 398195 261687 417581 240446 543367 576839 139360 367406 114618 644059 293461 213114 230642 605475 266802 381432 571224 515668 299624 322274 118654 199860 409676 247216 235871 441804 562317 287613 330200 282319 499223 38487 327947 333428 486377 357260 468157 342083 390000 676882 145251 260443 328299 458896 221750 575000 403840 222002 555847
422430 432710 292591 540128 625077 502425 170386 209695 678575 193569 594803 529590 731283 499006 300365 562348 657330 847265 159554 541578 267268 390293 728718 518011 142753 605117 450684 291945 592182 174445 168035 893983 213672 394935 326605 247885 385543 327188 424697 457178 642242 456302 584488 180779 471238 444898 551911 183991 229603 159139 999999999 539747 358467 437397 381360 695751 735677 296816 212841 219682 713079 331749 293941 193881 759988 425902 245655 726139 667290 400373 388488 270059 229726 386161 317907 220511 517997 567666 184980 449383 428252 657049 122466 308909 294977 614886 345653 598581 487616 343928 723115 23539 388975 383948 566157 105404 734080 440755 330026 700585
595126 124597 710125 142891 121115 199399 375563 343230 152738 733063 130501 723735 520643 557151 469104 471926 175054 374072 659059 273087 798833 508853 190478 255334 592740 467648 200964 830254 682400 563523 423064 505767 612308 908550 394837 370093 187783 213259 374971 220386 639702 280793 217922 360184 114384 362493 66040 563711 769340 398195 539747 999999999 230124 417949 158863 426397 345988 313781 752041 444465 827575 351678 288401 615997 250557 215665 686705 223633 415837 202520 288575 280093 554784 763341 293344 439169 654102 867064 571019 131967 361049 208301 425167 689093 500120 533281 708121 93170 59879 539696 902355 518943 156982 611023 589598 619179 329609 692558 465886 494885
572134 105782 596108 313486 279232 325440 230827 220868 382813 542840 339090 706452 657552 579344 240093 321317 303218 599265 448775 200734 625702 494472 413414 174155 377329 340822 93870 634413 705650 341346 304028 710222 387276 693542 369960 143675 206946 101401 409121 308252 698613 354884 388814 206763 234477 410809 274884 340235 580240 261687 358467 230124 999999999 224282 131046 579674 542979 268737 560219 356986 851701 126227 67155 490724 480297 279191 463001 452056 559990 41974 87143 183336 458503 670785 63254 212079 654692 814792 347653 104428 400270 418475 270518 589348 270570 615115 617656 256735 204357 312948 903492 335221 90348 566739 631717 455486 531261 647695 431984 627285
761335 309888 722347 528791 410034 548123 388251 398601 560390 575665 543180 892384 881792 786157 153185 125510 403609 790235 448999 198801 679096 691820 570342 194643 375722 168254 217063 646581 908978 322303 464399 920227 342440 652876 572247 203738 430921 320827 625687 532524 913023 578412 606624 364206 453280 629965 476125 315168 610996 417581 437397 417949 224282 999999999 355094 802694 755517 474887 587948 530242 1051953 125265 222599 616747 660616 503333 411986 637913 783682 227432 138988 385341 612852 810135 188271 217325 850757 976394 321163 289541 618190 623230 406657 728608 177518 835483 762259 400619 412173 175744 1092579 415663 311626 745373 843038 542523 741643 821389 625380 851561
483520 82511 561652 191968 258257 195091 216880 185993 299862 574861 230346 617329 526734 471942 356341 445916 301930 493861 506305 289760 640091 400058 347406 263686 443463 459286 176632 672542 599840 420124 268676 588051 471426 756487 276054 239769 79860 59284 293062 177659 581235 227177 262773 201365 111241 290662 175681 421728 610945 240446 381360 158863 131046 355094 999999999 448835 420096 179279 593975 299567 747111 252346 161413 463499 388247 149999 543128 356249 428953 135292 216719 124113 409712 622511 181919 306202 557015 744233 428768 114413 282321 305339 266384 544910 384014 491153 567448 229363 107057 432289 808334 360923 47777 488703 518453 460638 410373 571303 345130 496608
443135 498157 686390 286032 523006 254573 545959 506860 376317 862473 304432 515485 100308 337811 794877 882617 575918 302830 853646 695272 876391 386200 436571 674468 813902 886212 602162 958394 412098 811731 527782 224509 864905 1086629 376400 671282 379122 493014 276923 275570 317452 247676 208507 551597 351819 253909 360761 816778 889649 543367 695751 426397 579674 802694 448835 999999999 150354 405333 882016 487490 523777 699852 602976 642448 346509 308377 923776 326712 29733 576705 663716 469517 553267 684569 628658 728470 434674 689668 822508 525063 270285 251335 581783 644390 818934 207101 640324 504116 403249 871617 624893 686168 491070 491558 316507 717279 170705 544545 406251 84787
