NAME : synthetic_000867
TYPE : CTSP-D
DIMENSION : 100
GROUPS : 8
RELAXATION_LEVEL : 1
EDGE_WEIGHT_TYPE : EXPLICIT
EDGE_WEIGHT_FORMAT : FULL_MATRIX
EDGE_WEIGHT_SECTION
999999999 532324 93437 641196 275970 660230 207085 539555 284620 157431 173157 285487 298027 751230 436340 306414 437122 547828 480972 757352 589742 739494 363907 373880 395197 185670 509718 528438 500491 223665 205840 651290 50044 437433 163935 440767 247174 687778 227173 518876 487498 633246 343896 214022 275713 496795 214065 688097 615054 152833 485161 569752 143641 600541 502116 735004 298523 609886 493394 156660 585666 577959 147237 474006 301749 259071 196795 394960 607191 282292 690834 830412 274053 226040 747398 703968 342134 605586 134712 441677 523652 603768 449893 240033 469467 652407 412125 635359 669170 372682 512973 556440 104003 858490 676212 413592 623160 286386 720640 660124
532324 999999999 473467 766604 273287 179161 579245 130319 752671 684768 620980 574362 343599 219890 181782 625593 437783 390141 55330 582324 204417 221886 812041 848224 564845 473685 978581 587550 984268 315372 510130 387405 498254 222490 648198 96320 581905 506114 651226 961998 827355 848832 421116 734027 709473 818492 471993 188502 89392 534376 73699 881804 489694 1005758 141545 225750 591081 81139 968695 381276 1014155 77283 386710 808574 283955 413018 465410 846904 152378 686094 159811 817601 507434 477897 224344 810955 539105 518765 540653 724881 663146 187563 379585 384714 119387 421280 700742 622817 460937 251317 621526 485259 430038 849029 500744 744023 92912 445850 796690 138128
93437 473467 999999999 702509 244921 617445 156458 500780 378041 216099 262912 217541 302412 693279 406367 382236 461852 554532 425926 774272 560036 689010 457153 467027 449623 98314 602612 573114 592306 190839 128188 647278 107540 416498 257225 378357 188116 700270 315994 612309 573714 707384 370432 261165 367160 581120 260082 642001 560037 224140 435839 654490 198662 693195 425322 687206 368408 547223 585964 136336 678999 510512 96099 559318 218868 284772 107711 488364 566798 255622 628262 876502 326854 273515 694810 764594 260941 629681 86142 386583 581976 569864 461760 147424 428256 654213 489046 674058 676000 355276 565349 579722 64368 905851 689148 496676 566100 321751 777120 607081
641196 766604 702509 999999999 589833 735898 847246 657629 511538 722953 502961 919367 475429 890818 586273 346326 330442 403519 721965 389662 624766 832101 480702 539064 254979 797001 576436 179100 614299 603460 830634 489568 601380 544386 545377 742690 885503 392094 460486 515453 305901 134288 377953 776344 458207 278218 444001 772259 787486 488435 693822 273585 504518 467596 857134 811316 344653 832532 586355 600451 512857 843866 653475 297477 775523 442280 803329 494018 694971 919202 882719 236383 376223 430402 851388 62877 959524 295413 773186 1082449 121911 654980 387042 794782 647426 452370 260876 191469 424429 530640 151440 302325 650215 253711 385285 300791 804809 397433 90442 800688
275970 273287 244921 589833 999999999 384563 389490 263590 479653 433323 347714 422443 114479 485187 162412 368392 279508 331070 218387 557595 316576 466731 541050 575412 347184 292911 706922 424481 711417 54377 334945 409565 234439 172191 375561 196762 409578 479377 379446 693518 577385 640122 211921 488542 438199 573032 207079 413323 347840 261479 215038 641862 216523 745003 295337 460764 336705 354275 696389 119393 748804 334171 148982 559177 189928 162120 291337 575937 331269 495608 432546 712187 256350 215596 476091 645570 426826 430462 328435 595259 471054 328694 253308 240992 194154 421681 457660 502367 448525 114531 438648 382170 185349 743548 469201 492457 358289 204898 644904 390110
660230 179161 617445 735898 384563 999999999 739946 122120 838502 817304 713613 744172 408665 155429 231494 679587 433163 332592 203540 469348 112170 99152 886053 930391 583753 634436 1052043 562248 1064612 436664 673370 276648 618830 249200 748780 264273 747374 403513 732726 1025095 862110 839660 454625 871314 787221 847956 547813 37126 107266 625691 184074 902305 585207 1051496 316250 83360 643640 168343 1045549 503590 1068707 215878 523636 843328 452386 479919 627669 920037 54832 848158 168239 734627 563136 549546 116826 769013 714480 452704 692991 900048 651953 82403 369330 550684 190824 316800 733160 564379 356805 308773 607058 434456 564757 764437 401859 784349 119956 499267 745770 81530
207085 579245 156458 847246 389490 739946 999999999 630025 456431 215867 370950 87228 457934 794053 545505 513049 618259 708993 539156 930137 696025 800743 537047 530209 598097 105767 657329 726204 637113 337670 71014 797780 246312 561263 347354 483285 42646 855534 424764 681508 685071 839617 526587 224820 464730 696902 410829 760204 668525 359574 555878 768824 344260 775155 498359 802461 505551 644133 637541 290901 751347 600060 243763 673030 297029 440689 113925 563021 692896 108403 722890 1029590 475433 423878 803550 909892 163536 786138 74518 235248 728572 702120 617528 196326 557253 806848 618075 829015 830048 503230 715246 736178 220203 1058498 844516 615688 671419 476317 925161 717096
539555 130319 500780 657629 263590 122120 630025 999999999 718211 696870 592251 641843 289038 250413 109983 565044 337235 266596 118556 452018 79157 213071 767856 810856 479888 525545 934369 479328 945649 316478 565804 257277 497397 133344 626901 178139 640877 376081 612758 909695 754505 750487 343593 751631 668035 742158 427823 154174 130108 504227 86638 800190 463349 941019 266075 202523 529221 177576 927190 382927 955672 201392 405781 735629 353433 360825 519898 802110 67851 738418 226480 691690 447235 430230 226573 697648 620492 394996 578936 804192 562429 73793 274608 447013 72922 290975 625615 502323 330708 188520 518769 365602 445939 722875 370961 674468 147273 383237 679954 151894
284620 752671 378041 511538 479653 838502 456431 718211 999999999 259531 132899 543371 429874 959164 608344 200109 475101 615256 697513 770134 743503 931006 80921 96128 345821 467118 231210 480731 231851 443575 479629 734688 286181 590215 121148 673700 498984 720748 106157 234292 253254 448282 404972 296019 61502 273449 290707 872222 822807 218298 690347 336382 263158 319653 757243 920557 228262 833767 218255 385519 301284 812797 407465 247504 573252 359182 479028 110375 783755 483803 911190 740658 288260 289643 943363 570295 612835 613551 399314 667601 424484 765949 521129 523626 660141 719802 251479 591375 720599 529868 439684 574447 371436 762154 709126 214041 834785 347463 601703 861238
157431 684768 216099 722953 433323 817304 215867 696870 259531 999999999 220155 301553 448990 904472 593701 376772 571852 692894 634814 892744 746911 895260 336649 320573 498890 266810 443137 639638 421524 380642 261206 801004 202775 593839 178412 591174 255958 827335 264455 471579 507249 686944 480516 60447 285275 524073 343023 844734 769240 260101 640764 591652 274312 570072 641288 891375 383395 760584 422858 313947 541864 725582 298188 498572 433924 400542 279787 358297 764446 224597 841709 932856 389165 352209 902589 785287 379351 736972 183202 409099 614843 761174 593470 350877 626486 799135 469572 751071 812763 528830 614067 689466 255114 958665 815577 451261 776577 418850 808964 815054
173157 620980 262912 502961 347714 713613 370950 592251 132899 220155 999999999 454200 307171 829695 482303 156661 382769 517289 565966 696165 623022 804137 202970 229026 284418 358466 363476 426227 364549 310694 378534 633915 161222 467661 47667 540969 412981 637804 54252 360129 315250 474252 300415 275298 105323 326062 170489 746413 692842 88102 560016 398363 131402 432677 624686 794751 164890 701988 351088 253097 423217 680187 278223 302489 444286 239739 369234 236863 658782 424160 779967 714150 189864 173093 815760 565415 514754 538189 303538 599234 395159 643813 418935 402912 531590 624169 253366 538754 630684 405171 396625 493799 245192 739440 625972 244978 704361 238384 588812 732416
285487 574362 217541 919367 422443 744172 87228 641843 543371 301553 454200 999999999 505816 781350 568281 591517 672331 751120 540705 975898 712905 795716 624067 617386 667086 131963 743996 789791 723076 375206 91756 831233 319041 589744 432882 481082 45599 899183 508324 768705 769202 918359 583172 304405 550169 780187 477623 760688 663390 435317 561977 852557 414869 862294 475730 800059 581430 631634 724042 340498 838564 583950 288181 756685 291858 498897 131462 650210 700868 135474 707275 1092920 544248 491048 796294 981632 82190 837744 151107 173859 799212 715362 664558 194833 570502 844118 697541 888779 870319 536779 782881 787853 275651 1122520 888581 698024 663996 537844 994622 712128
298027 343599 302412 475429 114479 408665 457934 289038 429874 448990 307171 505816 999999999 534714 179873 282454 170851 252830 289384 472243 315872 502108 479059 521910 236288 373862 645780 310863 656611 137990 414634 353271 248613 160697 345739 287727 485267 397859 324064 623370 484415 529482 97478 508491 378999 476750 139167 442662 401268 220463 273423 542449 184760 662490 396622 490952 247619 423058 638266 167153 672610 414540 217714 465716 302827 71987 375404 513445 353959 557538 494701 603021 163952 141194 515258 531105 522563 332202 388350 679573 357118 336845 159646 340678 236378 355283 359290 393680 374576 100594 324187 282458 238083 634070 386740 400644 415070 102612 530912 435737
751230 219890 693279 890818 485187 155429 794053 250413 959164 904472 829695 781350 534714 999999999 355407 814264 582599 487814 270300 615523 266102 70925 1013123 1053458 729300 689250 1180030 716172 1189122 531369 723891 427931 715574 383586 860216 315198 793339 554079 855120 1157825 1004872 992532 594000 953917 911902 992282 671366 120428 137348 741868 270270 1049366 698564 1191273 309848 95148 778573 150106 1171814 598246 1205181 197943 606309 985999 497034 606651 680203 1047691 197827 899391 77045 886561 695936 675135 51365 924421 736646 607948 759037 920551 804437 235896 518894 597944 299369 468566 875944 719696 507833 434645 759807 589752 649539 915889 553340 924853 128073 632090 901133 99156
436340 181782 406367 586273 162412 231494 545505 109983 608344 593701 482303 568281 179873 355407 999999999 459113 256455 231019 135841 448441 154168 322689 658929 701239 385216 444214 825648 407551 836250 216741 485821 272394 392258 42993 517307 167197 561357 368554 503022 802443 653851 667102 243389 649890 558628 643173 318170 264155 224336 394306 108180 704239 353734 837411 280001 312505 423542 254752 818095 280791 850067 258572 310276 634974 294391 251845 440457 693317 176713 653091 320020 654284 340624 320956 335477 632426 558644 355044 488334 737077 481414 167595 200234 375975 62940 294635 525700 451895 329017 79365 440035 315555 347731 686061 360523 572153 239302 276897 620542 256283
306414 625593 382236 346326 368392 679587 513049 565044 200109 376772 156661 591517 282454 814264 459113 999999999 281873 423008 570941 570036 576091 776501 216810 271037 145753 480476 376721 283092 395627 352373 508090 542968 275012 431958 200158 562567 553557 521419 118226 345578 210230 326864 226540 431095 138614 209430 162680 715344 682771 158104 555876 281714 190528 380166 663574 762924 35949 705415 373321 317755 390956 694891 361680 192606 516719 212727 489230 247949 626126 576421 776937 560119 118695 152972 791174 408844 642969 413514 441105 746232 240138 601604 334315 502643 518089 524996 106812 395126 523197 380361 246510 375187 343193 584604 509869 125532 696982 182218 432299 715110
437122 437783 461852 330442 279508 433163 618259 337235 475101 571852 382769 672331 170851 582599 256455 281873 999999999 141138 391814 321243 321904 532289 498589 552628 155653 540839 655143 153088 676624 308825 580643 261100 387560 215343 429397 412960 648713 256463 374858 616852 434810 413600 93258 632242 414849 418255 228838 470277 466837 314097 364473 469572 298587 627631 527644 514703 248872 506980 653451 331845 651128 514852 384785 416399 469357 179098 543344 529068 385018 712378 563587 432926 193055 219917 549750 379189 692715 168807 545865 845424 226107 350920 63851 511521 318397 244716 307753 223216 248078 201815 183774 119345 398900 464185 244635 363056 483607 153055 371969 486873
547828 390141 554532 403519 331070 332592 708993 266596 615256 692894 517289 751120 252830 487814 231019 423008 141138 999999999 357298 226782 222361 428613 639693 693735 292070 619792 795355 233274 817490 375917 661459 119962 497849 190481 562767 397546 734189 148336 513580 755416 566483 512054 217267 753208 555388 547585 354021 368800 392609 442256 324123 591852 419201 760249 508097 408031 389915 444075 794099 418396 786758 465541 466006 548603 507591 292370 619666 670018 293994 810025 484855 427715 329729 347602 447869 437002 757794 128715 640636 924728 327320 252488 99731 571792 279391 107169 442590 236259 121765 220961 282146 102009 490173 459259 138148 499379 410219 280058 415872 400186
480972 55330 425926 721965 218387 203540 539156 118556 697513 634814 565966 540705 289384 270300 135841 570941 391814 357298 999999999 560964 197707 263560 756712 793011 513715 433399 923261 543352 929056 261785 471442 370240 445524 178378 593679 61975 544814 482788 595926 906734 773609 800129 369413 685323 654151 765211 416744 221166 134458 479216 34439 829239 434629 951074 152716 263594 536592 136440 913410 328272 959091 126174 336681 754864 248871 358258 426010 791574 163722 646948 214183 784545 452995 422751 268884 768248 511904 484759 496417 697177 615744 188588 336040 347695 78066 400838 647495 585351 439195 199573 575008 448135 379712 816196 476375 690013 142236 391858 755961 181158
757352 582324 774272 389662 557595 469348 930137 452018 770134 892744 696165 975898 472243 615523 448441 570036 321243 226782 560964 999999999 383140 546166 774648 833251 424317 844157 911066 297171 941152 601132 885526 196754 707508 411404 743671 609492 957201 79989 679284 859630 650727 522929 413911 953064 708647 625937 549902 498388 558881 633769 526547 646566 619830 836377 713611 522131 543975 618354 914941 639388 874286 651357 689012 636043 733433 498315 844588 799583 451923 1028418 637239 282497 507837 540539 566695 389585 984413 158061 859880 1149713 381967 407844 312612 798471 486413 161044 548894 205696 121791 447574 347794 203470 710076 308571 88962 606112 575768 474230 350768 549536
589742 204417 560036 624766 316576 112170 696025 79157 743503 746911 623022 712905 315872 266102 154168 576091 321904 222361 197707 383140 999999999 210842 786455 833214 474026 592954 951212 450307 965926 370887 633967 186426 544766 156192 661211 257014 709426 310439 637346 921455 753221 727509 349690 803561 689805 738319 453852 149200 177510 536212 165536 791423 498651 943846 343495 192801 540202 235501 945818 434764 962812 268993 464017 734518 427738 384673 588180 819905 72688 804126 264623 635400 461883 453953 228956 659363 695213 345939 641114 877753 539784 30214 258194 518367 143410 223383 624520 456801 263903 220886 494890 324362 501869 665967 306786 676833 194879 398781 637587 178417
739494 221886 689010 832101 466731 99152 800743 213071 931006 895260 804137 795716 502108 70925 322689 776501 532289 428613 263560 546166 210842 999999999 980862 1023877 682785 695061 1147285 659848 1158719 516427 731896 361136 700638 344795 837491 317466 803790 486445 825705 1121737 960891 937792 552464 947210 881103 946929 640814 62106 132512 716038 254497 1001455 674271 1149830 336952 24286 740584 171991 1140229 583814 1166338 224589 598091 942091 505835 573886 687018 1015069 150542 907842 124362 819211 659341 643301 20545 863373 757360 545200 759892 942792 750349 181406 468464 606588 273776 401885 831904 657088 440574 401569 705361 529963 640527 848220 486210 882723 132291 595352 838599 83758
363907 812041 457153 480702 541050 886053 537047 767856 80921 336649 202970 624067 479059 1013123 658929 216810 498589 639693 756712 774648 786455 980862 999999999 59690 355134 547418 166942 478848 179800 509288 560466 759635 362001 636856 199972 737177 579557 732301 161894 157209 194834 400042 439637 368248 102873 219089 341858 920830 878128 281297 746934 273064 326921 238733 825495 968954 250960 893131 159511 454925 221970 875221 481106 194006 647191 407114 559221 34890 831711 561241 968903 715325 324703 338076 994272 535715 693756 621649 480224 745660 409421 810586 550708 601705 713850 740851 231626 584982 737274 579635 432323 587058 446967 734280 721001 181150 890963 387712 570979 914393
373880 848224 467027 539064 575412 930391 530209 810856 96128 320573 229026 617386 521910 1053458 701239 271037 552628 693735 793011 833251 833214 1023877 59690 999999999 412225 552097 136440 537930 136045 539700 560783 813681 379822 681461 213570 769766 572114 789708 198387 151388 246894 454077 489513 343327 143417 272583 383070 964569 917439 313938 785247 320339 359025 250851 853154 1012848 303871 929346 122311 481431 221502 908799 502043 248384 667384 450473 564413 49897 875773 542921 1006459 774173 373262 380850 1036632 593249 690738 679569 479445 727802 469111 856487 602859 613894 754184 796026 291314 644499 793574 622338 491791 644073 464943 792754 778334 240451 929655 434931 629188 955236
395197 564845 449623 254979 347184 583753 598097 479888 345821 498890 284418 667086 236288 729300 385216 145753 155653 292070 513715 424317 474026 682785 355134 412225 999999999 542841 504897 141811 529316 353323 577387 410523 351920 349298 331651 521033 634953 377506 258469 463401 279672 293272 144630 556856 284343 264303 189808 620686 606577 245526 491468 320310 253842 472061 632058 666291 122125 639932 504921 345773 495718 639806 398576 261127 526513 190615 548854 383119 533435 677014 703344 436622 122902 176268 699478 316047 704937 268220 523616 833099 133206 502213 217204 540302 447983 388275 152102 254397 382493 314145 117822 231933 395697 463983 366112 207735 622515 145390 327564 631622
185670 473685 98314 797001 292911 634436 105767 525545 467118 266810 358466 131963 373862 689250 444214 480476 540839 619792 433399 844157 592954 695061 547418 552097 542841 999999999 685787 661321 671792 244102 42037 702458 205842 462681 348055 377631 117243 767692 412166 700338 671181 805196 452423 295631 461361 679047 353110 654470 562911 322371 450402 752365 295256 785192 397538 696697 466047 539538 667911 209059 768278 496429 156297 657024 192689 369023 12995 577310 587802 213730 618800 963815 420778 366691 698022 858690 163340 705856 84343 305790 675816 598066 532624 93681 452958 714053 587288 758472 739472 407440 657005 655984 147438 993718 757022 594759 566008 409263 869582 611444
509718 978581 602612 576436 706922 1052043 657329 934369 231210 443137 363476 743996 645780 1180030 825648 376721 655143 795355 923261 911066 951212 1147285 166942 136440 504897 685787 999999999 614232 44301 673366 692357 914745 516237 802927 350004 902495 698437 876435 327511 66508 270949 467154 602674 455566 269116 298481 508799 1087036 1045069 446009 913807 316865 491524 168220 988162 1135082 412171 1059700 22625 616519 119092 1040997 638304 281531 803771 573803 698271 132350 997845 658951 1135721 811779 489442 504926 1160869 622010 819662 763959 610875 842458 532299 975857 710347 749737 880780 893165 363022 712200 886012 746318 563359 734088 601377 825874 865570 305236 1057881 553003 662732 1081266
528438 587550 573114 179100 424481 562248 726204 479328 480731 639638 426227 789791 310863 716172 407551 283092 153088 233274 543352 297171 450307 659848 478848 537930 141811 661321 614232 999999999 643985 445894 698545 334727 482467 365469 473452 566019 760906 266095 398971 564164 358617 278791 215677 698028 419850 335570 315796 599032 609363 383108 514878 368354 384929 549427 680719 639982 263200 653607 617817 455185 583277 664822 509295 342741 613679 293137 665771 502880 519118 810645 705064 303452 254919 303102 678641 226101 819867 153657 651847 959551 96675 480440 207967 645152 468437 302654 251728 112675 284447 354795 53798 138676 514433 332756 256069 309074 626597 252095 220704 624209
500491 984268 592306 614299 711417 1064612 637113 945649 231851 421524 364549 723076 656611 1189122 836250 395627 676624 817490 929056 941152 965926 1158719 179800 136045 529316 671792 44301 643985 999999999 675196 675817 937282 511241 815462 345504 905502 677482 903872 334031 110385 308400 508009 619431 428891 277626 336095 518180 1099087 1053270 449958 921186 358625 494975 211927 987497 1147305 430304 1065390 28030 615998 161401 1044641 634231 317633 798500 584897 684474 147683 1010117 632432 1142480 850230 504384 515419 1171724 661365 800286 791880 594518 814642 564915 989792 729920 739731 889783 917143 392259 744446 911622 757165 594124 760195 595761 865046 892829 335301 1065572 567147 701487 1090766
223665 315372 190839 603460 54377 436664 337670 316478 443575 380642 310694 375206 137990 531369 216741 352373 308825 375917 261785 601132 370887 516427 509288 539700 353323 244102 673366 445894 675196 999999999 285947 460156 184507 225724 334118 230746 359650 524039 347532 664209 562598 642748 230221 435162 406691 560798 190029 464457 394283 228008 262702 631626 182394 722034 317014 511471 323624 395386 661616 67388 722242 370267 95228 544938 173224 162726 243749 544023 383902 442914 475174 740812 248936 200960 524928 661438 386023 467641 274957 548833 482545 382618 291637 202803 245854 470294 448539 531623 495369 165678 453948 418346 130991 771778 513501 477855 403598 207935 664284 438126
205840 510130 128188 830634 334945 673370 71014 565804 479629 261206 378534 91756 414634 723891 485821 508090 580643 661459 471442 885526 633967 731896 560466 560783 577387 42037 692357 698545 675817 285947 999999999 744495 233346 504640 363286 414514 75555 809259 432720 710713 693318 834247 491419 281861 478981 702540 387635 692607 599501 350447 489516 775562 326802 799095 427345 734197 495765 573872 673666 248852 779547 529379 196921 679839 226947 407238 45906 589013 627433 175964 652344 1001518 454767 401139 734265 892657 136295 746323 81483 265018 709957 638584 573707 125948 493399 756017 614730 797086 781293 449473 692569 696404 184159 1031211 798547 619031 601963 446495 904720 648169
651290 387405 647278 489568 409565 276648 797780 257277 734688 801004 633915 831233 353271 427931 272394 542968 261100 119962 370240 196754 186426 361136 759635 813681 410523 702458 914745 334727 937282 460156 744495 999999999 601855 243037 678626 422878 819107 126881 632343 873825 681361 609030 333573 860909 675045 661291 467650 308254 362370 556178 335896 701339 529788 875041 521898 337947 509840 421614 913758 511495 903346 455027 554335 663846 566403 402766 700607 789870 255483 902179 443093 458656 448093 462347 381560 512179 828213 194232 733076 1002951 431315 211261 215094 643320 299364 40757 559626 303629 80164 295069 387109 196086 583637 488143 125450 616936 379371 395634 483320 355219
50044 498254 107540 601380 234439 618830 246312 497397 286181 202775 161222 319041 248613 715574 392258 275012 387560 497849 445524 707508 544766 700638 362001 379822 351920 205842 516237 482467 511241 184507 233346 601855 999999999 391130 166278 409416 284125 637761 212268 518984 467135 600902 294305 261093 266545 473944 166875 647754 578646 117116 447201 547360 98158 593899 479424 695124 262646 577246 501524 117339 583502 548231 123202 452430 287594 209193 215135 394881 565216 328665 657731 785251 229525 179377 709374 663915 367962 556168 171957 481512 482303 559852 399851 241796 428593 602570 381783 588165 619153 326077 469309 506903 85256 813718 626202 389332 587643 237617 678849 622632
437433 222490 416498 544386 172191 249200 561263 133344 590215 593839 467661 589744 160697 383586 42993 431958 215343 190481 178378 411404 156192 344795 636856 681461 349298 462681 802927 365469 815462 225724 504640 243037 391130 999999999 505226 209577 579853 331416 484213 776978 621749 627561 210566 651433 538186 609951 299638 284142 257328 380462 149438 669337 342479 807715 322836 332155 396089 292680 796350 285312 822410 299648 320909 602865 324860 231115 459999 670866 194920 667728 354048 611798 314547 300756 359226 589942 585179 312901 500553 760596 441054 176172 157758 400402 103123 261392 493014 408954 293739 65213 399115 272787 355287 643590 322866 541295 273217 250557 577697 284724
163935 648198 257225 545377 375561 748780 347354 626901 121148 178412 47667 432882 345739 860216 517307 200158 429397 562767 593679 743671 661211 837491 199972 213570 331651 348055 350004 473452 345504 334118 363286 678626 166278 505226 999999999 564728 389922 684854 86094 355366 339094 509727 345566 231065 117376 352913 212432 780789 722964 125481 589970 423417 163574 437140 642545 829034 211295 728802 335271 272019 421775 704288 288867 328198 453871 280839 359675 231257 694019 390902 807835 759580 236819 216492 848399 607491 498304 585728 284686 569877 439982 681001 463952 402485 563971 669804 291232 586042 677078 441639 442936 541148 251373 784477 673017 275817 733771 283052 632214 763913
440767 96320 378357 742690 196762 264273 483285 178139 673700 591174 540969 481082 287727 315198 167197 562567 412960 397546 61975 609492 257014 317466 737177 769766 521033 377631 902495 566019 905502 230746 414514 422878 409416 209577 564728 999999999 486918 530301 575348 890205 769559 812130 376785 639338 634306 763315 403057 279611 185303 456492 91510 829948 411029 940957 114756 319868 529618 169435 891360 293943 945501 139561 293993 751063 189443 351287 369556 772042 225686 590425 250551 821370 447119 410785 320554 792091 450385 522241 444405 635837 631640 249742 362567 289562 123639 451104 646314 617850 488223 212184 593039 482266 337465 853158 523111 684978 189155 389433 782968 233815
247174 581905 188116 885503 409578 747374 42646 640877 498984 255958 412981 45599 485267 793339 561357 553557 648713 734189 544814 957201 709426 803790 579557 572114 634953 117243 698437 760906 677482 359650 75555 819107 284125 579853 389922 486918 999999999 881585 466902 723466 727396 880332 558014 260001 507296 739016 446514 765861 671283 398906 563786 811060 381440 817559 492052 806786 545087 643240 678459 318312 793385 597286 268306 715238 297959 472662 121246 605357 702039 107885 720627 1064349 512084 459750 805515 948022 125657 815688 112723 198656 766189 713801 644818 197359 568600 829944 658981 862161 854541 524039 751632 765709 249849 1093556 870745 657522 673069 509836 962393 720032
687778 506114 700270 392094 479377 403513 855534 376081 720748 827335 637804 899183 397859 554079 368554 521419 256463 148336 482788 79989 310439 486445 732301 789708 377506 767692 876435 266095 903872 524039 809259 126881 637761 331416 684854 530301 881585 999999999 625439 828721 624699 520353 346826 887778 659378 601592 484544 434806 487639 570523 448434 630765 553214 815164 635504 462916 492632 545863 878515 564640 849358 576668 613282 608701 653752 429066 767754 759317 381113 955251 569844 332782 448035 476121 506949 404643 906020 112862 786190 1072870 359343 336726 239040 719982 407546 87353 513650 200627 46844 368426 319613 146302 635931 361839 11840 571688 504833 408738 371177 481980
227173 651226 315994 460486 379446 732726 424764 612758 106157 264455 54252 508324 324064 855120 503022 118226 374858 513580 595926 679284 637346 825705 161894 198387 258469 412166 327511 398971 334031 347532 432720 632343 212268 484213 86094 575348 466902 625439 999999999 317008 261013 424076 300560 316047 59160 272138 184962 766637 719250 119540 587288 344243 165138 383282 664079 814952 136388 732361 317535 294738 377261 713581 324939 248381 490329 253120 422778 196726 678020 475064 808852 678072 184371 183532 838329 522332 568961 521442 357750 651855 357998 659849 417820 453908 555815 619221 205140 511506 622259 424286 364427 479634 294530 702232 613686 192014 731626 241898 548039 756854
518876 961998 612309 515453 693518 1025095 681508 909695 234292 471579 360129 768705 623370 1157825 802443 345578 616852 755416 906734 859630 921455 1121737 157209 151388 463401 700338 66508 564164 110385 664209 710713 873825 518984 776978 355366 890205 723466 828721 317008 999999999 212211 402795 571765 491302 257971 239159 490011 1060745 1024544 436440 894971 251777 481944 108643 981006 1108414 381525 1042836 84509 611394 70320 1027228 638308 224792 804390 551659 712433 124211 971495 692754 1117059 749760 462478 484505 1136133 559142 841618 715893 629589 877444 478563 947151 674533 757824 859683 850260 315890 658295 840825 723180 512101 688698 604049 763019 818130 257861 1038069 526485 600515 1058722
487498 827355 573714 305901 577385 862110 685071 754505 253254 507249 315250 769202 484415 1004872 653851 210230 434810 566483 773609 650727 753221 960891 194834 246894 279672 671181 270949 358617 308400 562598 693318 681361 467135 621749 339094 769559 727396 624699 261013 212211 999999999 207584 411220 548290 223159 27713 372841 898872 877980 356225 755755 84546 395182 193788 872718 944994 240680 905737 280454 525906 224660 898956 566906 18886 725553 418272 681289 197952 810848 728126 973864 541902 322441 362766 977109 354090 829612 512071 618756 908755 268761 781058 496871 704663 715207 654211 129021 447571 640776 577465 305313 489742 543728 557247 614583 84961 893145 381817 393399 906321
633246 848832 707384 134288 640122 839660 839617 750487 448282 686944 474252 918359 529482 992532 667102 326864 413600 512054 800129 522929 727509 937792 400042 454077 293272 805196 467154 278791 508009 642748 834247 609030 600902 627561 509727 812130 880332 520353 424076 402795 207584 999999999 435684 734532 404929 181495 462833 876609 880322 483806 775146 151618 510738 341681 924294 918277 339199 920099 480051 625684 390267 925253 675344 206079 815586 480875 813320 405454 794829 898407 976959 352213 396713 449738 956335 160485 968309 417355 767952 1071849 188245 757486 475890 818490 729860 573932 221751 321074 549306 601946 232727 415103 663457 362431 512684 236874 897158 436246 204389 898709
343896 421116 370432 377953 211921 454625 526587 343593 404972 480516 300415 583172 97478 594000 243389 226540 93258 217267 369413 413911 349690 552464 439637 489513 144630 452423 602674 215677 619431 230221 491419 333573 294305 210566 345566 376785 558014 346826 300560 571765 411220 435684 999999999 540961 347333 399889 138086 490834 466988 225539 348062 461111 206439 597690 488611 537965 190740 497328 598259 243683 614088 495572 297487 392335 399262 86190 455714 472327 401931 619547 563203 513356 116751 130686 567896 433804 607627 261983 453704 755545 260018 375610 118523 430171 305584 324392 282622 306221 333768 169914 226728 212603 308282 543882 335076 330902 482377 62911 434578 495254
214022 734027 261165 776344 488542 871314 224820 751631 296019 60447 275298 304405 508491 953917 649890 431095 632242 753208 685323 953064 803561 947210 368248 343327 556856 295631 455566 698028 428891 435162 281861 860909 261093 651433 231065 639338 260001 887778 316047 491302 548290 734532 540961 999999999 329985 566846 403425 897915 819742 320030 692897 632046 334753 594111 682823 944115 439802 808358 434120 369272 561401 771432 349119 541042 474384 460885 308257 385687 818960 203589 889413 989355 448780 412528 953882 838333 385658 797139 211667 386988 670428 817066 653828 385224 680569 859364 520150 809784 873164 586613 671186 749743 306910 1014736 876018 497804 826395 479259 863274 866189
275713 709473 367160 458207 438199 787221 464730 668035 61502 285275 105323 550169 378999 911902 558628 138614 414849 555388 654151 708647 689805 881103 102873 143417 284343 461361 269116 419850 277626 406691 478981 675045 266545 538186 117376 634306 507296 659378 59160 257971 223159 404929 347333 329985 999999999 238896 240640 821557 776449 178699 644867 307698 224298 327354 723213 869802 167117 790588 259950 353507 319032 772369 382263 213540 548056 307354 472495 137749 732658 504984 866682 684329 230691 237816 894105 518234 614597 552052 401382 685815 366333 713085 462288 508205 612533 659433 197349 530894 659642 479542 379728 513076 350307 706642 647769 168055 789066 291711 547821 813385
496795 818492 581120 278218 573032 847956 696902 742158 273449 524073 326062 780187 476750 992282 643173 209430 418255 547585 765211 625937 738319 946929 219089 272583 264303 679047 298481 335570 336095 560798 702540 661291 473944 609951 352913 763315 739016 601592 272138 239159 27713 181495 399889 566846 238896 999999999 370773 884846 866846 360793 746351 73449 397919 214295 868089 930575 237295 896202 308141 527033 248460 890954 569764 25946 726148 412435 688828 224092 797278 743305 963087 514190 316900 360038 963456 326470 838777 489212 629324 922725 244131 766505 480980 709082 705016 633289 117752 422116 618804 567766 281980 468421 548426 529557 591636 85185 882265 374248 365693 894052
214065 471993 260082 444001 207079 547813 410829 427823 290707 343023 170489 477623 139167 671366 318170 162680 228838 354021 416744 549902 453852 640814 341858 383070 189808 353110 508799 315796 518180 190029 387635 467650 166875 299638 212432 403057 446514 484544 184962 490011 372841 462833 138086 403425 240640 370773 999999999 581676 536285 88529 405441 441796 71025 537999 501545 629991 133722 552832 500466 162929 543033 538161 212924 355054 357673 69387 359328 376525 493085 495489 627555 618936 68010 13603 653596 505585 515529 395046 336359 645064 322706 475613 254374 356058 372031 461143 259473 421418 471751 239330 305317 346903 206227 647702 472761 287986 549225 75840 517103 572770
688097 188502 642001 772259 413323 37126 760204 154174 872222 844734 746413 760688 442662 120428 264155 715344 470277 368800 221166 498388 149200 62106 920830 964569 620686 654470 1087036 599032 1099087 464457 692607 308254 647754 284142 780789 279611 765861 434806 766637 1060745 898872 876609 490834 897915 821557 884846 581676 999999999 105192 658375 206290 939369 617295 1088001 318680 48353 679409 160871 1080283 531696 1104845 211936 549278 880078 469001 514206 647167 954921 89266 868083 143981 766865 598527 583761 79757 804763 727486 487695 715699 913262 688965 119517 406440 568607 219199 348760 769897 599501 388334 342366 644044 470524 591025 796396 433701 820871 113190 534585 780987 65058
615054 89392 560037 787486 347840 107266 668525 130108 822807 769240 692842 663390 401268 137348 224336 682771 466837 392609 134458 558881 177510 132512 878128 917439 606577 562911 1045069 609363 1053270 394283 599501 362370 578646 257328 722964 185303 671283 487639 719250 1024544 877980 880322 466988 819742 776449 866846 536285 105192 999999999 605150 132998 926665 561595 1061644 213489 137468 647371 62054 1036393 461308 1073567 108765 471133 859097 373326 472885 554726 912810 106965 775462 96929 812377 564103 540622 135378 826689 626462 519662 628966 812136 692364 151113 404541 474106 164891 400384 749590 628863 440956 302434 648811 493226 514128 843093 484217 796477 17621 500696 807901 48770
152833 534376 224140 488435 261479 625691 359574 504227 218298 260101 88102 435317 220463 741868 394306 158104 314097 442256 479216 633769 536212 716038 281297 313938 245526 322371 446009 383108 449958 228008 350447 556178 117116 380462 125481 456492 398906 570523 119540 436440 356225 483806 225539 320030 178699 360793 88529 658375 605150 999999999 472446 434192 45625 498805 544576 706707 146211 615479 435028 176584 495716 595165 211797 340512 374747 155693 331175 316060 570864 432369 692949 682125 129490 94861 727669 551236 484954 477283 286188 594458 371552 556499 342706 348503 443547 549415 264916 493115 559239 317488 363166 430305 187669 709480 558702 275665 616859 162667 568596 644440
485161 73699 435839 693822 215038 184074 555878 86638 690347 640764 560016 561977 273423 270270 108180 555876 364473 324123 34439 526547 165536 254497 746934 785247 491468 450402 913807 514878 921186 262702 489516 335896 447201 149438 589970 91510 563786 448434 587288 894971 755755 775146 348062 692897 644867 746351 405441 206290 132998 472446 999999999 809040 428706 935876 187088 251455 520983 149992 904703 330016 945672 150408 343830 736935 271135 344023 443755 781705 138942 664110 222129 751674 437334 410476 262311 738981 536856 451990 509607 721443 589594 158873 307027 367689 46564 366399 628616 553703 404773 178627 548146 416276 386094 783280 442081 672853 144438 374971 725704 175449
569752 881804 654490 273585 641862 902305 768824 800190 336382 591652 398363 852557 542449 1049366 704239 281714 469572 591852 829239 646566 791423 1001455 273064 320339 320310 752365 316865 368354 358625 631626 775562 701339 547360 669337 423417 829948 811060 630765 344243 251777 84546 151618 461111 632046 307698 73449 441796 939369 926665 434192 809040 999999999 470987 194062 936269 984198 308074 958439 330855 599468 239996 955307 642769 95876 798215 480335 762192 270462 852910 812671 1023326 502369 385541 430667 1018569 310568 911830 520443 701854 993193 272244 820254 533228 782391 766652 670689 184213 440870 652496 630518 314914 505774 621797 513691 621573 158530 942466 440541 353425 951882
143641 489694 198662 504518 216523 585207 344260 463349 263158 274312 131402 414869 184760 698564 353734 190528 298587 419201 434629 619830 498651 674271 326921 359025 253842 295256 491524 384929 494975 182394 326802 529788 98158 342479 163574 411029 381440 553214 165138 481944 395182 510738 206439 334753 224298 397919 71025 617295 561595 45625 428706 470987 999999999 542944 499065 665562 171757 570746 480366 132673 540822 549839 171870 378812 332016 127151 302893 361685 530446 425720 648581 687350 131370 82506 685467 566860 458596 465645 269794 579329 384765 517849 319567 312115 401066 525880 296154 491776 538568 278418 371156 417218 153242 715699 541480 312812 573007 145731 581021 601574
600541 1005758 693195 467596 745003 1051496 775155 941019 319653 570072 432677 862294 662490 1191273 837411 380166 627631 760249 951074 836377 943846 1149830 238733 250851 472061 785192 168220 549427 211927 722034 799095 875041 593899 807715 437140 940957 817559 815164 383282 108643 193788 341681 597690 594111 327354 214295 537999 1088001 1061644 498805 935876 194062 542944 999999999 1038196 1134673 414894 1085533 189381 675331 54557 1074696 708116 211686 873044 592819 796803 212384 999386 793436 1156453 693891 498546 530215 1165506 502129 932480 703071 718953 978343 456334 971161 689041 835501 897387 847479 320057 631092 833052 759367 495700 682691 677451 703391 805363 267151 1076200 561232 545745 1092290
502116 141545 425322 857134 295337 316250 498359 266075 757243 641288 624686 475730 396622 309848 280001 663574 527644 508097 152716 713611 343495 336952 825495 853154 632058 397538 988162 680719 987497 317014 427345 521898 479424 322836 642545 114756 492052 635504 664079 981006 872718 924294 488611 682823 723213 868089 501545 318680 213489 544576 187088 936269 499065 1038196 999999999 347316 632040 165083 975445 371729 1039239 113046 356963 854492 208495 455948 386837 860092 293847 599647 233747 933971 551200 510632 332899 906806 427179 634343 475505 610711 745265 328576 477159 303863 229222 553283 752107 731719 591827 326496 707168 595555 398834 965717 629069 787794 207387 496444 897687 258259
735004 225750 687206 811316 460764 83360 802461 202523 920557 891375 794751 800059 490952 95148 312505 762924 514703 408031 263594 522131 192801 24286 968954 1012848 666291 696697 1135082 639982 1147305 511471 734197 337947 695124 332155 829034 319868 806786 462916 814952 1108414 944994 918277 537965 944115 869802 930575 629991 48353 137468 706707 251455 984198 665562 1134673 347316 999999999 726979 183551 1128426 578791 1152052 236243 595178 926233 509106 562448 689016 1003008 137245 909992 144019 795698 646358 632022 44650 841811 763929 523238 759691 949603 731172 164089 450976 609430 266807 378704 816096 635104 417182 390694 686099 509030 637214 824612 462839 867522 140279 582454 816566 89606
