NAME : synthetic_000803
TYPE : CTSP-D
DIMENSION : 100
GROUPS : 8
RELAXATION_LEVEL : 1
EDGE_WEIGHT_TYPE : EXPLICIT
EDGE_WEIGHT_FORMAT : FULL_MATRIX
EDGE_WEIGHT_SECTION
999999999 712228 855910 338668 235345 70421 614199 469350 253490 788990 652260 810411 238523 877692 242987 780157 607942 187318 471416 686706 719449 571209 613309 715450 1028008 481158 759179 172270 496602 446844 803946 368948 484255 76608 796826 384697 402413 112378 450436 184083 931657 687586 183020 521059 990137 499440 557124 167557 194449 713019 259854 244842 538887 684699 956293 509062 244158 470379 791020 830034 577593 801954 1015825 828601 566156 824418 611089 679412 254957 544857 774326 501227 754868 789002 771564 292720 773669 580151 649575 273406 819558 535377 217729 171967 762585 362554 102926 780536 909237 882658 317722 740222 865218 460965 773499 846867 519101 621816 650058 553518
712228 999999999 1005473 706169 478477 665711 358662 582714 459820 969836 1155131 767407 949196 772509 940970 822723 634861 743194 681158 997307 496233 751740 682482 763009 870994 1074107 1188659 769431 957268 283796 640245 1014148 467596 653656 919118 881277 981878 620310 663889 623583 925483 1154485 783912 500461 760649 273967 1001535 557751 860097 407468 664662 481398 1012523 324461 881856 412229 518333 945436 1205209 739338 979362 1185041 801267 1054831 345127 676948 834085 861543 955258 1084796 428127 232122 405872 391065 649939 925556 466312 736746 1129521 960981 1279978 636570 866532 556184 512301 503600 815000 580328 793360 955692 712861 1192497 609693 651381 1174490 993024 368646 716624 1129452 303433
855910 1005473 999999999 518596 821590 797547 647500 471883 864408 68850 509583 279525 958242 334077 1010863 192730 373728 674676 408507 230739 536668 302741 329796 243120 405155 643256 409098 701728 450771 810897 428032 730376 564220 799747 86361 526500 617108 903360 432825 692931 204185 454367 698254 519168 484775 766700 417112 898057 762730 626439 601971 910728 457115 697461 291502 608633 716710 474023 393670 329994 363048 343996 471167 104632 662509 401018 245504 180177 1012050 556692 641889 980235 651841 691886 394233 704632 600791 304650 469098 1051395 490998 396278 1052507 776934 543558 609079 875252 479952 342878 101210 538480 443200 517896 431570 364589 12451 649634 298710 468248 707856
338668 706169 518596 999999999 338904 278955 444456 193747 384056 452680 451422 491355 482775 565906 523587 447958 305742 168579 145316 372228 480997 235043 295523 387563 715130 381899 507474 202818 254073 431619 519911 364982 280941 281378 458172 178275 294095 387776 130943 178735 598407 458591 205430 286937 699183 433205 304769 391253 292563 513819 85200 421569 309385 525119 631763 334350 236212 239880 531520 520151 297283 525993 718089 500092 414927 531453 273164 340908 528610 379303 569934 577293 558614 602503 480077 289729 552718 246748 429377 563063 590608 229028 544396 273623 521230 202859 373003 514595 596814 544493 23971 502753 600938 147328 505620 509198 369717 295624 429431 432774
235345 478477 821590 338904 999999999 187995 412476 361830 45168 762108 765883 701062 473788 754182 472878 698211 496310 292181 413372 708079 543980 518850 519635 628141 899321 637354 841218 309287 577742 213210 655513 554015 321981 175760 747011 475916 546676 162091 389026 180172 845171 784514 324463 369743 838341 272401 634420 110757 388637 516529 261324 89370 630528 473227 848680 324587 106198 557312 867304 706815 634261 864293 869754 823540 361524 682930 584127 642531 486111 673360 576375 280122 554260 582327 632306 466530 584136 518387 751235 498347 918918 439915 418195 85265 585599 222113 337423 619040 784956 820978 330969 832398 697246 390181 842730 810534 320086 540147 751459 338260
70421 665711 797547 278955 187995 999999999 546950 399741 215929 731532 630599 742157 296622 808554 308766 714497 538812 146986 406062 638325 649447 507822 545573 648890 958766 474967 727912 145726 461799 392285 733632 376361 414258 12401 735590 350559 389507 120613 384386 114766 866045 660472 159823 450682 919848 439767 522140 153718 204676 644681 196615 221159 508204 618868 888558 440376 177311 436925 758244 760824 536873 765180 945714 775609 499651 754308 552085 619403 319733 527607 705996 465284 686931 721896 701471 292285 704475 515607 623678 341150 794317 466987 288002 111952 692592 292428 157797 710128 840106 820090 259698 712016 794861 394061 738488 788108 452050 555300 624077 489320
614199 358662 647500 444456 412476 546950 999999999 268352 429930 614567 859106 413339 839337 430074 855715 464159 281139 551337 365785 660177 159289 412266 330158 404638 550340 825219 866952 586607 667779 247276 302184 803105 163516 538415 561154 619366 738518 571389 355707 452727 572959 846213 597575 169513 460473 174280 700484 523179 688871 104670 442330 478190 720273 80693 539084 113637 370075 663095 878521 391411 667371 851987 497702 701417 51236 337762 493416 511284 866540 809995 163899 391842 142138 174955 301493 720506 175258 394088 827560 887541 961831 298916 821666 444832 192157 268955 702249 247694 455064 597493 460405 877041 306991 339042 846234 635062 95147 364864 827309 89493
469350 582714 471883 193747 361830 399741 268352 999999999 401494 419410 591352 346332 655733 409285 687978 336382 140247 340734 99853 415945 287265 178034 157844 266355 559241 563672 608098 377756 399457 346054 338897 558363 115891 396460 391952 357674 480835 476776 87394 285267 484092 581073 384445 99829 523723 315803 432993 454364 476261 324187 227084 450690 451963 346892 494271 173266 264215 395361 623172 361442 402715 602342 547546 493862 251458 356439 257863 300479 695393 542503 378212 513691 368516 413469 303598 483206 359324 169440 560696 725355 701211 78404 686757 337810 327737 140668 531275 325529 440824 460817 214713 614824 412264 71325 592099 460102 216083 179416 560483 283124
253490 459820 864408 384056 45168 215929 429930 401494 999999999 805507 808920 737091 489404 787791 482728 737569 533671 331546 456640 753148 568406 561718 558945 667329 931369 676338 885812 346110 621856 211139 685279 588644 353482 203529 789003 519069 586366 163295 432309 222979 883377 828466 361287 402493 866273 277727 678833 102862 419960 534578 306077 51170 674358 485369 884202 350102 150822 601103 912083 740753 679213 909340 898715 867808 378694 713856 628066 685748 496662 715089 593253 249709 570325 595589 664030 502055 603914 560613 794897 505236 962967 479838 418287 124415 609177 260954 356407 646264 818274 861760 375953 876627 722290 432839 887647 853254 340594 580526 795134 350589
788990 969836 68850 452680 762108 731532 614567 419410 805507 999999999 456024 281135 889397 347646 942038 185715 334975 606871 348874 170322 517007 244904 287852 217975 440099 579396 368058 633507 384222 762867 423329 663269 518148 734051 76482 457841 550153 838856 373200 628414 244724 404163 629844 475615 505782 722786 353368 835451 693890 603968 536686 850905 393432 670273 325881 565810 656568 406888 357662 334006 298464 311105 497369 90232 624969 400814 180626 120115 943204 495420 625601 931749 633096 675255 385052 636137 585894 250092 415046 982570 455974 346651 984270 714477 529178 553518 806860 469938 362102 144574 472036 399239 518291 373593 326320 62779 607968 254447 414235 668805
652260 1155131 509583 451422 765883 630599 859106 591352 808920 456024 999999999 695186 621229 774179 684736 603990 619667 486191 493387 288193 837259 472931 577257 591563 889463 205418 144189 485630 197931 883039 804361 337313 704072 640075 522990 289975 254379 749967 504070 585954 700007 63332 472485 689604 935485 881204 158731 780875 472737 900335 510258 834837 142612 936066 776964 761694 674768 212204 179846 745463 199607 219719 935368 414416 841820 795631 411915 446925 678699 112091 944791 1025064 941543 987771 759641 374172 914943 495606 41117 720892 170165 569276 770416 685617 867085 652045 609107 829935 795982 600513 448873 108579 902751 520224 184339 510303 802454 549619 41890 868921
810411 767407 279525 491355 701062 742157 413339 346332 737091 281135 695186 999999999 974012 81410 1014377 96555 206440 659127 346359 415143 274929 270314 197774 112164 224577 765038 635246 694078 562358 624384 149472 811398 388746 739948 205918 588530 707744 823102 363896 627475 159840 654290 696686 338289 240647 564663 557653 798951 781387 366718 555062 787805 594021 445604 148102 413467 608903 575442 630558 53082 504115 587374 244960 368250 442519 121549 293508 248266 1019775 702282 371301 788822 384677 420953 121535 757152 329114 251774 654812 1053499 728028 275173 1025851 683936 272482 480014 861316 204990 109032 199502 515301 661343 238835 351047 597818 268604 446082 196483 654156 490472
238523 949196 958242 482775 473788 296622 839337 655733 489404 889397 621229 974012 999999999 1048558 63940 925354 784684 316888 628058 752539 928631 711434 778141 868560 1197906 417968 754532 280753 529059 685199 994229 284474 696333 306981 915880 433744 377618 332558 612280 388262 1072809 672910 277351 725783 1177530 735940 582862 394739 196855 933745 428718 473297 551416 913323 1112706 729542 472647 501874 790022 1002519 622192 815356 1198608 906814 793512 1009480 727477 796986 57819 509951 994814 732780 977080 1014009 957105 263185 989508 726173 633704 100146 789525 708146 169051 407425 971512 575630 138835 979752 1079537 1006341 458808 725668 1066235 627145 781860 951482 745228 777867 634440 785387
877692 772509 334077 565906 754182 808554 430074 409285 787791 347646 774179 81410 1048558 999999999 1087238 170860 269759 732489 420594 491550 276992 350131 270418 193326 150444 846446 709253 768002 643749 657913 132344 891781 434818 805598 271165 668948 788743 883757 436541 693832 166403 731788 771289 385323 161568 593146 638457 855785 857423 365214 625766 838889 675062 448066 109586 450561 666976 656838 702653 47913 584624 657818 163598 430595 466337 95700 374820 327720 1093133 783343 356195 817193 373830 403580 130066 836159 314139 330822 733602 1125974 800661 343471 1094384 743890 261902 536373 932893 192650 31552 241052 589875 736710 195326 422464 670349 324557 477973 273805 732927 513828
242987 940970 1010863 523587 472878 308766 855715 687978 482728 942038 684736 1014377 63940 1087238 999999999 969883 820638 355278 668050 809241 953730 755808 817277 911045 1237244 481795 817266 320923 587807 686055 1026819 348264 719374 317519 965536 489346 439519 320667 650860 411142 1118745 735918 319970 752066 1211541 741486 642701 383224 248290 953002 462652 460335 612160 927253 1155305 748524 485904 560439 852650 1040605 680469 877193 1234155 962674 808296 1043833 776563 846310 15642 573285 1014296 718802 995505 1030662 991141 323203 1011538 769415 696655 40533 853244 744729 114009 414938 996825 597565 157269 1009089 1118464 1055511 499778 788796 1095078 664790 843930 1003717 760803 819166 697382 796480
780157 822723 192730 447958 698211 714497 464159 336382 737569 185715 603990 96555 925354 170860 969883 999999999 209247 616231 308740 320713 344659 214097 178634 70355 293737 686128 539422 649252 482475 650791 238400 742666 405365 713858 112331 521006 635258 805721 330114 601523 151550 560956 649950 356261 332417 598453 472017 788599 729693 435169 520592 787012 509697 508527 191273 441277 599265 498054 534187 149625 417281 490824 331476 274231 484958 215099 214711 159356 974002 617815 449170 819083 459383 499170 202214 695291 408070 201254 563279 1009764 631793 258495 991291 669607 350842 476628 820940 287902 192052 134472 471323 566209 332589 321252 501527 180904 479128 160506 562591 531953
607942 634861 373728 305742 496310 538812 281139 140247 533671 334975 619667 206440 784684 269759 820638 209247 999999999 467797 164738 386950 217896 147341 49442 139893 420074 636490 603134 504123 447424 442698 215398 655784 196302 535955 288082 438725 563950 616812 174942 424079 350086 595245 508798 147920 393629 393906 463958 592715 597965 289101 358045 583961 492397 343326 354527 235688 402575 451814 610358 222101 420360 579262 413939 420655 290086 225738 221128 230465 827186 595038 327111 611616 326727 372567 174444 589629 295482 125286 583475 858854 699295 76812 824771 477522 247880 274462 665141 219957 301308 341461 329327 618513 302982 158516 577296 361324 276029 84135 583052 334544
187318 743194 674676 168579 292181 146986 551337 340734 331546 606871 486191 659127 316888 732489 355278 616231 467797 999999999 312779 499446 620669 402661 462247 556127 882269 345174 580931 37085 314895 459588 678128 270981 395686 155255 620531 203576 254820 267597 295948 119887 766248 514059 46259 418058 860807 487549 375301 294691 138574 636855 114616 351286 361345 630096 800287 437865 224943 289940 611292 686145 391852 618871 881721 642646 511307 692735 432190 501632 360723 386472 696612 568798 681420 721910 640464 182457 686290 415158 477648 394590 648211 391272 379067 207434 662909 282638 204907 666097 763616 708714 144967 565333 752810 310432 591780 666200 462494 463952 478022 514826
471416 681158 408507 145316 413372 406062 365785 99853 456640 348874 493387 346359 628058 420594 668050 308740 164738 312779 999999999 321441 361885 106251 150246 244957 569866 480303 508471 347775 304656 435042 380122 491658 215579 405821 336732 277716 403120 501687 24346 294092 460252 481524 350731 196274 555966 411638 334716 491210 437288 412236 212001 502358 355645 442819 488300 273089 308214 303328 524102 374940 302989 504685 573691 414369 351128 388983 173594 229161 673419 450259 462053 599249 455328 501207 338647 424938 437966 110150 461868 707257 601393 90762 683386 370201 398561 209024 515671 381497 451500 416810 169287 514971 466294 29946 493339 397632 315752 151753 461630 382830
686706 997307 230739 372228 708079 638325 660177 415945 753148 170322 288193 415143 752539 491550 809241 320713 386950 499446 321441 999999999 599096 248065 338325 320376 601607 413175 223092 519475 227888 756335 538452 506880 529860 643315 234803 320177 393742 754357 342442 549583 412340 240861 512690 498703 653068 731614 187564 762821 562504 675791 456241 792892 227295 728328 488822 585207 602734 253535 225049 467173 135668 192418 650336 155693 657321 524166 166966 172160 808518 326044 710056 919152 712043 757297 495166 491701 674725 266245 247076 849442 318512 362898 864567 645849 621488 526565 686738 573443 511428 314530 385430 246563 637312 351203 191684 228998 628773 304938 246307 694843
719449 496233 536668 480997 543980 649447 159289 287265 568406 517007 837259 274929 928631 276992 953730 344659 217896 620669 361885 599096 999999999 365223 263159 299034 391206 842181 818625 657646 660862 402883 145657 845223 235197 642920 452595 638587 763550 694927 362314 542599 430345 813043 665939 203083 303399 331853 680806 653631 758574 91815 506137 618651 707904 172043 386572 219414 480425 662784 823952 243244 638141 790004 339585 607050 203585 182144 436351 432812 962886 808283 111027 551127 116099 159344 154601 770414 77693 343021 801305 988650 914862 273849 934532 559400 43150 357062 796802 88645 299696 470972 501873 835359 153988 343806 790657 524578 230116 294891 800888 247936
571209 751740 302741 235043 518850 507822 412266 178034 561718 244904 472931 270314 711434 350131 755808 214097 147341 402661 106251 248065 365223 999999999 104742 159598 494041 504540 458145 435299 307635 524077 341343 541791 286282 508377 230654 319089 440546 606757 130426 397822 363588 447932 435860 251588 499695 491078 318624 597392 516178 434216 311590 608008 349048 481788 402004 339720 414118 315722 467423 308891 273397 439726 511134 316047 409751 340446 82360 124798 759906 454206 474286 691600 473158 519188 296666 487032 442766 22920 436349 795722 554040 115341 779392 476336 394162 308720 607539 359348 379188 312439 258038 472070 436889 128969 434779 291708 383253 81695 435913 448481
613309 682482 329796 295523 519635 545573 330158 157844 558945 287852 577257 197774 778141 270418 817277 178634 49442 462247 150246 338325 263159 104742 999999999 108512 420022 604863 555848 497627 411000 482173 240153 632700 235017 543817 245268 412238 536363 630941 166427 431154 326650 550529 500876 189377 408278 436961 423366 611313 587441 337466 357288 608386 453560 392757 343015 279051 421475 417554 562281 224712 377651 530480 424321 372429 337393 243530 173454 181180 822962 558110 373432 651514 374170 419745 196228 571044 340228 81860 540266 856222 652072 80669 828247 493332 290241 297997 663703 254813 301426 305839 319486 572200 333714 153273 529131 317491 320605 34744 539808 380954
715450 763009 243120 387563 628141 648890 404638 266355 667329 217975 591563 112164 868560 193326 911045 70355 139893 556127 244957 320376 299034 159598 108512 999999999 334572 653467 543371 590132 451293 582409 218156 699503 336192 647799 156950 476651 595581 737706 265072 535208 218849 554443 591780 287607 349418 531870 449276 719378 674339 386397 456758 716856 484717 454967 244284 374031 529745 463754 542802 156563 396883 503593 356466 308032 421755 204794 183599 148343 915786 592782 407959 751126 415128 457483 175423 646537 368751 142663 551836 950604 638306 188793 928309 600862 312481 406415 760074 256887 221098 201630 411298 566295 316947 254846 509500 230711 412963 93635 551230 468046
1028008 870994 405155 715130 899321 958766 550340 559241 931369 440099 889463 224577 1197906 150444 1237244 293737 420074 882269 569866 601607 391206 494041 420022 334572 999999999 979864 808030 917579 776212 789276 250950 1033231 577932 955681 367709 810568 927528 1032300 586397 844081 201274 841589 920558 529579 124873 720806 764359 1002659 1005824 468886 776106 982539 802569 552073 114376 587658 814821 791584 796070 197974 709111 747633 89044 509445 592237 218759 507983 452026 1242983 910409 443029 942088 465148 483579 267348 981069 404919 476092 848384 1276087 894142 493895 1244793 892346 363858 683901 1083165 302650 118975 303977 739099 839264 261653 572600 765535 399114 610584 420998 847636 638155
481158 1074107 643256 381899 637354 474967 825219 563672 676338 579396 205418 765038 417968 846446 481795 686128 636490 345174 480303 413175 842181 504540 604863 653467 979864 999999999 345430 331787 203661 791583 844825 133559 661963 486100 631735 206217 92398 587844 481113 461422 809214 262116 316844 662389 1001910 806359 226176 628679 289417 887781 409513 692781 186145 905688 874083 716156 562900 189770 381495 809284 280982 414624 1009879 564037 796820 844983 472482 529029 475026 99505 940509 912618 931930 977091 800489 188881 918009 526673 224495 517027 371778 569464 572566 552533 878572 579161 421467 856418 872935 719391 368837 312832 938092 499530 379407 640561 751464 586184 225337 813709
759179 1188659 409098 507474 841218 727912 866952 608098 885812 368058 144189 635246 754532 709253 817266 539422 603134 580931 508471 223092 818625 458145 555848 543371 808030 345430 999999999 587677 266869 929839 761498 473690 723975 736020 442349 377356 378816 848525 524836 665544 610315 83347 576221 700013 870005 916647 207644 871878 592402 891906 579948 917616 220359 939051 693709 781302 742329 291024 36069 687842 211916 79072 864145 306185 857973 746655 382397 395245 812319 247065 929214 1083174 929811 975527 718258 498513 895057 478798 121457 854650 96237 568287 896633 766520 842757 695283 728513 796199 726876 507372 511500 39309 860316 537931 46854 412625 824169 523743 120665 891222
172270 769431 701728 202818 309287 145726 586607 377756 346110 633507 485630 694078 280753 768002 320923 649252 504123 37085 347775 519475 657646 435299 497627 590132 917579 331787 587677 999999999 324336 486537 714925 246168 431974 156000 650055 212429 244425 264339 331572 146696 798690 517628 15188 454952 897344 517800 384865 298639 102370 673075 151674 360994 367320 665004 834402 473298 251589 298181 619161 721837 406150 629685 917979 665673 545860 729269 461156 530858 325793 381898 732982 588487 717571 757784 677073 157847 723019 448549 480201 360601 650729 427495 350779 224038 699920 317683 174076 703154 799053 738921 178941 569814 789871 346397 601297 693594 496970 498437 480639 548021
496602 957268 450771 254073 577742 461799 667779 399457 621856 384222 197931 562358 529059 643749 587807 482475 447424 314895 304656 227888 660862 307635 411000 451293 776212 203661 266869 324336 999999999 685505 648905 279949 509682 469615 431094 111964 166582 582354 312222 400047 607238 206997 314020 498945 800490 683377 60560 605020 345753 716543 317856 651927 55391 746190 670618 566973 482222 27561 296486 607622 93569 305391 807315 383568 647650 646546 269181 325595 585923 147638 764779 829988 759207 805250 604152 266235 738172 330357 175665 627511 341187 387590 652377 500986 694281 454114 477435 665476 669833 520220 253091 254870 744403 329375 277159 446640 606929 389044 175765 672977
446844 283796 810897 431619 213210 392285 247276 346054 211139 762867 883039 624384 685199 657913 686055 650791 442698 459588 435042 756335 402883 524077 482173 582409 789276 791583 929839 486537 685505 999999999 538361 730569 247188 380814 727295 602569 699228 372074 413956 340217 781868 887973 500850 294811 706157 74543 733887 313662 579431 348563 382872 251221 740875 286181 763409 211197 235002 671325 949908 614417 718063 935693 742428 839625 199425 571714 603435 645410 699210 806714 402316 169369 377888 396425 528086 642023 420814 514439 860267 711414 1017569 416218 628466 280468 438706 234556 547426 489084 685800 784036 435527 929512 553843 405487 920968 798731 179940 512225 860282 158539
803946 640245 428032 519911 655513 733632 302184 338897 685279 423329 804361 149472 994229 132344 1026819 238400 215398 678128 380122 538452 145657 341343 240153 218156 250950 844825 761498 714925 648905 538361 999999999 870498 333795 729008 350704 651623 776197 795993 389723 620767 292476 770339 720589 288215 186278 470391 655959 761676 811009 232879 565549 736365 688640 315855 241616 338060 577689 656823 760786 105426 606415 720806 214651 512501 342036 36705 392466 366310 1034289 794963 226490 692792 242720 275174 44909 805026 184097 318763 765459 1064023 856458 291261 1021634 656642 130052 447340 869969 60481 154042 348335 543201 783986 98979 372682 727520 416807 359694 259868 764901 388567
368948 1014148 730376 364982 554015 376361 803105 558363 588644 663269 337313 811398 284474 891781 348264 742666 655784 270981 491658 506880 845223 541791 632700 699503 1033231 133559 473690 246168 279949 730569 870498 999999999 640861 388394 705569 222868 113367 479895 485808 390610 877737 391028 231254 651455 1039920 756645 322684 527375 174878 877987 363834 597520 285875 883539 933810 690165 495830 256394 509564 850542 371258 538759 1052789 662149 768106 876214 529097 593361 341670 227052 934722 833925 922864 966198 827824 88629 917617 561856 352258 383765 505073 582234 440139 469080 884756 540785 296875 872891 920430 795956 345625 443100 957947 504042 504248 725903 720276 620637 353040 777420
484255 467596 564220 280941 321981 414258 163516 115891 353482 518148 704072 388746 696333 434818 719374 405365 196302 395686 215579 529860 235197 286282 235017 336192 577932 661963 723975 431974 509682 247188 333795 640861 999999999 407740 480228 456358 575012 464230 201003 308641 541898 695884 441824 50470 517905 205419 546371 427965 534214 241184 283467 404647 563310 244188 533790 57763 247051 503229 738998 388176 517932 717606 548323 597804 137968 360968 368207 402827 728855 649457 301032 416504 285824 327134 310639 559478 293200 273437 674501 753874 816957 172996 699663 326372 278338 121969 562817 300704 465067 537702 297068 730402 382988 186449 707835 551997 100195 265548 674320 167256
76608 653656 799747 281378 175760 12401 538415 396460 203529 734051 640075 739948 306981 805598 317519 713858 535955 155255 405821 643315 642920 508377 543817 647799 955681 486100 736020 156000 469615 380814 729008 388394 407740 999999999 736834 358703 400173 112958 383807 112681 865374 669223 170326 445031 915273 429064 529844 142779 216981 636722 198009 209170 516592 609772 886669 432617 168412 444996 766101 757808 543554 772378 941531 779373 490786 750156 554242 621160 328785 537672 698037 452886 678751 713319 697360 304032 697105 515638 632622 349216 803240 464812 292957 100785 686050 286146 168170 704629 837147 820786 262778 720581 789080 392975 745998 790184 443406 554289 633010 479670
796826 919118 86361 458172 747011 735590 561154 391952 789003 76482 522990 205918 915880 271165 965536 112331 288082 620531 336732 234803 452595 230654 245268 156950 367709 631735 442349 650055 431094 727295 350704 705569 480228 736834 999999999 491485 593793 837041 360716 627459 178830 473953 648128 434372 429544 681637 408109 827936 719096 541664 538990 836365 447764 611711 254273 523449 643345 451216 433253 258496 352312 387272 421947 162388 576313 326580 189111 119309 967884 553157 559182 896661 568239 609106 314222 670220 518590 228711 481873 1005981 531534 314941 999597 706930 461476 530993 824118 399778 285884 91007 479575 472329 444159 357324 401539 73915 564108 215443 481101 621814
384697 881277 526500 178275 475916 350559 619366 357674 519069 457841 289975 588530 433744 668948 489346 521006 438725 203576 277716 320177 638587 319089 412238 476651 810568 206217 377356 212429 111964 602569 651623 222868 456358 358703 491485 999999999 125449 471172 276408 296093 659280 311932 202378 456195 818011 609681 172523 495918 242354 681857 222468 546181 158181 699736 712278 511187 386034 86389 407861 627957 196467 417257 830210 473364 592105 655571 309101 375671 489056 204161 735156 737711 726124 771143 608246 178890 713690 339444 276749 529653 446558 368140 546294 396166 676041 379827 369533 658064 697561 582479 168601 362424 741705 294907 389097 520417 547560 398537 277046 611001
402413 981878 617108 294095 546676 389507 738518 480835 586366 550153 254379 707744 377618 788743 439519 635258 563950 254820 403120 393742 763550 440546 536363 595581 927528 92398 378816 244425 166582 699228 776197 113367 575012 400173 593793 125449 999999999 505401 401238 369686 767366 299124 229874 578276 940238 714715 211105 542937 218408 804768 317428 604649 176052 819161 825883 628220 470654 143311 413823 749034 258224 437754 951062 549175 708495 779223 420737 483251 435404 143641 858941 820849 849255 893929 732565 120344 838295 461656 259748 477683 424371 493586 518357 462200 801275 488456 354729 783440 816629 683873 279474 352533 866891 419746 404411 612734 662511 521133 260407 723928
112378 620310 903360 387776 162091 120613 571389 476776 163295 838856 749967 823102 332558 883757 320667 805721 616812 267597 501687 754357 694927 606757 630941 737706 1032300 587844 848525 264339 582354 372074 795993 479895 464230 112958 837041 471172 505401 999999999 478451 210462 956499 780833 277680 507824 981418 434193 642652 62649 305021 674509 302765 140816 628780 634539 971037 476684 218336 557535 878820 835863 656420 885335 1010503 887712 520912 820474 658326 723646 334961 645549 735009 400336 713512 743025 768381 400952 740313 611746 743862 342064 914494 550468 256593 139960 737410 349148 208424 764912 915132 918497 370946 832502 846249 485168 858898 893382 477458 645223 744273 499804
450436 663889 432825 130943 389026 384386 355707 87394 432309 373200 504070 363896 612280 436541 650860 330114 174942 295948 24346 342442 362314 130426 166427 265072 586397 481113 524836 331572 312222 413956 389723 485808 201003 383807 360716 276408 401238 478451 999999999 271692 481660 494885 335332 186728 568247 392953 345854 467239 423459 407733 191904 478014 364577 433974 507346 258763 283887 308797 541543 390266 317130 523613 587288 438232 338096 400572 197427 253506 656614 456011 459454 577187 451462 496995 349372 416189 437290 133345 473762 689795 616885 98466 663527 346297 400368 185912 497421 387473 467683 440166 154682 529941 473148 18509 511217 421931 300724 171471 473564 367761
184083 623583 692931 178735 180172 114766 452727 285267 222979 628414 585954 627475 388262 693832 411142 601523 424079 119887 294092 549583 542599 397822 431154 535208 844081 461422 665544 146696 400047 340217 620767 390610 308641 112681 627459 296093 369686 210462 271692 999999999 752991 606121 160760 341166 806789 371680 457994 213278 243866 545575 93629 252072 451880 528731 774050 341659 105257 378611 692987 646123 462543 693398 832012 678627 408720 640627 447866 513331 420340 493412 606590 451202 589088 626764 587754 301995 601563 404160 572155 446432 740757 352304 401600 100989 585686 187410 254257 599426 725383 710178 164163 654905 684915 280439 669891 682998 359908 441747 572406 406305
931657 925483 204185 598407 845171 866045 572959 484092 883377 244724 700007 159840 1072809 166403 1118745 151550 350086 766248 460252 412340 430345 363588 326650 218849 201274 809214 610315 798690 607238 781868 292476 877737 541898 865374 178830 659280 767366 956499 481660 752991 999999999 648876 798824 491596 291862 723645 586611 937960 876427 521460 672011 933401 626122 602221 89258 570672 748092 626083 596761 187985 530794 547672 272455 308723 602279 257392 350291 284377 1122436 731899 518938 947456 534952 567334 275825 836428 476562 352139 658934 1158802 694518 407277 1142327 819685 422005 623069 971124 352475 161147 103343 621564 642856 361532 472623 566862 198726 604657 311508 658140 650220
687586 1154485 454367 458591 784514 660472 846213 581073 828466 404163 63332 654290 672910 731788 735918 560956 595245 514059 481524 240861 813043 447932 550529 554443 841589 262116 83347 517628 206997 887973 770339 391028 695884 669223 473953 311932 299124 780833 494885 606121 648876 999999999 505396 677111 893356 880806 154117 807722 515218 880588 524847 857480 154276 921303 728188 753640 689137 227522 119415 705632 178842 156674 891168 356537 832531 759232 380134 407204 730639 164079 922187 1035758 920532 966673 726018 419375 890470 470024 39391 772951 134706 551035 817480 706868 840643 654394 651725 799584 752165 547921 459348 53464 869218 509803 121203 455903 795512 520860 38719 862478
183020 783912 698254 205430 324463 159823 597575 384445 361287 629844 472485 696686 277351 771289 319970 649950 508798 46259 350731 512690 665939 435860 500876 591780 920558 316844 576221 15188 314020 500850 720589 231254 441824 170326 648128 202378 229874 277680 335332 160760 798824 505396 999999999 463586 902312 531309 374458 313069 92704 683005 159854 375950 355894 676275 836048 484117 265854 287569 607999 725387 397282 619399 922384 660117 557388 734268 459054 528837 324138 368069 742689 603612 727594 768148 682253 142840 732056 449744 467755 359978 638165 432042 354740 239212 708044 328823 177018 709973 802229 737401 181460 557773 796708 350620 590631 690323 508549 500646 468207 560363
521059 500461 519168 286937 369743 450682 169513 99829 402493 475615 689604 338289 725783 385323 752066 356261 147920 418058 196274 498703 203083 251588 189377 287607 529579 662389 700013 454952 498945 294811 288215 651455 50470 445031 434372 456195 578276 507824 186728 341166 491596 677111 463586 999999999 473670 247623 530971 474112 556286 226924 303742 453614 551058 247246 483533 90241 289587 495167 713009 338433 498308 688866 502822 557432 158773 313820 333935 362782 760884 642324 283336 463701 271686 315820 262683 573179 268947 236292 658093 787596 794299 136256 737907 368695 245796 159959 594898 259649 415783 489237 305846 708867 344201 169728 681175 506855 133001 221437 657847 197041
990137 760649 484775 699183 838341 919848 460473 523723 866273 505782 935485 240647 1177530 161568 1211541 332417 393629 860807 555966 653068 303399 499695 408278 349418 124873 1001910 870005 897344 800490 706157 186278 1039920 517905 915273 429544 818011 940238 981418 568247 806789 291862 893356 902312 473670 999999999 634461 797946 945700 991571 368726 749368 917115 833909 449465 204759 516487 763251 812155 862507 192891 744662 816813 40847 585339 506743 168075 532861 488713 1218700 942071 333855 850128 357559 369941 220482 979300 299562 478713 894979 1249061 960691 470441 1207844 842354 268416 633246 1054983 220201 143679 385993 722857 897930 155241 552117 830467 476491 532455 419475 894310 549915
499440 273967 766700 433205 272401 439767 174280 315803 277727 722786 881204 564663 735940 593146 741486 598453 393906 487549 411638 731614 331853 491078 436961 531870 720806 806359 916647 517800 683377 74543 470391 756645 205419 429064 681637 609681 714715 434193 392953 371680 723645 880806 531309 247623 634461 999999999 727663 378476 615228 274331 397801 321150 738604 212099 700148 158226 269742 671877 934306 551005 706438 916284 671298 803168 128627 504612 572545 608186 754020 812407 327773 224457 303353 322567 463081 668923 346679 478788 855586 768906 1007133 378414 690575 328521 366352 230347 597202 419130 620154 732704 441086 919452 481269 381693 904148 754367 119485 468974 855521 84876
557124 1001535 417112 304769 634420 522140 700484 432993 678833 353368 158731 557653 582862 638457 642701 472017 463958 375301 334716 187564 680806 318624 423366 449276 764359 226176 207644 384865 60560 733887 655959 322684 546371 529844 408109 172523 211105 642652 345854 457994 586611 154117 374458 530971 797946 727663 999999999 664522 403445 742159 373496 710060 40065 777338 655498 604084 537014 87020 236402 605547 55818 244954 801719 340903 683883 650216 265882 312707 640154 146087 787471 882059 783678 829898 611053 319716 758486 341514 128350 682038 286051 411101 710369 558981 711820 500494 536382 677711 662795 494384 306450 198520 753337 361767 216610 414389 645279 397694 128218 711994
167557 557751 898057 391253 110757 153718 523179 454364 102862 835451 780875 798951 394739 855785 383224 788599 592715 294691 491210 762821 653631 597392 611313 719378 1002659 628679 871878 298639 605020 313662 761676 527375 427965 142779 827936 495918 542937 62649 467239 213278 937960 807722 313069 474112 945700 378476 664522 999999999 353252 627281 306619 78663 654072 582904 947029 434257 190219 581522 900799 808084 673351 903897 976268 889685 472179 787932 655066 717883 397568 679811 687075 338043 664873 692408 736591 445041 694829 600071 771835 404008 942194 530689 315447 121139 695508 319544 267792 727179 886887 906315 377431 858315 806468 471676 879124 887584 430811 628546 772184 447828
194449 860097 762730 292563 388637 204676 688871 476261 419960 693890 472737 781387 196855 857423 248290 729693 597965 138574 437288 562504 758574 516178 587441 674339 1005824 289417 592402 102370 345753 579431 811009 174878 534214 216981 719096 242354 218408 305021 423459 243866 876427 515218 92704 556286 991571 615228 403445 353252 999999999 775358 252547 425036 377063 767089 918049 575622 346259 318192 626395 812144 436592 644922 1010642 715053 647761 823690 530624 600151 249364 361882 835173 668303 819884 860153 772004 100837 824748 531696 476069 288798 642581 521157 306937 305618 800625 419919 136569 801720 888078 809509 268777 568658 888445 439456 613437 755705 598840 584908 476669 648804
713019 407468 626439 513819 516529 644681 104670 324187 534578 603968 900335 366718 933745 365214 953002 435169 289101 636855 412236 675791 91815 434216 337466 386397 468886 887781 891906 673075 716543 348563 232879 877987 241184 636722 541664 681857 804768 674509 407733 545575 521460 880588 683005 226924 368726 274331 742159 627281 775358 999999999 524451 582850 766296 83635 474436 204512 469149 715498 899459 333827 703162 867895 407707 693609 155897 269565 510222 513921 963329 862494 61316 482431 44908 89318 246065 798593 72450 413158 866034 985821 987978 331077 922967 545552 105570 358584 798033 172860 385936 562569 532398 906260 213485 389609 866390 614255 197051 371115 865683 190166
259854 664662 601971 85200 261324 196615 442330 227084 306077 536686 510258 555062 428718 625766 462652 520592 358045 114616 212001 456241 506137 311590 357288 456758 776106 409513 579948 151674 317856 382872 565549 363834 283467 198009 538990 222468 317428 302765 191904 93629 672011 524847 159854 303742 749368 397801 373496 306619 252547 524451 999999999 340529 371680 522117 699214 328736 164635 298965 606008 578752 373397 603934 771526 585275 405083 581460 356505 423160 469443 425972 583697 515364 569195 610527 528887 278949 572337 320304 492762 500810 658804 282477 471631 190647 548323 176971 307223 551969 657149 623615 71232 571821 638640 204015 581689 592310 356881 363258 492929 413639
244842 481398 910728 421569 89370 221159 478190 450690 51170 850905 834837 787805 473297 838889 460335 787012 583961 351286 502358 792892 618651 608008 608386 716856 982539 692781 917616 360994 651927 251221 736365 597520 404647 209170 836365 546181 604649 140816 478014 252072 933401 857480 375950 453614 917115 321150 710060 78663 425036 582850 340529 999999999 703210 531139 935041 400775 194361 630009 944933 791817 713590 944322 949696 911251 426995 765010 672432 731482 474889 737590 640959 259522 617723 641643 715201 513023 652733 607722 822895 479586 992181 528901 386847 151102 659180 310486 346041 697041 869396 910257 411469 906704 772601 479441 921484 899713 390118 629305 823179 396993
538887 1012523 457115 309385 630528 508204 720273 451963 674358 393432 142612 594021 551416 675062 612160 509697 492397 361345 355645 227295 707904 349048 453560 484717 802569 186145 220359 367320 55391 740875 688640 285875 563310 516592 447764 158181 176052 628780 364577 451880 626122 154276 355894 551058 833909 738604 40065 654072 377063 766296 371680 703210 999999999 798181 694256 620762 536255 73271 252284 641224 95524 267864 838514 379862 701242 684107 301120 350601 608985 108287 813237 884827 808481 854631 643743 289039 785461 371962 121090 651078 288972 435957 683646 552598 740115 509466 511827 708351 699866 534314 307947 204247 785383 381330 236800 454438 661063 429334 121251 727301
684699 324461 697461 525119 473227 618868 80693 346892 485369 670273 936066 445604 913323 448066 927253 508527 343326 630096 442819 728328 172043 481788 392757 454967 552073 905688 939051 665004 746190 286181 315855 883539 244188 609772 611711 699736 819161 634539 433974 528731 602221 921303 676275 247246 449465 212099 777338 582904 767089 83635 522117 531139 798181 999999999 557468 193508 441560 742184 949196 415286 742570 920687 488994 758872 120040 352559 561404 573175 938533 889249 120780 406371 95667 110607 326396 800621 149961 462352 903772 957989 1034469 371134 888044 513607 189192 347458 775447 256159 469303 638646 541094 950586 294558 416904 916565 685131 168830 427367 903494 135078
956293 881856 291502 631763 848680 888558 539084 494271 884202 325881 776964 148102 1112706 109586 1155305 191273 354527 800287 488300 488822 386572 402004 343015 244284 114376 874083 693709 834402 670618 763409 241616 933810 533790 886669 254273 712278 825883 971037 507346 774050 89258 728188 836048 483533 204759 700148 655498 947029 918049 474436 699214 935041 694256 557468 999999999 554167 757001 687389 681706 149157 599916 633348 183407 395503 574226 204912 405153 345055 1160069 801546 462930 924506 481512 509217 237923 886265 421299 386541 735853 1194827 779797 422002 1170745 831976 370462 627966 1003922 301637 90305 190310 655535 725110 293138 495624 651159 285111 583657 336573 735092 621921
509062 412229 608633 334350 324587 440376 113637 173266 350102 565810 761694 413467 729542 450561 748524 441277 235688 437865 273089 585207 219414 339720 279051 374031 587658 716156 781302 473298 566973 211197 338060 690165 57763 432617 523449 511187 628220 476684 258763 341659 570672 753640 484117 90241 516487 158226 604084 434257 575622 204512 328736 400775 620762 193508 554167 999999999 265873 560079 795965 405769 575638 773872 549676 647613 81097 368901 422009 452872 758819 705968 265782 378071 247541 285389 321990 607116 265205 325450 732238 781521 874474 224883 720785 343580 261284 155935 593550 296323 479493 575246 349104 788017 372748 244101 764645 596283 43584 311517 732059 110087
