NAME : synthetic_000241
TYPE : CTSP-D
DIMENSION : 100
GROUPS : 8
RELAXATION_LEVEL : 1
EDGE_WEIGHT_TYPE : EXPLICIT
EDGE_WEIGHT_FORMAT : FULL_MATRIX
EDGE_WEIGHT_SECTION
999999999 140458 791646 833380 374122 503127 932578 745507 877056 642628 1017223 871063 387898 696795 708268 827702 269376 363001 536353 137520 937893 676526 709483 691610 893223 88153 242357 593221 602583 412675 391371 492922 357727 321136 935757 384317 191909 501789 611907 208970 1011889 843702 495317 376125 580595 78566 478041 597682 640859 784310 527176 258332 223019 871538 84366 713312 553986 544998 149851 822165 732109 844425 393168 143129 1071741 682653 581565 957742 362178 780609 568136 724098 501593 261549 70777 175504 358898 550447 596773 858754 682605 571688 765003 456470 407827 759154 865191 662328 452592 690705 653828 139408 589555 729984 585497 789750 755121 631443 275310 627229
140458 999999999 926399 966820 478998 605188 1066855 880608 1017312 768651 1156978 1009866 504091 824350 844373 968113 409612 421759 631574 275520 1074865 808530 827406 814827 1033271 178827 353312 691326 713775 534034 505882 585504 454672 439821 1073094 521077 247793 631879 689485 68725 1152214 966699 630869 446200 665940 155508 543946 737954 779470 896025 653111 314402 359072 1003018 95691 851620 693111 684392 94996 962590 814922 973281 524261 243353 1212137 784811 720421 1098102 445221 896680 696242 830127 635434 386417 116957 192375 492380 657009 735137 991613 812313 709947 860973 516523 495467 899601 999343 735539 592870 825405 754257 273333 723531 824845 694047 905190 892521 768193 329840 767364
791646 926399 999999999 522531 726290 442916 550044 464972 226416 202943 434431 399123 455229 574295 87853 230527 550521 886690 466369 654286 489722 126783 249776 623282 216477 754024 592334 432913 709356 415192 676913 495453 760042 668989 478375 407972 854312 300588 908618 994226 322174 678016 478786 856940 510970 777345 903036 317327 376500 308299 295563 709943 568642 572771 837645 381112 386437 382135 884621 232521 938849 602177 565894 778518 419969 389682 230990 345753 811626 724062 557144 785846 291045 544762 814040 900889 434032 395312 211047 543218 543753 232563 441143 915163 801496 251758 521153 953208 403605 101005 405590 695402 203054 865780 367379 271474 412237 425112 707295 315746
833380 966820 522531 999999999 536623 798354 101370 93636 342890 630527 284276 155497 717417 168527 482195 306069 578613 694567 842453 724861 138887 555416 726822 210134 368787 851957 770451 841674 354888 681964 489938 845601 574841 539607 145034 563605 772791 592662 559382 1030717 397583 167734 339181 653858 907148 868434 637575 309697 226548 809456 630426 913593 671765 53522 912110 167283 307275 319574 976726 301550 525612 83269 442828 733580 377801 844908 432786 296758 617772 250112 279436 351908 549371 708640 891225 840438 609742 779473 441462 27734 164958 451989 921586 665442 577396 271138 35597 582314 418826 510355 846403 694653 528283 439947 772980 777566 120314 211866 920928 282462
374122 478998 726290 536623 999999999 662889 637350 467201 709030 668566 782192 625926 529728 374054 640197 653526 262029 169804 710268 336520 665395 653751 768474 351515 732683 433991 464855 748153 235406 523429 52675 682914 39340 79952 667270 400919 247485 533539 262602 532598 829653 499146 261565 133890 774080 439340 184715 426361 416662 861526 579019 572092 351957 561004 458017 474391 356936 356308 522213 646925 368921 521571 160428 237189 858993 810211 498035 748730 89619 420301 259049 351780 503202 425785 444351 316544 419432 684871 518639 556968 371796 501296 902928 190608 77953 577625 571926 316918 325272 640827 791520 252640 566722 356938 705709 849698 499543 382476 586620 443321
503127 605188 442916 798354 662889 999999999 868950 709218 634040 240166 835017 740967 134498 752072 396308 608893 401383 766357 48987 395618 833580 320581 245458 781491 635394 429909 260945 91584 786454 142116 635314 53175 678277 583303 825308 278328 650281 205851 917943 663815 754623 902099 542590 755051 116698 451902 840555 489304 575194 295601 173076 313534 330334 851119 509622 631621 510275 497915 533245 606740 1001265 854915 540998 569124 845538 180094 369527 750395 717268 896570 658661 904158 249001 259526 489790 665897 247009 56871 365724 825537 722838 349947 262758 835820 736289 576594 815107 971871 421103 363311 150706 482302 288059 956491 95351 311531 680348 604619 304409 515894
932578 1066855 550044 101370 637350 868950 999999999 187631 343280 683532 223135 151386 797453 266154 524619 320874 674862 793705 911046 821468 74831 603063 773392 302567 365922 948663 860227 904904 447722 760243 591070 918075 675372 640948 86647 648703 874158 663486 645342 1131113 362009 217016 437455 752873 973801 965681 732414 387533 311093 850133 697677 1003646 765248 86322 1010541 242660 396657 408444 1074813 318140 598590 139630 543332 834603 318662 899055 499554 264091 717591 317326 380738 427162 621598 798209 989367 941803 694957 845261 505017 80877 265564 519122 970363 761200 676243 309373 67529 663558 508953 555727 903676 794231 589302 512827 835096 815946 193375 305201 1010219 357699
745507 880608 464972 93636 467201 709218 187631 999999999 317610 552071 320280 166745 625001 132165 413622 270487 487347 631241 754106 633905 199351 481553 651823 184043 344641 761096 676899 755958 316082 590123 417770 755580 506270 461055 200389 470240 695244 504116 528747 945453 401925 214485 250192 591283 819551 778055 587261 219944 134601 737869 543485 820089 579004 143470 823058 86522 213649 225968 887237 264710 516497 148350 358773 651194 405566 764304 347769 306058 552323 264461 208598 346416 460369 615061 801809 761788 516331 692655 358359 121284 111874 366509 843947 612506 516130 216579 121007 559301 325226 438926 763947 607571 445700 433751 688111 707857 56505 118601 827351 194807
877056 1017312 226416 342890 709030 634040 343280 317610 999999999 406340 209076 194755 609550 447492 239134 55541 610801 878628 665964 743059 275159 319849 473014 499815 27041 860409 721795 642122 619118 567858 656376 687109 747324 672720 263119 507655 891734 450767 831748 1085968 135243 509894 448001 842594 718587 882151 863744 291474 295269 534624 466141 856164 664197 385484 938584 255891 355139 358506 994515 62173 832146 426157 559919 827033 212963 610740 305869 120525 798642 579231 480954 663751 421686 664521 915001 949416 547217 594630 296638 356955 422214 321029 666987 883365 774783 131407 330664 867718 430654 273075 623400 756951 351125 750579 573025 497514 261493 337387 857244 268461
642628 768651 202943 630527 668566 240166 683532 552071 406340 999999999 613400 541729 271485 629755 168430 390321 441093 810206 264129 509988 636135 86553 106365 670599 403947 590787 419350 235813 718675 236147 626541 292546 695626 597681 626319 283370 740882 145896 892329 834183 519399 762700 465132 787579 312706 614378 853102 345848 429641 200533 115635 521765 425295 683932 675399 466539 395476 385756 714894 389515 948893 700018 515312 659922 613592 215534 212851 525994 743849 782931 570477 818955 166295 382608 652554 776283 290598 192742 197467 655658 598287 197780 291877 857951 746519 375565 639503 942642 354077 134364 221639 571153 114231 887621 167270 182438 510497 471426 517110 362424
1017223 1156978 434431 284276 782192 835017 223135 320280 209076 613400 999999999 156269 796600 443179 445107 226124 748104 948961 869494 890565 151750 526877 682066 490372 218421 1014419 893352 848689 631860 755554 731092 887669 821519 765660 142292 674512 997628 642322 841034 1224537 155436 436707 539574 909518 924353 1034536 907429 421317 380882 741748 663790 1033183 819433 300533 1086926 312378 464609 472801 1147164 228408 809556 353638 655788 943941 95714 819729 484030 88717 869289 531255 526661 635953 607971 833048 1064018 1061288 718108 798697 480178 281275 429625 501972 875528 932783 835161 270770 253934 865972 565604 479224 831951 886295 547776 723755 779044 704147 282649 403492 1036226 390822
871063 1009866 399123 155497 625926 740967 151386 166745 194755 541729 156269 999999999 683325 295133 378486 169496 603488 792784 780474 748372 94407 458785 627306 345007 219026 874071 764733 769159 482143 643887 574873 791870 665252 610508 84896 546794 843265 538496 693924 1076767 243524 322684 385974 753427 840793 893259 753440 284323 230431 701401 567983 907073 681819 192461 943495 159084 317172 326610 1005251 166854 673192 237223 501628 791693 238825 756508 373825 143615 713057 403555 370800 500055 499249 703191 921024 907649 592169 712368 375475 165001 278127 393171 824549 778127 679300 166678 137565 722350 423888 410727 763197 737533 455155 588416 698894 666601 126386 248522 911708 252853
387898 504091 455229 717417 529728 134498 797453 625001 609550 271485 796600 683325 999999999 649781 387449 574338 267776 632183 180738 268716 771847 328931 323429 673898 616588 325271 150882 224070 664920 41734 504048 155185 544215 449934 765024 162268 521137 160001 786777 567607 739734 803960 430733 620563 244609 348608 706329 409993 490873 396467 160626 254732 197482 768470 409165 555095 415278 402634 444698 570859 873989 765375 414443 439259 822039 302561 312920 717617 582813 787795 546097 785796 188902 130696 387149 541803 122091 168638 316622 745102 622324 294670 391279 701349 602434 527563 738456 840924 313547 359601 277103 351063 262386 833181 200289 402367 604531 512566 252601 439808
696795 824350 574295 168527 374054 752072 266154 132165 447492 629755 443179 295133 649781 999999999 511778 398071 461288 527622 799580 602270 305764 569692 734213 52322 474517 726970 672303 810939 188769 620403 330532 793442 411266 387326 310443 487896 616236 554506 398913 885555 533805 156492 225462 486761 867021 740917 469266 283923 203097 824858 598772 811769 563090 187035 778710 198045 243181 255139 844394 391971 384901 149559 304566 584863 532459 833262 417194 436954 452033 153535 128664 217090 510404 612780 759398 684857 531385 744976 432376 185282 31568 433511 918487 496937 410108 336726 204007 427693 336252 532209 828284 557523 517126 303160 746882 798206 186552 158441 821399 270182
708268 844373 87853 482195 640197 396308 524619 413622 239134 168430 445107 378486 387449 511778 999999999 222143 463425 799522 426980 570752 472542 82185 248954 558519 239129 674200 517162 403617 634459 346171 591364 449478 673470 581725 462224 323960 766784 228246 829225 912543 358885 628071 396755 770200 479656 697309 818309 240763 309521 327454 233415 641104 485609 534621 757106 327310 307190 301643 806134 221586 865439 557577 479776 691386 449345 379544 143398 358026 724915 664225 481783 717947 211462 466527 733406 813985 352955 355567 123295 505465 480515 144749 446156 829640 715911 215440 486437 875137 316460 34117 388837 608939 126117 795118 334158 295429 365276 357011 639843 244557
827702 968113 230527 306069 653526 608893 320874 270487 55541 390321 226124 169496 574338 398071 222143 999999999 560202 823148 643641 694830 259196 304325 466871 450303 80496 813932 680112 624390 566211 532904 600868 661553 691850 617753 247881 463606 837959 417853 778342 1036671 184984 470628 392592 787068 699356 835334 808467 237650 239909 536036 437847 816803 617498 352369 890969 203422 300131 303819 947961 6660 781810 388868 504887 774220 250318 600994 264725 143373 743141 534304 426383 615009 385467 621642 867489 896274 504725 573049 258121 323097 371717 281368 663429 827941 719257 75938 298504 815127 378753 256042 610955 705561 321833 701146 554418 500305 213983 282596 818683 213682
269376 409612 550521 578613 262029 401383 674862 487347 610801 441093 748104 603488 267776 461288 463425 560202 999999999 375209 448439 146680 673945 449835 531440 469123 628245 273854 221836 488002 422455 263784 239450 421008 277130 182172 671025 157825 304956 296388 521029 477748 744968 616331 241080 358383 512051 291451 439659 328342 374279 620663 336920 353687 105559 621352 340026 447158 286498 276881 402371 554502 614801 601490 169463 227997 802623 555153 325984 688527 318191 574137 337025 548100 277709 171215 317685 350632 163046 426248 343662 605194 441168 319845 647331 436641 334919 490429 608305 575378 183259 452364 534325 147665 358624 582841 449915 614491 490951 370008 364803 357860
363001 421759 886690 694567 169804 766357 793705 631241 878628 810206 948961 792784 632183 527622 799522 823148 375209 999999999 810639 388750 827271 805413 904810 496705 902119 444235 532881 856160 360271 635386 222463 776607 131312 217853 829957 530433 176980 668487 271484 458314 999414 634266 430793 40986 869397 440478 122464 594105 586440 995222 710954 607231 436989 713556 435993 643275 525495 524197 491055 816557 398687 669714 324025 226044 1027426 928577 656223 917823 80354 542323 422804 450692 644043 510713 430607 230770 537969 797409 676574 712833 530123 657297 1020093 95239 117680 747224 730148 314683 483100 797170 906283 293965 715798 422845 823348 987535 666589 551594 623617 612193
536353 631574 466369 842453 710268 48987 911046 754106 665964 264129 869494 780474 180738 799580 426980 643641 448439 810639 999999999 435131 873678 348296 249485 829579 665745 459524 296052 61012 835437 190941 683421 47116 724939 630547 865109 327315 690059 249995 966127 687746 783027 948894 591235 800334 67906 480697 886982 534190 620499 284224 213391 329757 373788 895426 536609 675392 557315 545027 555275 641837 1050081 900421 589796 609586 875932 156897 411588 783788 763154 944712 707272 953044 293817 301315 517871 702623 295644 71589 406424 869485 770156 392052 229724 881604 783171 615043 858359 1020118 469606 393295 124903 523968 325627 1005476 101105 305609 723818 651004 318629 560105
137520 275520 654286 724861 336520 395618 821468 633905 743059 509988 890565 748372 268716 602270 570752 694830 146680 388750 435131 999999999 820276 540173 582789 605457 758441 127196 144960 487202 539740 286830 335004 396386 334762 264255 817176 246798 254936 366997 596341 344210 878185 755359 386359 387279 488428 145054 484543 469327 520139 662312 395328 235656 86020 766876 196664 593071 432105 422044 256927 689474 705354 745278 300491 174838 941127 570695 444905 827658 358580 705012 475355 665525 364708 138020 173528 273306 222636 436733 459743 751292 583944 434593 657717 471382 392828 628123 754820 649991 325189 553388 544085 94863 452510 687318 468998 664546 637362 516686 250100 499752
937893 1074865 489722 138887 665395 833580 74831 199351 275159 636135 151750 94407 771847 305764 472542 259196 673945 827271 873678 820276 999999999 553076 721188 348956 296346 947047 846468 863212 493412 733066 616604 884104 704256 660276 12264 630395 894471 630070 698118 1140618 287179 284958 444505 786885 934476 965290 774919 366447 300662 794116 660797 989545 758162 148884 1013151 227946 388763 399494 1076220 257400 660231 202289 556463 848976 247399 850870 465140 189562 749200 380540 406347 487081 589967 784562 991233 960798 676295 805965 467857 131255 297932 484625 918418 802166 710911 260975 105370 720123 499451 504957 857602 801542 548736 574320 792977 758892 183040 306672 994953 335218
676526 808530 126783 555416 653751 320581 603063 481553 319849 86553 526877 458785 328931 569692 82185 304325 449835 805413 348296 540173 553076 999999999 171447 613680 317944 633755 468621 322274 675942 289346 607885 373624 684204 588581 542970 297940 754599 177523 861135 875703 434814 694856 427773 779217 398882 657245 836169 288381 366814 256618 168858 583528 454155 608451 717972 395123 347096 339157 762678 303722 907556 628059 495206 675986 527910 297992 164343 439441 734418 723180 524409 768256 176083 423744 694549 796344 317666 276708 144829 579667 538136 155497 367523 844359 731125 293830 562013 909402 329535 48425 306696 589769 91237 841479 253320 228542 436487 411813 580670 299518
709483 827406 249776 726822 768474 245458 773392 651823 473014 106365 682066 627306 323429 734213 248954 466871 531440 904810 249485 582789 721188 171447 999999999 775868 465448 648625 474094 200812 824953 296971 728058 290061 793992 695583 710714 374467 824187 236443 996829 890323 570869 864190 571216 884103 277113 671898 953189 450399 532870 94611 194614 554771 501340 779887 732261 565600 501610 492001 764720 467207 1054994 798910 617839 742241 669486 140527 318280 593407 841082 887609 676834 925169 265581 448252 710448 854308 373069 188792 302011 751114 702683 303788 197243 956630 846335 464034 733369 1047534 458716 217784 159924 652631 220518 993982 151212 83148 607697 575773 547112 465415
691610 814827 623282 210134 351515 781491 302567 184043 499815 670599 490372 345007 673898 52322 558519 450303 469123 496705 829579 605457 348956 613680 775868 999999999 526839 727792 685497 843972 145294 646691 312609 820933 386879 375105 354607 511642 597642 587969 350662 874035 585070 152134 243730 455720 897335 740348 429886 325897 249000 867496 633303 822347 573209 218839 774750 249586 278219 289444 840629 444183 332644 173023 304996 572793 581003 870570 457758 487582 423915 115218 132522 165178 544269 627510 756424 666681 553532 777518 473919 222786 80102 473213 957199 458963 379124 388276 244722 377355 361487 577690 864188 553344 557076 250868 781452 841856 238810 202127 832828 314991
893223 1033271 216477 368787 732683 635394 365922 344641 27041 403947 218421 219026 616588 474517 239129 80496 628245 902119 665745 758441 296346 317944 465448 526839 999999999 874364 732603 639602 645715 574854 680066 688555 770809 694931 284187 520447 912142 457022 858204 1101975 123412 536033 471336 866383 716651 896339 888853 312560 320272 523329 469775 865311 678526 410602 953333 282519 377652 380507 1008428 87144 859142 452024 582302 846384 210236 604375 317783 130097 822263 606089 506817 690792 429969 676204 929688 969070 558884 594218 307101 382278 449175 331947 657569 908147 799119 155465 355702 894409 449522 272513 618305 774957 356005 777612 571153 485740 288534 363074 865888 290773
88153 178827 754024 851957 433991 429909 948663 761096 860409 590787 1014419 874071 325271 726970 674200 813932 273854 444235 459524 127196 947047 633755 648625 727792 874364 999999999 174558 518066 652557 355530 442728 414649 423364 370891 943795 354930 277834 456381 682998 243399 995637 878707 513221 453672 499735 23598 555328 593199 646658 718224 475454 170186 196438 893654 84624 719584 558546 548257 134105 808820 799584 871205 423269 219018 1062103 609992 557499 949298 434931 823928 599226 776939 463313 210050 61943 263387 321345 480269 570503 878327 709544 545208 689186 535912 477285 749430 882001 734829 450264 653306 580108 182515 551021 790662 516791 726690 764232 643859 187163 624001
242357 353312 592334 770451 464855 260945 860227 676899 721795 419350 893352 764733 150882 672303 517162 680112 221836 532881 296052 144960 846468 468621 474094 685497 732603 174558 999999999 351540 644170 183204 453247 254689 469150 387172 841383 218942 397134 291779 727410 416759 855743 828719 447019 529432 345565 197804 624455 480743 549389 544386 305077 143426 116993 817672 258285 620167 463853 451887 295619 675704 829579 804822 391078 318837 930430 440298 416065 820807 498103 793434 553003 769912 306526 62036 236354 406612 175584 308320 425529 797963 649124 400846 523328 613261 528176 622981 796439 781657 351735 493052 411591 239085 391408 802587 343914 552215 668257 558691 150560 512202
593221 691326 432913 841674 748153 91584 904904 755958 642122 235813 848689 769159 224070 810939 403617 624390 488002 856160 61012 487202 863212 322274 200812 843972 639602 518066 351540 999999999 859780 224725 718265 108127 765116 669043 854054 355022 741850 256433 1000138 748103 753594 956679 610651 843870 78164 539574 927661 537382 624328 225380 213190 390759 421099 895053 596135 674464 567759 555864 615907 623181 1079095 903682 619966 660641 848891 95925 408908 761589 805342 959145 725884 974302 300568 350954 577031 757205 329200 66915 400820 868195 780733 389799 171810 923942 822619 602584 855254 1053721 488605 369506 63893 573612 315604 1030698 70312 249094 721837 658310 379632 561152
602583 713775 709356 354888 235406 786454 447722 316082 619118 718675 631860 482143 664920 188769 634459 566211 422455 360271 835437 539740 493412 675942 824953 145294 645715 652557 644170 859780 999999999 645322 211275 818811 264768 282424 498604 508167 481189 611944 213470 768002 716450 273997 254466 319650 902994 661386 285194 393719 337482 919178 659373 770484 527352 363340 686949 363227 329198 336788 752205 559726 231647 315196 254650 470879 720424 901181 512160 621999 293264 185980 152676 126142 571321 592415 671302 549856 543142 792984 531186 368080 204215 523742 991843 315029 244648 496839 389760 249108 373673 647365 889767 470820 605073 171183 803838 898256 365801 289386 783074 393756
412675 534034 415192 681964 523429 142116 760243 590123 567858 236147 755554 643887 41734 620403 346171 532904 263784 635386 190941 286830 733066 289346 296971 646691 574854 355530 183204 224725 645322 999999999 494160 174779 540705 444350 726038 137458 534358 118379 776532 598819 698003 773353 405004 621180 257970 379075 703304 373287 455638 375611 122471 295275 208653 733489 440019 518356 382691 370077 478768 529479 859155 732121 398883 452103 780392 293379 272282 676222 581780 761252 521003 764204 147619 151284 417442 559703 105123 162536 275423 709585 592242 253815 384711 700319 598006 486963 702133 830341 285219 318738 271048 362727 220847 814961 188373 378036 567780 479459 293678 402587
391371 505882 676913 489938 52675 635314 591070 417770 656376 626541 731092 574873 504048 330532 591364 600868 239450 222463 683421 335004 616604 607885 728058 312609 680066 442728 453247 718265 211275 494160 999999999 658713 91516 71855 618112 366300 285873 494992 282753 562947 777057 463004 209090 186364 748565 450727 228288 374419 364060 821760 541312 569627 337350 516687 475731 422375 304700 304371 541079 594265 376588 479454 112684 262568 807099 776217 450027 696529 142290 391044 210845 334350 462484 408866 460035 354699 389172 653770 470668 511168 325790 454204 868958 238286 124584 524973 524997 336876 278435 593161 758926 260377 522214 352443 672569 808457 448509 330366 583295 390918
492922 585504 495453 845601 682914 53175 918075 755580 687109 292546 887669 791870 155185 793442 449478 661553 421008 776607 47116 396386 884104 373624 290061 820933 688555 414649 254689 108127 818811 174779 658713 999999999 695612 602974 876007 312002 650887 254634 941322 641147 807785 945065 579739 767993 92791 435490 856851 536011 621166 330107 224717 282643 339907 898083 490775 679397 553262 540764 508456 659324 1029164 900257 569452 571213 898688 203986 419300 803264 732030 935674 695765 938562 296727 265905 472377 661013 275797 103252 416402 872933 764755 399741 275469 850105 754293 628114 863237 995545 459497 416484 172019 487095 340286 987697 139024 350145 728381 648770 271538 563363
357727 454672 760042 574841 39340 678277 675372 506270 747324 695626 821519 665252 544215 411266 673470 691850 277130 131312 724939 334762 704256 684204 793992 386879 770809 423364 469150 765116 264768 540705 91516 695612 999999999 98531 706233 423047 216525 558072 261971 505571 868527 532786 299491 97228 787536 426690 162608 463299 455535 886356 602719 568823 359688 598300 440522 513663 394363 393307 503471 685262 376228 557975 194691 216774 898297 830334 530711 787947 52010 450662 297944 375981 529603 434395 428462 285092 438112 702966 551244 594851 409915 533127 922873 162656 59161 615923 610213 315334 357445 672965 810547 245672 596127 372959 725371 875805 538871 421718 583913 480982
321136 439821 668989 539607 79952 583303 640948 461055 672720 597681 765660 610508 449934 387326 581725 617753 182172 217853 630547 264255 660276 588581 695583 375105 694931 370891 387172 669043 282424 444350 71855 602974 98531 999999999 660684 324628 234196 459573 341404 499126 798687 526885 228310 190737 694201 379080 260162 383174 388894 787852 504190 499512 273039 570598 405397 453552 317622 314430 470983 611295 443136 536877 112943 197908 836646 732617 438394 723977 146334 459646 261527 406104 431513 346418 389160 301029 340885 606188 458728 562472 378545 439495 825244 261159 153880 542114 573890 395807 265394 579397 713308 188613 499678 423171 627818 777505 485293 362182 513479 404281
935757 1073094 478375 145034 667270 825308 86647 200389 263119 626319 142292 84896 765024 310443 462224 247881 671025 829957 865109 817176 12264 542970 710714 354607 284187 943795 841383 854054 498604 726038 618112 876007 706233 660684 999999999 624799 894835 622212 704387 1139063 275473 294697 443278 789678 925614 962222 779231 360932 297152 783163 652416 984328 754181 158343 1010537 224256 385283 395809 1073384 246209 668275 211347 555991 848380 237718 840860 457334 177525 751605 389166 408297 494918 582409 779538 988511 960901 670596 797158 459639 139338 301454 476776 907920 806181 713883 251555 112620 727111 495428 494783 847863 799825 539927 582391 783790 747827 180639 305075 989555 329593
384317 521077 407972 563605 400919 278328 648703 470240 507655 283370 674512 546794 162268 487896 323960 463606 157825 530433 327315 246798 630395 297940 374467 511642 520447 354930 218942 355022 508167 137458 366300 312002 423047 324628 624799 999999999 459042 138650 646359 589492 642594 642638 268689 510667 394828 377405 584559 263949 338168 464963 180616 360366 162005 613308 435931 406500 257443 244883 488685 458923 724295 606964 264994 379157 713659 409964 202844 602972 468405 625650 384371 626746 122374 158657 412178 498584 46259 289205 215584 591334 460829 190287 502718 585398 477815 404399 587006 699599 151727 307318 392828 292026 207959 678179 306345 457348 455457 354854 364944 295215
191909 247793 854312 772791 247485 650281 874158 695244 891734 740882 997628 843265 521137 616236 766784 837959 304956 176980 690059 254936 894471 754599 824187 597642 912142 277834 397134 741850 481189 534358 285873 650887 216525 234196 894835 459042 999999999 594990 441749 291862 1021704 746432 458148 198578 742498 270471 297733 600349 618155 908481 630958 446483 325719 801802 259964 685256 540655 535309 314076 831721 567156 765313 341840 82265 1065674 823695 626517 952072 199075 666940 493621 591018 581008 391262 256282 69096 451721 689763 645218 795053 610127 622288 911810 272190 250157 763587 807350 488370 464846 756979 797870 171872 663445 579443 720605 907109 718716 594749 463332 625084
501789 631879 300588 592662 533539 205851 663486 504116 450767 145896 642322 538496 160001 554506 228246 417853 296388 668487 249995 366997 630070 177523 236443 587969 457022 456381 291779 256433 611944 118379 494992 254634 558072 459573 622212 138650 594990 999999999 769391 698731 580003 700995 358926 647684 315710 479899 718128 284221 370679 328284 47571 412866 281468 645540 540710 425803 311326 299445 585194 414781 837120 650636 387148 514044 663614 289291 164937 561186 604774 703063 472546 722318 44272 246332 517356 630845 145433 190687 163739 619786 524328 145447 380537 720724 611201 376864 609260 821421 238278 201995 278499 425375 102519 783067 193890 319049 474498 402604 411793 310221
611907 689485 908618 559382 262602 917943 645342 528747 831748 892329 841034 693924 786777 398913 829225 778342 521029 271484 966127 596341 698118 861135 996829 350662 858204 682998 727410 1000138 213470 776532 282753 941322 261971 341404 704387 646359 441749 769391 999999999 729239 929800 445462 433870 243322 1031315 684558 151098 591375 545188 1091355 816585 830784 614354 559102 691753 575998 522424 527584 751476 771806 127355 506921 382746 468778 931274 1055011 697253 834804 249761 340636 355662 229427 733403 687804 682382 501039 671436 935122 717377 568821 416965 705804 1147550 183724 205805 707625 592951 54413 538267 838077 1039047 507538 782210 168659 952447 1074626 579196 498321 845833 596227
208970 68725 994226 1030717 532598 663815 1131113 945453 1085968 834183 1224537 1076767 567607 885555 912543 1036671 477748 458314 687746 344210 1140618 875703 890323 874035 1101975 243399 416759 748103 768002 598819 562947 641147 505571 499126 1139063 589492 291862 698731 729239 999999999 1220840 1025451 696239 486690 718401 219813 580626 806043 846336 956714 718816 363556 427504 1065873 158812 918268 760340 751797 134277 1031129 855939 1034860 587889 301258 1280365 842541 789097 1166273 490904 952359 758010 881486 703193 452730 181681 228341 560208 716802 803750 1055186 874564 778548 916185 551230 542018 967959 1063585 772901 660991 893255 811516 339402 791259 871215 754318 967126 958614 834014 377850 835311
1011889 1152214 322174 397583 829653 754623 362009 401925 135243 519399 155436 243524 739734 533805 358885 184984 744968 999414 783027 878185 287179 434814 570869 585070 123412 995637 855743 753594 716450 698003 777057 807785 868527 798687 275473 642594 1021704 580003 929800 1220840 999999999 562394 571334 962144 831322 1017391 975588 421977 412997 618364 591368 988723 799439 427482 1073803 360381 481876 486551 1129742 190903 915681 476774 685774 958905 100799 711267 440344 100944 919090 646916 589310 743014 553370 799002 1050227 1080702 681666 711445 430218 402953 513133 454938 756637 997358 891811 258141 374605 961224 563737 391382 727754 890529 478552 831312 686423 579861 350656 449629 989286 396625
843702 966699 678016 167734 499146 902099 217016 214485 509894 762700 436707 322684 803960 156492 628071 470628 616331 634266 948894 755359 284958 694856 864190 152134 536033 878707 828719 956679 273997 773353 463004 945065 532786 526885 294697 642638 746432 700995 445462 1025451 562394 999999999 381954 593613 1015824 891690 553016 420856 334413 951432 743541 967843 718936 136459 926753 300787 391912 404355 992623 465693 384777 85692 455456 724314 532329 972176 553684 461485 565834 105540 280052 218200 656723 769268 908288 815528 686677 891600 566420 159443 181854 571468 1054216 584670 518239 427155 187800 456463 490931 652992 969688 705299 653353 299832 890752 921920 265781 298414 977632 400754
495317 630869 478786 339181 261565 542590 437455 250192 448001 465132 539574 385974 430733 225462 396755 392592 241080 430793 591235 386359 444505 427773 571216 243730 471336 513221 447019 610651 254466 405004 209090 579739 299491 228310 443278 268689 458148 358926 433870 696239 571334 381954 999999999 395427 659140 529366 427283 166870 160644 665642 406096 587249 339525 380523 573137 227309 96207 97602 637597 386028 483780 360842 116454 406044 608549 647687 263574 495690 351048 357086 116106 363806 317472 387322 552107 521815 309897 543744 283583 365271 202290 272990 737863 442636 330701 316655 370208 481645 122076 404322 637371 357619 352252 425013 552096 645876 263553 138490 596507 181855
376125 446200 856940 653858 133890 755051 752873 591283 842594 787579 909518 753427 620563 486761 770200 787068 358383 40986 800334 387279 786885 779217 884103 455720 866383 453672 529432 843870 319650 621180 186364 767993 97228 190737 789678 510667 198578 647684 243322 486690 962144 593613 395427 999999999 860650 451989 101932 560107 549381 975509 691217 612414 428220 672608 452773 604963 490813 490069 510486 780456 369397 628728 291902 234808 988671 913472 627235 879559 45330 502327 383042 412346 621290 502802 445425 258351 521375 783667 647720 671997 489538 629203 1005515 84131 76719 711207 689446 289958 453901 769120 892185 292728 690415 388192 808209 966454 627364 513535 628471 577208
580595 665940 510970 907148 774080 116698 973801 819551 718587 312706 924353 840793 244609 867021 479656 699356 512051 869397 67906 488428 934476 398882 277113 897335 716651 499735 345565 78164 902994 257970 748565 92791 787536 694201 925614 394828 742498 315710 1031315 718401 831322 1015824 659140 860650 999999999 519599 949056 599805 686376 289948 276815 355282 432651 960280 572560 739917 624509 612272 584432 697924 1116734 966329 656473 663256 926229 155230 475098 837652 824461 1012487 775178 1020856 359811 358696 555451 750744 362134 128610 468785 934027 837482 455665 202873 942632 846081 674625 922262 1085421 537504 445601 124707 579649 385746 1072869 145570 317993 788027 717706 341946 625135
78566 155508 777345 868434 439340 451902 965681 778055 882151 614378 1034536 893259 348608 740917 697309 835334 291451 440478 480697 145054 965290 657245 671898 740348 896339 23598 197804 539574 661386 379075 450727 435490 426690 379080 962222 377405 270471 479899 684558 219813 1017391 891690 529366 451989 519599 999999999 553885 613226 665193 741035 499051 183227 217958 909468 61027 738125 577153 567055 112795 830170 802711 886034 436608 217358 1083130 631929 579774 970132 435468 834783 612784 785064 486550 233576 38551 250649 344387 502706 592986 894632 724178 567687 710417 533288 479272 770307 898837 735810 469722 676588 601864 190573 574319 796278 539398 749781 782344 661258 200143 643889
478041 543946 903036 637575 184715 840555 732414 587261 863744 853102 907429 753440 706329 469266 818309 808467 439659 122464 886982 484543 774919 836169 953189 429886 888853 555328 624455 927661 285194 703304 228288 856851 162608 260162 779231 584559 297733 718128 151098 580626 975588 553016 427283 101932 949056 553885 999999999 594043 568581 1046203 763410 712638 518860 648458 554241 615208 523169 524823 611167 801808 278360 600263 340972 336627 991900 992716 677821 887147 126352 453884 386392 352116 687892 593752 547230 353233 600647 865573 698463 652291 478544 682379 1085305 33882 106928 733706 672875 192277 506714 821042 973108 390847 750193 311067 887830 1034380 630092 527225 728532 606541
597682 737954 317327 309697 426361 489304 387533 219944 291474 345848 421317 284323 409993 283923 240763 237650 328342 594105 534190 469327 366447 288381 450399 325897 312560 593199 480743 537382 393719 373287 374419 536011 463299 383174 360932 263949 600349 284221 591375 806043 421977 420856 166870 560107 599805 613226 594043 999999999 86958 541627 324364 623483 398901 362072 665827 145121 70920 70056 725848 231458 624704 366618 271226 536982 474508 551741 133654 360294 515232 437224 241049 480206 240426 419051 642831 658743 309888 473372 148458 337135 252442 150821 635404 609462 497222 164136 328867 635934 145091 255209 548832 470792 233736 555261 470471 516107 194560 125592 628623 31480
640859 779470 376500 226548 416662 575194 311093 134601 295269 429641 380882 230431 490873 203097 309521 239909 374279 586440 620499 520139 300662 366814 532870 249000 320272 646658 549389 624328 337482 455638 364060 621166 455535 388894 297152 338168 618155 370679 545188 846336 412997 334413 160644 549381 686376 665193 568581 86958 999999999 622561 411271 692812 457701 277855 714187 72934 88133 98891 776607 233249 563851 279957 276975 563063 447929 637782 219284 335086 506134 356447 189727 409603 326691 487354 691952 680919 384415 560212 232495 254243 171606 237088 720448 588118 480130 165322 248847 585581 199276 329167 635432 507126 319087 489401 557407 595356 119102 48741 699202 67486
784310 896025 308299 809456 861526 295601 850133 737869 534624 200533 741748 701401 396467 824858 327454 536036 620663 995222 284224 662312 794116 256618 94611 867496 523329 718224 544386 225380 919178 375611 821760 330107 886356 787852 783163 464963 908481 328284 1091355 956714 618364 951432 665642 975509 289948 741035 1046203 541627 622561 999999999 284347 608936 583497 862020 800367 651368 594764 585399 827697 537218 1149415 883720 711931 826269 718826 134725 410770 653277 932874 978384 770574 1018344 359370 525432 779447 935314 459949 240489 393757 832900 793293 396972 140559 1049007 939294 542161 813812 1142118 553302 299400 165788 736611 314277 1087916 202500 38668 691644 666517 599297 555096
527176 653111 295563 630426 579019 173076 697677 543485 466141 115635 663790 567983 160626 598772 233415 437847 336920 710954 213391 395328 660797 168858 194614 633303 469775 475454 305077 213190 659373 122471 541312 224717 602719 504190 652416 180616 630958 47571 816585 718816 591368 743541 406096 691217 276815 499051 763410 324364 411271 284347 999999999 414837 311361 683623 560078 463162 355800 344153 600665 435386 884691 690884 434137 549326 678856 241812 198379 580328 648746 748251 519286 769228 89272 266975 537149 663688 179243 149179 193125 657251 568315 178900 332966 765295 656496 403541 645485 868721 285739 203041 231702 459961 116019 830469 148192 277741 511213 445226 411821 348772
258332 314402 709943 913593 572092 313534 1003646 820089 856164 521765 1033183 907073 254732 811769 641104 816803 353687 607231 329757 235656 989545 583528 554771 822347 865311 170186 143426 390759 770484 295275 569627 282643 568823 499512 984328 360366 446483 412866 830784 363556 988723 967843 587249 612414 355282 183227 712638 623483 692812 608936 414837 999999999 249160 960484 225437 763510 607214 595278 229354 812691 940981 946593 522121 381398 1066784 486529 552079 958720 588453 927763 689943 896621 435488 205459 212772 433246 315527 369684 559672 941064 789535 535705 555072 696058 626015 762440 939780 884085 495033 614012 454652 323712 515263 922054 408283 624735 811659 701763 16980 654903
223019 359072 568642 671765 351957 330334 765248 579004 664197 425295 819433 681819 197482 563090 485609 617498 105559 436989 373788 86020 758162 454155 501340 573209 678526 196438 116993 421099 527352 208653 337350 339907 359688 273039 754181 162005 325719 281468 614354 427504 799439 718936 339525 428220 432651 217958 518860 398901 457701 583497 311361 249160 999999999 716756 275018 530225 369901 358813 330472 612382 713931 700092 275013 243477 865769 499194 362680 753144 393182 679305 440786 653199 278731 74892 251313 352998 136687 365664 376658 698877 541531 351396 588653 510738 418828 553267 699788 668735 258752 467690 474440 154292 366600 685707 395352 583744 576532 460464 259738 430036
871538 1003018 572771 53522 561004 851119 86322 143470 385484 683932 300533 192461 768470 187035 534621 352369 621352 713556 895426 766876 148884 608451 779887 218839 410602 893654 817672 895053 363340 733489 516687 898083 598300 570598 158343 613308 801802 645540 559102 1065873 427482 136459 380523 672608 960280 909468 648458 362072 277855 862020 683623 960484 716756 999999999 951456 220595 356134 368597 1016508 348261 513402 53955 478941 766750 396054 898394 486148 326824 638739 232563 309078 341322 602118 756066 931029 870115 659310 832715 494947 29558 192054 505315 974868 677768 595889 322191 54940 577306 466714 563138 899926 732307 581796 427531 826422 829845 173836 259390 968230 335327
84366 95691 837645 912110 458017 509622 1010541 823058 938584 675399 1086926 943495 409165 778710 757106 890969 340026 435993 536609 196664 1013151 717972 732261 774750 953333 84624 258285 596135 686949 440019 475731 490775 440522 405397 1010537 435931 259964 540710 691753 158812 1073803 926753 573137 452773 572560 61027 554241 665827 714187 800367 560078 225437 275018 951456 999999999 787003 626512 616886 65885 885684 813363 925649 474392 224249 1137730 689355 637651 1024312 442163 864725 650075 808375 546699 294435 23754 225409 404169 561323 651337 937847 763685 626046 766192 530756 489120 824729 943342 741265 521344 736806 658913 221488 634591 813259 598358 809736 830121 707564 241673 696115
713312 851620 381112 167283 474391 631621 242660 86522 255891 466539 312378 159084 555095 198045 327310 203422 447158 643275 675392 593071 227946 395123 565600 249586 282519 719584 620167 674464 363227 518356 422375 679397 513663 453552 224256 406500 685256 425803 575998 918268 360381 300787 227309 604963 739917 738125 615208 145121 72934 651368 463162 763510 530225 220595 787003 999999999 161041 171584 849508 197032 579158 233525 343417 632678 384769 679667 265556 274596 563004 343621 228987 414759 382793 558151 764810 749123 452718 612192 274706 194120 169844 284723 758338 637192 533017 138703 184039 611902 271549 352407 680201 578907 361829 499607 605913 621343 49439 92087 769495 116159
