NAME : synthetic_000249
TYPE : CTSP-D
DIMENSION : 100
GROUPS : 8
RELAXATION_LEVEL : 1
EDGE_WEIGHT_TYPE : EXPLICIT
EDGE_WEIGHT_FORMAT : FULL_MATRIX
EDGE_WEIGHT_SECTION
999999999 400439 618272 237431 484633 530639 658330 675315 429791 605580 317236 662950 458269 806795 550931 398762 76611 880570 338708 415851 366572 211357 532956 894541 1051231 275414 477540 922055 424809 411190 342110 475623 663857 450594 924750 302805 580580 887409 439110 180009 437543 495831 344026 955814 93394 617433 202017 396957 956451 782185 296990 1006222 712215 897945 532609 435945 850693 900415 107504 345582 771271 899682 164140 503048 644679 367479 434171 49259 392622 318931 437736 650011 750562 146309 816316 356218 487127 648246 218052 461992 445173 121304 853130 329807 959937 463765 483075 486437 209169 524291 255503 599583 913269 488241 706872 572899 1037059 908460 990464 883840
400439 999999999 322764 257188 692979 793905 630769 708604 332519 411268 84595 269868 240493 545680 284984 465934 356528 533161 194374 705415 45435 232723 792235 510921 885539 156517 655851 563086 66042 333795 77583 437819 374090 167677 829016 103331 457919 740076 665713 231281 93836 550703 565354 598882 307931 717022 241238 631961 594185 639469 455168 630970 316084 508226 661937 421107 471997 506413 338513 237453 552010 727163 410434 115275 261167 505169 163215 372709 332504 560684 72744 262466 758542 409326 530632 426285 785219 539911 526067 603174 744320 379890 455263 328976 594955 485802 276013 178239 533179 185850 201238 647256 737536 440438 686918 232761 874821 592694 609393 521788
618272 322764 999999999 562229 679397 804971 443413 550221 256093 157523 357862 384000 550545 223017 70855 429377 548397 270652 516618 756291 364933 525139 800121 339320 577684 352510 628154 319814 372811 656052 394225 327413 51586 471951 558821 356497 252734 448614 673928 501020 230867 460640 600867 349729 531982 609646 531009 656257 355611 362291 495805 420010 391440 362131 593180 343686 290178 383154 518996 559934 240812 424145 538604 349414 413376 503133 473340 612047 293018 613247 250025 206902 569952 548434 210722 417965 828936 312801 639351 562729 796074 537410 372431 649137 362034 399625 151393 149271 655803 446568 506936 516649 432439 318880 491481 103002 568654 290966 416951 288217
237431 257188 562229 999999999 684308 751218 758316 806335 471405 611176 204387 474461 223535 779869 509673 526226 246978 789713 109950 641367 211987 49141 752353 764299 1088863 235033 664583 820274 246130 183630 179770 556411 613517 231629 998900 207988 624980 932025 643852 99462 335799 626710 540922 856067 183019 776838 51307 602877 851282 826092 458213 886256 526296 758288 701233 524361 727314 752659 253538 108396 769892 930081 348680 323292 446866 527358 215084 190316 448806 522659 322640 517190 872356 336485 772945 479260 716505 704994 440860 631706 674015 300031 696369 117272 851894 575011 469763 413077 437068 312520 56300 733812 942117 565014 813033 483862 1076454 844288 863047 778958
484633 692979 679397 684308 999999999 129086 377012 311382 429180 556782 624438 943437 868879 747498 616779 252429 441900 929571 753456 148889 688620 640451 122962 1018715 807320 541965 54039 984456 751087 867864 684429 355318 696605 827289 626936 602277 465710 659402 48786 590082 657623 234725 143623 1007973 502621 200848 634834 89271 1019414 583333 239680 1091172 978824 1040398 128198 335733 969561 1058838 430988 778748 670878 698793 336411 805956 946353 190477 814323 529826 400563 165801 675856 834275 386821 350276 787141 277006 181157 471658 273224 119093 170724 385888 1037557 796021 1028094 283506 539796 638840 289276 874172 672416 258318 712627 366232 392300 709758 791743 898657 1093132 959799
530639 793905 804971 751218 129086 999999999 498547 420473 552011 685406 719973 1052180 950646 876476 740886 375859 504239 1057774 831746 117849 784467 711368 8540 1144049 921271 638929 183067 1112465 848308 933748 776450 483193 823848 916571 735457 697903 594785 778694 133045 663362 767603 363717 228562 1136367 568510 304039 704505 162100 1147538 707446 340368 1218806 1090024 1164716 249092 461605 1094860 1182155 500481 852230 799384 820465 406252 908600 1051945 306436 902547 579081 520780 235782 784125 952781 489958 416133 916225 394454 81911 599428 313124 248022 103762 452640 1158571 856550 1156084 411836 662476 756026 321744 970000 747749 377719 834078 494457 507456 830318 905770 1027738 1220030 1087198
658330 630769 443413 758316 377012 498547 999999999 112994 300488 286328 601976 805767 863853 414790 409771 261074 585850 631472 777050 514334 651473 709294 490874 755124 436055 534275 326608 687492 696728 919809 665094 202552 434166 797131 273372 584587 192936 282797 402853 661538 552995 176014 401080 702764 618879 210367 708870 414328 719028 210594 372582 796253 823769 785938 249957 234333 709054 812679 558466 815947 328711 322085 500257 716884 825679 314457 790317 684978 312533 430638 577642 644856 130455 518261 464752 302113 558147 137230 527290 276047 543945 537281 811907 873857 729740 194579 368033 489831 549196 809404 720165 121191 335814 195565 56304 520385 420519 572221 808232 673759
675315 708604 550221 806335 311382 420473 112994 999999999 376654 394689 669539 902142 933751 526787 511005 282702 608321 744466 838375 458300 724129 757299 412254 867161 500962 595327 268925 800484 774499 976874 733933 270801 544229 871586 316071 650334 297528 364378 347224 707295 637941 181735 373983 815628 650735 116850 755490 368922 831981 311697 378709 909237 923286 897467 185969 290866 820753 923668 584193 874755 440185 411192 511693 802572 919243 310149 863241 708345 378179 405329 661940 747785 79582 529785 577342 329295 488959 249837 513409 237202 482094 554890 920982 923458 842714 232349 460352 582201 534718 891657 773970 75736 423942 268975 92488 621250 485493 684124 921172 786614
429791 332519 256093 471405 429180 552011 300488 376654 999999999 180536 301984 537989 563381 389894 189342 176774 353338 521156 478748 500211 351166 423548 547607 593193 628616 239017 380261 573087 398541 623142 364705 106262 283398 497480 527495 285358 156286 467065 419821 380232 262634 232326 344851 600861 363410 397438 424854 400511 608838 360469 242158 675566 566088 612857 359166 99899 544032 630187 322318 518816 343705 473272 309307 426837 550085 247598 490213 440881 41290 358116 286125 408013 426541 323037 411028 161873 573050 233987 395622 316656 539980 323335 608533 583456 616045 165444 110635 218482 414168 515005 427910 318713 486471 107938 356789 281481 615157 515988 673033 543514
605580 411268 157523 611176 556782 685406 286328 394689 180536 999999999 415868 532642 651381 210485 137850 320725 529815 373452 592228 653801 445114 566884 679634 477836 479323 378310 503408 428883 472440 737801 468443 203595 150691 576015 421962 406216 99668 329015 559539 530786 319563 326074 502703 451352 532334 462042 570320 549197 463415 228723 411984 536771 544968 505800 456744 232776 430057 530510 498750 635260 165922 320117 489779 470369 557804 399240 573572 612024 221419 521235 343803 362290 412430 503571 237497 324603 720308 155726 572141 437728 691971 503073 526299 713918 472507 273664 141919 239447 591498 567877 560643 366777 331658 191421 333959 243644 467587 347052 542099 407067
317236 84595 357862 204387 624438 719973 601976 669539 301984 415868 999999999 353824 264242 576024 306317 410403 271934 592637 178913 627532 64510 168851 718765 584745 895182 82612 590603 627158 128517 324878 64595 401861 409131 206986 820639 22174 444485 742619 594263 155183 134800 501993 492064 662439 224243 665856 175685 558787 659715 638446 384886 701718 400560 584864 604305 378690 543480 585213 254259 220907 569720 735973 329017 196475 342848 440412 196342 291964 291962 485035 126853 336953 725818 326876 568569 367433 707278 526705 444104 541870 665894 296455 536294 298623 661526 440080 274173 208801 450394 250276 149488 603592 747394 407001 658212 282879 883438 641672 682442 586743
662950 269868 384000 474461 943437 1052180 805767 902142 537989 532642 353824 999999999 311930 570337 397841 700843 624974 445505 371332 969859 297116 469941 1049788 348164 944657 424117 901364 448353 238584 448075 320939 641215 419004 254511 942606 373192 614041 829061 921124 485351 285835 770191 824496 482061 572723 935262 479757 890287 467933 746208 711846 472662 51979 326533 893954 637186 330843 308549 608082 398771 615526 799106 679413 159922 43709 753000 268807 629606 553666 823012 268106 184294 935977 678899 531448 667972 1049467 686474 795240 843089 1009344 649756 244294 491747 463187 703249 442065 321239 802831 175248 427839 852882 805596 638971 858562 289003 937621 542067 439752 408802
458269 240493 550545 223535 868879 950646 863853 933751 563381 651381 264242 311930 999999999 771913 521958 671489 454022 715922 120931 846698 212770 248201 950754 649128 1122769 341618 840742 732593 179731 136157 199826 665355 600138 78879 1069419 283926 697029 979802 833382 290408 332076 765303 729198 768234 389592 927756 257008 794575 757960 879817 631217 775035 361599 632812 862492 642921 622698 618228 451954 117050 787046 965180 544664 211905 273227 693411 78017 412712 555902 716037 308355 425727 989121 536059 749441 626985 924339 779291 648806 797285 881812 500056 555114 190517 755452 704119 516299 414881 648191 138201 206346 867681 975127 669892 920158 451175 1112493 794291 744982 690872
806795 545680 223017 779869 747498 876476 414790 526787 389894 210485 576024 570337 771913 999999999 270368 525541 732361 230141 739210 855983 587409 740210 870018 376665 375008 558642 693462 283478 595321 879069 616151 406010 172156 693095 410612 572151 283902 281825 756376 711279 453215 512775 708228 292806 727824 619995 745279 750400 311320 238688 621634 389351 563062 413880 635301 439354 339357 446596 701521 782600 87360 239530 698997 566463 606619 604200 695226 808423 431083 728441 472937 386514 514205 712274 55606 533580 918615 284443 782586 629346 893013 709718 468462 870766 322912 470905 324892 370017 801981 661606 725502 524133 242926 392515 443106 320828 368801 157436 407387 280320
550931 284984 70855 509673 616779 740886 409771 511005 189342 137850 306317 397841 521958 270368 999999999 365080 479946 341508 474490 688558 323392 469861 736318 403861 601010 290459 566554 390419 342227 617684 350202 270244 112926 444922 558826 301826 217011 459636 608999 441917 191196 404801 532989 420553 466344 560189 475005 589743 426195 363785 426525 489533 414016 423844 536711 281734 354710 442157 450207 517990 267182 443224 467845 333774 421185 436930 443948 546802 224499 544423 213938 236973 539355 477818 268790 350652 762140 288874 568591 501724 728510 467363 424536 603154 432424 341235 81343 107166 584976 431601 455635 470163 453215 263483 461474 110628 590582 357590 485018 358114
398762 465934 429377 526226 252429 375859 261074 282702 176774 320725 410403 700843 671489 525541 365080 999999999 328344 686983 567503 333265 471103 477488 371240 768245 677460 330076 204276 740699 528977 701006 474502 119698 450556 617308 532161 389269 244458 514591 244582 426811 416383 101126 182691 766322 368175 256344 475063 229472 776148 416562 114267 845650 733192 788923 196090 88407 719054 806774 302791 601114 459928 538762 239195 573485 707817 78712 606688 428324 149488 203837 436895 582804 354290 257220 557773 46986 401857 283247 277692 142647 371821 277460 785152 643496 784147 69752 287406 388870 299289 651561 497473 208437 553000 133535 308185 457532 662416 667772 845404 713655
76611 356528 548397 246978 441900 504239 585850 608321 353338 529815 271934 624974 454022 732361 479946 328344 999999999 813647 333213 395141 328594 208472 505399 835442 974902 216284 427740 856781 390828 429820 308844 400092 592730 433242 850373 254277 503994 811161 399433 163659 380666 427350 298408 889958 64871 557640 201025 357876 891588 705797 233448 944017 672361 841133 475344 360710 790394 845725 31079 349486 695336 823115 106467 465911 611032 305007 417550 100081 316021 277684 384082 594578 682095 91633 743347 284287 471441 572074 195329 404433 428874 57000 801464 354825 895601 391402 409787 421854 194205 500391 247836 532781 836690 412518 635516 509247 960774 837430 929997 819418
880570 533161 270652 789713 929571 1057774 631472 744466 521156 373452 592637 445505 715922 230141 341508 686983 813647 999999999 720233 1018955 578595 760417 1052207 155950 566779 607504 876460 56186 561147 842261 610711 574608 237808 640112 636239 597457 469514 505501 929970 745841 457878 699474 864575 79705 791010 827755 767823 916360 89966 468630 763120 165166 419666 195585 829503 598815 132824 230614 785132 760640 315112 457386 809040 505239 488195 763759 647597 869365 560136 879131 467823 290195 739610 818547 174648 681744 1088838 495297 909778 810674 1058145 806266 269186 856549 99400 646072 421459 394887 926390 584785 733464 731199 457421 563366 665806 311121 564631 109822 178150 54069
338708 194374 516618 109950 753456 831746 777050 838375 478748 592228 178913 371332 120931 739210 474490 567503 333213 720233 999999999 726614 151816 127697 832071 678786 1070904 243524 727642 745529 159829 146064 124448 575222 568078 122364 999552 193573 623373 920261 716566 169726 286003 664532 612391 781552 268699 823397 136778 677134 774592 816662 517984 803072 423308 669135 754229 548625 645274 660469 331966 43506 741254 911795 425496 228979 340995 582676 106042 294307 464826 597999 266835 436817 898373 416275 725000 521696 803956 705550 528193 687292 761408 380072 601550 136356 774008 606407 451361 369748 527334 204159 85428 769394 922853 581498 833063 426702 1059512 785279 777239 703686
415851 705415 756291 641367 148889 117849 514334 458300 500211 653801 627532 969859 846698 855983 688558 333265 395141 1018955 726614 999999999 691530 603529 121946 1091705 949018 548946 190241 1072009 755910 822594 680547 450970 781569 817522 772401 605836 572289 796807 112039 557100 689416 353674 155581 1098498 459956 349646 596166 105796 1107628 714050 266018 1175562 1010535 1109119 272669 421621 1042700 1123719 394748 744588 785423 832851 303333 820689 966054 255384 802871 464717 464111 148393 703614 885526 534871 310739 890324 338343 79807 593078 200588 239555 40316 346643 1094844 743882 1115253 385346 607736 688598 206742 875504 641721 400096 846929 464016 535467 768296 933436 1000731 1173187 1043462
366572 45435 364933 211987 688620 784467 651473 724129 351166 445114 64510 297116 212770 587409 323392 471103 328594 578595 151816 691530 999999999 189270 783271 554449 922082 146659 654221 608338 64435 294374 32225 454330 416440 147649 859069 86642 485061 774078 658720 192344 134194 560385 556573 644160 275662 725429 198098 623297 639296 672019 449173 675225 345770 550657 665988 434067 516222 547665 313484 195256 590498 763252 391835 137450 282593 503803 139227 335784 346008 549452 115749 306314 777496 388877 573894 429111 771234 567439 506316 604533 729730 357342 494879 284903 639948 497104 306518 218020 511791 185800 156222 660103 773976 458258 707772 277245 911026 637604 653061 566985
211357 232723 525139 49141 640451 711368 709294 757299 423548 566884 168851 469941 248201 740210 469861 477488 208472 760417 127697 603529 189270 999999999 712173 743536 1043419 189087 619156 793340 234043 228284 158149 507500 576033 240905 950967 168687 577772 885740 601004 51396 303229 577847 497489 828886 143605 728810 9943 560465 825210 779599 411676 863616 521143 739897 653973 475277 704673 736427 211293 141069 727167 884892 306422 313430 446120 480199 224307 168382 400218 480455 292726 495163 823218 295356 735510 430545 679886 657372 403760 584768 637322 258807 682421 166175 826439 525896 426111 376779 401682 317829 44718 684893 897089 516215 763958 451560 1030848 810456 842070 752457
532956 792235 800121 752353 122962 8540 490874 412254 547607 679634 718765 1049788 950754 870018 736318 371240 505399 1052207 832071 121946 783271 712173 999999999 1139284 913097 637528 176804 1106974 847019 935077 775594 477700 818589 916030 727135 696672 588619 770798 129562 663943 764979 357326 226933 1130719 569523 295761 705397 160274 1142004 699946 338139 1213449 1087359 1160162 241614 456607 1090099 1177791 501121 852943 792661 812727 406648 906811 1049896 302651 902091 581261 516753 235267 781697 949152 481568 416842 910016 390668 89954 592504 315177 242038 110117 453378 1154597 858221 1150601 406170 658138 752526 324313 968893 748248 369971 826321 488845 499414 826361 897601 1021542 1214891 1081909
894541 510921 339320 764299 1018715 1144049 755124 867161 593193 477836 584745 348164 649128 376665 403861 768245 835442 155950 678786 1091705 554449 743536 1139284 999999999 722723 620015 967423 123951 520726 782832 586134 665927 327807 579955 786849 595043 577471 656951 1012592 739477 457053 797832 936148 148628 801635 939877 752140 993575 129107 611153 827746 125907 309792 39839 930234 682993 49191 75164 809783 714971 456701 610591 850468 450811 391735 840788 590715 875059 627741 946248 458801 248527 871231 857034 321575 754364 1165864 617960 959428 901926 1131783 838685 124881 811835 121164 738307 484093 418109 973592 511516 709727 844466 611356 656727 794908 331159 720563 264503 98755 101914
1051231 885539 577684 1088863 807320 921271 436055 500962 628616 479323 895182 944657 1122769 375008 601010 677460 974902 566779 1070904 949018 922082 1043419 913097 722723 999999999 854337 759536 606587 943088 1216000 946714 577819 532680 1045253 193986 885368 472883 164134 837074 1004386 791981 608570 835435 598263 991448 617757 1046186 850267 621043 269201 791627 690692 938052 762352 679151 618283 695014 797290 944587 1114101 337060 159210 907483 926881 979976 742841 1044797 1067410 661563 864149 814946 760453 437159 924465 419615 709012 987599 403258 954075 711950 976921 935497 830384 1193153 633376 607788 621169 708175 975875 1024230 1039368 549468 148108 564490 415084 680603 15585 459362 721193 620812
275414 156517 352510 235033 541965 638929 534275 595327 239017 378310 82612 424117 341618 558642 290459 330076 216284 607504 243524 548946 146659 189087 637528 620015 854337 999999999 508002 647504 209665 385565 145063 332026 401338 288678 765616 60556 390479 697008 512307 153358 164387 423933 410635 681629 183899 586211 192115 477360 681637 591062 302533 730814 468039 624977 522800 305152 575626 629462 192797 281693 540133 695814 255430 271781 417549 357880 277278 261894 221750 404760 168963 378312 654859 255785 559186 286213 628752 471171 371306 459684 587808 229083 585912 344743 684885 363917 238609 212622 379655 332347 189064 527362 708035 338769 590116 297983 841790 643126 715384 608872
477540 655851 628154 664583 54039 183067 326608 268925 380261 503408 590603 901364 840742 693462 566554 204276 427740 876460 727642 190241 654221 619156 176804 967423 759536 508002 999999999 931475 715651 847396 652065 302747 644237 795593 582184 568552 411819 609387 78431 568118 615676 180688 134480 954712 485538 166046 614207 103609 966348 531172 209709 1038430 935391 989697 82964 284908 918311 1008706 413405 755139 616907 647626 321273 767455 905926 150704 783219 520398 353600 163045 634793 787079 346638 336784 733213 233393 232496 417961 276376 65840 217563 370836 988740 778507 975120 230615 490637 592807 294960 838975 648648 210148 661546 313328 345359 661569 743952 844738 1040862 907236
922055 563086 319814 820274 984456 1112465 687492 800484 573087 428883 627158 448353 732593 283478 390419 740699 856781 56186 745529 1072009 608338 793340 1106974 123951 606587 647504 931475 999999999 585728 862075 640563 629279 290444 658706 685695 633509 525383 554645 984171 781632 493121 754957 917279 36026 831394 883926 801120 969893 35811 522159 814590 108980 416884 163062 885239 652715 119029 198244 828830 784765 369425 505038 856410 524687 491859 817060 667369 908771 611505 931201 500900 309675 794883 865344 228409 734264 1142509 551420 958959 865659 1111355 851751 246923 881368 43648 700959 471191 435629 975145 598300 764273 787374 504168 618226 721416 349556 605475 147718 123961 41936
424809 66042 372811 246130 751087 848308 696728 774499 398541 472440 128517 238584 179731 595321 342227 528977 390828 561147 159829 755910 64435 234043 847019 520726 943088 209665 715651 585728 999999999 286294 82799 503741 423176 103652 892067 150469 522663 800406 721963 246769 152878 615398 620197 621753 335717 781420 243642 686928 614775 701103 511991 644300 288800 512979 724663 486501 486056 506609 376833 199499 607650 785449 456208 79611 220561 565010 101723 391032 397915 613522 128796 277074 824577 453072 575955 488241 835627 604413 570533 664585 794146 421221 450356 295728 614252 550880 339853 235159 575749 123332 194406 712749 795408 506449 752855 276071 932776 629552 619401 543874
411190 333795 656052 183630 867864 933748 919809 976874 623142 737801 324878 448075 136157 879069 617684 701006 429820 842261 146064 822594 294374 228284 935077 782832 1216000 385565 847396 862075 286294 999999999 269383 717427 707114 203614 1145446 338830 769191 1066119 827476 279509 427312 800080 724529 897938 366416 954786 233257 786463 888666 962677 639857 908676 497713 767672 881485 689087 754668 753818 437168 104387 884840 1056996 532296 337503 409254 707935 194806 362083 607277 706229 406402 552993 1039193 519940 861735 654388 896498 851284 622045 812644 854172 483542 690988 85202 886711 744527 597238 511687 616872 273805 203536 906250 1067902 724332 975580 561870 1204759 915062 879383 820184
342110 77583 394225 179770 684429 776450 665094 733933 364705 468443 64595 320939 199826 616151 350202 474502 308844 610711 124448 680547 32225 158149 775594 586134 946714 145063 652065 640563 82799 269383 999999999 465730 445799 143702 879006 85235 503650 796956 652735 164955 163422 566544 549649 676384 252968 730199 167191 616225 671512 693976 444771 707190 370655 581856 667826 443124 548189 578300 296081 167894 616831 787663 378637 161179 303273 502404 132266 309145 356105 540796 146454 338191 789624 374329 603841 431116 760012 586051 491680 604656 718159 341453 524730 254927 672143 504669 328254 246193 495945 195135 124080 668171 798634 470541 721375 308361 935414 668970 684792 599209
475623 437819 327413 556411 355318 483193 202552 270801 106262 203595 401861 641215 665355 406010 270244 119698 400092 574608 575222 450970 454330 507500 477700 665927 577819 332026 302747 629279 503741 717427 465730 999999999 341499 601460 452086 383688 125254 413685 356071 460469 368770 134593 302283 653340 424994 294777 507394 345937 664347 310563 224144 735855 667170 689542 266559 40555 616948 710120 370646 613708 340637 431446 330062 533079 654828 198235 593556 496184 110404 323368 392358 502055 323959 346828 439362 135970 516722 175157 389638 236930 488776 358048 694748 671558 672903 72415 202621 320147 410590 621054 517634 212804 445496 14314 258159 373760 563301 549944 738134 604523
663857 374090 51586 613517 696605 823848 434166 544229 283398 150691 409131 419004 600138 172156 112926 450556 592730 237808 568078 781569 416440 576033 818589 327807 532680 401338 644237 290444 423176 707114 445799 341499 999999999 521391 525382 407348 250286 410070 694539 551028 282422 471231 626931 317507 578990 612380 581776 679551 326062 330239 525473 395190 421307 355152 603297 362872 279677 379908 562879 611366 197667 381840 577234 396622 451107 526643 523244 659350 322664 641323 301376 236660 556846 587960 159501 444002 852228 299019 674391 578428 820913 578928 378048 700716 333752 413784 187379 200741 691633 493000 558321 517382 389288 331332 478748 149762 524253 244710 396637 263372
450594 167677 471951 231629 827289 916571 797131 871586 497480 576015 206986 254511 78879 693095 444922 617308 433242 640112 122364 817522 147649 240905 916030 579955 1045253 288678 795593 658706 103652 203614 143702 601460 521391 999999999 995688 228461 625575 903724 794644 272641 256483 707765 691075 694524 371327 872397 250712 757415 685083 804705 587776 705677 306122 566073 811246 581699 551114 553914 425928 144592 709120 888034 514236 134911 221056 646076 16668 409189 493563 680806 232241 350181 924021 507939 670600 574405 896445 707507 623990 748338 854218 473248 492453 237496 683098 644713 443226 338117 625965 82293 196188 807751 897804 605011 853374 372324 1035142 716559 677045 616847
924750 829016 558821 998900 626936 735457 273372 316071 527495 421962 820639 942606 1069419 410612 558826 532161 850373 636239 999552 772401 859069 950967 727135 786849 193986 765616 582184 685695 892067 1145446 879006 452086 525382 995688 999999999 806899 376312 131107 660559 906744 739577 449118 671830 687121 877056 431517 952071 678191 708331 196621 645085 784455 946689 824400 499891 490260 749917 857208 821617 1041239 337741 183381 770390 892266 972027 587808 992195 947729 552376 702029 764192 761921 246580 788192 465318 570396 805020 294588 800590 541041 797615 804755 877055 1110355 720607 463549 553139 661218 822490 989835 954664 373513 187779 440853 238596 657982 179499 541883 808433 688574
302805 103331 356497 207988 602277 697903 584587 650334 285358 406216 22174 373192 283926 572151 301826 389269 254277 597457 193573 605836 86642 168687 696672 595043 885368 60556 568552 633509 150469 338830 85235 383688 407348 228461 806899 999999999 430587 731391 572099 148385 140459 481589 469941 668532 209449 644994 174534 536667 666537 626630 362716 710515 419237 596463 582793 359487 552868 597921 235362 234478 562570 726214 308070 216950 363358 418429 217448 280110 273472 463055 136258 348302 707575 306377 566824 345993 685602 512548 423410 520077 644290 276586 550375 307803 668736 420202 264298 208569 430105 272430 155028 583771 737864 389265 640748 286594 873398 642971 692245 593507
580580 457919 252734 624980 465710 594785 192936 297528 156286 99668 444485 614041 697029 283902 217011 244458 503994 469514 623373 572289 485061 577772 588619 577471 472883 390479 411819 525383 522663 769191 503650 125254 250286 625575 376312 430587 999999999 310824 472713 535705 372890 231884 426408 546203 518567 362428 579550 466618 559365 204256 348410 633855 631013 605433 360169 162781 529725 629921 473323 664949 215479 319162 446030 533626 635396 322494 620764 594865 188855 448295 397815 452020 322347 461804 321466 259645 634835 82416 513428 346874 609147 468234 624265 734887 568876 187030 183883 302586 534080 628818 579239 267115 332700 111114 244576 327563 459252 432959 640470 505220
887409 740076 448614 932025 659402 778694 282797 364378 467065 329015 742619 829061 979802 281825 459636 514591 811161 505501 920261 796807 774078 885740 770798 656951 164134 697008 609387 554645 800406 1066119 796956 413685 410070 903724 131107 731391 310824 999999999 685547 845226 647728 449994 676670 556069 828895 479802 888060 695606 577238 106606 628561 653452 829495 694830 531689 454154 621001 727985 780943 963039 215114 55553 743410 792180 860824 581736 901867 904255 498851 704673 671609 646040 314492 760362 335816 545237 840549 239230 791839 557753 826737 771403 749930 1038829 589510 445097 468900 565727 813569 890131 883978 401572 64344 400361 272951 550599 149706 410848 677327 558085
439110 665713 673928 643852 48786 133045 402853 347224 419821 559539 594263 921124 833382 756376 608999 244582 399433 929970 716566 112039 658720 601004 129562 1012592 837074 512307 78431 984171 721963 827476 652735 356071 694539 794644 660559 572099 472713 685547 999999999 551195 635958 246965 104204 1008995 461329 241604 595014 42153 1019466 604617 210575 1089729 958229 1032678 161274 331669 963403 1049712 390328 740366 682731 722491 295185 779789 922035 173448 781221 485016 387944 121780 653026 819739 424593 308085 793506 261446 162374 486856 225646 130296 141667 344199 1025633 754187 1027713 286524 530086 623020 241141 844519 634390 288057 736508 368133 423437 697378 821491 904701 1089923 957842
180009 231281 501020 99462 590082 663362 661538 707295 380232 530786 155183 485351 290408 711279 441917 426811 163659 745841 169726 557100 192344 51396 663943 739477 1004386 153358 568118 781632 246769 279509 164955 460469 551028 272641 906744 148385 535705 845226 551195 999999999 288525 527381 447429 816746 99647 677559 48256 510942 814459 738779 360362 856890 535432 738596 602578 427245 698575 737583 162903 189296 693364 846491 257459 325944 465453 428804 256507 144275 354696 431147 282022 491255 773981 247299 709919 379837 634265 614181 358468 533383 591711 210892 686374 216705 816443 476389 391877 355247 357863 344525 84622 634543 858970 469670 715833 434921 991520 789709 837375 741447
437543 93836 230867 335799 657623 767603 552995 637941 262634 319563 134800 285835 332076 453215 191196 416383 380666 457878 286003 689416 134194 303229 764979 457053 791981 164387 615676 493121 152878 427312 163422 368770 282422 256483 739577 140459 372890 647728 635958 288525 999999999 491309 540913 528222 344582 657887 310328 606100 526082 548228 427759 570719 322436 460864 611062 358522 413764 465079 356824 329418 458175 633793 411248 164649 291479 467173 254145 418780 271879 541427 24925 213931 682501 414276 440477 382312 768513 453871 526031 558074 729360 390704 422381 418347 528289 424695 189063 84429 536683 256665 279694 581341 644041 369185 608591 148393 781370 508490 553437 453053
495831 550703 460640 626710 234725 363717 176014 181735 232326 326074 501993 770191 765303 512775 404801 101126 427350 699474 664532 353674 560385 577847 357326 797832 608570 423933 180688 754957 615398 800080 566544 134593 471231 707765 449118 481589 231884 449994 246965 527381 491309 999999999 226915 777018 469000 166771 575635 249114 789439 361572 201643 862751 798283 822471 132547 133135 749057 843744 402713 699269 436722 481981 333404 653291 781305 139016 698035 527430 219834 255651 513648 636061 254853 351565 552903 147968 408937 239941 351514 117315 387548 374814 829249 743971 798579 66946 336113 450619 373405 736373 596613 107337 496189 141856 215861 507913 593155 664445 867090 732500
344026 565354 600867 540922 143623 228562 401080 373983 344851 502703 492064 824496 729198 708228 532989 182691 298408 864575 612391 155581 556573 497489 226933 936148 835435 410635 134480 917279 620197 724529 549649 302283 626931 691075 671830 469941 426408 676670 104204 447429 540913 226915 999999999 944204 359016 289161 491687 66731 952954 585586 113310 1020377 863235 953755 201023 269938 887133 968684 287473 636474 641597 707071 192789 680043 823573 104048 677509 387961 308531 31430 556681 732281 453554 206776 740065 183088 231015 457251 144103 137213 195639 242275 940807 652398 960426 242370 452155 535107 164049 742297 530384 303101 721326 315959 434056 613579 820003 849651 1017703 888300
955814 598882 349729 856067 1007973 1136367 702764 815628 600861 451352 662439 482061 768234 292806 420553 766322 889958 79705 781552 1098498 644160 828886 1130719 148628 598263 681629 954712 36026 621753 897938 676384 653340 317507 694524 687121 668532 546203 556069 1008995 816746 528222 777018 944204 999999999 865467 902085 836620 995748 22967 530355 842815 97633 449295 185796 906372 678084 151470 220073 861785 820789 379923 504876 887629 560595 525661 843249 703261 943127 639817 958829 536336 345664 806737 896881 239252 761410 1168150 567798 989050 888981 1137639 883943 273409 917394 35149 724550 500805 469414 1005528 633654 800037 805498 502992 641911 734561 383861 598060 145249 123237 77936
93394 307931 531982 183019 502621 568510 618879 650735 363410 532334 224243 572723 389592 727824 466344 368175 64871 791010 268699 459956 275662 143605 569523 801635 991448 183899 485538 831394 335717 366416 252968 424994 578990 371327 877056 209449 518567 828895 461329 99647 344582 469000 359016 865467 999999999 608041 136238 420141 865535 722558 284188 914112 621365 804695 528253 387528 758083 807030 72135 284639 698141 836677 166272 412872 556241 355335 355383 80661 330044 339885 344391 556699 722050 153525 733984 322075 536309 591521 260191 457664 493743 117166 759812 293478 868748 426432 402932 396202 258658 440862 183274 575903 849879 436273 670685 481882 977771 822882 897833 792756
617433 717022 609646 776838 200848 304039 210367 116850 397438 462042 665856 935262 927756 619995 560189 256344 557640 827755 823397 349646 725429 728810 295761 939877 617757 586211 166046 883926 781420 954786 730199 294777 612380 872397 431517 644994 362428 479802 241604 677559 657887 166771 289161 902085 608041 999999999 725535 269580 916891 419792 324485 992867 961920 967423 88145 299396 892018 991119 537555 856193 535634 525047 454162 820062 947346 252946 862188 655719 386599 320185 680348 795302 187259 471542 667362 301708 374339 335849 433117 156190 370291 501430 981773 893705 927007 233192 497115 614631 453209 902799 751558 96591 538126 298687 206852 666942 602300 776999 1001473 866154
202017 241238 531009 51307 634834 704505 708870 755490 424854 570320 175685 479757 257008 745279 475005 475063 201025 767823 136778 596166 198098 9943 705397 752140 1046186 192115 614207 801120 243642 233257 167191 507394 581776 250712 952071 174534 579550 888060 595014 48256 310328 575635 491687 836620 136238 725535 999999999 554321 833112 781811 407292 871975 530929 748754 650078 474679 713065 745489 204914 148533 731200 887814 300135 323079 456031 476223 234103 158679 400713 474225 300328 503704 821959 288708 741206 428088 672281 658800 396173 580651 629724 252155 691682 168475 834430 524441 429909 382964 393755 327753 54550 682790 900088 516327 763347 458552 1033531 816982 850631 760312
396957 631961 656257 602877 89271 162100 414328 368922 400511 549197 558787 890287 794575 750400 589743 229472 357876 916360 677134 105796 623297 560465 160274 993575 850267 477360 103609 969893 686928 786463 616225 345937 679551 757415 678191 536667 466618 695606 42153 510942 606100 249114 66731 995748 420141 269580 554321 999999999 1005401 610409 178456 1074334 928529 1012381 184505 317839 944441 1028303 349466 700215 679628 730074 254239 746565 889848 153159 743746 442903 366317 80261 622303 794628 447658 266719 785247 239346 172759 487839 183991 138318 142842 302976 1002128 712694 1013280 279624 509690 597478 200058 809011 594469 304709 744220 358803 439780 674202 834713 895877 1073103 942251
956451 594185 355611 851282 1019414 1147538 719028 831981 608838 463415 659715 467933 757960 311320 426195 776148 891588 89966 774592 1107628 639296 825210 1142004 129107 621043 681637 966348 35811 614775 888666 671512 664347 326062 685083 708331 666537 559365 577238 1019466 814459 526082 789439 952954 22967 865535 916891 833112 1005401 999999999 549501 850382 78034 433650 165159 919414 688102 137239 198960 863767 813300 398103 526390 891982 551784 511616 852619 694246 942616 647296 966954 533177 337891 824569 900837 257068 769958 1177985 583467 994711 900551 1146944 887032 253953 910082 12411 735909 506993 470130 1010863 622516 795422 820307 524719 653189 751820 383661 620757 166726 100876 73032
782185 639469 362291 826092 583333 707446 210594 311697 360469 228723 638446 746208 879817 238688 363785 416562 705797 468630 816662 714050 672019 779599 699946 611153 269201 591062 531172 522159 701103 962677 693976 310563 330239 804705 196621 626630 204256 106606 604617 738779 548228 361572 585586 530355 722558 419792 781811 610409 549501 999999999 529531 627458 751238 646816 458355 351117 570451 677966 675432 859203 154517 122219 640608 697559 775415 487192 802100 798247 392545 612286 572516 566259 283094 657288 294002 444271 763668 135418 694219 474716 746266 667116 691799 933648 561238 348024 365755 467908 715755 795365 778527 331514 136471 296885 220582 461425 255295 389386 646075 517788
296990 455168 495805 458213 239680 340368 372582 378709 242158 411984 384886 711846 631217 621634 426525 114267 233448 763120 517984 266018 449173 411676 338139 827746 791627 302533 209709 814590 511991 639857 444771 224144 525473 587776 645085 362716 348410 628561 210575 360362 427759 201643 113310 842815 284188 324485 407292 178456 850382 529531 999999999 915792 750154 844105 244158 185636 778930 858085 213173 546022 562392 651591 133027 569226 711804 71588 574976 332405 203086 118615 443848 619714 454931 151090 648599 88864 343367 395183 165589 173843 306334 177890 828832 573765 857322 184020 345205 422664 186748 634872 439609 302992 665793 238457 416695 502468 776608 755943 911425 784009
1006222 630970 420010 886256 1091172 1218806 796253 909237 675566 536771 701718 472662 775035 389351 489533 845650 944017 165166 803072 1175562 675225 863616 1213449 125907 690692 730814 1038430 108980 644300 908676 707190 735855 395190 705677 784455 710515 633855 653452 1089729 856890 570719 862751 1020377 97633 914112 992867 871975 1074334 78034 627458 915792 999999999 432161 147602 993424 758062 159003 173667 917131 839827 476126 601938 950740 575807 516031 921252 716277 989440 713009 1033225 574950 369077 902507 958692 335068 837304 1247079 660330 1056080 972591 1215150 942951 237474 936755 66679 807817 570852 522543 1071517 637394 831169 896324 599751 725104 829572 434909 691224 242621 39551 132107
712215 316084 391440 526296 978824 1090024 823769 923286 566088 544968 400560 51979 361599 563062 414016 733192 672361 419666 423308 1010535 345770 521143 1087359 309792 938052 468039 935391 416884 288800 497713 370655 667170 421307 306122 946689 419237 631013 829495 958229 535432 322436 798283 863235 449295 621365 961920 530929 928529 433650 751238 750154 432161 999999999 284789 924300 665881 297998 263918 654570 450521 614633 796614 723432 209499 88692 788400 320578 679703 584632 863015 306955 185050 953330 723619 520623 702284 1089925 700270 839306 875800 1050259 695325 198787 543111 427934 731491 465590 347664 847569 226118 479306 877120 802266 663951 875334 303462 931790 520828 397745 378955
897945 508226 362131 758288 1040398 1164716 785938 897467 612857 505800 584864 326533 632812 413880 423844 788923 841133 195585 669135 1109119 550657 739897 1160162 39839 762352 624977 989697 163062 512979 767672 581856 689542 355152 566073 824400 596463 605433 694830 1032678 738596 460864 822471 953755 185796 804695 967423 748754 1012381 165159 646816 844105 147602 284789 999999999 955010 704833 77191 35356 816339 703920 492588 649014 860997 440218 369595 860108 577634 876453 646073 962719 460456 248162 903733 866796 359114 773040 1184166 649015 971517 924474 1149317 847027 91117 800447 156066 761747 502806 428725 985016 494668 704539 872534 650007 680871 826938 343371 760099 304325 113234 141614
532609 661937 593180 701233 128198 249092 249957 185969 359166 456744 604305 893954 862492 635301 536711 196090 475344 829503 754229 272669 665988 653973 241614 930234 679151 522800 82964 885239 724663 881485 667826 266559 603297 811246 499891 582793 360169 531689 161274 602578 611062 132547 201023 906372 528253 88145 650078 184505 919414 458355 244158 993424 924300 955010 999999999 259397 881503 976263 456879 785056 555203 572041 370468 769429 902486 173891 800073 572224 340289 232041 632132 766080 263784 387470 678343 236917 309054 353670 345020 70920 298145 418646 961247 817368 928798 195861 466125 577262 365069 847446 679327 130236 585765 274341 264202 638331 663573 789652 998586 863735
435945 421107 343686 524361 335733 461605 234333 290866 99899 232776 378690 637186 642921 439354 281734 88407 360710 598815 548625 421621 434067 475277 456607 682993 618283 305152 284908 652715 486501 689087 443124 40555 362872 581699 490260 359487 162781 454154 331669 427245 358522 133135 269938 678084 387528 299396 474679 317839 688102 351117 185636 758062 665881 704833 259397 999999999 633834 723842 331555 586007 377117 471942 289509 521237 648186 166548 572931 457489 88603 289136 381143 507003 350111 306291 470137 96875 490072 215712 350724 219994 460227 317862 705023 640350 696212 66254 207531 318345 371481 606115 487677 226289 485979 54396 288685 379684 603737 579786 758517 626178
