NAME : synthetic_000908
TYPE : CTSP-D
DIMENSION : 100
GROUPS : 8
RELAXATION_LEVEL : 1
EDGE_WEIGHT_TYPE : EXPLICIT
EDGE_WEIGHT_FORMAT : FULL_MATRIX
EDGE_WEIGHT_SECTION
999999999 573068 532080 309633 839654 868798 561683 837590 601622 713136 561989 781702 402354 537562 819199 345476 507148 852316 639307 601787 435441 561031 837915 229407 735719 645813 386999 278820 659990 975365 595196 907318 396092 293411 54790 33533 381531 98138 254276 608260 531276 189987 656338 612482 199734 486255 470312 701531 489191 399964 525470 341882 1001484 457419 335965 416741 495750 881592 895618 622324 879787 408736 345669 821503 892918 80762 510328 144588 532259 657276 762428 790190 683080 314456 490638 241100 169402 865531 614656 642877 312630 268945 563473 445569 718062 186626 587766 693890 897252 565161 576418 238956 460122 828713 66927 361825 591987 366294 230356 827119
573068 999999999 148245 311310 1184138 906031 50595 1110923 519964 957022 775125 1208727 747204 122379 1116409 883610 728662 1144627 522134 897410 827834 326945 1244586 448998 1076866 651390 224098 832992 1119848 872724 798450 1207092 238718 807224 599483 576151 949349 658834 568475 253205 788386 471798 607823 782260 763327 726626 214264 566845 179519 181652 789275 623588 912292 234642 720753 696669 167609 1040887 1028778 903332 1287944 961433 308934 814933 1289302 496224 269155 483703 715143 1027027 1132261 1199562 930908 600892 1011773 458891 708592 1238130 1069367 1031890 878824 833363 260092 929488 1111218 759617 1039941 690289 1299882 763752 793626 690831 636091 1163512 618074 310991 872607 919458 354949 1175097
532080 148245 999999999 229346 1052598 757813 98366 972170 371719 818083 638209 1090530 630637 25892 980102 806519 594799 1007342 374550 765985 714970 179557 1121858 359203 946865 503481 145119 807551 1010786 730824 659664 1069748 140756 724831 545767 543614 888885 604166 466710 122685 656139 390639 459596 640850 731091 595287 81211 421224 47985 147776 657855 507183 769780 102588 613689 573037 37926 894681 881613 769862 1164795 889021 207995 667015 1164059 465102 121616 414994 577461 902560 1005380 1078120 792946 488263 923681 364269 641312 1109808 960343 910551 844709 800810 115191 832459 988650 712851 931141 542063 1175566 625716 656458 601044 502123 1031010 563642 201887 740075 848505 350257 1044190
309633 311310 229346 999999999 894013 720802 282935 838763 366621 688525 505969 902729 443303 240064 837280 580098 452895 867685 393523 611032 520363 263306 942213 137754 785173 462339 89554 588241 809638 763113 534453 929502 88853 500399 317943 325890 659556 375693 258207 298942 506512 163664 445176 529304 509280 444904 161148 455754 183360 133770 505572 322093 796531 147798 411185 402032 191623 807033 805258 621166 985784 661350 44134 646894 989359 252424 204031 185656 451295 727975 835357 896200 659938 296393 702917 147837 412194 942422 759236 729427 620836 578015 255291 618333 809425 485581 729802 510460 998865 498681 524503 380613 365692 875373 335485 63908 589067 620405 188397 883945
839654 1184138 1052598 894013 999999999 554158 1142341 149849 750100 261292 418917 193300 459828 1075752 107368 589480 457971 109617 779474 286857 405406 916884 148332 773492 109103 632364 968123 899667 292626 778849 404250 107084 948009 579010 785001 869883 696329 762541 652699 1019576 396499 772830 695582 435512 856309 457785 974253 790227 1009987 1024410 395094 573416 767663 952859 513536 491999 1022218 357117 402337 283327 168947 613374 881768 617724 147222 892859 940021 793505 479838 182480 85858 149468 276259 601348 492434 757345 691057 75899 299724 201765 856442 859556 978773 441664 144897 781228 309459 629685 164892 433998 401815 601143 550512 26356 776009 875892 312535 625334 995817 13433
868798 906031 757813 720802 554158 999999999 855818 407504 386287 324205 336791 713286 526126 783657 446832 832982 379284 451909 386296 410056 568831 580073 694077 674314 503856 261350 750425 1072764 737158 224692 309109 496232 721498 766057 828708 901663 966990 846835 614629 669569 388617 701915 298221 274742 998895 404038 702885 354656 732952 809889 397367 531094 216197 686802 589495 472949 743572 213959 174895 386498 721891 904174 684772 98196 701375 874450 638189 745406 343533 538744 573245 675155 331368 555987 832403 656541 807822 630035 706791 573299 1061130 1039744 648689 725803 605983 929919 691849 217171 719038 325320 331071 686401 408698 528166 832319 668292 391565 888738 896235 555456
561683 50595 98366 282935 1142341 855818 999999999 1066118 469905 912082 730920 1172104 710622 72488 1072640 861263 685624 1100458 471630 855484 792743 276448 1206265 420187 1035624 601845 193562 828256 1086538 822589 753494 1162918 203366 782825 583968 567660 932934 643348 536489 203774 746040 446057 557646 736175 755997 684559 168893 516267 133374 162269 747251 586755 862074 189948 687491 657425 121189 992521 979818 860605 1249486 940900 274650 764497 1250035 487509 219828 462217 670578 987891 1092272 1161705 886369 565305 985842 428579 689043 1197635 1036016 993942 871275 826196 209498 900245 1072871 747305 1006637 640315 1260980 719082 749332 663483 592894 1121319 602434 274265 830227 899334 353211 1133549
837590 1110923 972170 838763 149849 407504 1066118 999999999 642693 154088 336285 331818 436933 996580 46629 641438 386395 44821 667345 238164 409443 822381 296641 731775 147896 515823 904351 942567 402325 631857 312630 100962 881298 611038 784582 869890 762576 773101 619580 924937 333085 738848 578445 333471 888551 394054 897297 669901 932743 963284 335013 531230 619260 876493 501652 445767 944934 207282 252494 221660 318733 682739 819883 476917 295781 879485 854543 767065 395794 227448 195120 289031 180239 561311 572855 714203 707653 224716 393252 262066 907571 903308 887772 497344 247548 812340 392835 505476 313698 347171 317670 601330 477003 125303 778866 811061 254053 686014 963927 153872
601622 519964 371719 366621 750100 386287 469905 642693 999999999 493576 339020 836640 433090 397593 660795 718243 319961 683059 42505 480860 516754 195896 850014 373925 655255 135636 375482 859912 794438 396494 347269 743525 345928 633330 579676 629728 838652 619849 382541 292312 379811 412053 88275 314667 778329 334375 318129 100383 347107 432321 385533 346259 430280 303362 459241 357035 357530 532809 515146 474769 889680 803950 324672 297685 881353 577773 251945 458288 283030 636258 723243 813007 474546 351446 785927 360773 613070 817629 748033 656109 870641 836595 265057 675654 724142 726382 722133 170489 895823 321661 353589 512690 250329 725494 590588 305706 452194 772939 554165 744508
713136 957022 818083 688525 261292 324205 912082 154088 493576 999999999 183365 393262 311995 842493 167228 567946 235730 190869 520752 120542 309319 669547 383544 587118 185094 371792 751891 850856 414189 543324 158596 252714 728375 520379 662243 746261 698312 658868 480814 772264 188217 597614 435008 180711 788788 246287 743289 529176 778710 811204 191977 389804 539652 722524 380841 304961 790895 192918 226016 95507 417258 625024 668051 369132 402499 747370 700592 629246 242056 215207 256765 357903 30270 420235 533488 569141 599921 333769 386966 250640 824132 813197 734417 437442 283019 713445 375131 368493 418856 193391 164706 484781 324494 235551 658918 658644 122260 619107 821471 257866
561989 775125 638209 505969 418917 336791 730920 336285 339020 183365 999999999 498595 189587 662186 341901 497587 56664 369556 373319 141853 237567 497978 511138 410553 318654 243259 568532 740704 469060 513504 33215 432021 545133 429267 515433 595521 631413 523928 314706 600659 55829 425380 302163 62716 669692 75737 562029 397849 597619 627849 64585 222681 523879 541036 254888 146093 609842 321205 333636 137110 551178 571701 484752 329956 544008 585164 522852 461184 61114 298028 384998 474041 156046 252392 512520 392238 477258 482476 426802 320242 725876 706380 560127 401524 385482 598264 404296 262311 557986 18463 18660 355677 141139 395849 515673 475281 113177 553806 645886 411859
781702 1208727 1090530 902729 193300 713286 1172104 331818 836640 393262 498595 999999999 461585 1111304 285293 477892 519455 298263 871831 357403 382518 978842 69762 770073 209495 737240 985564 783926 135654 935480 496198 298733 970131 494343 727661 807962 560550 692441 646080 1078794 457622 759380 798557 535737 754862 509908 1009593 894753 1044640 1036460 452639 585390 929472 988070 493614 518252 1056574 534286 578618 368046 102743 478044 899855 762271 125433 846992 988382 769145 553701 200567 141033 43844 395127 607942 351634 756694 617580 145289 170381 182552 732406 744126 1033826 341206 114155 684352 194895 745960 122866 516548 485645 555967 604241 211461 714974 898182 385996 500112 969978 184087
402354 747204 630637 443303 459828 526126 710622 436933 433090 311995 189587 461585 999999999 650746 422310 313039 151308 455090 474530 199656 87485 534596 498938 315655 351123 386166 524413 553527 382859 692087 219408 513026 508561 240469 350644 435200 445700 347709 193160 629789 142254 313032 431534 251397 485141 126429 549472 517736 584169 576596 134424 123877 706223 528049 69561 76231 595985 489788 510321 219997 542498 391997 438439 511792 546318 442715 533907 334830 194182 286143 394514 453115 282282 147009 354458 300460 293094 501868 332978 286124 536624 518327 582735 243051 366143 411949 304447 420113 555603 200984 197643 174037 183618 444234 346947 436601 190057 369796 536338 448644
537562 122379 25892 240064 1075752 783657 72488 996580 397593 842493 662186 1111304 650746 999999999 1004083 819501 618176 1031502 400160 789010 734485 205056 1143459 373098 969709 529358 152608 811158 1029861 755086 683997 1093929 153019 738646 553681 547601 898963 612491 483563 142386 679253 402999 485446 665655 735722 618184 102037 446294 66671 144659 680815 527050 794189 123604 631951 594428 54761 920334 907405 793265 1186486 901275 222689 692743 1186123 468367 147393 425053 601550 924380 1027684 1099473 817174 507338 938847 379190 652106 1132405 979375 931804 849950 805674 139701 849161 1010167 720065 950110 567949 1197469 649896 680491 615972 525442 1054329 571767 218435 763291 860429 347604 1067228
819199 1116409 980102 837280 107368 446832 1072640 46629 660795 167228 341901 285293 422310 1004083 999999999 608124 388213 33145 687611 228215 386415 835502 251784 725323 106377 537700 906037 912389 357419 671518 321746 92349 883980 582373 765528 851001 726519 750894 609756 938311 331011 729886 600795 347498 860923 392969 903774 693972 939403 964168 331710 523816 660339 882703 484311 438966 951634 251762 296808 216124 275905 645764 820673 511877 254553 864575 864166 755804 402685 189929 148661 242642 188481 553394 533248 708154 683519 183210 350409 222761 875323 872828 899627 462340 202148 784776 351583 531082 272256 354681 323652 581203 480433 81623 758849 812876 248334 650920 955003 109658
345476 883610 806519 580098 589480 832982 861263 641438 718243 567946 497587 477892 313039 819501 608124 999999999 464242 639380 760748 448864 266054 768295 543067 447517 505344 694086 669379 310751 344288 1005126 523918 680812 666570 86298 299727 362990 134017 247377 356608 846490 444426 416567 733399 560298 277056 439447 730274 811815 758917 702165 435647 371988 1018938 711646 263822 381862 768627 760471 789996 474820 580523 86617 598767 824436 600310 423657 742977 399912 507179 419465 504021 498047 543487 369133 147101 444068 180059 591739 308690 390957 267808 270583 797648 147901 447884 208574 288495 731005 600242 511117 501991 213950 483259 587380 282330 607028 456375 56797 568919 576052
507148 728662 594799 452895 457971 379284 685624 386395 319961 235730 56664 519455 151308 618176 388213 464242 999999999 417296 357736 172303 215545 463387 538728 354356 353528 244935 518294 693824 475275 540981 89377 479628 495847 391048 461512 540665 597005 472457 258389 565228 62945 368744 297762 107302 621048 25090 517033 390501 552754 576972 66929 166589 554924 495763 210695 94405 564995 377545 388802 175089 580159 542128 433524 360521 575640 528854 482344 404565 44598 320557 415876 498816 207047 196057 494029 336093 429184 517466 429880 337552 682045 660508 522705 381736 408887 551026 405008 273473 588618 58090 73877 307530 92754 436212 462455 425032 145519 520962 589644 449852
852316 1144627 1007342 867685 109617 451909 1100458 44821 683059 190869 369556 298263 455090 1031502 33145 639380 417296 999999999 708649 260019 419530 860412 257873 756915 135249 557676 935515 944430 379878 676089 347956 62466 913126 614831 798660 884132 756602 784002 641952 963133 361183 761972 620517 371541 893485 422961 931566 712624 967135 993913 362222 555517 662976 910590 517345 470472 979354 249121 294344 246888 277311 675443 850405 521734 253200 897486 890669 788269 429963 220318 167594 254733 214470 585213 561421 739652 716524 182669 375996 251954 906810 904805 925152 493095 224389 817364 378786 548613 271201 381627 351126 614345 509092 87304 791993 842282 279262 681477 987131 115699
639307 522134 374550 393523 779474 386296 471630 667345 42505 520752 373319 871831 474530 400160 687611 760748 357736 708649 999999999 515022 557626 195189 883191 410643 686934 152573 394001 899947 832896 372798 379161 768307 364514 675827 618860 666816 881050 660089 424064 283735 416400 449393 93466 344344 818236 373222 328709 63223 354897 448580 422475 388763 408534 316092 501587 398374 364494 546505 525695 507601 922289 846448 350480 293084 913022 612680 258774 495366 319248 671276 755789 847129 503274 393831 827802 398210 654636 848261 786947 692210 911607 877142 262988 717308 758796 767248 761364 177358 927821 355545 387026 555018 291325 754500 630167 331029 486333 815438 581862 774374
601787 897410 765985 611032 286857 410056 855484 238164 480860 120542 141853 357403 199656 789010 228215 448864 172303 260019 515022 999999999 188788 635009 369575 497122 181260 380550 682626 730468 339743 615062 139541 320457 661870 399840 549585 634482 580323 542537 382173 737147 109940 502022 441361 180615 669141 170928 687436 537500 723168 739728 108238 295601 618088 666028 266351 210867 735396 311792 341481 26015 410044 509022 596555 432188 404115 641567 654531 529154 199715 157110 244482 332193 94654 325212 424997 479997 481458 345165 302712 182421 703631 692719 694943 323231 243873 593584 284607 392744 417557 159477 128260 368792 264214 266165 545015 589978 28691 500977 727202 278220
435441 827834 714970 520363 405406 568831 792743 409443 516754 309319 237567 382518 87485 734485 386415 266054 215545 419530 557626 188788 999999999 622058 425381 387758 300323 459435 604079 541854 296423 750839 260920 472676 589799 211164 381101 466451 399738 364487 263677 716948 182340 378965 508964 299724 482084 193250 633760 598085 668091 654128 173461 208027 761401 612455 112468 160683 679771 499289 526388 214022 468922 335431 518979 567511 475798 487535 620431 393335 260140 224116 331853 378365 282590 227463 278484 374192 298225 438006 246259 215741 515116 503971 669726 166204 295254 406151 217469 488993 483513 253051 239339 196485 266425 393508 373367 518489 192121 320795 596173 393180
561031 326945 179557 263306 916884 580073 276448 822381 195896 669547 497978 978842 534596 205056 835502 768295 463387 860412 195189 635009 622058 999999999 1001752 342143 815502 330695 228315 838172 916077 554951 514256 922167 201628 682367 556978 581872 871191 609219 411711 102836 526332 381798 282411 489007 757010 469791 144870 242515 164580 272921 529848 419647 593175 138960 536479 465733 172816 726754 710522 634410 1043433 854507 220758 488091 1038950 513009 72028 420964 437179 782637 879192 960885 647035 410119 864737 337821 626171 979623 866768 796323 863179 823035 69167 762351 870732 721345 838621 366054 1052004 483045 515128 554401 374859 893640 572298 202271 607323 817561 441817 909803
837915 1244586 1121858 942213 148332 694077 1206265 296641 850014 383544 511138 69762 498938 1143459 251784 543067 538728 257873 883191 369575 425381 1001752 999999999 812305 199918 742928 1022837 850791 204066 918283 504226 246563 1005927 554544 783471 865173 629245 750894 688273 1103032 475871 804331 805386 541264 819532 532195 1041447 901456 1076847 1075528 472000 621524 909335 1019877 537773 549076 1088918 503506 548586 375591 43604 546488 936550 750778 57256 900693 1015931 817077 569176 219761 128479 47819 390726 645935 420171 798053 676328 84121 234381 212899 800204 810866 1059319 402948 133398 748015 256298 747067 59346 528356 496461 607603 627312 171443 771554 933596 398122 567436 1019219 142813
229407 448998 359203 137754 773492 674314 420187 731775 373925 587118 410553 770073 315655 373098 725323 447517 354356 756915 410643 497122 387758 342143 812305 999999999 664404 432236 226642 499659 673416 756685 442021 817578 220169 365674 216379 256196 536398 267119 124104 405796 399642 40351 434357 446191 417837 341004 282912 473246 311483 269797 397038 201581 785364 264726 276663 286452 321370 726768 731732 510576 855905 530765 151277 614679 861121 206577 302680 84888 363949 601793 710149 765669 557369 172504 566269 18474 288366 817504 623139 600351 521524 482225 357786 480579 680489 379216 593724 481414 869799 407211 428211 243479 279629 756458 230849 160012 478103 490877 235337 762745
735719 1076866 946865 785173 109103 503856 1035624 147896 655255 185094 318654 209495 351123 969709 106377 505344 353528 135249 686934 181260 300323 815502 199918 664404 999999999 544232 859891 812178 256649 726039 308028 176958 840142 484990 681291 766538 621408 661749 543796 917859 291161 664016 606996 343250 763791 351578 867973 702843 903687 915872 289061 464346 720053 846513 406323 383248 915902 332352 375287 181546 236372 540194 773457 554065 226131 786703 835790 685320 378714 85924 71868 172872 190821 492245 426885 648243 591868 164127 245377 116725 773065 772360 876006 358445 105879 687946 245391 547261 240930 334891 302605 496779 445425 93587 673094 767912 208323 546545 887365 98775
645813 651390 503481 462339 632364 261350 601845 515823 135636 371792 243259 737240 386166 529358 537700 694086 244935 557676 152573 380550 459435 330695 742928 432236 544232 999999999 489078 881300 712210 330596 241136 616749 460151 613993 613734 676998 822915 643576 400358 427947 294121 464853 63228 201895 802088 266225 443888 158611 475199 548566 301664 335654 355671 427003 430551 312892 486244 397212 379829 369341 780573 776208 424862 185172 769385 638069 382244 510654 200935 537554 614611 709471 356518 351957 737515 415723 620945 702923 669306 562141 882012 853162 399803 625160 623198 741154 645972 49293 784793 224796 253401 506976 212272 606947 621100 407888 352326 750651 642520 628015
386999 224098 145119 89554 968123 750425 193562 904351 375482 751891 568532 985564 524413 152608 906037 669379 518294 935515 394001 682626 604079 228315 1022837 226642 859891 489078 999999999 663073 895754 766607 594796 997772 29567 589933 401266 399096 746484 459965 344466 234774 575365 253147 460861 584521 586169 513300 93242 452486 103315 60714 575357 401313 802530 90567 496656 477286 108922 856275 850364 690695 1066310 750214 86550 669128 1068642 321259 158046 272760 510796 806525 912859 977382 724302 377646 792397 235432 500020 1019411 845270 809955 699627 655806 198620 706945 889623 568017 815846 534653 1078749 559229 587192 469930 427455 948480 419286 93290 659151 709073 219528 958549
278820 832992 807551 588241 899667 1072764 828256 942567 859912 850856 740704 783926 553527 811158 912389 310751 693824 944430 899947 730468 541854 838172 850791 499659 812178 881300 663073 999999999 648561 1210682 771930 988738 673880 332329 283535 263980 236232 240222 482611 887034 695780 459310 903031 800217 81989 669372 748485 960219 766034 669585 687914 549029 1232142 736034 485976 599832 771986 1038514 1062193 755369 886608 311167 624445 1042655 908002 342792 789013 417570 729629 726361 814433 806812 823424 529747 435233 507994 265054 902193 617156 699772 65234 40169 842281 458112 758616 142847 598497 926353 906781 749567 750473 386372 675802 896688 270498 640394 731151 284059 478146 886251
659990 1119848 1010786 809638 292626 737158 1086538 402325 794438 414189 469060 135654 382859 1029861 357419 344288 475275 379878 832896 339743 296423 916077 204066 673416 256649 712210 895754 648561 999999999 951022 475780 398551 883194 368172 606954 684512 425183 567613 551528 1012417 419045 657776 769863 518157 621291 460082 929604 864456 963665 942947 412115 504372 950857 908385 399166 450518 975236 585746 627084 358463 238127 342499 811982 770023 260767 729061 916703 661941 515555 199032 213376 163985 405969 522562 216130 661870 492764 267892 50523 163860 596755 608837 965538 214595 155549 552036 79917 729643 258455 487512 460307 444798 548893 301977 593066 812724 365506 364610 858894 280294
975365 872724 730824 763113 778849 224692 822589 631857 396494 543324 513504 935480 692087 755086 671518 1005126 540981 676089 372798 615062 750839 554951 918283 756685 726039 330596 766607 1210682 951022 999999999 493353 718540 737171 929952 944250 1006091 1137429 973845 730856 620190 569190 791458 322950 452259 1132019 565696 696892 314801 719463 820190 578015 662494 41058 686251 746498 626006 727738 433036 390173 593892 946514 1082802 721056 184298 926064 963257 624636 837738 497996 754799 796242 898199 546432 680938 1025333 741161 948510 854724 917144 787886 1208950 1181633 615633 914891 826335 1069676 899669 284384 943730 497792 513791 831631 536198 752857 951695 701957 592657 1061879 950431 780115
595196 798450 659664 534453 404250 309109 753494 312630 347269 158596 33215 496198 219408 683997 321746 523918 89377 347956 379161 139541 260920 514256 504226 442021 308028 241136 594796 771930 475780 493353 999999999 410262 570755 457725 548559 628729 657912 556586 347709 617091 79509 457646 302411 42686 701518 108942 584693 398632 620120 654507 88271 255763 501715 563932 285954 179130 632308 288186 300437 128846 543131 596223 511870 309113 534155 618180 542717 493888 84009 296428 376634 469227 133508 285382 532098 423650 509026 470507 435610 321695 756032 737278 577929 422276 382245 629684 414604 254072 548774 35775 21994 387598 168767 380302 548693 501714 111622 579789 677335 398050
907318 1207092 1069748 929502 107084 496232 1162918 100962 743525 252714 432021 298733 513026 1093929 92349 680812 479628 62466 768307 320457 472676 922167 246563 817578 176958 616749 997772 988738 398551 718540 410262 999999999 975474 661926 853306 938763 793342 836395 701566 1024833 423099 821800 679320 433172 940742 484979 994025 770485 1029591 1056076 423937 616039 702808 973053 573683 531268 1041809 286182 330482 308402 256454 711063 912568 571397 228285 954513 952940 847166 492404 262457 186876 255140 276822 645548 592894 800443 767513 163702 402237 289936 948614 948849 987131 533239 246848 864875 409157 605798 246090 444040 413586 668668 571511 97420 845992 904559 340654 720118 1046847 118611
396092 238718 140756 88853 948009 721498 203366 881298 345928 728375 545133 970131 508561 153019 883980 666570 495847 913126 364514 661870 589799 201628 1005927 220169 840142 460151 29567 673880 883194 737171 570755 975474 999999999 585633 406509 410339 748192 464454 333381 216726 553860 250212 431402 559311 595797 491821 75084 423175 94510 88573 554173 384885 773032 67033 484125 458570 102913 829577 823026 669179 1049309 748631 71318 639808 1050926 334135 132851 274440 486758 788661 894341 960851 701106 362524 786243 226850 500556 1000548 832673 793194 708204 664965 177264 698053 872577 574035 803288 505513 1061365 535323 563783 463347 404315 927973 424156 72431 637887 707969 242097 938653
293411 807224 724831 500399 579010 766057 782825 611038 633330 520379 429267 494343 240469 738646 582373 86298 391048 614831 675827 399840 211164 682367 554544 365674 484990 613993 589933 332329 368172 929952 457725 661926 585633 999999999 242036 316650 208922 199473 270662 761578 378642 336824 651124 491535 278852 365982 647621 727757 677037 625575 370131 287335 945491 628617 183956 304128 687025 710304 736548 425173 594922 172911 516840 751330 610970 366403 658195 324707 432570 400087 495934 507502 493751 283288 206201 361082 124745 592328 324794 377245 303992 293745 712700 153791 444586 202957 299462 652519 613441 441330 435745 127985 402096 573088 226815 524264 402760 139618 505534 565778
54790 599483 545767 317943 785001 828708 583968 784582 579676 662243 515433 727661 350644 553681 765528 299727 461512 798660 618860 549585 381101 556978 783471 216379 681291 613734 401266 283535 606954 944250 548559 853306 406509 242036 999999999 85479 349876 59412 215445 612558 482366 176076 628731 567857 201599 439789 478760 680042 500889 421735 476243 298490 968889 463950 283319 369495 508516 833474 848856 570586 825437 368333 349300 785574 838366 124778 511777 136507 488941 602594 707651 735724 632310 272725 442753 224467 120296 810747 561163 588089 306446 266119 566139 392858 663305 167707 534041 660967 842814 519600 529228 184678 420545 774200 18609 363506 540635 325759 269530 772444
33533 576151 543614 325890 869883 901663 567660 869890 629728 746261 595521 807962 435200 547601 851001 362990 540665 884132 666816 634482 466451 581872 865173 256196 766538 676998 399096 263980 684512 1006091 628729 938763 410339 316650 85479 999999999 388002 117568 287334 624770 564705 217686 686232 645942 188514 519787 485165 729326 502105 407243 558865 375314 1032616 473389 368412 450262 508007 915097 929150 655196 906759 421445 363973 853543 920512 80164 528679 171475 565627 687421 791970 817532 716232 347764 509420 268970 191906 894459 639976 672233 303626 258688 580990 469917 746724 188617 613526 725260 924472 598673 609946 270105 493050 859341 94143 380957 624978 379406 226363 857267
381531 949349 888885 659556 696329 966990 932934 762576 838652 698312 631413 560550 445700 898963 726519 134017 597005 756602 881050 580323 399738 871191 629245 536398 621408 822915 746484 236232 425183 1137429 657912 793342 748192 208922 349876 388002 999999999 290582 464381 941925 578413 500602 859546 694110 239524 572086 816861 934496 842446 770931 569642 494242 1151921 799841 392678 512407 851099 891184 921795 606334 662279 83339 684641 957472 685890 462100 838490 473991 639477 536591 610539 587836 674720 487220 209100 536660 248311 688258 400858 504911 176562 200039 893618 265608 551757 200810 387237 861243 682897 644751 635978 326282 610979 697466 331280 695627 589039 79368 611768 682967
98138 658834 604166 375693 762541 846835 643348 773101 619849 658868 523928 692441 347709 612491 750894 247377 472457 784002 660089 542537 364487 609219 750894 267119 661749 643576 459965 240222 567613 973845 556586 836395 464454 199473 59412 117568 290582 999999999 243466 668236 485798 227473 663333 579735 159209 449303 536043 720110 558934 481127 478929 316520 996689 520717 278293 378393 566777 836654 854984 565046 792036 311748 405599 809786 806704 177434 566627 191803 503914 580317 682638 703431 629475 294281 392910 272916 74932 783327 523683 562700 254950 217591 621312 353094 635233 112157 497673 689541 810085 530085 536231 174087 442385 753497 40917 419066 536609 269196 325553 749674
254276 568475 466710 258207 652699 614629 536489 619580 382541 480814 314706 646080 193160 483563 609756 356608 258389 641952 424064 382173 263677 411711 688273 124104 543796 400358 344466 482611 551528 730856 347709 701566 333381 270662 215445 287334 464381 243466 999999999 492448 292944 120439 420477 360888 402446 240072 386709 481843 418802 391778 288841 92217 754492 366451 153101 175859 429756 635891 646552 398028 731870 442920 262097 570152 737345 270471 389635 148432 279425 478844 587394 641589 450603 62332 459506 110802 230573 694721 501094 476530 488930 456601 443562 365750 556650 345269 471659 446806 745869 315534 330698 142690 205934 636546 221333 265150 365785 406618 345282 641643
608260 253205 122685 298942 1019576 669569 203774 924937 292312 772264 600659 1078794 629789 142386 938311 846490 565228 963133 283735 737147 716948 102836 1103032 405796 917859 427947 234774 887034 1012417 620190 617091 1024833 216726 761578 612558 624770 941925 668236 492448 999999999 628144 443039 375454 591661 807631 570843 142104 319960 137750 258862 631444 511431 660036 151488 626329 563223 138766 825099 807077 736929 1144914 931766 263448 574812 1140867 550026 103640 476535 539789 883625 981103 1061714 749851 498856 950696 405380 694134 1081985 962716 896425 918011 875861 48897 851433 971551 779848 934236 459837 1153757 585819 617874 634033 475741 996394 629248 249182 709593 893270 453506 1012423
531276 788386 656139 506512 396499 388617 746040 333085 379811 188217 55829 457622 142254 679253 331011 444426 62945 361183 416400 109940 182340 526332 475871 399642 291161 294121 575365 695780 419045 569190 79509 423099 553860 378642 482366 564705 578413 485798 292944 628144 999999999 409405 350850 117399 626934 62067 577787 445483 613522 633232 8880 201617 579126 556416 210583 117210 625756 351375 369389 115341 517237 517213 489767 385465 512725 561078 544652 441339 97191 258114 352964 436235 158156 232054 456692 381835 434580 454912 375326 276355 678182 660525 585486 345748 346433 554100 351856 316213 525675 72785 57566 314063 154275 375279 480951 482352 84222 500345 633472 388060
189987 471798 390639 163664 772830 701915 446057 738848 412053 597614 425380 759380 313032 402999 729886 416567 368744 761972 449393 502022 378965 381798 804331 40351 664016 464853 253147 459310 657776 791458 457646 821800 250212 336824 176076 217686 500602 227473 120439 443039 409405 999999999 469977 465218 377494 353188 316522 511752 343398 290590 405987 208046 819338 299249 266564 293464 352713 744644 751770 517188 847856 498428 184216 645616 854517 173546 340426 46476 382646 597778 706427 757222 567556 177727 540167 51284 252292 813649 607873 593867 481530 442019 395412 459301 673803 339627 578584 513797 862457 423670 442436 219379 300624 756881 190724 195115 484814 457871 225183 761675
656338 607823 459596 445176 695582 298221 557646 578445 88275 435008 302163 798557 431534 485446 600795 733399 297762 620517 93466 441361 508964 282411 805386 434357 606996 63228 460861 903031 769863 322950 302411 679320 431402 651124 628731 686232 859546 663333 420477 375454 350850 469977 999999999 264128 822532 317168 406224 96226 435379 518625 357956 366508 353591 391122 469798 356244 445801 453046 432456 431061 843278 817134 404824 209672 832346 640806 340175 516413 255158 598471 677167 771426 419679 378577 785436 419254 647322 766046 725986 622165 908013 876880 351360 673362 684651 765233 701921 84394 847683 283774 313484 538074 250645 670174 637732 386538 412934 789494 630466 691201
612482 782260 640850 529304 435512 274742 736175 333471 314667 180711 62716 535737 251397 665655 347498 560298 107302 371541 344344 180615 299724 489007 541264 446191 343250 201895 584521 800217 518157 452259 42686 433172 559311 491535 567857 645942 694110 579735 360888 591661 117399 465218 264128 999999999 728039 131068 568008 360246 603049 644834 126274 270672 461735 547705 315267 201636 615140 280751 286662 167690 579339 634279 503722 268265 569082 630369 522000 503854 82573 336770 413097 507582 159997 298963 573104 427717 535941 503922 478230 363032 786833 766429 554317 462704 421614 657525 457288 212174 584146 50744 61663 414229 167022 410832 569248 492189 153253 616523 680541 430145
199734 763327 731091 509280 856309 998895 755997 888551 778329 788788 669692 754862 485141 735722 860923 277056 621048 893485 818236 669141 482084 757010 819532 417837 763791 802088 586169 81989 621291 1132019 701518 940742 595797 278852 201599 188514 239524 159209 402446 807631 626934 377494 822532 728039 999999999 596972 670043 878668 688689 595758 619367 471820 1154194 657024 416354 526691 695044 973586 995388 693398 857426 300051 544555 965852 876721 268555 708843 336148 655370 678700 772241 774001 760573 451346 415634 426037 192503 864972 585237 654763 115497 70200 762425 418756 718708 76212 563847 847637 877038 677623 680379 314023 598464 851280 188527 560148 667642 264942 410116 842991
486255 726626 595287 444904 457785 404038 684559 394054 334375 246287 75737 509908 126429 618184 392969 439447 25090 422961 373222 170928 193250 469791 532195 341004 351578 266225 513300 669372 460082 565696 108942 484979 491821 365982 439789 519787 572086 449303 240072 570843 62067 353188 317168 131068 596972 999999999 516542 408581 552271 571216 62692 147860 579878 495121 185706 70915 564497 396397 409373 177406 574181 517699 427737 385511 571004 510316 485116 387472 68172 312856 411465 491097 216770 177939 471575 322952 404916 514773 413753 327430 657170 635881 527277 359215 400949 526617 388179 296477 583437 80841 90754 283214 95125 436895 440232 420287 146106 496189 575808 449087
470312 214264 81211 161148 974253 702885 168893 897297 318129 743289 562029 1009593 549472 102037 903774 730274 517033 931566 328709 687436 633760 144870 1041447 282912 867973 443888 93242 748485 929604 696892 584693 994025 75084 647621 478760 485165 816861 536043 386709 142104 577787 316522 406224 568008 670043 516542 999999999 382427 35735 128683 579209 425980 734353 21570 532756 492445 47971 828321 817729 692089 1084462 813674 132306 615810 1084094 409203 72991 344767 501696 822344 925698 997517 717494 407110 844824 286540 568632 1030519 879168 829875 781941 738986 105766 752337 908169 646462 849976 485748 1095432 550216 580440 522700 424280 953002 496114 123358 661907 773674 312735 965629
701531 566845 421224 455754 790227 354656 516267 669901 100383 529176 397849 894753 517736 446294 693972 811815 390501 712624 63223 537500 598085 242515 901456 473246 702843 158611 452486 960219 864456 314801 398632 770485 423175 727757 680042 729326 934496 720110 481843 319960 445483 511752 96226 360246 878668 408581 382427 999999999 406165 505442 452340 440503 351935 371464 550142 441627 414975 532096 506789 527284 939181 896853 412441 257590 927931 675783 310624 557852 348983 694607 773179 867638 514805 448033 872170 460508 712144 861247 819988 718030 970423 936692 306865 760685 780866 826275 795450 165372 943379 379516 409511 609382 334353 764655 690969 392874 509038 867143 644150 786131
489191 179519 47985 183360 1009987 732952 133374 932743 347107 778710 597619 1044640 584169 66671 939403 758917 552754 967135 354897 723168 668091 164580 1076847 311483 903687 475199 103315 766034 963665 719463 620120 1029591 94510 677037 500889 502105 842446 558934 418802 137750 613522 343398 435379 603049 688689 552271 35735 406165 999999999 121234 614939 460524 757532 57183 566170 527796 12241 861895 850617 727815 1119893 841635 160215 644547 1119644 424531 96123 368879 537225 857828 961316 1032823 753008 441103 875706 316349 594602 1066195 913198 865145 801668 758132 112295 784552 943542 668321 883961 516049 1130933 585716 616012 553094 460000 988736 518591 153905 697641 801243 317698 1001358
399964 181652 147776 133770 1024410 809889 162269 963284 432321 811204 627849 1036460 576596 144659 964168 702165 576972 993913 448580 739728 654128 272921 1075528 269797 915872 548566 60714 669585 942947 820190 654507 1056076 88573 625575 421735 407243 770931 481127 391778 258862 633232 290590 518625 644834 595758 571216 128683 505442 121234 999999999 632948 454594 856775 134915 544837 532716 120622 916977 911050 748473 1119078 780566 143509 727529 1122256 327302 200909 302276 570544 860521 967491 1029651 783401 429593 830248 281125 528063 1074351 892594 862671 710728 665924 231317 749271 942589 585198 863164 593667 1131967 618874 646505 509897 486711 1005168 440217 152835 716732 738750 203083 1014620
525470 789275 657855 505572 395094 397367 747251 335013 385533 191977 64585 452639 134424 680815 331710 435647 66929 362222 422475 108238 173461 529848 472000 397038 289061 301664 575357 687914 412115 578015 88271 423937 554173 370131 476243 558865 569642 478929 288841 631444 8880 405987 357956 126274 619367 62692 579209 452340 614939 632948 999999999 197989 587998 557795 203073 112984 627167 357912 376566 115627 513586 508345 489556 394317 509576 556251 547081 437273 103572 253632 349867 431906 161784 228392 447954 379343 427089 452504 368056 270968 669971 652545 588463 336948 341960 546362 344346 324345 522323 81323 66360 306814 156612 374236 474582 482478 83799 491540 630389 386424
341882 623588 507183 322093 573416 531094 586755 531230 346259 389804 222681 585390 123877 527050 523816 371988 166589 555517 388763 295601 208027 419647 621524 201581 464346 335654 401313 549029 504372 662494 255763 616039 384885 287335 298490 375314 494242 316520 92217 511431 201617 208046 366508 270672 471820 147860 425980 440503 460524 454594 197989 999999999 683188 404616 117839 85496 472295 543883 555254 309655 665001 457743 315076 494032 667691 362532 413271 240071 190580 405963 513269 576137 359681 30439 448564 184677 286022 620374 454097 408644 546748 519226 463614 343292 488333 407348 425118 378760 677559 224144 238520 171811 126774 555731 301339 312813 277210 426861 432800 562993
1001484 912292 769780 796531 767663 216197 862074 619260 430280 539652 523879 929472 706223 794189 660339 1018938 554924 662976 408534 618088 761401 593175 909335 785364 720053 355671 802530 1232142 950857 41058 501715 702808 773032 945491 968889 1032616 1151921 996689 754492 660036 579126 819338 353591 461735 1154194 579878 734353 351935 757532 856775 587998 683188 999999999 723258 762834 642425 765989 416627 372605 595944 936111 1095141 754910 194508 914650 991866 662370 865432 512922 753250 789332 891204 545020 702853 1033484 769464 968837 843353 918659 787175 1228510 1202296 654608 923990 821998 1090502 902269 307930 932455 508966 522731 850690 556464 741932 975742 735984 596944 1075570 983212 769610
457419 234642 102588 147798 952859 686802 189948 876493 303362 722524 541036 988070 528049 123604 882703 711646 495763 910590 316092 666028 612455 138960 1019877 264726 846513 427003 90567 736034 908385 686251 563932 973053 67033 628617 463950 473389 799841 520717 366451 151488 556416 299249 391122 547705 657024 495121 21570 371464 57183 134915 557795 404616 723258 999999999 511827 470878 69389 809367 799361 670796 1062892 795379 115439 600793 1062534 398566 67685 329057 480803 800776 904158 975953 696607 385959 825028 267627 551535 1009012 857962 808315 768216 725623 110344 731916 886600 631620 828788 469637 1073865 529360 559473 503239 403016 931656 481076 104725 640555 755599 308801 944207
335965 720753 613689 411185 513536 589495 687491 501652 459241 380841 254888 493614 69561 631951 484311 263822 210695 517345 501587 266351 112468 536479 537773 276663 406323 430551 496656 485976 399166 746498 285954 573683 484125 183956 283319 368412 392678 278293 153101 626329 210583 266564 469798 315267 416354 185706 532756 550142 566170 544837 203073 117839 762834 511827 999999999 120505 577538 559315 579485 287823 581293 347394 412870 569138 588249 381006 526420 281440 250377 334330 442746 490661 351303 127565 330802 263894 224017 549445 348661 327965 471648 451492 578060 225881 407652 343824 319249 468588 595971 264524 264524 104481 219448 499911 278721 414070 258651 320220 484341 501710
416741 696669 573037 402032 491999 472949 657425 445767 357035 304961 146093 518252 76231 594428 438966 381862 94405 470472 398374 210867 160683 465733 549076 286452 383248 312892 477286 599832 450518 626006 179130 531268 458570 304128 369495 450262 512407 378393 175859 563223 117210 293464 356244 201636 526691 70915 492445 441627 527796 532716 112984 85496 642425 470878 120505 999999999 539855 464919 479363 224256 592185 463348 390747 448941 592710 444065 470453 324291 130740 330485 435776 505089 274760 115737 430547 269195 334996 542144 401534 337532 589414 566897 517157 319273 415748 456994 373794 349158 603555 151704 159779 213461 107395 473413 369581 386147 191793 438586 518296 482020
