NAME : synthetic_000279
TYPE : CTSP-D
DIMENSION : 100
GROUPS : 8
RELAXATION_LEVEL : 1
EDGE_WEIGHT_TYPE : EXPLICIT
EDGE_WEIGHT_FORMAT : FULL_MATRIX
EDGE_WEIGHT_SECTION
999999999 322263 722069 459447 789360 679601 663064 398858 377136 657113 294427 439484 85829 626337 936227 318190 357963 79122 251950 381514 882331 197353 528666 242107 417182 254648 358495 109150 195070 345778 415720 136721 796627 540352 209941 561280 920694 397332 606816 398300 624549 330944 207172 404810 705636 260944 482723 738177 243144 601739 760485 467394 547807 729718 134696 692969 350857 142287 850633 539850 654281 529430 297303 593330 504365 325771 305996 787544 366279 594078 233836 361166 524229 542174 766347 198590 434263 451411 430052 570610 937663 784124 98016 196862 451598 560870 493344 483948 344849 836967 555172 736789 360554 581115 770182 256430 161280 367060 241739 531996
322263 999999999 925263 728210 1025491 813565 939899 712977 672133 947910 590607 400733 306900 853071 1155508 602679 486444 243221 534992 703712 1119937 158164 504485 215440 733255 539687 588582 367968 171109 665944 665343 326064 861977 635578 509294 880449 1114340 518226 644665 444267 917332 50451 471090 726503 632445 572342 728526 898047 501615 863731 754208 778738 849087 912726 451210 681569 630517 452110 1095534 718040 797448 798402 402494 719807 736162 177769 421807 1033906 686891 619723 486708 683420 804801 858541 1003082 519624 736996 772751 360249 889309 1181694 788220 225300 459329 609990 615768 807719 791503 537158 989952 543709 854936 247837 843787 981923 573122 337088 689296 266912 693485
722069 925263 999999999 312511 146825 212072 281525 508598 427751 353502 797381 619028 806273 113929 232304 439085 442272 766902 487353 637772 222529 885822 574796 954953 736032 487470 363577 801811 758890 572588 317033 852419 389996 356320 540642 749787 198734 416679 446633 518958 360686 895705 515795 596430 671309 540774 255932 133064 480159 224136 545894 478787 408226 63974 625413 545174 407521 733850 220171 209598 196998 274416 524660 264934 223182 781219 504943 183582 576291 473064 859910 623180 315418 524862 135638 620367 820556 589369 664385 760037 288798 528897 784668 525546 318723 424826 501781 816133 392629 185405 548452 247830 734815 233120 60485 706602 604726 620532 962809 241609
459447 728210 312511 999999999 337996 393750 211748 201973 115360 230106 485939 550204 536306 199255 492035 143506 329671 521653 207512 329180 427783 647419 561652 701507 428663 205038 157192 518422 557878 260865 77330 575648 581851 392318 254016 466900 501340 333697 509063 440730 205172 712408 260931 291510 720660 235438 70531 391402 227678 142344 663542 192340 174289 348639 340031 627748 109800 437521 393395 241460 362523 70838 381655 359670 112071 627505 364632 330578 266238 521083 557254 312763 83323 267257 315393 318573 511352 294168 582003 478103 479894 664551 541535 272688 265642 463352 225109 512356 232501 479959 555814 457478 606133 121730 343311 395952 391737 310636 698325 271882
789360 1025491 146825 337996 999999999 358830 207140 504096 446669 275329 812268 749227 869673 172724 156693 480499 555870 844240 540488 630106 94556 967842 713531 1029480 722476 538974 440883 855397 855469 576425 373892 911307 531426 495773 590120 706551 202545 536217 591449 644412 294840 1000576 583436 584126 817218 572412 306871 273816 547665 203603 692377 456718 366683 206042 676583 691813 446754 775451 76299 332870 343441 276146 633981 407826 290794 893975 614190 43289 574598 617085 893348 620538 303124 478469 23016 656051 808914 565695 792777 715578 157311 674575 863289 594477 437267 566899 470092 793986 488710 295313 689426 391155 853723 222216 98439 725614 693443 616583 1030670 370530
679601 813565 212072 393750 358830 999999999 459527 591362 492268 525665 831050 455443 765110 258125 412217 470315 336561 704123 492649 712304 427810 808792 389894 888156 811444 495344 352335 776959 661133 638045 353695 816247 195089 183701 544478 860649 332048 299798 244985 373863 522734 776155 492851 680100 463317 571576 323219 101176 462655 377260 334065 585453 543413 156006 617422 334698 447846 732148 430923 160863 31372 393004 418278 93783 281776 650159 400989 395163 648498 273925 863212 692460 437670 653159 347269 636776 888988 687283 503343 871850 492529 318654 718596 499051 228004 235114 616571 898261 336929 177965 357625 64818 592600 375753 265612 740190 533056 691709 906961 151458
663064 939899 281525 211748 207140 459527 999999999 318786 289379 72464 630793 739204 735210 201474 356099 345342 522033 729229 413067 437399 270191 855128 732504 904590 524576 409621 361815 709713 769626 393943 280196 770016 653078 533010 453480 499705 408487 516788 646258 628627 87715 924028 471105 389863 871472 416583 227872 408199 438789 93899 780236 261316 164579 342655 535994 760746 313769 619456 227631 356440 433446 142408 584417 468272 242772 836391 566170 176090 387897 665391 725730 431442 138838 272144 192233 499213 610818 365718 775682 508611 304282 771642 749330 482922 429345 608518 268783 591616 431468 465427 718653 511707 810878 107790 271786 549840 603476 426714 897093 396904
398858 712977 508598 201973 504096 591362 318786 999999999 102684 285685 312078 649492 453860 394757 660599 159223 443478 475691 203256 129254 582704 595739 688802 627127 227662 197158 280610 415597 556412 75311 241277 478433 773939 559512 207817 276157 687737 463111 671799 550533 252222 711169 269284 89555 863185 140692 270756 593375 256544 302202 833955 70299 165277 549175 264377 788533 160903 317481 542205 433582 559991 236215 461972 546304 312294 659628 451062 484243 70506 677709 410709 116730 201651 146084 483606 205325 311989 100960 669458 287723 622378 840315 495600 278640 427048 622502 94816 310399 349295 681161 692891 655817 659806 285853 531364 232336 407939 113208 609694 457585
377136 672133 427751 115360 446669 492268 289379 102684 999999999 280160 370791 561807 446420 314615 602483 73800 349157 447423 137827 220367 533055 572508 593765 617112 319909 132776 180221 420521 506912 148074 139628 480639 672408 457176 167590 378809 616198 365614 570103 458789 247944 663582 204688 188679 765352 128243 177498 500993 181580 244242 731714 129985 177348 462030 247151 687305 61821 332539 495926 333052 460929 170589 377561 444209 217810 596585 364473 434351 156519 576811 446792 201641 152165 219191 424616 211974 400167 203382 585701 390368 580657 737732 467698 215910 324738 521109 166498 406099 252217 592207 595599 556977 588055 224766 458187 281292 346820 200317 608018 355626
657113 947910 353502 230106 275329 525665 72464 285685 280160 999999999 593329 776052 724058 268042 418619 345655 556153 727439 413849 393644 328976 852653 777632 896017 474336 409565 387005 693137 779659 360388 305715 754923 720182 586092 447749 436089 477727 555493 701287 665681 33624 935752 476840 345590 923971 401186 265060 478740 447405 149969 840717 220450 120808 414031 525559 817525 317459 598594 285346 412068 498517 170767 611616 527639 288552 856219 594370 240633 350907 718699 696387 391166 147210 212236 262139 480491 559598 315432 809853 444433 353997 833926 747707 488587 474278 661158 219347 535718 461081 537758 766631 579796 836207 156760 344038 517653 614999 385846 884444 451466
294427 590607 797381 485939 812268 831050 630793 312078 370791 593329 999999999 713377 283734 684969 968934 365056 572326 361634 339603 203855 893674 437247 789520 425630 166706 336391 479142 222689 488598 237273 488899 272196 988244 740247 290708 314104 986963 606947 832478 648162 560557 610886 357732 250699 971498 261394 542792 858863 378676 608739 995872 372972 472846 827399 240003 935350 393205 153026 853728 671584 800949 537786 541749 762555 579890 620134 542352 794874 243207 827353 129498 202447 509434 405288 790988 196629 146665 290427 712204 320269 934430 1012780 374408 356668 620256 782500 377568 203099 512353 954174 808811 894954 653149 590699 828968 91677 420501 208035 388302 681351
439484 400733 619028 550204 749227 455443 739204 649492 561807 776052 713377 999999999 502226 585092 848150 492088 220535 410253 449992 712840 837674 460579 104915 547919 787886 456090 395478 546530 300739 644336 472884 551996 465940 272632 467662 903887 782818 222573 248450 110608 754201 354290 391800 709214 267214 535946 512506 552413 395001 646958 356501 691760 718062 586729 478993 283744 500873 564861 825248 416372 448414 605409 188477 367543 497622 223033 198432 771200 664694 221376 673171 688147 632731 780997 729832 542433 833718 743414 48107 915123 903805 388991 413282 386084 316270 228996 728143 871050 318600 631982 143175 482421 153947 631450 679495 646329 292883 691545 585577 379258
85829 306900 806273 536306 869673 765110 735210 453860 446420 724058 283734 502226 999999999 708831 1018165 393282 440834 94584 329582 413978 961971 156484 596842 173301 430254 331547 442895 61420 224371 392294 497089 52738 878892 623088 282887 579444 1004987 480279 684854 472854 690927 328333 290546 444783 769428 323076 563867 823982 326346 678530 835010 523922 610615 815007 199285 766040 426698 151574 929185 625620 739955 605286 375795 678322 587174 356274 386165 866167 411068 670514 189335 396879 596691 591892 846690 248535 430101 492110 486619 587669 1015970 860168 99377 280734 537133 640142 546274 484899 430672 922783 625913 821921 403364 657952 853505 273119 240963 403182 162173 617779
626337 853071 113929 199255 172724 258125 201474 394757 314615 268042 684969 585092 708831 999999999 310185 330666 384770 677145 383573 523892 266946 799386 559692 863926 622281 383033 271573 699905 683348 458766 212630 752973 452214 347757 435839 640119 303974 367439 455411 477741 267588 827864 419191 482811 682892 430539 147577 216251 383211 122620 581271 366853 302402 159246 521787 566275 298133 627311 245452 172789 232039 161825 461709 272543 122113 721788 441955 187360 462362 477333 751385 509252 204326 418103 150751 511585 706678 476927 626991 650601 329813 571216 695774 429726 269507 422565 391458 702865 316075 291552 540109 311871 683028 126285 146873 594591 522455 506605 868060 213389
936227 1155508 232304 492035 156693 412217 356099 660599 602483 418619 968934 848150 1018165 310185 999999999 633059 674316 987161 690634 786074 93581 1108839 796782 1174099 877458 689553 581384 1006796 987759 733099 521091 1061349 544903 580056 741548 854405 110201 648973 657144 750273 442390 1127011 729181 739767 872585 727267 454474 311791 693206 360212 726611 611829 519369 262847 828008 741394 599485 929333 136369 441888 408214 432237 756267 485408 432293 1013461 736496 180087 731104 685797 1048753 776915 459807 627950 178071 810601 963915 719779 894226 862920 116615 701767 1005674 739806 550968 643222 623449 947165 619838 280099 767215 421105 966950 378573 173776 882079 830062 772883 1177964 473347
318190 602679 439085 143506 480499 470315 345342 159223 73800 345655 365056 492088 393282 330666 633059 999999999 284284 384114 68317 252755 571075 509956 529599 560177 348109 64422 128794 375084 435779 176478 124299 432147 639987 410024 110579 429420 634459 304884 518785 391577 314705 592385 132502 232492 704636 103766 183503 493807 107819 285366 682678 201125 249510 464071 196539 633922 33778 296994 536901 309553 439552 212008 306077 410695 217147 522997 293905 474076 192029 522657 420983 230113 206705 290368 457723 181291 420928 257908 514298 441012 623358 691699 404276 144025 278837 468784 236960 436536 191331 589364 534206 534928 514349 264829 477483 273386 273971 230814 555422 324569
357963 486444 442272 329671 555870 336561 522033 443478 349157 556153 572326 220535 440834 384770 674316 284284 999999999 371128 257127 525019 648500 472278 245325 552439 611128 262713 175920 463289 326569 451328 252350 493337 438705 182394 290704 710457 628105 39447 260442 111643 533814 454339 216347 512952 421804 349202 294265 413556 204348 431333 423583 478598 498491 426384 333957 364812 287366 442468 630011 233028 316289 385816 84051 244447 283853 339472 65285 571889 469895 255343 569252 500675 412241 567120 534706 380397 670289 541743 253979 721976 713079 440938 384342 216023 124024 210958 515278 698434 99026 508220 251404 387418 298277 414741 500706 490913 201214 502940 573604 207047
79122 243221 766902 521653 844240 704123 729229 475691 447423 727439 361634 410253 94584 677145 987161 384114 371128 999999999 316165 460492 938142 125911 507098 188172 493324 319712 405804 149487 131203 424438 470974 141935 804291 550958 280018 638836 964404 410184 603588 388966 695365 253710 262051 483876 677173 336365 537742 770807 297253 663042 749223 543486 620973 768822 211432 679152 415488 213974 908363 574738 680994 592350 298387 614139 555220 263971 311392 845369 445076 587309 280952 440262 590787 619878 821258 277414 505143 530410 392884 647978 995531 775849 20279 250617 478207 560920 570411 556858 378603 868751 537712 757782 308937 642473 817905 332498 171077 446167 202866 561692
251950 534992 487353 207512 540488 492649 413067 203256 137827 413849 339603 449992 329582 383573 690634 68317 257127 316165 999999999 268161 632455 442061 498710 494038 354697 6139 140346 316438 369100 195799 171100 370928 649662 406668 53824 455986 685117 284786 507864 356580 382708 525774 67854 259651 678108 92385 236514 528254 55094 349835 672857 256886 315166 505818 138302 618793 99403 247688 599656 334942 463027 277535 261542 423028 264361 461210 252575 536618 215453 507764 376668 243707 274676 344513 517543 144136 418106 293620 467474 467393 686515 685550 336281 78580 281842 457320 290907 442560 178008 625959 508090 556096 457383 329214 530033 250195 210005 246165 491289 342143
381514 703712 637772 329180 630106 712304 437399 129254 220367 393644 203855 712840 413978 523892 786074 252755 525019 460492 268161 999999999 705571 567751 766605 581502 99698 262444 381546 363390 564529 76294 358759 425036 889585 662682 245376 192134 816378 550998 770136 623918 361704 711072 321089 48055 946268 177559 396218 719916 322393 429926 934573 176085 274798 677504 260947 883791 267497 263319 664051 552422 681000 365334 525198 660397 437263 682897 518335 607989 63852 772447 321490 24700 329517 201706 610163 188714 182786 87353 725264 203079 741512 944290 478656 326862 531568 719848 175161 186030 439881 809117 776204 777071 696156 414220 660374 147787 440557 22168 554671 572637
882331 1119937 222529 427783 94556 427810 270191 582704 533055 328976 893674 837674 961971 266946 93581 571075 648500 938142 632455 705571 999999999 1061988 797052 1122935 794502 630714 535337 946149 949987 656611 467393 1002827 584404 578580 681242 765031 185563 627607 668023 734444 354507 1094753 676945 658524 890783 660206 400463 333544 641271 288849 756360 529958 434714 271821 767552 762452 537299 864125 43765 422252 417014 362874 727401 487423 385307 987218 707587 98983 652979 694970 979578 697948 385002 540109 117282 744092 880830 635836 882002 773277 66390 735247 957273 688076 528518 647328 538954 861581 583020 328728 770980 450066 945803 308625 163570 808883 787986 693583 1123324 458421
197353 158164 885822 647419 967842 808792 855128 595739 572508 852653 437247 460579 156484 799386 1108839 509956 472278 125911 442061 567751 1061988 999999999 564186 87377 586725 445571 527829 215352 161404 539854 595429 168562 891538 645007 404927 735906 1082069 509786 681629 466982 820401 190781 387302 595911 718800 458297 661944 881520 422154 788602 814403 664585 744816 884175 331989 742207 541396 307396 1032890 688538 787709 718154 392346 716598 677871 263682 408484 969977 559684 661476 329079 549500 716650 737998 944900 392960 583908 643081 431516 744152 1120039 844519 105898 375750 587350 643696 689958 639725 494215 978257 599461 858842 327392 768055 938269 429238 281940 555684 128538 671964
528666 504485 574796 561652 713531 389894 732504 688802 593765 777632 789520 104915 596842 559692 796782 529599 245325 507098 498710 766605 797052 564186 999999999 651564 848580 504554 416625 637319 403505 694331 485659 647806 370376 218485 525509 954260 721881 229812 157891 143592 759472 457255 448778 757044 182343 589300 513041 490445 444214 638665 251596 722577 734912 534054 550641 178861 531950 645607 789758 386906 389118 607991 248505 311599 490413 326742 250883 740288 713487 128007 760456 742030 640897 810471 696014 608369 901404 786851 144952 965726 863420 284214 511789 445344 303623 154784 759279 934330 341708 560651 40395 405964 256770 625599 634790 716269 373495 744712 688088 346520
242107 215440 954953 701507 1029480 888156 904590 627127 617112 896017 425630 547919 173301 863926 1174099 560177 552439 188172 494038 581502 1122935 87377 651564 999999999 585607 496753 593110 218112 248599 564637 655606 157299 976531 728006 451110 735724 1152560 590653 767879 552792 863049 258057 446045 615015 805284 495668 722612 957641 481836 843759 901720 697214 783525 956853 370460 829556 592945 318571 1091960 762386 866050 771536 474483 796818 741842 347418 489770 1028873 582939 748134 304000 565984 765773 764296 1006468 421807 569922 662274 518387 742949 1179067 931713 171208 435031 664112 729197 719288 627951 566486 1055187 686793 939804 412931 823135 1005573 436153 356537 572376 51801 748184
417182 733255 736032 428663 722476 811444 524576 227662 319909 474336 166706 787886 430254 622281 877458 348109 611128 493324 354697 99698 794502 586725 848580 585607 999999999 349412 476527 372587 609612 173618 457764 429046 987211 756459 323073 150146 912004 639478 861546 705071 444142 747034 399830 139961 1029834 262312 495908 819579 406806 524885 1026419 265760 360054 776709 316308 973429 365239 281161 752193 651278 780173 462573 602904 757872 536960 735034 598112 698153 163435 862306 296139 119103 425098 267622 703197 247048 86458 159202 796080 157731 826849 1037532 509395 403740 626461 811064 256179 88537 530731 908501 860803 876240 756148 510037 756945 160865 504653 119746 551443 670559
254648 539687 487470 205038 538974 495344 409621 197158 132776 409565 336391 456090 331547 383033 689553 64422 262713 319712 6139 262444 630714 445571 504554 496753 349412 999999999 143018 317298 374151 189878 170816 372336 653414 411152 53184 450045 685015 290078 512844 362508 378288 530816 73584 253624 683836 87138 235753 529882 61149 347381 677833 251054 310119 506688 138771 624027 96272 246947 597641 337215 465604 274793 267647 426457 264353 466924 258621 534632 209465 512950 375439 238023 271079 338576 516050 141508 413360 287496 473612 461459 684430 690327 339865 84148 285754 462305 284984 437360 182699 627424 513769 558926 463372 326769 529629 246639 215586 240424 493414 345076
358495 588582 363577 157192 440883 352335 361815 280610 180221 387005 479142 395478 442895 271573 581384 128794 175920 405804 140346 381546 535337 527829 416625 593110 476527 143018 999999999 441596 417560 305262 81902 489813 513737 281412 192763 555403 562208 187008 391599 287552 362337 567892 152944 359812 585601 222401 140222 390580 118045 277974 554763 306743 322685 373741 270496 507953 119716 384079 508385 195029 322682 220269 224620 285219 150206 474807 207447 446151 320451 397101 514518 358864 240515 394005 418059 284448 547525 381401 425612 567005 595157 563109 424293 162241 150055 342039 343385 565027 76973 489013 416351 415927 449977 258869 412592 388797 253207 359607 599394 202217
109150 367968 801811 518422 855397 776959 709713 415597 420521 693137 222689 546530 61420 699905 1006796 375084 463289 149487 316438 363390 946149 215352 637319 218112 372587 317298 441596 999999999 280689 349461 487290 63009 901714 645265 265351 522405 1000252 502397 715087 507421 659664 389735 289186 397443 813310 293315 552949 829398 323552 659379 869519 485881 576722 815322 178855 802113 408862 100815 911600 631008 750392 585348 405836 693392 579796 413431 413794 848923 366876 702841 131580 348060 572522 548635 832558 212708 369236 444611 534536 530293 997725 892897 157914 281013 549641 668639 505479 424531 440080 928287 664215 835952 457036 639006 846122 218681 269914 354467 194514 627127
195070 171109 758890 557878 855469 661133 769626 556412 506912 779659 488598 300739 224371 683348 987759 435779 326569 131203 369100 564529 949987 161404 403505 248599 609612 374151 417560 280689 999999999 517179 494275 266921 732803 490682 349168 750422 950711 361605 521087 307536 749643 156674 303364 580826 562942 416387 557437 740085 332371 692709 653169 619383 684259 749856 304074 581096 462302 337280 924986 553968 642320 627840 243183 567737 565589 132880 261303 863187 538706 500410 412133 542268 635420 702480 832957 375960 629333 625357 275124 760221 1011325 683130 125449 291767 447755 484419 650295 678678 368124 834616 438292 707698 180665 672807 814571 449686 166245 547653 284840 532316
345778 665944 572588 260865 576425 638045 393943 75311 148074 360388 237273 644336 392294 458766 733099 176478 451328 424438 195799 76294 656611 539854 694331 564637 173618 189878 305262 349461 517179 999999999 284361 412464 813856 586455 180418 260205 756329 476249 694299 552378 327037 668564 253290 65990 873045 109358 325478 649066 250723 373413 858600 141510 239673 609280 215016 808378 191730 249463 616494 477728 606808 304537 455989 584577 365882 629214 447960 557915 21677 697020 336223 54517 273305 199663 555523 147256 252163 108218 659177 271599 697230 868093 443744 260309 455276 644077 156484 261374 364453 739969 702724 702856 637063 356124 599005 157276 381283 54496 543960 497052
415720 665343 317033 77330 373892 353695 280196 241277 139628 305715 488899 472884 497089 212630 521091 124299 252350 470974 171100 358759 467393 595429 485659 655606 457764 170816 81902 487290 494275 284361 999999999 540546 532841 325189 223884 516227 514228 256928 440808 363414 281949 646588 209568 328304 647536 227959 67034 370333 173883 198527 599077 250631 249256 339853 309398 559275 96276 416817 437472 193695 322448 138388 306237 305055 93897 556201 288745 374548 295031 450792 543369 338765 160118 333034 350877 304480 535721 340679 504949 527711 524630 602805 490265 220684 194748 393565 286114 544782 155556 465282 481150 418501 531862 178844 358940 397234 328397 338043 657310 216311
136721 326064 852419 575648 911307 816247 770016 478433 480639 754923 272196 551996 52738 752973 1061349 432147 493337 141935 370928 425036 1002827 168562 647806 157299 429046 372336 489813 63009 266921 412464 540546 999999999 931536 675645 321673 579188 1051134 532776 737486 525162 721510 353894 336912 459947 819030 354307 606904 873555 372327 717310 887143 548727 639050 862956 235746 817932 465856 163534 969041 675037 790771 643525 428511 730025 631875 396319 438899 906182 429816 722980 160646 410288 632270 611583 888386 274879 418316 507036 534680 586640 1055487 912538 142062 327658 588245 692858 568483 475294 480921 972430 677421 873508 447420 696833 898450 279004 293683 416713 131505 668251
796627 861977 389996 581851 531426 195089 653078 773939 672408 720182 988244 465940 878892 452214 544903 639987 438705 804291 649662 889585 584404 891538 370376 976531 987211 653414 513737 901714 732803 813856 532841 931536 999999999 256452 697553 1047200 443297 399421 217798 425287 717776 817764 634875 861061 359784 735996 511763 257925 610205 572240 191516 774186 737206 326824 760049 231656 622143 873262 596885 341135 224098 586676 505905 229360 471203 686187 493528 571576 826391 244705 1002909 868301 631097 845221 524078 791623 1060775 872309 511710 1058560 644167 160498 815276 638492 368023 248513 806555 1075227 476748 265517 330195 142786 619094 570830 433293 899795 638109 868245 1003779 317038
540352 635578 356320 392318 495773 183701 533010 559512 457176 586092 740247 272632 623088 347757 580056 410024 182394 550958 406668 662682 578580 645007 218485 728006 756459 411152 281412 645265 490682 586455 325189 675645 256452 999999999 450631 835479 510550 143028 116960 192146 572797 596236 383334 640963 338481 497088 330930 279792 361940 439793 274579 575743 564848 317270 507171 235538 399472 619135 571884 177247 175876 423188 253710 95344 299334 468424 239602 523842 601860 132629 747937 639710 462197 657607 478794 544246 824196 660441 320286 847067 644943 281698 563011 385866 132465 75539 611303 844985 228982 361423 193885 219372 409355 429776 416370 654193 382775 640666 752277 136345
209941 509294 540642 254016 590120 544478 453480 207817 167590 447749 290708 467662 282887 435839 741548 110579 290704 280018 53824 245376 681242 404927 525509 451110 323073 53184 192763 265351 349168 180418 223884 321673 697553 450631 999999999 437099 738111 322037 547392 382003 415479 504748 76786 246399 706894 71435 288393 581825 88809 395940 712090 270349 341517 559626 86497 655311 144217 193891 647388 387752 515154 322471 280692 472581 317506 452767 275149 584512 201772 545113 322917 220718 314670 353655 567259 94079 379585 286119 480079 448199 733906 726631 300297 81579 329612 496950 301191 409145 221976 679645 538314 607533 457211 375407 582535 203565 202159 224365 445059 393468
561280 880449 749787 466900 706551 860649 499705 276157 378809 436089 314104 903887 579444 640119 854405 429420 710457 638836 455986 192134 765031 735906 954260 735724 150146 450045 555403 522405 750422 260205 516227 579188 1047200 835479 437099 999999999 906025 733725 947001 812551 412377 892176 512162 197554 1132238 367941 537430 851277 510928 526807 1109762 276209 343808 799266 449613 1063009 436163 429159 721356 706074 829414 479318 715776 821014 578919 872088 708087 675209 240773 951857 443286 216610 435845 228445 690353 377548 189804 175614 917166 11603 786199 1116455 655646 518379 703032 897372 248723 136699 620596 931668 961767 924296 887570 516670 758999 307470 632335 212749 701105 732200
920694 1114340 198734 501340 202545 332048 408487 687737 616198 477727 986963 782818 1004987 303974 110201 634459 628105 964404 685117 816378 185563 1082069 721881 1152560 912004 685015 562208 1000252 950711 756329 514228 1051134 443297 510550 738111 906025 999999999 598383 574822 691749 496099 1082190 714526 772236 782220 734449 451018 231580 678891 387161 629353 647787 563381 201776 823356 649985 602080 930638 220340 396774 334740 451961 711897 415334 420771 962828 692535 240666 757460 604503 1055324 804241 487035 677581 216282 815522 997974 758416 830103 915353 225049 602371 981903 724254 504353 567101 664878 987352 587907 178170 689541 329013 911250 402184 158032 897280 800323 800925 1161209 421425
397332 518226 416679 333697 536217 299798 516788 463111 365614 555493 606947 222573 480279 367439 648973 304884 39447 410184 284786 550998 627607 509786 229812 590653 639478 290078 187008 502397 361605 476249 256928 532776 399421 143028 322037 733725 598383 999999999 225759 112275 535031 484190 249573 536256 400103 377168 290866 379945 234086 424391 390132 493536 505883 396689 369842 334074 303988 479651 611295 207244 280779 384744 118509 206926 275062 365178 101349 554734 494046 223293 607170 526928 414616 581011 515678 413395 701102 562717 261219 745294 692878 405851 423152 250288 99091 175585 530214 727310 113820 473250 230020 349205 318634 409005 476020 524035 240567 528842 612484 177197
606816 644665 446633 509063 591449 244985 646258 671799 570103 701287 832478 248450 684854 455411 657144 518785 260442 603588 507864 770136 668023 681629 157891 767879 861546 512844 391599 715087 521087 694299 440808 737486 217798 116960 547392 947001 574822 225759 999999999 215599 688845 600089 475324 751065 227690 599861 447857 345942 458977 553748 164993 690934 681795 397787 594395 118688 511019 702021 666402 289899 251237 539797 309567 184800 415751 468476 301460 623146 710708 30501 827102 746610 579091 773691 576511 639134 925633 772728 294817 958604 733721 180505 612508 475842 246414 50545 726751 949826 330821 407616 119819 251373 401313 544637 504468 749771 445551 747997 798424 249890
398300 444267 518958 440730 644412 373863 628627 550533 458789 665681 648162 110608 472854 477741 750273 391577 111643 388966 356580 623918 734444 466982 143592 552792 705071 362508 287552 507421 307536 552378 363414 525162 425287 192146 382003 812551 691749 112275 215599 999999999 644166 404190 305244 615799 325612 446428 401916 465158 301753 536498 362408 588624 610128 492021 408554 294766 397200 506968 720039 312198 361588 494978 106474 281250 387281 276455 107342 664643 571888 198344 625944 599292 522913 677477 624419 465007 758004 647133 149380 823967 800217 387402 397267 301752 208235 176893 625235 790742 210619 551766 160786 411304 219833 520887 579123 573348 238360 602115 582828 277390
624549 917332 360686 205172 294840 522734 87715 252222 247944 33624 560557 754201 690927 267588 442390 314705 533814 695365 382708 361704 354507 820401 759472 863049 444142 378288 362337 659664 749643 327037 281949 721510 717776 572797 415479 412377 496099 535031 688845 644166 999999999 905958 446466 313669 909529 367953 246542 481918 417749 145635 831842 187585 87732 419220 492623 805984 287366 564996 311212 401313 494615 151588 586595 518781 273635 828506 569738 262855 317860 705136 662930 358608 121886 185687 279817 446994 529799 284978 786887 421160 382890 826541 715640 458166 457075 647347 188296 507665 437485 545965 749943 578936 810135 148007 356681 484313 585559 353373 851149 439750
330944 50451 895705 712408 1000576 776155 924028 711169 663582 935752 610886 354290 328333 827864 1127011 592385 454339 253710 525774 711072 1094753 190781 457255 258057 747034 530816 567892 389735 156674 668564 646588 353894 817764 596236 504748 892176 1082190 484190 600089 404190 905958 999999999 459921 730856 582330 570658 708109 862894 488348 845052 706036 775097 840930 880415 453726 633521 618593 467101 1071834 687158 761232 781856 371122 682592 713145 131640 390789 1010835 689868 574502 513611 689823 790931 857225 978419 524189 756301 776329 312538 901434 1157405 740418 238097 448361 578351 572933 805452 809318 511971 953330 496804 815492 200555 825430 953239 586205 321022 695491 308617 660776
207172 471090 515795 260931 583436 492851 471105 269284 204688 476840 357732 391800 290546 419191 729181 132502 216347 262051 67854 321089 676945 387302 448778 446045 399830 73584 152944 289186 303364 253290 209568 336912 634875 383334 76786 512162 714526 249573 475324 305244 446466 459921 999999999 318819 630292 144292 276568 540588 35980 401394 639434 324612 381708 526518 125635 581113 159431 240097 646523 342553 464989 331769 204214 414662 297194 393358 198366 583487 274096 471593 371032 296391 334331 411907 560423 164070 454860 355875 405908 523369 733687 655361 281631 11825 269723 425140 358368 485681 158831 639416 462038 554047 390539 380880 563133 274651 142293 299747 448872 341609
404810 726503 596430 291510 584126 680100 389863 89555 188679 345590 250699 709214 444783 482811 739767 232492 512952 483876 259651 48055 658524 595911 757044 615015 139961 253624 359812 397443 580826 65990 328304 459947 861061 640963 246399 197554 772236 536256 751065 615799 313669 730856 318819 999999999 934707 175243 360250 682904 314740 385230 914568 128627 226867 638182 277271 866414 241876 296642 616813 521551 648731 322676 520760 632641 401746 694457 512216 561230 44741 755146 365137 51050 285233 156887 564466 206961 225739 47328 724716 209100 693832 922537 502754 326058 508820 701174 127290 220948 423318 770338 764227 744665 702985 370158 616996 187816 447145 44694 590735 544181
705636 632445 671309 720660 817218 463317 871472 863185 765352 923971 971498 267214 769428 682892 872585 704636 421804 677173 678108 946268 890783 718800 182343 805284 1029834 683836 585601 813310 562942 873045 647536 819030 359784 338481 706894 1132238 782220 400103 227690 325612 909529 582330 630292 934707 999999999 769470 664675 561468 624152 778264 174290 892147 894930 619058 732900 132434 703899 826495 891477 515310 474421 758697 430846 412311 635989 461962 432950 849929 891698 206180 938808 921800 795612 978447 802968 790599 1083612 962543 287891 1143763 955781 212144 679532 627189 455271 263036 928707 1115974 513919 606784 170505 453312 393308 768007 727746 898611 553789 924260 846173 474624
260944 572342 540774 235438 572412 571576 416583 140692 128243 401186 261394 535946 323076 430539 727267 103766 349202 336365 92385 177559 660206 458297 589300 495668 262312 87138 222401 293315 416387 109358 227959 354307 735996 497088 71435 367941 734449 377168 599861 446428 367953 570658 144292 175243 769470 999999999 284861 597509 145323 371435 764836 207188 287983 567477 126474 711154 133414 204365 623656 411302 541111 297333 347924 507615 320160 523326 340791 561758 130537 600088 321851 152898 280314 286614 550044 83921 327119 214708 549991 379181 708697 776977 356439 151006 369744 549331 235379 350222 269368 693127 599744 635913 528640 351582 576775 169764 273402 155906 483285 423579
482723 728526 255932 70531 306871 323219 227872 270756 177498 265060 542792 512506 563867 147577 454474 183503 294265 537742 236514 396218 400463 661944 513041 722612 495908 235753 140222 552949 557437 325478 67034 606904 511763 330930 288393 537430 451018 290866 447857 401916 246542 708109 276568 360250 664675 284861 999999999 323782 240828 139243 598754 262632 234689 285306 374518 566235 151599 479791 371026 172280 291993 94970 357716 291433 41680 613097 339122 308240 332681 461971 604481 378602 131328 335096 283857 364738 577344 364469 548109 548634 458143 598181 556954 287639 210658 404030 294811 580658 204512 414786 503537 386987 584336 121278 294431 451582 392303 376918 724271 204839
738177 898047 133064 391402 273816 101176 408199 593375 500993 478740 858863 552413 823982 216251 311791 493807 413556 770807 528254 719916 333544 881520 490445 957641 819579 529882 390580 829398 740085 649066 370333 873555 257925 279792 581825 851277 231580 379945 345942 465158 481918 862894 540588 682904 561468 597509 323782 999999999 507375 338461 422840 575522 517962 69219 661063 431123 466550 774523 341455 198556 104120 372465 497340 185144 283196 739683 478842 313659 656449 375039 904608 702367 416753 632811 266162 670156 901082 683101 599987 862047 396773 402535 786645 548412 294187 335707 602920 903753 393784 98913 458660 117627 684957 342389 176214 767192 601134 700700 972481 209589
243144 501615 480159 227678 547665 462655 438789 256544 181580 447405 378676 395001 326346 383211 693206 107819 204348 297253 55094 322393 641271 422154 444214 481836 406806 61149 118045 323552 332371 250723 173883 372327 610205 361940 88809 510928 678891 234086 458977 301753 417749 488348 35980 314740 624152 145323 240828 507375 999999999 367098 623809 306631 356636 491782 154886 567960 130597 269537 611121 309968 434222 298417 206604 387090 261221 415283 197482 548118 270504 457370 400580 297832 303212 395259 524656 182337 467017 348460 413129 522317 698290 637961 316684 46812 242891 408488 341600 494099 133698 606075 454445 524651 407154 346656 527231 292324 167862 300501 484851 311199
601739 863731 224136 142344 203603 377260 93899 302202 244242 149969 608739 646958 678530 122620 360212 285366 431333 663042 349835 429926 288849 788602 638665 843759 524885 347381 277974 659379 692709 373413 198527 717310 572240 439793 395940 526807 387161 424391 553748 536498 145635 845052 401394 385230 778264 371435 139243 338461 367098 999999999 690933 260952 184140 278449 481566 669063 251841 575546 252484 263876 349446 74208 496860 377998 149554 752131 478161 190329 372531 572319 690941 418928 100556 300815 182263 455346 610950 371862 684285 536863 338346 683957 682802 413031 335685 515238 280346 600646 343675 408646 624773 433335 723456 20625 233787 522045 526674 415274 840598 303994
760485 754208 545894 663542 692377 334065 780236 833955 731714 840717 995872 356501 835010 581271 726611 682678 423583 749223 672857 934573 756360 814403 251596 901720 1026419 677833 554763 869519 653169 858600 599077 887143 191516 274579 712090 1109762 629353 390132 164993 362408 831842 706036 639434 914568 174290 764836 598754 422840 623809 690933 999999999 849697 833367 487242 756922 72802 673609 862610 763121 431102 353424 686976 464549 313164 563238 576908 459058 729208 874704 168817 985576 911165 728490 930285 681297 803427 1090588 934905 394047 1121357 819087 38543 755942 639548 406977 215538 884984 1114737 495697 451335 214970 306882 506510 684607 597285 914056 599804 912455 936674 394542
467394 778738 478787 192340 456718 585453 261316 70299 129985 220450 372972 691760 523922 366853 611829 201125 478598 543486 256886 176085 529958 664585 722577 697214 265760 251054 306743 485881 619383 141510 250631 548727 774186 575743 270349 276209 647787 493536 690934 588624 187585 775097 324612 128627 892147 207188 262632 575522 306631 260952 849697 999999999 99883 525268 332707 809139 191423 387565 488189 433546 554339 205058 506950 550897 303771 717770 494218 432879 130574 699748 477517 171233 163478 89330 437526 275423 352205 111014 715180 287187 565449 852938 563519 334900 444528 643043 36703 339695 380884 657909 723093 648723 713597 247622 494501 298153 466030 166163 679992 462470
547807 849087 408226 174289 366683 543413 164579 165277 177348 120808 472846 718062 610615 302402 519369 249510 498491 620973 315166 274798 434714 744816 734912 783525 360054 310119 322685 576722 684259 239673 249256 639050 737206 564848 341517 343808 563381 505883 681795 610128 87732 840930 381708 226867 894930 287983 234689 517962 356636 184140 833367 99883 999999999 461048 414139 800370 227415 480553 392206 404422 513389 150530 541297 524147 270863 771722 526014 339386 230147 694713 575813 271031 106316 116684 349032 364175 446253 201140 746859 353597 467387 832117 641227 393050 439796 636867 104257 427806 399654 592254 729917 603833 759368 176325 415199 396906 523480 265867 769499 439049
729718 912726 63974 348639 206042 156006 342655 549175 462030 414031 827399 586729 815007 159246 262847 464071 426384 768822 505818 677504 271821 884175 534054 956853 776709 506688 373741 815322 749856 609280 339853 862956 326824 317270 559626 799266 201776 396689 397787 492021 419220 880415 526518 638182 619058 567477 285306 69219 491782 278449 487242 525268 461048 999999999 642152 490696 434402 753505 275903 196162 146733 320321 510240 222569 247526 761419 490935 245072 614830 425566 881905 661401 363421 577108 197379 644036 859929 634706 633330 809783 336744 468656 785723 535396 302769 380971 550559 858958 390446 132648 505084 185367 710897 284727 110096 735922 602249 659231 968095 219654
134696 451210 625413 340031 676583 617422 535994 264377 247151 525559 240003 478993 199285 521787 828008 196539 333957 211432 138302 260947 767552 331989 550641 370460 316308 138771 270496 178855 304074 215016 309398 235746 760049 507171 86497 449613 823356 369842 594395 408554 492623 453726 125635 277271 732900 126474 374518 661063 154886 481566 756922 332707 414139 642152 999999999 695601 230295 114745 733410 464451 589094 407790 302319 540250 402586 422526 302397 670609 236207 588192 245814 238323 397607 408500 653731 72289 354960 322605 482849 459868 819780 774894 231264 121566 395346 544827 359026 394976 284461 759502 569034 679117 440040 461096 668319 167349 189404 243636 361107 465986
692969 681569 545174 627748 691813 334698 760746 788533 687305 817525 935350 283744 766040 566275 741394 633922 364812 679152 618793 883791 762452 742207 178861 829556 973429 624027 507953 802113 581096 808378 559275 817932 231656 235538 655311 1063009 649985 334074 118688 294766 805984 633521 581113 866414 132434 711154 566235 431123 567960 669063 72802 809139 800370 490696 695601 999999999 627632 799016 765060 405468 348405 657667 398940 293748 533496 504187 394933 726120 825365 111357 920174 859966 697370 892242 678658 745094 1034808 889354 321352 1074611 826906 107352 685367 580392 364666 166251 845058 1061351 443940 474352 142825 321260 433815 660766 600202 855491 533053 861624 864992 366288
