NAME : synthetic_000156
TYPE : CTSP-D
DIMENSION : 100
GROUPS : 8
RELAXATION_LEVEL : 1
EDGE_WEIGHT_TYPE : EXPLICIT
EDGE_WEIGHT_FORMAT : FULL_MATRIX
EDGE_WEIGHT_SECTION
999999999 278246 788548 862325 714899 529708 540946 608743 725725 681155 778271 607823 801703 635087 850474 1044402 845623 607840 617774 537502 933681 775026 810976 49708 173768 403488 813312 231264 450527 688182 83846 968593 311466 871762 750730 891361 476580 979367 268953 141688 633434 519042 453291 474859 184132 851940 986673 177422 579603 773545 464990 862707 617954 548256 130150 563135 580057 776647 700662 568340 674748 720324 373618 860846 679360 379340 1019666 719277 167231 348495 602037 413646 517915 563223 769314 644354 868647 608077 367562 924111 206436 228607 205301 842400 608047 864416 136750 824073 808727 716538 765609 429209 228393 830141 539279 889564 927226 457105 448205 791698
278246 999999999 510394 654386 437921 486553 643571 761807 615087 590793 588574 378780 528625 679707 670205 895107 657496 357181 348893 570883 726473 519937 658585 325687 383443 165562 582045 121103 490088 683996 356056 811335 197652 593985 490632 623413 534770 846044 319737 227060 355527 633223 254524 491945 185708 648573 795586 296000 482856 496553 244339 586442 650242 330770 283306 545111 484815 665279 486670 718265 663315 455571 322592 584668 669595 511798 834672 451059 249722 290073 351374 144226 645860 715249 699336 710028 595153 448522 217060 647987 387026 55991 167556 612594 330402 590995 284499 547202 549350 451890 487369 228647 163170 605987 301102 726054 716429 484270 399330 620060
788548 510394 999999999 518310 84042 757997 1028103 1177172 726969 748300 538053 374711 108487 996366 606344 836225 578016 282812 209155 901999 563371 274617 667337 836052 876848 421214 402517 585403 851702 939008 865976 755806 584498 86212 241322 231330 901037 835428 742392 717971 160380 1030196 465548 830573 658799 529224 657220 773723 680341 77028 410724 123008 959390 412140 771121 824910 683624 756193 430732 1135476 914205 212044 672040 97648 920990 944968 701845 159510 729873 639531 306966 386858 1053081 1134660 852006 1044377 164300 555147 530259 172005 869048 562387 639326 421734 181513 162701 775806 89319 257452 213201 30547 468595 621792 439459 364473 682884 545690 835752 706294 600401
862325 654386 518310 999999999 548720 488086 786183 945946 318463 371659 100974 277796 626072 686349 104787 317933 76271 708337 622457 634315 72291 244262 196797 892517 846509 702868 115953 774955 635625 583712 907216 238497 551815 561849 280791 336573 672785 323420 973673 730107 477539 803290 412516 597347 838612 19973 151385 741251 382308 441464 750511 438129 651304 324321 922634 532341 384688 317436 167718 913986 562061 319700 534703 600843 567352 788515 195792 646568 717995 923239 327579 526470 834329 916400 432405 741628 393913 275028 820557 453326 814960 672019 657147 98826 533931 392062 768790 443988 263235 320329 494965 438225 633965 78856 356629 174706 65067 614553 502611 140271
714899 437921 84042 548720 999999999 729680 986848 1131612 723529 738110 553446 363107 106538 966440 628005 864856 601097 202565 125348 867886 601128 306535 678968 763113 811900 338971 433513 506120 811458 918284 793926 781707 531049 158277 268283 297853 861009 856023 659129 652482 110778 986710 426625 793610 578898 557073 694191 711693 660732 126392 326684 200639 930074 388867 691581 797339 663954 757363 438177 1089214 893614 229507 628287 147339 900470 893729 739285 98368 666801 555530 289758 324295 1007954 1087958 845973 1012174 235866 543199 446455 254269 806966 491540 576126 456725 108246 233398 710758 161739 299818 229254 77864 425347 560115 470720 335504 704181 584060 796814 670449 613807
529708 486553 757997 488086 729680 999999999 301818 462335 222261 164797 387178 391058 835840 238456 422761 549470 433697 770476 716240 153585 543054 563925 345448 536719 434090 633217 511480 582137 150580 200989 535437 488536 289380 837464 568482 709090 184712 473269 749643 391780 619138 316392 308778 110457 609869 469987 555814 357923 105919 697161 710978 754238 201396 345976 640123 67770 103438 267170 394566 427950 178587 570346 169778 855370 185168 311218 574296 798412 362869 763864 451777 463683 346897 429914 239698 288002 730249 233443 703511 801164 392399 459449 363807 528162 643427 726363 397504 733022 604799 567452 727452 318345 350437 503924 395060 427398 545733 129658 88851 361946
540946 643571 1028103 786183 986848 301818 999999999 160531 489568 428129 685890 678948 1092941 150309 711875 788217 726642 983752 947560 151976 836671 859785 624643 520050 376515 808582 813224 696761 176487 266473 499817 746048 469081 1111493 860446 1005071 127520 704203 807120 450062 877063 31006 562643 202390 691954 767463 837004 380468 406804 974919 887820 1040412 165178 625679 670971 254334 404077 519487 695180 128325 273101 856880 358757 1123350 272233 162970 848181 1040850 417325 864566 730378 681171 59386 131419 434737 123687 1020717 534477 840407 1091045 336701 596543 478823 829935 888916 1016669 415021 1015231 900929 853675 997974 561630 480441 805560 665737 701626 841077 193455 325070 653939
608743 761807 1177172 945946 1131612 462335 160531 999999999 644873 584117 845876 835586 1236876 281412 869627 931352 885265 1112552 1083527 311728 995231 1018203 780603 576775 435016 927092 973678 796657 330971 402999 549422 895264 604386 1261570 1017610 1163332 284210 846541 877124 548507 1023086 149351 712236 360927 778895 927096 992147 475475 567302 1126942 1004736 1195131 308180 780589 736632 413629 564562 671323 855256 43558 415129 1012324 505134 1271136 412746 250123 1001166 1179793 518777 951303 884123 817700 124118 46869 578240 232699 1177004 694756 943075 1246975 405328 710440 594252 990465 1030614 1172907 502065 1168632 1059375 1009034 1147362 708678 600556 966082 817894 855762 1000086 349727 481067 812552
725725 615087 726969 318463 723529 222261 489568 644873 999999999 61831 228781 361051 822807 373405 228337 328200 248337 819731 748183 340163 355952 478401 135871 740271 650667 730790 383758 728111 368569 265644 743602 266698 438415 793963 498020 612397 393171 255464 914684 584109 621408 511319 374272 327524 771462 298531 347509 564464 146122 654599 800621 687328 340390 350254 822616 240069 145720 51475 300540 617483 244696 516968 352244 822580 249688 530849 359575 809601 559867 904983 435427 541342 543420 620901 126266 428498 652308 187762 825126 721180 610498 605151 536147 389101 662583 649164 601643 677578 514485 515271 697728 396242 517262 362317 407539 212353 363458 348507 282926 178237
681155 590793 748300 371659 738110 164797 428129 584117 61831 999999999 277086 375592 840057 315519 286604 384927 304621 819883 752548 278384 413632 511484 196602 692910 597377 716558 426790 699701 308192 213768 694373 327095 405549 819136 527302 650032 331607 308566 881275 540186 632565 449620 362183 267190 738526 351934 408882 515400 108453 678339 789226 717846 281470 354435 783106 178301 106838 102429 331761 556179 191147 541874 308267 845112 196764 470485 421403 820184 514219 879047 448351 530347 481702 559515 113049 370796 685416 194912 804620 755368 556318 575761 498127 435271 669597 682050 553637 704982 549380 539821 718443 381565 480661 408761 411512 274141 420130 288428 233779 232757
778271 588574 538053 100974 553446 387178 685890 845876 228781 277086 999999999 228752 642084 589388 84236 324954 69068 690785 608586 534156 162426 269145 130628 805849 752499 657055 157942 709655 534680 490711 818670 238556 466813 594006 297452 390924 571858 303592 907954 642764 466946 702648 337565 496373 769276 83550 209580 649068 281360 461717 712601 477638 553796 260062 846742 432464 283759 238046 120988 813522 468233 327413 438853 628321 473830 688106 246501 648197 628441 867614 293856 471677 733602 815861 350012 644562 438065 178170 769944 504020 719591 599859 573173 160487 518927 435407 678385 474977 299784 326857 511362 363875 550344 133674 303718 154590 161505 513603 402962 63046
607823 378780 374711 277796 363107 391058 678948 835586 361051 375592 228752 999999999 464465 628641 312887 553080 293753 470167 392572 541225 349213 188220 334954 643887 625768 429450 206456 498525 504614 564849 663658 466617 310927 449883 182264 330373 551980 523956 696946 487462 260569 686246 158644 476724 564153 274239 424389 515859 306486 308567 483850 363399 591274 63133 653741 456142 309780 397324 112168 796461 540044 179360 345173 472190 546796 626790 466165 448685 483130 645842 74563 248771 712799 796839 482867 679042 341776 181049 544669 412220 602659 401438 407730 236345 304549 337738 535148 342215 228658 176420 344468 180036 384580 227631 78838 381349 338334 486094 354526 277513
801703 528625 108487 626072 106538 835840 1092941 1236876 822807 840057 642084 464465 999999999 1072826 712434 943997 684418 230930 185832 974422 671834 381964 770271 850716 908129 409534 510161 583615 917736 1023362 882626 863050 634833 114484 347333 334329 967289 941519 718439 748858 217292 1092465 533152 900110 653864 636573 765680 810473 765327 184697 378849 219798 1036405 493702 766606 903451 768567 854571 531234 1194337 998648 314682 734261 75169 1005494 997562 810322 92585 765011 606238 392463 425171 1113382 1192974 946502 1118683 265488 645376 503082 254260 905419 583668 674650 529929 207776 264648 807255 193680 365903 315326 131445 531628 659750 547222 441210 788993 654165 903208 776986 703871
635087 679707 996366 686349 966440 238456 150309 281412 373405 315519 589388 628641 1072826 999999999 601527 649947 620134 994249 946129 108824 728913 796407 508766 623391 486864 838796 730879 754087 193379 121686 608873 615175 487046 1075909 803679 940638 158782 565156 890727 521331 855705 180623 541807 188043 763181 666780 717431 460963 328231 935514 918317 991122 37454 584422 761898 172510 325032 394240 621474 263102 134357 807605 362456 1093676 131563 282834 723626 1032036 487861 931274 690231 685738 209372 268180 297005 55295 965563 462282 890316 1036545 443451 640724 527686 743272 877173 961767 500232 970842 836766 804799 965824 547866 522662 717439 632886 580208 735638 195926 300024 548207
850474 670205 606344 104787 628005 422761 711875 869627 228337 286604 84236 312887 712434 601527 999999999 242060 29633 772155 688960 560304 127684 332547 96465 875749 813803 741271 208420 791157 573205 493027 886701 156104 539862 656247 365190 438201 605698 229109 989029 712699 546012 731459 417432 533205 849404 86581 138594 713556 320421 529379 796701 535166 567979 343404 923916 457989 322190 218752 203738 840200 472721 399311 499236 693169 477524 731777 169211 724160 696216 950923 376814 555513 763181 843169 333639 656695 492513 242975 853880 554401 778717 679376 646303 198854 599320 490350 744940 537338 357535 399211 581040 443756 623865 174609 387913 76562 136233 552181 453446 62296
1044402 895107 836225 317933 864856 549470 788217 931352 328200 384927 324954 553080 943997 649947 242060 999999999 265980 1014070 930479 649039 281275 562104 237541 1062683 978447 978588 433840 1014671 691490 528381 1068154 86466 742884 877456 598001 644069 709823 84959 1209780 903023 786922 814062 640678 650754 1067655 307988 193191 889488 470104 759396 1036570 752024 625233 577553 1131849 556866 470336 282539 445579 911288 516949 635350 674234 917588 518906 853221 157794 962086 881240 1181280 618663 790140 846012 915829 353851 700097 706290 448540 1088159 760267 938584 897293 846717 415162 840907 704879 925444 760659 580329 635649 812835 666461 825842 396789 625865 172182 299212 672298 609694 278453
845623 657496 578016 76271 601097 433697 726642 885265 248337 304621 69068 293753 684418 620134 29633 265980 999999999 748360 664524 574747 110030 303871 121303 872342 815020 723103 179034 778589 583553 513913 884396 181066 534305 627110 337087 408574 617736 257503 976947 709196 520972 745358 406614 544057 838344 57436 141173 713085 329604 501011 776796 505737 585957 328366 915512 472335 331606 243005 182721 854903 493010 371998 500533 664293 498025 740489 177432 697637 693953 935650 355080 539166 776873 857676 358112 675401 462965 241131 837099 524768 780959 668911 640762 169230 574978 460820 743387 508275 328257 372013 552983 432929 618053 145001 370262 105132 115511 562464 458952 72718
607840 357181 282812 708337 202565 770476 983752 1112552 819731 819883 690785 470167 230930 994249 772155 1014070 748360 999999999 87695 888064 768943 480197 804877 657547 737966 204434 598592 378719 817258 970070 691331 928254 515136 336765 440200 497827 865453 992323 491422 583953 231662 977268 465300 809152 442779 712859 858884 653112 725680 325984 153431 403051 960527 469546 553287 836931 728589 861330 569873 1069044 946488 396445 634016 304933 953289 863976 903763 138500 606788 376322 398529 308541 993164 1066518 932553 1032849 437974 631985 277005 454817 743925 412521 521785 625638 174411 435346 640794 364282 483683 394778 280425 452571 512863 634449 412425 845367 753086 806850 695235 745253
617774 348893 209155 622457 125348 716240 947560 1083527 748183 752548 608586 392572 185832 946129 688960 930479 664524 87695 999999999 842215 682181 392593 725624 667065 731775 223977 511809 397806 776484 913259 699492 845009 479662 275639 352599 413563 825554 911312 538242 573637 144977 943629 407642 764527 468121 627531 772603 638761 662918 242677 202173 324346 911259 398742 580920 783616 665952 787843 488072 1040307 889187 308941 591504 252456 896041 838265 817565 102198 592612 431545 319226 266488 961820 1038307 864358 987587 356125 561150 323870 379397 732507 404715 503731 538554 89671 353234 631811 284252 396092 307335 201395 398685 491316 547892 341387 762964 666180 764336 646116 664514
537502 570883 901999 634315 867886 153585 151976 311728 340163 278384 534156 541225 974422 108824 560304 649039 574747 888064 842215 999999999 684777 717015 474272 530204 400468 730218 664099 646359 87877 158974 519033 601161 378657 983289 720507 862280 69349 566570 787709 417535 757144 171450 441462 79524 657653 615546 686896 360962 256495 844180 809784 904572 82204 492330 661924 102414 253648 373430 548075 280162 153430 720498 254747 998730 155744 216585 699668 930150 384315 824430 598283 579846 203434 282952 300669 145380 881988 386928 781757 952785 356244 532126 419776 679874 775714 878047 401142 881868 757972 717482 871541 445446 414196 655163 537527 552513 689108 87505 197600 502060
933681 726473 563371 72291 601128 543054 836671 995231 355952 413632 162426 349213 671834 728913 127684 281275 110030 768943 682181 684777 999999999 294619 223260 963302 914271 771965 170373 846947 692497 620677 977462 212854 622793 598770 333449 362947 727358 304980 1045625 800637 537331 855351 484641 653274 910827 81979 93854 809981 438362 487600 817552 472457 695103 396581 994876 582365 440474 345046 239868 964933 600405 375055 601093 640201 605206 848285 138576 699469 787815 993921 396078 597583 886838 967704 459250 784123 426142 340445 890436 479002 881789 744310 728420 144605 594785 424928 838315 483776 305934 376178 542224 510404 705288 134768 428034 173554 18031 671395 564594 182734
775026 519937 274617 244262 306535 563925 859785 1018203 478401 511484 269145 188220 381964 796407 332547 562104 303871 480197 392593 717015 294619 999999999 399765 814843 809007 517744 128311 631028 687841 718285 837451 481208 492899 325088 39998 145343 733995 561371 822604 664527 249923 868977 341683 657550 702683 254649 387681 698987 468224 197609 548855 209800 759012 250171 803098 625253 471441 499630 179733 980047 693909 84087 533272 360772 700332 814548 432763 404859 663646 749617 173001 376273 896487 980750 604557 849057 174099 334204 639855 243896 787979 554833 582899 150204 308600 170856 715332 205973 41175 86156 250731 359453 560407 165495 238705 408945 277642 668599 538094 332188
810976 658585 667337 196797 678968 345448 624643 780603 135871 196602 130628 334954 770271 508766 96465 237541 121303 804877 725624 474272 223260 399765 999999999 831702 756972 749430 285396 777674 495487 397977 839332 157722 506332 724531 427497 518928 524114 191299 972331 670310 587425 645703 404616 454716 830127 177186 212655 662244 250041 591358 811505 608129 476132 348624 895159 372864 251123 122290 240942 752755 378284 455825 445790 758452 382861 656664 228849 771991 650292 946077 406635 559139 677705 756051 237245 563711 568092 211044 855515 633234 719357 659799 610994 282485 636484 565517 696457 605543 430095 455030 640148 430112 589728 256311 400965 82699 232598 474792 389245 67583
49708 325687 836052 892517 763113 536719 520050 576775 740271 692910 805849 643887 850716 623391 875749 1062683 872342 657547 667065 530204 963302 814843 831702 999999999 144597 453196 848171 280703 444936 684515 34812 988827 340770 919625 791738 933953 466344 995214 301711 163147 680087 496339 487351 472678 230820 881366 1012979 178846 594514 819469 514413 908183 608915 583198 160909 564690 594704 790621 733216 537560 672637 762512 388700 909333 676863 357143 1044653 768668 181525 390305 641921 458408 492456 532112 776130 628521 912991 632787 415308 969473 183453 274546 236943 876817 655958 908739 139414 869892 849373 758714 812733 464174 260276 863553 577620 911527 957559 453669 459132 815984
173768 383443 876848 846509 811900 434090 376515 435016 650667 597377 752499 625768 908129 486864 813803 978447 815020 737966 731775 400468 914271 809007 756972 144597 999999999 536660 820289 380484 319806 558361 123499 910594 316110 962682 792140 940241 333427 905394 442228 159432 716708 352157 467884 352907 349740 832882 952397 110038 509361 848040 607479 932306 475750 562688 302055 449710 508853 698727 698880 394837 549156 769572 314617 959146 552688 213582 979608 833757 148504 519631 640599 489990 347860 389631 668157 487921 929725 574510 525377 992026 44258 327453 237934 846687 703761 925406 101160 896931 846905 765789 850604 449601 257035 829769 571506 839127 911074 332138 369155 752000
403488 165562 421214 702868 338971 633217 808582 927092 730790 716558 657055 429450 409534 838796 741271 978588 723103 204434 223977 730218 771965 517744 749430 453196 536660 999999999 610075 176017 651890 833656 486915 892466 351899 496019 481182 587134 697682 940658 322776 386490 293121 798648 356528 650777 244439 701634 852357 457840 612190 431707 79688 521744 807887 401443 357087 695569 614614 778275 541346 883567 811747 438875 477380 475981 818272 677000 894910 321575 412064 232936 375931 190978 811422 880471 828607 871541 542907 549462 122152 581637 545550 217195 332934 640388 245848 539231 441729 480454 536861 435802 405502 335332 328516 640711 353376 806443 758955 644716 549334 700237
813312 582045 402517 115953 433513 511480 813224 973678 383758 426790 157942 206456 510161 730879 208420 433840 179034 598592 511809 664099 170373 128311 285396 848171 820289 610075 999999999 700045 649964 639877 866628 353489 510683 448363 165264 233567 692223 435594 897164 689412 366964 826545 360838 615049 767752 126998 261646 711504 407767 325609 651377 326751 694209 265108 859677 565670 410695 395931 123822 938408 616488 205432 520306 486291 622455 792033 306769 531593 682292 836709 236291 445199 856130 939994 507073 785377 284483 279451 730444 348105 793334 607375 611326 30719 424508 282203 734213 329783 149319 206359 379016 384216 588025 37253 281372 283907 154569 629450 505638 218954
231264 121103 585403 774955 506120 582137 696761 796657 728111 699701 709655 498525 583615 754087 791157 1014671 778589 378719 397806 646359 846947 631028 777674 280703 380484 176017 700045 999999999 560856 773313 315108 931333 295799 664379 599367 724594 600879 963856 198771 248865 441507 681730 374743 570082 74306 769405 916652 321528 591249 584212 233727 675205 727985 451733 185727 635417 592930 778909 607282 753806 754305 561616 412993 647762 760231 549343 955775 497048 280338 181728 466587 256184 689194 749822 805359 777938 689659 566975 146584 736481 397517 124106 226622 730702 404535 685669 295620 634571 657825 558073 566219 348646 234397 725053 420266 846288 836646 558884 493345 740531
450527 490088 851702 635625 811458 150580 176487 330971 368569 308192 534680 504614 917736 193379 573205 691490 583553 817258 776484 87877 692497 687841 495487 444936 319806 651890 649964 560856 999999999 239825 435439 635138 303021 935013 686666 832781 49553 612094 699853 329702 701376 181639 386363 41045 570324 617997 706338 273567 254140 798513 731578 864786 169906 450030 574276 136965 252028 409608 528904 292216 229457 681616 185062 947108 233167 162308 724238 867874 296454 737920 554282 511093 208649 292929 356881 219941 846086 370809 698165 916146 275643 448909 334683 669041 714907 841998 313932 839106 729014 678358 821546 386116 330607 645915 489293 577030 694576 21104 150104 512150
688182 683996 939008 583712 918284 200989 266473 402999 265644 213768 490711 564849 1023362 121686 493027 528381 513913 970070 913259 158974 620677 718285 397977 684515 558361 833656 639877 773313 239825 999999999 675233 495555 486362 1014598 730412 859618 228093 443546 929004 560610 808828 295127 505941 213466 793659 563833 602515 510760 258680 873204 911695 920587 101597 529662 808997 138886 255401 279236 539331 384397 24807 739984 362053 1036631 18080 373069 606256 991937 528420 954420 632607 664252 325778 389308 176302 172403 891011 387634 900202 961637 514103 652981 549013 648978 837444 887451 551459 904240 757383 737539 908599 517499 539022 622502 583041 465224 628785 231203 285009 443695
83846 356056 865976 907216 793926 535437 499817 549422 743602 694373 818670 663658 882626 608873 886701 1068154 884396 691331 699492 519033 977462 837451 839332 34812 123499 486915 866628 315108 435439 675233 999999999 995836 356808 949948 815400 958904 453517 998995 332202 177581 709158 475023 506012 465352 265587 895484 1024522 179158 598580 847691 548834 935902 596233 602227 191921 559457 598578 793416 750022 511008 664459 787244 394148 940459 668407 336973 1055153 801268 190501 423877 664828 485917 469374 505372 773867 611239 939595 643864 450119 997046 165647 303689 255948 894880 686449 935325 142905 897978 872660 783439 842237 483628 279079 880829 599382 919935 972281 445601 461073 826297
968593 811335 755806 238497 781707 488536 746048 895264 266698 327095 238556 466617 863050 615175 156104 86466 181066 928254 845009 601161 212854 481208 157722 988827 910594 892466 353489 931333 635138 495555 995836 999999999 663828 800284 516096 571263 657985 93512 1127262 827780 701828 770127 556811 594101 985614 226590 138442 818086 401330 678813 950149 676063 587101 491692 1052487 504229 401957 227791 359296 871944 480818 552329 601806 839315 483786 797444 120442 878509 807332 1096526 532346 704376 802297 876002 319477 667774 631205 366954 1002579 688068 871931 815102 768673 337089 755383 629536 852932 682481 501716 552475 731662 582766 747340 316918 539566 86097 230029 615166 541563 192715
311466 197652 584498 551815 531049 289380 469081 604386 438415 405549 466813 310927 634833 487046 539862 742884 534305 515136 479662 378657 622793 492899 506332 340770 316110 351899 510683 295799 303021 486362 356808 663828 999999999 670525 476508 625262 350632 683882 476469 179230 425669 464106 152351 299142 333372 540923 675425 206104 297300 545236 431324 625022 455992 248214 388965 347484 298760 489801 393216 561354 465674 455700 125781 674504 471946 362755 709053 575411 172255 476947 325343 213383 482215 559606 509727 521267 618424 298764 414289 683169 296752 171813 106482 538539 427447 614110 224289 592100 530866 451952 556014 133515 84056 524079 255770 582423 616838 294146 201724 482045
871762 593985 86212 561849 158277 837464 1111493 1261570 793963 819136 594006 449883 114484 1075909 656247 877456 627110 336765 275639 983289 598770 325088 724531 919625 962682 496019 448363 664379 935013 1014598 949948 800284 670525 999999999 297987 242437 984220 883941 813805 803675 246526 1114183 549444 912941 737047 574920 691992 859832 756369 141403 476963 127030 1038756 491639 849782 903880 759664 820037 494252 1220058 989800 277406 756503 46770 996532 1030567 735561 200143 815887 706340 385701 472722 1137453 1219340 919882 1124732 174408 628273 599479 145404 955168 646656 725298 463202 263715 174978 861598 119127 299081 279359 114686 553401 707889 484002 446354 732168 580771 918711 788574 657003
750730 490632 241322 280791 268283 568482 860446 1017610 498020 527302 297452 182264 347333 803679 365190 598001 337087 440200 352599 720507 333449 39998 427497 791738 792140 481182 165264 599367 686666 730412 815400 516096 476508 297987 999999999 149834 733762 594299 789096 644530 210038 868259 327633 658076 671722 290039 426120 682346 476522 164546 510348 190613 766226 240933 773920 631590 479788 522383 197484 978644 705824 44313 525729 330955 712370 807788 471242 366449 645449 713583 151699 346452 894984 979060 624256 855462 161895 343422 603333 232875 772941 527855 562471 188849 268738 158088 696751 179963 58718 46643 215896 343204 540405 202497 220739 441750 316662 667968 536563 360179
891361 623413 231330 336573 297853 709090 1005071 1163332 612397 650032 390924 330373 334329 940638 438201 644069 408574 497827 413563 862280 362947 145343 518928 933953 940241 587134 233567 724594 832781 859618 958904 571263 625262 242437 149834 999999999 879143 659286 906023 790565 294745 1014061 477308 802794 798428 352513 454557 830687 612421 171987 600275 116410 903296 390363 904819 769959 615613 628212 320478 1124995 835463 171740 675047 287221 841773 956977 497054 388766 792896 818928 299919 480208 1041395 1125623 737471 993594 69167 478392 707195 116887 921945 665123 708343 239352 348044 69708 843837 142056 104308 175548 221952 492298 686716 264058 369701 511132 344952 813655 682876 452482
476580 534770 901037 672785 861009 184712 127520 284210 393171 331607 571858 551980 967289 158782 605698 709823 617736 865453 825554 69349 727358 733995 524114 466344 333427 697682 692223 600879 49553 228093 453517 657985 350632 984220 733762 879143 999999999 628496 732295 363597 750916 135130 435802 77229 606337 654699 736328 302198 290510 847438 777343 913004 142731 498240 603124 153767 288100 430547 572329 246786 222701 729580 234343 996534 225087 148168 751913 917244 330064 775870 602861 559896 163943 248029 365830 177073 893679 412776 740261 963902 289354 491851 376032 710343 764386 889613 341463 887714 775167 726357 870854 435668 373654 686680 538296 604404 730310 65990 197704 545596
979367 846044 835428 323420 856023 473269 704203 846541 255464 308566 303592 523956 941519 565156 229109 84959 257503 992323 911312 566570 304980 561371 191299 995214 905394 940658 435594 963856 612094 443546 998995 93512 683882 883941 594299 659286 628496 999999999 1156237 837684 770429 730351 593441 571650 1013300 309206 231497 819880 400709 758446 1002717 761260 540793 539911 1071935 476385 400570 206674 423305 826780 432415 628005 606663 921634 434263 773142 208649 951445 814359 1134833 593877 750218 762226 831377 269532 615166 717317 397612 1045934 776168 864684 843872 785535 422113 821744 715433 856866 765347 584862 627794 810139 618465 765486 400102 591884 152551 321762 593346 538376 247074
268953 319737 742392 973673 659129 749643 807120 877124 914684 881275 907954 696946 718439 890727 989029 1209780 976947 491422 538242 787709 1045625 822604 972331 301711 442228 322776 897164 198771 699853 929004 332202 1127262 476469 813805 789096 906023 732295 1156237 999999999 370199 614322 786392 571854 717513 143252 968176 1115309 430873 773404 754280 339671 844484 869729 650478 140827 795346 774738 965987 806022 837059 912509 749348 580741 789353 917870 646973 1154236 626464 403400 123516 662289 452059 786402 831857 982255 905296 864690 761288 215357 904408 475170 312597 386155 927867 568612 860931 393353 803204 846884 745963 727852 545596 401501 922925 618478 1042700 1035203 702586 661621 937450
141688 227060 717971 730107 652482 391780 450062 548507 584109 540186 642764 487462 748858 521331 712699 903023 709196 583953 573637 417535 800637 664527 670310 163147 159432 386490 689412 248865 329702 560610 177581 827780 179230 803675 644530 790565 363597 837684 370199 999999999 558044 433733 329228 347962 243390 718671 849842 73064 437994 691061 461149 776586 499604 425533 249466 430148 438482 635089 572445 505459 545218 618978 232189 799745 550294 300487 881674 675395 33542 414966 493017 331214 440414 501639 630663 538854 776160 469770 394844 836861 159990 171438 82230 717509 544332 771851 58397 740411 700874 615173 692031 307571 104166 703283 425833 749513 795170 332524 308138 653111
633434 355527 160380 477539 110778 619138 877063 1023086 621408 632565 466946 260569 217292 855705 546012 786922 520972 231662 144977 757144 537331 249923 587425 680087 716708 293121 366964 441507 701376 808828 709158 701828 425669 246526 210038 294745 750916 770429 614322 558044 999999999 877478 316004 683050 515790 482850 627626 613344 552007 142757 307504 233718 819376 280366 626163 686835 555203 657744 347492 980913 784217 165840 518846 248977 791080 787478 672588 188197 569546 524246 186039 226830 899227 979817 741950 901398 250406 437949 412506 295084 708668 405601 479048 393996 58719 246623 615737 193274 257919 163903 134008 315435 461416 402949 225790 620746 521430 686504 559750 524551
519042 633223 1030196 803290 986710 316392 31006 149351 511319 449620 702648 686246 1092465 180623 731459 814062 745358 977268 943629 171450 855351 868977 645703 496339 352157 798648 826545 681730 181639 295127 475023 770127 464106 1114183 868259 1014061 135130 730351 786392 433733 877478 999999999 564755 212185 674088 784809 858308 362857 422139 978752 877545 1046132 193557 631467 649189 273499 419539 542935 707188 111875 300648 863148 358656 1124784 300111 139720 870607 1038172 401514 847040 735309 677159 32184 113551 461169 154499 1027716 547210 826336 1097741 313528 584814 467094 844111 887304 1023625 395949 1019991 910152 859873 1000235 562296 470132 820122 669538 723645 859241 200411 331722 672754
453291 254524 465548 412516 426625 308778 562643 712236 374272 362183 337565 158644 533152 541807 417432 640678 406614 465300 407642 441462 484641 341683 404616 487351 467884 356528 360838 374743 386363 505941 506012 556811 152351 549444 327633 477308 435802 593441 571854 329228 316004 564755 999999999 367055 432000 403997 546646 357863 261988 415293 427414 488034 506074 96307 510584 376337 264752 422074 247878 670944 482041 310997 207612 560745 488876 486875 584015 490385 324496 541555 179129 168201 588120 670391 475042 586165 476259 196322 453937 543603 446304 262297 250489 389495 335431 471989 376509 458648 380390 307367 435513 26334 227194 376850 109257 471590 476791 370905 243900 365802
474859 491945 830573 597347 793610 110457 202390 360927 327524 267190 496373 476724 900110 188043 533205 650754 544057 809152 764527 79524 653274 657550 454716 472678 352907 650777 615049 570082 41045 213466 465352 594101 299142 912941 658076 802794 77229 571650 717513 347962 683050 212185 367055 999999999 584596 579500 665831 297470 215200 775072 730321 838797 158589 424394 595704 98257 212953 368720 495108 323953 200119 655026 175404 926733 204571 203342 683408 853629 315431 749318 529699 501199 241168 325249 318656 223705 818496 335598 703820 888915 309096 454212 343552 633331 699618 814462 338205 814380 698709 651863 800237 369380 336754 609794 466588 536144 655687 21837 124369 472390
184132 185708 658799 838612 578898 609869 691954 778895 771462 738526 769276 564153 653864 763181 849404 1067655 838344 442779 468121 657653 910827 702683 830127 230820 349740 244439 767752 74306 570324 793659 265587 985614 333372 737047 671722 798428 606337 1013300 143252 243390 515790 674088 432000 584596 999999999 832135 977696 311499 630503 658479 292594 749475 739851 514352 112894 658104 631881 822753 670971 736971 776197 634569 440309 719310 781776 537265 1015775 565891 276853 173107 536249 326682 678124 732440 840447 782128 763926 619122 185052 810731 373984 170533 246182 798302 478271 759931 278782 708813 730301 630993 640012 405668 260003 791556 486746 901435 901170 571096 521368 796701
851940 648573 529224 19973 557073 469987 767463 927096 298531 351934 83550 274239 636573 666780 86581 307988 57436 712859 627531 615546 81979 254649 177186 881366 832882 701634 126998 769405 617997 563833 895484 226590 540923 574920 290039 352513 654699 309206 968176 718671 482850 784809 403997 579500 832135 999999999 150735 728250 364341 452241 751016 452094 631821 317896 914538 513468 366669 297571 162654 895359 542228 327622 520251 613224 547501 771654 193905 654570 705860 920076 327583 522940 815927 897827 412508 722066 408480 259922 818424 469040 800797 664680 646654 113444 538576 406496 756402 456589 275881 328037 505240 429928 623551 90927 352864 158796 78518 596909 486318 120319
986673 795586 657220 151385 694191 555814 837004 992147 347509 408882 209580 424389 765680 717431 138594 193191 141173 858884 772603 686896 93854 387681 212655 1012979 952397 852357 261646 916652 706338 602515 1024522 138442 675425 691992 426120 454557 736328 231497 1115309 849842 627626 858308 546646 665831 977696 150735 999999999 851970 455942 581400 901424 565428 686038 465066 1056297 585506 457490 323531 312340 964985 584667 467047 637829 733724 588648 866444 45135 792476 834023 1069959 478104 672757 890328 968373 431230 771835 518831 380676 968920 569813 917228 808809 781893 237477 684496 517744 883047 577452 399777 468003 635976 572905 759206 224953 502729 137341 111630 685466 591063 200556
177422 296000 773723 741251 711693 357923 380468 475475 564464 515400 649068 515859 810473 460963 713556 889488 713085 653112 638761 360962 809981 698987 662244 178846 110038 457840 711504 321528 273567 510760 179158 818086 206104 859832 682346 830687 302198 819880 430873 73064 613344 362857 357863 297470 311499 728250 851970 999999999 419624 741950 533297 825063 442061 452810 301188 386973 419570 614260 590781 432464 497451 660319 216454 858442 502011 227979 880991 739896 46366 484268 530901 387749 368358 428611 597284 474448 821305 471960 467726 884371 95363 241289 135824 738252 604100 816985 40752 790350 736949 656544 746785 339612 151951 721875 461650 743476 806083 279704 281940 652367
579603 482856 680341 382308 660732 105919 406804 567302 146122 108453 281360 306486 765327 328231 320421 470104 329604 725680 662918 256495 438362 468224 250041 594514 509361 612190 407767 591249 254140 258680 598580 401330 297300 756369 476522 612421 290510 400709 773404 437994 552007 422139 261988 215200 630503 364341 455942 419624 999999999 615036 686272 665390 290875 271872 677646 158498 3296 197151 293963 533536 233882 483144 206165 777971 240680 411373 477510 737048 413847 770709 373980 428877 452767 535607 217150 381295 638228 134051 697435 709179 470623 467309 391661 423405 583603 634500 456226 647292 508538 480555 649924 279067 373539 398821 326554 332739 440524 233037 140239 258754
773545 496553 77028 441464 126392 697161 974919 1126942 654599 678339 461717 308567 184697 935514 529379 759396 501011 325984 242677 844180 487600 197609 591358 819469 848040 431707 325609 584212 798513 873204 847691 678813 545236 141403 164546 171987 847438 758446 754280 691061 142757 978752 415293 775072 658479 452241 581400 741950 615036 999999999 435277 91002 898288 351901 768918 763286 618330 682351 356390 1085956 848408 137746 622901 168234 855137 900620 626162 220747 699744 659402 245903 362102 1002889 1085515 780190 984800 114030 486948 548058 152329 836677 545054 610282 345259 186179 110908 747824 50682 181826 139340 55058 421844 591090 362608 309255 605909 470024 781663 650775 524245
464990 244339 410724 750511 326684 710978 887820 1004736 800621 789226 712601 483850 378849 918317 796701 1036570 776796 153431 202173 809784 817552 548855 811505 514413 607479 79688 651377 233727 731578 911695 548834 950149 431324 476963 510348 600275 777343 1002717 339671 461149 307504 877545 427414 730321 292594 751016 901424 533297 686272 435277 999999999 521845 887259 463002 401388 773919 688794 847056 594087 961250 889565 466498 556646 450395 896132 754618 944920 286793 487976 229452 423451 259396 889876 958030 901784 951220 549104 616663 124377 579049 618901 294296 411104 680994 252245 545798 515020 480869 562790 463838 400357 407740 407500 684059 411274 864517 803547 724369 627845 759248
862707 586442 123008 438129 200639 754238 1040412 1195131 687328 717846 477638 363399 219798 991122 535166 752024 505737 403051 324346 904572 472457 209800 608129 908183 932306 521744 326751 675205 864786 920587 935902 676063 625022 127030 190613 116410 913004 761260 844484 776586 233718 1046132 488034 838797 749475 452094 565428 825063 665390 91002 521845 999999999 953690 414776 859841 818668 668673 709417 387112 1154974 895948 184075 694426 170999 902528 974907 608815 282451 783810 747866 311296 449985 1071484 1154905 813584 1042089 47538 533142 636879 61569 919191 634104 695183 339304 275903 47949 832723 41312 178258 187111 123077 497493 675322 361312 379318 610368 454436 847016 715342 540602
617954 650242 959390 651304 930074 201396 165178 308180 340390 281470 553796 591274 1036405 37454 567979 625233 585957 960527 911259 82204 695103 759012 476132 608915 475750 807887 694209 727985 169906 101597 596233 587101 455992 1038756 766226 903296 142731 540793 869729 499604 819376 193557 506074 158589 739851 631821 686038 442061 290875 898288 887259 953690 999999999 547361 743217 135132 287683 363724 584277 286077 108474 770199 330690 1056746 107201 279033 693587 996437 466332 906417 653109 651991 224366 290597 271390 91177 928110 424919 862402 999092 431799 612783 501363 706927 841504 924314 481988 933483 799395 767399 928845 512720 495185 681190 596153 549075 701458 169230 265502 513772
548256 330770 412140 324321 388867 345976 625679 780589 350254 354435 260062 63133 493702 584422 343404 577553 328366 469546 398742 492330 396581 250171 348624 583198 562688 401443 265108 451733 450030 529662 602227 491692 248214 491639 240933 390363 498240 539911 650478 425533 280366 631467 96307 424394 514352 317896 465066 452810 271872 351901 463002 414776 547361 999999999 599554 412772 275091 392103 156915 740755 504947 231781 284796 509629 511792 566864 504804 466665 420468 607580 106021 212720 657163 740863 465733 633105 397007 162635 511097 466556 539544 348045 346520 294158 315170 392855 472501 390038 290106 228464 381594 119109 323266 282742 57385 405597 387364 432255 300622 299101
130150 283306 771121 922634 691581 640123 670971 736632 822616 783106 846742 653741 766606 761898 923916 1131849 915512 553287 580920 661924 994876 803098 895159 160909 302055 357087 859677 185727 574276 808997 191921 1052487 388965 849782 773920 904819 603124 1071935 140827 249466 626163 649189 510584 595704 112894 914538 1056297 301188 677646 768918 401388 859841 743217 599554 999999999 679597 678539 874054 756220 696817 794182 738431 475749 832204 799139 509489 1092338 678279 280799 237074 633337 427473 647909 691538 877811 773054 872782 686225 285961 921246 336411 252321 286617 889875 590237 868728 261669 819413 832638 734778 751883 484610 306463 881067 578640 970336 986448 579157 554633 868150
563135 545111 824910 532341 797339 67770 254334 413629 240069 178301 432464 456142 903451 172510 457989 556866 472335 836931 783616 102414 582365 625253 372864 564690 449710 695569 565670 635417 136965 138886 559457 504229 347484 903880 631590 769959 153767 476385 795346 430148 686835 273499 376337 98257 658104 513468 585506 386973 158498 763286 773919 818668 135132 412772 679597 999999999 155438 276802 452383 382569 118904 635100 223319 922366 124919 296772 599480 866149 399106 816815 518339 529453 305307 385362 220403 223923 793484 291845 761349 864460 406204 514473 412433 580319 711158 789661 427580 798351 665846 632290 794363 385351 401460 555234 462511 452052 586755 119986 146358 399646
