NAME : synthetic_000741
TYPE : CTSP-D
DIMENSION : 100
GROUPS : 8
RELAXATION_LEVEL : 1
EDGE_WEIGHT_TYPE : EXPLICIT
EDGE_WEIGHT_FORMAT : FULL_MATRIX
EDGE_WEIGHT_SECTION
999999999 245512 854946 603849 661730 809177 255018 176218 545548 785991 468601 775931 257142 743863 605118 601733 492618 271576 249974 340197 321096 275099 429031 521787 292453 727657 805308 360417 495449 734769 932225 99469 642166 353178 798360 366800 329809 272995 505925 268075 617213 645001 677821 689888 179019 38265 359702 85797 404072 43847 545313 799363 531405 403580 321676 290792 857821 356110 326698 449139 622936 39805 439029 435969 728751 548717 82747 113165 660921 280624 565460 402365 336350 476677 821668 510234 689231 145431 691385 300909 239674 684985 438208 521980 794548 501939 256022 136430 554712 667992 186462 575947 502744 139562 744294 841520 304618 392824 660550 774938
245512 999999999 805948 778488 586725 994966 499501 328967 779231 872389 550936 974780 304757 807060 752340 460364 737526 361548 472478 446405 500706 512717 350973 659280 499184 720038 749003 171875 293745 759316 878109 330637 851029 539167 731090 214483 127993 501551 359447 92554 633607 839827 865223 881038 162014 241503 504680 242635 553414 211269 478762 763871 614971 642240 510339 371636 786001 155575 451663 416051 573225 210300 679113 577622 881590 455522 262823 133084 587959 488644 765223 237739 574223 678167 744061 392085 623281 288394 873170 546384 109614 844938 224561 372060 797747 271571 445449 219982 379206 883892 355482 447192 610221 150867 687875 1007792 502611 291038 696069 850241
854946 805948 999999999 734098 223425 876579 997203 1029571 1000103 459046 477566 923592 598850 371069 633444 407225 1090315 603157 824836 575989 711573 1052281 455746 594052 781805 170150 59190 654692 611870 250864 77676 831329 903276 727432 90225 598364 695144 1076358 480795 897906 283329 836006 816875 839791 703775 888227 631230 770011 632634 867776 327418 66798 455714 1143766 733907 583140 79655 676685 607823 408166 235841 859899 1162697 610296 691375 355232 934403 814490 221099 784386 824809 587560 1096549 801151 108437 427340 184126 721191 797798 1003204 913103 703465 664563 476633 177050 706072 738490 953537 517792 955446 1041406 395478 517613 898986 118204 802634 758123 514943 300944 416921
603849 778488 734098 999999999 690336 218500 523702 731818 311152 351797 320911 219435 494045 392208 101562 799370 452556 428693 372644 351141 284436 582776 628626 160932 317412 565248 721821 768945 857566 488811 796902 508764 169922 250673 743694 724722 773046 626090 763707 842895 469359 102782 98268 120220 618930 638130 276649 552201 229014 645906 630443 668755 300469 597547 282174 426102 790810 782541 334412 554019 620086 639631 594676 213409 145000 682808 669009 671982 685543 329233 109819 752176 588761 156703 782012 715436 683047 494116 96787 489887 825617 94977 845565 776913 571652 923920 348210 738387 841398 221825 721017 761933 248235 737456 688540 237939 300777 660620 433569 375270
661730 586725 223425 690336 999999999 873340 836367 831832 906174 516691 380012 902762 415033 420748 599677 197380 969026 437003 679182 436664 583854 886201 241213 531733 647164 212764 164642 431742 392375 305059 292104 654562 848724 609260 144378 376305 472764 904331 258749 677948 234281 791830 784873 807962 497955 691986 510413 579865 527905 668537 116488 197006 389891 990687 606921 418695 200626 453645 470452 216860 70260 661033 1014568 515965 693102 132336 737266 607398 5445 646785 759589 364284 936529 713782 161090 203932 40832 540192 772540 851621 695107 689154 442049 255968 286287 487392 593730 747760 303575 899864 846678 177749 444533 689146 107068 822035 626726 296429 299005 476014
809177 994966 876579 218500 873340 999999999 688993 921541 388122 431719 525129 80320 712506 507488 280132 1001574 546347 647191 566000 569053 496339 742301 839676 367439 517082 716765 876111 987048 1072795 625931 928762 711262 202771 459687 903353 941946 991536 787256 973754 1056569 641469 167241 131425 120546 836389 841420 495057 764241 447513 852276 828207 815648 490945 724728 490450 644412 943014 1000863 552908 760907 803807 846536 711364 430839 185441 883424 868177 884733 868207 528993 248190 968618 733620 334861 942009 922508 859706 708565 122107 645533 1037483 184610 1062997 986220 702054 1141206 557258 940669 1051477 219435 907096 964512 449444 945918 853358 106295 504873 875182 589407 469418
255018 499501 997203 523702 836367 688993 999999999 259633 344754 804607 539123 635400 426458 792318 567694 819424 249387 399895 182719 422824 309220 61774 629938 513155 239389 845282 956320 608513 741983 822846 1074325 196154 493435 314897 958054 605282 581603 102630 731711 508110 725867 523654 566378 570524 415759 259929 386315 294790 408731 288784 725209 934404 587524 158415 292394 418896 1017506 606714 392940 620619 783479 289249 189426 442144 667303 744331 253921 368106 834244 231645 444789 641789 100208 368341 987578 722584 855490 306388 588245 54299 473812 617746 689147 748254 896947 755591 263490 327320 790093 501976 236856 788762 537119 371709 899526 750011 264780 610000 746250 807137
176218 328967 1029571 731818 831832 921541 259633 999999999 602281 950016 639092 876642 433087 913697 749878 754075 504543 446222 359300 509874 462956 237499 594485 674109 415041 903873 979013 485532 617392 909768 1106629 236681 736189 487613 970676 507803 446369 207020 654456 297170 793143 754319 792789 801035 336405 141385 516645 262010 556499 163312 715407 974817 700315 355229 457056 465787 1029815 474817 492427 622342 796251 170805 393968 590142 866806 713722 95170 234305 831354 403421 673351 540328 291158 587835 992579 668070 860994 319707 810652 313787 258627 820007 551165 669625 970552 600202 398339 109321 692146 751568 29490 732005 666462 178126 917672 968323 434147 551313 835007 941886
545548 779231 1000103 311152 906174 388122 344754 602281 999999999 661293 531207 318552 578009 691040 402358 962405 158268 519462 308234 480364 336751 385242 769505 409471 297197 830611 976514 836263 954766 770458 1069903 450345 187527 303323 991271 810821 823523 429251 898576 813576 718711 249382 295407 287872 647441 566722 398743 538153 378433 588210 818264 933309 544410 341450 315579 529267 1044999 842370 448270 720493 839313 585259 324649 393817 442440 858536 577431 648958 902300 304636 201338 845311 361658 198980 1027547 866689 910172 507073 323754 292435 784682 395890 920099 914347 853836 996037 359984 654063 971167 173123 581001 926068 482530 682568 932330 474709 306240 777556 703868 681538
785991 872389 459046 351797 516691 431719 804607 950016 661293 999999999 324800 491179 571304 96265 260277 690115 793511 526329 625019 447569 500333 866376 588613 291650 566139 318967 470485 791256 828328 219817 502864 713737 512525 489773 503064 733209 814108 904344 700960 957343 294565 438327 405197 425498 716988 824235 434714 708764 400316 818980 518648 404814 259807 912886 513999 510924 532319 811137 459363 499713 456362 811087 917756 365992 254647 577323 866123 808789 511248 575003 460861 746394 888745 481012 540340 639368 490512 643842 379831 785788 953812 283928 846162 708148 282065 916096 558988 918628 772132 561067 948665 657681 283718 891892 463491 347189 541293 644731 221506 42672
468601 550936 477566 320911 380012 525129 539123 639092 531207 324800 999999999 539681 247339 275262 245669 478740 612829 202230 358452 129237 237318 598428 316632 160241 309182 313643 448104 489922 555722 283899 551570 407866 470873 250078 460731 436730 505737 629471 449288 633879 194776 418692 418759 441075 393119 506753 156337 387862 155660 498596 310001 411400 64993 675614 258768 186231 515732 507599 150685 235784 311075 490547 691217 137520 365548 361899 550545 484163 375699 313477 380248 457809 634971 335299 496578 397390 380210 323821 411712 536392 629288 344366 556660 461387 358430 632555 275743 597853 526886 521342 641515 441366 75877 567888 401479 500605 284409 358696 207195 308527
775931 974780 923592 219435 902762 80320 635400 876642 318552 491179 539681 999999999 704404 559529 303087 1018399 475756 638524 527887 565462 474184 685860 847715 379440 484131 759544 918740 980693 1074332 672968 979605 676770 141968 435617 943937 939090 981593 730882 982904 1030965 675207 135295 121168 99779 819668 806192 485955 738269 440939 819580 848306 860764 514205 658878 464826 638254 986736 993057 545233 773431 832613 814379 643190 430032 237166 901447 829627 858742 897800 495792 211018 967768 672500 299751 982602 934871 892406 686470 130223 589143 1009470 220254 1059218 996212 751973 1137756 530815 903881 1060554 146009 860335 980999 465819 914560 891546 185455 475411 878211 629419 526316
257142 304757 598850 494045 415033 712506 426458 433087 578009 571304 247339 704404 999999999 512926 454123 400309 595701 65886 292147 145914 246884 473050 206101 359856 282406 471427 550627 276334 380207 485701 676341 239615 597105 285323 546075 238408 279094 489509 324002 386541 364184 570012 587558 606140 145795 292049 218575 171570 265119 275199 300875 542400 312022 583750 265271 69207 605855 288849 159747 198312 369670 267048 610984 283243 583178 317941 338368 242538 413500 276790 504512 270615 525858 425957 571842 302263 438672 125180 590750 448602 382641 550087 356118 340264 540449 434599 219600 369438 394056 638650 443254 367129 305629 328902 490336 713220 271785 200798 414481 552119
743863 807060 371069 392208 420748 507488 792318 913697 691040 96265 275262 559529 512926 999999999 292086 596833 811199 475792 609824 404077 483212 853579 505939 292369 553293 223692 377908 713934 742376 125098 421297 680417 560502 480244 409384 654766 739658 888703 612471 894726 203229 488231 461476 483433 656776 782013 409251 662764 383695 773484 427603 313521 213471 912902 500152 458443 441619 734512 421991 417928 361427 765401 921777 350773 323574 485843 825755 754602 415308 560682 496183 665286 882101 499533 447121 550247 394255 598997 439054 779800 894301 342306 764292 618812 194910 832026 535598 872492 681924 611346 915185 565186 255693 839836 368047 431619 527760 564406 129092 55418
605118 752340 633444 101562 599677 280132 567694 749878 402358 260277 245669 303087 454123 292086 999999999 721499 533559 392037 398645 308284 287289 628880 561724 94427 339323 465203 622701 721422 798305 387334 695581 516911 271471 263393 645657 672500 730856 669949 694925 824481 373408 202573 186722 209949 590402 641708 250900 542234 203149 644608 548635 568432 212046 661251 293155 384931 691514 737028 300721 481331 529539 637581 663134 175254 129318 603446 677539 657981 594713 350120 204411 696833 643622 222130 684149 642749 589707 479548 172865 541519 811518 99197 793657 707054 470104 871040 352635 741534 772547 323302 742878 684405 169800 731045 591530 260161 317490 600477 333539 279191
601733 460364 407225 799370 197380 1001574 819424 754075 962405 690115 478740 1018399 400309 596833 721499 999999999 994847 447983 691833 483552 625905 859562 195323 638970 675704 405859 348697 289502 209422 491270 464647 624558 941597 659348 318401 249625 333807 868169 101338 544305 395833 895227 897403 919589 423143 623997 567857 532209 599540 595627 176152 392067 511574 977832 647650 435328 360695 308501 514603 247745 238437 589397 1007246 598554 831523 118542 664955 519826 201873 671846 848199 222662 916381 786061 316539 98052 237059 513274 890291 846421 569238 818104 271323 88349 482241 301068 614636 655811 110966 989819 774306 37504 553294 589534 299566 965442 660728 210542 468656 651999
492618 737526 1090315 452556 969026 546347 249387 504543 158268 793511 612829 475756 595701 811199 533559 994847 999999999 547821 303599 532379 385496 269399 799562 519966 323083 924368 1059967 825179 953309 876233 1163677 411431 345505 363954 1069996 810713 804580 308441 918911 754571 807111 404033 450505 444615 629949 504130 462363 510359 457769 530896 869684 1023977 639976 192755 362428 562253 1126664 827147 498592 766417 906451 530057 169990 481951 591273 901830 502593 604458 965790 325052 345531 846877 229052 313022 1104192 896925 979174 498046 478267 196272 721342 542922 908544 935319 958036 980113 381341 576643 985862 329784 479195 960471 579276 618573 1010277 632178 342412 795045 804608 808977
271576 361548 603157 428693 437003 647191 399895 446222 519462 526329 202230 638524 65886 475792 392037 447983 547821 999999999 247049 84887 184643 451710 252825 298283 227832 462731 559136 342218 443960 463548 680789 228981 531851 222154 559003 303345 344374 473624 379178 438596 348387 504132 521817 540311 199694 309120 152769 187902 199680 298267 328293 542972 266950 553695 204390 20208 618654 354649 94289 223282 383746 290129 578053 219193 521336 355013 354306 282637 434723 223873 439010 334716 500102 361475 587875 350525 455606 126525 525323 414962 430700 486824 421767 395034 525789 500285 166752 396846 451921 573976 452238 413026 251313 365710 501035 650052 214083 258465 389009 510736
249974 472478 824836 372644 679182 566000 182719 359300 308234 625019 358452 527887 292147 609824 398645 691833 303599 247049 999999999 249164 126612 243767 496731 334980 59684 668306 787192 531818 655332 641467 901222 150574 392443 136830 792072 511587 516627 279695 615389 513676 548511 399623 435712 445629 340143 278576 204021 230333 226594 293821 573999 760653 405073 319095 111030 263120 850759 536532 217014 469327 621055 289307 338359 260373 509735 602043 302394 344551 676459 50037 318985 547241 276579 231152 823695 593820 693953 201072 452294 178753 488146 462030 615800 631776 716866 690476 86610 376035 683050 418252 348521 657870 354451 389512 732707 609065 83784 491574 565087 625851
340197 446405 575989 351141 436664 569053 422824 509874 480364 447569 129237 565462 145914 404077 308284 483552 532379 84887 249164 999999999 147839 479948 294476 214138 211065 422583 538068 418009 509419 407647 652646 279290 467709 177231 543605 373885 424084 508035 428310 523135 303486 432862 446602 466186 284581 378430 85107 261238 124831 371662 339850 512283 191213 567811 170799 76709 601998 432128 33789 240176 375071 363714 587487 138341 437439 378197 421771 364460 433468 211630 373732 402322 521350 304089 575960 389712 448021 196446 447902 427234 514361 404230 494515 443126 477219 572939 162620 471250 504422 512972 512354 446775 168033 445449 484077 567326 190079 315345 331135 434918
321096 500706 711573 284436 583854 496339 309220 462956 336751 500333 237318 474184 246884 483212 287289 625905 385496 184643 126612 147839 999999999 370376 432760 213348 72187 550455 677720 518167 627082 517741 786805 229864 355325 39481 685958 484741 513462 405921 562597 560234 430934 339131 365549 380618 346248 356596 80998 268222 100380 362364 487504 646177 279773 438851 23076 192932 743383 527893 114301 386601 520957 355865 453901 134514 408136 524224 390803 388515 580532 77953 265874 517451 401264 181810 719526 529956 593703 212726 375633 300701 541714 363903 600234 578208 594829 678223 65590 456900 636205 393987 457014 589761 227903 453102 626225 521190 47100 442968 441868 499850
275099 512717 1052281 582776 886201 742301 61774 237499 385242 866376 598428 685860 473050 853579 628880 859562 269399 451710 243767 479948 370376 999999999 673349 574929 300974 902495 1010174 634969 769717 882310 1129620 235694 544104 376648 1010709 637030 604901 45031 768932 510156 783402 578352 621924 624988 446683 271396 446721 328742 470132 302190 773538 990132 647922 129529 353900 471182 1070340 631168 450914 669629 835303 304299 166662 503651 726880 789674 254769 385448 884291 293029 500599 673257 61577 426708 1039391 763794 906777 349812 644587 96834 473893 677169 713305 785377 955611 776255 322714 321758 823856 548891 210896 830164 598200 374925 952614 806553 326301 649171 805623 868782
429031 350973 455746 628626 241213 839676 629938 594485 769505 588613 316632 847715 206101 505939 561724 195323 799562 252825 496731 294476 432760 673349 999999999 472271 480644 376016 399671 215292 242673 430782 529193 437683 760005 467416 384583 154953 249348 685630 135355 443347 309108 719384 726739 747988 258516 456629 379572 351728 415532 431437 128378 412984 364167 787986 454075 240787 441791 237214 323783 89010 222271 424239 816145 419472 681757 119710 500893 366824 241601 476622 665997 159854 728344 598566 401995 97706 275023 323911 723080 654241 457416 660729 258355 149348 455844 327596 419369 507244 212864 806470 610987 161199 392316 447953 338074 816925 466179 63106 380653 557090
521787 659280 594052 160932 531733 367439 513155 674109 409471 291650 160241 379440 359856 292369 94427 638970 519966 298283 334980 214138 213348 574929 472271 999999999 275586 423918 575377 627266 706391 361094 661900 438262 317881 198680 594187 578881 636436 613412 606594 732930 318226 260529 258550 280952 497268 559136 162707 454673 118076 559762 469512 527492 143828 623621 224471 290697 644487 642730 208329 394833 461623 552461 630739 85957 223325 522075 597127 568228 527063 284990 232497 603822 597361 211869 631906 556524 526624 390874 251822 494418 721168 192341 700096 619294 444393 777702 276164 658005 684342 369589 669472 601582 87617 643573 537196 354457 251255 508556 295041 297370
292453 499184 781805 317412 647164 517082 239389 415041 297197 566139 309182 484131 282406 553293 339323 675704 323083 227832 59684 211065 72187 300974 480644 275586 999999999 621854 746697 540168 657572 589917 857414 194180 353563 77171 753745 513625 529679 338211 605563 548502 502182 352554 385897 397503 355400 324343 152887 257563 169604 335869 546607 716731 351762 366687 53148 240695 811681 547225 177441 443433 586134 330461 382169 202790 452125 579402 352497 376782 644091 11943 273277 548147 329630 184449 786620 578348 659086 214850 400656 228626 525730 405002 623785 621643 666966 700349 62972 423802 676451 384733 405665 640501 298799 430512 694082 554928 25591 483037 514054 567821
727657 720038 170150 565248 212764 716765 845282 903873 830611 318967 313643 759544 471427 223692 465203 405859 924368 462731 668306 422583 550455 902495 376016 423918 621854 999999999 159421 590491 583312 99227 239800 691179 733954 563410 187517 530436 625352 929701 447196 812372 119811 667535 650069 673135 595049 763273 469506 641863 466826 746446 261794 103807 286596 987108 572218 442546 227207 612602 452512 304110 171090 738321 1003991 442855 531426 311799 809537 704274 207600 625415 654748 529811 943306 631631 225936 385250 179258 586804 632105 847037 821373 539380 621161 449008 80539 677887 583025 838620 505290 786154 912489 380297 348462 791051 144531 649836 597447 439119 131698 276543
805308 749003 59190 721821 164642 876111 956320 979013 976514 470485 448104 918740 550627 377908 622701 348697 1059967 559136 787192 538068 677720 1010174 399671 575377 746697 159421 999999999 596268 552760 253297 129563 785856 889433 696078 37709 540335 637004 1032742 421617 840743 258148 824443 808370 831497 650527 837859 598370 720950 603758 816575 271333 67380 433577 1105273 700400 539360 69144 618211 570705 356684 182876 808784 1125545 583746 690730 296763 883874 761093 162517 748552 807681 528920 1056129 778145 70520 368442 125983 674253 790926 964731 856606 698656 605396 417450 192720 647042 700596 900674 459065 941626 991683 336374 494974 844924 61872 807724 723680 457984 289690 427831
360417 171875 654692 768945 431742 987048 608513 485532 836263 791256 489922 980693 276334 713934 721422 289502 825179 342218 531818 418009 518167 634969 215292 627266 540168 590491 596268 999999999 135145 645403 723513 417101 872031 557462 574693 60371 44310 632908 189507 255026 522269 846345 863416 882257 195417 371745 494760 316537 540640 340721 333751 619337 548060 762310 534115 342980 626928 22230 435614 298036 430113 336423 796578 556312 848666 299507 405404 257009 433751 531975 780088 68790 695816 699529 583876 229663 470566 330750 865731 647619 279938 819508 83986 201187 670626 160383 478501 380292 208754 912089 509322 279014 560449 311252 536831 981575 535319 152608 591977 762828
495449 293745 611870 857566 392375 1072795 741983 617392 954766 828328 555722 1074332 380207 742376 798305 209422 953309 443960 655332 509419 627082 769717 242673 706391 657572 583312 552760 135145 999999999 654883 672599 548822 974858 665488 524794 144050 171097 768043 136242 363129 540721 942270 954559 974756 326718 506758 591822 448318 634250 475670 323155 589158 606142 896651 645142 439982 569530 142763 532549 331047 412828 471478 930565 644559 921182 271738 539643 391684 395853 650397 881387 109715 830411 805423 525364 198173 433204 455661 953657 779705 394381 897495 71731 136553 663310 95213 594819 510399 101699 1017800 642013 216392 630536 440831 499019 1056091 649821 197860 614430 795067
734769 759316 250864 488811 305059 625931 822846 909768 770458 219817 283899 672968 485701 125098 387334 491270 876233 463548 641467 407647 517741 882310 430782 361094 589917 99227 253297 645403 654883 999999999 308588 685738 658717 524127 284320 585078 676343 913213 520541 850280 125709 589409 567941 590669 621182 771917 437727 649978 425175 758654 332341 190168 239244 956388 537872 444057 318175 667019 433246 348538 252833 750460 969856 396675 440616 387726 817504 726588 299699 595197 585165 589750 918011 572820 322157 457713 274923 590070 548004 818355 855064 453025 685571 524563 83575 747785 559602 854783 584568 710623 915266 462543 297745 813537 243745 554663 564603 492854 76770 177339
932225 878109 77676 796902 292104 928762 1074325 1106629 1069903 502864 551570 979605 676341 421297 695581 464647 1163677 680789 901222 652646 786805 1129620 529193 661900 857414 239800 129563 723513 672599 308588 999999999 909002 966687 801647 149164 668409 764813 1153900 544939 969671 356814 897885 876384 899040 779616 965324 706205 847397 705930 944603 400879 140688 526331 1220262 808981 660759 105836 745308 684235 484745 311555 936756 1238778 682532 744689 424401 1011460 890257 290489 860239 890798 655644 1173549 870963 149131 494500 254831 798829 856030 1079740 985932 760407 728534 539385 227662 765570 815001 1029631 575587 1018707 1118685 457100 588158 974313 191365 849715 833518 587179 366976 462086
99469 330637 831329 508764 654562 711262 196154 236681 450345 713737 407866 676770 239615 680417 516911 624558 411431 228981 150574 279290 229864 235694 437683 438262 194180 691179 785856 417101 548822 685738 909002 999999999 542699 258844 783531 410111 393907 249915 535716 364519 575313 546401 580062 591597 222166 130167 279965 100601 320344 143307 540423 771766 467047 354216 227407 249176 843346 417379 258461 437727 607166 138735 385484 353754 637609 554418 161051 198881 652952 182269 466552 446664 291828 377860 810446 528362 677319 114826 594436 230887 337932 592511 499443 552246 752043 569385 164327 229912 594082 568756 235221 594703 430501 238952 726650 746702 208123 414541 609619 706624
642166 851029 903276 169922 848724 202771 493435 736189 187527 512525 470873 141968 597105 560502 271471 941597 345505 531851 392443 467709 355325 544104 760005 317881 353563 733954 889433 872031 974858 658717 966687 542699 999999999 315850 910112 835195 868678 589134 894936 902018 634541 74395 114730 102535 700660 670896 383567 610791 344504 685994 779327 837642 461597 521963 342252 534881 958537 882547 442500 693864 778818 681215 508869 343050 271062 828179 692194 730339 844154 364785 94044 866166 532222 173758 948176 852288 844473 563323 143546 447334 878633 230658 953058 909319 741572 1031424 405702 767253 971630 52208 719314 904141 404339 781533 853960 287360 348423 782900 602430 539823
353178 539167 727432 250673 609260 459687 314897 487613 303323 489773 250078 435617 285323 480244 263393 659348 363954 222154 136830 177231 39481 376648 467416 198680 77171 563410 696078 557462 665488 524127 801647 258844 315850 999999999 706139 523487 552939 414753 598499 597206 444852 300790 328527 342948 385478 387642 99070 304606 99023 395294 516461 661407 284883 434060 31523 229174 762710 567303 144948 417398 544743 389093 445915 129864 379637 555399 419709 425170 605723 87246 226681 555935 401975 142338 740578 564148 617049 250870 339763 299556 577802 333848 639389 613946 603269 717445 97886 487967 672721 354634 479752 622884 228410 487419 646440 488402 54119 479874 449443 492601
798360 731090 90225 743694 144378 903353 958054 970676 991271 503064 460731 943937 546075 409384 645657 318401 1069996 559003 792072 543605 685958 1010709 384583 594187 753745 187517 37709 574693 524794 284320 149164 783531 910112 706139 999999999 520127 616272 1031824 395945 822233 275964 846462 831983 855172 639205 829968 607667 714869 615931 807680 257341 103708 451124 1108878 708832 539559 59819 596422 576754 349326 176459 800012 1130246 597600 718225 276130 875708 749306 143344 755014 826679 506669 1058128 793667 38687 345443 110084 670679 815375 968556 839478 724280 579655 390717 228115 618424 705506 889424 429257 962232 984337 308712 511804 832003 59739 837346 731317 440747 314631 460395
366800 214483 598364 724722 376305 941946 605282 507803 810821 733209 436730 939090 238408 654766 672500 249625 810713 303345 511587 373885 484741 637030 154953 578881 513625 530436 540335 60371 144050 585078 668409 410111 835195 523487 520127 999999999 96914 639233 148406 303351 462120 805701 820487 839987 190355 383846 453896 310492 498152 353924 275030 561246 493189 761839 502270 301286 573686 82268 394430 238059 371360 348500 794604 511360 798559 244043 421846 273995 378016 506381 742248 36555 696771 664365 531182 177796 414383 312679 821376 640587 324095 771184 121232 162727 610491 199259 450936 407069 187928 877050 529509 233444 508813 340131 480247 932325 506235 92245 532141 704133
329809 127993 695144 773046 472764 991536 581603 446369 823523 814108 505737 981593 279094 739658 730856 333807 804580 344374 516627 424084 513462 604901 249348 636436 529679 625352 637004 44310 171097 676343 764813 393907 868678 552939 616272 96914 999999999 600556 233680 210864 552018 846628 865916 884045 176534 337921 496930 294225 544045 306649 371766 658096 565958 733242 527954 347715 669167 28507 438637 327826 468033 302990 768274 562111 859173 340430 369162 222192 474582 520810 777929 112414 666147 695271 626330 272087 511096 316453 869696 622847 235662 827956 108516 245484 705070 175543 469333 339844 251494 907027 470917 322929 573843 270421 577067 990772 526886 186269 620115 787225
272995 501551 1076358 626090 904331 787256 102630 207020 429251 904344 629471 730882 489509 888703 669949 868169 308441 473624 279695 508035 405921 45031 685630 613412 338211 929701 1032742 632908 768043 913213 1153900 249915 589134 414753 1031824 639233 600556 999999999 775208 491217 811257 623129 666558 669806 449709 263069 480247 335989 506182 294374 790338 1015145 680989 148540 390629 493477 1091592 627560 480325 687471 855753 297630 187267 540051 769858 803411 239394 378820 902658 329563 545151 675039 84567 470377 1059481 773678 926476 364676 689041 141855 453957 720259 709044 791509 985028 769050 354727 300146 826959 593704 178762 840019 633025 358343 974331 850973 363180 657673 836445 905543
505925 359447 480795 763707 258749 973754 731711 654456 898576 700960 449288 982904 324002 612471 694925 101338 918911 379178 615389 428310 562597 768932 135355 606594 605563 447196 421617 189507 136242 520541 544939 535716 894936 598499 395945 148406 233680 775208 999999999 444524 409554 854739 861874 883203 326907 526480 513366 440268 550435 497514 188206 454632 492819 889927 583154 369667 444523 209331 456491 214551 276593 491546 920669 554819 812806 135505 566461 420164 261880 600445 800901 121747 826976 732112 400706 62839 299415 427782 857848 761829 468583 793635 183821 16572 527112 231242 543100 555114 77752 941042 675282 90448 525163 488490 365806 947953 593123 123925 483677 666107
268075 92554 897906 842895 677948 1056569 508110 297170 813576 957343 633879 1030965 386541 894726 824481 544305 754571 438596 513676 523135 560234 510156 443347 732930 548502 812372 840743 255026 363129 850280 969671 364519 902018 597206 822233 303351 210864 491217 444524 999999999 724611 897178 925647 940082 240804 250751 574184 292813 622708 226050 570928 856305 698501 637795 566954 450758 876614 235854 524623 508305 665618 228477 675971 649230 953136 546285 255827 172235 679310 537234 820073 323196 570259 731685 834351 481066 714898 348791 935704 559036 38649 914291 291488 456086 889877 320599 500437 191781 456020 931190 326159 533719 689621 136408 779768 1076091 555601 382981 785948 936624
617213 633607 283329 469359 234281 641469 725867 793143 718711 294565 194776 675207 364184 203229 373408 395833 807111 348387 548511 303486 430934 783402 309108 318226 502182 119811 258148 522269 540721 125709 356814 575313 634541 444852 275964 462120 552018 811257 409554 724611 999999999 572095 560110 583335 496708 653709 350057 531719 349360 638838 224483 216871 175522 867298 452835 328377 327027 543649 332963 224394 167383 630656 884273 327164 459610 282939 699705 603220 228965 505651 550722 468891 823680 520132 313772 347164 218237 474089 545377 727235 729698 458283 566387 415646 177482 631691 463329 733592 478707 686598 800292 363124 236826 690263 219436 587782 477871 370158 74177 257594
645001 839827 836006 102782 791830 167241 523654 754319 249382 438327 418692 135295 570012 488231 202573 895227 404033 504132 399623 432862 339131 578352 719384 260529 352554 667535 824443 846345 942270 589409 897885 546401 74395 300790 846462 805701 846628 623129 854739 897178 572095 999999999 46536 46998 684388 676395 351932 604367 308036 688412 728686 770902 402267 570538 330399 504503 893394 858413 411359 648364 721626 682940 561197 299971 197815 779761 702006 724954 787095 364377 80989 834992 573491 168682 884789 808872 785276 551642 74402 481936 876446 156319 925422 868502 671764 1003978 396748 775123 932131 123335 739877 857727 348134 782831 791313 231742 342225 747185 535838 466152
677821 865223 816875 98268 784873 131425 566378 792789 295407 405197 418759 121168 587558 461476 186722 897403 450505 521817 435712 446602 365549 621924 726739 258550 385897 650069 808370 863416 954559 567941 876384 580062 114730 328527 831983 820487 865916 666558 861874 925647 560110 46536 999999999 23227 707638 710229 369064 633132 322796 720882 727835 752667 395310 616609 359162 520479 876967 876403 427879 652268 714630 715125 607593 309999 157360 780625 737511 753683 779989 397821 121608 848565 618510 205008 870531 813703 775977 578096 28876 525809 906244 121302 941019 875127 649172 1019489 425958 809635 939547 157916 779212 859985 345326 814493 778174 186001 373454 757990 518740 435449
689888 881038 839791 120220 807962 120546 570524 801035 287872 425498 441075 99779 606140 483433 209949 919589 444615 540311 445629 466186 380618 624988 747988 280952 397503 673135 831497 882257 974756 590669 899040 591597 102535 342948 855172 839987 884045 669806 883203 940082 583335 46998 23227 999999999 724278 721700 387566 647336 341920 733163 750387 775665 418324 614827 373152 539494 900071 894960 446645 674124 737713 727567 604393 330327 175026 802973 747919 767949 803085 409379 127719 868404 619286 214483 893724 835448 799163 593343 45781 528477 920015 142107 960319 896559 671733 1038831 439810 820704 960837 141132 786739 882152 367937 827253 801394 188014 386222 778497 541849 456481
179019 162014 703775 618930 497955 836389 415759 336405 647441 716988 393119 819668 145795 656776 590402 423143 629949 199694 340143 284581 346248 446683 258516 497268 355400 595049 650527 195417 326718 621182 779616 222166 700660 385478 639205 190355 176534 449709 326907 240804 496708 684388 707638 724278 999999999 201306 343676 121607 392343 174159 382144 653622 457816 571706 358414 210557 697603 197494 289810 296628 468094 167392 604834 415865 719678 377412 243889 110739 497837 346054 612117 226651 506443 526920 659042 333247 529125 140796 714348 453016 237556 683436 278595 342975 668862 351197 296706 250257 377470 736703 354058 398337 449547 196434 588699 846451 354567 215852 553063 697197
38265 241503 888227 638130 691986 841420 259929 141385 566722 824235 506753 806192 292049 782013 641708 623997 504130 309120 278576 378430 356596 271396 456629 559136 324343 763273 837859 371745 506758 771917 965324 130167 670896 387642 829968 383846 337921 263069 526480 250751 653709 676395 710229 721700 201306 999999999 397316 122034 441274 31315 575499 833454 569632 400915 356121 328166 889241 365250 364921 481251 655177 35455 437639 473409 764640 576274 46333 115826 691363 312427 596359 418531 332956 507772 852439 534521 720467 183316 724506 309299 219050 720418 446297 542251 830902 506154 291201 100358 571423 694922 154709 599632 540946 116166 776601 875997 337916 417072 697941 813196
359702 504680 631230 276649 510413 495057 386315 516645 398743 434714 156337 485955 218575 409251 250900 567857 462363 152769 204021 85107 80998 446721 379572 162707 152887 469506 598370 494760 591822 437727 706205 279965 383567 99070 607667 453896 496930 480247 513366 574184 350057 351932 369064 387566 343676 397316 999999999 292141 48740 397172 419524 565639 201222 519495 102797 152616 664577 507409 59466 322738 445684 389828 534882 76789 379032 460665 436417 407082 506829 157564 289777 483726 480372 219003 641852 474576 517980 228805 373032 380739 560651 340524 573491 528217 514171 652047 126357 495681 589340 428218 514241 530913 154015 481086 547939 503150 128077 399407 361569 430162
85797 242635 770011 552201 579865 764241 294790 262010 538153 708764 387862 738269 171570 662764 542234 532209 510359 187902 230333 261238 268222 328742 351728 454673 257563 641863 720950 316537 448318 649978 847397 100601 610791 304606 714869 310492 294225 335989 440268 292813 531719 604367 633132 647336 121607 122034 292141 999999999 339125 110738 463766 713953 451637 451682 274184 206592 774478 317170 251849 365563 538976 102687 484133 368893 668902 470811 167995 120615 578837 246717 527492 347002 387391 439330 739030 437827 606218 65088 643830 331411 273500 627564 399068 456690 708971 469766 207623 210106 495871 642129 271687 504127 427226 188948 660180 787603 263122 321691 576211 695762
404072 553414 632634 229014 527905 447513 408731 556499 378433 400316 155660 440939 265119 383695 203149 599540 457769 199680 226594 124831 100380 470132 415532 118076 169604 466826 603758 540640 634250 425175 705930 320344 344504 99023 615931 498152 544045 506182 550435 622708 349360 308036 322796 341920 392343 441274 48740 339125 999999999 442579 444160 566232 185945 532764 116459 197683 671293 553830 105409 352243 460882 435394 544937 34345 330725 488941 479055 455083 523975 177105 250477 527031 498853 188108 651396 508502 531900 276461 325656 397058 608803 291820 618399 564825 504644 696913 159606 540410 627201 391148 552497 562251 129768 527998 556503 454410 144065 439745 350739 399476
43847 211269 867776 645906 668537 852276 288784 163312 588210 818980 498596 819580 275199 773484 644608 595627 530896 298267 293821 371662 362364 302190 431437 559762 335869 746446 816575 340721 475670 758654 944603 143307 685994 395294 807680 353924 306649 294374 497514 226050 638838 688412 720882 733163 174159 31315 397172 110738 442579 999999999 552128 814112 562308 431665 363850 316600 866725 334026 360787 459937 633719 8194 468203 473811 769196 550855 69730 84517 668080 324075 609012 388338 363766 520206 829324 507197 697899 175216 734118 337093 196525 725983 415003 513166 815526 474925 297739 99657 541243 711808 179911 571934 536722 95740 755093 883344 347491 389922 685540 806397
545313 478762 327418 630443 116488 828207 725209 715407 818264 518648 310001 848306 300875 427603 548635 176152 869684 328293 573999 339850 487504 773538 128378 469512 546607 261794 271333 333751 323155 332341 400879 540423 779327 516461 257341 275030 371766 790338 188206 570928 224483 728686 727835 750387 382144 575499 419524 463766 444160 552128 999999999 286479 337323 880934 510333 311109 315469 355979 373211 105029 96369 544603 906106 438006 656097 58913 620798 492035 115954 545071 687230 270074 825156 632259 277228 125396 147334 425724 719177 742991 585686 644117 359441 192550 342282 417011 490141 632248 254448 828988 730190 140935 382524 574708 209698 789678 527861 188100 298519 482076
799363 763871 66798 668755 197006 815648 934404 974817 933309 404814 411400 860764 542400 313521 568432 392067 1023977 542972 760653 512283 646177 990132 412984 527492 716731 103807 67380 619337 589158 190168 140688 771766 837642 661407 103708 561246 658096 1015145 454632 856305 216871 770902 752667 775665 653622 833454 565639 713953 566232 814112 286479 999999999 388917 1079725 668394 522839 128133 641529 543705 356995 190758 806137 1098109 543637 630225 322835 879752 764275 193352 719553 758533 553930 1033437 734361 137835 397138 156225 663107 734137 939232 869411 640512 636783 452633 125449 684260 674505 902150 500145 889835 985638 374656 450816 849774 92841 744614 692860 474265 235228 362234
531405 614971 455714 300469 389891 490945 587524 700315 544410 259807 64993 514205 312022 213471 212046 511574 639976 266950 405073 191213 279773 647922 364167 143828 351762 286596 433577 548060 606142 239244 526331 467047 461597 284883 451124 493189 565958 680989 492819 698501 175522 402267 395310 418324 457816 569632 201222 451637 185945 562308 337323 388917 999999999 717658 299267 251182 502523 566436 208586 278452 319635 554299 730671 158295 320933 393120 612934 549107 385083 357630 375903 512073 680968 345500 488613 437270 383222 387230 384191 580387 694203 306801 611738 503696 319023 686349 326306 661734 569593 513381 701721 474823 61904 632660 393699 455767 326292 411327 165106 244166
403580 642240 1143766 597547 990687 724728 158415 355229 341450 912886 675614 658878 583750 912902 661251 977832 192755 553695 319095 567811 438851 129529 787986 623621 366687 987108 1105273 762310 896651 956388 1220262 354216 521963 434060 1108878 761839 733242 148540 889927 637795 867298 570538 616609 614827 571706 400915 519495 451682 532764 431665 880934 1079725 717658 999999999 418519 572071 1167960 759196 536029 776043 935772 433660 38744 563825 742031 901680 383335 514688 988366 362147 500485 798259 68049 442962 1139489 880940 1008268 464713 642446 140585 600996 692124 841487 906460 1033646 905297 405280 447677 947513 514356 326602 947087 662431 503365 1049832 802251 391858 768389 880687 920978
321676 510339 733907 282174 606921 490450 292394 457056 315579 513999 258768 464826 265271 500152 293155 647650 362428 204390 111030 170799 23076 353900 454075 224471 53148 572218 700400 534115 645142 537872 808981 227407 342252 31523 708832 502270 527954 390629 583154 566954 452835 330399 359162 373152 358414 356121 102797 274184 116459 363850 510333 668394 299267 418519 999999999 213689 766181 543197 137190 409166 544023 357683 432740 149755 410712 546661 388332 394798 603604 61066 254886 535438 382651 168543 742474 551431 616761 221960 370874 281309 547086 365167 616666 598862 615559 694392 66811 456448 656300 379112 449723 611631 245719 456168 649096 519923 27620 462848 462282 515031
290792 371636 583140 426102 418695 644412 418896 465787 529267 510924 186231 638254 69207 458443 384931 435328 562253 20208 263120 76709 192932 471182 240787 290697 240695 442546 539360 342980 439982 444057 660759 249176 534881 229174 539559 301286 347715 493477 369667 450758 328377 504503 520479 539494 210557 328166 152616 206592 197683 316600 311109 522839 251182 572071 213689 999999999 599165 356454 93155 206267 364588 308438 595961 214396 514022 339693 373539 297933 416317 237484 441500 331410 519085 366213 568701 338393 436647 146104 522878 432951 444204 480917 420984 385282 505812 499532 180924 414778 443554 578085 472082 399896 239000 381942 481447 644030 225444 250826 369783 494365
