NAME : synthetic_000286
TYPE : CTSP-D
DIMENSION : 100
GROUPS : 8
RELAXATION_LEVEL : 1
EDGE_WEIGHT_TYPE : EXPLICIT
EDGE_WEIGHT_FORMAT : FULL_MATRIX
EDGE_WEIGHT_SECTION
999999999 669484 493080 857001 345144 429244 861719 386107 480959 50734 617041 486763 949970 363509 792009 721662 771484 377401 750819 44353 749943 477617 249833 187335 374552 461459 464289 855449 274990 287790 825250 875280 407610 508043 858608 567362 694403 296548 992449 193652 401665 515333 470257 486507 648085 461373 603876 495042 237216 527266 692371 928513 222084 158088 779853 792871 704119 241707 352931 323709 209517 295694 362674 215517 624308 463652 757318 157169 746070 698190 695405 270198 415004 456224 595550 914882 214900 684419 833623 93757 421468 268363 376211 398087 546266 791515 583034 557531 737174 386852 471555 687759 807814 100028 205291 308579 433585 646354 632484 517624
669484 999999999 274233 252608 738198 270268 650206 519558 211109 648283 293832 744228 513416 337722 382824 246997 180244 763682 303414 628830 347826 785353 421046 755772 330928 786403 374309 205810 418637 718024 252832 210009 273838 459061 257023 619453 475557 618954 632037 529625 267895 763921 438914 391262 423544 634069 156119 448933 633156 644868 630511 291469 624881 616307 110709 480167 605820 671673 798310 729495 659947 699253 507640 633896 281073 608929 92749 524774 256248 110926 315885 500130 631109 821304 453443 309648 729503 232709 636120 721728 423425 564953 511977 287625 675560 218219 272270 325464 253615 528819 222601 457128 546484 728901 794481 443553 734621 164381 376673 690862
493080 274233 999999999 525348 474037 89360 828057 522588 97935 490704 457466 747511 757089 133577 606047 228845 295415 717048 259372 448749 563290 511687 262721 633086 305820 767996 100530 477746 218574 461983 338088 471029 246211 193132 529479 687412 633967 359058 859403 426060 181894 773638 166617 121408 573883 359925 336466 180537 385672 689648 747971 455476 540629 504199 370081 678016 734607 423131 732065 669447 566435 634437 239023 545958 451595 334986 362665 388946 494287 366861 515236 257702 357619 790789 217883 430147 625110 448006 807436 569586 150087 313285 510618 259586 720909 482531 93672 448031 244330 256733 92097 617293 732380 577118 666741 201445 461826 374812 530363 720458
857001 252608 525348 999999999 978176 507895 523143 601011 451434 825645 292197 791250 303907 569442 238509 464646 358163 850872 515109 821355 232607 1034039 623507 901365 484413 847854 625814 91879 639316 952578 411364 147539 451318 711665 5514 623030 406312 857622 438007 686127 475866 803053 691038 643662 380387 885116 253126 701506 864159 666961 579712 356116 755841 767404 189353 353004 546029 902359 898044 830766 793491 807375 753223 766397 278086 860323 177184 701412 148653 167061 246476 732946 879888 889793 702729 412817 864122 195809 519361 890095 672909 800112 598583 459484 692650 68707 522423 356843 465394 776601 462709 390578 423783 896531 940900 678856 982182 211410 346494 720641
345144 738198 474037 978176 999999999 470638 1133972 682695 528449 390114 817177 825540 1155210 409575 993282 668609 761350 722185 671582 328445 948210 133714 398502 526678 569189 805236 386117 943979 353486 57414 788967 942860 561015 353408 981512 876456 946743 120733 1228111 482822 513439 854615 341363 385762 890890 191640 745839 350754 134893 846111 988388 917893 555540 489495 841226 1027950 992188 109437 697392 668075 550542 638627 235484 551314 818735 211635 830171 419854 909714 811624 892849 248972 153378 801334 432230 880524 559586 851761 1107513 430298 328520 181011 670451 561185 869480 924409 527900 774480 682088 224431 516985 935368 1060798 434455 535106 299904 99616 790786 861437 846238
429244 270268 89360 507895 470638 999999999 757755 433480 59297 420370 393478 658158 710959 69786 554138 299647 342526 629577 338033 385573 509880 530611 185809 555652 217916 679117 154070 475066 157777 448087 396626 479067 161456 254057 511353 601027 562361 350413 804336 342061 94927 684279 217699 183642 502019 391116 288412 238888 362916 601539 666880 500790 455600 422989 377722 615665 655473 401430 646483 582854 482967 548069 247684 461471 389752 369056 362997 310430 452609 342005 458372 229877 378062 702536 297457 485682 544031 400002 735822 498807 180156 294945 421441 173640 632685 456322 179361 375083 315020 274232 47906 546476 665564 506332 590773 173364 477279 331237 460646 631529
861719 650206 828057 523143 1133972 757755 999999999 476248 730124 812829 373127 503779 281467 780550 287381 896060 822032 627112 952777 848364 308962 1237455 739094 792008 574209 571663 911756 609675 795919 1087188 890343 666757 605389 1011781 518581 324237 195593 1025341 199379 672305 670451 495651 974904 940736 255868 1127931 509617 996640 999249 381509 192915 869791 658539 710688 666442 174477 166700 1029428 687547 643139 688508 642129 973302 668590 381497 1110448 638235 726837 409316 546472 334327 901918 1101697 616242 1045483 917863 739664 417771 28460 838025 932233 963535 485644 598395 383913 487918 879754 382811 903525 1006075 736454 211290 104327 841048 823788 869864 1182266 487302 297768 425300
386107 519558 522588 601011 682695 433480 476248 999999999 443269 336776 311436 230449 599774 416216 456931 697020 685527 251497 746954 375930 422788 799800 319775 333760 219347 266964 568302 637153 387763 630969 756342 677694 284667 658957 600416 194705 321119 587096 619513 202213 342027 254209 616254 599576 286302 719514 381956 642639 549136 175196 308842 810840 188332 234894 608581 427272 318326 574079 297042 230223 222849 209673 570310 199149 324491 708338 577672 263137 459105 483900 377143 479625 683777 302159 722143 826291 285876 405329 448017 364641 563621 529734 13079 269273 204460 532778 607594 245006 710515 604130 442207 318485 429908 368334 370522 466938 746569 406994 287457 198399
480959 211109 97935 451434 528449 59297 730124 443269 999999999 468569 359785 672153 665527 128235 511777 263322 291521 655017 307993 437893 468386 583905 232947 597350 223924 698484 189212 416233 214053 506988 350131 419770 159406 287303 455053 598266 536126 408586 764304 377444 104590 697049 255917 214994 476092 439874 242738 273503 422170 604557 653001 447557 487917 461462 318443 580801 638575 460681 676533 610934 517760 576894 301957 494732 354216 416593 303803 353289 404352 286773 419127 289126 430297 724933 315604 436710 581769 354888 709553 546187 226476 353881 432029 174345 636091 402020 166326 350521 278151 326480 11506 519402 634569 553665 633659 232444 531343 283364 432445 638785
50734 648283 490704 825645 390114 420370 812829 336776 468569 999999999 577511 437972 907357 358176 750732 717525 760091 332479 749969 65080 709350 521322 235666 157332 341317 415126 472226 828628 272691 333075 816832 851188 380414 524751 827001 516755 647840 331832 946470 149528 382167 466724 485120 496621 602835 494564 572957 510878 275043 476535 642194 914996 171662 107357 757863 747673 654396 284070 312466 278101 161064 248596 384388 165415 585474 494646 733994 125048 710055 669869 655392 287359 449140 412301 610488 904969 175296 648595 784664 78883 434018 296502 327185 369572 495625 759220 582727 516435 733030 411181 459910 641733 760727 86416 183113 318140 475441 614334 589013 467255
617041 293832 457466 292197 817177 393478 373127 311436 359785 577511 999999999 501036 340337 427748 178379 531836 473597 559377 588442 588767 134310 903740 422266 627484 253356 556135 545737 340975 464235 778642 545674 389286 257629 645400 291102 343982 185165 699930 414756 429200 315023 514501 610858 573440 130059 778188 140972 630870 687376 381415 337293 559066 478859 501641 344781 222187 311990 722495 607986 541643 516497 520262 626347 489803 15050 758106 312779 460955 147687 210390 78749 570928 758091 597736 673834 592463 585653 97702 354654 631511 572562 637579 310309 256128 409260 225395 506635 66835 540897 657180 366995 167043 275094 637140 666490 528728 848541 132928 82997 433559
486763 744228 747511 791250 825540 658158 503779 230449 672153 437972 501036 999999999 714012 632597 603213 927444 913998 135795 977141 497266 580887 953835 520063 342913 448597 68143 783847 840982 588210 769222 985348 886605 514496 868525 789629 190890 428565 750599 689787 362639 569409 29299 825369 814654 424532 900711 598863 852372 701337 133792 311487 1034001 270201 336103 826608 534012 342367 717153 193789 174214 277246 193745 761681 274234 515796 893932 794918 425450 643101 696540 548614 663983 859870 113540 938307 1052973 292411 598732 477128 422049 771307 701149 240816 498945 121249 725882 834925 441193 940960 794397 670478 435821 505242 421560 362766 664427 904708 616878 448136 80864
949970 513416 757089 303907 1155210 710959 281467 599774 665527 907357 340337 714012 999999999 756274 162226 752109 654426 814602 805917 924646 207137 1235920 762390 933282 593613 780648 854299 395586 801724 1118121 712579 449750 594196 950221 298453 523313 288666 1036700 136342 757832 645371 714735 921194 878295 313495 1102006 423096 937386 1026801 580402 422667 658248 785834 821122 484980 180402 386221 1062312 871969 814234 821753 802232 954591 796867 337179 1079981 464889 796316 263313 403175 262813 907327 1086544 826287 960263 716508 885589 311047 291794 953463 890387 974721 603946 594462 595157 301443 780440 393539 755324 983540 675059 285730 218286 958318 970291 861890 1181175 382475 318875 633517
363509 337722 133577 569442 409575 69786 780550 416216 128235 358176 427748 632597 756274 999999999 596533 359395 410372 591072 392724 319445 551619 479744 129623 499524 215432 647163 152149 541205 89297 383368 461899 547275 175226 244774 572630 595716 585245 288843 842259 295927 112733 659902 203151 183381 525359 350646 338407 228522 296276 589427 673953 569363 411051 371670 446248 648346 666239 334755 602615 541746 435181 506453 198921 415733 426202 331304 430427 255730 503220 402534 498011 163816 330941 666933 306398 552094 492324 447379 757117 437021 154179 230673 403512 182511 619753 514839 226985 399411 374907 229432 117125 570551 693126 444559 533194 109676 425201 382865 487313 614099
792009 382824 606047 238509 993282 554138 287381 456931 511777 750732 178379 603213 162226 596533 999999999 629093 544179 688234 684994 765271 45113 1075664 600188 787006 431734 666475 700981 322696 639825 955924 609737 379701 432320 798596 234339 418945 182334 875048 253965 601395 484873 609283 767580 726324 179724 944335 269585 785126 864607 470954 351201 582577 638236 668660 382494 114678 315679 900087 742669 680745 675087 664805 795300 649309 174953 922922 355972 637071 128030 273001 100592 745715 927350 711210 815181 631872 741504 158688 281596 800381 734213 812959 459289 432333 491716 200734 638302 234482 634618 824873 520717 170562 185818 805584 825028 701072 1020749 233260 169499 525742
721662 246997 228845 464646 668609 299647 896060 697020 263322 717525 531836 927444 752109 359395 629093 999999999 116971 917606 56760 677365 594793 673665 485020 855298 480324 957986 287055 386487 446770 667817 120725 353825 413952 324203 469952 832155 716572 564466 875559 639438 367385 950960 327719 283015 661564 514295 390876 322323 601188 847488 862393 253567 750979 721983 275639 727013 840875 636752 939854 874133 780190 840179 438307 757597 520541 487525 289383 610076 501637 356114 561920 480497 529354 986152 275097 211935 842867 479377 881077 796334 344795 528539 686700 429711 879070 450887 145305 550803 15519 444330 268489 698266 792726 803872 890304 426582 632401 408792 614489 886952
771484 180244 295415 358163 761350 342526 822032 685527 291521 760091 473597 913998 654426 410372 544179 116971 999999999 921408 159456 727984 514494 777973 524454 886045 480146 951862 375233 274977 499602 754524 72835 238333 415744 428927 363609 797729 653501 650922 782523 662449 385351 935159 425727 378130 602885 618885 336266 424702 680788 820659 810611 160196 767810 748273 169852 649126 785507 717962 950510 882660 800253 850384 526691 775695 460521 592144 190358 643697 416384 275620 489461 552904 629436 984153 388697 146337 866940 405443 809737 837641 432960 608184 676714 431272 851711 354060 234750 505151 112755 537698 300327 635074 717740 845109 923100 496152 733920 342350 556208 864849
377401 763682 717048 850872 722185 629577 627112 251497 655017 332479 559377 135795 814602 591072 688234 917606 921408 999999999 962884 396123 659536 853790 466750 214083 441563 87080 736544 888650 531059 664945 989954 928839 507050 811843 850050 304059 525939 660016 805062 298144 550484 158035 769085 766000 509179 818088 632179 796213 605876 245857 434398 1054874 185722 244070 857253 634644 461686 616534 60477 54944 176018 88715 690045 184665 573082 814659 826834 352948 706668 734792 619272 590115 774541 80956 888798 1065352 167754 655078 599559 301398 714741 616968 256074 491292 244951 783010 808923 494034 932087 720987 651076 529644 615908 299631 229545 601225 807654 658400 522768 204100
750819 303414 259372 515109 671582 338033 952777 746954 307993 749969 588442 977141 805917 392724 684994 56760 159456 962884 999999999 706473 651088 665319 520976 891800 528906 1005843 300563 434032 477477 675623 137187 397466 462736 320080 520487 886040 773247 573451 930465 679976 412582 1001137 331010 290655 718098 506987 447503 321073 614691 900087 918325 270936 792915 760831 325763 783543 897104 648808 983014 918161 820907 883821 447596 799085 577213 480499 341760 646984 557345 411999 618600 500155 526833 1032860 257784 217979 881899 535949 937833 828841 356377 542848 736335 478372 931704 504484 167786 606577 50649 449355 311839 754949 849400 836368 925855 448875 627413 465528 671036 938581
44353 628830 448749 821355 328445 385573 848364 375930 437893 65080 588767 497266 924646 319445 765271 677365 727984 396123 706473 999999999 722494 458372 208101 220135 341785 477622 420653 817128 230766 271961 781287 835616 370556 466740 823128 563077 675819 266752 972226 176078 360953 526285 428293 443306 627261 429670 568392 453422 210250 526590 684466 885366 227751 161656 739384 771606 694010 220945 377471 341460 222399 310872 323268 223065 595286 430147 717432 128332 714119 660901 667434 228622 384128 476331 553721 871095 240372 652434 820533 132036 378778 232513 365121 361874 547613 756598 538689 531223 692876 348850 428341 668176 790041 138986 242431 265038 411550 611518 608976 521549
749943 347826 563290 232607 948210 509880 308962 422788 468386 709350 134310 580887 207137 551619 45113 594793 514494 659536 651088 722494 999999999 1030636 555464 750124 387468 642452 657508 309763 594743 910988 581890 365898 387229 755489 229201 401326 174128 829940 296113 560284 439854 588854 723986 683184 156973 899752 227017 741866 819667 450546 347330 563470 601142 629331 357555 134860 313434 855223 712618 649323 638296 631878 750434 612201 130166 878469 329290 594448 100586 240031 55846 700605 882486 686591 773819 609518 705626 118217 299398 760576 690014 767860 424295 387332 473290 183918 598086 193003 601011 780117 477147 159130 204845 765925 788489 655995 975703 192858 136885 505281
477617 785353 511687 1034039 133714 530611 1237455 799800 583905 521322 903740 953835 1235920 479744 1075664 673665 777973 853790 665319 458372 1030636 999999999 498514 660248 664949 935981 413424 989431 443085 190845 793719 980813 646276 349725 1037879 994459 1046297 213641 1318167 603800 590792 983035 354110 402822 988556 159401 817050 353272 253441 967434 1101155 927207 683656 617937 880812 1120640 1102361 237433 830354 799400 680757 769232 282996 680057 903503 186187 874344 539695 981919 870630 976404 336059 154263 933371 409679 881871 692408 926964 1211817 563836 361935 274297 787198 649107 992037 985911 544437 867401 685372 257528 572938 1033652 1158799 568069 668796 375037 55376 860860 955547 970738
249833 421046 262721 623507 398502 185809 739094 319775 232947 235666 422266 520063 762390 129623 600188 485020 524454 466750 520976 208101 555464 498514 999999999 370845 170959 527932 269798 612633 68643 357025 581499 628783 174911 348841 625747 510929 549250 286372 830086 168984 153509 548377 305693 299335 492698 401811 373437 332792 266070 494778 606985 679942 283879 242112 531701 629573 605736 300421 474958 415897 306351 380475 250694 287873 425299 389316 510413 126225 529548 459429 499656 164736 368973 544408 422491 669325 362701 468814 713338 313590 251443 224441 306697 170606 523308 561367 356342 376390 500452 284572 224246 537388 662832 321094 405345 147308 443446 418141 462994 511701
187335 755772 633086 901365 526678 555652 792008 333760 597350 157332 627484 342913 933282 499524 787006 855298 886045 214083 891800 220135 750124 660248 370845 999999999 428245 301132 624344 918427 419497 469408 947349 948237 481939 681114 901852 472709 653633 483802 950021 226216 500885 368560 640925 650013 619943 648336 655856 666979 424517 421122 605889 1035568 149009 139471 861597 760740 626124 427224 175037 168702 111919 155133 541717 137967 638315 649818 834769 245223 771085 758165 700498 444377 602155 285350 766029 1032285 53033 711975 763590 96433 589019 452634 329345 468267 431276 832944 726465 561440 870670 568387 590102 651887 759032 92300 39561 472455 618538 692415 618018 394881
374552 330928 305820 484413 569189 217916 574209 219347 223924 341317 253356 448597 593613 215432 431734 480324 480146 441563 528906 341785 387468 664949 170959 428245 999999999 477711 362752 492050 222087 527902 548391 520094 66383 459186 485718 383779 381486 455191 659134 204602 123969 473222 418228 393936 323632 554734 232273 443056 437022 383833 458633 618442 293959 289648 434135 458761 451834 471091 470866 402698 329241 370934 400005 303039 257724 538358 406737 217740 372344 331894 331659 328890 527512 506867 513245 624858 399207 310664 549410 406574 369491 392752 208144 50614 415091 417912 388630 205431 494256 433214 222981 368703 493907 413202 467500 295851 609603 273042 292296 415603
461459 786403 767996 847854 805236 679117 571663 266964 698484 415126 556135 68143 780648 647163 666475 957986 951862 87080 1005843 477622 642452 935981 527932 301132 477711 999999999 796195 893814 594573 748189 1022227 937678 544093 876274 846478 258200 494106 738599 757904 362869 594299 79742 833206 826418 487063 893928 645697 860353 686107 200323 379549 1077523 257680 320713 873346 600421 410508 698548 136664 137991 255352 166750 760955 259012 570633 889135 842033 422265 700509 745634 607808 661647 851365 45699 949977 1093178 254518 653670 545115 387908 778820 692940 275233 528311 189358 781525 857839 494011 971962 792763 695768 500630 572993 386335 315415 667981 888811 666808 508009 148692
464289 374309 100530 625814 386117 154070 911756 568302 189212 472226 545737 783847 854299 152149 700981 287055 375233 736544 300563 420653 657508 413424 269798 624344 362752 796195 999999999 576686 207900 381373 405726 567455 312720 100029 629966 745791 716409 277784 953291 438666 245507 811374 66936 31338 656067 259811 431876 85148 314801 741122 818273 532338 553202 506966 467405 767714 808063 349866 743495 685557 573677 650128 152070 556686 541198 234629 461625 389889 592268 467129 607738 201656 260116 813965 154484 498122 624844 543979 889887 549606 58073 242537 555623 323348 771588 582870 142891 529144 301471 163010 180385 700467 818988 556966 654378 155726 364976 471854 614462 766246
855449 205810 477746 91879 943979 475066 609675 637153 416233 828628 340975 840982 395586 541205 322696 386487 274977 888650 434032 817128 309763 989431 612633 918427 492050 893814 576686 999999999 618603 923149 323163 57105 448366 655910 97265 682728 479583 824596 529883 696640 460020 855226 639600 591161 446286 836228 262989 647193 837388 722270 652266 264558 777187 781063 114035 437199 620096 875892 932025 863595 814279 837581 713190 787285 326002 810612 115093 703582 214290 160313 311999 704538 835348 933953 637958 320977 885172 244147 604244 897557 627684 770009 632986 459089 749719 126383 460964 400025 385519 733721 427739 462739 508458 904359 957916 648409 939339 230786 407371 774532
274990 418637 218574 639316 353486 157777 795919 387763 214053 272691 464235 588210 801724 89297 639825 446770 499602 531059 477477 230766 594743 443085 68643 419497 222087 594573 207900 618603 999999999 318551 550984 628626 207529 281704 642074 577776 603573 235722 876999 233024 164212 616625 238661 236078 545544 336966 396696 265815 227763 562899 670476 658391 346445 299073 528623 678235 667618 265092 535929 479161 365892 443763 183927 349464 465421 323154 510691 181995 558655 472613 539440 107288 306706 609617 357958 641348 417421 499659 770806 351503 184261 173344 374689 208113 591618 580790 310062 424661 462287 217836 203507 590689 715749 359020 451407 79288 387714 441904 512647 580321
287790 718024 461983 952578 57414 448087 1087188 630969 506988 333075 778642 769222 1118121 383368 955924 667817 754524 664945 675623 271961 910988 190845 357025 469408 527902 748189 381373 923149 318551 999999999 787054 925338 524861 363626 955677 824010 902003 103684 1186851 429956 481701 798245 345028 385680 847130 224335 714685 358452 91322 792364 937945 913030 499455 433359 823622 985987 942820 57760 639978 610906 493725 581656 229526 495001 781002 239836 810607 367832 877186 785550 855336 219642 180118 744004 447505 879357 502175 818170 1060425 373004 323333 153143 618913 523747 815226 896572 524263 733268 681901 226790 495484 891212 1016470 377225 478317 274803 152521 759852 819345 791260
825250 252832 338088 411364 788967 396626 890343 756342 350131 816832 545674 985348 712579 461899 609737 120725 72835 989954 137187 781287 581890 793719 581499 947349 548391 1022227 405726 323163 550984 787054 999999999 278212 483200 444606 416876 870528 724550 683506 843113 725632 448447 1006801 448349 403219 674652 634437 408931 442993 718279 893164 882856 134809 833025 810707 229023 716737 857419 754429 1017596 950137 864654 917422 557574 840586 532438 607693 253805 703392 482652 344896 559159 594530 650053 1053868 391125 92619 930313 475231 878785 895057 463730 645480 747295 498880 924262 415281 262903 577948 108362 564582 357852 706141 786017 902568 983780 539146 752956 413897 628107 937046
875280 210009 471029 147539 942860 479067 666757 677694 419770 851188 389286 886605 449750 547275 379701 353825 238333 928839 397466 835616 365898 980813 628783 948237 520094 937678 567455 57105 628626 925338 278212 999999999 471370 640758 152763 732716 534393 824891 584786 724158 475277 901827 627966 579169 499186 825171 297735 633255 841787 770488 706544 208756 809852 809721 101733 494139 674842 880277 970290 901538 846475 874361 709373 819665 374238 799079 118424 726481 269042 194263 365634 708770 827497 976919 615497 267365 917190 294090 661199 922275 620850 772624 672766 483322 798538 182038 443289 445542 350930 727712 431182 517311 565418 929249 987552 651776 932199 271095 458972 822040
407610 273838 246211 451318 561015 161456 605389 284667 159406 380414 257629 514496 594196 175226 432320 413952 415744 507050 462736 370556 387229 646276 174911 481939 66383 544093 312720 448366 207529 524861 483200 471370 999999999 411606 453272 441258 410027 442817 671898 255792 67230 538824 372463 343288 350136 524720 199301 395842 433613 445441 505807 557232 353898 342471 380670 475343 495378 469943 534772 467034 387864 434639 371109 362377 258161 506105 355153 255431 354973 290586 332005 313580 502097 573084 458913 561106 456644 294634 582121 450917 327404 380655 273777 15817 476927 387735 325312 224437 427874 402936 159534 395341 518236 457911 520650 271435 591029 243631 312580 479411
508043 459061 193132 711665 353408 254057 1011781 658957 287303 524751 645400 868525 950221 244774 798596 324203 428927 811843 320080 466740 755489 349725 348841 681114 459186 876274 100029 655910 281704 363626 444606 640758 411606 999999999 716082 840480 816416 266414 1051517 514350 344529 896629 43160 72317 756074 190338 529074 16319 317843 833167 916425 577622 626465 574661 543650 867227 906926 346565 813447 759231 643088 723954 150534 628702 640625 163550 541831 459730 687375 557693 706418 238119 206769 890906 89092 533915 688086 640881 989876 598661 97461 253296 646084 421685 863173 672785 198039 629141 336271 139200 279081 800493 918925 605690 707690 211707 308451 567904 714484 855693
858608 257023 529479 5514 981512 511353 518581 600416 455053 827001 291102 789629 298453 572630 234339 469952 363609 850050 520487 823128 229201 1037879 625747 901852 485718 846478 629966 97265 642074 955677 416876 152763 453272 716082 999999999 620749 403063 860929 432620 687102 478493 801256 695271 647958 377789 889185 254780 705863 867143 664987 576431 361397 756117 768149 194726 348746 542633 905316 897458 830278 793786 807066 756906 766697 277093 864435 182290 702872 146718 170129 244135 736058 883753 888528 707523 418227 864374 195103 514974 891165 676865 803287 598105 461283 690536 68915 527137 356025 470748 780413 466307 387439 419443 897577 941377 682095 985946 212676 344350 718748
567362 619453 687412 623030 876456 601027 324237 194705 598266 516755 343982 190890 523313 595716 418945 832155 797729 304059 886040 563077 401326 994459 510929 472709 383779 258200 745791 682728 577776 824010 870528 732716 441258 840480 620749 999999999 239977 781799 501979 394076 506217 192135 798575 777079 244792 912321 464828 824213 743373 58702 133563 899474 350217 409918 686202 343618 157910 767498 364272 319080 375394 319900 761461 359121 359004 900245 654051 456602 474665 552078 376622 672960 877510 303895 897016 927560 419797 438825 296326 528564 747544 724265 207420 427880 72964 561245 764447 295662 844022 795370 599797 248981 315059 530575 502510 657031 941272 472252 276753 110214
694403 475557 633967 406312 946743 562361 195593 321119 536126 647840 185165 428565 288666 585245 182334 716572 653501 525939 773247 675819 174128 1046297 549250 653633 381486 494106 716409 479583 603573 902003 724550 534393 410027 816416 403063 239977 999999999 835478 299221 501138 474883 431950 779364 745548 60342 933469 325811 801217 812662 294864 173420 723756 509448 552436 511456 109064 140513 844366 583458 526713 543659 516426 779014 520265 196034 915608 480679 550045 265396 381214 170403 710269 908207 539556 851725 763900 604056 251547 173599 684105 736666 773269 327434 403389 312914 353271 689158 187297 725338 811565 542093 18434 114820 688191 689301 676213 990977 311402 104490 349097
296548 618954 359058 857622 120733 350413 1025341 587096 408586 331832 699930 750599 1036700 288843 875048 564466 650922 660016 573451 266752 829940 213641 286372 483802 455191 738599 277784 824596 235722 103684 683506 824891 442817 266414 860929 781799 835478 999999999 1112532 393943 393395 779897 244045 282974 778497 165391 625427 259584 61672 756399 887523 809351 482053 417898 723167 913279 888804 81053 644095 605081 484237 572800 126234 479807 700941 170751 711221 329538 789533 690985 774814 129383 118581 740779 353132 775863 507113 731926 999439 389625 219785 62517 574399 443827 781797 803678 420661 659582 578641 127340 397097 823364 948756 395346 500612 179172 159594 670313 747211 762249
992449 632037 859403 438007 1228111 804336 199379 619513 764304 946470 414756 689787 136342 842259 253965 875559 782523 805062 930465 972226 296113 1318167 830086 950021 659134 757904 953291 529883 876999 1186851 843113 584786 671898 1051517 432620 501979 299221 1112532 999999999 798854 729600 684936 1019610 979203 344983 1192298 523062 1037807 1096119 560675 380239 793500 807707 851653 614356 201500 347577 1129787 864770 813887 841216 807649 1041016 818427 416112 1171724 592186 845133 376100 521137 345974 984151 1172823 803281 1069145 850790 899430 412652 220477 983237 984422 1050030 626294 669341 568545 428512 891951 453708 879824 1071637 772908 304746 191286 987257 984692 943282 1262904 487198 367773 609394
193652 529625 426060 686127 482822 342061 672305 202213 377444 149528 429200 362639 757832 295927 601395 639438 662449 298144 679976 176078 560284 603800 168984 226216 204602 362869 438666 696640 233024 429956 725632 724158 255792 514350 687102 394076 501138 393943 798854 999999999 277303 391724 471437 467938 454435 538735 435899 498590 350926 363785 510935 810091 115160 86771 635953 599230 519002 373630 306689 246918 140933 211494 399473 119938 437688 531391 609594 64409 564742 536438 506665 301355 498938 376617 590654 808784 204681 503710 644501 204475 417040 340814 190733 242315 388270 618600 519415 367289 654555 431947 371291 494218 614930 210691 264858 305125 551925 475028 439581 368396
401665 267895 181894 475866 513439 94927 670451 342027 104590 382167 315023 569409 645371 112733 484873 367385 385351 550484 412582 360953 439854 590792 153509 500885 123969 594299 245507 460020 164212 481701 448447 475277 67230 344529 478493 506217 474883 393395 729600 277303 999999999 594800 305713 276058 414725 463324 232992 328823 391465 507766 573008 535529 385328 362926 378433 535723 562564 429091 572764 506769 416312 472925 311430 392561 313625 443692 356904 260911 396287 309732 385831 264474 443332 620394 392177 531676 481961 338568 647612 457440 261783 332477 330368 78747 539049 416643 265692 288135 382043 342161 101475 459735 581410 464769 538252 216594 535907 278151 375574 539234
515333 763921 773638 803053 854615 684279 495651 254209 697049 466724 514501 29299 714735 659902 609283 950960 935159 158035 1001137 526285 588854 983035 548377 368560 473222 79742 811374 855226 616625 798245 1006801 901827 538824 896629 801256 192135 431950 779897 684936 391724 594800 999999999 853481 842249 431963 929922 616746 880455 730591 138420 304980 1052823 299383 365234 844162 535508 337513 746293 213606 200165 305847 221412 790615 303302 529391 923067 812329 454640 654551 713100 558850 693043 889131 121605 965855 1073144 318763 612037 469625 449390 799482 730417 265092 523372 119610 738463 860459 456337 964332 823381 695628 440323 503103 448715 386956 693066 933962 633147 458106 83613
470257 438914 166617 691038 341363 217699 974904 616254 255917 485120 610858 825369 921194 203151 767580 327719 425727 769085 331010 428293 723986 354110 305693 640925 418228 833206 66936 639600 238661 345028 448349 627966 372463 43160 695271 798575 779364 244045 1019610 471437 305713 853481 999999999 48826 719047 197204 498646 27157 290749 790631 876176 579031 583817 532598 528972 832995 867332 322084 771263 716606 600870 681300 120922 586180 606686 171198 524751 417278 659204 533477 673875 200103 203717 848033 125462 539464 646776 610778 952596 559910 54407 222650 603359 381992 820551 649135 191104 592093 340946 118384 246865 763710 883251 567025 668214 169851 308369 538765 678180 812791
486507 391262 121408 643662 385762 183642 940736 599576 214994 496621 573440 814654 878295 183381 726324 283015 378130 766000 290655 443306 683184 402822 299335 650013 393936 826418 31338 591161 236078 385680 403219 579169 343288 72317 647958 777079 745548 282974 979203 467938 276058 842249 48826 999999999 685217 246008 456834 59133 324801 772453 849001 532665 582171 534803 480291 795142 838502 358310 772005 714705 601941 679279 156952 585428 568516 219935 476407 417944 615633 487494 634117 219830 251751 843721 123702 494943 651918 568702 919100 573354 67788 253864 586886 354138 802910 602933 143389 558376 296740 161363 206847 729459 847288 580649 679304 178617 356606 495886 643212 797473
648085 423544 573883 380387 890890 502019 255868 286302 476092 602835 130059 424532 313495 525359 179724 661564 602885 509179 718098 627261 156973 988556 492698 619943 323632 487063 656067 446286 545544 847130 674652 499186 350136 756074 377789 244792 60342 778497 344983 454435 414725 431963 719047 685217 999999999 874081 270872 740877 757267 293607 210483 681277 473014 511290 467410 144841 182909 789630 564403 503892 508594 490003 719766 484010 142471 855997 435944 500189 233507 334583 134722 652506 849361 531649 791695 718231 572093 208163 233898 643646 676496 716150 290724 343826 316428 321567 630167 126963 670791 752176 481952 45308 170287 648150 656824 617380 933201 260800 47100 348368
461373 634069 359925 885116 191640 391116 1127931 719514 439874 494564 778188 900711 1102006 350646 944335 514295 618885 818088 506987 429670 899752 159401 401811 648336 554734 893928 259811 836228 336966 224335 634437 825171 524720 190338 889185 912321 933469 165391 1192298 538735 463324 929922 197204 246008 874081 999999999 679479 194309 226604 893262 1007441 767821 636254 574222 726062 998990 1004200 236159 805578 763213 642123 729922 154737 635162 776212 26788 721233 475305 843263 724497 847094 240091 47307 899042 253782 722926 669649 791109 1103650 554731 213510 201149 706485 530282 920570 840285 385998 749118 526078 121907 429488 919380 1042892 560543 665876 259386 121668 721901 837300 904896
603876 156119 336466 253126 745839 288412 509617 381956 242738 572957 140972 598863 423096 338407 269585 390876 336266 632179 447503 568392 227017 817050 373437 655856 232273 645697 431876 262989 396696 714685 408931 297735 199301 529074 254780 464828 325811 625427 523062 435899 232992 616746 498646 456834 270872 679479 999999999 515718 624324 492984 475299 436880 514213 519222 227834 347689 451687 661786 672676 603874 551291 576639 534334 524298 129838 657134 196355 448468 164902 103694 181429 497062 665749 683272 547255 462732 622184 112171 492801 638807 467350 565077 376297 206653 523156 188491 373608 169717 399940 562175 252064 307557 408348 645399 695383 447015 762941 45210 223773 540890
495042 448933 180537 701506 350754 238888 996640 642639 273503 510878 630870 852372 937386 228522 785126 322323 424702 796213 321073 453422 741866 353272 332792 666979 443056 860353 85148 647193 265815 358452 442993 633255 395842 16319 705863 824213 801217 259584 1037807 498590 328823 880455 27157 59133 740877 194309 515718 999999999 309244 816848 900453 575239 610917 559497 535436 852813 891098 339050 798213 743701 627830 708402 140436 613243 626265 167639 532793 444315 674761 546293 692476 224881 207092 875181 100678 533073 673360 627658 974626 585224 81564 243159 629767 405801 846853 661614 191873 613924 334858 132317 265036 785364 904107 592295 693913 196619 310245 554954 699475 839393
237216 633156 385672 864159 134893 362916 999249 549136 422170 275043 687376 701337 1026801 296276 864607 601188 680788 605876 614691 210250 819667 253441 266070 424517 437022 686107 314801 837388 227763 91322 718279 841787 433613 317843 867143 743373 812662 61672 1096119 350926 391465 730591 290749 324801 757267 226604 624324 309244 999999999 714711 853907 840517 431445 366204 740254 895438 857395 38518 587446 551057 430890 519616 169839 428380 689690 232419 725898 287169 786376 697104 764020 133044 179507 686320 406152 810896 449851 727169 972729 329608 258314 72812 536758 432427 738931 807224 456028 642445 615842 179591 410714 801554 926923 335138 440180 190108 203372 669521 728806 717308
527266 644868 689648 666961 846111 601539 381509 175196 604557 476535 381415 133792 580402 589427 470954 847488 820659 245857 900087 526590 450546 967434 494778 421122 383833 200323 741122 722270 562899 792364 893164 770488 445441 833167 664987 58702 294864 756399 560675 363785 507766 138420 790631 772453 293607 893262 492984 816848 714711 999999999 189315 929736 306626 369178 718200 400288 215832 736728 306200 263309 328555 266763 745083 314701 396437 882695 686118 427743 518312 585202 421692 653176 856522 246006 894223 954361 368088 478247 353820 482160 738321 700777 188255 431054 31636 603349 770721 327059 859996 778850 604975 302500 373576 483655 449377 642024 915173 504989 320954 54812
692371 630511 747971 579712 988388 666880 192915 308842 653001 642194 337293 311487 422667 673953 351201 862393 810611 434398 918325 684466 347330 1101155 606985 605889 458633 379549 818273 652266 670476 937945 882856 706544 505807 916425 576431 133563 173420 887523 380239 510935 573008 304980 876176 849001 210483 1007441 475299 900453 853907 189315 999999999 891686 479594 536634 677890 252521 36790 880639 494862 452227 506639 453449 853744 488982 350862 993044 646421 570686 437981 544920 341052 771608 975923 424492 963938 928500 553054 418359 165799 658982 828092 827771 320206 494932 191089 526141 815438 311878 872597 887502 656702 189654 204877 661334 636018 748542 1046912 469900 255659 232464
928513 291469 455476 356116 917893 500790 869791 810840 447557 914996 559066 1034001 658248 569363 582577 253567 160196 1054874 270936 885366 563470 927207 679942 1035568 618442 1077523 532338 264558 658391 913030 134809 208756 557232 577622 361397 899474 723756 809351 793500 810091 535529 1052823 579031 532665 681277 767821 436880 575239 840517 929736 891686 999999999 911096 896658 214337 695732 862466 877513 1088374 1019730 945015 988857 684330 919609 544481 741044 246288 796136 463322 348679 553432 713061 781923 1112727 525922 67902 1013302 473401 862324 991755 590353 767827 803391 572108 959715 381882 389994 604029 242337 693589 457026 705852 766917 999166 1073362 656345 885483 427583 637189 977730
222084 624881 540629 755841 555540 455600 658539 188332 487917 171662 478859 270201 785834 411051 638236 750979 767810 185722 792915 227751 601142 683656 283879 149009 293959 257680 553202 777187 346445 499455 833025 809852 353898 626465 756117 350217 509448 482053 807707 115160 385328 299383 583817 582171 473014 636254 514213 610917 431445 306626 479594 911096 999999999 66109 727269 615248 495422 446983 191595 132799 37751 97489 504855 11073 489914 631557 699093 167226 623238 617507 551520 405094 593846 265829 704402 913841 108329 564705 630102 179717 529541 435313 182513 338994 324478 687224 633771 412639 765939 536155 482491 506580 617677 182534 187704 415573 634789 548769 469488 295593
158088 616307 504199 767404 489495 422989 710688 234894 461462 107357 501641 336103 821122 371670 668660 721983 748273 244070 760831 161656 629331 617937 242112 139471 289648 320713 506966 781063 299073 433359 810707 809721 342471 574661 768149 409918 552436 417898 851653 86771 362926 365234 532598 534803 511290 574222 519222 559497 366204 369178 536634 896658 66109 999999999 722327 655480 550150 381059 238882 189369 69036 155704 447223 62182 511326 570589 695708 117195 641598 620753 577349 347186 531060 325003 655309 894601 121069 581334 682370 132423 478791 373074 226525 328848 388442 699376 597868 437249 737225 477617 454786 547828 663501 137198 178274 362956 569432 557096 502446 360786
779853 110709 370081 189353 841226 377722 666442 608581 318443 757863 344781 826608 484980 446248 382494 275639 169852 857253 325763 739384 357555 880812 531701 861597 434135 873346 467405 114035 528623 823622 229023 101733 380670 543650 194726 686202 511456 723167 614356 635953 378433 844162 528972 480291 467410 726062 227834 535436 740254 718200 677890 214337 727269 722327 999999999 492052 649219 778731 895181 826220 763104 797325 608011 736661 330164 700168 32152 633867 257131 134452 341772 607268 727172 910473 523969 252935 833291 260136 656678 830584 520091 670946 602286 393685 747752 186258 347644 391429 276069 626811 329817 493363 562399 837693 900594 550198 831701 213950 422994 767332
792871 480167 678016 353004 1027950 615665 174477 427272 580801 747673 222187 534012 180402 648346 114678 727013 649126 634644 783543 771606 134860 1120640 629573 760740 458761 600421 767714 437199 678235 985987 716737 494139 475343 867227 348746 343618 109064 913279 201500 599230 535723 535508 832995 795142 144841 998990 347689 852813 895438 400288 252521 695732 615248 655480 492052 999999999 215791 928800 692380 635766 650121 625201 846185 626163 226636 979373 464068 644169 234928 374078 166845 785517 977423 646032 892875 743393 711710 247677 167065 787709 794618 850764 432754 471640 415909 314033 721241 253699 733768 877567 588405 108856 71309 792080 796853 746511 1065289 320071 166643 453719
