NAME : synthetic_000876
TYPE : CTSP-D
DIMENSION : 100
GROUPS : 8
RELAXATION_LEVEL : 1
EDGE_WEIGHT_TYPE : EXPLICIT
EDGE_WEIGHT_FORMAT : FULL_MATRIX
EDGE_WEIGHT_SECTION
999999999 243885 71285 433972 385249 813139 396056 624519 743820 785394 656568 572152 211994 215494 575518 439775 720117 609713 489760 373300 711664 263848 655906 692550 301000 729700 467443 490030 232751 645018 668538 201498 541832 642747 648782 618151 339744 290078 755530 382996 576983 203588 653134 487835 143934 523758 969720 485298 287240 409043 746374 53163 602154 928916 289454 210012 668417 429484 312170 405180 454262 355730 595480 454152 626688 432396 529115 644447 33367 708172 164497 350968 495040 431653 389495 448838 632054 272843 544027 590002 760094 811573 199879 660293 379581 872910 565154 775659 180282 584513 189678 279257 659111 717132 795755 570295 908483 435803 659496 708993
243885 999999999 173883 408383 628603 980453 634776 859303 932120 790440 791652 671826 454125 368808 716198 652533 940184 839869 727087 447914 945750 507162 666376 934850 362523 962382 710423 709851 333418 691448 904853 445078 638628 885090 646073 667187 445890 417380 986705 324955 820538 422587 890415 728517 351236 743277 1162434 620231 151769 645290 867607 193100 845859 1123673 277936 185303 789004 577660 502028 375700 695954 558602 828365 521963 857019 406454 760356 883994 265328 847944 362392 583459 552185 479776 613780 666307 873549 514179 785875 793449 858922 1048071 386123 890320 616881 1053233 771118 1011461 410215 814092 58554 506184 894050 787324 1006912 813189 1099589 573657 903197 945615
71285 173883 999999999 423252 454743 866254 462013 688452 802634 790408 699254 603080 280280 235611 619152 504275 787376 679197 554972 391709 782025 335014 660969 763811 311583 792646 538639 546236 252638 660705 739267 271338 571418 714007 649826 634242 367489 323246 825352 360670 646706 257006 718458 555148 188880 590469 1030336 526007 238146 479586 785611 31725 673020 989997 275012 180893 706827 473557 352750 392192 522283 416587 665529 472852 688331 421514 598743 711098 98130 752661 204848 420571 511372 443488 457054 514730 703338 344084 615311 652510 792753 882378 235485 729800 444631 929909 628275 846344 239918 653839 122259 347048 729600 740827 860892 641492 968537 476633 730359 779786
433972 408383 423252 999999999 700224 703645 744654 966414 702561 382163 485439 336592 576520 648711 432900 539311 794660 746552 833364 172045 856818 570230 258675 906980 163798 1072192 722152 878422 232875 298258 833050 554716 306943 863283 237784 277928 224681 257322 879003 87816 860979 620024 982407 813871 573994 628028 920667 353321 260990 618622 532133 403615 853719 889495 148281 247338 462164 350381 738949 32861 777068 452364 749194 187547 982971 1930 685250 962352 418056 540882 596101 556535 191595 137331 547316 563024 843685 555325 771548 621745 497915 962043 632480 789160 736462 794129 610422 924830 587096 722408 382080 487387 815950 405010 825851 807967 859130 329503 904509 870780
385249 628603 454743 700224 999999999 687623 70092 266192 576857 947029 635417 640587 175220 366165 566436 294155 456575 322461 135767 556029 390827 134150 832218 327021 536432 372165 115238 224717 470744 776059 340890 183771 624629 279036 842458 751697 498015 450337 443555 688726 192020 243731 284077 113907 306297 310068 760100 521434 654221 159866 732149 437641 225722 717982 593895 558176 672840 465593 283469 682887 77062 304108 297013 611196 285059 699393 256354 268062 368543 664874 310034 179193 651943 622299 227953 278854 275599 144975 192908 414104 784476 472271 314709 364839 81810 706433 388658 441639 234546 305566 574905 219884 339803 797637 552371 205710 709589 489019 281930 375919
813139 980453 866254 703645 687623 999999999 757084 850254 123688 613270 220418 372025 740393 955865 274527 410358 321654 415817 784064 560648 453712 662822 586861 587499 635253 917548 597498 903924 647732 488020 477481 723129 398349 579862 622519 486842 541865 563316 427075 770727 687191 842404 833667 742808 861011 378243 227179 366966 887743 529500 218925 834595 628431 206981 740075 803296 255874 402989 938868 718488 723036 465514 442879 516719 891077 704700 445235 799623 779772 170147 879836 537700 515284 567970 480606 417194 558076 634055 563856 273607 299572 509420 907237 408809 769064 96889 299000 488478 809487 416278 926340 567583 460191 403913 259030 589744 173670 409405 638281 485824
396056 634776 462013 744654 70092 757084 999999999 230458 645325 1007030 704436 705100 185737 337261 634486 363847 517853 383453 94218 608227 441827 175047 889817 360611 581333 337059 172934 156172 512489 837333 391504 201614 687892 316008 898304 812493 551101 501108 495546 726278 204508 224685 257141 95898 294257 379126 824061 586319 676074 229954 801399 449219 254606 782149 629808 584225 741157 529244 234830 725214 70914 368625 356832 667582 239829 743694 321957 249221 384777 734588 292709 245981 709126 675240 296804 348876 317159 194244 242682 483487 852605 514883 289217 422875 21668 774084 458233 486959 226507 368515 584117 276780 392957 862876 614762 246684 774921 551946 306388 423487
624519 859303 688452 966414 266192 850254 230458 999999999 728040 1200115 851971 883860 415961 530637 793476 516305 553086 435429 136434 820293 435699 398009 1090054 304568 802620 106890 278537 182412 736481 1027283 393142 432047 872079 286273 1102613 1004168 761935 715603 485834 953307 163088 438891 42703 152874 510823 490529 856770 765252 906382 383832 943684 677604 225622 818225 857599 814616 895437 714299 399934 948889 189506 554443 407781 871658 44629 965580 412304 67123 614714 870178 504232 428991 911204 885882 464133 494507 303402 411116 287621 589725 1006695 462850 491164 452791 245230 841267 569936 449706 449147 434045 810692 483506 405294 1036279 648297 260581 820431 739244 237534 406008
743820 932120 802634 702561 576857 123688 645325 728040 999999999 678934 254982 393911 646630 867449 274577 316506 200828 292897 666445 543519 331898 566311 630582 464257 607807 794031 481062 788496 606290 533021 354031 631386 412739 456181 663184 525744 512792 522620 308999 759179 564960 749178 710650 624867 775019 267273 230477 349909 855531 422146 296248 771506 505319 193034 713829 763789 302838 368198 838378 712086 606983 388379 320289 516458 769306 703316 327623 676520 710780 225853 792289 439581 525262 565345 383667 318084 434435 538528 442755 166764 379011 394840 817045 285192 658661 133305 193642 370945 718316 294720 875684 481106 336597 468160 155553 467464 167490 381981 514594 363676
785394 790440 790408 382163 947029 613270 1007030 1200115 678934 999999999 426492 325119 873862 998845 441131 692875 846764 859941 1081549 419470 952668 838461 129622 1048308 484407 1297882 925390 1158223 554749 173379 948685 850420 330309 1016254 144381 195952 468343 522874 953209 466461 1061666 943107 1204355 1051505 912653 751183 836134 438362 641557 817353 394352 766206 1031458 820006 523236 624556 376810 485948 1065343 414955 1017297 646013 874714 345595 1227305 384089 828871 1177063 762071 454558 935810 772195 302539 355500 736727 717109 993272 814755 946126 690389 315200 1043928 972644 886318 1005552 708752 694345 1011677 906598 842689 763289 730329 929084 211231 832849 983088 786704 460873 1069728 977152
656568 791652 699254 485439 635417 220418 704436 851971 254982 426492 999999999 151614 635296 829739 81353 342437 422935 456261 756101 353149 536834 569502 376717 647012 433799 937618 575457 860126 459921 278512 540538 614255 178748 622786 410372 272898 345775 378947 531397 556103 696453 731086 846113 718652 733007 364980 444715 173625 685088 479617 97905 667776 652164 418922 535080 608689 50732 227093 842288 502056 690445 350352 476126 300193 886952 486579 445770 814735 623955 57155 754385 460169 295545 351640 407633 361030 599339 540459 571679 280767 155554 621969 786535 473840 710726 314824 292275 591510 694842 443997 741089 458895 520885 218315 406948 605750 386483 222709 680148 564049
572152 671826 603080 336592 640587 372025 705100 883860 393911 325119 151614 999999999 598662 766378 124472 370481 534790 536034 771835 223962 632140 547399 244047 723490 309334 978680 606377 860214 351876 154690 625307 575746 33240 691135 273113 139274 235656 282144 637235 411399 740127 684089 885255 738903 671590 426084 595414 119295 552636 500074 199903 572876 707354 568196 402597 486540 125924 176353 802903 355470 706348 336618 550014 156818 913697 337841 503861 856786 541761 205161 694317 461836 145232 207153 420134 394176 668157 520572 622343 370191 189905 727393 729299 564735 706823 465979 371616 693632 646748 518113 625728 434362 605816 158757 537513 659069 536209 155763 744753 655211
211994 454125 280280 576520 175220 740393 185737 415961 646630 873862 635296 598662 999999999 224268 556771 331160 572695 446770 279945 458758 536042 82268 749924 494774 416732 522248 270362 302266 344251 711794 488713 23453 575302 445396 752959 685480 406018 352039 585126 549225 367152 102550 442617 275937 142442 390169 855987 486848 490421 243806 732685 264984 398066 813711 451894 399742 662239 425888 207147 554111 242286 285985 426748 528334 422212 575366 368172 432783 199096 676713 153432 207874 571340 525904 262981 328681 438021 108350 350433 480554 768728 628339 172131 495434 171131 779935 453659 594653 74136 424204 401406 177313 482970 756637 660655 371536 799191 443458 455063 527405
215494 368808 235611 648711 366165 955865 337261 530637 867449 998845 829739 766378 224268 999999999 748776 550951 796086 668134 414223 582648 751506 306536 869642 692210 514827 625099 477549 360295 444216 853333 702631 236754 738268 644896 863620 826371 542805 489691 802421 593171 541746 125834 568032 430874 96745 614231 1079768 666866 470866 467294 924596 247725 588292 1037544 502575 414693 849510 606984 138389 619292 407978 492013 646670 662150 518089 647098 590832 570664 236784 876354 76189 431228 704152 643792 484952 550704 641727 331883 557562 702441 949134 837748 52871 715736 315743 1000589 675658 806117 150390 646413 337275 388394 698981 917927 884827 571843 1022448 618900 642211 739551
575518 716198 619152 432900 566436 274527 634486 793476 274577 441131 81353 124472 556771 748776 999999999 277996 410758 419987 691178 286257 511664 493222 368294 609821 362812 883255 515136 790619 383189 276211 508064 535378 138807 580736 397566 263085 271522 300788 514342 496799 642328 651438 790625 655148 652068 316539 487767 95969 615385 414431 176427 587596 603279 457052 466601 534906 107084 146085 763913 445707 625262 273656 436346 245379 826547 433820 396770 760403 542829 133582 673556 388726 250921 295899 338804 299025 557425 464450 520060 249296 218120 604793 705956 445187 639515 361843 253779 571656 614987 404077 664500 381385 488411 248024 414006 555661 426359 143607 636312 536030
439775 652533 504275 539311 294155 410358 363847 516305 316506 692875 342437 370481 331160 550951 277996 999999999 288278 208915 414014 368593 320389 252522 593342 372346 394625 608747 237771 518672 360657 519616 293824 315165 362576 332722 612336 498638 314784 292715 349573 564165 369646 433620 515498 377344 458743 94372 533957 254527 608131 137224 438458 474676 339477 492361 489868 507557 382301 213093 528680 534656 348222 97436 209897 391956 548683 539231 147217 486515 407922 370744 475807 127825 424591 422350 70754 24995 311191 223910 253825 152969 494192 426654 500694 254868 371835 449648 126852 389007 402067 183954 594141 166054 277040 520233 356651 291080 474463 239196 381610 332062
720117 940184 787376 794660 456575 321654 517853 553086 200828 846764 422935 534790 572695 796086 410758 288278 999999999 134417 515720 623759 132297 490948 778836 268973 667688 607546 344921 643048 643750 686607 162329 563683 544115 269437 807090 673807 578385 568852 110153 833901 393084 670946 530076 474153 713179 197205 309544 453355 894161 328916 485252 758836 327557 268833 768757 794475 473642 444437 737593 796401 465021 384673 161291 621476 596464 794972 205688 495595 689649 409844 725994 373653 642087 663584 330622 273940 250220 468361 284161 173390 565619 199667 743358 101100 535241 291635 184839 171937 646789 151729 881698 440861 148114 641129 98057 298753 267894 466479 325506 164690
609713 839869 679197 746552 322461 415817 383453 435429 292897 859941 456261 536034 446770 668134 419987 208915 134417 999999999 384771 574923 111597 366451 774784 190865 603519 502487 210531 511235 567156 690659 89890 439947 537161 169218 798321 673449 522656 501551 146861 773079 272469 542424 417853 342958 588751 118896 442103 433920 810344 204747 536478 652399 212644 400670 697663 708727 505403 407356 604367 742982 331745 303816 28362 589897 477174 746552 80725 383813 581101 459833 600082 258745 618057 624987 227212 187077 146126 346479 154007 175521 609936 217954 615269 50604 400835 407854 166348 180251 520378 26014 781408 333772 70988 666141 231550 175098 396392 432530 227914 124646
489760 727087 554972 833364 135767 784064 94218 136434 666445 1081549 756101 771835 279945 414223 691178 414014 515720 384771 999999999 691568 419848 263415 967637 314954 669641 243234 186978 127877 602269 909985 370818 295670 757233 277803 978159 885929 633654 585521 473747 817951 146586 311096 163494 41862 382357 408749 825263 652542 770289 276889 851174 542915 210686 784381 721916 678197 796249 598224 295036 814967 65929 436642 356543 746884 149823 832472 339050 158625 478947 780828 378297 310395 787508 757960 353493 395140 285695 278656 231602 513015 908151 476676 369942 415714 110344 789686 489890 453771 317304 375558 677197 355650 376936 927603 613767 220966 781120 622210 252164 396131
373300 447914 391709 172045 556029 560648 608227 820293 543519 419470 353149 223962 458758 582648 286257 368593 623759 574923 691568 999999999 684941 434006 292550 738617 85683 924140 563390 752563 140860 271719 661922 435499 190743 696110 294202 244852 58585 107676 706990 215855 703384 523804 832352 667582 494125 456248 768007 195511 332187 456877 421443 363482 690708 734297 181969 262612 343763 180939 646047 172889 631309 285357 578236 81289 841087 172170 515274 809814 347040 410303 517330 398038 121792 67409 381939 392667 675878 414191 606988 451419 411556 790051 554049 617186 603331 645590 439158 752875 487470 550984 402693 336805 644605 349607 658882 643938 705377 162610 739639 699317
711664 945750 782025 856818 390827 453712 441827 435699 331898 952668 536834 632140 536042 751506 511664 320389 132297 111597 419848 684941 999999999 459117 874099 139038 715013 480987 275845 547305 678568 786569 50323 532263 636333 149803 899352 770992 633407 613085 54089 884526 283159 625990 408589 380199 678372 228862 421687 536372 920670 302696 607489 756272 215026 384108 809221 818900 587294 514342 673389 853859 379464 415377 117625 696676 480025 856858 186342 374362 684288 530960 687481 362367 723044 733412 336345 298673 135809 442545 199333 262396 685600 106361 698867 68642 461655 421517 261276 68655 607884 137150 887471 439991 53143 752570 217365 199507 389247 538977 200578 32627
263848 507162 335014 570230 134150 662822 175047 398009 566311 838461 569502 547399 82268 306536 493222 252522 490948 366451 263415 434006 459117 999999999 718678 429005 406662 504639 203634 320110 338856 671285 412998 73544 526950 379209 725645 645740 377451 326581 506936 555396 319060 183802 417876 247347 222527 308052 773970 431349 522148 162363 667373 314145 338880 731670 460103 424919 599949 371473 277200 551558 210694 219571 347466 495913 412793 569309 287120 402188 242562 607809 235088 126758 538071 501223 182970 248254 369311 29326 281118 399829 708865 554438 254343 415682 169327 699573 372908 519775 156313 343361 451366 113392 405977 706156 578441 306486 717454 391807 396186 452518
655906 666376 660969 258675 832218 586861 889817 1090054 630582 129622 376717 244047 749924 869642 368294 593342 778836 774784 967637 292550 874099 718678 999999999 958842 354975 1190199 819324 1038779 425795 98926 864581 726542 237863 923368 38014 105520 343956 397940 880859 345319 957786 816223 1096897 939489 784136 660856 814018 342069 519644 710575 375236 636623 932638 791990 395547 496805 332843 381099 938450 290995 904452 536268 786624 222807 1115157 260601 735193 1071026 632859 417982 807257 661067 180718 227228 630294 618158 900931 696175 846936 613135 310782 970791 844126 806151 887108 683716 612866 936627 779983 755327 636843 613328 845321 197968 778745 884283 758967 355125 974428 896054
692550 934850 763811 906980 327021 587499 360611 304568 464257 1048308 647012 723490 494774 692210 609821 372346 268973 190865 314954 738617 139038 429005 958842 999999999 753696 342417 225605 437462 705812 877660 110635 497084 722435 49804 980499 859377 682764 652545 184044 922099 168692 570745 273838 280415 632157 298116 558525 616777 932283 299894 725659 741830 106474 521896 838066 830840 696252 583407 595018 899205 291009 454627 173647 764093 349197 906737 225530 240296 669523 648845 636880 365763 795606 794395 361079 347553 64148 420699 149190 366248 800253 162893 641331 180187 382076 559975 356824 145434 560177 205814 878105 445296 129183 856664 356378 123256 528024 609318 67534 106774
301000 362523 311583 163798 536432 635253 581333 802620 607807 484407 433799 309334 416732 514827 362812 394625 667688 603519 669641 85683 715013 406662 354975 753696 999999999 908439 561290 717424 73740 349160 686878 394360 276161 708452 349272 322775 95042 102107 742409 169665 699242 469046 818827 650105 431122 487321 835763 268347 252639 460015 505687 284877 694882 800378 106061 177301 427474 239609 590374 148253 613295 301475 602920 163857 819300 162961 536527 799123 278119 490788 454072 396444 200312 132051 392617 416782 689817 391527 614288 499306 497238 821257 490969 649065 573603 716692 483501 783624 434276 578390 317020 324874 670844 433172 712300 650087 772714 227528 747022 725946
729700 962382 792646 1072192 372165 917548 337059 106890 794031 1297882 937618 978680 522248 625099 883255 608747 607546 502487 243234 924140 480987 504639 1190199 342417 908439 999999999 372622 266458 842823 1124655 445240 538671 968519 338941 1203873 1102126 865653 820222 525970 1060014 241248 540438 93532 258345 612327 572983 900593 860969 1012582 480565 1026710 782685 290527 864280 964407 921284 982775 812043 490313 1055052 295177 653934 476441 973438 107050 1071385 492640 122947 720684 951782 604328 529833 1012346 989249 561194 585843 359906 517134 366259 667266 1093061 485262 588726 510919 351218 899084 649747 480194 552840 505621 914764 587699 460458 1128613 698203 333773 870234 837375 282041 449057
467443 710423 538639 722152 115238 597498 172934 278537 481062 925390 575457 606377 270362 477549 515136 237771 344921 210531 186978 563390 275845 203634 819324 225605 561290 372622 999999999 307491 504311 752107 226116 271651 595897 175875 834503 729750 504982 465048 328374 724458 140100 352914 279100 146455 410128 221879 651713 488390 716002 108787 668851 517324 138520 609944 634601 615816 617863 439778 398608 709493 125924 283952 183952 605751 311704 721608 153578 251867 445294 596976 416822 165805 643247 626013 189105 216111 167660 197396 80511 326037 729441 360537 425293 250663 190659 606697 303034 328567 338366 196272 654170 237882 224585 757868 441939 102854 603662 465287 195001 262117
490030 709851 546236 878422 224717 903924 156172 182412 788496 1158223 860126 860214 302266 360295 790619 518672 643048 511235 127877 752563 547305 320110 1038779 437462 717424 266458 307491 999999999 645740 989936 498500 323729 842238 403326 1045345 964716 696827 644888 601092 850738 269209 289236 224244 168995 359104 526120 952533 741725 777260 382963 956852 541325 335867 911485 753309 694188 897234 684054 224081 856345 181595 524140 483151 815997 160479 877300 461063 238262 487808 889227 347600 402149 858182 819951 452578 502598 412529 343514 358906 630967 1008733 600212 327532 543341 153497 913846 606683 579027 309842 500791 666380 428696 504804 1018304 741104 348775 907574 706273 372145 522956
232751 333418 252638 232875 470744 647732 512489 736481 606290 554749 459921 351876 344251 444216 383189 360657 643750 567156 602269 140860 678568 338856 425795 705812 73740 842823 504311 645740 999999999 412432 646700 322169 319708 659074 421758 385611 116789 84549 710122 220336 640006 395351 754413 584651 358632 454980 836539 287313 252117 407656 540330 223540 640429 799195 132290 157506 461259 244748 516787 212764 547803 263706 563494 222050 751506 231813 495465 736083 207599 515669 381688 342401 262409 199593 346973 380575 641668 325937 562481 481832 541781 784848 418583 614788 503828 723059 462986 747130 360536 541433 281343 266432 631817 488449 697240 597210 773391 240271 694170 686686
645018 691448 660705 298258 776059 488020 837333 1027283 533021 173379 278512 154690 711794 853333 276211 519616 686607 690659 909985 271719 786569 671285 98926 877660 349160 1124655 752107 989936 412432 999999999 779984 688369 157058 844517 134724 26963 311891 366304 790531 385422 888287 787096 1031123 879278 763056 579854 715193 265090 552582 644193 277965 633546 858471 693065 413759 511873 233988 312985 908809 327172 845387 473715 704335 191242 1054988 300042 656735 1003726 618543 319058 786257 600045 150026 217751 563583 543921 821668 646590 773048 524373 218704 880928 822686 719312 836742 584856 526274 847544 750024 672523 654877 561274 760500 110953 682554 810080 660042 288192 897423 809848
668538 904853 739267 833050 340890 477481 391504 393142 354031 948685 540538 625307 488713 702631 508064 293824 162329 89890 370818 661922 50323 412998 864581 110635 686878 445240 226116 498500 646700 779984 999999999 485761 626891 107506 888208 763026 608601 584772 104212 856532 236874 577303 368458 330807 630820 207559 463906 523810 885124 259826 616810 714202 169270 425099 778285 783192 590330 496604 623205 828392 329338 385565 84025 679067 437070 832989 151236 334004 641933 539968 639417 321781 707684 713341 300954 270565 89993 397661 149045 260637 692532 143239 650085 69575 411343 453855 254368 107162 559979 111504 846791 400705 19705 752962 255361 149997 427725 521923 163219 40845
201498 445078 271338 554716 183771 723129 201614 432047 631386 850420 614255 575746 23453 236754 535378 315165 563683 439947 295670 435499 532263 73544 726542 497084 394360 538671 271651 323729 322169 688369 485761 999999999 552200 447444 729701 662046 382619 328686 580366 528977 375508 119454 457331 288967 149498 377998 843128 464403 475039 235618 711480 253889 402823 800938 431788 382618 640545 403401 228893 532706 254287 265796 420998 504900 439969 553586 360449 446109 185563 656337 163308 194619 547902 502682 248281 314060 438902 95786 350853 465897 746617 626612 185701 489223 188484 764644 439071 592301 86931 416742 391136 157598 479121 733604 650076 373913 785694 420690 460075 525014
541832 638628 571418 306943 624629 398349 687892 872079 412739 330309 178748 33240 575302 738268 138807 362576 544115 537161 757233 190743 636333 526950 237863 722435 276161 968519 595897 842238 319708 157058 626891 552200 999999999 688337 263589 137060 203945 251780 644188 380020 731490 658636 874995 725368 644011 424332 619676 108053 519592 488441 232669 541395 701443 591199 369484 453336 157482 159070 778259 324683 692113 320695 549606 124530 900751 308122 500319 847259 511808 233941 666861 446838 116938 175366 407968 386863 665614 500755 615999 376015 222304 733756 702149 568316 688741 491026 375066 699260 621272 518088 592681 414584 607584 181678 552424 653047 559634 135977 740777 658192
642747 885090 714007 863283 279036 579862 316008 286273 456181 1016254 622786 691135 445396 644896 580736 332722 269437 169218 277803 696110 149803 379209 923368 49804 708452 338941 175875 403326 659074 844517 107506 447444 688337 999999999 943883 825395 639642 607789 201469 876288 135162 522686 260952 240790 583339 265202 570508 581594 883565 252067 705108 692057 67469 532128 791224 782257 671118 545318 550829 854673 247668 411150 146830 724542 330455 862988 188187 226500 619766 628610 588463 317912 757228 753223 316218 307746 23448 370964 99689 343093 777389 200143 593694 172001 337244 560504 330622 175970 511360 178812 828386 397105 121638 828561 362802 73949 535198 571365 58846 121600
648782 646073 649826 237784 842458 622519 898304 1102613 663184 144381 410372 273113 752959 863620 397566 612336 807090 798321 978159 294202 899352 725645 38014 980499 349272 1203873 834503 1045345 421758 134724 888208 729701 263589 943883 999999999 137552 348579 401387 907774 322382 973690 815384 1110818 951206 780275 683073 849695 364465 497444 725735 412215 626673 950815 827057 379987 481213 367671 399290 937407 270585 915749 550656 809170 231282 1126502 239709 755925 1085696 627183 453143 803271 674076 191528 227145 645944 637276 921695 704158 865161 639594 348653 997321 840171 831116 894703 719302 638127 962717 779618 778210 619171 622788 869102 235952 809920 902577 794121 373187 993928 920522
618151 667187 634242 277928 751697 486842 812493 1004168 525744 195952 272898 139274 685480 826371 263085 498638 673807 673449 885929 244852 770992 645740 105520 859377 322775 1102126 729750 964716 385611 26963 763026 662046 137060 825395 137552 999999999 284993 339441 776509 364408 866538 760342 1008608 855631 736110 561307 713854 244440 529666 621563 281839 606959 837915 690359 389306 486791 231175 290094 882103 305909 821527 450095 686381 164293 1031412 279664 637358 981528 591615 316905 759312 576324 123241 191715 540933 523121 802674 621267 752363 509315 228940 866652 795750 703361 811635 583394 510075 832814 723292 654753 629864 536165 743630 127370 673305 789506 657538 264935 877728 793632
339744 445890 367489 224681 498015 541865 551101 761935 512792 468343 345775 235656 406018 542805 271522 314784 578385 522656 633654 58585 633407 377451 343956 682764 95042 865653 504982 696827 116789 311891 608601 382619 203945 639642 348579 284993 999999999 54704 657624 255558 644934 476016 773807 609283 451426 404567 740757 175895 346118 398753 423930 337462 632952 705337 201101 263428 344901 144614 598064 220495 573077 228504 524678 122921 783054 224552 460571 751230 310905 402191 474605 339532 166025 124321 324577 338379 619706 356895 549562 407966 425484 739083 510930 566222 546721 622140 393596 701688 439163 498251 395970 278526 591668 377439 619383 586392 677695 132943 682359 646595
290078 417380 323246 257322 450337 563316 501108 715603 522620 522874 378947 282144 352039 489691 300788 292715 568852 501551 585521 107676 613085 326581 397940 652545 102107 820222 465048 644888 84549 366304 584772 328686 251780 607789 401387 339441 54704 999999999 641136 271770 604251 421324 729135 562736 397567 385783 752660 205441 333561 361364 462738 292376 596488 715625 199917 241640 383810 160343 543362 246913 526231 199435 500813 177597 735244 256843 434483 707719 260101 433967 420713 299315 220691 175076 291608 314717 588807 307398 514751 403097 470769 719369 456905 547372 495871 638574 385757 681715 384460 476364 364330 232651 568745 428835 617808 550966 689493 157246 647682 623848
755530 986705 825352 879003 443555 427075 495546 485834 308999 953209 531397 637235 585126 802421 514342 349573 110153 146861 473747 706990 54089 506936 880859 184044 742409 525970 328374 601092 710122 790531 104212 580366 644188 201469 907774 776509 657624 641136 999999999 911222 335912 676715 457123 434215 727567 255527 374633 548331 955603 347866 595364 798851 267729 338605 839331 854223 582127 531961 726523 877894 433512 446460 160364 712889 530338 879153 226695 423189 727327 519824 737327 404790 736717 752080 373885 329777 188981 489039 252904 268292 675545 90740 749676 96644 515248 385529 272565 62004 657596 172734 928253 480560 103854 749197 177919 253575 346549 555655 248936 80002
382996 324955 360670 87816 688726 770727 726278 953307 759179 466461 556103 411399 549225 593171 496799 564165 833901 773079 817951 215855 884526 555396 345319 922099 169665 1060014 724458 850738 220336 385422 856532 528977 380020 876288 322382 364408 255558 271770 911222 999999999 860331 579396 972790 802498 526470 656518 982416 410020 175096 626169 609979 345451 860029 949370 97436 179857 537261 395621 694197 58618 765714 471066 772582 256092 966093 85949 706092 955348 372690 612605 547460 561506 269257 204774 561218 586429 858087 544605 780938 663372 580634 990720 582798 818351 715796 858370 649141 953112 549138 748002 303768 486600 840507 490992 873481 816186 920046 378367 913206 895610
576983 820538 646706 860979 192020 687191 204508 163088 564960 1061666 696453 740127 367152 541746 642328 369646 393084 272469 146586 703384 283159 319060 957786 168692 699242 241248 140100 269209 640006 888287 236874 375508 731490 135162 973690 866538 644934 604251 335912 860331 999999999 426518 150043 114821 493524 332140 699964 623527 840926 248280 786105 629135 68184 660474 768691 742699 741528 577245 433991 847490 133810 423571 244729 745527 204785 860390 252287 118308 559263 711597 494409 305482 782657 766112 327750 346146 147432 321206 126082 428653 851857 331124 493243 292130 226088 679154 409958 310056 422898 271063 766541 374525 246792 888353 489664 97496 660970 603004 105852 256416
203588 422587 257006 620024 243731 842404 224685 438891 749178 943107 731086 684089 102550 125834 651438 433620 670946 542424 311096 523804 625990 183802 816223 570745 469046 540438 352914 289236 395351 787096 577303 119454 658636 522686 815384 760342 476016 421324 676715 579396 426518 999999999 472310 320520 71951 491717 957681 576542 490022 342522 827831 253286 468467 915362 482973 412351 755533 515567 122244 594070 293389 384451 520847 598776 434606 618644 465471 469719 207171 774360 68052 310201 641808 589254 365521 431202 518416 210775 433224 583054 859802 713430 72992 589919 204219 882483 556152 681324 37365 520877 377422 276814 573368 840263 760555 449126 901256 530947 523666 614560
653134 890415 718458 982407 284077 833667 257141 42703 710650 1204355 846113 885255 442617 568032 790625 515498 530076 417853 163494 832352 408589 417876 1096897 273838 818827 93532 279100 224244 754413 1031123 368458 457331 874995 260952 1110818 1008608 773807 729135 457123 972790 150043 472310 999999999 170560 544047 482127 830275 767468 932369 387054 936107 706295 205355 792485 877919 838918 890801 718530 439203 966029 207192 560635 390926 880593 81703 981644 402324 34482 641710 861640 538572 436935 919294 897122 467680 492744 279933 428493 276033 578376 1001410 428680 527141 431004 273837 820269 559952 417731 480370 418874 840688 496484 381973 1035542 623698 245384 796114 743882 208267 377911
487835 728517 555148 813871 113907 742808 95898 152874 624867 1051505 718652 738903 275937 430874 655148 377344 474153 342958 41862 667582 380199 247347 939489 280415 650105 258345 146455 168995 584651 879278 330807 288967 725368 240790 951206 855631 609283 562736 434215 802498 114821 320520 170560 999999999 390126 368321 783681 619721 763520 240846 813158 540888 174584 742735 707436 669078 759583 566679 319402 796743 36850 405573 314747 720033 175827 813057 297645 157145 474335 742175 388514 279311 760010 733340 319156 357668 247151 258821 189993 472297 871445 440649 383988 374347 116418 747864 449473 416417 321900 333703 676889 330777 336326 893668 572209 180810 739328 591121 220302 357341
143934 351236 188880 573994 306297 861011 294257 510823 775019 912653 733007 671590 142442 96745 652068 458743 713179 588751 382357 494125 678372 222527 784136 632157 431122 612327 410128 359104 358632 763056 630820 149498 644011 583339 780275 736110 451426 397567 727567 526470 493524 71951 544047 390126 999999999 526478 990401 570645 425258 384886 827952 189199 532019 948345 431905 353672 753041 510586 168256 546270 361525 396291 569074 572352 506373 572495 509639 540913 155941 779638 23214 342890 614842 557163 394636 460065 577405 245080 490594 611151 853268 769715 59994 637657 274338 907881 584539 736428 71982 565850 307438 294371 625328 824400 799272 509417 932169 522920 588081 669244
523758 743277 590469 628028 310068 378243 379126 490529 267273 751183 364980 426084 390169 614231 316539 94372 197205 118896 408749 456248 228862 308052 660856 298116 487321 572983 221879 526120 454980 579854 207559 377998 424332 265202 683073 561307 404567 385783 255527 656518 332140 491717 482127 368321 526478 999999999 465966 318869 702323 155385 453980 561748 287698 423645 583813 601559 411224 289094 573617 625042 346060 191751 126203 471515 527784 628054 80876 450244 492935 379784 541287 183591 500542 506124 134974 77070 242127 282401 206785 104850 520531 334574 562295 161866 391794 398452 81154 297131 463841 96103 684759 244801 189388 564560 274119 240852 410122 314510 319926 243534
969720 1162434 1030336 920667 760100 227179 824061 856770 230477 836134 444715 595414 855987 1079768 487767 533957 309544 442103 825263 768007 421687 773970 814018 558525 835763 900593 651713 952533 836539 715193 463906 843128 619676 570508 849695 713854 740757 752660 374633 982416 699964 957681 830275 783681 990401 465966 999999999 572622 1085007 618265 443352 999470 632969 42391 941808 994044 482722 596572 1036025 932885 773826 614160 469831 733141 900860 921582 503978 796042 936980 396961 1006121 648545 736010 783590 595768 530494 553891 747923 593689 381139 520945 428050 1028056 410011 840457 130460 407112 423626 929432 455567 1105841 699979 453174 628944 211512 607482 63174 608614 622164 452617
485298 620231 526007 353321 521434 366966 586319 765252 349909 438362 173625 119295 486848 666866 95969 254527 453355 433920 652542 195511 536372 431349 342069 616777 268347 860969 488390 741725 287313 265090 523810 464403 108053 581594 364465 244440 175895 205441 548331 410020 623527 576542 767468 619721 570645 318869 572622 999999999 520948 381426 261095 494617 593537 539352 373160 439116 183628 61044 692993 362177 587072 217696 444823 170193 794674 354001 393420 739497 453115 228571 592785 342576 188810 216709 301224 278851 559041 403905 508039 281021 283381 636534 626517 467859 588479 450232 276140 601064 539452 413763 568653 317971 504766 276583 474559 545133 510107 49537 633431 556599
287240 151769 238146 260990 654221 887743 676074 906382 855531 641557 685088 552636 490421 470866 615385 608131 894161 810344 770289 332187 920670 522148 519644 932283 252639 1012582 716002 777260 252117 552582 885124 475039 519592 883565 497444 529666 346118 333561 955603 175096 840926 490022 932369 763520 425258 702323 1085007 520948 999999999 633056 752102 236796 854504 1048556 150382 101947 675275 488794 590808 228960 728142 510713 803729 397093 911323 259067 734903 920572 292133 742214 442470 567525 421511 350073 584576 626280 868681 520600 784235 733893 733958 1026214 473630 859333 661364 968024 714741 988666 467448 784361 143326 487572 871699 653550 949337 815893 1021843 479027 910865 925760
409043 645290 479586 618622 159866 529500 229954 383832 422146 817353 479617 500074 243806 467294 414431 137224 328916 204747 276889 456877 302696 162363 710575 299894 460015 480565 108787 382963 407656 644193 259826 235618 488441 252067 725735 621563 398753 361364 347866 626169 248280 342522 387054 240846 384886 155385 618265 381426 633056 999999999 575353 454376 235127 575874 539582 531389 519363 331477 418667 607620 211043 175302 187516 497247 414056 618171 124841 360488 382123 506531 397178 65876 534524 518552 80630 119688 235952 141744 154848 256867 631264 403048 414642 254576 240247 553789 230759 366805 317879 181170 587374 145549 250069 653473 418137 190119 564015 356846 287117 300484
746374 867607 785611 532133 732149 218925 801399 943684 296248 394352 97905 199903 732685 924596 176427 438458 485252 536478 851174 421443 607489 667373 375236 725659 505687 1026710 668851 956852 540330 277965 616810 711480 232669 705108 412215 281839 423930 462738 595364 609979 786105 827831 936107 813158 827952 453980 443352 261095 752102 575353 999999999 754445 738823 425772 601849 682797 79076 318667 939760 553157 785725 448125 558412 356679 979639 533519 534072 904118 714209 76842 849588 557692 341182 406643 504660 456132 681757 638346 660472 362256 83070 684570 882210 548278 808024 314756 377447 656897 791409 526825 819400 556560 597426 185592 451666 693425 392459 310572 763300 636578
53163 193100 31725 403615 437641 834595 449219 677604 771506 766206 667776 572876 264984 247725 587596 474676 758836 652399 542915 363482 756272 314145 636623 741830 284877 782685 517324 541325 223540 633546 714202 253889 541395 692057 626673 606959 337462 292376 798851 345451 629135 253286 706295 540888 189199 561748 999470 494617 236796 454376 754445 999999999 652960 959231 256070 167452 675721 441937 356503 373297 507188 386050 639396 444745 679451 401931 572157 697562 72507 721082 207657 394176 483865 416928 428956 485683 680717 321243 592932 622184 762399 857419 240897 702996 432720 898527 598132 821140 232120 626900 137492 319315 704082 711988 831325 620090 937578 445208 710286 754841
602154 845859 673020 853719 225722 628431 254606 225622 505319 1031458 652164 707354 398066 588292 603279 339477 327557 212644 210686 690708 215026 338880 932638 106474 694882 290527 138520 335867 640429 858471 169270 402823 701443 67469 950815 837915 632952 596488 267729 860029 68184 468467 205355 174584 532019 287698 632969 593537 854504 235127 738823 652960 999999999 593810 771482 754331 698865 551741 488696 842663 184649 406125 186089 726245 268910 853277 206868 171205 581428 663221 535398 298640 761346 750909 309089 314840 79454 335129 85702 377660 807668 266200 538029 227172 276157 615938 361384 243274 460240 215109 790243 374398 180134 850990 423324 48409 595160 577809 57343 188290
928916 1123673 989997 889495 717982 206981 782149 818225 193034 820006 418922 568196 813711 1037544 457052 492361 268833 400670 784381 734297 384108 731670 791990 521896 800378 864280 609944 911485 799195 693065 425099 800938 591199 532128 827057 690359 705337 715625 338605 949370 660474 915362 792485 742735 948345 423645 42391 539352 1048556 575874 425772 959231 593810 999999999 906434 956672 459390 560847 993665 900763 732412 573575 428518 702194 862165 890357 461786 758162 896259 374009 963978 606337 706845 752213 553734 488551 514987 705681 552780 339709 505551 396802 985795 369649 798440 111556 365512 389900 887195 413722 1066858 658323 413759 610894 171051 567310 33315 573810 584679 415501
289454 277936 275012 148281 593895 740075 629808 857599 713829 523236 535080 402597 451894 502575 466601 489868 768757 697663 721916 181969 809221 460103 395547 838066 106061 964407 634601 753309 132290 413759 778285 431788 369484 791224 379987 389306 201101 199917 839331 97436 768691 482973 877919 707436 431905 583813 941808 373160 150382 539582 601849 256070 771482 906434 999999999 101323 524904 345634 598970 117299 670732 393847 694841 247923 869632 146529 627095 861254 276966 592228 453365 474119 275180 202879 479113 510668 773920 450572 694328 602428 585593 915572 489197 744651 618979 822400 585561 877853 452212 672089 242308 397090 763133 509787 816433 728783 878766 333423 825656 818098
210012 185303 180893 247338 558176 803296 584225 814616 763789 624556 608689 486540 399742 414693 534906 507557 794475 708727 678197 262612 818900 424919 496805 830840 177301 921284 615816 694188 157506 511873 783192 382618 453336 782257 481213 486791 263428 241640 854223 179857 742699 412351 838918 669078 353672 601559 994044 439116 101947 531389 682797 167452 754331 956672 101323 999999999 604385 400868 521893 215153 633194 410258 701880 337287 821953 245506 633041 825693 206599 665348 373470 465777 368996 296819 482718 525239 767148 421652 683068 636555 673732 924368 407680 757858 570718 880085 616606 886838 385699 682732 143097 385857 769813 604321 852040 715092 930895 394153 810446 823838
