NAME : synthetic_000526
TYPE : CTSP-D
DIMENSION : 100
GROUPS : 8
RELAXATION_LEVEL : 1
EDGE_WEIGHT_TYPE : EXPLICIT
EDGE_WEIGHT_FORMAT : FULL_MATRIX
EDGE_WEIGHT_SECTION
999999999 322072 500030 791828 127319 609393 544939 412239 614911 531852 849285 596008 496164 466950 466056 633577 424027 832392 715274 519726 490308 311691 912494 627187 887068 421780 856283 603586 414360 261898 240082 360524 958117 194329 487673 76163 585033 506594 106940 398086 544881 821476 612698 84456 444464 423575 959269 273446 569907 636192 266327 817564 468661 616016 440176 246514 855350 627991 231134 216952 921755 700854 326726 530239 407333 474709 173293 339706 396175 944880 52728 746458 718795 436175 489741 280140 777987 488739 581753 478237 723770 202656 517852 624880 410314 490300 110917 190606 664447 693568 317306 236557 617349 860815 925026 549044 476326 155503 635654 654272
322072 999999999 812002 681248 196958 412930 351604 734156 756416 820463 808552 401518 635762 378382 591270 709401 186750 904735 959231 808743 261748 619585 850227 417121 1003556 340544 759507 469030 227937 549088 471544 563122 828935 164457 763693 336292 442583 572318 257008 710458 822651 670135 545880 338364 155328 281789 1144618 390397 804275 878063 64488 1020353 584510 666796 654468 220332 762472 461848 460233 514835 1096839 623753 66083 712574 595513 663298 175100 658042 94084 831237 329219 934958 646820 520970 442280 536374 649265 810617 784587 787967 768508 519529 288688 677461 457749 810018 212650 510567 903145 910202 102022 363546 830162 737709 1065175 783705 798157 178465 794216 509498
500030 812002 999999999 1027832 616397 973936 921611 185890 553088 136693 984218 961727 511599 782570 527649 673820 860609 804837 378414 132362 905960 192624 1062298 1000171 768682 752528 1061960 912611 824190 274068 384863 388371 1185934 693721 182813 476004 906875 629073 597918 102022 184111 1098649 848664 474542 943949 800328 692795 527047 329300 337194 750203 547830 543064 701855 357281 654503 1056369 960717 393696 298868 683807 920512 825382 440275 411078 415021 672990 166470 870449 1155293 483126 530786 927300 579769 755739 318275 1037938 136896 412387 28372 774808 353681 927982 704074 620120 234229 609342 346326 361120 434050 777768 522501 403510 1097763 753820 321936 181858 655464 530397 959806
791828 681248 1027832 999999999 716957 296523 340825 1077466 559365 940553 198061 302645 531807 329027 504685 413055 500348 474584 897834 934515 435846 886709 193599 311132 625442 375049 80706 212219 453427 796357 682017 640228 167483 789896 868793 731311 238806 401232 822522 960617 908116 102754 186244 724582 786649 405233 875950 550578 783484 842384 662611 831961 488434 359388 679484 558001 86272 230790 678537 807621 817613 107370 747009 630987 617944 630545 783704 959406 611378 154463 749069 744952 104199 448639 304533 730884 49702 1113824 701459 999890 359542 952331 416635 363015 420414 1170891 753783 930805 849001 797780 586112 577464 745431 71493 717067 774028 1131327 766289 608751 175760
127319 196958 616397 716957 999999999 504245 438704 539034 638422 632787 800482 491024 515360 387998 476997 627320 303777 828859 792000 620845 374137 424520 856742 518953 903690 342034 787310 516106 303549 359330 299282 407928 879572 110044 580585 143539 494479 491354 105831 514580 639307 733800 548349 147157 330847 324880 1008475 266096 639934 711075 139153 874025 475139 598322 496737 159423 787720 531736 288249 321503 965753 635524 211599 572004 448514 518288 91442 461117 268884 871412 133352 795075 655754 426149 426890 357171 696811 614239 635188 592924 706396 329164 402410 608234 381318 617613 36850 317856 737903 755738 193203 229839 676553 782941 952794 618940 603190 66643 667849 565148
609393 412930 973936 296523 504245 999999999 65634 971561 649433 922412 470182 13391 566840 195771 523414 531862 226280 676023 958129 913366 151822 799135 486750 29827 813394 221414 377054 118982 201915 707171 590682 604222 423251 549195 851154 569198 99889 438520 606912 886910 902804 261262 249597 564827 497696 187221 1028662 447111 815138 886532 411506 945656 508109 472028 675999 363878 382766 68785 582871 700093 971908 284194 475700 672714 604780 647589 548718 863505 330638 432746 580013 852758 306881 440692 247851 655716 254255 1027225 753580 945776 534994 800360 127089 481138 376002 1062196 539475 782396 902202 873650 332327 456100 803273 339065 896930 799469 1032702 537014 699885 125556
544939 351604 921611 340825 438704 65634 999999999 912491 628531 876062 499771 52602 537063 158297 491930 521412 165129 680136 925552 866609 95208 743452 524948 82861 811361 172951 421332 137755 136342 652184 537032 559603 478910 484303 805641 506639 111185 415311 541278 832414 858807 318777 257243 502539 446040 125503 1015140 394867 778942 851707 347108 924251 477463 463281 635718 300283 425962 112026 528691 642669 959392 309569 415504 641211 564352 611845 483472 806237 273328 484600 516732 831382 333207 407592 223071 603509 303120 970181 722412 893623 537239 737440 76901 473081 339122 1002448 473873 719858 868920 845265 267813 400580 772354 390538 891605 762343 974193 471522 677901 165066
412239 734156 185890 1077466 539034 971561 912491 999999999 673033 310283 1066657 958524 602807 793224 605243 771623 820805 929047 556853 302314 878061 193464 1142195 994663 915126 755710 1123189 931313 796963 281208 396379 452483 1242289 592777 330645 416868 920323 696953 491558 150442 353801 1134919 891945 418700 847424 787099 867810 536011 480774 505579 678177 719958 618195 787197 457914 620278 1119052 971465 400990 274137 853684 972460 733505 557516 490227 518239 574071 119388 806934 1217127 414873 690859 983374 635517 783433 348233 1079144 85687 551544 188380 875026 221447 903329 791664 657187 93435 521825 225398 532097 599285 722590 518688 554824 1148887 911987 468186 64203 561667 661352 981414
614911 756416 553088 559365 638422 649433 628531 673033 999999999 432682 456205 642197 123191 473304 165315 147348 675330 256027 338713 430955 672190 492017 534495 679194 272768 477318 566041 542118 613015 434473 380817 262457 691176 748302 371044 539822 552516 213331 707617 525655 389930 653195 424923 531756 910921 555772 394610 374740 243418 289165 698587 296277 172178 200639 217504 536373 558052 602049 387692 475247 343012 460482 808510 115612 213497 159542 729770 560828 753641 652270 563061 203348 456378 239983 405536 372171 587732 673753 153388 529374 232644 658767 678850 196386 310397 757426 662494 636052 291911 238756 666096 409216 189984 619439 314373 241312 707212 704894 51289 571493
531852 820463 136693 940553 632787 922412 876062 310283 432682 999999999 877789 911052 411136 727038 435940 563540 838956 678682 246575 12138 874311 229134 956452 950288 634495 703355 967050 847871 794451 273557 357292 318595 1092561 724293 72523 489354 845881 539464 637067 176090 47710 1018856 768865 485661 963436 761234 558678 485837 197492 200539 756404 412315 452285 598536 261245 636885 960651 900363 368047 315107 547814 833550 844287 325405 326724 311705 702871 247026 866209 1058958 502361 394378 837589 500847 689170 288341 955868 273125 284857 123636 661201 429929 893410 599306 552482 369598 633700 416344 224908 297360 770268 491136 270225 1008592 617371 193455 316823 682218 404474 892062
849285 808552 984218 198061 800482 470182 499771 1066657 456205 877789 999999999 473013 472755 431027 462331 314747 642473 300980 786861 874056 589876 873321 78723 490454 451000 472373 147224 362017 585654 790427 688007 614257 253560 889690 809954 779413 388772 371134 901745 933592 838769 295221 262696 771668 932650 527284 711553 581605 698013 744772 777159 691272 448736 282602 626970 643927 136959 401399 687755 813113 654180 190575 874323 552967 579377 569648 879406 947399 752977 208783 800426 612523 166813 437656 375812 721241 247396 1088389 609035 957762 225182 979254 576335 280145 441469 1158388 836010 956354 745162 682470 707617 615782 645505 217221 543413 693392 1113377 858629 498794 344793
596008 401518 961727 302645 491024 13391 52602 958524 642197 911052 473013 999999999 557995 184958 514247 526441 214777 673585 948988 901943 141099 786473 491629 39379 809815 209297 383314 117402 188944 694582 578238 593033 432635 536629 839906 555854 96066 430661 593805 874405 891797 271059 247016 551498 488760 173871 1022957 434794 805351 876993 399130 938471 499068 466850 665504 350489 388757 72543 570358 687215 966375 285648 464623 663647 594229 637807 535978 850661 320213 441068 566637 845545 308631 431174 239228 643473 261505 1014417 744610 933587 532045 787003 117344 476105 365799 1049093 526301 769058 892926 865203 319895 443391 794365 347189 892745 789524 1019728 524117 692488 129435
496164 635762 511599 531807 515360 566840 537063 602807 123191 411136 472755 557995 999999999 378858 46996 168883 565206 346398 391764 406056 569721 412400 550718 596569 391579 374840 555915 469992 504749 340945 268529 159039 681469 625189 340739 420433 475345 136061 586340 463532 376702 615308 369663 412257 790718 450998 510014 251642 256534 323284 577004 396049 59765 190260 154333 415438 549534 528160 273963 375753 461158 425759 686623 106646 114020 99444 606745 485267 637465 647936 443828 305474 428051 131040 319010 273476 550867 617594 186863 485028 272290 557739 579487 192743 202619 692291 539839 534566 336596 308218 547695 286031 236446 598641 437497 244585 645139 581878 158579 506980
466950 378382 782570 329027 387998 195771 158297 793224 473304 727038 431027 184958 378858 999999999 333634 376479 227888 552121 767432 718126 203145 613516 477537 224337 672796 46033 399920 139851 164607 520828 402982 408628 492958 465217 655600 412102 127103 260156 493502 698751 707042 355240 168675 406172 510631 101773 863603 259116 621708 694048 346510 768011 319213 321858 480622 228981 400792 179211 396193 519233 808835 251612 443831 482925 409316 454331 457413 680946 331729 483454 427639 675310 273473 249322 74088 465341 311398 843369 564124 754277 409759 640531 206353 332286 181609 885526 424807 620453 710901 687076 276894 274722 614062 395882 748439 605488 852442 438901 521904 190888
466056 591270 527649 504685 476997 523414 491930 605243 165315 435940 462331 514247 46996 333634 999999999 176153 518228 367915 434742 429830 523024 412459 538989 553051 426875 328342 534550 429594 457759 334154 248421 153184 659096 586359 364108 389917 433585 103527 552272 471501 404812 584053 335493 381643 745960 404188 555921 211346 294513 363892 533272 443044 16578 182075 174799 371117 528812 486962 252186 364121 506354 397615 643210 149476 117542 129452 568428 486333 591182 627706 413376 352373 402095 84711 275994 264998 520463 626407 230605 500310 276984 542825 533104 187040 155926 696437 502963 519524 378821 353869 502034 247164 280502 573146 477835 280775 651065 543637 204243 468445
633577 709401 673820 413055 627320 531862 521412 771623 147348 563540 314747 526441 168883 376479 176153 999999999 597170 201552 485912 560144 579600 581201 393470 561013 298245 392673 418862 417766 532879 507689 424326 325272 544216 733399 496673 557672 432308 138152 712336 631211 524065 508624 292220 549369 858868 471147 496972 365078 384275 435383 658396 426199 168703 60525 318667 497711 410981 477575 427689 539670 440056 316788 768099 238327 282480 259240 717405 654147 689106 505924 580952 335839 310956 201378 303046 439159 443316 784556 296582 648119 103411 718974 581172 52952 253083 860807 657079 695675 439126 384853 611382 402873 336595 472217 371982 378902 813223 693218 195798 440549
424027 186750 860609 500348 303777 226280 165129 820805 675330 838956 642473 214777 565206 227888 518228 597170 999999999 779177 931919 828241 76433 671791 676922 231905 895310 204531 579911 289319 64358 586605 482815 540057 643618 328651 773276 403995 262153 469286 398351 763970 830436 483898 383490 402130 290300 127103 1069917 358330 778142 853092 189848 961221 507140 545782 627170 206131 583642 276269 472539 565663 1017466 453186 250376 659257 558878 618714 331006 725529 111486 647760 407862 870501 476835 436384 300865 552226 465732 887674 738313 833864 637299 625394 104639 556403 365085 905994 335263 610892 874486 865415 113635 348027 787370 553851 967055 759173 884499 322964 720076 326082
832392 904735 804837 474584 828859 676023 680136 929047 256027 678682 300980 673585 346398 552121 367915 201552 779177 999999999 529139 678479 751133 746606 365960 702944 151336 576383 444504 557066 715063 683822 614066 504328 554126 934704 622028 756271 577658 338518 913365 781553 633318 577325 426576 747967 1051247 652083 410702 566197 482172 507225 856078 404570 363937 237940 472474 696965 434487 612819 618791 721159 353603 410253 965034 371614 456925 413061 918854 816315 877423 508655 779669 338571 393808 402899 478442 618168 518166 928547 393875 782208 143207 903837 747955 227276 452469 1013267 858596 880718 499147 425708 804965 603930 414014 512174 243631 485289 962820 894709 274617 564714
715274 959231 378414 897834 792000 958129 925552 556853 338713 246575 786861 948988 391764 767432 434742 485912 931919 529139 999999999 254913 948728 449864 863596 987784 442337 757779 903800 861233 876655 457952 492919 397609 1028300 895522 245285 656270 867090 525102 821980 418543 204954 990372 754409 650396 1111707 829516 315050 578443 155353 81230 895235 175494 450037 538545 306926 749696 895572 919745 504069 506767 311823 797532 996005 285448 373153 315349 874282 485654 984777 988254 674655 194413 794478 518256 710495 437358 924917 514828 204989 369419 561896 656459 961768 534848 586667 612533 802349 639485 57440 104898 888918 598664 156105 958118 401719 175636 560271 850993 290735 896510
519726 808743 132362 934515 620845 913366 866609 302314 430955 12138 874056 901943 406056 718126 429830 560144 828241 678479 254913 999999999 864083 217177 952675 941149 636963 694001 961873 839730 784083 261577 346270 309964 1087261 712202 65723 477392 837453 533311 624929 165848 52361 1012110 761965 473732 951526 751329 565853 475738 198571 205974 744715 418871 446105 594153 255031 625872 955566 891922 356974 302997 553943 827414 832364 322361 319477 306722 690783 236279 854855 1053991 490326 398496 831750 493536 681043 277202 949310 267902 284631 117202 658443 418440 883343 595125 544271 363747 621651 404689 231108 302281 758978 480546 272094 1002790 621532 193264 310896 670154 403998 884189
490308 261748 905960 435846 374137 151822 95208 878061 672190 874311 589876 141099 569721 203145 523024 579600 76433 751133 948728 864083 999999999 720622 618338 155663 875361 195313 516253 229396 81973 632420 522898 565748 573051 404728 806304 463209 202112 460547 471692 811948 862033 411973 338382 460440 350866 119345 1064800 388619 797428 871788 265928 964165 510235 524455 648852 257839 520719 207054 513326 615997 1010613 399309 323956 669268 578538 633437 406524 778219 179172 579625 469537 872077 423080 438743 276715 591776 398296 941625 749860 878610 608007 689478 28617 534782 367113 965248 407044 673813 891413 875716 188486 385215 799609 485560 951574 779403 941182 397564 719413 260130
311691 619585 192624 886709 424520 799135 743452 193464 492017 229134 873321 786473 412400 613516 412459 581201 671791 746606 449864 217177 720622 999999999 948750 824009 747392 579190 930698 749073 638650 92749 210774 259398 1050642 506018 204720 283432 740162 503491 413688 92445 253427 947516 701971 281918 753496 619720 739514 354402 334478 380865 557616 589972 425115 594528 274516 465855 926391 792716 217327 106776 715609 781028 634549 378229 298818 333545 484932 74095 678101 1024682 291168 542880 791320 442528 597172 155880 890267 230208 387798 168439 684550 206614 743810 599261 467408 286027 419165 190293 409911 462781 585973 343122 402787 957995 756031 317276 244622 466227 487087 798295
912494 850227 1062298 193599 856742 486750 524948 1142195 534495 956452 78723 491629 550718 477537 538989 393470 676922 365960 863596 952675 618338 948750 999999999 503308 512627 521189 119483 389117 623789 864724 760196 690160 193323 941526 888497 844362 416473 445521 959709 1010479 917489 274631 309921 836794 966692 568647 775780 648646 776591 822744 823445 763354 525044 360461 705018 698368 110719 419091 759444 885936 719200 226737 916297 631684 656314 647976 932478 1022845 788344 146717 864774 686755 204188 510309 429857 795746 241884 1165362 687484 1035738 302751 1049193 601781 358345 508699 1234244 892828 1026464 822675 758992 750924 681664 723509 185255 604368 772073 1189716 912627 576496 362348
627187 417121 1000171 311132 518953 29827 82861 994663 679194 950288 490454 39379 596569 224337 553051 561013 231905 702944 987784 941149 155663 824009 503308 999999999 841284 248043 391019 146167 215417 732321 616316 632343 428962 558708 879190 589500 128733 468345 620302 912313 931148 266483 277021 585397 493147 208136 1057902 473140 844510 916031 420217 975402 537785 501068 704869 383042 397296 91440 608296 724094 1001068 307015 478377 702387 633600 676961 559319 887625 331440 441495 599515 882511 329202 470188 277607 681896 266581 1051486 783282 972064 562438 820266 128451 510097 405097 1084859 553607 802716 931810 903453 341616 480889 832992 348685 925267 828749 1056154 548738 729670 146166
887068 1003556 768682 625442 903690 813394 811361 915126 272768 634495 451000 809815 391579 672796 426875 298245 895310 151336 442337 636963 875361 747392 512627 841284 999999999 690781 595547 695167 830989 700262 653515 534436 703154 1012737 589813 811637 713833 431895 977827 764713 586961 728195 564405 803506 1154840 769023 264112 637665 439679 442415 949968 288856 428672 350956 478446 787561 585488 752735 660456 743521 209249 557069 1060240 373829 485530 426125 995079 810936 986898 657259 834969 249587 541906 484441 598820 641374 668364 900695 363611 749696 279929 926367 875154 340586 545860 992012 929818 904054 426666 348487 907236 673940 365201 663449 92455 449113 939737 970331 262328 707317
421780 340544 752528 375049 342034 221414 172951 755710 477318 703355 472373 209297 374840 46033 328342 392673 204531 576383 757779 694001 195313 579190 521189 248043 690781 999999999 445606 182721 140211 486840 369758 386655 538910 420597 632770 368448 166917 267085 447496 666092 685858 399813 211417 362747 478180 79116 870766 225887 608858 682384 304957 768856 315218 341527 463722 182953 446328 216053 362248 482368 817170 296097 405249 475802 392449 442720 412324 645091 301525 529466 383373 676772 317520 243800 101994 434333 357132 808279 556770 724362 435693 597947 204833 352180 172517 847498 378830 578225 700731 681820 238536 237313 606675 441870 763103 591710 815734 393487 524204 233770
856283 759507 1061960 80706 787310 377054 421332 1123189 566041 967050 147224 383314 555915 399920 534550 418862 579911 444504 903800 961873 516253 930698 119483 391019 595547 445606 999999999 290923 531570 842246 730841 677951 125981 863925 896406 792950 317874 433053 892370 1000352 931859 155587 243803 785901 866952 481386 853452 605706 799904 854026 738870 823028 518951 372052 708012 627908 10273 311497 728351 857254 795582 156025 825414 649066 650922 655352 856912 1004232 691135 93997 811692 739824 140947 488461 366548 775054 125234 1154753 714309 1034437 348029 1009204 497276 373410 470217 1216380 824018 987186 857941 801209 663222 635060 755420 70285 687985 792372 1174868 838752 613066 256305
603586 469030 912611 212219 516106 118982 137755 931313 542118 847871 362017 117402 469992 139851 429594 417766 289319 557066 861233 839730 229396 749073 389117 146167 695167 182721 290923 999999999 241237 656340 538321 530323 365875 581724 775569 551148 27362 336443 621877 832300 823847 218335 130855 545394 577995 195549 914599 395616 724079 793008 451680 837244 413485 357418 592895 360398 294410 60059 532213 657176 857399 171941 534805 576638 523093 557691 576899 817801 400737 363523 566038 744673 195520 351344 158701 598040 183022 979263 656287 884241 416286 780220 214416 366080 295478 1023928 552858 760236 806522 772272 374439 413630 705280 271168 779497 709917 989835 560886 593167 51096
414360 227937 824190 453427 303549 201915 136342 796963 613015 794451 585654 188944 504749 164607 457759 532879 64358 715063 876655 784083 81973 638650 623789 215417 830989 140211 531570 241237 999999999 550542 441638 488907 603692 349066 727090 383286 215039 405680 405224 729995 783331 447581 324493 380193 348151 63084 1007447 309538 723915 798653 213602 900735 446138 481430 573958 176754 534568 239160 431938 534067 954630 398110 293866 600845 504502 562147 347515 696412 168357 604183 390686 809554 421504 374986 236971 510690 422541 859912 680604 796896 573383 611341 106368 492053 303343 884654 338230 595047 819229 807355 134720 304255 729995 511043 903010 705395 859925 335211 658395 283202
261898 549088 274068 796357 359330 707171 652184 281208 434473 273557 790427 694582 340945 520828 334154 507689 586605 683822 457952 261577 632420 92749 864724 732321 700262 486840 842246 656340 550542 999999999 118027 182439 961082 451812 225784 215831 647429 419358 368605 180332 283263 855573 611058 212310 690113 529108 723989 261734 321074 381174 485559 576822 345331 515311 222073 380552 838241 700036 124694 49306 693551 691253 570903 326435 227518 275418 430342 163255 600635 936141 229056 517329 702250 355559 504828 69387 798838 322924 353994 247267 610235 226373 654916 520871 376289 374593 360488 204477 410108 449501 506389 251604 379554 867754 719248 301142 335717 409181 437957 705610
240082 471544 384863 682017 299282 590682 537032 396379 380817 357292 688007 578238 268529 402982 248421 424326 482815 614066 492919 346270 522898 210774 760196 616316 653515 369758 730841 538321 441638 118027 999999999 120961 847778 404694 294877 169926 529464 318624 341468 296334 353483 738695 496074 162857 621156 415490 720117 144064 340721 411891 407062 580374 255911 421814 201545 279603 727320 582189 11318 126490 681807 578029 504105 290462 168909 234912 383777 280219 510240 824430 191409 506893 590172 250360 387460 69412 682787 440944 342841 357051 523439 295726 544060 428726 261680 489754 311869 272438 438624 458848 413869 137931 380786 753503 686793 319714 452737 359861 397504 587648
360524 563122 388371 640228 407928 604222 559603 452483 262457 318595 614257 593033 159039 408628 153184 325272 540057 504328 397609 309964 565748 259398 690160 632343 534436 386655 677951 530323 488907 182439 120961 999999999 800424 516448 246973 288494 527545 246223 460020 322516 299206 710403 460301 280971 716897 449119 602501 182360 242256 316930 499638 466109 165732 335237 91348 352168 672986 582000 129415 216911 562547 533084 603351 169715 48963 114195 496137 333371 587405 771821 310765 388878 540940 191637 371801 114446 649569 477217 227276 360228 427967 399594 582517 340188 234962 544149 425050 376532 340868 349096 491375 201071 269349 710606 565901 222161 499725 471620 276737 575632
958117 828935 1185934 167483 879572 423251 478910 1242289 691176 1092561 253560 432635 681469 492958 659096 544216 643618 554126 1028300 1087261 573051 1050642 193323 428962 703154 538910 125981 365875 603692 961082 847778 800424 999999999 947584 1021725 898454 390194 556880 985372 1122334 1057654 162486 353178 891786 920877 561406 964827 717799 925842 979555 816417 942562 643318 498020 833050 721501 133326 367353 844623 973746 907597 269861 893689 775045 774881 780912 942705 1123774 752071 46628 915980 861249 259661 609738 471961 894774 183080 1276306 840054 1158275 469539 1119805 549973 499295 586128 1335653 916419 1098257 983071 925239 738235 744929 880806 97302 795345 918352 1295178 926385 737660 320589
194329 164457 693721 789896 110044 549195 484303 592777 748302 724293 889690 536629 625189 465217 586359 733399 328651 934704 895522 712202 404728 506018 941526 558708 1012737 420597 863925 581724 349066 451812 404694 516448 947584 999999999 676724 239765 557618 596357 101497 591926 734805 794998 631606 245282 254702 386179 1117897 375119 745070 815004 138813 982451 584067 701760 604296 247142 865310 587562 393936 409302 1075543 716651 142867 681606 557884 627637 21480 531458 256670 943732 223308 904385 738105 532920 513881 458494 764706 673471 743673 672331 809192 372488 433178 711888 484118 662052 93172 367465 842331 862989 217123 339362 784203 852565 1062671 724045 655703 44895 777891 627930
487673 763693 182813 868793 580585 851154 805641 330645 371044 72523 809954 839906 340739 655600 364108 496673 773276 622028 245285 65723 806304 204720 888497 879190 589813 632770 896406 775569 727090 225784 294877 246973 1021725 676724 999999999 438344 773810 467589 594303 182374 58964 946533 696461 433849 909765 692125 543024 417721 151019 179896 699307 393623 380383 529373 189309 573348 890152 828300 305960 271950 524886 761692 791096 259941 254206 241551 655243 243682 805117 988645 453449 360226 766049 428328 616871 227591 883660 311016 230034 160988 595966 411328 824785 530568 480262 402646 584639 394751 208283 269762 708719 425293 225661 937092 581817 140799 350141 633532 347598 819619
76163 336292 476004 731311 143539 569198 506639 416868 539822 489354 779413 555854 420433 412102 389917 557672 403995 756271 656270 477392 463209 283432 844362 589500 811637 368448 792950 551148 383286 215831 169926 288494 898454 239765 438344 999999999 534673 431773 171674 374813 496847 767217 549189 8307 474382 381985 889903 199842 507191 576037 274199 750206 392505 541105 371460 207301 791497 580782 160071 178687 850938 637000 355138 457911 334238 402536 218384 326550 396664 883005 23461 676532 653969 361089 427171 218948 720542 485752 512749 451726 648588 231322 489343 549829 338625 502381 146828 213236 603664 627966 307641 163967 550409 801284 850967 486184 480677 195767 561813 602214
585033 442583 906875 238806 494479 99889 111185 920323 552516 845881 388772 96066 475345 127103 433585 432308 262153 577658 867090 837453 202112 740162 416473 128733 713833 166917 317874 27362 215039 647429 529464 527545 390194 557618 773810 534673 999999999 343816 600096 824679 823219 239349 151195 529167 550655 171694 929236 385874 727532 797472 426465 848406 417759 372335 593289 340350 321497 54492 522900 646336 872357 198421 508263 581864 522839 560455 553288 807938 373529 389204 548841 755619 222090 353263 158664 590760 207920 970158 662124 878528 435990 764713 187564 381371 293770 1012589 531127 745095 811846 779975 348792 401758 711461 296342 797090 712792 979522 537767 603295 70755
506594 572318 629073 401232 491354 438520 415311 696953 213331 539464 371134 430661 136061 260156 103527 138152 469286 338518 525102 533311 460547 503491 445521 468345 431895 267085 433053 336443 405680 419358 318624 246223 556880 596357 467589 431773 343816 999999999 579562 568562 508095 480995 233769 423553 722972 346157 604253 233829 392592 458770 520499 508980 87207 109438 278285 359566 427701 395469 319350 442555 550231 294105 630367 241892 218003 231451 580786 577567 556017 526643 454579 416086 298953 71065 192524 350268 417154 723374 320375 601465 217561 613028 466133 118514 115037 789312 522109 589860 470939 436184 475357 271483 369035 469947 498769 380377 745682 556809 262623 371674
106940 257008 597918 822522 105831 606912 541278 491558 707617 637067 901745 593805 586340 493502 552272 712336 398351 913365 821980 624929 471692 413688 959709 620302 977827 447496 892370 621877 405224 368605 341468 460020 985372 101497 594303 171674 600096 579562 999999999 496690 651263 839442 652371 179068 355891 429966 1061551 347258 675742 742689 215447 921377 552778 688275 542890 264600 892617 636607 331725 322935 1022545 739893 243897 629186 505243 573918 84249 433851 344069 976957 150186 848204 759784 511413 530207 385971 802635 572737 684301 577589 796699 271017 500255 697796 474101 560619 69023 266426 770833 798337 284899 309472 721356 888700 1020381 654819 554339 79175 731803 670800
398086 710458 102022 960617 514580 886910 832414 150442 525655 176090 933592 874405 463532 698751 471501 631211 763970 781553 418543 165848 811948 92445 1010479 912313 764713 666092 1000352 832300 729995 180332 296334 322516 1122334 591926 182374 374813 824679 568562 496690 999999999 213629 1025875 777828 373622 841927 709438 724152 440323 331118 360664 648950 575168 485682 651664 313633 557938 995462 877834 304047 199211 707194 853930 723367 410057 354219 374013 571140 72676 770258 1094261 381391 541793 862689 512624 677910 234308 967036 154939 401164 81088 734258 261178 834800 655241 544949 231796 507320 250963 388229 452116 678361 431857 404826 1031465 762167 318013 182357 553485 511950 880769
544881 822651 184111 908116 639307 902804 858807 353801 389930 47710 838769 891797 376702 707042 404812 524065 830436 633318 204954 52361 862033 253427 917489 931148 586961 685858 931859 823847 783331 283263 353483 299206 1057654 734805 58964 496847 823219 508095 651263 213629 999999999 988855 739740 492456 968661 746976 514040 473794 151288 153618 758261 366701 421333 561520 231962 631430 925191 877686 364608 328411 501620 801560 849949 285816 300766 277590 713325 281724 863674 1023088 511628 346746 804596 474045 665374 286484 925235 320128 240007 169561 620161 458639 879990 561740 529469 416103 642935 443430 178852 250063 767218 482676 223129 975317 569761 149031 363255 691790 359713 866766
821476 670135 1098649 102754 733800 261262 318777 1134919 653195 1018856 295221 271059 615308 355240 584053 508624 483898 577325 990372 1012110 411973 947516 274631 266483 728195 399813 155587 218335 447581 855573 738695 710403 162486 794998 946533 767217 239349 480995 839442 1025875 988855 999999999 250440 761170 758620 410459 978067 600408 870257 931909 661157 931006 567523 452559 757848 578724 165051 208699 733933 861828 919705 192848 734272 717693 693013 712404 791523 1018680 591144 178260 782876 842907 197903 519892 351595 792860 65474 1176911 790977 1070427 460865 994455 388251 457215 480956 1228186 770466 973897 940081 891949 582254 622857 836377 92303 819797 859542 1191230 776588 703378 168653
612698 545880 848664 186244 548349 249597 257243 891945 424923 768865 262696 247016 369663 168675 335493 292220 383490 426576 754409 761965 338382 701971 309921 277021 564405 211417 243803 130855 324493 611058 496074 460301 353178 631606 696461 549189 151195 233769 652371 777828 739740 250440 999999999 542177 672524 264952 787373 364654 626129 691032 515175 716549 318915 231741 508189 389314 242658 188610 492430 621474 729786 88184 611629 474579 442681 464683 622671 774261 492646 334279 567889 624797 107422 269467 123114 546386 189400 930122 551170 820494 285441 767252 329824 239586 234778 985379 584739 745521 701692 660585 444936 392456 598592 257707 649217 614136 946474 603051 476202 148330
84456 338364 474542 724582 147157 564827 502539 418700 531756 485661 771668 551498 412257 406172 381643 549369 402130 747967 650396 473732 460440 281918 836794 585397 803506 362747 785901 545394 380193 212310 162857 280971 891786 245282 433849 8307 529167 423553 179068 373622 492456 761170 542177 999999999 477818 377663 882635 191793 500893 570046 275830 743223 384207 532873 364398 203825 784392 575606 152859 176493 843478 629924 358634 450285 326524 394947 223964 326661 397102 876100 31737 669212 646783 352849 420320 213216 714155 486646 505590 450009 640332 236142 486380 541585 330751 504859 152177 217611 597579 621240 307210 156080 543524 794649 843050 479878 482370 201045 553945 596475
444464 155328 943949 786649 330847 497696 446040 847424 910921 963436 932650 488760 790718 510631 745960 858868 290300 1051247 1111707 951526 350866 753496 966692 493147 1154840 478180 866952 577995 348151 690113 621156 716897 920877 254702 909765 474382 550655 722972 355891 841927 968661 758620 672524 477818 999999999 409364 1299853 545657 957154 1030481 217400 1175571 738840 813715 808173 375438 871235 557547 609849 651997 1251863 743483 119263 867833 750268 818317 273932 784010 179880 929662 463215 1090286 767135 674207 579773 683823 748901 928132 939469 921426 912593 626788 371661 824428 609261 915322 334610 622157 1055997 1064764 247618 518265 984722 835664 1218337 936454 910218 289097 949241 610982
423575 281789 800328 405233 324880 187221 125503 787099 555772 761234 527284 173871 450998 101773 404188 471147 127103 652083 829516 751329 119345 619720 568647 208136 769023 79116 481386 195549 63084 529108 415490 449119 561406 386179 692125 381985 171694 346157 429966 709438 746976 410459 264952 377663 409364 999999999 949570 276022 678586 752809 257514 846132 391693 418975 530693 177238 483645 206905 406671 517983 896132 342034 347799 549984 460060 514189 381601 681515 230097 558284 392903 754339 365045 320199 173892 483141 378554 845493 630531 772541 510316 613142 133492 429569 248424 876956 361222 595198 772229 756474 182496 277933 680270 466548 842002 660739 848931 366174 602192 242313
959269 1144618 692795 875950 1008475 1028662 1015140 867810 394610 558678 711553 1022957 510014 863603 555921 496972 1069917 410702 315050 565853 1064800 739514 775780 1057902 264112 870766 853452 914599 1007447 723989 720117 602501 964827 1117897 543024 889903 929236 604253 1061551 724152 514040 978067 787373 882635 1299853 949570 999999999 755751 405915 363509 1084576 149682 564997 557195 519095 924434 843591 974276 729832 772806 58383 796775 1193154 436605 560015 490261 1097909 786493 1147012 919326 911523 213637 784786 634313 792942 683142 915684 829499 377516 682288 517972 941806 1069937 548552 704999 927024 1027259 922304 336059 276843 1057708 786466 344819 919660 175686 424522 874559 1073231 351680 935180
273446 390397 527047 550578 266096 447111 394867 536011 374740 485837 581605 434794 251642 259116 211346 365078 358330 566197 578443 475738 388619 354402 648646 473140 637665 225887 605706 395616 309538 261734 144064 182360 717799 375119 417721 199842 385874 233829 347258 440323 473794 600408 364654 191793 545657 276022 755751 999999999 423356 498316 329145 629964 209048 343215 271618 172821 603256 438314 137077 262006 709576 450243 437405 322179 207241 273485 357435 422241 406687 697975 222067 544910 464997 164427 249143 208780 546997 584293 395083 498968 451378 403559 407606 352337 140165 628904 293500 381481 521292 521598 311520 37828 441742 621859 688685 403688 594221 332719 407892 445486
569907 804275 329300 783484 639934 815138 778942 480774 243418 197492 698013 805351 256534 621708 294513 384275 778142 482172 155353 198571 797428 334478 776591 844510 439679 608858 799904 724079 723915 321074 340721 242256 925842 745070 151019 507191 727532 392592 675742 331118 151288 870257 626129 500893 957154 678586 405915 423356 999999999 75018 740397 257045 310725 427896 151739 594365 792593 781182 351698 370340 381251 679038 842011 152637 219438 167550 724010 386504 829495 889048 526649 211048 679287 374720 569236 289811 805374 461179 90427 310025 475850 535905 811544 426597 440104 553607 652019 516532 98872 129280 733585 443313 74713 848047 431215 21025 501033 700317 209413 762670
636192 878063 337194 842384 711075 886532 851707 505579 289165 200539 744772 876993 323284 694048 363892 435383 853092 507225 81230 205974 871788 380865 822744 916031 442415 682384 854026 793008 798653 381174 411891 316930 979555 815004 179896 576037 797472 458770 742689 360664 153618 931909 691032 570046 1030481 752809 363509 498316 75018 999999999 814042 214608 379745 483781 226706 669097 846273 850756 423017 430322 348349 739612 914790 216883 294284 239885 793807 423577 904301 941190 594735 196104 738342 445845 639717 357308 866671 473620 140997 323153 520056 586516 885576 481305 512604 569720 721840 568524 29196 97277 808304 517892 99279 905113 418216 94769 516869 770407 246572 830226
266327 64488 750203 662611 139153 411506 347108 678177 698587 756404 777159 399130 577004 346510 533272 658396 189848 856078 895235 744715 265928 557616 823445 420217 949968 304957 738870 451680 213602 485559 407062 499638 816417 138813 699307 274199 426465 520499 215447 648950 758261 661157 515175 275830 217400 257514 1084576 329145 740397 814042 999999999 958654 527307 618542 590954 162748 741027 452750 395750 452267 1037562 596839 110338 651109 532922 601135 141908 598241 130929 815157 268610 874054 619263 465867 404605 471935 634376 752986 722164 725824 722434 467148 294367 629113 405470 756453 160944 456603 839267 847366 79314 300948 767324 722744 1009223 719778 742339 136956 735099 495857
817564 1020353 547830 831961 874025 945656 924251 719958 296277 412315 691272 938471 396049 768011 443044 426199 961221 404570 175494 418871 964165 589972 763354 975402 288856 768856 823028 837244 900735 576822 580374 466109 942562 982451 393623 750206 848406 508980 921377 575168 366701 931006 716549 743223 1175571 846132 149682 629964 257045 214608 958654 999999999 454685 485851 378902 801723 813825 897277 590538 625886 136724 741397 1065478 307845 427084 357894 962021 636935 1030432 899254 771200 92941 733352 526065 701474 539082 866313 684726 238837 535865 475332 792828 972373 479098 597876 781751 890644 773563 187912 127765 938215 658014 200231 884354 232491 276145 729051 937590 246358 864443
468661 584510 543064 488434 475139 508109 477463 618195 172178 452285 448736 499068 59765 319213 16578 168703 507140 363937 450037 446105 510235 425115 525044 537785 428672 315218 518951 413485 446138 345331 255911 165732 643318 584067 380383 392505 417759 87207 552778 485682 421333 567523 318915 384207 738840 391693 564997 209048 310725 379745 527307 454685 999999999 170013 191083 364767 513307 471018 259042 373858 514632 381309 637456 164605 132357 145995 566481 499103 582092 612229 415934 363440 385997 71503 260483 276003 503977 640619 245554 515636 267795 551184 519789 175589 143277 709693 501973 527876 394317 367901 493953 245652 295362 557032 482368 297151 664713 541766 213561 452085
616016 666796 701855 359388 598322 472028 463281 787197 200639 598536 282602 466850 190260 321858 182075 60525 545782 237940 538545 594153 524455 594528 360461 501068 350956 341527 372052 357418 481430 515311 421814 335237 498020 701760 529373 541105 372335 109438 688275 651664 561520 452559 231741 532873 813715 418975 557195 343215 427896 483781 618542 485851 170013 999999999 344578 460610 364863 417169 423608 542789 500106 259897 727240 277208 297759 288073 686857 668376 641102 461992 563957 394901 255943 180056 247864 445958 387099 806285 343221 675277 108424 717452 524808 10718 217643 878128 629827 694185 489697 439395 567119 380817 386228 421334 428501 420383 832227 663185 250939 380069
440176 654468 357281 679484 496737 675999 635718 457914 217504 261245 626970 665504 154333 480622 174799 318667 627170 472474 306926 255031 648852 274516 705018 704869 478446 463722 708012 592895 573958 222073 201545 91348 833050 604296 189309 371460 593289 278285 542890 313633 231962 757848 508189 364398 808173 530693 519095 271618 151739 226706 590954 378902 191083 344578 999999999 442851 701961 647642 211641 266830 482455 572390 694322 104961 71377 60438 583682 343874 677856 800664 392726 306502 576804 242243 434869 167897 694686 466080 141580 330809 421214 448431 664094 346844 300350 544735 512085 426399 249936 259031 582067 292162 179908 747856 498412 132183 495983 559403 216137 635144
246514 220332 654503 558001 159423 363878 300283 620278 536373 636885 643927 350489 415438 228981 371117 497711 206131 696965 749696 625872 257839 465855 698368 383042 787561 182953 627908 360398 176754 380552 279603 352168 721501 247142 573348 207301 340350 359566 264600 557938 631430 578724 389314 203825 375438 177238 924434 172821 594365 669097 162748 801723 364767 460610 442851 999999999 628297 381762 268934 360028 876508 476240 273070 493918 379974 446181 235686 521114 235340 712408 216480 715385 496656 303245 268743 348781 539177 684157 567816 627818 566501 437319 283112 471026 244706 707921 196109 420127 692786 694416 139222 151571 614562 624603 846492 574329 683346 214711 573884 410427
