NAME : synthetic_000457
TYPE : CTSP-D
DIMENSION : 100
GROUPS : 8
RELAXATION_LEVEL : 1
EDGE_WEIGHT_TYPE : EXPLICIT
EDGE_WEIGHT_FORMAT : FULL_MATRIX
EDGE_WEIGHT_SECTION
999999999 628566 314606 147545 698475 584902 277867 757268 611537 485650 479141 573523 357941 354005 253573 167423 632059 464629 388548 360454 421860 156054 552588 588817 567056 543261 506387 383016 705339 498068 665261 595594 290071 639222 626089 271322 565518 733592 565819 624792 486363 607894 503472 364219 716986 446237 361428 401341 414805 483214 332469 204609 622714 493608 691931 397863 373929 235545 80667 488601 345613 489108 65790 127191 438081 328571 497109 491681 300447 414218 352519 468438 384743 424860 255384 472431 540996 662469 622135 136390 177334 272386 451681 640491 330381 377691 568260 364539 545845 289120 438182 396030 191648 462906 329747 392662 637348 279493 477516 276151
628566 999999999 404931 630014 712447 314734 365546 141416 713140 159544 866448 333841 635208 753827 726356 592646 789500 822052 475937 650241 317121 575298 1124570 576096 290536 801191 689479 522992 596068 170676 142137 546229 750910 798125 663873 701916 659527 780444 75060 156973 356591 115571 1108084 273511 108315 744825 354052 443819 723523 935465 510621 806447 558100 1061051 64904 388316 308419 863549 652092 634282 413345 231456 563096 528943 669075 625166 699527 871095 739278 229266 295013 276225 945357 304361 448726 709929 738090 525186 674053 753080 736768 623417 762530 15326 852460 935082 663547 656428 259963 776945 633859 694806 723320 277477 356659 291659 445468 661305 417023 898512
314606 404931 999999999 248147 805517 524596 241418 503887 750684 245615 737285 526143 544665 349725 325456 206010 800512 708487 120878 554894 114736 366928 867037 666601 256175 749484 671166 493794 752647 238250 498733 655576 347403 809108 735605 525743 694263 860075 330379 343095 171887 340702 815329 154738 511150 356867 348671 111001 330976 767141 447858 519210 679795 807522 457538 85259 317546 520720 296925 630742 39657 199779 258412 292067 292910 224650 339390 747479 334738 280354 125676 166407 696648 121868 60835 337280 717785 689258 738138 450304 481079 480861 373036 411718 630671 688887 698087 260461 240470 573463 597133 602358 485110 394504 51290 324819 631531 508386 171940 539896
147545 630014 248147 999999999 827894 658041 332253 743255 746973 473383 626086 651132 498092 212229 122963 42678 773316 612173 280105 502136 362774 291120 660260 708497 500509 688958 645378 504985 818733 475135 696361 710284 158965 780783 754953 418800 697869 867889 559061 589399 406162 582816 591097 356869 729909 298846 438664 301812 267326 625344 452951 320212 737223 606163 688667 317241 435005 281265 76537 622439 265540 446317 149056 236344 292960 184732 351594 638757 163097 446858 335263 414552 506369 369947 190175 325676 682645 768632 752505 249208 317080 414237 304779 639395 467321 501059 700914 218374 487912 433780 574591 540299 335902 526736 283863 451007 732070 424909 381472 293441
698475 712447 805517 827894 999999999 399845 564146 831785 107213 717386 430861 379228 351251 1039414 947300 824899 162974 389085 926363 354637 826624 542490 808785 143789 916459 275140 214685 324748 146752 753194 603908 167591 984139 166114 72969 480706 134978 68730 721278 844293 912017 800703 871969 687503 700944 1109229 460979 913364 1077583 529844 376599 697741 154472 759409 756384 867778 502012 841203 777602 212343 843244 808774 678846 591768 1071829 970488 1127416 422893 990761 576265 710338 831660 683887 817339 787848 1114554 211385 201655 76583 708858 619264 435250 1119656 726573 591903 673844 132932 1012200 878765 536617 265944 341415 586563 461725 769198 502900 278440 444771 950009 900861
584902 314734 524596 658041 399845 999999999 325983 432287 413940 353732 633413 23569 415965 842970 778097 635234 494575 584782 637020 430604 499827 462673 956957 269906 552551 532262 416530 295501 282172 388489 207063 236901 811521 502691 357301 527070 365730 468366 334494 456348 575266 411867 972372 374098 304364 876387 223830 613917 848007 719740 313531 699947 245510 895211 356544 558984 223665 804375 642871 361762 553962 453546 532452 458303 817184 737023 863643 634223 808748 245445 402802 487175 786908 487860 534719 861639 460371 210941 369022 670258 616071 444229 891194 328338 684664 775778 369440 776938 515190 607322 380329 463861 591247 133499 476182 209302 132251 479239 625651 854463
277867 365546 241418 332253 564146 325983 999999999 502845 511116 249021 545032 320039 327205 520508 452158 309577 565073 507962 362227 339917 280590 211392 761918 426035 404264 527154 438091 256214 517753 274521 387680 416875 485818 573825 494208 352522 454205 618848 313897 403243 367321 374027 742541 151605 444467 565684 113949 350263 535540 596876 214753 441581 441913 698579 430401 308339 102788 511649 323290 393863 279505 298978 216979 164868 516791 424382 569557 552848 483778 139563 163463 303020 582605 274592 227993 560806 486441 458198 496890 391524 371362 284285 578871 379070 493696 572624 458095 465798 370989 421205 365556 388626 359123 194610 208007 119410 409760 319547 394718 554014
757268 141416 503887 743255 831785 432287 502845 999999999 841826 272894 1007261 453783 776016 843189 829327 703532 920146 962529 550514 791090 399512 713790 1263932 700793 319994 938207 825218 662567 705757 268155 229760 668818 850248 928615 788627 842992 789967 900421 191731 174855 411213 163838 1244338 394390 137172 817315 495416 516841 799980 1076856 651645 941364 677689 1200463 79949 467035 449793 990342 773456 769703 503150 308047 691480 664146 737307 711379 758360 1011711 836089 369258 410845 349805 1084614 388443 555351 774513 873188 636803 799757 885474 874036 764769 835613 126485 992717 1074447 793907 737571 302878 917574 772031 835259 861775 415551 460847 433074 556721 802637 470669 1021801
611537 713140 750684 746973 107213 413940 511116 841826 999999999 694121 325527 391026 256100 959202 863594 747914 82386 282598 870494 257134 785255 457043 703116 146158 888000 172069 111259 257375 220643 729214 620815 181977 900386 89800 69546 379545 57635 122388 710729 831950 872016 789917 764838 647026 717904 1035527 419501 860789 1003639 424894 306192 595600 185085 652913 763548 819271 465694 740735 691768 124939 789573 778869 598519 513354 1003821 899339 1060825 318234 908612 548011 666975 796681 576689 777188 726316 1045450 104382 251111 54553 610828 519288 341999 1044834 727992 485190 566662 53577 940649 850935 431681 173361 238146 486590 444590 719082 470616 313629 346883 904661 800636
485650 159544 245615 473383 717386 353732 249021 272894 694121 999999999 787606 364722 561395 595017 567094 434992 762166 747555 324660 575462 167120 457972 1006804 573986 200883 749256 646418 465359 625663 35886 263646 551149 591390 771057 657565 601263 637058 781709 85994 154652 227256 125942 979009 121678 265625 591071 284525 294322 568355 844505 438470 674873 569449 943818 215420 237232 234748 717721 500703 594554 256204 100413 419907 400350 517940 467420 553047 794376 579749 147237 138588 138614 827949 153982 289590 560172 696251 555168 664834 616120 612563 530279 608417 167220 741735 818289 641178 500026 163089 670058 580684 623283 603872 255824 197117 225700 482021 566626 283290 748937
479141 866448 737285 626086 430861 633413 545032 1007261 325527 787606 999999999 610572 231250 822839 717709 645388 279371 49204 840771 216208 813904 370850 377933 426903 947347 156922 241070 347904 535737 816652 819103 459446 751404 280740 387291 213893 327000 419396 836382 941686 896715 907361 447815 696014 907895 923099 513764 843835 892154 99508 355977 361040 476113 330073 927843 820560 561989 505796 553014 284885 775876 843808 502788 446002 916990 807309 976089 13874 766750 649218 703849 844388 270731 810635 691060 951536 222376 544749 373659 408234 317327 261861 927068 881674 204446 262546 325873 843679 915258 197035 253921 173056 292503 594676 726284 576802 581878 229968 908893 563383
573523 333841 526143 651132 379228 23569 320039 453783 391026 364722 610572 999999999 394344 839194 771972 629613 471462 561873 640272 408886 506455 447698 936297 247517 564649 508711 392981 274319 265469 399918 229797 215040 805829 479612 335127 507349 342438 447582 350143 472641 583624 428273 953283 377750 326974 875639 214029 618098 846869 697391 294335 683460 224758 874744 377410 563854 218941 790404 633406 338246 556640 463834 522623 446534 818050 735649 865516 611258 803722 249266 406084 496086 767064 494747 533588 862539 436805 194101 346641 655476 599164 424813 890147 347724 664637 755920 346166 775933 527092 587496 357273 441462 573771 131990 478577 206086 117592 459383 632720 841254
357941 635208 544665 498092 351251 415965 327205 776016 256100 561395 231250 394344 999999999 709623 611300 503830 275234 187533 658381 15223 605557 207253 544517 272729 731200 204892 148520 121205 396250 591948 591521 294214 647914 282759 282245 136383 216317 378460 606390 714371 691271 678723 573912 478465 678349 792745 283140 655184 760796 306922 125028 351409 318422 484288 696630 623159 331949 491399 438569 139532 584297 624685 352436 272832 769022 661278 827464 236060 657459 419970 490245 630218 382564 600534 508210 808651 184793 378316 275162 357718 269781 86122 800628 650439 280079 371446 218323 701535 697308 208069 85396 61967 237323 364351 524270 346165 391524 94540 711808 550704
354005 753827 349725 212229 1039414 842970 520508 843189 959202 595017 822839 839194 709623 999999999 105502 216659 984703 813827 297961 713178 443893 503061 789580 917585 548409 897120 857289 715644 1024848 584786 846323 917521 75688 992060 966447 622894 909941 1080061 678925 672669 446080 679678 697524 497876 860642 116209 632830 331284 95228 809176 663572 484435 944238 744813 803969 376580 620253 386676 274184 834645 341679 535358 360986 447658 165340 132245 205926 836050 56477 611850 470360 493500 662345 455375 316164 170580 893841 971635 964274 421289 506188 625090 112324 759902 646062 659606 913012 115364 550537 626461 786768 749942 530417 709511 399850 633714 929267 633495 396947 363714
253573 726356 325456 122963 947300 778097 452158 829327 863594 567094 717709 771972 611300 105502 999999999 143464 885632 709469 311873 614017 433748 406557 693300 830226 557351 795022 759605 625876 941352 563109 804372 832698 36845 892791 874472 519545 815964 985224 652950 665905 456353 665967 606873 457867 829993 215202 560481 341684 188037 703783 573970 379921 859680 646075 781552 374683 554520 291320 172929 739740 329642 523498 269615 357318 241404 159031 292956 730969 49098 559338 433021 485820 559805 443412 277644 260162 794567 891581 871478 315940 400829 525927 214902 734301 540806 556642 818878 170506 552266 521158 690449 649155 425433 645855 370523 569819 854703 532213 417331 277689
167423 592646 206010 42678 824899 635234 309577 703532 747914 434992 645388 629613 503830 216659 143464 999999999 778576 628590 239676 509090 320494 296927 697261 701240 457840 699504 649286 500417 808225 435393 663651 700870 176288 786295 751954 434745 697113 867656 520889 548017 363595 542374 630925 320471 693867 288933 419535 260242 256978 650340 448410 353925 727579 642059 650412 274590 411573 323061 109540 622995 222864 404787 151440 234560 271821 162066 330982 657701 174815 416590 297636 372391 539789 327874 148940 308100 688582 755545 750347 282403 343034 422135 297257 601623 495202 533979 700321 199919 445434 456544 577090 549545 358999 502690 243188 426611 715197 436325 339844 336115
632059 789500 800512 773316 162974 494575 565073 920146 82386 762166 279371 471462 275234 984703 885632 778576 999999999 243775 918668 271649 843521 482436 655143 228337 952561 123441 130640 308931 296508 796717 701054 264291 922102 8901 149726 379764 130188 140106 783612 903635 930532 862342 726716 706941 797904 1067494 482088 911384 1035535 375855 352676 588734 267206 609286 841398 872891 530094 736532 712715 171462 839908 843312 627342 545751 1041334 934593 1099303 269607 932202 615123 725033 858428 544359 836215 771315 1081751 91119 332344 135058 613363 519029 359774 1075626 804493 460942 535098 126239 975252 915980 418380 204864 239221 486965 517350 772433 536881 396009 355858 959770 796508
464629 822052 708487 612173 389085 584782 507962 962529 282598 747555 49204 561873 187533 813827 709469 628590 243775 999999999 815135 172856 780715 344760 421009 378688 911704 120490 193259 301407 489136 777365 771851 410879 744080 246290 342131 193849 280295 382570 793908 901102 864620 865940 484256 659469 861335 910677 470668 816515 879353 145937 312542 367079 427981 370350 882932 790703 519445 514549 541202 235880 747515 806916 482320 419532 900352 790615 959519 49781 758248 607303 668684 809315 300617 776872 664641 936264 178404 496422 328870 407038 313154 228488 915577 837316 221646 291448 279377 828100 878901 196192 204931 127270 285214 548813 694785 533685 532752 200427 879360 573423
388548 475937 120878 280105 926363 637020 362227 550514 870494 324660 840771 640272 658381 297961 311873 239676 918668 815135 999999999 667800 158951 470534 934857 787445 250769 863166 788776 613283 872335 305706 587813 776141 321721 927192 856343 627178 814311 980655 401499 377403 148343 388911 870601 262931 584252 269297 469174 33751 249867 862391 566407 588449 800194 878256 519033 87773 436517 560896 347739 749712 84638 246803 344076 395608 193484 166427 230161 851667 302857 391579 234266 202562 772370 171882 150819 235519 834670 808148 858747 517106 564239 590035 287236 479494 716976 765702 818105 187639 253030 666829 714530 714379 573473 509722 162569 442608 748413 614802 105650 567646
360454 650241 554894 502136 354637 430604 339917 791090 257134 575462 216208 408886 15223 713178 614017 509090 271649 172856 667800 999999999 617517 212166 530891 281544 744101 195492 147667 136185 404791 605818 606717 304227 650522 278910 286805 128676 220078 379221 621068 728630 703003 693175 562007 491355 693571 797860 297920 665198 765930 291770 139877 345199 327958 470950 711730 633997 346595 486794 441119 144436 594491 637873 357655 279770 775554 667425 834145 221176 660556 434478 502673 642839 370324 612680 517372 814824 180674 388945 279043 354429 264867 88127 805441 665466 268140 359235 221837 707442 710396 197486 90278 48715 232226 379566 535447 360959 404126 90177 722715 546337
421860 317121 114736 362774 826624 499827 280590 399512 785255 167120 813904 506455 605557 443893 433748 320494 843521 780715 158951 617517 999999999 450309 971704 683681 145260 807364 717996 534899 754437 146755 430762 666934 452333 852342 760435 607963 727714 886247 242565 232214 87014 235824 924965 139150 425426 427722 366969 127558 406867 853273 495271 625462 688735 911068 362048 71216 324660 634528 410537 672061 104368 91489 361528 378478 352375 312513 385993 823000 437280 259525 118503 52310 798237 13137 174648 393941 766674 686643 765138 558247 580446 552604 445471 321041 725967 789913 731728 341026 126060 663552 645957 666114 580753 381479 93336 325163 620116 584082 126549 654580
156054 575298 366928 291120 542490 462673 211392 713790 457043 457972 370850 447698 207253 503061 406557 296927 482436 344760 470534 212166 450309 999999999 550528 434262 589987 403884 354266 228945 552623 480431 579880 442917 443359 490003 470051 158934 409894 578707 525287 610546 530054 583766 534964 348049 647566 585712 250103 472988 553777 403021 180047 241435 469949 487189 640195 450921 279552 343789 235282 333306 405235 493263 145503 75153 564558 455885 623395 381430 451728 346447 348985 486281 371214 448682 320356 603232 392028 513575 466212 207792 163326 125599 593423 589186 284064 361249 412712 495593 561078 215191 284006 253373 148037 356307 359570 298937 496104 144920 538807 396993
552588 1124570 867037 660260 808785 956957 761918 1263932 703116 1006804 377933 936297 544517 789580 693300 697261 655143 421009 934857 530891 971704 550528 999999999 792862 1116796 534412 611393 662223 908146 1026980 1114019 822244 714833 655597 762993 432837 699910 795087 1075808 1157168 1038885 1132742 120098 892066 1190450 905347 782100 951114 880402 279451 645787 348130 842118 63543 1189357 950433 821014 402972 587855 646216 898068 1030941 610277 607256 932753 835057 986104 386318 736955 895303 887839 1015700 179340 973485 807964 953444 599265 908697 749846 418511 395249 516182 901698 1138725 275301 189498 699287 858642 1093001 353092 603016 508650 403124 882752 878536 839587 933462 479409 1028762 431927
588817 576096 666601 708497 143789 269906 426035 700793 146158 573986 426903 247517 272729 917585 830226 701240 228337 378688 787445 281544 683681 434262 792862 999999999 772760 292228 185994 205810 123619 609753 476940 36353 866845 235931 87913 409102 107536 207995 580555 703280 768765 660076 837706 544665 574267 980740 319499 773186 949439 524416 256933 622297 49383 736990 623531 726391 359037 757614 665125 146840 703701 664996 560659 472980 939110 840548 993561 423167 871452 432476 568031 687982 645510 674214 652391 982450 215807 117916 99128 620651 538626 345665 992097 590610 545588 634667 110293 882370 735089 478431 194800 288248 506897 318631 628614 359375 168896 365478 807657 815746
567056 290536 256175 500509 916459 552551 404264 319994 888000 200883 947347 564649 731200 548409 557351 457840 952561 911704 250769 744101 145260 589987 1116796 772760 999999999 928407 831865 648262 826517 165152 428559 751006 570596 961459 854971 745756 830508 979882 231245 147834 102426 177907 1069957 252748 390575 505859 470500 218103 492047 991799 614247 770720 769828 1056006 311105 184491 422696 776655 553045 782406 235023 109256 506733 520036 424171 417194 440249 955732 552656 340995 243571 103726 942843 143481 316998 458704 881433 755943 861552 703429 724782 685509 524316 287286 868825 934396 834610 436012 37826 804591 762543 792792 724082 455852 238261 417457 682170 718765 155563 793845
543261 801191 749484 688958 275140 532262 527154 938207 172069 749256 156922 508711 204892 897120 795022 699504 123441 120490 863166 195492 807364 403884 534412 292228 928407 999999999 115734 284110 389439 781837 731761 327558 830809 125800 237945 277277 185553 262937 783724 898447 893669 859888 603457 676651 825826 987056 464844 860060 955255 255052 314161 475643 339499 486951 858309 827448 514740 623951 622981 170926 789126 820356 548708 474170 968435 859616 1027277 148099 842891 603262 690592 829254 421098 801700 712828 1006869 76424 408641 223498 507088 411964 278364 993661 816494 339858 411936 183399 899002 893404 303507 169070 150628 381125 523717 728111 525567 457705 264054 915965 683596
506387 689479 671166 645378 214685 416530 438091 825218 111259 646418 241070 392981 148520 857289 759605 649286 130640 193259 788776 147667 717996 354266 611393 185994 831865 115734 999999999 183803 296786 680046 616496 219307 796261 138905 155072 268292 88991 232226 675584 792634 804955 752904 664522 583087 710981 938070 362635 782134 906113 339192 223979 484440 235097 557692 745443 744807 411958 629480 586982 55673 710663 722892 498374 415769 910912 804438 968799 237173 805528 499336 599762 735443 473957 711221 640967 951491 49833 303908 143788 499984 408103 234535 946512 704735 378984 463562 88848 845224 795906 321937 74336 127106 375417 412460 644427 420936 345956 236548 832226 689389
383016 522992 493794 504985 324748 295501 256214 662567 257375 465359 347904 274319 121205 715644 625876 500417 308931 301407 613283 136185 534899 228945 662223 205810 648262 284110 183803 999999999 323827 498288 471574 214268 662613 317707 251929 237258 201989 371393 500780 614413 621908 576198 683958 399354 560027 784593 180839 604245 752911 427729 52073 433991 241210 600986 582745 564343 230689 560810 459489 137651 532882 539413 356341 268705 748938 646303 805312 351057 668081 319154 416492 551648 495119 527862 469072 791199 233210 288635 251298 422694 348404 158499 794924 538310 392296 483950 205641 687935 612472 316249 115326 174864 318821 247659 463900 241551 284940 189140 650930 617463
705339 596068 752647 818733 146752 282172 517753 705757 220643 625663 535737 265469 396250 1024848 941352 808225 296508 489136 872335 404791 754437 552623 908146 123619 826517 389439 296786 323827 999999999 661367 476017 109771 977659 301715 151893 532632 208846 211050 615610 738058 836291 693652 957707 618050 571360 1081353 405134 854764 1050584 634827 373065 745838 82685 853912 633623 804344 436011 880372 779811 266357 787736 722598 672852 585714 1034543 940217 1087003 530347 980853 495611 643995 751177 765807 743770 745682 1078533 315303 71370 166692 743046 661993 468819 1093682 609266 666942 755081 209870 981924 788744 601156 316910 408890 630363 374202 710456 431512 150609 489093 880652 938215
498068 170676 238250 475135 753194 388489 274521 268155 729214 35886 816652 399918 591948 584786 563109 435393 796717 777365 305706 605818 146755 480431 1026980 609753 165152 781837 680046 498288 661367 999999999 287733 587016 585651 805613 693171 626950 672063 817424 95859 130274 197594 110049 995607 135536 278886 574268 317626 274038 552847 871317 469907 691395 605335 964275 219510 217960 268095 727452 507588 628572 243394 68547 432683 419732 499102 455191 531465 823733 572793 181597 145914 110531 848637 133871 287473 540464 729870 590801 700347 630688 631957 557850 591928 175479 764495 839179 676181 485885 127401 694030 613586 653903 624790 291686 193110 259902 517330 593707 255520 756209
665261 142137 498733 696361 603908 207063 387680 229760 620815 263646 819103 229797 591521 846323 804372 663651 701054 771851 587813 606717 430762 579880 1114019 476940 428559 731761 616496 471574 476017 287733 999999999 443588 832786 709259 564181 681874 571618 672632 198977 299110 484171 257265 1112800 348748 97378 852019 333171 557886 828000 898334 473357 820430 450565 1050810 160665 500695 300539 899297 703957 560940 515626 355168 602857 549898 780641 723377 816673 821629 824266 252588 375965 398248 937449 417625 531323 823273 662364 407307 576036 776402 742841 599141 868997 150511 838725 926630 575408 758363 395661 761025 571777 646268 723880 231478 447647 281083 327366 636751 543022 941241
595594 546229 655576 710284 167591 236901 416875 668818 181977 551149 459446 215040 294214 917521 832698 700870 264291 410879 776141 304227 666934 442917 822244 36353 751006 327558 219307 214268 109771 587016 443588 999999999 869110 271776 120707 429939 143578 234612 553694 676702 751119 633130 863933 528447 540966 976894 306969 760541 945858 556215 263294 640281 27126 765541 592153 712287 343232 772624 670286 176412 691916 644085 563781 476460 932626 836105 986182 456187 872750 412340 552818 668797 671692 657041 644557 976313 251193 86454 133130 634937 555734 362336 988778 560555 570822 660753 146439 877901 713229 501712 220739 315204 524543 295332 615798 341778 132543 384881 791911 830076
290071 750910 347403 158965 984139 811521 485818 850248 900386 591390 751404 805829 647914 75688 36845 176288 922102 744080 321721 650522 452333 443359 714833 866845 570596 830809 796261 662613 977659 585651 832786 869110 999999999 929230 911307 554904 852804 1022041 676942 684395 468677 686516 624556 485006 855564 190540 595046 353044 166219 735157 610687 409409 896073 669475 804819 390301 587858 311865 209404 776564 347972 543045 306306 394003 227628 160249 275017 764743 23528 589853 459350 503943 586683 462601 303170 240751 831019 927491 908323 347367 434180 562456 187847 758361 571761 583990 855717 162440 567782 554576 727218 685349 459515 678910 394295 602816 889842 568326 426056 291850
639222 798125 809108 780783 166114 502691 573825 928615 89800 771057 280740 479612 282759 992060 892791 786295 8901 246290 927192 278910 852342 490003 655597 235931 961459 125800 138905 317707 301715 805613 709259 271776 929230 999999999 156225 385737 138708 139523 792406 912469 939354 871154 728399 715798 806154 1075223 490984 919994 1043266 376525 361295 593818 274171 610362 849909 881599 538995 741743 719865 180281 848517 852210 635013 553659 1049369 942527 1107378 270665 939450 624018 733858 867304 546895 845051 779736 1089717 98241 338845 141699 619226 524753 367033 1083287 813110 464491 537733 134737 983143 924880 423100 213193 245696 492779 526130 781142 545779 403253 362540 968513 801692
626089 663873 735605 754953 72969 357301 494208 788627 69546 657565 387291 335127 282245 966447 874472 751954 149726 342131 856343 286805 760435 470051 762993 87913 854971 237945 155072 251929 151893 693171 564181 120707 911307 156225 999999999 414471 67733 125815 667099 789562 846396 746610 819303 621321 661550 1036501 393682 844115 1004831 486765 303712 631616 118846 710822 711437 799541 436544 773474 705023 142714 773650 746542 605910 518805 999690 897950 1055497 381062 917843 514004 643317 767616 628999 751524 716547 1042290 165159 182635 14995 639837 551618 364929 1046851 678422 533782 618623 66893 939635 817460 474420 196926 278424 519008 403414 700391 438822 248823 376497 882772 832888
271322 701916 525743 418800 480706 527070 352522 842992 379545 601263 213893 507349 136383 622894 519545 434745 379764 193849 627178 128676 607963 158934 432837 409102 745756 277277 268292 237258 532632 626950 681874 429939 554904 385737 414471 999999999 347177 499852 660636 755704 688632 725409 446885 498864 760780 717559 351988 630992 686113 246112 213880 217185 454508 370062 765995 609849 394092 361190 349099 272756 563865 646093 289425 233688 706524 596780 765691 225277 567903 474507 502924 642083 259861 605786 477919 742444 290404 513097 406026 233688 140132 83428 722873 716611 158093 248744 348650 634269 715594 80333 218812 142346 107622 450414 518024 411837 520459 48187 697661 421098
565518 659527 694263 697869 134978 365730 454205 789967 57635 637058 327000 342438 216317 909941 815964 697113 130188 280295 814311 220078 727714 409894 699910 107536 830508 185553 88991 201989 208846 672063 571618 143578 852804 138708 67733 347177 999999999 170614 655123 775908 814450 734144 753379 589425 668258 983742 361867 804153 951918 425995 251961 564362 153980 646578 711212 762184 408112 706866 645171 77512 733028 721353 548955 462783 950262 846623 1006925 321918 860226 490734 609474 739049 562544 719608 670997 992223 109303 223090 58966 573999 484926 300352 993449 674488 466576 552080 4121 888090 793482 406697 130974 210707 452262 388795 662083 413192 275671 310086 847363 766412
733592 780444 860075 867889 68730 468366 618848 900421 122388 781709 419396 447582 378460 1080061 985224 867656 140106 382570 980655 379221 886247 578707 795087 207995 979882 262937 232226 371393 211050 817424 672632 234612 1022041 139523 125815 499852 170614 999999999 787944 910836 972207 867434 866378 747135 769674 1154345 519450 969025 1122526 515902 422098 714600 222874 749376 824871 924965 562314 860750 813700 245535 898352 871687 719124 633239 1120293 1017063 1176701 409711 1029928 639070 769070 893241 682586 877338 839340 1162433 213759 269641 121960 732178 639915 464386 1164062 794646 596099 673088 167348 1058570 942294 547807 295550 357663 607283 526592 825602 564366 347024 468678 1008460 920739
565819 75060 330379 559061 721278 334494 313897 191731 710729 85994 836382 350143 606390 678925 652950 520889 783612 793908 401499 621068 242565 525287 1075808 580555 231245 783724 675584 500780 615610 95859 198977 553694 676942 792406 667099 660636 655123 787944 999999999 123100 286691 79523 1053416 204667 183073 670127 323396 369651 648618 899730 481466 750051 568716 1012476 129608 313780 274483 799492 584588 621556 338290 159051 500051 473179 594826 550118 626362 842069 664974 187582 223884 203451 896501 229716 375534 635998 725074 544244 675985 693755 683992 585328 687780 81419 806757 886518 659220 581397 197174 732917 614789 667460 672893 266346 282674 260555 466657 622703 346448 832279
624792 156973 343095 589399 844293 456348 403243 174855 831950 154652 941686 472641 714371 672669 665905 548017 903635 901102 377403 728630 232214 610546 1157168 703280 147834 898447 792634 614413 738058 130274 299110 676702 684395 912469 789562 755704 775908 910836 123100 999999999 236372 44529 1124532 265268 247141 642892 434228 343655 626144 999155 590548 820464 691816 1094503 165019 296199 384358 850942 628699 739383 336539 143342 559912 549914 562615 540468 583654 948254 668945 295599 272625 180460 978892 222569 399233 599661 842354 666692 798223 758681 762067 684909 661229 149708 894599 969446 780017 564956 128046 823745 729410 776113 755063 387401 306113 372881 588599 721279 295865 876652
486363 356591 171887 406162 912017 575266 367321 411213 872016 227256 896715 583624 691271 446080 456353 363595 930532 864620 148343 703003 87014 530054 1038885 768765 102426 893669 804955 621908 836291 197594 484171 751119 468677 939354 846396 688632 814450 972207 286691 236372 999999999 255441 985574 225251 462974 407250 453296 115790 391874 932810 582064 690967 772394 979408 389873 89815 410068 685555 463707 759073 142736 129236 430034 456671 326459 314769 348092 906127 450480 340702 205503 88858 868371 94927 231254 363308 853582 767653 851323 621743 652216 636196 425652 356986 800654 860523 818472 334157 108567 741029 732811 751504 655032 462236 170644 409561 698988 666747 60790 699347
607894 115571 340702 582816 800703 411867 374027 163838 789917 125942 907361 428273 678723 679678 665967 542374 862342 865940 388911 693175 235824 583766 1132742 660076 177907 859888 752904 576198 693652 110049 257265 633130 686516 871154 746610 725409 734144 867434 79523 44529 255441 999999999 1104057 244308 212682 657282 396945 355445 638770 967340 554287 799830 647956 1069760 134909 304112 347315 837484 617277 699243 339316 144335 542407 526130 578430 548070 603297 913555 672262 258811 255959 186864 953889 224637 393614 617112 802524 622289 755462 739981 738400 652698 675444 110278 867356 944223 738246 575136 151078 795231 690824 740231 729811 345368 299190 334816 544116 689528 316117 865871
503472 1108084 815329 591097 871969 972372 742541 1244338 764838 979009 447815 953283 573912 697524 606873 630925 726716 484256 870601 562007 924965 534964 120098 837706 1069957 603457 664522 683958 957707 995607 1112800 863933 624556 728399 819303 446885 753379 866378 1053416 1124532 985574 1104057 999999999 860121 1182523 813727 779925 890076 790747 356477 658961 304237 886058 126388 1172926 895939 813717 316760 523933 691593 843016 991786 566278 580252 848246 756317 899025 458528 647463 880472 852125 971910 192250 928252 754847 865196 660592 949742 807247 367297 371881 528564 808472 1121539 293874 203180 753364 775951 1049307 367845 643360 549460 388947 884422 833193 832944 965042 495072 969195 334167
364219 273511 154738 356869 687503 374098 151605 394390 647026 121678 696014 377750 478465 497876 457867 320471 706941 659469 262931 491355 139150 348049 892066 544665 252748 676651 583087 399354 618050 135536 348748 528447 485006 715798 621321 498864 589425 747135 204667 265268 225251 244308 860121 999999999 373397 511581 228046 240404 485411 744666 362676 555895 550653 829521 333711 187115 185634 596056 379922 535653 180445 147869 298543 284913 446673 377599 490677 704057 475797 128681 29200 152681 714067 130324 182612 490834 632255 551365 626117 495677 496877 434564 527660 283489 631707 704741 593460 414629 219432 562863 512267 540044 490572 248388 104022 187033 487906 468869 263480 627760
716986 108315 511150 729909 700944 304364 444467 137172 717904 265625 907895 326974 678349 860642 829993 693867 797904 861335 584252 693571 425426 647566 1190450 574267 390575 825826 710981 560027 571360 278886 97378 540966 855564 806154 661550 760780 668258 769674 183073 247141 462974 212682 1182523 373397 999999999 853113 408876 552108 831691 984160 557233 884898 547823 1126982 84424 496626 369843 952519 746911 655329 520968 339376 652454 609303 777367 732657 807407 911038 844621 304921 397080 384188 1012360 412650 552571 818137 757459 503402 673375 835944 810795 679222 870801 106028 915756 1001741 672079 764364 362822 838652 663716 734840 794290 314267 462013 351019 423743 717158 523641 990545
446237 744825 356867 298846 1109229 876387 565684 817315 1035527 591071 923099 875639 792745 116209 215202 288933 1067494 910677 269297 797860 427722 585712 905347 980740 505859 987056 938070 784593 1081353 574268 852019 976894 190540 1075223 1036501 717559 983742 1154345 670127 642892 407250 657282 813727 511581 853113 999999999 679627 302243 31960 915483 732998 594431 1002977 859859 788257 356576 659196 502375 370101 910605 336421 516055 440314 522651 82266 141316 97463 935995 168832 635324 482543 471662 775007 440464 342091 62323 977510 1023643 1035703 528760 609160 710612 18461 748668 753506 771826 987059 99993 515710 728464 865583 837654 631103 743794 407928 670073 974153 723168 350309 479847
361428 354052 348671 438664 460979 223830 113949 495416 419501 284525 513764 214029 283140 632830 560481 419535 482088 470668 469174 297920 366969 250103 782100 319499 470500 464844 362635 180839 405134 317626 333171 306969 595046 490984 393682 351988 361867 519450 323396 434228 453296 396945 779925 228046 408876 679627 999999999 453907 649486 581454 158131 491505 331133 718720 416895 406962 49919 584950 419424 312073 384967 361269 308762 235481 629910 538329 681924 519078 594320 138640 249639 377249 604732 358370 340928 674059 412427 344473 398181 454058 411448 271096 692814 369132 507086 593982 365927 579728 434053 429823 296160 344070 391214 106227 309224 63045 296496 309100 489187 633154
401341 443819 111001 301812 913364 613917 350263 516841 860789 294322 843835 618098 655184 331284 341684 260242 911384 816515 33751 665198 127558 472988 951114 773186 218103 860060 782134 604245 854764 274038 557886 760541 353044 919994 844115 630992 804153 969025 369651 343655 115790 355445 890076 240404 552108 302243 453907 999999999 283350 869235 558709 603603 784098 893601 486026 57329 418820 583074 366195 741400 71478 213875 352859 397835 225259 199441 258844 854382 334703 368865 212501 169420 786050 140638 153260 266437 828786 789545 847066 532670 575036 589775 320281 447056 727056 779030 808008 221381 219425 674171 708122 712418 582491 488585 144742 423681 727932 616117 79664 592330
414805 723523 330976 267326 1077583 848007 535540 799980 1003639 568355 892154 846869 760796 95228 188037 256978 1035535 879353 249867 765930 406867 553777 880402 949439 492047 955255 906113 752911 1050584 552847 828000 945858 166219 1043266 1004831 686113 951918 1122526 648618 626144 391874 638770 790747 485411 831691 31960 649486 283350 999999999 885599 701278 565828 971999 833937 768495 336069 629871 477601 339151 878712 312607 496352 408368 490713 76824 111394 110723 905005 143573 607986 456511 452342 747390 419406 313333 75369 945557 993253 1003973 499472 578805 678710 43370 727849 723989 743986 955228 71160 499830 697858 833638 805792 600368 715154 382217 641070 944463 691407 336738 457605
483214 935465 767141 625344 529844 719740 596876 1076856 424894 844505 99508 697391 306922 809176 703783 650340 375855 145937 862391 291770 853273 403021 279451 524416 991799 255052 339192 427729 634827 871317 898334 556215 735157 376525 486765 246112 425995 515902 899730 999155 932810 967340 356477 744666 984160 915483 581454 869235 885599 999999999 427148 328462 573751 234675 998285 852002 627604 462320 549478 380401 804313 892082 518591 476206 918280 809795 976755 106980 752700 712253 749035 888103 195023 851414 716127 949647 321884 642016 473161 387895 308267 314673 917491 950505 163761 189380 424970 843418 961705 195697 344722 255937 291698 669894 762499 643861 675994 277898 938851 516112
332469 510621 447858 452951 376599 313531 214753 651645 306192 438470 355977 294335 125028 663572 573970 448410 352676 312542 566407 139877 495271 180047 645787 256933 614247 314161 223979 52073 373065 469907 473357 263294 610687 361295 303712 213880 251961 422098 481466 590548 582064 554287 658961 362676 557233 732998 158131 558709 701278 427148 999999999 396209 290390 583401 572470 520830 207143 517451 408208 183458 487235 506313 304388 216718 698309 595064 754981 361050 616048 295479 377565 515347 473698 488993 420523 740346 271851 333897 302707 379324 310640 130744 743198 525820 371873 462594 255480 636635 579327 294213 150858 186037 282893 243112 420451 221143 322025 166482 608293 573053
204609 806447 519210 320212 697741 699947 441581 941364 595600 674873 361040 683460 351409 484435 379921 353925 588734 367079 588449 345199 625462 241435 348130 622297 770720 475643 484440 433991 745838 691395 820430 640281 409409 593818 631616 217185 564362 714600 750051 820464 690967 799830 304237 555895 884898 594431 491505 603603 565828 328462 396209 999999999 665848 290001 871124 602348 519895 148308 244778 489611 549943 688940 264262 277523 606832 502371 663621 374901 428196 580724 548259 670881 186161 627892 459902 633909 502313 720504 623208 71572 85679 278125 594808 819594 164923 180969 565832 531385 748345 172278 435475 357467 115773 597676 532714 539358 717616 257196 680861 208040
622714 558100 679795 737223 154472 245510 441913 677689 185085 569449 476113 224758 318422 944238 859680 727579 267206 427981 800194 327958 688735 469949 842118 49383 769828 339499 235097 241210 82685 605335 450565 27126 896073 274171 118846 454508 153980 222874 568716 691816 772394 647956 886058 550653 547823 1002977 331133 784098 971999 573751 290390 665848 999999999 786076 601996 735276 365982 798918 697404 195956 715840 663559 590832 503539 958110 862091 1011414 472232 899626 432665 575459 689291 693818 678637 669781 1001874 263149 69222 132775 661343 581509 388123 1014963 572174 593469 682935 156305 903872 732014 525313 242747 336724 550167 314013 639385 363684 130080 409913 814112 856505
493608 1061051 807522 606163 759409 895211 698579 1200463 652913 943818 330073 874744 484288 744813 646075 642059 609286 370350 878256 470950 911068 487189 63543 736990 1056006 486951 557692 600986 853912 964275 1050810 765541 669475 610362 710822 370062 646578 749376 1012476 1094503 979408 1069760 126388 829521 1126982 859859 718720 893601 833937 234675 583401 290001 786076 999999999 1125833 891351 757502 358966 532519 590155 839212 969089 549993 544626 883565 783703 937983 339710 691049 831785 825708 954524 115983 912591 748884 906004 548610 851958 698053 361162 332981 453470 857135 1075217 212216 126019 646167 808880 1031730 290096 545437 450839 339991 819620 817803 776090 874477 416932 970728 394137
691931 64904 457538 688667 756384 356544 430401 79949 763548 215420 927843 377410 696630 803969 781552 650412 841398 882932 519033 711730 362048 640195 1189357 623531 311105 858309 745443 582745 633623 219510 160665 592153 804819 849909 711437 765995 711212 824871 129608 165019 389873 134909 1172926 333711 84424 788257 416895 486026 768495 998285 572470 871124 601996 1125833 999999999 432457 372105 926557 713415 689961 462314 272231 626330 593603 710514 673722 737178 932176 792224 294072 353480 316618 1010169 349851 504518 750011 793512 563791 722293 817329 801658 687035 806253 51602 917036 999877 715173 703070 285903 841360 692082 755667 788214 335619 411030 354955 483596 724972 450636 960590
397863 388316 85259 317241 867778 558984 308339 467035 819271 237232 820560 563854 623159 376580 374683 274590 872891 790703 87773 633997 71216 450921 950433 726391 184491 827448 744807 564343 804344 217960 500695 712287 390301 881599 799541 609849 762184 924965 313780 296199 89815 304112 895939 187115 496626 356576 406962 57329 336069 852002 520830 602348 735276 891351 432457 999999999 369306 595947 373895 701963 52945 160524 343174 376359 281248 244491 316135 830524 373823 314668 160370 117285 781084 84111 142482 323056 792364 738200 803140 532742 566062 562490 374370 392102 715900 773447 766106 271120 177653 658590 671348 681955 570355 435410 100460 372833 674954 591101 88795 610652
