NAME : synthetic_000976
TYPE : CTSP-D
DIMENSION : 100
GROUPS : 8
RELAXATION_LEVEL : 1
EDGE_WEIGHT_TYPE : EXPLICIT
EDGE_WEIGHT_FORMAT : FULL_MATRIX
EDGE_WEIGHT_SECTION
999999999 540305 551082 876653 487423 478955 319412 857947 755288 354798 667882 651016 532337 720063 499920 625932 511722 301766 265581 837010 536027 699884 601181 505272 246155 267497 425253 349380 791884 459140 915445 727138 689726 880430 171679 574683 400340 616402 868980 1008023 574284 923547 458958 668999 173596 301382 780087 413601 641197 478282 695046 891281 284795 448561 564117 585226 257131 829584 925626 649189 631847 497755 465161 919837 465324 197145 156296 966683 389956 605440 750251 366654 549952 626277 507478 159497 609605 736896 823808 467579 535371 374311 150043 520535 952066 690885 328970 417730 538098 461966 709588 455919 822077 405943 540205 692314 301294 449600 866620 946793
540305 999999999 292642 719824 103137 482637 275961 451425 681752 612650 153564 540639 40928 182458 135157 703544 126727 787214 503455 519312 740460 360837 350675 40841 446382 443957 582573 438908 612972 227779 385287 690002 621409 368976 372742 45934 208843 569125 330307 499124 746284 798009 793664 800041 371479 245903 716442 826535 144271 67387 187727 638849 659863 111699 626045 292316 448145 333700 858427 121227 643087 364726 450789 441200 92376 488018 530512 808919 695895 80943 436348 765556 69805 237674 232240 383766 69617 739996 795364 600806 453104 373783 395092 658832 451364 158813 323915 649293 357621 769930 169299 624729 286565 141414 150335 667461 239898 268957 813417 864892
551082 292642 999999999 1003786 368425 234217 239166 737149 949859 770159 267948 808383 329669 350495 407848 934173 167207 848311 647175 811934 931973 653175 631991 266292 587286 324702 774351 627280 896894 479339 591055 950453 885088 607492 395145 331972 426549 823898 513039 727584 949701 1079465 937009 1020544 438292 297237 984065 933756 427305 309377 457115 930513 773303 343551 855023 576202 594259 591139 1131730 285748 888237 617774 207840 700498 234730 400766 620200 1094898 843706 360179 728630 876690 227184 530044 502101 441833 309746 993388 1058701 803631 705036 579388 411745 866302 692709 404447 508255 821929 73775 923213 372821 817846 492493 329769 435982 923670 345268 102127 1082639 1140997
876653 719824 1003786 999999999 635378 1140966 868642 417516 146405 589947 829031 227309 679596 785543 595938 347719 838128 883784 620182 272798 507534 377244 371795 739098 630501 999994 490359 527357 106980 533885 728590 194296 195162 646473 820424 691148 600136 263939 769856 679198 465905 82458 678051 413672 761291 788856 145866 791604 620550 694438 625970 152306 711793 663320 356133 428313 619534 596445 173611 790515 282904 412568 1110389 567281 769795 988213 735311 94164 632426 675633 310176 754268 789614 491001 503283 773919 733797 238033 193976 454041 347018 514974 830868 437485 633435 687602 582315 551190 1058674 639773 745599 485428 727509 687592 570204 222033 731554 948603 165787 165407
487423 103137 368425 635378 999999999 526627 279400 418744 586649 516360 254234 444924 67094 267372 39562 600757 203858 710091 412407 459865 638500 298038 263591 106974 358124 444886 481345 339852 528514 124893 429211 592108 524376 393675 331804 107311 112685 469263 390108 522523 643499 711201 697889 696950 313888 221931 621220 737556 153781 59063 207624 568516 572182 43806 523072 208606 358405 345588 766177 218845 541640 263334 494742 443564 134932 473153 453161 726725 600325 127472 371422 676551 166742 180988 135325 327939 158100 640361 698684 498424 352068 273036 353242 556002 468298 210074 229618 550062 424796 672675 243318 523102 339948 88654 75926 568302 191875 319901 719096 774262
478955 482637 234217 1140966 526627 999999999 274430 933178 1062136 784079 497182 926051 510992 579076 564470 1003028 361583 776192 664466 986487 962904 824659 777810 446185 611814 211609 817345 683562 1036722 608248 820609 1052496 993976 830167 379577 527598 540830 924957 744518 954185 990707 1209830 925075 1074677 441863 355765 1094474 891917 626546 472145 665290 1091875 750433 489154 926721 729262 621695 806954 1246490 509234 975031 731731 32013 916531 399029 285124 598512 1234784 842685 560685 897820 842391 430463 705604 644267 437387 519663 1084957 1160744 854043 810569 656428 384753 916386 915494 620139 580994 844023 164603 920751 596938 858341 720371 456996 602040 1021547 414493 213713 1192344 1260208
319412 275961 239166 868642 279400 274430 999999999 698132 787709 541003 368240 651874 288266 434190 312477 735464 203593 611285 417698 731152 711277 570780 511169 235184 359643 168785 558306 417320 765444 339418 658984 778528 719576 644770 156365 320311 269615 650834 597478 775031 734118 936257 701815 812800 200784 81408 820089 694730 411947 236674 460850 827658 535354 236739 657852 467038 367992 606904 972070 358644 702888 457867 245325 711950 184325 214978 381532 962677 610550 355524 640647 637992 257387 459328 379505 203225 336672 812368 886956 592080 536140 384065 174086 655107 726454 434256 308590 596427 246489 690224 434570 600905 558408 196521 354278 747921 140183 137731 918045 985805
857947 451425 737149 417516 418744 933178 698132 999999999 476479 724548 498089 392019 422356 431121 387487 623851 576697 999118 678028 144817 747763 164109 275730 486995 649803 862899 639462 568592 339931 399805 314433 514764 455770 233173 729608 407810 464972 460282 366674 267684 725047 497278 882028 722965 692867 637164 503628 967035 310117 465548 283702 275462 828336 461769 576554 274490 643186 192753 590583 465900 538421 392177 901217 150918 534933 885239 768813 477000 800018 377335 152476 912331 510903 241348 351142 707930 428207 577505 582106 626615 417644 510161 748601 653516 217265 343904 532503 721595 806118 845935 393707 663414 333375 504339 344650 515658 596450 719889 571801 582652
755288 681752 949859 146405 586649 1062136 787709 476479 999999999 449719 809361 141774 640836 779322 549015 201946 789645 740891 492608 339209 361348 384448 335730 693549 511149 904029 351601 410378 143023 470531 767819 49468 68717 687084 718738 661074 528146 141655 794982 744085 320436 169578 531646 275954 656571 706384 34702 645463 607745 644232 625569 261024 571090 606560 212627 394764 499823 630248 184399 770130 138246 333923 1032837 625981 715892 883427 607765 219852 487723 652692 337206 609099 750525 475712 451415 667903 709092 105705 116422 313111 251572 412567 726433 291968 691732 682555 485686 407519 997639 493375 740415 342553 747202 622476 532697 75804 647701 883108 132782 198989
354798 612650 770159 589947 516360 784079 541003 724548 449719 999999999 766047 390227 582627 783131 500893 282936 657855 296298 123387 647348 182956 563663 451540 596497 182873 582746 100145 179571 531007 410767 901135 410707 394954 839791 404909 623608 404543 331440 885130 947777 219505 617465 181564 314475 344992 473105 466448 243155 639112 547370 685902 651630 121866 501266 238263 472809 176189 778878 598184 733254 312752 338092 762083 836060 584211 532174 199817 669569 84426 639666 580711 187877 659194 554336 440531 347543 674208 404142 492427 136613 311260 249558 399537 173575 887876 713350 288784 63087 787324 157802 756108 110878 831808 481639 521443 376765 426800 674364 539413 622543
667882 153564 267948 829031 254234 497182 368240 498089 809361 766047 999999999 671041 187328 82547 280477 849033 165335 930657 655598 597977 892731 453888 473636 173106 597715 522073 735427 592400 724142 376219 323639 822852 753200 341383 496381 153449 362395 707018 247769 459661 897144 909974 946893 947416 507268 366501 843931 977121 208834 219004 216164 728420 810170 264798 772743 414621 600009 331666 979218 39233 784261 507929 468019 439075 203482 581316 675843 913189 849119 156674 526762 916263 118304 338636 372128 517939 101766 876223 925013 752546 594581 526812 518373 809599 426144 154266 477266 802803 341723 923422 108889 777309 224544 289342 281924 803097 376692 299756 938392 982721
651016 540639 808383 227309 444924 926051 651874 392019 141774 390227 671041 999999999 499756 645137 407429 231888 647873 686127 399826 277542 363535 267621 199032 551851 405062 775969 291225 301778 144047 329180 656760 152283 82382 578767 594305 521246 388552 70087 674863 652828 335851 285977 515382 332122 534463 570926 176300 616709 473052 502458 495480 261405 510109 464953 190049 257071 394305 518905 323849 631831 146680 194699 896261 533313 574239 761634 513743 320030 448894 514492 240424 570276 609170 342518 309750 546919 570114 209478 254846 263811 120167 287977 604183 272973 596511 549754 356921 365537 857006 477250 606942 300146 624843 481839 392276 137366 512618 743088 274449 335128
532337 40928 329669 679596 67094 510992 288266 422356 640836 582627 187328 499756 999999999 203037 95304 664728 162573 768430 476720 483450 705443 323672 309942 65489 421154 457038 548426 406729 572691 189647 384702 649264 580598 359768 368855 43795 178170 528763 337144 490199 709959 757535 764069 761897 360564 247011 675527 801307 123691 55291 173442 600878 635271 87927 587586 251745 422083 318952 817546 151754 603243 325042 479005 423732 112785 495353 511203 769028 666411 73289 399056 740277 110409 200699 191708 373706 91616 699533 754506 565218 413177 340120 391014 622427 439561 158619 294871 617022 392557 739251 182547 590132 289750 126712 109650 626917 231239 298247 772490 824099
720063 182458 350495 785543 267372 579076 434190 431121 779322 783131 82547 645137 203037 999999999 283545 838118 236660 969333 679472 541562 896228 408328 446125 214875 624184 593963 742412 605274 683097 378200 241534 797357 727457 260095 550326 160243 380028 687906 167875 377123 896258 867514 964692 938907 553212 420969 813452 1004281 172086 249071 159965 675185 838307 290018 764380 388920 625026 255135 942351 75937 768049 498484 549632 360358 256904 649033 712380 865986 867284 144832 477557 943252 176835 303617 363533 565147 113376 853605 895709 755147 581236 536826 572638 809043 344402 98020 496972 814433 424269 938685 39974 782741 141998 323652 272311 780532 421413 378397 905052 943682
499920 135157 407848 595938 39562 564470 312477 387487 549015 500893 280477 407429 95304 283545 999999999 569610 242784 708629 402764 422395 614555 260701 224143 144841 351474 475524 459297 322173 489050 96066 423876 555662 487478 381484 351284 128000 106752 434057 392032 508176 617245 671963 682298 667207 326723 249803 583641 727872 147257 98570 200090 529444 564183 76326 492707 169058 350502 329664 727811 243284 508012 229747 532655 422719 174487 499427 453196 687201 585258 139045 333353 667053 202144 147025 97778 341300 180491 605010 661693 473747 317982 253347 371994 529708 452195 214442 219708 530902 464339 655566 255235 500134 340150 116936 43262 532603 212892 358928 681260 735567
625932 703544 934173 347719 600757 1003028 735464 623851 201946 282936 849033 231888 664728 838118 569610 999999999 789466 556662 362969 503852 160149 493771 405480 703650 401227 820068 200770 319467 328257 475865 880538 153424 178582 804792 632105 695587 511693 165555 890909 884000 118547 353397 332205 103073 567609 656145 205326 448705 669208 651076 700970 454041 397253 606605 79184 455586 390145 743820 318438 810882 85600 341245 976699 764571 711906 783664 470215 411088 300404 697494 472274 417714 766385 547336 477300 575574 747627 125510 212162 158645 256953 355527 633957 109455 827112 748359 429284 228272 969255 294475 802593 172876 839032 607866 568558 128685 599135 852021 260825 344220
511722 126727 167207 838128 203858 361583 203593 576697 789645 657855 165335 647873 162573 236660 242784 789466 999999999 787695 539109 645596 805229 486225 466536 99290 478860 357733 645735 497596 731159 321205 472396 793226 726376 472190 340415 168898 277888 668399 403809 599267 817489 914652 834043 880900 361190 213356 824120 849465 267122 145479 303776 763326 683354 184955 710496 409981 483508 445800 969880 160936 737010 461336 330189 555226 77651 415985 539096 928710 737327 200298 561626 789596 69043 363177 338957 369852 158545 839186 900618 670297 549852 440996 361715 731497 557066 259892 376705 703029 230894 815078 244589 689165 370637 183150 269054 768052 238415 149393 922278 978114
301766 787214 848311 883784 710091 776192 611285 999118 740891 296298 930657 686127 768430 969333 708629 556662 787695 999999999 322184 935869 410801 835197 723465 758929 360944 566458 396300 430566 827305 636477 1131225 698724 689565 1080865 455397 812210 601979 627627 1099638 1199324 458311 905542 256812 551240 426532 574934 754275 153154 855772 720270 907869 947470 176394 680511 528316 731793 364568 1023035 874445 905538 602673 607011 764583 1095146 728716 491101 257234 960058 256260 837160 863042 146493 813269 800341 677690 418058 855958 682131 768370 430058 599345 492238 437226 451571 1140052 919982 492862 333467 839208 283236 950960 398501 1048441 645804 740674 666112 554331 746221 817387 900685
265581 503455 647175 620182 412407 664466 417698 678028 492608 123387 655598 399826 476720 679472 402764 362969 539109 322184 999999999 623664 298444 513933 402935 483693 60483 467447 162836 110483 543661 320938 818088 462422 428827 763328 284923 519235 299813 356740 793808 879107 328025 661842 294941 417054 223289 349987 516049 325330 547097 436757 597084 653719 162030 391846 298674 409616 55896 704313 660270 624680 366461 286875 641560 773392 467227 423484 115345 707658 198455 538900 546007 264402 545100 480115 358816 227080 568022 471402 558228 204417 294087 170152 281673 261662 819572 617204 183302 180050 663960 277106 655414 198834 741221 367470 429481 427531 305044 551024 601209 681777
837010 519312 811934 272798 459865 986487 731152 144817 339209 647348 597977 277542 483450 541562 422395 503852 645596 935869 623664 999999999 641052 161828 236740 548535 607440 886713 553896 513618 198549 400452 456778 380983 328269 374801 731687 481217 471845 347616 502659 409761 612736 353047 788993 598548 684948 660315 364015 884321 393024 515178 383362 136142 760454 498425 467559 266623 598935 327729 445766 561941 418634 342134 954591 295252 590346 896333 726574 336046 715476 457045 91003 833724 585883 282996 354828 699665 513628 443057 440349 533479 336910 467399 748017 549705 361581 446546 508831 633476 876006 751390 502066 570591 463949 535055 384575 386616 611010 777968 427846 438066
536027 740460 931973 507534 638500 962904 711277 747763 361348 182956 892731 363535 705443 896228 614555 160149 805229 410801 298444 641052 999999999 601816 498959 731717 352722 764341 159515 307669 480227 518691 975260 313355 329397 904815 583366 742341 533937 293516 973747 997117 47615 512186 172822 142261 521402 638317 365401 291118 736521 679831 776276 606830 270541 633257 173493 538216 343707 842905 468232 856845 232062 405896 939821 879298 728599 715072 382358 570585 161191 751592 595568 266503 795624 628923 534662 525521 794701 281759 363574 141093 340964 367392 579636 94951 938325 814945 428620 120284 955639 135941 864437 116260 920485 622956 624517 286603 586845 840272 413256 495465
699884 360837 653175 377244 298038 824659 570780 164109 384448 563663 453888 267621 323672 408328 260701 493771 486225 835197 513933 161828 601816 999999999 112448 388248 486217 728815 482298 404632 275348 247576 389142 411833 344537 311501 581141 325256 317246 328497 410724 395302 584308 459188 726171 596237 539230 501797 416921 806714 245095 353532 249020 278593 665098 336857 436098 114963 479405 251306 536229 416007 411106 228551 792764 277888 428957 742631 605492 459420 641070 304532 75520 751018 428827 123166 199720 554218 362468 473021 499668 473407 263091 346206 598811 506866 336645 310364 371966 564688 715885 691081 368402 509485 362784 374336 222804 403349 454776 616432 502784 536184
601181 350675 631991 371795 263591 777810 511169 275730 335730 451540 473636 199032 309942 446125 224143 405480 466536 723465 402935 236740 498959 112448 999999999 367729 378280 658563 372214 293071 264924 172036 478135 351298 281389 405981 496661 326489 243289 245620 485431 501508 485593 448230 616231 508498 448446 435395 370296 694669 274039 322654 298516 316749 552771 292867 340127 59194 370830 344116 508350 434406 328124 116460 746543 386473 398162 662874 497949 463289 529670 316974 149114 638713 420350 144460 133733 463104 373594 407715 451540 366143 158025 237390 512341 404393 441983 351107 272435 454501 687536 581784 408048 401455 433673 320908 200341 334798 382290 579180 465280 514263
505272 40841 266292 739098 106974 446185 235184 486995 693549 596497 173106 551851 65489 214875 144841 703650 99290 758929 483693 548535 731717 388248 367729 999999999 425260 403116 572738 426636 632119 229361 425242 698999 631344 409816 336180 86189 197803 575703 368355 539951 740097 815953 776483 798032 338820 207894 728137 804176 182971 52659 228060 664583 637195 98625 625298 310839 427927 374186 872651 146720 646972 369180 414231 481321 51633 447662 503300 829503 678789 121442 463468 743364 63917 265587 242142 350498 105534 746799 805654 593531 457995 364362 358531 653029 492159 199275 308374 636212 327642 754246 206008 615534 325872 116465 169768 674936 207060 233046 825929 880330
246155 446382 587286 630501 358124 611814 359643 649803 511149 182873 597715 405062 421154 624184 351474 401227 478860 360944 60483 607440 352722 486217 378280 425260 999999999 420100 206582 103290 546700 275556 771402 485720 444695 719932 233764 464158 246321 371095 743486 838828 378910 678463 355215 464137 170116 290270 537284 380293 497597 379322 548784 649849 214152 335132 331048 376927 11429 662151 685461 567552 393288 265544 587901 736514 407437 382852 119686 720724 258923 485350 525419 319277 486108 440249 317144 176123 511992 501646 586406 245454 290941 140955 233498 306349 779744 565385 132594 236784 605432 337568 601439 246675 691405 308833 381067 451229 244593 491777 626927 705370
267497 443957 324702 999994 444886 211609 168785 862899 904029 582746 522073 775969 457038 593963 475524 820068 357733 566458 467447 886713 764341 728815 658563 403116 420100 999999999 626430 504340 900817 487573 824504 887685 835328 812932 188317 488719 415862 763071 759984 943024 795459 1061823 715917 883556 252744 227117 934290 680314 580707 405043 629573 974438 540782 401409 747011 620241 430838 775667 1086281 518036 802631 588174 198139 880674 351769 79726 391066 1094010 636329 523985 795724 631108 418992 622383 531951 244516 502367 912872 993634 665537 656320 491462 186622 726270 894990 601490 419295 644295 290773 713346 598117 665339 723274 358597 518250 854802 276405 236339 1029657 1102894
425253 582573 774351 490359 481345 817345 558306 639462 351601 100145 735427 291225 548426 742412 459297 200770 645735 396300 162836 553896 159515 482298 372214 572738 206582 626430 999999999 148270 431111 364230 837723 314610 295231 771704 440306 586418 375101 231337 829371 873318 176039 520326 244026 257619 376405 483027 370070 330530 587397 521072 630228 552465 221851 474439 143225 401824 196175 710010 506952 700127 216383 265604 792715 758672 569084 585693 269874 571244 161792 597581 491952 280467 636611 488949 385034 382705 638531 314435 402495 42413 221986 208832 439818 99841 813617 664670 269212 82390 800500 209888 712022 43582 775876 463453 472562 280125 429906 684337 447821 530184
349380 438908 627280 527357 339852 683562 417320 568592 410378 179571 592400 301778 406729 605274 322173 319467 497596 430566 110483 513618 307669 404632 293071 426636 103290 504340 148270 999999999 443678 231200 723456 387616 343146 664441 316095 446610 230140 269389 705730 776483 322494 576558 360409 396028 251928 339467 437688 415760 459558 375646 506661 548723 262604 329012 243719 303267 92555 604252 587563 558266 298806 176735 657292 668189 421143 475716 216093 617905 263958 461182 435524 356530 490326 379157 262075 261614 497941 408803 491101 176554 188778 70034 320641 239500 716688 533883 120955 210411 655924 333432 577351 191810 652459 315707 341874 353664 284362 539142 529604 606449
791884 612972 896894 106980 528514 1036722 765444 339931 143023 531007 724142 144047 572691 683097 489050 328257 731159 827305 543661 198549 480227 275348 264924 632119 546700 900817 431111 443678 999999999 428775 642016 188559 150943 560171 724373 584750 496175 200242 677180 607185 444654 185977 642983 413874 667068 686328 165671 750048 516188 587577 524272 126605 651905 556909 312605 321336 536172 506577 261707 685437 248273 312726 1005943 490710 663034 892741 657192 198817 584499 569937 213654 706779 682771 385619 396909 680248 628023 248552 242242 400022 256661 422636 736026 397677 556969 585079 486173 501225 952134 604420 643260 434881 632549 582052 463257 201647 629667 842583 234006 260836
459140 227779 479339 533885 124893 608248 339418 399805 470531 410767 376219 329180 189647 378200 96066 475865 321205 636477 320938 400452 518691 247576 172036 229361 275556 487573 364230 231200 428775 999999999 497166 472198 405966 444388 333571 224066 71713 347244 475090 564471 521197 605575 591393 572354 293216 263395 504728 643362 228501 177481 276780 488784 482894 136542 398266 134232 272500 386966 652873 339273 417611 140221 577319 466217 245889 496181 386858 627292 495157 233368 309560 583053 291074 169056 48686 308272 276553 518167 579946 377792 228939 161299 351306 433656 505861 302877 144263 437429 528356 563389 348098 404622 422003 154036 110678 446854 211200 415758 603308 663040
915445 385287 591055 728590 429211 820609 658984 314433 767819 901135 323639 656760 384702 241534 423876 880538 472396 1131225 818088 456778 975260 389142 478135 425242 771402 824504 837723 723456 642016 497166 999999999 798991 732930 82127 753557 344555 530485 716274 82991 141669 963621 809611 1077729 983475 742360 630045 798464 1138892 276958 439834 223793 589822 979983 466893 818042 437436 769076 138057 899999 313462 799280 572540 791136 179175 474931 872753 876854 791348 984488 311499 431115 1079065 406647 348783 461444 756082 322379 860894 880097 838605 635483 653971 775708 881352 129825 227072 638849 917758 664764 1046259 227815 871986 101761 509848 390563 792161 615377 618187 876011 893981
727138 690002 950453 194296 592108 1052496 778528 514764 49468 410707 822852 152283 649264 797357 555662 153424 793226 698724 462422 380983 313355 411833 351298 698999 485720 887685 314610 387616 188559 472198 798991 999999999 69909 719133 700752 672317 525296 127939 822187 781682 271678 207100 484524 227032 637563 697138 55775 599402 625281 648460 646749 309429 531178 608738 172446 409307 474304 660994 199968 783669 98238 332715 1023829 662850 718040 863112 576790 261638 444098 666430 370933 564674 757804 494426 457952 648175 721693 62778 108795 274503 245893 397742 707083 247801 728081 701745 472463 365363 995316 446426 759067 301642 773194 621201 542989 34911 638370 879626 142157 219783
689726 621409 885088 195162 524376 993976 719576 455770 68717 394954 753200 82382 580598 727457 487478 178582 726376 689565 428827 328269 329397 344537 281389 631344 444695 835328 295231 343146 150943 405966 732930 69909 999999999 653745 650168 602988 461647 73764 754123 720996 293864 233835 493873 270292 588145 638212 100552 603411 555378 581253 577158 277496 516820 542406 164800 339437 433435 594873 252574 714003 97356 267750 964795 601670 651799 815134 544169 279089 440573 596713 308178 562920 689542 424609 389701 599585 652144 128700 174317 259512 183637 343867 658031 249081 666210 631911 416990 358243 931602 455293 689192 291998 704716 556691 473788 60073 579491 816593 199005 267697
880430 368976 607492 646473 393675 830167 644770 233173 687084 839791 341383 578767 359768 260095 381484 804792 472190 1080865 763328 374801 904815 311501 405981 409816 719932 812932 771704 664441 560171 444388 82127 719133 653745 999999999 724539 324521 485974 639823 140171 130468 891185 727539 1013765 907480 706855 606500 717412 1080064 240463 414656 187293 508276 924359 434657 744395 369882 716658 61926 817889 322148 722567 506141 799586 108789 461230 854869 829683 709746 922201 289425 350012 1020968 403661 285541 404520 721135 314738 781277 798816 770102 563988 595989 746266 810353 85379 213163 588293 852749 681002 981230 234683 804344 124548 479314 343771 713258 584720 621236 794177 811860
171679 372742 395145 820424 331804 379577 156365 729608 718738 404909 496381 594305 368855 550326 351284 632105 340415 455397 284923 731687 583366 581141 496661 336180 233764 188317 440306 316095 724373 333571 753557 700752 650168 724539 999999999 409751 264979 577299 702888 853998 611923 879169 554455 697896 64503 129981 748322 540063 484079 313784 537417 806945 383893 289929 558722 467352 244147 677391 899930 478487 614615 412734 357175 773773 294388 168462 229074 913967 467120 442088 641386 484388 378646 489965 381612 57907 441360 724783 806086 478595 474149 307035 22357 539996 800099 527077 238318 464474 395459 546282 541778 480294 657649 245251 393900 667556 139958 293208 842869 917219
574683 45934 331972 691148 107311 527598 320311 407810 661074 623608 153449 521246 43795 160243 128000 695587 168898 812210 519235 481217 742341 325256 326489 86189 464158 488719 586418 446610 584750 224066 344555 672317 602988 324521 409751 999999999 219853 554646 294336 454882 745236 770519 805153 794108 403492 285529 695756 844121 98948 96413 141898 603850 678309 131719 619387 267346 464859 287997 834683 115536 631198 354491 495818 395300 137808 530940 554980 778708 707614 35299 400633 783095 104904 202906 218794 416458 52501 724521 775948 601635 441345 379025 432009 657702 406286 117529 336788 656522 399040 779730 138756 627617 247928 169816 129495 651522 273394 313890 791584 839864
400340 208843 426549 600136 112685 540830 269615 464972 528146 404543 362395 388552 178170 380028 106752 511693 277888 601979 299813 471845 533937 317246 243289 197803 246321 415862 375101 230140 496175 71713 530485 525296 461647 485974 264979 219853 999999999 398015 498072 610871 542639 669718 585928 603246 229756 192259 561731 625065 254009 145972 306699 559953 460062 99342 432662 205302 246144 432076 711984 328839 461901 194238 510302 519570 200265 425468 346456 693978 488252 239230 380886 564081 261720 227235 117638 244753 269786 566901 633944 395862 279409 166561 283661 455804 553735 319244 116945 440478 470093 561438 355633 417786 446540 96937 142239 497638 139489 354986 660454 723669
616402 569125 823898 263939 469263 924957 650834 460282 141655 331440 707018 70087 528763 687906 434057 165555 668399 627627 356740 347616 293516 328497 245620 575703 371095 763071 231337 269389 200242 347244 716274 127939 73764 639823 577299 554646 398015 999999999 729626 718681 265989 307370 447435 267744 514969 569429 171224 551242 516553 524440 543960 323852 452854 483516 120078 299757 359860 579107 323376 668084 83134 207063 896157 599324 592524 741774 472040 351037 384676 551844 308055 506801 635790 389754 337112 526255 605309 171104 236705 199856 118878 271818 584814 203682 661628 594891 345815 301291 867809 409114 650852 235107 678466 494288 425264 99799 510654 751925 267711 339943
868980 330307 513039 769856 390108 744518 597478 366674 794982 885130 247769 674863 337144 167875 392032 890909 403809 1099638 793808 502659 973747 410724 485431 368355 743486 759984 829371 705730 677180 475090 82991 822187 754123 140171 702888 294336 498072 729626 999999999 224646 966099 851934 1064629 993912 697694 576027 827075 1118011 246860 390707 199494 638277 955644 423496 824002 437665 742330 175075 938186 242934 812649 567890 715624 248251 415570 812368 843059 838660 969336 264843 463573 1057464 341087 345761 445569 710756 262957 882820 909640 834447 638843 635697 725221 881471 208500 180120 611417 907201 586516 1034989 163099 866086 53504 463854 364825 811992 567689 546195 909818 934415
1008023 499124 727584 679198 522523 954185 775031 267684 744085 947777 459661 652828 490199 377123 508176 884000 599267 1199324 879107 409761 997117 395302 501508 539951 838828 943024 873318 776483 607185 564471 141669 781682 720996 130468 853998 454882 610871 718681 224646 999999999 978990 756218 1117143 984947 834617 736817 771294 1190098 370114 545023 317389 530428 1038521 564078 830403 475004 834792 178801 852799 444955 799375 610184 924066 119530 591259 985337 951278 728519 1028460 419836 413228 1132074 531327 399086 521705 849051 443182 844459 849427 867362 657599 709757 875609 902167 59902 342154 708708 955400 801353 1083111 357305 902909 235179 608927 468868 781058 714071 747592 837509 842603
574284 746284 949701 465905 643499 990707 734118 725047 320436 219505 897144 335851 709959 896258 617245 118547 817489 458311 328025 612736 47615 584308 485593 740097 378910 795459 176039 322494 444654 521197 963621 271678 293864 891185 611923 745236 542639 265989 966099 978990 999999999 467261 218825 96946 548883 659066 322237 337855 733069 687730 770463 570979 315067 641477 148772 528681 369173 829436 421099 860453 197027 400364 966747 860350 740246 749120 419138 526174 207203 752302 572571 314117 803955 620369 532951 554029 797733 236426 316841 147192 328263 376768 609589 87549 920789 812049 442651 156574 976531 182701 863202 133220 913157 634440 623948 247024 605744 860306 366556 448466
923547 798009 1079465 82458 711201 1209830 936257 497278 169578 617465 909974 285977 757535 867514 671963 353397 914652 905542 661842 353047 512186 459188 448230 815953 678463 1061823 520326 576558 185977 605575 809611 207100 233835 727539 879169 770519 669718 307370 851934 756218 467261 999999999 684959 400614 818342 855697 151369 802084 701774 770175 708076 225947 738206 737421 379287 505811 667221 678228 101461 871324 304717 478423 1179645 646105 844951 1045679 777089 60845 650323 755914 392619 769989 867808 571548 577657 830317 813998 230881 160758 480990 405538 572170 888235 454121 712008 769534 642596 572343 1132730 647574 827591 508731 809846 759611 647926 240705 797699 1021270 117334 86575
458958 793664 937009 678051 697889 925075 701815 882028 531646 181564 946893 515382 764069 964692 682298 332205 834043 256812 294941 788993 172822 726171 616231 776483 355215 715917 244026 360409 642983 591393 1077729 484524 493873 1013765 554455 805153 585928 447435 1064629 1117143 218825 684959 999999999 303353 501221 640472 537474 119897 819319 727994 865172 769083 175316 682113 330414 644292 350650 952297 639451 914459 397859 508006 906374 1002696 761939 653611 327143 743175 97774 821151 732803 112106 838692 729375 619190 500330 855669 454575 535627 256284 464523 430108 544345 245310 1057392 894227 469768 161760 947526 38583 937533 219172 1011201 660910 701984 456137 598904 838324 585345 667009
668999 800041 1020544 413672 696950 1074677 812800 722965 275954 314475 947416 332122 761897 938907 667207 103073 880900 551240 417054 598548 142261 596237 508498 798032 464137 883556 257619 396028 413874 572354 983475 227032 270292 907480 697896 794108 603246 267744 993912 984947 96946 400614 303353 999999999 634024 735485 268005 423197 770845 745373 803439 536415 411935 700099 174810 558154 453788 846619 341020 909601 185677 440808 1049719 865434 803255 840197 513205 461164 303391 797337 572287 405582 861321 650023 576735 640238 846378 175642 242147 220958 358501 441623 697042 158299 928482 850068 512497 252089 1051702 270360 903824 218326 941972 698127 668240 213092 680134 934728 290964 369286
173596 371479 438292 761291 313888 441863 200784 692867 656571 344992 507268 534463 360564 553212 326723 567609 361190 426532 223289 684948 521402 539230 448446 338820 170116 252744 376405 251928 667068 293216 742360 637563 588145 706855 64503 403492 229756 514969 697694 834617 548883 818342 501221 634024 999999999 149203 685723 496500 467642 307425 521498 753884 335020 275555 494267 424387 180261 656321 837027 484997 550637 357600 418421 747947 303979 227340 182533 854465 410987 433313 595622 438698 389095 456947 341898 15063 441092 660719 742440 414371 414367 246505 69917 475977 778911 518725 181696 403319 446350 490578 540121 416790 649952 233853 367534 604167 131811 338031 779717 854706
301382 245903 297237 788856 221931 355765 81408 637164 706384 473105 366501 570926 247011 420969 249803 656145 213356 574934 349987 660315 638317 501797 435395 207894 290270 227117 483027 339467 686328 263395 630045 697138 638212 606500 129981 285529 192259 569429 576027 736817 659066 855697 640472 735485 149203 999999999 738715 643913 367504 191885 419486 752131 480150 178138 578142 394291 297558 563201 890729 348633 621978 377287 326733 664304 164515 251350 330515 882967 546599 319253 569398 585242 248670 396078 306057 156878 313420 731293 805589 515357 454829 303310 152121 578437 685065 402973 227960 525927 317521 626047 413902 526090 532307 133634 292910 666592 58776 202059 836645 904580
780087 716442 984065 145866 621220 1094474 820089 503628 34702 466448 843931 176300 675527 813452 583641 205326 824120 754275 516049 364015 365401 416921 370296 728137 537284 934290 370070 437688 165671 504728 798464 55775 100552 717412 748322 695756 561731 171224 827075 771294 322237 151369 537474 268005 685723 738715 999999999 653277 641993 678732 659256 275920 586953 640869 228186 429361 525902 661188 152313 804702 153824 367593 1065327 653803 750226 912146 630780 206654 499352 687269 367408 619561 785196 509878 486014 696772 743721 92553 82819 330170 284185 443014 755486 303055 719798 716550 516743 420997 1031458 499612 774470 357407 779689 656359 567398 89946 679981 916717 98739 169003
413601 826535 933756 791604 737556 891917 694730 967035 645463 243155 977121 616709 801307 1004281 727872 448705 849465 153154 325330 884321 291118 806714 694669 804176 380293 680314 330530 415760 750048 643362 1138892 599402 603411 1080064 540063 844121 625065 551242 1118011 1190098 337855 802084 119897 423197 496500 643913 653277 999999999 871151 759348 920141 874987 167003 715414 438637 715136 379262 1019629 758880 947621 509327 581075 876704 1079023 782367 610462 313969 859643 168848 864218 821572 61030 863664 794596 677473 492043 892271 572457 654630 352982 551337 484943 525847 354739 1130202 942286 508625 251493 934896 155198 980696 316585 1065141 687787 753212 569672 611050 832423 704330 786314
641197 144271 427305 620550 153781 626546 411947 310117 607745 639112 208834 473052 123691 172086 147257 669208 267122 855772 547097 393024 736521 245095 274039 182971 497597 580707 587397 459558 516188 228501 276958 625281 555378 240463 484079 98948 254009 516553 246860 370114 733069 701774 819319 770845 467642 367504 641993 871151 999999999 176693 53862 520961 709024 194203 597050 217062 496075 195900 773242 170949 597311 332838 594763 300049 233843 617649 600447 704356 723450 67219 318452 810612 200787 132304 202437 481718 120942 681583 724066 595819 412378 389554 505805 646641 317568 79257 365184 663471 496002 790527 134321 625735 194124 238875 117999 608541 344264 412838 734462 775731
478282 67387 309377 694438 59063 472145 236674 465548 644232 547370 219004 502458 55291 249071 98570 651076 145479 720270 436757 515178 679831 353532 322654 52659 379322 405043 521072 375646 587577 177481 439834 648460 581253 414656 313784 96413 145972 524440 390707 545023 687730 770175 727994 745373 307425 191885 678732 759348 176693 999999999 227847 626294 592609 46662 572679 267478 381292 372567 824426 188273 594956 317598 440161 475956 76270 441053 463398 785771 630226 128334 427756 698388 116268 233461 193541 320236 135711 695475 755551 541301 406380 312442 335984 600594 493812 213339 258659 585667 366075 704934 232990 563720 344197 74707 130883 623873 176988 262941 776833 832811
695046 187727 457115 625970 207624 665290 460850 283702 625569 685902 216164 495480 173442 159965 200090 700970 303776 907869 597084 383362 776276 249020 298516 228060 548784 629573 630228 506661 524272 276780 223793 646749 577158 187293 537417 141898 306699 543960 199494 317389 770463 708076 865172 803439 521498 419486 659256 920141 53862 227847 999999999 515920 759112 247713 631110 245408 546887 146227 784521 182463 626047 370587 633789 253555 279640 668748 653107 706022 770032 106800 317593 859820 235215 154214 246075 535562 147633 704945 741923 636322 445577 436657 559214 684917 266119 63197 416204 707761 528008 835499 120006 667408 146034 292166 167786 632441 397723 452206 748907 785074
891281 638849 930513 152306 568516 1091875 827658 275462 261024 651630 728420 261405 600878 675185 529444 454041 763326 947470 653719 136142 606830 278593 316749 664583 649849 974438 552465 548723 126605 488784 589822 309429 277496 508276 806945 603850 559953 323852 638277 530428 570979 225947 769083 536415 753884 752131 275920 874987 520961 626294 515920 999999999 771338 603282 438678 362613 639950 463219 324262 691478 374847 396770 1060321 421813 702499 974860 764658 201538 708460 582540 203323 830436 707244 401398 448547 767889 640163 365744 340325 523415 360170 517197 820857 523797 487291 579052 572485 625042 991574 730545 635449 558944 600065 635271 495968 326310 698573 888366 317255 312475
284795 659863 773303 711793 572182 750433 535354 828336 571090 121866 810170 510109 635271 838307 564183 397253 683354 176394 162030 760454 270541 665098 552771 637195 214152 540782 221851 262604 651905 482894 979983 531178 516820 924359 383893 678309 460062 452854 955644 1038521 315067 738206 175316 411935 335020 480150 586953 167003 709024 592609 759112 771338 999999999 548960 358969 565866 213931 864904 715119 780868 433610 436583 732308 930790 615577 478428 154834 790921 111186 699266 689324 106411 696681 640132 519941 332200 725973 521060 608927 258096 423624 328865 372203 288460 978806 778538 344476 168982 779047 177462 815494 229642 903140 520829 591486 497573 445025 672914 656804 740193
448561 111699 343551 663320 43806 489154 236739 461769 606560 501266 264798 464953 87927 290018 76326 606605 184955 680511 391846 498425 633257 336857 292867 98625 335132 401409 474439 329012 556909 136542 466893 608738 542406 434657 289929 131719 99342 483516 423496 564078 641477 737421 682113 700099 275555 178138 640869 715414 194203 46662 247713 603282 548960 999999999 527969 241031 336650 387937 788179 232873 552285 276466 457437 486932 109395 429398 423289 755660 584339 158658 409020 654404 162519 222650 160037 289196 177113 654242 716461 494912 364909 265866 311611 554435 510501 243726 212483 539096 395417 658721 270474 517121 374807 45205 117539 583215 150063 286396 739332 797570
564117 626045 855023 356133 523072 926721 657852 576554 212627 238263 772743 190049 587586 764380 492707 79184 710496 528316 298674 467559 173493 436098 340127 625298 331048 747011 143225 243719 312605 398266 818042 172446 164800 744395 558722 619387 432662 120078 824002 830403 148772 379287 330414 174810 494267 578142 228186 438637 597050 572679 631110 438678 358969 527969 999999999 386617 319740 682825 363948 734856 74652 266061 900007 711659 632909 713788 410501 432206 276448 622555 424092 398588 688237 478687 401934 502954 671622 172791 260178 102236 185555 276658 561735 85121 772344 676306 350798 195138 890468 291869 729577 129930 771532 528739 493452 138607 520836 773237 304785 386981
585226 292316 576202 428313 208606 729262 467038 274490 394764 472809 414621 257071 251745 388920 169058 455586 409981 731793 409616 266623 538216 114963 59194 310839 376927 620241 401824 303267 321336 134232 437436 409307 339437 369882 467352 267346 205302 299757 437665 475004 528681 505811 644292 558154 424387 394291 429361 715136 217062 267478 245408 362613 565866 241031 386617 999999999 370937 308197 567385 375389 381163 136328 697714 364981 343538 630406 495211 518758 553962 257948 175630 657359 362085 92071 88298 439358 314428 464756 510415 401195 201219 239623 484630 444857 415102 295143 258158 483009 633397 611431 351370 434858 384998 272889 142116 391644 344387 527070 524473 572994
