NAME : synthetic_000897
TYPE : CTSP-D
DIMENSION : 100
GROUPS : 8
RELAXATION_LEVEL : 1
EDGE_WEIGHT_TYPE : EXPLICIT
EDGE_WEIGHT_FORMAT : FULL_MATRIX
EDGE_WEIGHT_SECTION
999999999 346559 570908 443507 546758 375062 335899 556814 290558 164176 363407 444960 412227 321735 364728 265334 341238 646061 484408 534144 443645 396489 97183 615499 132109 532062 559547 344321 385741 285601 354538 533200 299234 446264 376163 642059 602212 444820 520592 406136 212017 124167 428754 148996 493424 552352 354935 282735 303034 389912 166496 365758 589974 297249 440312 542088 462038 44255 349812 360139 199416 319826 161788 514727 536612 460373 333730 536561 357795 243228 303743 508084 357662 375724 381211 455019 171731 565763 400718 470145 176601 127218 356247 468249 477735 311617 439240 446259 119128 323192 28475 357230 449814 145132 499729 318997 343022 583208 715936 558045
346559 999999999 225800 788582 206683 698280 270141 555757 560108 183804 459221 528800 732748 178056 247955 595576 20034 318817 742762 554730 392651 553213 387632 312012 434546 873863 687047 267983 688917 505691 614428 225878 470038 150608 686400 765517 629253 126627 754037 155859 540440 317850 688871 461982 505823 898887 529321 452424 190060 414448 217083 705790 285000 545380 169357 628202 403504 303396 505092 25425 148427 73262 464488 590627 205436 380167 94337 190205 205445 103358 500222 775712 158817 413229 691415 347475 208791 445378 426562 713952 420882 410240 571447 807553 355270 653228 698902 792726 321884 94699 342562 222682 677371 466935 184809 597363 304580 929678 810410 461037
570908 225800 999999999 1010330 100877 909742 437835 686426 778431 409420 643127 699727 956824 352941 358013 821117 229671 129569 926693 695967 480010 745828 612786 175165 648490 1099638 816331 431551 910607 691654 829394 137160 643782 170354 892961 885807 764500 146031 926863 268445 766018 526466 901875 687164 601286 1123007 728729 628475 373489 537735 439745 931586 158441 736921 246686 743313 482633 527196 701435 210774 374132 274902 676786 705518 76516 503887 277858 40022 319727 328592 678873 962224 277749 584246 897842 413465 419490 468078 547344 893228 641060 622087 749361 1025385 406976 873282 885351 1017078 531422 264701 564842 376493 852096 692495 124562 816246 472182 1153049 911724 497062
443507 788582 1010330 999999999 990261 171113 734402 847669 411258 607637 648366 701279 275261 749566 739675 267623 781633 1073044 371957 813871 747707 600422 435831 1030947 370229 185274 632150 744351 333437 423780 433390 955373 489121 870998 218206 686371 856729 876457 439095 842336 303293 493443 449697 374671 725101 128610 563733 489737 727962 660776 600995 176004 1007637 377819 877489 675222 764412 485565 584115 800270 642755 762713 347511 672051 968873 829160 775034 977556 751284 685690 456309 357930 768399 700948 217361 792635 593524 880469 664614 399567 462520 399092 430970 71178 817489 139485 357210 68644 487618 751899 446068 774178 426142 361085 926966 393255 726790 147810 774918 857853
546758 206683 100877 990261 999999999 904753 360185 592359 723183 382640 565820 616284 910462 284048 402933 781802 218834 229307 944816 604022 537841 671102 573519 274533 640958 1064070 862901 352695 859233 707521 769710 222946 666831 223132 893064 936682 670622 188061 952030 188822 727438 524382 839552 647039 658773 1096679 658078 650054 306556 583406 398027 895982 255660 749158 160332 795149 543353 505034 629387 202763 347645 229839 671057 757049 161772 411244 223393 75598 360616 306161 699289 978669 313054 502917 898077 476367 415244 545462 594219 914292 590251 616885 770654 1012092 474156 856758 901643 990296 528495 277388 545689 297578 875825 654496 196573 761335 392968 1128835 970243 571460
375062 698280 909742 171113 904753 999999999 702847 871189 459853 529466 665664 732657 391822 696747 606212 315928 687807 956719 213467 840864 594320 644404 405526 906972 263802 353041 461569 712044 430732 265525 501680 837535 331726 757236 47628 518295 895089 768539 279271 779695 323656 383361 540427 367835 560545 295512 602728 335604 677703 504771 541558 282307 885549 216213 813173 504345 610037 409413 615736 705420 562146 686863 233882 502124 859455 816213 703930 880723 624537 599789 296097 209479 649235 704577 47668 645390 491554 725177 507144 234644 459036 288418 262435 137041 669915 110312 190738 230039 378556 645388 366858 730681 256835 351385 813764 455598 703481 305201 606959 700178
335899 270141 437835 734402 360185 702847 999999999 289956 388316 238112 205929 264002 588110 92520 484088 483994 285259 558868 818616 285639 620497 310945 301535 570641 466749 762248 850617 10165 527567 603744 424426 487845 596440 419965 709314 933776 360758 391886 850458 171589 436259 401008 488778 360081 716360 817797 299879 577786 81541 612164 183836 601211 544391 625545 200983 811224 635132 315062 270357 295472 231514 196928 497252 776933 452041 134436 177881 398062 448398 242400 613311 843489 411016 147482 714289 591913 331462 699489 624897 801577 277432 456281 676265 775477 605064 621647 773186 714944 400716 341426 353463 62632 776810 373324 446288 425607 35173 854495 995241 709216
556814 555757 686426 847669 592359 871189 289956 999999999 437593 513054 205570 147872 620687 378718 773154 580542 572286 814905 1029026 36577 906995 254714 481848 840060 684909 810046 1109654 289962 549726 842240 431066 762182 849217 702478 891055 1192988 78274 671290 1072322 426107 553545 654456 457023 503929 997112 894237 285686 831356 371236 891144 448269 680889 815141 852503 441091 1080041 922244 553636 263577 580602 514397 483575 711027 1047890 717961 183047 461516 649419 738174 531020 858663 1046979 700902 181809 895526 881244 607128 989386 903743 1020566 414473 683893 913053 905164 894823 770108 985431 806699 652430 631232 581946 333340 1004424 520507 721494 461349 259031 933699 1261261 998619
290558 560108 778431 411258 723183 459853 388316 437593 999999999 393969 245377 290393 202006 441779 648621 147778 563533 878818 648931 403200 734182 189807 198241 864427 363336 385653 807282 398262 139264 524953 64024 778187 561004 693029 489860 885145 446007 680806 704347 541474 139912 413603 138861 146778 778154 459848 152533 547966 418586 677386 343820 243616 837589 513068 575881 807099 752585 323248 174553 581447 423840 503529 375540 784768 765430 446912 502616 739375 635144 468236 552600 657815 624660 307761 493544 743829 447489 855517 687577 652133 139908 379392 582973 471706 765917 351155 610652 369220 408126 574234 317065 444398 649812 157576 739533 38165 367782 499005 967058 848524
164176 183804 409420 607637 382640 529466 238112 513054 393969 999999999 358198 439269 553895 186623 277608 413572 180665 493420 605625 500037 398540 430512 208001 472156 268364 690281 613045 243125 514806 377663 453187 386662 362204 300380 523724 696057 574634 291994 629181 253252 358413 172262 529364 281612 484062 715754 397476 343437 175148 378168 68100 522345 445574 407038 285286 573307 414928 122663 379906 199618 35455 157660 299788 539338 381333 372540 174698 373972 253227 80961 382673 634668 233942 338214 528813 383996 94389 496963 390797 583190 254789 248900 449389 630577 401939 474584 560243 609476 173621 180267 164200 233272 553438 285177 349647 429465 260221 747096 757173 499542
363407 459221 643127 648366 565820 665664 205929 205570 245377 358198 999999999 83093 442327 291738 634579 380814 470806 762114 825743 176589 755511 107187 280652 768635 486629 629634 922499 213138 373562 648007 256525 683763 661646 609208 685612 1005244 239725 585302 870965 377476 349867 472354 305802 298387 832342 704993 108982 644563 273495 725544 290123 487450 741908 654169 405950 900421 772297 367995 78345 484403 370884 387710 511114 870593 653026 211447 374236 603227 606348 401029 667128 842713 578041 71297 690061 741823 446486 854351 737712 818869 209597 488612 717256 703327 759050 565269 782647 611963 469339 512257 390312 268354 804891 314973 642219 275452 172911 744033 1077721 857714
444960 528800 699727 701279 616284 732657 264002 147872 290393 439269 83093 999999999 473537 355093 714385 434952 541789 822472 900325 112858 837324 107820 359301 834215 565949 662915 1004431 269158 402689 728566 283731 750673 743749 679399 755435 1087017 163212 653444 947449 431366 411270 555275 314905 369044 915268 746372 138042 726807 339510 808461 371187 533300 807815 733019 456196 983244 853962 450793 118022 554194 450163 456040 589429 953561 716036 225849 439899 660291 684907 477909 748422 915775 654753 116592 759720 822043 528664 934133 820654 895139 284429 569181 797137 760040 838749 628949 857898 659176 552197 587736 472185 323578 882786 385603 709058 313491 228916 785831 1160094 938363
412227 732748 956824 275261 910462 391822 588110 620687 202006 553895 442327 473537 999999999 634580 773721 148243 732828 1047286 604134 584663 830806 366002 345994 1023583 424392 189384 821067 598165 71013 556745 189829 939262 609807 852355 434687 889671 614292 845862 668337 734430 200211 517697 180883 272392 847618 279541 339098 601995 611270 758527 517110 109634 997440 527347 769509 841618 849197 454457 366507 751536 587574 684273 421200 827404 934892 648094 687296 918978 769634 633666 589302 601125 769371 507865 436606 855508 583773 960938 766429 620212 320802 449900 595867 345780 879485 288396 575793 213584 511429 729657 431311 642083 632405 270445 903219 167647 569042 318862 976982 947261
321735 178056 352941 749566 284048 696747 92520 378718 441779 186623 291738 355093 634580 999999999 401710 515703 193823 470378 789987 376739 541906 393006 314959 479133 444749 798566 793780 89931 579576 564186 486171 395760 547717 327510 696979 876077 451422 299414 815385 99918 463691 358683 555522 383583 643736 843642 376219 528955 23313 542215 155339 632730 452723 592300 134938 747896 555565 290670 348572 203291 168269 105116 476248 712280 361727 208729 85373 312922 363817 165330 569156 817859 323759 238563 702052 508324 271876 613471 554941 768826 314300 429091 635999 783336 519997 626770 744479 738353 359768 253951 332646 51182 739848 394083 354165 479913 127448 878596 932564 625094
364728 247955 358013 739675 402933 606212 484088 773154 648621 277608 634579 714385 773721 401710 999999999 625524 227922 363553 581531 765171 144697 707627 450540 304392 373257 870181 460723 485369 750440 356401 711475 247263 299067 187765 578990 533750 840620 217193 574449 403382 574490 258475 787386 513188 260340 864566 673369 286726 404302 181005 345095 712932 285671 406006 416727 392347 155955 326636 657013 231342 264278 305239 392702 354245 288278 610372 331712 345073 43615 242141 336684 618611 92665 607923 583390 108297 201949 219786 191469 545139 516677 344035 403684 736475 124478 601015 543279 765098 264811 153990 343031 452196 501765 509856 237323 680197 514124 887478 569776 225633
265334 595576 821117 267623 781802 315928 483994 580542 147778 413572 380814 434952 148243 515703 625524 999999999 594014 906182 513981 547147 684420 337241 208782 879433 280999 283209 699992 494147 140332 425061 185824 795974 472891 708931 349496 773475 592989 704401 573091 614034 55170 369572 231755 134781 706693 334415 298448 463370 492740 614458 384093 117489 853571 402492 649568 711929 702868 308321 317245 612911 448183 552696 281844 694598 794702 567028 558771 784275 621958 494295 456271 519250 622983 435037 352773 707643 437063 813778 622873 521862 206563 305012 472798 325116 731534 205936 478747 234355 363318 585841 283449 531279 525504 128641 760950 139684 471406 371878 858709 800894
341238 20034 229671 781633 218834 687807 285259 572286 563533 180665 470806 541789 732828 193823 227922 594014 999999999 315713 727787 570489 372618 563034 387029 304177 424393 870743 668121 283565 690587 490533 618953 217614 453472 138492 674808 746343 645242 118449 737932 175794 538844 305930 693866 461199 485875 893411 537971 436026 204422 394883 219735 702924 277122 531040 189306 608738 383493 297567 514421 18973 145832 88737 453926 571115 202549 397882 111730 195924 185443 99748 484225 761081 139001 426763 679801 327699 196807 426293 406956 698427 423862 399442 555540 799003 335763 645446 684166 787435 310211 74762 335672 239763 661338 465463 177339 600484 319338 923673 790758 441556
646061 318817 129569 1073044 229307 956719 558868 814905 878818 493420 762114 822472 1047286 470378 363553 906182 315713 999999999 945041 823513 455334 862339 701307 77344 703875 1178074 797452 553345 1006224 718052 933177 119242 662462 202091 934215 859122 892837 201788 935966 393133 851134 580091 1007402 775030 571487 1191442 842284 649597 489251 529146 535260 1011636 82414 766638 374100 718132 452941 601819 816249 297503 459814 381071 729369 681801 113393 632060 389653 165486 335674 413832 699844 982162 307501 706227 938857 384619 481031 408246 536480 908333 739362 675664 767237 1080350 370901 933897 906768 1087010 585768 323483 635165 499011 864476 778253 146676 915952 593753 1218920 872761 441749
484408 742762 926693 371957 944816 213467 818616 1029026 648931 605625 825743 900325 604134 789987 581531 513981 727787 945041 999999999 1002154 519190 823219 547425 883051 352394 557220 281183 826545 638848 237325 697995 828390 283708 759928 169463 320586 1063330 780664 67138 856417 509030 434842 744347 532258 446063 482061 780053 298325 775062 430014 639330 494983 866179 199232 886073 345792 530515 504027 787879 742595 631677 752343 322827 357055 864129 944781 774466 904898 612402 658475 247843 38284 649769 852326 167557 583933 538288 635258 426943 42118 616512 362739 178112 315306 605794 317032 45547 437146 432692 668567 465199 832355 88196 515908 814197 651140 827345 480024 407883 603855
534144 554730 695967 813871 604022 840864 285639 36577 403200 500037 176589 112858 584663 376739 765171 547147 570489 823513 1002154 999999999 896555 218829 455947 845486 660606 773987 1089896 286926 513676 819737 395178 765974 829051 703189 861784 1173091 75483 673157 1046696 431906 521594 635547 420458 474468 983634 858809 250900 811415 367140 877249 433914 646151 820132 828317 449486 1062617 912197 533370 229903 579871 503790 481843 686005 1031106 723932 192790 461040 658209 731472 523316 837167 1019297 695854 163243 866193 873450 593456 982840 889766 994730 386187 660802 889994 872080 887863 738734 958904 772033 633233 626534 559937 334037 979747 491074 724906 426171 252759 898294 1242790 990804
443645 392651 480010 747707 537841 594320 620497 906995 734182 398540 755511 837324 830806 541906 144697 684420 372618 455334 519190 896555 999999999 818747 538438 383675 408183 899345 342206 622636 818834 328899 798177 352418 262823 315595 558377 406936 971657 349781 496812 547983 638824 321291 872084 590369 121452 876075 781363 259070 542544 91144 466408 754864 372937 378991 561348 264632 18514 414201 768600 375792 392826 448484 417680 227453 405126 749755 475163 473897 187649 378497 299657 557466 236068 736127 562000 70821 309324 133313 92393 478740 612760 381384 351745 730707 88459 615468 488219 784716 327051 298525 417291 592861 432506 583478 355466 761734 648765 893411 432866 116479
396489 553213 745828 600422 671102 644404 310945 254714 189807 430512 107187 107820 366002 393006 707627 337241 563034 862339 823219 218829 818747 999999999 302063 864803 504819 555380 951162 318691 295075 670060 176362 779015 693563 701290 670938 1032314 256336 679839 874337 482365 320749 516199 209209 292747 884807 640291 43499 677862 373240 778940 364470 429567 837874 668091 511758 938252 836280 412265 50618 577914 449240 483789 524618 911215 751767 312769 472827 705827 683452 484729 693231 835639 659889 177107 674947 812562 510867 925990 790551 821807 221737 512877 735237 661500 831521 537615 782469 555456 512139 597227 424886 373575 813761 308599 737741 208720 278977 679802 1109428 926066
97183 387632 612786 435831 573519 405526 301535 481848 198241 208001 280652 359301 345994 314959 450540 208782 387029 701307 547425 455947 538438 302063 999999999 679207 206689 490559 649736 311212 308110 370360 261589 594206 391501 507555 417462 731395 520235 499991 590758 410578 154031 221078 337100 74379 590604 529151 259754 375846 292860 486916 175520 322569 652813 373783 446092 636472 556721 125226 257124 405806 241589 344079 230475 610096 588913 410688 351013 575691 438286 287700 392047 566525 430791 305385 422240 545814 250048 657841 497800 538848 80485 211643 438035 474176 567764 320167 503633 423550 216186 385645 125469 338401 524239 81020 557588 229863 298885 563753 807582 651781
615499 312012 175165 1030947 274533 906972 570641 840060 864427 472156 768635 834215 1023583 479133 304392 879433 304177 77344 883051 845486 383675 864803 679207 999999999 660717 1145107 724982 566324 986865 660791 921457 86617 602613 171776 881863 784889 917094 185799 870768 414000 824887 537899 996861 751547 497685 1152111 841333 590872 495594 461179 521523 980643 27055 710345 400865 644599 380074 571684 816984 287901 440785 381274 684400 608720 122426 657272 394753 201417 282437 396212 640529 920594 262916 717652 886366 312870 445714 331086 467735 845340 724534 631900 706136 1033981 297561 891463 846132 1049080 543863 293927 601710 514010 800740 753190 127203 900675 605814 1177961 796645 364816
132109 434546 648490 370229 640958 263802 466749 684909 363336 268364 486629 565949 424392 444749 373257 280999 424393 703875 352394 660606 408183 504819 206689 660717 999999999 498228 447639 474889 419855 165342 424916 585682 197928 502155 255388 527928 726354 509963 389051 521111 242134 123815 491644 219360 425903 492590 461630 185807 427910 334152 290640 347176 637458 167710 553585 443763 426401 154326 462163 442203 299792 424661 31577 421934 601947 592424 442975 618329 381803 336205 190322 376748 398253 505039 260475 439593 229063 540060 342211 338271 284448 29241 231424 377611 464257 230746 307168 391935 118253 385627 113551 484003 319570 206411 558446 381716 474951 517384 606905 524313
532062 873863 1099638 185274 1064070 353041 762248 810046 385653 690281 629634 662915 189384 798566 870181 283209 870743 1178074 557220 773987 899345 555380 490559 1145107 498228 999999999 814356 772406 260321 587683 379192 1064323 650321 977644 400654 870749 802161 976871 624358 897156 336822 613076 363205 417440 890820 109107 528024 647811 775515 816816 666046 168260 1120145 546125 932675 853089 916931 576317 554867 889715 725514 834488 483318 847103 1068538 832228 841438 1063666 874618 771210 621104 542454 883530 693404 400334 936626 699442 1032603 822242 584536 486464 527176 605425 247214 961428 287902 541810 123405 606805 854867 543648 812280 609726 409574 1031623 354194 746434 143681 959375 1013202
559547 687047 816331 632150 862901 461569 850617 1109654 807282 613045 922499 1004431 821067 793780 460723 699992 668121 797452 281183 1089896 342206 951162 649736 724982 447639 814356 999999999 856013 838445 282839 866462 693364 260988 647337 414099 83430 1160031 677898 225158 831008 675438 455434 927485 666392 229181 752002 908270 278483 786108 279729 669063 718626 715039 297564 852762 85309 344908 556529 906858 677269 625770 723222 432000 117122 743352 984943 749406 805580 502374 633819 257947 312854 549933 927993 414798 412838 522244 419968 269408 242653 729593 438305 227194 585359 427462 540293 279176 691048 457275 595531 532256 843385 207343 652672 692748 821187 869997 754549 159779 384312
344321 267983 431551 744351 352695 712044 10165 289962 398262 243125 213138 269158 598165 89931 485369 494147 283565 553345 826545 286926 622636 318691 311212 566324 474889 772406 856013 999999999 537503 610699 434019 483993 602547 417290 718204 939103 361776 388619 857919 164443 446364 407468 498030 370091 719584 827928 308448 583866 81426 615737 190501 611370 540187 633030 193067 815819 637090 322754 278746 293222 235183 194954 505490 781339 447198 129769 174929 391871 449145 244218 619867 851634 411022 152925 723186 592985 335987 699978 628478 809197 287584 464050 683211 785236 605777 631273 781091 725040 407298 341305 361499 55298 784088 383283 442490 435508 40638 864610 999982 710205
385741 688917 910607 333437 859233 430732 527567 549726 139264 514806 373562 402689 71013 579576 750440 140332 690587 1006224 638848 513676 818834 295075 308110 986865 419855 260321 838445 537503 999999999 565218 119134 901466 613117 815105 470270 910588 543606 805972 700876 679445 180080 499812 116261 238432 845749 349265 268976 603366 556306 751790 471887 158545 960345 541361 714097 852053 837339 425396 296951 708987 547109 636253 421976 834923 893135 581174 637193 872063 742574 592742 596556 639591 738108 440300 472807 837940 554583 946288 760589 650947 269776 442702 611389 402206 861306 322256 606964 276429 493729 693639 407997 583524 658524 240616 864125 102233 506622 388718 996557 935106
285601 505691 691654 423780 707521 265525 603744 842240 524953 377663 648007 728566 556745 564186 356401 425061 490533 718052 237325 819737 328899 670060 370360 660791 165342 587683 282839 610699 565218 999999999 584885 599692 66212 527065 230039 362624 887378 545813 252137 623916 395626 205517 648005 383567 303211 552331 626919 71719 551423 239276 420280 462814 641769 50829 652352 286870 344517 291987 626936 505273 400582 518180 149413 270701 631453 735113 541247 668685 382560 423977 33524 271397 416479 660827 233863 382113 303291 459720 241960 208771 449213 159413 72522 402219 406311 299792 194325 467647 204676 431620 260369 609502 175913 369843 582346 540171 617446 567117 442459 435289
354538 614428 829394 433390 769710 501680 424426 431066 64024 453187 256525 283731 189829 486171 711475 185824 618953 933177 697995 395178 798177 176362 261589 921457 424916 379192 866462 434019 119134 584885 999999999 834989 622819 750574 535051 943418 428196 736897 755476 584843 192808 477625 76332 210308 841762 464672 150210 610154 463340 741267 399947 258672 894520 570741 618399 868458 816575 386764 178933 636504 481883 554956 435660 846772 819836 466365 552040 789951 697130 525461 613232 704526 685324 324981 538408 807383 509979 919237 751409 703653 198444 441913 640998 498229 829350 391534 661303 383520 472143 633183 381088 483434 703819 220378 795774 46885 400181 504206 1026209 912443
533200 225878 137160 955373 222946 837535 487845 762182 778187 386662 683763 750673 939262 395760 247263 795974 217614 119242 828390 765974 352418 779015 594206 86617 585682 1064323 693364 483993 901466 599692 834989 999999999 545153 87048 814989 759313 838524 99364 821519 336735 741217 462025 910334 666977 472363 1074777 755093 531834 411387 419134 435042 898885 59588 647981 327513 617049 352915 489136 730970 201528 354813 296069 610770 579779 62074 580208 310776 147575 217133 309957 582233 865248 188399 634252 819636 283369 365327 331059 427465 792322 638280 557295 650349 961620 274165 816060 789472 970860 467792 210206 520697 432792 749027 669079 41619 814557 522975 1101674 780454 360550
299234 470038 643782 489121 666831 331726 596440 849217 561004 362204 661646 743749 609807 547717 299067 472891 453472 662462 283708 829051 262823 693563 391501 602613 197928 650321 260988 602547 613117 66212 622819 545153 999999999 476320 295685 344058 899046 497802 285200 598484 438442 196469 689300 415875 241282 617725 651132 18770 537323 173064 413029 519961 584623 116211 624714 246569 278337 295715 648129 466762 380278 490901 191200 224018 580458 729995 515429 623215 328758 397260 38330 320203 366367 667452 299391 317328 278087 393511 175878 249446 471876 182712 105708 468428 341299 362625 244340 531379 197699 389448 271631 595397 209164 403660 530489 579599 613573 633027 416711 369258
446264 150608 170354 870998 223132 757236 419965 702478 693029 300380 609208 679399 852355 327510 187765 708931 138492 202091 759928 703189 315595 701290 507555 171776 502155 977644 647337 417290 815105 527065 750574 87048 476320 999999999 736623 718376 777162 37555 757850 284510 654187 378340 826214 580133 436918 989429 675536 461696 340519 368073 350944 811993 145263 573930 283598 576105 320460 402165 652458 125205 269217 223642 528110 538114 104391 523461 242385 158775 149612 225117 512251 796028 110592 563814 741366 253236 279217 328249 377990 725485 553191 474133 582028 879151 251625 731912 719487 885150 383949 123170 434119 369408 683620 582108 56532 729123 454659 1016829 748444 351559
376163 686400 892961 218206 893064 47628 709314 891055 489860 523724 685612 755435 434687 696979 578990 349496 674808 934215 169463 861784 558377 670938 417462 881863 255388 400654 414099 718204 470270 230039 535051 814989 295685 736623 999999999 470727 918466 749971 234076 776154 351242 368889 577629 387317 518920 341118 628564 301412 678911 467993 541729 325642 861223 179486 808857 458104 573554 406874 639705 691915 555085 679918 224091 456934 839839 826908 698362 865373 599898 590432 258789 170032 627358 720654 5091 612033 478003 687869 469595 188028 476878 276936 219195 178784 636300 148028 143835 277666 364620 628268 364530 733390 209216 370712 793028 488481 712284 348838 559391 661806
642059 765517 885807 686371 936682 518295 933776 1192988 885145 696057 1005244 1087017 889671 876077 533750 773475 746343 859122 320586 1173091 406936 1032314 731395 784889 527928 870749 83430 939103 910588 362624 943418 759313 344058 718376 470727 999999999 1243052 750215 256474 911319 751474 538842 1002723 745824 287743 801465 989285 361701 868741 353847 752414 785034 776888 372771 932302 142507 406961 639727 988481 754782 708257 803812 510880 180322 811619 1068136 830152 877103 576269 715266 339349 346257 624534 1011299 470718 476283 604841 467577 342664 287625 810984 519773 302423 634289 488311 604895 329173 748208 540653 673024 614936 925869 261688 731765 761516 897722 953330 800530 88664 431482
602212 629253 764500 856729 670622 895089 360758 78274 446007 574634 239725 163212 614292 451422 840620 592989 645242 892837 1063330 75483 971657 256336 520235 917094 726354 802161 1160031 361776 543606 887378 428196 838524 899046 777162 918466 1243052 999999999 746634 1109872 503104 572636 706846 441097 532256 1057789 892377 294704 881630 442295 951274 508119 685079 892004 893876 518869 1134601 987375 603774 279371 654311 578982 556535 750705 1103533 795159 260789 535330 727356 806954 598794 905872 1078969 771242 236807 922725 948904 667742 1058322 963750 1057644 447023 728054 956889 917689 963345 790430 1020739 810770 704312 701873 628630 407764 1044415 548813 797648 464271 328123 931898 1313917 1066251
444820 126627 146031 876457 188061 768539 391886 671290 680806 291994 585302 653444 845862 299414 217193 704401 118449 201788 780664 673157 349781 679839 499991 185799 509963 976871 677898 388619 805972 545813 736897 99364 497802 37555 749971 750215 746634 999999999 781234 250185 649364 386583 812004 573511 470773 992785 655735 482447 313936 398195 337120 810124 158746 591439 247548 608251 355422 400565 631682 102165 258900 197722 537121 570183 92457 491082 214053 128160 176511 213265 532842 816225 132274 537295 754796 288999 282934 365782 408552 747246 540947 482642 603352 887573 288291 738009 739376 887748 391886 124595 434916 339126 706274 576539 58925 717480 426862 1021225 782290 388883
520592 754037 926863 439095 952030 279271 850458 1072322 704347 629181 870965 947449 668337 815385 574449 573091 737932 935966 67138 1046696 496812 874337 590758 870768 389051 624358 225158 857919 700876 252137 755476 821519 285200 757850 234076 256474 1109872 781234 999999999 875965 564608 456928 804404 581899 411698 548467 830948 302118 801897 411085 668471 559582 855554 224918 904107 297251 506257 535591 837102 751616 652685 769886 361571 313812 861170 979377 793208 907582 608590 675662 253832 89905 649127 893554 232592 564488 554971 604973 406159 52530 663022 395080 182810 382001 584917 380301 94344 504203 455645 674649 499070 859784 76749 565843 810570 708595 861537 545473 342777 571970
406136 155859 268445 842336 188822 779695 171589 426107 541474 253252 377476 431366 734430 99918 403382 614034 175794 393133 856417 431906 547983 482365 410578 414000 521111 897156 831008 164443 679445 623916 584843 336735 598484 284510 776154 911319 503104 250185 875965 999999999 561392 421585 653110 480934 659394 939713 469437 580024 123225 564634 241798 730692 389037 657222 35560 776853 559164 370301 440611 175712 224860 108144 552632 739792 292106 243589 83060 229234 361185 201231 624293 886488 314633 316299 781245 503196 321364 599007 577038 831937 413971 502151 693837 872918 510376 716013 811280 833970 423878 249461 412865 109153 799454 490709 296622 579583 204976 974071 960471 615988
212017 540440 766018 303293 727438 323656 436259 553545 139912 358413 349867 411270 200211 463691 574490 55170 538844 851134 509030 521594 638824 320749 154031 824887 242134 336822 675438 446364 180080 395626 192808 741217 438442 654187 351242 751474 572636 649364 564608 561392 999999999 320725 252403 80658 667258 381906 279191 427438 440903 572059 329517 169365 798950 378709 596950 681516 657324 254420 293503 557742 393013 498101 247931 661988 739579 525957 504636 729244 569537 439126 425324 518319 569324 398578 355087 659166 383606 766735 581030 512472 160195 263600 449128 354191 682778 217800 470810 278717 314565 531156 231558 481302 511277 73525 706017 146491 425823 418285 835015 755143
124167 317850 526466 493443 524382 383361 401008 654456 413603 172262 472354 555275 517697 358683 258475 369572 305930 580091 434842 635547 321291 516199 221078 537899 123815 613076 455434 407468 499812 205517 477625 462025 196469 378340 368889 538842 706846 386583 456928 421585 320725 999999999 551015 269088 369957 614298 475676 178085 346013 265838 217212 454479 514309 235699 451554 428171 339773 104816 468062 323044 196852 318392 150577 398318 478377 534025 339854 497435 261725 225440 212446 465098 275077 473015 373878 338448 109151 446598 276767 411246 299318 96065 277521 501157 362135 354059 389697 511941 6338 262566 96666 404136 381193 262335 434639 440502 417266 640141 607245 436725
428754 688871 901875 449697 839552 540427 488778 457023 138861 529364 305802 314905 180883 555522 787386 231755 693866 1007402 744347 420458 872084 209209 337100 996861 491644 363205 927485 498030 116261 648005 76332 910334 689300 826214 577629 1002723 441097 812004 804404 653110 252403 551015 999999999 282250 912475 459587 196953 677440 533027 813223 475369 274521 969894 630255 685970 933551 890524 462087 227910 711249 557792 628091 499831 913247 894148 517139 624110 862254 773369 601106 677483 747632 761647 376741 580530 882625 586054 994174 823104 753400 274700 510399 700745 518323 904759 430535 710078 392103 545406 709256 454793 549310 757152 290798 870913 111021 462184 498660 1086902 986788
148996 461982 687164 374671 647039 367835 360081 503929 146778 281612 298387 369044 272392 383583 513188 134781 461199 775030 532258 474468 590369 292747 74379 751547 219360 417440 666392 370091 238432 383567 210308 666977 415875 580133 387317 745824 532256 573511 581899 480934 80658 269088 282250 999999999 631460 460606 249274 402284 360920 531194 249334 249992 725304 377006 516495 662379 608844 187137 255633 480007 315579 417931 235040 639139 662846 457373 424092 650040 504250 361726 409639 546825 499975 337719 391733 603895 316158 714225 541230 529382 91862 233489 445452 419331 626697 271388 490662 356141 263386 457662 173543 402727 521092 16608 630827 171477 352227 496273 825911 705576
493424 505823 601286 725101 658773 560545 716360 997112 778154 484062 832342 915268 847618 643736 260340 706693 485875 571487 446063 983634 121452 884807 590604 497685 425903 890820 229181 719584 845749 303211 841762 472363 241282 436918 518920 287743 1057789 470773 411698 659394 667258 369957 912475 631460 999999999 853210 844967 246469 641682 106814 549729 760592 489201 347299 675177 146968 119470 472657 835884 490844 485030 556318 426430 112062 526148 848650 583199 595325 303954 478432 269904 483774 352987 820988 521707 188997 390200 194852 94656 404056 669272 403705 300264 697099 200601 602920 422880 770788 374581 411125 465239 694914 357927 621845 476724 801495 742112 865556 311551 160720
552352 898887 1123007 128610 1096679 295512 817797 894237 459848 715754 704993 746372 279541 843642 864566 334415 893411 1191442 482061 858809 876075 640291 529151 1152111 492590 109107 752002 827928 349265 552331 464672 1074777 617725 989429 341118 801465 892377 992785 548467 939713 381906 614298 459587 460606 853210 999999999 609026 618310 821191 789346 701388 219073 1128262 506049 975212 799193 892850 595846 633660 912262 751187 867273 471867 797629 1085211 899839 877312 1088909 874392 795535 584777 462171 889201 764642 339565 920200 710496 1008930 793219 513928 540580 521755 557525 167199 945073 263794 473706 106382 608290 868660 558614 863079 544752 449574 1044897 433081 805811 39534 889435 986443
354935 529321 728729 563733 658078 602728 299879 285686 152533 397476 108982 138042 339098 376219 673369 298448 537971 842284 780053 250900 781363 43499 259754 841333 461630 528024 908270 308448 268976 626919 150210 755093 651132 675536 628564 989285 294704 655735 830948 469437 279191 475676 196953 249274 844967 609026 999999999 635587 355250 739439 332902 395267 814316 624646 500426 896201 799054 372324 31026 553575 418249 461791 481224 869516 730630 320429 452864 688717 650698 455709 650323 792757 629108 179787 632621 777294 474803 890786 750922 778418 179287 470059 691881 623441 796761 496628 739178 521136 471464 568112 383387 362074 770266 265159 714130 175945 270394 648430 1066699 889875
282735 452424 628475 489737 650054 335604 577786 831356 547966 343437 644563 726807 601995 528955 286726 463370 436026 649597 298325 811415 259070 677862 375846 590872 185807 647811 278483 583866 603366 71719 610154 531834 18770 461696 301412 361701 881630 482447 302118 580024 427438 178085 677440 402284 246469 618310 635587 999999999 518555 171039 394436 514156 572392 122542 606403 261016 275241 278046 632096 449530 361550 472518 181592 236864 565972 711394 496965 607337 314986 378793 50564 334340 351452 649628 305318 310622 259457 391062 175175 265084 456300 168797 121063 471709 334918 360747 257951 529974 179451 372740 254924 576628 225775 390442 516241 567375 595050 634696 433346 368151
303034 190060 373489 727962 306556 677703 81541 371236 418586 175148 273495 339510 611270 23313 404302 492740 204422 489251 775062 367140 542544 373240 292860 495594 427910 775515 786108 81426 556306 551423 463340 411387 537323 340519 678911 868741 442295 313936 801897 123225 440903 346013 533027 360920 641682 821191 355250 518555 999999999 538935 137406 609842 468995 578113 158243 742339 556720 273593 328042 215480 160666 116878 459310 707163 379557 207376 100857 333473 367775 164145 557566 802345 329670 223439 683974 511747 263900 618553 551680 754768 291026 413220 623532 762529 524387 606142 729522 716032 346751 260003 315147 58169 726720 371619 369771 456728 114984 856286 926909 628910
389912 414448 537735 660776 583406 504771 612164 891144 677386 378168 725544 808461 758527 542215 181005 614458 394883 529146 430014 877249 91144 778940 486916 461179 334152 816816 279729 615737 751790 239276 741267 419134 173064 368073 467993 353847 951274 398195 411085 564634 572059 265838 813223 531194 106814 789346 739439 171039 538935 999999999 443349 677332 447518 288879 583021 214094 105584 367193 729809 402202 380651 459167 339528 176301 465973 745201 485984 525990 222790 377086 209214 468232 270763 714467 471536 154042 284022 220456 12747 390125 564806 309454 260737 641490 175824 530835 397918 700218 270784 320690 362042 593283 344221 522496 415075 702228 637135 805566 396108 197176
166496 217083 439745 600995 398027 541558 183836 448269 343820 68100 290123 371187 517110 155339 345095 384093 219735 535260 639330 433914 466408 364470 175520 521523 290640 666046 669063 190501 471887 420280 399947 435042 413029 350944 541729 752414 508119 337120 668471 241798 329517 217212 475369 249334 549729 701388 332902 394436 137406 443349 999999999 497965 494577 443829 276698 633664 482892 136325 313963 237765 85447 168604 321987 600643 421927 316968 176101 401893 319134 126035 429475 665900 296219 271375 546798 451873 159627 564683 455882 620380 204133 276775 492777 631209 469535 474323 593788 595182 216879 236798 177742 193463 594156 256472 395939 380753 200958 734816 816513 567593
365758 705790 931586 176004 895982 282307 601211 680889 243616 522345 487450 533300 109634 632730 712932 117489 702924 1011636 494983 646151 754864 429567 322569 980643 347176 168260 718626 611370 158545 462814 258672 898885 519961 811993 325642 785034 685079 810124 559582 730692 169365 454479 274521 249992 760592 219073 395267 514156 609842 677332 497965 999999999 955348 429146 766247 743857 772956 409935 418169 721892 557510 666322 337914 732008 901491 680770 673568 895493 714308 603301 496047 491523 720400 545880 327427 786189 535126 887133 684180 512044 323837 375009 495852 243828 810721 180832 467586 125930 448146 688949 379079 648767 525965 241549 865436 220896 587912 257472 872870 870603
589974 285000 158441 1007637 255660 885549 544391 815141 837589 445574 741908 807815 997440 452723 285671 853571 277122 82414 866179 820132 372937 837874 652813 27055 637458 1120145 715039 540187 960345 641769 894520 59588 584623 145263 861223 776888 892004 158746 855554 389037 798950 514309 969894 725304 489201 1128262 814316 572392 468995 447518 494577 955348 999999999 690984 376867 635780 370552 546069 790008 260856 414035 354439 661583 599406 98934 632516 368182 181202 261331 369356 622334 903534 239245 691277 865773 302209 420707 329614 454627 828947 697688 608756 688775 1011684 288601 868175 828620 1024933 520218 267830 576584 488131 784712 727101 100194 873886 579561 1154449 791567 362242
297249 545380 736921 377819 749158 216213 625545 852503 513068 407038 654169 733019 527347 592300 406006 402492 531040 766638 199232 828317 378991 668091 373783 710345 167710 546125 297564 633030 541361 50829 570741 647981 116211 573930 179486 372771 893876 591439 224918 657222 378709 235699 630255 377006 347299 506049 624646 122542 578113 288879 443829 429146 690984 999999999 686844 314792 394348 310694 627178 546452 432552 553163 143877 303551 678236 754646 575233 712838 430968 459382 79886 230593 463386 672277 183229 432883 339450 509135 290981 176669 450029 170656 70491 353200 457042 259248 154328 424671 233696 474974 274721 635800 152582 362148 629574 524963 636785 519497 456691 483966
440312 169357 246686 877489 160332 813173 200983 441091 575881 285286 405950 456196 769509 134938 416727 649568 189306 374100 886073 449486 561348 511758 446092 400865 553585 932675 852762 193067 714097 652352 618399 327513 624714 283598 808857 932302 518869 247548 904107 35560 596950 451554 685970 516495 675177 975212 500426 606403 158243 583021 276698 766247 376867 686844 999999999 796294 571636 403789 471185 185734 255558 134224 585045 758917 278439 258090 111715 208725 373743 228445 651568 916652 325904 342585 813947 513181 349139 604995 595254 860794 449202 533992 721611 907581 518745 750674 841089 869439 454100 264053 446328 138442 827466 526257 288874 613954 233041 1009520 979126 623767
542088 628202 743313 675222 795149 504345 811224 1080041 807099 573307 900421 983244 841618 747896 392347 711929 608738 718132 345792 1062617 264632 938252 636472 644599 443763 853089 85309 815819 852053 286870 868458 617049 246569 576105 458104 142507 1134601 608251 297251 776853 681516 428171 933551 662379 146968 799193 896201 261016 742339 214094 633664 743857 635780 314792 796294 999999999 265311 532452 891899 616281 581829 670272 433722 38102 669121 945530 696914 734867 435218 584476 256226 380554 483800 899553 459633 334357 479832 335066 202365 304682 716957 429268 249009 634813 347268 570735 334983 729898 431086 534714 513867 798441 263083 649985 619010 824642 833185 805271 184672 299298
