NAME : synthetic_000158
TYPE : CTSP-D
DIMENSION : 100
GROUPS : 8
RELAXATION_LEVEL : 1
EDGE_WEIGHT_TYPE : EXPLICIT
EDGE_WEIGHT_FORMAT : FULL_MATRIX
EDGE_WEIGHT_SECTION
999999999 488792 496274 663644 419436 755703 678251 467794 378456 528035 182808 308613 415186 345808 413919 781041 293864 762776 319756 292942 340123 547765 721480 481414 632417 692945 564631 691155 662896 671968 663710 837001 763611 658242 609978 886603 228029 977833 592924 428498 243809 696772 568450 221009 407652 132978 572499 565570 389846 699157 622086 643959 525007 712395 613486 146368 575234 226143 471461 597507 300154 310024 378264 637772 695039 660851 682813 781914 698394 500172 470224 216795 502699 695459 436548 491311 805755 461408 485782 169191 327539 657853 230488 689108 723488 586655 245377 394382 270716 841498 179154 250527 920099 273579 585721 161613 373761 277543 127747 126244
488792 999999999 549754 850790 83727 384713 794690 447473 110363 706231 636128 520624 386421 385129 758795 400931 506093 530204 249302 727712 288677 91404 451843 190713 423412 547790 377302 206759 249849 467611 385640 447753 278066 342365 495405 520818 488359 559068 308719 129163 730941 207981 423076 608602 148309 504598 103463 310712 98992 812979 423482 419677 674327 365088 233652 517305 692131 703569 668502 112918 475646 222315 740944 447104 639423 260135 237186 306610 209886 47386 588651 659404 277530 595523 660995 226824 415397 272123 691959 321870 406203 363086 546040 291938 579468 756286 319449 184928 250129 480490 328561 682815 502275 472454 406629 346958 289516 543157 393252 599410
496274 549754 999999999 308440 475560 505502 245456 105595 495881 181038 466289 199868 163824 190813 365783 530857 209699 370895 611737 773778 662493 641055 381137 694411 285317 255927 253408 647779 799568 973127 364116 577557 703969 401008 188100 584253 694225 720482 353428 420647 603448 686598 210181 717280 403190 620836 548409 322344 504777 264397 922197 929473 140312 456564 455844 636292 143441 545873 172935 641089 196436 573048 378257 269169 206011 494729 562896 681014 696170 517016 71161 701515 767023 226868 196135 725817 558526 739123 192946 437665 189585 894965 299928 502572 275478 216831 599683 367075 375992 547316 525394 448884 674690 223215 893952 396585 264784 754768 541924 490291
663644 850790 308440 999999999 772579 793095 115175 413945 784412 149267 546640 376737 466138 470033 310155 816449 394379 612731 871529 882187 917503 942102 650868 978870 568380 488514 552743 956111 1100050 1247014 651736 856754 1011336 695885 456527 846799 889260 990562 655728 722025 657204 995003 503906 867164 702579 796464 856131 626460 794636 118748 1195057 1206356 176562 746780 762027 809158 167499 600181 200101 946794 409646 836951 347934 546123 368626 798641 868946 985912 1004512 821211 262179 823315 1043608 428909 228766 1007315 842855 1011124 181140 674290 454966 1181888 433460 803471 489310 94564 839178 665962 646500 816686 757809 492100 951665 427592 1163752 627669 561404 941180 752569 597969
419436 83727 475560 772579 999999999 391006 721015 376058 56601 626705 558229 437167 311752 304334 675095 411360 422512 501494 229228 674041 277760 171746 428854 230428 383286 501217 328553 272220 327946 515132 361026 463220 344721 326522 440646 529806 449906 588426 279483 62758 658566 283013 369299 559482 73381 451061 153165 272654 53577 739830 467345 468513 596022 361667 234192 465010 616512 628201 587456 195246 392309 193066 657461 404376 581564 272673 272822 363275 286698 80881 510497 602824 313353 542963 578756 265482 430320 297121 610810 250365 324222 423026 462902 304641 534045 678016 282961 108598 168363 486688 272988 602525 530355 388778 445262 270076 211783 509026 336097 524561
755703 384713 505502 793095 391006 999999999 696467 416907 447589 685287 839878 613546 409606 466674 847555 26949 608526 228358 619279 1038278 665508 430697 154553 570576 224808 324777 254902 285295 543564 826236 142089 82313 294899 109492 336758 138812 836149 229151 172815 348203 966476 336513 295385 933492 362205 821720 290721 205876 443719 707507 789099 778343 643444 50045 156817 837042 628799 921572 676328 377865 574624 584038 848009 247241 454464 124838 175823 242032 349127 339992 573797 963259 656090 390743 692189 605590 54848 655569 697567 597964 496154 704105 691461 93974 341173 711592 672386 365078 488088 96179 648948 858690 175500 589736 778766 594309 392721 897085 706283 828607
678251 794690 245456 115175 721015 696467 999999999 347641 740406 155179 588469 372977 409271 429478 380793 718643 389515 505303 847034 922501 896023 885862 549471 938490 473615 382530 467366 880142 1044353 1214899 557135 755945 930940 604519 360836 740987 896502 885784 570795 665720 711260 922016 416393 892242 648577 810467 787837 544002 749573 21082 1163555 1172046 153505 652020 680778 824462 109679 652436 210629 883340 395253 809828 413796 449626 257944 713709 786536 900900 932256 760782 224095 858035 1009181 320296 250250 969248 744233 979734 202563 659775 421096 1139768 450654 715318 380150 105327 825350 612516 613857 712998 746551 543697 849323 417986 1134244 614854 510042 952639 751211 632396
467794 447473 105595 413945 376058 416907 347641 999999999 401295 281871 478082 216187 69606 125449 432832 443193 217721 320680 531205 757179 583429 538466 310122 599923 209892 228526 162141 542589 696894 881822 279498 493283 599732 308945 145960 510163 643378 639425 255420 318874 615279 581058 130879 685632 302896 581590 442906 222879 409270 365629 831646 837058 243057 367022 353104 597652 248794 561141 262805 536317 190193 491142 437013 201499 237178 393841 459961 578722 590594 413151 162697 682170 675842 228159 275572 632562 471233 650447 285220 376552 140262 798161 311636 404088 257294 321743 530078 267604 296818 469969 462164 476256 590259 214131 804985 341689 170085 706064 489361 488926
378456 110363 495881 784412 56601 447589 740406 401295 999999999 636491 527804 433968 333808 314537 664164 467952 418140 552281 173374 623300 222971 180999 481602 198773 430751 544672 372638 314592 326575 481102 413782 519709 386677 381311 479811 586394 394434 643816 331804 110281 620630 318333 409917 506872 110968 399927 200609 322315 12358 759853 431566 435896 608543 417828 290781 413395 633593 593881 593663 221031 390588 136563 643568 450503 617452 329059 326150 410573 320182 127522 523943 553323 275812 582700 581119 231321 486808 254379 616585 211720 330260 399409 447340 361085 577879 690146 226807 138709 151161 543229 222151 576727 585847 383242 406713 238895 231825 453021 286333 489635
528035 706231 181038 149267 626705 685287 155179 281871 636491 999999999 433382 230360 325765 322821 241064 710280 247824 532592 722592 767352 768962 797268 554828 830084 462713 409557 434393 822539 954613 1097760 543407 755537 881189 581787 357478 756966 750093 896313 534269 578210 557663 858954 390037 739227 557943 660869 717746 502845 646913 175104 1045813 1057095 42258 636740 634923 674392 83631 498628 56646 805156 261012 687793 268999 444173 313833 674933 741823 860491 867898 678678 120579 703245 894365 361502 95111 858279 737737 861863 48006 526596 306448 1033170 298381 683447 419856 59414 691978 521348 497345 722171 611094 390253 852372 279998 1014577 480225 416853 804396 609134 477409
182808 636128 466289 546640 558229 839878 588469 478082 527804 433382 999999999 268281 447676 380321 257084 866536 262353 797065 498353 335891 522068 706064 773566 656519 675787 704146 613082 827850 833100 854701 725990 922136 899853 733838 623134 959498 392936 1068468 668100 550762 137840 841226 601189 331004 527349 290389 706390 636425 539992 608067 804888 826714 444389 792270 715221 297917 499941 83492 379276 748477 287890 483853 217532 673822 672033 763923 799997 909045 844637 637953 417119 277670 683564 689387 338635 669274 893348 642563 385936 319281 352867 838773 168015 788306 730179 486333 427294 504180 392112 915482 356000 70822 1012701 264724 768504 289183 447755 429239 310159 62498
308613 520624 199868 376737 437167 613546 372977 216187 433968 230360 268281 999999999 204004 153587 245890 640461 17673 536717 497649 575914 542043 608052 523395 617712 423299 437542 367085 673439 760074 875604 484974 693784 740300 504131 358004 719417 523534 841456 442013 401502 406061 700771 345288 527497 378233 439222 556699 408376 445541 394042 823482 836760 219668 563790 515881 453712 267407 349688 176652 628962 45520 465016 238076 417120 405789 562827 615735 733668 707616 503050 162285 505000 675341 421110 152803 643048 668371 640646 196337 297824 124896 820053 100549 580919 462626 289685 462443 344113 285161 677397 381131 260281 789041 52498 791067 251067 250447 580108 379435 290474
415186 386421 163824 466138 311752 409606 409271 69606 333808 325765 447676 204004 999999999 70345 441480 436507 199816 352809 461622 707347 513890 477804 326092 532581 228197 278382 166182 498661 636266 813514 282410 489789 560025 300156 195919 517286 579833 637474 238706 257258 582359 533619 155914 629320 239405 522787 391985 204974 342229 428096 763122 769065 290688 359807 321317 538979 305710 531147 296549 480682 166783 421538 439282 227884 304244 366102 425792 545132 542370 355184 205563 631555 607413 288806 300316 564757 464444 581445 320022 311320 95097 732058 287624 381322 309729 372077 461801 203252 227602 474607 395651 455717 585084 185240 736104 279242 101983 642993 426106 450461
345808 385129 190813 470033 304334 466674 429478 125449 314537 322821 380321 153587 70345 999999999 398893 493610 144982 422954 420955 637491 471692 475600 393573 510653 297056 347142 232934 523049 632247 785421 346156 548142 588607 358174 264218 580519 518250 695714 293911 259230 513794 552943 226157 561599 237566 456531 408907 260849 324637 449555 734094 742690 294008 417605 362462 472638 320990 463625 283375 488219 110350 382440 391535 297860 361653 409662 462237 580394 560499 361160 209598 561826 579762 353009 277452 540530 521199 550365 306831 252919 29653 713130 224920 428590 377863 375669 410954 201413 185431 537034 339663 392701 641814 123105 705009 216504 99978 580780 364237 380817
413919 758795 365783 310155 675095 847555 380793 432832 664164 241064 257084 245890 441480 398893 999999999 874185 257246 736493 692194 583816 727706 843148 740391 832837 641051 620765 594242 918904 989847 1067477 712211 925454 986112 738377 553170 942247 639460 1072076 679406 644490 350458 945072 562199 588053 620811 538646 801276 645691 676275 397078 1015874 1033652 271658 797510 759893 548326 323771 295689 206359 869392 290938 666884 40238 629018 544906 806119 861038 979286 951530 745005 295895 532254 878367 583671 172076 853454 902262 839970 197508 489724 370652 1030129 219742 822596 637644 276158 636772 587833 513036 902638 556143 192155 1022118 288242 980934 445500 496322 681646 528850 316667
781041 400931 530857 816449 411360 26949 718643 443193 467952 710280 866536 640461 436507 493610 874185 999999999 635468 241846 638728 1062714 684173 442460 172734 584591 248718 343993 281094 288270 549375 835711 166876 56066 291161 136362 359925 119920 858183 202278 199732 370576 992848 338880 320677 957102 385338 845467 304304 232822 463623 729287 799718 788023 668353 76785 177610 860704 652765 948148 702053 387223 601571 604131 874803 270327 474109 141115 182651 235385 351396 357179 599458 987852 669483 410001 718313 619219 28078 670404 723169 622401 523094 712145 718382 109048 358677 735755 693568 389443 512804 80978 671942 885577 148580 616676 790489 619547 419217 918768 729858 854908
293864 506093 209699 394379 422512 608526 389515 217721 418140 247824 262353 17673 199816 144982 257246 635468 999999999 538331 480074 564444 524390 593041 522281 600879 422496 441927 364605 661661 744462 858110 481932 689217 729046 499288 361422 716697 507148 836937 436400 388211 400161 688168 345167 513466 364767 423794 544227 402896 429791 410591 805985 819361 236394 558946 507325 438428 283331 344662 194285 615001 34640 447563 247145 417424 415035 554629 606097 723595 694826 489454 176377 492859 658047 427985 170332 626005 663288 623234 214009 280152 115625 803084 94511 573458 467829 307111 444799 331106 268803 674278 363525 259005 784001 35391 773520 233397 239643 564101 362363 281132
762776 530204 370895 612731 501494 228358 505303 320680 552281 532592 797065 536717 352809 422954 736493 241846 538331 999999999 721646 1055702 773460 600252 83138 719971 131906 124693 200122 495437 736654 996411 144882 263666 517884 193915 183535 236291 898872 381744 222902 442026 933346 546459 196939 969014 444025 858639 461025 230161 553397 512471 953459 948233 490823 203022 309435 874847 461004 880434 540202 561924 509765 681619 747111 125309 248701 310891 382976 468688 558958 482968 441588 979494 806514 185085 566777 756181 261497 795969 557482 633824 447391 883922 631887 292998 126264 543966 752827 427346 527802 212695 706120 796913 350048 532342 936691 613325 395115 962581 751170 803051
319756 249302 611737 871529 229228 619279 847034 531205 173374 722592 498353 497649 461622 420955 692194 638728 480074 721646 999999999 498626 53103 266827 653308 164130 596498 703384 534546 448328 350157 378783 585637 689141 515532 554553 632313 757904 244386 807121 503530 281918 556282 435729 566088 374776 277672 283602 352578 491611 175857 867579 326677 342222 702348 590892 462606 292844 737449 545437 672347 330166 461947 41009 663440 614235 761803 498412 485547 552034 433183 285567 623266 437834 187194 734643 650393 171556 656309 147852 693237 203958 426134 341621 474739 530639 736890 780415 83918 296531 235962 715248 142397 560888 749829 445470 293568 250268 365352 295404 194931 445599
292942 727712 773778 882187 674041 1038278 922501 757179 623300 767352 335891 575914 707347 637491 583816 1062714 564444 1055702 498626 999999999 487082 763619 1013175 654077 925189 984145 857283 934348 839577 740373 954025 1118166 1004895 945202 901062 1172265 263694 1254644 880814 697744 241550 929023 861264 125000 679843 223396 823891 854919 632503 942429 700953 730298 774981 997236 889765 210408 829494 289504 712157 824019 578857 511751 543599 930714 977592 935235 946451 1033372 927813 750808 736314 76282 636978 983185 672254 648427 1086137 597837 720432 440325 617529 776932 480267 965210 1014099 821527 416209 673275 550373 1127147 401300 392446 1196445 552157 665561 447828 665054 241896 338017 290731
340123 288677 662493 917503 277760 665508 896023 583429 222971 768962 522068 542043 513890 471692 727706 684173 524390 773460 53103 487082 999999999 292385 704248 167156 648937 756412 587334 480261 352686 339791 636482 733529 544830 604110 685414 803767 225250 847730 554414 332623 568078 462908 619154 362094 329455 282734 391995 543322 224186 916672 288180 306951 749974 638755 509310 289358 786359 562604 717781 358269 507962 94109 697373 666915 814639 543302 525858 585108 459106 328266 672006 431883 163880 787730 694384 163059 700815 122240 738220 245045 475738 318353 512751 575533 789914 827204 94789 349228 287403 761648 171736 587243 790939 490290 253335 291963 418197 268294 212408 466229
547765 91404 641055 942102 171746 430697 885862 538466 180999 797268 706064 608052 477804 475600 843148 442460 593041 600252 266827 763619 292385 999999999 519215 148921 502043 628685 460939 192062 158515 398380 455587 482699 253000 407667 580749 560095 511017 575888 383685 220550 791569 170528 508493 640725 239530 543980 141851 390376 168649 904063 358960 350163 765609 420164 293116 554951 783513 768947 758920 67038 563463 252404 823624 526854 725534 307605 263324 297230 166923 128304 679941 699734 229234 679273 750501 180497 452023 237199 782321 387202 495937 283899 627656 336907 659493 847582 347526 276154 330725 523433 376069 756909 522028 558852 348125 418471 380742 559479 439884 664739
721480 451843 381137 650868 428854 154553 549471 310122 481602 554828 773566 523395 326092 393573 740391 172734 522281 83138 653308 1013175 704248 519215 999999999 642319 100300 171344 160665 412676 653877 916401 67845 206476 437195 111698 197582 203117 841901 341789 149835 371626 907325 463591 179246 920372 376334 808831 379142 164802 481692 559170 874217 868176 512571 122275 227171 824894 490796 856983 554024 479425 490988 614025 746605 112036 301559 227815 300392 389999 476065 404466 452030 936922 729074 237325 575675 678503 196412 720246 573478 581996 420699 802497 613009 210718 186620 574406 690052 363927 473035 167422 649077 780669 300803 511006 858422 566334 348123 905225 698078 773301
481414 190713 694411 978870 230428 570576 938490 599923 198773 830084 656519 617712 532581 510653 832837 584591 600879 719971 164130 654077 167156 148921 642319 999999999 608992 730085 557630 340101 186926 284723 575778 627623 397028 533077 671045 703633 392315 724675 497562 293006 720072 312984 599556 529127 302285 445340 280287 496567 190693 958085 237163 238361 803989 554332 423400 453397 831085 707547 784737 214959 576814 172668 807340 631449 811789 445854 409386 444775 306978 238069 720202 597387 86817 773244 768742 36211 596221 88279 807128 345950 523933 203130 613104 476732 762573 885078 246905 334600 333884 665219 302328 716174 670500 565488 217094 387943 430598 432596 358572 606274
632417 423412 285317 568380 383286 224808 473615 209892 430751 462713 675787 423299 228197 297056 641051 248718 422496 131906 596498 925189 648937 502043 100300 608992 999999999 128370 68282 432294 649095 890659 83594 292831 471183 132652 112788 301245 767484 435199 120423 321621 810509 480344 79080 837277 320429 726784 370652 112731 433189 485657 845378 842876 420603 178667 229843 742986 404074 759273 458049 473908 391600 555980 646633 26911 244976 250682 326504 433520 492135 377550 355511 848929 694414 187015 477912 644988 275723 680305 478260 501945 323252 784807 513846 246035 157749 487039 623658 300246 396361 262611 574908 681183 389760 412219 825952 481625 263238 831237 619330 677815
692945 547790 255927 488514 501217 324777 382530 228526 544672 409557 704146 437542 278382 347142 620765 343993 441927 124693 703384 984145 756412 628685 171344 730085 128370 999999999 172664 558638 777120 1013485 198768 376068 593811 252995 83091 358647 852966 503257 248777 438569 841830 607384 137662 907661 433763 800567 498851 238312 548530 390781 967159 966005 368141 286582 357435 816791 336577 786585 420426 602101 417127 662410 634178 102306 130252 374687 450583 552104 619318 502805 324878 908703 814375 66013 449386 765763 367691 797728 436584 583653 366730 910406 536436 365923 33517 419370 721034 408451 486506 330765 663679 696548 467635 441921 946261 555589 347706 916614 700518 717248
564631 377302 253408 552743 328553 254902 467366 162141 372638 434393 613082 367085 166182 232934 594242 281094 364605 200122 534546 857283 587334 460939 160665 557630 68282 172664 999999999 416238 613270 841404 118407 331295 463900 147971 121277 352333 700049 477878 103507 265916 746660 461056 51861 768995 261671 658524 338251 78023 376170 481750 794766 794074 393246 205140 214122 674729 385496 696461 422133 440416 332384 493753 596709 80312 266365 246630 319209 434045 472114 333484 319944 781010 641739 218422 437289 593233 309119 625171 443758 433900 260276 740385 453761 250841 205558 465935 558333 238149 329022 310573 507720 621788 428178 351420 773635 413345 194994 763833 551354 612786
691155 206759 647779 956111 272220 285295 880142 542589 314592 822539 827850 673439 498661 523049 918904 288270 661661 495437 448328 934348 480261 192062 412676 340101 432294 558638 416238 999999999 263239 557684 362342 316028 72504 307791 534474 395852 691451 389122 316041 279769 930771 51449 468099 814651 303797 711326 121566 338249 304146 895644 526756 511200 785108 294080 203486 723944 789537 899623 795180 125228 628109 426013 906791 459199 676024 185759 112659 105294 64082 191348 701992 866154 415830 619307 796709 369578 289518 428095 818674 522364 549750 430312 718488 202875 584295 864332 523520 333205 435743 366218 535187 868228 338088 631584 523160 541539 423560 743708 599824 796327
662896 249849 799568 1100050 327946 543564 1044353 696894 326575 954613 833100 760074 636266 632247 989847 549375 744462 736654 350157 839577 352686 158515 653877 186926 649095 777120 613270 263239 999999999 300183 594341 579252 290584 542822 734115 659062 576634 642579 528922 379011 904033 216132 662229 714579 397583 632263 278620 539787 314761 1062514 277033 256279 923503 543931 427574 640286 941974 888647 915153 175578 716193 353055 967924 674818 879274 429656 367756 350319 204729 285000 837872 784070 215596 830589 905251 191956 552326 247935 938439 515718 651503 170237 771626 454175 806774 1005499 433533 434166 477468 628553 484146 889260 595699 709690 282584 553058 538662 612724 543035 785946
671968 467611 973127 1247014 515132 826236 1214899 881822 481102 1097760 854701 875604 813514 785421 1067477 835711 858110 996411 378783 740373 339791 398380 916401 284723 890659 1013485 841404 557684 300183 999999999 851533 870893 590631 805224 955678 950121 494490 942185 776148 577637 881128 513815 884061 625312 586897 585601 540177 777934 474056 1234942 52132 48244 1075037 818281 691315 586035 1106203 885619 1048984 448549 838491 410680 1036877 913857 1096477 704962 653309 649831 503078 514282 993315 708013 206160 1057735 1028404 250235 842095 235934 1070345 582438 795264 130239 852153 733224 1045685 1154657 431681 618655 601980 916370 511371 922115 894170 823228 86671 628965 711804 499138 545659 795925
663710 385640 364116 651736 361026 142089 557135 279498 413782 543407 725990 484974 282410 346156 712211 166876 481932 144882 585637 954025 636482 455587 67845 575778 83594 198768 118407 362342 594341 851533 999999999 214258 395085 54651 196353 234882 776878 359927 82107 303863 857588 412149 153985 858532 308966 746680 317182 100105 413848 569014 808694 803353 501497 95100 166931 762648 486902 809037 535766 419013 449183 546465 715081 107957 323667 176963 252527 353944 424361 338335 433098 877894 662449 262544 553180 611983 194432 652983 556664 519569 374593 739387 569633 167194 222432 569573 623424 297750 409764 192424 584317 737795 311445 467125 792250 506303 290105 840008 634763 721857
837001 447753 577557 856754 463220 82313 755945 493283 519709 755537 922136 693784 489789 548142 925454 56066 689217 263666 689141 1118166 733529 482699 206476 627623 292831 376068 331295 316028 579252 870893 214258 999999999 306447 190051 401193 79840 911466 147721 254611 424566 1048771 364663 367874 1011912 439972 900412 348235 287319 514862 765535 836879 823653 713409 130537 230904 915575 695072 1003872 749726 424141 655503 655372 927034 312206 506054 190827 219491 246501 376816 405464 647043 1043417 711349 441511 767434 661574 32901 714438 770395 677905 577539 745202 773034 158673 386743 778483 745996 444970 568499 59509 726266 940472 97211 671106 829465 675478 475034 971644 784683 910874
763611 278066 703969 1011336 344721 294899 930940 599732 386677 881189 899853 740300 560025 588607 986112 291161 729046 517884 515532 1004895 544830 253000 437195 397028 471183 593811 463900 72504 290584 590631 395085 306447 999999999 340857 578306 384909 759514 352270 361004 350680 1003264 84148 515416 884503 374619 782158 193480 386942 376072 945600 564638 545962 842789 315099 250187 794555 844066 971947 856279 186568 695176 495056 975050 497928 716152 220579 145241 61678 91578 263846 760963 937274 467147 656844 859676 423722 285378 483682 879633 594857 615957 460820 788272 228323 616969 920793 592429 402884 507756 362300 606621 939511 307308 699699 565132 613920 489889 810436 671317 868726
658242 342365 401008 695885 326522 109492 604519 308945 381311 581787 733838 504131 300156 358174 738377 136362 499288 193915 554553 945202 604110 407667 111698 533077 132652 252995 147971 307791 542822 805224 54651 190051 340857 999999999 244286 228623 756351 337742 66074 273528 862319 357747 192663 845082 282311 732977 267446 97579 380025 617173 763514 756986 540370 59667 115554 748692 529629 816075 570063 368010 465499 516513 738550 158729 376406 122315 197903 301117 370004 295016 467915 869490 619894 316149 584512 569182 164341 612712 591728 506532 387529 690818 583092 113710 277066 611334 598160 277130 395910 183655 565286 750692 284931 481082 748428 498088 288887 818766 619042 725054
609978 495405 188100 456527 440646 336758 360836 145960 479811 357478 623134 358004 195919 264218 553170 359925 361422 183535 632313 901062 685414 580749 197582 671045 112788 83091 121277 534474 734115 955678 196353 401193 578306 244286 999999999 399518 773034 539358 218513 378047 760614 580470 72340 825199 370073 718604 459527 198064 484851 373031 907971 908824 315229 291359 331098 734808 293896 705903 359479 561641 335517 591318 563590 89599 145188 358141 433068 543613 591760 452756 259159 825640 753467 102935 384235 706104 386372 734150 377962 503679 283642 858134 455863 356556 113814 377375 645238 341480 409584 365004 585175 617973 497149 359912 885234 474229 270939 836538 620004 634886
886603 520818 584253 846799 529806 138812 740987 510163 586394 756966 959498 719417 517286 580519 942247 119920 716697 236291 757904 1172265 803767 560095 203117 703633 301245 358647 352333 395852 659062 950121 234882 79840 384909 228623 399518 999999999 974373 145588 294499 486419 1089604 444479 380054 1069592 499657 957614 423468 324256 582454 748577 915596 902770 714728 175104 295613 973097 690507 1042245 757130 502700 684049 722821 947158 315129 484982 261010 297597 324283 456614 477078 655139 1096810 788071 421165 778608 738002 108247 789818 776497 732452 609191 824769 804446 228968 362523 774086 811089 500362 622012 45136 786246 972603 122135 701940 907563 726028 517145 1035535 842610 952815
228029 488359 694225 889260 449906 836149 896502 643378 394434 750093 392936 523534 579833 518250 639460 858183 507148 898872 244386 263694 225250 511017 841901 392315 767484 852966 700049 691451 576634 494490 776878 911466 759514 756351 773034 974373 999999999 1038219 697032 487978 390784 680100 718092 139247 475306 102591 589816 677276 401223 917562 450351 477776 743101 801244 680712 97061 790300 403982 693965 574527 505408 266085 602496 779423 879855 721866 719737 794171 677551 519003 680173 216668 373614 868636 660957 385066 878637 334198 709743 269376 509023 516792 455987 753524 885687 809284 169056 479875 371124 930099 192941 463748 980206 480641 413837 301746 507185 63810 154022 330466
977833 559068 720482 990562 588426 229151 885784 639425 643816 896313 1068468 841456 637474 695714 1072076 202278 836937 381744 807121 1254644 847730 575888 341789 724675 435199 503257 477878 389122 642579 942185 359927 147721 352270 337742 539358 145588 1038219 999999999 401948 557192 1193826 428958 512183 1145025 574813 1034458 455757 434865 637416 893696 914173 896874 854066 278158 365169 1049215 832339 1149832 893246 511311 803220 776357 1074263 452237 630359 319463 321885 292359 439305 521768 790682 1180719 803713 566382 912372 756133 175142 812921 913399 815578 725148 812727 920560 289539 508006 915971 870347 583753 707705 174424 858036 1087841 58256 818726 911962 816257 620843 1096581 918472 1055668
592924 308719 353428 655728 279483 172815 570795 255420 331804 534269 668100 442013 238706 293911 679406 199732 436400 222902 503530 880814 554414 383685 149835 497562 120423 248777 103507 316041 528922 776148 82107 254611 361004 66074 218513 294499 697032 401948 999999999 221791 796285 362634 154551 782248 227010 670186 250357 33744 332068 585015 732172 728111 493731 124255 112592 686015 488321 750217 518208 353596 402308 464373 677982 146669 360443 143148 216006 330579 374140 261866 417319 804957 583941 305697 529877 533758 227289 573070 540513 443273 323429 667277 518650 149181 277887 568021 542003 217213 332797 249613 504953 685908 347926 417001 714521 433264 222820 759917 557051 658984
428498 129163 420647 722025 62758 348203 665720 318874 110281 578210 550762 401502 257258 259230 644490 370576 388211 442026 281918 697744 332623 220550 371626 293006 321621 438569 265916 279769 379011 577637 303863 424566 350680 273528 378047 486419 487978 557192 221791 999999999 660346 301130 306591 588200 24066 477315 158794 212182 111702 684122 530026 530871 545677 314098 193775 492165 562968 625166 541971 229050 356019 243228 630005 342230 519445 237756 254420 358564 307179 102084 460002 624353 376107 480270 536522 328180 391909 359399 565525 261229 282279 483456 439356 268340 471453 627578 325761 57924 160611 442253 301806 588863 498948 356253 508016 270326 161436 549175 361334 523428
243809 730941 603448 657204 658566 966476 711260 615279 620630 557663 137840 406061 582359 513794 350458 992848 400161 933346 556282 241550 568078 791569 907325 720072 810509 841830 746660 930771 904033 881128 857588 1048771 1003264 862319 760614 1089604 390784 1193826 796285 660346 999999999 938757 736955 285781 637941 295530 810633 765493 632268 730017 834408 859654 573066 919892 835169 295689 629069 59235 506017 840669 425148 551153 310870 809515 808880 883634 913743 1018013 940809 739425 552228 208914 731838 827132 464801 726584 1019119 690186 509671 409212 487270 885197 305855 909629 867989 606928 476097 618942 499740 1045174 420220 167563 1137246 401394 797567 390471 573890 407457 361500 138372
696772 207981 686598 995003 283013 336513 922016 581058 318333 858954 841226 700771 533619 552943 945072 338880 688168 546459 435729 929023 462908 170528 463591 312984 480344 607384 461056 51449 216132 513815 412149 364663 84148 357747 580470 444479 680100 428958 362634 301130 938757 999999999 512832 807417 325077 707258 144160 383079 306943 937975 485246 468092 822415 345429 250635 719110 829203 910426 829377 105581 655265 417572 931114 507206 723069 236183 163986 137464 12636 204244 738410 862893 383286 667282 828911 339587 339094 399536 852959 529565 578577 385138 739981 254175 633596 902448 514414 357250 450565 416103 533926 884883 380362 656903 483974 552693 452973 729662 598617 806458
568450 423076 210181 503906 369299 295385 416393 130879 409917 390037 601189 345288 155914 226157 562199 320677 345167 196939 566088 861264 619154 508493 179246 599556 79080 137662 51861 468099 662229 884061 153985 367874 515416 192663 72340 380054 718092 512183 154551 306591 736955 512832 999999999 778727 299547 669883 388692 129871 414504 430475 836617 837085 348334 246704 265862 686134 337186 684654 381868 490328 315092 525092 567557 72639 217130 297317 370538 484553 523850 380449 279186 785218 682468 173688 400198 634770 348354 663975 402686 449324 250473 785860 437488 299888 171160 418677 583583 272347 349684 340751 527597 604144 465079 336704 814325 423991 211263 781858 566720 606132
221009 608602 717280 867164 559482 933492 892242 685632 506872 739227 331004 527497 629320 561599 588053 957102 513466 969014 374776 125000 362094 640725 920372 529127 837277 907661 768995 814651 714579 625312 858532 1011912 884503 845082 825199 1069592 139247 1145025 782248 588200 285781 807417 778727 999999999 571952 112105 706809 758540 515398 912904 583612 612127 740122 894628 781728 96495 792015 314907 682678 702093 521086 389857 548529 845457 915421 825824 832280 915074 805800 634187 689698 84183 512861 913773 645289 523495 979474 473388 694655 339068 545667 654957 441600 856540 939009 796544 293269 569257 449451 1024653 287124 398663 1086771 494452 547607 355695 574202 128376 227245 272383
407652 148309 403190 702579 73381 362205 648577 302896 110968 557943 527349 378233 239405 237566 620811 385338 364767 444025 277672 679843 329455 239530 376334 302285 320429 433763 261671 303797 397583 586897 308966 439972 374619 282311 370073 499657 475306 574813 227010 24066 637941 325077 299547 571952 999999999 460576 182860 213940 114971 667235 538472 540636 526079 325960 210056 475657 544822 602165 520749 251408 332789 237908 606111 339730 509608 255503 276066 381755 331028 124859 440412 605969 383514 472799 514487 336760 407523 364447 544261 241530 259902 496383 415300 285377 466941 608054 315899 36625 138348 455132 286744 564987 516632 332604 515196 248455 141218 537183 344748 500746
132978 504598 620836 796464 451061 821720 810467 581590 399927 660869 290389 439222 522787 456531 538646 845467 423794 858639 283602 223396 282734 543980 808831 445340 726784 800567 658524 711326 632263 585601 746680 900412 782158 732977 718604 957614 102591 1034458 670186 477315 295530 707258 669883 112105 460576 999999999 600504 646647 409108 831420 539007 564609 657060 782615 670540 16252 706516 303674 604328 602751 426746 291599 501206 735638 814551 715065 723745 810004 706494 527443 599579 155802 443735 809530 569525 445492 868047 402449 618757 227120 442748 594261 363460 745567 832353 719568 199692 457254 337391 912654 178096 361209 976205 400759 502175 245931 463551 145054 115986 227905
572499 103463 548409 856131 153165 290721 787837 442906 200609 717746 706390 556699 391985 408907 801276 304304 544227 461025 352578 823891 391995 141851 379142 280287 370652 498851 338251 121566 278620 540177 317182 348235 193480 267446 459527 423468 589816 455757 250357 158794 810633 144160 388692 706809 182860 600504 999999999 262720 191505 804624 500640 491974 682097 278349 152115 613871 691698 778601 686640 103256 511205 324331 787906 396558 604521 166518 133981 210413 151616 73275 597421 753837 365418 553605 685283 315010 316436 366400 710249 403347 434425 423521 598099 196754 528243 762834 420762 213707 314283 384966 422750 746726 399164 513244 488726 420744 308930 645598 486811 675551
565570 310712 322344 626460 272654 205876 544002 222879 322315 502845 636425 408376 204974 260849 645691 232822 402896 230161 491611 854919 543322 390376 164802 496567 112731 238312 78023 338249 539787 777934 100105 287319 386942 97579 198064 324256 677276 434865 33744 212182 765493 383079 129871 758540 213940 646647 262720 999999999 323804 558787 732750 730145 462624 156786 136781 662600 458961 718791 485657 365601 368871 451737 644244 136640 342379 172502 242918 359484 394183 265018 385202 778879 582232 290972 496730 532619 260515 569037 508097 419528 290295 672505 485718 181210 269272 537838 525588 199315 309660 279695 484558 653196 381212 383877 713611 407091 193253 740530 534663 628564
389846 98992 504777 794636 53577 443719 749573 409270 12358 646913 539992 445541 342229 324637 676275 463623 429791 553397 175857 632503 224186 168649 481692 190693 433189 548530 376170 304146 314761 474056 413848 514862 376072 380025 484851 582454 401223 637416 332068 111702 632268 306943 414504 515398 114971 409108 191505 323804 999999999 768930 424903 428490 618619 415080 286939 422389 643061 605833 604466 209036 402014 140538 655791 453432 623399 324058 318663 400989 308609 118819 533852 562942 269394 587652 592296 223933 481971 249477 627442 223545 340873 390217 459586 356189 581635 700304 232934 144732 163242 539574 231680 589050 579556 394952 400753 251150 240305 459167 296087 501570
699157 812979 264397 118748 739830 707507 21082 365629 759853 175104 608067 394042 428096 449555 397078 729287 410591 512471 867579 942429 916672 904063 559170 958085 485657 390781 481750 895644 1062514 1234942 569014 765535 945600 617173 373031 748577 917562 893696 585015 684122 730017 937975 430475 912904 667235 831420 804624 558787 768930 999999999 1183647 1191965 174528 663677 695550 845391 130442 671294 230908 900693 416296 830272 430799 461230 264069 727688 800944 914656 948322 778617 244857 878256 1029147 327422 270215 988993 754583 999890 222149 680709 441550 1159146 471346 728578 386690 123222 846253 631276 634150 721541 767527 562471 858252 439061 1154456 635835 529156 973657 772290 652498
622086 423482 922197 1195057 467345 789099 1163555 831646 431566 1045813 804888 823482 763122 734094 1015874 799718 805985 953459 326677 700953 288180 358960 874217 237163 845378 967159 794766 526756 277033 52132 808694 836879 564638 763514 907971 915596 450351 914173 732172 530026 834408 485246 836617 583612 538472 539007 500640 732750 424903 1183647 999999999 31716 1023266 778972 650570 540136 1054750 837419 996936 412906 786431 358586 985481 868172 1048028 666537 618073 622399 475141 470561 941720 665469 155855 1010296 976284 201867 807370 184122 1018271 530387 743637 115331 800261 695552 999572 1102784 380625 569629 550334 880615 459872 871922 864627 771112 36843 576886 661568 459089 495341 746552
643959 419677 929473 1206356 468513 778343 1172046 837058 435896 1057095 826714 836760 769065 742690 1033652 788023 819361 948233 342222 730298 306951 350163 868176 238361 842876 966005 794074 511200 256279 48244 803353 823653 545962 756986 908824 902770 477776 896874 728111 530871 859654 468092 837085 612127 540636 564609 491974 730145 428490 1191965 31716 999999999 1033533 770121 643074 566275 1063660 861265 1009060 400806 798787 371947 1003948 866183 1050049 656877 605733 604629 457576 466257 951222 693521 163013 1010723 989463 204592 794678 196145 1030678 546155 753372 89097 816890 685238 998126 1113580 400687 572838 560312 868742 478507 893095 848286 784292 64750 592282 667199 488404 516666 769049
525007 674327 140312 176562 596022 643444 153505 243057 608543 42258 444389 219668 290688 294008 271658 668353 236394 490823 702348 774981 749974 765609 512571 803989 420603 368141 393246 785108 923503 1075037 501497 713409 842789 540370 315229 714728 743101 854066 493731 545677 573066 822415 348334 740122 526079 657060 682097 462624 618619 174528 1023266 1033533 999999999 595020 595584 671125 56051 513834 68475 771234 244267 666449 296091 401946 276116 634947 702590 820980 831583 645267 85680 708637 870561 321477 109311 833079 695766 839147 74315 510272 280365 1006789 298741 642859 379252 82000 676051 489457 473225 679915 596228 406815 810210 265869 992739 464620 384880 799135 598588 484253
712395 365088 456564 746780 361667 50045 652020 367022 417828 636740 792270 563790 359807 417605 797510 76785 558946 203022 590892 997236 638755 420164 122275 554332 178667 286582 205140 294080 543931 818281 95100 130537 315099 59667 291359 175104 801244 278158 124255 314098 919892 345429 246704 894628 325960 782615 278349 156786 415080 663677 778972 770121 595020 999999999 131537 798135 581685 874269 626923 372832 525136 554281 798019 202454 414741 114466 181444 267947 358023 318712 524478 921848 640759 352009 642405 589983 104825 637210 648291 557349 447010 699366 642497 91307 306044 664150 639805 325371 446930 130060 611999 809967 225302 540582 766445 551455 346025 862933 667763 782307
613486 233652 455844 762027 234192 156817 680778 353104 290781 634923 715221 515881 321317 362462 759893 177610 507325 309435 462606 889765 509310 293116 227171 423400 229843 357435 214122 203486 427574 691315 166931 230904 250187 115554 331098 295613 680712 365169 112592 193775 835169 250635 265862 781728 210056 670540 152115 136781 286939 695550 650570 643074 595584 131537 999999999 685542 594589 794402 613719 252522 472690 427221 753943 256664 472650 48707 107056 225640 262343 187176 515601 815636 510010 416682 620944 459207 198179 505761 636704 450410 391700 575633 579941 75697 384651 672355 515983 219104 342914 252648 495576 742572 307117 482554 636803 452157 272008 741176 554636 696819
146368 517305 636292 809158 465010 837042 824462 597652 413395 674392 297917 453712 538979 472638 548326 860704 438428 874847 292844 210408 289358 554951 824894 453397 742986 816791 674729 723944 640286 586035 762648 915575 794555 748692 734808 973097 97061 1049215 686015 492165 295689 719110 686134 96495 475657 16252 613871 662600 422389 845391 540136 566275 671125 798135 685542 999999999 720880 306976 617807 614362 441896 302580 510527 751874 830420 729882 737790 823090 718147 540911 614391 145106 448919 825625 582661 452386 883172 407859 631954 243079 458705 598232 376584 760476 848563 732966 209123 472763 353240 928158 192056 368691 990959 415818 503349 262181 479751 133684 130913 235454
