NAME : synthetic_000133
TYPE : CTSP-D
DIMENSION : 100
GROUPS : 8
RELAXATION_LEVEL : 1
EDGE_WEIGHT_TYPE : EXPLICIT
EDGE_WEIGHT_FORMAT : FULL_MATRIX
EDGE_WEIGHT_SECTION
999999999 707402 676993 370504 473810 646064 211145 464921 410143 420580 92972 577541 177647 308591 450693 642909 615660 215382 161671 406078 229735 314151 685749 570953 209090 447916 397392 110520 697959 170901 151755 547422 340162 443182 391042 365573 665264 518808 327814 532831 181200 485213 483941 391114 681094 815911 543597 382416 356415 620482 190831 396904 614822 183725 654080 112376 624261 555057 265836 403070 264403 757052 161078 433529 149445 76027 451253 600915 75613 418023 375547 337653 265486 214035 675744 525988 574312 273152 332485 735645 468791 290676 576931 612054 638372 359144 698418 458763 194933 616506 438393 649040 279957 246896 360727 578593 368058 302123 124282 297252
707402 999999999 136474 512184 234236 550145 497590 495222 798477 861421 617859 352703 630387 797296 491439 72115 829713 629173 674128 1085854 545942 939124 696200 855555 874658 1105753 668003 621475 485363 619327 817049 172664 880391 311901 583863 435402 94118 1115762 1013609 1162608 656415 235382 777239 377987 713687 677886 191445 636249 450853 476084 637154 754625 723197 874912 436221 602338 92573 557965 973219 305405 934719 172800 860028 1076666 825342 643496 651395 361734 684547 779752 882832 906790 853528 570025 489582 1166435 881013 843867 911261 681811 747169 998049 143913 462719 366220 362796 560551 877110 837125 705284 456600 211150 986880 863575 929190 625178 352779 410925 608519 973162
676993 136474 999999999 556792 223036 649382 467329 384339 700883 766613 584226 226165 569721 819007 554910 101284 901970 641402 613981 1073733 555258 941001 791114 917891 863459 1102198 567136 578744 596920 561285 766539 221887 898073 353801 633538 472099 211051 1129785 998031 1168781 661843 266883 832472 304394 806485 792131 134852 682658 370097 575142 573202 796418 804908 829229 543344 582544 100269 640869 939792 301223 923729 83699 836250 1077280 777070 606139 542301 231265 640654 823164 907135 829932 783844 508334 597375 1169469 941191 853152 835934 785128 802356 964536 117125 560868 473565 317884 667339 778007 779745 788718 516491 76859 955444 864181 850882 708247 362389 404820 564772 961012
370504 512184 556792 999999999 343236 277113 283880 586855 711110 744776 332054 594000 442669 297611 80346 475147 366022 173994 464464 633124 144031 465511 343903 366808 438062 634025 637183 368419 329249 426788 522051 344298 382791 204253 78015 86761 432865 616630 574265 672660 213975 290340 277124 420503 346380 451945 439089 125981 452661 251149 459285 242666 302867 548758 290156 273009 464892 191479 589109 275907 490863 637940 462449 598415 519822 358907 667683 619071 406865 268350 377430 697484 625710 419111 306281 681111 387852 362213 694431 381315 247323 611094 440130 243849 290345 341829 328805 778448 563620 295297 78407 573571 594842 398647 721636 232485 212401 216989 366310 528656
473810 234236 223036 343236 999999999 493575 263449 340436 600240 657921 383722 273626 402107 596027 356527 169388 701917 418493 444976 859366 332412 720712 621480 709476 648108 884068 479547 387607 470144 389938 583798 100477 675086 152313 421185 256644 209740 907257 785360 947726 439895 78740 620321 177202 633117 659893 96009 467475 249145 424384 410560 577848 616835 640877 411667 370928 151412 460349 739624 78494 708448 306692 628366 857644 591686 409260 478890 296148 450640 605038 684231 684852 627420 343514 462106 949244 731024 630976 688188 630031 590558 764471 108599 409698 351133 134818 524930 679055 605575 603186 316777 230425 753631 644088 708097 524954 139751 184243 374843 746410
646064 550145 649382 277113 493575 999999999 546043 808574 978742 1016684 608384 767152 713875 493509 199214 549261 323959 438399 738816 851101 421109 677009 147358 378705 681151 834013 892566 643505 100014 697851 797818 434845 569175 348292 264291 314948 456029 775185 805691 845388 478059 416217 342561 633079 166849 179387 573560 296743 684030 74420 729999 382037 201608 820632 120221 550034 549356 96320 845954 459683 725210 715278 721253 793232 794791 635676 914746 789314 683900 392355 544617 974531 902809 683239 78668 860638 407846 576356 971538 137236 321194 865982 550612 88522 186216 556154 53009 1049022 840110 180795 223871 695145 848618 625522 998709 121005 415138 454422 640310 759726
211145 497590 467329 283880 263449 546043 999999999 328322 432781 473393 120275 394850 173745 404861 350355 432102 625070 231404 207843 607757 164912 486773 627693 604179 399329 640564 353348 129041 571174 158042 325531 342968 469342 260743 342743 231448 461313 686075 531281 714852 231504 283489 508789 199642 630179 725224 333198 364068 194707 500115 188362 437478 582465 379129 518453 118441 413289 471164 476603 196344 459113 548466 369000 619258 331762 146395 385974 419948 190616 464617 490930 456373 390291 137220 552981 712461 617342 412399 456785 662346 484033 501456 365787 488369 485006 150947 593613 504245 352943 576914 322174 444488 491064 410683 480780 516348 175569 109404 118333 495566
464921 495222 384339 586855 340436 808574 328322 999999999 322645 390331 386884 172610 294989 727697 634942 426231 945950 559292 329876 860746 491005 777958 917877 930296 673870 909616 188362 355868 801606 297048 483834 435987 784199 462996 656692 511579 521198 982637 782199 997401 555450 415673 834874 175611 924774 983655 312934 685839 135732 746272 287537 765654 889243 551779 743257 426478 407323 754169 682898 350555 727504 432933 615911 897797 498911 391266 157967 184098 397831 792874 810787 480470 452279 250970 790372 989617 944562 721780 489169 939636 809024 705321 361676 732125 687583 252918 847230 397229 477922 880380 598411 315765 702252 707073 497732 810460 394564 370133 343263 757760
410143 798477 700883 711110 600240 978742 432781 322645 999999999 68255 392125 495137 269642 718605 781934 726742 1016533 602641 257764 705650 574155 688609 1053347 977620 576813 770304 134532 351024 1001280 285185 321844 700511 742869 672522 758797 664210 805306 880879 634972 870137 577883 659634 887409 426317 1053460 1157790 607635 766260 352449 932039 252686 802526 997417 374815 946788 454210 706571 901554 503612 573420 611763 754714 497258 773536 338245 372799 175801 504960 338778 825269 781410 199129 214945 295785 984112 854635 982728 675484 211378 1092287 869096 519138 656482 919909 906290 471923 1026366 79020 286683 995029 754882 636258 524124 637702 206498 941928 586963 531609 349345 628658
420580 861421 766613 744776 657921 1016684 473393 390331 68255 999999999 417398 562915 302824 725584 818302 789478 1034670 624090 281777 678623 604298 678166 1083908 991525 567987 745949 201982 377993 1044479 318842 310706 757692 742148 721501 787310 703978 864871 863630 611623 847044 596030 714158 903749 486533 1082701 1194904 670148 790450 412565 973357 286708 817237 1023282 354379 991188 479569 769189 936159 475771 626370 597094 821751 486298 752791 325922 394712 243795 573028 354720 838600 782466 152448 188874 338898 1026372 829929 994673 675412 165313 1125796 887273 488769 718672 961726 953795 527072 1065519 39071 269493 1022190 793434 702980 495863 633450 153446 972997 635088 576638 378759 610115
92972 617859 584226 332054 383722 608384 120275 386884 392125 417398 999999999 488412 126759 351185 409288 552237 625670 211137 135780 497387 188733 393247 666952 590871 294895 536208 349824 41689 649063 113596 211537 461518 399481 367224 370002 307384 579828 597289 419530 617352 190320 400651 498447 299366 665379 783986 451122 374318 269643 573600 143561 416226 606361 260580 600870 62297 533311 523043 356827 315522 352669 664120 253720 519109 215651 29519 397147 512284 79226 440751 429163 367258 296494 139549 628415 612203 598657 335609 365177 710693 478607 381670 485356 563622 577164 266342 659222 452969 244804 604887 389950 556185 371736 320718 391639 556425 286864 219553 48101 387110
577541 352703 226165 594000 273626 767152 394850 172610 495137 562915 488412 999999999 428669 795722 622106 291768 959792 616513 469775 983261 535686 878393 893986 957797 783287 1024545 360965 467854 739367 425673 627960 346118 863634 423331 670672 509050 400629 1079887 904712 1104834 623667 351197 864479 195335 904865 931585 202864 710118 222402 697430 426125 807987 883741 695182 681351 510620 276335 731602 820359 321298 840922 263223 737032 1007202 641508 501538 326379 25621 521637 835808 883240 648677 614613 372539 733111 1100403 976358 807239 656676 903656 836006 844032 242773 682710 617256 261417 797516 568989 629610 871369 582643 151306 838543 803334 667014 794749 382213 387801 453723 874690
177647 630387 569721 442669 402107 713875 173745 294989 269642 302824 126759 428669 999999999 473683 515510 559896 751760 337327 44294 565760 304518 490916 783932 717630 383032 615347 224778 85167 743854 16034 200542 494739 514767 431593 489174 401893 610702 695172 487212 705012 316975 441307 625103 265709 783851 892101 446062 497918 209092 671586 17088 542953 728115 266952 691785 187134 539669 633803 392330 351022 434374 642874 321269 605137 213317 114766 275421 449683 104797 567355 547691 286868 225670 61415 725092 696165 725305 448595 288735 823969 604944 415720 488569 660265 658631 268283 762863 335833 210024 725477 490788 526496 410946 424539 310932 672595 345003 281514 80691 463473
308591 797296 819007 297611 596027 493509 404861 727697 718605 725584 351185 795722 473683 999999999 354881 750869 335776 180743 467487 357596 265975 183505 469206 276590 211273 344500 698438 390491 578304 462582 426174 625014 85180 485680 249608 363001 724643 320028 316242 375239 173374 564286 206592 601126 456421 626640 688703 202252 598056 504505 489348 124173 377587 413825 556787 302099 737349 398937 385427 518282 240688 902585 278869 305923 414782 358917 747891 821199 382052 131945 88631 622711 554536 489572 553189 384598 273945 86016 614606 532086 205129 400312 703030 503226 575658 537047 544142 764301 472836 387601 371969 818338 381980 141190 642895 386168 456724 419798 399176 271259
450693 491439 554910 80346 356527 199214 350355 634942 781934 818302 409288 622106 515510 354881 999999999 464902 347600 252189 539709 701634 222941 530896 283416 365054 512267 697544 701248 444299 249198 499511 602133 334296 439048 205331 106426 124301 404794 667941 646088 728678 292401 290769 286272 462766 289837 376605 449334 158779 504040 170989 531804 276265 261640 629073 212368 351498 457830 121604 667142 301066 563014 632554 540630 660181 600063 436773 727737 646349 485285 298103 427249 775850 704321 487372 226033 739155 389894 427044 773088 312469 256379 688756 441469 164198 221158 383516 249988 851116 643399 249579 39761 582118 672231 467905 800093 175773 243877 267802 441221 600140
642909 72115 101284 475147 169388 549261 432102 426231 726742 789478 552237 291768 559896 750869 464902 999999999 809875 578099 603800 1027521 493201 885264 692044 829742 816166 1050308 596712 553894 495637 549154 748516 131389 832522 271034 549972 393665 113660 1066922 954060 1110783 602870 187113 747174 305912 707915 690856 119378 600889 378737 474909 566287 717384 709377 807404 442181 540223 20494 544527 908638 244739 876444 168961 797738 1022642 757236 577130 581442 303717 616948 743413 837791 835055 782348 499262 496212 1113446 854008 792523 839636 684562 716985 933490 71979 460748 372333 293262 566297 805447 767482 692625 427661 162953 922822 809056 857377 612064 297967 351403 540689 914603
615660 829713 901970 366022 701917 323959 625070 945950 1016533 1034670 625670 959792 751760 335776 347600 809875 999999999 414541 758769 650885 460581 490505 208593 76112 545745 611300 968813 667296 423316 737553 751471 680539 373326 552403 290898 450863 738547 513820 631398 591370 439040 638324 132688 784749 186546 367119 796010 261070 810327 381580 768762 220951 122718 746759 438032 564631 803986 275815 719021 639993 566579 978433 614428 568402 741956 643740 1008254 984760 680187 204993 332732 947602 876987 747075 402616 612277 100674 415936 940624 272864 147507 732192 789054 390407 493333 706820 353009 1072170 798326 143579 386784 929384 713857 472516 969138 212650 577668 580049 671154 590561
215382 629173 641402 173994 418493 438399 231404 559292 602641 624090 211137 616513 337327 180743 252189 578099 414541 999999999 345057 469856 86189 311546 470373 382033 267172 480127 556807 252755 500841 323314 365031 456654 256769 322220 177258 207475 563555 489198 405985 533451 40235 393915 288329 422876 465822 603404 509680 167773 426100 422569 354298 209548 401006 382621 463925 150323 563414 344554 415184 340179 322751 725097 288565 448760 360070 230149 599680 642067 270078 235781 269293 552730 480436 336887 477147 537491 391967 214732 547796 520988 267619 437102 526486 416339 462615 356745 491334 660786 409683 401792 251028 638178 420859 238094 575976 363739 280730 239455 256841 361290
161671 674128 613981 464464 444976 738816 207843 329876 257764 281777 135780 469775 44294 467487 539709 603800 758769 345057 999999999 532752 322810 468579 802185 720639 358396 585144 236315 96342 773252 55038 158222 536490 501820 468149 505539 430252 652999 671457 454658 677191 320269 481921 629849 309881 800928 915927 490268 509829 251933 699657 43668 545496 742113 225462 722425 198059 583607 655931 353623 391775 406659 686925 291313 577290 171813 115040 291792 490226 86160 568759 537027 248658 184468 105706 753762 667095 726579 434735 249498 844791 611339 376517 532573 688824 692041 311676 788725 317190 165777 740659 517241 570287 372718 405865 273019 691380 382106 317061 98510 433679
406078 1085854 1073733 633124 859366 851101 607757 860746 705650 678623 497387 983261 565760 357596 701634 1027521 650885 469856 532752 999999999 544899 174093 817846 577270 211358 72797 751986 515413 934679 564440 393492 916098 286877 788616 600739 677321 1028293 215289 78736 173304 435770 852225 541670 796732 802548 979182 938950 557620 761402 859639 573733 474746 722055 332255 909984 491202 1010457 756325 202879 782783 151148 1155693 246439 100756 376664 481908 812142 1006355 464351 472377 321393 531725 492011 614345 909612 152869 560522 276238 519335 882906 550029 191118 966838 857339 921943 758690 901673 715157 420514 735043 711328 1051784 182773 234478 540533 742377 733301 676130 529539 112957
229735 545942 555258 144031 332412 421109 164912 491005 574155 604298 188733 535686 304518 265975 222941 493201 460581 86189 322810 544899 999999999 393187 479788 439643 336481 560350 511257 226469 468459 288995 380220 373952 342957 243753 184883 141067 483764 574971 476869 617610 110573 310593 344205 344315 479355 595568 423513 199980 355712 391278 321471 276016 424789 411534 424419 128990 478148 334397 467175 254044 394959 638956 341971 530728 379040 215062 548231 561301 262836 303616 354605 553454 481700 289412 446518 620697 453557 299399 550434 522125 319157 490607 440542 382536 411487 274552 472617 638902 420738 421359 208671 552394 475794 317886 577610 368716 195334 153847 225739 433772
314151 939124 941001 465511 720712 677009 486773 777958 688609 678166 393247 878393 490916 183505 530896 885264 490505 311546 468579 174093 393187 999999999 647017 420174 112153 169211 703507 422089 760993 484958 368112 767068 117761 633765 428362 517063 875090 204743 140894 228503 282738 703779 373536 684884 632586 807089 806678 384040 662574 686362 502979 302115 552420 328187 737417 368717 869512 582284 247519 642479 88829 1024317 191985 137542 352436 386691 760241 902874 386435 301865 158026 548916 491351 527116 735904 228547 407525 103852 538291 711378 379325 254151 829294 684413 751897 635046 727615 716993 408868 564441 543029 927879 236687 76863 564429 568791 587480 536679 434813 101740
685749 696200 791114 343903 621480 147358 627693 917877 1053347 1083908 666952 893986 783932 469206 283416 692044 208593 470373 802185 817846 479788 647017 999999999 278012 675380 788840 980836 705916 235103 768249 834737 572858 531061 470675 297285 407648 602117 707788 784545 783035 506142 546869 277766 744608 22979 164278 707005 304950 787453 220341 800784 345778 97795 846066 266946 605206 690848 164063 847990 577251 709819 859384 729660 746343 828848 691310 1009729 917195 736068 345529 497759 1022774 950432 762909 219775 801699 305964 555219 1018061 66858 267878 865198 688171 233492 333554 665645 156567 1118682 879848 82840 319479 832913 847072 609774 1046171 111536 524583 551086 705526 740125
570953 855555 917891 366808 709476 378705 604179 930296 977620 991525 590871 957797 717630 276590 365054 829742 76112 382033 720639 577270 439643 420174 278012 999999999 482517 536095 938758 632502 478703 704181 700130 698762 304265 564530 288852 453545 766840 437805 560824 515278 400952 651462 95443 775827 256998 439689 805011 247914 794706 428630 734404 175144 184555 690388 486411 531726 822107 316089 654138 642510 499086 996782 554711 493229 689565 606301 981448 983138 639112 152940 262187 896878 827426 718752 456439 536167 29154 351996 889248 343893 122134 666107 802683 435615 535873 699816 413489 1029624 746998 204439 402135 939379 647847 408081 917667 260278 578508 572010 637777 521157
209090 874658 863459 438062 648108 681151 399329 673870 576813 567987 294895 783287 383032 211273 512267 816166 545745 267172 358396 211358 336481 112153 675380 482517 999999999 241811 592302 319261 755647 378214 257348 705352 187183 579969 419313 472724 818416 313062 140398 323754 230080 641459 417828 592733 664089 828199 728612 384948 563894 678256 394267 334306 586579 223029 724313 281558 799134 584832 174201 571430 60354 945788 82508 224647 242097 284163 649550 807178 278235 343159 231151 443195 382684 423096 731040 317484 475491 130529 433173 736100 415655 189975 755740 673943 728323 550103 733619 606938 299521 595217 516265 843805 171768 75185 460149 584287 522303 464772 332691 98508
447916 1105753 1102198 634025 884068 834013 640564 909616 770304 745949 536208 1024545 615347 344500 697544 1050308 611300 480127 585144 72797 560350 169211 788840 536095 241811 999999999 810128 558408 921741 612571 453607 934209 264891 802204 593489 686190 1043382 144734 135408 101793 449794 870663 511077 834527 772163 952066 967422 546730 804226 848740 624628 452673 691686 395564 901286 522353 1034042 741148 270896 806326 183657 1185019 294185 42910 436719 523821 869707 1048252 511786 446215 292042 600797 558163 660378 896618 84337 516869 271814 588560 854925 523013 261349 992399 847677 918702 791026 883124 782972 483897 706138 711159 1084796 251427 242520 610466 720978 753283 699848 572195 151884
397392 668003 567136 637183 479547 892566 353348 188362 134532 201982 349824 360965 224778 698438 701248 596712 968813 556807 236315 751986 511257 703507 980836 938758 592302 810128 999999999 308965 904802 236484 358747 579952 737323 568121 694375 578749 680058 904877 676144 905718 539755 544428 845064 302713 983523 1071810 478302 710421 230651 839746 209150 764978 934691 423074 848436 407160 576765 822729 557714 462465 637170 620189 520420 806323 375489 339531 60815 371530 321817 790019 771449 303648 290567 222024 889559 893609 947672 670497 313852 1013711 823397 577217 527483 826763 802338 358270 937440 210871 338152 929780 670236 501830 578169 642109 318002 869594 485762 438350 301999 660902
110520 621475 578744 368419 387607 643505 129041 355868 351024 377993 41689 467854 85167 390491 444299 553894 667296 252755 96342 515413 226469 422089 705916 632502 319261 558408 308965 999999999 680625 72481 197003 471197 435636 387021 409464 337703 589416 626777 436861 642985 231808 412387 540133 284738 704817 820144 447832 415239 246165 606116 101904 457789 646800 253523 631022 103220 534421 559835 361755 324426 374922 656804 269225 543856 204162 35398 357400 490977 63078 482201 466756 336028 266921 105197 660582 636435 640143 370636 334974 748486 520271 386367 485091 595658 604017 262588 693784 413047 224090 644967 422987 545608 378170 351775 360528 595059 303479 236320 14324 407526
697959 485363 596920 329249 470144 100014 571174 801606 1001280 1044479 649063 739367 743854 578304 249198 495637 423316 500841 773252 934679 468459 760993 235103 478703 755647 921741 904802 680625 999999999 727897 848666 395522 657120 340149 336648 343074 392622 869366 885080 938017 541074 391446 439848 626939 256884 195474 538984 377063 685441 78278 759110 472842 300676 877801 58550 594660 499069 181528 914873 451847 803143 655752 788673 881758 847383 677671 920647 759745 727136 485468 635374 1016061 945557 706302 25124 952291 507841 658553 1014221 202354 417071 936024 508960 85922 124139 554371 80282 1074661 888651 279810 260091 650591 919189 704927 1040501 220023 419162 469781 675493 838957
170901 619327 561285 426788 389938 697851 158042 297048 285185 318842 113596 425673 16034 462582 499511 549154 737553 323314 55038 564440 288995 484958 768249 704181 378214 612571 236484 72481 727897 999999999 206470 481673 505542 416486 473742 385876 598035 689509 485763 701060 303895 427581 611362 258019 768274 876096 436250 483048 204545 655576 32540 529706 712882 271814 675898 172999 529004 617876 394687 337347 430728 635358 318962 601290 218419 104166 285521 447202 100798 554329 537738 301223 238850 54095 709102 692784 712209 439763 302767 808098 590909 418388 478071 644270 643014 256737 746830 351772 219041 710107 474754 519722 412939 417365 325388 656884 329997 266137 66484 460712
151755 817049 766539 522051 583798 797818 325531 483834 321844 310706 211537 627960 200542 426174 602133 748516 751471 365031 158222 393492 380220 368112 834737 700130 257348 453607 358747 197003 848666 206470 999999999 668175 433682 578759 541790 512574 786414 559175 318627 551522 328600 609008 618788 464295 829159 967285 639049 530147 409619 771462 201844 530548 760564 67955 803682 256059 728750 706661 200962 521405 289920 841532 176150 453518 16890 182323 419149 648251 134989 548522 475175 196760 128851 260463 826713 537693 699690 367909 189249 886013 606946 222299 678649 762744 784881 455500 850160 349699 46895 763463 588714 726188 221037 323436 217736 728770 497716 430291 209176 307927
547422 172664 221887 344298 100477 434845 342968 435987 700511 757692 461518 346118 494739 625014 334296 131389 680539 456654 536490 916098 373952 767068 572858 698762 705352 934209 579952 471197 395522 481673 668175 999999999 707871 140870 418682 264367 118359 943164 845021 990037 484518 63894 615795 277403 587274 589854 143859 469829 349617 361748 504395 586828 583182 721809 338380 438721 123551 419618 812002 146772 765121 298259 695192 904593 674712 488916 578188 365359 533464 612648 710971 779959 720386 437989 391433 994058 722839 671297 782727 571919 585606 836701 115769 347110 272147 231887 458747 779265 693261 567201 296628 260426 824591 691814 803516 486832 183359 245908 459389 803740
340162 880391 898073 382791 675086 569175 469342 784199 742869 742148 399481 863634 514767 85180 439048 832522 373326 256769 501820 286877 342957 117761 531061 304265 187183 264891 737323 435636 657120 505542 433682 707871 999999999 569239 333193 447121 808916 235629 258434 290176 241094 646519 256082 668323 516058 692345 766421 284074 658687 584793 529240 188717 435684 408116 638205 358586 818517 476309 352485 596868 195193 981758 267099 224643 420032 401660 790090 888898 415760 185537 44173 626045 562054 538967 632005 300110 293529 67476 616647 596029 263195 362953 782813 584255 659349 608307 618534 781208 478649 448298 456965 894247 344825 112814 644184 457181 536603 495719 446142 217259
443182 311901 353801 204253 152313 348292 260743 462996 672522 721501 367224 423331 431593 485680 205331 271034 552403 322220 468149 788616 243753 633765 470675 564530 579969 802204 568121 387021 340149 416486 578759 140870 569239 999999999 280040 123621 241370 804827 720360 853892 353288 86973 478700 287596 481630 520980 244011 330168 345463 283485 444680 446352 464650 624880 282414 330904 260655 308512 700992 112446 638680 434127 579136 770923 582523 396482 581137 446683 444992 472400 570939 716807 651028 384137 327719 859011 587506 535604 717438 482908 448571 725223 238153 269234 234427 214249 384609 748624 610375 450883 165768 376982 711668 559832 741157 372706 86825 151360 377814 677490
391042 583863 633538 78015 421185 264291 342743 656692 758797 787310 370002 670672 489174 249608 106426 549972 290898 177258 505539 600739 184883 428362 297285 288852 419313 593489 694375 409464 336648 473742 541790 418682 333193 280040 999999999 164774 501298 561526 548752 622467 215792 366725 199358 493865 295391 426157 516986 53520 521456 259920 506171 172762 240369 559447 309245 308067 540452 168775 581865 353699 466566 714166 456965 555449 537197 394055 728716 695852 438881 196553 320828 726658 654322 473220 311905 633261 309855 324779 722343 344671 169447 602159 517169 256827 326175 415960 317262 822509 585919 236480 130748 651462 584941 368899 750273 187968 289883 289202 409772 502631
365573 435402 472099 86761 256644 314948 231448 511579 664210 703978 307384 509050 401893 363001 124301 393665 450863 207475 430252 677321 141067 517063 407648 453545 472724 686190 578749 337703 343074 385876 512574 264367 447121 123621 164774 999999999 361803 682730 612510 733715 242704 207064 363692 341022 413541 494301 352578 211158 379920 269725 417541 324569 379492 549055 293566 256516 382263 245561 608219 189525 529577 553946 482802 653323 513165 336441 603893 533947 386218 351135 447609 673511 603502 368497 323546 739862 474586 416721 672005 435597 333976 631596 355113 258624 272810 261726 362165 735442 550144 369499 91509 487049 616663 445077 697986 299009 126840 143503 332420 568256
665264 94118 211051 432865 209740 456029 461313 521198 805306 864871 579828 400629 610702 724643 404794 113660 738547 563555 652999 1028293 483764 875090 602117 766840 818416 1043382 680058 589416 392622 598035 786414 118359 808916 241370 501298 361803 999999999 1044508 958557 1094917 593966 180139 691057 378995 619687 586229 208606 554398 452872 381970 619708 673542 630425 840162 342533 555868 125320 465425 929322 265041 877745 263230 811386 1012287 793038 607272 671714 414435 651766 697842 808252 894485 836316 552844 396081 1100298 792835 776869 897688 587956 661171 953968 161079 368628 272422 344522 466996 884319 811040 612273 371833 276595 941596 800917 917785 532401 299021 363303 577505 916495
518808 1115762 1129785 616630 907257 775185 686075 982637 880879 863630 597289 1079887 695172 320028 667941 1066922 513820 489198 671457 215289 574971 204743 707788 437805 313062 144734 904877 626777 869366 689509 559175 943164 235629 804827 561526 682730 1044508 999999999 258582 78761 468262 881479 435591 885380 688786 871979 996860 509707 866044 801734 706898 398541 610155 509256 857571 569268 1052508 688249 397819 828796 269588 1213463 385932 117531 542669 591381 962476 1104624 590498 383961 240707 724452 674774 731841 844580 102883 414252 277027 712750 774646 454312 393028 1015504 803124 885396 831596 820519 901729 595510 627111 688922 1122022 380227 277038 736536 656329 769925 725456 639425 253534
327814 1013609 998031 574265 785360 805691 531281 782199 634972 611623 419530 904712 487212 316242 646088 954060 631398 405985 454658 78736 476869 140894 784545 560824 140398 135408 676144 436861 885080 485763 318627 845021 258434 720360 548752 612510 958557 258582 999999999 235538 369822 781134 513390 718752 770857 942869 863381 509366 682768 808671 495373 438777 691071 260185 856905 415673 936680 709825 139452 709435 83442 1079644 167757 142752 301740 403519 736028 927748 385622 440742 298825 468333 423371 535608 860185 219738 547515 230699 456331 848057 517707 134978 892316 805336 864477 682092 857321 648961 348498 702345 652669 974725 121650 180310 479281 701890 661779 603005 451014 46125
532831 1162608 1168781 672660 947726 845388 714852 997401 870137 847044 617352 1104834 705012 375239 728678 1110783 591370 533451 677191 173304 617610 228503 783035 515278 323754 101793 905718 642985 938017 701060 551522 990037 290176 853892 622467 733715 1094917 78761 235538 999999999 508128 927362 508643 912223 764439 947312 1034680 572004 886923 868638 715290 465361 685268 495355 923627 596566 1095512 756523 372524 869320 270729 1252214 386176 99926 534674 607827 964756 1129063 600490 453065 303729 702457 658905 746786 913076 26950 492206 318743 690250 849867 525780 363128 1056318 869286 948188 863505 891825 884234 583478 701758 747141 1156377 353159 305274 712244 727706 812831 764087 656347 244821
181200 656415 661843 213975 439895 478059 231504 555450 577883 596030 190320 623667 316975 173374 292401 602870 439040 40235 320269 435770 110573 282738 506142 400952 230080 449794 539755 231808 541074 303895 328600 484518 241094 353288 215792 242704 593966 468262 369822 508128 999999999 421109 309580 428623 500701 641795 528619 201692 424864 462803 333649 226032 433635 343656 504027 133700 587422 383817 375134 361418 287012 745474 248479 420274 322883 205515 585339 649054 241325 250434 259769 518761 446659 323342 517368 510600 408342 191345 513359 558169 291534 397178 548427 456563 501821 367217 531027 633309 373889 435553 290606 654390 381049 207314 541688 400875 304929 257220 237807 325753
485213 235382 266883 290340 78740 416217 283489 415673 659634 714158 400651 351197 441307 564286 290769 187113 638324 393915 481921 852225 310593 703779 546869 651462 641459 870663 544428 412387 391446 427581 609008 63894 646519 86973 366725 207064 180139 881479 781134 927362 421109 999999999 565589 246356 559381 581284 160755 416317 314356 346252 452003 531480 547488 661216 332953 375761 175203 387719 749200 90295 701236 347602 631743 841320 614972 428520 548604 373121 474052 557845 650905 727864 666344 386712 383386 931061 674479 608644 730021 553052 535475 773855 151255 331538 273086 187727 446549 737766 635650 532867 251568 291637 761557 628349 751722 453548 119567 183172 401075 739850
483941 777239 832472 277124 620321 342561 508789 834874 887409 903749 498447 864479 625103 206592 286272 747174 132688 288329 629849 541670 344205 373536 277766 95443 417828 511077 845064 540133 439848 611362 618788 615795 256082 478700 199358 363692 691057 435591 513390 508643 309580 565589 999999999 681144 261335 441295 716206 154521 699303 378975 641981 88269 180774 614626 436804 438511 738415 263113 591907 551401 443498 912613 483779 468580 609278 515043 886991 889897 549816 74671 220538 814967 744446 624470 415755 526092 111885 289882 807953 343981 30189 606332 716336 383254 477519 605598 385785 941487 665646 195128 320745 850689 587981 346354 836465 222081 487011 477807 544883 470497
391114 377987 304394 420503 177202 633079 199642 175611 426317 486533 299366 195335 265709 601126 462766 305912 784749 422876 309881 796732 344315 684884 744608 775827 592733 834527 302713 284738 626939 258019 464295 277403 668323 287596 493865 341022 378995 885380 718752 912223 428623 246356 681144 999999999 752314 808057 187209 528281 73984 570706 268816 619389 720437 528593 568747 316329 285428 580611 645443 175240 651389 377342 552119 815435 475665 316098 302494 220577 343767 647144 688339 530331 480755 204475 615214 908725 792561 612026 535441 764698 653704 669844 234121 556590 514894 79325 671633 505334 475643 710488 425338 262368 662374 609313 552270 638538 220132 204734 270419 686335
681094 713687 806485 346380 633117 166849 630179 924774 1053460 1082701 665379 904865 783851 456421 289837 707915 186546 465822 800928 802548 479355 632586 22979 256998 664089 772163 983523 704817 256884 768274 829159 587274 516058 481630 295391 413541 619687 688786 770857 764439 500701 559381 261335 752314 999999999 183417 719872 299027 793422 238659 800778 332485 80565 838719 286941 603375 706227 173343 837267 586723 697100 875709 720173 729552 822847 689160 1013628 928309 733192 330742 481802 1018551 946250 764550 240876 783441 284671 542348 1013574 86897 253289 854045 702249 251386 352627 673157 178908 1117839 874590 68899 327010 846883 835855 597377 1041783 114712 532656 556622 704893 726756
815911 677886 792131 451945 659893 179387 725224 983655 1157790 1194904 783986 931585 892101 626640 376605 690856 367119 603404 915927 979182 595568 807089 164278 439689 828199 952066 1071810 820144 195474 876096 967285 589854 692345 520980 426157 494301 586229 871979 942869 947312 641795 581284 441295 808057 183417 999999999 732729 446972 861367 237497 908359 504979 262064 985362 251505 724441 694516 261478 998528 633338 866134 849420 876934 909705 963120 810629 1093284 952571 858079 507071 660413 1148374 1076303 862441 198638 965951 466827 712425 1144846 97486 429578 1016936 703975 251818 319551 732298 136425 1227604 1010776 246236 403091 846004 999046 765673 1172364 244387 592241 633539 817521 897847
543597 191445 134852 439089 96009 573560 333198 312934 607635 670148 451122 202864 446062 688703 449334 119378 796010 509680 490268 938950 423513 806678 707005 805011 728612 967422 478302 447832 538984 436250 639049 143859 766421 244011 516986 352578 208606 996860 863381 1034680 528619 160755 716206 187209 719872 732729 999999999 563477 259534 501759 451362 673626 707854 700147 481491 447797 99043 548464 807534 170826 788887 217698 702193 942739 648760 473920 465478 221560 510374 700873 777163 717309 666195 384868 534112 1035060 826770 719952 722207 710773 686403 832337 49298 487029 415910 185389 600352 686420 655272 693457 409723 134482 822793 729829 739381 614271 234453 271405 434096 826201
382416 636249 682658 125981 467475 296743 364068 685839 766260 790450 374318 710118 497918 202252 158779 600889 261070 167773 509829 557620 199980 384040 304950 247914 384948 546730 710421 415239 377063 483048 530147 469829 284074 330168 53520 211158 554398 509707 509366 572004 201692 416317 154521 528281 299027 446972 563477 999999999 550115 302430 515006 119311 233318 541518 354572 312097 590823 200594 552472 397313 428513 763912 430004 507820 523991 395758 748194 735507 437417 143564 269226 720052 647829 488397 352003 583566 266376 281512 714858 359283 125907 571604 565882 300975 376225 451941 348909 826694 575569 234129 184266 697879 553954 329071 743133 202924 332790 324152 417381 463322
356415 450853 370097 452661 249145 684030 194707 135732 352449 412565 269643 222402 209092 598056 504040 378737 810327 426100 251933 761402 355712 662574 787453 794706 563894 804226 230651 246165 685441 204545 409619 349617 658687 345463 521456 379920 452872 866044 682768 886923 424864 314356 699303 73984 793422 861367 259534 550115 999999999 625225 208917 630977 755447 475926 627863 300270 358295 624504 598774 235628 620599 438455 515021 788433 422341 280428 236124 245025 299250 658330 682875 460376 414039 150788 672164 881378 809212 598483 466072 812287 673346 622651 307216 611517 577470 131385 725275 431456 416063 747155 468683 320119 616713 589036 481789 678807 269127 236966 232189 653634
620482 476084 575142 251149 424384 74420 500115 746272 932039 973357 573600 697430 671586 504505 170989 474909 381580 422569 699657 859639 391278 686362 220341 428630 678256 848740 839746 606116 78278 655576 771462 361748 584793 283485 259920 269725 381970 801734 808671 868638 462803 346252 378975 570706 238659 237497 501759 302430 625225 999999999 687156 403480 262270 799847 58066 518241 475191 115863 836737 395863 726432 640862 710482 809301 769927 601956 858614 719139 651222 418190 565111 940839 869990 636381 55263 882012 457402 583401 938724 210407 353977 857965 477442 14741 114726 495435 101188 1004337 811856 242144 183720 621754 841182 628744 965234 169460 356425 402084 601507 762550
190831 637154 573202 459285 410560 729999 188362 287537 252686 286708 143561 426125 17088 489348 531804 566287 768762 354298 43668 573733 321471 502979 800784 734404 394267 624628 209150 101904 759110 32540 201844 504395 529240 444680 506171 417541 619708 706898 495373 715290 333649 452003 641981 268816 800778 908359 451362 515006 208917 687156 999999999 559661 745171 269130 706750 204151 545973 650324 396874 361723 444562 645197 330447 615370 215480 130560 260877 446558 116572 583973 562635 275885 216936 67222 740518 705945 741941 462828 278351 840599 621907 419903 494700 675736 672789 276135 778826 319368 207469 742497 506739 528040 415835 437593 299720 689422 357944 295252 97755 472853
396904 754625 796418 242666 577848 382037 437478 765654 802526 817237 416226 807987 542953 124173 276265 717384 220951 209548 545496 474746 276016 302115 345778 175144 334306 452673 764978 457789 472842 529706 530548 586828 188717 446352 172762 324569 673542 398541 438777 465361 226032 531480 88269 619389 332485 504979 673626 119311 630977 403480 559661 999999999 253429 526737 459052 357838 706577 291316 508449 504483 364696 878486 397310 411485 521009 431213 808949 833580 464152 27821 162700 726800 656395 546170 447849 479458 182721 209923 719734 409484 81364 523952 679325 404613 488444 546811 430546 855174 577414 263763 303475 807393 505649 265357 748244 268505 439886 420409 463417 394383
614822 723197 804908 302867 616835 201608 582465 889243 997417 1023282 606361 883741 728115 377587 261640 709377 122718 401006 742113 722055 424789 552420 97795 184555 586579 691686 934691 646800 300676 712882 760564 583182 435684 464650 240369 379492 630425 610155 691071 685268 433635 547488 180774 720437 80565 262064 707854 233318 755447 262270 745171 253429 999999999 766799 317532 544066 705377 165338 760277 562612 618086 878318 644984 649104 753437 628600 968270 907986 670718 250563 401239 952381 880293 713581 280266 703904 213323 463321 946859 164601 173369 776528 695551 272189 375855 641180 230753 1059249 806540 20868 301186 838739 758279 518743 975231 98030 504126 519110 648073 647205
183725 874912 829229 548758 640877 820632 379129 551779 374815 354379 260580 695182 266952 413825 629073 807404 746759 382621 225462 332255 411534 328187 846066 690388 223029 395564 423074 253523 877801 271814 67955 721809 408116 624880 559447 549055 840162 509256 260185 495355 343656 661216 614626 528593 838719 985362 700147 541518 475926 799847 269130 526737 766799 999999999 835638 295414 787895 727172 134682 575411 243902 905296 141151 399335 53677 232895 483760 715686 190458 541893 451350 220814 165559 325907 855023 479901 687139 345696 210431 900491 605937 155060 738381 792092 821766 515456 873461 392567 88387 771509 619494 790877 155099 295394 237166 743429 546833 479761 266748 255765
654080 436221 543344 290156 411667 120221 518453 743257 946788 991188 600870 681351 691785 556787 212368 442181 438032 463925 722425 909984 424419 737417 266946 486411 724313 901286 848436 631022 58550 675898 803682 338380 638205 282414 309245 293566 342533 857571 856905 923627 504027 332953 436804 568747 286941 251505 481491 354572 627863 58066 706750 459052 317532 835638 999999999 548312 444632 173736 879104 393773 774152 604723 752488 862342 803175 629821 863351 701911 679527 474580 619915 966981 897068 652518 54032 936496 515236 633970 965558 245729 411531 900897 452536 54452 70210 496654 124557 1020795 842563 297087 216190 595034 884463 677651 991467 226709 362678 415217 625270 810841
112376 602338 582544 273009 370928 550034 118441 426478 454210 479569 62297 510620 187134 302099 351498 540223 564631 150323 198059 491202 128990 368717 605206 531726 281558 522353 407160 103220 594660 172999 256059 438721 358586 330904 308067 256516 555868 569268 415673 596566 133700 375761 438511 316329 603375 724441 447797 312097 300270 518241 204151 357838 544066 295414 548312 999999999 522314 463122 373461 296935 341611 664531 257715 500817 256952 86426 451778 535393 133866 383071 384309 424498 352839 189648 573340 594026 540552 298384 421599 649759 417910 398099 477007 508862 528938 268686 601396 515239 294261 542647 334647 562457 385870 292985 448683 494930 257354 192823 106542 378571
