NAME : synthetic_000875
TYPE : CTSP-D
DIMENSION : 100
GROUPS : 8
RELAXATION_LEVEL : 1
EDGE_WEIGHT_TYPE : EXPLICIT
EDGE_WEIGHT_FORMAT : FULL_MATRIX
EDGE_WEIGHT_SECTION
999999999 407483 161590 286906 843935 445410 45149 283539 902249 948375 63764 840340 1056322 951231 524437 748232 789928 856227 838346 443656 709021 530947 363901 675493 331024 571848 481446 436305 684434 624249 726166 552252 254322 385829 542122 530090 372478 639794 719244 345968 752183 807001 102927 362463 691786 674804 608136 837383 288672 607264 332071 575767 302362 240479 409138 96280 860978 847864 251522 479406 463851 763261 642049 626912 747777 652173 483763 515959 103405 839541 936799 650546 119385 737429 869833 221326 849958 684060 348152 345134 514348 33588 526901 821520 597164 269101 282528 456221 434175 681648 747686 337479 506952 247399 199190 423094 683923 337836 555567 407961
407483 999999999 295684 239081 524688 226507 404007 499064 750501 1053745 430397 874031 1100364 658222 683014 839484 526460 771507 659964 812136 924174 696493 729900 950961 396393 927455 240806 786689 636786 987804 595317 921873 560884 450669 603648 901490 750760 718881 615816 367980 935262 573909 487549 260629 612794 1012339 777569 775195 302678 436445 323348 851444 680517 392999 4718 463611 732970 584551 277317 768099 328458 661134 917679 280063 561432 891795 834752 485105 495036 769291 631797 313128 368822 684624 593089 576861 645195 840040 380276 566901 162203 376430 766994 617557 834340 185447 159352 703981 667491 613412 887816 491586 327223 344332 302080 680465 391233 627071 694440 274002
161590 295684 999999999 125583 792299 412194 133597 403596 924310 1060758 216570 927752 1151431 914266 641673 851947 762833 902446 848112 605136 847856 650681 525487 827651 395718 733429 444834 597428 737994 785666 750450 713432 403498 458670 627367 691181 533484 735895 753654 394653 883335 793425 264177 360328 734122 835796 731866 891294 133160 609725 364006 726648 463709 325751 298712 253298 891078 822408 272531 631409 466763 799934 793844 556082 751257 796091 645079 565287 264974 890581 893800 585138 74653 791344 838882 380895 849402 805966 401634 472985 435655 147029 668246 820454 739424 121899 142983 597520 570551 727503 866473 439791 497464 110512 239512 565885 640376 486060 667827 402454
286906 239081 125583 999999999 762544 418141 258406 507808 949667 1149047 339473 1000106 1226755 893722 738176 936468 754132 946053 865879 730559 955798 748554 650632 944766 471058 858512 444876 721814 790606 911136 781722 838983 521631 534713 704290 816746 659054 817253 792220 460580 985883 794591 389069 396158 778935 959907 831051 940661 63908 630007 422440 843267 589202 417676 243328 376625 923111 813333 336736 749215 495937 838893 910818 518505 766913 907733 769670 621065 390305 937901 868760 550974 189649 842846 824952 504450 859232 903102 469898 579079 398722 269891 779146 830629 850343 68429 91068 709072 679556 775003 960901 533434 515054 110090 320529 678648 622581 602727 760785 431092
843935 524688 792299 762544 999999999 398908 861266 753120 407336 961498 833211 740308 918843 141577 779986 791518 131649 517379 319369 1114400 1003097 795038 1043502 1099771 604315 1191558 362748 1067794 508089 1256417 375202 1209523 860438 604390 634728 1194955 1078432 706395 422020 566849 971365 195430 881142 491542 456743 1236019 847272 551243 826431 318803 549792 1023582 1020668 679270 520231 852036 433153 138954 601830 978099 413446 439050 1073958 244778 278833 1009368 1107448 500725 893215 536629 108901 211624 855820 519381 116514 915892 268999 871503 574524 786897 363857 810628 921740 260034 964780 702954 676668 889206 851636 472145 884360 696613 360995 863299 655275 884683 161499 884021 763912 449040
445410 226507 412194 418141 398908 999999999 464772 391795 533356 844707 435014 654637 879108 508147 511373 633503 351626 545541 447838 748809 757132 526268 671706 811884 249465 844292 36182 709655 411932 908521 371303 852179 487186 281661 404579 834834 702526 515757 389707 210821 754516 381754 484530 102662 386387 909668 601372 548689 479027 214324 176267 719290 639250 299035 222280 455602 510978 411011 205319 650969 106944 435347 780756 205918 348803 737980 754117 271091 496218 542837 491922 219376 467773 458744 429343 531827 441990 654394 222450 444329 143217 412259 623547 413221 683485 350433 327164 571571 532570 387411 694156 354394 101375 501015 257855 556327 238513 529434 513663 75891
45149 404007 133597 258406 861266 464772 999999999 328403 936225 993405 108562 883683 1100472 972611 569475 792787 813175 894261 869791 475296 753372 576051 397316 717205 369458 604938 500392 471791 723186 655284 760050 582454 297929 426079 584732 560046 402467 683681 754939 381747 797107 833416 140860 387926 728752 710176 653284 876561 252773 636247 364370 618022 333738 281036 406140 139019 896314 871702 279512 521487 491812 799487 683924 638009 777642 695887 518571 553330 138378 878290 956636 663304 78280 776382 892439 260296 879328 729208 384836 390283 522339 62409 571126 850695 641187 250290 267100 500549 478991 719164 792817 381160 532588 207372 229526 467287 702662 381311 600437 433378
283539 499064 403596 507808 753120 391795 328403 999999999 690136 665278 223049 562947 774492 826743 241612 465177 661597 615538 647386 362071 448149 249094 290605 453311 149265 452499 422415 319027 443585 516754 522359 461844 111952 160185 273707 445442 326752 360142 501460 187908 479868 654730 224708 290146 465175 522033 328899 588670 535169 452275 215667 352877 275179 106089 497912 205495 640175 711641 222451 269753 340603 539267 419697 597196 573677 403242 362582 299442 237117 593948 823588 607190 394058 493037 741036 182682 673747 403850 179104 71757 520676 273402 274868 648202 345330 458602 456240 207499 173974 451050 466093 71325 393302 510510 202208 181765 596396 137685 272036 320064
902249 750501 924310 949667 407336 533356 936225 690136 999999999 602047 863965 388373 525157 338077 585496 485544 290761 141231 97214 1003182 742384 596865 953365 872882 576912 1038387 511445 946756 259480 1098815 176177 1072988 798929 535272 448566 1065069 994242 452553 188724 556738 686922 220156 892418 564022 226253 1045991 612292 186763 1008808 319705 572065 826046 957055 671150 745891 865751 58576 268545 660285 817956 458028 153392 856337 536363 190214 774651 973187 394215 905833 170658 368920 506740 964769 226012 295878 872690 139100 602949 555730 685459 607584 874598 731920 154973 747681 881384 859203 730466 702195 242023 588962 618959 434633 1024008 707171 741743 404807 782407 553568 523011
948375 1053745 1060758 1149047 961498 844707 993405 665278 602047 999999999 886525 221428 177418 930632 423939 214876 829892 462857 658420 758932 324704 417895 760051 468018 679640 713969 849445 704935 465927 751894 587740 767165 715798 616897 451661 772267 796710 335964 541852 696575 246596 769442 876434 793542 513127 657138 345751 420427 1187259 699159 739597 496501 804716 735395 1050489 863694 552865 836385 815346 561397 738085 522634 475502 977144 682995 395921 700138 573625 886709 436494 955602 962044 1058756 443631 869980 784210 712871 270392 685599 604605 980500 938453 466957 710800 419613 1089070 1078572 524032 530222 501056 204337 621026 762023 1170426 828934 556485 881369 644170 393959 782120
63764 430397 216570 339473 833211 435014 108562 223049 863965 886525 999999999 783543 997340 933788 462680 688223 770179 810563 804710 395526 645290 468765 313996 613783 287683 520933 471155 382829 637817 575883 688628 505378 191180 337682 487588 483691 327527 581817 678397 308061 688546 782007 57169 343601 648639 620558 545240 789526 347438 579060 301425 513582 256501 193968 431409 37303 820349 826900 231846 417482 438845 721268 580196 626932 717235 588750 430943 472902 65271 792524 921820 647916 182500 690252 850755 165015 819844 621268 308317 282448 520064 69670 463220 791845 533570 312739 322294 392508 370458 637476 685198 280945 485404 309269 178122 359438 671935 274710 494577 388232
840340 874031 927752 1000106 740308 654637 883683 562947 388373 221428 783543 999999999 227579 710820 347444 134726 608761 247235 438224 760886 393504 349741 738059 540046 532532 753862 654089 702608 253456 805171 367575 799902 642059 469174 300883 798689 778751 203384 322386 539548 323504 548015 787133 619670 296920 729398 314556 202636 1045680 488667 578419 525391 766928 606761 870345 768407 335934 615065 663775 555726 548105 301305 533228 767848 462105 445558 713010 389393 799184 218886 734939 750303 939373 224459 648769 717842 492560 267741 530490 518752 783208 823759 455651 489668 439801 935746 921573 488143 477550 286775 227288 502965 564001 1038147 688571 513705 665415 588173 308919 600120
1056322 1100364 1151431 1226755 918843 879108 1100472 774492 525157 177418 997340 227579 999999999 863222 542292 311022 790467 401465 601035 917752 494235 540301 910290 641093 757572 883022 876518 861763 470397 924017 563320 934915 841890 693905 524286 938446 948857 417256 522978 766223 414879 723450 995447 847114 506864 831838 482016 369841 1271324 701816 805632 660015 948940 827834 1096606 979080 487664 784342 890125 714981 773186 490680 645892 978928 649973 562815 861825 616501 1006822 383463 893352 958388 1159497 431125 815244 914866 654145 413287 756874 722547 1003890 1041918 616305 659204 578653 1162794 1148904 664862 663635 500208 350187 719647 785825 1261940 913032 695012 867168 778179 506496 826742
951231 658222 914266 893722 141577 508147 972611 826743 338077 930632 933788 710820 863222 999999999 813791 784184 165759 469484 272642 1181939 1018226 828075 1116110 1129094 682002 1247236 473021 1131678 508247 1311450 370473 1270654 937501 669954 665260 1257953 1153299 716793 415831 647451 976484 183695 977926 590459 457127 1280078 868907 510355 957588 374848 638477 1062094 1100383 765532 653655 948826 379546 117088 702481 1028192 498481 417662 1106252 380716 279567 1034437 1167904 547417 990571 494405 39674 346442 974236 504753 85720 999237 218503 881132 653088 850389 496104 918559 960894 225658 995404 831916 805908 937821 902261 474686 883429 763956 449158 991381 756245 938199 273952 950109 791793 545572
524437 683014 641673 738176 779986 511373 569475 241612 585496 423939 462680 347444 542292 813791 999999999 231445 662123 473778 576540 428553 245807 15393 394862 319867 286914 452892 530019 370298 327998 513592 452843 488681 299643 234287 148559 482133 436179 152399 414571 315890 253019 630154 455052 430171 371119 468339 95004 435210 771144 462037 360245 248629 419859 320503 680680 440749 527999 697757 416959 233198 419062 435596 294198 694425 535129 232747 390965 281104 465961 445714 822271 692496 635601 360662 731767 373431 618482 164946 303416 181729 654439 515007 148784 599680 184892 682845 676043 149625 131432 353143 224963 204819 462873 750159 419042 169589 645920 240789 38786 436825
748232 839484 851947 936468 791518 633503 792787 465177 485544 214876 688223 134726 311022 784184 231445 999999999 661146 347748 515449 629575 264607 230198 611169 408013 465963 619218 640413 571611 283434 670475 418721 665604 531084 402825 236788 664788 651245 121087 371785 481898 201959 608885 684695 579053 334844 595866 182608 301723 976423 504318 524776 390686 644379 526239 836289 668850 428452 678548 601533 424039 527589 366773 399623 777325 515273 312180 580032 362940 695969 317015 803275 765276 854565 279437 713382 604632 567584 133399 471033 411586 771648 735498 323587 558558 305088 875600 864558 361689 355892 319421 103521 414120 555186 962172 617252 389625 692340 469555 195491 568943
789928 526460 762833 754132 131649 351626 813175 661597 290761 829892 770179 608761 790467 165759 662123 661146 999999999 389539 196664 1018284 878455 676869 951419 980724 516331 1087018 318058 968843 377940 1151535 243759 1108738 772084 505802 514691 1095498 988297 579463 290672 481693 843792 70650 813336 427808 326334 1124496 724495 421528 817411 210883 473236 908730 934835 599882 521757 784281 308603 59623 539690 869656 333242 307591 956191 267745 147222 888351 1006062 388272 826077 407284 163369 234155 819386 387803 80804 833490 152805 744889 487362 687181 366637 757648 806977 136650 846015 689465 664156 779659 743224 342189 755263 599704 284815 846356 593307 778194 137121 786480 643328 382524
856227 771507 902446 946053 517379 545541 894261 615538 141231 462857 810563 247235 401465 469484 473778 347748 389539 999999999 200552 900359 608517 483344 857943 743806 525208 923664 531944 842622 173091 981996 180660 961874 718378 473057 351686 955836 899385 329942 155875 513862 549693 322005 831171 550159 168356 922397 487350 46162 1001083 338198 539095 704584 869460 617058 767159 806574 90145 383502 630570 706592 451856 110473 729530 598726 253466 645550 864742 341143 844424 30818 496666 573936 933136 122540 415177 794619 254526 470077 509770 598169 646692 831852 615104 257875 623269 877897 858332 622642 598464 175624 451242 544824 444355 1008001 671057 638200 476820 689837 438657 515686
838346 659964 848112 865879 319369 447838 869791 647386 97214 658420 804710 438224 601035 272642 576540 515449 196664 200552 999999999 978817 759482 589461 922890 880347 521803 1025777 423382 924182 251862 1088109 127297 1056206 758583 488184 431166 1046406 962874 459972 161982 496927 711920 126294 837633 488786 205490 1044075 617753 238891 926236 238452 506275 823518 920112 615255 655309 809979 113850 183309 590913 804099 382030 149979 860589 439384 99153 783267 954544 348006 851002 223236 297365 409575 892825 237390 214628 829509 54478 620394 497763 652313 513535 809178 725260 60107 750007 797961 774967 714410 682756 223541 616610 577529 352312 944640 640348 721396 307607 751747 548840 445706
443656 812136 605136 730559 1114400 748809 475296 362071 1003182 758932 395526 760886 917752 1181939 428553 629575 1018284 900359 978817 999999999 439755 421043 82407 327074 511331 131180 781168 58525 743891 180653 851534 110214 261986 512547 554682 89358 75084 579749 821001 549908 513812 1004783 342171 646153 779442 243293 447016 863130 727811 807482 574820 264124 141587 450156 812317 358548 947521 1065499 557630 205548 702616 850102 303556 954681 917471 366806 64943 638591 340270 873069 1181315 966824 551857 783274 1096358 235784 1012799 506653 541163 331694 868147 463117 306034 989617 339856 708202 717593 278960 302101 762544 567735 418858 755304 678832 516864 262335 958411 231840 465872 679909
709021 924174 847856 955798 1003097 757132 753372 448149 742384 324704 645290 393504 494235 1018226 245807 264607 878455 608517 759482 439755 999999999 231064 452449 149737 528205 389489 775242 388911 510624 430002 647852 442465 456303 479195 372873 447733 485459 301453 603272 559631 79387 836363 620039 675027 561239 341995 158976 563067 980671 691238 603472 175677 505575 545199 922087 615020 684162 906072 652007 255725 663340 609762 151657 937221 740044 72950 378586 516277 627672 577711 1032198 933423 827321 523322 940953 510670 808359 139632 547096 376722 900232 708189 182415 794794 114548 906315 902773 252823 277306 543574 166387 434863 705243 951026 645424 286197 879714 374178 247116 682628
530947 696493 650681 748554 795038 526268 576051 249094 596865 417895 468765 349741 540301 828075 15393 230198 676869 483344 589461 421043 231064 999999999 389963 304752 300191 441772 545116 362630 340145 501957 466241 478581 301907 248509 162832 472569 431106 158741 427480 329783 240480 644407 459363 444431 383978 454913 82891 444108 780672 477206 374030 234822 417214 331029 694203 445894 539169 712159 429258 223251 434306 447630 279344 709742 549223 217358 381784 296390 470016 454955 836808 707870 643107 371564 746228 374604 631859 155288 317286 186728 669286 522367 135891 613323 169760 693853 687445 142295 127811 365954 217030 215664 478223 758768 430070 164652 661257 239759 44969 451601
363901 729900 525487 650632 1043502 671706 397316 290605 953365 760051 313996 738059 910290 1116110 394862 611169 951419 857943 922890 82407 452449 389963 999999999 361797 439202 207954 704704 79180 695662 261939 795778 192587 184813 446376 507492 171709 41529 547187 768072 477042 520576 941515 261626 569105 727724 313892 430135 823103 650087 741271 499364 280648 66557 372673 730115 276871 899109 1000358 477650 199148 630412 799979 333307 877293 856734 380976 122365 578058 260583 831919 1113814 890475 474706 738199 1030397 153379 954200 497071 469016 270677 788401 382142 294352 930033 343041 626731 635720 249982 263653 711453 561316 352416 683078 602735 435699 225384 885939 171313 433454 604340
675493 950961 827651 944766 1099771 811884 717205 453311 872882 468018 613783 540046 641093 1129094 319867 408013 980724 743806 880347 327074 149737 304752 361797 999999999 566956 250682 835154 286805 628545 283965 762086 305975 424153 530735 466042 315029 386632 421593 720032 603351 228105 945527 577198 719555 676779 192290 262603 699355 960238 781890 643946 101685 424026 558699 949563 579217 814313 1014124 673648 196351 729201 732694 33994 1005346 849542 98315 262258 600655 582009 713229 1139475 1006268 794661 648940 1048523 459079 926364 276125 591129 384104 952104 681744 188349 910085 134994 903525 904351 246994 284093 658701 314412 463604 776289 922803 655203 271733 964712 342070 337657 735993
331024 396393 395718 471058 604315 249465 369458 149265 576912 679640 287683 532532 757572 682002 286914 465963 516331 525208 521803 511331 528205 300191 439202 566956 999999999 598389 277479 467474 353731 663059 402381 610232 256626 63761 233611 594252 474308 346249 390735 39344 539715 514677 316217 152763 361344 660399 381746 507151 513796 309929 77033 471892 418675 94240 394172 289064 532679 568297 135714 401508 191370 433656 534971 452363 439782 499464 509948 185426 329619 508844 677126 460347 413845 406930 596487 317569 541898 446782 29848 195067 386089 307083 379109 514946 442987 409637 398979 323363 284613 350765 498833 105084 244070 505905 156222 306968 447145 284303 300895 174884
571848 927455 733429 858512 1191558 844292 604938 452499 1038387 713969 520933 753862 883022 1247236 452892 619218 1087018 923664 1025777 131180 389489 441772 207954 250682 598389 999999999 874632 140863 780340 64920 899822 55955 367592 587720 594677 69978 206199 594330 864498 637719 468506 1066038 469449 742508 821455 115295 443336 882878 857680 877003 668111 228700 271537 550595 927294 483663 980855 1130150 663513 221679 786487 887983 238598 1049550 974518 320314 92718 699827 468536 894600 1250291 1058670 681981 813332 1162529 357363 1064583 487618 627602 406156 970969 589602 308610 1043581 314265 833345 841401 311665 345441 803741 540670 497769 838572 809427 627475 309042 1040368 314884 485767 772059
481446 240806 444834 444876 362748 36182 500392 422415 511445 849445 471155 654089 876518 473021 530019 640413 318058 531944 423382 781168 775242 545116 704704 835154 277479 874632 999999999 741024 406887 939053 354642 883718 519979 304462 416164 866674 736079 524621 376800 238306 769283 351160 520502 135972 377403 937717 618175 537985 506686 195646 206868 744080 673413 332191 236322 491546 492269 377601 241132 678262 114178 421471 804509 174995 324251 758935 784994 277649 532237 531179 456246 185771 501901 451404 394990 566198 414397 668303 249386 472507 131241 448254 647037 385858 705285 377893 353825 597210 558127 380087 705383 381685 90860 531085 293863 583284 202520 559789 529953 102688
436305 786689 597428 721814 1067794 709655 471791 319027 946756 704935 382829 702608 861763 1131678 370298 571611 968843 842622 924182 58525 388911 362630 79180 286805 467474 140863 741024 999999999 687327 201803 796979 142819 227696 464015 498194 127167 99884 521308 765571 506530 461097 953268 333394 607280 723716 238527 389007 805118 724188 757966 534160 213673 145540 413135 786559 345535 890813 1014947 524465 147832 657958 793873 260104 915471 864827 316194 48498 586399 333796 815182 1132112 926124 549715 726032 1046260 218140 959130 449774 497142 281735 833352 452085 248259 936378 285327 694329 701711 220674 244864 706666 511585 371184 710511 678335 487204 205157 913415 183873 407491 638928
684434 636786 737994 790606 508089 411932 723186 443585 259480 465927 637817 253456 470397 508247 327998 283434 377940 173091 251862 743891 510624 340145 695662 628545 353731 780340 406887 687327 999999999 841510 137977 813926 548334 300167 189210 805739 736785 209420 92650 345175 468783 328373 658088 395884 51800 793464 365988 153865 842788 235239 374129 572836 702660 444642 632776 633494 203722 398343 465477 559292 308483 107648 608759 514424 233141 531661 713822 172760 671347 155123 524164 497376 764773 53486 433324 623973 298426 372921 340068 430504 533505 660801 475962 284170 498262 723309 705638 471244 442716 36077 377877 372569 316036 845462 502890 482275 415556 525385 298248 367531
624249 987804 785666 911136 1256417 908521 655284 516754 1098815 751894 575883 805171 924017 1311450 513592 670475 1151535 981996 1088109 180653 430002 501957 261939 283965 663059 64920 939053 201803 841510 999999999 962499 74002 429484 652635 656948 96647 252919 652141 926571 702378 509378 1129996 522814 806582 883394 108311 498316 940554 907419 941649 732416 280694 321962 613929 987760 538795 1041044 1194362 726099 284475 851357 949143 278586 1113921 1038136 364466 154988 764098 520885 952631 1314770 1123270 731313 873301 1226844 414294 1127516 537661 692322 471058 1034349 643713 367308 1106798 365848 888619 897637 374837 409318 865596 587367 562650 903463 857408 688948 373386 1105287 379266 545424 836528
726166 595317 750450 781722 375202 371303 760050 522359 176177 587740 688628 367575 563320 370473 452843 418721 243759 180660 127297 851534 647852 466241 795778 762086 402381 899822 354642 796979 137977 962499 999999999 929506 633027 364344 305873 919479 835857 346399 47022 380943 606737 190636 718498 390849 86653 921135 500314 197036 839387 159207 395938 700970 793915 496545 590869 691445 141481 260565 484535 678194 286373 73558 740815 420257 96781 666178 827671 223157 731909 186379 386242 397138 789276 144368 295529 704889 165639 510689 380315 525295 466328 698428 601588 148002 629887 713293 692163 588228 556054 104292 515228 451969 270110 851861 531046 594520 303865 624577 427035 351580
552252 921873 713432 838983 1209523 852179 582454 461844 1072988 767165 505378 799902 934915 1270654 488681 665604 1108738 961874 1056206 110214 442465 478581 192587 305975 610232 55955 883718 142819 813926 74002 929506 999999999 367824 605253 626281 22661 180021 634056 895852 649318 521102 1090933 451479 749708 853227 163235 487069 922075 834258 898010 676871 277006 249948 554885 921997 468502 1015978 1153705 664671 255483 800517 921370 292518 1058049 1000973 372189 102753 723864 449039 933288 1272100 1068899 658127 849140 1185471 345926 1093258 535341 639871 422701 974525 572565 348962 1071377 361892 817904 827580 342735 373463 835751 590343 513071 853018 783860 625306 335141 1055802 326278 523218 781696
254322 560884 403498 521631 860438 487186 297929 111952 798929 715798 191180 642059 841890 937501 299643 531084 772084 718378 758583 261986 456303 301907 184813 424153 256626 367592 519979 227696 548334 429484 633027 367824 999999999 272108 369474 349313 218060 439435 610576 293592 504122 766461 164407 384536 573105 452594 370153 688865 536156 563490 314589 323257 163334 188255 560552 159023 747786 822804 296973 227955 447004 647011 390355 692947 685615 397960 274977 410587 173096 695298 933500 705747 373581 595980 851837 77069 785561 446061 286229 124302 606744 257912 273889 760102 343443 484231 487929 203913 187206 558318 511723 181084 499552 500260 259940 170212 702031 83536 336225 419534
385829 450669 458670 534713 604390 281661 426079 160185 535272 616897 337682 469174 693905 669954 234287 402825 505802 473057 488184 512547 479195 248509 446376 530735 63761 587720 304462 464015 300167 652635 364344 605253 272108 999999999 169853 591064 484188 282769 346886 82752 484973 495556 359342 195922 313687 639760 327826 452054 577522 295156 127389 440112 435162 145350 448122 333972 487834 554005 198754 379434 202213 387391 500052 476140 413509 456597 503068 141369 372699 454854 668769 479731 474226 352583 584272 341411 513622 389445 70647 182553 423452 364066 342575 488018 401836 472932 461751 294742 255731 301357 439095 94008 252815 569006 219399 284367 452921 280859 243771 205913
542122 603648 627367 704290 634728 404579 584732 273707 448566 451661 487588 300883 524286 665260 148559 236788 514691 351686 431166 554682 372873 162832 507492 466042 233611 594677 416164 498194 189210 656948 305873 626281 369474 169853 999999999 617457 548786 115706 269859 245963 355631 481607 497358 343021 226995 616334 214388 319885 747349 319147 288265 397110 517813 306090 600561 476020 392887 549335 367764 373017 301991 295768 441730 568801 386598 374640 525484 144449 510072 327094 674092 562703 638714 230823 583437 446392 471344 253644 235535 247228 546167 524093 296549 451827 331345 641824 629699 283708 253834 209471 289600 207368 337974 737847 388746 293264 506892 338318 129188 336036
530090 901490 691181 816746 1194955 834834 560046 445442 1065069 772267 483691 798689 938446 1257953 482133 664788 1095498 955836 1046406 89358 447733 472569 171709 315029 594252 69978 866674 127167 805739 96647 919479 22661 349313 591064 617457 999999999 157703 629205 886575 633209 525789 1078871 429546 732266 844174 182288 484869 916594 811751 884657 659922 278854 227897 536931 901665 446898 1008346 1141108 645827 249393 784963 912988 299423 1040748 989572 376499 91976 711794 426945 927524 1258817 1052063 635620 841978 1172633 325075 1082696 535710 623973 408648 956024 550657 345366 1060468 362736 796086 805956 334647 363895 826822 592143 498343 837546 761263 605774 325017 1040501 311025 517403 764882
372478 750760 533484 659054 1078432 702526 402467 326752 994242 796710 327527 778751 948857 1153299 436179 651245 988297 899385 962874 75084 485459 431106 41529 386632 474308 206199 736079 99884 736785 252919 835857 180021 218060 484188 548786 157703 999999999 588538 808624 511592 555448 979681 272536 600176 768459 318101 469729 864614 654500 778582 532021 311480 71037 403959 751203 291184 940147 1037861 505321 235326 665027 840872 359936 907560 895682 413244 132385 617314 269483 873405 1150334 921732 478398 779536 1067580 175232 993616 535574 504020 310567 815822 393619 332560 969229 378187 639200 649705 290610 305059 752274 599330 390427 717598 604769 461179 266631 920078 211885 474729 636661
639794 718881 735895 817253 706395 515757 683681 360142 452553 335964 581817 203384 417256 716793 152399 121087 579463 329942 459972 579749 301453 158741 547187 421593 346249 594330 524621 521308 209420 652141 346399 634056 439435 282769 115706 629205 588538 999999999 302007 361046 265110 535242 583940 458321 259795 593948 159788 288557 858557 403426 403756 374974 570278 411071 715735 565626 394024 605066 481498 380002 410894 311344 403932 668726 439029 323852 539202 247319 595921 300490 731190 659260 742264 227485 639997 515661 507703 165442 350312 315696 655595 624763 285768 493501 295193 755694 744205 301021 283581 242123 184274 302575 441920 846355 499232 321985 593459 389532 114133 449479
719244 615816 753654 792220 422020 389707 754939 501460 188724 541852 678397 322386 522978 415831 414571 371785 290672 155875 161982 821001 603272 427480 768072 720032 390735 864498 376800 765571 92650 926571 47022 895852 610576 346886 269859 886575 808624 302007 999999999 373370 560767 237278 705026 397343 43545 882150 457698 162869 848238 185358 393340 661631 769542 484785 611489 678731 141956 307121 483900 642861 296832 46681 699563 456823 143798 623527 794620 206342 718432 154761 432534 435475 788519 98223 342050 684061 206348 465491 371210 498710 494505 692810 563280 191523 588797 723913 703849 553503 522682 61645 468696 430329 288601 857456 527706 561682 345229 596789 387019 361217
345968 367980 394653 460580 566849 210821 381747 187908 556738 696575 308061 539548 766223 647451 315890 481898 481693 513862 496927 549908 559631 329783 477042 603351 39344 637719 238306 506530 345175 702378 380943 649318 293592 82752 245963 633209 511592 361046 373370 999999999 567424 483024 341506 116594 347265 699444 409985 499020 506922 277950 44643 509240 454624 120220 365468 313454 515023 534714 124513 440269 153443 417744 571672 413121 411594 533650 549181 172912 354801 499478 641519 421004 419695 398661 562159 351891 514138 472195 12539 234204 348854 319516 415162 486658 477723 396777 383929 361062 322151 338304 521519 143617 206062 503670 157716 345524 408923 323531 326482 135826
752183 935262 883335 985883 971365 754516 797107 479868 686922 246596 688546 323504 414879 976484 253019 201959 843792 549693 711920 513812 79387 240480 520576 228105 539715 468506 769283 461097 468783 509378 606737 521102 504122 484973 355631 525789 555448 265110 560767 567424 999999999 797098 668484 679743 520407 420307 158026 503680 1015025 666784 612001 250323 570091 569642 932824 660627 629441 867069 669737 321604 655558 562051 231025 924410 701453 149338 454060 499817 677145 518945 992946 917727 868682 474531 902053 564638 762655 102234 555059 410623 897510 748246 235350 751292 177537 932844 927170 301405 318325 503405 98617 455237 693477 989239 669393 335303 856763 424996 241963 682062
807001 573909 793425 794591 195430 381754 833416 654730 220156 769442 782007 548015 723450 183695 630154 608885 70650 322005 126294 1004783 836363 644407 941515 945527 514677 1066038 351160 953268 328373 1129996 190636 1090933 766461 495556 481607 1078871 979681 535242 237278 483024 797098 999999999 821710 445491 276693 1096836 685782 356054 857058 205075 481083 878542 929794 603075 569191 792970 239058 69972 555481 846169 343569 247277 922572 328601 96370 851127 988217 367095 834762 341310 195982 296342 845885 331287 104955 831729 83025 700250 487007 673183 418037 775656 777453 66190 811740 728360 703779 755711 720680 293773 705862 589259 300874 882204 608186 757205 195201 773366 608136 400052
102927 487549 264177 389069 881142 484530 140860 224708 892418 876434 57169 787133 995447 977926 455052 684695 813336 831171 837633 342171 620039 459363 261626 577198 316217 469449 520502 333394 658088 522814 718498 451479 164407 359342 497358 429546 272536 583940 705026 341506 668484 821710 999999999 389833 672947 571881 531780 807450 391353 617354 340934 478758 201720 222383 488544 29150 846584 869144 279544 382119 480407 746466 544110 679697 753052 559849 380924 498685 13415 811520 967378 699704 219066 709516 894103 119439 855626 607959 339946 273406 574734 121120 437734 828064 506518 366668 377433 368173 350938 660687 673105 290452 528777 348128 226689 334368 719654 245901 489355 433495
362463 260629 360328 396158 491542 102662 387926 290146 564022 793542 343601 619670 847114 590459 430171 579053 427808 550159 488786 646153 675027 444431 569105 719555 152763 742508 135972 607280 395884 806582 390849 749708 384536 195922 343021 732266 600176 458321 397343 116594 679743 445491 389833 999999999 382784 810076 523287 544650 451032 251212 76326 624638 537471 196442 257564 360696 532017 485470 112025 552676 106761 443995 687676 308542 393316 650192 651998 231144 402074 541747 578242 321557 404433 447482 508042 430354 493611 582433 129032 345412 233511 330591 531508 464767 594317 328265 309875 476029 437342 378986 628190 257457 144719 461071 165789 458768 330054 427823 437850 45527
691786 612794 734122 778935 456743 386387 728752 465175 226253 513127 648639 296920 506864 457127 371119 334844 326334 168356 205490 779442 561239 383978 727724 676779 361344 821455 377403 723716 51800 883394 86653 853227 573105 313687 226995 844174 768459 259795 43545 347265 520407 276693 672947 382784 999999999 838613 414578 163120 833321 194955 371030 618088 730806 454672 608611 647232 175010 346664 462422 599868 287502 74106 656146 472867 181343 580443 752202 175932 686320 159106 472564 454002 765642 75779 381647 647386 249605 424051 343932 459251 500330 666408 519798 233947 545347 710958 691941 510703 480306 18119 429677 393864 287096 839673 503756 519453 368739 556576 343476 349973
674804 1012339 835796 959907 1236019 909668 710176 522033 1045991 657138 620558 729398 831838 1280078 468339 595866 1124496 922397 1044075 243293 341995 454913 313892 192290 660399 115295 937717 238527 793464 108311 921135 163235 452594 639760 616334 182288 318101 593948 882150 699444 420307 1096836 571881 810076 838613 999999999 435079 879187 962683 917804 734114 220631 379694 625513 1011799 583330 987582 1163416 741275 260350 841810 900231 196245 1112308 1002598 283842 191735 736671 572305 892270 1286555 1118380 787971 820100 1196903 455550 1086764 462607 688347 465361 1042322 690035 319787 1067988 299138 930638 936876 347132 385352 820542 505578 556087 892543 916364 710318 355535 1090717 386816 495331 835253
608136 777569 731866 831051 847272 601372 653284 328899 612292 345751 545240 314556 482016 868907 95004 182608 724495 487350 617753 447016 158976 82891 430135 262603 381746 443336 618175 389007 365988 498316 500314 487069 370153 327826 214388 484869 469729 159788 457698 409985 158026 685782 531780 523287 414578 435079 999999999 444416 862416 533367 454483 218247 466926 413706 775182 520383 553745 754966 511892 241522 505553 470226 244154 778596 589488 165876 398477 357347 541730 457298 880836 774501 722012 387213 789632 438729 664043 76209 397566 263042 744588 601176 141181 648269 135942 776667 770334 182846 184715 396542 141570 298500 546636 839362 512908 213433 721242 299189 88459 527741
837383 775195 891294 940661 551243 548689 876561 588670 186763 420427 789526 202636 369841 510355 435210 301723 421528 46162 238891 863130 563067 444108 823103 699355 507151 882878 537985 805118 153865 940554 197036 922075 688865 452054 319885 916594 864614 288557 162869 499020 503680 356054 807450 544650 163120 879187 444416 999999999 994098 348210 527292 662201 837058 597158 770964 783655 133300 420040 618776 667203 450622 123480 685660 617169 280178 601179 825887 326411 820588 16252 536207 594146 918638 100395 452628 765559 293340 424966 493921 567113 657287 814212 574288 293846 580187 872900 854303 584635 561895 165668 405190 518735 448516 998282 656733 601514 499727 656506 399213 512880
288672 302678 133160 63908 826431 479027 252773 535169 1008808 1187259 347438 1045680 1271324 957588 771144 976423 817411 1001083 926236 727811 980671 780672 650087 960238 513796 857680 506686 724188 842788 907419 839387 834258 536156 577522 747349 811751 654500 858557 848238 506922 1015025 857058 391353 451032 833321 962683 862416 994098 999999999 689450 471079 859403 586341 452215 306970 383428 980866 876684 382410 763916 553076 894911 926484 582319 827448 929238 771196 671745 390393 991913 932668 614848 176131 895477 888582 509963 920751 935880 515438 605180 462622 278619 801338 892065 872531 128793 153382 730638 703398 828641 995423 567603 574561 60494 359336 699042 686255 618952 795919 487934
607264 436445 609725 630007 318803 214324 636247 452275 319705 699159 579060 488667 701816 374848 462037 504318 210883 338198 238452 807482 691238 477206 741271 781890 309929 877003 195646 757966 235239 941649 159207 898010 563490 295156 319147 884657 778582 403426 185358 277950 666784 205075 617354 251212 194955 917804 533367 348210 689450 999999999 277636 704779 726690 398035 431966 588750 296986 259366 356756 660985 144874 228049 755589 279186 142107 692926 795374 181933 630478 339916 374161 262886 655645 270719 289144 627349 243094 565009 282013 476298 309196 576849 602939 214451 646929 561766 539499 571501 534418 202476 586960 389140 114955 706447 408099 568588 190069 575655 447948 207484
332071 323348 364006 422440 549792 176267 364370 215667 572065 739597 301425 578419 805632 638477 360245 524776 473236 539095 506275 574820 603472 374030 499364 643946 77033 668111 206868 534160 374129 732416 395938 676871 314589 127389 288265 659922 532021 403756 393340 44643 612001 481083 340934 76326 371030 734114 454483 527292 471079 277636 999999999 548558 471753 129518 320851 312064 533590 528436 91548 476403 140009 438918 611897 381535 416463 576171 578194 201637 353890 526641 629895 392150 395213 427411 554038 366198 518949 516834 56943 269185 309819 303169 456141 490772 519854 357390 343325 399863 361253 363768 565941 181231 190295 471393 135108 382443 389540 353229 371125 105093
575767 851444 726648 843267 1023582 719290 618022 352877 826046 496501 513582 525391 660015 1062094 248629 390686 908730 704584 823518 264124 175677 234822 280648 101685 471892 228700 744080 213673 572836 280694 700970 277006 323257 440112 397110 278854 311480 374974 661631 509240 250323 878542 478758 624638 618088 220631 218247 662201 859403 704779 548558 999999999 338094 458650 850153 479518 767737 945810 574200 96640 641138 679663 67692 916226 783707 102752 203737 522866 484194 674784 1069830 918972 695096 600051 979631 361910 866548 258936 497247 284741 857936 581108 101869 848143 85606 801840 802721 148867 187306 600006 313436 367410 689843 822819 554350 171116 883078 240719 274715 643510
302362 680517 463709 589202 1020668 639250 333738 275179 957055 804716 256501 766928 948940 1100383 419859 644379 934835 869460 920112 141587 505575 417214 66557 424026 418675 271537 673413 145540 702660 321962 793915 249948 163334 435162 517813 227897 71037 570278 769542 454624 570091 929794 201720 537471 730806 379694 466926 837058 586341 726690 471753 338094 999999999 342511 681030 220154 904517 985941 439333 249864 607502 804217 394367 843334 848618 435671 188611 572441 199094 844782 1095787 858626 410498 747986 1014765 107859 948183 537533 447980 272169 749035 322838 337928 922952 393328 568370 578715 284086 289460 715338 602976 343028 659738 537921 393601 254778 861124 181435 458607 575506
240479 392999 325751 417676 679270 299035 281036 106089 671150 735395 193968 606761 827834 765532 320503 526239 599882 617058 615255 450156 545199 331029 372673 558699 94240 550595 332191 413135 444642 613929 496545 554885 188255 145350 306090 536931 403959 411071 484785 120220 569642 603075 222383 196442 454672 625513 413706 597158 452215 398035 129518 458650 342511 999999999 391830 194953 626694 653802 116529 375645 267813 527382 525216 504711 531469 504889 458952 278989 235760 599628 758156 517926 332635 497409 680567 236680 633913 485426 117722 174872 420422 219318 377553 606589 446943 363203 358052 312094 276857 443558 543680 115798 319170 435933 100256 287567 519046 238841 343832 233047
409138 4718 298712 243328 520231 222280 406140 497912 745891 1050489 431409 870345 1096606 653655 680680 836289 521757 767159 655309 812317 922087 694203 730115 949563 394172 927294 236322 786559 632776 987760 590869 921997 560552 448122 600561 901665 751203 715735 611489 365468 932824 569191 488544 257564 608611 1011799 775182 770964 306970 431966 320851 850153 681030 391830 999999999 464445 728449 579859 275965 767086 324507 656775 916315 275645 556792 890018 834583 481511 496135 765019 627289 308653 371679 680526 588434 577154 640493 837435 377790 565546 157607 377942 765387 612861 832604 189204 163044 702573 665992 609296 885006 489791 322907 348319 301488 679217 386556 626334 691889 270392
96280 463611 253298 376625 852036 455602 139019 205495 865751 863694 37303 768407 979080 948826 440749 668850 784281 806574 809979 358548 615020 445894 276871 579217 289064 483663 491546 345535 633494 538795 691445 468502 159023 333972 476020 446898 291184 565626 678731 313454 660627 792970 29150 360696 647232 583330 520383 783655 383428 588750 312064 479518 220154 194953 464445 999999999 820447 840158 250520 383132 451420 720556 545769 651378 724852 556929 393641 472452 41833 787397 938234 671120 215579 685256 865041 127826 827455 596577 312216 259192 547247 106736 432645 799815 502438 349880 359079 362287 342324 635260 661189 268671 499684 343624 197812 328825 690545 242315 474024 404346
