NAME : synthetic_000790
TYPE : CTSP-D
DIMENSION : 100
GROUPS : 8
RELAXATION_LEVEL : 1
EDGE_WEIGHT_TYPE : EXPLICIT
EDGE_WEIGHT_FORMAT : FULL_MATRIX
EDGE_WEIGHT_SECTION
999999999 449977 160202 378386 411103 112463 914719 943024 678815 233804 864924 547005 28542 370190 445951 776867 302268 151569 56814 839664 502778 207446 866554 604940 383030 82213 831539 842970 686545 315999 290749 589375 323577 686054 440207 69303 467884 476456 487113 484447 926714 134385 563257 139113 549277 567572 353833 769535 885434 822914 535733 698069 665974 334994 400850 677005 219734 785916 526558 386019 547315 282761 540275 84322 197472 467131 629835 278613 217607 491556 851031 347344 99680 848535 805715 634178 294050 67785 830252 647664 659365 891770 816231 301264 516233 459330 543852 78598 561605 501262 75813 841722 745031 638362 539911 589554 515642 615346 270918 518625
449977 999999999 610149 825172 838123 558790 1209284 882007 888445 664725 1089910 911583 438640 701102 189454 972934 747176 402050 394334 1039627 608160 348668 1206203 866021 655325 531490 1031179 1195354 976438 664030 602060 603149 275040 569524 389391 381679 877032 217499 657792 327504 1233834 448887 917587 464346 585076 824565 358876 1118313 906209 1086828 962553 996054 977301 575170 65184 857047 669574 772574 711132 352792 654095 471642 471427 418857 266980 619249 540924 547884 465711 598461 792483 743771 384471 1210167 896991 925970 741451 517760 935454 787263 1066149 1173150 732348 290460 966199 733223 840986 438093 555233 332834 374547 1013015 867528 756040 833935 909761 952112 753625 705434 964990
160202 610149 999999999 221421 279675 59269 847060 1016411 668175 124117 833863 458975 174771 333184 596630 764674 153080 268946 216066 821590 558992 337568 776492 575481 382810 80249 814108 746467 634018 279665 292203 665807 462835 790337 555932 229071 350323 624733 518684 616523 852069 222547 481064 214965 623532 544516 472947 678092 935325 775270 398480 640188 602784 366882 560176 680216 60807 853387 545475 507567 596318 359146 646302 213265 353300 510429 731684 313342 293799 549019 928432 257195 241010 746420 835159 584853 137609 92428 852657 671309 534113 831835 903073 438381 356158 442350 500656 192970 647622 633552 235893 836213 766787 671942 499064 527366 366543 643055 138939 361026
378386 825172 221421 999999999 250136 266873 856546 1186827 766644 244497 896718 473011 395520 445053 817960 855153 158258 486572 431908 901771 729512 556243 752961 659167 522376 301404 895478 713299 681384 406085 449646 847236 682349 988799 765137 447678 330406 845726 671520 832475 850145 399233 501370 386310 804836 639147 685343 659354 1085784 818827 313716 679247 637577 535203 771771 793516 170756 1022077 684627 720354 758916 556109 848398 434223 561721 673757 929501 490956 496255 721074 1103952 323359 444311 702703 968508 641529 84360 311753 978002 806464 460136 854042 1086815 657529 160517 556344 575484 391243 836606 849460 453972 930956 895102 816691 577141 572360 154233 783820 134320 140245
411103 838123 279675 250136 999999999 337510 609540 996403 531681 177651 648403 222882 411364 246479 773844 614793 134861 441475 466063 657318 556915 506289 515923 420709 336507 334106 651445 480519 432266 232783 299270 682353 625156 846587 659913 469232 82177 793085 482785 746283 605978 501391 251258 494464 642095 406856 595989 419158 877358 568820 125287 429352 387586 380953 798660 565809 228775 833730 481497 629436 574773 443853 720265 419943 606616 496640 788402 358009 405534 551077 921637 123336 507102 475801 749124 394545 246229 352086 752973 593502 254445 604911 916187 599908 232187 342814 336526 465747 684038 762172 477213 691097 674051 611412 339571 324142 373123 576512 320213 308339
112463 558790 59269 266873 337510 999999999 893055 1016209 696604 173500 869469 508561 133082 366175 557526 794124 212343 243732 165036 853150 563184 308591 827828 609233 404594 50779 845435 799177 675053 311020 310983 663004 430467 776407 535744 181411 406023 587361 531468 588649 899868 163924 529298 157143 621315 576001 450598 729488 943989 815542 457358 682774 646653 377070 506801 704169 118953 855027 563002 484359 603532 352684 630996 180873 298097 518888 718613 321002 285452 552645 926365 304971 183567 800322 850890 624668 182788 50747 870936 688216 591759 875729 897038 407015 409953 470740 537990 134175 640834 605623 187426 863818 784904 685336 535669 570485 403361 658337 160413 407063
914719 1209284 847060 856546 609540 893055 999999999 824050 351410 722944 210181 392123 899078 545884 1062205 314877 735132 846255 953551 279562 635582 875116 149081 343514 561264 865254 283132 195694 234873 598949 636812 715828 935635 885180 861856 942818 527537 1060243 563111 958732 43888 1040632 367341 1039513 702254 384828 857974 208593 658918 139138 558540 218748 248750 638093 1198258 404300 814656 719364 511666 874336 603939 740368 842855 872549 1068991 603052 849977 676434 762815 641484 802131 589871 1011280 228817 522874 287260 853711 882326 490910 492067 436826 49619 841461 918876 780753 480052 377341 990055 754460 967156 950039 345442 477361 533711 383030 325260 954614 513616 924690 874928
943024 882007 1016411 1186827 996403 1016209 824050 999999999 532788 943876 614682 855088 914533 752945 694250 517925 1030174 792507 934041 544496 459004 751283 930618 629741 667420 965617 541019 957287 710284 782968 737880 353976 686053 312505 535475 909609 956840 664508 517314 559752 867303 1060732 833268 1071124 395087 619896 613294 905456 165400 695028 1057579 733910 756669 654080 917928 476572 1036377 164752 515124 591904 428024 664249 430947 859060 946562 513125 346508 704141 731591 468345 94053 881014 985074 990918 305090 700702 1124806 970677 333351 414918 1042661 774585 149706 693971 1227476 654788 696625 1008131 383070 551499 911173 478810 367439 388479 689910 756048 1338807 423950 1154060 1292747
678815 888445 668175 766644 531681 696604 351410 532788 999999999 556068 201834 342559 656243 336044 727053 98129 612852 570675 702791 161829 290300 579938 417206 112335 296108 655198 153497 435495 178355 388525 389886 364538 613901 536689 520351 685852 470166 720979 230799 614378 387599 813061 316438 816486 351357 127696 529925 376291 381553 213669 557823 202735 223920 351597 887045 58695 659528 396641 177585 540679 254317 440887 492583 615223 792631 269230 499179 404033 483164 297709 486866 444351 763358 466943 237812 170176 729556 668723 229513 143444 516782 305982 513373 601180 758782 226090 195515 757379 403200 621493 691719 168154 166499 184758 192121 233522 903287 162308 784041 839863
233804 664725 124117 244497 177651 173500 722944 943876 556068 999999999 714168 335593 233789 220445 615600 650876 97610 277026 288443 705428 485633 345678 654380 458353 285219 159399 698195 625751 511244 171781 205997 602740 470138 746766 531502 291793 236380 638456 431391 607381 728166 333357 357174 328582 560341 429983 456836 556023 848567 652686 302760 516745 478975 290898 622977 573484 103479 779213 449827 491730 516617 316929 608627 245942 428974 430878 687431 246865 262695 476987 860047 133087 330990 627368 738415 462843 182552 177675 752152 574531 426474 707926 842319 444618 328775 333026 380761 292533 592644 624055 299749 724087 667200 580556 379802 403859 398415 549151 228303 365981
864924 1089910 833863 896718 648403 869469 210181 614682 201834 714168 999999999 429460 844217 503345 926022 124459 753392 766656 893555 71432 487345 779864 334413 260899 483814 832315 76738 371490 216673 558688 574241 543330 815584 700391 717500 878162 573273 918257 432562 808923 253892 997971 400208 999996 538177 297352 731163 344686 449352 101441 637335 223808 265444 547503 1088876 236789 815458 517718 379405 740801 446906 640693 679599 806943 990184 470693 672075 597008 679235 495679 596973 588650 953854 407059 316623 255721 873952 847303 282368 319100 550936 161313 640257 803010 856592 405605 333457 943340 586860 814795 884439 135927 280486 358830 334806 324429 1018353 347829 936492 945976
547005 911583 458975 473011 222882 508561 392123 855088 342559 335593 429460 999999999 536528 211565 803356 411762 343314 514909 593299 445746 468962 562916 320415 231823 278809 486775 440741 296138 212890 248947 309822 590783 657720 770155 640579 587629 144324 813217 382308 737977 393839 663836 29268 660766 557212 235294 601178 222717 716368 346381 216450 207469 165476 355375 885767 388711 423248 701415 357486 628664 468064 452193 669545 522355 723064 411462 717202 366974 445999 467551 793147 203855 646472 303971 576898 182946 462737 504671 571942 440171 195695 383646 802356 635309 428626 230110 158482 617334 607829 751365 595457 487309 502439 469001 165373 111692 589032 433945 532777 516744
28542 438640 174771 395520 411364 133082 899078 914533 656243 233789 844217 536528 999999999 353430 424654 754171 309229 123069 56988 817470 475160 180264 854933 584948 361146 94559 809291 832661 669347 300219 270158 560927 298571 657904 412453 58321 464161 454290 461219 458538 912189 158818 551596 164874 520898 546968 326156 758494 857661 804519 536542 681622 650500 310120 392342 652984 232207 757575 501591 358628 519999 254850 512100 55798 195375 440419 601560 254207 190241 463898 822509 339841 112203 839344 779203 616763 311238 84148 804220 621885 656199 874982 787703 275731 528711 438732 526103 102424 533064 475416 66156 818167 719191 611848 521857 574351 535971 589327 293250 535509
370190 701102 333184 445053 246479 366175 545884 752945 336044 220445 503345 211565 353430 999999999 593036 431782 287047 309375 407667 488455 310824 352707 512353 243133 90647 329597 480943 496754 316362 55513 99192 436622 446514 604736 441079 397290 227216 604326 236863 535659 560367 499676 216515 500261 396988 211337 393514 420077 642207 453723 333045 328193 297706 151099 677543 353508 323899 589266 241205 422832 328616 241827 485937 327660 526659 250374 547553 155464 235467 305398 676142 128080 465611 509694 523638 264089 398021 345151 534605 361446 386949 521675 669710 423879 475086 113049 174279 447001 440966 550029 404629 504187 450726 373287 170979 222277 591902 339651 448734 540647
445951 189454 596630 817960 773844 557526 1062205 694250 727053 615600 926022 803356 424654 593036 999999999 805467 709028 338943 400934 871242 438850 269944 1076012 720042 529821 517145 862932 1071029 834797 567540 498892 418198 149292 382244 210363 379593 796513 36765 500246 138176 1090471 498664 804150 513644 403974 679594 206709 994506 717254 933344 892675 856431 843237 449822 224802 689943 649582 583238 552966 187883 481697 351286 283104 383939 324377 460418 351604 438457 370711 430346 603912 663682 419531 1089818 713595 787131 734213 508664 753090 614540 976270 1022696 544835 174167 939521 600339 708518 467012 369801 143521 375165 839468 689108 580483 700779 782170 960617 582131 716869 956922
776867 972934 764674 855153 614793 794124 314877 517925 98129 650876 124459 411762 754171 431782 805467 999999999 703630 666903 800331 67001 366732 673407 412715 196045 394236 753083 58488 440695 214459 485072 487999 418873 699948 577667 596028 783097 547948 796518 319327 686093 356272 911139 383574 914604 414156 220893 614164 394762 355763 179066 628022 233511 267072 448350 974823 115923 754178 404610 267503 621813 324546 534857 555396 712657 887754 355640 548053 501491 579515 375639 488664 535166 860904 474979 212914 229240 821747 766713 187954 194963 568280 265613 526598 688813 837139 323389 279748 855418 462490 691562 788862 76329 162513 234406 278033 300072 987835 224639 878231 921360
302268 747176 153080 158258 134861 212343 735132 1030174 612852 97610 753392 343314 309229 287047 709028 703630 999999999 370128 359030 753169 574332 439680 648562 507776 364434 220561 746512 614369 541534 248122 295163 694188 565160 842293 629091 367231 213907 732993 513953 704652 734521 375085 369484 366732 652014 485158 554273 551025 927554 681915 246790 542599 502075 381566 701525 637344 96427 865448 526372 589201 602152 414121 705284 331796 499559 517548 782987 341286 360268 566299 948402 168575 391532 610441 810667 497813 120840 237093 820865 648341 386633 726537 933457 539684 231899 398888 425304 345406 686374 721366 374824 778827 737529 658450 426146 431712 308634 625563 189567 269838
151569 402050 268946 486572 441475 243732 846255 792507 570675 277026 766656 514909 123069 309375 338943 666903 370128 999999999 145490 732356 360577 70094 821658 514522 287278 195331 723957 805745 611837 265969 211682 439482 196503 535736 292300 123164 475417 363161 358671 347597 864595 271272 523934 280308 400151 474037 206873 729256 740847 739117 564108 627667 601941 219338 371377 559347 315985 636911 404303 240680 407271 140893 389914 67285 224449 332647 478981 171327 87540 349093 700145 341864 203131 817460 670311 559142 404823 193236 698044 518243 664100 816819 664689 171346 601062 368965 468958 216738 410399 364626 127111 725761 614538 503764 463234 528848 635145 484486 401844 623165
56814 394334 216066 431908 466063 165036 953551 934041 702791 288443 893555 593299 56988 407667 400934 800331 359030 145490 999999999 864469 505994 185005 911362 635564 409747 138989 856204 889413 722765 355239 321090 582562 288858 665442 417273 25007 520509 433006 500093 451460 967357 126791 608093 137205 544070 596854 331214 815098 886193 856706 591001 735634 705217 353034 344299 696519 276061 780531 543143 361063 552454 285739 520579 87874 141069 476255 610974 298843 226062 494526 841000 396801 60574 896259 814764 670046 347791 123988 841607 660561 712433 928604 802425 268732 572219 488893 579206 75436 551016 467936 26471 862485 757423 647808 574686 629296 565499 627263 318905 572085
839664 1039627 821590 901771 657318 853150 279562 544496 161829 705428 71432 445746 817470 488455 871242 67001 753169 732356 864469 999999999 432807 739958 395772 247145 456638 813278 8520 429507 236647 542725 549746 479441 766844 632185 661471 847650 586494 861688 386297 750488 322909 973738 416734 976810 477167 277299 680932 394103 379368 156878 659661 250470 289210 513392 1041791 182606 808253 446439 334345 688193 389777 601245 617703 776965 953816 422634 605806 565793 644876 441904 525563 585544 925026 464811 245227 263893 872539 827346 211543 258437 586541 230147 568968 755795 874188 383072 327918 918260 524224 755524 853536 66181 210844 296409 327466 335522 1030079 289463 931432 960908
502778 608160 558992 729512 556915 563184 635582 459004 290300 485633 487345 468962 475160 310824 438850 366732 574332 360577 505994 432807 999999999 341304 673940 306368 220420 513319 424444 679522 422544 330753 279868 126066 338921 301476 230342 483640 533472 431133 87304 324270 668037 630775 456768 638772 88638 271546 251329 607592 382866 501357 639156 446767 445062 195140 614532 251097 577386 294901 127831 255711 48943 220762 212525 422297 558575 60628 248378 245769 285254 11568 374452 435608 563380 704882 313187 383143 665924 520420 344854 179573 664276 592778 360746 331395 782380 239405 327146 575192 139074 331913 487192 405057 266703 152428 318772 403467 882506 145557 695798 840822
207446 348668 337568 556243 506289 308591 875116 751283 579938 345678 779864 562916 180264 352707 269944 673407 439680 70094 185005 739958 341304 999999999 861140 536291 314222 261913 731461 848355 640316 315751 253552 402750 126422 480948 233477 160074 535313 293337 356419 280150 896302 310549 569217 321859 366292 494912 147048 771401 712531 761123 627371 658039 635719 237487 326181 561625 385803 600822 406345 178615 389877 139172 335746 127784 218107 324787 426061 201582 117258 329769 657821 401423 233792 862253 654482 588354 474111 257847 685346 510777 721233 842719 617815 101343 670897 395072 500197 260355 368410 297147 160733 727102 604516 491091 493721 565415 704079 476218 468228 693147
866554 1206203 776492 752961 515923 827828 149081 930618 417206 654380 334413 320415 854933 512353 1076012 412715 648562 821658 911362 395772 673940 861140 999999999 367573 551227 807166 397024 48117 251887 559385 610339 772138 939103 949867 887771 904240 434795 1079144 592071 986843 117567 984218 303373 981003 751198 403880 869303 98401 768113 239035 443148 227284 233166 631832 1187306 475451 736164 809555 546109 890681 651351 735163 886357 836886 1037363 630630 907856 659622 744570 677527 897262 523976 965738 79752 625544 292293 761909 825080 599442 559918 307523 183687 928841 919479 659662 476102 367663 937640 804771 997380 911923 461079 568640 600532 375299 296454 836423 573976 836121 754398
604940 866021 575481 659167 420709 609233 343514 629741 112335 458353 260899 231823 584948 243133 720042 196045 507776 514522 635564 247145 306368 536291 367573 999999999 227590 571485 240029 374458 116731 298224 314821 408895 592132 589325 523905 621313 357895 719663 225530 622342 370443 737508 206859 739304 385045 41574 514909 305033 485855 225041 446018 140509 141735 298986 856511 157189 561110 482832 178537 532426 285685 399210 518819 549983 738971 264815 543912 343232 428261 310038 574715 339469 695516 401460 345188 79132 626351 586413 340598 218314 413100 307537 592416 575564 646704 146771 84248 683182 438663 632112 627894 271805 271053 253319 82032 126493 793187 220992 684360 728521
383030 655325 382810 522376 336507 404594 561264 667420 296108 285219 483814 278809 361146 90647 529821 394236 364434 287278 409747 456638 220420 314222 551227 227590 999999999 360946 448525 542729 326391 116315 94260 346064 388713 514553 361967 394539 316537 537150 150122 459168 582085 517121 275992 520393 306342 187731 324744 465842 564044 451861 422529 343820 322328 80761 639228 299617 385716 503043 164709 350767 240559 183937 398727 323249 511644 160160 457699 116004 201956 214803 588515 215818 470085 560344 454112 274211 467554 373715 470060 289999 466061 530203 580114 368471 563257 81761 186253 461628 350607 472603 400947 461064 384351 295474 179596 254882 672541 263947 509941 625422
82213 531490 80249 301404 334106 50779 865254 965617 655198 159399 832315 486775 94559 329597 517145 753083 220561 195331 138989 813278 513319 261913 807166 571485 360946 999999999 805432 780818 642867 274085 266765 612309 385705 726177 486545 149839 395766 545769 483711 541980 874178 177064 505583 174558 570664 536863 401864 709218 894693 782247 457667 652019 617323 329053 483006 660391 138161 804638 516802 435922 554197 301935 580905 135249 279034 469967 668256 272558 234684 502698 875667 283409 173173 784106 803572 591597 217287 18298 824485 641514 585578 845717 846262 361697 434870 430218 503272 133195 590058 558991 156950 821611 738498 637478 500385 540764 444246 611123 206563 441201
831539 1031179 814108 895478 651445 845435 283132 541019 153497 698195 76738 440741 809291 480943 862932 58488 746512 723957 856204 8520 424444 731461 397024 240029 448525 805432 999999999 430048 232588 535122 541712 471778 758360 625303 653203 839343 581054 853463 377777 742365 326289 965639 411795 968753 469202 269705 672470 393235 376081 157989 655068 247074 285329 505025 1033291 174145 801088 441020 325827 679793 381522 592760 609843 768680 945362 414125 598516 557501 636483 433515 520800 578751 916764 465262 240592 258527 865758 819454 207781 250361 583521 233603 563559 747290 869019 375215 321214 910133 516425 747459 845216 64075 204318 288517 320628 330215 1024320 281242 924382 955458
842970 1195354 746467 713299 480519 799177 195694 957287 435495 625751 371490 296138 832661 496754 1071029 440695 614369 805745 889413 429507 679522 848355 48117 374458 542729 780818 430048 999999999 262509 541096 595680 782677 931442 962108 887636 883451 400557 1075790 595597 986883 165630 957590 282626 953752 759500 407999 864571 77049 796370 272939 401536 237261 234533 623476 1174032 494170 703934 831076 552066 887435 660090 726105 891952 817378 1018153 633220 918052 647543 731244 682324 920048 497490 942509 35579 652458 296447 725586 798897 628509 576296 262711 227026 948828 911007 615587 470949 363569 912415 813115 998057 891240 493772 592371 616075 371591 288863 792729 587786 800462 710270
686545 976438 634018 681384 432266 675053 234873 710284 178355 511244 216673 212890 669347 316362 834797 214459 541534 611837 722765 236647 422544 640316 251887 116731 326391 642867 232588 262509 999999999 371001 403604 520929 704002 699779 640370 710935 356602 835303 342256 738937 257401 815502 183624 815545 499337 155553 628897 198717 555742 141509 423730 25265 53014 403535 963995 236472 609597 574512 294801 647567 399518 506210 634761 640179 835129 381479 656544 441656 528010 426503 665072 381073 781391 291936 410540 52851 662374 659206 394801 315097 353942 205918 689786 686394 640861 245251 143746 763270 552924 748798 717991 285717 342939 354209 148855 109830 801682 325350 727658 729598
315999 664030 279665 406085 232783 311020 598949 782968 388525 171781 558688 248947 300219 55513 567540 485072 248122 265969 355239 542725 330753 315751 559385 298224 116315 274085 535122 541096 371001 999999999 70200 454215 418930 614409 431608 346078 232763 581772 266029 522187 612123 444599 258602 444985 412979 265426 375003 465121 679999 508975 335290 382083 350298 148170 636917 402611 274387 618384 279433 406599 355257 220667 487658 277664 477980 272081 555987 131717 200268 323729 702770 109514 412396 551810 566953 318973 352921 289659 580371 403298 408876 575848 691485 395102 452193 162988 229582 392306 452737 537402 353595 556604 495458 411098 226429 274142 556347 378853 399359 510683
290749 602060 292203 449646 299270 310983 636812 737880 389886 205997 574241 309822 270158 99192 498892 487999 295163 211682 321090 549746 279868 253552 610339 314821 94260 266765 541712 595680 403604 70200 999999999 399075 350877 552273 362098 307881 302955 512333 227918 452062 653798 424303 315673 427091 356979 276904 304853 518894 645788 535762 405116 418077 390858 86588 578431 393642 301204 573227 253412 336400 310888 150550 421726 236814 432306 224966 493346 61552 136353 271480 654316 177154 380813 608878 542967 350753 387480 279455 561079 379206 477463 609445 638295 327523 511432 168643 259901 369257 393003 467336 314772 555293 475093 380204 254828 317236 602787 350885 423435 563558
589375 603149 665807 847236 682353 663004 715828 353976 364538 602740 543330 590783 560927 436622 418198 418873 694188 439482 582562 479441 126066 402750 772138 408895 346064 612309 471778 782677 520929 454215 399075 999999999 359253 181383 215730 558493 659480 400408 209197 284391 752049 709342 576801 719188 42505 379455 275963 713906 315106 577416 765101 545996 550532 312626 622675 312636 689892 198168 237037 263701 124770 310525 141443 505630 609013 186693 135739 357280 377884 131284 263361 560488 635585 810300 295638 487880 780160 616964 335785 225645 786466 669730 239584 360742 906394 362991 443077 655859 48540 285676 560571 436431 278890 184795 434843 517583 1001028 202235 804320 962406
323577 275040 462835 682349 625156 430467 935635 686053 613901 470138 815584 657720 298571 446514 149292 699948 565160 196503 288858 766844 338921 126422 939103 592132 388713 385705 758360 931442 704002 418930 350877 359253 999999999 392128 150710 264641 647257 168562 383115 162666 961263 404923 659950 418371 331900 550821 87919 854542 673974 811963 743482 724359 707826 307970 275729 584309 512076 549561 436408 96070 386615 206167 255496 250464 262095 344974 343781 291206 221419 328530 592116 514391 323807 948685 641406 654392 599864 380012 677254 518393 827802 898754 543329 25524 796723 463368 571802 362335 315734 179082 262454 743339 603767 490171 564408 643278 829319 484115 590831 819523
686054 569524 790337 988799 846587 776407 885180 312505 536689 746766 700391 770155 657904 604736 382244 577667 842293 535736 665442 632185 301476 480948 949867 589325 514553 726177 625303 962108 699779 614409 552273 181383 392128 999999999 248446 640437 830970 352034 387852 250266 923195 789039 757084 801235 212974 560693 334228 894310 362828 746050 936962 724969 731059 466949 606583 481278 823641 227424 418366 305503 306150 433405 145830 602588 653773 360582 59336 501152 496775 303873 224551 723358 709420 990338 411113 668429 915519 726968 453671 393701 965634 837668 162824 405045 1063673 540876 624244 740877 164177 240554 640349 580095 421887 352110 615983 698945 1142915 376136 928733 1112125
440207 389391 555932 765137 659913 535744 861856 535475 520351 531502 717500 640579 412453 441079 210363 596028 629091 292300 417273 661471 230342 233477 887771 523905 361967 486545 653203 887636 640370 431608 362098 215730 150710 248446 999999999 392269 663433 200797 299180 99250 892384 540593 636076 552809 195697 485067 86448 812591 527361 729813 766876 663309 654923 289982 406953 480901 595694 400184 350196 57497 271706 217264 105976 357934 411483 259402 195991 302014 269605 222642 441494 539051 461077 909556 507687 595738 687243 485430 546068 404274 826843 820475 393899 159214 858672 419958 524655 492684 169324 111189 392025 629106 479525 370161 516483 600949 917599 372107 692182 895761
69303 381679 229071 447678 469232 181411 942818 909609 685852 291793 878162 587629 58321 397290 379593 783097 367231 123164 25007 847650 483640 160074 904240 621313 394539 149839 839343 883451 710935 346078 307881 558493 264641 640437 392269 999999999 520496 411094 480066 427140 957614 151124 601387 161918 520239 582116 306208 808586 863080 843558 594471 724465 694980 335015 334304 678089 287985 756544 524056 336083 530431 263975 495590 71332 138337 455279 585995 281903 206157 472141 816489 394156 80058 891251 793357 658123 363347 136713 820737 640252 712624 916853 777635 244194 584686 474541 567209 100441 526551 443672 8045 844286 736882 626642 562422 619462 583969 606739 338189 587919
467884 877032 350323 330406 82177 406023 527537 956840 470166 236380 573273 144324 464161 227216 796513 547948 213907 475417 520509 586494 533472 535313 434795 357895 316537 395766 581054 400557 356602 232763 302955 659480 647257 830970 663433 520496 999999999 812527 453140 754896 523807 568624 173391 562939 621177 349933 607578 337579 829402 490558 105997 351794 309798 375271 842106 509346 304175 796833 443312 639351 544758 453243 712981 464360 658833 472906 774236 364417 425919 529146 886746 133901 566407 397635 695970 322605 328141 414049 696226 546434 192131 523691 886918 622686 289286 303570 275266 528912 666887 770033 528540 624174 620666 568676 279673 251070 445098 533263 401563 374414
476456 217499 624733 845726 793085 587361 1060243 664508 720979 638456 918257 813217 454290 604326 36765 796518 732993 363161 433006 861688 431133 293337 1079144 719663 537150 545769 853463 1075790 835303 581772 512333 400408 168562 352034 200797 411094 812527 999999999 497184 116241 1089640 533326 812722 548203 389514 679776 212417 999632 693406 929536 910330 857483 846023 458171 257707 681592 676501 558364 549204 188479 471994 362807 261995 411533 360465 457236 324795 451212 388066 423313 575147 680584 453723 1095584 695990 788720 762325 537991 736159 603836 989585 1019702 514855 194061 964207 604877 712438 500392 351869 117952 406990 827540 674935 568422 704542 787095 989847 572225 747222 984122
487113 657792 518684 671520 482785 531468 563111 517314 230799 431391 432562 382308 461219 236863 500246 319327 513953 358671 500093 386297 87304 356419 592071 225530 150122 483711 377777 595597 342256 266029 227918 209197 383115 387852 299180 480066 453140 497184 999999999 397118 593218 619901 369613 625992 174952 188217 299718 522692 417899 433104 558123 365779 361123 154696 656531 205611 528939 353030 53352 312585 92094 220252 297145 412845 573292 39948 335529 211492 274056 87787 439292 364537 559876 620080 320066 300008 613864 493479 343162 160703 577846 522658 434360 370530 711908 153797 240139 563519 226316 406648 484856 370683 257972 153872 231755 316699 822361 128302 651324 775461
484447 327504 616523 832475 746283 588649 958732 559752 614378 607381 808923 737977 458538 535659 138176 686093 704652 347597 451460 750488 324270 280150 986843 622342 459168 541980 742365 986883 738937 522187 452062 284391 162666 250266 99250 427140 754896 116241 397118 999999999 989934 566830 734193 580505 275286 583817 151084 911835 579133 825490 856970 762039 754077 384908 358545 572188 661754 445083 447297 116919 362044 302843 145901 407776 413555 357560 214625 390837 345441 317594 468215 627552 485602 1008785 579867 694714 751786 537920 620175 492091 922377 916654 411194 183361 936138 518941 623887 524984 235873 17029 425080 714210 560202 455493 615721 700133 982405 461455 748375 966863
926714 1233834 852069 850145 605978 899868 43888 867303 387599 728166 253892 393839 912189 560367 1090471 356272 734521 864595 967357 322909 668037 896302 117567 370443 582085 874178 326289 165630 257401 612123 653798 752049 961263 923195 892384 957614 523807 1089640 593218 989934 999999999 1050475 371008 1048720 737055 411148 885247 193086 702267 178468 546596 238339 263008 660324 1220857 441922 817007 760878 542664 902791 638102 763316 876953 887969 1085977 633062 886768 696169 782541 673481 844311 595259 1024258 196303 565512 308285 851629 891552 534047 529587 418322 92773 882765 943781 767023 501770 396357 1000985 789663 998817 964982 388901 518534 571230 402640 338158 942428 549873 923905 861600
134385 448887 222547 399233 501391 163924 1040632 1060732 813061 333357 997971 663836 158818 499676 498664 911139 375085 271272 126791 973738 630775 310549 984218 737508 517121 177064 965639 957590 815502 444599 424303 709342 404923 789039 540593 151124 568624 533326 619901 566830 1050475 999999999 682549 15554 670749 700723 455246 886237 1012020 953371 621027 825825 792182 468855 388776 811314 279548 907279 660372 483681 676561 410034 644978 208688 184304 598346 735490 412722 347559 619376 967606 460365 81243 960314 937242 763570 321812 159259 962756 780594 755521 1019714 928364 387272 554780 592593 673933 56400 677675 582774 149844 976105 877860 769944 670402 715567 509373 747909 268325 533783
563257 917587 481064 501370 251258 529298 367341 833268 316438 357174 400208 29268 551596 216515 804150 383574 369484 523934 608093 416734 456768 569217 303373 206859 275992 505583 411795 282626 183624 258602 315673 576801 659950 757084 636076 601387 173391 812722 369613 734193 371008 682549 999999999 679987 544462 213596 600339 207208 692458 317642 244450 178474 136534 354615 893669 364044 447318 681234 341531 626758 453124 453849 660560 534842 735596 400570 705125 370678 451982 456023 773127 224393 662376 293576 551991 154456 489415 523292 545950 418609 212062 357053 784203 638111 457791 220120 138105 634948 595840 747160 609127 458922 477901 448796 145599 83834 618242 414043 558669 546010
139113 464346 214965 386310 494464 157143 1039513 1071124 816486 328582 999996 660766 164874 500261 513644 914604 366732 280308 137205 976810 638772 321859 981003 739304 520393 174558 968753 953752 815545 444985 427091 719188 418371 801235 552809 161918 562939 548203 625992 580505 1048720 15554 679987 999999999 680289 702942 467211 882887 1020543 953955 613146 825429 791308 474107 404108 815822 270743 916960 665670 496057 684194 418026 656878 216481 199857 605219 747363 417683 354694 627417 978153 457027 95275 955920 944049 763817 309799 157217 969056 786614 748817 1019276 939550 400352 542610 594970 674529 63656 688146 596523 161197 980202 883954 776700 671175 714703 494733 754153 254686 520137
549277 585076 623532 804836 642095 621315 702254 395087 351357 560341 538177 557212 520898 396988 403974 414156 652014 400151 544070 477167 88638 366292 751198 385045 306342 570664 469202 759500 499337 412979 356979 42505 331900 212974 195697 520239 621177 389514 174952 275286 737055 670749 544462 680289 999999999 353086 246122 689150 347211 565024 727000 524122 525880 270459 600699 303227 647395 236780 208828 238083 99896 269166 141739 465836 575899 148551 161148 314779 336504 92038 305213 519845 598008 786086 312270 463387 737655 575591 350378 219196 752662 657319 282020 331062 865155 327947 413002 616817 53623 279073 522586 439011 285463 180934 404675 488619 958670 191176 761980 920448
567572 824565 544516 639147 406856 576001 384828 619896 127696 429983 297352 235294 546968 211337 679594 220893 485158 474037 596854 277299 271546 494912 403880 41574 187731 536863 269705 407999 155553 265426 276904 379455 550821 560693 485067 582116 349933 679776 188217 583817 411148 700723 213596 702942 353086 999999999 474103 336308 482493 266249 443696 178242 173516 257738 814937 159570 533301 467950 144474 492172 254992 357674 483953 510794 698468 226815 513323 302882 387499 274372 559909 316658 656995 433482 346247 111839 602057 551351 346768 205060 424640 349108 573299 534117 636286 108260 77182 646001 406532 593953 588591 294603 271000 235741 71220 141212 776982 201464 657462 715167
353833 358876 472947 685343 595989 450598 857974 613294 529925 456836 731163 601178 326156 393514 206709 614164 554273 206873 331214 680932 251329 147048 869303 514909 324744 401864 672470 864571 628897 375003 304853 275963 87919 334228 86448 306208 607578 212417 299718 151084 885247 455246 600339 467211 246122 474103 999999999 788164 591035 731493 708367 650235 636557 245890 363218 498326 515045 470181 353046 35060 298805 154347 189740 271883 334685 260723 280259 243302 194476 241090 519291 478416 376342 883776 553996 580753 606041 400103 589549 430889 780035 819626 475301 84983 785478 393727 501832 406649 235008 167514 306177 656131 515849 402293 494080 575716 836749 396728 608056 818146
769535 1118313 678092 659354 419158 729488 208593 905456 376291 556023 344686 222717 758494 420077 994506 394762 551025 729256 815098 394103 607592 771401 98401 305033 465842 709218 393235 77049 198717 465121 518894 713906 854542 894310 812591 808586 337579 999632 522692 911835 193086 886237 207208 882887 689150 336308 788164 999999999 747550 243245 353567 173797 163397 546572 1097160 434762 637995 772891 480776 811380 590321 649115 819649 741964 942680 559723 848744 570518 654325 609921 863115 425896 868894 97396 602453 226039 665368 727178 582049 513635 228310 224270 888503 834035 574089 394769 288005 840040 742679 923248 816331 455204 538311 552327 296133 212538 749342 522532 739136 668609
885434 906209 935325 1085784 877358 943989 658918 165400 381553 848567 449352 716368 857661 642207 717254 355763 927554 740847 886193 379368 382866 712531 768113 485855 564044 894693 376081 796370 555742 679999 645788 315106 673974 362828 527361 863080 829402 693406 417899 579133 702267 1012020 692458 1020543 347211 482493 591035 747550 999999999 531180 925932 578464 604346 568586 931756 328945 946825 136619 401288 578087 340496 602849 434981 804187 923032 425384 371263 623457 668056 393977 169709 768876 942013 830480 145306 551641 1031116 902507 168956 283891 897615 609512 231534 675848 1109528 535397 559579 956891 358547 575493 866026 313540 215439 269126 553692 611958 1234079 302593 1069083 1181280
822914 1086828 775270 818827 568820 815542 139138 695028 213669 652686 101441 346381 804519 453723 933344 179066 681915 739117 856706 156878 501357 761123 239035 225041 451861 782247 157989 272939 141509 508975 535762 577416 811963 746050 729813 843558 490558 929536 433104 825490 178468 953371 317642 953955 565024 266249 731493 243245 531180 999999999 546488 139710 181250 523976 1079730 265357 751075 583172 380480 745666 467576 623482 706167 772352 963505 472931 711192 567795 653160 507908 667727 522541 916076 308360 390870 190877 802718 798286 362224 353106 452561 92355 704776 796704 768081 370304 279446 900345 616798 833262 850352 222047 340609 394731 283056 250618 933904 375371 868744 859178
535733 962553 398480 313716 125287 457358 558540 1057579 557823 302760 637335 216450 536542 333045 892675 628022 246790 564108 591001 659661 639156 627371 443148 446018 422529 457667 655068 401536 423730 335290 405116 765101 743482 936962 766876 594471 105997 910330 558123 856970 546596 621027 244450 613146 727000 443696 708367 353567 925932 546488 999999999 413652 372468 480051 923739 601387 343213 898966 546181 740805 649435 554384 818513 544880 731707 578635 880228 466145 522342 634962 989433 230128 630840 389347 789375 398875 338482 475442 786598 644760 147164 563814 991223 718509 223178 407110 366989 588051 772869 872368 602445 703326 714326 669100 372495 328064 396143 633629 414781 316665
698069 996054 640188 679247 429352 682774 218748 733910 202735 516745 223808 207469 681622 328193 856431 233511 542599 627667 735634 250470 446767 658039 227284 140509 343820 652019 247074 237261 25265 382083 418077 545996 724359 724969 663309 724465 351794 857483 365779 762039 238339 825825 178474 825429 524122 178242 650235 173797 578464 139710 413652 999999999 42026 422018 982531 261063 613578 599181 318955 669498 424349 525113 659115 654025 850245 404798 681576 458324 544732 450540 689589 385230 793795 266690 433175 70084 663342 668643 416267 340244 336768 193892 714754 706356 632915 263450 158714 774228 577724 772083 731632 302717 366475 379435 164646 112893 796207 350614 730015 722773
665974 977301 602784 637577 387586 646653 248750 756669 223920 478975 265444 165476 650500 297706 843237 267072 502075 601941 705217 289210 445062 635719 233166 141735 322328 617323 285329 234533 53014 350298 390858 550532 707826 731059 654923 694980 309798 846023 361123 754077 263008 792182 136534 791308 525880 173516 636557 163397 604346 181250 372468 42026 999999999 402136 961381 280563 574612 616961 317800 657577 426940 505660 657442 625115 822973 398977 685349 434641 520811 447794 708204 346728 762688 260210 459495 62652 622705 634220 445443 354374 301208 229149 729963 688866 591154 244502 136319 741361 579441 764851 702294 338715 390148 391797 143489 76616 754183 360892 690018 680840
334994 575170 366882 535203 380953 377070 638093 654080 351597 290898 547503 355375 310120 151099 449822 448350 381566 219338 353034 513392 195140 237487 631832 298986 80761 329053 505025 623476 403535 148170 86588 312626 307970 466949 289982 335015 375271 458171 154696 384908 660324 468855 354615 474107 270459 257738 245890 546572 568586 523976 480051 422018 402136 999999999 560542 343531 382488 489752 191564 273474 229643 103530 339717 265163 442734 143586 408278 56966 131813 186202 569287 257665 413524 640901 474721 352042 470784 338804 496871 313803 537473 605247 551998 287735 597278 158571 265830 412501 306700 399102 340637 509456 411163 308425 258845 335581 688702 282539 502113 650145
400850 65184 560176 771771 798660 506801 1198258 917928 887045 622977 1088876 885767 392342 677543 224802 974823 701525 371377 344299 1041791 614532 326181 1187306 856511 639228 483006 1033291 1174032 963995 636917 578431 622675 275729 606583 406953 334304 842106 257707 656531 358545 1220857 388776 893669 404108 600699 814937 363218 1097160 931756 1079730 923739 982531 961381 560542 999999999 859434 620347 800432 709523 363425 661952 457890 497545 378956 210338 619261 573104 527756 442899 604215 826734 710091 328296 1187161 912735 912582 688673 468287 949852 794066 1032882 1164023 768843 286064 916153 719087 825478 381918 575842 366440 326760 1019065 878375 765250 818794 891560 895085 759827 649252 910994
677005 857047 680216 793516 565809 704169 404300 476572 58695 573484 236789 388711 652984 353508 689943 115923 637344 559347 696519 182606 251097 561625 475451 157189 299617 660391 174145 494170 236472 402611 393642 312636 584309 481278 480901 678089 509346 681592 205611 572188 441922 811314 364044 815822 303227 159570 498326 434762 328945 265357 601387 261063 280563 343531 859434 999999999 676694 338130 155591 505921 210146 424111 444965 608647 777623 240696 445869 398793 472627 259840 428604 470164 756963 525636 188228 224233 751194 672779 187260 87767 568858 357489 454680 573545 795783 240528 234718 755117 353582 578243 683469 166415 113866 129414 229803 283022 934224 112052 801684 873928
