NAME : synthetic_000326
TYPE : CTSP-D
DIMENSION : 100
GROUPS : 8
RELAXATION_LEVEL : 1
EDGE_WEIGHT_TYPE : EXPLICIT
EDGE_WEIGHT_FORMAT : FULL_MATRIX
EDGE_WEIGHT_SECTION
999999999 144461 782833 463690 39630 645295 632117 704468 799274 559085 741767 672117 262695 288041 631607 352700 719939 672343 448259 338694 345854 759156 103854 515674 618076 684842 711442 641545 581951 349674 712091 285341 310561 428524 291648 85744 551648 649135 508226 335883 821997 491504 439684 413829 347906 170684 529679 295900 248540 466816 265614 544770 190674 527609 242121 547239 185698 338894 385773 604426 497347 495320 179144 56707 449238 497237 521060 344505 278288 315355 236232 241868 431392 489629 561246 321763 466085 111087 525526 213067 612939 664037 564861 482335 393533 253758 469837 671965 229023 198290 327981 632847 232127 580241 474952 497103 580018 342234 513313 362537
144461 999999999 812393 419618 183894 583375 528520 693399 831456 571531 659323 766512 392765 169303 519103 482234 639998 576765 393442 291547 304447 679363 210020 445403 739050 713251 645156 737413 526339 420585 714698 380722 196064 414460 336690 119234 667399 540623 542248 295136 889805 568086 482569 320112 268710 307761 528692 437800 318210 607250 381585 535379 214330 569819 100240 637422 285705 475673 256344 597078 557848 480222 156312 194204 360152 622487 395385 208649 189772 197982 180643 374794 527441 356748 705411 205347 610309 92539 514006 291165 574096 756209 443696 606029 523950 318374 388680 637040 216963 282869 231992 692165 374879 719753 581827 581976 590141 314647 555615 282646
782833 812393 999999999 469303 774787 482862 690806 232607 23284 247074 599283 386936 926054 967114 741365 631817 580510 655615 509359 1100120 538735 588984 684718 537535 575435 99198 506837 395790 463596 448688 164964 536365 727135 417600 491369 859644 527548 722845 274771 544765 239791 352700 343635 1125312 1080544 708425 303307 867642 538142 971046 597303 313994 605042 257344 872120 379412 615622 685638 1021373 265771 308397 366805 946219 747348 621076 595568 789313 965987 1001537 734902 988436 671064 451176 825931 942634 731277 835398 728033 334387 981104 385157 372267 774196 583574 634418 1025700 588424 353175 1004359 963826 1040077 207823 744969 766635 482474 377589 232976 515205 271264 618484
463690 419618 469303 999999999 478723 187346 281753 289814 492023 232996 308200 617913 701205 541138 318458 559818 283392 282973 40060 705593 118717 319240 406478 99014 704488 381151 255195 600348 121101 334844 329581 393599 274935 93718 263871 510874 625359 313117 273884 128682 634148 416684 272363 696450 666492 498466 170694 691214 322875 850104 455090 155318 283398 313283 445389 506460 390862 593764 574604 208570 360666 105911 574695 460044 153236 635379 326231 521012 590921 281208 597895 513463 457566 357721 891701 276005 774198 364671 135412 674952 154487 601818 321816 615961 591361 712681 124635 217545 635864 661151 619222 447092 570630 801562 529384 452074 240540 123586 305254 159098
39630 183894 774787 478723 999999999 662936 660322 708213 790396 557686 764106 645870 232958 325779 662027 317098 741740 698353 466206 364225 362634 780731 90101 536549 584152 677759 729776 615001 598499 334217 712029 263025 343799 436389 286375 115635 519499 678490 501296 352783 802856 471958 431183 446886 379271 133688 532376 258917 236908 430319 235949 549575 198339 518035 281750 522980 165672 300977 424234 608014 482676 502329 206818 28106 475322 462391 555127 383716 312357 349071 266443 205834 406318 525541 522340 355215 426503 141400 531151 209131 624867 638487 597672 448021 357452 252557 493836 682367 251104 192731 362335 617229 192662 541300 445992 474915 579035 355691 503889 387821
645295 583375 482862 187346 662936 999999999 214070 253286 505829 312112 138086 733401 887861 678965 267271 736803 113586 172823 197043 856297 300302 141434 593260 139281 851329 421514 67867 721891 66677 503730 318404 572496 407965 261589 445504 684981 775121 244398 389694 310158 695030 554436 416764 825383 807390 685602 261103 878431 506757 1036223 636774 228851 469901 424783 588146 639734 577439 774210 690568 236968 490302 224040 739603 645442 238121 797478 354863 641967 736935 411270 754224 698170 614564 407560 1073060 404333 955013 541345 225124 853703 104995 716443 321806 778543 765464 889441 202355 132087 799780 840751 757301 537620 757131 970086 683835 592287 305607 310261 422216 301451
632117 528520 690806 281753 660322 214070 999999999 465463 714017 490752 171671 897243 893248 572347 53746 820339 166704 63937 257079 758934 337382 196159 613697 182929 984934 620601 224033 880820 228758 609441 528323 655170 332463 375317 525919 645249 905396 32772 549845 344110 890340 698388 554072 698206 697248 722567 430468 907010 575867 1075651 708774 403525 497972 588625 496847 788073 626845 846775 555328 431800 641322 373516 674676 650858 188333 910146 179026 516227 638428 330947 671806 755274 736435 239243 1137400 323478 1023010 521034 391032 818929 305650 880875 129713 890602 855586 846813 182358 345520 729399 809467 645850 716439 799728 1069716 808567 733819 490548 363945 582222 275590
704468 693399 232607 289814 708213 253286 465463 999999999 255032 169004 366764 545020 902309 827710 517620 666578 347912 425828 327240 984317 391436 357043 622027 331347 701312 191366 274260 541950 245253 437072 68438 525693 564628 280143 430198 767779 635043 496691 258046 400061 459226 416405 320873 984400 950858 681582 176154 865896 491414 1000167 594363 160123 513888 275058 731377 483636 573747 714965 864398 100200 350893 213411 843057 683915 427291 681144 583085 810670 873701 570998 874021 667281 503612 627013 1003943 565820 887762 623304 180470 916239 164476 528148 560371 664616 683405 958063 391033 121629 904057 900422 905054 338521 738079 860401 560194 452932 148089 378755 281104 448910
799274 831456 23284 492023 790396 505829 714017 255032 999999999 268397 621516 381646 937723 987131 764615 639443 602929 678611 532071 1118470 560096 610949 700409 560742 573025 118558 529142 392254 486867 462223 187697 548916 748727 439116 508176 876811 527895 746036 291945 565989 223477 360635 359641 1145237 1099823 721195 325412 877557 553538 977703 608701 336706 623072 272383 892354 382008 630113 693459 1042322 288955 319589 389172 963967 762827 643970 598004 812429 986903 1020804 756546 1006862 682057 458706 848845 946083 752996 840167 746434 356965 995988 408371 367530 797446 586623 640583 1040700 611436 375884 1021800 978637 1059737 211554 755849 767130 486851 383736 254888 536170 286507 640566
559085 571531 247074 232996 557686 312112 490752 169004 268397 999999999 448709 421652 739902 722053 535726 497826 425001 471271 272123 861952 291706 447599 468862 316820 553121 151798 362232 411394 267043 268587 155215 358002 480397 170783 272565 629813 481583 523508 91820 297691 403061 258440 151906 880409 838040 518243 62598 699292 330470 831299 426413 87320 372286 118044 626507 336081 412867 545976 774398 87484 191647 127088 712049 531845 386069 519813 559140 719046 759217 488265 750215 499901 338790 589788 835992 484820 719399 491329 100983 766815 208477 404647 552021 502469 515610 810040 357077 219306 771766 750307 796141 227227 571546 698642 399645 296363 21980 268315 119795 373596
741767 659323 599283 308200 764106 138086 171671 366764 621516 448709 999999999 870352 994376 727309 219508 866894 25199 107858 305319 911838 407530 24488 702543 228594 989177 548322 92601 859401 197519 636865 434952 701150 468521 392383 571931 769904 912692 188371 527716 416684 821699 692434 553973 861321 854617 801925 399079 993443 630968 1155680 763273 366675 579755 562538 644476 777816 696613 901854 719932 369986 628387 360865 812498 749643 299182 933243 349057 677521 790834 469346 817703 821005 750947 408751 1199902 461849 1082371 632925 363196 942680 240261 853353 301315 914170 897157 974950 272975 248673 870342 931247 803314 672430 875962 1104293 820753 730239 440857 424297 560190 381143
672117 766512 386936 617913 645870 733401 897243 545020 381646 421652 870352 999999999 702963 935738 936294 372243 846564 886551 649271 1009897 611454 869031 570839 715082 198922 360803 783372 31404 684223 352087 486987 388754 777798 526957 448953 757821 180580 929373 348202 611192 222053 212461 349847 1080064 1018000 528919 473959 618975 449622 668566 411446 505187 562997 310439 856285 129816 488310 421331 1018543 503465 257959 524673 851087 619137 754931 265567 925245 966008 944114 786757 907944 463483 241103 938825 604141 786826 515594 674421 512269 816301 630129 17076 932898 263168 351386 860259 736558 634586 896807 798775 991882 206507 524881 405994 205436 187934 430646 579187 315507 706220
262695 392765 926054 701205 232958 887861 893248 902309 937723 739902 994376 702963 999999999 483286 894116 330749 971534 931031 692835 425560 588935 1010216 294731 766011 576662 835810 955389 671962 822194 480518 894390 390561 572990 646598 472667 279803 537190 911136 667091 579354 898499 584289 595390 549908 477329 221779 727459 96931 410895 227430 329070 749797 417964 672918 476062 603010 328631 282935 582733 803641 618135 709026 321761 244846 708130 457222 782592 557284 440026 577529 377564 256711 493668 748291 351145 584075 295737 373046 733879 171243 840157 701085 827274 451308 354523 199248 725815 893783 321666 161217 485239 739924 184360 452479 500514 572179 761879 577726 660143 620497
288041 169303 967114 541138 325779 678965 572347 827710 987131 722053 727309 935738 483286 999999999 547394 639967 712097 630375 507963 186864 437683 749938 373545 540606 902351 868573 733267 906551 631164 589479 857053 549153 271930 556603 503204 218209 832669 574955 702146 429786 1056523 736952 646085 158366 128498 458721 673516 551169 487440 710017 545527 675196 380946 731952 96439 806713 452537 626716 100874 736223 724578 618685 163508 344252 441367 783320 405708 79258 68738 267956 121843 529646 696309 350693 824208 274746 741468 261738 653302 333886 691572 925495 459919 767697 681112 339367 476610 755372 190222 334687 78602 857816 516240 866109 749280 751253 739111 455631 717955 385644
631607 519103 741365 318458 662027 267271 53746 517620 764615 535726 219508 936294 894116 547394 999999999 841034 217311 112642 289513 734224 359014 243841 622015 221781 1016369 669049 277302 918780 278054 637758 579711 677603 324446 410770 550194 637566 936472 31755 590508 364637 937136 734103 589993 665853 669650 733186 474505 913555 596533 1083652 727979 448919 510861 629642 477855 824093 641949 864605 522260 480374 679109 415328 659782 654755 203458 937028 143696 486603 614790 321524 652181 770353 766841 203180 1151211 314334 1038381 521096 435179 810256 356446 920137 89874 917472 877530 835819 207079 398272 712317 801799 618472 759821 810780 1092523 839009 768693 536741 387811 622503 286290
352700 482234 631817 559818 317098 736803 820339 666578 639443 497826 866894 372243 330749 639967 841034 999999999 841825 836899 570797 671151 483106 875908 273390 651212 269212 552993 802545 341215 671559 236861 639527 166475 576102 475402 296903 432187 213170 847049 409295 476816 571689 279117 346875 763423 694592 183896 509840 249839 244641 340520 114708 539989 341199 400195 582127 277288 212116 54248 735691 578785 330323 519157 520160 296064 637590 145910 774055 690594 629420 584135 581382 111319 180742 763817 340321 587586 222488 402953 531476 452840 658472 370403 802318 133137 41825 495228 638005 696694 555226 435870 679420 430771 155746 253803 170946 257121 518491 456685 390678 558479
719939 639998 580510 283392 741740 113586 166704 347912 602929 425001 25199 846564 971534 712097 217311 841825 999999999 104725 281339 895849 383981 39447 679219 205525 964305 527248 74374 835341 172333 611674 415791 676141 450692 367218 547022 749566 887725 187187 503274 393224 800859 667665 528951 848306 839815 777942 374688 969664 606231 1131491 738411 342400 556253 538321 627873 753248 672315 876936 707686 347238 603766 335822 793847 726915 280008 908069 340762 664173 774907 451866 800403 796436 725815 399798 1175071 444409 1057492 611544 338553 921985 216728 829581 295112 888991 872017 954740 252338 228413 852096 910344 788612 649382 851766 1079095 795671 705435 417583 400186 535801 360397
672343 576765 655615 282973 698353 172823 63937 425828 678611 471271 107858 886551 931031 630375 112642 836899 104725 999999999 266325 816407 358438 132342 645581 186324 986175 591737 168451 872082 204237 617336 491227 670569 381708 375781 540188 691476 907474 82542 538437 366327 864317 694366 550940 759452 756353 751312 413836 939179 594184 1105797 727807 384337 526156 576181 551794 783015 651300 866708 617034 404285 634247 362534 726179 686871 223151 918188 242474 576641 695561 381198 726462 778893 740363 302544 1161033 373654 1045169 561572 374846 865273 273461 869878 193649 898741 870401 894908 207023 304279 782231 855026 704940 698483 827601 1082626 812030 730927 468307 381510 571209 310546
448259 393442 509359 40060 466206 197043 257079 327240 532071 272123 305319 649271 692835 507963 289513 570797 281339 266325 999999999 675928 103929 319059 399030 80475 728079 420937 263576 630654 134622 352896 368870 404377 239104 122314 273948 489967 648435 287219 308543 113615 672098 444812 300989 662059 634340 496620 210083 688374 329297 850432 462799 195369 275662 347959 412884 534851 391646 601837 537985 248255 391377 145137 549459 449327 113998 653906 287819 484877 559757 244933 569638 517187 479360 317981 898040 239391 781306 345131 175354 657229 183813 633414 286029 634388 604080 693618 88097 247615 610360 644059 586348 483142 570739 816493 551501 479199 280231 119071 339189 123081
338694 291547 1100120 705593 364225 856297 758934 984317 1118470 861952 911838 1009897 425560 186864 734224 671151 895849 816407 675928 999999999 593738 934106 442020 717070 940346 1000940 913279 979108 804631 684839 1006224 624035 448798 705930 614198 253140 880186 761817 827175 584759 1158641 829095 763455 136182 76945 489670 820180 513867 581584 646363 599999 826805 495590 851811 268783 885828 524333 643493 238642 888503 830268 771433 159862 390761 620984 816729 592230 253767 121011 446219 111784 561537 769684 536388 776134 453444 715910 372087 805363 254383 859222 1002218 646516 804231 708723 234654 654763 922807 115959 264922 120940 966111 523961 862041 809994 835716 880935 605769 837454 557031
345854 304447 538735 118717 362634 300302 337382 391436 560096 291706 407530 611454 588935 437683 359014 483106 383981 358438 103929 593738 999999999 422156 295409 179322 664626 442826 367257 589153 236182 283426 419520 318699 189226 121344 191609 392294 584509 363969 296317 9993 668486 399856 264857 595423 559559 395257 237999 586047 238522 749772 371439 237577 172273 333376 341251 488409 292979 509717 483498 298544 357617 181021 458080 345437 156671 579239 315887 428347 482266 197353 484365 420461 415010 327561 802669 194456 687133 245981 215661 556459 271916 596775 331301 559712 518891 593993 155039 333879 519342 542814 514330 470594 470495 733653 486528 429977 306405 32329 321572 94895
759156 679363 588984 319240 780731 141434 196159 357043 610949 447599 24488 869031 1010216 749938 243841 875908 39447 132342 319059 934106 422156 999999999 717528 244281 992022 541494 86085 858918 204565 644245 425454 710684 489666 400624 582169 789013 916171 212618 528859 431488 814213 694861 558097 884802 877438 815412 400257 1007404 642029 1168550 773678 367520 594407 562816 666394 779245 709241 911909 743627 366728 630158 365473 833085 765698 319308 938874 373417 700877 813126 490717 839224 832686 755998 433048 1210374 483244 1092609 650888 365495 961417 239475 851993 325796 919918 905415 994186 291785 241551 891232 949757 826173 669330 888853 1111125 825211 732828 438629 437589 561088 399837
103854 210020 684718 406478 90101 593260 613697 622027 700409 468862 702543 570839 294731 373545 622015 273390 679219 645581 399030 442020 295409 717528 999999999 473966 529486 587658 660872 540571 527490 246383 623601 182579 320610 355082 196794 188897 459124 635019 411211 286040 718157 387657 341099 510423 447205 113905 445892 293675 147110 462065 172120 464634 123461 428086 309268 444763 82667 272482 465712 521940 394505 419629 282200 63153 425564 412473 529824 418655 374250 327574 337395 169925 329748 509308 533976 332404 426790 130507 446994 298430 547028 562231 566731 396029 315211 342284 438631 602419 332862 281682 422876 529700 191043 517588 377283 393744 490356 283038 413914 338118
515674 445403 537535 99014 536549 139281 182929 331347 560742 316820 228594 715082 766011 540606 221781 651212 205525 186324 80475 717070 179322 244281 473966 999999999 803324 457062 199804 698200 94233 431355 384151 484768 269064 192725 354327 549842 724078 214588 368737 188300 719782 515480 371173 688903 668897 574462 254704 765352 409694 928819 543234 231563 351333 407861 449105 605145 470792 682268 556648 271814 458589 193879 601396 521426 102840 732364 253039 506538 597872 272667 615026 596993 555871 295701 978218 265865 861618 408636 215837 720569 169423 698825 237353 712885 684303 754940 65450 228940 661291 708291 619083 538695 649311 896307 627824 551020 320026 198415 400788 162832
618076 739050 575435 704488 584152 851329 984934 701312 573025 553121 989177 198922 576662 902351 1016369 269212 964305 986175 728079 940346 664626 992022 529486 803324 999999999 532443 909173 181747 793702 381211 651610 369967 800058 610895 476749 699730 80127 1015298 465120 661396 418796 297323 436384 1031038 962946 452255 592601 483204 450362 495709 357484 625583 565229 435104 837025 218121 454834 301421 995151 640320 363038 629078 788865 561450 819670 123895 977776 947273 896170 808760 849792 379683 249919 979242 413974 810680 339611 653066 626527 716754 754441 209640 995927 136345 232373 757448 809605 772414 824409 700339 945991 376058 420349 209742 178100 259246 567664 633285 434104 754242
684842 713251 99198 381151 677759 421514 620601 191366 118558 151798 548322 360803 835810 868573 669049 552993 527248 591737 420937 1000940 442826 541494 587658 457062 532443 999999999 456228 361863 391868 355899 127679 445255 631839 322377 393207 761001 474649 653185 176653 448451 273734 276741 246825 1026681 981483 616283 211457 781598 441687 893509 508570 227114 505969 163136 773826 321635 520455 605906 924250 188805 223332 276236 847224 650513 534241 533999 705487 868801 902469 639782 889249 582995 374513 738871 875125 636437 764113 628853 245870 884935 318295 344372 694365 519991 559999 929341 503353 299986 905516 867772 941229 157191 656918 710370 415743 307008 140794 418246 176410 525349
711442 645156 506837 255195 729776 67867 224033 274260 529142 362232 92601 783372 955389 733267 277302 802545 74374 168451 263576 913279 367257 86085 660872 199804 909173 456228 999999999 773626 134475 568334 342388 638888 464528 328015 512601 749064 834046 249522 444904 377053 729389 611852 477317 876117 861741 753464 316642 946297 574151 1103905 703649 283714 537465 478150 644540 695252 645239 840705 738575 280707 546605 286386 801038 712627 292362 859490 386131 691911 793134 467095 813225 765619 676042 442603 1139615 459920 1021483 606452 283220 918818 154959 766322 346011 840729 830494 953932 258865 156311 860752 906126 811128 583277 824904 1033409 744356 649936 352814 377946 476883 362517
641545 737413 395790 600348 615001 721891 880820 541950 392254 411394 859401 31404 671962 906551 918780 341215 835341 872082 630654 979108 589153 858918 540571 698200 181747 361863 773626 999999999 670906 325140 486234 358782 752687 508453 422831 727218 153938 912746 333937 588525 246522 189299 330023 1050170 987774 497595 461309 588442 421239 640968 380322 493120 535340 297314 827882 102881 458133 390647 990094 495066 239684 509614 820433 588353 734717 237933 903905 937813 914151 761646 877495 432080 211005 916056 580051 761900 488909 645491 499002 784900 619542 31345 912941 234463 321039 828855 717444 627042 865862 767376 962069 205137 493579 384943 174035 161870 421788 556833 301122 683695
581951 526339 463596 121101 598499 66677 228758 245253 486867 267043 197519 684223 822194 631164 278054 671559 172333 204237 134622 804631 236182 204565 527490 94233 793702 391868 134475 670906 999999999 439777 303623 506746 359246 196164 379202 624553 716526 261318 337026 246127 662435 498061 357575 781273 759043 619021 210409 811876 440227 969551 570599 180250 404279 373885 538177 585056 510772 708311 650286 203088 435498 164631 682612 580444 196971 735748 339057 599671 686567 363522 700310 631595 553656 385934 1007071 356998 889103 479712 171983 791666 80797 667430 315141 716661 700856 828222 159469 135810 743266 778362 709757 494265 690457 906958 623777 535505 264349 244470 369831 247603
349674 420585 448688 334844 334217 503730 609441 437072 462223 268587 636865 352087 480518 589479 637758 236861 611674 617336 352896 684839 283426 644245 246383 431355 381211 355899 568334 325140 439777 999999999 418876 90816 430014 244832 99117 433095 301104 638733 187765 280224 473890 147502 117524 739261 681843 260384 273862 432386 103738 563334 158196 303427 211510 192767 506257 222451 169663 280875 668402 344964 148473 283126 525322 306145 438907 301054 597241 615167 605025 438942 576758 232370 131989 601665 577075 439740 459016 328078 294614 535396 422025 340110 614725 281556 262341 580374 430685 459975 578384 517870 650722 283320 305223 467614 203126 164305 290194 252216 179732 373621
712091 714698 164964 329581 712029 318404 528323 68438 187697 155215 434952 486987 894390 857053 579711 639527 415791 491227 368870 1006224 419520 425454 623601 384151 651610 127679 342388 486234 303623 418876 999999999 509406 600831 301193 427650 780418 588952 560024 232160 427274 391293 376589 301406 1014931 977361 672623 186125 851186 485615 977486 577022 181963 523378 240042 760661 435943 567953 689993 900206 121984 313905 238564 859991 686465 475191 640900 637178 845651 899218 607792 894933 651231 469056 678137 972446 603176 857977 638980 203898 921125 223526 470347 617781 625323 652686 964071 440242 188213 920386 904748 933216 281203 723756 819614 520269 411315 133435 402276 248892 486817
285341 380722 536365 393599 263025 572496 655170 525693 548916 358002 701150 388754 390561 549153 677603 166475 676141 670569 404377 624035 318699 710684 182579 484768 369967 445255 638888 358782 506746 90816 509406 999999999 431498 310935 130441 370978 293266 682448 278579 312979 540412 209913 208011 691388 629376 172332 358305 341783 83322 476896 68824 386107 195389 282386 474637 262184 99917 201842 635900 431558 230424 358980 464397 235240 474539 267500 618876 585295 555382 440074 519970 141952 147787 614459 500757 442395 382596 290173 374981 455115 498484 379815 643433 248466 200419 500251 473042 541085 513189 437403 603308 360107 214448 414955 202273 212046 379777 291226 269733 398685
310561 196064 727135 274935 343799 407965 332463 564628 748727 480397 468521 777798 572990 271930 324446 576102 450692 381708 239104 448798 189226 489666 320610 269064 800058 631839 464528 752687 359246 430014 600831 431498 999999999 309621 330957 313492 721639 344952 482838 184360 853853 565829 443059 423501 399985 434475 424706 601066 349751 772606 462288 420085 237091 518547 180231 649914 364204 586706 299859 478848 533371 363958 344801 340743 172465 698123 211632 246077 329011 8960 349940 485452 558862 189133 853824 11793 747372 202837 398290 486822 421380 764379 254308 679387 616690 514363 206001 485029 401929 477829 350516 654399 511135 828727 625901 590833 494292 216253 505989 116074
428524 414460 417600 93718 436389 261589 375317 280143 439116 170783 392383 526957 646598 556603 410770 475402 367218 375781 122314 705930 121344 400624 355082 192725 610895 322377 328015 508453 196164 244832 301193 310935 309621 999999999 185449 488331 531889 406488 188844 127952 558125 323454 179235 714783 676180 433967 117077 626246 248175 778837 375773 120952 238491 227990 460373 413379 323867 512713 604797 182639 269072 67207 562947 414159 231189 543887 405008 549599 598031 317482 595042 439345 364638 428505 811611 314068 693505 343265 99801 641488 194447 511109 407294 524564 504877 682113 209869 247439 623921 626314 632293 364767 501721 712444 436249 358547 185069 101133 218366 204383
291648 336690 491369 263871 286375 445504 525919 430198 508176 272565 571931 448953 472667 503204 550194 296903 547022 540188 273948 614198 191609 582169 196794 354327 476749 393207 512601 422831 379202 99117 427650 130441 330957 185449 999999999 368782 396944 553771 216636 186995 553389 239434 149549 656784 603454 253785 254826 443807 63606 593575 191517 277555 122434 238008 415949 319952 144194 329924 577172 331070 221392 240816 457253 259933 348278 387700 501138 523048 525177 339892 503550 253934 229749 503483 628205 340638 510490 245850 262623 495204 378155 436297 521247 368187 330342 538912 344296 426269 514136 478476 568661 355504 317742 543830 299375 261122 294229 162456 223637 277829
85744 119234 859644 510874 115635 684981 645249 767779 876811 629813 769904 757821 279803 218209 637566 432187 749566 691476 489967 253140 392294 789013 188897 549842 699730 761001 749064 727218 624553 433095 780418 370978 313492 488331 368782 999999999 635008 658443 584943 382390 906367 576286 518134 331351 263711 248336 595579 336604 330646 501226 350272 607678 257529 606507 196325 632958 271210 413312 318793 668561 579878 555531 93423 139973 471501 577741 514561 284568 197502 316059 151166 320869 517134 474857 609035 323298 523450 146591 587443 173825 663957 749777 562902 563544 472154 205249 497229 725146 145799 164339 247566 715654 299504 649306 560038 582577 650134 394820 592148 389285
551648 667399 527548 625359 519499 775121 905396 635043 527895 481583 912692 180580 537190 832669 936472 213170 887725 907474 648435 880186 584509 916171 459124 724078 80127 474649 834046 153938 716526 301104 588952 293266 721639 531889 396944 635008 999999999 935640 391902 581308 400426 223479 358952 965471 898719 390520 518018 448215 372304 488058 287313 551019 487880 364158 764287 153325 381904 254791 923742 569056 290114 552041 725842 495456 739554 85530 897841 874838 829843 730385 785937 319049 169826 899828 427241 732151 335131 579756 550920 666001 679716 185238 915809 86455 183008 708255 729639 700373 764617 649040 879351 321905 368718 239235 97981 185353 497259 553159 361865 674271
649135 540623 722845 313117 678490 244398 32772 496691 746036 523508 188371 929373 911136 574955 31755 847049 187187 82542 287219 761817 363969 212618 635019 214588 1015298 653185 249522 912746 261318 638733 560024 682448 344952 406488 553771 658443 935640 999999999 582181 370280 923077 729795 585476 695665 698128 745025 463167 927686 602419 1097069 734850 436289 521230 621022 503229 819572 651190 872373 552186 464395 673167 405961 683733 670104 211528 939093 173487 515568 641959 342647 677951 779694 766433 233426 1161426 335309 1047663 538224 423732 831686 337736 913040 120415 919539 882780 858263 209495 376271 737164 822781 646856 749118 822425 1097290 838600 765034 523317 391434 614506 297330
508226 542248 274771 273884 501296 389694 549845 258046 291945 91820 527716 348202 667091 702146 590508 409295 503274 538437 308543 827175 296317 528859 411211 368737 465120 176653 444904 333937 337026 187765 232160 278579 482838 188844 216636 584943 391902 582181 999999999 299566 372210 168431 71930 859284 810958 445765 128667 619975 265888 745710 345460 161342 331585 39430 609250 250402 345965 458765 764635 178595 102089 176579 672089 474167 419817 428090 593820 709207 732004 491372 715739 419922 247040 616539 745902 489243 629868 455473 165314 708931 289948 331611 594570 410682 425361 753190 396630 308640 729857 691863 772578 176077 492972 606846 308136 206592 110681 266973 32816 388121
335883 295136 544765 128682 352783 310158 344110 400061 565989 297691 416684 611192 579354 429786 364637 476816 393224 366327 113615 584759 9993 431488 286040 188300 661396 448451 377053 588525 246127 280224 427274 312979 184360 127952 186995 382390 581308 370280 299566 999999999 671533 399250 265880 587687 551173 386567 244924 577069 232175 741158 364694 245420 163072 336202 333386 487411 284973 502709 476949 306584 358393 188957 448509 335712 161670 574683 317792 421702 473715 192652 475207 412722 412045 327636 795011 190078 679704 236043 223540 546467 281739 596659 334745 555176 512940 584015 161929 343597 509775 532822 506206 473146 462031 727885 483339 428799 312808 32926 324164 95205
821997 889805 239791 634148 802856 695030 890340 459226 223477 403061 821699 222053 898499 1056523 937136 571689 800859 864317 672098 1158641 668486 814213 718157 719782 418796 273734 729389 246522 662435 473890 391293 540412 853853 558125 553389 906367 400426 923077 372210 671533 999999999 330903 413971 1209882 1154666 703140 465495 821522 577455 886042 582538 488663 675796 335417 967823 295515 637479 624298 1127362 460079 332009 528824 998986 774863 785780 483708 959908 1072422 1077120 862501 1050595 646552 407585 986503 826058 860667 735090 798161 503992 992424 591237 215307 954868 478758 558349 1037406 758771 573082 1051018 974663 1121576 200265 715136 627511 401037 331408 400465 638796 347864 760108
491504 568086 352700 416684 471958 554436 698388 416405 360635 258440 692434 212461 584289 736952 734103 279117 667665 694366 444812 829095 399856 694861 387657 515480 297323 276741 611852 189299 498061 147502 376589 209913 565829 323454 239434 576286 223479 729795 168431 399250 330903 999999999 144321 886570 828487 376917 295289 518577 250621 618755 257808 328279 357945 142047 653052 90054 306608 332972 815003 345914 66793 333645 669261 443961 546495 264945 714802 761391 752046 574785 722227 327669 98590 726828 599016 574705 487380 475576 329409 664158 457130 198621 724824 248898 283471 709272 530580 476928 720454 646410 798025 155699 400273 444136 143997 38184 274819 367535 138647 494407
439684 482569 343635 272363 431183 416764 554072 320873 359641 151906 553973 349847 595390 646085 589993 346875 528951 550940 300989 763455 264857 558097 341099 371173 436384 246825 477317 330023 357575 117524 301406 208011 443059 179235 149549 518134 358952 585476 71930 265880 413971 144321 999999999 801787 750731 373940 166492 549783 194862 679410 275720 198551 269074 88460 555361 234157 274258 394290 713821 232097 92965 193146 606794 403817 405087 382767 575874 658737 672063 451873 652543 349831 199040 591995 686247 450689 569048 393444 194721 638110 324742 334474 583130 364284 366735 682527 387449 354447 663615 620953 714234 213726 422418 558876 267155 180110 173232 233111 74088 359616
413829 320112 1125312 696450 446886 825383 698206 984400 1145237 880409 861321 1080064 549908 158366 665853 763423 848306 759452 662059 136182 595423 884802 510423 688903 1031038 1026681 876117 1050170 781273 739261 1014931 691388 423501 714783 656784 331351 965471 695665 859284 587687 1209882 886570 801787 999999999 72820 579527 831753 633005 635975 774601 679114 833000 534382 888352 254409 952307 592315 742442 143683 893849 877952 776436 245387 470084 587386 909069 522241 184359 136175 418434 183391 652130 839170 462781 900900 424662 832984 411855 811083 380964 844870 1070718 576052 894886 803126 366960 623867 908529 228474 388953 88546 1012214 625455 971843 887388 898442 897474 613885 874259 539066
347906 268710 1080544 666492 379271 807390 697248 950858 1099823 838040 854617 1018000 477329 128498 669650 694592 839815 756353 634340 76945 559559 877438 447205 668897 962946 981483 861741 987774 759043 681843 977361 629376 399985 676180 603454 263711 898719 698128 810958 551173 1154666 828487 750731 72820 999999999 510816 792350 560188 578139 702455 613496 796107 481777 838284 221475 891254 529691 672130 162959 857548 823461 739902 174786 403475 569862 840436 526518 184027 79021 396235 113211 583457 776897 469163 828227 403092 760267 357626 774339 308985 818139 1009188 580888 826646 733870 296988 605042 881948 155745 316542 51415 958639 554476 899886 822764 838549 856014 575087 824044 512707
170684 307761 708425 498466 133688 685602 722567 681582 721195 518243 801925 528919 221779 458721 733186 183896 777942 751312 496620 489670 395257 815412 113905 574462 452255 616283 753464 497595 619021 260384 672623 172332 434475 433967 253785 248336 390520 745025 445765 386567 703140 376917 373940 579527 510816 999999999 507642 192914 190797 354653 120644 531266 225200 453150 407867 412779 110273 168557 556192 583551 402652 493502 336611 114962 534251 329640 643629 513566 445697 441380 397621 72644 296584 623029 420299 446269 313068 240067 516364 289748 628407 523338 679962 315914 223875 334543 544505 679068 374126 272018 495731 530413 77678 411992 324613 371749 540222 377824 440048 447698
529679 528692 303307 170694 532376 261103 430468 176154 325412 62598 399079 473959 727459 673516 474505 509840 374688 413836 210083 820180 237999 400257 445892 254704 592601 211457 316642 461309 210409 273862 186125 358305 424706 117077 254826 595579 518018 463167 128667 244924 465495 295289 166492 831753 792350 507642 999999999 694627 316916 835184 427041 33005 339589 163995 577354 378997 398858 554735 721435 76316 229994 64965 674085 507880 323896 548123 496678 666331 713959 432293 708837 498077 364543 528004 850102 428448 732315 453159 39436 740759 161841 457127 489466 529914 531984 782919 294548 188023 734608 724801 748935 286004 567080 725074 430411 333416 70788 217886 161116 315179
295900 437800 867642 691214 258917 878431 907010 865896 877557 699292 993443 618975 96931 551169 913555 249839 969664 939179 688374 513867 586047 1007404 293675 765352 483204 781598 946297 588442 811876 432386 851186 341783 601066 626246 443807 336604 448215 927686 619975 577069 821522 518577 549783 633005 560188 192914 694627 999999999 380218 171585 274583 719861 414236 620729 529851 526783 302440 198009 651933 769695 559644 684532 395463 260442 719075 366083 812696 620889 515298 606758 454827 200053 423480 784397 273039 612643 202287 398304 705990 261985 820574 618375 853587 361799 267727 294040 732179 870060 404980 249495 562755 673711 127819 356017 420699 501969 721157 569957 608900 631453
248540 318210 538142 322875 236908 506757 575867 491414 553538 330470 630968 449622 410895 487440 596533 244641 606231 594184 329297 581584 238522 642029 147110 409694 450362 441687 574151 421239 440227 103738 485615 83322 349751 248175 63606 330646 372304 602419 265888 232175 577455 250621 194862 635975 578139 190797 316916 380218 999999999 530681 133629 340546 116474 281157 406679 320009 82507 272613 568926 392938 249234 304418 422315 209289 393149 350657 535566 516585 501459 358428 473140 191494 214815 531460 569167 360460 452098 225704 325999 443248 441516 438736 560519 331537 281132 487684 393509 489873 476299 426100 547429 385018 254183 496366 277873 263861 352369 212835 267044 315829
466816 607250 971046 850104 430319 1036223 1075651 1000167 977703 831299 1155680 668566 227430 710017 1083652 340520 1131491 1105797 850432 646363 749772 1168550 462065 928819 495709 893509 1103905 640968 969551 563334 977486 476896 772606 778837 593575 501226 488058 1097069 745710 741158 886042 618755 679410 774601 702455 354653 835184 171585 530681 999999999 408257 862871 579653 739490 696772 603582 459338 288100 809836 907943 670746 832963 549127 431905 887393 403087 984238 782903 667423 778330 604838 339776 520167 955859 138700 784195 156100 569877 851121 393656 971478 672286 1024844 407285 337351 412794 898866 1017011 547390 386099 712318 767142 279725 310929 494648 593974 852624 731393 729348 800128
265614 381585 597303 455090 235949 636774 708774 594363 608701 426413 763273 411446 329070 545527 727979 114708 738411 727807 462799 599999 371439 773678 172120 543234 357484 508570 703649 380322 570599 158196 577022 68824 462288 375773 191517 350272 287313 734850 345460 364694 582538 257808 275720 679114 613496 120644 427041 274583 133629 408257 999999999 454621 226624 346687 479911 292653 100095 139038 637676 500382 289122 426192 442616 210319 524552 242383 659346 589946 543188 470430 501419 74651 176097 649508 436701 473695 319111 296850 443127 410312 565471 404988 687845 225175 154509 455158 526468 609173 485965 392569 592490 412576 148404 368511 210045 251190 448126 346393 334600 444364
544770 535379 313994 155318 549575 228851 403525 160123 336706 87320 366675 505187 749797 675196 448919 539989 342400 384337 195369 826805 237577 367520 464634 231563 625583 227114 283714 493120 180250 303427 181963 386107 420085 120952 277555 607678 551019 436289 161342 245420 488663 328279 198551 833000 796107 531266 33005 719861 340546 862871 454621 999999999 354106 195933 578782 411740 421705 584073 718859 61700 262892 56608 683620 525840 307679 580705 478373 664131 718223 427285 715979 524691 397048 512548 880310 422957 762359 463455 21942 756959 128860 488295 468227 562427 562950 798483 276267 156814 744508 741315 751559 314238 592658 757383 463239 366412 88463 221316 193614 307562
190674 214330 605042 283398 198339 469901 497972 513888 623072 372286 579755 562997 417964 380946 510861 341199 556253 526156 275662 495590 172273 594407 123461 351333 565229 505969 537465 535340 404279 211510 523378 195389 237091 238491 122434 257529 487880 521230 331585 163072 675796 357945 269074 534382 481777 225200 339589 414236 116474 579653 226624 354106 999999999 356992 295122 433184 132338 357150 457077 413928 343787 304960 341359 177522 309875 461117 433335 403673 403256 245503 384202 259946 331030 423054 640406 248254 527750 124380 334872 403247 426787 551384 463994 442459 381069 444420 319305 484027 400226 387914 446322 477842 301920 594867 394194 375627 392627 159828 342687 224570
527609 569819 257344 313283 518035 424783 588625 275058 272383 118044 562538 310439 672918 731952 629642 400195 538321 576181 347959 851811 333376 562816 428086 407861 435104 163136 478150 297314 373885 192767 240042 282386 518547 227990 238008 606507 364158 621022 39430 336202 335417 142047 88460 888352 838284 453150 163995 620729 281157 739490 346687 195933 356992 999999999 640097 218126 358305 451464 796972 205246 75872 215143 695253 490446 459080 406198 632998 741652 759499 527167 740806 421300 229600 655161 732536 525271 617937 481359 201902 723806 323382 293718 633987 389567 412644 768448 436050 337348 752036 706507 801108 137558 495075 585449 285312 179450 133106 303419 14372 425952
242121 100240 872120 445389 281750 588146 496847 731377 892354 626507 644476 856285 476062 96439 477855 582127 627873 551794 412884 268783 341251 666394 309268 449105 837025 773826 644540 827882 538177 506257 760661 474637 180231 460373 415949 196325 764287 503229 609250 333386 967823 653052 555361 254409 221475 407867 577354 529851 406679 696772 479911 578782 295122 640097 999999999 726600 382462 575895 162269 639787 636544 522260 185797 293861 352213 721554 341774 110683 148790 177449 174960 475013 619598 293373 800231 184662 707963 184697 556883 350643 596673 845231 394363 704845 623882 367892 386221 660483 234789 346504 173883 768267 473914 819832 676729 669820 643316 359503 626256 291329
547239 637422 379412 506460 522980 639734 788073 483636 382008 336081 777816 129816 603010 806713 824093 277288 753248 783015 534851 885828 488409 779245 444763 605145 218121 321635 695252 102881 585056 222451 435943 262184 649914 413379 319952 632958 153325 819572 250402 487411 295515 90054 234157 952307 891254 412779 378997 526783 320009 603582 292653 411740 433184 218126 726600 999999999 362100 330689 888867 422913 149602 421250 726378 495690 636275 216165 803875 836241 816595 658872 782150 352572 116979 814606 564188 659181 460275 545169 414727 702423 540294 118792 814606 204659 268128 747065 620617 555294 774013 684718 863962 171728 419921 389339 109176 59115 349954 456084 218402 582614
